0 0 0 0 1 5.19214
0 0 0 0 1 5.22424
0 0 0 0 1 5.22307
0 0 0 0 1 5.17186
0 0 0 0 1 5.18649
0 0 0 0 1 5.25573
0 0 0 0 1 5.24125
0 0 0 0 1 5.20379
0 0 0 0 1 5.21037
0 0 0 0 1 5.32242
0 0 0 0 1 5.26409
0 0 0 0 1 5.32733
0 0 0 0 0 5.35026
0 0 0 0 1 5.28312
0 0 0 0 1 5.28847
0 0 0 0 1 5.32759
0 0 0 0 1 5.34922
0 0 0 0 1 5.31924
0 0 0 0 1 5.39461
0 0 0 0 1 5.37006
0 0 0 0 1 5.37614
0 0 0 0 0 5.39461
0 0 0 0 1 5.35242
0 0 0 0 1 5.37495
0 0 0 0 1 5.38828
0 0 0 0 1 5.38001
0 0 0 0 1 5.41921
0 0 0 0 0 5.39337
0 0 0 0 1 5.46568
0 0 0 0 1 5.48497
0 0 0 0 1 5.50862
0 0 0 0 1 5.50501
0 0 0 0 1 5.54661
0 0 0 0 1 5.49478
0 0 0 0 0 5.53543
0 0 0 0 1 5.52657
0 0 0 0 1 5.59536
0 0 0 0 0 5.60441
0 0 0 0 1 5.51788
0 0 0 0 1 5.59285
0 0 0 0 1 5.61884
0 0 0 0 1 5.616
0 0 0 0 0 5.57949
0 0 0 0 1 5.65552
0 0 0 0 1 5.61428
0 0 0 0 0 5.62291
0 0 0 0 0 5.63646
0 0 0 0 1 5.68026
0 0 0 0 1 5.67217
0 0 0 0 0 5.68695
0 0 0 0 1 5.70184
0 0 0 0 1 5.78072
0 0 0 0 1 5.77229
0 0 0 0 1 5.74143
0 0 0 0 1 5.7394
0 0 0 0 0 5.80767
0 0 0 0 1 5.80004
0 0 0 0 1 5.81514
0 0 0 0 0 5.87246
0 0 0 0 1 5.88848
0 0 0 0 1 5.93356
0 0 0 0 1 5.92675
0 0 0 0 1 5.85441
0 0 0 0 1 5.87606
0 0 0 0 1 5.91624
0 0 0 0 0 5.95665
0 0 0 0 1 5.97335
0 0 0 0 1 6.03784
0 0 0 0 1 5.95892
0 0 0 0 1 6.08416
0 0 0 0 1 6.10146
0 0 0 0 1 6.10063
0 0 0 0 1 6.07542
0 0 0 0 0 6.05586
0 0 0 0 0 6.18391
0 0 0 0 0 6.17694
0 0 0 0 1 6.15755
0 0 0 0 0 6.16327
0 0 0 0 0 6.26172
0 0 0 0 0 6.17382
0 0 0 0 0 6.20438
0 0 0 0 1 6.31664
0 0 0 0 0 6.27841
0 0 0 0 1 6.37899
0 0 0 0 1 6.35969
0 0 0 0 1 6.35293
0 0 0 0 1 6.3909
0 0 0 0 0 6.3585
0 0 0 0 1 6.44805
0 0 0 0 1 6.48016
0 0 0 0 1 6.44113
0 0 0 0 1 6.44736
0 0 0 0 1 6.47307
0 0 0 0 1 6.51858
0 0 0 0 1 6.52498
0 0 0 0 0 6.57749
0 0 0 0 1 6.57731
0 0 0 0 1 6.637
0 0 0 0 1 6.74378
0 0 0 0 1 6.73738
0 0 0 0 1 6.69718
0 0 0 0 0 6.77145
0 0 0 0 1 6.81909
0 0 0 0 1 6.86703
0 0 0 0 1 6.89473
0 0 0 0 1 6.8058
0 0 0 0 1 6.96441
0 0 0 0 1 6.87472
0 0 0 0 1 6.97208
0 0 0 0 1 6.9234
0 0 0 0 1 7.00047
0 0 0 0 0 7.07814
0 0 0 0 1 7.01472
0 0 0 0 0 7.14975
0 0 0 0 1 7.15006
0 0 0 0 1 7.19333
0 0 0 0 1 7.28003
0 0 0 0 1 7.20809
0 0 0 0 1 7.31715
0 0 0 0 1 7.37596
0 0 0 0 1 7.38364
0 0 0 0 0 7.36178
0 0 0 0 0 7.36172
0 0 0 0 1 7.50301
0 0 0 0 0 7.54814
0 0 0 0 1 7.46556
0 0 0 0 1 7.49537
0 0 0 0 1 7.59366
0 0 0 0 1 7.6163
0 0 0 0 0 7.66964
0 0 0 0 1 7.76956
0 0 0 0 1 7.70727
0 0 0 0 0 7.77673
0 0 0 0 1 7.78376
0 0 0 0 1 7.89322
0 0 0 0 1 7.95586
0 0 0 0 1 7.97912
0 0 0 0 1 8.05028
0 0 0 0 0 8.06561
0 0 0 0 1 8.09681
0 0 0 0 1 8.09539
0 0 0 0 1 8.27411
0 0 0 0 1 8.25626
0 0 0 0 0 8.26315
0 0 0 0 1 8.40261
0 0 0 0 0 8.45127
0 0 0 0 1 8.50853
0 0 0 0 1 8.44675
0 0 0 0 1 8.46961
0 0 0 0 1 8.61265
0 0 0 0 1 8.69599
0 0 0 0 0 8.73677
0 0 0 0 1 8.77758
0 0 0 0 1 8.87026
0 0 0 0 1 8.83156
0 0 0 0 1 8.87158
0 0 0 0 1 9.0457
0 0 0 0 1 9.08642
0 0 0 0 1 9.12707
0 0 0 0 1 9.20431
0 0 0 0 1 9.30891
0 0 0 0 1 9.22909
0 0 0 0 1 9.32445
0 0 0 0 1 9.39308
0 0 0 0 1 9.59296
0 0 0 0 0 9.47063
0 0 0 0 1 9.60589
0 0 0 0 1 9.8005
0 0 0 0 1 9.69413
0 0 0 0 1 9.81056
0 0 0 0 1 10.0084
0 0 0 0 1 10.0472
0 0 0 0 1 10.1661
0 0 0 0 1 10.2148
0 0 0 0 1 10.1506
0 0 0 0 0 10.4041
0 0 0 0 1 10.4942
0 0 0 0 0 10.5412
0 0 0 0 1 10.4943
0 0 0 0 1 10.7206
0 0 0 0 1 10.7668
0 0 0 0 1 10.9189
0 0 0 0 1 10.9868
0 0 0 0 1 10.9863
0 0 0 0 1 11.0844
0 0 0 0 1 11.1602
0 0 0 0 1 11.4282
0 0 0 0 1 11.3227
0 0 0 0 1 11.5453
0 0 0 0 1 11.6539
0 0 0 0 1 11.8006
0 0 0 0 1 11.86
0 0 0 0 0 11.9094
0 0 0 0 1 11.9791
0 0 0 0 1 12.3041
0 0 0 0 1 12.3624
0 0 0 0 1 12.3668
0 0 0 0 0 12.4603
0 0 0 0 1 12.791
0 0 0 0 1 12.7288
0 0 0 0 0 13.0606
0 0 0 0 1 13.2135
0 0 0 0 1 13.3008
0 0 0 0 0 13.3028
0 0 0 0 1 13.6401
0 0 0 0 1 13.6534
0 0 0 0 1 13.784
0 0 0 0 1 14.0402
0 0 0 0 1 14.0299
0 0 0 0 0 14.2687
0 0 0 0 1 14.4081
0 0 0 0 1 14.5563
0 0 0 0 1 14.7581
0 0 0 0 1 15.1165
0 0 0 0 1 15.3674
0 0 0 0 1 15.3364
0 0 0 0 1 15.5967
0 0 0 0 1 15.7481
0 0 0 0 0 15.9817
0 0 0 0 1 16.2973
0 0 0 0 1 16.6488
0 0 0 0 1 16.6055
0 0 0 0 1 17.131
0 0 0 0 0 14.7145
0 0 0 0 0 14.6359
0 0 0 0 1 14.5168
0 0 0 0 0 14.6725
0 0 0 0 1 14.4639
0 0 0 0 0 14.6661
0 0 0 0 1 14.6038
0 0 0 0 1 14.4283
0 0 0 0 1 14.6424
0 0 0 0 1 14.4074
0 0 0 0 1 14.3637
0 0 0 0 1 14.4792
0 0 0 0 1 14.318
0 0 0 0 1 14.5612
0 0 0 0 0 14.3887
0 0 0 0 0 14.4471
0 0 0 0 1 14.5033
0 0 0 0 1 14.2172
0 0 0 0 1 14.4032
0 0 0 0 1 14.2042
0 0 0 0 1 14.2922
0 0 0 0 1 14.4355
0 0 0 0 1 14.2091
0 0 0 0 1 14.3385
0 0 0 0 1 14.2844
0 0 0 0 1 14.1735
0 0 0 0 1 14.3907
0 0 0 0 1 14.0936
0 0 0 0 1 14.1687
0 0 0 0 1 14.0876
0 0 0 0 0 14.2894
0 0 0 0 1 14.4866
0 0 0 0 1 14.792
0 0 0 0 1 15.0911
0 0 0 0 1 15.5743
0 0 0 0 1 16.299
0 0 0 0 1 16.6027
0 0 0 0 1 17.311
0 0 0 0 1 17.6425
0 0 0 0 1 40.379
0 0 0 0 1 42.5001
0 0 0 0 1 43.5192
0 0 0 0 1 45.7942
0 0 0 0 1 47.5524
0 0 0 0 1 49.865
0 0 0 0 1 41.9983
0 0 0 0 1 42.6157
0 0 0 0 1 42.0915
0 0 0 0 1 41.9918
0 0 0 0 0 42.1877
0 0 0 0 1 42.4273
0 0 0 0 0 42.3291
0 0 0 0 1 42.0638
0 0 0 0 1 41.7988
0 0 0 0 1 41.7461
0 0 0 0 1 42.0737
0 0 0 0 1 45.9359
0 0 0 0 0 5.05008
0 0 0 0 0 5.05509
0 0 0 0 0 5.01501
0 0 0 0 0 4.9599
0 0 0 0 1 35.4937
0 0 0 0 1 35.349
0 0 0 0 1 35.3813
0 0 0 0 0 35.2377
0 0 0 0 1 35.1655
0 0 0 0 1 35.3761
0 0 0 0 1 35.5874
0 0 0 0 1 35.1292
0 0 0 0 1 35.3419
0 0 0 0 1 34.9908
0 0 0 0 1 35.1694
0 0 0 0 1 35.4548
0 0 0 0 1 35.5643
0 0 0 0 0 5.04006
0 0 0 0 0 5.04006
0 0 0 0 0 5.04507
0 0 0 0 0 4.96992
0 0 0 0 0 5.01501
0 0 0 0 0 4.97493
0 0 0 0 0 4.98495
0 0 0 0 0 5.04507
0 0 0 0 0 5.04507
0 0 0 0 1 94.8637
0 0 0 0 1 90.5076
0 0 0 0 1 86.1006
0 0 0 0 1 80.4009
0 0 0 0 1 23.1989
0 0 0 0 0 21.9415
0 0 0 0 1 21.3269
0 0 0 0 1 20.4242
0 0 0 0 1 20.2305
0 0 0 0 0 20.22
0 0 0 0 1 20.2502
0 0 0 0 1 20.0388
0 0 0 0 1 20.0685
0 0 0 0 1 20.0796
0 0 0 0 0 20.0709
0 0 0 0 1 20.1231
0 0 0 0 1 20.3982
0 0 0 0 0 20.3301
0 0 0 0 1 20.3433
0 0 0 0 1 20.4378
0 0 0 0 0 20.391
0 0 0 0 0 20.0809
0 0 0 0 1 20.1563
0 0 0 0 1 20.2321
0 0 0 0 1 20.4305
0 0 0 0 1 20.2615
0 0 0 0 1 20.1776
0 0 0 0 1 20.3367
0 0 0 0 1 20.374
0 0 0 0 1 34.8604
0 0 0 0 1 33.9459
0 0 0 0 0 33.5036
0 0 0 0 1 32.5308
0 0 0 0 1 32.2034
0 0 0 0 0 31.694
0 0 0 0 1 30.8075
0 0 0 0 1 30.1946
0 0 0 0 1 30.0494
0 0 0 0 0 29.2192
0 0 0 0 1 28.849
0 0 0 0 1 28.5404
0 0 0 0 1 27.8007
0 0 0 0 1 27.3352
0 0 0 0 0 27.0142
0 0 0 0 1 26.3557
0 0 0 0 1 26.0973
0 0 0 0 0 25.3997
0 0 0 0 1 25.0485
0 0 0 0 1 24.7314
0 0 0 0 1 24.2943
0 0 0 0 1 24.342
0 0 0 0 1 23.8985
0 0 0 0 0 23.2571
0 0 0 0 1 23.3174
0 0 0 0 1 22.5894
0 0 0 0 0 22.6591
0 0 0 0 1 22.0638
0 0 0 0 1 21.8359
0 0 0 0 1 21.6594
0 0 0 0 1 21.3938
0 0 0 0 1 21.0975
0 0 0 0 1 20.6245
0 0 0 0 1 20.3606
0 0 0 0 0 20.4941
0 0 0 0 1 19.8662
0 0 0 0 1 19.7921
0 0 0 0 1 19.6362
0 0 0 0 0 19.527
0 0 0 0 0 19.2816
0 0 0 0 1 18.9518
0 0 0 0 1 18.5781
0 0 0 0 1 18.6711
0 0 0 0 0 18.154
0 0 0 0 0 18.2506
0 0 0 0 1 17.9474
0 0 0 0 1 17.6922
0 0 0 0 0 17.5039
0 0 0 0 1 17.469
0 0 0 0 1 17.0699
0 0 0 0 1 17.1532
0 0 0 0 1 17.0121
0 0 0 0 1 16.8724
0 0 0 0 0 16.6241
0 0 0 0 1 16.2557
0 0 0 0 1 16.2978
0 0 0 0 1 15.9825
0 0 0 0 0 16.0303
0 0 0 0 0 15.743
0 0 0 0 1 15.7249
0 0 0 0 1 15.3944
0 0 0 0 0 15.4085
0 0 0 0 1 15.311
0 0 0 0 1 15.0495
0 0 0 0 1 14.9316
0 0 0 0 1 14.8613
0 0 0 0 1 14.6783
0 0 0 0 0 14.6048
0 0 0 0 1 14.6442
0 0 0 0 1 14.376
0 0 0 0 1 14.3333
0 0 0 0 1 14.1853
0 0 0 0 0 14.1924
0 0 0 0 1 14.0223
0 0 0 0 1 13.9504
0 0 0 0 0 13.8044
0 0 0 0 1 13.7361
0 0 0 0 1 13.6726
0 0 0 0 1 13.4828
0 0 0 0 0 13.4063
0 0 0 0 1 13.325
0 0 0 0 1 13.27
0 0 0 0 1 12.9926
0 0 0 0 1 13.0424
0 0 0 0 1 13.0132
0 0 0 0 0 12.7615
0 0 0 0 1 12.6564
0 0 0 0 1 12.6106
0 0 0 0 0 12.6397
0 0 0 0 1 12.4808
0 0 0 0 1 12.4592
0 0 0 0 1 12.3839
0 0 0 0 1 12.1662
0 0 0 0 1 12.2014
0 0 0 0 1 12.0546
0 0 0 0 1 12.0647
0 0 0 0 1 11.8952
0 0 0 0 1 11.9049
0 0 0 0 0 11.69
0 0 0 0 1 11.6527
0 0 0 0 1 11.5919
0 0 0 0 1 11.5276
0 0 0 0 1 11.5096
0 0 0 0 1 11.4374
0 0 0 0 1 11.4758
0 0 0 0 0 11.2342
0 0 0 0 1 11.2464
0 0 0 0 1 11.2167
0 0 0 0 0 11.1534
0 0 0 0 1 11.0573
0 0 0 0 1 10.9947
0 0 0 0 1 10.8636
0 0 0 0 1 10.777
0 0 0 0 1 10.7836
0 0 0 0 1 10.7728
0 0 0 0 1 10.6259
0 0 0 0 1 10.5941
0 0 0 0 1 10.6895
0 0 0 0 0 10.4777
0 0 0 0 1 10.4145
0 0 0 0 0 10.3831
0 0 0 0 1 10.3204
0 0 0 0 1 10.3305
0 0 0 0 1 10.3785
0 0 0 0 1 10.2032
0 0 0 0 1 10.2128
0 0 0 0 1 10.0901
0 0 0 0 1 10.1675
0 0 0 0 0 10.0932
0 0 0 0 1 10.0321
0 0 0 0 1 9.86901
0 0 0 0 0 9.86576
0 0 0 0 0 9.81299
0 0 0 0 1 9.92758
0 0 0 0 1 9.86743
0 0 0 0 1 9.71739
0 0 0 0 1 9.62664
0 0 0 0 1 9.63302
0 0 0 0 0 9.58847
0 0 0 0 1 9.53719
0 0 0 0 0 9.60059
0 0 0 0 1 9.53988
0 0 0 0 0 9.44858
0 0 0 0 1 9.48289
0 0 0 0 1 9.35735
0 0 0 0 0 9.41946
0 0 0 0 1 9.22731
0 0 0 0 1 9.28923
0 0 0 0 1 9.27419
0 0 0 0 0 9.13044
0 0 0 0 1 9.18003
0 0 0 0 1 9.13132
0 0 0 0 1 9.02582
0 0 0 0 1 8.99345
0 0 0 0 0 8.93417
0 0 0 0 1 8.96516
0 0 0 0 1 8.98943
0 0 0 0 1 8.94847
0 0 0 0 1 8.86329
0 0 0 0 1 8.81408
0 0 0 0 0 8.774
0 0 0 0 1 8.71656
0 0 0 0 1 8.70069
0 0 0 0 0 8.72504
0 0 0 0 1 8.66564
0 0 0 0 1 8.66127
0 0 0 0 1 8.68892
0 0 0 0 1 8.68698
0 0 0 0 1 8.53385
0 0 0 0 1 8.54701
0 0 0 0 1 8.55746
0 0 0 0 1 8.42574
0 0 0 0 1 8.51544
0 0 0 0 1 8.49201
0 0 0 0 1 8.50506
0 0 0 0 1 8.39774
0 0 0 0 1 8.46129
0 0 0 0 1 8.32969
0 0 0 0 1 8.37379
0 0 0 0 1 8.2459
0 0 0 0 0 8.28998
0 0 0 0 1 8.32
0 0 0 0 1 8.15785
0 0 0 0 1 8.12794
0 0 0 0 1 8.10104
0 0 0 0 1 8.09599
0 0 0 0 1 8.07472
0 0 0 0 0 8.11041
0 0 0 0 1 8.06497
0 0 0 0 0 8.02018
0 0 0 0 1 7.99143
0 0 0 0 1 8.05938
0 0 0 0 1 8.08691
0 0 0 0 1 8.03432
0 0 0 0 1 7.96608
0 0 0 0 0 7.89326
0 0 0 0 1 7.98166
0 0 0 0 1 7.91421
0 0 0 0 0 7.97359
0 0 0 0 1 7.85931
0 0 0 0 1 7.93437
0 0 0 0 1 7.79733
0 0 0 0 1 7.88013
0 0 0 0 1 7.79086
0 0 0 0 0 7.73787
0 0 0 0 1 7.78936
0 0 0 0 1 7.82054
0 0 0 0 1 7.74482
0 0 0 0 0 7.67266
0 0 0 0 1 7.67467
0 0 0 0 1 7.63385
0 0 0 0 1 7.67768
0 0 0 0 1 7.67984
0 0 0 0 1 7.57839
0 0 0 0 1 7.54609
0 0 0 0 1 7.65519
0 0 0 0 1 7.53949
0 0 0 0 1 7.55319
0 0 0 0 1 7.58619
0 0 0 0 0 7.53199
0 0 0 0 1 7.58357
0 0 0 0 1 7.53383
0 0 0 0 1 7.51787
0 0 0 0 1 7.41225
0 0 0 0 1 7.52776
0 0 0 0 1 7.52715
0 0 0 0 1 7.4671
0 0 0 0 0 7.4744
0 0 0 0 1 7.45193
0 0 0 0 0 7.38524
0 0 0 0 1 7.32253
0 0 0 0 1 7.44848
0 0 0 0 0 7.42293
0 0 0 0 1 7.3092
0 0 0 0 1 7.30266
0 0 0 0 0 7.38428
0 0 0 0 1 7.33346
0 0 0 0 1 7.34188
0 0 0 0 1 7.24093
0 0 0 0 1 7.24574
0 0 0 0 1 7.34526
0 0 0 0 1 7.31053
0 0 0 0 1 7.20664
0 0 0 0 1 7.19009
0 0 0 0 1 7.25747
0 0 0 0 0 7.26279
