0 0 0 0 1 5.22856
0 0 0 0 1 5.18257
0 0 0 0 1 5.25438
0 0 0 0 0 5.24499
0 0 0 0 1 5.28593
0 0 0 0 1 5.23477
0 0 0 0 0 5.24125
0 0 0 0 1 5.23007
0 0 0 0 1 5.2209
0 0 0 0 0 5.25919
0 0 0 0 1 5.24297
0 0 0 0 1 5.30087
0 0 0 0 0 5.32907
0 0 0 0 1 5.34677
0 0 0 0 1 5.30973
0 0 0 0 1 5.32759
0 0 0 0 1 5.37588
0 0 0 0 1 5.39401
0 0 0 0 0 5.30363
0 0 0 0 1 5.41293
0 0 0 0 1 5.37614
0 0 0 0 1 5.33545
0 0 0 0 1 5.35781
0 0 0 0 1 5.41277
0 0 0 0 1 5.45861
0 0 0 0 0 5.38001
0 0 0 0 1 5.45179
0 0 0 0 0 5.39881
0 0 0 0 1 5.48204
0 0 0 0 1 5.43581
0 0 0 0 1 5.43196
0 0 0 0 0 5.4611
0 0 0 0 0 5.50263
0 0 0 0 1 5.47275
0 0 0 0 1 5.50232
0 0 0 0 1 5.54316
0 0 0 0 1 5.52327
0 0 0 0 0 5.57108
0 0 0 0 1 5.57356
0 0 0 0 1 5.55378
0 0 0 0 1 5.63002
0 0 0 0 1 5.64403
0 0 0 0 1 5.63568
0 0 0 0 1 5.61608
0 0 0 0 0 5.60864
0 0 0 0 1 5.68514
0 0 0 0 1 5.66484
0 0 0 0 0 5.66889
0 0 0 0 1 5.65507
0 0 0 0 1 5.77268
0 0 0 0 0 5.76487
0 0 0 0 1 5.74627
0 0 0 0 0 5.77229
0 0 0 0 0 5.80497
0 0 0 0 1 5.83785
0 0 0 0 1 5.80767
0 0 0 0 1 5.84076
0 0 0 0 1 5.8852
0 0 0 0 0 5.79058
0 0 0 0 1 5.90021
0 0 0 0 1 5.83349
0 0 0 0 1 5.95623
0 0 0 0 1 5.90763
0 0 0 0 1 5.91168
0 0 0 0 1 5.96981
0 0 0 0 1 5.94471
0 0 0 0 1 6.02722
0 0 0 0 1 5.95373
0 0 0 0 0 6.01309
0 0 0 0 1 6.05999
0 0 0 0 0 6.07722
0 0 0 0 1 6.03986
0 0 0 0 1 6.10589
0 0 0 0 0 6.10479
0 0 0 0 1 6.09198
0 0 0 0 0 6.17694
0 0 0 0 1 6.11432
0 0 0 0 1 6.15708
0 0 0 0 1 6.19338
0 0 0 0 1 6.21748
0 0 0 0 1 6.2294
0 0 0 0 0 6.28528
0 0 0 0 1 6.3099
0 0 0 0 1 6.29688
0 0 0 0 1 6.35969
0 0 0 0 1 6.40386
0 0 0 0 1 6.33982
0 0 0 0 1 6.46746
0 0 0 0 1 6.44162
0 0 0 0 1 6.44143
0 0 0 0 0 6.53833
0 0 0 0 1 6.43436
0 0 0 0 0 6.47307
0 0 0 0 1 6.53823
0 0 0 0 1 6.52498
0 0 0 0 1 6.61707
0 0 0 0 0 6.66351
0 0 0 0 1 6.65695
0 0 0 0 1 6.61692
0 0 0 0 0 6.75078
0 0 0 0 1 6.74429
0 0 0 0 0 6.77821
0 0 0 0 1 6.7241
0 0 0 0 1 6.81934
0 0 0 0 1 6.90157
0 0 0 0 1 6.85388
0 0 0 0 1 6.86778
0 0 0 0 0 6.97857
0 0 0 0 1 6.97208
0 0 0 0 1 6.96531
0 0 0 0 1 7.0636
0 0 0 0 0 7.07814
0 0 0 0 1 7.12797
0 0 0 0 1 7.17821
0 0 0 0 1 7.17863
0 0 0 0 1 7.21487
0 0 0 0 1 7.24399
0 0 0 0 1 7.1936
0 0 0 0 1 7.30261
0 0 0 0 0 7.37596
0 0 0 0 1 7.39098
0 0 0 0 1 7.34702
0 0 0 0 0 7.45068
0 0 0 0 1 7.4732
0 0 0 0 1 7.54066
0 0 0 0 1 7.57845
0 0 0 0 1 7.48781
0 0 0 0 1 7.54045
0 0 0 0 1 7.67742
0 0 0 0 1 7.73874
0 0 0 0 1 7.76184
0 0 0 0 1 7.74608
0 0 0 0 1 7.73773
0 0 0 0 0 7.89361
0 0 0 0 1 7.90111
0 0 0 0 1 8.00346
0 0 0 0 1 8.04289
0 0 0 0 1 7.95406
0 0 0 0 1 8.06561
0 0 0 0 0 8.0806
0 0 0 0 1 8.21767
0 0 0 0 1 8.184
0 0 0 0 1 8.19028
0 0 0 0 1 8.2963
0 0 0 0 1 8.28579
0 0 0 0 1 8.36735
0 0 0 0 0 8.36503
0 0 0 0 1 8.57422
0 0 0 0 1 8.62345
0 0 0 0 1 8.61265
0 0 0 0 1 8.73926
0 0 0 0 1 8.74547
0 0 0 0 0 8.79508
0 0 0 0 1 8.77327
0 0 0 0 1 8.79609
0 0 0 0 1 8.83588
0 0 0 0 0 9.08167
0 0 0 0 1 9.05927
0 0 0 0 0 9.04509
0 0 0 0 1 9.23182
0 0 0 0 1 9.2535
0 0 0 0 1 9.33133
0 0 0 0 1 9.41807
0 0 0 0 1 9.43076
0 0 0 0 1 9.46948
0 0 0 0 1 9.5376
0 0 0 0 1 9.65406
0 0 0 0 1 9.62584
0 0 0 0 1 9.76254
0 0 0 0 0 9.76131
0 0 0 0 1 9.98859
0 0 0 0 1 9.95721
0 0 0 0 1 9.98476
0 0 0 0 0 10.0625
0 0 0 0 1 10.1609
0 0 0 0 0 10.2391
0 0 0 0 1 10.3591
0 0 0 0 0 10.5726
0 0 0 0 1 10.6632
0 0 0 0 1 10.7206
0 0 0 0 1 10.6809
0 0 0 0 0 10.8865
0 0 0 0 1 11.0087
0 0 0 0 1 11.0414
0 0 0 0 1 11.14
0 0 0 0 1 11.2724
0 0 0 0 1 11.3037
0 0 0 0 1 11.4026
0 0 0 0 1 11.6029
0 0 0 0 1 11.6888
0 0 0 0 1 11.8006
0 0 0 0 1 11.943
0 0 0 0 1 11.8616
0 0 0 0 1 12.0636
0 0 0 0 1 12.2797
0 0 0 0 1 12.3624
0 0 0 0 1 12.3295
0 0 0 0 0 12.4352
0 0 0 0 1 12.8164
0 0 0 0 1 12.857
0 0 0 0 1 12.8922
0 0 0 0 1 13.1742
0 0 0 0 1 13.3405
0 0 0 0 1 13.3965
0 0 0 0 1 13.5859
0 0 0 0 1 13.6124
0 0 0 0 1 13.7148
0 0 0 0 1 14.1242
0 0 0 0 0 14.1148
0 0 0 0 1 14.2687
0 0 0 0 1 14.582
0 0 0 0 0 14.6003
0 0 0 0 0 15.0107
0 0 0 0 1 15.1015
0 0 0 0 0 15.276
0 0 0 0 1 15.5524
0 0 0 0 1 15.7061
0 0 0 0 1 15.8748
0 0 0 0 1 16.11
0 0 0 0 1 16.1671
0 0 0 0 1 16.5499
0 0 0 0 1 16.7894
0 0 0 0 1 16.9784
0 0 0 0 1 14.5242
0 0 0 0 1 14.6067
0 0 0 0 1 14.4876
0 0 0 0 1 14.4974
0 0 0 0 1 14.5367
0 0 0 0 1 14.4769
0 0 0 0 1 14.6328
0 0 0 0 0 14.4283
0 0 0 0 1 14.512
0 0 0 0 1 14.4074
0 0 0 0 1 14.5662
0 0 0 0 1 14.5225
0 0 0 0 0 14.5489
0 0 0 0 1 14.3017
0 0 0 0 1 14.4463
0 0 0 0 1 14.4327
0 0 0 0 1 14.2302
0 0 0 0 1 14.4613
0 0 0 0 1 14.3888
0 0 0 0 1 14.4622
0 0 0 0 1 14.2206
0 0 0 0 1 14.2781
0 0 0 0 0 14.1948
0 0 0 0 1 14.31
0 0 0 0 0 14.1417
0 0 0 0 1 14.1735
0 0 0 0 0 14.1912
0 0 0 0 1 14.2217
0 0 0 0 1 14.2825
0 0 0 0 1 14.2867
0 0 0 0 1 14.261
0 0 0 0 0 14.3287
0 0 0 0 0 14.6739
0 0 0 0 1 15.3191
0 0 0 0 1 15.6995
0 0 0 0 1 16.1699
0 0 0 0 1 16.6027
0 0 0 0 0 17.1733
0 0 0 0 0 17.9096
0 0 0 0 1 40.4197
0 0 0 0 1 42.3736
0 0 0 0 1 43.957
0 0 0 0 1 45.2934
0 0 0 0 1 47.742
0 0 0 0 1 49.964
0 0 0 0 1 42.5904
0 0 0 0 1 42.6157
0 0 0 0 0 42.5986
0 0 0 0 1 41.8228
0 0 0 0 0 42.61
0 0 0 0 1 42.3428
0 0 0 0 1 42.1181
0 0 0 0 0 42.4435
0 0 0 0 1 42.3049
0 0 0 0 1 41.9569
0 0 0 0 1 42.0737
0 0 0 0 1 45.7987
0 0 0 0 0 4.99497
0 0 0 0 0 5.05509
0 0 0 0 0 5.02002
0 0 0 0 0 5.03004
0 0 0 0 1 35.5643
0 0 0 0 0 34.9609
0 0 0 0 0 35.4166
0 0 0 0 1 35.3083
0 0 0 0 1 35.5535
0 0 0 0 1 35.4114
0 0 0 0 1 35.5522
0 0 0 0 1 35.5878
0 0 0 0 1 34.9186
0 0 0 0 0 35.2377
0 0 0 0 1 35.3105
0 0 0 0 1 35.349
0 0 0 0 1 35.035
0 0 0 0 0 5.04006
0 0 0 0 0 5.00499
0 0 0 0 0 5.0601
0 0 0 0 0 4.99497
0 0 0 0 0 5.02503
0 0 0 0 0 5.01501
0 0 0 0 0 5.00499
0 0 0 0 0 5.00499
0 0 0 0 0 5.03505
0 0 0 0 0 95.819
0 0 0 0 1 90.8679
0 0 0 0 1 85.7593
0 0 0 0 1 81.5345
0 0 0 0 1 23.2222
0 0 0 0 1 21.9415
0 0 0 0 1 21.073
0 0 0 0 0 20.1004
0 0 0 0 0 19.9285
0 0 0 0 0 19.938
0 0 0 0 1 20.0688
0 0 0 0 1 20.3412
0 0 0 0 1 20.2097
0 0 0 0 1 20.2007
0 0 0 0 1 20.1718
0 0 0 0 0 20.2645
0 0 0 0 0 20.2567
0 0 0 0 1 20.3503
0 0 0 0 1 20.2016
0 0 0 0 0 20.3973
0 0 0 0 1 20.3505
0 0 0 0 1 20.3648
0 0 0 0 1 20.1563
0 0 0 0 1 20.4353
0 0 0 0 1 20.4915
0 0 0 0 0 20.5463
0 0 0 0 1 20.2591
0 0 0 0 1 20.3163
0 0 0 0 1 20.476
0 0 0 0 1 35.2796
0 0 0 0 1 33.9459
0 0 0 0 1 33.5036
0 0 0 0 1 32.6621
0 0 0 0 1 32.2034
0 0 0 0 0 31.4417
0 0 0 0 1 31.2405
0 0 0 0 1 30.5284
0 0 0 0 0 29.6921
0 0 0 0 1 29.5413
0 0 0 0 0 28.5901
0 0 0 0 1 28.2861
0 0 0 0 1 28.0507
0 0 0 0 1 27.4445
0 0 0 0 1 27.0142
0 0 0 0 1 26.3029
0 0 0 0 1 26.0714
0 0 0 0 1 25.502
0 0 0 0 1 25.0485
0 0 0 0 1 24.6817
0 0 0 0 1 24.3433
0 0 0 0 1 24.0046
0 0 0 0 1 23.9461
0 0 0 0 1 23.4913
0 0 0 0 1 23.0404
0 0 0 0 1 22.8626
0 0 0 0 1 22.5918
0 0 0 0 1 22.3075
0 0 0 0 0 21.7704
0 0 0 0 1 21.5946
0 0 0 0 1 21.4792
0 0 0 0 0 21.1817
0 0 0 0 1 20.6869
0 0 0 0 1 20.4634
0 0 0 0 1 20.4941
0 0 0 0 1 19.9865
0 0 0 0 1 19.9506
0 0 0 0 1 19.5971
0 0 0 0 1 19.4303
0 0 0 0 1 19.2433
0 0 0 0 1 18.7438
0 0 0 0 0 18.8962
0 0 0 0 1 18.6341
0 0 0 0 1 18.2272
0 0 0 0 1 18.142
0 0 0 0 1 17.7325
0 0 0 0 1 17.568
0 0 0 0 1 17.4687
0 0 0 0 1 17.4168
0 0 0 0 0 17.2594
0 0 0 0 1 17.1532
0 0 0 0 1 16.9952
0 0 0 0 1 16.7553
0 0 0 0 1 16.4255
0 0 0 0 1 16.551
0 0 0 0 1 16.3141
0 0 0 0 1 15.9664
0 0 0 0 0 16.11
0 0 0 0 0 15.9011
0 0 0 0 1 15.6466
0 0 0 0 1 15.6427
0 0 0 0 1 15.3623
0 0 0 0 1 15.2805
0 0 0 0 1 15.11
0 0 0 0 0 14.9017
0 0 0 0 1 14.8018
0 0 0 0 1 14.7816
0 0 0 0 0 14.5756
0 0 0 0 1 14.4991
0 0 0 0 1 14.2752
0 0 0 0 1 14.419
0 0 0 0 1 14.2703
0 0 0 0 0 13.9672
0 0 0 0 1 13.9385
0 0 0 0 1 13.8811
0 0 0 0 1 13.6119
0 0 0 0 1 13.7498
0 0 0 0 1 13.51
0 0 0 0 0 13.3752
0 0 0 0 1 13.433
0 0 0 0 0 13.1659
0 0 0 0 0 13.1121
0 0 0 0 0 13.1494
0 0 0 0 1 12.8997
0 0 0 0 1 12.8586
0 0 0 0 1 12.9279
0 0 0 0 1 12.5928
0 0 0 0 1 12.5979
0 0 0 0 1 12.5645
0 0 0 0 0 12.3811
0 0 0 0 1 12.4097
0 0 0 0 0 12.2364
0 0 0 0 0 12.3372
0 0 0 0 1 12.1043
0 0 0 0 1 12.1149
0 0 0 0 1 12.1127
0 0 0 0 1 12.0025
0 0 0 0 1 11.7864
0 0 0 0 1 11.69
0 0 0 0 1 11.758
0 0 0 0 1 11.6733
0 0 0 0 1 11.6201
0 0 0 0 0 11.4521
0 0 0 0 1 11.4146
0 0 0 0 1 11.4417
0 0 0 0 0 11.3584
0 0 0 0 1 11.3138
0 0 0 0 0 11.239
0 0 0 0 1 11.209
0 0 0 0 1 11.0573
0 0 0 0 1 10.8739
0 0 0 0 1 10.8308
0 0 0 0 1 10.9292
0 0 0 0 1 10.7836
0 0 0 0 1 10.676
0 0 0 0 0 10.733
0 0 0 0 1 10.5941
0 0 0 0 1 10.6789
0 0 0 0 0 10.4565
0 0 0 0 1 10.4565
0 0 0 0 1 10.5189
0 0 0 0 1 10.3516
0 0 0 0 1 10.2788
0 0 0 0 1 10.3579
0 0 0 0 1 10.3159
0 0 0 0 1 10.2128
0 0 0 0 1 10.1307
0 0 0 0 1 10.1372
0 0 0 0 0 10.1033
0 0 0 0 1 9.90208
0 0 0 0 0 9.98851
0 0 0 0 0 9.90543
0 0 0 0 0 9.93146
0 0 0 0 0 9.76048
0 0 0 0 1 9.87721
0 0 0 0 1 9.70765
0 0 0 0 1 9.65572
0 0 0 0 1 9.72954
0 0 0 0 1 9.59808
0 0 0 0 1 9.65209
0 0 0 0 1 9.60059
0 0 0 0 1 9.57785
0 0 0 0 0 9.4675
0 0 0 0 0 9.50172
0 0 0 0 0 9.43236
0 0 0 0 0 9.39146
0 0 0 0 1 9.24591
0 0 0 0 1 9.20588
0 0 0 0 1 9.3111
0 0 0 0 1 9.22239
0 0 0 0 0 9.24416
0 0 0 0 1 9.13132
0 0 0 0 1 9.16216
0 0 0 0 1 9.13836
0 0 0 0 1 8.95222
0 0 0 0 1 9.0281
0 0 0 0 0 8.88199
0 0 0 0 1 9.01092
0 0 0 0 1 8.96107
0 0 0 0 0 8.89381
0 0 0 0 1 8.74752
0 0 0 0 1 8.72536
0 0 0 0 1 8.84103
0 0 0 0 1 8.81238
0 0 0 0 1 8.64823
0 0 0 0 1 8.70466
0 0 0 0 1 8.58507
0 0 0 0 0 8.55771
0 0 0 0 1 8.6026
0 0 0 0 0 8.64978
0 0 0 0 0 8.57454
0 0 0 0 0 8.43425
0 0 0 0 1 8.52392
0 0 0 0 1 8.50893
0 0 0 0 1 8.36176
0 0 0 0 0 8.32209
0 0 0 0 0 8.43616
0 0 0 0 1 8.39653
0 0 0 0 1 8.35713
0 0 0 0 1 8.2542
0 0 0 0 1 8.34795
0 0 0 0 1 8.26222
0 0 0 0 1 8.2731
0 0 0 0 1 8.15257
0 0 0 0 0 8.24015
0 0 0 0 1 8.15312
0 0 0 0 1 8.18867
0 0 0 0 0 8.18348
0 0 0 0 0 8.16214
0 0 0 0 1 8.03635
0 0 0 0 0 8.04788
0 0 0 0 1 7.96286
0 0 0 0 1 7.96657
0 0 0 0 1 8.01031
0 0 0 0 1 8.0459
0 0 0 0 1 8.03648
0 0 0 0 1 7.88636
0 0 0 0 1 7.84291
0 0 0 0 0 7.91827
0 0 0 0 0 7.81201
0 0 0 0 1 7.79283
0 0 0 0 1 7.88362
0 0 0 0 1 7.85666
0 0 0 0 0 7.8377
0 0 0 0 1 7.80021
0 0 0 0 0 7.75826
0 0 0 0 1 7.69653
0 0 0 0 1 7.7603
0 0 0 0 1 7.65722
0 0 0 0 1 7.72861
0 0 0 0 1 7.7261
0 0 0 0 1 7.70069
0 0 0 0 1 7.64156
0 0 0 0 1 7.60895
0 0 0 0 1 7.59945
0 0 0 0 1 7.61714
0 0 0 0 1 7.6382
0 0 0 0 1 7.6138
0 0 0 0 1 7.57106
0 0 0 0 0 7.62256
0 0 0 0 1 7.58357
0 0 0 0 1 7.58646
0 0 0 0 1 7.45785
0 0 0 0 1 7.5021
0 0 0 0 0 7.49038
0 0 0 0 1 7.49731
0 0 0 0 1 7.38521
0 0 0 0 1 7.40746
0 0 0 0 0 7.35544
0 0 0 0 0 7.45191
0 0 0 0 1 7.34472
0 0 0 0 1 7.33037
0 0 0 0 1 7.40081
0 0 0 0 1 7.30183
0 0 0 0 0 7.28797
0 0 0 0 1 7.31095
0 0 0 0 1 7.2895
0 0 0 0 0 7.38576
0 0 0 0 1 7.32123
0 0 0 0 1 7.26761
0 0 0 0 1 7.21422
0 0 0 0 1 7.19426
0 0 0 0 1 7.18487
0 0 0 0 0 7.32056
0 0 0 0 1 7.25747
0 0 0 0 1 7.27724
