0 0 0 0 1 5.17653
0 0 0 0 1 5.23987
0 0 0 0 1 5.19698
0 0 0 0 1 5.23977
0 0 0 0 0 5.27023
0 0 0 0 1 5.27145
0 0 0 0 1 5.20452
0 0 0 0 1 5.24584
0 0 0 0 1 5.31563
0 0 0 0 0 5.28026
0 0 0 0 1 5.31689
0 0 0 0 0 5.25326
0 0 0 0 1 5.24961
0 0 0 0 0 5.2619
0 0 0 0 0 5.29378
0 0 0 0 1 5.34355
0 0 0 0 1 5.34388
0 0 0 0 1 5.30322
0 0 0 0 1 5.31433
0 0 0 0 1 5.39685
0 0 0 0 1 5.37614
0 0 0 0 1 5.43226
0 0 0 0 1 5.39554
0 0 0 0 1 5.39656
0 0 0 0 1 5.44779
0 0 0 0 0 5.43419
0 0 0 0 1 5.41921
0 0 0 0 1 5.39337
0 0 0 0 1 5.42749
0 0 0 0 0 5.47951
0 0 0 0 0 5.50314
0 0 0 0 0 5.43915
0 0 0 0 1 5.54661
0 0 0 0 1 5.51129
0 0 0 0 1 5.56855
0 0 0 0 1 5.57635
0 0 0 0 1 5.51772
0 0 0 0 1 5.58775
0 0 0 0 0 5.6014
0 0 0 0 1 5.60401
0 0 0 0 1 5.56293
0 0 0 0 1 5.57677
0 0 0 0 0 5.56264
0 0 0 0 0 5.62172
0 0 0 0 0 5.59735
0 0 0 0 0 5.63423
0 0 0 0 0 5.66484
0 0 0 0 1 5.72575
0 0 0 0 1 5.72348
0 0 0 0 1 5.69838
0 0 0 0 1 5.78779
0 0 0 0 0 5.78646
0 0 0 0 1 5.79534
0 0 0 0 1 5.75298
0 0 0 0 0 5.76835
0 0 0 0 1 5.83668
0 0 0 0 1 5.80586
0 0 0 0 1 5.80346
0 0 0 0 0 5.90171
0 0 0 0 0 5.84743
0 0 0 0 1 5.9159
0 0 0 0 1 5.85598
0 0 0 0 1 5.93128
0 0 0 0 1 5.89387
0 0 0 0 1 5.92219
0 0 0 0 1 5.99246
0 0 0 0 1 5.97335
0 0 0 0 1 6.04986
0 0 0 0 1 6.03717
0 0 0 0 1 6.01769
0 0 0 0 1 6.01663
0 0 0 0 1 6.12493
0 0 0 0 0 6.15464
0 0 0 0 1 6.08644
0 0 0 0 1 6.09198
0 0 0 0 0 6.17694
0 0 0 0 1 6.22549
0 0 0 0 1 6.21896
0 0 0 0 1 6.26793
0 0 0 0 1 6.22371
0 0 0 0 1 6.19812
0 0 0 0 1 6.27901
0 0 0 0 0 6.25322
0 0 0 0 0 6.25267
0 0 0 0 0 6.30263
0 0 0 0 1 6.42932
0 0 0 0 1 6.34621
0 0 0 0 1 6.46105
0 0 0 0 1 6.4931
0 0 0 0 0 6.44143
0 0 0 0 0 6.43465
0 0 0 0 1 6.49285
0 0 0 0 1 6.51875
0 0 0 0 1 6.6103
0 0 0 0 1 6.60383
0 0 0 0 1 6.58409
0 0 0 0 0 6.67014
0 0 0 0 1 6.64365
0 0 0 0 1 6.68369
0 0 0 0 1 6.69045
0 0 0 0 0 6.76449
0 0 0 0 0 6.77145
0 0 0 0 0 6.79195
0 0 0 0 1 6.75121
0 0 0 0 1 6.80581
0 0 0 0 1 6.90195
0 0 0 0 0 6.83327
0 0 0 0 1 6.86088
0 0 0 0 1 6.88858
0 0 0 0 0 7.04915
0 0 0 0 1 7.07763
0 0 0 0 0 7.10634
0 0 0 0 1 7.14921
0 0 0 0 1 7.16398
0 0 0 0 1 7.17148
0 0 0 0 1 7.20769
0 0 0 0 1 7.20074
0 0 0 0 1 7.30951
0 0 0 0 1 7.25169
0 0 0 0 1 7.25899
0 0 0 0 0 7.33226
0 0 0 0 1 7.34702
0 0 0 0 1 7.47292
0 0 0 0 0 7.48811
0 0 0 0 1 7.49573
0 0 0 0 0 7.50319
0 0 0 0 0 7.53319
0 0 0 0 1 7.54045
0 0 0 0 1 7.70797
0 0 0 0 1 7.72338
0 0 0 0 1 7.7927
0 0 0 0 1 7.69951
0 0 0 0 1 7.82353
0 0 0 0 1 7.87791
0 0 0 0 1 7.90111
0 0 0 0 1 8.00346
0 0 0 0 1 8.01897
0 0 0 0 1 7.9701
0 0 0 0 1 7.97697
0 0 0 0 1 8.11302
0 0 0 0 1 8.20137
0 0 0 0 1 8.16761
0 0 0 0 1 8.28925
0 0 0 0 1 8.23
0 0 0 0 0 8.4193
0 0 0 0 1 8.44288
0 0 0 0 1 8.52541
0 0 0 0 1 8.44675
0 0 0 0 0 8.632
0 0 0 0 0 8.64704
0 0 0 0 1 8.5662
0 0 0 0 1 8.73677
0 0 0 0 0 8.76008
0 0 0 0 1 8.85262
0 0 0 0 1 8.84929
0 0 0 0 1 9.00546
0 0 0 0 1 8.90183
0 0 0 0 1 9.10452
0 0 0 0 1 9.17261
0 0 0 0 1 9.07597
0 0 0 0 1 9.27197
0 0 0 0 1 9.23838
0 0 0 0 1 9.4368
0 0 0 0 1 9.33655
0 0 0 0 1 9.53597
0 0 0 0 1 9.64283
0 0 0 0 0 9.70223
0 0 0 0 1 9.62584
0 0 0 0 1 9.69413
0 0 0 0 1 9.90906
0 0 0 0 1 9.97867
0 0 0 0 1 9.89723
0 0 0 0 1 10.1258
0 0 0 0 1 10.225
0 0 0 0 1 10.1302
0 0 0 0 1 10.3938
0 0 0 0 0 10.4423
0 0 0 0 0 10.3735
0 0 0 0 1 10.5471
0 0 0 0 0 10.7418
0 0 0 0 1 10.638
0 0 0 0 0 10.8865
0 0 0 0 1 11.0196
0 0 0 0 0 11.0414
0 0 0 0 0 11.2178
0 0 0 0 0 11.1826
0 0 0 0 1 11.2924
0 0 0 0 1 11.4939
0 0 0 0 1 11.4761
0 0 0 0 0 11.526
0 0 0 0 1 11.7772
0 0 0 0 0 11.8719
0 0 0 0 1 11.9812
0 0 0 0 0 11.9911
0 0 0 0 1 12.0846
0 0 0 0 1 12.3009
0 0 0 0 1 12.4663
0 0 0 0 1 12.6738
0 0 0 0 1 12.588
0 0 0 0 1 12.9339
0 0 0 0 1 12.8662
0 0 0 0 1 12.9909
0 0 0 0 1 13.2478
0 0 0 0 0 13.3429
0 0 0 0 1 13.3965
0 0 0 0 0 13.7492
0 0 0 0 1 13.7978
0 0 0 0 1 13.9702
0 0 0 0 1 14.2706
0 0 0 0 1 14.3833
0 0 0 0 1 14.3791
0 0 0 0 1 14.7031
0 0 0 0 1 15.0107
0 0 0 0 0 15.1917
0 0 0 0 1 15.276
0 0 0 0 0 15.5678
0 0 0 0 1 15.6592
0 0 0 0 1 15.7481
0 0 0 0 1 16.11
0 0 0 0 1 16.1834
0 0 0 0 1 16.3685
0 0 0 0 0 16.7727
0 0 0 0 1 16.7918
0 0 0 0 0 14.6999
0 0 0 0 1 14.5043
0 0 0 0 1 14.4876
0 0 0 0 1 14.7308
0 0 0 0 1 14.5075
0 0 0 0 0 14.6661
0 0 0 0 1 14.5892
0 0 0 0 1 14.6606
0 0 0 0 1 14.512
0 0 0 0 1 14.3929
0 0 0 0 1 14.5951
0 0 0 0 1 14.3202
0 0 0 0 0 14.4046
0 0 0 0 1 14.5323
0 0 0 0 1 14.3599
0 0 0 0 0 14.519
0 0 0 0 1 14.3883
0 0 0 0 1 14.289
0 0 0 0 1 14.2167
0 0 0 0 1 14.2759
0 0 0 0 1 14.2779
0 0 0 0 0 14.2781
0 0 0 0 1 14.395
0 0 0 0 1 14.1957
0 0 0 0 1 14.2558
0 0 0 0 1 14.3589
0 0 0 0 0 14.3765
0 0 0 0 0 14.2502
0 0 0 0 1 14.2683
0 0 0 0 0 14.1303
0 0 0 0 1 14.0763
0 0 0 0 1 14.2425
0 0 0 0 1 14.6148
0 0 0 0 1 15.1215
0 0 0 0 0 15.6213
0 0 0 0 1 16.1053
0 0 0 0 1 16.5195
0 0 0 0 1 17.2249
0 0 0 0 1 17.874
0 0 0 0 0 40.4197
0 0 0 0 1 42.0363
0 0 0 0 1 43.3878
0 0 0 0 1 45.8852
0 0 0 0 1 47.6472
0 0 0 0 1 49.2219
0 0 0 0 1 42.1252
0 0 0 0 1 42.7003
0 0 0 0 1 42.0492
0 0 0 0 0 42.4565
0 0 0 0 0 41.8921
0 0 0 0 1 42.5117
0 0 0 0 0 42.5824
0 0 0 0 1 41.9372
0 0 0 0 1 42.0097
0 0 0 0 1 42.2521
0 0 0 0 0 41.8207
0 0 0 0 0 45.6157
0 0 0 0 0 5.05509
0 0 0 0 0 4.98495
0 0 0 0 0 5.0601
0 0 0 0 0 4.99998
0 0 0 0 1 35.4584
0 0 0 0 1 35.1373
0 0 0 0 0 34.958
0 0 0 0 1 35.1672
0 0 0 0 1 35.2008
0 0 0 0 1 35.5172
0 0 0 0 1 35.4464
0 0 0 0 1 35.4467
0 0 0 0 0 35.6241
0 0 0 0 1 35.3788
0 0 0 0 1 35.3105
0 0 0 0 1 34.9962
0 0 0 0 0 35.1056
0 0 0 0 0 5.01501
0 0 0 0 0 5.01501
0 0 0 0 0 5.03004
0 0 0 0 0 4.98996
0 0 0 0 0 4.9599
0 0 0 0 0 4.9599
0 0 0 0 0 4.99497
0 0 0 0 0 5.01501
0 0 0 0 0 5.03505
0 0 0 0 1 96.2967
0 0 0 0 1 89.2468
0 0 0 0 0 85.5886
0 0 0 0 1 80.4819
0 0 0 0 1 23.4083
0 0 0 0 1 21.9637
0 0 0 0 1 21.0518
0 0 0 0 1 20.0599
0 0 0 0 1 20.1097
0 0 0 0 1 20.3207
0 0 0 0 1 20.0688
0 0 0 0 1 20.3211
0 0 0 0 1 20.3509
0 0 0 0 1 20.0594
0 0 0 0 0 20.1314
0 0 0 0 1 20.0019
0 0 0 0 1 20.196
0 0 0 0 1 20.2694
0 0 0 0 1 20.404
0 0 0 0 1 20.3973
0 0 0 0 1 20.1478
0 0 0 0 1 20.446
0 0 0 0 1 20.4201
0 0 0 0 1 20.2118
0 0 0 0 1 20.2272
0 0 0 0 0 20.1598
0 0 0 0 0 20.2794
0 0 0 0 1 20.3978
0 0 0 0 1 20.4352
0 0 0 0 0 35.1748
0 0 0 0 0 34.0484
0 0 0 0 0 33.7044
0 0 0 0 1 32.5308
0 0 0 0 1 32.4929
0 0 0 0 1 31.7255
0 0 0 0 1 31.1168
0 0 0 0 1 30.3159
0 0 0 0 1 29.7218
0 0 0 0 1 29.5706
0 0 0 0 1 28.6189
0 0 0 0 0 28.4274
0 0 0 0 0 28.0507
0 0 0 0 1 27.5537
0 0 0 0 1 26.6651
0 0 0 0 1 26.2501
0 0 0 0 1 26.0454
0 0 0 0 1 25.6043
0 0 0 0 1 25.0485
0 0 0 0 0 24.9052
0 0 0 0 0 24.3433
0 0 0 0 1 24.1251
0 0 0 0 1 23.566
0 0 0 0 1 23.3274
0 0 0 0 1 23.1789
0 0 0 0 1 22.6349
0 0 0 0 1 22.5468
0 0 0 0 0 22.0195
0 0 0 0 1 21.7048
0 0 0 0 1 21.4436
0 0 0 0 1 21.4578
0 0 0 0 1 21.1607
0 0 0 0 1 20.7077
0 0 0 0 1 20.6894
0 0 0 0 1 20.4129
0 0 0 0 1 19.9665
0 0 0 0 1 19.9704
0 0 0 0 0 19.695
0 0 0 0 1 19.527
0 0 0 0 0 19.0138
0 0 0 0 1 19.0842
0 0 0 0 1 18.7465
0 0 0 0 1 18.5601
0 0 0 0 0 18.4834
0 0 0 0 1 18.0877
0 0 0 0 1 17.7683
0 0 0 0 1 17.8341
0 0 0 0 1 17.4863
0 0 0 0 1 17.2602
0 0 0 0 1 17.1388
0 0 0 0 1 16.9144
0 0 0 0 1 16.8602
0 0 0 0 1 16.6383
0 0 0 0 1 16.6738
0 0 0 0 1 16.4854
0 0 0 0 1 16.1841
0 0 0 0 1 15.9825
0 0 0 0 1 15.9824
0 0 0 0 1 15.664
0 0 0 0 1 15.5056
0 0 0 0 0 15.6427
0 0 0 0 1 15.5163
0 0 0 0 1 15.3415
0 0 0 0 1 15.0041
0 0 0 0 0 14.8717
0 0 0 0 1 14.8464
0 0 0 0 1 14.693
0 0 0 0 1 14.6925
0 0 0 0 1 14.4991
0 0 0 0 0 14.5055
0 0 0 0 1 14.2477
0 0 0 0 1 14.1002
0 0 0 0 1 14.1643
0 0 0 0 1 13.9525
0 0 0 0 1 13.9227
0 0 0 0 1 13.7356
0 0 0 0 0 13.7771
0 0 0 0 1 13.51
0 0 0 0 1 13.4425
0 0 0 0 0 13.433
0 0 0 0 1 13.3913
0 0 0 0 1 13.2305
0 0 0 0 0 13.1625
0 0 0 0 1 13.0684
0 0 0 0 0 12.8457
0 0 0 0 1 12.7231
0 0 0 0 1 12.6564
0 0 0 0 1 12.5096
0 0 0 0 0 12.5143
0 0 0 0 1 12.4061
0 0 0 0 1 12.4468
0 0 0 0 1 12.347
0 0 0 0 1 12.3127
0 0 0 0 1 12.08
0 0 0 0 1 12.0425
0 0 0 0 1 12.0527
0 0 0 0 1 12.0025
0 0 0 0 1 11.8693
0 0 0 0 1 11.7136
0 0 0 0 1 11.6293
0 0 0 0 1 11.6616
0 0 0 0 1 11.5507
0 0 0 0 1 11.5555
0 0 0 0 1 11.4603
0 0 0 0 1 11.3281
0 0 0 0 0 11.3245
0 0 0 0 1 11.2689
0 0 0 0 1 11.1385
0 0 0 0 1 11.0201
0 0 0 0 0 11.1015
0 0 0 0 1 10.9178
0 0 0 0 1 10.8855
0 0 0 0 1 10.8639
0 0 0 0 1 10.816
0 0 0 0 0 10.7728
0 0 0 0 1 10.6152
0 0 0 0 1 10.6048
0 0 0 0 1 10.6789
0 0 0 0 1 10.5093
0 0 0 0 1 10.425
0 0 0 0 1 10.498
0 0 0 0 0 10.2997
0 0 0 0 1 10.2581
0 0 0 0 0 10.224
0 0 0 0 1 10.2851
0 0 0 0 0 10.2841
0 0 0 0 0 10.0496
0 0 0 0 1 10.0161
0 0 0 0 1 10.0631
0 0 0 0 1 10.0221
0 0 0 0 1 10.0184
0 0 0 0 1 9.84593
0 0 0 0 1 9.9512
0 0 0 0 0 9.83911
0 0 0 0 1 9.74029
0 0 0 0 1 9.67844
0 0 0 0 1 9.63633
0 0 0 0 1 9.69093
0 0 0 0 1 9.67502
0 0 0 0 1 9.56591
0 0 0 0 1 9.50525
0 0 0 0 1 9.40699
0 0 0 0 1 9.47695
0 0 0 0 1 9.45464
0 0 0 0 1 9.32922
0 0 0 0 1 9.35411
0 0 0 0 1 9.2087
0 0 0 0 0 9.20588
0 0 0 0 1 9.28342
0 0 0 0 1 9.27756
0 0 0 0 0 9.24416
0 0 0 0 1 9.09483
0 0 0 0 1 9.17125
0 0 0 0 1 9.00251
0 0 0 0 1 9.05148
0 0 0 0 1 8.90221
0 0 0 0 1 9.0342
0 0 0 0 0 8.84141
0 0 0 0 1 8.95218
0 0 0 0 1 8.91152
0 0 0 0 1 8.8711
0 0 0 0 1 8.76934
0 0 0 0 1 8.75332
0 0 0 0 1 8.70757
0 0 0 0 1 8.64823
0 0 0 0 1 8.72202
0 0 0 0 1 8.71488
0 0 0 0 1 8.54909
0 0 0 0 1 8.52525
0 0 0 0 1 8.63265
0 0 0 0 1 8.58308
0 0 0 0 0 8.57042
0 0 0 0 1 8.49847
0 0 0 0 0 8.46664
0 0 0 0 0 8.4882
0 0 0 0 1 8.45658
0 0 0 0 1 8.36914
0 0 0 0 1 8.37982
0 0 0 0 0 8.30713
0 0 0 0 1 8.38707
0 0 0 0 1 8.29826
0 0 0 0 0 8.17143
0 0 0 0 1 8.28956
0 0 0 0 0 8.25109
0 0 0 0 1 8.10922
0 0 0 0 1 8.20209
0 0 0 0 1 8.07472
0 0 0 0 1 8.11041
0 0 0 0 1 8.17024
0 0 0 0 1 8.05252
0 0 0 0 1 8.05594
0 0 0 0 1 8.07547
0 0 0 0 1 8.09493
0 0 0 0 1 7.9543
0 0 0 0 1 7.9102
0 0 0 0 0 8.00466
0 0 0 0 1 7.93401
0 0 0 0 1 7.89045
0 0 0 0 1 7.91827
0 0 0 0 0 7.85931
0 0 0 0 1 7.82428
0 0 0 0 1 7.81302
0 0 0 0 1 7.76275
0 0 0 0 1 7.86892
0 0 0 0 1 7.82358
0 0 0 0 1 7.82045
0 0 0 0 1 7.81279
0 0 0 0 0 7.7603
0 0 0 0 1 7.69581
0 0 0 0 1 7.69008
0 0 0 0 0 7.61079
0 0 0 0 1 7.61632
0 0 0 0 1 7.6875
0 0 0 0 0 7.57839
0 0 0 0 1 7.57658
0 0 0 0 1 7.67041
0 0 0 0 1 7.51671
0 0 0 0 0 7.62138
0 0 0 0 1 7.63913
0 0 0 0 1 7.60746
0 0 0 0 0 7.47813
0 0 0 0 1 7.45112
0 0 0 0 1 7.54038
0 0 0 0 0 7.41974
0 0 0 0 1 7.52776
0 0 0 0 1 7.51969
0 0 0 0 0 7.40009
0 0 0 0 0 7.4744
0 0 0 0 1 7.36287
0 0 0 0 1 7.4445
0 0 0 0 1 7.32253
0 0 0 0 1 7.30823
0 0 0 0 1 7.4303
0 0 0 0 1 7.36808
0 0 0 0 1 7.41286
0 0 0 0 1 7.30362
0 0 0 0 1 7.36276
0 0 0 0 1 7.30532
0 0 0 0 0 7.30663
0 0 0 0 1 7.31135
0 0 0 0 1 7.20694
0 0 0 0 1 7.24512
0 0 0 0 1 7.29373
0 0 0 0 1 7.21908
0 0 0 0 1 7.21405
0 0 0 0 0 7.27001
