0 0 0 0 1 5.17133
0 0 0 0 1 5.17216
0 0 0 0 1 5.16568
0 0 0 0 1 5.25022
0 0 0 0 1 5.20219
0 0 0 0 1 5.20333
0 0 0 0 0 5.22551
0 0 0 0 0 5.20379
0 0 0 0 1 5.28405
0 0 0 0 1 5.24338
0 0 0 0 0 5.32745
0 0 0 0 1 5.31674
0 0 0 0 1 5.28139
0 0 0 0 1 5.28842
0 0 0 0 1 5.30973
0 0 0 0 1 5.29565
0 0 0 0 1 5.37055
0 0 0 0 1 5.29787
0 0 0 0 1 5.3732
0 0 0 0 0 5.40757
0 0 0 0 0 5.41374
0 0 0 0 1 5.4215
0 0 0 0 0 5.40632
0 0 0 0 1 5.45058
0 0 0 0 0 5.4532
0 0 0 0 0 5.46669
0 0 0 0 0 5.48437
0 0 0 0 1 5.39881
0 0 0 0 1 5.46568
0 0 0 0 0 5.41395
0 0 0 0 1 5.49219
0 0 0 0 1 5.43915
0 0 0 0 1 5.53562
0 0 0 0 1 5.5168
0 0 0 0 1 5.50784
0 0 0 0 1 5.47678
0 0 0 0 0 5.57872
0 0 0 0 1 5.54331
0 0 0 0 1 5.61253
0 0 0 0 1 5.54261
0 0 0 0 1 5.55734
0 0 0 0 1 5.58798
0 0 0 0 1 5.60197
0 0 0 0 1 5.62172
0 0 0 0 1 5.69327
0 0 0 0 1 5.71342
0 0 0 0 1 5.63079
0 0 0 0 1 5.69163
0 0 0 0 1 5.67217
0 0 0 0 0 5.76696
0 0 0 0 1 5.69611
0 0 0 0 1 5.68887
0 0 0 0 0 5.73773
0 0 0 0 1 5.72988
0 0 0 0 1 5.75098
0 0 0 0 1 5.85989
0 0 0 0 1 5.77677
0 0 0 0 1 5.87936
0 0 0 0 1 5.86077
0 0 0 0 1 5.88262
0 0 0 0 1 5.92767
0 0 0 0 1 5.95623
0 0 0 0 1 5.8958
0 0 0 0 1 5.99477
0 0 0 0 1 5.98766
0 0 0 0 1 5.96262
0 0 0 0 1 5.93146
0 0 0 0 1 5.97776
0 0 0 0 1 6.00105
0 0 0 0 1 5.98144
0 0 0 0 1 6.02875
0 0 0 0 1 6.09455
0 0 0 0 0 6.15464
0 0 0 0 1 6.14761
0 0 0 0 1 6.09198
0 0 0 0 1 6.10927
0 0 0 0 1 6.15138
0 0 0 0 1 6.17564
0 0 0 0 1 6.23687
0 0 0 0 1 6.19877
0 0 0 0 1 6.20438
0 0 0 0 1 6.28528
0 0 0 0 1 6.28471
0 0 0 0 1 6.27162
0 0 0 0 1 6.40408
0 0 0 0 1 6.41023
0 0 0 0 0 6.44197
0 0 0 0 1 6.39695
0 0 0 0 0 6.4738
0 0 0 0 1 6.46725
0 0 0 0 1 6.46705
0 0 0 0 1 6.54485
0 0 0 0 1 6.4796
0 0 0 0 1 6.57754
0 0 0 0 1 6.52498
0 0 0 0 1 6.56429
0 0 0 0 1 6.57731
0 0 0 0 1 6.6237
0 0 0 0 1 6.68369
0 0 0 0 1 6.71056
0 0 0 0 1 6.68372
0 0 0 0 1 6.74442
0 0 0 0 1 6.7241
0 0 0 0 1 6.80571
0 0 0 0 1 6.78529
0 0 0 0 1 6.86074
0 0 0 0 1 6.95061
0 0 0 0 1 6.96472
0 0 0 0 1 7.00687
0 0 0 0 1 6.9234
0 0 0 0 0 6.97943
0 0 0 0 1 7.12044
0 0 0 0 1 7.02888
0 0 0 0 1 7.06438
0 0 0 0 1 7.2072
0 0 0 0 1 7.19333
0 0 0 0 1 7.2584
0 0 0 0 1 7.17187
0 0 0 0 1 7.22987
0 0 0 0 1 7.33209
0 0 0 0 1 7.39098
0 0 0 0 1 7.32489
0 0 0 0 1 7.47292
0 0 0 0 0 7.51046
0 0 0 0 0 7.55563
0 0 0 0 1 7.50319
0 0 0 0 1 7.55588
0 0 0 0 0 7.58606
0 0 0 0 1 7.70797
0 0 0 0 1 7.7157
0 0 0 0 1 7.72326
0 0 0 0 0 7.80041
0 0 0 0 1 7.87033
0 0 0 0 1 7.82299
0 0 0 0 1 7.84591
0 0 0 0 0 7.86068
0 0 0 0 1 7.95521
0 0 0 0 1 8.00217
0 0 0 0 0 8.01726
0 0 0 0 0 8.03197
0 0 0 0 1 8.128
0 0 0 0 1 8.16761
0 0 0 0 1 8.32224
0 0 0 0 1 8.35432
0 0 0 0 1 8.29414
0 0 0 0 1 8.35056
0 0 0 0 1 8.50009
0 0 0 0 1 8.42976
0 0 0 0 1 8.6149
0 0 0 0 1 8.64704
0 0 0 0 1 8.73926
0 0 0 0 1 8.71936
0 0 0 0 1 8.81258
0 0 0 0 1 8.7909
0 0 0 0 1 8.87589
0 0 0 0 1 8.86266
0 0 0 0 1 8.91982
0 0 0 0 1 9.08642
0 0 0 0 0 9.17261
0 0 0 0 0 9.10347
0 0 0 0 0 9.2535
0 0 0 0 1 9.20121
0 0 0 0 0 9.26828
0 0 0 0 1 9.35539
0 0 0 0 1 9.43149
0 0 0 0 0 9.62369
0 0 0 0 0 9.53844
0 0 0 0 1 9.72287
0 0 0 0 1 9.73322
0 0 0 0 1 9.84011
0 0 0 0 1 9.94892
0 0 0 0 1 9.97721
0 0 0 0 1 10.1258
0 0 0 0 1 10.2554
0 0 0 0 0 10.2018
0 0 0 0 1 10.3422
0 0 0 0 1 10.328
0 0 0 0 1 10.5307
0 0 0 0 0 10.5471
0 0 0 0 1 10.6141
0 0 0 0 1 10.6917
0 0 0 0 1 10.7781
0 0 0 0 1 10.9104
0 0 0 0 1 11.0965
0 0 0 0 1 11.1733
0 0 0 0 1 11.149
0 0 0 0 1 11.4056
0 0 0 0 1 11.4939
0 0 0 0 1 11.6259
0 0 0 0 1 11.7353
0 0 0 0 1 11.7889
0 0 0 0 1 11.943
0 0 0 0 1 12.0768
0 0 0 0 0 12.1964
0 0 0 0 1 12.1333
0 0 0 0 1 12.3378
0 0 0 0 1 12.541
0 0 0 0 1 12.6864
0 0 0 0 1 12.7149
0 0 0 0 0 12.9082
0 0 0 0 0 13.0606
0 0 0 0 1 13.004
0 0 0 0 1 13.142
0 0 0 0 0 13.4232
0 0 0 0 1 13.613
0 0 0 0 1 13.6671
0 0 0 0 0 13.9501
0 0 0 0 1 13.9142
0 0 0 0 0 14.0582
0 0 0 0 1 14.2974
0 0 0 0 1 14.582
0 0 0 0 1 14.6884
0 0 0 0 1 14.9067
0 0 0 0 1 15.1165
0 0 0 0 1 15.276
0 0 0 0 1 15.4598
0 0 0 0 1 15.7374
0 0 0 0 0 15.6848
0 0 0 0 1 16.0779
0 0 0 0 1 16.1346
0 0 0 0 1 16.5664
0 0 0 0 1 16.8396
0 0 0 0 1 16.9953
0 0 0 0 1 14.4949
0 0 0 0 1 14.5628
0 0 0 0 1 14.6628
0 0 0 0 1 14.4829
0 0 0 0 0 14.4784
0 0 0 0 0 14.4624
0 0 0 0 1 14.6473
0 0 0 0 1 14.3703
0 0 0 0 0 14.367
0 0 0 0 1 14.5667
0 0 0 0 0 14.4939
0 0 0 0 1 14.378
0 0 0 0 1 14.4912
0 0 0 0 1 14.5035
0 0 0 0 1 14.4175
0 0 0 0 1 14.2744
0 0 0 0 0 14.3595
0 0 0 0 1 14.4039
0 0 0 0 0 14.3315
0 0 0 0 1 14.4049
0 0 0 0 1 14.192
0 0 0 0 1 14.2352
0 0 0 0 1 14.4236
0 0 0 0 1 14.2386
0 0 0 0 1 14.1274
0 0 0 0 1 14.202
0 0 0 0 1 14.1912
0 0 0 0 1 14.2074
0 0 0 0 0 14.0976
0 0 0 0 0 14.2867
0 0 0 0 1 14.2184
0 0 0 0 1 14.2282
0 0 0 0 1 14.7329
0 0 0 0 1 15.1671
0 0 0 0 1 15.5117
0 0 0 0 1 16.299
0 0 0 0 1 16.8026
0 0 0 0 1 17.0701
0 0 0 0 1 17.6603
0 0 0 0 0 40.9483
0 0 0 0 1 42.5844
0 0 0 0 1 44.2197
0 0 0 0 1 45.2479
0 0 0 0 1 47.6472
0 0 0 0 1 49.0241
0 0 0 0 1 42.6327
0 0 0 0 1 42.5312
0 0 0 0 1 41.8802
0 0 0 0 0 42.4987
0 0 0 0 1 42.2721
0 0 0 0 1 42.4695
0 0 0 0 1 42.1181
0 0 0 0 0 42.3591
0 0 0 0 1 42.3471
0 0 0 0 1 42.1256
0 0 0 0 0 42.2423
0 0 0 0 1 45.5242
0 0 0 0 0 5.04006
0 0 0 0 0 5.04507
0 0 0 0 0 5.03004
0 0 0 0 0 5.0601
0 0 0 0 1 35.2467
0 0 0 0 1 35.2078
0 0 0 0 0 35.4871
0 0 0 0 1 35.3788
0 0 0 0 1 35.5183
0 0 0 0 1 35.235
0 0 0 0 1 35.4111
0 0 0 0 1 34.9176
0 0 0 0 0 35.0245
0 0 0 0 1 35.6257
0 0 0 0 0 35.4164
0 0 0 0 1 35.4548
0 0 0 0 1 35.035
0 0 0 0 0 5.04006
0 0 0 0 0 5.03004
0 0 0 0 0 5.03505
0 0 0 0 0 5.04507
0 0 0 0 0 4.98996
0 0 0 0 0 4.99998
0 0 0 0 0 4.98996
0 0 0 0 0 4.97994
0 0 0 0 0 5.02503
0 0 0 0 1 96.1056
0 0 0 0 1 89.3369
0 0 0 0 1 86.186
0 0 0 0 1 81.4535
0 0 0 0 1 23.3385
0 0 0 0 1 22.3848
0 0 0 0 1 20.9884
0 0 0 0 1 20.3433
0 0 0 0 1 20.2909
0 0 0 0 0 20.2603
0 0 0 0 0 20.0688
0 0 0 0 0 20.3412
0 0 0 0 1 20.008
0 0 0 0 1 20.3217
0 0 0 0 1 20.0507
0 0 0 0 1 20.406
0 0 0 0 1 20.2971
0 0 0 0 1 20.2896
0 0 0 0 1 20.1206
0 0 0 0 1 20.0732
0 0 0 0 1 20.3708
0 0 0 0 1 20.1214
0 0 0 0 0 20.3592
0 0 0 0 1 20.4353
0 0 0 0 0 20.2475
0 0 0 0 1 20.4039
0 0 0 0 1 20.5034
0 0 0 0 1 20.5201
0 0 0 0 1 20.4352
0 0 0 0 0 35.2446
0 0 0 0 1 34.2535
0 0 0 0 1 33.3697
0 0 0 0 1 32.7278
0 0 0 0 1 32.2999
0 0 0 0 1 31.2524
0 0 0 0 0 30.8384
0 0 0 0 1 30.1339
0 0 0 0 1 29.6027
0 0 0 0 0 29.1021
0 0 0 0 1 28.6189
0 0 0 0 0 28.2861
0 0 0 0 1 27.9118
0 0 0 0 1 27.0621
0 0 0 0 1 27.0679
0 0 0 0 1 26.5405
0 0 0 0 1 25.9674
0 0 0 0 1 25.3485
0 0 0 0 1 25.0737
0 0 0 0 1 24.9548
0 0 0 0 1 24.7103
0 0 0 0 1 24.0769
0 0 0 0 1 23.661
0 0 0 0 1 23.6084
0 0 0 0 1 22.9942
0 0 0 0 1 22.7488
0 0 0 0 1 22.5244
0 0 0 0 1 22.1967
0 0 0 0 0 21.9234
0 0 0 0 1 21.7025
0 0 0 0 0 21.2445
0 0 0 0 1 20.9291
0 0 0 0 1 20.7285
0 0 0 0 1 20.7099
0 0 0 0 1 20.1492
0 0 0 0 1 20.0066
0 0 0 0 0 19.9308
0 0 0 0 1 19.4209
0 0 0 0 1 19.198
0 0 0 0 1 19.186
0 0 0 0 1 18.7438
0 0 0 0 1 18.8588
0 0 0 0 1 18.3935
0 0 0 0 1 18.4102
0 0 0 0 1 18.0153
0 0 0 0 1 17.9474
0 0 0 0 1 17.6744
0 0 0 0 0 17.7324
0 0 0 0 1 17.2254
0 0 0 0 1 17.0699
0 0 0 0 1 17.0168
0 0 0 0 1 16.8602
0 0 0 0 1 16.7888
0 0 0 0 1 16.4255
0 0 0 0 1 16.2393
0 0 0 0 1 16.2978
0 0 0 0 1 16.1273
0 0 0 0 1 16.0462
0 0 0 0 1 15.6482
0 0 0 0 1 15.7249
0 0 0 0 1 15.3789
0 0 0 0 1 15.3161
0 0 0 0 1 15.2958
0 0 0 0 1 14.9739
0 0 0 0 1 14.9766
0 0 0 0 0 14.7571
0 0 0 0 0 14.8406
0 0 0 0 0 14.4732
0 0 0 0 1 14.6442
0 0 0 0 1 14.376
0 0 0 0 0 14.2619
0 0 0 0 0 14.2419
0 0 0 0 1 14.1643
0 0 0 0 1 13.8966
0 0 0 0 1 13.895
0 0 0 0 1 13.6119
0 0 0 0 1 13.6132
0 0 0 0 1 13.5913
0 0 0 0 1 13.4425
0 0 0 0 1 13.2594
0 0 0 0 1 13.1526
0 0 0 0 0 13.0726
0 0 0 0 1 13.1494
0 0 0 0 0 12.8478
0 0 0 0 1 12.7684
0 0 0 0 1 12.9279
0 0 0 0 0 12.5928
0 0 0 0 1 12.5096
0 0 0 0 1 12.5018
0 0 0 0 1 12.4061
0 0 0 0 1 12.4097
0 0 0 0 1 12.3347
0 0 0 0 1 12.1051
0 0 0 0 0 12.1286
0 0 0 0 1 12.0304
0 0 0 0 1 11.9448
0 0 0 0 1 11.8833
0 0 0 0 1 11.9286
0 0 0 0 1 11.8431
0 0 0 0 1 11.8048
0 0 0 0 1 11.7198
0 0 0 0 1 11.597
0 0 0 0 1 11.3831
0 0 0 0 1 11.346
0 0 0 0 0 11.2713
0 0 0 0 0 11.3697
0 0 0 0 0 11.3026
0 0 0 0 1 11.2167
0 0 0 0 0 11.009
0 0 0 0 1 11.0352
0 0 0 0 1 11.0386
0 0 0 0 1 11.0166
0 0 0 0 1 10.9727
0 0 0 0 1 10.8376
0 0 0 0 0 10.7943
0 0 0 0 1 10.7973
0 0 0 0 1 10.5941
0 0 0 0 1 10.5941
0 0 0 0 1 10.446
0 0 0 0 1 10.446
0 0 0 0 1 10.4353
0 0 0 0 1 10.3412
0 0 0 0 1 10.2788
0 0 0 0 0 10.2446
0 0 0 0 1 10.2237
0 0 0 0 0 10.2026
0 0 0 0 0 10.2118
0 0 0 0 1 10.117
0 0 0 0 1 10.0229
0 0 0 0 0 10.0921
0 0 0 0 0 10.0283
0 0 0 0 1 9.955
0 0 0 0 0 9.80312
0 0 0 0 1 9.79979
0 0 0 0 1 9.80875
0 0 0 0 1 9.7466
0 0 0 0 1 9.78175
0 0 0 0 1 9.74884
0 0 0 0 1 9.69426
0 0 0 0 1 9.64252
0 0 0 0 1 9.60059
0 0 0 0 1 9.50191
0 0 0 0 0 9.54316
0 0 0 0 0 9.35105
0 0 0 0 0 9.35735
0 0 0 0 1 9.2701
0 0 0 0 1 9.39474
0 0 0 0 0 9.19662
0 0 0 0 1 9.24651
0 0 0 0 1 9.16722
0 0 0 0 1 9.1159
0 0 0 0 1 9.10395
0 0 0 0 1 9.00764
0 0 0 0 0 8.97534
0 0 0 0 1 9.01539
0 0 0 0 0 8.97415
0 0 0 0 1 9.0342
0 0 0 0 0 8.86817
0 0 0 0 1 8.95218
0 0 0 0 1 8.89381
0 0 0 0 1 8.90641
0 0 0 0 1 8.73416
0 0 0 0 0 8.82349
0 0 0 0 0 8.82111
0 0 0 0 1 8.75274
0 0 0 0 1 8.66994
0 0 0 0 1 8.67161
0 0 0 0 1 8.58356
0 0 0 0 1 8.50806
0 0 0 0 1 8.47849
0 0 0 0 0 8.49767
0 0 0 0 1 8.43425
0 0 0 0 1 8.56632
0 0 0 0 0 8.40743
0 0 0 0 1 8.39548
0 0 0 0 1 8.4734
0 0 0 0 1 8.32725
0 0 0 0 1 8.27121
0 0 0 0 1 8.38212
0 0 0 0 1 8.2459
0 0 0 0 1 8.33967
0 0 0 0 1 8.28698
0 0 0 0 1 8.18255
0 0 0 0 1 8.24288
0 0 0 0 1 8.10104
0 0 0 0 1 8.24289
0 0 0 0 1 8.21309
0 0 0 0 1 8.0617
0 0 0 0 1 8.08927
0 0 0 0 0 8.03635
0 0 0 0 0 8.12852
0 0 0 0 1 7.98699
0 0 0 0 0 8.06284
0 0 0 0 1 8.04232
0 0 0 0 1 7.9102
0 0 0 0 1 8.01261
0 0 0 0 0 7.87047
0 0 0 0 1 7.86668
0 0 0 0 1 7.94198
0 0 0 0 1 7.83566
0 0 0 0 1 7.94224
0 0 0 0 1 7.85224
0 0 0 0 1 7.81753
0 0 0 0 0 7.72841
0 0 0 0 1 7.77683
0 0 0 0 0 7.75826
0 0 0 0 1 7.70428
0 0 0 0 0 7.71387
0 0 0 0 0 7.69581
0 0 0 0 0 7.64385
0 0 0 0 1 7.74917
0 0 0 0 0 7.66234
0 0 0 0 1 7.6339
0 0 0 0 1 7.68535
0 0 0 0 1 7.56134
0 0 0 0 0 7.53344
0 0 0 0 1 7.66097
0 0 0 0 1 7.53804
0 0 0 0 1 7.51055
0 0 0 0 1 7.59237
0 0 0 0 1 7.5685
0 0 0 0 1 7.55638
0 0 0 0 1 7.52537
0 0 0 0 1 7.44969
0 0 0 0 1 7.52776
0 0 0 0 0 7.42271
0 0 0 0 1 7.51921
0 0 0 0 1 7.44465
0 0 0 0 1 7.43709
0 0 0 0 1 7.39265
0 0 0 0 1 7.33733
0 0 0 0 1 7.33775
0 0 0 0 1 7.3787
0 0 0 0 0 7.3828
0 0 0 0 1 7.31001
0 0 0 0 1 7.29629
0 0 0 0 1 7.37741
0 0 0 0 1 7.37113
0 0 0 0 1 7.31393
0 0 0 0 1 7.28219
0 0 0 0 1 7.20694
0 0 0 0 1 7.28146
0 0 0 0 1 7.3155
0 0 0 0 1 7.19734
0 0 0 0 1 7.17787
0 0 0 0 1 7.17607
