0 0 0 0 0 5.15052
0 0 0 0 1 5.17216
0 0 0 0 1 5.22307
0 0 0 0 1 5.24499
0 0 0 0 1 5.25976
0 0 0 0 1 5.27669
0 0 0 0 1 5.27273
0 0 0 0 1 5.25109
0 0 0 0 1 5.31037
0 0 0 0 1 5.25919
0 0 0 0 1 5.25353
0 0 0 0 1 5.23739
0 0 0 0 0 5.2549
0 0 0 0 0 5.33616
0 0 0 0 1 5.32036
0 0 0 0 0 5.30098
0 0 0 0 1 5.32788
0 0 0 0 1 5.29253
0 0 0 0 1 5.3839
0 0 0 0 1 5.3111
0 0 0 0 1 5.32244
0 0 0 0 1 5.33007
0 0 0 0 1 5.43866
0 0 0 0 1 5.36415
0 0 0 0 1 5.43156
0 0 0 0 1 5.38543
0 0 0 0 0 5.40835
0 0 0 0 1 5.38793
0 0 0 0 1 5.42749
0 0 0 0 1 5.41942
0 0 0 0 1 5.49767
0 0 0 0 1 5.5105
0 0 0 0 1 5.48064
0 0 0 0 1 5.48376
0 0 0 0 1 5.57407
0 0 0 0 0 5.4989
0 0 0 0 1 5.58981
0 0 0 0 1 5.58219
0 0 0 0 1 5.59026
0 0 0 0 0 5.53703
0 0 0 0 1 5.55734
0 0 0 0 0 5.64403
0 0 0 0 1 5.66378
0 0 0 0 1 5.59355
0 0 0 0 1 5.58607
0 0 0 0 1 5.70211
0 0 0 0 0 5.72161
0 0 0 0 1 5.73144
0 0 0 0 0 5.64937
0 0 0 0 1 5.77268
0 0 0 0 1 5.69611
0 0 0 0 1 5.78646
0 0 0 0 1 5.72621
0 0 0 0 1 5.72988
0 0 0 0 1 5.8031
0 0 0 0 1 5.79607
0 0 0 0 1 5.85821
0 0 0 0 1 5.89688
0 0 0 0 0 5.90756
0 0 0 0 1 5.89435
0 0 0 0 1 5.8276
0 0 0 0 1 5.90906
0 0 0 0 1 5.94311
0 0 0 0 1 5.91761
0 0 0 0 1 5.90433
0 0 0 0 1 5.93874
0 0 0 0 1 5.94941
0 0 0 0 1 6.02583
0 0 0 0 1 5.95892
0 0 0 0 1 6.02978
0 0 0 0 1 6.02269
0 0 0 0 1 6.08848
0 0 0 0 1 6.12417
0 0 0 0 1 6.12926
0 0 0 0 1 6.19004
0 0 0 0 1 6.20155
0 0 0 0 0 6.13903
0 0 0 0 0 6.19421
0 0 0 0 1 6.1499
0 0 0 0 1 6.26113
0 0 0 0 1 6.23565
0 0 0 0 1 6.29783
0 0 0 0 1 6.32249
0 0 0 0 1 6.32846
0 0 0 0 0 6.32799
0 0 0 0 1 6.41659
0 0 0 0 1 6.37174
0 0 0 0 1 6.41618
0 0 0 0 0 6.39657
0 0 0 0 1 6.48661
0 0 0 0 1 6.50593
0 0 0 0 1 6.48636
0 0 0 0 1 6.53832
0 0 0 0 1 6.48582
0 0 0 0 1 6.63011
0 0 0 0 1 6.5379
0 0 0 0 0 6.60383
0 0 0 0 1 6.5838
0 0 0 0 1 6.68369
0 0 0 0 1 6.75749
0 0 0 0 0 6.73756
0 0 0 0 0 6.70387
0 0 0 0 1 6.83945
0 0 0 0 0 6.7444
0 0 0 0 1 6.81949
0 0 0 0 0 6.8058
0 0 0 0 1 6.87468
0 0 0 0 1 6.9578
0 0 0 0 0 6.91641
0 0 0 0 0 7.01422
0 0 0 0 1 7.05659
0 0 0 0 1 7.03584
0 0 0 0 0 7.01472
0 0 0 0 1 7.1213
0 0 0 0 1 7.07863
0 0 0 0 1 7.14308
0 0 0 0 1 7.26561
0 0 0 0 1 7.31675
0 0 0 0 1 7.25169
0 0 0 0 1 7.29554
0 0 0 0 1 7.35428
0 0 0 0 1 7.32489
0 0 0 0 1 7.33948
0 0 0 0 0 7.43595
0 0 0 0 1 7.54066
0 0 0 0 1 7.53329
0 0 0 0 1 7.52563
0 0 0 0 0 7.57846
0 0 0 0 1 7.59339
0 0 0 0 0 7.72338
0 0 0 0 1 7.70783
0 0 0 0 1 7.69175
0 0 0 0 1 7.83133
0 0 0 0 1 7.91715
0 0 0 0 1 7.94842
0 0 0 0 1 8.01139
0 0 0 0 0 7.97912
0 0 0 0 0 8.08235
0 0 0 0 1 8.13007
0 0 0 0 1 8.09681
0 0 0 0 1 8.07093
0 0 0 0 1 8.11846
0 0 0 0 1 8.21502
0 0 0 0 1 8.26315
0 0 0 0 1 8.38592
0 0 0 0 1 8.40931
0 0 0 0 1 8.51697
0 0 0 0 1 8.48075
0 0 0 0 1 8.55508
0 0 0 0 0 8.61265
0 0 0 0 1 8.59216
0 0 0 0 1 8.64105
0 0 0 0 0 8.81258
0 0 0 0 1 8.72918
0 0 0 0 1 8.78722
0 0 0 0 0 8.91621
0 0 0 0 1 8.9378
0 0 0 0 1 9.07737
0 0 0 0 1 9.12707
0 0 0 0 0 9.14014
0 0 0 0 1 9.31814
0 0 0 0 0 9.31274
0 0 0 0 1 9.38063
0 0 0 0 1 9.4025
0 0 0 0 1 9.46948
0 0 0 0 1 9.4802
0 0 0 0 1 9.59625
0 0 0 0 1 9.64524
0 0 0 0 1 9.83094
0 0 0 0 1 9.83026
0 0 0 0 1 9.85964
0 0 0 0 1 10.0672
0 0 0 0 1 10.146
0 0 0 0 1 10.0726
0 0 0 0 1 10.2018
0 0 0 0 1 10.2288
0 0 0 0 1 10.4734
0 0 0 0 0 10.4678
0 0 0 0 1 10.4732
0 0 0 0 1 10.678
0 0 0 0 0 10.6595
0 0 0 0 1 10.9406
0 0 0 0 1 10.9868
0 0 0 0 1 10.9643
0 0 0 0 0 11.0399
0 0 0 0 1 11.2499
0 0 0 0 1 11.2811
0 0 0 0 0 11.4825
0 0 0 0 1 11.4877
0 0 0 0 1 11.5492
0 0 0 0 1 11.7772
0 0 0 0 0 11.7297
0 0 0 0 1 11.8616
0 0 0 0 1 12.0636
0 0 0 0 0 12.1577
0 0 0 0 0 12.2762
0 0 0 0 1 12.5534
0 0 0 0 1 12.4729
0 0 0 0 1 12.6641
0 0 0 0 1 12.716
0 0 0 0 1 13.0865
0 0 0 0 1 13.148
0 0 0 0 1 13.142
0 0 0 0 1 13.45
0 0 0 0 1 13.5995
0 0 0 0 1 13.8039
0 0 0 0 1 13.9501
0 0 0 0 1 13.9142
0 0 0 0 1 14.2281
0 0 0 0 1 14.2974
0 0 0 0 1 14.553
0 0 0 0 1 14.5857
0 0 0 0 0 14.8472
0 0 0 0 1 14.9511
0 0 0 0 0 15.1694
0 0 0 0 1 15.3364
0 0 0 0 1 15.5967
0 0 0 0 1 15.8589
0 0 0 0 1 15.9656
0 0 0 0 1 16.4111
0 0 0 0 1 16.3356
0 0 0 0 1 16.5553
0 0 0 0 1 16.9445
0 0 0 0 1 14.5828
0 0 0 0 1 14.709
0 0 0 0 1 14.5314
0 0 0 0 1 14.7162
0 0 0 0 0 14.4202
0 0 0 0 1 14.5788
0 0 0 0 1 14.6764
0 0 0 0 0 14.53
0 0 0 0 0 14.4395
0 0 0 0 1 14.3784
0 0 0 0 0 14.5228
0 0 0 0 0 14.3347
0 0 0 0 1 14.3324
0 0 0 0 1 14.3017
0 0 0 0 1 14.3887
0 0 0 0 1 14.519
0 0 0 0 1 14.2302
0 0 0 0 1 14.447
0 0 0 0 1 14.231
0 0 0 0 1 14.2042
0 0 0 0 1 14.4068
0 0 0 0 1 14.4069
0 0 0 0 0 14.3664
0 0 0 0 1 14.21
0 0 0 0 1 14.213
0 0 0 0 1 14.1165
0 0 0 0 1 14.3765
0 0 0 0 1 14.1078
0 0 0 0 1 14.0834
0 0 0 0 1 14.0734
0 0 0 0 0 14.2326
0 0 0 0 1 14.4866
0 0 0 0 1 14.8953
0 0 0 0 1 15.2887
0 0 0 0 1 15.543
0 0 0 0 1 16.0408
0 0 0 0 0 16.5861
0 0 0 0 1 17.3798
0 0 0 0 0 17.6603
0 0 0 0 1 41.0296
0 0 0 0 1 42.0363
0 0 0 0 1 43.8694
0 0 0 0 1 45.7942
0 0 0 0 1 47.3628
0 0 0 0 1 49.1725
0 0 0 0 1 42.3366
0 0 0 0 1 41.9393
0 0 0 0 1 41.9647
0 0 0 0 1 42.2875
0 0 0 0 1 42.3144
0 0 0 0 1 42.5539
0 0 0 0 0 41.7805
0 0 0 0 1 42.2748
0 0 0 0 1 42.2627
0 0 0 0 0 41.8304
0 0 0 0 1 41.905
0 0 0 0 1 45.2954
0 0 0 0 0 5.04006
0 0 0 0 0 5.05509
0 0 0 0 0 4.97994
0 0 0 0 0 5.04507
0 0 0 0 1 35.035
0 0 0 0 1 35.0667
0 0 0 0 0 35.5929
0 0 0 0 1 34.9908
0 0 0 0 1 35.483
0 0 0 0 1 34.9176
0 0 0 0 1 35.4464
0 0 0 0 0 35.5878
0 0 0 0 1 35.0245
0 0 0 0 1 35.6257
0 0 0 0 1 35.4164
0 0 0 0 0 35.1726
0 0 0 0 1 35.1056
0 0 0 0 0 4.96491
0 0 0 0 0 5.00499
0 0 0 0 0 5.04006
0 0 0 0 0 5.02002
0 0 0 0 0 5.04507
0 0 0 0 0 4.96491
0 0 0 0 0 4.96992
0 0 0 0 0 4.96491
0 0 0 0 0 5.03004
0 0 0 0 0 95.0548
0 0 0 0 1 90.9579
0 0 0 0 0 86.0153
0 0 0 0 1 81.5345
0 0 0 0 1 23.3851
0 0 0 0 1 22.0967
0 0 0 0 1 21.2846
0 0 0 0 1 20.3837
0 0 0 0 1 20.2104
0 0 0 0 1 20.2603
0 0 0 0 1 20.2905
0 0 0 0 1 19.9582
0 0 0 0 1 19.9878
0 0 0 0 1 19.9787
0 0 0 0 1 20.1314
0 0 0 0 1 20.0221
0 0 0 0 1 20.2365
0 0 0 0 1 20.4312
0 0 0 0 1 20.4445
0 0 0 0 1 20.053
0 0 0 0 0 20.1275
0 0 0 0 1 20.0809
0 0 0 0 0 20.2172
0 0 0 0 0 20.3337
0 0 0 0 1 20.4711
0 0 0 0 0 20.4039
0 0 0 0 1 20.2794
0 0 0 0 0 20.5812
0 0 0 0 1 20.3332
0 0 0 0 1 35.2796
0 0 0 0 1 34.4587
0 0 0 0 1 33.3028
0 0 0 0 1 33.1217
0 0 0 0 0 32.4929
0 0 0 0 1 31.4101
0 0 0 0 1 30.6529
0 0 0 0 1 30.6194
0 0 0 0 1 29.5729
0 0 0 0 1 29.3656
0 0 0 0 1 28.4751
0 0 0 0 1 28.0318
0 0 0 0 1 27.4952
0 0 0 0 1 27.1441
0 0 0 0 1 26.6383
0 0 0 0 1 26.4877
0 0 0 0 0 26.1233
0 0 0 0 1 25.7066
0 0 0 0 1 25.1494
0 0 0 0 0 24.6072
0 0 0 0 1 24.3922
0 0 0 0 1 24.1492
0 0 0 0 1 23.6372
0 0 0 0 0 23.4913
0 0 0 0 1 22.948
0 0 0 0 1 22.5894
0 0 0 0 1 22.3447
0 0 0 0 1 22.374
0 0 0 0 0 21.9889
0 0 0 0 0 21.6809
0 0 0 0 1 21.5218
0 0 0 0 1 21.0975
0 0 0 0 1 20.9572
0 0 0 0 1 20.6483
0 0 0 0 1 20.2303
0 0 0 0 0 19.8863
0 0 0 0 1 19.6336
0 0 0 0 1 19.6754
0 0 0 0 1 19.3141
0 0 0 0 1 19.3199
0 0 0 0 0 19.1031
0 0 0 0 1 18.5969
0 0 0 0 1 18.412
0 0 0 0 0 18.2272
0 0 0 0 1 17.9247
0 0 0 0 0 17.8399
0 0 0 0 0 17.6034
0 0 0 0 1 17.5039
0 0 0 0 0 17.4342
0 0 0 0 1 17.2077
0 0 0 0 1 17.102
0 0 0 0 1 16.7589
0 0 0 0 1 16.5881
0 0 0 0 1 16.6076
0 0 0 0 1 16.2557
0 0 0 0 0 16.3303
0 0 0 0 1 16.0629
0 0 0 0 1 15.9186
0 0 0 0 1 15.9327
0 0 0 0 1 15.6936
0 0 0 0 0 15.5651
0 0 0 0 1 15.3777
0 0 0 0 0 15.311
0 0 0 0 1 15.1705
0 0 0 0 1 15.0366
0 0 0 0 1 14.8018
0 0 0 0 0 14.8848
0 0 0 0 1 14.5463
0 0 0 0 0 14.5861
0 0 0 0 1 14.3328
0 0 0 0 0 14.2477
0 0 0 0 1 14.2845
0 0 0 0 1 13.9672
0 0 0 0 1 14.0503
0 0 0 0 0 13.9643
0 0 0 0 1 13.7906
0 0 0 0 1 13.7225
0 0 0 0 1 13.6184
0 0 0 0 1 13.5097
0 0 0 0 1 13.2861
0 0 0 0 1 13.2322
0 0 0 0 1 13.2174
0 0 0 0 1 13.0449
0 0 0 0 1 13.0424
0 0 0 0 1 12.9101
0 0 0 0 1 12.8895
0 0 0 0 1 12.8216
0 0 0 0 1 12.7116
0 0 0 0 0 12.5269
0 0 0 0 1 12.5306
0 0 0 0 1 12.2984
0 0 0 0 1 12.3839
0 0 0 0 1 12.1417
0 0 0 0 0 12.0436
0 0 0 0 1 12.0546
0 0 0 0 1 11.9328
0 0 0 0 1 11.8237
0 0 0 0 1 11.7509
0 0 0 0 1 11.7607
0 0 0 0 1 11.6644
0 0 0 0 0 11.7198
0 0 0 0 1 11.6317
0 0 0 0 0 11.613
0 0 0 0 1 11.3917
0 0 0 0 1 11.4076
0 0 0 0 1 11.3358
0 0 0 0 1 11.2689
0 0 0 0 1 11.0714
0 0 0 0 1 11.1868
0 0 0 0 1 11.1457
0 0 0 0 1 10.8739
0 0 0 0 1 10.8745
0 0 0 0 1 10.9509
0 0 0 0 0 10.816
0 0 0 0 1 10.8265
0 0 0 0 1 10.6902
0 0 0 0 1 10.7646
0 0 0 0 1 10.6153
0 0 0 0 1 10.6043
0 0 0 0 1 10.593
0 0 0 0 1 10.4144
0 0 0 0 1 10.3724
0 0 0 0 1 10.2891
0 0 0 0 0 10.2446
0 0 0 0 1 10.2646
0 0 0 0 1 10.1007
0 0 0 0 1 10.222
0 0 0 0 1 10.0161
0 0 0 0 1 9.96255
0 0 0 0 1 9.90208
0 0 0 0 1 9.90884
0 0 0 0 1 9.94509
0 0 0 0 0 9.81299
0 0 0 0 1 9.74082
0 0 0 0 1 9.78919
0 0 0 0 1 9.65897
0 0 0 0 1 9.72358
0 0 0 0 1 9.71023
0 0 0 0 1 9.71349
0 0 0 0 1 9.52761
0 0 0 0 1 9.61013
0 0 0 0 1 9.5114
0 0 0 0 1 9.36346
0 0 0 0 0 9.3228
0 0 0 0 1 9.34797
0 0 0 0 1 9.40079
0 0 0 0 1 9.27382
0 0 0 0 1 9.28923
0 0 0 0 1 9.19114
0 0 0 0 1 9.13963
0 0 0 0 1 9.09758
0 0 0 0 0 9.2043
0 0 0 0 1 9.03491
0 0 0 0 1 9.08402
0 0 0 0 1 9.00636
0 0 0 0 0 8.91121
0 0 0 0 1 8.97153
0 0 0 0 1 9.002
0 0 0 0 0 8.83662
0 0 0 0 1 8.90267
0 0 0 0 0 8.774
0 0 0 0 1 8.74295
0 0 0 0 0 8.81472
0 0 0 0 1 8.75124
0 0 0 0 0 8.65694
0 0 0 0 1 8.73937
0 0 0 0 1 8.62834
0 0 0 0 1 8.57494
0 0 0 0 1 8.55963
0 0 0 0 0 8.53844
0 0 0 0 1 8.55746
0 0 0 0 1 8.45978
0 0 0 0 0 8.41366
0 0 0 0 1 8.5343
0 0 0 0 1 8.4882
0 0 0 0 1 8.44818
0 0 0 0 1 8.45292
0 0 0 0 1 8.41324
0 0 0 0 0 8.29047
0 0 0 0 1 8.22099
0 0 0 0 0 8.30654
0 0 0 0 1 8.2127
0 0 0 0 1 8.21547
0 0 0 0 1 8.16899
0 0 0 0 1 8.10104
0 0 0 0 0 8.08783
0 0 0 0 1 8.11541
0 0 0 0 1 8.11041
0 0 0 0 1 8.16214
0 0 0 0 1 8.04444
0 0 0 0 1 8.04788
0 0 0 0 0 8.05938
0 0 0 0 1 7.99064
0 0 0 0 1 7.92229
0 0 0 0 1 8.01397
0 0 0 0 1 8.03648
0 0 0 0 1 8.02137
0 0 0 0 0 7.90629
0 0 0 0 0 7.94988
0 0 0 0 1 7.87507
0 0 0 0 0 7.88719
0 0 0 0 1 7.86009
0 0 0 0 0 7.77058
0 0 0 0 1 7.76744
0 0 0 0 1 7.83917
0 0 0 0 1 7.71162
0 0 0 0 1 7.77403
0 0 0 0 0 7.7603
0 0 0 0 1 7.67266
0 0 0 0 0 7.66696
0 0 0 0 1 7.67998
0 0 0 0 0 7.71603
0 0 0 0 0 7.61859
0 0 0 0 0 7.61659
0 0 0 0 1 7.62994
0 0 0 0 1 7.59431
0 0 0 0 1 7.61542
0 0 0 0 1 7.62138
0 0 0 0 0 7.53324
0 0 0 0 1 7.57727
0 0 0 0 1 7.54591
0 0 0 0 1 7.50375
0 0 0 0 1 7.54788
0 0 0 0 1 7.53953
0 0 0 0 0 7.55019
0 0 0 0 1 7.43017
0 0 0 0 1 7.4671
0 0 0 0 0 7.38515
0 0 0 0 1 7.48162
0 0 0 0 1 7.42968
0 0 0 0 1 7.33733
0 0 0 0 1 7.45587
0 0 0 0 1 7.44504
0 0 0 0 0 7.3828
0 0 0 0 1 7.39817
0 0 0 0 0 7.28896
0 0 0 0 0 7.27485
0 0 0 0 0 7.26876
0 0 0 0 1 7.31393
0 0 0 0 1 7.31864
0 0 0 0 1 7.35254
0 0 0 0 1 7.23059
0 0 0 0 1 7.3155
0 0 0 0 1 7.21184
0 0 0 0 0 7.1634
0 0 0 0 0 7.24833
