0 0 0 0 1 5.25457
0 0 0 0 1 5.17737
0 0 0 0 1 5.2596
0 0 0 0 1 5.2032
0 0 0 0 1 5.22313
0 0 0 0 1 5.21381
0 0 0 0 1 5.29371
0 0 0 0 1 5.27212
0 0 0 0 1 5.25774
0 0 0 0 1 5.24865
0 0 0 0 0 5.30633
0 0 0 0 1 5.26913
0 0 0 0 1 5.28139
0 0 0 0 1 5.30964
0 0 0 0 1 5.30973
0 0 0 0 1 5.33823
0 0 0 0 1 5.34388
0 0 0 0 0 5.37264
0 0 0 0 1 5.3839
0 0 0 0 1 5.35398
0 0 0 0 1 5.3654
0 0 0 0 1 5.3731
0 0 0 0 0 5.36859
0 0 0 0 1 5.35334
0 0 0 0 1 5.37746
0 0 0 0 1 5.4071
0 0 0 0 1 5.4355
0 0 0 0 1 5.45324
0 0 0 0 1 5.42749
0 0 0 0 0 5.45766
0 0 0 0 0 5.46481
0 0 0 0 1 5.45561
0 0 0 0 0 5.45316
0 0 0 0 1 5.46725
0 0 0 0 1 5.46369
0 0 0 0 0 5.57635
0 0 0 0 1 5.57318
0 0 0 0 1 5.53776
0 0 0 0 1 5.57912
0 0 0 0 1 5.61517
0 0 0 0 1 5.54057
0 0 0 0 1 5.62721
0 0 0 0 1 5.66939
0 0 0 0 1 5.65552
0 0 0 0 1 5.61428
0 0 0 0 1 5.60029
0 0 0 0 1 5.67052
0 0 0 0 1 5.74281
0 0 0 0 1 5.66647
0 0 0 0 0 5.70409
0 0 0 0 1 5.68464
0 0 0 0 0 5.7922
0 0 0 0 1 5.77229
0 0 0 0 1 5.74721
0 0 0 0 1 5.76835
0 0 0 0 1 5.85989
0 0 0 0 1 5.87567
0 0 0 0 1 5.89688
0 0 0 0 1 5.79643
0 0 0 0 1 5.85329
0 0 0 0 1 5.9159
0 0 0 0 1 5.92675
0 0 0 0 1 5.90172
0 0 0 0 1 5.92355
0 0 0 0 1 5.946
0 0 0 0 1 6.02827
0 0 0 0 1 5.92547
0 0 0 0 0 5.99579
0 0 0 0 1 6.01309
0 0 0 0 1 6.0902
0 0 0 0 0 6.04692
0 0 0 0 1 6.03379
0 0 0 0 0 6.15464
0 0 0 0 1 6.07421
0 0 0 0 1 6.09811
0 0 0 0 1 6.18925
0 0 0 0 1 6.15755
0 0 0 0 0 6.20658
0 0 0 0 1 6.27414
0 0 0 0 1 6.24242
0 0 0 0 1 6.21063
0 0 0 0 0 6.2351
0 0 0 0 0 6.36027
0 0 0 0 1 6.25899
0 0 0 0 0 6.33433
0 0 0 0 0 6.41659
0 0 0 0 1 6.3909
0 0 0 0 1 6.47387
0 0 0 0 1 6.40301
0 0 0 0 1 6.49307
0 0 0 0 1 6.50593
0 0 0 0 1 6.45386
0 0 0 0 1 6.57095
0 0 0 0 1 6.49237
0 0 0 0 1 6.55783
0 0 0 0 1 6.65006
0 0 0 0 0 6.69003
0 0 0 0 1 6.637
0 0 0 0 1 6.65698
0 0 0 0 1 6.71726
0 0 0 0 1 6.77795
0 0 0 0 1 6.77821
0 0 0 0 1 6.81909
0 0 0 0 0 6.82615
0 0 0 0 0 6.88105
0 0 0 0 1 6.81954
0 0 0 0 0 6.86088
0 0 0 0 1 6.94396
0 0 0 0 1 6.9512
0 0 0 0 1 7.00723
0 0 0 0 1 7.07763
0 0 0 0 1 7.07109
0 0 0 0 0 7.10674
0 0 0 0 1 7.18532
0 0 0 0 1 7.07148
0 0 0 0 1 7.1359
0 0 0 0 0 7.17191
0 0 0 0 1 7.18635
0 0 0 0 0 7.22987
0 0 0 0 1 7.29554
0 0 0 0 1 7.33226
0 0 0 0 1 7.39128
0 0 0 0 0 7.37655
0 0 0 0 0 7.46575
0 0 0 0 1 7.48075
0 0 0 0 1 7.55587
0 0 0 0 1 7.63908
0 0 0 0 1 7.65447
0 0 0 0 1 7.56283
0 0 0 0 1 7.74641
0 0 0 0 1 7.78499
0 0 0 0 1 7.69175
0 0 0 0 0 7.87813
0 0 0 0 1 7.78376
0 0 0 0 0 7.83802
0 0 0 0 1 7.92414
0 0 0 0 1 8.04289
0 0 0 0 0 8.07433
0 0 0 0 0 8.11395
0 0 0 0 1 8.11302
0 0 0 0 1 8.07093
0 0 0 0 0 8.16761
0 0 0 0 1 8.27276
0 0 0 0 1 8.24658
0 0 0 0 1 8.41096
0 0 0 0 1 8.38413
0 0 0 0 0 8.43256
0 0 0 0 1 8.54873
0 0 0 0 1 8.57217
0 0 0 0 1 8.5353
0 0 0 0 1 8.67869
0 0 0 0 1 8.77158
0 0 0 0 1 8.77758
0 0 0 0 1 8.90553
0 0 0 0 1 8.82269
0 0 0 0 1 8.90728
0 0 0 0 1 8.91982
0 0 0 0 1 9.14072
0 0 0 0 1 9.18172
0 0 0 0 1 9.15848
0 0 0 0 1 9.16115
0 0 0 0 1 9.38709
0 0 0 0 0 9.42743
0 0 0 0 1 9.34597
0 0 0 0 1 9.47898
0 0 0 0 1 9.5089
0 0 0 0 1 9.7215
0 0 0 0 1 9.69376
0 0 0 0 1 9.73322
0 0 0 0 1 9.84011
0 0 0 0 1 9.96875
0 0 0 0 0 10.0672
0 0 0 0 1 10.146
0 0 0 0 1 10.1234
0 0 0 0 1 10.1813
0 0 0 0 1 10.3526
0 0 0 0 0 10.4734
0 0 0 0 1 10.4678
0 0 0 0 1 10.6527
0 0 0 0 0 10.6673
0 0 0 0 0 10.7131
0 0 0 0 1 10.7348
0 0 0 0 1 10.8994
0 0 0 0 0 10.9974
0 0 0 0 0 11.14
0 0 0 0 1 11.1826
0 0 0 0 0 11.4282
0 0 0 0 1 11.4369
0 0 0 0 1 11.5798
0 0 0 0 0 11.6423
0 0 0 0 1 11.6129
0 0 0 0 1 11.7415
0 0 0 0 1 12.0768
0 0 0 0 1 12.0394
0 0 0 0 0 12.1455
0 0 0 0 1 12.227
0 0 0 0 1 12.3544
0 0 0 0 1 12.611
0 0 0 0 1 12.791
0 0 0 0 1 12.78
0 0 0 0 1 12.9699
0 0 0 0 1 13.1742
0 0 0 0 1 13.314
0 0 0 0 1 13.45
0 0 0 0 1 13.41
0 0 0 0 1 13.6671
0 0 0 0 1 13.784
0 0 0 0 1 14.1382
0 0 0 0 0 14.0582
0 0 0 0 0 14.2687
0 0 0 0 1 14.553
0 0 0 0 1 14.5563
0 0 0 0 0 14.9364
0 0 0 0 1 14.906
0 0 0 0 1 15.2151
0 0 0 0 1 15.3981
0 0 0 0 0 15.7374
0 0 0 0 1 15.7007
0 0 0 0 0 16.0779
0 0 0 0 1 16.2322
0 0 0 0 0 16.451
0 0 0 0 1 16.8563
0 0 0 0 1 17.0802
0 0 0 0 1 14.7438
0 0 0 0 0 14.5921
0 0 0 0 1 14.7066
0 0 0 0 1 14.7308
0 0 0 0 1 14.4639
0 0 0 0 1 14.5933
0 0 0 0 0 14.5892
0 0 0 0 1 14.3993
0 0 0 0 1 14.5265
0 0 0 0 1 14.5232
0 0 0 0 1 14.5662
0 0 0 0 1 14.4358
0 0 0 0 1 14.3902
0 0 0 0 1 14.4603
0 0 0 0 1 14.5328
0 0 0 0 1 14.3032
0 0 0 0 1 14.4458
0 0 0 0 1 14.2316
0 0 0 0 1 14.3315
0 0 0 0 1 14.2042
0 0 0 0 1 14.2063
0 0 0 0 0 14.2209
0 0 0 0 1 14.1948
0 0 0 0 1 14.1386
0 0 0 0 1 14.37
0 0 0 0 1 14.1307
0 0 0 0 1 14.234
0 0 0 0 1 14.3213
0 0 0 0 1 14.3679
0 0 0 0 1 14.2867
0 0 0 0 1 14.19
0 0 0 0 1 14.2856
0 0 0 0 1 14.6148
0 0 0 0 1 15.3343
0 0 0 0 1 15.7621
0 0 0 0 1 16.0247
0 0 0 0 0 16.5361
0 0 0 0 1 17.0529
0 0 0 0 1 17.8206
0 0 0 0 1 40.867
0 0 0 0 1 42.2893
0 0 0 0 1 43.563
0 0 0 0 1 45.5666
0 0 0 0 1 47.6472
0 0 0 0 1 49.9145
0 0 0 0 1 41.9983
0 0 0 0 1 41.8547
0 0 0 0 1 42.007
0 0 0 0 1 42.034
0 0 0 0 1 41.9765
0 0 0 0 1 41.794
0 0 0 0 1 41.8649
0 0 0 0 1 41.9794
0 0 0 0 1 41.7988
0 0 0 0 1 42.5473
0 0 0 0 1 42.5374
0 0 0 0 1 45.5699
0 0 0 0 0 5.03004
0 0 0 0 0 4.96491
0 0 0 0 0 4.99998
0 0 0 0 0 5.00499
0 0 0 0 1 35.0703
0 0 0 0 1 35.2078
0 0 0 0 1 35.3813
0 0 0 0 1 35.0966
0 0 0 0 1 35.6241
0 0 0 0 1 35.094
0 0 0 0 0 35.4816
0 0 0 0 0 35.4819
0 0 0 0 1 35.483
0 0 0 0 1 35.5905
0 0 0 0 1 34.9225
0 0 0 0 1 35.2431
0 0 0 0 1 34.9645
0 0 0 0 0 4.98495
0 0 0 0 0 4.99497
0 0 0 0 0 5.03505
0 0 0 0 0 5.05008
0 0 0 0 0 4.97994
0 0 0 0 0 5.00499
0 0 0 0 0 5.04006
0 0 0 0 0 5.00499
0 0 0 0 0 5.03004
0 0 0 0 1 95.628
0 0 0 0 1 90.1474
0 0 0 0 0 86.0153
0 0 0 0 1 81.6154
0 0 0 0 1 23.3618
0 0 0 0 1 22.3848
0 0 0 0 1 21.3692
0 0 0 0 1 20.4445
0 0 0 0 1 19.9889
0 0 0 0 0 20.22
0 0 0 0 1 20.0084
0 0 0 0 1 20.0792
0 0 0 0 1 20.25
0 0 0 0 0 20.3621
0 0 0 0 1 20.1718
0 0 0 0 1 20.0625
0 0 0 0 1 20.2971
0 0 0 0 1 20.2087
0 0 0 0 1 20.0599
0 0 0 0 1 20.4176
0 0 0 0 1 20.1681
0 0 0 0 1 20.4054
0 0 0 0 1 20.1969
0 0 0 0 0 20.5165
0 0 0 0 1 20.3492
0 0 0 0 1 20.5463
0 0 0 0 1 20.3201
0 0 0 0 1 20.5201
0 0 0 0 1 20.5372
0 0 0 0 1 34.6508
0 0 0 0 1 34.3561
0 0 0 0 0 33.1689
0 0 0 0 1 32.498
0 0 0 0 0 32.3964
0 0 0 0 0 31.2209
0 0 0 0 1 30.9931
0 0 0 0 0 30.1642
0 0 0 0 1 29.5729
0 0 0 0 1 28.985
0 0 0 0 0 28.4751
0 0 0 0 1 28.0035
0 0 0 0 1 27.6063
0 0 0 0 1 27.1441
0 0 0 0 0 26.8263
0 0 0 0 1 26.4877
0 0 0 0 1 26.0454
0 0 0 0 1 25.4764
0 0 0 0 1 25.4016
0 0 0 0 1 24.632
0 0 0 0 1 24.6858
0 0 0 0 1 24.2456
0 0 0 0 1 23.566
0 0 0 0 0 23.2805
0 0 0 0 1 22.8557
0 0 0 0 0 22.9537
0 0 0 0 1 22.4121
0 0 0 0 1 22.1303
0 0 0 0 1 21.7266
0 0 0 0 1 21.7241
0 0 0 0 0 21.3512
0 0 0 0 0 20.9712
0 0 0 0 1 20.874
0 0 0 0 1 20.3401
0 0 0 0 1 20.0883
0 0 0 0 0 20.0867
0 0 0 0 1 19.9109
0 0 0 0 1 19.6558
0 0 0 0 1 19.3722
0 0 0 0 1 19.2625
0 0 0 0 1 19.0842
0 0 0 0 0 18.7278
0 0 0 0 1 18.338
0 0 0 0 1 18.3187
0 0 0 0 0 18.0877
0 0 0 0 1 17.9653
0 0 0 0 1 17.7632
0 0 0 0 1 17.4512
0 0 0 0 1 17.2776
0 0 0 0 0 17.1044
0 0 0 0 0 17.1532
0 0 0 0 1 16.894
0 0 0 0 1 16.7721
0 0 0 0 1 16.6241
0 0 0 0 1 16.4854
0 0 0 0 1 16.2003
0 0 0 0 0 15.9342
0 0 0 0 1 15.8548
0 0 0 0 1 15.7588
0 0 0 0 1 15.5369
0 0 0 0 1 15.6738
0 0 0 0 1 15.2854
0 0 0 0 0 15.1585
0 0 0 0 1 15.2764
0 0 0 0 1 15.1115
0 0 0 0 1 14.9208
0 0 0 0 1 14.693
0 0 0 0 1 14.7656
0 0 0 0 1 14.3684
0 0 0 0 1 14.5199
0 0 0 0 0 14.2619
0 0 0 0 0 14.0719
0 0 0 0 1 14.1784
0 0 0 0 1 14.0084
0 0 0 0 1 13.8257
0 0 0 0 0 13.6119
0 0 0 0 1 13.7498
0 0 0 0 0 13.51
0 0 0 0 0 13.3483
0 0 0 0 1 13.2461
0 0 0 0 1 13.2454
0 0 0 0 0 13.2042
0 0 0 0 1 13.1102
0 0 0 0 1 13.0424
0 0 0 0 1 12.8071
0 0 0 0 1 12.6975
0 0 0 0 1 12.6564
0 0 0 0 0 12.5348
0 0 0 0 0 12.6523
0 0 0 0 1 12.5182
0 0 0 0 1 12.3973
0 0 0 0 1 12.3101
0 0 0 0 1 12.3372
0 0 0 0 1 12.2014
0 0 0 0 1 12.0063
0 0 0 0 1 12.0047
0 0 0 0 1 11.9906
0 0 0 0 1 11.8693
0 0 0 0 1 11.8666
0 0 0 0 1 11.8048
0 0 0 0 0 11.5105
0 0 0 0 1 11.4814
0 0 0 0 1 11.567
0 0 0 0 1 11.3803
0 0 0 0 1 11.3281
0 0 0 0 0 11.3697
0 0 0 0 1 11.1565
0 0 0 0 1 11.2278
0 0 0 0 0 11.0201
0 0 0 0 1 11.0241
0 0 0 0 1 11.0826
0 0 0 0 1 10.8308
0 0 0 0 1 10.9401
0 0 0 0 1 10.7188
0 0 0 0 1 10.676
0 0 0 0 1 10.733
0 0 0 0 1 10.722
0 0 0 0 1 10.5835
0 0 0 0 0 10.6148
0 0 0 0 0 10.4775
0 0 0 0 0 10.4249
0 0 0 0 1 10.3828
0 0 0 0 1 10.4132
0 0 0 0 1 10.2652
0 0 0 0 1 10.1929
0 0 0 0 1 10.2739
0 0 0 0 0 10.1104
0 0 0 0 1 10.1675
0 0 0 0 1 10.0631
0 0 0 0 1 9.96209
0 0 0 0 1 10.0184
0 0 0 0 1 9.98475
0 0 0 0 1 9.85248
0 0 0 0 1 9.73099
0 0 0 0 1 9.81853
0 0 0 0 1 9.65897
0 0 0 0 0 9.59755
0 0 0 0 1 9.60406
0 0 0 0 1 9.63655
0 0 0 0 1 9.53719
0 0 0 0 1 9.61013
0 0 0 0 1 9.58734
0 0 0 0 1 9.43912
0 0 0 0 0 9.48289
0 0 0 0 1 9.31985
0 0 0 0 1 9.30744
0 0 0 0 1 9.32963
0 0 0 0 0 9.27071
0 0 0 0 0 9.16345
0 0 0 0 1 9.28675
0 0 0 0 1 9.13422
0 0 0 0 1 9.21342
0 0 0 0 0 9.01673
0 0 0 0 0 9.00251
0 0 0 0 1 9.09661
0 0 0 0 1 9.01012
0 0 0 0 1 8.96257
0 0 0 0 1 8.93063
0 0 0 0 1 8.80106
0 0 0 0 1 8.90267
0 0 0 0 1 8.78283
0 0 0 0 0 8.8397
0 0 0 0 1 8.68315
0 0 0 0 1 8.77744
0 0 0 0 1 8.6221
0 0 0 0 1 8.69598
0 0 0 0 1 8.62834
0 0 0 0 1 8.53185
0 0 0 0 0 8.6026
0 0 0 0 0 8.53844
0 0 0 0 1 8.48059
0 0 0 0 1 8.49382
0 0 0 0 1 8.54088
0 0 0 0 1 8.41589
0 0 0 0 1 8.44605
0 0 0 0 1 8.3473
0 0 0 0 1 8.46129
0 0 0 0 1 8.31299
0 0 0 0 1 8.29047
0 0 0 0 0 8.26251
0 0 0 0 1 8.34795
0 0 0 0 1 8.18794
0 0 0 0 1 8.21547
0 0 0 0 1 8.13615
0 0 0 0 0 8.13377
0 0 0 0 0 8.09599
0 0 0 0 1 8.20495
0 0 0 0 1 8.19159
0 0 0 0 0 8.12166
0 0 0 0 1 8.15763
0 0 0 0 1 8.08013
0 0 0 0 1 7.96286
0 0 0 0 0 8.0468
0 0 0 0 1 8.04232
0 0 0 0 1 8.05388
0 0 0 0 1 7.89326
0 0 0 0 0 7.97372
0 0 0 0 0 7.85083
0 0 0 0 0 7.88666
0 0 0 0 0 7.81989
0 0 0 0 1 7.81642
0 0 0 0 1 7.86793
0 0 0 0 1 7.84101
0 0 0 0 1 7.87673
0 0 0 0 1 7.86254
0 0 0 0 0 7.82823
0 0 0 0 0 7.68102
0 0 0 0 1 7.79125
0 0 0 0 1 7.70353
0 0 0 0 1 7.7209
0 0 0 0 0 7.65691
0 0 0 0 1 7.647
0 0 0 0 0 7.71813
0 0 0 0 1 7.63187
0 0 0 0 1 7.61469
0 0 0 0 1 7.63997
0 0 0 0 1 7.64579
0 0 0 0 1 7.59107
0 0 0 0 1 7.51055
0 0 0 0 1 7.50935
0 0 0 0 1 7.55344
0 0 0 0 1 7.46616
0 0 0 0 1 7.53288
0 0 0 0 1 7.53953
0 0 0 0 1 7.50533
0 0 0 0 1 7.44509
0 0 0 0 1 7.45221
0 0 0 0 1 7.40746
0 0 0 0 1 7.48904
0 0 0 0 1 7.48154
0 0 0 0 1 7.41129
0 0 0 0 1 7.40419
0 0 0 0 1 7.34922
0 0 0 0 1 7.39016
0 0 0 0 1 7.29531
0 0 0 0 0 7.37695
0 0 0 0 1 7.36276
0 0 0 0 1 7.30532
0 0 0 0 1 7.22634
0 0 0 0 1 7.30406
0 0 0 0 1 7.30886
0 0 0 0 0 7.32506
0 0 0 0 1 7.30825
0 0 0 0 1 7.19009
0 0 0 0 1 7.19958
0 0 0 0 0 7.19052
