0 0 0 0 1 5.24417
0 0 0 0 1 5.15653
0 0 0 0 1 5.2596
0 0 0 0 1 5.23455
0 0 0 0 0 5.22313
0 0 0 0 0 5.27145
0 0 0 0 1 5.25174
0 0 0 0 1 5.2984
0 0 0 0 0 5.27879
0 0 0 0 1 5.28553
0 0 0 0 1 5.33273
0 0 0 0 1 5.27971
0 0 0 0 0 5.32377
0 0 0 0 1 5.2566
0 0 0 0 1 5.28315
0 0 0 0 1 5.33823
0 0 0 0 1 5.35455
0 0 0 0 1 5.29253
0 0 0 0 0 5.31433
0 0 0 0 1 5.33254
0 0 0 0 1 5.32244
0 0 0 0 1 5.40537
0 0 0 0 1 5.4171
0 0 0 0 1 5.41277
0 0 0 0 1 5.38287
0 0 0 0 0 5.37459
0 0 0 0 1 5.37577
0 0 0 0 0 5.39337
0 0 0 0 1 5.47113
0 0 0 0 1 5.51775
0 0 0 0 1 5.44291
0 0 0 0 1 5.45561
0 0 0 0 1 5.46965
0 0 0 0 1 5.5168
0 0 0 0 1 5.57407
0 0 0 0 0 5.48231
0 0 0 0 0 5.55654
0 0 0 0 1 5.57108
0 0 0 0 1 5.60696
0 0 0 0 1 5.55936
0 0 0 0 1 5.54616
0 0 0 0 1 5.616
0 0 0 0 1 5.64692
0 0 0 0 1 5.67241
0 0 0 0 1 5.63121
0 0 0 0 0 5.61726
0 0 0 0 0 5.70458
0 0 0 0 1 5.62909
0 0 0 0 1 5.67787
0 0 0 0 1 5.73267
0 0 0 0 1 5.75341
0 0 0 0 1 5.71757
0 0 0 0 1 5.81262
0 0 0 0 1 5.79342
0 0 0 0 0 5.79731
0 0 0 0 1 5.84248
0 0 0 0 1 5.85821
0 0 0 0 1 5.86185
0 0 0 0 1 5.81982
0 0 0 0 1 5.87675
0 0 0 0 1 5.85704
0 0 0 0 0 5.95623
0 0 0 0 1 5.9372
0 0 0 0 0 5.91761
0 0 0 0 1 5.91624
0 0 0 0 0 5.93277
0 0 0 0 1 5.96737
0 0 0 0 1 5.97176
0 0 0 0 0 5.95892
0 0 0 0 1 6.05999
0 0 0 0 1 6.10146
0 0 0 0 1 6.05202
0 0 0 0 1 6.12417
0 0 0 0 1 6.08032
0 0 0 0 1 6.15327
0 0 0 0 1 6.09696
0 0 0 0 1 6.23167
0 0 0 0 1 6.18183
0 0 0 0 0 6.24929
0 0 0 0 0 6.28607
0 0 0 0 0 6.31696
0 0 0 0 0 6.21628
0 0 0 0 1 6.32879
0 0 0 0 0 6.25267
0 0 0 0 0 6.37871
0 0 0 0 1 6.3784
0 0 0 0 1 6.43559
0 0 0 0 1 6.40336
0 0 0 0 1 6.46093
0 0 0 0 1 6.44143
0 0 0 0 1 6.47353
0 0 0 0 1 6.46686
0 0 0 0 1 6.49917
0 0 0 0 1 6.57099
0 0 0 0 0 6.53812
0 0 0 0 1 6.65666
0 0 0 0 1 6.67677
0 0 0 0 1 6.6902
0 0 0 0 1 6.68369
0 0 0 0 1 6.64352
0 0 0 0 1 6.68372
0 0 0 0 1 6.69711
0 0 0 0 0 6.7241
0 0 0 0 1 6.77165
0 0 0 0 1 6.83317
0 0 0 0 0 6.84701
0 0 0 0 1 6.86088
0 0 0 0 1 6.93703
0 0 0 0 1 6.97904
0 0 0 0 0 6.93737
0 0 0 0 1 6.99346
0 0 0 0 1 6.97944
0 0 0 0 1 7.05011
0 0 0 0 1 7.16398
0 0 0 0 1 7.16434
0 0 0 0 1 7.24359
0 0 0 0 0 7.15749
0 0 0 0 1 7.18635
0 0 0 0 1 7.25169
0 0 0 0 1 7.29554
0 0 0 0 1 7.2662
0 0 0 0 1 7.44292
0 0 0 0 0 7.45068
0 0 0 0 0 7.4583
0 0 0 0 1 7.55563
0 0 0 0 1 7.60103
0 0 0 0 0 7.49537
0 0 0 0 1 7.61647
0 0 0 0 1 7.70797
0 0 0 0 1 7.75409
0 0 0 0 1 7.63839
0 0 0 0 1 7.75384
0 0 0 0 1 7.87033
0 0 0 0 1 7.87007
0 0 0 0 1 7.80648
0 0 0 0 1 7.94
0 0 0 0 1 8.03492
0 0 0 0 1 7.94604
0 0 0 0 1 8.07366
0 0 0 0 1 8.06439
0 0 0 0 0 8.18506
0 0 0 0 1 8.184
0 0 0 0 0 8.19852
0 0 0 0 1 8.23829
0 0 0 0 1 8.38592
0 0 0 0 0 8.33378
0 0 0 0 1 8.46632
0 0 0 0 0 8.54873
0 0 0 0 1 8.53798
0 0 0 0 0 8.54389
0 0 0 0 1 8.69599
0 0 0 0 1 8.78028
0 0 0 0 1 8.83009
0 0 0 0 1 8.74681
0 0 0 0 1 8.92023
0 0 0 0 1 8.98761
0 0 0 0 1 9.08167
0 0 0 0 0 9.05927
0 0 0 0 1 9.14529
0 0 0 0 1 9.07597
0 0 0 0 1 9.32738
0 0 0 0 1 9.32203
0 0 0 0 1 9.37126
0 0 0 0 1 9.38366
0 0 0 0 1 9.53597
0 0 0 0 0 9.59499
0 0 0 0 0 9.73114
0 0 0 0 1 9.74228
0 0 0 0 1 9.72345
0 0 0 0 0 9.86966
0 0 0 0 1 9.8894
0 0 0 0 1 9.9872
0 0 0 0 1 10.0351
0 0 0 0 1 10.1031
0 0 0 0 1 10.3144
0 0 0 0 1 10.3732
0 0 0 0 0 10.3799
0 0 0 0 1 10.4992
0 0 0 0 1 10.6421
0 0 0 0 1 10.5396
0 0 0 0 1 10.7131
0 0 0 0 1 10.8215
0 0 0 0 1 10.9759
0 0 0 0 1 11.0855
0 0 0 0 1 11.0399
0 0 0 0 1 11.2948
0 0 0 0 1 11.2585
0 0 0 0 1 11.5282
0 0 0 0 0 11.5683
0 0 0 0 1 11.5376
0 0 0 0 1 11.7889
0 0 0 0 1 11.9193
0 0 0 0 1 11.9812
0 0 0 0 1 12.0032
0 0 0 0 1 12.1699
0 0 0 0 0 12.2762
0 0 0 0 1 12.4539
0 0 0 0 1 12.4729
0 0 0 0 0 12.6388
0 0 0 0 1 12.9467
0 0 0 0 1 12.931
0 0 0 0 1 13.2266
0 0 0 0 1 13.1287
0 0 0 0 0 13.45
0 0 0 0 1 13.4506
0 0 0 0 0 13.5987
0 0 0 0 0 13.7702
0 0 0 0 1 13.9702
0 0 0 0 1 14.2706
0 0 0 0 1 14.2114
0 0 0 0 0 14.5965
0 0 0 0 0 14.527
0 0 0 0 1 14.9364
0 0 0 0 0 15.0112
0 0 0 0 1 15.2912
0 0 0 0 1 15.2901
0 0 0 0 1 15.5967
0 0 0 0 1 15.8906
0 0 0 0 1 16.0779
0 0 0 0 1 16.1834
0 0 0 0 1 16.4015
0 0 0 0 1 16.873
0 0 0 0 1 16.8597
0 0 0 0 1 14.7585
0 0 0 0 0 14.4751
0 0 0 0 1 14.5168
0 0 0 0 1 14.6725
0 0 0 0 1 14.5221
0 0 0 0 1 14.5351
0 0 0 0 1 14.4148
0 0 0 0 1 14.3848
0 0 0 0 1 14.3815
0 0 0 0 1 14.5956
0 0 0 0 1 14.5083
0 0 0 0 0 14.3058
0 0 0 0 1 14.4623
0 0 0 0 1 14.2873
0 0 0 0 0 14.504
0 0 0 0 1 14.4183
0 0 0 0 1 14.2589
0 0 0 0 1 14.2172
0 0 0 0 1 14.2597
0 0 0 0 1 14.4192
0 0 0 0 0 14.4068
0 0 0 0 1 14.178
0 0 0 0 1 14.395
0 0 0 0 1 14.1529
0 0 0 0 0 14.1845
0 0 0 0 1 14.3446
0 0 0 0 1 14.1342
0 0 0 0 1 14.3783
0 0 0 0 1 14.1687
0 0 0 0 1 14.1872
0 0 0 0 1 14.3178
0 0 0 0 1 14.2138
0 0 0 0 1 14.7477
0 0 0 0 1 15.1671
0 0 0 0 1 15.6839
0 0 0 0 1 16.2183
0 0 0 0 0 16.5028
0 0 0 0 1 17.1217
0 0 0 0 1 17.9808
0 0 0 0 0 40.8263
0 0 0 0 0 41.9098
0 0 0 0 1 44.0446
0 0 0 0 1 45.8397
0 0 0 0 1 47.8369
0 0 0 0 0 49.3209
0 0 0 0 0 42.5058
0 0 0 0 1 42.7003
0 0 0 0 0 42.0492
0 0 0 0 1 42.6254
0 0 0 0 1 42.1877
0 0 0 0 0 42.6384
0 0 0 0 1 42.5402
0 0 0 0 1 42.6123
0 0 0 0 0 42.5158
0 0 0 0 0 42.3365
0 0 0 0 1 42.2001
0 0 0 0 1 45.2954
0 0 0 0 0 5.00499
0 0 0 0 0 4.96491
0 0 0 0 0 4.96992
0 0 0 0 0 5.03004
0 0 0 0 0 35.3878
0 0 0 0 1 35.1373
0 0 0 0 1 35.4518
0 0 0 0 1 35.2025
0 0 0 0 0 35.5183
0 0 0 0 1 35.4819
0 0 0 0 1 35.2347
0 0 0 0 1 35.4467
0 0 0 0 1 35.4477
0 0 0 0 1 35.4494
0 0 0 0 1 35.4869
0 0 0 0 0 35.0315
0 0 0 0 1 35.4937
0 0 0 0 0 5.00499
0 0 0 0 0 4.96491
0 0 0 0 0 5.02002
0 0 0 0 0 4.96491
0 0 0 0 0 5.02503
0 0 0 0 0 5.04507
0 0 0 0 0 5.03505
0 0 0 0 0 5.0601
0 0 0 0 0 4.98495
0 0 0 0 1 94.6726
0 0 0 0 1 90.8679
0 0 0 0 1 84.7353
0 0 0 0 0 81.7774
0 0 0 0 1 23.3385
0 0 0 0 1 21.9637
0 0 0 0 0 21.348
0 0 0 0 1 20.4242
0 0 0 0 1 20.1902
0 0 0 0 0 20.22
0 0 0 0 0 20.0688
0 0 0 0 0 20.1195
0 0 0 0 1 20.0887
0 0 0 0 1 19.9989
0 0 0 0 1 20.1314
0 0 0 0 0 20.1231
0 0 0 0 1 20.2365
0 0 0 0 0 20.2896
0 0 0 0 1 20.4445
0 0 0 0 1 20.0732
0 0 0 0 1 20.3708
0 0 0 0 1 20.2431
0 0 0 0 1 20.1157
0 0 0 0 1 20.1306
0 0 0 0 0 20.5118
0 0 0 0 1 20.2208
0 0 0 0 1 20.3405
0 0 0 0 1 20.5812
0 0 0 0 1 20.2721
0 0 0 0 1 34.8953
0 0 0 0 1 34.4245
0 0 0 0 1 33.2693
0 0 0 0 0 32.6293
0 0 0 0 1 32.3321
0 0 0 0 1 31.5993
0 0 0 0 1 30.6529
0 0 0 0 1 30.1339
0 0 0 0 1 29.9303
0 0 0 0 1 29.2485
0 0 0 0 1 28.7339
0 0 0 0 1 28.5404
0 0 0 0 1 27.4952
0 0 0 0 1 27.4172
0 0 0 0 1 26.6651
0 0 0 0 0 26.6198
0 0 0 0 1 25.9414
0 0 0 0 1 25.3741
0 0 0 0 0 25.1242
0 0 0 0 1 24.5824
0 0 0 0 1 24.7103
0 0 0 0 0 23.86
0 0 0 0 1 23.9461
0 0 0 0 0 23.3274
0 0 0 0 1 22.948
0 0 0 0 1 22.9082
0 0 0 0 1 22.2324
0 0 0 0 1 22.3075
0 0 0 0 1 22.0327
0 0 0 0 1 21.5299
0 0 0 0 1 21.5218
0 0 0 0 0 20.9501
0 0 0 0 0 20.9364
0 0 0 0 1 20.4223
0 0 0 0 1 20.21
0 0 0 0 0 20.2471
0 0 0 0 1 19.7128
0 0 0 0 1 19.5579
0 0 0 0 1 19.5464
0 0 0 0 1 19.1668
0 0 0 0 1 19.0842
0 0 0 0 1 18.8588
0 0 0 0 1 18.4305
0 0 0 0 1 18.3736
0 0 0 0 1 18.0515
0 0 0 0 1 17.9295
0 0 0 0 1 17.8519
0 0 0 0 1 17.6972
0 0 0 0 1 17.469
0 0 0 0 0 17.1561
0 0 0 0 0 17.0168
0 0 0 0 1 16.8602
0 0 0 0 1 16.7386
0 0 0 0 0 16.4586
0 0 0 0 1 16.4526
0 0 0 0 1 16.3303
0 0 0 0 1 15.9503
0 0 0 0 1 15.8867
0 0 0 0 1 15.6482
0 0 0 0 1 15.8032
0 0 0 0 0 15.6582
0 0 0 0 1 15.4855
0 0 0 0 0 15.3263
0 0 0 0 1 15.0949
0 0 0 0 1 15.0816
0 0 0 0 1 15.0249
0 0 0 0 0 14.7668
0 0 0 0 1 14.7071
0 0 0 0 1 14.4265
0 0 0 0 1 14.2608
0 0 0 0 1 14.2477
0 0 0 0 0 14.2278
0 0 0 0 1 13.939
0 0 0 0 1 14.0642
0 0 0 0 0 13.9227
0 0 0 0 0 13.7356
0 0 0 0 1 13.6952
0 0 0 0 1 13.4151
0 0 0 0 1 13.5367
0 0 0 0 1 13.433
0 0 0 0 1 13.1791
0 0 0 0 1 13.0857
0 0 0 0 1 13.2017
0 0 0 0 0 12.8737
0 0 0 0 1 12.8071
0 0 0 0 1 12.7103
0 0 0 0 1 12.6183
0 0 0 0 0 12.5979
0 0 0 0 1 12.577
0 0 0 0 1 12.4932
0 0 0 0 1 12.2736
0 0 0 0 0 12.3224
0 0 0 0 1 12.2639
0 0 0 0 1 12.0436
0 0 0 0 1 12.139
0 0 0 0 1 12.0407
0 0 0 0 1 11.9787
0 0 0 0 1 11.7627
0 0 0 0 1 11.7136
0 0 0 0 1 11.7931
0 0 0 0 1 11.6035
0 0 0 0 1 11.597
0 0 0 0 1 11.5326
0 0 0 0 1 11.3917
0 0 0 0 1 11.3963
0 0 0 0 1 11.3245
0 0 0 0 1 11.325
0 0 0 0 0 11.1608
0 0 0 0 1 10.9979
0 0 0 0 1 10.9358
0 0 0 0 0 11.0935
0 0 0 0 0 11.0057
0 0 0 0 1 10.8096
0 0 0 0 0 10.6972
0 0 0 0 1 10.8158
0 0 0 0 0 10.7223
0 0 0 0 1 10.6048
0 0 0 0 1 10.5835
0 0 0 0 1 10.6359
0 0 0 0 0 10.6035
0 0 0 0 1 10.3935
0 0 0 0 1 10.3724
0 0 0 0 1 10.2995
0 0 0 0 1 10.3373
0 0 0 0 0 10.2851
0 0 0 0 1 10.2434
0 0 0 0 1 10.08
0 0 0 0 1 10.1978
0 0 0 0 0 10.0128
0 0 0 0 0 10.0421
0 0 0 0 1 10.0283
0 0 0 0 1 9.86576
0 0 0 0 1 9.85248
0 0 0 0 1 9.92758
0 0 0 0 0 9.75985
0 0 0 0 1 9.70765
0 0 0 0 1 9.74297
0 0 0 0 1 9.5558
0 0 0 0 1 9.67502
0 0 0 0 0 9.60422
0 0 0 0 1 9.54339
0 0 0 0 1 9.50191
0 0 0 0 1 9.37292
0 0 0 0 0 9.4358
0 0 0 0 1 9.30109
0 0 0 0 1 9.28877
0 0 0 0 1 9.32963
0 0 0 0 1 9.24292
0 0 0 0 1 9.32033
0 0 0 0 1 9.28675
0 0 0 0 1 9.21668
0 0 0 0 1 9.19518
0 0 0 0 1 9.03491
0 0 0 0 1 9.09308
0 0 0 0 1 8.97929
0 0 0 0 1 8.95617
0 0 0 0 0 8.89094
0 0 0 0 1 9.01092
0 0 0 0 0 8.83662
0 0 0 0 1 8.8318
0 0 0 0 0 8.83579
0 0 0 0 1 8.77813
0 0 0 0 1 8.80594
0 0 0 0 1 8.6639
0 0 0 0 0 8.67435
0 0 0 0 1 8.6873
0 0 0 0 1 8.60237
0 0 0 0 1 8.63527
0 0 0 0 1 8.50806
0 0 0 0 1 8.49562
0 0 0 0 1 8.52329
0 0 0 0 0 8.58744
0 0 0 0 1 8.45606
0 0 0 0 1 8.42435
0 0 0 0 1 8.45448
0 0 0 0 1 8.44818
0 0 0 0 1 8.34401
0 0 0 0 1 8.40489
0 0 0 0 1 8.34879
0 0 0 0 1 8.22099
0 0 0 0 1 8.29826
0 0 0 0 1 8.29524
0 0 0 0 0 8.19078
0 0 0 0 1 8.21825
0 0 0 0 1 8.20741
0 0 0 0 0 8.21841
0 0 0 0 0 8.21309
0 0 0 0 1 8.09417
0 0 0 0 1 8.13785
0 0 0 0 1 8.02827
0 0 0 0 1 8.0882
0 0 0 0 1 8.01112
0 0 0 0 1 7.99866
0 0 0 0 1 7.9543
0 0 0 0 1 7.97406
0 0 0 0 1 7.96487
0 0 0 0 0 8.01343
0 0 0 0 1 7.84291
0 0 0 0 1 7.87086
0 0 0 0 1 7.81201
0 0 0 0 0 7.80069
0 0 0 0 1 7.7738
0 0 0 0 1 7.80971
0 0 0 0 1 7.88454
0 0 0 0 1 7.808
0 0 0 0 1 7.81268
0 0 0 0 0 7.68102
0 0 0 0 1 7.77577
0 0 0 0 1 7.71125
0 0 0 0 1 7.64385
0 0 0 0 1 7.74917
0 0 0 0 1 7.63933
0 0 0 0 1 7.66453
0 0 0 0 1 7.60131
0 0 0 0 0 7.68329
0 0 0 0 1 7.61714
0 0 0 0 0 7.55468
0 0 0 0 1 7.51532
0 0 0 0 0 7.53324
0 0 0 0 1 7.58482
0 0 0 0 1 7.53838
0 0 0 0 1 7.4812
0 0 0 0 1 7.43534
0 0 0 0 1 7.53953
0 0 0 0 0 7.41563
0 0 0 0 1 7.44509
0 0 0 0 1 7.43732
0 0 0 0 1 7.48927
0 0 0 0 1 7.37029
0 0 0 0 1 7.46672
0 0 0 0 0 7.42609
0 0 0 0 1 7.4411
0 0 0 0 0 7.41556
0 0 0 0 1 7.41225
0 0 0 0 1 7.29531
0 0 0 0 1 7.37695
0 0 0 0 0 7.37009
0 0 0 0 1 7.31995
0 0 0 0 1 7.27743
0 0 0 0 0 7.31864
0 0 0 0 1 7.20694
0 0 0 0 1 7.24512
0 0 0 0 1 7.3155
0 0 0 0 1 7.22633
0 0 0 0 1 7.17787
0 0 0 0 1 7.25556
