0 0 0 0 1 5.20775
0 0 0 0 1 5.23466
0 0 0 0 1 5.22307
0 0 0 0 1 5.23977
0 0 0 0 1 5.18126
0 0 0 0 1 5.26621
0 0 0 0 1 5.27797
0 0 0 0 1 5.23532
0 0 0 0 0 5.26827
0 0 0 0 0 5.29607
0 0 0 0 0 5.30105
0 0 0 0 0 5.26913
0 0 0 0 1 5.24961
0 0 0 0 1 5.34147
0 0 0 0 0 5.29378
0 0 0 0 1 5.36484
0 0 0 0 1 5.29588
0 0 0 0 1 5.35662
0 0 0 0 1 5.39996
0 0 0 0 1 5.37542
0 0 0 0 1 5.403
0 0 0 0 1 5.33545
0 0 0 0 1 5.33625
0 0 0 0 1 5.37495
0 0 0 0 1 5.37205
0 0 0 0 1 5.42335
0 0 0 0 0 5.46265
0 0 0 0 1 5.45868
0 0 0 0 1 5.50386
0 0 0 0 1 5.50136
0 0 0 0 1 5.42648
0 0 0 0 0 5.45012
0 0 0 0 1 5.52462
0 0 0 0 0 5.48376
0 0 0 0 1 5.46921
0 0 0 0 0 5.58189
0 0 0 0 1 5.48999
0 0 0 0 1 5.50443
0 0 0 0 1 5.6181
0 0 0 0 1 5.58727
0 0 0 0 1 5.60207
0 0 0 0 0 5.58237
0 0 0 0 1 5.56264
0 0 0 0 1 5.65552
0 0 0 0 1 5.59735
0 0 0 0 1 5.6512
0 0 0 0 1 5.62511
0 0 0 0 1 5.62909
0 0 0 0 0 5.72918
0 0 0 0 1 5.76125
0 0 0 0 1 5.68464
0 0 0 0 1 5.75201
0 0 0 0 1 5.70893
0 0 0 0 1 5.82807
0 0 0 0 1 5.75098
0 0 0 0 1 5.79607
0 0 0 0 1 5.80004
0 0 0 0 0 5.79762
0 0 0 0 1 5.79643
0 0 0 0 0 5.91781
0 0 0 0 1 5.86881
0 0 0 0 1 5.89136
0 0 0 0 0 5.90763
0 0 0 0 1 5.88794
0 0 0 0 1 5.92814
0 0 0 0 1 5.92084
0 0 0 0 1 5.97335
0 0 0 0 1 5.97776
0 0 0 0 0 6.05523
0 0 0 0 1 6.06603
0 0 0 0 1 6.11357
0 0 0 0 0 6.03986
0 0 0 0 0 6.06933
0 0 0 0 1 6.16596
0 0 0 0 1 6.07359
0 0 0 0 1 6.18925
0 0 0 0 0 6.18844
0 0 0 0 1 6.23134
0 0 0 0 1 6.15611
0 0 0 0 0 6.2736
0 0 0 0 1 6.2982
0 0 0 0 1 6.22255
0 0 0 0 1 6.32879
0 0 0 0 1 6.29057
0 0 0 0 1 6.32165
0 0 0 0 1 6.3784
0 0 0 0 1 6.44197
0 0 0 0 1 6.41618
0 0 0 0 0 6.44805
0 0 0 0 0 6.4737
0 0 0 0 1 6.51889
0 0 0 0 0 6.43436
0 0 0 0 1 6.51222
0 0 0 0 1 6.61685
0 0 0 0 1 6.6104
0 0 0 0 1 6.57749
0 0 0 0 0 6.58394
0 0 0 0 1 6.6636
0 0 0 0 1 6.6503
0 0 0 0 1 6.63682
0 0 0 0 0 6.73756
0 0 0 0 1 6.69711
0 0 0 0 1 6.83266
0 0 0 0 0 6.82615
0 0 0 0 1 6.83317
0 0 0 0 0 6.84014
0 0 0 0 0 6.87468
0 0 0 0 1 6.95088
0 0 0 0 1 6.94424
0 0 0 0 1 7.04216
0 0 0 0 1 7.04957
0 0 0 0 1 7.05699
0 0 0 0 1 7.09966
0 0 0 0 1 7.07861
0 0 0 0 0 7.12863
0 0 0 0 0 7.23641
0 0 0 0 0 7.22236
0 0 0 0 0 7.20809
0 0 0 0 1 7.3317
0 0 0 0 1 7.32478
0 0 0 0 0 7.35428
0 0 0 0 0 7.36915
0 0 0 0 1 7.4062
0 0 0 0 1 7.48811
0 0 0 0 0 7.48075
0 0 0 0 1 7.46556
0 0 0 0 0 7.60883
0 0 0 0 1 7.61647
0 0 0 0 1 7.70797
0 0 0 0 0 7.65429
0 0 0 0 1 7.72326
0 0 0 0 1 7.79265
0 0 0 0 1 7.72213
0 0 0 0 1 7.79945
0 0 0 0 1 7.83014
0 0 0 0 1 7.9162
0 0 0 0 1 7.98709
0 0 0 0 1 7.98613
0 0 0 0 0 8.04949
0 0 0 0 1 8.15355
0 0 0 0 1 8.21767
0 0 0 0 1 8.15942
0 0 0 0 1 8.25626
0 0 0 0 1 8.32946
0 0 0 0 0 8.42764
0 0 0 0 1 8.32539
0 0 0 0 1 8.51697
0 0 0 0 1 8.46375
0 0 0 0 1 8.55508
0 0 0 0 1 8.57827
0 0 0 0 1 8.61812
0 0 0 0 1 8.75417
0 0 0 0 0 8.76883
0 0 0 0 1 8.72918
0 0 0 0 1 8.93796
0 0 0 0 0 8.84481
0 0 0 0 1 9.03671
0 0 0 0 1 8.98687
0 0 0 0 1 9.0542
0 0 0 0 1 9.07597
0 0 0 0 1 9.2812
0 0 0 0 1 9.28485
0 0 0 0 1 9.35254
0 0 0 0 0 9.44961
0 0 0 0 0 9.54547
0 0 0 0 1 9.63326
0 0 0 0 1 9.6926
0 0 0 0 1 9.79079
0 0 0 0 1 9.84071
0 0 0 0 0 9.82041
0 0 0 0 1 10.0183
0 0 0 0 1 10.0072
0 0 0 0 1 9.98476
0 0 0 0 1 10.1031
0 0 0 0 0 10.1711
0 0 0 0 1 10.2804
0 0 0 0 0 10.3591
0 0 0 0 1 10.4049
0 0 0 0 1 10.4732
0 0 0 0 1 10.7525
0 0 0 0 0 10.7024
0 0 0 0 1 10.8756
0 0 0 0 1 10.9977
0 0 0 0 1 11.0855
0 0 0 0 1 11.2289
0 0 0 0 1 11.2387
0 0 0 0 1 11.3829
0 0 0 0 1 11.3227
0 0 0 0 1 11.6374
0 0 0 0 1 11.5143
0 0 0 0 1 11.7889
0 0 0 0 1 11.7415
0 0 0 0 1 11.8975
0 0 0 0 1 12.124
0 0 0 0 1 12.0968
0 0 0 0 1 12.3378
0 0 0 0 1 12.5161
0 0 0 0 1 12.4729
0 0 0 0 0 12.7403
0 0 0 0 0 12.8826
0 0 0 0 1 12.9829
0 0 0 0 1 13.004
0 0 0 0 0 13.2214
0 0 0 0 0 13.4098
0 0 0 0 1 13.4641
0 0 0 0 0 13.7766
0 0 0 0 1 13.9086
0 0 0 0 1 14.0822
0 0 0 0 1 14.1148
0 0 0 0 1 14.3117
0 0 0 0 1 14.553
0 0 0 0 1 14.7324
0 0 0 0 1 14.9513
0 0 0 0 1 15.1015
0 0 0 0 1 15.276
0 0 0 0 0 15.2901
0 0 0 0 1 15.503
0 0 0 0 1 15.9855
0 0 0 0 1 16.2063
0 0 0 0 1 16.2973
0 0 0 0 0 16.5664
0 0 0 0 1 16.6556
0 0 0 0 1 16.7918
0 0 0 0 1 14.656
0 0 0 0 1 14.5482
0 0 0 0 1 14.5606
0 0 0 0 0 14.7162
0 0 0 0 1 14.4784
0 0 0 0 0 14.637
0 0 0 0 0 14.5602
0 0 0 0 1 14.617
0 0 0 0 1 14.396
0 0 0 0 0 14.3929
0 0 0 0 1 14.3926
0 0 0 0 1 14.3491
0 0 0 0 1 14.3324
0 0 0 0 1 14.4458
0 0 0 0 1 14.3167
0 0 0 0 1 14.2744
0 0 0 0 1 14.5176
0 0 0 0 1 14.4326
0 0 0 0 1 14.4462
0 0 0 0 1 14.3475
0 0 0 0 1 14.3781
0 0 0 0 1 14.1637
0 0 0 0 1 14.2663
0 0 0 0 1 14.31
0 0 0 0 1 14.2273
0 0 0 0 0 14.1165
0 0 0 0 1 14.3907
0 0 0 0 0 14.3783
0 0 0 0 1 14.3537
0 0 0 0 1 14.3009
0 0 0 0 0 14.0621
0 0 0 0 1 14.4005
0 0 0 0 0 14.7477
0 0 0 0 1 15.2735
0 0 0 0 0 15.7465
0 0 0 0 1 16.1215
0 0 0 0 0 16.5361
0 0 0 0 0 17.2766
0 0 0 0 0 17.8384
0 0 0 0 1 40.4197
0 0 0 0 0 42.2893
0 0 0 0 1 43.344
0 0 0 0 1 45.0658
0 0 0 0 1 47.1731
0 0 0 0 1 49.6177
0 0 0 0 1 42.4212
0 0 0 0 1 42.4466
0 0 0 0 1 42.0492
0 0 0 0 1 42.0763
0 0 0 0 1 42.4411
0 0 0 0 0 42.1318
0 0 0 0 1 42.6246
0 0 0 0 0 41.9794
0 0 0 0 1 42.0097
0 0 0 0 1 41.8726
0 0 0 0 1 42.4952
0 0 0 0 1 45.3411
0 0 0 0 0 5.0601
0 0 0 0 0 5.01501
0 0 0 0 0 5.04006
0 0 0 0 0 4.98996
0 0 0 0 1 35.4937
0 0 0 0 1 34.9256
0 0 0 0 0 35.3813
0 0 0 0 0 35.0261
0 0 0 0 0 35.4124
0 0 0 0 1 35.4114
0 0 0 0 1 35.5169
0 0 0 0 1 35.1645
0 0 0 0 0 35.4124
0 0 0 0 0 35.5905
0 0 0 0 1 34.9578
0 0 0 0 1 35.3842
0 0 0 0 1 35.3878
0 0 0 0 0 5.03004
0 0 0 0 0 5.02002
0 0 0 0 0 4.99998
0 0 0 0 0 5.02002
0 0 0 0 0 5.00499
0 0 0 0 0 4.9599
0 0 0 0 0 4.97994
0 0 0 0 0 5.02002
0 0 0 0 0 4.9599
0 0 0 0 1 94.6726
0 0 0 0 1 90.8679
0 0 0 0 1 85.8446
0 0 0 0 0 81.2106
0 0 0 0 1 23.1291
0 0 0 0 1 22.2075
0 0 0 0 1 21.2634
0 0 0 0 0 20.1004
0 0 0 0 1 20.0694
0 0 0 0 0 20.1797
0 0 0 0 1 20.089
0 0 0 0 1 20.0993
0 0 0 0 1 20.2702
0 0 0 0 1 20.3823
0 0 0 0 1 20.3939
0 0 0 0 1 20.1231
0 0 0 0 1 20.1758
0 0 0 0 1 20.1885
0 0 0 0 1 20.0396
0 0 0 0 1 20.215
0 0 0 0 1 20.087
0 0 0 0 1 20.3445
0 0 0 0 1 20.3389
0 0 0 0 0 20.4759
0 0 0 0 1 20.2069
0 0 0 0 0 20.4649
0 0 0 0 1 20.3405
0 0 0 0 1 20.4182
0 0 0 0 0 20.5168
0 0 0 0 1 34.7556
0 0 0 0 1 33.9801
0 0 0 0 1 33.8048
0 0 0 0 1 32.6621
0 0 0 0 0 31.8495
0 0 0 0 1 31.694
0 0 0 0 1 30.9003
0 0 0 0 1 30.0732
0 0 0 0 1 29.8112
0 0 0 0 0 29.512
0 0 0 0 1 29.0216
0 0 0 0 1 28.0318
0 0 0 0 1 27.523
0 0 0 0 0 27.1987
0 0 0 0 1 27.0679
0 0 0 0 1 26.2765
0 0 0 0 0 25.9414
0 0 0 0 1 25.7066
0 0 0 0 1 25.4016
0 0 0 0 1 24.632
0 0 0 0 1 24.4167
0 0 0 0 1 24.342
0 0 0 0 1 23.5185
0 0 0 0 0 23.5616
0 0 0 0 1 22.8557
0 0 0 0 1 22.5894
0 0 0 0 1 22.6591
0 0 0 0 1 21.9752
0 0 0 0 1 21.7048
0 0 0 0 1 21.7025
0 0 0 0 1 21.2445
0 0 0 0 1 21.1817
0 0 0 0 1 20.6661
0 0 0 0 1 20.6688
0 0 0 0 1 20.2506
0 0 0 0 1 20.1068
0 0 0 0 1 19.9109
0 0 0 0 0 19.4404
0 0 0 0 1 19.3915
0 0 0 0 1 18.9755
0 0 0 0 1 18.8194
0 0 0 0 1 18.7278
0 0 0 0 1 18.3935
0 0 0 0 1 18.3187
0 0 0 0 0 18.0153
0 0 0 0 0 17.8937
0 0 0 0 1 17.5857
0 0 0 0 1 17.5039
0 0 0 0 1 17.5734
0 0 0 0 1 17.2766
0 0 0 0 0 17.2214
0 0 0 0 1 16.9446
0 0 0 0 1 16.6216
0 0 0 0 0 16.5248
0 0 0 0 1 16.3541
0 0 0 0 1 16.2003
0 0 0 0 1 16.0147
0 0 0 0 1 15.8867
0 0 0 0 1 15.9485
0 0 0 0 1 15.8189
0 0 0 0 1 15.3789
0 0 0 0 1 15.3315
0 0 0 0 0 15.372
0 0 0 0 0 14.9739
0 0 0 0 0 14.9466
0 0 0 0 1 14.9356
0 0 0 0 1 14.7963
0 0 0 0 1 14.5171
0 0 0 0 0 14.4845
0 0 0 0 1 14.5343
0 0 0 0 0 14.3761
0 0 0 0 1 14.1569
0 0 0 0 1 14.0939
0 0 0 0 1 13.8827
0 0 0 0 1 13.8119
0 0 0 0 1 13.8594
0 0 0 0 1 13.5996
0 0 0 0 1 13.4558
0 0 0 0 1 13.4694
0 0 0 0 0 13.2327
0 0 0 0 1 13.2056
0 0 0 0 1 13.2569
0 0 0 0 0 13.0841
0 0 0 0 1 12.9646
0 0 0 0 1 12.8071
0 0 0 0 1 12.7871
0 0 0 0 0 12.7707
0 0 0 0 1 12.7494
0 0 0 0 1 12.4266
0 0 0 0 1 12.4061
0 0 0 0 0 12.4097
0 0 0 0 1 12.3962
0 0 0 0 1 12.3005
0 0 0 0 1 12.08
0 0 0 0 1 12.139
0 0 0 0 1 12.0647
0 0 0 0 1 12.0264
0 0 0 0 0 11.7746
0 0 0 0 1 11.7371
0 0 0 0 0 11.7697
0 0 0 0 1 11.5105
0 0 0 0 1 11.6317
0 0 0 0 0 11.5326
0 0 0 0 1 11.4831
0 0 0 0 1 11.4531
0 0 0 0 1 11.2229
0 0 0 0 0 11.1565
0 0 0 0 1 11.239
0 0 0 0 1 11.1201
0 0 0 0 1 11.1236
0 0 0 0 1 10.9617
0 0 0 0 0 10.9838
0 0 0 0 0 10.9183
0 0 0 0 1 10.816
0 0 0 0 1 10.8265
0 0 0 0 1 10.6366
0 0 0 0 1 10.6261
0 0 0 0 1 10.5941
0 0 0 0 1 10.4882
0 0 0 0 1 10.3936
0 0 0 0 1 10.5189
0 0 0 0 1 10.3724
0 0 0 0 1 10.4442
0 0 0 0 0 10.3064
0 0 0 0 1 10.1724
0 0 0 0 0 10.121
0 0 0 0 1 10.08
0 0 0 0 1 10.0565
0 0 0 0 1 9.99271
0 0 0 0 1 10.0821
0 0 0 0 0 9.98851
0 0 0 0 1 9.85585
0 0 0 0 1 9.9512
0 0 0 0 1 9.87843
0 0 0 0 0 9.87721
0 0 0 0 1 9.82449
0 0 0 0 0 9.70419
0 0 0 0 0 9.64267
0 0 0 0 0 9.68464
0 0 0 0 1 9.66167
0 0 0 0 1 9.58152
0 0 0 0 1 9.57785
0 0 0 0 0 9.42966
0 0 0 0 1 9.44522
0 0 0 0 1 9.30109
0 0 0 0 1 9.2701
0 0 0 0 1 9.24591
0 0 0 0 1 9.25219
0 0 0 0 1 9.145
0 0 0 0 1 9.13044
0 0 0 0 1 9.21668
0 0 0 0 0 9.15869
0 0 0 0 1 9.07127
0 0 0 0 1 8.97534
0 0 0 0 1 9.10563
0 0 0 0 1 9.0371
0 0 0 0 1 8.9178
0 0 0 0 0 8.88602
0 0 0 0 0 8.96107
0 0 0 0 1 8.86723
0 0 0 0 0 8.87993
0 0 0 0 0 8.77813
0 0 0 0 1 8.72701
0 0 0 0 1 8.68137
0 0 0 0 1 8.78757
0 0 0 0 1 8.70466
0 0 0 0 0 8.60237
0 0 0 0 1 8.70421
0 0 0 0 1 8.54244
0 0 0 0 0 8.54701
0 0 0 0 1 8.58308
0 0 0 0 1 8.46829
0 0 0 0 1 8.40518
0 0 0 0 1 8.39051
0 0 0 0 0 8.36176
0 0 0 0 1 8.35571
0 0 0 0 1 8.29374
0 0 0 0 1 8.37982
0 0 0 0 1 8.3238
0 0 0 0 0 8.32064
0 0 0 0 1 8.20716
0 0 0 0 1 8.23746
0 0 0 0 1 8.21547
0 0 0 0 1 8.1772
0 0 0 0 1 8.24015
0 0 0 0 0 8.07967
0 0 0 0 1 8.21309
0 0 0 0 1 8.07794
0 0 0 0 1 8.05688
0 0 0 0 1 8.03635
0 0 0 0 1 7.99949
0 0 0 0 0 8.10764
0 0 0 0 1 8.08691
0 0 0 0 1 7.98631
0 0 0 0 1 7.92617
0 0 0 0 1 7.94896
0 0 0 0 1 7.87842
0 0 0 0 1 7.88252
0 0 0 0 1 7.87876
0 0 0 0 1 7.81201
0 0 0 0 1 7.90292
0 0 0 0 1 7.79733
0 0 0 0 1 7.90361
0 0 0 0 0 7.82989
0 0 0 0 1 7.84696
0 0 0 0 1 7.84377
0 0 0 0 1 7.77403
0 0 0 0 1 7.75256
0 0 0 0 1 7.65722
0 0 0 0 1 7.69008
0 0 0 0 1 7.61079
0 0 0 0 1 7.62399
0 0 0 0 0 7.71047
0 0 0 0 1 7.65479
0 0 0 0 1 7.56896
0 0 0 0 1 7.54866
0 0 0 0 1 7.5319
0 0 0 0 1 7.5835
0 0 0 0 1 7.51055
0 0 0 0 1 7.62256
0 0 0 0 0 7.51579
0 0 0 0 1 7.5639
0 0 0 0 1 7.43534
0 0 0 0 0 7.53953
0 0 0 0 1 7.53524
0 0 0 0 1 7.44509
0 0 0 0 1 7.4671
0 0 0 0 1 7.42234
0 0 0 0 1 7.34802
0 0 0 0 1 7.43709
0 0 0 0 1 7.47046
0 0 0 0 1 7.33037
0 0 0 0 1 7.29762
0 0 0 0 1 7.3092
0 0 0 0 0 7.36878
0 0 0 0 1 7.28162
0 0 0 0 1 7.34811
0 0 0 0 1 7.24682
0 0 0 0 1 7.31393
0 0 0 0 1 7.26032
0 0 0 0 1 7.33798
0 0 0 0 1 7.19426
0 0 0 0 1 7.32276
0 0 0 0 0 7.25532
0 0 0 0 1 7.30088
0 0 0 0 1 7.29169
