0 0 0 0 1 5.16093
0 0 0 0 0 5.2607
0 0 0 0 1 5.23873
0 0 0 0 1 5.27634
0 0 0 0 1 5.20743
0 0 0 0 1 5.28193
0 0 0 0 1 5.28322
0 0 0 0 1 5.25109
0 0 0 0 1 5.21037
0 0 0 0 1 5.2908
0 0 0 0 0 5.23241
0 0 0 0 1 5.26913
0 0 0 0 1 5.33436
0 0 0 0 1 5.2619
0 0 0 0 1 5.26189
0 0 0 0 1 5.3542
0 0 0 0 0 5.37588
0 0 0 0 1 5.39401
0 0 0 0 1 5.35715
0 0 0 0 1 5.32182
0 0 0 0 1 5.38689
0 0 0 0 1 5.3731
0 0 0 0 0 5.34703
0 0 0 0 1 5.40736
0 0 0 0 1 5.37746
0 0 0 0 1 5.4396
0 0 0 0 1 5.39206
0 0 0 0 1 5.49133
0 0 0 0 1 5.46568
0 0 0 0 1 5.44673
0 0 0 0 1 5.44291
0 0 0 0 0 5.45012
0 0 0 0 0 5.51912
0 0 0 0 1 5.52781
0 0 0 0 1 5.54647
0 0 0 0 1 5.50444
0 0 0 0 1 5.50108
0 0 0 0 1 5.5322
0 0 0 0 1 5.55685
0 0 0 0 1 5.55378
0 0 0 0 1 5.6412
0 0 0 0 1 5.65524
0 0 0 0 1 5.60759
0 0 0 0 1 5.58792
0 0 0 0 1 5.63121
0 0 0 0 1 5.63988
0 0 0 0 1 5.73296
0 0 0 0 1 5.73144
0 0 0 0 1 5.68927
0 0 0 0 1 5.77268
0 0 0 0 1 5.78206
0 0 0 0 1 5.76923
0 0 0 0 1 5.72621
0 0 0 0 1 5.74721
0 0 0 0 1 5.83785
0 0 0 0 1 5.83088
0 0 0 0 1 5.81167
0 0 0 0 1 5.78011
0 0 0 0 1 5.86077
0 0 0 0 1 5.80637
0 0 0 0 1 5.93945
0 0 0 0 0 5.92675
0 0 0 0 1 5.90172
0 0 0 0 1 5.97103
0 0 0 0 1 5.94005
0 0 0 0 0 5.93874
0 0 0 0 1 5.97335
0 0 0 0 1 5.97176
0 0 0 0 1 6.05523
0 0 0 0 1 6.06603
0 0 0 0 1 6.08934
0 0 0 0 0 6.11886
0 0 0 0 1 6.03276
0 0 0 0 1 6.08032
0 0 0 0 1 6.15327
0 0 0 0 1 6.17079
0 0 0 0 0 6.11432
0 0 0 0 1 6.15708
0 0 0 0 1 6.23687
0 0 0 0 1 6.22371
0 0 0 0 1 6.21063
0 0 0 0 0 6.26646
0 0 0 0 1 6.32249
0 0 0 0 1 6.36636
0 0 0 0 1 6.31531
0 0 0 0 0 6.39749
0 0 0 0 1 6.35897
0 0 0 0 1 6.39054
0 0 0 0 1 6.45449
0 0 0 0 1 6.4027
0 0 0 0 1 6.53185
0 0 0 0 1 6.51885
0 0 0 0 1 6.584
0 0 0 0 1 6.50548
0 0 0 0 1 6.6104
0 0 0 0 1 6.63686
0 0 0 0 1 6.61046
0 0 0 0 1 6.65695
0 0 0 0 1 6.69704
0 0 0 0 1 6.65023
0 0 0 0 1 6.79141
0 0 0 0 1 6.77145
0 0 0 0 0 6.79195
0 0 0 0 1 6.86703
0 0 0 0 1 6.80581
0 0 0 0 1 6.87448
0 0 0 0 1 6.84707
0 0 0 0 1 6.88857
0 0 0 0 1 7.01383
0 0 0 0 1 6.91641
0 0 0 0 0 7.0636
0 0 0 0 1 7.02174
0 0 0 0 1 7.11382
0 0 0 0 0 7.10707
0 0 0 0 1 7.13577
0 0 0 0 1 7.20051
0 0 0 0 1 7.13587
0 0 0 0 0 7.28053
0 0 0 0 1 7.22987
0 0 0 0 1 7.30285
0 0 0 0 1 7.31758
0 0 0 0 1 7.42817
0 0 0 0 1 7.34689
0 0 0 0 1 7.4285
0 0 0 0 0 7.5107
0 0 0 0 1 7.60103
0 0 0 0 0 7.54832
0 0 0 0 0 7.58606
0 0 0 0 1 7.6545
0 0 0 0 1 7.63125
0 0 0 0 0 7.63839
0 0 0 0 1 7.7228
0 0 0 0 0 7.75333
0 0 0 0 1 7.87007
0 0 0 0 0 7.89322
0 0 0 0 0 7.86861
0 0 0 0 0 8.01897
0 0 0 0 0 7.99415
0 0 0 0 1 8.0092
0 0 0 0 1 8.18597
0 0 0 0 1 8.07093
0 0 0 0 1 8.11027
0 0 0 0 0 8.314
0 0 0 0 1 8.34603
0 0 0 0 1 8.2691
0 0 0 0 1 8.45967
0 0 0 0 0 8.47477
0 0 0 0 1 8.56572
0 0 0 0 1 8.46961
0 0 0 0 1 8.5353
0 0 0 0 1 8.66138
0 0 0 0 0 8.78028
0 0 0 0 1 8.74257
0 0 0 0 0 8.76445
0 0 0 0 1 8.92023
0 0 0 0 1 8.87158
0 0 0 0 1 8.9378
0 0 0 0 0 9.11357
0 0 0 0 0 9.13618
0 0 0 0 1 9.23182
0 0 0 0 1 9.29044
0 0 0 0 1 9.34062
0 0 0 0 1 9.32445
0 0 0 0 0 9.48729
0 0 0 0 1 9.54547
0 0 0 0 1 9.55673
0 0 0 0 1 9.65406
0 0 0 0 1 9.77139
0 0 0 0 1 9.73322
0 0 0 0 1 9.81056
0 0 0 0 1 9.87948
0 0 0 0 1 9.93722
0 0 0 0 1 9.97469
0 0 0 0 1 10.1234
0 0 0 0 0 10.1916
0 0 0 0 1 10.2907
0 0 0 0 0 10.4526
0 0 0 0 0 10.4888
0 0 0 0 0 10.6104
0 0 0 0 1 10.6034
0 0 0 0 1 10.6595
0 0 0 0 1 10.8973
0 0 0 0 1 10.8339
0 0 0 0 1 10.9753
0 0 0 0 1 11.1289
0 0 0 0 1 11.1714
0 0 0 0 1 11.2924
0 0 0 0 0 11.3227
0 0 0 0 0 11.5107
0 0 0 0 1 11.7004
0 0 0 0 1 11.7185
0 0 0 0 0 11.86
0 0 0 0 1 11.9453
0 0 0 0 1 12.136
0 0 0 0 0 12.2065
0 0 0 0 1 12.2762
0 0 0 0 1 12.4041
0 0 0 0 1 12.5859
0 0 0 0 1 12.8037
0 0 0 0 0 12.7288
0 0 0 0 0 12.8274
0 0 0 0 1 12.9647
0 0 0 0 1 13.1287
0 0 0 0 1 13.3563
0 0 0 0 1 13.5047
0 0 0 0 1 13.5987
0 0 0 0 1 13.7702
0 0 0 0 1 13.9282
0 0 0 0 1 14.044
0 0 0 0 1 14.412
0 0 0 0 1 14.3791
0 0 0 0 0 14.7618
0 0 0 0 1 14.8472
0 0 0 0 0 15.1316
0 0 0 0 0 15.3217
0 0 0 0 1 15.3364
0 0 0 0 1 15.5342
0 0 0 0 1 15.9855
0 0 0 0 0 15.9656
0 0 0 0 1 16.3461
0 0 0 0 0 16.5664
0 0 0 0 1 16.6723
0 0 0 0 1 17.0293
0 0 0 0 1 14.5242
0 0 0 0 1 14.5043
0 0 0 0 1 14.7212
0 0 0 0 1 14.5704
0 0 0 0 1 14.6969
0 0 0 0 0 14.637
0 0 0 0 1 14.6764
0 0 0 0 1 14.617
0 0 0 0 1 14.5845
0 0 0 0 0 14.4943
0 0 0 0 1 14.3492
0 0 0 0 1 14.5659
0 0 0 0 0 14.3469
0 0 0 0 1 14.5323
0 0 0 0 1 14.5472
0 0 0 0 0 14.3032
0 0 0 0 0 14.302
0 0 0 0 0 14.3321
0 0 0 0 1 14.2023
0 0 0 0 1 14.3189
0 0 0 0 0 14.4354
0 0 0 0 1 14.1923
0 0 0 0 0 14.3807
0 0 0 0 1 14.1814
0 0 0 0 0 14.1274
0 0 0 0 0 14.4016
0 0 0 0 1 14.348
0 0 0 0 1 14.2502
0 0 0 0 1 14.0834
0 0 0 0 0 14.1445
0 0 0 0 1 14.1758
0 0 0 0 1 14.501
0 0 0 0 0 14.851
0 0 0 0 1 15.3039
0 0 0 0 1 15.7308
0 0 0 0 1 15.9762
0 0 0 0 1 16.8192
0 0 0 0 0 17.2249
0 0 0 0 1 17.8562
0 0 0 0 1 40.7856
0 0 0 0 1 42.1206
0 0 0 0 0 43.957
0 0 0 0 0 45.6121
0 0 0 0 0 47.742
0 0 0 0 1 48.9746
0 0 0 0 0 42.7173
0 0 0 0 1 42.1929
0 0 0 0 1 42.4296
0 0 0 0 0 42.4565
0 0 0 0 1 41.8499
0 0 0 0 1 42.0895
0 0 0 0 1 41.8227
0 0 0 0 1 42.3591
0 0 0 0 1 42.4736
0 0 0 0 1 42.1256
0 0 0 0 1 42.2423
0 0 0 0 0 45.9817
0 0 0 0 0 5.03505
0 0 0 0 0 5.02503
0 0 0 0 0 5.03004
0 0 0 0 0 4.97994
0 0 0 0 1 35.1409
0 0 0 0 1 35.1373
0 0 0 0 1 34.9227
0 0 0 0 1 35.4494
0 0 0 0 1 34.9186
0 0 0 0 1 35.094
0 0 0 0 1 34.9173
0 0 0 0 1 35.5878
0 0 0 0 1 35.2008
0 0 0 0 1 35.3083
0 0 0 0 0 34.9225
0 0 0 0 1 35.2431
0 0 0 0 1 35.6348
0 0 0 0 0 5.04006
0 0 0 0 0 4.96491
0 0 0 0 0 5.04507
0 0 0 0 0 4.99497
0 0 0 0 0 5.02002
0 0 0 0 0 5.02503
0 0 0 0 0 4.99998
0 0 0 0 0 4.99998
0 0 0 0 0 4.98996
0 0 0 0 1 94.5771
0 0 0 0 1 90.4176
0 0 0 0 1 86.0153
0 0 0 0 1 80.3199
0 0 0 0 1 23.1989
0 0 0 0 1 22.1188
0 0 0 0 1 21.073
0 0 0 0 0 20.1408
0 0 0 0 1 19.9487
0 0 0 0 1 20.3207
0 0 0 0 1 19.9882
0 0 0 0 1 20.3412
0 0 0 0 1 20.0483
0 0 0 0 1 20.0392
0 0 0 0 0 20.0507
0 0 0 0 0 20.3656
0 0 0 0 1 20.3375
0 0 0 0 1 20.3706
0 0 0 0 0 20.2825
0 0 0 0 1 20.053
0 0 0 0 1 20.31
0 0 0 0 1 20.3851
0 0 0 0 1 20.2172
0 0 0 0 1 20.1103
0 0 0 0 0 20.4101
0 0 0 0 0 20.3225
0 0 0 0 1 20.5441
0 0 0 0 1 20.5405
0 0 0 0 1 20.1905
0 0 0 0 1 35.1399
0 0 0 0 1 34.2877
0 0 0 0 1 33.5036
0 0 0 0 0 32.7935
0 0 0 0 1 32.2677
0 0 0 0 1 31.694
0 0 0 0 0 31.2096
0 0 0 0 1 30.5587
0 0 0 0 1 30.0197
0 0 0 0 1 29.1314
0 0 0 0 1 28.964
0 0 0 0 1 28.3426
0 0 0 0 1 27.7174
0 0 0 0 1 27.2806
0 0 0 0 1 26.6114
0 0 0 0 1 26.3821
0 0 0 0 1 25.9414
0 0 0 0 1 25.7066
0 0 0 0 0 25.1494
0 0 0 0 1 24.781
0 0 0 0 1 24.2209
0 0 0 0 0 23.86
0 0 0 0 1 23.5185
0 0 0 0 0 23.3742
0 0 0 0 0 23.0634
0 0 0 0 1 22.6122
0 0 0 0 1 22.5019
0 0 0 0 1 22.374
0 0 0 0 1 21.8797
0 0 0 0 1 21.6594
0 0 0 0 1 21.2019
0 0 0 0 1 21.1817
0 0 0 0 1 20.8948
0 0 0 0 1 20.4223
0 0 0 0 1 20.1086
0 0 0 0 1 19.8863
0 0 0 0 1 19.9902
0 0 0 0 1 19.3817
0 0 0 0 1 19.527
0 0 0 0 1 19.0138
0 0 0 0 1 18.9707
0 0 0 0 1 18.6904
0 0 0 0 1 18.3195
0 0 0 0 1 18.337
0 0 0 0 1 18.2688
0 0 0 0 0 17.8937
0 0 0 0 1 17.6212
0 0 0 0 0 17.4336
0 0 0 0 1 17.3472
0 0 0 0 1 17.2594
0 0 0 0 0 17.1702
0 0 0 0 1 16.8602
0 0 0 0 1 16.7386
0 0 0 0 1 16.442
0 0 0 0 1 16.469
0 0 0 0 1 16.4116
0 0 0 0 1 16.1273
0 0 0 0 1 15.9027
0 0 0 0 1 15.8537
0 0 0 0 1 15.5996
0 0 0 0 1 15.3789
0 0 0 0 1 15.4547
0 0 0 0 1 15.2958
0 0 0 0 1 15.2764
0 0 0 0 1 15.0666
0 0 0 0 1 14.8166
0 0 0 0 1 14.8258
0 0 0 0 1 14.7364
0 0 0 0 1 14.4555
0 0 0 0 0 14.5199
0 0 0 0 1 14.2191
0 0 0 0 1 14.3128
0 0 0 0 0 14.2206
0 0 0 0 1 13.8966
0 0 0 0 1 13.8811
0 0 0 0 0 13.6806
0 0 0 0 1 13.6269
0 0 0 0 1 13.5642
0 0 0 0 1 13.3483
0 0 0 0 0 13.4597
0 0 0 0 1 13.2056
0 0 0 0 1 13.191
0 0 0 0 1 12.9926
0 0 0 0 1 12.8997
0 0 0 0 1 13.0132
0 0 0 0 1 12.8383
0 0 0 0 1 12.758
0 0 0 0 1 12.7242
0 0 0 0 0 12.414
0 0 0 0 0 12.568
0 0 0 0 1 12.2984
0 0 0 0 0 12.3839
0 0 0 0 1 12.154
0 0 0 0 1 12.0679
0 0 0 0 1 12.1873
0 0 0 0 1 11.8728
0 0 0 0 0 11.931
0 0 0 0 1 11.9286
0 0 0 0 0 11.7136
0 0 0 0 1 11.5825
0 0 0 0 1 11.6151
0 0 0 0 1 11.5276
0 0 0 0 1 11.5555
0 0 0 0 1 11.4032
0 0 0 0 1 11.4076
0 0 0 0 1 11.3358
0 0 0 0 1 11.2576
0 0 0 0 1 11.239
0 0 0 0 0 10.9979
0 0 0 0 1 11.1236
0 0 0 0 1 11.0716
0 0 0 0 1 10.9729
0 0 0 0 1 10.7878
0 0 0 0 1 10.8808
0 0 0 0 0 10.676
0 0 0 0 1 10.6366
0 0 0 0 0 10.6687
0 0 0 0 0 10.5517
0 0 0 0 0 10.6254
0 0 0 0 1 10.4355
0 0 0 0 1 10.4562
0 0 0 0 1 10.3724
0 0 0 0 0 10.3305
0 0 0 0 0 10.2137
0 0 0 0 1 10.1724
0 0 0 0 1 10.2841
0 0 0 0 1 10.1916
0 0 0 0 0 10.1473
0 0 0 0 1 10.0028
0 0 0 0 1 10.0521
0 0 0 0 1 9.97855
0 0 0 0 1 9.8261
0 0 0 0 0 9.78337
0 0 0 0 1 9.91775
0 0 0 0 1 9.87721
0 0 0 0 1 9.6687
0 0 0 0 1 9.62664
0 0 0 0 1 9.58475
0 0 0 0 1 9.71349
0 0 0 0 1 9.60422
0 0 0 0 1 9.56246
0 0 0 0 1 9.50191
0 0 0 0 0 9.4675
0 0 0 0 0 9.44522
0 0 0 0 1 9.34797
0 0 0 0 1 9.32611
0 0 0 0 0 9.27382
0 0 0 0 1 9.35406
0 0 0 0 1 9.15423
0 0 0 0 1 9.13044
0 0 0 0 1 9.235
0 0 0 0 1 9.16781
0 0 0 0 1 9.15307
0 0 0 0 1 9.1293
0 0 0 0 1 9.06953
0 0 0 0 1 9.01911
0 0 0 0 0 8.98048
0 0 0 0 1 8.8771
0 0 0 0 1 8.80995
0 0 0 0 1 8.84952
0 0 0 0 1 8.84462
0 0 0 0 1 8.86609
0 0 0 0 1 8.72701
0 0 0 0 1 8.74251
0 0 0 0 1 8.76145
0 0 0 0 1 8.6873
0 0 0 0 1 8.67161
0 0 0 0 1 8.66974
0 0 0 0 0 8.56822
0 0 0 0 0 8.53844
0 0 0 0 1 8.61724
0 0 0 0 1 8.49382
0 0 0 0 1 8.43062
0 0 0 0 1 8.4328
0 0 0 0 1 8.47134
0 0 0 0 1 8.43977
0 0 0 0 1 8.36076
0 0 0 0 1 8.33805
0 0 0 0 1 8.30713
0 0 0 0 1 8.27912
0 0 0 0 1 8.24857
0 0 0 0 1 8.32
0 0 0 0 1 8.22371
0 0 0 0 0 8.18541
0 0 0 0 1 8.10104
0 0 0 0 1 8.24289
0 0 0 0 1 8.17239
0 0 0 0 0 8.05358
0 0 0 0 1 8.05688
0 0 0 0 1 8.13337
0 0 0 0 1 8.03981
0 0 0 0 1 8.08351
0 0 0 0 1 8.0468
0 0 0 0 0 8.01031
0 0 0 0 1 7.97406
0 0 0 0 0 7.89326
0 0 0 0 1 7.95784
0 0 0 0 1 7.8746
0 0 0 0 1 7.83135
0 0 0 0 1 7.96179
0 0 0 0 1 7.90292
0 0 0 0 1 7.85224
0 0 0 0 1 7.84883
0 0 0 0 1 7.82989
0 0 0 0 1 7.84696
0 0 0 0 0 7.72717
0 0 0 0 0 7.80504
0 0 0 0 1 7.79898
0 0 0 0 1 7.76528
0 0 0 0 1 7.68238
0 0 0 0 0 7.61079
0 0 0 0 1 7.70069
0 0 0 0 1 7.73344
0 0 0 0 1 7.7159
0 0 0 0 1 7.66805
0 0 0 0 0 7.67041
0 0 0 0 1 7.65338
0 0 0 0 0 7.53804
0 0 0 0 1 7.52568
0 0 0 0 1 7.47161
0 0 0 0 1 7.57603
0 0 0 0 1 7.46616
0 0 0 0 1 7.44284
0 0 0 0 1 7.52456
0 0 0 0 1 7.42311
0 0 0 0 1 7.48985
0 0 0 0 1 7.38521
0 0 0 0 1 7.49671
0 0 0 0 0 7.49647
0 0 0 0 1 7.36302
0 0 0 0 1 7.4039
0 0 0 0 1 7.34514
0 0 0 0 1 7.4303
0 0 0 0 1 7.39016
0 0 0 0 0 7.38347
0 0 0 0 1 7.40628
0 0 0 0 1 7.30415
0 0 0 0 1 7.38576
0 0 0 0 1 7.30663
0 0 0 0 1 7.2749
0 0 0 0 1 7.24334
0 0 0 0 1 7.27419
0 0 0 0 0 7.24293
0 0 0 0 1 7.18284
0 0 0 0 1 7.22129
0 0 0 0 1 7.27724
