0 0 0 0 0 5.23897
0 0 0 0 0 5.24508
0 0 0 0 1 5.21264
0 0 0 0 1 5.18231
0 0 0 0 1 5.28593
0 0 0 0 0 5.25049
0 0 0 0 1 5.25174
0 0 0 0 1 5.27737
0 0 0 0 1 5.28405
0 0 0 0 0 5.24865
0 0 0 0 1 5.24297
0 0 0 0 1 5.30616
0 0 0 0 1 5.31317
0 0 0 0 1 5.28312
0 0 0 0 1 5.3682
0 0 0 0 1 5.26904
0 0 0 0 1 5.30655
0 0 0 0 0 5.39401
0 0 0 0 1 5.3625
0 0 0 0 1 5.33254
0 0 0 0 1 5.34392
0 0 0 0 1 5.4215
0 0 0 0 1 5.40632
0 0 0 0 0 5.41817
0 0 0 0 1 5.36664
0 0 0 0 1 5.43419
0 0 0 0 1 5.38663
0 0 0 0 1 5.49133
0 0 0 0 0 5.42204
0 0 0 0 0 5.44127
0 0 0 0 1 5.45386
0 0 0 0 1 5.51599
0 0 0 0 0 5.50813
0 0 0 0 1 5.45624
0 0 0 0 1 5.53543
0 0 0 0 1 5.53763
0 0 0 0 1 5.50108
0 0 0 0 1 5.56553
0 0 0 0 1 5.55685
0 0 0 0 1 5.52587
0 0 0 0 1 5.60766
0 0 0 0 1 5.64403
0 0 0 0 1 5.63568
0 0 0 0 0 5.68368
0 0 0 0 1 5.68763
0 0 0 0 1 5.66817
0 0 0 0 1 5.68187
0 0 0 0 1 5.62909
0 0 0 0 1 5.74628
0 0 0 0 1 5.76125
0 0 0 0 1 5.76487
0 0 0 0 1 5.77497
0 0 0 0 1 5.73197
0 0 0 0 1 5.74143
0 0 0 0 1 5.78573
0 0 0 0 1 5.85409
0 0 0 0 1 5.84658
0 0 0 0 1 5.82098
0 0 0 0 1 5.88416
0 0 0 0 1 5.81224
0 0 0 0 1 5.93945
0 0 0 0 1 5.85008
0 0 0 0 1 5.85441
0 0 0 0 1 5.87606
0 0 0 0 1 5.90433
0 0 0 0 1 6.0044
0 0 0 0 0 6.00927
0 0 0 0 1 6.01982
0 0 0 0 1 6.00105
0 0 0 0 0 5.98144
0 0 0 0 1 6.04087
0 0 0 0 1 6.10063
0 0 0 0 0 6.12417
0 0 0 0 0 6.09867
0 0 0 0 1 6.19004
0 0 0 0 1 6.18309
0 0 0 0 0 6.13285
0 0 0 0 1 6.2499
0 0 0 0 1 6.20581
0 0 0 0 1 6.27984
0 0 0 0 0 6.3107
0 0 0 0 0 6.29783
0 0 0 0 1 6.32879
0 0 0 0 1 6.37267
0 0 0 0 1 6.35335
0 0 0 0 1 6.39113
0 0 0 0 0 6.33982
0 0 0 0 1 6.44182
0 0 0 0 1 6.37083
0 0 0 0 1 6.44789
0 0 0 0 0 6.51241
0 0 0 0 0 6.47986
0 0 0 0 1 6.53832
0 0 0 0 1 6.55789
0 0 0 0 0 6.55126
0 0 0 0 1 6.56429
0 0 0 0 1 6.61709
0 0 0 0 0 6.65695
0 0 0 0 1 6.63695
0 0 0 0 1 6.74408
0 0 0 0 1 6.78468
0 0 0 0 1 6.81876
0 0 0 0 1 6.75124
0 0 0 0 1 6.78528
0 0 0 0 0 6.88105
0 0 0 0 0 6.89508
0 0 0 0 1 6.923
0 0 0 0 1 6.99242
0 0 0 0 1 6.9025
0 0 0 0 1 6.95134
0 0 0 0 1 7.02853
0 0 0 0 1 7.09224
0 0 0 0 1 7.09258
0 0 0 0 1 7.05727
0 0 0 0 1 7.21434
0 0 0 0 1 7.15744
0 0 0 0 1 7.15028
0 0 0 0 1 7.30226
0 0 0 0 1 7.30261
0 0 0 0 1 7.37596
0 0 0 0 0 7.33226
0 0 0 0 1 7.43554
0 0 0 0 0 7.33948
0 0 0 0 0 7.4732
0 0 0 0 0 7.51819
0 0 0 0 1 7.58598
0 0 0 0 1 7.63152
0 0 0 0 1 7.52525
0 0 0 0 1 7.6545
0 0 0 0 1 7.60054
0 0 0 0 0 7.6924
0 0 0 0 1 7.73056
0 0 0 0 0 7.83913
0 0 0 0 1 7.86222
0 0 0 0 1 7.82225
0 0 0 0 1 7.98759
0 0 0 0 1 7.90738
0 0 0 0 1 8.08235
0 0 0 0 0 8.02532
0 0 0 0 1 8.15355
0 0 0 0 1 8.20137
0 0 0 0 1 8.21677
0 0 0 0 1 8.281
0 0 0 0 1 8.24658
0 0 0 0 1 8.4193
0 0 0 0 1 8.40092
0 0 0 0 1 8.45788
0 0 0 0 1 8.46375
0 0 0 0 1 8.632
0 0 0 0 1 8.67282
0 0 0 0 0 8.59216
0 0 0 0 1 8.64105
0 0 0 0 0 8.81258
0 0 0 0 1 8.87026
0 0 0 0 1 8.85816
0 0 0 0 1 8.89836
0 0 0 0 1 9.00974
0 0 0 0 1 9.00497
0 0 0 0 1 9.13618
0 0 0 0 1 9.21348
0 0 0 0 1 9.27197
0 0 0 0 1 9.3778
0 0 0 0 1 9.44616
0 0 0 0 1 9.45903
0 0 0 0 1 9.51697
0 0 0 0 0 9.63326
0 0 0 0 1 9.58662
0 0 0 0 1 9.63554
0 0 0 0 1 9.68436
0 0 0 0 1 9.77116
0 0 0 0 1 9.82989
0 0 0 0 1 9.92722
0 0 0 0 1 10.156
0 0 0 0 1 10.1031
0 0 0 0 1 10.2837
0 0 0 0 0 10.3422
0 0 0 0 1 10.3384
0 0 0 0 1 10.3945
0 0 0 0 1 10.5471
0 0 0 0 0 10.6567
0 0 0 0 1 10.8205
0 0 0 0 1 10.7348
0 0 0 0 0 10.9868
0 0 0 0 1 11.1296
0 0 0 0 1 11.1289
0 0 0 0 1 11.2948
0 0 0 0 1 11.3943
0 0 0 0 0 11.3227
0 0 0 0 1 11.4646
0 0 0 0 1 11.6074
0 0 0 0 0 11.6833
0 0 0 0 1 11.8245
0 0 0 0 1 12.0649
0 0 0 0 1 12.0515
0 0 0 0 1 12.1211
0 0 0 0 1 12.3624
0 0 0 0 1 12.4788
0 0 0 0 1 12.5105
0 0 0 0 1 12.5753
0 0 0 0 1 12.7672
0 0 0 0 1 13.0347
0 0 0 0 1 13.2004
0 0 0 0 1 13.2875
0 0 0 0 1 13.3563
0 0 0 0 1 13.4371
0 0 0 0 1 13.7492
0 0 0 0 1 13.9639
0 0 0 0 1 13.9842
0 0 0 0 1 14.1148
0 0 0 0 1 14.3977
0 0 0 0 1 14.4081
0 0 0 0 1 14.6003
0 0 0 0 0 14.9067
0 0 0 0 1 14.9812
0 0 0 0 1 15.1237
0 0 0 0 1 15.5061
0 0 0 0 1 15.6905
0 0 0 0 1 15.8431
0 0 0 0 1 16.1421
0 0 0 0 1 16.2485
0 0 0 0 1 16.5664
0 0 0 0 1 16.6222
0 0 0 0 1 16.8257
0 0 0 0 1 14.7731
0 0 0 0 1 14.6506
0 0 0 0 1 14.546
0 0 0 0 1 14.6725
0 0 0 0 1 14.6241
0 0 0 0 1 14.4187
0 0 0 0 1 14.5747
0 0 0 0 1 14.588
0 0 0 0 0 14.4105
0 0 0 0 0 14.4943
0 0 0 0 1 14.5517
0 0 0 0 1 14.4358
0 0 0 0 1 14.4623
0 0 0 0 1 14.5468
0 0 0 0 1 14.3311
0 0 0 0 1 14.332
0 0 0 0 0 14.2445
0 0 0 0 1 14.4757
0 0 0 0 1 14.3028
0 0 0 0 1 14.4622
0 0 0 0 1 14.2636
0 0 0 0 1 14.2066
0 0 0 0 1 14.4093
0 0 0 0 1 14.3243
0 0 0 0 1 14.3272
0 0 0 0 1 14.2876
0 0 0 0 1 14.3052
0 0 0 0 0 14.3783
0 0 0 0 0 14.2825
0 0 0 0 1 14.2867
0 0 0 0 1 14.0905
0 0 0 0 1 14.3718
0 0 0 0 1 14.6148
0 0 0 0 0 15.2887
0 0 0 0 1 15.5586
0 0 0 0 1 16.186
0 0 0 0 1 16.5361
0 0 0 0 1 17.2421
0 0 0 0 1 17.963
0 0 0 0 1 40.9483
0 0 0 0 1 41.9098
0 0 0 0 1 43.6505
0 0 0 0 1 45.7031
0 0 0 0 1 47.742
0 0 0 0 1 49.123
0 0 0 0 1 41.956
0 0 0 0 1 42.5734
0 0 0 0 1 42.1337
0 0 0 0 1 42.1607
0 0 0 0 1 42.5678
0 0 0 0 1 42.174
0 0 0 0 1 42.4135
0 0 0 0 0 41.7685
0 0 0 0 0 42.094
0 0 0 0 1 41.9991
0 0 0 0 1 42.1158
0 0 0 0 0 45.4784
0 0 0 0 0 5.04507
0 0 0 0 0 4.98495
0 0 0 0 0 5.02002
0 0 0 0 0 5.03004
0 0 0 0 1 35.3173
0 0 0 0 1 35.3842
0 0 0 0 1 35.6282
0 0 0 0 1 35.3083
0 0 0 0 1 35.2361
0 0 0 0 1 35.5525
0 0 0 0 0 35.4111
0 0 0 0 1 35.4819
0 0 0 0 1 35.2008
0 0 0 0 1 35.5905
0 0 0 0 1 35.4517
0 0 0 0 1 35.5959
0 0 0 0 1 35.6348
0 0 0 0 0 4.96491
0 0 0 0 0 5.02002
0 0 0 0 0 5.02002
0 0 0 0 0 4.97493
0 0 0 0 0 5.05509
0 0 0 0 0 5.05008
0 0 0 0 0 4.96491
0 0 0 0 0 4.96491
0 0 0 0 0 5.02503
0 0 0 0 0 95.9146
0 0 0 0 1 90.5977
0 0 0 0 1 85.162
0 0 0 0 1 81.2916
0 0 0 0 1 23.3153
0 0 0 0 0 22.3848
0 0 0 0 1 21.3269
0 0 0 0 1 20.2623
0 0 0 0 1 20.3311
0 0 0 0 1 20.3005
0 0 0 0 1 20.0285
0 0 0 0 1 20.2203
0 0 0 0 1 20.0685
0 0 0 0 1 20.019
0 0 0 0 1 20.2122
0 0 0 0 1 20.1231
0 0 0 0 1 20.2365
0 0 0 0 1 20.1278
0 0 0 0 1 20.323
0 0 0 0 1 20.0732
0 0 0 0 1 20.4316
0 0 0 0 1 20.304
0 0 0 0 1 20.4404
0 0 0 0 0 20.2931
0 0 0 0 1 20.1662
0 0 0 0 0 20.2818
0 0 0 0 1 20.2183
0 0 0 0 1 20.3571
0 0 0 0 1 20.4556
0 0 0 0 0 34.7556
0 0 0 0 1 34.2194
0 0 0 0 0 33.7379
0 0 0 0 1 33.0889
0 0 0 0 1 32.3642
0 0 0 0 1 31.694
0 0 0 0 1 30.9622
0 0 0 0 1 30.2553
0 0 0 0 1 29.7516
0 0 0 0 1 29.19
0 0 0 0 1 28.7052
0 0 0 0 1 28.3991
0 0 0 0 0 27.5785
0 0 0 0 1 27.3625
0 0 0 0 1 26.7994
0 0 0 0 1 26.1708
0 0 0 0 0 25.7334
0 0 0 0 1 25.8089
0 0 0 0 1 25.4269
0 0 0 0 0 24.7314
0 0 0 0 0 24.6613
0 0 0 0 1 24.0769
0 0 0 0 1 23.661
0 0 0 0 1 23.3039
0 0 0 0 1 23.202
0 0 0 0 1 22.9993
0 0 0 0 1 22.4346
0 0 0 0 1 21.9531
0 0 0 0 1 21.7485
0 0 0 0 0 21.6809
0 0 0 0 0 21.2232
0 0 0 0 0 21.2239
0 0 0 0 1 20.6245
0 0 0 0 0 20.5045
0 0 0 0 1 20.1492
0 0 0 0 1 20.0266
0 0 0 0 1 19.6336
0 0 0 0 1 19.4013
0 0 0 0 1 19.1787
0 0 0 0 1 18.9755
0 0 0 0 1 18.7438
0 0 0 0 0 18.653
0 0 0 0 1 18.6156
0 0 0 0 1 18.3919
0 0 0 0 1 18.142
0 0 0 0 1 18.0549
0 0 0 0 1 17.8164
0 0 0 0 1 17.5566
0 0 0 0 0 17.3646
0 0 0 0 1 17.2422
0 0 0 0 1 17.1702
0 0 0 0 0 17.0459
0 0 0 0 0 16.6885
0 0 0 0 1 16.4089
0 0 0 0 1 16.5018
0 0 0 0 1 16.3303
0 0 0 0 1 15.9825
0 0 0 0 1 15.8867
0 0 0 0 1 15.9011
0 0 0 0 0 15.7406
0 0 0 0 1 15.3789
0 0 0 0 1 15.4085
0 0 0 0 1 15.3873
0 0 0 0 1 15.1554
0 0 0 0 1 14.9766
0 0 0 0 1 14.8315
0 0 0 0 1 14.7226
0 0 0 0 1 14.5756
0 0 0 0 1 14.5426
0 0 0 0 1 14.4623
0 0 0 0 0 14.4047
0 0 0 0 1 14.2561
0 0 0 0 0 14.1784
0 0 0 0 1 14.0503
0 0 0 0 1 13.9781
0 0 0 0 1 13.8319
0 0 0 0 1 13.5176
0 0 0 0 1 13.5642
0 0 0 0 1 13.429
0 0 0 0 1 13.4063
0 0 0 0 1 13.3913
0 0 0 0 1 13.2437
0 0 0 0 1 13.0972
0 0 0 0 0 12.9256
0 0 0 0 1 12.7813
0 0 0 0 1 12.7871
0 0 0 0 1 12.8216
0 0 0 0 0 12.7242
0 0 0 0 0 12.5143
0 0 0 0 1 12.3562
0 0 0 0 1 12.4839
0 0 0 0 1 12.3593
0 0 0 0 1 12.1295
0 0 0 0 1 12.2014
0 0 0 0 1 11.958
0 0 0 0 1 12.0047
0 0 0 0 1 11.931
0 0 0 0 1 11.7983
0 0 0 0 1 11.7489
0 0 0 0 1 11.8048
0 0 0 0 1 11.7198
0 0 0 0 1 11.5739
0 0 0 0 1 11.4636
0 0 0 0 1 11.4032
0 0 0 0 1 11.2599
0 0 0 0 1 11.189
0 0 0 0 1 11.2801
0 0 0 0 0 11.1161
0 0 0 0 1 11.0646
0 0 0 0 1 11.0352
0 0 0 0 1 11.0057
0 0 0 0 1 10.8855
0 0 0 0 1 10.7878
0 0 0 0 1 10.7512
0 0 0 0 1 10.6653
0 0 0 0 0 10.6473
0 0 0 0 0 10.5515
0 0 0 0 1 10.4986
0 0 0 0 0 10.6043
0 0 0 0 1 10.509
0 0 0 0 1 10.4144
0 0 0 0 0 10.362
0 0 0 0 1 10.3512
0 0 0 0 0 10.327
0 0 0 0 1 10.2954
0 0 0 0 1 10.1109
0 0 0 0 1 10.151
0 0 0 0 1 10.1675
0 0 0 0 1 10.1234
0 0 0 0 0 10.0421
0 0 0 0 1 10.0582
0 0 0 0 0 9.81619
0 0 0 0 1 9.79325
0 0 0 0 1 9.91775
0 0 0 0 1 9.78919
0 0 0 0 1 9.65897
0 0 0 0 1 9.59755
0 0 0 0 0 9.60406
0 0 0 0 0 9.62694
0 0 0 0 1 9.52761
0 0 0 0 1 9.55292
0 0 0 0 1 9.5209
0 0 0 0 0 9.37292
0 0 0 0 1 9.38872
0 0 0 0 1 9.40423
0 0 0 0 1 9.26076
0 0 0 0 0 9.32963
0 0 0 0 1 9.2244
0 0 0 0 1 9.16345
0 0 0 0 1 9.12124
0 0 0 0 1 9.25333
0 0 0 0 0 9.07659
0 0 0 0 1 9.02582
0 0 0 0 1 9.01156
0 0 0 0 1 9.06051
0 0 0 0 1 8.97415
0 0 0 0 0 8.99839
0 0 0 0 0 8.85925
0 0 0 0 1 8.86329
0 0 0 0 1 8.87609
0 0 0 0 1 8.78283
0 0 0 0 0 8.8397
0 0 0 0 1 8.77963
0 0 0 0 1 8.74251
0 0 0 0 0 8.68306
0 0 0 0 0 8.6873
0 0 0 0 1 8.64565
0 0 0 0 1 8.58356
0 0 0 0 1 8.55963
0 0 0 0 1 8.61552
0 0 0 0 1 8.55746
0 0 0 0 1 8.54489
0 0 0 0 1 8.5324
0 0 0 0 1 8.50893
0 0 0 0 1 8.35333
0 0 0 0 1 8.35571
0 0 0 0 1 8.32725
0 0 0 0 1 8.37982
0 0 0 0 1 8.31547
0 0 0 0 0 8.35385
0 0 0 0 1 8.33967
0 0 0 0 1 8.22095
0 0 0 0 1 8.20724
0 0 0 0 0 8.27572
0 0 0 0 1 8.25651
0 0 0 0 1 8.21841
0 0 0 0 1 8.09913
0 0 0 0 1 8.12665
0 0 0 0 1 8.04068
0 0 0 0 1 8.09295
0 0 0 0 1 8.09626
0 0 0 0 0 8.10764
0 0 0 0 1 8.10296
0 0 0 0 1 7.97831
0 0 0 0 0 7.9581
0 0 0 0 0 8.03648
0 0 0 0 1 8.02137
0 0 0 0 1 7.86668
0 0 0 0 1 7.87876
0 0 0 0 1 7.89084
0 0 0 0 1 7.84001
0 0 0 0 1 7.79733
0 0 0 0 0 7.90361
0 0 0 0 0 7.86112
0 0 0 0 1 7.85475
0 0 0 0 1 7.70384
0 0 0 0 1 7.68877
0 0 0 0 0 7.65972
0 0 0 0 0 7.71125
0 0 0 0 0 7.68238
0 0 0 0 0 7.70304
0 0 0 0 1 7.63933
0 0 0 0 0 7.70281
0 0 0 0 0 7.59367
0 0 0 0 0 7.69092
0 0 0 0 0 7.67802
0 0 0 0 1 7.6306
0 0 0 0 1 7.56835
0 0 0 0 1 7.58619
0 0 0 0 1 7.57727
0 0 0 0 0 7.46307
0 0 0 0 1 7.52631
0 0 0 0 1 7.43534
0 0 0 0 1 7.45717
0 0 0 0 1 7.44553
0 0 0 0 0 7.38541
0 0 0 0 1 7.48943
0 0 0 0 1 7.46696
0 0 0 0 1 7.39255
0 0 0 0 1 7.43709
0 0 0 0 1 7.45567
0 0 0 0 1 7.30823
0 0 0 0 0 7.3271
0 0 0 0 1 7.32392
0 0 0 0 1 7.35409
0 0 0 0 1 7.30362
0 0 0 0 1 7.39939
0 0 0 0 1 7.28338
0 0 0 0 0 7.35772
0 0 0 0 0 7.26761
0 0 0 0 0 7.24334
0 0 0 0 1 7.30326
0 0 0 0 1 7.2139
0 0 0 0 1 7.20459
0 0 0 0 0 7.22129
0 0 0 0 0 7.24833
