0 0 0 0 1 5.18694
0 0 0 0 1 5.18778
0 0 0 0 1 5.23351
0 0 0 0 1 5.25544
0 0 0 0 1 5.27023
0 0 0 0 1 5.25573
0 0 0 0 0 5.25699
0 0 0 0 1 5.20379
0 0 0 0 1 5.28932
0 0 0 0 1 5.23284
0 0 0 0 1 5.28521
0 0 0 0 0 5.26384
0 0 0 0 1 5.2549
0 0 0 0 1 5.26721
0 0 0 0 1 5.2991
0 0 0 0 0 5.35952
0 0 0 0 1 5.31722
0 0 0 0 1 5.35128
0 0 0 0 1 5.3732
0 0 0 0 0 5.40221
0 0 0 0 0 5.36003
0 0 0 0 1 5.3462
0 0 0 0 1 5.42249
0 0 0 0 1 5.34794
0 0 0 0 0 5.35582
0 0 0 0 1 5.39626
0 0 0 0 1 5.39749
0 0 0 0 1 5.44779
0 0 0 0 1 5.50932
0 0 0 0 1 5.42488
0 0 0 0 1 5.48672
0 0 0 0 1 5.44463
0 0 0 0 0 5.45316
0 0 0 0 1 5.53332
0 0 0 0 1 5.48576
0 0 0 0 0 5.48784
0 0 0 0 1 5.56763
0 0 0 0 1 5.60441
0 0 0 0 1 5.52344
0 0 0 0 1 5.5761
0 0 0 0 1 5.61325
0 0 0 0 1 5.55995
0 0 0 0 1 5.57949
0 0 0 0 0 5.61608
0 0 0 0 1 5.59171
0 0 0 0 1 5.66251
0 0 0 0 1 5.67052
0 0 0 0 1 5.64046
0 0 0 0 1 5.69497
0 0 0 0 1 5.70409
0 0 0 0 1 5.74195
0 0 0 0 1 5.76349
0 0 0 0 1 5.77229
0 0 0 0 0 5.78764
0 0 0 0 1 5.83206
0 0 0 0 1 5.81347
0 0 0 0 0 5.84076
0 0 0 0 1 5.87352
0 0 0 0 1 5.86077
0 0 0 0 1 5.8181
0 0 0 0 1 5.86292
0 0 0 0 0 5.90906
0 0 0 0 1 5.8958
0 0 0 0 1 5.94135
0 0 0 0 1 5.96385
0 0 0 0 1 5.95068
0 0 0 0 1 6.00328
0 0 0 0 1 6.04385
0 0 0 0 1 6.01309
0 0 0 0 1 6.06603
0 0 0 0 1 6.01663
0 0 0 0 1 6.03986
0 0 0 0 1 6.03276
0 0 0 0 1 6.08644
0 0 0 0 1 6.11037
0 0 0 0 1 6.12772
0 0 0 0 1 6.22549
0 0 0 0 0 6.13852
0 0 0 0 1 6.1499
0 0 0 0 1 6.29855
0 0 0 0 1 6.27943
0 0 0 0 1 6.33546
0 0 0 0 1 6.27841
0 0 0 0 0 6.37899
0 0 0 0 1 6.3914
0 0 0 0 1 6.38476
0 0 0 0 1 6.35897
0 0 0 0 1 6.45464
0 0 0 0 1 6.48023
0 0 0 0 1 6.40916
0 0 0 0 1 6.50593
0 0 0 0 1 6.47336
0 0 0 0 1 6.49265
0 0 0 0 1 6.58409
0 0 0 0 1 6.55126
0 0 0 0 1 6.59068
0 0 0 0 0 6.66351
0 0 0 0 0 6.64365
0 0 0 0 1 6.61024
0 0 0 0 1 6.75749
0 0 0 0 1 6.70391
0 0 0 0 1 6.82552
0 0 0 0 0 6.77838
0 0 0 0 0 6.76484
0 0 0 0 0 6.80581
0 0 0 0 1 6.81954
0 0 0 0 1 6.83327
0 0 0 0 0 6.89549
0 0 0 0 1 6.92337
0 0 0 0 1 7.0212
0 0 0 0 1 6.99346
0 0 0 0 1 7.00764
0 0 0 0 1 7.05719
0 0 0 0 1 7.0715
0 0 0 0 1 7.18577
0 0 0 0 1 7.19333
0 0 0 0 1 7.23678
0 0 0 0 1 7.17911
0 0 0 0 0 7.23715
0 0 0 0 1 7.24437
0 0 0 0 0 7.28088
0 0 0 0 0 7.44292
0 0 0 0 0 7.4581
0 0 0 0 1 7.4285
0 0 0 0 1 7.53317
0 0 0 0 1 7.47309
0 0 0 0 1 7.62395
0 0 0 0 1 7.64687
0 0 0 0 0 7.71561
0 0 0 0 1 7.69267
0 0 0 0 1 7.66154
0 0 0 0 1 7.77713
0 0 0 0 1 7.72213
0 0 0 0 1 7.9093
0 0 0 0 1 7.82225
0 0 0 0 0 7.9638
0 0 0 0 1 7.94723
0 0 0 0 1 8.07433
0 0 0 0 1 8.04949
0 0 0 0 0 8.16165
0 0 0 0 1 8.17691
0 0 0 0 1 8.20038
0 0 0 0 1 8.19852
0 0 0 0 1 8.3709
0 0 0 0 0 8.26076
0 0 0 0 0 8.40092
0 0 0 0 1 8.49165
0 0 0 0 1 8.58272
0 0 0 0 1 8.55508
0 0 0 0 1 8.66423
0 0 0 0 1 8.69599
0 0 0 0 1 8.71936
0 0 0 0 1 8.66381
0 0 0 0 1 8.87026
0 0 0 0 1 8.83156
0 0 0 0 1 8.83588
0 0 0 0 0 9.00074
0 0 0 0 1 8.97782
0 0 0 0 1 9.19083
0 0 0 0 1 9.14014
0 0 0 0 1 9.19809
0 0 0 0 1 9.33133
0 0 0 0 0 9.32445
0 0 0 0 1 9.35539
0 0 0 0 1 9.55497
0 0 0 0 1 9.49933
0 0 0 0 1 9.58662
0 0 0 0 1 9.73257
0 0 0 0 1 9.7039
0 0 0 0 0 9.77116
0 0 0 0 1 9.939
0 0 0 0 1 9.95721
0 0 0 0 1 10.1157
0 0 0 0 1 10.0726
0 0 0 0 1 10.2837
0 0 0 0 0 10.3835
0 0 0 0 1 10.4942
0 0 0 0 1 10.4364
0 0 0 0 1 10.4521
0 0 0 0 1 10.7312
0 0 0 0 1 10.6917
0 0 0 0 1 10.7673
0 0 0 0 1 10.9868
0 0 0 0 1 10.9643
0 0 0 0 0 11.0399
0 0 0 0 0 11.2948
0 0 0 0 0 11.2698
0 0 0 0 1 11.5053
0 0 0 0 1 11.5107
0 0 0 0 1 11.6539
0 0 0 0 1 11.695
0 0 0 0 1 11.7415
0 0 0 0 1 11.9931
0 0 0 0 1 12.0877
0 0 0 0 1 12.1089
0 0 0 0 0 12.1901
0 0 0 0 1 12.4912
0 0 0 0 1 12.4352
0 0 0 0 1 12.6007
0 0 0 0 1 12.9339
0 0 0 0 1 13.0476
0 0 0 0 1 13.2004
0 0 0 0 1 13.1949
0 0 0 0 1 13.2894
0 0 0 0 0 13.6536
0 0 0 0 0 13.5713
0 0 0 0 0 13.7702
0 0 0 0 1 14.0962
0 0 0 0 0 14.1998
0 0 0 0 1 14.4406
0 0 0 0 0 14.4226
0 0 0 0 1 14.8204
0 0 0 0 1 14.8472
0 0 0 0 0 14.9661
0 0 0 0 1 15.3064
0 0 0 0 1 15.2901
0 0 0 0 1 15.5498
0 0 0 0 0 15.7481
0 0 0 0 1 16.0619
0 0 0 0 1 16.2485
0 0 0 0 0 16.3356
0 0 0 0 0 16.873
0 0 0 0 1 17.131
0 0 0 0 1 14.5974
0 0 0 0 1 14.4751
0 0 0 0 1 14.619
0 0 0 0 1 14.6141
0 0 0 0 1 14.5804
0 0 0 0 1 14.6224
0 0 0 0 1 14.4439
0 0 0 0 1 14.3848
0 0 0 0 1 14.4395
0 0 0 0 1 14.5812
0 0 0 0 1 14.4794
0 0 0 0 1 14.5081
0 0 0 0 0 14.4912
0 0 0 0 0 14.3882
0 0 0 0 1 14.3887
0 0 0 0 1 14.2744
0 0 0 0 1 14.4889
0 0 0 0 1 14.2459
0 0 0 0 1 14.3601
0 0 0 0 1 14.3619
0 0 0 0 1 14.2063
0 0 0 0 1 14.3926
0 0 0 0 1 14.4379
0 0 0 0 1 14.1672
0 0 0 0 1 14.1417
0 0 0 0 1 14.3018
0 0 0 0 1 14.177
0 0 0 0 1 14.1363
0 0 0 0 1 14.1118
0 0 0 0 1 14.3151
0 0 0 0 0 14.1616
0 0 0 0 1 14.3718
0 0 0 0 0 14.8806
0 0 0 0 1 15.1063
0 0 0 0 1 15.5273
0 0 0 0 1 16.1053
0 0 0 0 1 16.7193
0 0 0 0 1 17.3798
0 0 0 0 1 17.6425
0 0 0 0 0 40.4197
0 0 0 0 1 42.5422
0 0 0 0 1 44.0008
0 0 0 0 1 45.5666
0 0 0 0 1 47.3153
0 0 0 0 1 49.0735
0 0 0 0 0 42.4635
0 0 0 0 0 42.5734
0 0 0 0 1 42.0492
0 0 0 0 1 42.034
0 0 0 0 1 42.1455
0 0 0 0 1 42.0473
0 0 0 0 1 41.7805
0 0 0 0 1 42.5279
0 0 0 0 1 41.8831
0 0 0 0 1 42.3365
0 0 0 0 0 41.7785
0 0 0 0 1 45.9817
0 0 0 0 0 4.99998
0 0 0 0 0 5.0601
0 0 0 0 0 4.98495
0 0 0 0 0 5.04507
0 0 0 0 1 35.035
0 0 0 0 1 35.1726
0 0 0 0 1 35.5224
0 0 0 0 1 34.9203
0 0 0 0 1 35.5183
0 0 0 0 1 34.9176
0 0 0 0 0 34.9526
0 0 0 0 1 35.0587
0 0 0 0 1 35.5183
0 0 0 0 1 35.3788
0 0 0 0 1 35.3458
0 0 0 0 1 35.4195
0 0 0 0 1 34.9997
0 0 0 0 0 4.99998
0 0 0 0 0 5.05008
0 0 0 0 0 5.02002
0 0 0 0 0 4.96491
0 0 0 0 0 4.98996
0 0 0 0 0 5.05509
0 0 0 0 0 5.02503
0 0 0 0 0 4.96491
0 0 0 0 0 4.96992
0 0 0 0 1 96.3922
0 0 0 0 1 89.6971
0 0 0 0 0 84.8207
0 0 0 0 1 81.3725
0 0 0 0 1 23.4549
0 0 0 0 0 22.141
0 0 0 0 1 21.348
0 0 0 0 0 20.3433
0 0 0 0 1 19.9688
0 0 0 0 0 19.938
0 0 0 0 1 19.9882
0 0 0 0 1 20.2808
0 0 0 0 0 20.1492
0 0 0 0 1 20.2814
0 0 0 0 1 20.0305
0 0 0 0 1 20.3656
0 0 0 0 1 20.2769
0 0 0 0 1 20.1885
0 0 0 0 1 20.3837
0 0 0 0 0 20.0732
0 0 0 0 1 20.087
0 0 0 0 1 20.4865
0 0 0 0 1 20.3186
0 0 0 0 1 20.3337
0 0 0 0 0 20.1865
0 0 0 0 0 20.4039
0 0 0 0 1 20.2183
0 0 0 0 1 20.4997
0 0 0 0 1 20.5576
0 0 0 0 1 35.2796
0 0 0 0 0 34.4928
0 0 0 0 1 33.3028
0 0 0 0 1 32.9248
0 0 0 0 1 32.4929
0 0 0 0 1 31.8201
0 0 0 0 1 30.9622
0 0 0 0 0 30.5284
0 0 0 0 1 29.6921
0 0 0 0 1 29.4827
0 0 0 0 0 29.0216
0 0 0 0 1 28.5122
0 0 0 0 1 27.8562
0 0 0 0 1 27.0348
0 0 0 0 1 27.0679
0 0 0 0 0 26.5405
0 0 0 0 1 25.8114
0 0 0 0 1 25.7066
0 0 0 0 1 25.4773
0 0 0 0 1 24.7065
0 0 0 0 1 24.2454
0 0 0 0 0 23.9082
0 0 0 0 1 23.6372
0 0 0 0 1 23.6318
0 0 0 0 0 23.0634
0 0 0 0 0 22.7032
0 0 0 0 1 22.5019
0 0 0 0 1 22.241
0 0 0 0 0 21.8141
0 0 0 0 1 21.4652
0 0 0 0 1 21.1379
0 0 0 0 1 20.9291
0 0 0 0 1 20.5829
0 0 0 0 1 20.4839
0 0 0 0 1 20.3926
0 0 0 0 0 20.187
0 0 0 0 0 19.7524
0 0 0 0 1 19.7537
0 0 0 0 1 19.4883
0 0 0 0 1 19.2433
0 0 0 0 1 19.0086
0 0 0 0 1 18.6343
0 0 0 0 1 18.6711
0 0 0 0 1 18.3736
0 0 0 0 1 18.2869
0 0 0 0 0 17.8399
0 0 0 0 1 17.7099
0 0 0 0 1 17.6445
0 0 0 0 1 17.4342
0 0 0 0 1 17.0699
0 0 0 0 1 16.9315
0 0 0 0 0 16.9615
0 0 0 0 1 16.7386
0 0 0 0 1 16.5414
0 0 0 0 1 16.469
0 0 0 0 1 16.2166
0 0 0 0 1 16.1756
0 0 0 0 1 15.8548
0 0 0 0 1 15.7588
0 0 0 0 1 15.6309
0 0 0 0 1 15.441
0 0 0 0 1 15.27
0 0 0 0 1 15.0975
0 0 0 0 1 15.2159
0 0 0 0 1 14.9316
0 0 0 0 0 14.7869
0 0 0 0 0 14.7373
0 0 0 0 1 14.6048
0 0 0 0 1 14.3975
0 0 0 0 1 14.5055
0 0 0 0 1 14.3904
0 0 0 0 1 14.1994
0 0 0 0 1 13.9531
0 0 0 0 1 14.0084
0 0 0 0 1 13.895
0 0 0 0 1 13.6944
0 0 0 0 1 13.5859
0 0 0 0 0 13.659
0 0 0 0 1 13.3886
0 0 0 0 1 13.2194
0 0 0 0 0 13.2985
0 0 0 0 0 13.2832
0 0 0 0 1 13.1233
0 0 0 0 0 12.8608
0 0 0 0 0 12.8715
0 0 0 0 0 12.7103
0 0 0 0 1 12.5801
0 0 0 0 1 12.6863
0 0 0 0 0 12.6147
0 0 0 0 1 12.3936
0 0 0 0 0 12.4839
0 0 0 0 1 12.3101
0 0 0 0 1 12.0929
0 0 0 0 1 12.08
0 0 0 0 1 12.0184
0 0 0 0 1 12.1007
0 0 0 0 1 11.8118
0 0 0 0 1 11.8338
0 0 0 0 1 11.8902
0 0 0 0 1 11.7112
0 0 0 0 1 11.7081
0 0 0 0 1 11.5161
0 0 0 0 1 11.544
0 0 0 0 1 11.3689
0 0 0 0 1 11.3963
0 0 0 0 1 11.3019
0 0 0 0 1 11.2464
0 0 0 0 1 11.1831
0 0 0 0 1 11.009
0 0 0 0 1 11.1236
0 0 0 0 1 11.0386
0 0 0 0 1 10.8636
0 0 0 0 0 10.9836
0 0 0 0 0 10.816
0 0 0 0 1 10.848
0 0 0 0 1 10.7437
0 0 0 0 0 10.6794
0 0 0 0 1 10.5092
0 0 0 0 1 10.4882
0 0 0 0 1 10.3936
0 0 0 0 0 10.4144
0 0 0 0 1 10.4867
0 0 0 0 1 10.4236
0 0 0 0 1 10.3991
0 0 0 0 1 10.2646
0 0 0 0 1 10.2637
0 0 0 0 1 10.0901
0 0 0 0 1 10.0262
0 0 0 0 0 10.0631
0 0 0 0 1 9.95209
0 0 0 0 0 9.89888
0 0 0 0 0 9.97483
0 0 0 0 1 9.83273
0 0 0 0 1 9.91775
0 0 0 0 0 9.6914
0 0 0 0 1 9.68818
0 0 0 0 0 9.6848
0 0 0 0 1 9.69093
0 0 0 0 0 9.68464
0 0 0 0 1 9.67124
0 0 0 0 0 9.51479
0 0 0 0 1 9.55886
0 0 0 0 1 9.42966
0 0 0 0 0 9.34163
0 0 0 0 1 9.31985
0 0 0 0 1 9.37278
0 0 0 0 1 9.37613
0 0 0 0 1 9.20588
0 0 0 0 1 9.15423
0 0 0 0 0 9.21319
0 0 0 0 0 9.22584
0 0 0 0 1 9.17693
0 0 0 0 0 9.14398
0 0 0 0 1 8.96628
0 0 0 0 1 9.06953
0 0 0 0 1 9.01012
0 0 0 0 1 8.89094
0 0 0 0 1 8.99308
0 0 0 0 0 8.88107
0 0 0 0 1 8.80522
0 0 0 0 1 8.74752
0 0 0 0 1 8.80452
0 0 0 0 1 8.72701
0 0 0 0 1 8.82111
0 0 0 0 1 8.79628
0 0 0 0 1 8.60919
0 0 0 0 1 8.59372
0 0 0 0 1 8.64389
0 0 0 0 1 8.67135
0 0 0 0 1 8.62408
0 0 0 0 1 8.55746
0 0 0 0 0 8.51936
0 0 0 0 1 8.54936
0 0 0 0 1 8.5343
0 0 0 0 1 8.35333
0 0 0 0 1 8.44818
0 0 0 0 1 8.46129
0 0 0 0 1 8.37982
0 0 0 0 1 8.40712
0 0 0 0 1 8.37046
0 0 0 0 0 8.19888
0 0 0 0 1 8.22921
0 0 0 0 1 8.19901
0 0 0 0 1 8.14436
0 0 0 0 1 8.15013
0 0 0 0 1 8.24289
0 0 0 0 1 8.13169
0 0 0 0 1 8.12665
0 0 0 0 1 8.12975
0 0 0 0 0 8.03635
0 0 0 0 1 8.04788
0 0 0 0 1 7.97895
0 0 0 0 1 8.10296
0 0 0 0 1 7.98631
0 0 0 0 1 7.93415
0 0 0 0 1 7.96487
0 0 0 0 0 7.97372
0 0 0 0 1 7.96174
0 0 0 0 0 7.87086
0 0 0 0 1 7.85931
0 0 0 0 1 7.89505
0 0 0 0 1 7.79733
0 0 0 0 1 7.78623
0 0 0 0 1 7.81428
0 0 0 0 1 7.76124
0 0 0 0 1 7.75049
0 0 0 0 1 7.72753
0 0 0 0 1 7.71387
0 0 0 0 1 7.78844
0 0 0 0 0 7.78255
0 0 0 0 0 7.71073
0 0 0 0 1 7.66234
0 0 0 0 1 7.62625
0 0 0 0 0 7.64715
0 0 0 0 0 7.5842
0 0 0 0 0 7.56388
0 0 0 0 1 7.58505
0 0 0 0 1 7.55319
0 0 0 0 1 7.48786
0 0 0 0 1 7.62256
0 0 0 0 1 7.4706
0 0 0 0 1 7.4812
0 0 0 0 1 7.52537
0 0 0 0 1 7.41225
0 0 0 0 1 7.46796
0 0 0 0 0 7.53461
0 0 0 0 0 7.51177
0 0 0 0 0 7.4744
0 0 0 0 0 7.48162
0 0 0 0 1 7.37043
0 0 0 0 0 7.32253
0 0 0 0 1 7.34514
0 0 0 0 0 7.30499
0 0 0 0 1 7.31656
0 0 0 0 1 7.31001
0 0 0 0 1 7.35495
0 0 0 0 1 7.35544
0 0 0 0 0 7.38576
0 0 0 0 0 7.34312
0 0 0 0 0 7.33322
0 0 0 0 1 7.23606
0 0 0 0 1 7.29599
0 0 0 0 0 7.28647
0 0 0 0 1 7.23358
0 0 0 0 1 7.27194
0 0 0 0 0 7.24833
