0 0 0 0 1 5.16613
0 0 0 0 1 5.22945
0 0 0 0 1 5.22307
0 0 0 0 1 5.19798
0 0 0 0 1 5.25976
0 0 0 0 0 5.20857
0 0 0 0 1 5.27273
0 0 0 0 1 5.24058
0 0 0 0 0 5.24721
0 0 0 0 1 5.24338
0 0 0 0 1 5.25881
0 0 0 0 1 5.25326
0 0 0 0 1 5.2708
0 0 0 0 1 5.2619
0 0 0 0 1 5.34162
0 0 0 0 1 5.27436
0 0 0 0 1 5.35455
0 0 0 0 0 5.38866
0 0 0 0 1 5.33574
0 0 0 0 1 5.34862
0 0 0 0 1 5.38689
0 0 0 0 1 5.36234
0 0 0 0 1 5.34703
0 0 0 0 1 5.39116
0 0 0 0 1 5.3991
0 0 0 0 1 5.40168
0 0 0 0 1 5.47894
0 0 0 0 1 5.40426
0 0 0 0 1 5.41659
0 0 0 0 1 5.47951
0 0 0 0 1 5.49219
0 0 0 0 1 5.53794
0 0 0 0 0 5.48614
0 0 0 0 1 5.52231
0 0 0 0 1 5.48576
0 0 0 0 0 5.53763
0 0 0 0 1 5.58981
0 0 0 0 1 5.59886
0 0 0 0 1 5.6181
0 0 0 0 0 5.62076
0 0 0 0 0 5.63002
0 0 0 0 1 5.58237
0 0 0 0 1 5.65254
0 0 0 0 0 5.68931
0 0 0 0 1 5.63121
0 0 0 0 1 5.63423
0 0 0 0 0 5.72728
0 0 0 0 1 5.65183
0 0 0 0 0 5.71208
0 0 0 0 1 5.76696
0 0 0 0 0 5.78779
0 0 0 0 1 5.70035
0 0 0 0 1 5.80686
0 0 0 0 1 5.74721
0 0 0 0 1 5.80889
0 0 0 0 0 5.83668
0 0 0 0 0 5.8524
0 0 0 0 1 5.81514
0 0 0 0 1 5.81982
0 0 0 0 1 5.81224
0 0 0 0 1 5.92767
0 0 0 0 1 5.86778
0 0 0 0 0 5.97268
0 0 0 0 1 5.97697
0 0 0 0 1 5.96385
0 0 0 0 1 6.0044
0 0 0 0 0 5.97934
0 0 0 0 1 6.06187
0 0 0 0 1 6.03717
0 0 0 0 1 6.03582
0 0 0 0 1 6.05298
0 0 0 0 1 6.02164
0 0 0 0 1 6.08761
0 0 0 0 1 6.10479
0 0 0 0 1 6.14101
0 0 0 0 0 6.18925
0 0 0 0 1 6.20079
0 0 0 0 0 6.2499
0 0 0 0 0 6.2555
0 0 0 0 1 6.27984
0 0 0 0 1 6.24191
0 0 0 0 1 6.21001
0 0 0 0 1 6.23433
0 0 0 0 1 6.37267
0 0 0 0 0 6.35969
0 0 0 0 0 6.3402
0 0 0 0 1 6.40367
0 0 0 0 1 6.42259
0 0 0 0 1 6.46093
0 0 0 0 1 6.50597
0 0 0 0 1 6.41521
0 0 0 0 1 6.55785
0 0 0 0 1 6.47307
0 0 0 0 0 6.54478
0 0 0 0 0 6.54469
0 0 0 0 1 6.5445
0 0 0 0 1 6.60383
0 0 0 0 1 6.7035
0 0 0 0 1 6.66366
0 0 0 0 1 6.69715
0 0 0 0 1 6.75102
0 0 0 0 1 6.78497
0 0 0 0 1 6.73089
0 0 0 0 0 6.75121
0 0 0 0 1 6.88789
0 0 0 0 1 6.90882
0 0 0 0 1 6.88158
0 0 0 0 1 6.93011
0 0 0 0 1 6.93729
0 0 0 0 1 6.96531
0 0 0 0 1 7.02151
0 0 0 0 1 7.00764
0 0 0 0 1 7.13505
0 0 0 0 0 7.1711
0 0 0 0 1 7.19291
0 0 0 0 1 7.11437
0 0 0 0 0 7.1647
0 0 0 0 1 7.27329
0 0 0 0 1 7.28806
0 0 0 0 1 7.37596
0 0 0 0 1 7.2662
0 0 0 0 1 7.42817
0 0 0 0 1 7.34689
0 0 0 0 1 7.51791
0 0 0 0 1 7.44331
0 0 0 0 1 7.47309
0 0 0 0 1 7.5937
0 0 0 0 1 7.58606
0 0 0 0 1 7.60103
0 0 0 0 1 7.63125
0 0 0 0 1 7.66926
0 0 0 0 1 7.69175
0 0 0 0 0 7.72213
0 0 0 0 1 7.7916
0 0 0 0 1 7.81437
0 0 0 0 1 7.90034
0 0 0 0 0 8.03492
0 0 0 0 1 7.97811
0 0 0 0 0 8.02532
0 0 0 0 1 8.0806
0 0 0 0 1 8.17691
0 0 0 0 1 8.13485
0 0 0 0 1 8.33049
0 0 0 0 1 8.2963
0 0 0 0 1 8.38592
0 0 0 0 1 8.4261
0 0 0 0 1 8.39036
0 0 0 0 1 8.46375
0 0 0 0 1 8.5038
0 0 0 0 0 8.5181
0 0 0 0 1 8.5662
0 0 0 0 1 8.67585
0 0 0 0 0 8.83884
0 0 0 0 1 8.87907
0 0 0 0 1 8.91136
0 0 0 0 1 8.85373
0 0 0 0 1 8.9378
0 0 0 0 1 9.07737
0 0 0 0 1 9.19994
0 0 0 0 1 9.13097
0 0 0 0 1 9.32738
0 0 0 0 1 9.27556
0 0 0 0 1 9.44616
0 0 0 0 1 9.38366
0 0 0 0 1 9.48848
0 0 0 0 1 9.63326
0 0 0 0 1 9.61552
0 0 0 0 1 9.63554
0 0 0 0 1 9.74299
0 0 0 0 1 9.87951
0 0 0 0 1 10.0084
0 0 0 0 1 9.92722
0 0 0 0 1 10.0251
0 0 0 0 1 10.1336
0 0 0 0 1 10.1506
0 0 0 0 0 10.2082
0 0 0 0 1 10.4319
0 0 0 0 0 10.5202
0 0 0 0 1 10.5049
0 0 0 0 1 10.6247
0 0 0 0 1 10.7883
0 0 0 0 1 10.8756
0 0 0 0 1 10.8994
0 0 0 0 1 11.1296
0 0 0 0 1 11.2067
0 0 0 0 0 11.149
0 0 0 0 1 11.3603
0 0 0 0 1 11.3227
0 0 0 0 1 11.407
0 0 0 0 1 11.619
0 0 0 0 1 11.6481
0 0 0 0 1 11.9193
0 0 0 0 0 11.9931
0 0 0 0 1 12.0274
0 0 0 0 1 12.1211
0 0 0 0 1 12.3747
0 0 0 0 1 12.4041
0 0 0 0 1 12.6738
0 0 0 0 0 12.7276
0 0 0 0 1 12.8826
0 0 0 0 1 13.0865
0 0 0 0 1 12.9778
0 0 0 0 0 13.1552
0 0 0 0 1 13.3965
0 0 0 0 1 13.5047
0 0 0 0 0 13.7766
0 0 0 0 0 13.9639
0 0 0 0 1 14.0122
0 0 0 0 1 14.044
0 0 0 0 1 14.2258
0 0 0 0 1 14.611
0 0 0 0 0 14.6003
0 0 0 0 1 14.9215
0 0 0 0 0 14.921
0 0 0 0 1 15.3369
0 0 0 0 0 15.537
0 0 0 0 1 15.7374
0 0 0 0 1 15.764
0 0 0 0 1 16.0779
0 0 0 0 1 16.3135
0 0 0 0 1 16.3356
0 0 0 0 1 16.6556
0 0 0 0 1 16.8427
0 0 0 0 1 14.7878
0 0 0 0 1 14.709
0 0 0 0 1 14.473
0 0 0 0 1 14.4537
0 0 0 0 1 14.6532
0 0 0 0 0 14.506
0 0 0 0 1 14.5166
0 0 0 0 0 14.4574
0 0 0 0 1 14.57
0 0 0 0 1 14.4943
0 0 0 0 0 14.4505
0 0 0 0 1 14.378
0 0 0 0 1 14.3757
0 0 0 0 1 14.5179
0 0 0 0 1 14.3887
0 0 0 0 0 14.2888
0 0 0 0 1 14.4602
0 0 0 0 1 14.3321
0 0 0 0 1 14.2597
0 0 0 0 1 14.4479
0 0 0 0 1 14.4497
0 0 0 0 1 14.2352
0 0 0 0 1 14.4379
0 0 0 0 1 14.3385
0 0 0 0 0 14.3272
0 0 0 0 1 14.3018
0 0 0 0 1 14.177
0 0 0 0 1 14.2644
0 0 0 0 1 14.2114
0 0 0 0 1 14.1161
0 0 0 0 1 14.0763
0 0 0 0 1 14.3
0 0 0 0 0 14.9101
0 0 0 0 0 15.0911
0 0 0 0 1 15.6995
0 0 0 0 1 16.0085
0 0 0 0 1 16.6027
0 0 0 0 1 17.2249
0 0 0 0 1 17.8562
0 0 0 0 0 40.3383
0 0 0 0 1 41.9098
0 0 0 0 1 44.1321
0 0 0 0 0 45.9307
0 0 0 0 1 47.505
0 0 0 0 1 49.123
0 0 0 0 0 42.3366
0 0 0 0 1 42.4466
0 0 0 0 0 42.6831
0 0 0 0 1 42.3297
0 0 0 0 1 42.4833
0 0 0 0 0 42.1318
0 0 0 0 1 42.5402
0 0 0 0 1 41.8529
0 0 0 0 1 42.3049
0 0 0 0 0 42.463
0 0 0 0 1 42.2001
0 0 0 0 0 45.8444
0 0 0 0 0 5.02002
0 0 0 0 0 4.96491
0 0 0 0 0 5.04006
0 0 0 0 0 4.99497
0 0 0 0 0 35.3526
0 0 0 0 1 34.9962
0 0 0 0 1 35.6282
0 0 0 0 1 35.4141
0 0 0 0 0 35.5183
0 0 0 0 1 35.235
0 0 0 0 1 35.4111
0 0 0 0 1 35.1645
0 0 0 0 1 35.3419
0 0 0 0 0 35.3788
0 0 0 0 1 34.9225
0 0 0 0 1 35.5959
0 0 0 0 1 35.0703
0 0 0 0 0 4.96992
0 0 0 0 0 5.05008
0 0 0 0 0 4.96491
0 0 0 0 0 5.02503
0 0 0 0 0 4.97493
0 0 0 0 0 5.0601
0 0 0 0 0 5.0601
0 0 0 0 0 4.97493
0 0 0 0 0 5.0601
0 0 0 0 0 96.2967
0 0 0 0 1 89.6071
0 0 0 0 1 86.0153
0 0 0 0 1 80.8058
0 0 0 0 1 23.2222
0 0 0 0 1 22.3183
0 0 0 0 1 20.9672
0 0 0 0 1 20.4242
0 0 0 0 1 20.15
0 0 0 0 1 20.079
0 0 0 0 0 20.3509
0 0 0 0 0 20.2001
0 0 0 0 0 20.371
0 0 0 0 1 20.1603
0 0 0 0 1 20.3737
0 0 0 0 1 20.3454
0 0 0 0 1 20.4184
0 0 0 0 1 20.0267
0 0 0 0 1 20.1813
0 0 0 0 0 20.1745
0 0 0 0 1 20.31
0 0 0 0 1 20.2634
0 0 0 0 0 20.3998
0 0 0 0 1 20.354
0 0 0 0 0 20.1459
0 0 0 0 1 20.1598
0 0 0 0 1 20.5441
0 0 0 0 1 20.2144
0 0 0 0 1 20.3536
0 0 0 0 1 35.1049
0 0 0 0 0 33.9801
0 0 0 0 1 33.5371
0 0 0 0 1 33.0889
0 0 0 0 1 32.3964
0 0 0 0 1 31.8201
0 0 0 0 1 31.055
0 0 0 0 0 30.1035
0 0 0 0 1 29.9005
0 0 0 0 1 29.0436
0 0 0 0 1 28.4751
0 0 0 0 1 28.4274
0 0 0 0 1 27.6341
0 0 0 0 1 27.0895
0 0 0 0 0 26.7994
0 0 0 0 1 26.3029
0 0 0 0 1 26.0194
0 0 0 0 0 25.6043
0 0 0 0 1 25.1746
0 0 0 0 1 24.6569
0 0 0 0 1 24.6858
0 0 0 0 1 24.1733
0 0 0 0 1 23.9223
0 0 0 0 1 23.5147
0 0 0 0 1 22.8557
0 0 0 0 1 22.9537
0 0 0 0 1 22.2998
0 0 0 0 1 22.0417
0 0 0 0 1 21.9889
0 0 0 0 1 21.5946
0 0 0 0 1 21.1379
0 0 0 0 1 20.887
0 0 0 0 0 20.6037
0 0 0 0 0 20.7099
0 0 0 0 0 20.1086
0 0 0 0 1 20.207
0 0 0 0 1 19.8515
0 0 0 0 1 19.46
0 0 0 0 0 19.469
0 0 0 0 0 19.3007
0 0 0 0 1 19.1031
0 0 0 0 0 18.7652
0 0 0 0 0 18.6896
0 0 0 0 1 18.2821
0 0 0 0 1 18.0877
0 0 0 0 1 17.9474
0 0 0 0 1 17.7809
0 0 0 0 1 17.3984
0 0 0 0 1 17.5386
0 0 0 0 1 17.1044
0 0 0 0 1 17.1702
0 0 0 0 1 17.0459
0 0 0 0 1 16.8222
0 0 0 0 1 16.6076
0 0 0 0 1 16.2721
0 0 0 0 1 16.4116
0 0 0 0 1 15.9664
0 0 0 0 1 16.0941
0 0 0 0 0 15.6482
0 0 0 0 1 15.5996
0 0 0 0 1 15.4099
0 0 0 0 1 15.4547
0 0 0 0 1 15.3415
0 0 0 0 1 15.2613
0 0 0 0 1 14.9316
0 0 0 0 0 14.772
0 0 0 0 1 14.8996
0 0 0 0 1 14.634
0 0 0 0 0 14.3829
0 0 0 0 0 14.5055
0 0 0 0 1 14.3761
0 0 0 0 1 14.2419
0 0 0 0 1 13.9812
0 0 0 0 1 14.0223
0 0 0 0 1 13.7565
0 0 0 0 1 13.8181
0 0 0 0 0 13.5859
0 0 0 0 0 13.4964
0 0 0 0 1 13.3617
0 0 0 0 1 13.4196
0 0 0 0 0 13.2852
0 0 0 0 1 13.0989
0 0 0 0 1 13.0579
0 0 0 0 0 12.8867
0 0 0 0 0 12.7684
0 0 0 0 1 12.7743
0 0 0 0 1 12.6183
0 0 0 0 0 12.6106
0 0 0 0 1 12.4893
0 0 0 0 1 12.3936
0 0 0 0 1 12.4839
0 0 0 0 0 12.3347
0 0 0 0 1 12.1051
0 0 0 0 1 12.0193
0 0 0 0 1 11.946
0 0 0 0 1 11.9088
0 0 0 0 1 11.8476
0 0 0 0 1 11.9404
0 0 0 0 1 11.7018
0 0 0 0 0 11.7697
0 0 0 0 1 11.65
0 0 0 0 1 11.6317
0 0 0 0 0 11.4636
0 0 0 0 0 11.4831
0 0 0 0 1 11.3963
0 0 0 0 0 11.3245
0 0 0 0 1 11.1902
0 0 0 0 1 11.2502
0 0 0 0 1 10.9979
0 0 0 0 1 10.9468
0 0 0 0 0 11.0716
0 0 0 0 1 10.9182
0 0 0 0 1 10.8966
0 0 0 0 1 10.8268
0 0 0 0 1 10.6545
0 0 0 0 1 10.6902
0 0 0 0 1 10.6687
0 0 0 0 1 10.6683
0 0 0 0 1 10.4777
0 0 0 0 1 10.3936
0 0 0 0 1 10.3622
0 0 0 0 1 10.2997
0 0 0 0 1 10.4236
0 0 0 0 1 10.3476
0 0 0 0 0 10.3261
0 0 0 0 1 10.1007
0 0 0 0 1 10.0597
0 0 0 0 1 10.1877
0 0 0 0 1 10.1435
0 0 0 0 1 9.92208
0 0 0 0 1 10.0483
0 0 0 0 0 9.81619
0 0 0 0 1 9.96107
0 0 0 0 0 9.76048
0 0 0 0 1 9.81853
0 0 0 0 1 9.79528
0 0 0 0 1 9.63633
0 0 0 0 1 9.58475
0 0 0 0 1 9.69426
0 0 0 0 1 9.49889
0 0 0 0 1 9.57199
0 0 0 0 1 9.41648
0 0 0 0 0 9.38237
0 0 0 0 1 9.34163
0 0 0 0 0 9.38548
0 0 0 0 1 9.2701
0 0 0 0 0 9.36683
0 0 0 0 1 9.23366
0 0 0 0 1 9.25573
0 0 0 0 1 9.15802
0 0 0 0 1 9.20752
0 0 0 0 1 9.06747
0 0 0 0 0 9.044
0 0 0 0 1 9.14742
0 0 0 0 1 8.97026
0 0 0 0 1 8.95617
0 0 0 0 1 9.0342
0 0 0 0 1 8.93955
0 0 0 0 0 8.97885
0 0 0 0 1 8.84952
0 0 0 0 1 8.88875
0 0 0 0 1 8.75175
0 0 0 0 1 8.84103
0 0 0 0 1 8.64644
0 0 0 0 1 8.7179
0 0 0 0 1 8.63523
0 0 0 0 0 8.57641
0 0 0 0 1 8.55771
0 0 0 0 0 8.67135
0 0 0 0 1 8.55557
0 0 0 0 1 8.51475
0 0 0 0 0 8.45978
0 0 0 0 1 8.49847
0 0 0 0 1 8.52584
0 0 0 0 1 8.46291
0 0 0 0 0 8.41455
0 0 0 0 1 8.41941
0 0 0 0 1 8.30463
0 0 0 0 1 8.27381
0 0 0 0 0 8.29573
0 0 0 0 1 8.25685
0 0 0 0 1 8.17968
0 0 0 0 1 8.28956
0 0 0 0 1 8.27572
0 0 0 0 1 8.12559
0 0 0 0 1 8.10415
0 0 0 0 1 8.17239
0 0 0 0 0 8.05358
0 0 0 0 1 8.04068
0 0 0 0 1 8.03635
0 0 0 0 1 8.0882
0 0 0 0 1 8.12373
0 0 0 0 1 8.10296
0 0 0 0 1 7.99431
0 0 0 0 1 7.9581
0 0 0 0 1 7.89326
0 0 0 0 1 7.86253
0 0 0 0 1 7.93006
0 0 0 0 0 7.94198
0 0 0 0 1 7.90661
0 0 0 0 1 7.90292
0 0 0 0 1 7.87578
0 0 0 0 0 7.75493
0 0 0 0 1 7.79086
0 0 0 0 1 7.72228
0 0 0 0 1 7.82823
0 0 0 0 1 7.69653
0 0 0 0 1 7.72161
0 0 0 0 1 7.71125
0 0 0 0 1 7.68238
0 0 0 0 1 7.73379
0 0 0 0 1 7.61632
0 0 0 0 1 7.70281
0 0 0 0 1 7.58603
0 0 0 0 1 7.55372
0 0 0 0 0 7.59431
0 0 0 0 1 7.5319
0 0 0 0 1 7.62138
0 0 0 0 0 7.49543
0 0 0 0 1 7.47161
0 0 0 0 0 7.53838
0 0 0 0 1 7.45864
0 0 0 0 1 7.57789
0 0 0 0 1 7.54702
0 0 0 0 1 7.49038
0 0 0 0 1 7.48985
0 0 0 0 1 7.42243
0 0 0 0 1 7.37771
0 0 0 0 1 7.36287
0 0 0 0 1 7.42228
0 0 0 0 1 7.33733
0 0 0 0 1 7.39681
0 0 0 0 0 7.38607
0 0 0 0 0 7.32392
0 0 0 0 0 7.33205
0 0 0 0 1 7.36962
0 0 0 0 1 7.2602
0 0 0 0 1 7.35651
0 0 0 0 1 7.27013
0 0 0 0 1 7.34779
0 0 0 0 1 7.32342
0 0 0 0 1 7.25239
0 0 0 0 1 7.30099
0 0 0 0 1 7.31331
0 0 0 0 1 7.19234
0 0 0 0 1 7.19775
