0 0 0 0 1 5.21295
0 0 0 0 1 5.16174
0 0 0 0 1 5.25438
0 0 0 0 1 5.2032
0 0 0 0 1 5.18126
0 0 0 0 1 5.27669
0 0 0 0 0 5.19403
0 0 0 0 1 5.28263
0 0 0 0 1 5.27353
0 0 0 0 1 5.23284
0 0 0 0 1 5.31689
0 0 0 0 1 5.23739
0 0 0 0 1 5.2602
0 0 0 0 1 5.33086
0 0 0 0 1 5.33099
0 0 0 0 1 5.37016
0 0 0 0 1 5.31722
0 0 0 0 0 5.30322
0 0 0 0 0 5.33039
0 0 0 0 1 5.33254
0 0 0 0 1 5.39226
0 0 0 0 1 5.33545
0 0 0 0 1 5.38476
0 0 0 0 1 5.36955
0 0 0 0 1 5.35582
0 0 0 0 1 5.36917
0 0 0 0 1 5.40835
0 0 0 0 1 5.49133
0 0 0 0 1 5.41659
0 0 0 0 1 5.43581
0 0 0 0 1 5.49767
0 0 0 0 0 5.47208
0 0 0 0 0 5.48614
0 0 0 0 0 5.47275
0 0 0 0 1 5.5244
0 0 0 0 0 5.58189
0 0 0 0 1 5.56763
0 0 0 0 1 5.60441
0 0 0 0 1 5.53458
0 0 0 0 1 5.57052
0 0 0 0 0 5.64679
0 0 0 0 1 5.59919
0 0 0 0 0 5.6413
0 0 0 0 1 5.61608
0 0 0 0 1 5.60299
0 0 0 0 1 5.6116
0 0 0 0 0 5.70458
0 0 0 0 1 5.74281
0 0 0 0 1 5.71778
0 0 0 0 1 5.69838
0 0 0 0 1 5.77633
0 0 0 0 1 5.74627
0 0 0 0 1 5.70893
0 0 0 0 1 5.75298
0 0 0 0 1 5.8031
0 0 0 0 1 5.77866
0 0 0 0 1 5.77677
0 0 0 0 1 5.86769
0 0 0 0 1 5.89586
0 0 0 0 1 5.82983
0 0 0 0 0 5.93945
0 0 0 0 0 5.94444
0 0 0 0 1 5.90763
0 0 0 0 0 5.95916
0 0 0 0 1 5.93409
0 0 0 0 1 6.0044
0 0 0 0 1 6.02124
0 0 0 0 1 6.03183
0 0 0 0 1 6.07328
0 0 0 0 1 5.99957
0 0 0 0 1 6.05298
0 0 0 0 1 6.01556
0 0 0 0 0 6.05714
0 0 0 0 1 6.14149
0 0 0 0 1 6.16552
0 0 0 0 0 6.17694
0 0 0 0 0 6.16991
0 0 0 0 1 6.24371
0 0 0 0 1 6.22444
0 0 0 0 0 6.2736
0 0 0 0 0 6.28569
0 0 0 0 1 6.26019
0 0 0 0 0 6.32879
0 0 0 0 1 6.25267
0 0 0 0 0 6.32799
0 0 0 0 1 6.39749
0 0 0 0 1 6.40367
0 0 0 0 1 6.47387
0 0 0 0 0 6.40301
0 0 0 0 0 6.42207
0 0 0 0 1 6.44761
0 0 0 0 1 6.55135
0 0 0 0 1 6.46002
0 0 0 0 1 6.55789
0 0 0 0 1 6.62354
0 0 0 0 0 6.62367
0 0 0 0 1 6.65025
0 0 0 0 1 6.637
0 0 0 0 1 6.73711
0 0 0 0 1 6.7709
0 0 0 0 0 6.66352
0 0 0 0 1 6.79173
0 0 0 0 1 6.7241
0 0 0 0 0 6.83296
0 0 0 0 0 6.83317
0 0 0 0 1 6.90195
0 0 0 0 0 6.9299
0 0 0 0 1 6.88165
0 0 0 0 1 7.02774
0 0 0 0 1 6.97929
0 0 0 0 1 7.03554
0 0 0 0 0 7.12044
0 0 0 0 1 7.0218
0 0 0 0 0 7.05727
0 0 0 0 1 7.1072
0 0 0 0 1 7.10719
0 0 0 0 0 7.2584
0 0 0 0 0 7.17187
0 0 0 0 1 7.20805
0 0 0 0 1 7.24437
0 0 0 0 1 7.31024
0 0 0 0 1 7.39128
0 0 0 0 0 7.39879
0 0 0 0 1 7.4583
0 0 0 0 1 7.4508
0 0 0 0 1 7.5935
0 0 0 0 1 7.62395
0 0 0 0 0 7.57086
0 0 0 0 1 7.6163
0 0 0 0 1 7.66196
0 0 0 0 0 7.63839
0 0 0 0 0 7.8237
0 0 0 0 1 7.78453
0 0 0 0 1 7.86222
0 0 0 0 1 7.96419
0 0 0 0 1 7.86861
0 0 0 0 1 8.05086
0 0 0 0 1 8.04226
0 0 0 0 1 8.13007
0 0 0 0 1 8.02387
0 0 0 0 1 8.16876
0 0 0 0 0 8.20858
0 0 0 0 1 8.20677
0 0 0 0 1 8.23
0 0 0 0 1 8.4193
0 0 0 0 1 8.47645
0 0 0 0 1 8.38191
0 0 0 0 1 8.52323
0 0 0 0 1 8.60636
0 0 0 0 1 8.56108
0 0 0 0 1 8.72195
0 0 0 0 1 8.65845
0 0 0 0 0 8.82134
0 0 0 0 0 8.82617
0 0 0 0 1 8.87589
0 0 0 0 1 8.97868
0 0 0 0 1 9.02772
0 0 0 0 1 9.09547
0 0 0 0 1 9.11796
0 0 0 0 1 9.25932
0 0 0 0 1 9.17038
0 0 0 0 1 9.20121
0 0 0 0 1 9.45552
0 0 0 0 1 9.46845
0 0 0 0 1 9.54547
0 0 0 0 1 9.63326
0 0 0 0 1 9.59625
0 0 0 0 1 9.64524
0 0 0 0 1 9.73322
0 0 0 0 0 9.94846
0 0 0 0 1 9.939
0 0 0 0 0 10.0072
0 0 0 0 1 10.0452
0 0 0 0 1 10.0523
0 0 0 0 1 10.2837
0 0 0 0 0 10.3216
0 0 0 0 1 10.4319
0 0 0 0 0 10.3945
0 0 0 0 1 10.6316
0 0 0 0 0 10.5715
0 0 0 0 1 10.7883
0 0 0 0 1 10.789
0 0 0 0 1 10.8994
0 0 0 0 1 10.9092
0 0 0 0 0 11.0621
0 0 0 0 1 11.1153
0 0 0 0 1 11.4169
0 0 0 0 1 11.3227
0 0 0 0 1 11.4992
0 0 0 0 1 11.5958
0 0 0 0 1 11.6129
0 0 0 0 0 11.7297
0 0 0 0 1 12.017
0 0 0 0 1 12.0274
0 0 0 0 1 12.1455
0 0 0 0 1 12.424
0 0 0 0 1 12.5659
0 0 0 0 1 12.4729
0 0 0 0 1 12.7276
0 0 0 0 0 12.7416
0 0 0 0 1 12.9699
0 0 0 0 1 13.0171
0 0 0 0 1 13.1949
0 0 0 0 1 13.4767
0 0 0 0 1 13.5859
0 0 0 0 1 13.7355
0 0 0 0 1 13.7978
0 0 0 0 1 14.1102
0 0 0 0 0 14.2422
0 0 0 0 0 14.2544
0 0 0 0 0 14.3501
0 0 0 0 1 14.6003
0 0 0 0 1 14.7283
0 0 0 0 1 14.8909
0 0 0 0 0 15.2151
0 0 0 0 1 15.537
0 0 0 0 1 15.7218
0 0 0 0 1 15.7323
0 0 0 0 1 15.9335
0 0 0 0 1 16.1184
0 0 0 0 1 16.5664
0 0 0 0 1 16.8563
0 0 0 0 1 17.0802
0 0 0 0 1 14.5535
0 0 0 0 1 14.7675
0 0 0 0 1 14.692
0 0 0 0 1 14.5995
0 0 0 0 1 14.5075
0 0 0 0 1 14.4478
0 0 0 0 1 14.3858
0 0 0 0 1 14.3703
0 0 0 0 1 14.6134
0 0 0 0 1 14.6246
0 0 0 0 1 14.3203
0 0 0 0 1 14.378
0 0 0 0 1 14.4623
0 0 0 0 1 14.4458
0 0 0 0 1 14.3743
0 0 0 0 1 14.2744
0 0 0 0 1 14.2877
0 0 0 0 1 14.4182
0 0 0 0 1 14.2167
0 0 0 0 0 14.4335
0 0 0 0 0 14.192
0 0 0 0 0 14.3926
0 0 0 0 1 14.1948
0 0 0 0 1 14.2243
0 0 0 0 1 14.3843
0 0 0 0 1 14.1307
0 0 0 0 1 14.3907
0 0 0 0 1 14.2217
0 0 0 0 0 14.126
0 0 0 0 1 14.0876
0 0 0 0 1 14.2326
0 0 0 0 1 14.3143
0 0 0 0 1 14.6887
0 0 0 0 1 15.1519
0 0 0 0 1 15.7621
0 0 0 0 0 16.186
0 0 0 0 1 16.5361
0 0 0 0 1 17.2421
0 0 0 0 0 17.9274
0 0 0 0 1 40.7043
0 0 0 0 1 42.1206
0 0 0 0 1 44.2197
0 0 0 0 1 45.6121
0 0 0 0 1 47.4576
0 0 0 0 1 49.7166
0 0 0 0 1 42.675
0 0 0 0 1 41.9393
0 0 0 0 1 42.3028
0 0 0 0 0 42.6254
0 0 0 0 1 42.4833
0 0 0 0 0 42.0051
0 0 0 0 1 42.2447
0 0 0 0 1 42.4013
0 0 0 0 1 42.558
0 0 0 0 0 42.4208
0 0 0 0 1 42.3266
0 0 0 0 0 46.1647
0 0 0 0 0 4.99998
0 0 0 0 0 4.9599
0 0 0 0 0 5.03004
0 0 0 0 0 4.97994
0 0 0 0 0 34.9997
0 0 0 0 1 34.9256
0 0 0 0 1 35.1696
0 0 0 0 1 34.9908
0 0 0 0 1 35.095
0 0 0 0 1 34.9529
0 0 0 0 1 35.5522
0 0 0 0 1 35.0234
0 0 0 0 0 34.9892
0 0 0 0 1 35.4846
0 0 0 0 1 34.9225
0 0 0 0 1 35.5959
0 0 0 0 1 34.9645
0 0 0 0 0 5.02503
0 0 0 0 0 4.96992
0 0 0 0 0 4.96491
0 0 0 0 0 4.96992
0 0 0 0 0 5.01501
0 0 0 0 0 5.03004
0 0 0 0 0 4.96491
0 0 0 0 0 4.96491
0 0 0 0 0 5.01501
0 0 0 0 0 95.0548
0 0 0 0 0 89.8772
0 0 0 0 1 84.9913
0 0 0 0 0 80.158
0 0 0 0 1 23.3618
0 0 0 0 0 22.2518
0 0 0 0 1 21.2211
0 0 0 0 1 20.1206
0 0 0 0 1 20.2104
0 0 0 0 1 20.3408
0 0 0 0 0 20.3509
0 0 0 0 1 20.3614
0 0 0 0 1 20.0483
0 0 0 0 1 20.3621
0 0 0 0 1 20.1314
0 0 0 0 1 20.2847
0 0 0 0 0 20.0343
0 0 0 0 1 20.3099
0 0 0 0 1 20.2825
0 0 0 0 1 20.0732
0 0 0 0 1 20.1681
0 0 0 0 1 20.3445
0 0 0 0 1 20.1766
0 0 0 0 0 20.1103
0 0 0 0 1 20.1865
0 0 0 0 1 20.5463
0 0 0 0 1 20.483
0 0 0 0 1 20.2756
0 0 0 0 0 20.3332
0 0 0 0 1 34.6508
0 0 0 0 1 34.0826
0 0 0 0 1 33.4367
0 0 0 0 1 32.9576
0 0 0 0 1 32.3964
0 0 0 0 1 31.5678
0 0 0 0 0 30.6529
0 0 0 0 1 30.4677
0 0 0 0 1 29.6027
0 0 0 0 1 29.1314
0 0 0 0 1 28.5614
0 0 0 0 1 28.2296
0 0 0 0 0 27.4952
0 0 0 0 0 27.3898
0 0 0 0 1 26.9874
0 0 0 0 1 26.5934
0 0 0 0 1 26.0194
0 0 0 0 1 25.4508
0 0 0 0 1 25.3007
0 0 0 0 1 25.0542
0 0 0 0 0 24.6858
0 0 0 0 0 23.9323
0 0 0 0 1 23.8273
0 0 0 0 1 23.5382
0 0 0 0 1 23.1096
0 0 0 0 1 22.8171
0 0 0 0 1 22.4346
0 0 0 0 0 22.1081
0 0 0 0 1 21.7266
0 0 0 0 1 21.5083
0 0 0 0 1 21.2445
0 0 0 0 1 21.0344
0 0 0 0 0 20.7077
0 0 0 0 0 20.6483
0 0 0 0 1 20.4332
0 0 0 0 1 20.207
0 0 0 0 1 19.9704
0 0 0 0 1 19.5188
0 0 0 0 1 19.3915
0 0 0 0 1 19.3007
0 0 0 0 1 18.7627
0 0 0 0 1 18.5969
0 0 0 0 1 18.5786
0 0 0 0 1 18.3553
0 0 0 0 1 18.1963
0 0 0 0 1 17.7862
0 0 0 0 0 17.8341
0 0 0 0 0 17.7499
0 0 0 0 1 17.5386
0 0 0 0 0 17.2766
0 0 0 0 1 17.0168
0 0 0 0 1 16.9277
0 0 0 0 1 16.6049
0 0 0 0 1 16.4917
0 0 0 0 0 16.4197
0 0 0 0 1 16.4116
0 0 0 0 1 16.1273
0 0 0 0 1 16.0941
0 0 0 0 1 15.743
0 0 0 0 0 15.6153
0 0 0 0 1 15.5341
0 0 0 0 1 15.3777
0 0 0 0 0 15.189
0 0 0 0 1 15.2008
0 0 0 0 1 14.8867
0 0 0 0 0 14.9654
0 0 0 0 1 14.8996
0 0 0 0 1 14.7071
0 0 0 0 1 14.6442
0 0 0 0 0 14.5199
0 0 0 0 1 14.3904
0 0 0 0 1 14.2278
0 0 0 0 0 14.1643
0 0 0 0 0 14.0223
0 0 0 0 1 13.992
0 0 0 0 0 13.7219
0 0 0 0 1 13.5859
0 0 0 0 1 13.6184
0 0 0 0 1 13.577
0 0 0 0 1 13.4731
0 0 0 0 0 13.2189
0 0 0 0 1 13.0462
0 0 0 0 1 13.1364
0 0 0 0 1 12.8478
0 0 0 0 0 12.9874
0 0 0 0 1 12.7743
0 0 0 0 1 12.5928
0 0 0 0 1 12.6484
0 0 0 0 1 12.6397
0 0 0 0 1 12.5182
0 0 0 0 0 12.385
0 0 0 0 1 12.1995
0 0 0 0 1 12.1417
0 0 0 0 1 12.165
0 0 0 0 0 11.946
0 0 0 0 1 12.0647
0 0 0 0 0 11.8476
0 0 0 0 1 11.8693
0 0 0 0 1 11.69
0 0 0 0 1 11.6878
0 0 0 0 1 11.5802
0 0 0 0 1 11.5739
0 0 0 0 1 11.4866
0 0 0 0 1 11.506
0 0 0 0 1 11.4076
0 0 0 0 1 11.1777
0 0 0 0 0 11.3475
0 0 0 0 1 11.0938
0 0 0 0 1 11.0312
0 0 0 0 1 10.9358
0 0 0 0 1 11.0276
0 0 0 0 1 10.9729
0 0 0 0 1 10.9292
0 0 0 0 1 10.7296
0 0 0 0 1 10.8265
0 0 0 0 1 10.658
0 0 0 0 1 10.7646
0 0 0 0 1 10.5411
0 0 0 0 1 10.446
0 0 0 0 1 10.467
0 0 0 0 1 10.5189
0 0 0 0 1 10.3308
0 0 0 0 0 10.3719
0 0 0 0 1 10.3888
0 0 0 0 1 10.2749
0 0 0 0 1 10.2434
0 0 0 0 1 10.1814
0 0 0 0 1 10.0666
0 0 0 0 1 10.0832
0 0 0 0 1 10.0421
0 0 0 0 1 9.9188
0 0 0 0 1 10.0145
0 0 0 0 0 9.97095
0 0 0 0 1 9.80962
0 0 0 0 0 9.73051
0 0 0 0 1 9.63949
0 0 0 0 0 9.71389
0 0 0 0 1 9.61371
0 0 0 0 1 9.57885
0 0 0 0 0 9.58507
0 0 0 0 1 9.50525
0 0 0 0 1 9.44496
0 0 0 0 0 9.49587
0 0 0 0 0 9.40755
0 0 0 0 0 9.45111
0 0 0 0 0 9.25142
0 0 0 0 0 9.38544
0 0 0 0 0 9.35406
0 0 0 0 1 9.145
0 0 0 0 1 9.16722
0 0 0 0 1 9.22584
0 0 0 0 0 9.2043
0 0 0 0 1 9.05309
0 0 0 0 1 9.10213
0 0 0 0 1 8.99734
0 0 0 0 1 8.9202
0 0 0 0 1 8.89094
0 0 0 0 1 8.94847
0 0 0 0 0 8.90773
0 0 0 0 1 8.80522
0 0 0 0 1 8.75635
0 0 0 0 0 8.82211
0 0 0 0 1 8.76209
0 0 0 0 1 8.6901
0 0 0 0 1 8.72661
0 0 0 0 1 8.66994
0 0 0 0 0 8.62834
0 0 0 0 0 8.56633
0 0 0 0 1 8.66276
0 0 0 0 1 8.58126
0 0 0 0 1 8.53183
0 0 0 0 1 8.43425
0 0 0 0 1 8.54088
0 0 0 0 1 8.48355
0 0 0 0 1 8.36176
0 0 0 0 1 8.4818
0 0 0 0 1 8.41941
0 0 0 0 0 8.32134
0 0 0 0 1 8.39879
0 0 0 0 0 8.26251
0 0 0 0 1 8.33967
0 0 0 0 1 8.27873
0 0 0 0 0 8.2484
0 0 0 0 0 8.28393
0 0 0 0 1 8.17468
0 0 0 0 0 8.22657
0 0 0 0 1 8.21309
0 0 0 0 1 8.10229
0 0 0 0 0 8.16214
0 0 0 0 1 8.07678
0 0 0 0 1 8.02369
0 0 0 0 1 7.97091
0 0 0 0 1 8.08691
0 0 0 0 0 8.03432
0 0 0 0 1 7.90222
0 0 0 0 1 7.97283
0 0 0 0 0 7.87047
0 0 0 0 1 7.96174
0 0 0 0 1 7.86296
0 0 0 0 1 7.83566
0 0 0 0 1 7.85574
0 0 0 0 0 7.87578
0 0 0 0 1 7.80971
0 0 0 0 1 7.78305
0 0 0 0 1 7.87034
0 0 0 0 0 7.72717
0 0 0 0 1 7.71978
0 0 0 0 1 7.70614
0 0 0 0 1 7.71125
0 0 0 0 1 7.77484
0 0 0 0 0 7.74148
0 0 0 0 1 7.66234
0 0 0 0 0 7.67984
0 0 0 0 1 7.59367
0 0 0 0 1 7.63756
0 0 0 0 0 7.60192
0 0 0 0 1 7.52431
0 0 0 0 1 7.64411
0 0 0 0 0 7.57862
0 0 0 0 1 7.60746
0 0 0 0 1 7.5685
0 0 0 0 1 7.59398
0 0 0 0 1 7.51787
0 0 0 0 1 7.42723
0 0 0 0 0 7.42311
0 0 0 0 1 7.41525
0 0 0 0 0 7.40009
0 0 0 0 0 7.38515
0 0 0 0 1 7.44451
0 0 0 0 0 7.45191
0 0 0 0 1 7.44827
0 0 0 0 1 7.34514
0 0 0 0 1 7.3787
0 0 0 0 1 7.35336
0 0 0 0 1 7.29531
0 0 0 0 1 7.28162
0 0 0 0 1 7.39207
0 0 0 0 0 7.36382
0 0 0 0 1 7.32853
0 0 0 0 1 7.31135
0 0 0 0 1 7.2943
0 0 0 0 1 7.33959
0 0 0 0 1 7.2647
0 0 0 0 1 7.21908
0 0 0 0 0 7.20682
0 0 0 0 1 7.21943
