0 0 0 0 1 5.24417
0 0 0 0 1 5.17737
0 0 0 0 1 5.22307
0 0 0 0 1 5.17186
0 0 0 0 1 5.2807
0 0 0 0 1 5.27145
0 0 0 0 1 5.29371
0 0 0 0 1 5.20379
0 0 0 0 1 5.29458
0 0 0 0 1 5.28553
0 0 0 0 1 5.23241
0 0 0 0 1 5.32203
0 0 0 0 1 5.30788
0 0 0 0 1 5.35738
0 0 0 0 1 5.3682
0 0 0 0 1 5.37016
0 0 0 0 1 5.37588
0 0 0 0 1 5.33526
0 0 0 0 0 5.39461
0 0 0 0 1 5.38613
0 0 0 0 1 5.39763
0 0 0 0 1 5.32469
0 0 0 0 1 5.40093
0 0 0 0 1 5.42357
0 0 0 0 0 5.37205
0 0 0 0 1 5.45044
0 0 0 0 1 5.41378
0 0 0 0 1 5.43691
0 0 0 0 1 5.42204
0 0 0 0 1 5.44127
0 0 0 0 1 5.47029
0 0 0 0 1 5.49952
0 0 0 0 1 5.46415
0 0 0 0 0 5.48376
0 0 0 0 1 5.48024
0 0 0 0 1 5.54316
0 0 0 0 1 5.49554
0 0 0 0 0 5.5211
0 0 0 0 1 5.6014
0 0 0 0 1 5.5761
0 0 0 0 1 5.57411
0 0 0 0 1 5.62161
0 0 0 0 1 5.65254
0 0 0 0 1 5.62172
0 0 0 0 1 5.6707
0 0 0 0 1 5.63423
0 0 0 0 1 5.67052
0 0 0 0 0 5.63477
0 0 0 0 1 5.72348
0 0 0 0 1 5.73267
0 0 0 0 1 5.74195
0 0 0 0 1 5.71183
0 0 0 0 0 5.77229
0 0 0 0 1 5.73566
0 0 0 0 1 5.77994
0 0 0 0 1 5.83088
0 0 0 0 1 5.82331
0 0 0 0 1 5.80346
0 0 0 0 0 5.89001
0 0 0 0 1 5.8357
0 0 0 0 1 5.94533
0 0 0 0 1 5.85008
0 0 0 0 1 5.94311
0 0 0 0 0 5.98884
0 0 0 0 1 5.92219
0 0 0 0 1 5.91487
0 0 0 0 1 5.96138
0 0 0 0 1 6.01982
0 0 0 0 1 6.05523
0 0 0 0 1 6.01165
0 0 0 0 1 6.10146
0 0 0 0 0 6.02164
0 0 0 0 1 6.03276
0 0 0 0 1 6.08644
0 0 0 0 1 6.13488
0 0 0 0 1 6.21386
0 0 0 0 1 6.12667
0 0 0 0 1 6.1447
0 0 0 0 1 6.24308
0 0 0 0 1 6.1863
0 0 0 0 1 6.21063
0 0 0 0 0 6.24137
0 0 0 0 1 6.24692
0 0 0 0 1 6.27162
0 0 0 0 1 6.27726
0 0 0 0 1 6.40386
0 0 0 0 1 6.36536
0 0 0 0 1 6.42259
0 0 0 0 0 6.46093
0 0 0 0 1 6.3898
0 0 0 0 1 6.44113
0 0 0 0 1 6.47336
0 0 0 0 1 6.57748
0 0 0 0 1 6.53823
0 0 0 0 1 6.57755
0 0 0 0 1 6.56429
0 0 0 0 0 6.59057
0 0 0 0 1 6.6636
0 0 0 0 1 6.73711
0 0 0 0 1 6.66363
0 0 0 0 1 6.67025
0 0 0 0 0 6.80524
0 0 0 0 1 6.75124
0 0 0 0 1 6.84659
0 0 0 0 0 6.81949
0 0 0 0 0 6.81954
0 0 0 0 0 6.84017
0 0 0 0 1 6.97857
0 0 0 0 1 6.96512
0 0 0 0 0 7.00024
0 0 0 0 1 7.08464
0 0 0 0 1 7.05699
0 0 0 0 0 7.09258
0 0 0 0 1 7.18532
0 0 0 0 0 7.16434
0 0 0 0 0 7.10719
0 0 0 0 1 7.19353
0 0 0 0 1 7.30951
0 0 0 0 1 7.25169
0 0 0 0 1 7.38327
0 0 0 0 1 7.27354
0 0 0 0 1 7.31014
0 0 0 0 1 7.42103
0 0 0 0 1 7.49556
0 0 0 0 1 7.53317
0 0 0 0 1 7.51072
0 0 0 0 1 7.50294
0 0 0 0 1 7.57846
0 0 0 0 1 7.57811
0 0 0 0 1 7.7157
0 0 0 0 1 7.75413
0 0 0 0 1 7.80041
0 0 0 0 0 7.75333
0 0 0 0 1 7.89361
0 0 0 0 1 7.82225
0 0 0 0 1 7.99552
0 0 0 0 1 7.91535
0 0 0 0 1 7.99415
0 0 0 0 1 7.98503
0 0 0 0 1 8.04008
0 0 0 0 1 8.19322
0 0 0 0 1 8.24134
0 0 0 0 1 8.22327
0 0 0 0 1 8.30459
0 0 0 0 1 8.41096
0 0 0 0 1 8.33378
0 0 0 0 1 8.43256
0 0 0 0 1 8.56572
0 0 0 0 1 8.56362
0 0 0 0 1 8.56968
0 0 0 0 1 8.63542
0 0 0 0 1 8.77158
0 0 0 0 1 8.67256
0 0 0 0 1 8.89671
0 0 0 0 0 8.89362
0 0 0 0 1 8.99653
0 0 0 0 1 9.03671
0 0 0 0 1 9.07737
0 0 0 0 1 9.0542
0 0 0 0 0 9.07597
0 0 0 0 1 9.26273
0 0 0 0 1 9.2105
0 0 0 0 1 9.38063
0 0 0 0 1 9.43076
0 0 0 0 1 9.59296
0 0 0 0 0 9.49933
0 0 0 0 1 9.7215
0 0 0 0 1 9.75198
0 0 0 0 1 9.69413
0 0 0 0 1 9.77116
0 0 0 0 1 9.89932
0 0 0 0 1 10.0472
0 0 0 0 1 10.0351
0 0 0 0 1 10.1742
0 0 0 0 1 10.1506
0 0 0 0 1 10.2598
0 0 0 0 1 10.2864
0 0 0 0 1 10.4573
0 0 0 0 1 10.5893
0 0 0 0 1 10.6247
0 0 0 0 1 10.7024
0 0 0 0 1 10.724
0 0 0 0 0 10.9868
0 0 0 0 1 11.1296
0 0 0 0 1 11.0955
0 0 0 0 1 11.2499
0 0 0 0 1 11.2924
0 0 0 0 1 11.4939
0 0 0 0 1 11.5337
0 0 0 0 1 11.526
0 0 0 0 1 11.6833
0 0 0 0 1 11.7652
0 0 0 0 1 12.0649
0 0 0 0 1 12.0636
0 0 0 0 1 12.2797
0 0 0 0 1 12.3378
0 0 0 0 1 12.541
0 0 0 0 0 12.5985
0 0 0 0 1 12.791
0 0 0 0 1 12.8698
0 0 0 0 0 12.8403
0 0 0 0 1 13.0171
0 0 0 0 0 13.1287
0 0 0 0 1 13.3965
0 0 0 0 1 13.6265
0 0 0 0 1 13.6124
0 0 0 0 1 13.7148
0 0 0 0 1 13.8582
0 0 0 0 0 14.2847
0 0 0 0 1 14.1828
0 0 0 0 1 14.582
0 0 0 0 0 14.527
0 0 0 0 1 14.8918
0 0 0 0 0 15.1165
0 0 0 0 1 15.2607
0 0 0 0 1 15.3827
0 0 0 0 1 15.5967
0 0 0 0 1 15.9381
0 0 0 0 1 16.1742
0 0 0 0 1 16.3461
0 0 0 0 1 16.385
0 0 0 0 1 16.8563
0 0 0 0 1 16.8597
0 0 0 0 1 14.5242
0 0 0 0 1 14.6506
0 0 0 0 1 14.5168
0 0 0 0 1 14.5995
0 0 0 0 1 14.5949
0 0 0 0 1 14.5351
0 0 0 0 1 14.6038
0 0 0 0 1 14.4574
0 0 0 0 1 14.512
0 0 0 0 1 14.3495
0 0 0 0 1 14.3926
0 0 0 0 0 14.5659
0 0 0 0 1 14.318
0 0 0 0 1 14.4314
0 0 0 0 0 14.3599
0 0 0 0 1 14.4615
0 0 0 0 1 14.4745
0 0 0 0 1 14.3464
0 0 0 0 0 14.4893
0 0 0 0 1 14.4335
0 0 0 0 0 14.3352
0 0 0 0 1 14.1923
0 0 0 0 1 14.252
0 0 0 0 1 14.1672
0 0 0 0 0 14.1845
0 0 0 0 1 14.2876
0 0 0 0 1 14.3622
0 0 0 0 1 14.3071
0 0 0 0 1 14.1972
0 0 0 0 0 14.3151
0 0 0 0 1 14.2468
0 0 0 0 1 14.2425
0 0 0 0 1 14.8363
0 0 0 0 1 15.1671
0 0 0 0 1 15.5273
0 0 0 0 1 16.2344
0 0 0 0 1 16.5195
0 0 0 0 1 17.0873
0 0 0 0 0 17.9452
0 0 0 0 0 40.5416
0 0 0 0 0 42.0363
0 0 0 0 1 44.2197
0 0 0 0 1 45.7031
0 0 0 0 1 47.1257
0 0 0 0 1 49.7661
0 0 0 0 1 42.5058
0 0 0 0 1 41.9393
0 0 0 0 1 41.9647
0 0 0 0 1 42.6254
0 0 0 0 1 42.4411
0 0 0 0 1 42.3428
0 0 0 0 0 42.2447
0 0 0 0 1 42.106
0 0 0 0 1 41.8409
0 0 0 0 1 42.2943
0 0 0 0 1 42.4531
0 0 0 0 1 45.7987
0 0 0 0 0 5.04006
0 0 0 0 0 5.05008
0 0 0 0 0 5.04006
0 0 0 0 0 4.99497
0 0 0 0 1 35.5995
0 0 0 0 1 35.0667
0 0 0 0 1 35.0991
0 0 0 0 1 34.9203
0 0 0 0 1 35.6241
0 0 0 0 1 35.5172
0 0 0 0 1 35.0231
0 0 0 0 1 35.5525
0 0 0 0 0 35.095
0 0 0 0 1 34.9203
0 0 0 0 1 35.24
0 0 0 0 1 35.1726
0 0 0 0 1 34.9645
0 0 0 0 0 5.02002
0 0 0 0 0 4.9599
0 0 0 0 0 4.99497
0 0 0 0 0 5.04006
0 0 0 0 0 4.97994
0 0 0 0 0 5.0601
0 0 0 0 0 4.97493
0 0 0 0 0 5.02503
0 0 0 0 0 4.98996
0 0 0 0 1 96.4878
0 0 0 0 1 90.4176
0 0 0 0 0 85.7593
0 0 0 0 0 81.2916
0 0 0 0 1 23.4549
0 0 0 0 0 22.2518
0 0 0 0 1 21.348
0 0 0 0 1 20.1408
0 0 0 0 0 20.0694
0 0 0 0 1 19.9783
0 0 0 0 1 20.2905
0 0 0 0 0 20.3211
0 0 0 0 1 20.2904
0 0 0 0 0 20.3823
0 0 0 0 1 20.0911
0 0 0 0 1 20.3858
0 0 0 0 1 20.2769
0 0 0 0 1 20.2896
0 0 0 0 1 20.4242
0 0 0 0 1 20.134
0 0 0 0 1 20.1073
0 0 0 0 1 20.4865
0 0 0 0 1 20.3186
0 0 0 0 1 20.2525
0 0 0 0 1 20.2272
0 0 0 0 1 20.1801
0 0 0 0 1 20.4627
0 0 0 0 1 20.5405
0 0 0 0 1 20.5984
0 0 0 0 0 34.7207
0 0 0 0 1 33.8433
0 0 0 0 1 33.6375
0 0 0 0 1 33.0232
0 0 0 0 1 32.4286
0 0 0 0 0 31.3155
0 0 0 0 1 31.1787
0 0 0 0 1 30.5891
0 0 0 0 1 29.8708
0 0 0 0 1 29.0143
0 0 0 0 1 29.0503
0 0 0 0 1 28.1731
0 0 0 0 0 27.6618
0 0 0 0 0 27.4172
0 0 0 0 1 26.6383
0 0 0 0 1 26.2501
0 0 0 0 1 26.0454
0 0 0 0 1 25.4508
0 0 0 0 1 25.0485
0 0 0 0 1 24.7314
0 0 0 0 1 24.539
0 0 0 0 1 24.342
0 0 0 0 0 23.6847
0 0 0 0 1 23.3508
0 0 0 0 1 23.1327
0 0 0 0 1 22.5438
0 0 0 0 1 22.6142
0 0 0 0 1 22.1303
0 0 0 0 1 21.7704
0 0 0 0 1 21.5515
0 0 0 0 1 21.1805
0 0 0 0 1 21.1186
0 0 0 0 0 20.9156
0 0 0 0 1 20.751
0 0 0 0 1 20.1694
0 0 0 0 1 20.207
0 0 0 0 1 19.8515
0 0 0 0 0 19.7733
0 0 0 0 1 19.4883
0 0 0 0 0 19.2433
0 0 0 0 0 19.0086
0 0 0 0 1 18.7839
0 0 0 0 1 18.6341
0 0 0 0 1 18.1906
0 0 0 0 0 18.1963
0 0 0 0 1 17.7862
0 0 0 0 1 17.6567
0 0 0 0 1 17.6093
0 0 0 0 1 17.469
0 0 0 0 1 17.0872
0 0 0 0 1 17.085
0 0 0 0 0 16.7758
0 0 0 0 1 16.6717
0 0 0 0 1 16.6076
0 0 0 0 0 16.5674
0 0 0 0 1 16.3628
0 0 0 0 1 16.1434
0 0 0 0 1 16.0622
0 0 0 0 0 15.7904
0 0 0 0 0 15.7719
0 0 0 0 1 15.4099
0 0 0 0 0 15.5163
0 0 0 0 0 15.311
0 0 0 0 1 15.2764
0 0 0 0 1 14.8717
0 0 0 0 1 14.8315
0 0 0 0 1 14.7078
0 0 0 0 1 14.751
0 0 0 0 1 14.5861
0 0 0 0 1 14.4479
0 0 0 0 1 14.319
0 0 0 0 1 14.1427
0 0 0 0 1 14.0094
0 0 0 0 1 14.0503
0 0 0 0 1 13.7842
0 0 0 0 1 13.6944
0 0 0 0 1 13.7907
0 0 0 0 1 13.6726
0 0 0 0 0 13.4828
0 0 0 0 1 13.2194
0 0 0 0 1 13.3117
0 0 0 0 1 13.0989
0 0 0 0 1 13.0449
0 0 0 0 1 13.0424
0 0 0 0 1 12.7555
0 0 0 0 1 12.8767
0 0 0 0 1 12.6691
0 0 0 0 0 12.5979
0 0 0 0 1 12.5645
0 0 0 0 0 12.5182
0 0 0 0 0 12.2612
0 0 0 0 1 12.1872
0 0 0 0 1 12.2639
0 0 0 0 1 12.0679
0 0 0 0 1 12.1873
0 0 0 0 1 11.9807
0 0 0 0 1 11.8595
0 0 0 0 1 11.893
0 0 0 0 0 11.6665
0 0 0 0 1 11.6644
0 0 0 0 1 11.7314
0 0 0 0 0 11.597
0 0 0 0 1 11.4291
0 0 0 0 0 11.4032
0 0 0 0 1 11.4645
0 0 0 0 0 11.3132
0 0 0 0 0 11.1678
0 0 0 0 1 11.2837
0 0 0 0 1 11.1757
0 0 0 0 0 11.0683
0 0 0 0 1 10.9727
0 0 0 0 1 10.8855
0 0 0 0 1 10.9836
0 0 0 0 1 10.7296
0 0 0 0 1 10.6438
0 0 0 0 1 10.733
0 0 0 0 1 10.5941
0 0 0 0 1 10.6577
0 0 0 0 1 10.5937
0 0 0 0 1 10.467
0 0 0 0 1 10.5084
0 0 0 0 1 10.3412
0 0 0 0 0 10.4339
0 0 0 0 1 10.3888
0 0 0 0 1 10.2032
0 0 0 0 1 10.2026
0 0 0 0 1 10.222
0 0 0 0 1 10.1473
0 0 0 0 1 9.9726
0 0 0 0 1 9.92208
0 0 0 0 0 9.90884
0 0 0 0 1 9.8856
0 0 0 0 1 9.85248
0 0 0 0 1 9.79979
0 0 0 0 1 9.82831
0 0 0 0 0 9.68818
0 0 0 0 1 9.79144
0 0 0 0 1 9.63302
0 0 0 0 1 9.65579
0 0 0 0 1 9.47973
0 0 0 0 1 9.48619
0 0 0 0 1 9.40699
0 0 0 0 1 9.40129
0 0 0 0 1 9.3793
0 0 0 0 1 9.34797
0 0 0 0 1 9.25142
0 0 0 0 1 9.218
0 0 0 0 1 9.32628
0 0 0 0 1 9.16345
0 0 0 0 1 9.12124
0 0 0 0 1 9.09758
0 0 0 0 0 9.15869
0 0 0 0 1 9.06218
0 0 0 0 0 9.14742
0 0 0 0 1 9.08758
0 0 0 0 1 8.93818
0 0 0 0 1 8.87304
0 0 0 0 0 8.88602
0 0 0 0 1 8.92551
0 0 0 0 1 8.76979
0 0 0 0 0 8.76518
0 0 0 0 1 8.80452
0 0 0 0 1 8.82349
0 0 0 0 1 8.69884
0 0 0 0 1 8.63081
0 0 0 0 1 8.63523
0 0 0 0 0 8.61103
0 0 0 0 1 8.62665
0 0 0 0 1 8.64557
0 0 0 0 1 8.47849
0 0 0 0 1 8.47205
0 0 0 0 1 8.53638
0 0 0 0 1 8.46455
0 0 0 0 1 8.49201
0 0 0 0 1 8.41233
0 0 0 0 1 8.3389
0 0 0 0 0 8.34401
0 0 0 0 1 8.28792
0 0 0 0 1 8.39046
0 0 0 0 0 8.37046
0 0 0 0 0 8.19888
0 0 0 0 1 8.24571
0 0 0 0 1 8.19901
0 0 0 0 0 8.23467
0 0 0 0 1 8.14195
0 0 0 0 1 8.1368
0 0 0 0 1 8.14797
0 0 0 0 1 8.19159
0 0 0 0 1 8.12166
0 0 0 0 1 8.03635
0 0 0 0 1 8.13658
0 0 0 0 1 7.97091
0 0 0 0 1 8.07889
0 0 0 0 0 8.08234
0 0 0 0 1 8.01397
0 0 0 0 1 8.00466
0 0 0 0 1 8.02137
0 0 0 0 1 7.89045
0 0 0 0 0 7.83925
0 0 0 0 1 7.82778
0 0 0 0 1 7.83215
0 0 0 0 1 7.78949
0 0 0 0 0 7.87231
0 0 0 0 1 7.75963
0 0 0 0 1 7.87034
0 0 0 0 1 7.76603
0 0 0 0 1 7.79729
0 0 0 0 0 7.72935
0 0 0 0 1 7.74985
0 0 0 0 1 7.72861
0 0 0 0 1 7.65691
0 0 0 0 1 7.59331
0 0 0 0 1 7.64922
0 0 0 0 1 7.67007
0 0 0 0 0 7.61469
0 0 0 0 1 7.65519
0 0 0 0 1 7.56227
0 0 0 0 1 7.53804
0 0 0 0 1 7.49543
0 0 0 0 0 7.49426
0 0 0 0 0 7.58357
0 0 0 0 1 7.46616
0 0 0 0 1 7.45785
0 0 0 0 0 7.47215
0 0 0 0 1 7.43058
0 0 0 0 1 7.52715
0 0 0 0 0 7.37032
0 0 0 0 0 7.51158
0 0 0 0 0 7.49647
0 0 0 0 1 7.47413
0 0 0 0 1 7.44088
0 0 0 0 1 7.41896
0 0 0 0 1 7.44504
0 0 0 0 1 7.346
0 0 0 0 1 7.31735
0 0 0 0 0 7.26696
0 0 0 0 0 7.30415
0 0 0 0 1 7.37113
0 0 0 0 0 7.30663
0 0 0 0 0 7.34779
0 0 0 0 1 7.2579
0 0 0 0 1 7.21606
0 0 0 0 1 7.19213
0 0 0 0 0 7.29156
0 0 0 0 0 7.18511
0 0 0 0 1 7.26279
