0 0 0 0 1 5.16093
0 0 0 0 1 5.21904
0 0 0 0 0 5.2596
0 0 0 0 1 5.17186
0 0 0 0 1 5.21789
0 0 0 0 1 5.22953
0 0 0 0 1 5.29896
0 0 0 0 1 5.29314
0 0 0 0 1 5.2209
0 0 0 0 1 5.27499
0 0 0 0 1 5.26937
0 0 0 0 1 5.27442
0 0 0 0 1 5.31847
0 0 0 0 1 5.2566
0 0 0 0 1 5.30441
0 0 0 0 1 5.27436
0 0 0 0 1 5.33855
0 0 0 0 1 5.35662
0 0 0 0 1 5.34109
0 0 0 0 0 5.39685
0 0 0 0 1 5.35466
0 0 0 0 0 5.3462
0 0 0 0 1 5.43866
0 0 0 0 0 5.42357
0 0 0 0 0 5.37205
0 0 0 0 1 5.46669
0 0 0 0 1 5.47894
0 0 0 0 1 5.38793
0 0 0 0 1 5.49295
0 0 0 0 1 5.50136
0 0 0 0 1 5.5141
0 0 0 0 1 5.43366
0 0 0 0 0 5.50813
0 0 0 0 1 5.45073
0 0 0 0 0 5.54647
0 0 0 0 1 5.57635
0 0 0 0 1 5.57318
0 0 0 0 1 5.53776
0 0 0 0 0 5.51231
0 0 0 0 1 5.60959
0 0 0 0 1 5.64679
0 0 0 0 1 5.57116
0 0 0 0 1 5.57949
0 0 0 0 0 5.67241
0 0 0 0 1 5.66506
0 0 0 0 1 5.64554
0 0 0 0 1 5.63646
0 0 0 0 0 5.65183
0 0 0 0 1 5.73488
0 0 0 0 1 5.68123
0 0 0 0 1 5.77633
0 0 0 0 0 5.72905
0 0 0 0 1 5.70893
0 0 0 0 1 5.71833
0 0 0 0 1 5.74519
0 0 0 0 0 5.80767
0 0 0 0 0 5.76513
0 0 0 0 1 5.89688
0 0 0 0 1 5.80228
0 0 0 0 1 5.90021
0 0 0 0 1 5.9159
0 0 0 0 1 5.89136
0 0 0 0 0 5.87806
0 0 0 0 1 5.91761
0 0 0 0 1 5.99956
0 0 0 0 1 5.92084
0 0 0 0 1 5.92547
0 0 0 0 1 5.95373
0 0 0 0 0 6.06125
0 0 0 0 1 6.01769
0 0 0 0 1 6.02875
0 0 0 0 0 6.02164
0 0 0 0 1 6.07542
0 0 0 0 1 6.08032
0 0 0 0 1 6.14101
0 0 0 0 1 6.09696
0 0 0 0 1 6.12667
0 0 0 0 1 6.18183
0 0 0 0 1 6.16854
0 0 0 0 1 6.28607
0 0 0 0 1 6.30445
0 0 0 0 1 6.29155
0 0 0 0 1 6.25952
0 0 0 0 0 6.37899
0 0 0 0 1 6.31531
0 0 0 0 1 6.39113
0 0 0 0 1 6.36536
0 0 0 0 0 6.41618
0 0 0 0 1 6.48023
0 0 0 0 0 6.44143
0 0 0 0 1 6.53833
0 0 0 0 1 6.55135
0 0 0 0 1 6.59053
0 0 0 0 1 6.54478
0 0 0 0 1 6.55126
0 0 0 0 1 6.64346
0 0 0 0 1 6.69003
0 0 0 0 0 6.59045
0 0 0 0 1 6.63027
0 0 0 0 1 6.63682
0 0 0 0 1 6.71064
0 0 0 0 0 6.71063
0 0 0 0 1 6.82588
0 0 0 0 1 6.88065
0 0 0 0 1 6.80581
0 0 0 0 1 6.82641
0 0 0 0 1 6.84017
0 0 0 0 1 6.88165
0 0 0 0 1 6.93033
0 0 0 0 1 6.95134
0 0 0 0 0 6.97943
0 0 0 0 1 7.02879
0 0 0 0 0 7.14921
0 0 0 0 0 7.08573
0 0 0 0 1 7.10006
0 0 0 0 0 7.11437
0 0 0 0 1 7.15028
0 0 0 0 1 7.29502
0 0 0 0 1 7.22987
0 0 0 0 1 7.28092
0 0 0 0 0 7.34694
0 0 0 0 1 7.44292
0 0 0 0 1 7.37655
0 0 0 0 0 7.52536
0 0 0 0 1 7.4508
0 0 0 0 1 7.50319
0 0 0 0 1 7.48781
0 0 0 0 0 7.54045
0 0 0 0 0 7.60103
0 0 0 0 1 7.69267
0 0 0 0 1 7.76956
0 0 0 0 1 7.73056
0 0 0 0 1 7.79233
0 0 0 0 1 7.82299
0 0 0 0 1 7.80648
0 0 0 0 1 7.9162
0 0 0 0 1 8.04289
0 0 0 0 0 8.0583
0 0 0 0 1 8.08172
0 0 0 0 1 8.02387
0 0 0 0 1 8.09539
0 0 0 0 1 8.21677
0 0 0 0 1 8.33049
0 0 0 0 1 8.32946
0 0 0 0 0 8.35255
0 0 0 0 1 8.33378
0 0 0 0 1 8.35659
0 0 0 0 1 8.42126
0 0 0 0 1 8.57217
0 0 0 0 1 8.5267
0 0 0 0 1 8.57485
0 0 0 0 1 8.64105
0 0 0 0 1 8.76008
0 0 0 0 1 8.87907
0 0 0 0 1 8.93796
0 0 0 0 1 8.97868
0 0 0 0 1 9.03671
0 0 0 0 1 9.08642
0 0 0 0 1 9.13618
0 0 0 0 1 9.24099
0 0 0 0 0 9.30891
0 0 0 0 1 9.32203
0 0 0 0 1 9.38063
0 0 0 0 1 9.48729
0 0 0 0 1 9.48848
0 0 0 0 0 9.52803
0 0 0 0 0 9.54808
0 0 0 0 0 9.74228
0 0 0 0 1 9.73322
0 0 0 0 1 9.87951
0 0 0 0 1 9.81997
0 0 0 0 1 9.96721
0 0 0 0 1 10.015
0 0 0 0 1 10.0726
0 0 0 0 1 10.2223
0 0 0 0 1 10.3216
0 0 0 0 1 10.4007
0 0 0 0 1 10.4678
0 0 0 0 1 10.5471
0 0 0 0 1 10.5928
0 0 0 0 1 10.638
0 0 0 0 1 10.7781
0 0 0 0 1 10.823
0 0 0 0 0 11.0304
0 0 0 0 1 11.0955
0 0 0 0 1 11.1378
0 0 0 0 1 11.2585
0 0 0 0 1 11.5168
0 0 0 0 1 11.5683
0 0 0 0 1 11.6772
0 0 0 0 0 11.6364
0 0 0 0 1 11.8126
0 0 0 0 1 11.8975
0 0 0 0 1 11.9549
0 0 0 0 1 12.3163
0 0 0 0 1 12.2762
0 0 0 0 1 12.3668
0 0 0 0 1 12.5482
0 0 0 0 1 12.8037
0 0 0 0 0 12.8057
0 0 0 0 0 12.8274
0 0 0 0 1 12.9909
0 0 0 0 1 13.1155
0 0 0 0 0 13.276
0 0 0 0 1 13.5724
0 0 0 0 0 13.7492
0 0 0 0 1 13.7563
0 0 0 0 1 14.1102
0 0 0 0 1 14.2989
0 0 0 0 1 14.2114
0 0 0 0 1 14.582
0 0 0 0 0 14.6297
0 0 0 0 1 14.9661
0 0 0 0 1 14.9661
0 0 0 0 1 15.0932
0 0 0 0 1 15.5678
0 0 0 0 0 15.5498
0 0 0 0 1 15.8431
0 0 0 0 0 16.094
0 0 0 0 1 16.1509
0 0 0 0 1 16.5664
0 0 0 0 1 16.572
0 0 0 0 0 16.8427
0 0 0 0 1 14.4949
0 0 0 0 1 14.5482
0 0 0 0 0 14.6774
0 0 0 0 0 14.6287
0 0 0 0 0 14.5221
0 0 0 0 0 14.4042
0 0 0 0 1 14.3858
0 0 0 0 0 14.3848
0 0 0 0 1 14.4685
0 0 0 0 0 14.5088
0 0 0 0 1 14.3347
0 0 0 0 0 14.5803
0 0 0 0 1 14.5345
0 0 0 0 0 14.5323
0 0 0 0 1 14.504
0 0 0 0 1 14.332
0 0 0 0 0 14.2589
0 0 0 0 1 14.3464
0 0 0 0 0 14.4462
0 0 0 0 1 14.4335
0 0 0 0 0 14.3352
0 0 0 0 1 14.3497
0 0 0 0 1 14.4236
0 0 0 0 1 14.2386
0 0 0 0 1 14.4128
0 0 0 0 1 14.2448
0 0 0 0 1 14.1342
0 0 0 0 1 14.0936
0 0 0 0 1 14.2114
0 0 0 0 1 14.0734
0 0 0 0 1 14.119
0 0 0 0 0 14.2713
0 0 0 0 1 14.6148
0 0 0 0 1 15.0607
0 0 0 0 1 15.7621
0 0 0 0 1 16.2829
0 0 0 0 0 16.686
0 0 0 0 1 17.1045
0 0 0 0 1 17.785
0 0 0 0 1 41.0296
0 0 0 0 1 41.9941
0 0 0 0 1 43.6943
0 0 0 0 1 45.7942
0 0 0 0 1 47.7895
0 0 0 0 1 49.964
0 0 0 0 1 42.0829
0 0 0 0 0 42.5312
0 0 0 0 1 42.007
0 0 0 0 0 42.1185
0 0 0 0 0 42.0188
0 0 0 0 0 42.4695
0 0 0 0 1 42.3713
0 0 0 0 1 41.9794
0 0 0 0 1 42.3049
0 0 0 0 1 41.7461
0 0 0 0 1 41.8207
0 0 0 0 1 45.5242
0 0 0 0 0 5.02503
0 0 0 0 0 4.97994
0 0 0 0 0 5.02503
0 0 0 0 0 5.0601
0 0 0 0 0 35.0703
0 0 0 0 1 34.9962
0 0 0 0 1 35.3107
0 0 0 0 1 35.2377
0 0 0 0 1 35.3066
0 0 0 0 1 35.0234
0 0 0 0 0 35.6227
0 0 0 0 0 35.623
0 0 0 0 1 35.095
0 0 0 0 1 35.4141
0 0 0 0 1 35.0636
0 0 0 0 1 35.5254
0 0 0 0 1 35.3173
0 0 0 0 0 4.99497
0 0 0 0 0 4.99497
0 0 0 0 0 4.98996
0 0 0 0 0 5.03004
0 0 0 0 0 5.00499
0 0 0 0 0 5.04507
0 0 0 0 0 4.97994
0 0 0 0 0 5.01501
0 0 0 0 0 4.99497
0 0 0 0 1 94.9592
0 0 0 0 0 90.2375
0 0 0 0 1 85.5033
0 0 0 0 1 81.6964
0 0 0 0 1 23.292
0 0 0 0 1 22.274
0 0 0 0 1 20.946
0 0 0 0 1 20.323
0 0 0 0 1 20.3311
0 0 0 0 0 20.1998
0 0 0 0 1 19.9479
0 0 0 0 1 20.2404
0 0 0 0 1 20.371
0 0 0 0 1 20.3016
0 0 0 0 1 20.3132
0 0 0 0 1 20.3454
0 0 0 0 1 20.1556
0 0 0 0 1 20.2087
0 0 0 0 1 20.2825
0 0 0 0 1 20.3366
0 0 0 0 1 20.1681
0 0 0 0 0 20.4257
0 0 0 0 1 20.1969
0 0 0 0 1 20.1306
0 0 0 0 1 20.4711
0 0 0 0 1 20.4242
0 0 0 0 1 20.4016
0 0 0 0 0 20.5405
0 0 0 0 1 20.476
0 0 0 0 1 34.6508
0 0 0 0 1 33.8433
0 0 0 0 1 33.5036
0 0 0 0 1 32.9248
0 0 0 0 1 32.2355
0 0 0 0 0 31.6624
0 0 0 0 0 30.9003
0 0 0 0 0 30.5587
0 0 0 0 1 29.9303
0 0 0 0 0 29.1021
0 0 0 0 1 28.849
0 0 0 0 1 28.4274
0 0 0 0 1 27.9951
0 0 0 0 1 27.581
0 0 0 0 1 26.692
0 0 0 0 0 26.6726
0 0 0 0 0 26.2273
0 0 0 0 1 25.7578
0 0 0 0 1 25.3007
0 0 0 0 1 24.7065
0 0 0 0 0 24.5879
0 0 0 0 1 23.86
0 0 0 0 1 23.8985
0 0 0 0 1 23.2337
0 0 0 0 1 23.1327
0 0 0 0 1 22.5666
0 0 0 0 1 22.3896
0 0 0 0 1 22.374
0 0 0 0 1 21.9671
0 0 0 0 0 21.6162
0 0 0 0 1 21.2019
0 0 0 0 1 21.1607
0 0 0 0 0 20.7701
0 0 0 0 0 20.4634
0 0 0 0 0 20.3724
0 0 0 0 1 20.207
0 0 0 0 1 19.9902
0 0 0 0 1 19.6754
0 0 0 0 1 19.5077
0 0 0 0 1 18.9755
0 0 0 0 1 19.0464
0 0 0 0 1 18.8027
0 0 0 0 1 18.6341
0 0 0 0 1 18.2089
0 0 0 0 1 18.1963
0 0 0 0 1 17.8041
0 0 0 0 1 17.6389
0 0 0 0 1 17.4863
0 0 0 0 0 17.5734
0 0 0 0 1 17.3111
0 0 0 0 1 17.1532
0 0 0 0 0 16.7758
0 0 0 0 1 16.5547
0 0 0 0 0 16.5414
0 0 0 0 1 16.2557
0 0 0 0 1 16.1353
0 0 0 0 0 16.1112
0 0 0 0 1 16.0622
0 0 0 0 1 15.9011
0 0 0 0 1 15.6936
0 0 0 0 0 15.3789
0 0 0 0 1 15.2546
0 0 0 0 1 15.4025
0 0 0 0 1 15.2008
0 0 0 0 1 14.9167
0 0 0 0 0 14.7869
0 0 0 0 1 14.6783
0 0 0 0 1 14.634
0 0 0 0 0 14.4845
0 0 0 0 1 14.3616
0 0 0 0 1 14.2619
0 0 0 0 0 14.0719
0 0 0 0 0 14.1643
0 0 0 0 1 13.8966
0 0 0 0 1 13.7149
0 0 0 0 1 13.8594
0 0 0 0 1 13.6815
0 0 0 0 1 13.4151
0 0 0 0 1 13.5501
0 0 0 0 1 13.3128
0 0 0 0 1 13.2322
0 0 0 0 1 13.0331
0 0 0 0 1 13.1494
0 0 0 0 1 13.1073
0 0 0 0 1 12.8973
0 0 0 0 1 12.6719
0 0 0 0 1 12.6691
0 0 0 0 1 12.6737
0 0 0 0 1 12.552
0 0 0 0 1 12.4808
0 0 0 0 1 12.286
0 0 0 0 1 12.1995
0 0 0 0 1 12.2761
0 0 0 0 1 12.0557
0 0 0 0 1 11.946
0 0 0 0 1 12.0167
0 0 0 0 1 11.9906
0 0 0 0 1 11.8575
0 0 0 0 1 11.8431
0 0 0 0 0 11.6527
0 0 0 0 0 11.557
0 0 0 0 1 11.6086
0 0 0 0 1 11.544
0 0 0 0 1 11.5403
0 0 0 0 1 11.3395
0 0 0 0 1 11.2229
0 0 0 0 0 11.2464
0 0 0 0 0 11.2837
0 0 0 0 0 11.0646
0 0 0 0 1 11.1236
0 0 0 0 1 10.9508
0 0 0 0 1 10.9948
0 0 0 0 0 10.8531
0 0 0 0 1 10.7836
0 0 0 0 1 10.7835
0 0 0 0 1 10.6259
0 0 0 0 0 10.7646
0 0 0 0 1 10.4986
0 0 0 0 1 10.4777
0 0 0 0 1 10.446
0 0 0 0 1 10.5189
0 0 0 0 0 10.3204
0 0 0 0 0 10.4029
0 0 0 0 1 10.3785
0 0 0 0 0 10.3466
0 0 0 0 1 10.1312
0 0 0 0 0 10.1814
0 0 0 0 1 10.1271
0 0 0 0 1 10.0631
0 0 0 0 1 9.93209
0 0 0 0 1 9.93872
0 0 0 0 1 9.96492
0 0 0 0 1 9.86235
0 0 0 0 0 9.81945
0 0 0 0 1 9.87721
0 0 0 0 0 9.68818
0 0 0 0 1 9.76236
0 0 0 0 0 9.67163
0 0 0 0 0 9.67502
0 0 0 0 1 9.66167
0 0 0 0 0 9.44805
0 0 0 0 0 9.47343
0 0 0 0 1 9.42966
0 0 0 0 1 9.3793
0 0 0 0 1 9.46049
0 0 0 0 1 9.31677
0 0 0 0 1 9.24591
0 0 0 0 1 9.18736
0 0 0 0 1 9.27419
0 0 0 0 0 9.23158
0 0 0 0 1 9.14338
0 0 0 0 1 9.18605
0 0 0 0 1 9.06218
0 0 0 0 1 9.1293
0 0 0 0 1 9.09661
0 0 0 0 1 8.93818
0 0 0 0 1 8.90885
0 0 0 0 1 9.01092
0 0 0 0 1 8.86329
0 0 0 0 1 8.91152
0 0 0 0 1 8.80048
0 0 0 0 1 8.80452
0 0 0 0 0 8.7884
0 0 0 0 1 8.64644
0 0 0 0 1 8.69177
0 0 0 0 1 8.6873
0 0 0 0 0 8.66295
0 0 0 0 1 8.54047
0 0 0 0 1 8.6026
0 0 0 0 1 8.49562
0 0 0 0 1 8.52329
0 0 0 0 1 8.50234
0 0 0 0 0 8.42214
0 0 0 0 1 8.50047
0 0 0 0 1 8.36176
0 0 0 0 1 8.35571
0 0 0 0 1 8.30212
0 0 0 0 1 8.30463
0 0 0 0 1 8.27381
0 0 0 0 1 8.32894
0 0 0 0 1 8.28998
0 0 0 0 1 8.29524
0 0 0 0 1 8.29779
0 0 0 0 1 8.27572
0 0 0 0 0 8.12559
0 0 0 0 1 8.22657
0 0 0 0 1 8.10727
0 0 0 0 1 8.19971
0 0 0 0 0 8.16214
0 0 0 0 1 8.02827
0 0 0 0 1 7.99949
0 0 0 0 1 8.03525
0 0 0 0 1 8.09493
0 0 0 0 0 7.9463
0 0 0 0 0 8.01397
0 0 0 0 0 7.8853
0 0 0 0 1 7.88636
0 0 0 0 1 7.97759
0 0 0 0 1 7.84715
0 0 0 0 1 7.86719
0 0 0 0 0 7.90292
0 0 0 0 1 7.92284
0 0 0 0 0 7.75493
0 0 0 0 1 7.74402
0 0 0 0 1 7.76904
0 0 0 0 1 7.76603
0 0 0 0 1 7.68102
0 0 0 0 1 7.66745
0 0 0 0 1 7.74213
0 0 0 0 1 7.69008
0 0 0 0 1 7.6646
0 0 0 0 1 7.65467
0 0 0 0 1 7.64922
0 0 0 0 1 7.70826
0 0 0 0 1 7.64518
0 0 0 0 1 7.57149
0 0 0 0 1 7.58505
0 0 0 0 1 7.6138
0 0 0 0 1 7.63913
0 0 0 0 1 7.52444
0 0 0 0 0 7.51579
0 0 0 0 1 7.53383
0 0 0 0 1 7.55539
0 0 0 0 0 7.52456
0 0 0 0 1 7.49786
0 0 0 0 0 7.51223
0 0 0 0 0 7.49688
0 0 0 0 1 7.49671
0 0 0 0 1 7.36287
0 0 0 0 1 7.36302
0 0 0 0 0 7.4039
0 0 0 0 1 7.3599
0 0 0 0 1 7.44504
0 0 0 0 1 7.43433
0 0 0 0 1 7.36878
0 0 0 0 1 7.34029
0 0 0 0 1 7.37009
0 0 0 0 0 7.3492
0 0 0 0 1 7.27743
0 0 0 0 1 7.34779
0 0 0 0 1 7.24334
0 0 0 0 1 7.22332
0 0 0 0 1 7.27196
0 0 0 0 1 7.21184
0 0 0 0 1 7.21405
0 0 0 0 1 7.24111
