0 0 0 0 1 5.21816
0 0 0 0 0 5.16174
0 0 0 0 1 5.26481
0 0 0 0 1 5.19275
0 0 0 0 1 5.19696
0 0 0 0 0 5.29241
0 0 0 0 1 5.236
0 0 0 0 0 5.23532
0 0 0 0 0 5.28932
0 0 0 0 1 5.23811
0 0 0 0 1 5.22713
0 0 0 0 1 5.285
0 0 0 0 1 5.28669
0 0 0 0 1 5.35738
0 0 0 0 0 5.34162
0 0 0 0 1 5.34355
0 0 0 0 1 5.32255
0 0 0 0 0 5.3139
0 0 0 0 1 5.31433
0 0 0 0 1 5.39685
0 0 0 0 1 5.42448
0 0 0 0 1 5.4215
0 0 0 0 0 5.3632
0 0 0 0 1 5.42897
0 0 0 0 1 5.44238
0 0 0 0 1 5.42877
0 0 0 0 1 5.37577
0 0 0 0 1 5.4097
0 0 0 0 1 5.40568
0 0 0 0 1 5.41395
0 0 0 0 0 5.5141
0 0 0 0 1 5.51599
0 0 0 0 1 5.51363
0 0 0 0 1 5.46174
0 0 0 0 0 5.56855
0 0 0 0 1 5.52657
0 0 0 0 1 5.51218
0 0 0 0 1 5.58219
0 0 0 0 0 5.60696
0 0 0 0 1 5.59843
0 0 0 0 1 5.64679
0 0 0 0 1 5.65524
0 0 0 0 1 5.57387
0 0 0 0 1 5.65552
0 0 0 0 1 5.65378
0 0 0 0 1 5.66817
0 0 0 0 1 5.64781
0 0 0 0 1 5.69732
0 0 0 0 1 5.75198
0 0 0 0 0 5.73267
0 0 0 0 1 5.67891
0 0 0 0 1 5.68313
0 0 0 0 1 5.73197
0 0 0 0 1 5.81652
0 0 0 0 0 5.76256
0 0 0 0 0 5.77866
0 0 0 0 1 5.77677
0 0 0 0 1 5.82098
0 0 0 0 0 5.80228
0 0 0 0 1 5.85329
0 0 0 0 1 5.87469
0 0 0 0 1 5.86188
0 0 0 0 1 5.87215
0 0 0 0 0 5.87606
0 0 0 0 1 5.90433
0 0 0 0 0 6.01633
0 0 0 0 1 6.00927
0 0 0 0 1 6.04385
0 0 0 0 0 5.98902
0 0 0 0 1 6.03582
0 0 0 0 1 6.08328
0 0 0 0 1 6.05809
0 0 0 0 1 6.03886
0 0 0 0 1 6.17208
0 0 0 0 1 6.17778
0 0 0 0 1 6.10311
0 0 0 0 1 6.18226
0 0 0 0 1 6.16946
0 0 0 0 0 6.16854
0 0 0 0 1 6.17382
0 0 0 0 1 6.28569
0 0 0 0 1 6.21001
0 0 0 0 0 6.24692
0 0 0 0 1 6.32215
0 0 0 0 1 6.2836
0 0 0 0 1 6.39113
0 0 0 0 1 6.35259
0 0 0 0 1 6.37772
0 0 0 0 1 6.48667
0 0 0 0 1 6.3898
0 0 0 0 1 6.44113
0 0 0 0 0 6.55135
0 0 0 0 0 6.46002
0 0 0 0 1 6.56444
0 0 0 0 1 6.59726
0 0 0 0 0 6.56429
0 0 0 0 1 6.61046
0 0 0 0 0 6.637
0 0 0 0 0 6.64363
0 0 0 0 0 6.72397
0 0 0 0 0 6.75776
0 0 0 0 1 6.69036
0 0 0 0 1 6.82588
0 0 0 0 1 6.7444
0 0 0 0 0 6.81265
0 0 0 0 1 6.84014
0 0 0 0 0 6.84017
0 0 0 0 0 6.93011
0 0 0 0 1 6.93729
0 0 0 0 1 6.95833
0 0 0 0 0 7.02151
0 0 0 0 1 7.03584
0 0 0 0 0 7.10674
0 0 0 0 0 7.16398
0 0 0 0 1 7.07863
0 0 0 0 1 7.23641
0 0 0 0 1 7.22236
0 0 0 0 1 7.27329
0 0 0 0 1 7.3317
0 0 0 0 1 7.25899
0 0 0 0 0 7.27354
0 0 0 0 1 7.4503
0 0 0 0 0 7.48034
0 0 0 0 0 7.48811
0 0 0 0 1 7.46577
0 0 0 0 1 7.60103
0 0 0 0 1 7.5105
0 0 0 0 1 7.61647
0 0 0 0 1 7.66214
0 0 0 0 0 7.72338
0 0 0 0 1 7.76184
0 0 0 0 1 7.7228
0 0 0 0 1 7.78453
0 0 0 0 1 7.8073
0 0 0 0 1 7.81437
0 0 0 0 0 7.95586
0 0 0 0 1 8.03492
0 0 0 0 1 8.07433
0 0 0 0 1 8.13007
0 0 0 0 1 8.16976
0 0 0 0 1 8.10354
0 0 0 0 0 8.13485
0 0 0 0 1 8.32224
0 0 0 0 1 8.20514
0 0 0 0 0 8.29414
0 0 0 0 0 8.4177
0 0 0 0 0 8.41568
0 0 0 0 1 8.45525
0 0 0 0 1 8.5038
0 0 0 0 0 8.50951
0 0 0 0 1 8.73926
0 0 0 0 1 8.78028
0 0 0 0 1 8.82134
0 0 0 0 1 8.75563
0 0 0 0 1 8.84929
0 0 0 0 1 8.88943
0 0 0 0 1 8.96478
0 0 0 0 1 8.98687
0 0 0 0 1 9.19083
0 0 0 0 1 9.14931
0 0 0 0 1 9.16115
0 0 0 0 1 9.2198
0 0 0 0 1 9.30573
0 0 0 0 1 9.37424
0 0 0 0 1 9.46948
0 0 0 0 1 9.61413
0 0 0 0 1 9.71187
0 0 0 0 1 9.79079
0 0 0 0 1 9.86026
0 0 0 0 0 9.79086
0 0 0 0 1 9.99851
0 0 0 0 1 9.97721
0 0 0 0 1 10.156
0 0 0 0 1 10.1234
0 0 0 0 1 10.1506
0 0 0 0 0 10.2082
0 0 0 0 0 10.4007
0 0 0 0 1 10.5516
0 0 0 0 1 10.5471
0 0 0 0 1 10.7312
0 0 0 0 1 10.7024
0 0 0 0 1 10.7781
0 0 0 0 1 10.9322
0 0 0 0 1 11.0525
0 0 0 0 0 11.0621
0 0 0 0 1 11.2387
0 0 0 0 0 11.2359
0 0 0 0 1 11.3684
0 0 0 0 1 11.407
0 0 0 0 1 11.6888
0 0 0 0 0 11.8358
0 0 0 0 1 11.8837
0 0 0 0 1 11.9692
0 0 0 0 1 12.124
0 0 0 0 0 12.0968
0 0 0 0 1 12.3501
0 0 0 0 1 12.5285
0 0 0 0 1 12.498
0 0 0 0 1 12.7022
0 0 0 0 1 12.8057
0 0 0 0 1 12.931
0 0 0 0 1 13.0695
0 0 0 0 0 13.1949
0 0 0 0 1 13.3028
0 0 0 0 0 13.6536
0 0 0 0 1 13.7492
0 0 0 0 1 13.8532
0 0 0 0 1 13.8862
0 0 0 0 1 14.1007
0 0 0 0 1 14.4263
0 0 0 0 1 14.3791
0 0 0 0 0 14.8204
0 0 0 0 0 14.7283
0 0 0 0 1 15.1316
0 0 0 0 1 15.276
0 0 0 0 1 15.3518
0 0 0 0 1 15.5811
0 0 0 0 1 15.9539
0 0 0 0 1 15.9977
0 0 0 0 1 16.3949
0 0 0 0 0 16.3685
0 0 0 0 0 16.7392
0 0 0 0 1 16.9784
0 0 0 0 1 14.7438
0 0 0 0 1 14.7383
0 0 0 0 1 14.7358
0 0 0 0 1 14.6725
0 0 0 0 1 14.4639
0 0 0 0 1 14.5933
0 0 0 0 1 14.3858
0 0 0 0 0 14.6025
0 0 0 0 1 14.57
0 0 0 0 0 14.6101
0 0 0 0 0 14.4794
0 0 0 0 1 14.3058
0 0 0 0 1 14.4912
0 0 0 0 1 14.2873
0 0 0 0 1 14.3599
0 0 0 0 0 14.519
0 0 0 0 0 14.2589
0 0 0 0 1 14.289
0 0 0 0 1 14.3315
0 0 0 0 1 14.2902
0 0 0 0 1 14.2779
0 0 0 0 1 14.4212
0 0 0 0 1 14.1806
0 0 0 0 1 14.1672
0 0 0 0 0 14.3129
0 0 0 0 1 14.3731
0 0 0 0 1 14.2055
0 0 0 0 1 14.3783
0 0 0 0 1 14.3679
0 0 0 0 1 14.2298
0 0 0 0 0 14.1332
0 0 0 0 1 14.501
0 0 0 0 1 14.8215
0 0 0 0 1 15.0911
0 0 0 0 1 15.543
0 0 0 0 1 16.1538
0 0 0 0 1 16.8192
0 0 0 0 1 17.0873
0 0 0 0 1 17.963
0 0 0 0 1 41.0703
0 0 0 0 1 42.5001
0 0 0 0 1 43.9132
0 0 0 0 1 45.0658
0 0 0 0 1 47.742
0 0 0 0 1 49.7661
0 0 0 0 1 42.3366
0 0 0 0 0 41.897
0 0 0 0 1 41.8802
0 0 0 0 1 41.865
0 0 0 0 0 42.1032
0 0 0 0 0 42.2584
0 0 0 0 1 42.3291
0 0 0 0 1 42.1482
0 0 0 0 1 41.7988
0 0 0 0 1 41.8304
0 0 0 0 1 41.8207
0 0 0 0 1 45.2954
0 0 0 0 0 5.03004
0 0 0 0 0 5.02503
0 0 0 0 0 4.97994
0 0 0 0 0 4.98495
0 0 0 0 1 35.4584
0 0 0 0 1 35.2078
0 0 0 0 1 35.4518
0 0 0 0 1 35.4846
0 0 0 0 1 35.1303
0 0 0 0 1 34.9882
0 0 0 0 1 35.4111
0 0 0 0 0 35.0587
0 0 0 0 1 35.2361
0 0 0 0 1 35.2377
0 0 0 0 1 34.9931
0 0 0 0 1 35.4901
0 0 0 0 0 35.4937
0 0 0 0 0 5.04507
0 0 0 0 0 5.01501
0 0 0 0 0 4.99998
0 0 0 0 0 5.04507
0 0 0 0 0 4.98996
0 0 0 0 0 5.03505
0 0 0 0 0 4.97493
0 0 0 0 0 4.98495
0 0 0 0 0 4.97493
0 0 0 0 1 95.628
0 0 0 0 1 89.3369
0 0 0 0 1 85.418
0 0 0 0 1 80.8867
0 0 0 0 1 23.4781
0 0 0 0 1 22.3183
0 0 0 0 1 21.0518
0 0 0 0 0 20.1813
0 0 0 0 1 19.9487
0 0 0 0 1 20.0991
0 0 0 0 1 20.1897
0 0 0 0 1 20.059
0 0 0 0 1 20.0282
0 0 0 0 1 20.3621
0 0 0 0 0 20.3535
0 0 0 0 0 20.3454
0 0 0 0 1 20.2769
0 0 0 0 1 20.1885
0 0 0 0 1 20.2016
0 0 0 0 1 20.3366
0 0 0 0 1 20.3708
0 0 0 0 1 20.3851
0 0 0 0 0 20.5013
0 0 0 0 0 20.4759
0 0 0 0 1 20.2882
0 0 0 0 1 20.4649
0 0 0 0 0 20.5034
0 0 0 0 1 20.2959
0 0 0 0 1 20.578
0 0 0 0 1 34.8255
0 0 0 0 1 34.2194
0 0 0 0 0 33.604
0 0 0 0 1 32.7278
0 0 0 0 1 32.3964
0 0 0 0 1 31.8516
0 0 0 0 1 30.8384
0 0 0 0 1 30.3766
0 0 0 0 1 29.5432
0 0 0 0 1 29.3364
0 0 0 0 1 28.9928
0 0 0 0 0 28.2861
0 0 0 0 1 27.6618
0 0 0 0 1 27.1168
0 0 0 0 1 26.9068
0 0 0 0 0 26.2236
0 0 0 0 1 25.7854
0 0 0 0 1 25.5276
0 0 0 0 0 25.1998
0 0 0 0 0 25.079
0 0 0 0 1 24.2699
0 0 0 0 1 23.86
0 0 0 0 1 23.8035
0 0 0 0 1 23.3508
0 0 0 0 1 23.2712
0 0 0 0 1 22.7943
0 0 0 0 1 22.4346
0 0 0 0 1 22.2854
0 0 0 0 1 21.9671
0 0 0 0 1 21.3789
0 0 0 0 0 21.3725
0 0 0 0 1 21.1396
0 0 0 0 1 20.6453
0 0 0 0 1 20.3812
0 0 0 0 1 20.4129
0 0 0 0 0 19.8462
0 0 0 0 1 19.7524
0 0 0 0 1 19.7145
0 0 0 0 0 19.1787
0 0 0 0 1 19.0712
0 0 0 0 0 18.8005
0 0 0 0 1 18.7278
0 0 0 0 1 18.4305
0 0 0 0 0 18.3187
0 0 0 0 0 17.9247
0 0 0 0 1 17.822
0 0 0 0 1 17.6922
0 0 0 0 1 17.5566
0 0 0 0 1 17.382
0 0 0 0 1 17.1044
0 0 0 0 1 17.1702
0 0 0 0 1 17.0121
0 0 0 0 1 16.7386
0 0 0 0 1 16.6738
0 0 0 0 1 16.4361
0 0 0 0 0 16.2816
0 0 0 0 1 16.2239
0 0 0 0 1 15.9824
0 0 0 0 1 15.7746
0 0 0 0 1 15.5056
0 0 0 0 1 15.3789
0 0 0 0 1 15.5317
0 0 0 0 1 15.3263
0 0 0 0 1 15.0193
0 0 0 0 1 15.0066
0 0 0 0 0 14.772
0 0 0 0 1 14.7668
0 0 0 0 0 14.6048
0 0 0 0 0 14.4845
0 0 0 0 1 14.4479
0 0 0 0 0 14.3904
0 0 0 0 1 14.1002
0 0 0 0 1 14.0516
0 0 0 0 1 14.0223
0 0 0 0 1 13.8811
0 0 0 0 1 13.8594
0 0 0 0 1 13.7634
0 0 0 0 1 13.6048
0 0 0 0 1 13.5636
0 0 0 0 1 13.2194
0 0 0 0 1 13.3647
0 0 0 0 1 13.27
0 0 0 0 1 13.2017
0 0 0 0 1 12.9646
0 0 0 0 0 12.9359
0 0 0 0 1 12.9023
0 0 0 0 1 12.6055
0 0 0 0 0 12.6611
0 0 0 0 1 12.5645
0 0 0 0 0 12.431
0 0 0 0 1 12.2612
0 0 0 0 0 12.3593
0 0 0 0 0 12.1173
0 0 0 0 1 12.1043
0 0 0 0 1 12.1752
0 0 0 0 1 11.8968
0 0 0 0 1 11.9668
0 0 0 0 0 11.8575
0 0 0 0 1 11.8549
0 0 0 0 0 11.6176
0 0 0 0 0 11.5802
0 0 0 0 1 11.5045
0 0 0 0 1 11.5785
0 0 0 0 0 11.5174
0 0 0 0 1 11.3963
0 0 0 0 1 11.2003
0 0 0 0 1 11.3026
0 0 0 0 1 11.2613
0 0 0 0 1 11.0201
0 0 0 0 1 11.0241
0 0 0 0 1 10.9947
0 0 0 0 0 10.9948
0 0 0 0 1 10.9074
0 0 0 0 1 10.6972
0 0 0 0 1 10.848
0 0 0 0 1 10.6473
0 0 0 0 1 10.5515
0 0 0 0 1 10.6789
0 0 0 0 1 10.4565
0 0 0 0 1 10.467
0 0 0 0 1 10.3622
0 0 0 0 1 10.3308
0 0 0 0 1 10.2581
0 0 0 0 1 10.327
0 0 0 0 0 10.3056
0 0 0 0 1 10.223
0 0 0 0 0 10.1003
0 0 0 0 1 9.99589
0 0 0 0 0 10.0128
0 0 0 0 1 9.90208
0 0 0 0 1 9.85905
0 0 0 0 1 9.97483
0 0 0 0 1 9.84261
0 0 0 0 1 9.76048
0 0 0 0 1 9.70118
0 0 0 0 1 9.63949
0 0 0 0 1 9.78175
0 0 0 0 1 9.62336
0 0 0 0 1 9.55
0 0 0 0 1 9.67124
0 0 0 0 1 9.57199
0 0 0 0 1 9.40699
0 0 0 0 1 9.42021
0 0 0 0 1 9.33222
0 0 0 0 0 9.32922
0 0 0 0 1 9.34478
0 0 0 0 0 9.32963
0 0 0 0 1 9.24292
0 0 0 0 1 9.20959
0 0 0 0 0 9.24078
0 0 0 0 0 9.18919
0 0 0 0 1 9.17693
0 0 0 0 1 9.17125
0 0 0 0 1 9.13836
0 0 0 0 0 8.95222
0 0 0 0 1 8.94717
0 0 0 0 1 8.86408
0 0 0 0 1 8.99308
0 0 0 0 1 8.96996
0 0 0 0 1 8.90267
0 0 0 0 1 8.83579
0 0 0 0 1 8.8485
0 0 0 0 1 8.79717
0 0 0 0 1 8.80364
0 0 0 0 0 8.79628
0 0 0 0 1 8.70466
0 0 0 0 1 8.67161
0 0 0 0 1 8.57494
0 0 0 0 1 8.55103
0 0 0 0 0 8.64978
0 0 0 0 1 8.54892
0 0 0 0 1 8.52787
0 0 0 0 0 8.52392
0 0 0 0 1 8.46664
0 0 0 0 1 8.38705
0 0 0 0 0 8.32209
0 0 0 0 0 8.29374
0 0 0 0 1 8.28792
0 0 0 0 0 8.29047
0 0 0 0 1 8.2542
0 0 0 0 1 8.24857
0 0 0 0 1 8.29524
0 0 0 0 1 8.18255
0 0 0 0 1 8.16899
0 0 0 0 1 8.15013
0 0 0 0 1 8.09599
0 0 0 0 1 8.18867
0 0 0 0 0 8.06982
0 0 0 0 0 8.04068
0 0 0 0 1 8.15763
0 0 0 0 1 8.03981
0 0 0 0 0 8.08351
0 0 0 0 1 8.00668
0 0 0 0 1 7.9623
0 0 0 0 1 7.95011
0 0 0 0 1 8.03648
0 0 0 0 1 7.91018
0 0 0 0 1 7.84291
0 0 0 0 1 7.87086
0 0 0 0 1 7.81989
0 0 0 0 1 7.90292
0 0 0 0 1 7.86793
0 0 0 0 1 7.89578
0 0 0 0 1 7.8455
0 0 0 0 0 7.74566
0 0 0 0 1 7.79713
0 0 0 0 1 7.68877
0 0 0 0 1 7.76803
0 0 0 0 0 7.65722
0 0 0 0 1 7.67467
0 0 0 0 1 7.61079
0 0 0 0 0 7.60098
0 0 0 0 1 7.6875
0 0 0 0 1 7.70063
0 0 0 0 0 7.60707
0 0 0 0 1 7.53344
0 0 0 0 1 7.60023
0 0 0 0 1 7.56835
0 0 0 0 1 7.57106
0 0 0 0 1 7.59237
0 0 0 0 1 7.50826
0 0 0 0 1 7.45112
0 0 0 0 1 7.44284
0 0 0 0 1 7.52456
0 0 0 0 1 7.44553
0 0 0 0 1 7.51969
0 0 0 0 1 7.50432
0 0 0 0 1 7.36284
0 0 0 0 1 7.41482
0 0 0 0 1 7.47413
0 0 0 0 1 7.4039
0 0 0 0 0 7.44848
0 0 0 0 1 7.4303
0 0 0 0 1 7.41225
0 0 0 0 1 7.30266
0 0 0 0 0 7.28896
0 0 0 0 1 7.35544
0 0 0 0 0 7.2907
0 0 0 0 1 7.27743
0 0 0 0 0 7.35508
0 0 0 0 0 7.31614
0 0 0 0 1 7.23786
0 0 0 0 1 7.33002
0 0 0 0 1 7.25532
0 0 0 0 1 7.2647
0 0 0 0 1 7.16884
