0 0 0 0 1 5.22856
0 0 0 0 1 5.16174
0 0 0 0 1 5.27003
0 0 0 0 1 5.23977
0 0 0 0 0 5.19172
0 0 0 0 1 5.19285
0 0 0 0 1 5.236
0 0 0 0 0 5.24584
0 0 0 0 1 5.24195
0 0 0 0 0 5.23811
0 0 0 0 1 5.22713
0 0 0 0 0 5.23739
0 0 0 0 0 5.34496
0 0 0 0 1 5.34677
0 0 0 0 1 5.32567
0 0 0 0 1 5.34355
0 0 0 0 0 5.34922
0 0 0 0 1 5.3139
0 0 0 0 1 5.30363
0 0 0 0 1 5.39685
0 0 0 0 1 5.38151
0 0 0 0 1 5.33545
0 0 0 0 1 5.34703
0 0 0 0 1 5.42357
0 0 0 0 1 5.42615
0 0 0 0 1 5.41252
0 0 0 0 1 5.41378
0 0 0 0 1 5.42603
0 0 0 0 1 5.47113
0 0 0 0 1 5.46858
0 0 0 0 0 5.42648
0 0 0 0 1 5.49952
0 0 0 0 1 5.50813
0 0 0 0 1 5.47826
0 0 0 0 0 5.55751
0 0 0 0 1 5.55976
0 0 0 0 0 5.58981
0 0 0 0 0 5.60997
0 0 0 0 1 5.57912
0 0 0 0 1 5.58727
0 0 0 0 1 5.60766
0 0 0 0 1 5.64963
0 0 0 0 1 5.59073
0 0 0 0 1 5.62172
0 0 0 0 1 5.59735
0 0 0 0 1 5.62291
0 0 0 0 1 5.73296
0 0 0 0 1 5.62909
0 0 0 0 1 5.68357
0 0 0 0 1 5.67551
0 0 0 0 1 5.72476
0 0 0 0 1 5.76923
0 0 0 0 1 5.80686
0 0 0 0 0 5.73566
0 0 0 0 0 5.84943
0 0 0 0 1 5.75546
0 0 0 0 1 5.84658
0 0 0 0 1 5.84433
0 0 0 0 0 5.89586
0 0 0 0 1 5.85329
0 0 0 0 1 5.86881
0 0 0 0 1 5.89136
0 0 0 0 0 5.96677
0 0 0 0 1 5.97103
0 0 0 0 1 5.89243
0 0 0 0 1 6.01633
0 0 0 0 1 5.99729
0 0 0 0 1 6.06788
0 0 0 0 1 5.97698
0 0 0 0 1 6.09624
0 0 0 0 1 6.08328
0 0 0 0 1 6.01556
0 0 0 0 0 6.03276
0 0 0 0 0 6.16596
0 0 0 0 1 6.09811
0 0 0 0 1 6.17079
0 0 0 0 0 6.21932
0 0 0 0 0 6.1447
0 0 0 0 1 6.1996
0 0 0 0 1 6.29231
0 0 0 0 1 6.24816
0 0 0 0 1 6.28528
0 0 0 0 0 6.28471
0 0 0 0 1 6.3032
0 0 0 0 1 6.28994
0 0 0 0 0 6.35293
0 0 0 0 1 6.37813
0 0 0 0 1 6.47387
0 0 0 0 1 6.42875
0 0 0 0 1 6.3898
0 0 0 0 1 6.53185
0 0 0 0 1 6.47336
0 0 0 0 1 6.56443
0 0 0 0 1 6.59064
0 0 0 0 1 6.51841
0 0 0 0 1 6.63686
0 0 0 0 1 6.65025
0 0 0 0 0 6.6902
0 0 0 0 0 6.69704
0 0 0 0 1 6.69045
0 0 0 0 1 6.73756
0 0 0 0 1 6.80524
0 0 0 0 0 6.73767
0 0 0 0 1 6.7989
0 0 0 0 1 6.90841
0 0 0 0 1 6.81954
0 0 0 0 1 6.86778
0 0 0 0 1 6.93703
0 0 0 0 1 6.98599
0 0 0 0 1 7.0212
0 0 0 0 1 7.02853
0 0 0 0 1 7.06404
0 0 0 0 1 7.06427
0 0 0 0 1 7.14975
0 0 0 0 1 7.10006
0 0 0 0 0 7.10719
0 0 0 0 1 7.23678
0 0 0 0 1 7.20809
0 0 0 0 1 7.2226
0 0 0 0 1 7.25168
0 0 0 0 0 7.40565
0 0 0 0 1 7.32489
0 0 0 0 1 7.48034
0 0 0 0 1 7.4583
0 0 0 0 0 7.42084
0 0 0 0 1 7.51072
0 0 0 0 1 7.58614
0 0 0 0 1 7.66207
0 0 0 0 1 7.66214
0 0 0 0 1 7.60054
0 0 0 0 1 7.64611
0 0 0 0 1 7.73056
0 0 0 0 1 7.78453
0 0 0 0 1 7.78376
0 0 0 0 1 7.84591
0 0 0 0 1 7.94793
0 0 0 0 1 8.03492
0 0 0 0 1 8.07433
0 0 0 0 0 8.08172
0 0 0 0 1 8.02387
0 0 0 0 1 8.23398
0 0 0 0 1 8.12665
0 0 0 0 1 8.28925
0 0 0 0 1 8.20514
0 0 0 0 1 8.31917
0 0 0 0 1 8.43449
0 0 0 0 1 8.45788
0 0 0 0 0 8.54023
0 0 0 0 1 8.6149
0 0 0 0 1 8.62125
0 0 0 0 1 8.64408
0 0 0 0 1 8.75417
0 0 0 0 1 8.79508
0 0 0 0 1 8.83499
0 0 0 0 1 8.88476
0 0 0 0 1 8.95191
0 0 0 0 0 9.01873
0 0 0 0 1 9.14072
0 0 0 0 0 9.09974
0 0 0 0 1 9.08514
0 0 0 0 1 9.2812
0 0 0 0 1 9.28485
0 0 0 0 1 9.28701
0 0 0 0 1 9.43076
0 0 0 0 0 9.54547
0 0 0 0 1 9.64283
0 0 0 0 1 9.71187
0 0 0 0 1 9.65495
0 0 0 0 1 9.72345
0 0 0 0 1 9.80071
0 0 0 0 1 10.0183
0 0 0 0 1 10.0472
0 0 0 0 0 10.015
0 0 0 0 0 10.093
0 0 0 0 1 10.3246
0 0 0 0 1 10.2391
0 0 0 0 1 10.4215
0 0 0 0 1 10.5202
0 0 0 0 1 10.6421
0 0 0 0 1 10.5502
0 0 0 0 1 10.799
0 0 0 0 1 10.724
0 0 0 0 1 11.0305
0 0 0 0 1 10.9092
0 0 0 0 1 11.0844
0 0 0 0 1 11.1041
0 0 0 0 1 11.3264
0 0 0 0 1 11.3455
0 0 0 0 0 11.4185
0 0 0 0 1 11.6074
0 0 0 0 1 11.7772
0 0 0 0 1 11.8126
0 0 0 0 1 12.041
0 0 0 0 1 11.9791
0 0 0 0 1 12.1089
0 0 0 0 0 12.3994
0 0 0 0 1 12.3295
0 0 0 0 1 12.6864
0 0 0 0 1 12.7403
0 0 0 0 0 12.8057
0 0 0 0 1 12.8922
0 0 0 0 0 13.0171
0 0 0 0 0 13.3537
0 0 0 0 1 13.3697
0 0 0 0 0 13.4371
0 0 0 0 1 13.585
0 0 0 0 0 13.7425
0 0 0 0 1 14.0402
0 0 0 0 1 14.0582
0 0 0 0 1 14.1971
0 0 0 0 1 14.4226
0 0 0 0 1 14.7324
0 0 0 0 1 14.9067
0 0 0 0 1 15.0865
0 0 0 0 1 15.3064
0 0 0 0 1 15.4444
0 0 0 0 1 15.6124
0 0 0 0 0 15.7165
0 0 0 0 1 15.9817
0 0 0 0 1 16.1997
0 0 0 0 1 16.4015
0 0 0 0 1 16.8061
0 0 0 0 1 17.0632
0 0 0 0 1 14.7292
0 0 0 0 1 14.709
0 0 0 0 1 14.7504
0 0 0 0 0 14.5266
0 0 0 0 0 14.4493
0 0 0 0 1 14.506
0 0 0 0 1 14.6764
0 0 0 0 1 14.5445
0 0 0 0 1 14.4105
0 0 0 0 1 14.5522
0 0 0 0 1 14.6096
0 0 0 0 1 14.4069
0 0 0 0 1 14.3036
0 0 0 0 0 14.5323
0 0 0 0 0 14.4896
0 0 0 0 1 14.519
0 0 0 0 0 14.3883
0 0 0 0 1 14.3034
0 0 0 0 1 14.4893
0 0 0 0 1 14.3905
0 0 0 0 1 14.4354
0 0 0 0 1 14.3926
0 0 0 0 0 14.4379
0 0 0 0 1 14.2671
0 0 0 0 1 14.4128
0 0 0 0 0 14.1878
0 0 0 0 0 14.234
0 0 0 0 1 14.2644
0 0 0 0 1 14.1972
0 0 0 0 1 14.1161
0 0 0 0 1 14.2468
0 0 0 0 1 14.2425
0 0 0 0 1 14.8658
0 0 0 0 1 15.2431
0 0 0 0 1 15.5273
0 0 0 0 1 16.2022
0 0 0 0 1 16.8026
0 0 0 0 0 17.0701
0 0 0 0 1 17.9808
0 0 0 0 1 40.745
0 0 0 0 1 42.2049
0 0 0 0 1 43.4754
0 0 0 0 1 45.7942
0 0 0 0 1 47.6946
0 0 0 0 1 49.2714
0 0 0 0 1 42.7173
0 0 0 0 1 42.7003
0 0 0 0 1 41.9224
0 0 0 0 1 41.9918
0 0 0 0 1 42.3988
0 0 0 0 1 42.6384
0 0 0 0 1 42.5824
0 0 0 0 1 41.7685
0 0 0 0 1 42.558
0 0 0 0 1 41.8304
0 0 0 0 1 41.7785
0 0 0 0 1 45.8902
0 0 0 0 0 5.04507
0 0 0 0 0 5.02002
0 0 0 0 0 4.97493
0 0 0 0 0 4.98996
0 0 0 0 1 35.1056
0 0 0 0 1 35.0667
0 0 0 0 1 35.0991
0 0 0 0 0 35.3083
0 0 0 0 0 35.6241
0 0 0 0 1 35.4114
0 0 0 0 1 34.9878
0 0 0 0 1 35.1292
0 0 0 0 1 35.4477
0 0 0 0 0 35.1672
0 0 0 0 0 35.0636
0 0 0 0 1 35.5606
0 0 0 0 1 35.5643
0 0 0 0 0 4.96992
0 0 0 0 0 4.98996
0 0 0 0 0 4.96491
0 0 0 0 0 5.0601
0 0 0 0 0 4.96491
0 0 0 0 0 5.04507
0 0 0 0 0 5.04507
0 0 0 0 0 5.00499
0 0 0 0 0 4.98996
0 0 0 0 1 94.7682
0 0 0 0 1 90.1474
0 0 0 0 1 85.162
0 0 0 0 0 81.5345
0 0 0 0 0 23.1291
0 0 0 0 0 22.0302
0 0 0 0 1 21.0095
0 0 0 0 0 20.2218
0 0 0 0 1 19.9889
0 0 0 0 1 20.1596
0 0 0 0 1 20.3308
0 0 0 0 1 20.2404
0 0 0 0 0 19.9878
0 0 0 0 1 20.1199
0 0 0 0 1 20.2122
0 0 0 0 1 20.1433
0 0 0 0 1 20.0747
0 0 0 0 1 20.1683
0 0 0 0 1 20.1611
0 0 0 0 1 20.0935
0 0 0 0 1 20.4518
0 0 0 0 1 20.0809
0 0 0 0 1 20.1766
0 0 0 0 1 20.1712
0 0 0 0 1 20.4915
0 0 0 0 1 20.5056
0 0 0 0 1 20.3812
0 0 0 0 1 20.459
0 0 0 0 1 20.2721
0 0 0 0 1 34.6159
0 0 0 0 0 34.0484
0 0 0 0 1 33.604
0 0 0 0 1 32.7278
0 0 0 0 1 32.4929
0 0 0 0 0 31.3786
0 0 0 0 1 30.9622
0 0 0 0 1 30.0732
0 0 0 0 1 29.8112
0 0 0 0 1 29.0143
0 0 0 0 1 28.849
0 0 0 0 1 28.1448
0 0 0 0 1 27.5785
0 0 0 0 0 27.2806
0 0 0 0 1 26.5846
0 0 0 0 1 26.3557
0 0 0 0 1 26.0714
0 0 0 0 1 25.8089
0 0 0 0 1 25.0737
0 0 0 0 1 24.6817
0 0 0 0 1 24.539
0 0 0 0 1 23.9323
0 0 0 0 0 23.661
0 0 0 0 1 23.2571
0 0 0 0 1 23.0634
0 0 0 0 1 22.8626
0 0 0 0 1 22.3896
0 0 0 0 0 21.9752
0 0 0 0 0 21.6392
0 0 0 0 1 21.7025
0 0 0 0 1 21.3512
0 0 0 0 1 20.9712
0 0 0 0 1 20.9988
0 0 0 0 1 20.6688
0 0 0 0 1 20.1492
0 0 0 0 1 20.0667
0 0 0 0 0 19.7326
0 0 0 0 1 19.7733
0 0 0 0 0 19.2367
0 0 0 0 1 19.0712
0 0 0 0 1 18.8951
0 0 0 0 1 18.7839
0 0 0 0 1 18.6341
0 0 0 0 1 18.2089
0 0 0 0 1 18.0877
0 0 0 0 1 18.0728
0 0 0 0 1 17.6389
0 0 0 0 1 17.3984
0 0 0 0 1 17.5386
0 0 0 0 1 17.3628
0 0 0 0 1 16.9656
0 0 0 0 0 16.9108
0 0 0 0 0 16.6049
0 0 0 0 1 16.5082
0 0 0 0 1 16.2885
0 0 0 0 0 16.0866
0 0 0 0 1 16.24
0 0 0 0 1 15.8548
0 0 0 0 1 15.9327
0 0 0 0 1 15.5839
0 0 0 0 1 15.5962
0 0 0 0 0 15.3008
0 0 0 0 1 15.311
0 0 0 0 0 15.231
0 0 0 0 1 15.0216
0 0 0 0 0 14.9654
0 0 0 0 0 14.7963
0 0 0 0 0 14.7218
0 0 0 0 1 14.4555
0 0 0 0 1 14.3184
0 0 0 0 0 14.319
0 0 0 0 1 14.0435
0 0 0 0 1 14.1924
0 0 0 0 0 14.0782
0 0 0 0 1 13.7842
0 0 0 0 1 13.7356
0 0 0 0 1 13.5176
0 0 0 0 1 13.4829
0 0 0 0 0 13.4425
0 0 0 0 1 13.2728
0 0 0 0 1 13.2454
0 0 0 0 1 13.0594
0 0 0 0 1 13.1102
0 0 0 0 1 12.9646
0 0 0 0 1 12.9101
0 0 0 0 1 12.9151
0 0 0 0 0 12.6945
0 0 0 0 1 12.6863
0 0 0 0 0 12.6523
0 0 0 0 1 12.431
0 0 0 0 0 12.2736
0 0 0 0 0 12.347
0 0 0 0 1 12.3005
0 0 0 0 1 12.2378
0 0 0 0 1 12.1511
0 0 0 0 1 12.0167
0 0 0 0 1 11.8833
0 0 0 0 1 11.7983
0 0 0 0 1 11.6783
0 0 0 0 1 11.6527
0 0 0 0 0 11.6733
0 0 0 0 1 11.5161
0 0 0 0 1 11.4061
0 0 0 0 0 11.3118
0 0 0 0 1 11.3395
0 0 0 0 1 11.3245
0 0 0 0 1 11.2689
0 0 0 0 1 11.1385
0 0 0 0 1 11.0312
0 0 0 0 1 11.1236
0 0 0 0 1 11.0716
0 0 0 0 1 10.8964
0 0 0 0 1 10.7987
0 0 0 0 0 10.8808
0 0 0 0 0 10.719
0 0 0 0 0 10.658
0 0 0 0 1 10.6048
0 0 0 0 1 10.5729
0 0 0 0 1 10.4777
0 0 0 0 1 10.5615
0 0 0 0 1 10.3413
0 0 0 0 1 10.2893
0 0 0 0 0 10.2374
0 0 0 0 1 10.3579
0 0 0 0 1 10.3363
0 0 0 0 1 10.2026
0 0 0 0 1 10.0496
0 0 0 0 0 10.0868
0 0 0 0 1 10.1133
0 0 0 0 0 9.9921
0 0 0 0 0 9.97855
0 0 0 0 1 9.8261
0 0 0 0 1 9.8821
0 0 0 0 0 9.87843
0 0 0 0 1 9.87721
0 0 0 0 1 9.82449
0 0 0 0 1 9.75267
0 0 0 0 1 9.62336
0 0 0 0 1 9.64617
0 0 0 0 1 9.54676
0 0 0 0 1 9.55292
0 0 0 0 1 9.5209
0 0 0 0 0 9.42021
0 0 0 0 1 9.33222
0 0 0 0 1 9.28234
0 0 0 0 1 9.28877
0 0 0 0 0 9.26451
0 0 0 0 1 9.17809
0 0 0 0 1 9.18191
0 0 0 0 1 9.13044
0 0 0 0 1 9.21668
0 0 0 0 0 9.17693
0 0 0 0 0 8.99855
0 0 0 0 1 9.1293
0 0 0 0 1 8.96124
0 0 0 0 1 8.92919
0 0 0 0 1 8.87304
0 0 0 0 1 8.83249
0 0 0 0 1 8.88107
0 0 0 0 1 8.86723
0 0 0 0 0 8.79166
0 0 0 0 1 8.8573
0 0 0 0 1 8.75332
0 0 0 0 1 8.72504
0 0 0 0 0 8.70048
0 0 0 0 1 8.74805
0 0 0 0 0 8.72353
0 0 0 0 1 8.58356
0 0 0 0 1 8.58541
0 0 0 0 1 8.54701
0 0 0 0 1 8.54892
0 0 0 0 0 8.42574
0 0 0 0 1 8.48999
0 0 0 0 0 8.3736
0 0 0 0 0 8.39548
0 0 0 0 0 8.43977
0 0 0 0 1 8.42778
0 0 0 0 1 8.32969
0 0 0 0 1 8.2988
0 0 0 0 0 8.34555
0 0 0 0 1 8.24857
0 0 0 0 1 8.30349
0 0 0 0 1 8.28133
0 0 0 0 0 8.16078
0 0 0 0 1 8.2156
0 0 0 0 0 8.07967
0 0 0 0 1 8.05844
0 0 0 0 0 8.08605
0 0 0 0 1 8.10546
0 0 0 0 1 8.10912
0 0 0 0 1 7.98337
0 0 0 0 1 7.98699
0 0 0 0 1 8.03075
0 0 0 0 1 7.97831
0 0 0 0 1 8.03792
0 0 0 0 1 7.94896
0 0 0 0 1 7.99755
0 0 0 0 1 7.97759
0 0 0 0 1 7.98149
0 0 0 0 0 7.93025
0 0 0 0 1 7.90292
0 0 0 0 1 7.92284
0 0 0 0 0 7.90361
0 0 0 0 1 7.75963
0 0 0 0 0 7.72228
0 0 0 0 1 7.78158
0 0 0 0 1 7.80504
0 0 0 0 1 7.75256
0 0 0 0 1 7.79616
0 0 0 0 1 7.67467
0 0 0 0 1 7.6646
0 0 0 0 1 7.73137
0 0 0 0 0 7.59562
0 0 0 0 1 7.59367
0 0 0 0 1 7.55372
0 0 0 0 1 7.59431
0 0 0 0 1 7.54709
0 0 0 0 1 7.59107
0 0 0 0 1 7.63913
0 0 0 0 1 7.5169
0 0 0 0 0 7.47813
0 0 0 0 1 7.57142
0 0 0 0 0 7.48786
0 0 0 0 1 7.4422
0 0 0 0 1 7.45301
0 0 0 0 1 7.51969
0 0 0 0 1 7.48943
0 0 0 0 1 7.42977
0 0 0 0 1 7.44451
0 0 0 0 1 7.37043
0 0 0 0 1 7.33733
0 0 0 0 1 7.35252
0 0 0 0 1 7.4303
0 0 0 0 1 7.41225
0 0 0 0 1 7.36143
0 0 0 0 1 7.28162
0 0 0 0 1 7.34078
0 0 0 0 0 7.32726
0 0 0 0 1 7.30663
0 0 0 0 1 7.34051
0 0 0 0 1 7.31614
0 0 0 0 1 7.20152
0 0 0 0 1 7.30099
0 0 0 0 0 7.19009
0 0 0 0 1 7.27917
0 0 0 0 1 7.2122
