0 0 0 0 1 5.18694
0 0 0 0 1 5.17216
0 0 0 0 1 5.19176
0 0 0 0 1 5.19798
0 0 0 0 1 5.19172
0 0 0 0 1 5.19285
0 0 0 0 1 5.26223
0 0 0 0 1 5.22481
0 0 0 0 0 5.30511
0 0 0 0 1 5.31715
0 0 0 0 0 5.24825
0 0 0 0 1 5.24268
0 0 0 0 1 5.27609
0 0 0 0 1 5.25129
0 0 0 0 1 5.34693
0 0 0 0 1 5.27436
0 0 0 0 1 5.29588
0 0 0 0 1 5.35662
0 0 0 0 1 5.30898
0 0 0 0 0 5.37542
0 0 0 0 1 5.34929
0 0 0 0 1 5.39461
0 0 0 0 1 5.37937
0 0 0 0 1 5.40736
0 0 0 0 1 5.37205
0 0 0 0 1 5.39626
0 0 0 0 1 5.44093
0 0 0 0 1 5.46412
0 0 0 0 1 5.42749
0 0 0 0 1 5.50136
0 0 0 0 1 5.44291
0 0 0 0 1 5.46659
0 0 0 0 1 5.54661
0 0 0 0 1 5.53332
0 0 0 0 1 5.46921
0 0 0 0 1 5.57635
0 0 0 0 1 5.52327
0 0 0 0 1 5.51554
0 0 0 0 0 5.54572
0 0 0 0 1 5.55378
0 0 0 0 1 5.6412
0 0 0 0 1 5.55435
0 0 0 0 1 5.66939
0 0 0 0 0 5.68368
0 0 0 0 1 5.69892
0 0 0 0 0 5.64554
0 0 0 0 1 5.68187
0 0 0 0 1 5.67458
0 0 0 0 0 5.72918
0 0 0 0 1 5.72695
0 0 0 0 0 5.77633
0 0 0 0 1 5.78646
0 0 0 0 0 5.80686
0 0 0 0 0 5.80497
0 0 0 0 1 5.82048
0 0 0 0 1 5.77866
0 0 0 0 1 5.80004
0 0 0 0 1 5.83265
0 0 0 0 1 5.80812
0 0 0 0 0 5.91781
0 0 0 0 1 5.85704
0 0 0 0 1 5.90316
0 0 0 0 1 5.90763
0 0 0 0 1 5.91168
0 0 0 0 1 5.92814
0 0 0 0 1 5.97455
0 0 0 0 1 5.96138
0 0 0 0 1 5.96575
0 0 0 0 1 6.05523
0 0 0 0 1 6.07811
0 0 0 0 0 6.05298
0 0 0 0 0 6.07025
0 0 0 0 0 6.05105
0 0 0 0 1 6.12926
0 0 0 0 0 6.07972
0 0 0 0 0 6.11542
0 0 0 0 1 6.22549
0 0 0 0 1 6.17564
0 0 0 0 1 6.23066
0 0 0 0 0 6.26737
0 0 0 0 1 6.3107
0 0 0 0 0 6.21001
0 0 0 0 0 6.27841
0 0 0 0 1 6.32215
0 0 0 0 1 6.27726
0 0 0 0 1 6.41023
0 0 0 0 1 6.35259
0 0 0 0 1 6.3585
0 0 0 0 1 6.39014
0 0 0 0 1 6.39625
0 0 0 0 1 6.46705
0 0 0 0 1 6.46036
0 0 0 0 1 6.46655
0 0 0 0 1 6.51858
0 0 0 0 1 6.61697
0 0 0 0 1 6.66325
0 0 0 0 1 6.59057
0 0 0 0 1 6.7035
0 0 0 0 0 6.71707
0 0 0 0 1 6.73067
0 0 0 0 1 6.66352
0 0 0 0 0 6.79848
0 0 0 0 1 6.75803
0 0 0 0 1 6.7989
0 0 0 0 1 6.83317
0 0 0 0 1 6.92942
0 0 0 0 1 6.9299
0 0 0 0 0 6.90242
0 0 0 0 1 6.90945
0 0 0 0 1 7.05613
0 0 0 0 1 6.95838
0 0 0 0 0 6.98649
0 0 0 0 1 7.0855
0 0 0 0 1 7.18532
0 0 0 0 0 7.19291
0 0 0 0 1 7.18616
0 0 0 0 1 7.14308
0 0 0 0 1 7.28053
0 0 0 0 0 7.34625
0 0 0 0 0 7.25168
0 0 0 0 1 7.27354
0 0 0 0 1 7.32489
0 0 0 0 0 7.38396
0 0 0 0 1 7.4583
0 0 0 0 1 7.53317
0 0 0 0 1 7.50319
0 0 0 0 1 7.53319
0 0 0 0 0 7.64687
0 0 0 0 1 7.58575
0 0 0 0 1 7.65429
0 0 0 0 1 7.66154
0 0 0 0 1 7.75384
0 0 0 0 0 7.82353
0 0 0 0 0 7.87791
0 0 0 0 0 7.87745
0 0 0 0 1 7.95586
0 0 0 0 1 7.89144
0 0 0 0 1 7.9701
0 0 0 0 1 8.03338
0 0 0 0 1 8.09681
0 0 0 0 1 8.08723
0 0 0 0 0 8.17581
0 0 0 0 1 8.20677
0 0 0 0 0 8.27144
0 0 0 0 0 8.26076
0 0 0 0 1 8.37574
0 0 0 0 1 8.47477
0 0 0 0 1 8.50624
0 0 0 0 1 8.632
0 0 0 0 1 8.56108
0 0 0 0 1 8.73926
0 0 0 0 1 8.62364
0 0 0 0 0 8.71632
0 0 0 0 1 8.90553
0 0 0 0 1 8.95569
0 0 0 0 1 8.91621
0 0 0 0 1 8.97377
0 0 0 0 1 9.03212
0 0 0 0 1 9.16351
0 0 0 0 1 9.25932
0 0 0 0 1 9.15191
0 0 0 0 1 9.20121
0 0 0 0 1 9.38999
0 0 0 0 1 9.43076
0 0 0 0 1 9.4125
0 0 0 0 1 9.49933
0 0 0 0 1 9.56735
0 0 0 0 1 9.79079
0 0 0 0 1 9.86026
0 0 0 0 1 9.82041
0 0 0 0 1 9.90924
0 0 0 0 1 10.0172
0 0 0 0 1 9.99484
0 0 0 0 1 10.1133
0 0 0 0 1 10.2632
0 0 0 0 1 10.3732
0 0 0 0 1 10.3384
0 0 0 0 0 10.4364
0 0 0 0 1 10.526
0 0 0 0 1 10.678
0 0 0 0 1 10.7454
0 0 0 0 1 10.9081
0 0 0 0 1 10.823
0 0 0 0 1 11.1186
0 0 0 0 1 11.2289
0 0 0 0 1 11.1939
0 0 0 0 1 11.2472
0 0 0 0 1 11.4369
0 0 0 0 1 11.5568
0 0 0 0 0 11.5609
0 0 0 0 1 11.7185
0 0 0 0 1 11.8008
0 0 0 0 1 11.8496
0 0 0 0 1 12.1964
0 0 0 0 1 12.1455
0 0 0 0 1 12.3624
0 0 0 0 1 12.3917
0 0 0 0 1 12.611
0 0 0 0 1 12.5626
0 0 0 0 0 12.8826
0 0 0 0 0 13.0606
0 0 0 0 1 13.0302
0 0 0 0 0 13.3008
0 0 0 0 1 13.2894
0 0 0 0 1 13.5859
0 0 0 0 1 13.7218
0 0 0 0 1 13.701
0 0 0 0 1 13.9002
0 0 0 0 1 14.2989
0 0 0 0 1 14.3404
0 0 0 0 1 14.5675
0 0 0 0 1 14.7031
0 0 0 0 1 14.7135
0 0 0 0 1 14.906
0 0 0 0 0 15.1237
0 0 0 0 1 15.3364
0 0 0 0 1 15.753
0 0 0 0 1 15.9855
0 0 0 0 1 16.0779
0 0 0 0 1 16.3949
0 0 0 0 1 16.5664
0 0 0 0 1 16.6723
0 0 0 0 0 16.8597
0 0 0 0 1 14.5974
0 0 0 0 0 14.7237
0 0 0 0 0 14.473
0 0 0 0 1 14.6579
0 0 0 0 1 14.4493
0 0 0 0 1 14.4769
0 0 0 0 0 14.6183
0 0 0 0 1 14.4283
0 0 0 0 1 14.454
0 0 0 0 1 14.5232
0 0 0 0 0 14.436
0 0 0 0 1 14.378
0 0 0 0 1 14.318
0 0 0 0 1 14.4891
0 0 0 0 0 14.3599
0 0 0 0 1 14.5334
0 0 0 0 1 14.2733
0 0 0 0 1 14.3895
0 0 0 0 1 14.4462
0 0 0 0 1 14.4622
0 0 0 0 0 14.1776
0 0 0 0 1 14.1637
0 0 0 0 0 14.4236
0 0 0 0 1 14.4242
0 0 0 0 1 14.2986
0 0 0 0 0 14.3874
0 0 0 0 1 14.3765
0 0 0 0 1 14.1932
0 0 0 0 1 14.3537
0 0 0 0 1 14.3577
0 0 0 0 0 14.0621
0 0 0 0 1 14.2713
0 0 0 0 1 14.7034
0 0 0 0 0 15.1823
0 0 0 0 0 15.7308
0 0 0 0 0 16.1699
0 0 0 0 1 16.5361
0 0 0 0 0 17.1905
0 0 0 0 1 17.8918
0 0 0 0 0 40.4603
0 0 0 0 1 42.4157
0 0 0 0 1 43.3878
0 0 0 0 1 45.9307
0 0 0 0 1 47.1731
0 0 0 0 1 48.9746
0 0 0 0 1 42.5481
0 0 0 0 0 42.0238
0 0 0 0 1 42.176
0 0 0 0 1 42.203
0 0 0 0 1 41.9343
0 0 0 0 1 42.3006
0 0 0 0 1 42.1181
0 0 0 0 1 42.1482
0 0 0 0 1 41.8831
0 0 0 0 1 42.2943
0 0 0 0 0 42.5374
0 0 0 0 1 45.5699
0 0 0 0 0 4.97994
0 0 0 0 0 5.05008
0 0 0 0 0 4.97994
0 0 0 0 0 4.98996
0 0 0 0 1 35.035
0 0 0 0 1 35.0667
0 0 0 0 1 35.4166
0 0 0 0 1 35.1672
0 0 0 0 1 35.5183
0 0 0 0 0 35.3056
0 0 0 0 1 34.9173
0 0 0 0 1 35.4819
0 0 0 0 0 35.1655
0 0 0 0 0 35.3788
0 0 0 0 0 35.628
0 0 0 0 0 35.6312
0 0 0 0 0 35.1762
0 0 0 0 0 5.03004
0 0 0 0 0 5.05509
0 0 0 0 0 5.0601
0 0 0 0 0 4.9599
0 0 0 0 0 4.96992
0 0 0 0 0 4.96491
0 0 0 0 0 5.00499
0 0 0 0 0 5.03004
0 0 0 0 0 5.02002
0 0 0 0 1 95.0548
0 0 0 0 1 90.5977
0 0 0 0 1 84.8207
0 0 0 0 1 80.239
0 0 0 0 0 23.3153
0 0 0 0 1 22.2518
0 0 0 0 1 21.2634
0 0 0 0 1 20.3837
0 0 0 0 1 20.311
0 0 0 0 1 20.22
0 0 0 0 1 20.2099
0 0 0 0 1 20.3009
0 0 0 0 1 20.0282
0 0 0 0 0 20.0594
0 0 0 0 1 19.9901
0 0 0 0 1 20.2847
0 0 0 0 0 20.3173
0 0 0 0 0 20.3301
0 0 0 0 1 20.2623
0 0 0 0 1 20.215
0 0 0 0 1 20.0667
0 0 0 0 1 20.2228
0 0 0 0 1 20.3795
0 0 0 0 1 20.1509
0 0 0 0 1 20.3898
0 0 0 0 1 20.1394
0 0 0 0 1 20.198
0 0 0 0 1 20.1941
0 0 0 0 0 20.2721
0 0 0 0 1 35.0001
0 0 0 0 1 34.4928
0 0 0 0 1 33.7044
0 0 0 0 1 32.5308
0 0 0 0 1 32.2355
0 0 0 0 0 31.4101
0 0 0 0 0 31.1787
0 0 0 0 1 30.3766
0 0 0 0 1 29.8708
0 0 0 0 1 29.1607
0 0 0 0 1 28.8202
0 0 0 0 1 28.3144
0 0 0 0 1 27.5507
0 0 0 0 1 27.1168
0 0 0 0 1 27.0142
0 0 0 0 1 26.6726
0 0 0 0 1 25.8894
0 0 0 0 1 25.7834
0 0 0 0 1 25.4773
0 0 0 0 1 24.9548
0 0 0 0 1 24.3922
0 0 0 0 1 23.9564
0 0 0 0 1 23.851
0 0 0 0 1 23.6318
0 0 0 0 0 23.2712
0 0 0 0 1 22.6122
0 0 0 0 1 22.6367
0 0 0 0 1 22.0417
0 0 0 0 1 21.8141
0 0 0 0 1 21.5515
0 0 0 0 1 21.1805
0 0 0 0 1 21.0975
0 0 0 0 1 20.7493
0 0 0 0 1 20.3606
0 0 0 0 1 20.1086
0 0 0 0 1 19.9063
0 0 0 0 1 19.7326
0 0 0 0 1 19.3817
0 0 0 0 1 19.4303
0 0 0 0 0 18.9373
0 0 0 0 0 18.8194
0 0 0 0 0 18.7278
0 0 0 0 0 18.3195
0 0 0 0 1 18.2455
0 0 0 0 1 18.142
0 0 0 0 1 18.037
0 0 0 0 1 17.8696
0 0 0 0 1 17.4863
0 0 0 0 1 17.4516
0 0 0 0 1 17.3455
0 0 0 0 1 17.2043
0 0 0 0 1 16.9783
0 0 0 0 0 16.8724
0 0 0 0 1 16.6573
0 0 0 0 1 16.2557
0 0 0 0 1 16.3953
0 0 0 0 1 16.24
0 0 0 0 1 15.9665
0 0 0 0 1 15.9485
0 0 0 0 1 15.7562
0 0 0 0 1 15.4875
0 0 0 0 1 15.5009
0 0 0 0 1 15.311
0 0 0 0 1 15.11
0 0 0 0 1 15.0216
0 0 0 0 1 14.9505
0 0 0 0 1 14.8553
0 0 0 0 1 14.6779
0 0 0 0 1 14.5281
0 0 0 0 0 14.3184
0 0 0 0 0 14.3761
0 0 0 0 1 14.1427
0 0 0 0 1 14.108
0 0 0 0 1 14.0782
0 0 0 0 1 13.8119
0 0 0 0 1 13.7219
0 0 0 0 1 13.5313
0 0 0 0 1 13.5642
0 0 0 0 0 13.5367
0 0 0 0 1 13.3128
0 0 0 0 1 13.2322
0 0 0 0 1 13.191
0 0 0 0 1 12.9664
0 0 0 0 1 13.0035
0 0 0 0 0 12.9617
0 0 0 0 1 12.8383
0 0 0 0 1 12.7199
0 0 0 0 1 12.7494
0 0 0 0 1 12.414
0 0 0 0 1 12.568
0 0 0 0 1 12.2984
0 0 0 0 1 12.3101
0 0 0 0 0 12.2395
0 0 0 0 1 12.1164
0 0 0 0 1 12.127
0 0 0 0 1 12.0287
0 0 0 0 1 12.0025
0 0 0 0 1 11.7627
0 0 0 0 1 11.8549
0 0 0 0 1 11.7814
0 0 0 0 0 11.6035
0 0 0 0 1 11.6086
0 0 0 0 0 11.3831
0 0 0 0 0 11.3917
0 0 0 0 1 11.3167
0 0 0 0 0 11.2681
0 0 0 0 1 11.2015
0 0 0 0 1 11.2278
0 0 0 0 1 11.1979
0 0 0 0 1 11.1457
0 0 0 0 1 11.0057
0 0 0 0 0 10.8417
0 0 0 0 1 10.8966
0 0 0 0 0 10.7944
0 0 0 0 1 10.8373
0 0 0 0 1 10.6045
0 0 0 0 1 10.5621
0 0 0 0 1 10.5305
0 0 0 0 1 10.6254
0 0 0 0 1 10.5405
0 0 0 0 1 10.4249
0 0 0 0 1 10.362
0 0 0 0 1 10.4442
0 0 0 0 1 10.2343
0 0 0 0 1 10.2646
0 0 0 0 1 10.2637
0 0 0 0 1 10.222
0 0 0 0 0 10.0262
0 0 0 0 1 9.95249
0 0 0 0 0 9.9821
0 0 0 0 0 10.0483
0 0 0 0 1 9.99466
0 0 0 0 0 9.97095
0 0 0 0 1 9.77031
0 0 0 0 1 9.70118
0 0 0 0 1 9.70765
0 0 0 0 1 9.79144
0 0 0 0 1 9.70058
0 0 0 0 1 9.52114
0 0 0 0 1 9.63294
0 0 0 0 0 9.43852
0 0 0 0 1 9.53039
0 0 0 0 1 9.40129
0 0 0 0 1 9.35105
0 0 0 0 1 9.38548
0 0 0 0 0 9.27943
0 0 0 0 1 9.32032
0 0 0 0 1 9.25219
0 0 0 0 1 9.3111
0 0 0 0 1 9.22239
0 0 0 0 1 9.07925
0 0 0 0 1 9.17693
0 0 0 0 0 9.08035
0 0 0 0 1 9.01156
0 0 0 0 1 8.98831
0 0 0 0 1 9.06407
0 0 0 0 1 8.89094
0 0 0 0 1 8.99308
0 0 0 0 1 8.96996
0 0 0 0 1 8.9381
0 0 0 0 1 8.87993
0 0 0 0 1 8.75175
0 0 0 0 1 8.8498
0 0 0 0 1 8.75997
0 0 0 0 1 8.6221
0 0 0 0 1 8.60919
0 0 0 0 1 8.61968
0 0 0 0 0 8.67836
0 0 0 0 1 8.56822
0 0 0 0 1 8.54701
0 0 0 0 0 8.62578
0 0 0 0 1 8.57893
0 0 0 0 1 8.48999
0 0 0 0 1 8.50893
0 0 0 0 1 8.38705
0 0 0 0 1 8.43137
0 0 0 0 1 8.31887
0 0 0 0 0 8.39653
0 0 0 0 1 8.34879
0 0 0 0 1 8.27081
0 0 0 0 1 8.33967
0 0 0 0 1 8.17968
0 0 0 0 1 8.19078
0 0 0 0 1 8.21825
0 0 0 0 1 8.26469
0 0 0 0 0 8.12047
0 0 0 0 1 8.08286
0 0 0 0 1 8.03734
0 0 0 0 0 8.13785
0 0 0 0 1 8.00401
0 0 0 0 1 8.02369
0 0 0 0 1 8.00308
0 0 0 0 1 7.99064
0 0 0 0 1 7.9703
0 0 0 0 1 8.02993
0 0 0 0 1 7.87735
0 0 0 0 1 7.91813
0 0 0 0 1 7.9459
0 0 0 0 1 7.85505
0 0 0 0 1 7.91449
0 0 0 0 1 7.83215
0 0 0 0 1 7.83655
0 0 0 0 1 7.76275
0 0 0 0 1 7.82989
0 0 0 0 0 7.76904
0 0 0 0 0 7.81268
0 0 0 0 1 7.67327
0 0 0 0 0 7.69066
0 0 0 0 1 7.66494
0 0 0 0 1 7.75172
0 0 0 0 1 7.73379
0 0 0 0 1 7.70836
0 0 0 0 1 7.67984
0 0 0 0 1 7.67007
0 0 0 0 1 7.60707
0 0 0 0 1 7.55627
0 0 0 0 1 7.60783
0 0 0 0 0 7.53804
0 0 0 0 1 7.60132
0 0 0 0 1 7.47161
0 0 0 0 1 7.60616
0 0 0 0 1 7.57894
0 0 0 0 1 7.42784
0 0 0 0 1 7.50958
0 0 0 0 1 7.40815
0 0 0 0 1 7.40779
0 0 0 0 1 7.49688
0 0 0 0 1 7.45952
0 0 0 0 1 7.37771
0 0 0 0 1 7.43709
0 0 0 0 1 7.32253
0 0 0 0 1 7.38943
0 0 0 0 1 7.31236
0 0 0 0 0 7.29447
0 0 0 0 0 7.30266
0 0 0 0 1 7.36962
0 0 0 0 1 7.34078
0 0 0 0 1 7.2907
0 0 0 0 1 7.34312
0 0 0 0 0 7.21658
0 0 0 0 1 7.2215
0 0 0 0 0 7.21606
0 0 0 0 0 7.28647
0 0 0 0 1 7.24083
0 0 0 0 1 7.2647
0 0 0 0 1 7.20497
