0 0 0 0 1 5.20775
0 0 0 0 1 5.16174
0 0 0 0 1 5.18655
0 0 0 0 0 5.17708
0 0 0 0 1 5.24929
0 0 0 0 1 5.29241
0 0 0 0 0 5.23075
0 0 0 0 0 5.30366
0 0 0 0 0 5.29458
0 0 0 0 1 5.26446
0 0 0 0 1 5.24297
0 0 0 0 1 5.26384
0 0 0 0 0 5.28139
0 0 0 0 1 5.27251
0 0 0 0 0 5.27784
0 0 0 0 1 5.32759
0 0 0 0 0 5.29588
0 0 0 0 1 5.30856
0 0 0 0 1 5.34644
0 0 0 0 1 5.32718
0 0 0 0 1 5.38689
0 0 0 0 0 5.39461
0 0 0 0 1 5.35242
0 0 0 0 1 5.42357
0 0 0 0 1 5.46402
0 0 0 0 0 5.47211
0 0 0 0 1 5.44636
0 0 0 0 1 5.41514
0 0 0 0 1 5.40568
0 0 0 0 1 5.42488
0 0 0 0 1 5.47029
0 0 0 0 1 5.47757
0 0 0 0 1 5.44766
0 0 0 0 1 5.54983
0 0 0 0 1 5.56855
0 0 0 0 1 5.52103
0 0 0 0 1 5.55099
0 0 0 0 1 5.58775
0 0 0 0 1 5.61253
0 0 0 0 1 5.55378
0 0 0 0 1 5.57411
0 0 0 0 1 5.62721
0 0 0 0 1 5.62444
0 0 0 0 1 5.60482
0 0 0 0 1 5.61428
0 0 0 0 1 5.61726
0 0 0 0 1 5.66484
0 0 0 0 1 5.64046
0 0 0 0 1 5.70638
0 0 0 0 0 5.72124
0 0 0 0 1 5.69611
0 0 0 0 1 5.78646
0 0 0 0 1 5.8011
0 0 0 0 1 5.73566
0 0 0 0 1 5.75098
0 0 0 0 0 5.76126
0 0 0 0 1 5.86403
0 0 0 0 1 5.86185
0 0 0 0 1 5.85492
0 0 0 0 1 5.90021
0 0 0 0 1 5.93356
0 0 0 0 1 5.84419
0 0 0 0 1 5.86624
0 0 0 0 1 5.95916
0 0 0 0 1 5.97576
0 0 0 0 1 6.0223
0 0 0 0 0 6.04518
0 0 0 0 0 5.97176
0 0 0 0 1 6.04921
0 0 0 0 1 6.00561
0 0 0 0 1 6.07116
0 0 0 0 1 6.01556
0 0 0 0 1 6.0998
0 0 0 0 0 6.06809
0 0 0 0 1 6.1594
0 0 0 0 1 6.10927
0 0 0 0 1 6.19461
0 0 0 0 1 6.12614
0 0 0 0 0 6.21823
0 0 0 0 1 6.205
0 0 0 0 1 6.27943
0 0 0 0 1 6.26646
0 0 0 0 1 6.26581
0 0 0 0 1 6.27793
0 0 0 0 1 6.30263
0 0 0 0 1 6.32111
0 0 0 0 1 6.35897
0 0 0 0 1 6.37772
0 0 0 0 1 6.39014
0 0 0 0 1 6.3898
0 0 0 0 1 6.48649
0 0 0 0 1 6.56435
0 0 0 0 1 6.48612
0 0 0 0 0 6.60375
0 0 0 0 1 6.61697
0 0 0 0 1 6.61047
0 0 0 0 1 6.62372
0 0 0 0 1 6.6769
0 0 0 0 0 6.73711
0 0 0 0 1 6.75078
0 0 0 0 1 6.79141
0 0 0 0 1 6.7309
0 0 0 0 1 6.75124
0 0 0 0 1 6.88065
0 0 0 0 1 6.90841
0 0 0 0 1 6.92255
0 0 0 0 1 6.97131
0 0 0 0 1 6.91626
0 0 0 0 1 6.88858
0 0 0 0 1 6.97929
0 0 0 0 1 6.97241
0 0 0 0 1 7.05699
0 0 0 0 1 7.12797
0 0 0 0 0 7.17821
0 0 0 0 1 7.11434
0 0 0 0 1 7.24359
0 0 0 0 0 7.20074
0 0 0 0 1 7.25155
0 0 0 0 1 7.26624
0 0 0 0 0 7.38327
0 0 0 0 1 7.32492
0 0 0 0 1 7.32489
0 0 0 0 1 7.37655
0 0 0 0 0 7.4434
0 0 0 0 0 7.45828
0 0 0 0 1 7.50319
0 0 0 0 1 7.51806
0 0 0 0 0 7.53285
0 0 0 0 0 7.60103
0 0 0 0 0 7.68499
0 0 0 0 1 7.6924
0 0 0 0 1 7.80817
0 0 0 0 0 7.87033
0 0 0 0 1 7.77591
0 0 0 0 1 7.94842
0 0 0 0 1 7.95586
0 0 0 0 1 8.011
0 0 0 0 1 8.04226
0 0 0 0 1 8.06561
0 0 0 0 1 8.16165
0 0 0 0 1 8.11984
0 0 0 0 0 8.23315
0 0 0 0 0 8.28925
0 0 0 0 1 8.3709
0 0 0 0 1 8.2691
0 0 0 0 1 8.35896
0 0 0 0 1 8.38191
0 0 0 0 0 8.54873
0 0 0 0 1 8.58926
0 0 0 0 1 8.62125
0 0 0 0 1 8.57485
0 0 0 0 1 8.62364
0 0 0 0 1 8.82134
0 0 0 0 0 8.79972
0 0 0 0 1 8.82269
0 0 0 0 1 8.93406
0 0 0 0 1 9.02772
0 0 0 0 1 9.04117
0 0 0 0 0 9.02687
0 0 0 0 1 9.18598
0 0 0 0 1 9.26273
0 0 0 0 1 9.33133
0 0 0 0 1 9.35254
0 0 0 0 1 9.44961
0 0 0 0 1 9.57396
0 0 0 0 1 9.62369
0 0 0 0 1 9.64443
0 0 0 0 1 9.76168
0 0 0 0 1 9.83094
0 0 0 0 0 9.82041
0 0 0 0 1 9.92908
0 0 0 0 1 9.92722
0 0 0 0 1 10.0251
0 0 0 0 1 10.1031
0 0 0 0 0 10.212
0 0 0 0 1 10.3938
0 0 0 0 1 10.4526
0 0 0 0 1 10.4364
0 0 0 0 1 10.6316
0 0 0 0 1 10.678
0 0 0 0 1 10.7561
0 0 0 0 0 10.8756
0 0 0 0 1 10.823
0 0 0 0 1 10.9092
0 0 0 0 0 11.1511
0 0 0 0 1 11.1153
0 0 0 0 0 11.2924
0 0 0 0 1 11.4711
0 0 0 0 1 11.6374
0 0 0 0 0 11.5492
0 0 0 0 1 11.8006
0 0 0 0 1 11.8719
0 0 0 0 0 12.0768
0 0 0 0 0 12.1602
0 0 0 0 1 12.3041
0 0 0 0 0 12.3378
0 0 0 0 0 12.4041
0 0 0 0 1 12.4854
0 0 0 0 1 12.6007
0 0 0 0 0 12.7031
0 0 0 0 0 13.0736
0 0 0 0 1 13.004
0 0 0 0 1 13.2611
0 0 0 0 1 13.2626
0 0 0 0 1 13.3965
0 0 0 0 1 13.7082
0 0 0 0 0 13.7425
0 0 0 0 1 14.0822
0 0 0 0 1 14.2989
0 0 0 0 1 14.4406
0 0 0 0 1 14.4515
0 0 0 0 1 14.527
0 0 0 0 1 14.8918
0 0 0 0 1 15.1917
0 0 0 0 1 15.1998
0 0 0 0 1 15.5833
0 0 0 0 1 15.5342
0 0 0 0 1 15.9697
0 0 0 0 1 16.1261
0 0 0 0 1 16.1997
0 0 0 0 1 16.385
0 0 0 0 1 16.6891
0 0 0 0 0 16.9784
0 0 0 0 1 14.5096
0 0 0 0 0 14.5482
0 0 0 0 1 14.7066
0 0 0 0 0 14.4683
0 0 0 0 0 14.5949
0 0 0 0 0 14.6079
0 0 0 0 1 14.3858
0 0 0 0 1 14.6461
0 0 0 0 1 14.5555
0 0 0 0 1 14.6101
0 0 0 0 1 14.5951
0 0 0 0 1 14.5948
0 0 0 0 1 14.4768
0 0 0 0 0 14.4026
0 0 0 0 1 14.4319
0 0 0 0 1 14.4183
0 0 0 0 0 14.2445
0 0 0 0 1 14.3321
0 0 0 0 1 14.4462
0 0 0 0 1 14.3762
0 0 0 0 0 14.3495
0 0 0 0 1 14.2352
0 0 0 0 1 14.252
0 0 0 0 1 14.1529
0 0 0 0 1 14.3557
0 0 0 0 0 14.202
0 0 0 0 1 14.1485
0 0 0 0 1 14.2786
0 0 0 0 0 14.1972
0 0 0 0 1 14.0734
0 0 0 0 0 14.3036
0 0 0 0 1 14.3718
0 0 0 0 0 14.9101
0 0 0 0 1 15.0759
0 0 0 0 1 15.7465
0 0 0 0 1 16.2344
0 0 0 0 0 16.6694
0 0 0 0 1 17.2421
0 0 0 0 1 17.6781
0 0 0 0 1 40.7043
0 0 0 0 1 42.4157
0 0 0 0 0 44.0446
0 0 0 0 1 45.3389
0 0 0 0 0 47.5998
0 0 0 0 0 49.8156
0 0 0 0 1 42.1675
0 0 0 0 1 42.4889
0 0 0 0 1 42.0915
0 0 0 0 1 42.6254
0 0 0 0 1 42.5255
0 0 0 0 1 42.3006
0 0 0 0 1 41.9915
0 0 0 0 1 42.106
0 0 0 0 1 42.3893
0 0 0 0 1 42.2943
0 0 0 0 1 42.2844
0 0 0 0 1 45.3869
0 0 0 0 0 4.98996
0 0 0 0 0 4.9599
0 0 0 0 0 5.01501
0 0 0 0 0 4.99998
0 0 0 0 1 34.9645
0 0 0 0 1 35.1373
0 0 0 0 0 35.5224
0 0 0 0 0 35.0966
0 0 0 0 1 35.483
0 0 0 0 1 35.4114
0 0 0 0 0 35.0936
0 0 0 0 1 35.3056
0 0 0 0 1 35.3772
0 0 0 0 1 35.2025
0 0 0 0 1 35.5575
0 0 0 0 1 35.0315
0 0 0 0 1 35.1762
0 0 0 0 0 5.0601
0 0 0 0 0 4.98495
0 0 0 0 0 4.98495
0 0 0 0 0 5.05008
0 0 0 0 0 5.05008
0 0 0 0 0 5.02002
0 0 0 0 0 5.04006
0 0 0 0 0 4.98495
0 0 0 0 0 4.98495
0 0 0 0 0 96.3922
0 0 0 0 1 90.8679
0 0 0 0 1 85.93
0 0 0 0 1 81.1296
0 0 0 0 1 23.2455
0 0 0 0 1 22.141
0 0 0 0 1 21.1365
0 0 0 0 1 20.4445
0 0 0 0 1 19.9889
0 0 0 0 1 20.2804
0 0 0 0 1 20.2099
0 0 0 0 1 20.3614
0 0 0 0 1 20.2299
0 0 0 0 1 19.9989
0 0 0 0 1 20.3939
0 0 0 0 0 20.3049
0 0 0 0 1 20.2567
0 0 0 0 0 20.0671
0 0 0 0 1 20.1004
0 0 0 0 1 20.2758
0 0 0 0 1 20.31
0 0 0 0 1 20.1823
0 0 0 0 0 20.3592
0 0 0 0 1 20.4962
0 0 0 0 1 20.2475
0 0 0 0 1 20.3225
0 0 0 0 1 20.4627
0 0 0 0 0 20.1941
0 0 0 0 1 20.4964
0 0 0 0 1 35.1049
0 0 0 0 1 34.0484
0 0 0 0 1 33.5371
0 0 0 0 1 33.1217
0 0 0 0 1 32.2034
0 0 0 0 1 31.4732
0 0 0 0 1 31.055
0 0 0 0 1 30.5891
0 0 0 0 1 29.5729
0 0 0 0 1 28.985
0 0 0 0 1 28.6476
0 0 0 0 1 28.2861
0 0 0 0 1 27.4952
0 0 0 0 1 27.1714
0 0 0 0 1 26.6651
0 0 0 0 1 26.3029
0 0 0 0 0 26.2013
0 0 0 0 1 25.4508
0 0 0 0 1 25.1494
0 0 0 0 1 24.7065
0 0 0 0 1 24.6369
0 0 0 0 1 24.0769
0 0 0 0 1 23.9936
0 0 0 0 1 23.6553
0 0 0 0 1 23.1789
0 0 0 0 0 22.7488
0 0 0 0 1 22.3672
0 0 0 0 1 21.9531
0 0 0 0 1 21.6611
0 0 0 0 1 21.5515
0 0 0 0 1 21.2659
0 0 0 0 0 21.1607
0 0 0 0 0 20.7077
0 0 0 0 1 20.525
0 0 0 0 1 20.3318
0 0 0 0 1 20.1068
0 0 0 0 1 19.7128
0 0 0 0 1 19.5383
0 0 0 0 1 19.2948
0 0 0 0 1 19.0329
0 0 0 0 1 18.7438
0 0 0 0 1 18.5781
0 0 0 0 0 18.5416
0 0 0 0 1 18.3919
0 0 0 0 1 17.9247
0 0 0 0 1 18.0011
0 0 0 0 1 17.7809
0 0 0 0 1 17.5566
0 0 0 0 1 17.295
0 0 0 0 1 17.2766
0 0 0 0 1 17.1532
0 0 0 0 1 16.9108
0 0 0 0 1 16.7721
0 0 0 0 1 16.5745
0 0 0 0 1 16.3705
0 0 0 0 0 16.2328
0 0 0 0 1 16.2561
0 0 0 0 1 16.0143
0 0 0 0 1 15.7588
0 0 0 0 0 15.6309
0 0 0 0 1 15.441
0 0 0 0 1 15.4701
0 0 0 0 1 15.0975
0 0 0 0 1 14.9739
0 0 0 0 1 15.0966
0 0 0 0 1 14.9803
0 0 0 0 1 14.8701
0 0 0 0 1 14.5025
0 0 0 0 1 14.4265
0 0 0 0 1 14.4911
0 0 0 0 1 14.2191
0 0 0 0 0 14.0435
0 0 0 0 0 14.2206
0 0 0 0 1 13.8966
0 0 0 0 1 13.9089
0 0 0 0 0 13.8731
0 0 0 0 0 13.7907
0 0 0 0 1 13.4829
0 0 0 0 1 13.3214
0 0 0 0 1 13.3128
0 0 0 0 1 13.3647
0 0 0 0 1 13.1384
0 0 0 0 1 13.1886
0 0 0 0 1 13.1073
0 0 0 0 1 12.7942
0 0 0 0 1 12.7871
0 0 0 0 0 12.6437
0 0 0 0 0 12.497
0 0 0 0 0 12.5645
0 0 0 0 0 12.5804
0 0 0 0 1 12.4592
0 0 0 0 1 12.1872
0 0 0 0 1 12.1784
0 0 0 0 1 12.2621
0 0 0 0 1 12.1632
0 0 0 0 0 12.0527
0 0 0 0 1 11.7999
0 0 0 0 1 11.9286
0 0 0 0 1 11.6665
0 0 0 0 1 11.8048
0 0 0 0 1 11.5919
0 0 0 0 1 11.4582
0 0 0 0 1 11.4521
0 0 0 0 1 11.4374
0 0 0 0 0 11.3963
0 0 0 0 1 11.3471
0 0 0 0 1 11.1902
0 0 0 0 0 11.2278
0 0 0 0 1 11.209
0 0 0 0 1 10.9358
0 0 0 0 1 10.9178
0 0 0 0 0 10.9073
0 0 0 0 1 10.7987
0 0 0 0 0 10.7728
0 0 0 0 1 10.719
0 0 0 0 1 10.6152
0 0 0 0 1 10.6367
0 0 0 0 1 10.5305
0 0 0 0 1 10.5199
0 0 0 0 1 10.5615
0 0 0 0 1 10.498
0 0 0 0 1 10.362
0 0 0 0 0 10.3202
0 0 0 0 1 10.2549
0 0 0 0 1 10.2646
0 0 0 0 1 10.2026
0 0 0 0 1 10.0597
0 0 0 0 1 10.0464
0 0 0 0 1 10.0028
0 0 0 0 1 9.9821
0 0 0 0 1 9.9188
0 0 0 0 1 9.87568
0 0 0 0 0 9.97095
0 0 0 0 0 9.91775
0 0 0 0 1 9.6914
0 0 0 0 0 9.81476
0 0 0 0 1 9.64603
0 0 0 0 1 9.59441
0 0 0 0 1 9.53076
0 0 0 0 1 9.60422
0 0 0 0 1 9.46712
0 0 0 0 0 9.55886
0 0 0 0 1 9.51479
0 0 0 0 1 9.44522
0 0 0 0 1 9.46986
0 0 0 0 1 9.32611
0 0 0 0 1 9.26451
0 0 0 0 1 9.27997
0 0 0 0 0 9.21882
0 0 0 0 0 9.14883
0 0 0 0 1 9.13422
0 0 0 0 1 9.2043
0 0 0 0 1 9.01673
0 0 0 0 1 8.98439
0 0 0 0 0 9.08758
0 0 0 0 1 9.04609
0 0 0 0 1 9.01629
0 0 0 0 0 8.85925
0 0 0 0 1 8.8544
0 0 0 0 1 8.92924
0 0 0 0 1 8.87993
0 0 0 0 1 8.76934
0 0 0 0 1 8.77963
0 0 0 0 1 8.71631
0 0 0 0 1 8.63952
0 0 0 0 1 8.73937
0 0 0 0 0 8.69757
0 0 0 0 0 8.53185
0 0 0 0 1 8.64557
0 0 0 0 1 8.47849
0 0 0 0 1 8.45497
0 0 0 0 1 8.50234
0 0 0 0 1 8.40518
0 0 0 0 1 8.48355
0 0 0 0 1 8.38705
0 0 0 0 0 8.36412
0 0 0 0 1 8.42778
0 0 0 0 1 8.28792
0 0 0 0 1 8.36546
0 0 0 0 1 8.2542
0 0 0 0 1 8.36451
0 0 0 0 1 8.24571
0 0 0 0 1 8.16608
0 0 0 0 1 8.27572
0 0 0 0 0 8.19923
0 0 0 0 1 8.21025
0 0 0 0 1 8.09913
0 0 0 0 1 8.16724
0 0 0 0 1 8.08927
0 0 0 0 1 8.0121
0 0 0 0 0 8.14465
0 0 0 0 1 8.10764
0 0 0 0 0 7.95053
0 0 0 0 1 8.07433
0 0 0 0 1 7.94213
0 0 0 0 1 8.03648
0 0 0 0 1 7.9896
0 0 0 0 1 7.97759
0 0 0 0 1 7.91827
0 0 0 0 1 7.80413
0 0 0 0 0 7.91078
0 0 0 0 1 7.79733
0 0 0 0 1 7.77058
0 0 0 0 1 7.81428
0 0 0 0 0 7.87034
0 0 0 0 1 7.70384
0 0 0 0 0 7.71203
0 0 0 0 1 7.71387
0 0 0 0 0 7.6495
0 0 0 0 1 7.76714
0 0 0 0 1 7.71842
0 0 0 0 1 7.59331
0 0 0 0 1 7.64156
0 0 0 0 1 7.66243
0 0 0 0 1 7.56134
0 0 0 0 1 7.53344
0 0 0 0 1 7.54709
0 0 0 0 1 7.63653
0 0 0 0 1 7.61644
0 0 0 0 1 7.47161
0 0 0 0 1 7.4706
0 0 0 0 1 7.53383
0 0 0 0 1 7.44284
0 0 0 0 1 7.4422
0 0 0 0 1 7.43058
0 0 0 0 1 7.47493
0 0 0 0 0 7.40754
0 0 0 0 1 7.42234
0 0 0 0 1 7.36287
0 0 0 0 1 7.47413
0 0 0 0 0 7.41129
0 0 0 0 1 7.33775
0 0 0 0 0 7.41556
0 0 0 0 0 7.35336
0 0 0 0 1 7.40551
0 0 0 0 1 7.40628
0 0 0 0 1 7.37741
0 0 0 0 1 7.38576
0 0 0 0 1 7.25553
0 0 0 0 1 7.28219
0 0 0 0 1 7.22878
0 0 0 0 0 7.33233
0 0 0 0 0 7.30099
0 0 0 0 1 7.26257
0 0 0 0 1 7.17787
0 0 0 0 1 7.19775
