0 0 0 0 1 5.25457
0 0 0 0 1 5.17216
0 0 0 0 0 5.18133
0 0 0 0 1 5.2032
0 0 0 0 1 5.25976
0 0 0 0 1 5.20857
0 0 0 0 1 5.28322
0 0 0 0 1 5.20379
0 0 0 0 1 5.23142
0 0 0 0 0 5.30134
0 0 0 0 1 5.26937
0 0 0 0 1 5.24268
0 0 0 0 1 5.35026
0 0 0 0 1 5.26721
0 0 0 0 1 5.28315
0 0 0 0 1 5.35952
0 0 0 0 1 5.35455
0 0 0 0 1 5.30856
0 0 0 0 1 5.3732
0 0 0 0 1 5.31646
0 0 0 0 1 5.39226
0 0 0 0 1 5.34083
0 0 0 0 0 5.4171
0 0 0 0 1 5.41817
0 0 0 0 0 5.38287
0 0 0 0 1 5.38543
0 0 0 0 1 5.48437
0 0 0 0 1 5.39881
0 0 0 0 1 5.50932
0 0 0 0 1 5.44127
0 0 0 0 0 5.43743
0 0 0 0 1 5.45012
0 0 0 0 0 5.48614
0 0 0 0 1 5.47826
0 0 0 0 0 5.48024
0 0 0 0 1 5.4989
0 0 0 0 1 5.57318
0 0 0 0 1 5.50999
0 0 0 0 1 5.59583
0 0 0 0 1 5.5761
0 0 0 0 1 5.62443
0 0 0 0 0 5.6104
0 0 0 0 1 5.60197
0 0 0 0 1 5.67241
0 0 0 0 1 5.6707
0 0 0 0 1 5.63423
0 0 0 0 1 5.68755
0 0 0 0 0 5.6632
0 0 0 0 0 5.68357
0 0 0 0 0 5.6698
0 0 0 0 1 5.70184
0 0 0 0 1 5.70609
0 0 0 0 1 5.74349
0 0 0 0 1 5.73566
0 0 0 0 1 5.81469
0 0 0 0 1 5.76126
0 0 0 0 0 5.84076
0 0 0 0 0 5.82682
0 0 0 0 1 5.86662
0 0 0 0 1 5.84156
0 0 0 0 1 5.88058
0 0 0 0 1 5.90316
0 0 0 0 1 5.96085
0 0 0 0 1 5.89981
0 0 0 0 1 5.9579
0 0 0 0 0 6.0223
0 0 0 0 0 5.94941
0 0 0 0 1 6.06187
0 0 0 0 1 5.98902
0 0 0 0 1 6.07811
0 0 0 0 1 6.0954
0 0 0 0 1 6.13709
0 0 0 0 1 6.03276
0 0 0 0 1 6.07421
0 0 0 0 1 6.11649
0 0 0 0 1 6.18925
0 0 0 0 1 6.15138
0 0 0 0 1 6.13233
0 0 0 0 1 6.19338
0 0 0 0 1 6.22371
0 0 0 0 1 6.27318
0 0 0 0 1 6.28528
0 0 0 0 1 6.28471
0 0 0 0 1 6.25267
0 0 0 0 1 6.34701
0 0 0 0 0 6.30201
0 0 0 0 0 6.40367
0 0 0 0 1 6.37772
0 0 0 0 1 6.3837
0 0 0 0 1 6.40916
0 0 0 0 0 6.43465
0 0 0 0 1 6.46036
0 0 0 0 0 6.56443
0 0 0 0 0 6.49893
0 0 0 0 1 6.60383
0 0 0 0 1 6.53131
0 0 0 0 0 6.56405
0 0 0 0 1 6.6104
0 0 0 0 0 6.69037
0 0 0 0 1 6.75078
0 0 0 0 1 6.77122
0 0 0 0 1 6.71063
0 0 0 0 1 6.82588
0 0 0 0 1 6.8534
0 0 0 0 1 6.86053
0 0 0 0 1 6.86074
0 0 0 0 1 6.9368
0 0 0 0 0 6.87472
0 0 0 0 1 7.00687
0 0 0 0 1 6.91641
0 0 0 0 1 7.07062
0 0 0 0 1 7.08519
0 0 0 0 1 7.09258
0 0 0 0 1 7.07861
0 0 0 0 0 7.12863
0 0 0 0 1 7.1359
0 0 0 0 1 7.23678
0 0 0 0 1 7.2588
0 0 0 0 1 7.23715
0 0 0 0 1 7.38327
0 0 0 0 0 7.31024
0 0 0 0 1 7.42817
0 0 0 0 0 7.4062
0 0 0 0 1 7.3987
0 0 0 0 1 7.54066
0 0 0 0 1 7.45804
0 0 0 0 0 7.5937
0 0 0 0 1 7.66967
0 0 0 0 1 7.64686
0 0 0 0 0 7.63893
0 0 0 0 1 7.75413
0 0 0 0 1 7.73832
0 0 0 0 1 7.78453
0 0 0 0 1 7.76806
0 0 0 0 1 7.90111
0 0 0 0 1 7.95586
0 0 0 0 1 7.94723
0 0 0 0 1 7.96208
0 0 0 0 1 8.09784
0 0 0 0 1 8.11302
0 0 0 0 1 8.10354
0 0 0 0 1 8.11027
0 0 0 0 0 8.314
0 0 0 0 1 8.21342
0 0 0 0 1 8.35255
0 0 0 0 1 8.34217
0 0 0 0 1 8.38191
0 0 0 0 1 8.48075
0 0 0 0 1 8.56362
0 0 0 0 1 8.61265
0 0 0 0 1 8.73926
0 0 0 0 1 8.67585
0 0 0 0 1 8.81258
0 0 0 0 1 8.7909
0 0 0 0 1 8.80495
0 0 0 0 1 9.00546
0 0 0 0 0 9.05469
0 0 0 0 1 9.08642
0 0 0 0 1 9.01776
0 0 0 0 0 9.22265
0 0 0 0 1 9.14268
0 0 0 0 1 9.34991
0 0 0 0 1 9.4368
0 0 0 0 1 9.50613
0 0 0 0 1 9.55497
0 0 0 0 1 9.61413
0 0 0 0 1 9.56735
0 0 0 0 0 9.78109
0 0 0 0 1 9.72345
0 0 0 0 1 9.84011
0 0 0 0 1 9.99851
0 0 0 0 1 10.0472
0 0 0 0 1 9.98476
0 0 0 0 0 10.2453
0 0 0 0 0 10.1609
0 0 0 0 1 10.2185
0 0 0 0 1 10.4734
0 0 0 0 1 10.4049
0 0 0 0 1 10.5365
0 0 0 0 0 10.6034
0 0 0 0 1 10.8205
0 0 0 0 1 10.8756
0 0 0 0 1 10.8885
0 0 0 0 1 10.9643
0 0 0 0 1 11.2289
0 0 0 0 1 11.2836
0 0 0 0 1 11.3603
0 0 0 0 1 11.4369
0 0 0 0 1 11.4992
0 0 0 0 0 11.6074
0 0 0 0 1 11.7772
0 0 0 0 1 11.7889
0 0 0 0 0 11.8855
0 0 0 0 1 12.0394
0 0 0 0 0 12.2553
0 0 0 0 1 12.227
0 0 0 0 1 12.317
0 0 0 0 0 12.6613
0 0 0 0 1 12.5626
0 0 0 0 0 12.9467
0 0 0 0 1 12.931
0 0 0 0 1 13.1218
0 0 0 0 1 13.142
0 0 0 0 1 13.3028
0 0 0 0 1 13.5183
0 0 0 0 0 13.5987
0 0 0 0 0 13.784
0 0 0 0 1 14.0122
0 0 0 0 1 14.2281
0 0 0 0 1 14.2258
0 0 0 0 1 14.4371
0 0 0 0 1 14.6884
0 0 0 0 1 14.9661
0 0 0 0 1 15.0112
0 0 0 0 0 15.078
0 0 0 0 1 15.5833
0 0 0 0 1 15.4873
0 0 0 0 0 15.7956
0 0 0 0 0 16.0298
0 0 0 0 1 16.3623
0 0 0 0 1 16.3521
0 0 0 0 1 16.6389
0 0 0 0 1 16.9445
0 0 0 0 1 14.5681
0 0 0 0 1 14.6944
0 0 0 0 1 14.473
0 0 0 0 1 14.6141
0 0 0 0 1 14.4784
0 0 0 0 0 14.4333
0 0 0 0 1 14.6619
0 0 0 0 1 14.6461
0 0 0 0 1 14.6424
0 0 0 0 1 14.3784
0 0 0 0 1 14.4071
0 0 0 0 1 14.5948
0 0 0 0 1 14.4912
0 0 0 0 1 14.3449
0 0 0 0 0 14.3599
0 0 0 0 1 14.4471
0 0 0 0 1 14.2733
0 0 0 0 1 14.3177
0 0 0 0 0 14.4175
0 0 0 0 0 14.3762
0 0 0 0 1 14.4354
0 0 0 0 1 14.178
0 0 0 0 0 14.3664
0 0 0 0 1 14.4242
0 0 0 0 1 14.2558
0 0 0 0 1 14.3018
0 0 0 0 0 14.3052
0 0 0 0 0 14.2644
0 0 0 0 1 14.2968
0 0 0 0 1 14.3435
0 0 0 0 1 14.3178
0 0 0 0 1 14.4292
0 0 0 0 1 14.6887
0 0 0 0 1 15.3191
0 0 0 0 1 15.7465
0 0 0 0 1 16.0408
0 0 0 0 0 16.7859
0 0 0 0 1 17.1905
0 0 0 0 1 17.7493
0 0 0 0 1 40.3383
0 0 0 0 1 42.5001
0 0 0 0 1 43.957
0 0 0 0 1 45.6576
0 0 0 0 1 47.8843
0 0 0 0 1 48.9746
0 0 0 0 1 42.0406
0 0 0 0 1 42.4043
0 0 0 0 1 42.5564
0 0 0 0 1 42.3297
0 0 0 0 1 41.8076
0 0 0 0 1 41.9207
0 0 0 0 1 42.2869
0 0 0 0 1 42.6123
0 0 0 0 1 41.7566
0 0 0 0 1 42.2943
0 0 0 0 1 41.7785
0 0 0 0 1 45.5699
0 0 0 0 0 4.98996
0 0 0 0 0 4.96491
0 0 0 0 0 5.04507
0 0 0 0 0 5.03505
0 0 0 0 1 35.4584
0 0 0 0 0 35.3842
0 0 0 0 1 35.1343
0 0 0 0 1 34.9203
0 0 0 0 0 35.1303
0 0 0 0 1 34.9176
0 0 0 0 1 34.9878
0 0 0 0 1 35.3056
0 0 0 0 1 35.3066
0 0 0 0 1 35.3788
0 0 0 0 1 35.0989
0 0 0 0 1 35.1373
0 0 0 0 1 35.1409
0 0 0 0 0 4.98495
0 0 0 0 0 4.96992
0 0 0 0 0 4.97493
0 0 0 0 0 4.98495
0 0 0 0 0 4.99998
0 0 0 0 0 5.03004
0 0 0 0 0 4.99497
0 0 0 0 0 5.03004
0 0 0 0 0 5.05509
0 0 0 0 1 95.819
0 0 0 0 1 89.7872
0 0 0 0 1 85.8446
0 0 0 0 0 81.1296
0 0 0 0 1 23.4083
0 0 0 0 1 22.0745
0 0 0 0 1 20.9672
0 0 0 0 0 20.2623
0 0 0 0 0 20.0091
0 0 0 0 1 20.0387
0 0 0 0 1 20.3106
0 0 0 0 0 20.2606
0 0 0 0 1 20.1492
0 0 0 0 0 20.3823
0 0 0 0 1 20.0103
0 0 0 0 0 20.3454
0 0 0 0 0 20.378
0 0 0 0 1 20.1885
0 0 0 0 1 20.4242
0 0 0 0 0 20.4378
0 0 0 0 1 20.391
0 0 0 0 1 20.4662
0 0 0 0 1 20.4201
0 0 0 0 1 20.3337
0 0 0 0 0 20.4508
0 0 0 0 0 20.3225
0 0 0 0 0 20.5645
0 0 0 0 1 20.2959
0 0 0 0 0 20.2109
0 0 0 0 1 34.6508
0 0 0 0 0 34.4928
0 0 0 0 0 33.2024
0 0 0 0 1 33.1217
0 0 0 0 1 32.3321
0 0 0 0 1 31.8201
0 0 0 0 0 31.1168
0 0 0 0 1 30.4677
0 0 0 0 1 29.5729
0 0 0 0 1 29.2485
0 0 0 0 1 29.0216
0 0 0 0 1 28.5122
0 0 0 0 1 27.6063
0 0 0 0 1 27.5264
0 0 0 0 1 26.9605
0 0 0 0 0 26.5141
0 0 0 0 1 25.9414
0 0 0 0 1 25.8345
0 0 0 0 1 25.0485
0 0 0 0 1 24.632
0 0 0 0 1 24.2454
0 0 0 0 1 24.1492
0 0 0 0 1 23.6847
0 0 0 0 1 23.2103
0 0 0 0 1 23.2481
0 0 0 0 1 22.7488
0 0 0 0 1 22.3447
0 0 0 0 1 22.2189
0 0 0 0 1 21.8141
0 0 0 0 1 21.7241
0 0 0 0 0 21.1592
0 0 0 0 1 21.0975
0 0 0 0 0 20.9988
0 0 0 0 1 20.3812
0 0 0 0 1 20.1897
0 0 0 0 0 19.9063
0 0 0 0 1 19.8911
0 0 0 0 1 19.6166
0 0 0 0 1 19.3915
0 0 0 0 1 19.2242
0 0 0 0 0 19.0842
0 0 0 0 1 18.5781
0 0 0 0 1 18.6156
0 0 0 0 0 18.2821
0 0 0 0 1 17.9791
0 0 0 0 1 17.8579
0 0 0 0 0 17.6744
0 0 0 0 1 17.6621
0 0 0 0 0 17.295
0 0 0 0 1 17.2594
0 0 0 0 1 17.085
0 0 0 0 1 17.0121
0 0 0 0 1 16.5547
0 0 0 0 1 16.5414
0 0 0 0 1 16.2721
0 0 0 0 1 16.2978
0 0 0 0 1 16.0468
0 0 0 0 0 16.0781
0 0 0 0 1 15.664
0 0 0 0 1 15.7875
0 0 0 0 1 15.5651
0 0 0 0 0 15.3469
0 0 0 0 1 15.4025
0 0 0 0 1 15.1856
0 0 0 0 0 14.8417
0 0 0 0 1 14.9505
0 0 0 0 1 14.8848
0 0 0 0 1 14.7656
0 0 0 0 0 14.5861
0 0 0 0 0 14.3184
0 0 0 0 0 14.3476
0 0 0 0 1 14.2136
0 0 0 0 1 13.9812
0 0 0 0 1 13.9944
0 0 0 0 1 13.8673
0 0 0 0 0 13.8594
0 0 0 0 1 13.7771
0 0 0 0 1 13.659
0 0 0 0 1 13.4828
0 0 0 0 1 13.4063
0 0 0 0 1 13.1393
0 0 0 0 1 13.1384
0 0 0 0 1 12.9795
0 0 0 0 1 13.0165
0 0 0 0 1 12.923
0 0 0 0 1 12.8767
0 0 0 0 1 12.7199
0 0 0 0 1 12.5475
0 0 0 0 1 12.6648
0 0 0 0 1 12.4434
0 0 0 0 1 12.2612
0 0 0 0 1 12.3593
0 0 0 0 1 12.2761
0 0 0 0 1 12.0193
0 0 0 0 0 12.0425
0 0 0 0 1 12.0287
0 0 0 0 0 11.8356
0 0 0 0 1 11.9286
0 0 0 0 1 11.8902
0 0 0 0 1 11.7112
0 0 0 0 1 11.7081
0 0 0 0 1 11.5276
0 0 0 0 1 11.3946
0 0 0 0 1 11.506
0 0 0 0 1 11.2827
0 0 0 0 1 11.2568
0 0 0 0 1 11.2464
0 0 0 0 1 11.2055
0 0 0 0 1 11.1979
0 0 0 0 0 11.1236
0 0 0 0 0 10.9947
0 0 0 0 1 10.9948
0 0 0 0 1 10.9727
0 0 0 0 1 10.9025
0 0 0 0 1 10.6545
0 0 0 0 1 10.7009
0 0 0 0 0 10.6261
0 0 0 0 1 10.5305
0 0 0 0 1 10.4565
0 0 0 0 1 10.4041
0 0 0 0 1 10.4353
0 0 0 0 1 10.3204
0 0 0 0 1 10.2788
0 0 0 0 1 10.2755
0 0 0 0 0 10.1417
0 0 0 0 1 10.1516
0 0 0 0 0 10.2017
0 0 0 0 1 10.1574
0 0 0 0 0 10.1234
0 0 0 0 1 9.97209
0 0 0 0 0 9.9188
0 0 0 0 1 9.83602
0 0 0 0 1 9.82286
0 0 0 0 1 9.89809
0 0 0 0 1 9.68162
0 0 0 0 1 9.83423
0 0 0 0 0 9.70419
0 0 0 0 1 9.62336
0 0 0 0 1 9.59808
0 0 0 0 0 9.51804
0 0 0 0 1 9.54339
0 0 0 0 0 9.41648
0 0 0 0 1 9.42966
0 0 0 0 1 9.34163
0 0 0 0 1 9.46049
0 0 0 0 0 9.27943
0 0 0 0 0 9.38544
0 0 0 0 1 9.31702
0 0 0 0 0 9.20959
0 0 0 0 1 9.14883
0 0 0 0 1 9.09758
0 0 0 0 1 9.2043
0 0 0 0 1 9.13489
0 0 0 0 1 9.00251
0 0 0 0 1 9.00636
0 0 0 0 1 9.01012
0 0 0 0 1 8.98943
0 0 0 0 1 8.89494
0 0 0 0 1 8.94329
0 0 0 0 1 8.77865
0 0 0 0 1 8.75635
0 0 0 0 1 8.76054
0 0 0 0 1 8.68315
0 0 0 0 1 8.78618
0 0 0 0 0 8.67435
0 0 0 0 1 8.66127
0 0 0 0 0 8.74084
0 0 0 0 1 8.54047
0 0 0 0 1 8.6026
0 0 0 0 1 8.47849
0 0 0 0 0 8.58308
0 0 0 0 0 8.52787
0 0 0 0 1 8.44758
0 0 0 0 1 8.4328
0 0 0 0 1 8.47977
0 0 0 0 0 8.38093
0 0 0 0 1 8.43616
0 0 0 0 1 8.37982
0 0 0 0 0 8.30713
0 0 0 0 1 8.32064
0 0 0 0 0 8.23201
0 0 0 0 1 8.26222
0 0 0 0 1 8.28956
0 0 0 0 1 8.21825
0 0 0 0 1 8.23196
0 0 0 0 0 8.19393
0 0 0 0 0 8.05844
0 0 0 0 1 8.05358
0 0 0 0 1 8.08927
0 0 0 0 0 8.13337
0 0 0 0 1 8.03981
0 0 0 0 1 8.05938
0 0 0 0 0 8.06284
0 0 0 0 1 8.04232
0 0 0 0 1 7.92617
0 0 0 0 0 7.90122
0 0 0 0 1 8.01343
0 0 0 0 1 7.85876
0 0 0 0 1 7.97359
0 0 0 0 1 7.81989
0 0 0 0 0 7.93437
0 0 0 0 1 7.80518
0 0 0 0 0 7.75493
0 0 0 0 1 7.85331
0 0 0 0 1 7.86254
0 0 0 0 0 7.82045
0 0 0 0 1 7.80504
0 0 0 0 1 7.75256
0 0 0 0 1 7.74213
0 0 0 0 0 7.73631
0 0 0 0 1 7.75685
0 0 0 0 1 7.74671
0 0 0 0 1 7.64156
0 0 0 0 0 7.64715
0 0 0 0 1 7.69092
0 0 0 0 0 7.61714
0 0 0 0 1 7.62301
0 0 0 0 1 7.62138
0 0 0 0 1 7.62401
0 0 0 0 1 7.60746
0 0 0 0 1 7.57603
0 0 0 0 1 7.51127
0 0 0 0 1 7.57789
0 0 0 0 0 7.52456
0 0 0 0 1 7.52029
0 0 0 0 1 7.51969
0 0 0 0 0 7.37776
0 0 0 0 1 7.49671
0 0 0 0 1 7.46678
0 0 0 0 0 7.3482
0 0 0 0 1 7.42609
0 0 0 0 0 7.41157
0 0 0 0 0 7.34922
0 0 0 0 1 7.28711
0 0 0 0 0 7.40551
0 0 0 0 1 7.31829
0 0 0 0 1 7.36276
0 0 0 0 0 7.26876
0 0 0 0 1 7.27743
0 0 0 0 1 7.30406
0 0 0 0 1 7.23606
0 0 0 0 1 7.30326
0 0 0 0 1 7.3155
0 0 0 0 1 7.19009
0 0 0 0 1 7.17064
0 0 0 0 1 7.27724
