0 0 0 0 1 5.20775
0 0 0 0 1 5.2607
0 0 0 0 1 5.24394
0 0 0 0 1 5.23455
0 0 0 0 0 5.24406
0 0 0 0 1 5.22429
0 0 0 0 1 5.236
0 0 0 0 0 5.21955
0 0 0 0 1 5.27353
0 0 0 0 1 5.24338
0 0 0 0 1 5.23769
0 0 0 0 1 5.31674
0 0 0 0 0 5.30258
0 0 0 0 1 5.2566
0 0 0 0 1 5.27252
0 0 0 0 1 5.31694
0 0 0 0 1 5.37055
0 0 0 0 0 5.34594
0 0 0 0 1 5.31968
0 0 0 0 0 5.3111
0 0 0 0 1 5.32781
0 0 0 0 1 5.3731
0 0 0 0 0 5.40093
0 0 0 0 1 5.42897
0 0 0 0 1 5.3991
0 0 0 0 1 5.37459
0 0 0 0 1 5.37577
0 0 0 0 1 5.45868
0 0 0 0 1 5.40568
0 0 0 0 1 5.49044
0 0 0 0 0 5.44839
0 0 0 0 1 5.43915
0 0 0 0 1 5.53012
0 0 0 0 1 5.50028
0 0 0 0 1 5.54095
0 0 0 0 1 5.58189
0 0 0 0 0 5.50108
0 0 0 0 1 5.5322
0 0 0 0 0 5.58469
0 0 0 0 0 5.6375
0 0 0 0 1 5.54616
0 0 0 0 1 5.57116
0 0 0 0 1 5.56826
0 0 0 0 0 5.61045
0 0 0 0 1 5.68199
0 0 0 0 1 5.67382
0 0 0 0 0 5.65349
0 0 0 0 1 5.69732
0 0 0 0 1 5.71208
0 0 0 0 1 5.67551
0 0 0 0 1 5.7133
0 0 0 0 1 5.78072
0 0 0 0 0 5.78382
0 0 0 0 1 5.78764
0 0 0 0 1 5.84943
0 0 0 0 1 5.83088
0 0 0 0 1 5.82913
0 0 0 0 0 5.79762
0 0 0 0 1 5.87246
0 0 0 0 0 5.85916
0 0 0 0 1 5.85704
0 0 0 0 1 5.91495
0 0 0 0 1 5.88398
0 0 0 0 0 5.9829
0 0 0 0 0 5.90433
0 0 0 0 1 5.94471
0 0 0 0 1 6.04518
0 0 0 0 1 6.06187
0 0 0 0 1 6.03115
0 0 0 0 1 6.07207
0 0 0 0 0 6.0954
0 0 0 0 0 6.09455
0 0 0 0 1 6.12417
0 0 0 0 1 6.06197
0 0 0 0 1 6.07972
0 0 0 0 1 6.17694
0 0 0 0 1 6.12667
0 0 0 0 1 6.16327
0 0 0 0 1 6.18096
0 0 0 0 1 6.205
0 0 0 0 1 6.2982
0 0 0 0 0 6.3041
0 0 0 0 0 6.3036
0 0 0 0 0 6.27793
0 0 0 0 1 6.35969
0 0 0 0 1 6.42296
0 0 0 0 1 6.35897
0 0 0 0 1 6.41618
0 0 0 0 1 6.45449
0 0 0 0 1 6.49307
0 0 0 0 0 6.49297
0 0 0 0 1 6.46686
0 0 0 0 1 6.4796
0 0 0 0 1 6.60375
0 0 0 0 1 6.58412
0 0 0 0 1 6.58409
0 0 0 0 0 6.66351
0 0 0 0 1 6.71015
0 0 0 0 1 6.72375
0 0 0 0 1 6.68375
0 0 0 0 1 6.75102
0 0 0 0 1 6.77145
0 0 0 0 0 6.79874
0 0 0 0 1 6.84659
0 0 0 0 1 6.79213
0 0 0 0 1 6.79894
0 0 0 0 1 6.87468
0 0 0 0 1 6.89549
0 0 0 0 1 6.90945
0 0 0 0 0 6.93038
0 0 0 0 1 6.99346
0 0 0 0 0 7.08519
0 0 0 0 1 7.04303
0 0 0 0 1 7.17821
0 0 0 0 1 7.20006
0 0 0 0 1 7.1718
0 0 0 0 1 7.28003
0 0 0 0 1 7.23706
0 0 0 0 1 7.26624
0 0 0 0 0 7.2663
0 0 0 0 0 7.31024
0 0 0 0 1 7.33227
0 0 0 0 1 7.37655
0 0 0 0 1 7.4434
0 0 0 0 1 7.55563
0 0 0 0 0 7.47309
0 0 0 0 0 7.58614
0 0 0 0 1 7.62407
0 0 0 0 1 7.71561
0 0 0 0 1 7.73874
0 0 0 0 1 7.65382
0 0 0 0 1 7.8237
0 0 0 0 1 7.86253
0 0 0 0 1 7.77591
0 0 0 0 1 7.82225
0 0 0 0 1 7.92414
0 0 0 0 1 7.91535
0 0 0 0 1 7.94604
0 0 0 0 0 8.02532
0 0 0 0 1 8.13734
0 0 0 0 0 8.13615
0 0 0 0 1 8.25773
0 0 0 0 0 8.33049
0 0 0 0 1 8.3709
0 0 0 0 1 8.27745
0 0 0 0 1 8.35896
0 0 0 0 0 8.50009
0 0 0 0 1 8.58272
0 0 0 0 1 8.53798
0 0 0 0 1 8.56968
0 0 0 0 1 8.67003
0 0 0 0 1 8.72807
0 0 0 0 1 8.73382
0 0 0 0 1 8.77327
0 0 0 0 1 8.89362
0 0 0 0 1 8.87158
0 0 0 0 1 9.08167
0 0 0 0 1 8.96877
0 0 0 0 0 9.07242
0 0 0 0 1 9.08514
0 0 0 0 1 9.31814
0 0 0 0 1 9.26627
0 0 0 0 1 9.45552
0 0 0 0 1 9.48729
0 0 0 0 0 9.44099
0 0 0 0 1 9.60456
0 0 0 0 1 9.60589
0 0 0 0 0 9.64524
0 0 0 0 1 9.86026
0 0 0 0 0 9.94846
0 0 0 0 1 9.98859
0 0 0 0 0 10.0272
0 0 0 0 1 10.146
0 0 0 0 1 10.2453
0 0 0 0 1 10.1609
0 0 0 0 1 10.2907
0 0 0 0 1 10.328
0 0 0 0 0 10.5516
0 0 0 0 1 10.6527
0 0 0 0 1 10.5502
0 0 0 0 1 10.7024
0 0 0 0 1 10.8431
0 0 0 0 1 11.0196
0 0 0 0 1 11.0965
0 0 0 0 1 11.14
0 0 0 0 1 11.1153
0 0 0 0 1 11.3037
0 0 0 0 1 11.3798
0 0 0 0 1 11.4761
0 0 0 0 1 11.5725
0 0 0 0 1 11.8358
0 0 0 0 1 11.8956
0 0 0 0 0 11.9453
0 0 0 0 1 12.0394
0 0 0 0 0 12.2919
0 0 0 0 1 12.4363
0 0 0 0 1 12.4788
0 0 0 0 1 12.6236
0 0 0 0 0 12.7657
0 0 0 0 1 12.8954
0 0 0 0 0 13.0736
0 0 0 0 1 12.9778
0 0 0 0 1 13.2478
0 0 0 0 1 13.4232
0 0 0 0 1 13.5453
0 0 0 0 1 13.585
0 0 0 0 0 13.7425
0 0 0 0 1 13.9562
0 0 0 0 0 14.2847
0 0 0 0 1 14.3833
0 0 0 0 1 14.64
0 0 0 0 1 14.7324
0 0 0 0 0 14.7135
0 0 0 0 0 14.8909
0 0 0 0 1 15.078
0 0 0 0 1 15.4136
0 0 0 0 1 15.5811
0 0 0 0 0 15.7007
0 0 0 0 1 16.1582
0 0 0 0 1 16.1346
0 0 0 0 1 16.5334
0 0 0 0 0 16.756
0 0 0 0 1 16.9275
0 0 0 0 0 14.6267
0 0 0 0 0 14.709
0 0 0 0 1 14.5898
0 0 0 0 0 14.5704
0 0 0 0 1 14.493
0 0 0 0 1 14.4187
0 0 0 0 1 14.6619
0 0 0 0 1 14.5735
0 0 0 0 1 14.512
0 0 0 0 0 14.3495
0 0 0 0 1 14.4794
0 0 0 0 1 14.3202
0 0 0 0 0 14.3613
0 0 0 0 1 14.3305
0 0 0 0 1 14.2591
0 0 0 0 1 14.4758
0 0 0 0 1 14.4745
0 0 0 0 1 14.447
0 0 0 0 1 14.4175
0 0 0 0 1 14.3762
0 0 0 0 1 14.4068
0 0 0 0 1 14.4498
0 0 0 0 1 14.4379
0 0 0 0 1 14.3385
0 0 0 0 1 14.1417
0 0 0 0 1 14.2733
0 0 0 0 1 14.3337
0 0 0 0 1 14.179
0 0 0 0 1 14.3252
0 0 0 0 1 14.3293
0 0 0 0 0 14.0763
0 0 0 0 1 14.2282
0 0 0 0 0 14.8658
0 0 0 0 1 15.2735
0 0 0 0 1 15.6839
0 0 0 0 0 16.2022
0 0 0 0 1 16.6194
0 0 0 0 1 17.2421
0 0 0 0 0 17.7493
0 0 0 0 1 40.7043
0 0 0 0 1 42.4157
0 0 0 0 1 44.2197
0 0 0 0 0 45.5666
0 0 0 0 1 47.7895
0 0 0 0 1 49.7166
0 0 0 0 1 42.0829
0 0 0 0 0 42.4043
0 0 0 0 1 42.5564
0 0 0 0 1 42.372
0 0 0 0 1 41.8921
0 0 0 0 1 42.3006
0 0 0 0 1 42.3291
0 0 0 0 0 42.2748
0 0 0 0 1 41.8831
0 0 0 0 1 42.4208
0 0 0 0 1 42.4531
0 0 0 0 0 45.7987
0 0 0 0 0 4.98495
0 0 0 0 0 5.03004
0 0 0 0 0 5.03505
0 0 0 0 0 4.98495
0 0 0 0 1 35.3173
0 0 0 0 1 35.5254
0 0 0 0 0 34.9227
0 0 0 0 1 35.1672
0 0 0 0 0 34.9892
0 0 0 0 1 35.094
0 0 0 0 1 35.6227
0 0 0 0 1 35.5172
0 0 0 0 1 35.1655
0 0 0 0 1 34.9203
0 0 0 0 1 35.4517
0 0 0 0 0 35.3842
0 0 0 0 1 35.1056
0 0 0 0 0 4.99497
0 0 0 0 0 5.02503
0 0 0 0 0 5.01501
0 0 0 0 0 4.97994
0 0 0 0 0 5.04006
0 0 0 0 0 4.98996
0 0 0 0 0 5.05509
0 0 0 0 0 5.03004
0 0 0 0 0 5.03004
0 0 0 0 1 94.5771
0 0 0 0 0 89.6071
0 0 0 0 1 84.65
0 0 0 0 0 81.7774
0 0 0 0 1 23.3153
0 0 0 0 1 22.0967
0 0 0 0 0 20.9884
0 0 0 0 0 20.3635
0 0 0 0 1 20.0091
0 0 0 0 1 20.22
0 0 0 0 1 20.2905
0 0 0 0 1 20.2203
0 0 0 0 0 20.129
0 0 0 0 1 20.3823
0 0 0 0 1 20.3132
0 0 0 0 1 20.3049
0 0 0 0 1 20.3173
0 0 0 0 1 20.0267
0 0 0 0 0 20.323
0 0 0 0 0 20.2353
0 0 0 0 1 20.3708
0 0 0 0 1 20.446
0 0 0 0 0 20.3592
0 0 0 0 0 20.1509
0 0 0 0 0 20.2272
0 0 0 0 1 20.2412
0 0 0 0 1 20.1776
0 0 0 0 1 20.4793
0 0 0 0 0 20.5168
0 0 0 0 1 35.07
0 0 0 0 1 34.1168
0 0 0 0 0 33.5371
0 0 0 0 1 33.0889
0 0 0 0 0 32.139
0 0 0 0 1 31.3155
0 0 0 0 1 30.8075
0 0 0 0 1 30.2856
0 0 0 0 1 29.7218
0 0 0 0 1 29.0143
0 0 0 0 1 28.8202
0 0 0 0 0 28.2013
0 0 0 0 1 27.5507
0 0 0 0 1 27.4172
0 0 0 0 1 26.9337
0 0 0 0 1 26.5405
0 0 0 0 0 25.9414
0 0 0 0 1 25.5276
0 0 0 0 1 25.2503
0 0 0 0 1 25.079
0 0 0 0 1 24.5145
0 0 0 0 1 23.86
0 0 0 0 1 23.8273
0 0 0 0 1 23.5616
0 0 0 0 1 23.2481
0 0 0 0 1 22.931
0 0 0 0 1 22.6367
0 0 0 0 1 21.9531
0 0 0 0 0 21.6829
0 0 0 0 1 21.4005
0 0 0 0 1 21.4152
0 0 0 0 1 20.9712
0 0 0 0 1 20.874
0 0 0 0 1 20.5045
0 0 0 0 1 20.1897
0 0 0 0 1 20.0867
0 0 0 0 0 19.7128
0 0 0 0 1 19.5383
0 0 0 0 1 19.527
0 0 0 0 1 19.3007
0 0 0 0 1 18.7249
0 0 0 0 1 18.8401
0 0 0 0 1 18.338
0 0 0 0 1 18.4285
0 0 0 0 0 17.9972
0 0 0 0 1 18.0728
0 0 0 0 1 17.7632
0 0 0 0 1 17.5039
0 0 0 0 1 17.382
0 0 0 0 1 17.1905
0 0 0 0 0 16.8803
0 0 0 0 1 16.7589
0 0 0 0 1 16.5547
0 0 0 0 1 16.6738
0 0 0 0 0 16.3541
0 0 0 0 1 16.1841
0 0 0 0 1 15.9664
0 0 0 0 1 16.0143
0 0 0 0 1 15.9643
0 0 0 0 1 15.7562
0 0 0 0 0 15.3944
0 0 0 0 1 15.2546
0 0 0 0 0 15.3415
0 0 0 0 1 15.1705
0 0 0 0 1 14.8567
0 0 0 0 1 14.9356
0 0 0 0 1 14.8996
0 0 0 0 1 14.4879
0 0 0 0 1 14.412
0 0 0 0 1 14.5343
0 0 0 0 1 14.1477
0 0 0 0 1 14.2278
0 0 0 0 1 14.0657
0 0 0 0 1 13.8268
0 0 0 0 1 13.7288
0 0 0 0 1 13.8319
0 0 0 0 1 13.5313
0 0 0 0 1 13.6726
0 0 0 0 1 13.5232
0 0 0 0 0 13.3262
0 0 0 0 1 13.1526
0 0 0 0 1 13.2964
0 0 0 0 1 13.1494
0 0 0 0 1 13.0424
0 0 0 0 1 12.9617
0 0 0 0 1 12.7615
0 0 0 0 1 12.6818
0 0 0 0 1 12.6358
0 0 0 0 1 12.6021
0 0 0 0 1 12.3687
0 0 0 0 1 12.4963
0 0 0 0 1 12.2241
0 0 0 0 1 12.3372
0 0 0 0 1 12.1529
0 0 0 0 1 12.1028
0 0 0 0 1 12.0167
0 0 0 0 1 11.8595
0 0 0 0 1 11.8693
0 0 0 0 0 11.8902
0 0 0 0 1 11.6176
0 0 0 0 1 11.6616
0 0 0 0 0 11.4698
0 0 0 0 1 11.4521
0 0 0 0 1 11.3917
0 0 0 0 1 11.2713
0 0 0 0 1 11.2568
0 0 0 0 1 11.1341
0 0 0 0 1 11.1831
0 0 0 0 1 11.0868
0 0 0 0 0 10.98
0 0 0 0 1 11.0276
0 0 0 0 1 10.8964
0 0 0 0 1 10.9618
0 0 0 0 0 10.9133
0 0 0 0 0 10.6975
0 0 0 0 0 10.7545
0 0 0 0 0 10.7433
0 0 0 0 1 10.7107
0 0 0 0 1 10.5304
0 0 0 0 1 10.509
0 0 0 0 1 10.4249
0 0 0 0 1 10.31
0 0 0 0 1 10.3719
0 0 0 0 1 10.2137
0 0 0 0 1 10.2339
0 0 0 0 1 10.2841
0 0 0 0 1 10.1206
0 0 0 0 1 10.0363
0 0 0 0 1 10.1536
0 0 0 0 1 10.0921
0 0 0 0 1 9.87897
0 0 0 0 1 9.99466
0 0 0 0 1 9.7735
0 0 0 0 1 9.91775
0 0 0 0 1 9.73051
0 0 0 0 0 9.63949
0 0 0 0 0 9.75267
0 0 0 0 0 9.58475
0 0 0 0 1 9.6077
0 0 0 0 1 9.52761
0 0 0 0 1 9.59106
0 0 0 0 1 9.48293
0 0 0 0 0 9.5337
0 0 0 0 1 9.51114
0 0 0 0 0 9.39485
0 0 0 0 1 9.36345
0 0 0 0 1 9.27382
0 0 0 0 1 9.30775
0 0 0 0 1 9.26496
0 0 0 0 1 9.14883
0 0 0 0 1 9.25333
0 0 0 0 1 9.06747
0 0 0 0 1 9.16216
0 0 0 0 1 9.11119
0 0 0 0 0 8.93417
0 0 0 0 1 8.98314
0 0 0 0 1 8.87304
0 0 0 0 1 8.95739
0 0 0 0 1 8.86329
0 0 0 0 1 8.79637
0 0 0 0 1 8.87993
0 0 0 0 0 8.8573
0 0 0 0 1 8.69192
0 0 0 0 1 8.70757
0 0 0 0 1 8.78757
0 0 0 0 1 8.6873
0 0 0 0 1 8.74084
0 0 0 0 1 8.56633
0 0 0 0 1 8.61119
0 0 0 0 1 8.58126
0 0 0 0 0 8.45497
0 0 0 0 1 8.49382
0 0 0 0 1 8.48999
0 0 0 0 0 8.50893
0 0 0 0 1 8.47977
0 0 0 0 1 8.38093
0 0 0 0 1 8.46129
0 0 0 0 1 8.3464
0 0 0 0 1 8.24881
0 0 0 0 1 8.32064
0 0 0 0 1 8.30654
0 0 0 0 0 8.17143
0 0 0 0 0 8.20724
0 0 0 0 1 8.13615
0 0 0 0 1 8.20741
0 0 0 0 1 8.21025
0 0 0 0 1 8.13169
0 0 0 0 1 8.15912
0 0 0 0 0 8.02449
0 0 0 0 1 8.09295
0 0 0 0 1 8.00756
0 0 0 0 0 8.07547
0 0 0 0 0 8.10296
0 0 0 0 1 7.9703
0 0 0 0 1 7.90222
0 0 0 0 1 7.91713
0 0 0 0 1 7.92607
0 0 0 0 1 7.84291
0 0 0 0 0 7.84715
0 0 0 0 1 7.86719
0 0 0 0 1 7.93437
0 0 0 0 1 7.79733
0 0 0 0 1 7.90361
0 0 0 0 1 7.86892
0 0 0 0 1 7.74566
0 0 0 0 1 7.76603
0 0 0 0 1 7.81279
0 0 0 0 1 7.70614
0 0 0 0 1 7.73441
0 0 0 0 1 7.69779
0 0 0 0 0 7.63385
0 0 0 0 1 7.60098
0 0 0 0 1 7.73344
0 0 0 0 1 7.62423
0 0 0 0 1 7.66043
0 0 0 0 1 7.68563
0 0 0 0 0 7.64579
0 0 0 0 1 7.53047
0 0 0 0 1 7.58619
0 0 0 0 1 7.59237
0 0 0 0 1 7.57603
0 0 0 0 1 7.52631
0 0 0 0 1 7.45035
0 0 0 0 1 7.45717
0 0 0 0 1 7.44553
0 0 0 0 1 7.51969
0 0 0 0 1 7.45965
0 0 0 0 0 7.38515
0 0 0 0 1 7.37771
0 0 0 0 1 7.4445
0 0 0 0 1 7.42609
0 0 0 0 1 7.41896
0 0 0 0 1 7.40819
0 0 0 0 1 7.35336
0 0 0 0 0 7.36143
0 0 0 0 1 7.31095
0 0 0 0 1 7.38474
0 0 0 0 0 7.34188
0 0 0 0 0 7.32853
0 0 0 0 0 7.36237
0 0 0 0 1 7.2579
0 0 0 0 1 7.24512
0 0 0 0 1 7.22116
0 0 0 0 1 7.27707
0 0 0 0 0 7.17787
0 0 0 0 0 7.20497
