0 0 0 0 1 5.17133
0 0 0 0 0 5.22424
0 0 0 0 1 5.20742
0 0 0 0 1 5.22932
0 0 0 0 1 5.25976
0 0 0 0 1 5.21381
0 0 0 0 1 5.20452
0 0 0 0 1 5.24584
0 0 0 0 1 5.23142
0 0 0 0 0 5.24338
0 0 0 0 1 5.30633
0 0 0 0 0 5.30087
0 0 0 0 0 5.2655
0 0 0 0 1 5.35208
0 0 0 0 1 5.3682
0 0 0 0 0 5.32759
0 0 0 0 0 5.29055
0 0 0 0 1 5.38866
0 0 0 0 1 5.34109
0 0 0 0 1 5.32182
0 0 0 0 1 5.33855
0 0 0 0 0 5.38385
0 0 0 0 1 5.39554
0 0 0 0 1 5.42357
0 0 0 0 1 5.46402
0 0 0 0 1 5.47211
0 0 0 0 0 5.48437
0 0 0 0 1 5.48589
0 0 0 0 0 5.42749
0 0 0 0 1 5.45766
0 0 0 0 1 5.53052
0 0 0 0 1 5.50501
0 0 0 0 0 5.45316
0 0 0 0 0 5.56085
0 0 0 0 1 5.53543
0 0 0 0 1 5.49337
0 0 0 0 1 5.6009
0 0 0 0 1 5.54887
0 0 0 0 1 5.6181
0 0 0 0 1 5.59843
0 0 0 0 1 5.56293
0 0 0 0 1 5.59358
0 0 0 0 1 5.56264
0 0 0 0 1 5.68368
0 0 0 0 1 5.62556
0 0 0 0 1 5.60594
0 0 0 0 1 5.61943
0 0 0 0 1 5.6632
0 0 0 0 1 5.70638
0 0 0 0 1 5.72695
0 0 0 0 0 5.69611
0 0 0 0 1 5.79794
0 0 0 0 1 5.70893
0 0 0 0 0 5.72988
0 0 0 0 1 5.7336
0 0 0 0 0 5.75546
0 0 0 0 1 5.86985
0 0 0 0 1 5.79179
0 0 0 0 1 5.79643
0 0 0 0 1 5.82397
0 0 0 0 1 5.91001
0 0 0 0 1 5.89136
0 0 0 0 1 5.86032
0 0 0 0 0 5.98884
0 0 0 0 1 5.96981
0 0 0 0 1 5.9089
0 0 0 0 1 5.92547
0 0 0 0 1 6.04385
0 0 0 0 0 6.04921
0 0 0 0 1 6.07811
0 0 0 0 1 6.02875
0 0 0 0 1 6.11278
0 0 0 0 0 6.14245
0 0 0 0 1 6.08032
0 0 0 0 1 6.09198
0 0 0 0 1 6.15849
0 0 0 0 1 6.18844
0 0 0 0 1 6.15089
0 0 0 0 1 6.20581
0 0 0 0 1 6.205
0 0 0 0 1 6.24191
0 0 0 0 1 6.22883
0 0 0 0 0 6.31619
0 0 0 0 1 6.36004
0 0 0 0 1 6.30263
0 0 0 0 0 6.34657
0 0 0 0 1 6.41644
0 0 0 0 0 6.42259
0 0 0 0 0 6.45449
0 0 0 0 1 6.49952
0 0 0 0 1 6.53185
0 0 0 0 1 6.56435
0 0 0 0 1 6.584
0 0 0 0 1 6.61685
0 0 0 0 1 6.59726
0 0 0 0 1 6.64346
0 0 0 0 1 6.66351
0 0 0 0 1 6.6636
0 0 0 0 1 6.68369
0 0 0 0 1 6.71056
0 0 0 0 1 6.68372
0 0 0 0 1 6.70387
0 0 0 0 1 6.75803
0 0 0 0 1 6.86703
0 0 0 0 1 6.88789
0 0 0 0 0 6.90195
0 0 0 0 1 6.9368
0 0 0 0 0 6.8678
0 0 0 0 1 6.89554
0 0 0 0 1 7.00723
0 0 0 0 1 7.08464
0 0 0 0 1 7.01469
0 0 0 0 0 7.02888
0 0 0 0 1 7.15687
0 0 0 0 1 7.12148
0 0 0 0 1 7.15744
0 0 0 0 1 7.13587
0 0 0 0 1 7.26604
0 0 0 0 1 7.34625
0 0 0 0 1 7.31747
0 0 0 0 1 7.38364
0 0 0 0 1 7.43554
0 0 0 0 1 7.44327
0 0 0 0 1 7.3987
0 0 0 0 1 7.52568
0 0 0 0 1 7.54082
0 0 0 0 1 7.62395
0 0 0 0 0 7.62407
0 0 0 0 1 7.62394
0 0 0 0 0 7.63893
0 0 0 0 1 7.66926
0 0 0 0 1 7.77713
0 0 0 0 1 7.86253
0 0 0 0 1 7.85437
0 0 0 0 1 7.9563
0 0 0 0 1 7.92414
0 0 0 0 1 8.04289
0 0 0 0 1 8.02622
0 0 0 0 1 8.02532
0 0 0 0 1 8.03197
0 0 0 0 1 8.20137
0 0 0 0 1 8.11846
0 0 0 0 1 8.23152
0 0 0 0 1 8.27973
0 0 0 0 0 8.30248
0 0 0 0 1 8.37574
0 0 0 0 1 8.36503
0 0 0 0 1 8.46375
0 0 0 0 1 8.57217
0 0 0 0 0 8.56108
0 0 0 0 1 8.7306
0 0 0 0 1 8.76287
0 0 0 0 1 8.66381
0 0 0 0 1 8.88789
0 0 0 0 0 8.91136
0 0 0 0 1 8.98761
0 0 0 0 1 9.03671
0 0 0 0 0 8.97782
0 0 0 0 1 9.03598
0 0 0 0 0 9.22265
0 0 0 0 1 9.14268
0 0 0 0 1 9.25697
0 0 0 0 1 9.37126
0 0 0 0 1 9.37424
0 0 0 0 0 9.45999
0 0 0 0 0 9.54716
0 0 0 0 1 9.62516
0 0 0 0 1 9.79079
0 0 0 0 1 9.67458
0 0 0 0 1 9.88936
0 0 0 0 1 9.81997
0 0 0 0 1 9.92722
0 0 0 0 1 10.0452
0 0 0 0 0 10.1336
0 0 0 0 1 10.2734
0 0 0 0 1 10.3732
0 0 0 0 1 10.4942
0 0 0 0 1 10.5202
0 0 0 0 1 10.5154
0 0 0 0 1 10.6673
0 0 0 0 1 10.6917
0 0 0 0 1 10.8106
0 0 0 0 1 11.0087
0 0 0 0 1 10.9202
0 0 0 0 1 11.0288
0 0 0 0 1 11.2275
0 0 0 0 0 11.2472
0 0 0 0 1 11.4711
0 0 0 0 1 11.4646
0 0 0 0 0 11.5492
0 0 0 0 1 11.7537
0 0 0 0 1 11.8956
0 0 0 0 1 11.9214
0 0 0 0 0 12.136
0 0 0 0 1 12.1821
0 0 0 0 1 12.4117
0 0 0 0 0 12.3792
0 0 0 0 0 12.611
0 0 0 0 1 12.753
0 0 0 0 1 12.8057
0 0 0 0 0 13.0088
0 0 0 0 1 13.0564
0 0 0 0 1 13.3272
0 0 0 0 0 13.4901
0 0 0 0 1 13.5859
0 0 0 0 1 13.6124
0 0 0 0 1 13.701
0 0 0 0 1 13.8722
0 0 0 0 1 14.1148
0 0 0 0 1 14.2114
0 0 0 0 1 14.5675
0 0 0 0 0 14.527
0 0 0 0 1 14.8175
0 0 0 0 1 14.9661
0 0 0 0 1 15.2607
0 0 0 0 1 15.5216
0 0 0 0 1 15.5655
0 0 0 0 0 15.7481
0 0 0 0 0 16.094
0 0 0 0 1 16.1834
0 0 0 0 0 16.5828
0 0 0 0 1 16.7058
0 0 0 0 1 16.8766
0 0 0 0 1 14.7438
0 0 0 0 1 14.519
0 0 0 0 1 14.6774
0 0 0 0 0 14.7016
0 0 0 0 1 14.6241
0 0 0 0 1 14.5351
0 0 0 0 1 14.4003
0 0 0 0 0 14.5445
0 0 0 0 0 14.3525
0 0 0 0 0 14.3929
0 0 0 0 1 14.3781
0 0 0 0 1 14.4358
0 0 0 0 0 14.4912
0 0 0 0 1 14.3738
0 0 0 0 0 14.4752
0 0 0 0 1 14.26
0 0 0 0 0 14.2589
0 0 0 0 1 14.3752
0 0 0 0 1 14.2884
0 0 0 0 1 14.4192
0 0 0 0 1 14.3925
0 0 0 0 1 14.321
0 0 0 0 1 14.152
0 0 0 0 1 14.3671
0 0 0 0 1 14.3129
0 0 0 0 1 14.3589
0 0 0 0 1 14.1342
0 0 0 0 1 14.179
0 0 0 0 1 14.3394
0 0 0 0 0 14.3009
0 0 0 0 1 14.3178
0 0 0 0 0 14.2569
0 0 0 0 0 14.851
0 0 0 0 0 15.1671
0 0 0 0 1 15.5899
0 0 0 0 1 16.0085
0 0 0 0 1 16.8192
0 0 0 0 1 17.3282
0 0 0 0 0 17.7137
0 0 0 0 0 40.379
0 0 0 0 1 42.4579
0 0 0 0 1 44.2197
0 0 0 0 0 45.43
0 0 0 0 1 47.6472
0 0 0 0 1 49.5682
0 0 0 0 0 41.9983
0 0 0 0 1 41.8547
0 0 0 0 1 41.9224
0 0 0 0 1 41.8228
0 0 0 0 1 42.1032
0 0 0 0 1 42.3006
0 0 0 0 1 41.7805
0 0 0 0 1 41.7685
0 0 0 0 1 42.0518
0 0 0 0 1 42.4208
0 0 0 0 0 42.2001
0 0 0 0 0 45.9359
0 0 0 0 0 4.98996
0 0 0 0 0 5.02503
0 0 0 0 0 5.02503
0 0 0 0 0 5.04006
0 0 0 0 0 35.5643
0 0 0 0 1 35.4548
0 0 0 0 1 35.4166
0 0 0 0 1 35.4846
0 0 0 0 1 35.2008
0 0 0 0 1 35.5878
0 0 0 0 1 35.1642
0 0 0 0 0 35.623
0 0 0 0 1 35.1303
0 0 0 0 1 35.5199
0 0 0 0 1 35.1342
0 0 0 0 1 35.3842
0 0 0 0 1 35.2114
0 0 0 0 0 4.98996
0 0 0 0 0 4.9599
0 0 0 0 0 4.99497
0 0 0 0 0 5.00499
0 0 0 0 0 5.05509
0 0 0 0 0 4.9599
0 0 0 0 0 4.9599
0 0 0 0 0 4.99998
0 0 0 0 0 4.98495
0 0 0 0 1 95.4369
0 0 0 0 0 89.3369
0 0 0 0 1 84.4793
0 0 0 0 0 81.6154
0 0 0 0 1 23.292
0 0 0 0 1 22.141
0 0 0 0 1 21.073
0 0 0 0 0 20.4242
0 0 0 0 1 20.1097
0 0 0 0 1 19.9582
0 0 0 0 1 19.9479
0 0 0 0 1 20.3412
0 0 0 0 1 20.1088
0 0 0 0 1 19.9787
0 0 0 0 1 20.0103
0 0 0 0 1 20.3858
0 0 0 0 1 20.0343
0 0 0 0 1 20.0671
0 0 0 0 1 20.2218
0 0 0 0 0 20.3973
0 0 0 0 0 20.1073
0 0 0 0 1 20.2026
0 0 0 0 1 20.4404
0 0 0 0 1 20.2525
0 0 0 0 1 20.3695
0 0 0 0 1 20.4649
0 0 0 0 1 20.1776
0 0 0 0 0 20.4386
0 0 0 0 1 20.4964
0 0 0 0 1 34.9652
0 0 0 0 1 34.3561
0 0 0 0 1 33.2358
0 0 0 0 0 32.6293
0 0 0 0 1 32.0425
0 0 0 0 1 31.694
0 0 0 0 1 31.024
0 0 0 0 1 30.6498
0 0 0 0 0 29.8708
0 0 0 0 1 29.0143
0 0 0 0 1 28.7339
0 0 0 0 1 28.4839
0 0 0 0 1 28.0229
0 0 0 0 0 27.4718
0 0 0 0 1 26.7726
0 0 0 0 1 26.1444
0 0 0 0 1 26.1493
0 0 0 0 1 25.3997
0 0 0 0 1 25.4016
0 0 0 0 0 24.8555
0 0 0 0 0 24.539
0 0 0 0 1 23.9564
0 0 0 0 1 23.7085
0 0 0 0 0 23.4679
0 0 0 0 1 23.2251
0 0 0 0 0 22.7032
0 0 0 0 1 22.6816
0 0 0 0 1 21.9531
0 0 0 0 1 21.7704
0 0 0 0 0 21.5299
0 0 0 0 1 21.2445
0 0 0 0 0 21.2239
0 0 0 0 1 20.5829
0 0 0 0 0 20.7305
0 0 0 0 0 20.3115
0 0 0 0 1 20.0667
0 0 0 0 1 19.7921
0 0 0 0 0 19.7537
0 0 0 0 1 19.3335
0 0 0 0 1 19.2051
0 0 0 0 1 18.8383
0 0 0 0 1 18.7652
0 0 0 0 1 18.3195
0 0 0 0 0 18.2821
0 0 0 0 0 18.0153
0 0 0 0 1 17.822
0 0 0 0 1 17.8164
0 0 0 0 0 17.6445
0 0 0 0 1 17.4342
0 0 0 0 1 17.0527
0 0 0 0 0 17.1532
0 0 0 0 1 16.9277
0 0 0 0 1 16.5547
0 0 0 0 1 16.442
0 0 0 0 0 16.2885
0 0 0 0 1 16.3303
0 0 0 0 1 15.9664
0 0 0 0 1 15.9665
0 0 0 0 1 15.6798
0 0 0 0 0 15.6936
0 0 0 0 0 15.4565
0 0 0 0 1 15.5009
0 0 0 0 1 15.2195
0 0 0 0 0 14.9739
0 0 0 0 1 14.9017
0 0 0 0 1 14.8166
0 0 0 0 1 14.7963
0 0 0 0 1 14.5171
0 0 0 0 1 14.6007
0 0 0 0 1 14.2752
0 0 0 0 1 14.419
0 0 0 0 1 14.1286
0 0 0 0 0 14.0939
0 0 0 0 1 13.9246
0 0 0 0 1 13.9781
0 0 0 0 1 13.8319
0 0 0 0 1 13.7498
0 0 0 0 0 13.4287
0 0 0 0 0 13.4963
0 0 0 0 0 13.4864
0 0 0 0 1 13.2189
0 0 0 0 0 13.2569
0 0 0 0 1 13.1756
0 0 0 0 1 12.9386
0 0 0 0 1 12.8328
0 0 0 0 0 12.8767
0 0 0 0 1 12.6564
0 0 0 0 1 12.5601
0 0 0 0 1 12.4767
0 0 0 0 1 12.568
0 0 0 0 1 12.2736
0 0 0 0 1 12.1872
0 0 0 0 1 12.1295
0 0 0 0 1 12.0557
0 0 0 0 1 11.9701
0 0 0 0 1 12.0887
0 0 0 0 1 11.8118
0 0 0 0 1 11.7864
0 0 0 0 1 11.6783
0 0 0 0 1 11.8165
0 0 0 0 1 11.6151
0 0 0 0 1 11.5161
0 0 0 0 0 11.5096
0 0 0 0 0 11.4831
0 0 0 0 1 11.2599
0 0 0 0 1 11.3245
0 0 0 0 0 11.2913
0 0 0 0 1 11.1385
0 0 0 0 0 11.1868
0 0 0 0 0 10.9579
0 0 0 0 1 10.8958
0 0 0 0 0 11.0385
0 0 0 0 1 10.9183
0 0 0 0 1 10.8592
0 0 0 0 0 10.8588
0 0 0 0 1 10.7009
0 0 0 0 1 10.6261
0 0 0 0 1 10.6153
0 0 0 0 1 10.6465
0 0 0 0 1 10.4565
0 0 0 0 1 10.4875
0 0 0 0 1 10.3204
0 0 0 0 1 10.3202
0 0 0 0 1 10.2137
0 0 0 0 1 10.3159
0 0 0 0 1 10.223
0 0 0 0 1 10.151
0 0 0 0 0 10.1978
0 0 0 0 1 10.1234
0 0 0 0 1 10.0921
0 0 0 0 0 9.90884
0 0 0 0 1 9.8261
0 0 0 0 0 9.89197
0 0 0 0 1 9.76048
0 0 0 0 1 9.87721
0 0 0 0 1 9.81476
0 0 0 0 1 9.73328
0 0 0 0 1 9.59441
0 0 0 0 1 9.55961
0 0 0 0 1 9.56591
0 0 0 0 1 9.43852
0 0 0 0 1 9.48293
0 0 0 0 1 9.42966
0 0 0 0 1 9.3228
0 0 0 0 1 9.46986
0 0 0 0 1 9.24209
0 0 0 0 1 9.32032
0 0 0 0 0 9.33554
0 0 0 0 1 9.13577
0 0 0 0 0 9.14883
0 0 0 0 1 9.24416
0 0 0 0 1 9.09483
0 0 0 0 1 9.01673
0 0 0 0 1 9.08402
0 0 0 0 1 8.95222
0 0 0 0 1 8.90221
0 0 0 0 1 8.96257
0 0 0 0 0 8.86817
0 0 0 0 1 8.94329
0 0 0 0 1 8.89381
0 0 0 0 1 8.84462
0 0 0 0 1 8.75175
0 0 0 0 1 8.77963
0 0 0 0 1 8.82111
0 0 0 0 1 8.67435
0 0 0 0 1 8.69598
0 0 0 0 1 8.58507
0 0 0 0 1 8.6956
0 0 0 0 1 8.55963
0 0 0 0 1 8.61552
0 0 0 0 1 8.54892
0 0 0 0 0 8.5534
0 0 0 0 1 8.50695
0 0 0 0 1 8.50047
0 0 0 0 0 8.41233
0 0 0 0 0 8.43977
0 0 0 0 1 8.34401
0 0 0 0 1 8.36311
0 0 0 0 1 8.30713
0 0 0 0 0 8.32064
0 0 0 0 0 8.34795
0 0 0 0 1 8.28698
0 0 0 0 1 8.2484
0 0 0 0 1 8.29214
0 0 0 0 1 8.25651
0 0 0 0 1 8.09599
0 0 0 0 1 8.08286
0 0 0 0 1 8.06982
0 0 0 0 1 8.07307
0 0 0 0 0 8.1172
0 0 0 0 1 8.08013
0 0 0 0 1 7.97895
0 0 0 0 1 7.96657
0 0 0 0 1 8.07433
0 0 0 0 1 8.03792
0 0 0 0 1 7.91713
0 0 0 0 1 7.95784
0 0 0 0 1 7.90629
0 0 0 0 1 7.83135
0 0 0 0 1 7.94602
0 0 0 0 1 7.93437
0 0 0 0 1 7.83655
0 0 0 0 0 7.7471
0 0 0 0 0 7.73621
0 0 0 0 1 7.77683
0 0 0 0 1 7.76603
0 0 0 0 0 7.74303
0 0 0 0 1 7.79125
0 0 0 0 1 7.64178
0 0 0 0 1 7.7132
0 0 0 0 1 7.69535
0 0 0 0 1 7.67768
0 0 0 0 0 7.69516
0 0 0 0 1 7.69299
0 0 0 0 1 7.57658
0 0 0 0 1 7.62475
0 0 0 0 1 7.66857
0 0 0 0 1 7.56077
0 0 0 0 1 7.63913
0 0 0 0 1 7.60746
0 0 0 0 1 7.54591
0 0 0 0 1 7.54135
0 0 0 0 1 7.57789
0 0 0 0 1 7.53953
0 0 0 0 0 7.42311
0 0 0 0 1 7.48239
0 0 0 0 1 7.51177
0 0 0 0 0 7.42234
0 0 0 0 1 7.49647
0 0 0 0 1 7.37783
0 0 0 0 0 7.3891
0 0 0 0 1 7.35252
0 0 0 0 1 7.33447
0 0 0 0 1 7.28711
0 0 0 0 1 7.33939
0 0 0 0 1 7.26696
0 0 0 0 0 7.36276
0 0 0 0 1 7.24682
0 0 0 0 1 7.30663
0 0 0 0 1 7.23116
0 0 0 0 1 7.26518
0 0 0 0 1 7.23786
0 0 0 0 0 7.22116
0 0 0 0 1 7.31331
0 0 0 0 0 7.19958
0 0 0 0 1 7.2122
