0 0 0 0 1 5.17133
0 0 0 0 0 5.22945
0 0 0 0 0 5.24916
0 0 0 0 1 5.18753
0 0 0 0 1 5.20219
0 0 0 0 1 5.27669
0 0 0 0 0 5.26223
0 0 0 0 1 5.30891
0 0 0 0 1 5.23669
0 0 0 0 1 5.30134
0 0 0 0 1 5.23769
0 0 0 0 1 5.33262
0 0 0 0 1 5.2602
0 0 0 0 0 5.29373
0 0 0 0 1 5.3363
0 0 0 0 1 5.27969
0 0 0 0 1 5.29588
0 0 0 0 1 5.29253
0 0 0 0 0 5.34644
0 0 0 0 1 5.38077
0 0 0 0 1 5.39763
0 0 0 0 1 5.35158
0 0 0 0 1 5.39554
0 0 0 0 1 5.38035
0 0 0 0 1 5.36123
0 0 0 0 1 5.46669
0 0 0 0 1 5.48437
0 0 0 0 1 5.48589
0 0 0 0 1 5.42749
0 0 0 0 1 5.46858
0 0 0 0 1 5.51957
0 0 0 0 1 5.45012
0 0 0 0 1 5.47515
0 0 0 0 1 5.54983
0 0 0 0 1 5.57407
0 0 0 0 1 5.57082
0 0 0 0 1 5.49554
0 0 0 0 1 5.60441
0 0 0 0 1 5.54015
0 0 0 0 1 5.56494
0 0 0 0 1 5.6412
0 0 0 0 1 5.62721
0 0 0 0 1 5.65254
0 0 0 0 1 5.57665
0 0 0 0 0 5.65942
0 0 0 0 1 5.6908
0 0 0 0 0 5.68755
0 0 0 0 1 5.69163
0 0 0 0 1 5.74628
0 0 0 0 1 5.65837
0 0 0 0 1 5.69611
0 0 0 0 1 5.68313
0 0 0 0 1 5.8011
0 0 0 0 1 5.74721
0 0 0 0 1 5.84364
0 0 0 0 1 5.76126
0 0 0 0 0 5.81167
0 0 0 0 1 5.83265
0 0 0 0 0 5.90756
0 0 0 0 0 5.92367
0 0 0 0 1 5.84526
0 0 0 0 1 5.92085
0 0 0 0 1 5.88989
0 0 0 0 0 5.91761
0 0 0 0 0 5.90433
0 0 0 0 0 5.98052
0 0 0 0 1 6.02722
0 0 0 0 1 6.06788
0 0 0 0 1 5.98902
0 0 0 0 0 6.08416
0 0 0 0 0 6.00451
0 0 0 0 1 6.09455
0 0 0 0 0 6.08151
0 0 0 0 1 6.09867
0 0 0 0 1 6.1594
0 0 0 0 0 6.09081
0 0 0 0 1 6.11432
0 0 0 0 1 6.18183
0 0 0 0 1 6.15611
0 0 0 0 1 6.22995
0 0 0 0 1 6.21063
0 0 0 0 1 6.2351
0 0 0 0 1 6.34138
0 0 0 0 0 6.27162
0 0 0 0 1 6.32799
0 0 0 0 1 6.3593
0 0 0 0 1 6.3909
0 0 0 0 1 6.43541
0 0 0 0 1 6.37083
0 0 0 0 1 6.44143
0 0 0 0 0 6.44113
0 0 0 0 1 6.46036
0 0 0 0 1 6.51875
0 0 0 0 1 6.51203
0 0 0 0 1 6.59069
0 0 0 0 1 6.60388
0 0 0 0 1 6.63698
0 0 0 0 0 6.5838
0 0 0 0 1 6.73043
0 0 0 0 1 6.71056
0 0 0 0 1 6.69718
0 0 0 0 1 6.70387
0 0 0 0 1 6.76481
0 0 0 0 0 6.79209
0 0 0 0 0 6.82633
0 0 0 0 1 6.90195
0 0 0 0 0 6.97131
0 0 0 0 1 6.85395
0 0 0 0 1 6.92337
0 0 0 0 1 6.93737
0 0 0 0 1 6.97241
0 0 0 0 1 7.12044
0 0 0 0 1 7.09258
0 0 0 0 0 7.08573
0 0 0 0 0 7.2072
0 0 0 0 1 7.18616
0 0 0 0 1 7.15028
0 0 0 0 1 7.26604
0 0 0 0 1 7.28079
0 0 0 0 1 7.38327
0 0 0 0 1 7.35428
0 0 0 0 1 7.34702
0 0 0 0 1 7.39138
0 0 0 0 1 7.46575
0 0 0 0 0 7.55563
0 0 0 0 0 7.54082
0 0 0 0 1 7.63152
0 0 0 0 1 7.66967
0 0 0 0 0 7.70797
0 0 0 0 0 7.66196
0 0 0 0 1 7.76184
0 0 0 0 1 7.83146
0 0 0 0 0 7.86253
0 0 0 0 1 7.81514
0 0 0 0 0 7.86956
0 0 0 0 1 7.95586
0 0 0 0 1 8.011
0 0 0 0 1 8.07433
0 0 0 0 1 7.97697
0 0 0 0 1 8.16976
0 0 0 0 1 8.13615
0 0 0 0 1 8.24954
0 0 0 0 1 8.20677
0 0 0 0 1 8.32117
0 0 0 0 1 8.33586
0 0 0 0 1 8.35896
0 0 0 0 1 8.40724
0 0 0 0 1 8.42126
0 0 0 0 1 8.55508
0 0 0 0 1 8.56968
0 0 0 0 1 8.61812
0 0 0 0 1 8.64975
0 0 0 0 1 8.67256
0 0 0 0 0 8.738
0 0 0 0 1 8.78722
0 0 0 0 1 9.00546
0 0 0 0 1 8.91982
0 0 0 0 1 8.96877
0 0 0 0 1 9.19994
0 0 0 0 1 9.24099
0 0 0 0 1 9.17962
0 0 0 0 1 9.38709
0 0 0 0 0 9.44616
0 0 0 0 0 9.51556
0 0 0 0 1 9.57396
0 0 0 0 1 9.58543
0 0 0 0 1 9.71187
0 0 0 0 0 9.78109
0 0 0 0 1 9.75276
0 0 0 0 1 9.76131
0 0 0 0 1 9.99851
0 0 0 0 1 9.93722
0 0 0 0 0 10.015
0 0 0 0 1 10.1945
0 0 0 0 1 10.1813
0 0 0 0 1 10.3732
0 0 0 0 1 10.328
0 0 0 0 1 10.5307
0 0 0 0 1 10.526
0 0 0 0 0 10.6141
0 0 0 0 1 10.8098
0 0 0 0 1 10.789
0 0 0 0 0 10.965
0 0 0 0 1 11.1186
0 0 0 0 1 11.1844
0 0 0 0 1 11.1602
0 0 0 0 0 11.3716
0 0 0 0 1 11.3684
0 0 0 0 1 11.407
0 0 0 0 1 11.5725
0 0 0 0 1 11.7772
0 0 0 0 1 11.7771
0 0 0 0 0 12.0768
0 0 0 0 1 12.0998
0 0 0 0 1 12.3041
0 0 0 0 0 12.3378
0 0 0 0 1 12.5659
0 0 0 0 1 12.4854
0 0 0 0 0 12.8037
0 0 0 0 0 12.7929
0 0 0 0 1 12.9958
0 0 0 0 1 13.148
0 0 0 0 1 13.142
0 0 0 0 1 13.2894
0 0 0 0 1 13.4912
0 0 0 0 1 13.6398
0 0 0 0 1 13.9778
0 0 0 0 1 14.0822
0 0 0 0 1 14.2422
0 0 0 0 1 14.3833
0 0 0 0 0 14.553
0 0 0 0 0 14.5857
0 0 0 0 1 14.8472
0 0 0 0 0 15.1316
0 0 0 0 0 15.3521
0 0 0 0 1 15.4444
0 0 0 0 0 15.6124
0 0 0 0 0 15.8906
0 0 0 0 1 16.0298
0 0 0 0 1 16.3461
0 0 0 0 1 16.5169
0 0 0 0 1 16.6222
0 0 0 0 0 16.9105
0 0 0 0 0 14.6706
0 0 0 0 1 14.5921
0 0 0 0 1 14.5168
0 0 0 0 1 14.4683
0 0 0 0 1 14.5804
0 0 0 0 0 14.6952
0 0 0 0 1 14.4148
0 0 0 0 0 14.588
0 0 0 0 1 14.425
0 0 0 0 1 14.3929
0 0 0 0 1 14.4939
0 0 0 0 1 14.3347
0 0 0 0 1 14.4623
0 0 0 0 1 14.3161
0 0 0 0 0 14.5472
0 0 0 0 1 14.26
0 0 0 0 1 14.5033
0 0 0 0 0 14.3895
0 0 0 0 1 14.4032
0 0 0 0 1 14.3619
0 0 0 0 0 14.2063
0 0 0 0 1 14.3926
0 0 0 0 1 14.1948
0 0 0 0 1 14.1957
0 0 0 0 1 14.1417
0 0 0 0 0 14.1735
0 0 0 0 1 14.234
0 0 0 0 0 14.3356
0 0 0 0 1 14.2114
0 0 0 0 1 14.3009
0 0 0 0 1 14.261
0 0 0 0 1 14.2282
0 0 0 0 1 14.7329
0 0 0 0 1 15.3343
0 0 0 0 1 15.5117
0 0 0 0 1 16.2829
0 0 0 0 1 16.7193
0 0 0 0 1 17.0529
0 0 0 0 0 17.7671
0 0 0 0 1 40.9076
0 0 0 0 0 41.7833
0 0 0 0 1 43.6943
0 0 0 0 1 45.3389
0 0 0 0 1 46.9835
0 0 0 0 0 49.3209
0 0 0 0 1 42.4635
0 0 0 0 1 42.0238
0 0 0 0 1 41.9647
0 0 0 0 1 42.4565
0 0 0 0 1 41.8499
0 0 0 0 1 41.8362
0 0 0 0 1 42.4557
0 0 0 0 1 42.3591
0 0 0 0 1 42.2627
0 0 0 0 1 42.2943
0 0 0 0 1 42.4531
0 0 0 0 1 45.6614
0 0 0 0 0 5.0601
0 0 0 0 0 5.03505
0 0 0 0 0 4.98495
0 0 0 0 0 4.9599
0 0 0 0 0 34.9292
0 0 0 0 1 35.3842
0 0 0 0 1 35.1343
0 0 0 0 1 35.3083
0 0 0 0 1 34.9539
0 0 0 0 0 35.0587
0 0 0 0 1 35.5874
0 0 0 0 0 34.9176
0 0 0 0 0 35.0597
0 0 0 0 1 35.5905
0 0 0 0 0 34.9931
0 0 0 0 1 34.9609
0 0 0 0 1 35.0703
0 0 0 0 0 5.05509
0 0 0 0 0 5.02503
0 0 0 0 0 5.00499
0 0 0 0 0 4.99998
0 0 0 0 0 4.97493
0 0 0 0 0 4.9599
0 0 0 0 0 4.97994
0 0 0 0 0 4.97994
0 0 0 0 0 5.03505
0 0 0 0 0 96.3922
0 0 0 0 1 89.2468
0 0 0 0 1 84.9913
0 0 0 0 1 80.8058
0 0 0 0 1 23.5014
0 0 0 0 1 22.0967
0 0 0 0 0 21.0095
0 0 0 0 1 20.3433
0 0 0 0 1 20.3311
0 0 0 0 1 20.3005
0 0 0 0 1 20.2703
0 0 0 0 1 20.0187
0 0 0 0 1 20.1895
0 0 0 0 1 20.2007
0 0 0 0 0 20.1718
0 0 0 0 1 20.2645
0 0 0 0 1 20.3375
0 0 0 0 1 20.3706
0 0 0 0 1 20.1408
0 0 0 0 1 20.053
0 0 0 0 1 20.4721
0 0 0 0 0 20.2634
0 0 0 0 1 20.2578
0 0 0 0 0 20.2525
0 0 0 0 1 20.3085
0 0 0 0 1 20.1394
0 0 0 0 0 20.2998
0 0 0 0 1 20.2552
0 0 0 0 1 20.1905
0 0 0 0 1 35.2796
0 0 0 0 1 33.8433
0 0 0 0 1 33.1689
0 0 0 0 1 33.0232
0 0 0 0 1 31.9138
0 0 0 0 1 31.284
0 0 0 0 1 31.055
0 0 0 0 1 30.4373
0 0 0 0 1 29.7516
0 0 0 0 1 29.5706
0 0 0 0 1 28.849
0 0 0 0 1 28.0035
0 0 0 0 1 27.6618
0 0 0 0 1 27.4991
0 0 0 0 1 26.692
0 0 0 0 1 26.5934
0 0 0 0 1 25.8374
0 0 0 0 0 25.3485
0 0 0 0 1 25.1494
0 0 0 0 1 24.9548
0 0 0 0 1 24.4411
0 0 0 0 1 24.0287
0 0 0 0 1 23.9461
0 0 0 0 0 23.585
0 0 0 0 1 22.9711
0 0 0 0 1 22.6805
0 0 0 0 1 22.5019
0 0 0 0 1 22.1967
0 0 0 0 1 21.9889
0 0 0 0 1 21.5946
0 0 0 0 1 21.2232
0 0 0 0 1 21.0133
0 0 0 0 1 20.9364
0 0 0 0 1 20.5866
0 0 0 0 1 20.2506
0 0 0 0 1 20.1268
0 0 0 0 0 19.6534
0 0 0 0 0 19.7537
0 0 0 0 1 19.469
0 0 0 0 1 19.2242
0 0 0 0 1 18.9518
0 0 0 0 0 18.6904
0 0 0 0 1 18.4305
0 0 0 0 1 18.4102
0 0 0 0 1 17.9429
0 0 0 0 1 17.9832
0 0 0 0 1 17.8341
0 0 0 0 0 17.6972
0 0 0 0 1 17.3472
0 0 0 0 1 17.1561
0 0 0 0 0 16.9486
0 0 0 0 1 16.8265
0 0 0 0 1 16.6216
0 0 0 0 1 16.591
0 0 0 0 1 16.2393
0 0 0 0 1 16.3466
0 0 0 0 1 16.079
0 0 0 0 1 15.9346
0 0 0 0 1 15.743
0 0 0 0 1 15.7875
0 0 0 0 1 15.5962
0 0 0 0 1 15.5009
0 0 0 0 1 15.1128
0 0 0 0 1 15.231
0 0 0 0 1 15.0216
0 0 0 0 1 14.772
0 0 0 0 1 14.8553
0 0 0 0 1 14.634
0 0 0 0 1 14.441
0 0 0 0 1 14.5055
0 0 0 0 1 14.2905
0 0 0 0 1 14.3128
0 0 0 0 1 14.122
0 0 0 0 0 14.0922
0 0 0 0 1 13.8257
0 0 0 0 0 13.7081
0 0 0 0 1 13.5859
0 0 0 0 0 13.4693
0 0 0 0 1 13.577
0 0 0 0 0 13.2461
0 0 0 0 1 13.2454
0 0 0 0 1 13.1779
0 0 0 0 0 13.1233
0 0 0 0 1 13.0684
0 0 0 0 1 12.8328
0 0 0 0 1 12.7615
0 0 0 0 1 12.7707
0 0 0 0 1 12.5222
0 0 0 0 1 12.4642
0 0 0 0 1 12.5804
0 0 0 0 1 12.3602
0 0 0 0 1 12.2609
0 0 0 0 0 12.1662
0 0 0 0 1 12.0922
0 0 0 0 1 12.1511
0 0 0 0 1 11.9208
0 0 0 0 1 11.8118
0 0 0 0 1 11.8101
0 0 0 0 1 11.7842
0 0 0 0 1 11.7931
0 0 0 0 1 11.6616
0 0 0 0 0 11.4929
0 0 0 0 1 11.567
0 0 0 0 1 11.5288
0 0 0 0 1 11.4076
0 0 0 0 0 11.3132
0 0 0 0 1 11.325
0 0 0 0 1 11.1831
0 0 0 0 1 11.1312
0 0 0 0 1 11.0131
0 0 0 0 1 10.9727
0 0 0 0 1 10.9948
0 0 0 0 1 10.8422
0 0 0 0 1 10.8484
0 0 0 0 1 10.6545
0 0 0 0 1 10.8187
0 0 0 0 0 10.6474
0 0 0 0 1 10.5941
0 0 0 0 1 10.5726
0 0 0 0 1 10.551
0 0 0 0 1 10.3518
0 0 0 0 1 10.4452
0 0 0 0 1 10.3822
0 0 0 0 1 10.2446
0 0 0 0 1 10.2134
0 0 0 0 1 10.1618
0 0 0 0 0 10.0901
0 0 0 0 1 10.0464
0 0 0 0 0 10.043
0 0 0 0 1 9.90208
0 0 0 0 0 9.98851
0 0 0 0 1 9.94509
0 0 0 0 1 9.78337
0 0 0 0 1 9.85877
0 0 0 0 1 9.83809
0 0 0 0 1 9.76607
0 0 0 0 0 9.63633
0 0 0 0 0 9.61371
0 0 0 0 1 9.55961
0 0 0 0 1 9.60422
0 0 0 0 0 9.51479
0 0 0 0 1 9.48293
0 0 0 0 0 9.39183
0 0 0 0 0 9.39813
0 0 0 0 0 9.38548
0 0 0 0 1 9.28877
0 0 0 0 1 9.32032
0 0 0 0 1 9.24292
0 0 0 0 1 9.23728
0 0 0 0 1 9.14883
0 0 0 0 1 9.21668
0 0 0 0 1 9.03098
0 0 0 0 1 9.06218
0 0 0 0 1 8.97534
0 0 0 0 1 8.99734
0 0 0 0 1 8.91121
0 0 0 0 1 8.94467
0 0 0 0 1 8.95739
0 0 0 0 0 8.94329
0 0 0 0 1 8.79637
0 0 0 0 1 8.8711
0 0 0 0 1 8.8397
0 0 0 0 1 8.79717
0 0 0 0 1 8.78618
0 0 0 0 0 8.65694
0 0 0 0 0 8.66994
0 0 0 0 1 8.63699
0 0 0 0 1 8.54909
0 0 0 0 1 8.67135
0 0 0 0 1 8.58126
0 0 0 0 1 8.62578
0 0 0 0 1 8.56191
0 0 0 0 1 8.46455
0 0 0 0 1 8.48355
0 0 0 0 1 8.40391
0 0 0 0 1 8.37252
0 0 0 0 1 8.46129
0 0 0 0 1 8.37982
0 0 0 0 0 8.38212
0 0 0 0 1 8.27912
0 0 0 0 0 8.22372
0 0 0 0 1 8.27873
0 0 0 0 1 8.26487
0 0 0 0 1 8.23467
0 0 0 0 1 8.22378
0 0 0 0 1 8.20209
0 0 0 0 1 8.13169
0 0 0 0 1 8.08605
0 0 0 0 1 8.07307
0 0 0 0 1 8.00401
0 0 0 0 1 8.04788
0 0 0 0 1 8.06743
0 0 0 0 1 8.00668
0 0 0 0 1 7.93029
0 0 0 0 1 7.96608
0 0 0 0 1 7.90122
0 0 0 0 1 7.95784
0 0 0 0 1 7.88252
0 0 0 0 1 7.92618
0 0 0 0 1 7.85931
0 0 0 0 1 7.93437
0 0 0 0 0 7.89931
0 0 0 0 1 7.88796
0 0 0 0 1 7.8455
0 0 0 0 1 7.73007
0 0 0 0 1 7.75049
0 0 0 0 1 7.72753
0 0 0 0 1 7.68293
0 0 0 0 1 7.78072
0 0 0 0 0 7.73631
0 0 0 0 1 7.75685
0 0 0 0 1 7.71603
0 0 0 0 1 7.64156
0 0 0 0 1 7.56311
0 0 0 0 1 7.59945
0 0 0 0 1 7.57149
0 0 0 0 1 7.61542
0 0 0 0 0 7.62138
0 0 0 0 1 7.49543
0 0 0 0 1 7.48671
0 0 0 0 1 7.45554
0 0 0 0 1 7.57894
0 0 0 0 1 7.46535
0 0 0 0 0 7.50958
0 0 0 0 0 7.44553
0 0 0 0 0 7.40033
0 0 0 0 1 7.42243
0 0 0 0 1 7.44465
0 0 0 0 0 7.48162
0 0 0 0 1 7.3482
0 0 0 0 1 7.37431
0 0 0 0 1 7.40419
0 0 0 0 1 7.40081
0 0 0 0 1 7.41961
0 0 0 0 0 7.30266
0 0 0 0 1 7.27429
0 0 0 0 1 7.28217
0 0 0 0 1 7.26876
0 0 0 0 1 7.29203
0 0 0 0 0 7.31864
0 0 0 0 1 7.2215
0 0 0 0 1 7.25966
0 0 0 0 1 7.19938
0 0 0 0 1 7.26257
0 0 0 0 1 7.22129
0 0 0 0 1 7.24111
