0 0 0 0 1 5.58063
0 0 0 0 1 5.52866
0 0 0 0 1 5.52674
0 0 0 0 1 5.58866
0 0 0 0 1 5.53679
0 0 0 0 0 5.56313
0 0 0 0 0 5.10034
0 0 0 0 0 5.01419
0 0 0 0 1 5.03728
0 0 0 0 0 4.96135
0 0 0 0 1 4.81248
0 0 0 0 1 4.78549
0 0 0 0 1 4.78156
0 0 0 0 1 4.70161
0 0 0 0 1 4.65017
0 0 0 0 0 4.64502
0 0 0 0 1 4.53863
0 0 0 0 0 4.51892
0 0 0 0 0 4.41858
0 0 0 0 1 4.43009
0 0 0 0 0 4.36179
0 0 0 0 1 4.32848
0 0 0 0 1 4.29925
0 0 0 0 0 4.2571
0 0 0 0 0 4.1699
0 0 0 0 1 4.11263
0 0 0 0 1 4.05495
0 0 0 0 1 4.07866
0 0 0 0 1 3.98982
0 0 0 0 0 4.01336
0 0 0 0 1 3.89685
0 0 0 0 1 3.88048
0 0 0 0 1 3.89739
0 0 0 0 1 3.83041
0 0 0 0 1 3.77551
0 0 0 0 1 3.76628
0 0 0 0 1 3.76784
0 0 0 0 1 3.73179
0 0 0 0 1 3.66809
0 0 0 0 1 3.64345
0 0 0 0 0 3.64565
0 0 0 0 0 3.5794
0 0 0 0 1 3.54055
0 0 0 0 1 3.49304
0 0 0 0 1 3.48434
0 0 0 0 0 3.44769
0 0 0 0 0 3.40603
0 0 0 0 1 3.39709
0 0 0 0 1 3.39472
0 0 0 0 1 3.3283
0 0 0 0 1 3.36452
0 0 0 0 1 3.34168
0 0 0 0 1 3.29586
0 0 0 0 1 3.29291
0 0 0 0 1 3.30795
0 0 0 0 1 3.28189
0 0 0 0 1 3.35007
0 0 0 0 1 3.31931
0 0 0 0 1 3.34127
0 0 0 0 1 3.33184
0 0 0 0 0 3.3358
0 0 0 0 1 3.34789
0 0 0 0 1 3.35532
0 0 0 0 1 3.40345
0 0 0 0 0 3.3581
0 0 0 0 1 3.41547
0 0 0 0 0 3.40399
0 0 0 0 1 3.42204
0 0 0 0 1 3.41271
0 0 0 0 1 3.41368
0 0 0 0 0 3.47115
0 0 0 0 1 3.46885
0 0 0 0 0 3.44915
0 0 0 0 1 3.48514
0 0 0 0 1 3.47935
0 0 0 0 1 3.54729
0 0 0 0 1 3.53814
0 0 0 0 1 3.56531
0 0 0 0 1 3.57743
0 0 0 0 1 3.51853
0 0 0 0 1 3.56515
0 0 0 0 1 3.54262
0 0 0 0 1 3.55478
0 0 0 0 1 3.57781
0 0 0 0 1 3.61905
0 0 0 0 0 3.61341
0 0 0 0 0 3.665
0 0 0 0 1 3.66307
0 0 0 0 1 3.66845
0 0 0 0 1 3.69964
0 0 0 0 1 3.67186
0 0 0 0 1 3.72178
0 0 0 0 1 3.76085
0 0 0 0 1 3.76654
0 0 0 0 1 3.72349
0 0 0 0 1 3.78922
0 0 0 0 1 3.79407
0 0 0 0 1 3.76566
0 0 0 0 1 3.77129
0 0 0 0 1 3.83719
0 0 0 0 0 3.87762
0 0 0 0 1 3.87202
0 0 0 0 1 3.87408
0 0 0 0 1 3.85669
0 0 0 0 1 3.86544
0 0 0 0 1 3.95356
0 0 0 0 1 3.94304
0 0 0 0 1 3.93327
0 0 0 0 1 3.99876
0 0 0 0 0 4.02799
0 0 0 0 1 4.01423
0 0 0 0 1 3.99131
0 0 0 0 1 4.01755
0 0 0 0 0 4.03077
0 0 0 0 1 4.06133
0 0 0 0 1 4.0788
0 0 0 0 1 4.09633
0 0 0 0 1 4.1356
0 0 0 0 1 4.13261
0 0 0 0 1 4.19721
0 0 0 0 1 4.20268
0 0 0 0 1 4.25019
0 0 0 0 0 4.25996
0 0 0 0 1 4.21545
0 0 0 0 1 4.26333
0 0 0 0 1 4.30727
0 0 0 0 1 4.35585
0 0 0 0 1 4.35706
0 0 0 0 1 4.37558
0 0 0 0 0 4.33395
0 0 0 0 1 4.36985
0 0 0 0 1 4.38705
0 0 0 0 0 4.47231
0 0 0 0 1 4.46427
0 0 0 0 1 4.49649
0 0 0 0 1 4.48816
0 0 0 0 1 4.5569
0 0 0 0 1 4.53475
0 0 0 0 1 4.63628
0 0 0 0 1 4.60936
0 0 0 0 1 4.60842
0 0 0 0 1 4.69281
0 0 0 0 1 4.71071
0 0 0 0 1 4.77731
0 0 0 0 1 4.79546
0 0 0 0 1 4.815
0 0 0 0 0 4.79451
0 0 0 0 1 4.85744
0 0 0 0 1 4.91443
0 0 0 0 1 4.89333
0 0 0 0 0 4.96219
0 0 0 0 1 4.91576
0 0 0 0 1 4.97834
0 0 0 0 1 5.00619
0 0 0 0 1 5.05113
0 0 0 0 0 5.07411
0 0 0 0 1 5.08997
0 0 0 0 1 5.11795
0 0 0 0 1 5.21353
0 0 0 0 1 5.2106
0 0 0 0 0 5.28101
0 0 0 0 1 5.2619
0 0 0 0 1 5.36269
0 0 0 0 1 5.32154
0 0 0 0 0 5.37994
0 0 0 0 1 5.48473
0 0 0 0 0 5.46185
0 0 0 0 1 5.50451
0 0 0 0 1 5.6223
0 0 0 0 1 5.57598
0 0 0 0 1 5.70379
0 0 0 0 1 5.73039
0 0 0 0 1 5.69363
0 0 0 0 1 5.81785
0 0 0 0 0 5.89389
0 0 0 0 1 5.91453
0 0 0 0 1 5.90528
0 0 0 0 0 5.93393
0 0 0 0 1 5.97165
0 0 0 0 1 6.13363
0 0 0 0 1 11.4432
0 0 0 0 1 11.4368
0 0 0 0 1 11.5571
0 0 0 0 1 11.6397
0 0 0 0 0 11.8438
0 0 0 0 1 11.999
0 0 0 0 1 11.9502
0 0 0 0 0 12.2794
0 0 0 0 1 12.2994
0 0 0 0 1 12.4914
0 0 0 0 1 12.5632
0 0 0 0 1 12.6908
0 0 0 0 0 12.66
0 0 0 0 0 12.9025
0 0 0 0 0 12.9525
0 0 0 0 0 13.0275
0 0 0 0 1 13.1373
0 0 0 0 1 13.3047
0 0 0 0 0 13.4552
0 0 0 0 1 13.7567
0 0 0 0 1 13.7947
0 0 0 0 0 13.8725
0 0 0 0 1 14.0903
0 0 0 0 1 14.1478
0 0 0 0 1 14.5642
0 0 0 0 0 14.5342
0 0 0 0 1 14.6277
0 0 0 0 1 14.8242
0 0 0 0 1 15.0066
0 0 0 0 1 15.4069
0 0 0 0 1 15.3393
0 0 0 0 1 15.5885
0 0 0 0 1 16.0074
0 0 0 0 0 15.9253
0 0 0 0 1 16.1804
0 0 0 0 1 16.4865
0 0 0 0 1 16.6121
0 0 0 0 0 16.7453
0 0 0 0 1 17.2548
0 0 0 0 0 17.2769
0 0 0 0 1 17.567
0 0 0 0 1 17.9754
0 0 0 0 1 17.946
0 0 0 0 1 18.5326
0 0 0 0 0 18.5429
0 0 0 0 1 19.0657
0 0 0 0 1 19.0111
0 0 0 0 1 19.5014
0 0 0 0 1 19.5922
0 0 0 0 0 20.1485
0 0 0 0 1 20.5086
0 0 0 0 1 20.941
0 0 0 0 1 21.0809
0 0 0 0 1 21.6964
0 0 0 0 1 21.6315
0 0 0 0 1 22.1813
0 0 0 0 1 22.8601
0 0 0 0 1 23.134
0 0 0 0 1 23.2915
0 0 0 0 0 23.8175
0 0 0 0 1 24.6495
0 0 0 0 0 24.8931
0 0 0 0 1 25.4616
0 0 0 0 1 26.0685
0 0 0 0 0 26.4601
0 0 0 0 1 26.9929
0 0 0 0 1 27.4325
0 0 0 0 1 28.2629
0 0 0 0 1 28.8904
0 0 0 0 1 30.0019
0 0 0 0 1 25.2083
0 0 0 0 0 25.291
0 0 0 0 0 25.1696
0 0 0 0 1 25.0758
0 0 0 0 0 25.337
0 0 0 0 1 25.3706
0 0 0 0 0 25.1265
0 0 0 0 1 25.2102
0 0 0 0 1 24.9927
0 0 0 0 1 25.2806
0 0 0 0 1 25.4173
0 0 0 0 1 25.2266
0 0 0 0 1 25.2382
0 0 0 0 1 25.225
0 0 0 0 0 25.2122
0 0 0 0 1 25.2503
0 0 0 0 1 25.3391
0 0 0 0 1 25.0011
0 0 0 0 1 25.5347
0 0 0 0 0 26.326
0 0 0 0 0 27.9476
0 0 0 0 0 29.3496
0 0 0 0 0 45.8455
0 0 0 0 0 45.4633
0 0 0 0 1 46.0911
0 0 0 0 0 45.4356
0 0 0 0 1 46.0648
0 0 0 0 1 45.5489
0 0 0 0 1 48.0081
0 0 0 0 0 5.02503
0 0 0 0 0 5.05509
0 0 0 0 0 5.02002
0 0 0 0 0 4.99497
0 0 0 0 0 4.98495
0 0 0 0 0 5.05509
0 0 0 0 0 4.98495
0 0 0 0 0 4.97994
0 0 0 0 0 4.97994
0 0 0 0 0 5.04006
0 0 0 0 0 5.02503
0 0 0 0 0 4.99998
0 0 0 0 0 5.04006
0 0 0 0 0 5.02002
0 0 0 0 0 5.04507
0 0 0 0 0 5.0601
0 0 0 0 0 5.05509
0 0 0 0 0 5.03505
0 0 0 0 0 5.00499
0 0 0 0 0 5.04006
0 0 0 0 0 5.00499
0 0 0 0 0 5.03505
0 0 0 0 0 5.01501
0 0 0 0 0 4.96992
0 0 0 0 0 5.04006
0 0 0 0 0 5.03004
0 0 0 0 0 4.99497
0 0 0 0 0 5.03505
0 0 0 0 0 98.9858
0 0 0 0 0 94.4487
0 0 0 0 0 89.1376
0 0 0 0 1 85.1918
0 0 0 0 0 80.7477
0 0 0 0 1 76.6146
0 0 0 0 1 74.549
0 0 0 0 1 71.1815
0 0 0 0 1 67.8652
0 0 0 0 0 64.8067
0 0 0 0 0 62.2864
0 0 0 0 1 61.1671
0 0 0 0 1 58.1291
0 0 0 0 1 56.7206
0 0 0 0 1 54.6757
0 0 0 0 1 52.8274
0 0 0 0 1 51.9033
0 0 0 0 1 49.7385
0 0 0 0 1 49.1111
0 0 0 0 0 46.9501
0 0 0 0 1 46.1454
0 0 0 0 1 44.5895
0 0 0 0 1 43.9755
0 0 0 0 1 42.3306
0 0 0 0 0 41.3642
0 0 0 0 1 40.7102
0 0 0 0 1 39.4961
0 0 0 0 1 38.9647
0 0 0 0 0 38.1727
0 0 0 0 1 37.1678
0 0 0 0 1 36.3561
0 0 0 0 1 35.8508
0 0 0 0 1 34.7228
0 0 0 0 1 34.4421
0 0 0 0 1 33.783
0 0 0 0 1 33.0127
0 0 0 0 0 32.3742
0 0 0 0 0 31.8423
0 0 0 0 1 30.9023
0 0 0 0 1 30.8517
0 0 0 0 1 30.1032
0 0 0 0 1 29.4507
0 0 0 0 1 29.1136
0 0 0 0 1 28.4676
0 0 0 0 1 28.1
0 0 0 0 1 27.906
0 0 0 0 0 27.4692
0 0 0 0 1 26.8547
0 0 0 0 1 26.4076
0 0 0 0 1 25.7802
0 0 0 0 1 25.7695
0 0 0 0 1 25.4803
0 0 0 0 1 24.8248
0 0 0 0 1 24.4488
0 0 0 0 1 24.19
0 0 0 0 0 23.9871
0 0 0 0 1 23.4507
0 0 0 0 0 23.0792
0 0 0 0 1 22.8113
0 0 0 0 1 22.9428
0 0 0 0 0 22.3425
0 0 0 0 1 22.1015
0 0 0 0 1 22.0167
0 0 0 0 0 21.545
0 0 0 0 1 21.1762
0 0 0 0 0 20.9769
0 0 0 0 1 20.7352
0 0 0 0 1 20.8242
0 0 0 0 0 20.2512
0 0 0 0 0 20.2422
0 0 0 0 1 20.0078
0 0 0 0 1 19.8636
0 0 0 0 1 19.5803
0 0 0 0 1 19.3092
0 0 0 0 0 19.068
0 0 0 0 1 18.9698
0 0 0 0 1 18.8699
0 0 0 0 0 18.6479
0 0 0 0 1 18.2525
0 0 0 0 1 18.0252
0 0 0 0 1 18.1055
0 0 0 0 1 17.9759
0 0 0 0 1 17.5636
0 0 0 0 1 17.4362
0 0 0 0 1 17.4993
0 0 0 0 1 17.1119
0 0 0 0 1 16.874
0 0 0 0 1 16.9418
0 0 0 0 0 16.6547
0 0 0 0 1 16.5285
0 0 0 0 0 16.4187
0 0 0 0 1 16.2272
0 0 0 0 0 16.1823
0 0 0 0 1 15.9295
0 0 0 0 0 15.7655
0 0 0 0 1 15.8772
0 0 0 0 1 15.6991
0 0 0 0 1 15.458
0 0 0 0 1 15.3354
0 0 0 0 1 15.2284
0 0 0 0 1 15.0544
0 0 0 0 1 15.0683
0 0 0 0 1 14.8866
0 0 0 0 1 14.8714
0 0 0 0 0 14.6556
0 0 0 0 1 14.4562
0 0 0 0 1 14.5274
0 0 0 0 1 14.467
0 0 0 0 1 14.2922
0 0 0 0 1 14.2461
0 0 0 0 1 13.9886
0 0 0 0 1 13.9515
0 0 0 0 1 13.739
0 0 0 0 1 13.6882
0 0 0 0 0 13.5604
0 0 0 0 1 13.6401
0 0 0 0 1 13.561
0 0 0 0 0 13.4553
0 0 0 0 0 13.2302
0 0 0 0 1 13.346
0 0 0 0 1 13.1047
0 0 0 0 1 13.0093
0 0 0 0 1 12.9922
0 0 0 0 0 12.8714
0 0 0 0 1 12.9005
0 0 0 0 1 12.7292
0 0 0 0 1 12.7366
0 0 0 0 1 12.5121
0 0 0 0 1 12.5193
0 0 0 0 1 12.3677
0 0 0 0 1 12.333
0 0 0 0 1 12.4006
0 0 0 0 1 12.2915
0 0 0 0 1 12.0495
0 0 0 0 1 11.9866
0 0 0 0 1 11.9239
0 0 0 0 1 11.8895
0 0 0 0 1 11.9816
0 0 0 0 0 11.7334
0 0 0 0 1 11.7655
0 0 0 0 1 11.7969
0 0 0 0 1 11.7461
0 0 0 0 0 11.6144
0 0 0 0 1 11.4952
0 0 0 0 1 11.5027
0 0 0 0 1 11.3162
0 0 0 0 1 11.2747
0 0 0 0 1 11.3686
0 0 0 0 1 11.1844
0 0 0 0 0 11.1544
0 0 0 0 1 11.039
0 0 0 0 1 10.9651
0 0 0 0 1 11.0456
0 0 0 0 1 10.9279
0 0 0 0 1 10.8547
0 0 0 0 1 10.912
0 0 0 0 0 10.9037
0 0 0 0 1 10.7126
0 0 0 0 1 10.5979
0 0 0 0 1 10.6543
0 0 0 0 1 10.5653
0 0 0 0 1 10.6632
0 0 0 0 1 10.5918
0 0 0 0 1 10.4267
0 0 0 0 1 10.4782
0 0 0 0 1 10.3458
0 0 0 0 0 10.4071
0 0 0 0 1 10.3753
0 0 0 0 1 10.2923
0 0 0 0 1 10.2099
0 0 0 0 1 10.1482
0 0 0 0 1 10.0971
0 0 0 0 1 10.1401
0 0 0 0 1 9.92869
0 0 0 0 0 10.0285
0 0 0 0 1 9.99799
0 0 0 0 1 9.83553
0 0 0 0 0 9.80582
0 0 0 0 1 9.81233
0 0 0 0 1 9.71411
0 0 0 0 1 9.80207
0 0 0 0 1 9.65585
0 0 0 0 1 9.73995
0 0 0 0 1 9.60452
0 0 0 0 0 9.67842
0 0 0 0 1 9.61752
0 0 0 0 0 9.56018
0 0 0 0 1 9.52856
0 0 0 0 1 9.5477
0 0 0 0 1 9.48789
0 0 0 0 1 9.40017
0 0 0 0 0 9.37254
0 0 0 0 1 9.40731
0 0 0 0 1 9.36725
0 0 0 0 1 9.24985
0 0 0 0 1 9.17671
0 0 0 0 1 9.24847
0 0 0 0 1 9.29214
0 0 0 0 1 9.20712
0 0 0 0 0 9.08608
0 0 0 0 1 9.02958
0 0 0 0 1 9.05518
0 0 0 0 1 9.01724
0 0 0 0 0 8.97954
0 0 0 0 1 8.92075
0 0 0 0 1 9.06304
0 0 0 0 1 8.91487
0 0 0 0 1 9.01179
0 0 0 0 1 8.85017
0 0 0 0 1 8.85804
0 0 0 0 1 8.75982
0 0 0 0 0 8.83513
0 0 0 0 1 8.72879
0 0 0 0 1 8.75458
0 0 0 0 1 8.67728
0 0 0 0 1 8.74677
0 0 0 0 1 8.77773
0 0 0 0 1 8.65581
0 0 0 0 1 8.64364
0 0 0 0 1 8.60051
0 0 0 0 1 8.63164
0 0 0 0 1 8.56315
0 0 0 0 1 8.53437
0 0 0 0 1 8.44958
0 0 0 0 1 8.5235
0 0 0 0 1 8.56315
0 0 0 0 0 8.43315
0 0 0 0 1 8.47293
0 0 0 0 1 8.45352
0 0 0 0 0 8.47153
0 0 0 0 1 8.37681
0 0 0 0 1 8.4417
0 0 0 0 1 8.38939
0 0 0 0 1 8.26233
0 0 0 0 1 8.26445
0 0 0 0 0 8.37075
0 0 0 0 0 8.31109
0 0 0 0 1 8.21492
0 0 0 0 0 8.23018
0 0 0 0 0 8.16317
0 0 0 0 0 8.15401
0 0 0 0 0 8.24329
0 0 0 0 1 8.11151
0 0 0 0 0 8.08644
0 0 0 0 1 8.16743
0 0 0 0 1 8.10191
0 0 0 0 0 8.15028
0 0 0 0 1 8.14999
0 0 0 0 1 8.03672
0 0 0 0 1 7.99656
0 0 0 0 0 7.96862
0 0 0 0 1 8.08958
0 0 0 0 1 7.96964
0 0 0 0 1 8.02632
0 0 0 0 0 8.05894
0 0 0 0 1 8.05548
0 0 0 0 1 7.88115
0 0 0 0 1 7.87446
0 0 0 0 0 7.92343
0 0 0 0 1 7.98818
0 0 0 0 1 7.92203
0 0 0 0 1 7.93944
0 0 0 0 0 7.84662
0 0 0 0 0 7.78911
0 0 0 0 0 7.87326
0 0 0 0 0 7.79698
0 0 0 0 1 7.84638
0 0 0 0 1 7.86449
0 0 0 0 1 7.77662
0 0 0 0 1 7.74047
0 0 0 0 1 7.82909
0 0 0 0 0 7.82745
0 0 0 0 0 7.68313
0 0 0 0 1 7.75938
