0 0 0 0 1 5.50851
0 0 0 0 1 5.57312
0 0 0 0 1 5.61022
0 0 0 0 1 5.56638
0 0 0 0 1 5.59819
0 0 0 0 1 5.57431
0 0 0 0 1 5.63908
0 0 0 0 1 5.58735
0 0 0 0 0 5.5603
0 0 0 0 1 5.67145
0 0 0 0 1 5.65923
0 0 0 0 1 5.5963
0 0 0 0 0 5.66535
0 0 0 0 1 5.64767
0 0 0 0 0 5.62436
0 0 0 0 1 5.62585
0 0 0 0 1 5.7334
0 0 0 0 1 5.6591
0 0 0 0 1 5.68738
0 0 0 0 1 5.70828
0 0 0 0 0 5.70822
0 0 0 0 1 5.71973
0 0 0 0 1 5.72562
0 0 0 0 1 5.70858
0 0 0 0 1 5.81452
0 0 0 0 1 5.78618
0 0 0 0 0 5.76939
0 0 0 0 1 5.81645
0 0 0 0 0 5.77072
0 0 0 0 1 5.8881
0 0 0 0 1 5.88337
0 0 0 0 1 5.89195
0 0 0 0 1 5.84785
0 0 0 0 1 5.88427
0 0 0 0 1 5.83853
0 0 0 0 1 5.86344
0 0 0 0 1 5.96537
0 0 0 0 0 5.90192
0 0 0 0 1 5.96296
0 0 0 0 1 5.94695
0 0 0 0 1 5.94882
0 0 0 0 1 6.0285
0 0 0 0 1 5.97204
0 0 0 0 1 6.02215
0 0 0 0 1 5.9582
0 0 0 0 1 6.05085
0 0 0 0 0 6.00367
0 0 0 0 1 6.11525
0 0 0 0 1 6.03889
0 0 0 0 1 6.07802
0 0 0 0 1 6.14183
0 0 0 0 0 6.12023
0 0 0 0 1 6.20194
0 0 0 0 1 6.18146
0 0 0 0 1 6.11051
0 0 0 0 1 6.18156
0 0 0 0 0 6.14133
0 0 0 0 1 6.28659
0 0 0 0 1 6.22149
0 0 0 0 1 6.19361
0 0 0 0 1 6.22112
0 0 0 0 1 6.25606
0 0 0 0 1 6.3543
0 0 0 0 1 6.28225
0 0 0 0 1 6.29863
0 0 0 0 1 6.35246
0 0 0 0 1 6.41384
0 0 0 0 1 6.34035
0 0 0 0 1 6.43419
0 0 0 0 1 6.41189
0 0 0 0 0 6.44836
0 0 0 0 0 6.52324
0 0 0 0 1 6.54074
0 0 0 0 1 6.49314
0 0 0 0 1 6.49758
0 0 0 0 1 6.61942
0 0 0 0 1 6.53802
0 0 0 0 0 6.65483
0 0 0 0 1 6.6459
0 0 0 0 1 6.69009
0 0 0 0 1 6.65448
0 0 0 0 1 6.69953
0 0 0 0 0 6.66428
0 0 0 0 1 6.80331
0 0 0 0 0 6.82163
0 0 0 0 1 6.80612
0 0 0 0 0 6.879
0 0 0 0 1 6.84299
0 0 0 0 1 6.90273
0 0 0 0 1 6.9422
0 0 0 0 1 6.96809
0 0 0 0 1 6.98759
0 0 0 0 1 7.02068
0 0 0 0 1 6.97014
0 0 0 0 1 7.03132
0 0 0 0 1 7.10696
0 0 0 0 0 7.02018
0 0 0 0 0 7.06079
0 0 0 0 1 7.17285
0 0 0 0 1 7.12124
0 0 0 0 0 7.24858
0 0 0 0 1 7.13186
0 0 0 0 0 7.2886
0 0 0 0 1 7.21444
0 0 0 0 1 7.34346
0 0 0 0 1 7.25401
0 0 0 0 1 7.31043
0 0 0 0 0 7.42716
0 0 0 0 0 7.43266
0 0 0 0 1 7.48277
0 0 0 0 1 7.45126
0 0 0 0 1 7.44146
0 0 0 0 1 7.49181
0 0 0 0 1 7.53488
0 0 0 0 0 7.66243
0 0 0 0 1 7.59921
0 0 0 0 0 7.70436
0 0 0 0 1 7.64809
0 0 0 0 1 7.72305
0 0 0 0 1 7.86871
0 0 0 0 1 7.80448
0 0 0 0 1 7.8413
0 0 0 0 1 7.97267
0 0 0 0 1 8.00226
0 0 0 0 1 7.98352
0 0 0 0 1 7.99694
0 0 0 0 1 8.01833
0 0 0 0 1 8.15318
0 0 0 0 1 8.19085
0 0 0 0 1 8.21276
0 0 0 0 1 8.20939
0 0 0 0 1 8.20564
0 0 0 0 0 8.37691
0 0 0 0 1 8.32325
0 0 0 0 1 8.37799
0 0 0 0 1 8.38225
0 0 0 0 1 8.57332
0 0 0 0 1 8.51813
0 0 0 0 1 8.52295
0 0 0 0 1 8.59584
0 0 0 0 1 8.62493
0 0 0 0 1 8.68973
0 0 0 0 1 8.76282
0 0 0 0 1 8.84685
0 0 0 0 0 8.83193
0 0 0 0 1 8.86105
0 0 0 0 1 9.03414
0 0 0 0 1 9.02761
0 0 0 0 1 9.02153
0 0 0 0 0 9.11473
0 0 0 0 1 9.28237
0 0 0 0 0 9.34944
0 0 0 0 1 9.28715
0 0 0 0 1 9.40924
0 0 0 0 1 9.55236
0 0 0 0 1 9.50516
0 0 0 0 1 9.55247
0 0 0 0 1 9.67825
0 0 0 0 0 9.81347
0 0 0 0 1 9.73459
0 0 0 0 1 9.86075
0 0 0 0 1 9.84065
0 0 0 0 1 9.93631
0 0 0 0 1 10.0341
0 0 0 0 1 10.0295
0 0 0 0 1 10.2909
0 0 0 0 1 10.3173
0 0 0 0 1 10.3742
0 0 0 0 1 10.4327
0 0 0 0 1 10.584
0 0 0 0 1 10.6518
0 0 0 0 1 10.7498
0 0 0 0 1 10.689
0 0 0 0 1 10.8624
0 0 0 0 1 10.9609
0 0 0 0 1 11.0511
0 0 0 0 1 10.9952
0 0 0 0 0 11.1918
0 0 0 0 0 11.215
0 0 0 0 0 11.3799
0 0 0 0 1 11.4203
0 0 0 0 1 11.587
0 0 0 0 0 11.7551
0 0 0 0 0 11.6515
0 0 0 0 0 11.8794
0 0 0 0 1 12.0708
0 0 0 0 0 12.0226
0 0 0 0 1 12.182
0 0 0 0 1 12.2379
0 0 0 0 1 12.3549
0 0 0 0 1 12.4381
0 0 0 0 1 12.6276
0 0 0 0 1 12.66
0 0 0 0 0 12.7738
0 0 0 0 1 12.9005
0 0 0 0 1 13.0669
0 0 0 0 1 13.2833
0 0 0 0 1 13.2779
0 0 0 0 1 13.6718
0 0 0 0 1 13.7841
0 0 0 0 1 13.6979
0 0 0 0 1 13.9144
0 0 0 0 0 14.0338
0 0 0 0 1 14.3191
0 0 0 0 0 14.3044
0 0 0 0 1 14.505
0 0 0 0 1 14.6129
0 0 0 0 1 14.7943
0 0 0 0 1 15.0217
0 0 0 0 1 15.3152
0 0 0 0 1 15.4939
0 0 0 0 0 15.5102
0 0 0 0 1 15.9281
0 0 0 0 1 16.1017
0 0 0 0 1 16.3916
0 0 0 0 1 16.3549
0 0 0 0 0 16.6121
0 0 0 0 1 16.779
0 0 0 0 1 17.1693
0 0 0 0 1 17.1728
0 0 0 0 1 17.6373
0 0 0 0 0 17.9219
0 0 0 0 0 17.9098
0 0 0 0 1 18.4225
0 0 0 0 1 18.7291
0 0 0 0 1 18.8578
0 0 0 0 0 18.9919
0 0 0 0 1 19.4625
0 0 0 0 1 19.6912
0 0 0 0 1 20.2692
0 0 0 0 1 20.3656
0 0 0 0 0 20.7332
0 0 0 0 1 21.2499
0 0 0 0 1 18.9985
0 0 0 0 1 18.7778
0 0 0 0 1 19.0582
0 0 0 0 0 18.6526
0 0 0 0 1 18.9985
0 0 0 0 1 18.8929
0 0 0 0 0 18.6124
0 0 0 0 0 18.6394
0 0 0 0 1 18.5191
0 0 0 0 1 18.7708
0 0 0 0 1 18.605
0 0 0 0 1 18.4654
0 0 0 0 1 18.775
0 0 0 0 0 18.5177
0 0 0 0 1 18.6952
0 0 0 0 1 18.3553
0 0 0 0 1 18.6813
0 0 0 0 1 18.3896
0 0 0 0 1 18.4955
0 0 0 0 1 18.4907
0 0 0 0 1 18.2634
0 0 0 0 1 18.3061
0 0 0 0 1 18.2104
0 0 0 0 1 18.446
0 0 0 0 1 18.8514
0 0 0 0 1 18.8824
0 0 0 0 1 19.5917
0 0 0 0 1 19.7592
0 0 0 0 1 20.3735
0 0 0 0 1 20.3778
0 0 0 0 1 20.8883
0 0 0 0 0 21.4019
0 0 0 0 1 22.16
0 0 0 0 1 22.3536
0 0 0 0 1 42.4235
0 0 0 0 1 42.6158
0 0 0 0 0 42.2614
0 0 0 0 0 42.0757
0 0 0 0 1 42.5241
0 0 0 0 1 41.7089
0 0 0 0 1 41.9051
0 0 0 0 0 42.1449
0 0 0 0 0 43.1164
0 0 0 0 1 86.1488
0 0 0 0 0 92.9505
0 0 0 0 0 4.97493
0 0 0 0 0 4.98996
0 0 0 0 0 5.0601
0 0 0 0 0 4.97994
0 0 0 0 0 5.04507
0 0 0 0 0 4.98495
0 0 0 0 1 38.4362
0 0 0 0 1 38.4321
0 0 0 0 1 38.1208
0 0 0 0 1 38.8113
0 0 0 0 0 38.617
0 0 0 0 1 38.1924
0 0 0 0 1 38.2305
0 0 0 0 0 38.6159
0 0 0 0 0 38.1935
0 0 0 0 1 38.3877
0 0 0 0 1 38.4673
0 0 0 0 1 38.8557
0 0 0 0 0 4.97994
0 0 0 0 0 5.05509
0 0 0 0 0 5.04006
0 0 0 0 0 5.03004
0 0 0 0 0 4.96992
0 0 0 0 0 4.99998
0 0 0 0 0 5.03505
0 0 0 0 0 5.02503
0 0 0 0 0 4.97994
0 0 0 0 0 5.01501
0 0 0 0 0 4.98996
0 0 0 0 1 100.582
0 0 0 0 1 95.0142
0 0 0 0 1 88.6017
0 0 0 0 1 84.513
0 0 0 0 1 81.6368
0 0 0 0 1 77.0776
0 0 0 0 1 73.5894
0 0 0 0 1 71.4645
0 0 0 0 1 68.2728
0 0 0 0 1 65.656
0 0 0 0 0 62.6009
0 0 0 0 1 60.0749
0 0 0 0 1 58.7151
0 0 0 0 1 57.1739
0 0 0 0 0 54.6757
0 0 0 0 1 52.9869
0 0 0 0 1 51.1817
0 0 0 0 1 49.8886
0 0 0 0 1 48.2845
0 0 0 0 1 47.2338
0 0 0 0 1 45.8694
0 0 0 0 0 44.8583
0 0 0 0 1 43.2768
0 0 0 0 1 42.4158
0 0 0 0 1 41.8215
0 0 0 0 1 40.9943
0 0 0 0 1 39.6943
0 0 0 0 1 38.8871
0 0 0 0 1 37.9831
0 0 0 0 1 37.4274
0 0 0 0 0 36.1019
0 0 0 0 1 35.4951
0 0 0 0 1 34.7228
0 0 0 0 0 34.2371
0 0 0 0 0 33.5819
0 0 0 0 1 32.7826
0 0 0 0 0 32.0837
0 0 0 0 1 31.9057
0 0 0 0 1 30.9646
0 0 0 0 1 30.3624
0 0 0 0 1 29.8929
0 0 0 0 0 29.7756
0 0 0 0 0 29.1427
0 0 0 0 1 28.5247
0 0 0 0 1 28.2688
0 0 0 0 1 27.906
0 0 0 0 1 27.0059
0 0 0 0 1 27.0962
0 0 0 0 0 26.6983
0 0 0 0 1 26.0666
0 0 0 0 0 25.8722
0 0 0 0 1 25.5309
0 0 0 0 1 24.9995
0 0 0 0 1 24.5472
0 0 0 0 1 24.093
0 0 0 0 0 24.1546
0 0 0 0 0 23.498
0 0 0 0 1 23.4289
0 0 0 0 1 22.8574
0 0 0 0 1 22.5567
0 0 0 0 0 22.4098
0 0 0 0 0 22.1237
0 0 0 0 1 21.6666
0 0 0 0 1 21.6531
0 0 0 0 1 21.5822
0 0 0 0 1 21.2093
0 0 0 0 1 20.9232
0 0 0 0 0 20.7829
0 0 0 0 1 20.537
0 0 0 0 1 20.2826
0 0 0 0 1 19.9279
0 0 0 0 1 19.7648
0 0 0 0 0 19.3654
0 0 0 0 1 19.2512
0 0 0 0 0 19.1828
0 0 0 0 1 18.7994
0 0 0 0 1 18.5514
0 0 0 0 1 18.5366
0 0 0 0 0 18.4178
0 0 0 0 1 18.2435
0 0 0 0 0 18.0695
0 0 0 0 1 17.8689
0 0 0 0 1 17.6519
0 0 0 0 1 17.5413
0 0 0 0 0 17.2392
0 0 0 0 0 17.026
0 0 0 0 1 17.1124
0 0 0 0 1 16.908
0 0 0 0 1 16.755
0 0 0 0 0 16.6777
0 0 0 0 0 16.5338
0 0 0 0 1 16.1458
0 0 0 0 1 16.0208
0 0 0 0 1 16.0897
0 0 0 0 1 15.7814
0 0 0 0 1 15.6567
0 0 0 0 0 15.4801
0 0 0 0 1 15.6285
0 0 0 0 1 15.5046
0 0 0 0 1 15.1368
0 0 0 0 0 15.1605
0 0 0 0 1 15.0082
0 0 0 0 1 14.9909
0 0 0 0 0 14.7679
0 0 0 0 1 14.5822
0 0 0 0 1 14.4562
0 0 0 0 1 14.4839
0 0 0 0 1 14.4383
0 0 0 0 1 14.2066
0 0 0 0 1 14.3028
0 0 0 0 1 14.1011
0 0 0 0 0 14.0632
0 0 0 0 1 13.947
0 0 0 0 1 13.6331
0 0 0 0 0 13.6287
0 0 0 0 1 13.6672
0 0 0 0 1 13.5475
0 0 0 0 1 13.4955
0 0 0 0 1 13.1902
0 0 0 0 0 13.2534
0 0 0 0 1 13.1573
0 0 0 0 1 13.1138
0 0 0 0 1 13.0701
0 0 0 0 1 12.8843
0 0 0 0 1 12.6953
0 0 0 0 1 12.8566
0 0 0 0 0 12.7112
0 0 0 0 1 12.7135
0 0 0 0 0 12.5568
0 0 0 0 0 12.3926
0 0 0 0 1 12.2835
0 0 0 0 1 12.1917
0 0 0 0 1 12.1571
0 0 0 0 1 12.1953
0 0 0 0 1 11.9866
0 0 0 0 1 12.0081
0 0 0 0 1 11.9731
0 0 0 0 1 11.8746
0 0 0 0 1 11.887
0 0 0 0 1 11.6363
0 0 0 0 1 11.7385
0 0 0 0 1 11.5368
0 0 0 0 0 11.545
0 0 0 0 1 11.4032
0 0 0 0 0 11.4684
0 0 0 0 0 11.4187
0 0 0 0 1 11.2181
0 0 0 0 1 11.3348
0 0 0 0 0 11.1508
0 0 0 0 1 11.266
0 0 0 0 1 11.0057
0 0 0 0 0 10.9983
0 0 0 0 0 11.0126
0 0 0 0 1 10.8951
0 0 0 0 0 10.9092
0 0 0 0 0 10.7601
0 0 0 0 1 10.839
0 0 0 0 1 10.7878
0 0 0 0 1 10.6193
0 0 0 0 1 10.7501
0 0 0 0 1 10.6608
0 0 0 0 1 10.6527
0 0 0 0 1 10.5183
0 0 0 0 1 10.5418
0 0 0 0 1 10.447
0 0 0 0 1 10.3976
0 0 0 0 0 10.2316
0 0 0 0 1 10.3136
0 0 0 0 1 10.1592
0 0 0 0 1 10.2915
0 0 0 0 1 10.2092
0 0 0 0 1 10.178
0 0 0 0 1 10.12
0 0 0 0 1 10.0892
0 0 0 0 1 10.0684
0 0 0 0 0 9.88856
0 0 0 0 1 9.89502
0 0 0 0 1 9.82557
0 0 0 0 1 9.88122
0 0 0 0 1 9.83174
0 0 0 0 0 9.79231
0 0 0 0 1 9.74336
0 0 0 0 0 9.73026
0 0 0 0 0 9.64313
0 0 0 0 0 9.53411
0 0 0 0 0 9.67505
0 0 0 0 0 9.64614
0 0 0 0 1 9.56663
0 0 0 0 1 9.40548
0 0 0 0 1 9.37449
0 0 0 0 1 9.36249
0 0 0 0 0 9.41945
0 0 0 0 1 9.3138
0 0 0 0 0 9.27405
0 0 0 0 1 9.3614
0 0 0 0 1 9.27857
0 0 0 0 1 9.26693
0 0 0 0 1 9.22774
0 0 0 0 0 9.14293
0 0 0 0 1 9.05866
0 0 0 0 1 9.13892
0 0 0 0 1 8.9916
0 0 0 0 1 9.10777
0 0 0 0 1 9.06978
0 0 0 0 1 9.06477
0 0 0 0 1 9.05406
0 0 0 0 1 8.87012
0 0 0 0 1 8.8601
0 0 0 0 1 8.81459
0 0 0 0 1 8.88464
0 0 0 0 1 8.90125
0 0 0 0 0 8.76459
0 0 0 0 1 8.83427
0 0 0 0 0 8.80716
0 0 0 0 1 8.70352
0 0 0 0 1 8.66828
0 0 0 0 1 8.64724
0 0 0 0 0 8.74255
0 0 0 0 1 8.67825
0 0 0 0 1 8.54013
0 0 0 0 1 8.51977
0 0 0 0 1 8.51167
0 0 0 0 1 8.48301
0 0 0 0 1 8.46665
0 0 0 0 1 8.49796
0 0 0 0 1 8.52067
0 0 0 0 1 8.56028
0 0 0 0 0 8.4391
0 0 0 0 1 8.41134
0 0 0 0 1 8.47153
0 0 0 0 1 8.31806
0 0 0 0 1 8.31608
0 0 0 0 1 8.2724
0 0 0 0 1 8.36238
0 0 0 0 1 8.30602
0 0 0 0 0 8.32097
0 0 0 0 0 8.20348
0 0 0 0 1 8.3141
0 0 0 0 1 8.21369
0 0 0 0 1 8.21255
0 0 0 0 1 8.12937
0 0 0 0 0 8.16135
0 0 0 0 1 8.15239
0 0 0 0 1 8.14356
0 0 0 0 1 8.11857
0 0 0 0 1 8.08565
0 0 0 0 1 8.06918
0 0 0 0 1 8.03668
0 0 0 0 1 8.15788
0 0 0 0 1 8.01268
0 0 0 0 1 8.1135
0 0 0 0 1 8.05744
0 0 0 0 1 8.02576
0 0 0 0 1 7.98631
0 0 0 0 1 7.97906
0 0 0 0 1 7.99167
0 0 0 0 1 8.04037
0 0 0 0 1 7.96187
0 0 0 0 1 7.90757
0 0 0 0 0 7.87734
0 0 0 0 1 7.95365
0 0 0 0 1 7.92365
0 0 0 0 1 7.80723
0 0 0 0 0 7.92286
0 0 0 0 1 7.88897
0 0 0 0 1 7.78129
0 0 0 0 0 7.86988
0 0 0 0 1 7.80195
0 0 0 0 0 7.87812
0 0 0 0 1 7.8496
0 0 0 0 1 7.76683
0 0 0 0 1 7.74972
0 0 0 0 0 7.72969
0 0 0 0 0 7.69736
