0 0 0 0 1 5.5307
0 0 0 0 1 5.57867
0 0 0 0 1 5.62136
0 0 0 0 1 5.59424
0 0 0 0 1 5.63726
0 0 0 0 1 5.5799
0 0 0 0 1 5.60552
0 0 0 0 1 5.64899
0 0 0 0 1 5.60518
0 0 0 0 1 5.59838
0 0 0 0 1 5.63671
0 0 0 0 1 5.61322
0 0 0 0 1 5.65406
0 0 0 0 1 5.68729
0 0 0 0 1 5.64704
0 0 0 0 1 5.62585
0 0 0 0 1 5.71065
0 0 0 0 0 5.642
0 0 0 0 1 5.71593
0 0 0 0 1 5.67971
0 0 0 0 1 5.7025
0 0 0 0 1 5.69678
0 0 0 0 1 5.71413
0 0 0 0 1 5.77771
0 0 0 0 1 5.73953
0 0 0 0 1 5.80352
0 0 0 0 1 5.77518
0 0 0 0 1 5.82806
0 0 0 0 1 5.7649
0 0 0 0 1 5.85895
0 0 0 0 1 5.79573
0 0 0 0 1 5.86854
0 0 0 0 1 5.84199
0 0 0 0 1 5.8138
0 0 0 0 1 5.83853
0 0 0 0 1 5.94602
0 0 0 0 1 5.90625
0 0 0 0 1 5.9434
0 0 0 0 1 5.99265
0 0 0 0 0 5.93504
0 0 0 0 1 6.00252
0 0 0 0 1 5.99261
0 0 0 0 1 6.01996
0 0 0 0 1 5.95611
0 0 0 0 1 6.0545
0 0 0 0 1 6.04482
0 0 0 0 1 6.1126
0 0 0 0 1 6.07278
0 0 0 0 1 6.13011
0 0 0 0 1 6.1146
0 0 0 0 1 6.13572
0 0 0 0 1 6.10797
0 0 0 0 0 6.11589
0 0 0 0 1 6.21225
0 0 0 0 1 6.11051
0 0 0 0 1 6.12587
0 0 0 0 0 6.20957
0 0 0 0 1 6.28659
0 0 0 0 1 6.30261
0 0 0 0 1 6.29997
0 0 0 0 1 6.27134
0 0 0 0 0 6.23718
0 0 0 0 1 6.2912
0 0 0 0 0 6.38347
0 0 0 0 1 6.31132
0 0 0 0 1 6.42885
0 0 0 0 1 6.38831
0 0 0 0 1 6.39158
0 0 0 0 1 6.44061
0 0 0 0 1 6.38611
0 0 0 0 1 6.40959
0 0 0 0 1 6.42598
0 0 0 0 1 6.52774
0 0 0 0 1 6.57789
0 0 0 0 1 6.60216
0 0 0 0 1 6.52101
0 0 0 0 1 6.55119
0 0 0 0 0 6.53599
0 0 0 0 1 6.57302
0 0 0 0 0 6.63024
0 0 0 0 0 6.70788
0 0 0 0 1 6.70623
0 0 0 0 1 6.67099
0 0 0 0 1 6.78984
0 0 0 0 1 6.7405
0 0 0 0 1 6.85362
0 0 0 0 1 6.77683
0 0 0 0 1 6.8635
0 0 0 0 1 6.82725
0 0 0 0 1 6.83889
0 0 0 0 1 6.84366
0 0 0 0 0 6.86281
0 0 0 0 1 7.02068
0 0 0 0 1 6.96315
0 0 0 0 0 6.9542
0 0 0 0 0 7.10696
0 0 0 0 1 7.00604
0 0 0 0 1 7.15304
0 0 0 0 1 7.1871
0 0 0 0 0 7.16414
0 0 0 0 1 7.11222
0 0 0 0 1 7.15347
0 0 0 0 0 7.18727
0 0 0 0 1 7.27982
0 0 0 0 1 7.29236
0 0 0 0 1 7.27599
0 0 0 0 1 7.32515
0 0 0 0 1 7.45669
0 0 0 0 0 7.44008
0 0 0 0 1 7.44551
0 0 0 0 0 7.42134
0 0 0 0 1 7.50911
0 0 0 0 1 7.56734
0 0 0 0 0 7.55765
0 0 0 0 1 7.54056
0 0 0 0 0 7.72931
0 0 0 0 1 7.74281
0 0 0 0 1 7.68672
0 0 0 0 1 7.69201
0 0 0 0 1 7.85312
0 0 0 0 1 7.81231
0 0 0 0 1 7.82557
0 0 0 0 1 7.98058
0 0 0 0 0 7.87511
0 0 0 0 0 8.00749
0 0 0 0 1 7.98891
0 0 0 0 1 7.99413
0 0 0 0 1 8.08834
0 0 0 0 0 8.17455
0 0 0 0 1 8.27008
0 0 0 0 1 8.16821
0 0 0 0 1 8.27188
0 0 0 0 1 8.29373
0 0 0 0 0 8.31489
0 0 0 0 1 8.4537
0 0 0 0 1 8.44992
0 0 0 0 1 8.42873
0 0 0 0 1 8.61221
0 0 0 0 1 8.61746
0 0 0 0 1 8.64768
0 0 0 0 1 8.6684
0 0 0 0 1 8.70721
0 0 0 0 0 8.81561
0 0 0 0 0 8.80266
0 0 0 0 1 8.92087
0 0 0 0 1 8.96846
0 0 0 0 1 9.09719
0 0 0 0 1 9.082
0 0 0 0 1 9.16733
0 0 0 0 1 9.1514
0 0 0 0 1 9.17165
0 0 0 0 1 9.36801
0 0 0 0 1 9.24048
0 0 0 0 1 9.37164
0 0 0 0 1 9.44833
0 0 0 0 1 9.57183
0 0 0 0 1 9.49493
0 0 0 0 0 9.72649
0 0 0 0 1 9.80375
0 0 0 0 1 9.75416
0 0 0 0 1 9.90015
0 0 0 0 1 9.92984
0 0 0 0 0 9.9463
0 0 0 0 0 10.1045
0 0 0 0 1 10.1612
0 0 0 0 1 10.2093
0 0 0 0 1 10.307
0 0 0 0 1 10.2913
0 0 0 0 0 10.4015
0 0 0 0 0 10.395
0 0 0 0 1 10.5143
0 0 0 0 1 10.5792
0 0 0 0 0 10.7642
0 0 0 0 1 10.8082
0 0 0 0 1 10.8081
0 0 0 0 1 10.9741
0 0 0 0 1 11.0063
0 0 0 0 1 11.2589
0 0 0 0 1 11.3163
0 0 0 0 0 11.2777
0 0 0 0 1 11.386
0 0 0 0 1 11.6217
0 0 0 0 1 11.5454
0 0 0 0 1 11.8396
0 0 0 0 1 11.7608
0 0 0 0 0 12.0469
0 0 0 0 0 11.9864
0 0 0 0 1 12.1455
0 0 0 0 0 12.2256
0 0 0 0 1 12.5286
0 0 0 0 1 12.4506
0 0 0 0 0 12.6528
0 0 0 0 1 12.864
0 0 0 0 1 12.8639
0 0 0 0 1 13.0826
0 0 0 0 1 13.2376
0 0 0 0 0 13.3231
0 0 0 0 1 13.3717
0 0 0 0 1 13.4552
0 0 0 0 1 13.7704
0 0 0 0 1 13.6979
0 0 0 0 1 13.8865
0 0 0 0 1 14.2173
0 0 0 0 1 14.3191
0 0 0 0 1 14.3188
0 0 0 0 0 14.7239
0 0 0 0 0 14.6129
0 0 0 0 0 14.8242
0 0 0 0 1 15.233
0 0 0 0 1 15.1471
0 0 0 0 1 15.3702
0 0 0 0 1 15.6668
0 0 0 0 1 15.7697
0 0 0 0 1 15.9413
0 0 0 0 1 16.4079
0 0 0 0 1 16.5688
0 0 0 0 0 16.712
0 0 0 0 0 16.9985
0 0 0 0 1 17.2891
0 0 0 0 1 17.4677
0 0 0 0 1 17.4263
0 0 0 0 1 17.6544
0 0 0 0 1 18.0364
0 0 0 0 1 18.2206
0 0 0 0 1 18.6546
0 0 0 0 0 19.0279
0 0 0 0 0 19.2989
0 0 0 0 1 19.3261
0 0 0 0 0 19.8495
0 0 0 0 1 20.229
0 0 0 0 1 20.529
0 0 0 0 1 20.6086
0 0 0 0 1 21.0175
0 0 0 0 0 21.2882
0 0 0 0 1 21.9811
0 0 0 0 0 22.2258
0 0 0 0 1 22.8375
0 0 0 0 0 22.9726
0 0 0 0 0 23.6911
0 0 0 0 1 23.9373
0 0 0 0 1 24.6495
0 0 0 0 1 24.8682
0 0 0 0 1 25.2327
0 0 0 0 1 26.0685
0 0 0 0 1 26.407
0 0 0 0 1 26.8574
0 0 0 0 1 27.5157
0 0 0 0 1 28.518
0 0 0 0 0 28.7744
0 0 0 0 0 29.6454
0 0 0 0 1 30.5649
0 0 0 0 1 31.0555
0 0 0 0 1 29.1853
0 0 0 0 1 28.9317
0 0 0 0 1 29.1143
0 0 0 0 1 29.0942
0 0 0 0 1 29.1906
0 0 0 0 1 29.1441
0 0 0 0 1 28.7202
0 0 0 0 1 29.1366
0 0 0 0 1 28.6566
0 0 0 0 1 28.6991
0 0 0 0 0 28.7697
0 0 0 0 0 28.9852
0 0 0 0 1 28.9713
0 0 0 0 1 28.9856
0 0 0 0 1 28.9429
0 0 0 0 1 28.8441
0 0 0 0 1 29.2207
0 0 0 0 1 31.127
0 0 0 0 1 32.6183
0 0 0 0 1 64.0849
0 0 0 0 1 67.7049
0 0 0 0 1 70.8886
0 0 0 0 1 76.0022
0 0 0 0 1 81.3891
0 0 0 0 1 44.1484
0 0 0 0 1 43.2062
0 0 0 0 1 42.4206
0 0 0 0 1 41.4247
0 0 0 0 1 20.6319
0 0 0 0 1 20.5871
0 0 0 0 1 20.6453
0 0 0 0 1 20.4575
0 0 0 0 1 20.4344
0 0 0 0 1 20.6376
0 0 0 0 1 20.5742
0 0 0 0 1 20.6344
0 0 0 0 1 20.4692
0 0 0 0 0 20.5713
0 0 0 0 1 20.5095
0 0 0 0 1 20.7355
0 0 0 0 1 20.3665
0 0 0 0 1 20.6755
0 0 0 0 1 20.5742
0 0 0 0 0 20.7403
0 0 0 0 1 20.6192
0 0 0 0 1 20.7245
0 0 0 0 1 20.4194
0 0 0 0 1 20.6282
0 0 0 0 0 20.6319
0 0 0 0 1 20.5123
0 0 0 0 0 5.00499
0 0 0 0 0 4.9599
0 0 0 0 0 5.0601
0 0 0 0 0 4.97994
0 0 0 0 0 5.04507
0 0 0 0 1 99.0855
0 0 0 0 0 95.2027
0 0 0 0 1 90.2094
0 0 0 0 1 85.2767
0 0 0 0 0 80.0203
0 0 0 0 1 77.6177
0 0 0 0 1 73.1466
0 0 0 0 1 70.8985
0 0 0 0 1 68.137
0 0 0 0 1 65.5253
0 0 0 0 1 63.0413
0 0 0 0 1 60.803
0 0 0 0 0 58.0119
0 0 0 0 0 56.8906
0 0 0 0 1 54.3466
0 0 0 0 1 53.3589
0 0 0 0 1 51.4394
0 0 0 0 1 50.1388
0 0 0 0 1 48.7221
0 0 0 0 1 47.3757
0 0 0 0 1 45.7313
0 0 0 0 1 44.5895
0 0 0 0 1 43.9318
0 0 0 0 1 42.5435
0 0 0 0 1 41.1564
0 0 0 0 1 40.1825
0 0 0 0 1 39.734
0 0 0 0 0 38.8484
0 0 0 0 1 37.6041
0 0 0 0 1 37.242
0 0 0 0 0 36.3924
0 0 0 0 1 35.8508
0 0 0 0 1 34.7925
0 0 0 0 1 34.4079
0 0 0 0 1 33.2803
0 0 0 0 1 33.21
0 0 0 0 1 32.471
0 0 0 0 1 31.367
0 0 0 0 1 31.338
0 0 0 0 1 30.7905
0 0 0 0 1 29.8628
0 0 0 0 1 29.6279
0 0 0 0 1 29.2589
0 0 0 0 1 28.6962
0 0 0 0 1 28.1
0 0 0 0 1 27.823
0 0 0 0 0 27.2239
0 0 0 0 1 26.8547
0 0 0 0 1 26.5662
0 0 0 0 0 26.0927
0 0 0 0 1 25.4359
0 0 0 0 1 25.2526
0 0 0 0 1 24.725
0 0 0 0 1 24.7194
0 0 0 0 1 24.2386
0 0 0 0 1 23.7477
0 0 0 0 1 23.7105
0 0 0 0 1 23.3823
0 0 0 0 1 23.1566
0 0 0 0 1 22.7838
0 0 0 0 1 22.5444
0 0 0 0 1 21.9907
0 0 0 0 1 22.0605
0 0 0 0 0 21.7396
0 0 0 0 0 21.5609
0 0 0 0 1 20.998
0 0 0 0 1 20.9858
0 0 0 0 0 20.7416
0 0 0 0 0 20.5166
0 0 0 0 0 20.2019
0 0 0 0 0 19.9479
0 0 0 0 1 19.7846
0 0 0 0 1 19.4045
0 0 0 0 1 19.1739
0 0 0 0 1 19.0298
0 0 0 0 1 19.0455
0 0 0 0 1 18.6263
0 0 0 0 1 18.4438
0 0 0 0 0 18.2892
0 0 0 0 1 18.0252
0 0 0 0 1 18.0695
0 0 0 0 1 17.7976
0 0 0 0 0 17.5106
0 0 0 0 1 17.6463
0 0 0 0 1 17.1872
0 0 0 0 1 17.2837
0 0 0 0 1 16.9251
0 0 0 0 1 16.8236
0 0 0 0 1 16.8721
0 0 0 0 1 16.628
0 0 0 0 1 16.5009
0 0 0 0 1 16.1458
0 0 0 0 1 16.0046
0 0 0 0 0 16.1699
0 0 0 0 1 15.8132
0 0 0 0 1 15.83
0 0 0 0 1 15.5583
0 0 0 0 1 15.458
0 0 0 0 1 15.3969
0 0 0 0 1 15.32
0 0 0 0 1 15.0393
0 0 0 0 1 14.8881
0 0 0 0 1 14.8568
0 0 0 0 1 14.6643
0 0 0 0 0 14.5381
0 0 0 0 1 14.427
0 0 0 0 1 14.5997
0 0 0 0 1 14.4239
0 0 0 0 1 14.2066
0 0 0 0 0 14.1895
0 0 0 0 1 14.1714
0 0 0 0 0 13.9934
0 0 0 0 1 13.8777
0 0 0 0 1 13.9086
0 0 0 0 1 13.5604
0 0 0 0 1 13.6537
0 0 0 0 1 13.615
0 0 0 0 0 13.4419
0 0 0 0 1 13.2568
0 0 0 0 1 13.3592
0 0 0 0 1 13.0784
0 0 0 0 1 12.931
0 0 0 0 1 12.8884
0 0 0 0 1 13.0261
0 0 0 0 0 12.785
0 0 0 0 1 12.6655
0 0 0 0 1 12.5846
0 0 0 0 1 12.6883
0 0 0 0 1 12.4318
0 0 0 0 1 12.4175
0 0 0 0 0 12.2835
0 0 0 0 1 12.2777
0 0 0 0 1 12.096
0 0 0 0 1 12.0252
0 0 0 0 1 11.9745
0 0 0 0 1 11.9359
0 0 0 0 1 12.0209
0 0 0 0 1 11.7676
0 0 0 0 0 11.7452
0 0 0 0 1 11.7655
0 0 0 0 0 11.6449
0 0 0 0 1 11.56
0 0 0 0 1 11.4872
0 0 0 0 1 11.5182
0 0 0 0 1 11.4112
0 0 0 0 1 11.339
0 0 0 0 1 11.4447
0 0 0 0 0 11.1882
0 0 0 0 0 11.2518
0 0 0 0 1 11.0762
0 0 0 0 0 11.1945
0 0 0 0 0 10.9872
0 0 0 0 1 11.0676
0 0 0 0 1 11.0593
0 0 0 0 1 10.9746
0 0 0 0 1 10.8686
0 0 0 0 1 10.7418
0 0 0 0 0 10.7556
0 0 0 0 0 10.769
0 0 0 0 1 10.6224
0 0 0 0 0 10.6714
0 0 0 0 0 10.4943
0 0 0 0 1 10.5498
0 0 0 0 0 10.4686
0 0 0 0 1 10.4887
0 0 0 0 1 10.2732
0 0 0 0 1 10.2523
0 0 0 0 1 10.221
0 0 0 0 1 10.2104
0 0 0 0 1 10.3017
0 0 0 0 0 10.1279
0 0 0 0 0 10.2185
0 0 0 0 1 10.1401
0 0 0 0 1 10.0992
0 0 0 0 1 10.0484
0 0 0 0 1 9.98804
0 0 0 0 0 10.014
0 0 0 0 1 9.86507
0 0 0 0 1 9.76312
0 0 0 0 1 9.79253
0 0 0 0 1 9.73373
0 0 0 0 1 9.73364
0 0 0 0 1 9.72057
0 0 0 0 1 9.67209
0 0 0 0 0 9.61107
0 0 0 0 1 9.51204
0 0 0 0 1 9.56973
0 0 0 0 1 9.58567
0 0 0 0 0 9.396
0 0 0 0 1 9.45954
0 0 0 0 1 9.47552
0 0 0 0 0 9.47574
0 0 0 0 1 9.44472
0 0 0 0 0 9.41386
0 0 0 0 1 9.31492
0 0 0 0 1 9.24153
0 0 0 0 1 9.30385
0 0 0 0 1 9.12653
0 0 0 0 1 9.08791
0 0 0 0 1 9.10436
0 0 0 0 0 9.13892
0 0 0 0 0 9.17325
0 0 0 0 1 8.99008
0 0 0 0 1 9.11491
0 0 0 0 1 8.94775
0 0 0 0 0 8.95536
0 0 0 0 1 8.99543
0 0 0 0 1 8.83334
0 0 0 0 1 8.86795
0 0 0 0 1 8.94671
0 0 0 0 0 8.90125
0 0 0 0 0 8.86158
0 0 0 0 0 8.79911
0 0 0 0 1 8.69324
0 0 0 0 0 8.83473
0 0 0 0 1 8.76421
0 0 0 0 1 8.73423
0 0 0 0 1 8.62979
0 0 0 0 1 8.73881
0 0 0 0 1 8.68677
0 0 0 0 1 8.67467
0 0 0 0 1 8.50309
0 0 0 0 1 8.47445
0 0 0 0 1 8.58614
0 0 0 0 1 8.48944
0 0 0 0 1 8.44422
0 0 0 0 1 8.54333
0 0 0 0 1 8.40528
0 0 0 0 1 8.44508
0 0 0 0 0 8.3874
0 0 0 0 1 8.42717
0 0 0 0 0 8.4417
0 0 0 0 1 8.42281
0 0 0 0 1 8.32903
0 0 0 0 1 8.26445
0 0 0 0 1 8.32097
0 0 0 0 1 8.25315
0 0 0 0 1 8.18186
0 0 0 0 1 8.1807
0 0 0 0 0 8.14671
0 0 0 0 1 8.24433
0 0 0 0 1 8.26787
0 0 0 0 1 8.09516
0 0 0 0 1 8.15172
0 0 0 0 1 8.2
0 0 0 0 1 8.11816
0 0 0 0 0 8.05296
0 0 0 0 0 8.02859
0 0 0 0 1 8.09326
0 0 0 0 1 7.9885
0 0 0 0 1 8.09741
0 0 0 0 1 8.04941
0 0 0 0 1 7.9536
0 0 0 0 1 7.97831
0 0 0 0 0 7.9551
0 0 0 0 1 7.96774
0 0 0 0 1 7.92892
0 0 0 0 1 7.93803
0 0 0 0 1 7.99481
0 0 0 0 1 7.98818
0 0 0 0 1 7.86668
0 0 0 0 1 7.91576
0 0 0 0 1 7.93328
0 0 0 0 1 7.94647
0 0 0 0 1 7.87326
0 0 0 0 0 7.85973
0 0 0 0 1 7.75241
0 0 0 0 1 7.79413
0 0 0 0 1 7.8625
0 0 0 0 1 7.77165
0 0 0 0 1 7.77461
0 0 0 0 0 7.7575
0 0 0 0 1 7.7685
0 0 0 0 0 7.71287
