0 0 0 0 1 5.5196
0 0 0 0 0 5.53422
0 0 0 0 1 5.52117
0 0 0 0 1 5.5608
0 0 0 0 1 5.60377
0 0 0 0 0 5.55194
0 0 0 0 1 5.53838
0 0 0 0 1 5.61537
0 0 0 0 1 5.59396
0 0 0 0 1 5.58152
0 0 0 0 1 5.59166
0 0 0 0 1 5.61886
0 0 0 0 1 5.69924
0 0 0 0 1 5.65333
0 0 0 0 1 5.68673
0 0 0 0 1 5.63153
0 0 0 0 1 5.70496
0 0 0 0 1 5.6534
0 0 0 0 1 5.65883
0 0 0 0 1 5.68542
0 0 0 0 1 5.73685
0 0 0 0 1 5.72547
0 0 0 0 1 5.73137
0 0 0 0 1 5.78923
0 0 0 0 1 5.80298
0 0 0 0 1 5.73994
0 0 0 0 0 5.84469
0 0 0 0 0 5.79904
0 0 0 0 1 5.80562
0 0 0 0 1 5.78899
0 0 0 0 1 5.8191
0 0 0 0 1 5.88025
0 0 0 0 1 5.90058
0 0 0 0 1 5.83142
0 0 0 0 1 5.94447
0 0 0 0 0 5.90473
0 0 0 0 1 5.94173
0 0 0 0 1 5.9434
0 0 0 0 1 5.92138
0 0 0 0 1 5.94695
0 0 0 0 0 6.00252
0 0 0 0 0 5.96869
0 0 0 0 0 5.96605
0 0 0 0 1 5.97412
0 0 0 0 0 5.9582
0 0 0 0 1 5.99052
0 0 0 0 1 5.99156
0 0 0 0 0 6.03031
0 0 0 0 1 6.02064
0 0 0 0 1 6.1207
0 0 0 0 1 6.08072
0 0 0 0 0 6.06509
0 0 0 0 0 6.18965
0 0 0 0 1 6.19993
0 0 0 0 1 6.2031
0 0 0 0 1 6.24962
0 0 0 0 1 6.15374
0 0 0 0 1 6.27414
0 0 0 0 1 6.22773
0 0 0 0 1 6.31873
0 0 0 0 1 6.26506
0 0 0 0 1 6.35676
0 0 0 0 0 6.37323
0 0 0 0 1 6.36449
0 0 0 0 1 6.38744
0 0 0 0 0 6.3461
0 0 0 0 1 6.33087
0 0 0 0 1 6.41079
0 0 0 0 1 6.35713
0 0 0 0 1 6.48277
0 0 0 0 1 6.46775
0 0 0 0 1 6.46488
0 0 0 0 1 6.48873
0 0 0 0 1 6.53878
0 0 0 0 0 6.54987
0 0 0 0 1 6.50133
0 0 0 0 1 6.64995
0 0 0 0 1 6.62842
0 0 0 0 1 6.58627
0 0 0 0 1 6.60364
0 0 0 0 1 6.64781
0 0 0 0 1 6.68615
0 0 0 0 1 6.65757
0 0 0 0 1 6.72248
0 0 0 0 0 6.82163
0 0 0 0 1 6.73148
0 0 0 0 1 6.85175
0 0 0 0 0 6.82932
0 0 0 0 0 6.87528
0 0 0 0 1 6.81823
0 0 0 0 0 6.94735
0 0 0 0 0 6.86975
0 0 0 0 1 6.97893
0 0 0 0 0 6.9422
0 0 0 0 1 6.9542
0 0 0 0 1 7.02956
0 0 0 0 1 7.10502
0 0 0 0 1 7.13175
0 0 0 0 1 7.14436
0 0 0 0 1 7.09979
0 0 0 0 0 7.15528
0 0 0 0 1 7.16788
0 0 0 0 1 7.20898
0 0 0 0 0 7.28709
0 0 0 0 1 7.26316
0 0 0 0 1 7.35659
0 0 0 0 1 7.4135
0 0 0 0 0 7.43454
0 0 0 0 1 7.45491
0 0 0 0 0 7.46041
0 0 0 0 1 7.48867
0 0 0 0 1 7.50911
0 0 0 0 1 7.62775
0 0 0 0 1 7.51971
0 0 0 0 1 7.56341
0 0 0 0 1 7.69869
0 0 0 0 1 7.69667
0 0 0 0 1 7.79488
0 0 0 0 0 7.78515
0 0 0 0 1 7.77513
0 0 0 0 1 7.76534
0 0 0 0 1 7.83343
0 0 0 0 1 7.85403
0 0 0 0 0 7.93074
0 0 0 0 1 7.97552
0 0 0 0 0 7.95679
0 0 0 0 1 8.04253
0 0 0 0 1 8.16938
0 0 0 0 1 8.19085
0 0 0 0 1 8.26189
0 0 0 0 1 8.21762
0 0 0 0 1 8.23876
0 0 0 0 1 8.28541
0 0 0 0 1 8.39017
0 0 0 0 1 8.33594
0 0 0 0 1 8.49221
0 0 0 0 1 8.53079
0 0 0 0 1 8.60365
0 0 0 0 0 8.63464
0 0 0 0 1 8.72543
0 0 0 0 1 8.68579
0 0 0 0 1 8.80337
0 0 0 0 1 8.77162
0 0 0 0 1 8.77615
0 0 0 0 1 8.97424
0 0 0 0 1 8.87
0 0 0 0 1 8.97109
0 0 0 0 1 9.07293
0 0 0 0 1 9.08532
0 0 0 0 1 9.26144
0 0 0 0 1 9.15319
0 0 0 0 0 9.2566
0 0 0 0 1 9.25915
0 0 0 0 0 9.37164
0 0 0 0 1 9.39158
0 0 0 0 1 9.48611
0 0 0 0 1 9.61961
0 0 0 0 1 9.7072
0 0 0 0 1 9.73574
0 0 0 0 1 9.71502
0 0 0 0 1 9.76224
0 0 0 0 1 9.8902
0 0 0 0 1 9.89636
0 0 0 0 0 10.024
0 0 0 0 1 10.1511
0 0 0 0 0 10.1073
0 0 0 0 1 10.2659
0 0 0 0 1 10.3224
0 0 0 0 1 10.5265
0 0 0 0 1 10.416
0 0 0 0 1 10.5249
0 0 0 0 1 10.7285
0 0 0 0 1 10.689
0 0 0 0 1 10.7866
0 0 0 0 1 10.9282
0 0 0 0 1 10.9301
0 0 0 0 0 11.0063
0 0 0 0 1 11.1136
0 0 0 0 1 11.3388
0 0 0 0 1 11.3459
0 0 0 0 1 11.3974
0 0 0 0 1 11.5755
0 0 0 0 1 11.6619
0 0 0 0 1 11.7338
0 0 0 0 1 11.7489
0 0 0 0 1 12.011
0 0 0 0 1 11.9985
0 0 0 0 0 12.2064
0 0 0 0 1 12.3854
0 0 0 0 1 12.4914
0 0 0 0 1 12.4506
0 0 0 0 1 12.6908
0 0 0 0 0 12.813
0 0 0 0 1 12.7609
0 0 0 0 1 12.9005
0 0 0 0 0 13.2245
0 0 0 0 1 13.3098
0 0 0 0 1 13.5057
0 0 0 0 1 13.5906
0 0 0 0 1 13.7567
0 0 0 0 0 13.8914
0 0 0 0 1 13.9982
0 0 0 0 1 14.2032
0 0 0 0 1 14.3619
0 0 0 0 1 14.5065
0 0 0 0 1 14.651
0 0 0 0 1 14.9081
0 0 0 0 0 14.7943
0 0 0 0 0 15.082
0 0 0 0 1 15.4375
0 0 0 0 1 15.4785
0 0 0 0 1 15.5259
0 0 0 0 0 15.8172
0 0 0 0 1 16.1498
0 0 0 0 1 14.8361
0 0 0 0 1 14.7543
0 0 0 0 1 14.6877
0 0 0 0 0 14.7279
0 0 0 0 0 14.6914
0 0 0 0 1 14.8022
0 0 0 0 1 14.6488
0 0 0 0 1 14.7042
0 0 0 0 1 14.7128
0 0 0 0 1 14.6485
0 0 0 0 1 14.6459
0 0 0 0 1 14.4657
0 0 0 0 1 14.461
0 0 0 0 1 14.4156
0 0 0 0 1 14.5713
0 0 0 0 1 14.6252
0 0 0 0 1 14.5515
0 0 0 0 1 14.4901
0 0 0 0 0 14.3303
0 0 0 0 1 14.5178
0 0 0 0 1 14.5006
0 0 0 0 1 14.4405
0 0 0 0 0 14.4407
0 0 0 0 1 14.4844
0 0 0 0 1 14.3965
0 0 0 0 1 14.3257
0 0 0 0 0 14.4395
0 0 0 0 1 14.2403
0 0 0 0 0 14.2829
0 0 0 0 0 14.3564
0 0 0 0 1 14.3014
0 0 0 0 1 14.4166
0 0 0 0 0 14.6795
0 0 0 0 1 15.0505
0 0 0 0 1 15.4949
0 0 0 0 1 15.9477
0 0 0 0 1 16.3267
0 0 0 0 1 16.675
0 0 0 0 1 17.1426
0 0 0 0 1 17.4387
0 0 0 0 1 33.6178
0 0 0 0 0 34.4671
0 0 0 0 1 35.6561
0 0 0 0 1 36.4733
0 0 0 0 1 37.7143
0 0 0 0 1 38.9634
0 0 0 0 1 40.173
0 0 0 0 1 42.1886
0 0 0 0 0 43.4605
0 0 0 0 1 44.6574
0 0 0 0 1 46.8874
0 0 0 0 1 48.122
0 0 0 0 1 50.4158
0 0 0 0 1 43.7637
0 0 0 0 1 43.4828
0 0 0 0 1 44.1204
0 0 0 0 1 26.7937
0 0 0 0 1 26.2877
0 0 0 0 0 25.7809
0 0 0 0 0 24.8678
0 0 0 0 1 24.7706
0 0 0 0 1 24.2616
0 0 0 0 1 23.705
0 0 0 0 0 23.0658
0 0 0 0 1 22.9254
0 0 0 0 0 23.1113
0 0 0 0 1 23.1958
0 0 0 0 0 22.9685
0 0 0 0 0 23.0178
0 0 0 0 0 23.196
0 0 0 0 1 23.1309
0 0 0 0 0 23.0429
0 0 0 0 1 23.1766
0 0 0 0 1 23.2051
0 0 0 0 1 23.0252
0 0 0 0 1 23.1141
0 0 0 0 1 23.3763
0 0 0 0 1 23.0573
0 0 0 0 1 23.4141
0 0 0 0 1 23.5521
0 0 0 0 0 23.3268
0 0 0 0 1 23.5928
0 0 0 0 1 23.2739
0 0 0 0 0 5.04507
0 0 0 0 0 5.02503
0 0 0 0 0 5.03505
0 0 0 0 0 4.98495
0 0 0 0 0 4.97994
0 0 0 0 0 5.03505
0 0 0 0 0 5.01501
0 0 0 0 0 4.99998
0 0 0 0 0 4.98495
0 0 0 0 0 4.98996
0 0 0 0 1 100.483
0 0 0 0 1 94.5429
0 0 0 0 1 89.0483
0 0 0 0 1 84.4282
0 0 0 0 1 80.2627
0 0 0 0 0 76.5375
0 0 0 0 0 73.4418
0 0 0 0 1 70.3324
0 0 0 0 1 67.3218
0 0 0 0 1 65.5253
0 0 0 0 1 62.4751
0 0 0 0 1 60.5603
0 0 0 0 0 58.3635
0 0 0 0 1 56.3806
0 0 0 0 1 54.566
0 0 0 0 1 53.1994
0 0 0 0 1 51.6972
0 0 0 0 1 50.1388
0 0 0 0 1 49.0625
0 0 0 0 0 47.1393
0 0 0 0 1 45.8694
0 0 0 0 0 44.6343
0 0 0 0 0 43.9755
0 0 0 0 0 43.012
0 0 0 0 1 41.78
0 0 0 0 1 40.9537
0 0 0 0 1 39.5754
0 0 0 0 1 39.081
0 0 0 0 1 38.2485
0 0 0 0 1 36.7968
0 0 0 0 1 35.9566
0 0 0 0 0 35.3173
0 0 0 0 1 34.5136
0 0 0 0 0 34.4762
0 0 0 0 1 33.6154
0 0 0 0 1 33.0785
0 0 0 0 1 32.5356
0 0 0 0 1 31.6522
0 0 0 0 1 31.0579
0 0 0 0 1 30.6376
0 0 0 0 1 30.1032
0 0 0 0 1 29.5984
0 0 0 0 1 28.8521
0 0 0 0 0 28.3818
0 0 0 0 0 28.4094
0 0 0 0 1 27.6569
0 0 0 0 0 27.4692
0 0 0 0 1 26.9889
0 0 0 0 1 26.1697
0 0 0 0 0 26.1187
0 0 0 0 1 25.5129
0 0 0 0 1 25.1261
0 0 0 0 1 24.8248
0 0 0 0 1 24.5472
0 0 0 0 1 24.3356
0 0 0 0 1 23.8674
0 0 0 0 1 23.805
0 0 0 0 0 23.289
0 0 0 0 1 23.1106
0 0 0 0 1 22.7384
0 0 0 0 1 22.3874
0 0 0 0 1 22.3011
0 0 0 0 0 21.9511
0 0 0 0 1 21.5882
0 0 0 0 1 21.3258
0 0 0 0 1 21.0403
0 0 0 0 1 20.6935
0 0 0 0 1 20.5972
0 0 0 0 1 20.5574
0 0 0 0 1 20.2422
0 0 0 0 1 20.0477
0 0 0 0 0 19.6858
0 0 0 0 0 19.5608
0 0 0 0 1 19.1739
0 0 0 0 1 19.3167
0 0 0 0 1 19.0266
0 0 0 0 1 18.8887
0 0 0 0 0 18.4809
0 0 0 0 1 18.5463
0 0 0 0 1 18.3344
0 0 0 0 1 17.8353
0 0 0 0 0 17.6549
0 0 0 0 1 17.5459
0 0 0 0 0 17.4187
0 0 0 0 1 17.43
0 0 0 0 1 17.2837
0 0 0 0 1 16.9251
0 0 0 0 1 16.9249
0 0 0 0 0 16.7049
0 0 0 0 0 16.5617
0 0 0 0 1 16.5173
0 0 0 0 1 16.1947
0 0 0 0 1 15.9885
0 0 0 0 1 15.8654
0 0 0 0 0 15.7496
0 0 0 0 1 15.7197
0 0 0 0 1 15.7772
0 0 0 0 0 15.5665
0 0 0 0 1 15.52
0 0 0 0 1 15.1216
0 0 0 0 0 15.0242
0 0 0 0 1 14.9782
0 0 0 0 1 14.9313
0 0 0 0 1 14.6495
0 0 0 0 1 14.7437
0 0 0 0 1 14.5291
0 0 0 0 0 14.3682
0 0 0 0 0 14.4957
0 0 0 0 1 14.3492
0 0 0 0 1 14.3028
0 0 0 0 1 13.9886
0 0 0 0 1 13.8817
0 0 0 0 1 13.7252
0 0 0 0 1 13.8397
0 0 0 0 1 13.7381
0 0 0 0 1 13.6672
0 0 0 0 1 13.4261
0 0 0 0 0 13.281
0 0 0 0 0 13.2967
0 0 0 0 1 13.3328
0 0 0 0 1 13.1836
0 0 0 0 1 13.0093
0 0 0 0 1 12.9273
0 0 0 0 1 12.8714
0 0 0 0 0 12.8107
0 0 0 0 0 12.7292
0 0 0 0 1 12.6479
0 0 0 0 1 12.6631
0 0 0 0 0 12.5568
0 0 0 0 1 12.3304
0 0 0 0 1 12.2711
0 0 0 0 0 12.3146
0 0 0 0 1 12.096
0 0 0 0 1 12.0738
0 0 0 0 0 11.9745
0 0 0 0 1 12.0922
0 0 0 0 1 12.0448
0 0 0 0 1 11.8627
0 0 0 0 0 11.9106
0 0 0 0 1 11.695
0 0 0 0 1 11.7151
0 0 0 0 1 11.5949
0 0 0 0 1 11.626
0 0 0 0 1 11.4147
0 0 0 0 1 11.5371
0 0 0 0 1 11.3162
0 0 0 0 0 11.354
0 0 0 0 0 11.1656
0 0 0 0 1 11.2405
0 0 0 0 1 11.2549
0 0 0 0 1 11.139
0 0 0 0 1 11.0867
0 0 0 0 1 11.0126
0 0 0 0 0 10.9717
0 0 0 0 1 10.8329
0 0 0 0 1 10.9445
0 0 0 0 0 10.6986
0 0 0 0 0 10.8416
0 0 0 0 1 10.6407
0 0 0 0 1 10.6224
0 0 0 0 1 10.5229
0 0 0 0 1 10.5471
0 0 0 0 1 10.5498
0 0 0 0 1 10.3849
0 0 0 0 0 10.4887
0 0 0 0 0 10.3562
0 0 0 0 1 10.2213
0 0 0 0 1 10.1902
0 0 0 0 1 10.1489
0 0 0 0 1 10.1181
0 0 0 0 1 10.1787
0 0 0 0 1 10.1578
0 0 0 0 1 9.99915
0 0 0 0 1 10.039
0 0 0 0 1 9.99851
0 0 0 0 0 10.0278
0 0 0 0 1 9.8851
0 0 0 0 1 9.92432
0 0 0 0 1 9.89106
0 0 0 0 1 9.72391
0 0 0 0 1 9.84112
0 0 0 0 1 9.71419
0 0 0 0 1 9.67211
0 0 0 0 1 9.67209
0 0 0 0 1 9.65917
0 0 0 0 1 9.55999
0 0 0 0 0 9.54108
0 0 0 0 1 9.5476
0 0 0 0 0 9.49082
0 0 0 0 1 9.35559
0 0 0 0 1 9.33424
0 0 0 0 1 9.37254
0 0 0 0 1 9.38861
0 0 0 0 1 9.30201
0 0 0 0 1 9.33351
0 0 0 0 1 9.31561
0 0 0 0 0 9.23924
0 0 0 0 1 9.27374
0 0 0 0 1 9.08791
0 0 0 0 1 9.23233
0 0 0 0 1 9.02047
0 0 0 0 1 9.05518
0 0 0 0 1 8.96292
0 0 0 0 1 9.04271
0 0 0 0 1 8.93875
0 0 0 0 1 9.05406
0 0 0 0 1 9.00438
0 0 0 0 1 8.93148
0 0 0 0 1 8.97469
0 0 0 0 1 8.81371
0 0 0 0 1 8.85706
0 0 0 0 1 8.83513
0 0 0 0 1 8.86064
0 0 0 0 0 8.71953
0 0 0 0 1 8.76475
0 0 0 0 1 8.77293
0 0 0 0 1 8.61244
0 0 0 0 1 8.62979
0 0 0 0 1 8.62633
0 0 0 0 1 8.55738
0 0 0 0 0 8.65746
0 0 0 0 1 8.59747
0 0 0 0 1 8.50869
0 0 0 0 0 8.54346
0 0 0 0 1 8.44687
0 0 0 0 1 8.4782
0 0 0 0 0 8.49248
0 0 0 0 1 8.4983
0 0 0 0 1 8.44508
0 0 0 0 1 8.32851
0 0 0 0 1 8.46914
0 0 0 0 1 8.29096
0 0 0 0 1 8.29747
0 0 0 0 0 8.25399
0 0 0 0 0 8.38085
0 0 0 0 1 8.32097
0 0 0 0 1 8.24487
0 0 0 0 1 8.23971
0 0 0 0 1 8.23018
0 0 0 0 0 8.24546
0 0 0 0 0 8.26075
0 0 0 0 1 8.27607
0 0 0 0 1 8.19328
0 0 0 0 0 8.15172
0 0 0 0 0 8.10229
0 0 0 0 0 8.07753
0 0 0 0 1 8.17461
0 0 0 0 1 8.12571
0 0 0 0 1 8.12557
0 0 0 0 0 7.99656
0 0 0 0 0 7.99277
0 0 0 0 1 8.04138
0 0 0 0 1 7.94558
0 0 0 0 0 8.01832
0 0 0 0 0 8.05095
0 0 0 0 0 7.95977
0 0 0 0 1 7.9528
0 0 0 0 0 7.97776
0 0 0 0 1 7.8917
0 0 0 0 1 7.85359
0 0 0 0 1 7.82715
0 0 0 0 0 7.8763
0 0 0 0 1 7.84662
0 0 0 0 1 7.915
0 0 0 0 1 7.88897
0 0 0 0 1 7.7656
0 0 0 0 1 7.87771
0 0 0 0 1 7.77068
0 0 0 0 0 7.83908
0 0 0 0 1 7.71708
0 0 0 0 1 7.77461
0 0 0 0 0 7.85077
0 0 0 0 1 7.69865
0 0 0 0 0 7.82139
