0 0 0 0 1 5.58063
0 0 0 0 1 5.50088
0 0 0 0 1 5.55457
0 0 0 0 0 5.58309
0 0 0 0 1 5.59261
0 0 0 0 1 5.55194
0 0 0 0 1 5.59992
0 0 0 0 1 5.6602
0 0 0 0 1 5.63324
0 0 0 0 1 5.6321
0 0 0 0 1 5.58039
0 0 0 0 1 5.65271
0 0 0 0 1 5.61452
0 0 0 0 1 5.71558
0 0 0 0 1 5.63003
0 0 0 0 1 5.67127
0 0 0 0 1 5.70496
0 0 0 0 1 5.642
0 0 0 0 1 5.76161
0 0 0 0 1 5.73113
0 0 0 0 1 5.77693
0 0 0 0 0 5.67957
0 0 0 0 1 5.76586
0 0 0 0 1 5.79499
0 0 0 0 1 5.81452
0 0 0 0 1 5.73415
0 0 0 0 1 5.78097
0 0 0 0 1 5.83387
0 0 0 0 1 5.84635
0 0 0 0 1 5.87061
0 0 0 0 1 5.85416
0 0 0 0 1 5.84514
0 0 0 0 0 5.80683
0 0 0 0 1 5.91364
0 0 0 0 1 5.92093
0 0 0 0 1 5.85164
0 0 0 0 1 5.93581
0 0 0 0 1 5.97895
0 0 0 0 1 5.98671
0 0 0 0 1 5.92313
0 0 0 0 1 5.97268
0 0 0 0 0 5.95075
0 0 0 0 1 5.94808
0 0 0 0 1 6.04017
0 0 0 0 1 6.01237
0 0 0 0 1 6.03879
0 0 0 0 1 6.00972
0 0 0 0 1 6.06065
0 0 0 0 1 6.06321
0 0 0 0 1 6.06583
0 0 0 0 0 6.14794
0 0 0 0 1 6.16311
0 0 0 0 1 6.18965
0 0 0 0 1 6.10142
0 0 0 0 1 6.11051
0 0 0 0 1 6.15062
0 0 0 0 1 6.15374
0 0 0 0 1 6.24302
0 0 0 0 0 6.29637
0 0 0 0 0 6.26869
0 0 0 0 1 6.2274
0 0 0 0 1 6.28753
0 0 0 0 1 6.29751
0 0 0 0 0 6.3202
0 0 0 0 0 6.36841
0 0 0 0 0 6.30791
0 0 0 0 0 6.41384
0 0 0 0 1 6.4172
0 0 0 0 1 6.43419
0 0 0 0 1 6.46344
0 0 0 0 1 6.45482
0 0 0 0 1 6.44543
0 0 0 0 1 6.52774
0 0 0 0 0 6.53878
0 0 0 0 0 6.49104
0 0 0 0 1 6.51445
0 0 0 0 0 6.61703
0 0 0 0 1 6.5624
0 0 0 0 1 6.63928
0 0 0 0 1 6.61029
0 0 0 0 1 6.64113
0 0 0 0 1 6.66607
0 0 0 0 1 6.76495
0 0 0 0 1 6.68206
0 0 0 0 0 6.74726
0 0 0 0 1 6.77219
0 0 0 0 1 6.79046
0 0 0 0 1 6.82932
0 0 0 0 1 6.87528
0 0 0 0 0 6.85267
0 0 0 0 1 6.90587
0 0 0 0 0 6.86975
0 0 0 0 1 6.96501
0 0 0 0 1 6.9422
0 0 0 0 0 7.05936
0 0 0 0 1 7.09289
0 0 0 0 1 7.13329
0 0 0 0 1 7.13884
0 0 0 0 1 7.05888
0 0 0 0 1 7.15699
0 0 0 0 0 7.21987
0 0 0 0 1 7.18229
0 0 0 0 1 7.16556
0 0 0 0 1 7.23623
0 0 0 0 1 7.23396
0 0 0 0 0 7.37857
0 0 0 0 0 7.43558
0 0 0 0 0 7.31641
0 0 0 0 1 7.38815
0 0 0 0 1 7.46787
0 0 0 0 0 7.45875
0 0 0 0 1 7.49408
0 0 0 0 0 7.58244
0 0 0 0 1 7.53488
0 0 0 0 1 7.56341
0 0 0 0 0 7.66043
0 0 0 0 1 7.6121
0 0 0 0 0 7.679
0 0 0 0 1 7.83172
0 0 0 0 1 7.75953
0 0 0 0 1 7.88276
0 0 0 0 1 7.90421
0 0 0 0 0 7.90148
0 0 0 0 1 7.89895
0 0 0 0 1 8.00749
0 0 0 0 1 8.05314
0 0 0 0 1 8.1474
0 0 0 0 1 8.03161
0 0 0 0 1 8.19085
0 0 0 0 1 8.22914
0 0 0 0 1 8.25056
0 0 0 0 1 8.27188
0 0 0 0 1 8.26877
0 0 0 0 1 8.39854
0 0 0 0 1 8.42846
0 0 0 0 1 8.5345
0 0 0 0 1 8.49677
0 0 0 0 1 8.61221
0 0 0 0 1 8.60027
0 0 0 0 1 8.6736
0 0 0 0 1 8.64232
0 0 0 0 1 8.70721
0 0 0 0 1 8.88599
0 0 0 0 1 8.76731
0 0 0 0 0 8.92977
0 0 0 0 1 8.87895
0 0 0 0 1 8.99811
0 0 0 0 0 9.09106
0 0 0 0 1 9.12177
0 0 0 0 1 9.21559
0 0 0 0 1 9.16242
0 0 0 0 1 9.34944
0 0 0 0 1 9.26848
0 0 0 0 0 9.43744
0 0 0 0 1 9.55236
0 0 0 0 1 9.43849
0 0 0 0 1 9.56206
0 0 0 0 1 9.63965
0 0 0 0 1 9.66772
0 0 0 0 0 9.69545
0 0 0 0 1 9.91985
0 0 0 0 1 9.92984
0 0 0 0 1 9.9463
0 0 0 0 1 10.1547
0 0 0 0 1 10.0802
0 0 0 0 1 10.1889
0 0 0 0 1 10.2043
0 0 0 0 1 10.3431
0 0 0 0 1 10.3494
0 0 0 0 1 10.521
0 0 0 0 1 10.5989
0 0 0 0 1 10.6432
0 0 0 0 1 10.8394
0 0 0 0 1 10.8624
0 0 0 0 1 10.9282
0 0 0 0 1 11.0291
0 0 0 0 1 11.106
0 0 0 0 1 11.2477
0 0 0 0 1 11.3613
0 0 0 0 1 11.2437
0 0 0 0 1 11.5578
0 0 0 0 0 11.4599
0 0 0 0 1 11.7435
0 0 0 0 0 11.8043
0 0 0 0 1 10.8155
0 0 0 0 1 10.6747
0 0 0 0 1 10.8529
0 0 0 0 1 10.6269
0 0 0 0 1 10.6591
0 0 0 0 0 10.7661
0 0 0 0 1 10.5633
0 0 0 0 1 10.7512
0 0 0 0 1 10.5325
0 0 0 0 1 10.6393
0 0 0 0 1 10.6888
0 0 0 0 1 10.4571
0 0 0 0 1 10.5322
0 0 0 0 1 10.5334
0 0 0 0 1 10.6083
0 0 0 0 1 10.4105
0 0 0 0 1 10.496
0 0 0 0 1 10.5083
0 0 0 0 1 10.441
0 0 0 0 1 10.4952
0 0 0 0 0 10.2896
0 0 0 0 1 10.4479
0 0 0 0 1 10.4091
0 0 0 0 1 10.3705
0 0 0 0 1 10.2393
0 0 0 0 0 10.411
0 0 0 0 1 10.3422
0 0 0 0 1 10.2121
0 0 0 0 1 10.1749
0 0 0 0 1 10.3461
0 0 0 0 1 10.1762
0 0 0 0 1 10.2826
0 0 0 0 1 10.2086
0 0 0 0 1 10.1928
0 0 0 0 1 10.228
0 0 0 0 0 10.0502
0 0 0 0 1 10.0889
0 0 0 0 0 10.2158
0 0 0 0 1 10.0927
0 0 0 0 1 10.159
0 0 0 0 0 10.1143
0 0 0 0 1 10.2054
0 0 0 0 1 10.3607
0 0 0 0 1 10.4224
0 0 0 0 1 10.5324
0 0 0 0 0 10.76
0 0 0 0 1 11.0213
0 0 0 0 1 11.1843
0 0 0 0 1 11.2227
0 0 0 0 1 11.5186
0 0 0 0 0 11.7696
0 0 0 0 0 11.7965
0 0 0 0 1 12.1879
0 0 0 0 0 12.4155
0 0 0 0 1 12.6132
0 0 0 0 1 12.7682
0 0 0 0 1 12.9428
0 0 0 0 1 13.2707
0 0 0 0 1 13.6385
0 0 0 0 1 26.0425
0 0 0 0 1 26.3275
0 0 0 0 1 27.291
0 0 0 0 1 27.7928
0 0 0 0 1 28.433
0 0 0 0 1 28.9774
0 0 0 0 0 30.0019
0 0 0 0 1 30.5345
0 0 0 0 1 31.1491
0 0 0 0 1 31.7096
0 0 0 0 0 33.0198
0 0 0 0 0 33.9218
0 0 0 0 0 34.8146
0 0 0 0 1 36.0495
0 0 0 0 0 36.7312
0 0 0 0 1 37.7523
0 0 0 0 1 39.3946
0 0 0 0 0 27.6231
0 0 0 0 1 27.0021
0 0 0 0 1 25.9754
0 0 0 0 0 25.5226
0 0 0 0 1 24.6415
0 0 0 0 1 23.7527
0 0 0 0 1 23.4817
0 0 0 0 0 23.4914
0 0 0 0 1 23.6994
0 0 0 0 1 23.5555
0 0 0 0 1 23.7312
0 0 0 0 1 23.3997
0 0 0 0 1 23.492
0 0 0 0 1 23.6222
0 0 0 0 1 23.6214
0 0 0 0 1 23.3841
0 0 0 0 1 23.6202
0 0 0 0 1 23.516
0 0 0 0 1 23.8246
0 0 0 0 1 23.5415
0 0 0 0 1 23.6141
0 0 0 0 1 23.867
0 0 0 0 0 23.9647
0 0 0 0 1 23.9202
0 0 0 0 1 24.0425
0 0 0 0 0 4.9599
0 0 0 0 0 5.03505
0 0 0 0 0 5.05008
0 0 0 0 0 4.98996
0 0 0 0 0 5.02503
0 0 0 0 0 5.03505
0 0 0 0 0 5.05509
0 0 0 0 0 4.96992
0 0 0 0 0 5.05008
0 0 0 0 0 4.96992
0 0 0 0 0 4.96992
0 0 0 0 0 5.00499
0 0 0 0 0 5.05509
0 0 0 0 0 5.01501
0 0 0 0 0 5.01501
0 0 0 0 0 5.01501
0 0 0 0 0 4.96992
0 0 0 0 0 5.00499
0 0 0 0 0 5.02002
0 0 0 0 0 5.01501
0 0 0 0 0 4.99998
0 0 0 0 0 5.05008
0 0 0 0 0 99.2851
0 0 0 0 0 95.1085
0 0 0 0 1 89.8521
0 0 0 0 0 85.2767
0 0 0 0 1 80.2627
0 0 0 0 1 76.5375
0 0 0 0 1 74.3276
0 0 0 0 0 70.4739
0 0 0 0 1 67.6614
0 0 0 0 1 65.3947
0 0 0 0 0 63.1672
0 0 0 0 1 60.9851
0 0 0 0 1 59.0666
0 0 0 0 1 56.7206
0 0 0 0 1 54.9499
0 0 0 0 1 53.3057
0 0 0 0 1 51.8002
0 0 0 0 1 49.6384
0 0 0 0 1 48.1872
0 0 0 0 0 46.9028
0 0 0 0 0 46.0534
0 0 0 0 1 45.172
0 0 0 0 1 43.4078
0 0 0 0 1 42.7564
0 0 0 0 1 41.2811
0 0 0 0 1 40.4261
0 0 0 0 0 39.4168
0 0 0 0 0 38.577
0 0 0 0 0 37.642
0 0 0 0 1 37.3162
0 0 0 0 1 36.2108
0 0 0 0 1 35.6018
0 0 0 0 0 35.2109
0 0 0 0 1 33.9979
0 0 0 0 1 33.4479
0 0 0 0 0 33.1771
0 0 0 0 1 32.3096
0 0 0 0 1 31.969
0 0 0 0 1 31.2135
0 0 0 0 1 30.8517
0 0 0 0 0 30.3135
0 0 0 0 1 29.6575
0 0 0 0 1 28.9683
0 0 0 0 0 28.4961
0 0 0 0 0 27.9875
0 0 0 0 1 27.5738
0 0 0 0 0 27.3056
0 0 0 0 1 26.9084
0 0 0 0 1 26.6983
0 0 0 0 1 26.0666
0 0 0 0 1 25.7182
0 0 0 0 0 25.1514
0 0 0 0 1 24.9995
0 0 0 0 1 24.7194
0 0 0 0 1 24.5054
0 0 0 0 1 23.8674
0 0 0 0 1 23.3799
0 0 0 0 0 23.1491
0 0 0 0 1 22.7883
0 0 0 0 1 22.6021
0 0 0 0 1 22.6117
0 0 0 0 1 22.2789
0 0 0 0 1 21.7979
0 0 0 0 1 21.7613
0 0 0 0 1 21.1762
0 0 0 0 1 21.1882
0 0 0 0 1 20.7561
0 0 0 0 1 20.5972
0 0 0 0 1 20.2716
0 0 0 0 1 20.0808
0 0 0 0 1 20.0477
0 0 0 0 0 19.8241
0 0 0 0 1 19.7171
0 0 0 0 1 19.1739
0 0 0 0 0 19.1063
0 0 0 0 1 19.0266
0 0 0 0 1 18.5701
0 0 0 0 1 18.4809
0 0 0 0 0 18.3443
0 0 0 0 0 18.298
0 0 0 0 1 17.9254
0 0 0 0 1 17.7263
0 0 0 0 1 17.6343
0 0 0 0 1 17.5938
0 0 0 0 1 17.3779
0 0 0 0 1 17.2149
0 0 0 0 1 16.874
0 0 0 0 0 16.9418
0 0 0 0 1 16.8219
0 0 0 0 1 16.5617
0 0 0 0 1 16.4187
0 0 0 0 1 16.1295
0 0 0 0 1 16.1823
0 0 0 0 1 16.1218
0 0 0 0 0 15.9562
0 0 0 0 1 15.6252
0 0 0 0 1 15.6678
0 0 0 0 1 15.4735
0 0 0 0 1 15.5046
0 0 0 0 1 15.1368
0 0 0 0 1 15.0242
0 0 0 0 1 15.0533
0 0 0 0 1 14.8419
0 0 0 0 1 14.827
0 0 0 0 1 14.6115
0 0 0 0 1 14.4853
0 0 0 0 1 14.5708
0 0 0 0 1 14.3521
0 0 0 0 1 14.392
0 0 0 0 1 14.147
0 0 0 0 1 14.1433
0 0 0 0 1 13.8398
0 0 0 0 0 13.9193
0 0 0 0 1 13.6882
0 0 0 0 0 13.7518
0 0 0 0 1 13.5721
0 0 0 0 0 13.4801
0 0 0 0 1 13.4687
0 0 0 0 1 13.3367
0 0 0 0 1 13.3196
0 0 0 0 1 13.0522
0 0 0 0 1 12.9571
0 0 0 0 1 13.0441
0 0 0 0 1 12.9617
0 0 0 0 1 12.8107
0 0 0 0 1 12.8311
0 0 0 0 0 12.6986
0 0 0 0 1 12.6128
0 0 0 0 1 12.5443
0 0 0 0 0 12.5046
0 0 0 0 1 12.4319
0 0 0 0 0 12.2531
0 0 0 0 1 12.3404
0 0 0 0 1 12.2681
0 0 0 0 1 12.1316
0 0 0 0 1 12.1162
0 0 0 0 1 12.0687
0 0 0 0 1 11.8389
0 0 0 0 1 11.7688
0 0 0 0 0 11.6833
0 0 0 0 0 11.7151
0 0 0 0 1 11.7345
0 0 0 0 1 11.4987
0 0 0 0 1 11.5758
0 0 0 0 1 11.5371
0 0 0 0 1 11.339
0 0 0 0 1 11.4107
0 0 0 0 0 11.1769
0 0 0 0 1 11.2405
0 0 0 0 1 11.199
0 0 0 0 1 11.0168
0 0 0 0 0 11.0204
0 0 0 0 1 11.1006
0 0 0 0 1 10.9608
0 0 0 0 1 10.8656
0 0 0 0 1 10.9445
0 0 0 0 1 10.8606
0 0 0 0 1 10.7878
0 0 0 0 1 10.6193
0 0 0 0 0 10.5692
0 0 0 0 1 10.5971
0 0 0 0 0 10.5154
0 0 0 0 0 10.4237
0 0 0 0 0 10.5522
0 0 0 0 1 10.4574
0 0 0 0 1 10.4184
0 0 0 0 1 10.2523
0 0 0 0 1 10.2725
0 0 0 0 1 10.1797
0 0 0 0 1 10.1283
0 0 0 0 0 10.1178
0 0 0 0 1 10.178
0 0 0 0 1 10.1603
0 0 0 0 1 10.039
0 0 0 0 1 9.90861
0 0 0 0 0 10.0179
0 0 0 0 1 9.96442
0 0 0 0 1 9.9342
0 0 0 0 1 9.94027
0 0 0 0 1 9.88075
0 0 0 0 1 9.69468
0 0 0 0 1 9.62667
0 0 0 0 1 9.65273
0 0 0 0 1 9.59487
0 0 0 0 1 9.66879
0 0 0 0 0 9.65588
0 0 0 0 1 9.57929
0 0 0 0 1 9.46192
0 0 0 0 0 9.57615
0 0 0 0 1 9.40284
0 0 0 0 1 9.48494
0 0 0 0 1 9.33501
0 0 0 0 0 9.38861
0 0 0 0 1 9.27405
0 0 0 0 0 9.24985
0 0 0 0 0 9.32487
0 0 0 0 0 9.23924
0 0 0 0 1 9.13573
0 0 0 0 1 9.14293
0 0 0 0 1 9.10436
0 0 0 0 1 9.07514
0 0 0 0 1 9.00069
0 0 0 0 0 8.99008
0 0 0 0 1 8.98856
0 0 0 0 1 8.98376
0 0 0 0 1 8.90152
0 0 0 0 1 8.93277
0 0 0 0 0 8.99394
0 0 0 0 1 8.97469
0 0 0 0 1 8.95558
0 0 0 0 1 8.75982
0 0 0 0 1 8.80868
0 0 0 0 1 8.86943
0 0 0 0 1 8.71953
0 0 0 0 0 8.81723
0 0 0 0 1 8.64212
0 0 0 0 1 8.63854
0 0 0 0 1 8.7252
0 0 0 0 1 8.66959
0 0 0 0 1 8.59188
0 0 0 0 1 8.54558
0 0 0 0 0 8.51167
0 0 0 0 1 8.58573
0 0 0 0 1 8.5776
0 0 0 0 1 8.42984
0 0 0 0 1 8.4782
0 0 0 0 1 8.40773
0 0 0 0 1 8.38837
0 0 0 0 1 8.52101
0 0 0 0 0 8.48835
0 0 0 0 1 8.46914
0 0 0 0 1 8.36633
0 0 0 0 0 8.2724
0 0 0 0 0 8.27067
0 0 0 0 1 8.23119
0 0 0 0 1 8.37904
0 0 0 0 1 8.22831
0 0 0 0 1 8.34715
0 0 0 0 0 8.18895
0 0 0 0 0 8.15494
0 0 0 0 0 8.16222
0 0 0 0 1 8.25968
0 0 0 0 1 8.16057
0 0 0 0 1 8.15172
0 0 0 0 1 8.21629
0 0 0 0 1 8.11003
0 0 0 0 1 8.19083
0 0 0 0 1 8.07715
0 0 0 0 1 8.0448
0 0 0 0 1 8.11748
0 0 0 0 1 8.00082
0 0 0 0 1 8.10564
0 0 0 0 1 8.00973
0 0 0 0 1 7.93029
0 0 0 0 1 8.04296
0 0 0 0 1 7.91191
0 0 0 0 1 8.03241
0 0 0 0 1 7.92214
0 0 0 0 1 7.96309
0 0 0 0 1 7.89317
0 0 0 0 0 7.92993
0 0 0 0 1 7.95522
0 0 0 0 1 7.88601
0 0 0 0 0 7.89139
0 0 0 0 1 7.83397
0 0 0 0 1 7.85189
0 0 0 0 1 7.9012
0 0 0 0 1 7.83322
0 0 0 0 1 7.72977
0 0 0 0 1 7.86519
0 0 0 0 1 7.84466
0 0 0 0 1 7.7264
0 0 0 0 1 7.82282
0 0 0 0 0 7.79814
