0 0 0 0 1 5.51406
0 0 0 0 1 5.55089
0 0 0 0 1 5.54344
0 0 0 0 1 5.53852
0 0 0 0 1 5.62609
0 0 0 0 0 5.53517
0 0 0 0 1 5.6167
0 0 0 0 0 5.63218
0 0 0 0 1 5.56591
0 0 0 0 1 5.65459
0 0 0 0 1 5.67049
0 0 0 0 0 5.65835
0 0 0 0 0 5.61452
0 0 0 0 1 5.67597
0 0 0 0 1 5.66405
0 0 0 0 1 5.62585
0 0 0 0 1 5.73909
0 0 0 0 1 5.71609
0 0 0 0 1 5.68167
0 0 0 0 1 5.7597
0 0 0 0 1 5.7483
0 0 0 0 1 5.72547
0 0 0 0 1 5.76586
0 0 0 0 1 5.78923
0 0 0 0 1 5.80298
0 0 0 0 1 5.7515
0 0 0 0 0 5.74622
0 0 0 0 1 5.78162
0 0 0 0 0 5.79981
0 0 0 0 1 5.7715
0 0 0 0 0 5.85416
0 0 0 0 1 5.8978
0 0 0 0 0 5.883
0 0 0 0 1 5.92538
0 0 0 0 0 5.93859
0 0 0 0 0 5.95192
0 0 0 0 1 5.90034
0 0 0 0 1 5.93155
0 0 0 0 1 5.95108
0 0 0 0 1 5.94099
0 0 0 0 1 6.01445
0 0 0 0 1 5.93281
0 0 0 0 1 5.97204
0 0 0 0 1 5.99213
0 0 0 0 1 5.96422
0 0 0 0 0 6.01465
0 0 0 0 0 6.09445
0 0 0 0 1 6.03638
0 0 0 0 0 6.11186
0 0 0 0 0 6.05364
0 0 0 0 1 6.08683
0 0 0 0 1 6.18762
0 0 0 0 1 6.16506
0 0 0 0 1 6.16299
0 0 0 0 1 6.22161
0 0 0 0 1 6.24344
0 0 0 0 0 6.21577
0 0 0 0 1 6.2368
0 0 0 0 1 6.27765
0 0 0 0 1 6.30622
0 0 0 0 1 6.23368
0 0 0 0 0 6.33159
0 0 0 0 1 6.33537
0 0 0 0 1 6.37082
0 0 0 0 0 6.36206
0 0 0 0 0 6.37792
0 0 0 0 1 6.36916
0 0 0 0 1 6.43001
0 0 0 0 0 6.47914
0 0 0 0 1 6.43122
0 0 0 0 1 6.45482
0 0 0 0 1 6.44543
0 0 0 0 1 6.52774
0 0 0 0 1 6.56485
0 0 0 0 0 6.60216
0 0 0 0 0 6.61942
0 0 0 0 1 6.57094
0 0 0 0 1 6.66143
0 0 0 0 1 6.61277
0 0 0 0 1 6.65684
0 0 0 0 1 6.71455
0 0 0 0 0 6.62591
0 0 0 0 1 6.71797
0 0 0 0 1 6.75616
0 0 0 0 1 6.75402
0 0 0 0 0 6.84005
0 0 0 0 1 6.77002
0 0 0 0 1 6.7883
0 0 0 0 1 6.88214
0 0 0 0 1 6.81823
0 0 0 0 1 6.975
0 0 0 0 1 6.89054
0 0 0 0 0 6.88847
0 0 0 0 1 7.01204
0 0 0 0 1 7.05235
0 0 0 0 1 7.05067
0 0 0 0 1 7.01311
0 0 0 0 1 7.07498
0 0 0 0 1 7.08025
0 0 0 0 1 7.20704
0 0 0 0 1 7.19116
0 0 0 0 1 7.27594
0 0 0 0 1 7.18727
0 0 0 0 1 7.30889
0 0 0 0 0 7.33616
0 0 0 0 0 7.29064
0 0 0 0 1 7.38405
0 0 0 0 0 7.35333
0 0 0 0 1 7.45491
0 0 0 0 0 7.38588
0 0 0 0 1 7.54104
0 0 0 0 1 7.59179
0 0 0 0 1 7.56734
0 0 0 0 1 7.55006
0 0 0 0 0 7.65481
0 0 0 0 1 7.67574
0 0 0 0 1 7.71205
0 0 0 0 0 7.679
0 0 0 0 1 7.69977
0 0 0 0 1 7.86091
0 0 0 0 0 7.77317
0 0 0 0 1 7.92781
0 0 0 0 1 7.87776
0 0 0 0 0 8.01021
0 0 0 0 1 8.03946
0 0 0 0 1 8.04511
0 0 0 0 1 8.05867
0 0 0 0 1 8.11265
0 0 0 0 1 8.10935
0 0 0 0 1 8.23733
0 0 0 0 0 8.17645
0 0 0 0 1 8.32984
0 0 0 0 1 8.3686
0 0 0 0 1 8.33998
0 0 0 0 1 8.47052
0 0 0 0 0 8.51758
0 0 0 0 1 8.5478
0 0 0 0 1 8.63786
0 0 0 0 1 8.66901
0 0 0 0 1 8.57857
0 0 0 0 1 8.60754
0 0 0 0 1 8.6635
0 0 0 0 1 8.842
0 0 0 0 1 8.74963
0 0 0 0 1 8.84972
0 0 0 0 0 8.93266
0 0 0 0 0 8.92606
0 0 0 0 1 9.09106
0 0 0 0 1 9.10354
0 0 0 0 1 9.07805
0 0 0 0 1 9.17165
0 0 0 0 0 9.21017
0 0 0 0 1 9.38049
0 0 0 0 1 9.30584
0 0 0 0 1 9.42941
0 0 0 0 1 9.45754
0 0 0 0 1 9.5237
0 0 0 0 1 9.63965
0 0 0 0 1 9.74545
0 0 0 0 1 9.71502
0 0 0 0 1 9.92971
0 0 0 0 1 9.88029
0 0 0 0 1 9.88638
0 0 0 0 1 10.0944
0 0 0 0 1 10.141
0 0 0 0 0 10.1481
0 0 0 0 1 10.2145
0 0 0 0 1 10.2706
0 0 0 0 1 10.4119
0 0 0 0 1 10.563
0 0 0 0 1 10.5672
0 0 0 0 1 10.6325
0 0 0 0 0 10.8179
0 0 0 0 0 10.7649
0 0 0 0 0 10.819
0 0 0 0 1 11.0401
0 0 0 0 1 11.0617
0 0 0 0 0 11.2142
0 0 0 0 1 11.3613
0 0 0 0 0 11.3345
0 0 0 0 1 11.489
0 0 0 0 1 11.587
0 0 0 0 0 11.7085
0 0 0 0 1 11.7338
0 0 0 0 1 11.7845
0 0 0 0 1 12.0469
0 0 0 0 0 11.9864
0 0 0 0 0 12.2429
0 0 0 0 1 12.4099
0 0 0 0 0 12.4417
0 0 0 0 1 12.5883
0 0 0 0 0 12.6149
0 0 0 0 1 12.711
0 0 0 0 1 12.9798
0 0 0 0 1 12.9655
0 0 0 0 1 13.2376
0 0 0 0 1 13.3894
0 0 0 0 1 13.3717
0 0 0 0 1 13.5094
0 0 0 0 1 13.62
0 0 0 0 0 13.8362
0 0 0 0 1 13.8865
0 0 0 0 1 14.1326
0 0 0 0 1 14.2192
0 0 0 0 1 14.29
0 0 0 0 1 14.6072
0 0 0 0 1 14.8786
0 0 0 0 1 14.8093
0 0 0 0 1 14.9462
0 0 0 0 1 15.3458
0 0 0 0 1 15.5403
0 0 0 0 1 15.7137
0 0 0 0 1 15.9123
0 0 0 0 0 15.9895
0 0 0 0 1 16.3104
0 0 0 0 0 16.4371
0 0 0 0 1 16.712
0 0 0 0 1 16.779
0 0 0 0 1 16.9638
0 0 0 0 1 17.3983
0 0 0 0 1 17.4439
0 0 0 0 0 17.8505
0 0 0 0 0 18.0003
0 0 0 0 1 18.4041
0 0 0 0 0 18.5801
0 0 0 0 1 18.7822
0 0 0 0 0 19.1071
0 0 0 0 1 19.6378
0 0 0 0 1 19.9484
0 0 0 0 1 20.229
0 0 0 0 1 20.5699
0 0 0 0 0 20.8994
0 0 0 0 1 21.2499
0 0 0 0 1 21.3312
0 0 0 0 1 22.003
0 0 0 0 1 22.1591
0 0 0 0 1 22.4523
0 0 0 0 0 23.0879
0 0 0 0 1 23.268
0 0 0 0 1 24.081
0 0 0 0 1 24.4785
0 0 0 0 0 25.0177
0 0 0 0 1 25.2835
0 0 0 0 1 26.0685
0 0 0 0 1 26.6987
0 0 0 0 1 26.8303
0 0 0 0 1 27.5157
0 0 0 0 1 28.1779
0 0 0 0 1 28.8324
0 0 0 0 1 29.4969
0 0 0 0 1 30.7476
0 0 0 0 1 31.3988
0 0 0 0 1 31.8377
0 0 0 0 1 32.9211
0 0 0 0 1 34.1246
0 0 0 0 1 34.3976
0 0 0 0 1 35.4773
0 0 0 0 1 36.9523
0 0 0 0 1 20.0349
0 0 0 0 1 20.0433
0 0 0 0 1 19.9312
0 0 0 0 1 20.2507
0 0 0 0 1 19.9185
0 0 0 0 1 19.9183
0 0 0 0 1 20.0881
0 0 0 0 0 19.7688
0 0 0 0 1 19.7994
0 0 0 0 1 19.7208
0 0 0 0 1 19.8908
0 0 0 0 1 19.6246
0 0 0 0 0 19.6662
0 0 0 0 1 19.7977
0 0 0 0 0 19.7112
0 0 0 0 0 19.6548
0 0 0 0 0 19.5104
0 0 0 0 0 19.5729
0 0 0 0 1 19.4499
0 0 0 0 1 19.6402
0 0 0 0 1 19.3707
0 0 0 0 1 19.5812
0 0 0 0 0 19.6498
0 0 0 0 1 19.8356
0 0 0 0 1 20.1202
0 0 0 0 1 20.4767
0 0 0 0 1 20.9507
0 0 0 0 1 20.9929
0 0 0 0 1 21.6539
0 0 0 0 1 21.6136
0 0 0 0 1 22.1442
0 0 0 0 1 22.6755
0 0 0 0 1 22.8512
0 0 0 0 1 23.43
0 0 0 0 1 23.7957
0 0 0 0 1 40.2834
0 0 0 0 1 39.8061
0 0 0 0 1 40.3295
0 0 0 0 0 5.01501
0 0 0 0 0 5.01501
0 0 0 0 0 5.03505
0 0 0 0 0 5.05008
0 0 0 0 0 4.97493
0 0 0 0 0 5.05008
0 0 0 0 0 5.02002
0 0 0 0 0 5.04006
0 0 0 0 0 4.9599
0 0 0 0 0 5.03505
0 0 0 0 0 5.05008
0 0 0 0 1 99.3849
0 0 0 0 1 94.1659
0 0 0 0 1 88.6017
0 0 0 0 1 84.7676
0 0 0 0 1 81.3135
0 0 0 0 1 77.2319
0 0 0 0 1 73.2204
0 0 0 0 1 71.1108
0 0 0 0 1 68.3407
0 0 0 0 1 65.3947
0 0 0 0 0 62.3493
0 0 0 0 1 60.4996
0 0 0 0 1 58.5393
0 0 0 0 1 56.154
0 0 0 0 1 55.1692
0 0 0 0 1 53.1994
0 0 0 0 1 51.8518
0 0 0 0 1 50.1388
0 0 0 0 1 48.868
0 0 0 0 1 47.5175
0 0 0 0 1 46.0994
0 0 0 0 0 45.2168
0 0 0 0 1 43.8882
0 0 0 0 0 42.8842
0 0 0 0 1 41.8631
0 0 0 0 1 40.7914
0 0 0 0 1 39.9719
0 0 0 0 1 38.4219
0 0 0 0 1 37.9831
0 0 0 0 1 37.2049
0 0 0 0 0 36.1019
0 0 0 0 1 35.3528
0 0 0 0 1 35.0366
0 0 0 0 1 34.4762
0 0 0 0 0 33.1797
0 0 0 0 1 32.651
0 0 0 0 1 32.5679
0 0 0 0 1 31.7472
0 0 0 0 1 31.2447
0 0 0 0 1 30.6376
0 0 0 0 1 29.8929
0 0 0 0 1 29.3916
0 0 0 0 1 28.9683
0 0 0 0 1 28.4961
0 0 0 0 1 27.8468
0 0 0 0 1 27.5738
0 0 0 0 1 27.1149
0 0 0 0 1 26.8816
0 0 0 0 1 26.3547
0 0 0 0 0 26.2229
0 0 0 0 1 25.9235
0 0 0 0 1 25.2273
0 0 0 0 1 24.8997
0 0 0 0 1 24.375
0 0 0 0 1 24.4327
0 0 0 0 1 23.8195
0 0 0 0 0 23.7813
0 0 0 0 1 23.2191
0 0 0 0 1 22.9725
0 0 0 0 1 22.534
0 0 0 0 0 22.4771
0 0 0 0 1 22.2345
0 0 0 0 1 21.7979
0 0 0 0 0 21.6099
0 0 0 0 0 21.2617
0 0 0 0 1 20.9135
0 0 0 0 1 20.6726
0 0 0 0 1 20.6591
0 0 0 0 1 20.537
0 0 0 0 1 20.1615
0 0 0 0 0 20.1076
0 0 0 0 1 19.5674
0 0 0 0 1 19.6389
0 0 0 0 1 19.1739
0 0 0 0 1 19.1063
0 0 0 0 1 19.1023
0 0 0 0 0 18.5514
0 0 0 0 1 18.6665
0 0 0 0 1 18.326
0 0 0 0 1 18.0434
0 0 0 0 1 17.9794
0 0 0 0 1 17.9581
0 0 0 0 0 17.6873
0 0 0 0 1 17.3312
0 0 0 0 1 17.2912
0 0 0 0 1 17.2149
0 0 0 0 0 16.891
0 0 0 0 1 16.8236
0 0 0 0 1 16.8052
0 0 0 0 1 16.6114
0 0 0 0 1 16.353
0 0 0 0 1 16.4065
0 0 0 0 1 16.2146
0 0 0 0 1 15.9295
0 0 0 0 0 15.7655
0 0 0 0 1 15.6567
0 0 0 0 1 15.746
0 0 0 0 1 15.551
0 0 0 0 1 15.4738
0 0 0 0 1 15.2131
0 0 0 0 1 14.9939
0 0 0 0 1 15.1134
0 0 0 0 1 14.8717
0 0 0 0 1 14.827
0 0 0 0 1 14.5528
0 0 0 0 1 14.6894
0 0 0 0 1 14.4984
0 0 0 0 1 14.2228
0 0 0 0 1 14.392
0 0 0 0 1 14.147
0 0 0 0 1 14.1152
0 0 0 0 0 13.9515
0 0 0 0 1 13.8361
0 0 0 0 1 13.8259
0 0 0 0 0 13.7791
0 0 0 0 1 13.5721
0 0 0 0 1 13.6285
0 0 0 0 1 13.4955
0 0 0 0 1 13.3766
0 0 0 0 0 13.3328
0 0 0 0 1 13.039
0 0 0 0 1 13.0224
0 0 0 0 1 13.0571
0 0 0 0 0 12.794
0 0 0 0 0 12.7209
0 0 0 0 1 12.7292
0 0 0 0 0 12.5593
0 0 0 0 1 12.4743
0 0 0 0 1 12.4318
0 0 0 0 0 12.5295
0 0 0 0 1 12.4567
0 0 0 0 1 12.3023
0 0 0 0 0 12.1938
0 0 0 0 1 12.2196
0 0 0 0 0 12.1074
0 0 0 0 1 12.0922
0 0 0 0 1 11.8536
0 0 0 0 1 11.9697
0 0 0 0 1 11.7452
0 0 0 0 1 11.742
0 0 0 0 1 11.7385
0 0 0 0 0 11.6996
0 0 0 0 0 11.5334
0 0 0 0 0 11.4607
0 0 0 0 1 11.457
0 0 0 0 1 11.2935
0 0 0 0 1 11.3427
0 0 0 0 1 11.222
0 0 0 0 1 11.2854
0 0 0 0 1 11.2549
0 0 0 0 1 11.0946
0 0 0 0 1 11.0204
0 0 0 0 1 10.9356
0 0 0 0 1 11.0265
0 0 0 0 1 10.9637
0 0 0 0 0 10.7601
0 0 0 0 1 10.8714
0 0 0 0 1 10.7771
0 0 0 0 1 10.6835
0 0 0 0 1 10.7501
0 0 0 0 0 10.6926
0 0 0 0 1 10.6421
0 0 0 0 1 10.4237
0 0 0 0 0 10.5104
0 0 0 0 1 10.322
0 0 0 0 0 10.3562
0 0 0 0 1 10.2419
0 0 0 0 1 10.2005
0 0 0 0 1 10.323
0 0 0 0 1 10.1691
0 0 0 0 1 10.2295
0 0 0 0 1 10.2185
0 0 0 0 1 10.0596
0 0 0 0 1 9.9989
0 0 0 0 1 10.0484
0 0 0 0 1 9.98804
0 0 0 0 1 9.86527
0 0 0 0 0 9.96382
0 0 0 0 0 9.7828
0 0 0 0 0 9.72391
0 0 0 0 1 9.83136
0 0 0 0 0 9.71419
0 0 0 0 1 9.75933
0 0 0 0 1 9.73
0 0 0 0 1 9.59183
0 0 0 0 1 9.65588
0 0 0 0 1 9.46468
0 0 0 0 0 9.44289
0 0 0 0 1 9.43393
0 0 0 0 1 9.47844
0 0 0 0 1 9.42843
0 0 0 0 1 9.46636
0 0 0 0 1 9.3138
0 0 0 0 1 9.37657
0 0 0 0 1 9.3707
0 0 0 0 0 9.17671
0 0 0 0 0 9.20232
0 0 0 0 0 9.23694
0 0 0 0 0 9.17961
0 0 0 0 0 9.15921
0 0 0 0 1 9.02958
0 0 0 0 1 9.00977
0 0 0 0 1 9.02629
0 0 0 0 1 9.03369
0 0 0 0 1 8.92975
0 0 0 0 1 8.96433
0 0 0 0 1 8.94173
0 0 0 0 1 8.85118
0 0 0 0 1 8.83238
0 0 0 0 1 8.95558
0 0 0 0 1 8.92777
0 0 0 0 1 8.73814
0 0 0 0 1 8.74637
0 0 0 0 1 8.67571
0 0 0 0 1 8.82598
0 0 0 0 1 8.77293
0 0 0 0 1 8.65594
0 0 0 0 1 8.75122
0 0 0 0 0 8.66959
0 0 0 0 1 8.54013
0 0 0 0 1 8.65746
0 0 0 0 0 8.59747
0 0 0 0 1 8.61997
0 0 0 0 1 8.49225
0 0 0 0 1 8.54053
0 0 0 0 1 8.46121
0 0 0 0 1 8.50943
0 0 0 0 1 8.47293
0 0 0 0 0 8.4029
0 0 0 0 1 8.49677
0 0 0 0 1 8.41878
0 0 0 0 1 8.34958
0 0 0 0 1 8.28911
0 0 0 0 1 8.42074
0 0 0 0 1 8.38085
0 0 0 0 0 8.2712
0 0 0 0 1 8.32765
0 0 0 0 1 8.19013
0 0 0 0 0 8.3044
0 0 0 0 1 8.14671
0 0 0 0 1 8.17043
0 0 0 0 1 8.2351
0 0 0 0 1 8.11151
0 0 0 0 1 8.23332
0 0 0 0 1 8.07786
0 0 0 0 1 8.19129
0 0 0 0 1 8.09351
0 0 0 0 1 8.1419
0 0 0 0 1 8.15788
0 0 0 0 1 8.11748
0 0 0 0 1 8.10546
0 0 0 0 1 8.00121
0 0 0 0 0 8.0899
0 0 0 0 1 8.02632
0 0 0 0 1 7.90718
0 0 0 0 1 8.03953
0 0 0 0 1 8.03241
0 0 0 0 0 7.93803
0 0 0 0 1 7.93929
0 0 0 0 1 7.92484
0 0 0 0 0 7.92203
0 0 0 0 1 7.83684
0 0 0 0 1 7.94904
0 0 0 0 1 7.9386
0 0 0 0 0 7.89683
0 0 0 0 0 7.81267
0 0 0 0 1 7.76025
0 0 0 0 1 7.80977
0 0 0 0 1 7.8547
0 0 0 0 1 7.81842
0 0 0 0 0 7.70457
0 0 0 0 1 7.76527
0 0 0 0 0 7.71417
0 0 0 0 0 7.77488
