0 0 0 0 1 5.60282
0 0 0 0 0 5.51755
0 0 0 0 0 5.54344
0 0 0 0 1 5.5218
0 0 0 0 1 5.5647
0 0 0 0 1 5.61904
0 0 0 0 0 5.62789
0 0 0 0 1 5.58735
0 0 0 0 1 5.57713
0 0 0 0 1 5.60962
0 0 0 0 1 5.6536
0 0 0 0 1 5.66963
0 0 0 0 1 5.68795
0 0 0 0 1 5.67597
0 0 0 0 1 5.70941
0 0 0 0 0 5.72804
0 0 0 0 0 5.6424
0 0 0 0 1 5.6591
0 0 0 0 1 5.75019
0 0 0 0 1 5.67399
0 0 0 0 1 5.66815
0 0 0 0 1 5.70252
0 0 0 0 1 5.72562
0 0 0 0 1 5.71434
0 0 0 0 1 5.7626
0 0 0 0 1 5.8093
0 0 0 0 1 5.75201
0 0 0 0 0 5.83967
0 0 0 0 1 5.86961
0 0 0 0 1 5.83563
0 0 0 0 0 5.78989
0 0 0 0 1 5.8861
0 0 0 0 0 5.81855
0 0 0 0 1 5.83142
0 0 0 0 1 5.87385
0 0 0 0 1 5.85164
0 0 0 0 1 5.97129
0 0 0 0 1 5.91377
0 0 0 0 1 5.99859
0 0 0 0 1 5.98862
0 0 0 0 1 6.00848
0 0 0 0 1 5.97467
0 0 0 0 1 6.04991
0 0 0 0 1 6.03416
0 0 0 0 1 6.07857
0 0 0 0 0 6.00862
0 0 0 0 1 6.07024
0 0 0 0 0 6.02425
0 0 0 0 1 6.07537
0 0 0 0 1 6.13898
0 0 0 0 1 6.17239
0 0 0 0 1 6.10797
0 0 0 0 1 6.20809
0 0 0 0 0 6.18146
0 0 0 0 1 6.14138
0 0 0 0 1 6.15681
0 0 0 0 1 6.17235
0 0 0 0 1 6.187
0 0 0 0 1 6.27141
0 0 0 0 1 6.31873
0 0 0 0 0 6.22112
0 0 0 0 1 6.25606
0 0 0 0 1 6.27858
0 0 0 0 1 6.35816
0 0 0 0 1 6.39378
0 0 0 0 0 6.38429
0 0 0 0 0 6.40746
0 0 0 0 1 6.39158
0 0 0 0 1 6.47914
0 0 0 0 1 6.40544
0 0 0 0 0 6.40313
0 0 0 0 0 6.50379
0 0 0 0 1 6.56025
0 0 0 0 1 6.58441
0 0 0 0 1 6.60216
0 0 0 0 0 6.61286
0 0 0 0 0 6.52485
0 0 0 0 1 6.65483
0 0 0 0 0 6.57964
0 0 0 0 1 6.66349
0 0 0 0 1 6.72123
0 0 0 0 1 6.7263
0 0 0 0 1 6.77166
0 0 0 0 1 6.6888
0 0 0 0 1 6.78783
0 0 0 0 1 6.82648
0 0 0 0 1 6.86538
0 0 0 0 1 6.82248
0 0 0 0 1 6.79294
0 0 0 0 0 6.89399
0 0 0 0 0 6.85748
0 0 0 0 1 6.9252
0 0 0 0 1 6.93022
0 0 0 0 1 6.93521
0 0 0 0 1 7.07338
0 0 0 0 1 7.00845
0 0 0 0 1 7.04139
0 0 0 0 1 7.11046
0 0 0 0 1 7.08738
0 0 0 0 0 7.14269
0 0 0 0 1 7.21987
0 0 0 0 1 7.26153
0 0 0 0 1 7.31031
0 0 0 0 1 7.29436
0 0 0 0 1 7.34346
0 0 0 0 1 7.26133
0 0 0 0 1 7.37669
0 0 0 0 1 7.36071
0 0 0 0 0 7.41041
0 0 0 0 1 7.44551
0 0 0 0 1 7.52608
0 0 0 0 1 7.53166
0 0 0 0 0 7.54468
0 0 0 0 0 7.64111
0 0 0 0 1 7.58626
0 0 0 0 1 7.70635
0 0 0 0 0 7.6121
0 0 0 0 0 7.68672
0 0 0 0 1 7.73858
0 0 0 0 1 7.79073
0 0 0 0 1 7.78882
0 0 0 0 0 7.88062
0 0 0 0 0 7.98849
0 0 0 0 1 8.0261
0 0 0 0 1 8.02347
0 0 0 0 0 8.04511
0 0 0 0 0 7.99413
0 0 0 0 1 8.0235
0 0 0 0 0 8.1012
0 0 0 0 1 8.16363
0 0 0 0 0 8.22585
0 0 0 0 1 8.31328
0 0 0 0 1 8.30205
0 0 0 0 0 8.38181
0 0 0 0 1 8.44529
0 0 0 0 1 8.38225
0 0 0 0 0 8.43723
0 0 0 0 1 8.58655
0 0 0 0 1 8.60887
0 0 0 0 1 8.65632
0 0 0 0 1 8.73796
0 0 0 0 1 8.67224
0 0 0 0 1 8.8332
0 0 0 0 1 8.87337
0 0 0 0 0 8.86751
0 0 0 0 1 8.8879
0 0 0 0 1 8.97109
0 0 0 0 1 9.10919
0 0 0 0 1 9.09443
0 0 0 0 1 9.25227
0 0 0 0 1 9.15319
0 0 0 0 1 9.33087
0 0 0 0 1 9.41782
0 0 0 0 1 9.37164
0 0 0 0 1 9.37267
0 0 0 0 1 9.44801
0 0 0 0 0 9.63879
0 0 0 0 1 9.65895
0 0 0 0 1 9.69687
0 0 0 0 1 9.68567
0 0 0 0 1 9.90015
0 0 0 0 1 9.9893
0 0 0 0 1 10.0062
0 0 0 0 1 10.1447
0 0 0 0 1 10.1207
0 0 0 0 1 10.2093
0 0 0 0 0 10.1734
0 0 0 0 1 10.3017
0 0 0 0 0 10.4327
0 0 0 0 0 10.4475
0 0 0 0 1 10.5249
0 0 0 0 1 10.6432
0 0 0 0 1 10.7965
0 0 0 0 0 10.8624
0 0 0 0 0 10.9718
0 0 0 0 1 11.073
0 0 0 0 1 11.1171
0 0 0 0 0 11.203
0 0 0 0 1 11.1924
0 0 0 0 1 11.2891
0 0 0 0 1 11.3401
0 0 0 0 1 11.4715
0 0 0 0 1 11.6386
0 0 0 0 1 11.8749
0 0 0 0 0 11.8675
0 0 0 0 1 11.8555
0 0 0 0 1 11.9623
0 0 0 0 1 12.1334
0 0 0 0 0 12.3239
0 0 0 0 0 12.4293
0 0 0 0 0 12.4006
0 0 0 0 1 12.754
0 0 0 0 1 12.7748
0 0 0 0 1 12.9927
0 0 0 0 1 13.1086
0 0 0 0 1 13.1457
0 0 0 0 0 13.1506
0 0 0 0 1 13.3449
0 0 0 0 1 13.5635
0 0 0 0 1 13.6063
0 0 0 0 0 13.9329
0 0 0 0 0 14.0401
0 0 0 0 0 13.9914
0 0 0 0 1 14.1763
0 0 0 0 1 14.29
0 0 0 0 1 14.505
0 0 0 0 1 14.7457
0 0 0 0 1 15.078
0 0 0 0 0 15.0217
0 0 0 0 1 15.2693
0 0 0 0 1 15.5713
0 0 0 0 1 15.6355
0 0 0 0 1 15.6904
0 0 0 0 0 15.9413
0 0 0 0 1 16.2779
0 0 0 0 1 16.322
0 0 0 0 1 16.6287
0 0 0 0 1 16.9816
0 0 0 0 0 17.1693
0 0 0 0 0 17.2769
0 0 0 0 1 17.5142
0 0 0 0 1 17.7792
0 0 0 0 1 18.2174
0 0 0 0 1 18.2757
0 0 0 0 1 18.7477
0 0 0 0 1 19.009
0 0 0 0 1 19.0879
0 0 0 0 1 19.2871
0 0 0 0 1 19.6714
0 0 0 0 1 20.2692
0 0 0 0 1 20.4473
0 0 0 0 1 20.8579
0 0 0 0 1 20.9119
0 0 0 0 1 21.546
0 0 0 0 0 21.9593
0 0 0 0 1 22.0478
0 0 0 0 1 22.6336
0 0 0 0 1 23.2724
0 0 0 0 1 23.3385
0 0 0 0 1 23.9852
0 0 0 0 1 24.3808
0 0 0 0 1 25.0675
0 0 0 0 1 25.3599
0 0 0 0 1 25.8088
0 0 0 0 0 26.6987
0 0 0 0 1 27.1284
0 0 0 0 1 27.9036
0 0 0 0 1 28.5464
0 0 0 0 1 28.8034
0 0 0 0 1 29.6751
0 0 0 0 1 30.5649
0 0 0 0 1 30.9307
0 0 0 0 0 32.126
0 0 0 0 0 32.7896
0 0 0 0 0 33.4488
0 0 0 0 1 31.6451
0 0 0 0 1 31.4974
0 0 0 0 1 31.4771
0 0 0 0 1 31.5524
0 0 0 0 1 31.3119
0 0 0 0 1 31.3581
0 0 0 0 1 31.3718
0 0 0 0 0 31.2598
0 0 0 0 0 31.4957
0 0 0 0 1 31.7004
0 0 0 0 0 31.4641
0 0 0 0 1 31.7328
0 0 0 0 1 31.2469
0 0 0 0 1 31.3277
0 0 0 0 1 20.5381
0 0 0 0 0 20.164
0 0 0 0 1 20.157
0 0 0 0 0 20.2821
0 0 0 0 0 20.2958
0 0 0 0 1 20.4009
0 0 0 0 1 20.2938
0 0 0 0 1 20.3893
0 0 0 0 1 20.1114
0 0 0 0 0 20.2889
0 0 0 0 0 19.9921
0 0 0 0 1 20.2098
0 0 0 0 1 19.9747
0 0 0 0 1 19.9114
0 0 0 0 1 19.8686
0 0 0 0 1 19.9768
0 0 0 0 0 19.8345
0 0 0 0 1 20.003
0 0 0 0 1 19.9217
0 0 0 0 1 20.0707
0 0 0 0 0 19.8704
0 0 0 0 1 20.1197
0 0 0 0 1 20.0997
0 0 0 0 1 20.2778
0 0 0 0 1 20.9527
0 0 0 0 1 21.3957
0 0 0 0 0 22.2358
0 0 0 0 0 22.7349
0 0 0 0 1 23.4642
0 0 0 0 1 24.0537
0 0 0 0 0 5.04507
0 0 0 0 0 4.96491
0 0 0 0 0 4.97493
0 0 0 0 0 5.02002
0 0 0 0 0 5.04006
0 0 0 0 0 5.03004
0 0 0 0 0 4.97994
0 0 0 0 0 4.98495
0 0 0 0 1 99.6842
0 0 0 0 1 93.7888
0 0 0 0 0 88.6017
0 0 0 0 0 85.5312
0 0 0 0 0 81.1518
0 0 0 0 1 77.0776
0 0 0 0 0 73.1466
0 0 0 0 1 71.04
0 0 0 0 0 68.4766
0 0 0 0 1 65.7213
0 0 0 0 1 63.0413
0 0 0 0 1 60.621
0 0 0 0 1 58.8908
0 0 0 0 0 56.3806
0 0 0 0 0 55.0047
0 0 0 0 1 53.4652
0 0 0 0 1 52.058
0 0 0 0 1 50.389
0 0 0 0 1 48.2845
0 0 0 0 1 47.5648
0 0 0 0 1 45.8694
0 0 0 0 1 44.9032
0 0 0 0 1 44.0192
0 0 0 0 1 42.9694
0 0 0 0 1 41.7384
0 0 0 0 0 40.9131
0 0 0 0 1 39.3374
0 0 0 0 1 38.6933
0 0 0 0 1 37.642
0 0 0 0 1 37.3903
0 0 0 0 1 36.5014
0 0 0 0 1 35.4951
0 0 0 0 0 35.1063
0 0 0 0 1 34.0662
0 0 0 0 1 33.6154
0 0 0 0 0 32.6182
0 0 0 0 1 32.3419
0 0 0 0 0 31.5571
0 0 0 0 0 30.9334
0 0 0 0 1 30.8517
0 0 0 0 1 29.9229
0 0 0 0 1 29.7166
0 0 0 0 1 28.794
0 0 0 0 1 28.5533
0 0 0 0 0 28.2688
0 0 0 0 1 27.5184
0 0 0 0 0 27.1421
0 0 0 0 1 27.0962
0 0 0 0 1 26.2225
0 0 0 0 1 25.8323
0 0 0 0 1 25.5899
0 0 0 0 1 25.3285
0 0 0 0 1 24.725
0 0 0 0 1 24.4242
0 0 0 0 1 24.093
0 0 0 0 1 24.1786
0 0 0 0 1 23.4035
0 0 0 0 1 23.4755
0 0 0 0 1 22.8113
0 0 0 0 1 22.8066
0 0 0 0 1 22.6117
0 0 0 0 1 22.3011
0 0 0 0 0 21.8635
0 0 0 0 1 21.6099
0 0 0 0 0 21.5609
0 0 0 0 1 20.9135
0 0 0 0 1 20.9023
0 0 0 0 0 20.7829
0 0 0 0 1 20.3941
0 0 0 0 1 20.3835
0 0 0 0 1 19.9279
0 0 0 0 1 19.7648
0 0 0 0 1 19.6585
0 0 0 0 0 19.3865
0 0 0 0 1 19.221
0 0 0 0 1 18.7994
0 0 0 0 0 18.8137
0 0 0 0 0 18.5922
0 0 0 0 1 18.5096
0 0 0 0 1 18.3708
0 0 0 0 0 17.8894
0 0 0 0 1 17.7976
0 0 0 0 1 17.6166
0 0 0 0 1 17.4887
0 0 0 0 1 17.2739
0 0 0 0 1 17.0431
0 0 0 0 1 16.9081
0 0 0 0 0 16.9418
0 0 0 0 1 16.7049
0 0 0 0 1 16.7109
0 0 0 0 0 16.3365
0 0 0 0 1 16.3576
0 0 0 0 1 16.2953
0 0 0 0 0 15.9936
0 0 0 0 1 15.9245
0 0 0 0 1 15.8615
0 0 0 0 1 15.7772
0 0 0 0 1 15.3804
0 0 0 0 1 15.4123
0 0 0 0 0 15.1979
0 0 0 0 1 14.9939
0 0 0 0 1 15.1284
0 0 0 0 1 14.8419
0 0 0 0 1 14.9306
0 0 0 0 1 14.6556
0 0 0 0 0 14.4562
0 0 0 0 1 14.5997
0 0 0 0 0 14.2946
0 0 0 0 1 14.1353
0 0 0 0 0 14.1895
0 0 0 0 1 14.0308
0 0 0 0 1 13.9096
0 0 0 0 0 13.9054
0 0 0 0 1 13.7984
0 0 0 0 0 13.7108
0 0 0 0 1 13.5586
0 0 0 0 1 13.3991
0 0 0 0 0 13.4553
0 0 0 0 1 13.4298
0 0 0 0 1 13.1608
0 0 0 0 0 13.2362
0 0 0 0 1 12.9832
0 0 0 0 1 13.0312
0 0 0 0 0 12.8714
0 0 0 0 1 12.9389
0 0 0 0 1 12.6145
0 0 0 0 1 12.5466
0 0 0 0 1 12.6631
0 0 0 0 1 12.5193
0 0 0 0 1 12.517
0 0 0 0 1 12.2958
0 0 0 0 0 12.4129
0 0 0 0 1 12.1571
0 0 0 0 0 12.2438
0 0 0 0 1 12.1558
0 0 0 0 0 11.9359
0 0 0 0 1 11.8775
0 0 0 0 1 11.9816
0 0 0 0 0 11.9225
0 0 0 0 1 11.7303
0 0 0 0 1 11.7735
0 0 0 0 0 11.688
0 0 0 0 1 11.6838
0 0 0 0 1 11.4147
0 0 0 0 1 11.457
0 0 0 0 1 11.4301
0 0 0 0 1 11.4447
0 0 0 0 1 11.2333
0 0 0 0 1 11.2293
0 0 0 0 1 11.0539
0 0 0 0 0 11.0279
0 0 0 0 1 10.9983
0 0 0 0 1 10.9246
0 0 0 0 1 10.9717
0 0 0 0 1 10.9528
0 0 0 0 0 10.8903
0 0 0 0 1 10.6878
0 0 0 0 1 10.7664
0 0 0 0 1 10.7476
0 0 0 0 1 10.7288
0 0 0 0 1 10.7138
0 0 0 0 1 10.6104
0 0 0 0 0 10.5393
0 0 0 0 0 10.5627
0 0 0 0 1 10.4782
0 0 0 0 0 10.3043
0 0 0 0 0 10.3762
0 0 0 0 1 10.2519
0 0 0 0 1 10.3128
0 0 0 0 1 10.1487
0 0 0 0 0 10.1787
0 0 0 0 1 10.1578
0 0 0 0 1 10.1099
0 0 0 0 1 10.0691
0 0 0 0 1 9.95855
0 0 0 0 1 10.0477
0 0 0 0 0 9.93468
0 0 0 0 1 9.9342
0 0 0 0 1 9.77296
0 0 0 0 1 9.74352
0 0 0 0 1 9.79231
0 0 0 0 1 9.66557
0 0 0 0 1 9.78841
0 0 0 0 0 9.64313
0 0 0 0 1 9.7169
0 0 0 0 1 9.55999
0 0 0 0 0 9.48378
0 0 0 0 1 9.58567
0 0 0 0 1 9.396
0 0 0 0 1 9.50679
0 0 0 0 1 9.4661
0 0 0 0 0 9.2881
0 0 0 0 1 9.39796
0 0 0 0 1 9.31133
0 0 0 0 1 9.31492
0 0 0 0 1 9.26931
0 0 0 0 1 9.19309
0 0 0 0 1 9.19094
0 0 0 0 1 9.16127
0 0 0 0 0 9.15007
0 0 0 0 1 9.19359
0 0 0 0 1 9.13692
0 0 0 0 1 9.10777
0 0 0 0 1 9.04271
0 0 0 0 1 8.91174
0 0 0 0 1 8.96433
0 0 0 0 1 8.89697
0 0 0 0 1 8.83334
0 0 0 0 1 8.83238
0 0 0 0 1 8.83144
0 0 0 0 1 8.8217
0 0 0 0 1 8.89685
0 0 0 0 1 8.85185
0 0 0 0 1 8.71953
0 0 0 0 0 8.78225
0 0 0 0 1 8.74677
0 0 0 0 0 8.63854
0 0 0 0 0 8.69918
0 0 0 0 1 8.73016
0 0 0 0 1 8.61776
0 0 0 0 1 8.67467
0 0 0 0 1 8.56315
0 0 0 0 1 8.52581
0 0 0 0 1 8.44958
0 0 0 0 1 8.44687
0 0 0 0 1 8.4697
0 0 0 0 1 8.4501
0 0 0 0 1 8.43065
0 0 0 0 1 8.39446
0 0 0 0 1 8.33693
0 0 0 0 0 8.45235
0 0 0 0 1 8.31608
0 0 0 0 1 8.39774
0 0 0 0 1 8.4124
0 0 0 0 1 8.24782
0 0 0 0 0 8.2712
0 0 0 0 0 8.32765
0 0 0 0 0 8.33889
0 0 0 0 1 8.22194
0 0 0 0 1 8.1714
0 0 0 0 0 8.24433
0 0 0 0 1 8.2269
0 0 0 0 1 8.24234
0 0 0 0 0 8.12724
0 0 0 0 0 8.21629
0 0 0 0 1 8.15879
0 0 0 0 1 8.10162
0 0 0 0 0 8.0124
0 0 0 0 0 8.08519
0 0 0 0 1 8.09329
0 0 0 0 1 7.97667
0 0 0 0 1 8.05744
0 0 0 0 1 7.9536
0 0 0 0 1 7.93829
0 0 0 0 1 7.96309
0 0 0 0 1 7.95977
0 0 0 0 0 7.88911
0 0 0 0 1 7.91419
0 0 0 0 1 7.9155
0 0 0 0 1 7.85359
0 0 0 0 1 7.8904
0 0 0 0 1 7.97101
0 0 0 0 1 7.82299
0 0 0 0 1 7.87566
0 0 0 0 1 7.93612
0 0 0 0 0 7.8362
0 0 0 0 1 7.75241
0 0 0 0 0 7.83322
0 0 0 0 0 7.761
0 0 0 0 1 7.83401
0 0 0 0 1 7.85244
0 0 0 0 1 7.71086
0 0 0 0 1 7.75297
0 0 0 0 1 7.72062
