0 0 0 0 1 5.60282
0 0 0 0 1 5.512
0 0 0 0 1 5.5824
0 0 0 0 1 5.5218
0 0 0 0 1 5.54795
0 0 0 0 1 5.55194
0 0 0 0 0 5.53838
0 0 0 0 1 5.56493
0 0 0 0 0 5.62763
0 0 0 0 1 5.58152
0 0 0 0 1 5.67612
0 0 0 0 1 5.66963
0 0 0 0 1 5.69924
0 0 0 0 1 5.68163
0 0 0 0 1 5.63003
0 0 0 0 0 5.64856
0 0 0 0 1 5.73909
0 0 0 0 1 5.70469
0 0 0 0 1 5.73306
0 0 0 0 1 5.75399
0 0 0 0 1 5.70822
0 0 0 0 1 5.70826
0 0 0 0 1 5.73712
0 0 0 0 1 5.75466
0 0 0 0 1 5.75683
0 0 0 0 1 5.73994
0 0 0 0 1 5.7578
0 0 0 0 1 5.76421
0 0 0 0 1 5.84635
0 0 0 0 1 5.79482
0 0 0 0 1 5.83663
0 0 0 0 1 5.80418
0 0 0 0 1 5.83613
0 0 0 0 1 5.84317
0 0 0 0 1 5.83265
0 0 0 0 0 5.84574
0 0 0 0 0 5.8826
0 0 0 0 1 5.89599
0 0 0 0 1 5.91544
0 0 0 0 1 6.00052
0 0 0 0 1 5.95478
0 0 0 0 1 6.01056
0 0 0 0 1 6.03793
0 0 0 0 1 6.02215
0 0 0 0 0 6.00033
0 0 0 0 1 6.00259
0 0 0 0 0 6.09445
0 0 0 0 0 6.07885
0 0 0 0 1 6.04497
0 0 0 0 0 6.15118
0 0 0 0 1 6.1235
0 0 0 0 1 6.15698
0 0 0 0 1 6.1036
0 0 0 0 1 6.11374
0 0 0 0 0 6.12286
0 0 0 0 1 6.16299
0 0 0 0 1 6.20957
0 0 0 0 1 6.1621
0 0 0 0 1 6.26517
0 0 0 0 1 6.31873
0 0 0 0 1 6.24623
0 0 0 0 0 6.30012
0 0 0 0 1 6.33537
0 0 0 0 0 6.26327
0 0 0 0 1 6.36206
0 0 0 0 1 6.32064
0 0 0 0 1 6.41384
0 0 0 0 1 6.35315
0 0 0 0 1 6.45988
0 0 0 0 1 6.40544
0 0 0 0 1 6.49359
0 0 0 0 1 6.54918
0 0 0 0 1 6.49523
0 0 0 0 0 6.57789
0 0 0 0 0 6.56948
0 0 0 0 1 6.58005
0 0 0 0 1 6.63678
0 0 0 0 1 6.53599
0 0 0 0 1 6.68566
0 0 0 0 1 6.64354
0 0 0 0 1 6.7012
0 0 0 0 1 6.66607
0 0 0 0 1 6.6777
0 0 0 0 0 6.709
0 0 0 0 1 6.7067
0 0 0 0 1 6.82648
0 0 0 0 1 6.78364
0 0 0 0 1 6.82932
0 0 0 0 1 6.80667
0 0 0 0 0 6.82512
0 0 0 0 1 6.94735
0 0 0 0 0 6.99452
0 0 0 0 1 6.97893
0 0 0 0 0 6.91426
0 0 0 0 1 7.00328
0 0 0 0 1 7.08585
0 0 0 0 1 7.04139
0 0 0 0 1 7.08917
0 0 0 0 1 7.14436
0 0 0 0 1 7.12124
0 0 0 0 0 7.15528
0 0 0 0 1 7.16068
0 0 0 0 1 7.16556
0 0 0 0 1 7.19991
0 0 0 0 0 7.23396
0 0 0 0 1 7.29064
0 0 0 0 1 7.43558
0 0 0 0 1 7.37548
0 0 0 0 1 7.41041
0 0 0 0 1 7.49768
0 0 0 0 1 7.52608
0 0 0 0 1 7.44898
0 0 0 0 1 7.49937
0 0 0 0 1 7.55765
0 0 0 0 1 7.55579
0 0 0 0 0 7.62217
0 0 0 0 1 7.75819
0 0 0 0 1 7.679
0 0 0 0 1 7.72305
0 0 0 0 1 7.84532
0 0 0 0 1 7.78099
0 0 0 0 1 7.79411
0 0 0 0 1 7.87776
0 0 0 0 1 7.92279
0 0 0 0 1 7.9995
0 0 0 0 1 8.06117
0 0 0 0 1 8.11513
0 0 0 0 1 8.14507
0 0 0 0 1 8.2153
0 0 0 0 0 8.16363
0 0 0 0 1 8.17645
0 0 0 0 1 8.2636
0 0 0 0 1 8.35196
0 0 0 0 1 8.41527
0 0 0 0 0 8.43688
0 0 0 0 1 8.52604
0 0 0 0 1 8.47976
0 0 0 0 0 8.46682
0 0 0 0 1 8.65182
0 0 0 0 0 8.72543
0 0 0 0 1 8.77274
0 0 0 0 1 8.70721
0 0 0 0 1 8.78921
0 0 0 0 1 8.91756
0 0 0 0 1 8.90308
0 0 0 0 1 8.87
0 0 0 0 1 9.03414
0 0 0 0 1 9.00042
0 0 0 0 0 9.16733
0 0 0 0 0 9.10556
0 0 0 0 1 9.17165
0 0 0 0 1 9.36801
0 0 0 0 1 9.29648
0 0 0 0 1 9.36224
0 0 0 0 1 9.46724
0 0 0 0 1 9.61945
0 0 0 0 1 9.61002
0 0 0 0 1 9.6107
0 0 0 0 0 9.73574
0 0 0 0 1 9.79329
0 0 0 0 1 9.82135
0 0 0 0 1 9.83074
0 0 0 0 0 10.0462
0 0 0 0 1 9.9637
0 0 0 0 1 10.1916
0 0 0 0 0 10.1889
0 0 0 0 1 10.1734
0 0 0 0 1 10.4363
0 0 0 0 1 10.4432
0 0 0 0 1 10.542
0 0 0 0 1 10.5566
0 0 0 0 0 10.7072
0 0 0 0 0 10.6568
0 0 0 0 1 10.9382
0 0 0 0 0 10.8627
0 0 0 0 1 10.8861
0 0 0 0 0 11.1614
0 0 0 0 1 11.1024
0 0 0 0 1 11.1812
0 0 0 0 1 11.3799
0 0 0 0 1 11.4432
0 0 0 0 1 11.6332
0 0 0 0 1 11.6619
0 0 0 0 1 11.7338
0 0 0 0 1 11.7845
0 0 0 0 1 11.9033
0 0 0 0 1 11.9623
0 0 0 0 1 12.1455
0 0 0 0 1 12.2011
0 0 0 0 0 12.4914
0 0 0 0 0 12.4756
0 0 0 0 1 12.5138
0 0 0 0 1 12.6855
0 0 0 0 1 12.9412
0 0 0 0 1 13.0956
0 0 0 0 1 13.2376
0 0 0 0 1 13.3231
0 0 0 0 1 13.5191
0 0 0 0 1 13.6177
0 0 0 0 1 13.62
0 0 0 0 1 13.7118
0 0 0 0 0 13.9843
0 0 0 0 1 14.0479
0 0 0 0 1 14.2477
0 0 0 0 1 14.3333
0 0 0 0 1 14.578
0 0 0 0 1 14.8048
0 0 0 0 0 15.063
0 0 0 0 1 14.9915
0 0 0 0 1 15.3305
0 0 0 0 0 15.4785
0 0 0 0 1 15.8076
0 0 0 0 1 15.9757
0 0 0 0 1 15.9574
0 0 0 0 1 16.2129
0 0 0 0 0 16.5852
0 0 0 0 0 16.7954
0 0 0 0 1 16.7284
0 0 0 0 0 16.9981
0 0 0 0 1 17.4504
0 0 0 0 1 17.6549
0 0 0 0 1 17.7792
0 0 0 0 1 18.1269
0 0 0 0 1 18.2206
0 0 0 0 1 18.6918
0 0 0 0 1 19.009
0 0 0 0 1 19.1262
0 0 0 0 1 19.2871
0 0 0 0 0 19.6912
0 0 0 0 0 20.2089
0 0 0 0 0 20.3247
0 0 0 0 1 20.8371
0 0 0 0 1 20.933
0 0 0 0 1 21.6319
0 0 0 0 1 21.8063
0 0 0 0 1 22.4483
0 0 0 0 1 22.6336
0 0 0 0 0 23.2955
0 0 0 0 1 23.6911
0 0 0 0 1 23.7216
0 0 0 0 0 24.3563
0 0 0 0 1 24.7934
0 0 0 0 1 25.2072
0 0 0 0 0 26.0425
0 0 0 0 1 23.7946
0 0 0 0 1 23.6302
0 0 0 0 1 23.5635
0 0 0 0 1 23.8517
0 0 0 0 1 23.5009
0 0 0 0 0 23.837
0 0 0 0 1 23.8667
0 0 0 0 1 23.7057
0 0 0 0 1 23.4996
0 0 0 0 0 23.4345
0 0 0 0 1 23.8205
0 0 0 0 1 23.7326
0 0 0 0 1 23.6939
0 0 0 0 1 23.5127
0 0 0 0 1 23.4044
0 0 0 0 1 23.485
0 0 0 0 1 23.3998
0 0 0 0 0 23.4341
0 0 0 0 1 23.3277
0 0 0 0 1 23.893
0 0 0 0 1 25.1606
0 0 0 0 1 25.9288
0 0 0 0 1 27.2278
0 0 0 0 1 52.5548
0 0 0 0 1 54.9888
0 0 0 0 0 44.0939
0 0 0 0 1 41.8873
0 0 0 0 0 42.0797
0 0 0 0 1 41.5118
0 0 0 0 1 41.8614
0 0 0 0 1 41.513
0 0 0 0 1 41.9898
0 0 0 0 1 42.0502
0 0 0 0 0 41.4848
0 0 0 0 1 42.09
0 0 0 0 1 42.1529
0 0 0 0 1 21.3484
0 0 0 0 1 21.581
0 0 0 0 1 21.5991
0 0 0 0 1 21.4026
0 0 0 0 1 21.4858
0 0 0 0 1 21.3546
0 0 0 0 1 21.3313
0 0 0 0 1 21.3083
0 0 0 0 1 21.4148
0 0 0 0 1 21.7152
0 0 0 0 1 21.715
0 0 0 0 0 21.7152
0 0 0 0 1 21.3503
0 0 0 0 1 21.3728
0 0 0 0 0 21.6752
0 0 0 0 1 21.6987
0 0 0 0 1 21.4858
0 0 0 0 1 21.7252
0 0 0 0 1 21.4701
0 0 0 0 1 21.6455
0 0 0 0 1 21.4775
0 0 0 0 1 21.5462
0 0 0 0 0 5.05008
0 0 0 0 0 5.05008
0 0 0 0 0 4.98996
0 0 0 0 0 4.98996
0 0 0 0 0 5.00499
0 0 0 0 0 99.8838
0 0 0 0 1 94.0716
0 0 0 0 0 89.4056
0 0 0 0 1 85.0221
0 0 0 0 1 81.6368
0 0 0 0 1 77.3862
0 0 0 0 1 74.0323
0 0 0 0 1 70.6862
0 0 0 0 0 68.2049
0 0 0 0 1 65.9826
0 0 0 0 1 63.2301
0 0 0 0 1 60.1355
0 0 0 0 1 58.8322
0 0 0 0 1 56.0973
0 0 0 0 1 55.1692
0 0 0 0 1 53.5715
0 0 0 0 1 51.491
0 0 0 0 1 49.5383
0 0 0 0 0 49.0625
0 0 0 0 0 47.5175
0 0 0 0 1 46.0534
0 0 0 0 1 44.4102
0 0 0 0 1 43.7135
0 0 0 0 0 42.6713
0 0 0 0 1 41.5305
0 0 0 0 1 40.9943
0 0 0 0 1 39.6943
0 0 0 0 1 38.9647
0 0 0 0 1 37.9831
0 0 0 0 1 37.2049
0 0 0 0 0 36.3924
0 0 0 0 1 35.2817
0 0 0 0 1 34.7228
0 0 0 0 1 34.1004
0 0 0 0 1 33.3808
0 0 0 0 1 32.9798
0 0 0 0 1 32.0191
0 0 0 0 1 31.5255
0 0 0 0 1 31.2447
0 0 0 0 0 30.5459
0 0 0 0 1 30.1632
0 0 0 0 1 29.4507
0 0 0 0 0 29.2298
0 0 0 0 1 28.3246
0 0 0 0 0 28.3532
0 0 0 0 1 27.5738
0 0 0 0 1 27.3874
0 0 0 0 1 26.6401
0 0 0 0 1 26.619
0 0 0 0 1 26.0666
0 0 0 0 1 25.7952
0 0 0 0 0 25.5562
0 0 0 0 1 25.0743
0 0 0 0 1 24.6456
0 0 0 0 1 24.1658
0 0 0 0 0 24.1546
0 0 0 0 1 23.7105
0 0 0 0 1 23.1958
0 0 0 0 0 22.9955
0 0 0 0 1 22.6248
0 0 0 0 1 22.2752
0 0 0 0 1 22.3676
0 0 0 0 0 21.9073
0 0 0 0 0 21.7613
0 0 0 0 1 21.1976
0 0 0 0 1 21.0825
0 0 0 0 0 20.7352
0 0 0 0 1 20.5146
0 0 0 0 1 20.3533
0 0 0 0 0 20.3431
0 0 0 0 1 20.0876
0 0 0 0 1 19.9228
0 0 0 0 1 19.5608
0 0 0 0 0 19.5025
0 0 0 0 0 19.068
0 0 0 0 1 19.1212
0 0 0 0 1 18.645
0 0 0 0 1 18.5737
0 0 0 0 1 18.1974
0 0 0 0 0 18.2799
0 0 0 0 1 17.9975
0 0 0 0 1 17.7263
0 0 0 0 1 17.5459
0 0 0 0 1 17.3487
0 0 0 0 1 17.4473
0 0 0 0 1 17.026
0 0 0 0 1 16.9932
0 0 0 0 1 16.7055
0 0 0 0 1 16.6882
0 0 0 0 1 16.5119
0 0 0 0 1 16.5995
0 0 0 0 1 16.1947
0 0 0 0 1 16.1338
0 0 0 0 1 15.9775
0 0 0 0 1 15.9721
0 0 0 0 1 15.7985
0 0 0 0 0 15.7303
0 0 0 0 1 15.4115
0 0 0 0 1 15.4892
0 0 0 0 1 15.2284
0 0 0 0 0 14.9939
0 0 0 0 1 15.1735
0 0 0 0 0 14.9909
0 0 0 0 1 14.9454
0 0 0 0 1 14.729
0 0 0 0 1 14.7039
0 0 0 0 0 14.5274
0 0 0 0 0 14.2659
0 0 0 0 1 14.1781
0 0 0 0 0 14.2178
0 0 0 0 0 13.9886
0 0 0 0 1 14.1051
0 0 0 0 1 13.7806
0 0 0 0 0 13.8948
0 0 0 0 1 13.5604
0 0 0 0 1 13.477
0 0 0 0 1 13.6285
0 0 0 0 1 13.4419
0 0 0 0 1 13.3367
0 0 0 0 1 13.1741
0 0 0 0 1 13.0259
0 0 0 0 1 13.0224
0 0 0 0 1 13.0701
0 0 0 0 0 12.9875
0 0 0 0 0 12.785
0 0 0 0 0 12.6782
0 0 0 0 1 12.7619
0 0 0 0 1 12.4869
0 0 0 0 1 12.6069
0 0 0 0 1 12.517
0 0 0 0 0 12.4319
0 0 0 0 1 12.3146
0 0 0 0 0 12.3404
0 0 0 0 0 12.1224
0 0 0 0 1 11.9745
0 0 0 0 1 11.9359
0 0 0 0 0 11.9612
0 0 0 0 1 11.7914
0 0 0 0 1 11.8988
0 0 0 0 1 11.742
0 0 0 0 1 11.5982
0 0 0 0 1 11.6414
0 0 0 0 0 11.4525
0 0 0 0 0 11.5297
0 0 0 0 0 11.3768
0 0 0 0 0 11.3504
0 0 0 0 1 11.2521
0 0 0 0 1 11.2897
0 0 0 0 1 11.1171
0 0 0 0 1 11.132
0 0 0 0 0 11.1834
0 0 0 0 1 11.153
0 0 0 0 1 10.9356
0 0 0 0 1 10.9279
0 0 0 0 1 10.9528
0 0 0 0 1 10.9554
0 0 0 0 1 10.6986
0 0 0 0 1 10.7019
0 0 0 0 0 10.8011
0 0 0 0 1 10.6969
0 0 0 0 1 10.6714
0 0 0 0 1 10.6421
0 0 0 0 0 10.4867
0 0 0 0 1 10.3744
0 0 0 0 1 10.3428
0 0 0 0 1 10.3769
0 0 0 0 1 10.3452
0 0 0 0 1 10.3239
0 0 0 0 0 10.1489
0 0 0 0 1 10.1181
0 0 0 0 1 10.2295
0 0 0 0 0 10.1376
0 0 0 0 1 9.99915
0 0 0 0 0 10.1092
0 0 0 0 1 9.99851
0 0 0 0 1 9.9582
0 0 0 0 1 9.94459
0 0 0 0 1 9.82557
0 0 0 0 1 9.76312
0 0 0 0 1 9.81213
0 0 0 0 0 9.84112
0 0 0 0 1 9.76281
0 0 0 0 1 9.70118
0 0 0 0 1 9.62382
0 0 0 0 1 9.61107
0 0 0 0 1 9.55999
0 0 0 0 0 9.62704
0 0 0 0 0 9.56663
0 0 0 0 1 9.42445
0 0 0 0 1 9.46899
0 0 0 0 0 9.35307
0 0 0 0 0 9.45698
0 0 0 0 1 9.44472
0 0 0 0 1 9.26473
0 0 0 0 1 9.26844
0 0 0 0 0 9.35265
0 0 0 0 1 9.17463
0 0 0 0 1 9.17254
0 0 0 0 1 9.09708
0 0 0 0 0 9.18663
0 0 0 0 1 9.17537
0 0 0 0 1 9.13692
0 0 0 0 0 9.0444
0 0 0 0 1 8.98856
0 0 0 0 1 8.96575
0 0 0 0 1 9.00022
0 0 0 0 1 8.87012
0 0 0 0 1 8.90472
0 0 0 0 1 8.92132
0 0 0 0 1 8.88464
0 0 0 0 0 8.92777
0 0 0 0 1 8.8704
0 0 0 0 1 8.81669
0 0 0 0 1 8.75458
0 0 0 0 0 8.79974
0 0 0 0 1 8.64212
0 0 0 0 1 8.67334
0 0 0 0 1 8.61245
0 0 0 0 1 8.60037
0 0 0 0 1 8.68677
0 0 0 0 1 8.59722
0 0 0 0 0 8.64037
0 0 0 0 1 8.58573
0 0 0 0 1 8.60321
0 0 0 0 1 8.43835
0 0 0 0 1 8.41873
0 0 0 0 0 8.42468
0 0 0 0 1 8.53212
0 0 0 0 1 8.36072
0 0 0 0 1 8.4547
0 0 0 0 0 8.41039
0 0 0 0 0 8.42495
0 0 0 0 1 8.28911
0 0 0 0 1 8.37072
0 0 0 0 1 8.30602
0 0 0 0 1 8.2629
0 0 0 0 1 8.31109
0 0 0 0 0 8.27277
0 0 0 0 1 8.1807
0 0 0 0 1 8.15494
0 0 0 0 0 8.25254
0 0 0 0 1 8.13677
0 0 0 0 1 8.25869
0 0 0 0 0 8.22516
0 0 0 0 1 8.15929
0 0 0 0 1 8.04502
0 0 0 0 1 8.06107
0 0 0 0 1 8.0205
0 0 0 0 1 8.03672
0 0 0 0 1 7.98044
0 0 0 0 1 8.05716
0 0 0 0 1 8.11368
0 0 0 0 1 8.05783
0 0 0 0 1 7.97831
0 0 0 0 0 8.04296
0 0 0 0 1 7.91989
0 0 0 0 1 7.90503
0 0 0 0 1 7.8983
0 0 0 0 1 7.97102
0 0 0 0 1 7.86151
0 0 0 0 1 7.8904
0 0 0 0 1 7.82106
0 0 0 0 1 7.82299
0 0 0 0 1 7.82845
0 0 0 0 1 7.88112
0 0 0 0 0 7.89895
0 0 0 0 1 7.81506
0 0 0 0 1 7.86449
0 0 0 0 1 7.84689
0 0 0 0 1 7.73267
0 0 0 0 1 7.79796
0 0 0 0 1 7.85077
0 0 0 0 1 7.72969
0 0 0 0 1 7.72837
