0 0 0 0 1 5.58063
0 0 0 0 1 5.53422
0 0 0 0 1 5.59909
0 0 0 0 1 5.56638
0 0 0 0 0 5.53121
0 0 0 0 0 5.62463
0 0 0 0 1 5.63349
0 0 0 0 1 5.58174
0 0 0 0 1 5.5603
0 0 0 0 1 5.5759
0 0 0 0 1 5.64797
0 0 0 0 1 5.5963
0 0 0 0 0 5.66535
0 0 0 0 1 5.68729
0 0 0 0 0 5.68106
0 0 0 0 1 5.72804
0 0 0 0 0 5.7334
0 0 0 0 1 5.71039
0 0 0 0 1 5.72164
0 0 0 0 1 5.70256
0 0 0 0 1 5.73685
0 0 0 0 1 5.69105
0 0 0 0 1 5.73712
0 0 0 0 1 5.76619
0 0 0 0 1 5.72799
0 0 0 0 0 5.8382
0 0 0 0 1 5.75201
0 0 0 0 0 5.84548
0 0 0 0 1 5.77072
0 0 0 0 1 5.8881
0 0 0 0 1 5.84832
0 0 0 0 1 5.80418
0 0 0 0 1 5.83613
0 0 0 0 1 5.83142
0 0 0 0 1 5.84442
0 0 0 0 1 5.86934
0 0 0 0 1 5.86487
0 0 0 0 1 5.93155
0 0 0 0 1 5.87981
0 0 0 0 1 5.97076
0 0 0 0 1 6.02638
0 0 0 0 1 6.01654
0 0 0 0 0 5.95407
0 0 0 0 1 5.96812
0 0 0 0 1 5.99431
0 0 0 0 1 6.08101
0 0 0 0 1 5.99761
0 0 0 0 1 6.03031
0 0 0 0 1 6.02064
0 0 0 0 1 6.08412
0 0 0 0 0 6.14794
0 0 0 0 1 6.09572
0 0 0 0 1 6.18965
0 0 0 0 1 6.14452
0 0 0 0 0 6.19693
0 0 0 0 1 6.18156
0 0 0 0 0 6.19716
0 0 0 0 1 6.26169
0 0 0 0 1 6.17781
0 0 0 0 1 6.24366
0 0 0 0 1 6.30273
0 0 0 0 1 6.27494
0 0 0 0 1 6.25334
0 0 0 0 1 6.35816
0 0 0 0 1 6.34938
0 0 0 0 1 6.37156
0 0 0 0 1 6.4266
0 0 0 0 1 6.41079
0 0 0 0 1 6.3764
0 0 0 0 1 6.40544
0 0 0 0 1 6.5259
0 0 0 0 1 6.51027
0 0 0 0 1 6.54724
0 0 0 0 1 6.57137
0 0 0 0 1 6.55641
0 0 0 0 1 6.59318
0 0 0 0 0 6.61045
0 0 0 0 1 6.65483
0 0 0 0 1 6.60615
0 0 0 0 1 6.70339
0 0 0 0 1 6.63446
0 0 0 0 1 6.71292
0 0 0 0 1 6.67099
0 0 0 0 1 6.74268
0 0 0 0 1 6.82163
0 0 0 0 1 6.83326
0 0 0 0 1 6.87219
0 0 0 0 1 6.81565
0 0 0 0 1 6.83411
0 0 0 0 1 6.91465
0 0 0 0 1 6.89205
0 0 0 0 1 6.87668
0 0 0 0 0 6.96501
0 0 0 0 1 6.99807
0 0 0 0 1 6.96121
0 0 0 0 1 6.99438
0 0 0 0 1 6.99897
0 0 0 0 0 7.14594
0 0 0 0 1 7.08025
0 0 0 0 1 7.19989
0 0 0 0 1 7.15528
0 0 0 0 0 7.27594
0 0 0 0 1 7.28136
0 0 0 0 1 7.19264
0 0 0 0 0 7.32156
0 0 0 0 1 7.3053
0 0 0 0 0 7.43558
0 0 0 0 1 7.4493
0 0 0 0 1 7.46975
0 0 0 0 1 7.52749
0 0 0 0 0 7.4363
0 0 0 0 1 7.57676
0 0 0 0 1 7.54468
0 0 0 0 1 7.60317
0 0 0 0 0 7.69289
0 0 0 0 1 7.714
0 0 0 0 1 7.62747
0 0 0 0 1 7.69445
0 0 0 0 1 7.83948
0 0 0 0 1 7.73614
0 0 0 0 1 7.8671
0 0 0 0 1 7.8413
0 0 0 0 1 7.9173
0 0 0 0 1 7.87511
0 0 0 0 1 8.00749
0 0 0 0 1 8.00497
0 0 0 0 0 8.09093
0 0 0 0 1 8.06403
0 0 0 0 1 8.17455
0 0 0 0 1 8.10632
0 0 0 0 1 8.27526
0 0 0 0 1 8.35468
0 0 0 0 1 8.37691
0 0 0 0 1 8.34835
0 0 0 0 0 8.4537
0 0 0 0 0 8.52604
0 0 0 0 0 8.53079
0 0 0 0 1 8.51813
0 0 0 0 1 8.53154
0 0 0 0 1 8.62176
0 0 0 0 0 8.64232
0 0 0 0 1 8.65476
0 0 0 0 0 8.71003
0 0 0 0 1 8.79382
0 0 0 0 1 8.82304
0 0 0 0 1 9.04006
0 0 0 0 0 9.07918
0 0 0 0 1 8.98229
0 0 0 0 0 9.20378
0 0 0 0 1 9.08722
0 0 0 0 1 9.27314
0 0 0 0 0 9.23803
0 0 0 0 1 9.34315
0 0 0 0 1 9.41864
0 0 0 0 0 9.42941
0 0 0 0 0 9.53373
0 0 0 0 1 9.57165
0 0 0 0 0 9.56246
0 0 0 0 1 9.63858
0 0 0 0 1 9.68567
0 0 0 0 1 9.82135
0 0 0 0 1 9.95957
0 0 0 0 1 10.0362
0 0 0 0 0 9.9637
0 0 0 0 1 10.0903
0 0 0 0 1 10.0972
0 0 0 0 1 10.3379
0 0 0 0 1 10.2499
0 0 0 0 1 10.5265
0 0 0 0 1 10.4475
0 0 0 0 1 10.6624
0 0 0 0 1 10.6858
0 0 0 0 1 10.775
0 0 0 0 1 10.8949
0 0 0 0 1 10.8518
0 0 0 0 1 10.9741
0 0 0 0 0 11.1282
0 0 0 0 1 11.08
0 0 0 0 1 11.305
0 0 0 0 1 11.4594
0 0 0 0 0 11.4089
0 0 0 0 1 11.483
0 0 0 0 1 11.5687
0 0 0 0 1 11.8631
0 0 0 0 1 11.8201
0 0 0 0 0 11.9033
0 0 0 0 0 12.1071
0 0 0 0 1 12.182
0 0 0 0 1 12.1642
0 0 0 0 1 12.3177
0 0 0 0 1 12.4756
0 0 0 0 1 12.754
0 0 0 0 0 12.711
0 0 0 0 0 12.8639
0 0 0 0 1 13.1216
0 0 0 0 1 13.2114
0 0 0 0 1 13.1904
0 0 0 0 1 13.2645
0 0 0 0 1 13.6041
0 0 0 0 1 13.6336
0 0 0 0 0 13.7118
0 0 0 0 1 13.8306
0 0 0 0 0 14.0903
0 0 0 0 1 14.3476
0 0 0 0 1 14.5065
0 0 0 0 1 14.4613
0 0 0 0 1 14.731
0 0 0 0 1 14.9884
0 0 0 0 0 15.2028
0 0 0 0 1 15.2999
0 0 0 0 1 15.6177
0 0 0 0 1 15.5885
0 0 0 0 1 15.7855
0 0 0 0 1 15.9413
0 0 0 0 1 16.0992
0 0 0 0 1 16.3549
0 0 0 0 1 16.7454
0 0 0 0 0 16.7453
0 0 0 0 1 17.2035
0 0 0 0 0 17.4851
0 0 0 0 1 17.5494
0 0 0 0 1 17.6722
0 0 0 0 1 18.2716
0 0 0 0 1 18.4775
0 0 0 0 1 18.6546
0 0 0 0 1 18.7822
0 0 0 0 1 19.2605
0 0 0 0 1 19.4235
0 0 0 0 1 19.8099
0 0 0 0 0 20.0279
0 0 0 0 0 20.5699
0 0 0 0 0 20.9618
0 0 0 0 0 21.0809
0 0 0 0 1 21.6104
0 0 0 0 1 21.6534
0 0 0 0 1 22.3148
0 0 0 0 1 22.6109
0 0 0 0 1 22.9034
0 0 0 0 1 21.0011
0 0 0 0 1 21.1508
0 0 0 0 0 21.1502
0 0 0 0 1 21.3424
0 0 0 0 1 20.9409
0 0 0 0 0 21.3025
0 0 0 0 1 21.1135
0 0 0 0 1 20.9693
0 0 0 0 1 21.2468
0 0 0 0 1 21.2067
0 0 0 0 1 20.8326
0 0 0 0 1 21.0476
0 0 0 0 1 20.9461
0 0 0 0 1 20.9307
0 0 0 0 1 21.1672
0 0 0 0 1 21.0686
0 0 0 0 1 21.1154
0 0 0 0 1 21.0805
0 0 0 0 1 20.9415
0 0 0 0 1 20.7613
0 0 0 0 1 21.0603
0 0 0 0 0 20.8472
0 0 0 0 1 21.7324
0 0 0 0 1 22.5787
0 0 0 0 0 23.0675
0 0 0 0 1 24.2295
0 0 0 0 1 46.9341
0 0 0 0 0 48.4133
0 0 0 0 1 42.5231
0 0 0 0 0 42.1239
0 0 0 0 0 42.4858
0 0 0 0 1 42.3844
0 0 0 0 1 41.9872
0 0 0 0 1 42.0142
0 0 0 0 1 41.7879
0 0 0 0 1 42.1541
0 0 0 0 1 41.8451
0 0 0 0 1 41.7909
0 0 0 0 1 41.7368
0 0 0 0 1 44.8153
0 0 0 0 0 5.0601
0 0 0 0 0 4.96491
0 0 0 0 1 22.043
0 0 0 0 0 21.8847
0 0 0 0 1 21.9694
0 0 0 0 1 21.9882
0 0 0 0 1 21.9416
0 0 0 0 1 21.9832
0 0 0 0 1 21.9813
0 0 0 0 1 21.9579
0 0 0 0 0 21.9348
0 0 0 0 1 21.9782
0 0 0 0 1 21.78
0 0 0 0 0 22.2202
0 0 0 0 0 21.9568
0 0 0 0 1 21.8479
0 0 0 0 1 22.2013
0 0 0 0 1 22.1593
0 0 0 0 0 22.2277
0 0 0 0 1 22.0542
0 0 0 0 1 22.2336
0 0 0 0 1 22.215
0 0 0 0 1 21.8007
0 0 0 0 0 4.98996
0 0 0 0 0 5.00499
0 0 0 0 0 5.05008
0 0 0 0 0 4.97493
0 0 0 0 0 5.05008
0 0 0 0 0 5.05509
0 0 0 0 1 99.0855
0 0 0 0 1 95.1085
0 0 0 0 1 88.4231
0 0 0 0 1 85.5312
0 0 0 0 1 81.071
0 0 0 0 0 77.8491
0 0 0 0 1 73.9585
0 0 0 0 1 70.9692
0 0 0 0 1 68.5445
0 0 0 0 1 65.7213
0 0 0 0 0 63.293
0 0 0 0 1 60.621
0 0 0 0 1 58.7151
0 0 0 0 1 56.154
0 0 0 0 0 55.1692
0 0 0 0 1 53.412
0 0 0 0 1 51.3364
0 0 0 0 1 49.8886
0 0 0 0 1 48.7707
0 0 0 0 1 46.8083
0 0 0 0 1 45.7774
0 0 0 0 1 44.7239
0 0 0 0 1 43.9318
0 0 0 0 0 42.3732
0 0 0 0 0 41.6137
0 0 0 0 1 40.9943
0 0 0 0 1 39.2978
0 0 0 0 1 38.4219
0 0 0 0 1 37.6041
0 0 0 0 1 36.7227
0 0 0 0 0 36.1019
0 0 0 0 1 35.424
0 0 0 0 1 34.9668
0 0 0 0 1 34.3054
0 0 0 0 0 33.716
0 0 0 0 0 33.21
0 0 0 0 1 32.5356
0 0 0 0 1 32.0007
0 0 0 0 1 30.8712
0 0 0 0 1 30.7599
0 0 0 0 1 30.1632
0 0 0 0 0 29.4803
0 0 0 0 1 28.9974
0 0 0 0 1 28.4676
0 0 0 0 0 28.3532
0 0 0 0 0 27.6292
0 0 0 0 1 27.4964
0 0 0 0 0 26.7206
0 0 0 0 1 26.3811
0 0 0 0 1 26.1708
0 0 0 0 1 25.6412
0 0 0 0 1 25.5056
0 0 0 0 1 24.7749
0 0 0 0 1 24.4488
0 0 0 0 1 24.4084
0 0 0 0 0 23.7237
0 0 0 0 1 23.4743
0 0 0 0 1 23.1491
0 0 0 0 1 23.0646
0 0 0 0 1 22.9428
0 0 0 0 1 22.2079
0 0 0 0 0 22.1902
0 0 0 0 1 21.7103
0 0 0 0 1 21.718
0 0 0 0 1 21.3472
0 0 0 0 1 20.9135
0 0 0 0 1 21.0693
0 0 0 0 1 20.5352
0 0 0 0 1 20.4554
0 0 0 0 0 20.0404
0 0 0 0 0 19.8281
0 0 0 0 1 19.6858
0 0 0 0 1 19.3458
0 0 0 0 1 19.5218
0 0 0 0 1 19.2975
0 0 0 0 1 18.8562
0 0 0 0 1 18.5514
0 0 0 0 1 18.6293
0 0 0 0 1 18.2158
0 0 0 0 1 18.3526
0 0 0 0 1 18.0515
0 0 0 0 1 17.7084
0 0 0 0 1 17.7403
0 0 0 0 0 17.3662
0 0 0 0 0 17.5167
0 0 0 0 1 17.129
0 0 0 0 1 17.0783
0 0 0 0 1 16.8574
0 0 0 0 1 16.8888
0 0 0 0 0 16.4953
0 0 0 0 1 16.5009
0 0 0 0 1 16.1458
0 0 0 0 1 16.3115
0 0 0 0 1 15.9295
0 0 0 0 1 16.0516
0 0 0 0 1 15.6567
0 0 0 0 1 15.6209
0 0 0 0 1 15.3804
0 0 0 0 1 15.2277
0 0 0 0 1 15.2284
0 0 0 0 1 15.2968
0 0 0 0 1 15.0683
0 0 0 0 1 14.8717
0 0 0 0 0 14.8862
0 0 0 0 1 14.7878
0 0 0 0 1 14.4999
0 0 0 0 1 14.4116
0 0 0 0 1 14.3952
0 0 0 0 1 14.2066
0 0 0 0 1 14.0196
0 0 0 0 1 14.1714
0 0 0 0 1 13.9934
0 0 0 0 1 13.7668
0 0 0 0 1 13.881
0 0 0 0 1 13.6014
0 0 0 0 0 13.4906
0 0 0 0 1 13.6015
0 0 0 0 1 13.281
0 0 0 0 1 13.2302
0 0 0 0 1 13.3063
0 0 0 0 1 13.2099
0 0 0 0 0 12.931
0 0 0 0 1 12.8884
0 0 0 0 1 12.9617
0 0 0 0 1 12.862
0 0 0 0 0 12.7292
0 0 0 0 0 12.7112
0 0 0 0 1 12.638
0 0 0 0 1 12.4193
0 0 0 0 1 12.517
0 0 0 0 1 12.3453
0 0 0 0 0 12.3638
0 0 0 0 1 12.3404
0 0 0 0 1 12.0859
0 0 0 0 1 11.9624
0 0 0 0 1 11.984
0 0 0 0 0 11.8417
0 0 0 0 1 11.934
0 0 0 0 1 11.8988
0 0 0 0 1 11.6715
0 0 0 0 1 11.7385
0 0 0 0 1 11.6996
0 0 0 0 1 11.545
0 0 0 0 1 11.4837
0 0 0 0 0 11.3768
0 0 0 0 1 11.3162
0 0 0 0 1 11.32
0 0 0 0 1 11.3686
0 0 0 0 1 11.162
0 0 0 0 1 11.1544
0 0 0 0 1 11.2056
0 0 0 0 1 10.9872
0 0 0 0 1 11.0346
0 0 0 0 1 10.8951
0 0 0 0 0 10.8002
0 0 0 0 1 10.9228
0 0 0 0 0 10.8282
0 0 0 0 1 10.6374
0 0 0 0 0 10.7049
0 0 0 0 1 10.6862
0 0 0 0 1 10.682
0 0 0 0 1 10.6527
0 0 0 0 1 10.5183
0 0 0 0 1 10.5209
0 0 0 0 1 10.4782
0 0 0 0 1 10.4287
0 0 0 0 1 10.3762
0 0 0 0 0 10.2005
0 0 0 0 0 10.323
0 0 0 0 1 10.1487
0 0 0 0 1 10.1076
0 0 0 0 1 10.087
0 0 0 0 1 10.0294
0 0 0 0 1 9.9989
0 0 0 0 1 10.0684
0 0 0 0 0 10.0378
0 0 0 0 0 9.92476
0 0 0 0 1 9.8552
0 0 0 0 0 9.88122
0 0 0 0 1 9.89055
0 0 0 0 1 9.74349
0 0 0 0 1 9.64612
0 0 0 0 1 9.72057
0 0 0 0 0 9.68174
0 0 0 0 1 9.52448
0 0 0 0 1 9.56958
0 0 0 0 1 9.48378
0 0 0 0 1 9.43337
0 0 0 0 1 9.55718
0 0 0 0 1 9.41229
0 0 0 0 1 9.5132
0 0 0 0 1 9.3444
0 0 0 0 0 9.26704
0 0 0 0 1 9.22744
0 0 0 0 0 9.37999
0 0 0 0 1 9.17671
0 0 0 0 0 9.22078
0 0 0 0 1 9.15414
0 0 0 0 1 9.1521
0 0 0 0 1 9.21405
0 0 0 0 1 9.19359
0 0 0 0 1 9.00069
0 0 0 0 1 9.03535
0 0 0 0 1 9.05173
0 0 0 0 0 9.01976
0 0 0 0 1 8.89255
0 0 0 0 1 8.93277
0 0 0 0 1 8.83334
0 0 0 0 1 8.9658
0 0 0 0 1 8.77824
0 0 0 0 1 8.84822
0 0 0 0 1 8.88803
0 0 0 0 1 8.73758
0 0 0 0 1 8.82469
0 0 0 0 0 8.68603
0 0 0 0 0 8.69445
0 0 0 0 0 8.76903
0 0 0 0 1 8.75989
0 0 0 0 1 8.56577
0 0 0 0 1 8.6609
0 0 0 0 1 8.52837
0 0 0 0 0 8.63179
0 0 0 0 1 8.48301
0 0 0 0 1 8.46665
0 0 0 0 0 8.5235
0 0 0 0 1 8.54616
0 0 0 0 0 8.44163
0 0 0 0 1 8.48138
0 0 0 0 1 8.41977
0 0 0 0 1 8.47994
0 0 0 0 0 8.35163
0 0 0 0 1 8.38308
0 0 0 0 1 8.38939
0 0 0 0 1 8.25399
0 0 0 0 0 8.39748
0 0 0 0 1 8.2546
0 0 0 0 0 8.31937
0 0 0 0 1 8.33889
0 0 0 0 1 8.23018
0 0 0 0 0 8.21255
0 0 0 0 1 8.17043
0 0 0 0 1 8.24329
0 0 0 0 1 8.12786
0 0 0 0 1 8.20884
0 0 0 0 0 8.18372
0 0 0 0 1 8.15066
0 0 0 0 0 8.12595
0 0 0 0 1 8.02859
0 0 0 0 1 8.10134
0 0 0 0 1 8.0288
0 0 0 0 1 7.99277
0 0 0 0 1 8.06548
0 0 0 0 0 7.9536
0 0 0 0 1 7.99431
0 0 0 0 1 7.97906
0 0 0 0 1 8.03155
0 0 0 0 1 7.913
0 0 0 0 1 7.96187
0 0 0 0 1 7.98688
0 0 0 0 0 7.94068
0 0 0 0 1 7.91412
0 0 0 0 1 7.92365
0 0 0 0 1 7.82299
0 0 0 0 0 7.87566
0 0 0 0 1 7.92826
0 0 0 0 1 7.85189
0 0 0 0 1 7.80723
0 0 0 0 1 7.86449
0 0 0 0 0 7.78443
0 0 0 0 0 7.75606
0 0 0 0 1 7.84466
0 0 0 0 0 7.7575
0 0 0 0 1 7.70641
0 0 0 0 1 7.79814
