0 0 0 0 0 5.60282
0 0 0 0 1 5.6009
0 0 0 0 1 5.59909
0 0 0 0 1 5.61095
0 0 0 0 1 5.57028
0 0 0 0 1 5.54635
0 0 0 0 1 5.64468
0 0 0 0 1 5.54812
0 0 0 0 1 5.5603
0 0 0 0 1 5.66583
0 0 0 0 1 5.59166
0 0 0 0 1 5.68092
0 0 0 0 1 5.64276
0 0 0 0 1 5.61938
0 0 0 0 1 5.72075
0 0 0 0 1 5.73371
0 0 0 0 0 5.72203
0 0 0 0 1 5.70469
0 0 0 0 1 5.73877
0 0 0 0 1 5.69114
0 0 0 0 1 5.73685
0 0 0 0 1 5.78857
0 0 0 0 0 5.76586
0 0 0 0 1 5.81803
0 0 0 0 1 5.82029
0 0 0 0 1 5.73415
0 0 0 0 1 5.79835
0 0 0 0 1 5.83387
0 0 0 0 1 5.77072
0 0 0 0 1 5.84729
0 0 0 0 1 5.88337
0 0 0 0 1 5.89195
0 0 0 0 1 5.83613
0 0 0 0 1 5.8784
0 0 0 0 1 5.92682
0 0 0 0 1 5.87524
0 0 0 0 1 5.85304
0 0 0 0 0 5.9671
0 0 0 0 1 5.91544
0 0 0 0 0 5.9648
0 0 0 0 1 6.01445
0 0 0 0 1 5.96869
0 0 0 0 0 6.03793
0 0 0 0 1 5.9441
0 0 0 0 1 5.9582
0 0 0 0 1 6.09308
0 0 0 0 1 6.00972
0 0 0 0 1 6.00605
0 0 0 0 1 6.13011
0 0 0 0 1 6.05973
0 0 0 0 1 6.05627
0 0 0 0 1 6.13861
0 0 0 0 1 6.13433
0 0 0 0 1 6.2184
0 0 0 0 1 6.17841
0 0 0 0 1 6.17537
0 0 0 0 1 6.19096
0 0 0 0 1 6.2368
0 0 0 0 0 6.18405
0 0 0 0 1 6.30622
0 0 0 0 0 6.23368
0 0 0 0 0 6.30012
0 0 0 0 1 6.25334
0 0 0 0 0 6.35184
0 0 0 0 0 6.35572
0 0 0 0 1 6.38429
0 0 0 0 1 6.33087
0 0 0 0 0 6.46843
0 0 0 0 1 6.44061
0 0 0 0 0 6.39255
0 0 0 0 1 6.41606
0 0 0 0 1 6.47137
0 0 0 0 1 6.47572
0 0 0 0 1 6.50618
0 0 0 0 1 6.56294
0 0 0 0 1 6.58005
0 0 0 0 1 6.53144
0 0 0 0 1 6.5492
0 0 0 0 1 6.56639
0 0 0 0 1 6.67679
0 0 0 0 1 6.70788
0 0 0 0 1 6.65268
0 0 0 0 0 6.76495
0 0 0 0 0 6.80331
0 0 0 0 0 6.72698
0 0 0 0 1 6.81291
0 0 0 0 1 6.74959
0 0 0 0 1 6.85666
0 0 0 0 0 6.92331
0 0 0 0 1 6.93531
0 0 0 0 1 6.93352
0 0 0 0 1 6.95293
0 0 0 0 0 6.88847
0 0 0 0 1 6.97014
0 0 0 0 1 7.00328
0 0 0 0 1 7.05067
0 0 0 0 0 7.01311
0 0 0 0 1 7.05369
0 0 0 0 1 7.07313
0 0 0 0 1 7.13554
0 0 0 0 1 7.10504
0 0 0 0 0 7.26153
0 0 0 0 1 7.2307
0 0 0 0 1 7.27256
0 0 0 0 1 7.24126
0 0 0 0 1 7.39322
0 0 0 0 1 7.30307
0 0 0 0 1 7.40501
0 0 0 0 1 7.48458
0 0 0 0 0 7.44551
0 0 0 0 1 7.40638
0 0 0 0 0 7.55421
0 0 0 0 1 7.61265
0 0 0 0 1 7.66388
0 0 0 0 1 7.58626
0 0 0 0 0 7.66043
0 0 0 0 1 7.63516
0 0 0 0 1 7.65582
0 0 0 0 1 7.7541
0 0 0 0 1 7.83752
0 0 0 0 1 7.78099
0 0 0 0 0 7.78624
0 0 0 0 1 7.84612
0 0 0 0 1 7.95458
0 0 0 0 0 8.00749
0 0 0 0 1 8.10934
0 0 0 0 1 8.13127
0 0 0 0 1 8.14507
0 0 0 0 1 8.199
0 0 0 0 1 8.24552
0 0 0 0 1 8.31643
0 0 0 0 1 8.23876
0 0 0 0 1 8.327
0 0 0 0 0 8.28979
0 0 0 0 0 8.43688
0 0 0 0 1 8.39917
0 0 0 0 1 8.52229
0 0 0 0 1 8.52668
0 0 0 0 1 8.64323
0 0 0 0 1 8.69951
0 0 0 0 1 8.60754
0 0 0 0 0 8.68098
0 0 0 0 0 8.81561
0 0 0 0 1 8.87337
0 0 0 0 0 8.92087
0 0 0 0 1 8.99531
0 0 0 0 1 8.93506
0 0 0 0 1 8.97323
0 0 0 0 1 9.19467
0 0 0 0 1 9.1239
0 0 0 0 1 9.26392
0 0 0 0 1 9.3123
0 0 0 0 1 9.24982
0 0 0 0 1 9.42804
0 0 0 0 1 9.50507
0 0 0 0 1 9.6004
0 0 0 0 1 9.55247
0 0 0 0 1 9.73614
0 0 0 0 1 9.79404
0 0 0 0 1 9.88134
0 0 0 0 1 9.94941
0 0 0 0 0 9.95957
0 0 0 0 0 10.0262
0 0 0 0 1 10.0341
0 0 0 0 1 10.1004
0 0 0 0 1 10.0972
0 0 0 0 0 10.3687
0 0 0 0 1 10.3949
0 0 0 0 0 10.3702
0 0 0 0 1 10.584
0 0 0 0 1 10.6095
0 0 0 0 1 10.7605
0 0 0 0 1 10.7213
0 0 0 0 1 10.9165
0 0 0 0 1 11.0155
0 0 0 0 0 11.095
0 0 0 0 1 11.1171
0 0 0 0 1 11.0912
0 0 0 0 0 11.2375
0 0 0 0 1 11.2777
0 0 0 0 1 11.386
0 0 0 0 1 11.5986
0 0 0 0 1 11.6153
0 0 0 0 1 11.8278
0 0 0 0 1 11.8794
0 0 0 0 1 11.8555
0 0 0 0 1 11.9985
0 0 0 0 1 12.2185
0 0 0 0 0 12.2502
0 0 0 0 1 12.4293
0 0 0 0 1 12.4756
0 0 0 0 1 12.5138
0 0 0 0 0 12.6855
0 0 0 0 1 12.9927
0 0 0 0 1 13.0696
0 0 0 0 1 13.1851
0 0 0 0 1 13.4027
0 0 0 0 1 13.3583
0 0 0 0 1 13.5635
0 0 0 0 1 13.5789
0 0 0 0 1 13.7809
0 0 0 0 1 13.8725
0 0 0 0 1 14.062
0 0 0 0 1 14.262
0 0 0 0 1 14.4054
0 0 0 0 1 14.6072
0 0 0 0 1 14.7457
0 0 0 0 1 13.4404
0 0 0 0 1 13.6494
0 0 0 0 1 13.4222
0 0 0 0 1 13.3748
0 0 0 0 1 13.3814
0 0 0 0 0 13.5597
0 0 0 0 1 13.5262
0 0 0 0 1 13.4796
0 0 0 0 1 13.4066
0 0 0 0 1 13.374
0 0 0 0 1 13.4618
0 0 0 0 1 13.363
0 0 0 0 1 13.2617
0 0 0 0 1 13.3498
0 0 0 0 1 13.1727
0 0 0 0 1 13.1949
0 0 0 0 1 13.3628
0 0 0 0 0 13.2794
0 0 0 0 1 13.1304
0 0 0 0 1 13.1534
0 0 0 0 1 13.0712
0 0 0 0 1 13.0815
0 0 0 0 0 13.0394
0 0 0 0 1 13.0108
0 0 0 0 0 13.1789
0 0 0 0 1 13.0746
0 0 0 0 1 13.1251
0 0 0 0 0 13.0059
0 0 0 0 1 13.0046
0 0 0 0 1 13.0426
0 0 0 0 1 13.0418
0 0 0 0 1 12.9891
0 0 0 0 0 12.913
0 0 0 0 1 13.1387
0 0 0 0 0 13.2441
0 0 0 0 1 13.6385
0 0 0 0 1 13.7844
0 0 0 0 1 14.2321
0 0 0 0 0 14.634
0 0 0 0 1 14.961
0 0 0 0 1 15.1262
0 0 0 0 0 15.3553
0 0 0 0 1 15.8524
0 0 0 0 1 16.3593
0 0 0 0 1 31.1179
0 0 0 0 1 32.0619
0 0 0 0 0 33.0856
0 0 0 0 0 33.6516
0 0 0 0 1 34.9535
0 0 0 0 1 35.5488
0 0 0 0 0 36.9523
0 0 0 0 1 37.6384
0 0 0 0 1 39.5122
0 0 0 0 1 40.335
0 0 0 0 0 41.4764
0 0 0 0 1 43.3304
0 0 0 0 1 45.332
0 0 0 0 0 46.5138
0 0 0 0 0 48.7532
0 0 0 0 0 50.4663
0 0 0 0 1 26.8495
0 0 0 0 0 26.4725
0 0 0 0 1 25.5692
0 0 0 0 0 25.2955
0 0 0 0 1 24.5169
0 0 0 0 1 24.0643
0 0 0 0 0 23.1942
0 0 0 0 1 23.349
0 0 0 0 1 23.3027
0 0 0 0 1 23.0476
0 0 0 0 1 23.397
0 0 0 0 1 23.2487
0 0 0 0 0 23.2037
0 0 0 0 0 23.4156
0 0 0 0 1 23.4082
0 0 0 0 1 23.2008
0 0 0 0 1 23.6247
0 0 0 0 1 23.6287
0 0 0 0 0 23.2949
0 0 0 0 1 23.6982
0 0 0 0 1 23.3276
0 0 0 0 1 23.2993
0 0 0 0 1 23.705
0 0 0 0 1 23.7586
0 0 0 0 1 23.7418
0 0 0 0 0 23.7018
0 0 0 0 0 4.99497
0 0 0 0 0 5.04006
0 0 0 0 0 5.01501
0 0 0 0 0 4.96992
0 0 0 0 0 5.02503
0 0 0 0 0 5.03004
0 0 0 0 0 4.9599
0 0 0 0 0 5.05509
0 0 0 0 0 4.9599
0 0 0 0 0 5.02503
0 0 0 0 0 5.03505
0 0 0 0 0 5.02503
0 0 0 0 0 5.00499
0 0 0 0 0 5.04507
0 0 0 0 1 99.8838
0 0 0 0 1 93.7888
0 0 0 0 1 89.8521
0 0 0 0 0 85.5312
0 0 0 0 1 80.5052
0 0 0 0 1 76.3832
0 0 0 0 1 73.7371
0 0 0 0 1 70.9692
0 0 0 0 0 67.5935
0 0 0 0 1 65.5253
0 0 0 0 1 63.4188
0 0 0 0 0 60.3176
0 0 0 0 1 59.008
0 0 0 0 1 56.2673
0 0 0 0 1 55.1692
0 0 0 0 1 53.412
0 0 0 0 1 51.5941
0 0 0 0 1 50.0887
0 0 0 0 1 48.8193
0 0 0 0 1 47.7539
0 0 0 0 0 46.3755
0 0 0 0 1 44.3654
0 0 0 0 0 43.4515
0 0 0 0 1 42.2454
0 0 0 0 0 41.6968
0 0 0 0 1 40.9131
0 0 0 0 1 39.853
0 0 0 0 0 38.9647
0 0 0 0 0 38.2864
0 0 0 0 1 36.871
0 0 0 0 1 36.683
0 0 0 0 1 35.6374
0 0 0 0 1 35.1412
0 0 0 0 0 34.0662
0 0 0 0 1 33.2133
0 0 0 0 1 33.1443
0 0 0 0 1 31.9546
0 0 0 0 1 31.4621
0 0 0 0 1 31.0579
0 0 0 0 0 30.6071
0 0 0 0 0 29.8929
0 0 0 0 1 29.4803
0 0 0 0 1 29.0846
0 0 0 0 1 28.4104
0 0 0 0 1 27.9875
0 0 0 0 1 27.7122
0 0 0 0 1 27.1694
0 0 0 0 0 26.8011
0 0 0 0 1 26.2754
0 0 0 0 1 25.7802
0 0 0 0 1 25.5642
0 0 0 0 1 25.5056
0 0 0 0 1 25.1741
0 0 0 0 1 24.4242
0 0 0 0 0 24.0687
0 0 0 0 1 23.8195
0 0 0 0 1 23.7813
0 0 0 0 1 23.4988
0 0 0 0 1 22.9034
0 0 0 0 0 22.852
0 0 0 0 1 22.3874
0 0 0 0 1 22.1237
0 0 0 0 0 21.7322
0 0 0 0 1 21.6964
0 0 0 0 1 21.1762
0 0 0 0 1 21.1037
0 0 0 0 1 20.7144
0 0 0 0 1 20.6591
0 0 0 0 1 20.537
0 0 0 0 0 20.0606
0 0 0 0 0 20.1475
0 0 0 0 0 19.8043
0 0 0 0 1 19.7171
0 0 0 0 0 19.4638
0 0 0 0 1 19.2019
0 0 0 0 1 19.0076
0 0 0 0 0 18.5888
0 0 0 0 1 18.4995
0 0 0 0 1 18.5279
0 0 0 0 1 18.1707
0 0 0 0 1 18.1956
0 0 0 0 1 17.9938
0 0 0 0 1 17.8286
0 0 0 0 1 17.6288
0 0 0 0 1 17.3779
0 0 0 0 1 17.129
0 0 0 0 1 17.0613
0 0 0 0 0 17.0261
0 0 0 0 1 16.755
0 0 0 0 1 16.628
0 0 0 0 1 16.2708
0 0 0 0 0 16.2272
0 0 0 0 1 15.9885
0 0 0 0 1 15.9936
0 0 0 0 1 15.9562
0 0 0 0 1 15.8142
0 0 0 0 1 15.4801
0 0 0 0 1 15.551
0 0 0 0 1 15.3662
0 0 0 0 1 15.1063
0 0 0 0 1 15.2513
0 0 0 0 0 15.1435
0 0 0 0 1 14.7674
0 0 0 0 0 14.9454
0 0 0 0 1 14.5822
0 0 0 0 0 14.5145
0 0 0 0 1 14.5563
0 0 0 0 1 14.3952
0 0 0 0 1 14.3207
0 0 0 0 0 14.0479
0 0 0 0 1 14.1433
0 0 0 0 1 13.8398
0 0 0 0 1 13.7945
0 0 0 0 1 13.7433
0 0 0 0 1 13.6561
0 0 0 0 0 13.708
0 0 0 0 1 13.4531
0 0 0 0 1 13.3749
0 0 0 0 1 13.4032
0 0 0 0 1 13.2138
0 0 0 0 1 13.223
0 0 0 0 1 13.0355
0 0 0 0 1 12.9144
0 0 0 0 1 12.9488
0 0 0 0 1 12.8492
0 0 0 0 1 12.7037
0 0 0 0 1 12.6099
0 0 0 0 1 12.7135
0 0 0 0 1 12.3817
0 0 0 0 0 12.405
0 0 0 0 0 12.469
0 0 0 0 1 12.2531
0 0 0 0 1 12.1327
0 0 0 0 1 12.2681
0 0 0 0 1 12.0954
0 0 0 0 1 12.1162
0 0 0 0 1 11.9851
0 0 0 0 1 11.8389
0 0 0 0 1 11.8516
0 0 0 0 1 11.7891
0 0 0 0 1 11.7268
0 0 0 0 0 11.7112
0 0 0 0 1 11.626
0 0 0 0 0 11.5297
0 0 0 0 1 11.56
0 0 0 0 1 11.3959
0 0 0 0 1 11.388
0 0 0 0 1 11.2446
0 0 0 0 1 11.1284
0 0 0 0 1 11.0539
0 0 0 0 0 11.0168
0 0 0 0 1 11.153
0 0 0 0 1 11.0566
0 0 0 0 1 10.9279
0 0 0 0 1 10.9201
0 0 0 0 1 10.7927
0 0 0 0 1 10.7202
0 0 0 0 1 10.6911
0 0 0 0 0 10.7476
0 0 0 0 1 10.5372
0 0 0 0 0 10.6184
0 0 0 0 1 10.5048
0 0 0 0 1 10.4237
0 0 0 0 1 10.5313
0 0 0 0 1 10.3949
0 0 0 0 1 10.294
0 0 0 0 1 10.3349
0 0 0 0 1 10.3033
0 0 0 0 1 10.3333
0 0 0 0 1 10.0977
0 0 0 0 1 10.2498
0 0 0 0 1 10.1477
0 0 0 0 1 10.0999
0 0 0 0 1 10.1192
0 0 0 0 0 9.96854
0 0 0 0 1 9.96815
0 0 0 0 1 9.93468
0 0 0 0 0 9.9342
0 0 0 0 1 9.90091
0 0 0 0 1 9.81213
0 0 0 0 1 9.79231
0 0 0 0 1 9.79198
0 0 0 0 1 9.63334
0 0 0 0 0 9.59487
0 0 0 0 0 9.69766
0 0 0 0 1 9.5504
0 0 0 0 1 9.62704
0 0 0 0 1 9.42385
0 0 0 0 0 9.5003
0 0 0 0 1 9.35559
0 0 0 0 1 9.38133
0 0 0 0 1 9.35378
0 0 0 0 1 9.30445
0 0 0 0 1 9.38589
0 0 0 0 1 9.23125
0 0 0 0 1 9.33413
0 0 0 0 1 9.28539
0 0 0 0 0 9.14494
0 0 0 0 1 9.24381
0 0 0 0 1 9.04952
0 0 0 0 1 9.15714
0 0 0 0 0 9.11876
0 0 0 0 1 9.01724
0 0 0 0 1 8.98856
0 0 0 0 0 8.98376
0 0 0 0 0 8.90152
0 0 0 0 1 8.99543
0 0 0 0 1 8.89579
0 0 0 0 1 8.88574
0 0 0 0 0 8.91124
0 0 0 0 1 8.81286
0 0 0 0 1 8.83513
0 0 0 0 0 8.72879
0 0 0 0 1 8.81592
0 0 0 0 1 8.69477
0 0 0 0 1 8.677
0 0 0 0 0 8.61244
0 0 0 0 1 8.61245
0 0 0 0 1 8.59172
0 0 0 0 1 8.64364
0 0 0 0 0 8.63164
0 0 0 0 1 8.54599
0 0 0 0 1 8.50013
0 0 0 0 1 8.61174
0 0 0 0 1 8.58311
0 0 0 0 1 8.50368
0 0 0 0 0 8.42468
0 0 0 0 1 8.50675
0 0 0 0 0 8.46196
0 0 0 0 1 8.39581
0 0 0 0 1 8.36842
0 0 0 0 1 8.33283
0 0 0 0 1 8.34761
0 0 0 0 1 8.30402
0 0 0 0 1 8.32265
0 0 0 0 0 8.31268
0 0 0 0 1 8.22004
0 0 0 0 1 8.19839
0 0 0 0 1 8.23843
0 0 0 0 1 8.19609
0 0 0 0 1 8.13758
0 0 0 0 1 8.16954
0 0 0 0 1 8.15239
0 0 0 0 1 8.12724
0 0 0 0 1 8.10229
0 0 0 0 1 8.14254
0 0 0 0 1 8.18272
0 0 0 0 1 8.0205
0 0 0 0 0 8.03672
0 0 0 0 1 8.11748
0 0 0 0 0 8.08131
0 0 0 0 1 8.04941
0 0 0 0 1 7.98567
0 0 0 0 1 8.05033
0 0 0 0 1 7.99504
0 0 0 0 1 8.03155
0 0 0 0 1 7.97668
0 0 0 0 1 7.99365
0 0 0 0 1 7.9155
0 0 0 0 1 7.87734
0 0 0 0 1 7.96156
0 0 0 0 1 7.90787
0 0 0 0 1 7.87026
0 0 0 0 1 7.78911
0 0 0 0 1 7.77897
0 0 0 0 1 7.8362
0 0 0 0 0 7.87771
0 0 0 0 1 7.84104
0 0 0 0 1 7.73758
0 0 0 0 1 7.77944
0 0 0 0 1 7.79018
0 0 0 0 1 7.7575
0 0 0 0 1 7.69865
0 0 0 0 1 7.79814
