0 0 0 0 1 5.52515
0 0 0 0 1 5.59534
0 0 0 0 1 5.51004
0 0 0 0 0 5.55523
0 0 0 0 1 5.63726
0 0 0 0 0 5.55194
0 0 0 0 0 5.64468
0 0 0 0 0 5.57614
0 0 0 0 1 5.5603
0 0 0 0 1 5.57028
0 0 0 0 1 5.67049
0 0 0 0 1 5.6922
0 0 0 0 1 5.67665
0 0 0 0 0 5.70992
0 0 0 0 1 5.61302
0 0 0 0 1 5.71101
0 0 0 0 1 5.69928
0 0 0 0 1 5.73888
0 0 0 0 1 5.65883
0 0 0 0 1 5.66257
0 0 0 0 1 5.73685
0 0 0 0 1 5.78857
0 0 0 0 1 5.69113
0 0 0 0 1 5.70858
0 0 0 0 1 5.80875
0 0 0 0 1 5.76306
0 0 0 0 1 5.80414
0 0 0 0 1 5.79904
0 0 0 0 0 5.77654
0 0 0 0 1 5.78316
0 0 0 0 1 5.9009
0 0 0 0 1 5.8744
0 0 0 0 1 5.883
0 0 0 0 1 5.93125
0 0 0 0 0 5.94447
0 0 0 0 0 5.85164
0 0 0 0 0 5.94173
0 0 0 0 1 5.9671
0 0 0 0 1 5.92138
0 0 0 0 1 5.95885
0 0 0 0 1 5.91898
0 0 0 0 1 5.97467
0 0 0 0 1 6.01397
0 0 0 0 1 5.99814
0 0 0 0 1 6.03043
0 0 0 0 1 5.99052
0 0 0 0 1 6.03998
0 0 0 0 1 6.12738
0 0 0 0 0 6.12403
0 0 0 0 1 6.09021
0 0 0 0 1 6.1235
0 0 0 0 0 6.13248
0 0 0 0 0 6.20809
0 0 0 0 1 6.20609
0 0 0 0 0 6.20927
0 0 0 0 0 6.23106
0 0 0 0 0 6.14133
0 0 0 0 1 6.24924
0 0 0 0 1 6.24645
0 0 0 0 1 6.24992
0 0 0 0 1 6.32156
0 0 0 0 1 6.33159
0 0 0 0 1 6.3543
0 0 0 0 0 6.2949
0 0 0 0 1 6.35572
0 0 0 0 1 6.41612
0 0 0 0 1 6.34364
0 0 0 0 0 6.43641
0 0 0 0 1 6.36356
0 0 0 0 1 6.399
0 0 0 0 0 6.43544
0 0 0 0 1 6.46488
0 0 0 0 1 6.49523
0 0 0 0 1 6.54529
0 0 0 0 0 6.51065
0 0 0 0 1 6.58661
0 0 0 0 0 6.51827
0 0 0 0 1 6.64823
0 0 0 0 1 6.65915
0 0 0 0 1 6.69009
0 0 0 0 1 6.7279
0 0 0 0 1 6.733
0 0 0 0 1 6.7381
0 0 0 0 1 6.71574
0 0 0 0 1 6.82163
0 0 0 0 1 6.71791
0 0 0 0 1 6.79727
0 0 0 0 1 6.81565
0 0 0 0 1 6.84784
0 0 0 0 1 6.91465
0 0 0 0 1 6.87822
0 0 0 0 1 6.86281
0 0 0 0 0 7.00676
0 0 0 0 1 6.91426
0 0 0 0 1 6.94719
0 0 0 0 1 7.05771
0 0 0 0 0 7.0626
0 0 0 0 0 7.10336
0 0 0 0 1 7.0945
0 0 0 0 1 7.17844
0 0 0 0 1 7.23422
0 0 0 0 1 7.13907
0 0 0 0 1 7.17279
0 0 0 0 1 7.25076
0 0 0 0 1 7.26316
0 0 0 0 1 7.25401
0 0 0 0 1 7.33988
0 0 0 0 0 7.36809
0 0 0 0 1 7.42524
0 0 0 0 1 7.48277
0 0 0 0 1 7.40638
0 0 0 0 1 7.56924
0 0 0 0 1 7.62775
0 0 0 0 1 7.62594
0 0 0 0 0 7.63958
0 0 0 0 1 7.59156
0 0 0 0 1 7.65054
0 0 0 0 1 7.79488
0 0 0 0 1 7.79291
0 0 0 0 1 7.79073
0 0 0 0 0 7.78099
0 0 0 0 1 7.78624
0 0 0 0 1 7.8303
0 0 0 0 1 7.87511
0 0 0 0 1 7.92758
0 0 0 0 1 8.08526
0 0 0 0 1 8.01027
0 0 0 0 1 8.09644
0 0 0 0 1 8.09305
0 0 0 0 0 8.16363
0 0 0 0 1 8.31643
0 0 0 0 1 8.21392
0 0 0 0 1 8.28541
0 0 0 0 1 8.28143
0 0 0 0 1 8.35276
0 0 0 0 1 8.44146
0 0 0 0 1 8.47976
0 0 0 0 1 8.50102
0 0 0 0 1 8.66901
0 0 0 0 1 8.70815
0 0 0 0 1 8.70318
0 0 0 0 1 8.68973
0 0 0 0 1 8.842
0 0 0 0 0 8.84685
0 0 0 0 1 8.98313
0 0 0 0 0 8.91476
0 0 0 0 1 8.98911
0 0 0 0 1 9.00042
0 0 0 0 1 9.10354
0 0 0 0 1 9.25227
0 0 0 0 0 9.31928
0 0 0 0 1 9.26588
0 0 0 0 1 9.35249
0 0 0 0 1 9.44684
0 0 0 0 1 9.40104
0 0 0 0 0 9.49563
0 0 0 0 0 9.64838
0 0 0 0 1 9.74579
0 0 0 0 1 9.62886
0 0 0 0 0 9.68567
0 0 0 0 1 9.90015
0 0 0 0 1 9.84065
0 0 0 0 1 9.89636
0 0 0 0 0 10.0441
0 0 0 0 1 10.2017
0 0 0 0 1 10.2909
0 0 0 0 0 10.194
0 0 0 0 1 10.2603
0 0 0 0 1 10.3806
0 0 0 0 1 10.5525
0 0 0 0 1 10.472
0 0 0 0 1 10.6538
0 0 0 0 1 10.7857
0 0 0 0 1 10.9382
0 0 0 0 1 10.9718
0 0 0 0 1 10.9301
0 0 0 0 1 11.1725
0 0 0 0 1 11.2254
0 0 0 0 0 11.1699
0 0 0 0 1 11.2891
0 0 0 0 1 11.3745
0 0 0 0 1 11.4946
0 0 0 0 1 11.7318
0 0 0 0 1 11.7103
0 0 0 0 1 11.7608
0 0 0 0 1 12.0349
0 0 0 0 1 12.0468
0 0 0 0 0 12.1577
0 0 0 0 1 12.3608
0 0 0 0 1 12.4666
0 0 0 0 1 12.6133
0 0 0 0 1 12.6655
0 0 0 0 1 12.7875
0 0 0 0 0 12.8639
0 0 0 0 1 12.9005
0 0 0 0 1 13.172
0 0 0 0 1 13.2302
0 0 0 0 1 13.4119
0 0 0 0 1 13.4958
0 0 0 0 1 13.702
0 0 0 0 1 13.7809
0 0 0 0 1 14.0821
0 0 0 0 1 13.9914
0 0 0 0 0 14.1763
0 0 0 0 1 14.3333
0 0 0 0 1 14.5488
0 0 0 0 0 14.6424
0 0 0 0 1 14.869
0 0 0 0 0 15.1273
0 0 0 0 0 15.1929
0 0 0 0 1 15.3702
0 0 0 0 1 15.745
0 0 0 0 1 15.944
0 0 0 0 1 16.1659
0 0 0 0 1 16.2617
0 0 0 0 1 16.5359
0 0 0 0 1 16.5454
0 0 0 0 1 16.8634
0 0 0 0 1 17.2206
0 0 0 0 1 17.329
0 0 0 0 1 17.5142
0 0 0 0 0 17.9397
0 0 0 0 1 17.9822
0 0 0 0 1 18.2757
0 0 0 0 1 18.4498
0 0 0 0 0 18.8389
0 0 0 0 1 18.9919
0 0 0 0 1 19.3066
0 0 0 0 1 19.8693
0 0 0 0 1 19.9273
0 0 0 0 0 20.4882
0 0 0 0 1 20.567
0 0 0 0 1 20.9753
0 0 0 0 1 21.5675
0 0 0 0 0 21.9593
0 0 0 0 1 22.2036
0 0 0 0 0 22.7695
0 0 0 0 1 23.0879
0 0 0 0 0 23.3856
0 0 0 0 0 23.9373
0 0 0 0 1 24.5029
0 0 0 0 1 24.6937
0 0 0 0 1 25.3344
0 0 0 0 1 26.0944
0 0 0 0 1 26.4866
0 0 0 0 0 27.1555
0 0 0 0 0 27.8205
0 0 0 0 0 28.2062
0 0 0 0 0 28.8904
0 0 0 0 1 29.4078
0 0 0 0 1 30.2909
0 0 0 0 0 31.1491
0 0 0 0 1 32.2861
0 0 0 0 0 27.1373
0 0 0 0 1 27.1184
0 0 0 0 1 27.4552
0 0 0 0 0 27.4629
0 0 0 0 1 27.4999
0 0 0 0 1 27.2374
0 0 0 0 1 27.4663
0 0 0 0 1 27.2868
0 0 0 0 1 27.2986
0 0 0 0 1 27.1477
0 0 0 0 1 26.9171
0 0 0 0 0 27.3653
0 0 0 0 0 27.2161
0 0 0 0 1 26.9318
0 0 0 0 1 27.3266
0 0 0 0 1 27.2063
0 0 0 0 1 26.9239
0 0 0 0 1 27.6971
0 0 0 0 1 29.1152
0 0 0 0 1 30.6065
0 0 0 0 1 48.3127
0 0 0 0 1 48.2496
0 0 0 0 0 47.4218
0 0 0 0 1 47.9827
0 0 0 0 1 48.066
0 0 0 0 1 48.3925
0 0 0 0 0 5.02002
0 0 0 0 0 5.05008
0 0 0 0 0 4.96992
0 0 0 0 0 4.99998
0 0 0 0 0 4.9599
0 0 0 0 0 4.96992
0 0 0 0 0 4.98495
0 0 0 0 0 5.04507
0 0 0 0 0 5.03004
0 0 0 0 0 5.04507
0 0 0 0 0 4.97994
0 0 0 0 0 4.98495
0 0 0 0 0 5.0601
0 0 0 0 0 4.98495
0 0 0 0 0 4.98996
0 0 0 0 0 4.96491
0 0 0 0 0 5.03004
0 0 0 0 0 4.99998
0 0 0 0 0 5.0601
0 0 0 0 0 5.02002
0 0 0 0 0 4.97994
0 0 0 0 0 5.05008
0 0 0 0 0 4.96491
0 0 0 0 0 5.04507
0 0 0 0 0 4.98996
0 0 0 0 0 5.02503
0 0 0 0 0 4.98495
0 0 0 0 0 5.05008
0 0 0 0 1 99.9836
0 0 0 0 1 94.6372
0 0 0 0 1 90.0308
0 0 0 0 1 84.0039
0 0 0 0 0 81.071
0 0 0 0 1 77.5405
0 0 0 0 0 74.0323
0 0 0 0 1 70.1909
0 0 0 0 1 68.6125
0 0 0 0 1 64.8067
0 0 0 0 1 63.1043
0 0 0 0 1 60.8637
0 0 0 0 1 58.1877
0 0 0 0 1 56.9473
0 0 0 0 0 54.566
0 0 0 0 0 52.9869
0 0 0 0 0 51.5941
0 0 0 0 1 49.6384
0 0 0 0 1 48.2358
0 0 0 0 1 47.6121
0 0 0 0 1 45.6393
0 0 0 0 1 44.4998
0 0 0 0 1 44.0192
0 0 0 0 1 42.9694
0 0 0 0 1 41.6137
0 0 0 0 1 40.629
0 0 0 0 1 39.3771
0 0 0 0 0 38.8096
0 0 0 0 1 37.5661
0 0 0 0 1 36.871
0 0 0 0 0 35.9566
0 0 0 0 0 35.424
0 0 0 0 1 35.2109
0 0 0 0 0 33.9295
0 0 0 0 1 33.3473
0 0 0 0 0 32.651
0 0 0 0 1 32.5679
0 0 0 0 0 31.7789
0 0 0 0 1 31.4003
0 0 0 0 1 30.4236
0 0 0 0 1 29.8027
0 0 0 0 1 29.7756
0 0 0 0 1 28.7649
0 0 0 0 1 28.3818
0 0 0 0 0 28.1
0 0 0 0 1 27.4631
0 0 0 0 1 27.4964
0 0 0 0 1 27.0962
0 0 0 0 0 26.5397
0 0 0 0 1 26.0666
0 0 0 0 0 25.4102
0 0 0 0 0 25.4803
0 0 0 0 0 24.7001
0 0 0 0 1 24.5718
0 0 0 0 0 24.1172
0 0 0 0 0 23.6998
0 0 0 0 1 23.3799
0 0 0 0 1 23.1491
0 0 0 0 1 23.2257
0 0 0 0 1 22.8974
0 0 0 0 0 22.2303
0 0 0 0 0 22.0572
0 0 0 0 1 21.6885
0 0 0 0 0 21.4152
0 0 0 0 1 21.2403
0 0 0 0 1 21.167
0 0 0 0 1 20.7979
0 0 0 0 1 20.5559
0 0 0 0 1 20.3737
0 0 0 0 1 20.3835
0 0 0 0 1 20.1276
0 0 0 0 0 19.7648
0 0 0 0 1 19.5022
0 0 0 0 1 19.3478
0 0 0 0 1 18.9724
0 0 0 0 1 19.0076
0 0 0 0 0 18.8512
0 0 0 0 0 18.4623
0 0 0 0 1 18.381
0 0 0 0 1 18.0252
0 0 0 0 1 17.8533
0 0 0 0 1 17.8154
0 0 0 0 1 17.7579
0 0 0 0 1 17.6463
0 0 0 0 1 17.43
0 0 0 0 1 17.0088
0 0 0 0 1 16.9251
0 0 0 0 1 16.8068
0 0 0 0 1 16.5544
0 0 0 0 1 16.6445
0 0 0 0 1 16.4845
0 0 0 0 1 16.4065
0 0 0 0 1 16.1661
0 0 0 0 0 15.9455
0 0 0 0 1 15.7814
0 0 0 0 1 15.7985
0 0 0 0 1 15.5114
0 0 0 0 1 15.551
0 0 0 0 0 15.3354
0 0 0 0 1 15.2742
0 0 0 0 1 15.2059
0 0 0 0 1 14.9932
0 0 0 0 1 14.7674
0 0 0 0 1 14.827
0 0 0 0 1 14.7731
0 0 0 0 1 14.6748
0 0 0 0 1 14.3248
0 0 0 0 1 14.3377
0 0 0 0 1 14.392
0 0 0 0 0 14.2036
0 0 0 0 1 14.0308
0 0 0 0 1 13.8817
0 0 0 0 1 13.7668
0 0 0 0 0 13.7984
0 0 0 0 1 13.6014
0 0 0 0 1 13.5586
0 0 0 0 1 13.4261
0 0 0 0 1 13.4151
0 0 0 0 1 13.3633
0 0 0 0 1 13.1873
0 0 0 0 0 13.1705
0 0 0 0 1 13.1008
0 0 0 0 1 13.0182
0 0 0 0 1 12.8456
0 0 0 0 1 12.7979
0 0 0 0 1 12.7037
0 0 0 0 1 12.5466
0 0 0 0 1 12.5624
0 0 0 0 1 12.6194
0 0 0 0 1 12.3304
0 0 0 0 1 12.469
0 0 0 0 1 12.3392
0 0 0 0 0 12.1449
0 0 0 0 1 12.256
0 0 0 0 0 12.192
0 0 0 0 0 12.0802
0 0 0 0 0 11.9014
0 0 0 0 0 11.9221
0 0 0 0 0 11.8752
0 0 0 0 1 11.7655
0 0 0 0 1 11.5982
0 0 0 0 1 11.5717
0 0 0 0 0 11.6029
0 0 0 0 1 11.5412
0 0 0 0 1 11.5256
0 0 0 0 1 11.3048
0 0 0 0 1 11.422
0 0 0 0 1 11.222
0 0 0 0 1 11.1284
0 0 0 0 1 11.1097
0 0 0 0 1 11.0168
0 0 0 0 0 10.954
0 0 0 0 1 11.0346
0 0 0 0 1 10.9608
0 0 0 0 1 10.9855
0 0 0 0 0 10.9445
0 0 0 0 0 10.7202
0 0 0 0 1 10.7341
0 0 0 0 1 10.6728
0 0 0 0 1 10.6011
0 0 0 0 1 10.5971
0 0 0 0 1 10.5365
0 0 0 0 1 10.4867
0 0 0 0 1 10.364
0 0 0 0 0 10.5095
0 0 0 0 1 10.3976
0 0 0 0 1 10.3968
0 0 0 0 0 10.3341
0 0 0 0 1 10.2206
0 0 0 0 1 10.2201
0 0 0 0 1 10.2295
0 0 0 0 1 10.1477
0 0 0 0 1 9.96895
0 0 0 0 1 9.92869
0 0 0 0 1 9.95855
0 0 0 0 1 10.0378
0 0 0 0 1 9.96442
0 0 0 0 1 9.94407
0 0 0 0 0 9.93043
0 0 0 0 1 9.78273
0 0 0 0 1 9.67515
0 0 0 0 1 9.82115
0 0 0 0 1 9.6818
0 0 0 0 0 9.57556
0 0 0 0 0 9.61107
0 0 0 0 1 9.6367
0 0 0 0 0 9.57929
0 0 0 0 1 9.58567
0 0 0 0 1 9.57615
0 0 0 0 0 9.40284
0 0 0 0 1 9.40017
0 0 0 0 1 9.42883
0 0 0 0 1 9.38861
0 0 0 0 1 9.30201
0 0 0 0 1 9.23125
0 0 0 0 1 9.34339
0 0 0 0 1 9.32231
0 0 0 0 0 9.22774
0 0 0 0 1 9.10625
0 0 0 0 1 9.21405
0 0 0 0 1 9.0478
0 0 0 0 1 9.00069
0 0 0 0 1 8.96292
0 0 0 0 0 9.04271
0 0 0 0 1 9.02877
0 0 0 0 1 8.91049
0 0 0 0 1 8.98648
0 0 0 0 1 9.01179
0 0 0 0 1 8.9569
0 0 0 0 1 8.79598
0 0 0 0 1 8.8659
0 0 0 0 1 8.90567
0 0 0 0 1 8.79911
0 0 0 0 1 8.71076
0 0 0 0 1 8.73851
0 0 0 0 1 8.73805
0 0 0 0 1 8.67334
0 0 0 0 1 8.61245
0 0 0 0 0 8.63498
0 0 0 0 1 8.6954
0 0 0 0 1 8.61443
0 0 0 0 0 8.62321
0 0 0 0 1 8.58573
0 0 0 0 0 8.45811
0 0 0 0 1 8.4639
0 0 0 0 0 8.42723
0 0 0 0 1 8.39925
0 0 0 0 0 8.41374
0 0 0 0 1 8.52101
0 0 0 0 1 8.42105
0 0 0 0 1 8.45235
0 0 0 0 1 8.39983
0 0 0 0 1 8.36432
0 0 0 0 1 8.35404
0 0 0 0 1 8.25614
0 0 0 0 1 8.23801
0 0 0 0 1 8.25315
0 0 0 0 1 8.19839
0 0 0 0 0 8.25492
0 0 0 0 1 8.20432
0 0 0 0 1 8.14579
0 0 0 0 1 8.11218
0 0 0 0 1 8.20963
0 0 0 0 1 8.10276
0 0 0 0 0 8.19186
0 0 0 0 1 8.15879
0 0 0 0 1 8.12595
0 0 0 0 1 8.10952
0 0 0 0 1 8.09326
0 0 0 0 0 8.09329
0 0 0 0 1 8.01692
0 0 0 0 1 7.96908
0 0 0 0 0 8.08188
0 0 0 0 1 8.07433
0 0 0 0 1 7.93114
0 0 0 0 1 7.95977
0 0 0 0 1 7.98464
0 0 0 0 1 8.00954
0 0 0 0 1 7.85998
0 0 0 0 1 7.98026
0 0 0 0 1 7.95365
0 0 0 0 0 7.88419
0 0 0 0 1 7.9254
0 0 0 0 1 7.89926
0 0 0 0 0 7.8104
0 0 0 0 1 7.92248
0 0 0 0 1 7.7994
0 0 0 0 1 7.89576
0 0 0 0 1 7.75319
0 0 0 0 1 7.8418
0 0 0 0 1 7.70457
0 0 0 0 0 7.7264
0 0 0 0 0 7.81506
0 0 0 0 1 7.73612
