0 0 0 0 0 5.54179
0 0 0 0 1 5.512
0 0 0 0 1 5.5824
0 0 0 0 1 5.59424
0 0 0 0 1 5.58702
0 0 0 0 1 5.6414
0 0 0 0 1 5.54957
0 0 0 0 1 5.62097
0 0 0 0 1 5.6164
0 0 0 0 0 5.58152
0 0 0 0 1 5.68739
0 0 0 0 1 5.61322
0 0 0 0 1 5.62581
0 0 0 0 1 5.67031
0 0 0 0 0 5.65838
0 0 0 0 1 5.63153
0 0 0 0 1 5.72771
0 0 0 0 1 5.71039
0 0 0 0 1 5.70451
0 0 0 0 1 5.67971
0 0 0 0 0 5.75975
0 0 0 0 0 5.78857
0 0 0 0 1 5.74287
0 0 0 0 1 5.78347
0 0 0 0 1 5.72222
0 0 0 0 1 5.81508
0 0 0 0 0 5.81573
0 0 0 0 1 5.84548
0 0 0 0 1 5.87543
0 0 0 0 1 5.83563
0 0 0 0 1 5.78989
0 0 0 0 1 5.81589
0 0 0 0 1 5.9123
0 0 0 0 0 5.85491
0 0 0 0 1 5.82676
0 0 0 0 0 5.91653
0 0 0 0 1 5.90034
0 0 0 0 0 5.94932
0 0 0 0 1 5.93326
0 0 0 0 0 5.89932
0 0 0 0 1 6.02638
0 0 0 0 1 5.92683
0 0 0 0 1 6.03793
0 0 0 0 1 6.01615
0 0 0 0 1 5.98228
0 0 0 0 1 5.98449
0 0 0 0 1 6.09445
0 0 0 0 1 6.05458
0 0 0 0 1 6.05713
0 0 0 0 1 6.07193
0 0 0 0 1 6.05016
0 0 0 0 1 6.07122
0 0 0 0 1 6.20809
0 0 0 0 1 6.18146
0 0 0 0 1 6.1352
0 0 0 0 1 6.21868
0 0 0 0 1 6.24058
0 0 0 0 0 6.2368
0 0 0 0 0 6.20901
0 0 0 0 1 6.31873
0 0 0 0 1 6.29017
0 0 0 0 1 6.34417
0 0 0 0 1 6.2912
0 0 0 0 1 6.38347
0 0 0 0 1 6.29229
0 0 0 0 1 6.30791
0 0 0 0 1 6.34364
0 0 0 0 1 6.43001
0 0 0 0 0 6.39566
0 0 0 0 0 6.5021
0 0 0 0 1 6.42252
0 0 0 0 1 6.42598
0 0 0 0 0 6.47572
0 0 0 0 1 6.58441
0 0 0 0 0 6.47143
0 0 0 0 0 6.6063
0 0 0 0 1 6.55777
0 0 0 0 1 6.57561
0 0 0 0 1 6.68566
0 0 0 0 1 6.69009
0 0 0 0 0 6.61443
0 0 0 0 1 6.65938
0 0 0 0 1 6.75153
0 0 0 0 1 6.79657
0 0 0 0 1 6.75402
0 0 0 0 1 6.75862
0 0 0 0 1 6.84494
0 0 0 0 1 6.76779
0 0 0 0 0 6.79294
0 0 0 0 1 6.85267
0 0 0 0 1 6.90587
0 0 0 0 1 6.95293
0 0 0 0 1 6.88847
0 0 0 0 1 7.00506
0 0 0 0 1 7.03132
0 0 0 0 1 6.97327
0 0 0 0 1 7.0626
0 0 0 0 1 7.10336
0 0 0 0 1 7.17285
0 0 0 0 0 7.20704
0 0 0 0 1 7.2414
0 0 0 0 1 7.21111
0 0 0 0 1 7.20175
0 0 0 0 1 7.2217
0 0 0 0 1 7.27776
0 0 0 0 1 7.36391
0 0 0 0 1 7.42086
0 0 0 0 1 7.4493
0 0 0 0 1 7.47717
0 0 0 0 1 7.40079
0 0 0 0 1 7.48867
0 0 0 0 1 7.56924
0 0 0 0 1 7.59754
0 0 0 0 1 7.51971
0 0 0 0 1 7.54056
0 0 0 0 1 7.69869
0 0 0 0 1 7.64285
0 0 0 0 1 7.68672
0 0 0 0 1 7.77739
0 0 0 0 1 7.74394
0 0 0 0 1 7.76534
0 0 0 0 1 7.85703
0 0 0 0 0 7.92521
0 0 0 0 1 7.96253
0 0 0 0 1 7.92758
0 0 0 0 0 8.09329
0 0 0 0 1 8.099
0 0 0 0 1 8.18559
0 0 0 0 1 8.1338
0 0 0 0 1 8.20458
0 0 0 0 1 8.20939
0 0 0 0 0 8.27188
0 0 0 0 1 8.2355
0 0 0 0 0 8.38181
0 0 0 0 1 8.33594
0 0 0 0 1 8.52604
0 0 0 0 1 8.43723
0 0 0 0 0 8.50102
0 0 0 0 0 8.61746
0 0 0 0 1 8.55265
0 0 0 0 1 8.76404
0 0 0 0 1 8.76841
0 0 0 0 1 8.87719
0 0 0 0 0 8.8115
0 0 0 0 1 8.85861
0 0 0 0 1 9.03111
0 0 0 0 1 8.93506
0 0 0 0 1 8.99136
0 0 0 0 1 9.09443
0 0 0 0 1 9.22476
0 0 0 0 1 9.27314
0 0 0 0 1 9.37729
0 0 0 0 1 9.41782
0 0 0 0 1 9.48444
0 0 0 0 1 9.39158
0 0 0 0 1 9.5623
0 0 0 0 1 9.49493
0 0 0 0 1 9.57211
0 0 0 0 1 9.76489
0 0 0 0 1 9.72481
0 0 0 0 0 9.8312
0 0 0 0 1 9.95957
0 0 0 0 1 10.0861
0 0 0 0 1 10.0642
0 0 0 0 1 10.0802
0 0 0 0 1 10.3011
0 0 0 0 0 10.2556
0 0 0 0 1 10.457
0 0 0 0 1 10.4536
0 0 0 0 0 10.605
0 0 0 0 1 10.5143
0 0 0 0 1 10.7498
0 0 0 0 1 10.6568
0 0 0 0 1 10.7433
0 0 0 0 1 11.0264
0 0 0 0 1 10.8861
0 0 0 0 1 11.1171
0 0 0 0 1 11.1359
0 0 0 0 1 11.1699
0 0 0 0 0 11.4254
0 0 0 0 1 11.512
0 0 0 0 1 11.5408
0 0 0 0 1 11.6852
0 0 0 0 1 11.8749
0 0 0 0 1 11.8319
0 0 0 0 1 12.023
0 0 0 0 1 12.095
0 0 0 0 0 12.0482
0 0 0 0 1 12.3977
0 0 0 0 0 12.5162
0 0 0 0 1 12.6008
0 0 0 0 1 12.7034
0 0 0 0 1 12.8768
0 0 0 0 0 12.7609
0 0 0 0 1 12.9525
0 0 0 0 1 13.0932
0 0 0 0 0 13.3098
0 0 0 0 1 13.3047
0 0 0 0 1 13.4417
0 0 0 0 1 13.7157
0 0 0 0 1 13.9191
0 0 0 0 1 14.0541
0 0 0 0 1 14.0479
0 0 0 0 1 14.1621
0 0 0 0 1 14.5353
0 0 0 0 0 14.7239
0 0 0 0 1 14.6277
0 0 0 0 1 14.9138
0 0 0 0 1 15.082
0 0 0 0 1 15.1929
0 0 0 0 1 15.4785
0 0 0 0 0 15.4946
0 0 0 0 0 15.9281
0 0 0 0 1 15.9734
0 0 0 0 1 16.1967
0 0 0 0 0 16.322
0 0 0 0 0 16.812
0 0 0 0 1 16.931
0 0 0 0 1 17.2891
0 0 0 0 1 17.2422
0 0 0 0 1 17.5494
0 0 0 0 0 17.69
0 0 0 0 0 17.946
0 0 0 0 1 18.3674
0 0 0 0 1 18.7477
0 0 0 0 1 18.8767
0 0 0 0 1 19.0879
0 0 0 0 0 19.5599
0 0 0 0 1 19.7505
0 0 0 0 1 20.2893
0 0 0 0 1 20.4882
0 0 0 0 1 20.6501
0 0 0 0 1 21.3344
0 0 0 0 1 21.5245
0 0 0 0 1 21.8282
0 0 0 0 0 22.2036
0 0 0 0 1 22.543
0 0 0 0 1 22.8803
0 0 0 0 1 23.6206
0 0 0 0 1 24.105
0 0 0 0 1 24.3075
0 0 0 0 1 22.6462
0 0 0 0 1 22.3103
0 0 0 0 1 22.3348
0 0 0 0 1 22.3842
0 0 0 0 1 22.5664
0 0 0 0 1 22.6366
0 0 0 0 1 22.2592
0 0 0 0 1 22.5765
0 0 0 0 1 22.223
0 0 0 0 1 22.2278
0 0 0 0 1 22.5233
0 0 0 0 0 22.1495
0 0 0 0 1 22.49
0 0 0 0 0 22.229
0 0 0 0 1 22.46
0 0 0 0 1 22.0667
0 0 0 0 1 22.4079
0 0 0 0 1 22.3937
0 0 0 0 1 22.3133
0 0 0 0 1 22.3235
0 0 0 0 1 22.2651
0 0 0 0 1 23.137
0 0 0 0 1 23.9651
0 0 0 0 1 25.0358
0 0 0 0 1 48.8504
0 0 0 0 1 51.0226
0 0 0 0 0 52.2382
0 0 0 0 1 41.5434
0 0 0 0 1 41.5365
0 0 0 0 1 42.3376
0 0 0 0 1 42.3414
0 0 0 0 0 41.9172
0 0 0 0 1 41.5457
0 0 0 0 1 42.1303
0 0 0 0 1 41.7177
0 0 0 0 0 41.8522
0 0 0 0 1 41.8516
0 0 0 0 1 42.2816
0 0 0 0 0 5.04006
0 0 0 0 0 21.9014
0 0 0 0 0 21.7231
0 0 0 0 1 21.6545
0 0 0 0 1 21.6077
0 0 0 0 1 21.6704
0 0 0 0 1 21.6463
0 0 0 0 1 21.7316
0 0 0 0 1 21.5995
0 0 0 0 1 21.8596
0 0 0 0 1 21.7067
0 0 0 0 0 21.7282
0 0 0 0 1 21.9459
0 0 0 0 1 21.8813
0 0 0 0 0 21.8823
0 0 0 0 1 21.6228
0 0 0 0 1 21.5375
0 0 0 0 1 21.714
0 0 0 0 1 21.8688
0 0 0 0 0 21.8286
0 0 0 0 1 21.8972
0 0 0 0 1 21.9231
0 0 0 0 0 5.02002
0 0 0 0 0 4.96992
0 0 0 0 0 5.0601
0 0 0 0 0 5.0601
0 0 0 0 0 5.01501
0 0 0 0 0 5.02002
0 0 0 0 1 99.0855
0 0 0 0 1 93.5061
0 0 0 0 1 89.2269
0 0 0 0 1 84.3433
0 0 0 0 1 80.5861
0 0 0 0 1 77.0776
0 0 0 0 1 73.9585
0 0 0 0 0 70.9692
0 0 0 0 1 67.6614
0 0 0 0 1 65.1333
0 0 0 0 1 62.3493
0 0 0 0 1 60.8637
0 0 0 0 1 59.008
0 0 0 0 1 56.494
0 0 0 0 0 54.9499
0 0 0 0 1 53.5715
0 0 0 0 1 51.3879
0 0 0 0 0 49.8886
0 0 0 0 1 48.5762
0 0 0 0 0 46.9028
0 0 0 0 1 45.8694
0 0 0 0 0 44.5895
0 0 0 0 1 43.8445
0 0 0 0 1 42.9268
0 0 0 0 0 41.5305
0 0 0 0 1 40.7914
0 0 0 0 1 39.9719
0 0 0 0 1 39.081
0 0 0 0 1 38.1727
0 0 0 0 1 37.1678
0 0 0 0 1 36.683
0 0 0 0 1 35.7441
0 0 0 0 1 35.0017
0 0 0 0 1 34.1346
0 0 0 0 1 33.2133
0 0 0 0 0 33.0127
0 0 0 0 1 32.0191
0 0 0 0 1 31.7789
0 0 0 0 0 31.1824
0 0 0 0 1 30.3624
0 0 0 0 1 30.2233
0 0 0 0 0 29.3621
0 0 0 0 1 29.2589
0 0 0 0 0 28.8677
0 0 0 0 1 27.9875
0 0 0 0 1 27.7676
0 0 0 0 1 27.3874
0 0 0 0 1 27.0694
0 0 0 0 0 26.3547
0 0 0 0 1 25.8583
0 0 0 0 1 25.8979
0 0 0 0 1 25.3791
0 0 0 0 1 24.9745
0 0 0 0 0 24.375
0 0 0 0 1 24.1658
0 0 0 0 1 23.9871
0 0 0 0 0 23.6633
0 0 0 0 1 23.4289
0 0 0 0 1 22.8344
0 0 0 0 1 22.693
0 0 0 0 1 22.3425
0 0 0 0 1 22.3011
0 0 0 0 1 22.0386
0 0 0 0 1 21.7613
0 0 0 0 1 21.4754
0 0 0 0 1 20.998
0 0 0 0 1 20.944
0 0 0 0 1 20.721
0 0 0 0 1 20.5166
0 0 0 0 1 20.2019
0 0 0 0 1 19.8081
0 0 0 0 1 19.8636
0 0 0 0 1 19.5999
0 0 0 0 1 19.4252
0 0 0 0 1 19.2593
0 0 0 0 1 19.0834
0 0 0 0 0 18.8512
0 0 0 0 1 18.4995
0 0 0 0 1 18.326
0 0 0 0 1 18.2253
0 0 0 0 0 17.9614
0 0 0 0 0 17.9759
0 0 0 0 1 17.7756
0 0 0 0 0 17.6638
0 0 0 0 1 17.4993
0 0 0 0 0 17.3352
0 0 0 0 1 16.9932
0 0 0 0 1 16.9924
0 0 0 0 1 16.6882
0 0 0 0 1 16.5948
0 0 0 0 1 16.5666
0 0 0 0 1 16.2272
0 0 0 0 1 16.2469
0 0 0 0 1 16.0897
0 0 0 0 1 15.7655
0 0 0 0 1 15.6567
0 0 0 0 1 15.7147
0 0 0 0 1 15.3649
0 0 0 0 1 15.5354
0 0 0 0 0 15.2742
0 0 0 0 1 15.009
0 0 0 0 1 14.9481
0 0 0 0 0 15.0505
0 0 0 0 1 14.7679
0 0 0 0 1 14.5528
0 0 0 0 1 14.6748
0 0 0 0 0 14.3971
0 0 0 0 1 14.2371
0 0 0 0 1 14.3207
0 0 0 0 1 14.2036
0 0 0 0 1 14.1573
0 0 0 0 0 14.0912
0 0 0 0 1 13.7529
0 0 0 0 1 13.8535
0 0 0 0 0 13.7381
0 0 0 0 0 13.545
0 0 0 0 1 13.4666
0 0 0 0 1 13.3615
0 0 0 0 1 13.3633
0 0 0 0 1 13.3328
0 0 0 0 1 13.223
0 0 0 0 1 12.9571
0 0 0 0 1 13.0831
0 0 0 0 1 12.8585
0 0 0 0 0 12.7594
0 0 0 0 1 12.6782
0 0 0 0 1 12.5466
0 0 0 0 1 12.5624
0 0 0 0 1 12.4568
0 0 0 0 1 12.517
0 0 0 0 0 12.2587
0 0 0 0 0 12.4006
0 0 0 0 1 12.1816
0 0 0 0 1 12.1953
0 0 0 0 0 12.2041
0 0 0 0 1 11.984
0 0 0 0 1 11.8417
0 0 0 0 1 12.0053
0 0 0 0 1 11.9106
0 0 0 0 1 11.6833
0 0 0 0 1 11.5982
0 0 0 0 1 11.5949
0 0 0 0 1 11.6607
0 0 0 0 1 11.4837
0 0 0 0 0 11.56
0 0 0 0 1 11.4301
0 0 0 0 0 11.3654
0 0 0 0 1 11.3235
0 0 0 0 1 11.1732
0 0 0 0 1 11.1767
0 0 0 0 1 10.9946
0 0 0 0 1 11.0093
0 0 0 0 1 11.0126
0 0 0 0 1 10.8403
0 0 0 0 0 10.9528
0 0 0 0 1 10.8578
0 0 0 0 1 10.8066
0 0 0 0 1 10.8201
0 0 0 0 0 10.6086
0 0 0 0 1 10.633
0 0 0 0 1 10.5971
0 0 0 0 1 10.6421
0 0 0 0 0 10.6023
0 0 0 0 0 10.364
0 0 0 0 0 10.3845
0 0 0 0 0 10.3458
0 0 0 0 0 10.2626
0 0 0 0 1 10.1799
0 0 0 0 1 10.1489
0 0 0 0 1 10.0977
0 0 0 0 1 10.1279
0 0 0 0 1 10.1578
0 0 0 0 1 10.0999
0 0 0 0 1 10.1293
0 0 0 0 0 10.0884
0 0 0 0 1 9.85872
0 0 0 0 1 9.90493
0 0 0 0 1 9.91445
0 0 0 0 1 9.75328
0 0 0 0 0 9.89055
0 0 0 0 0 9.86065
0 0 0 0 1 9.6364
0 0 0 0 1 9.70118
0 0 0 0 1 9.59487
0 0 0 0 1 9.69766
0 0 0 0 1 9.68464
0 0 0 0 1 9.58884
0 0 0 0 0 9.52856
0 0 0 0 1 9.5477
0 0 0 0 1 9.54459
0 0 0 0 1 9.43785
0 0 0 0 1 9.41945
0 0 0 0 1 9.34185
0 0 0 0 0 9.35793
0 0 0 0 1 9.28703
0 0 0 0 1 9.30635
0 0 0 0 0 9.29462
0 0 0 0 1 9.23694
0 0 0 0 1 9.22546
0 0 0 0 1 9.17749
0 0 0 0 0 9.06603
0 0 0 0 1 9.13692
0 0 0 0 1 9.12588
0 0 0 0 1 9.07881
0 0 0 0 0 9.01076
0 0 0 0 0 8.99125
0 0 0 0 1 9.00438
0 0 0 0 1 8.8601
0 0 0 0 1 8.98359
0 0 0 0 0 8.85804
0 0 0 0 0 8.85706
0 0 0 0 0 8.78222
0 0 0 0 1 8.84306
0 0 0 0 1 8.82469
0 0 0 0 1 8.79974
0 0 0 0 1 8.65084
0 0 0 0 1 8.74293
0 0 0 0 0 8.66449
0 0 0 0 1 8.7042
0 0 0 0 0 8.70403
0 0 0 0 1 8.61443
0 0 0 0 1 8.57173
0 0 0 0 1 8.62853
0 0 0 0 1 8.45811
0 0 0 0 1 8.53202
0 0 0 0 1 8.45271
0 0 0 0 1 8.42468
0 0 0 0 1 8.44756
0 0 0 0 1 8.39446
0 0 0 0 1 8.36216
0 0 0 0 1 8.43557
0 0 0 0 1 8.45845
0 0 0 0 1 8.41445
0 0 0 0 0 8.34571
0 0 0 0 1 8.28939
0 0 0 0 1 8.27949
0 0 0 0 1 8.20348
0 0 0 0 1 8.24798
0 0 0 0 1 8.20544
0 0 0 0 0 8.30306
0 0 0 0 1 8.15401
0 0 0 0 1 8.20232
0 0 0 0 0 8.20963
0 0 0 0 1 8.217
0 0 0 0 0 8.15115
0 0 0 0 1 8.05315
0 0 0 0 1 8.15839
0 0 0 0 1 8.06906
0 0 0 0 1 8.12557
0 0 0 0 0 8.10941
0 0 0 0 0 8.09741
0 0 0 0 1 7.99318
0 0 0 0 0 8.0418
0 0 0 0 1 8.02632
0 0 0 0 1 7.97906
0 0 0 0 1 7.95977
0 0 0 0 0 8.02445
0 0 0 0 1 7.9857
0 0 0 0 1 7.97102
0 0 0 0 1 7.90109
0 0 0 0 1 7.92203
0 0 0 0 0 7.92365
0 0 0 0 0 7.90177
0 0 0 0 1 7.9386
0 0 0 0 1 7.84183
0 0 0 0 1 7.91464
0 0 0 0 1 7.76025
0 0 0 0 1 7.85667
0 0 0 0 1 7.8547
0 0 0 0 0 7.71708
0 0 0 0 0 7.82909
0 0 0 0 1 7.76527
0 0 0 0 0 7.69865
0 0 0 0 1 7.68961
