0 0 0 0 0 5.5307
0 0 0 0 1 5.60645
0 0 0 0 1 5.57126
0 0 0 0 1 5.56638
0 0 0 0 0 5.53121
0 0 0 0 1 5.54076
0 0 0 0 1 5.60552
0 0 0 0 1 5.57614
0 0 0 0 1 5.55469
0 0 0 0 1 5.58152
0 0 0 0 1 5.58603
0 0 0 0 0 5.60758
0 0 0 0 1 5.61452
0 0 0 0 0 5.6024
0 0 0 0 1 5.70374
0 0 0 0 0 5.70533
0 0 0 0 0 5.67652
0 0 0 0 1 5.6477
0 0 0 0 1 5.72164
0 0 0 0 1 5.65685
0 0 0 0 1 5.73112
0 0 0 0 1 5.70252
0 0 0 0 1 5.78311
0 0 0 0 1 5.79499
0 0 0 0 1 5.75107
0 0 0 0 1 5.7515
0 0 0 0 0 5.78676
0 0 0 0 0 5.7584
0 0 0 0 1 5.7649
0 0 0 0 1 5.85312
0 0 0 0 0 5.88337
0 0 0 0 1 5.84514
0 0 0 0 1 5.88886
0 0 0 0 1 5.86666
0 0 0 0 0 5.94447
0 0 0 0 1 5.91063
0 0 0 0 1 5.85896
0 0 0 0 1 5.98488
0 0 0 0 1 5.9095
0 0 0 0 1 6.01243
0 0 0 0 1 5.93092
0 0 0 0 1 5.93281
0 0 0 0 1 5.96006
0 0 0 0 1 5.9441
0 0 0 0 1 5.98228
0 0 0 0 0 6.03879
0 0 0 0 1 6.00367
0 0 0 0 0 6.10918
0 0 0 0 0 6.02064
0 0 0 0 0 6.15727
0 0 0 0 0 6.08683
0 0 0 0 1 6.13861
0 0 0 0 1 6.14048
0 0 0 0 1 6.2184
0 0 0 0 0 6.18458
0 0 0 0 1 6.20012
0 0 0 0 1 6.16614
0 0 0 0 1 6.187
0 0 0 0 1 6.30261
0 0 0 0 1 6.19987
0 0 0 0 1 6.23995
0 0 0 0 1 6.35047
0 0 0 0 1 6.37323
0 0 0 0 0 6.34551
0 0 0 0 1 6.33669
0 0 0 0 0 6.42885
0 0 0 0 1 6.41384
0 0 0 0 1 6.37877
0 0 0 0 0 6.47914
0 0 0 0 0 6.41189
0 0 0 0 1 6.48067
0 0 0 0 1 6.42598
0 0 0 0 1 6.56675
0 0 0 0 0 6.49314
0 0 0 0 0 6.47796
0 0 0 0 1 6.56693
0 0 0 0 1 6.54461
0 0 0 0 1 6.64823
0 0 0 0 1 6.65253
0 0 0 0 1 6.61029
0 0 0 0 0 6.64113
0 0 0 0 1 6.65268
0 0 0 0 1 6.77837
0 0 0 0 1 6.66859
0 0 0 0 1 6.73374
0 0 0 0 1 6.73826
0 0 0 0 1 6.85856
0 0 0 0 1 6.84983
0 0 0 0 0 6.81353
0 0 0 0 1 6.85956
0 0 0 0 1 6.89205
0 0 0 0 1 6.86281
0 0 0 0 1 6.98589
0 0 0 0 1 6.92823
0 0 0 0 1 6.96822
0 0 0 0 1 6.99438
0 0 0 0 0 7.05553
0 0 0 0 1 7.13175
0 0 0 0 1 7.13724
0 0 0 0 1 7.17129
0 0 0 0 1 7.18399
0 0 0 0 0 7.18949
0 0 0 0 1 7.22346
0 0 0 0 1 7.29436
0 0 0 0 1 7.36535
0 0 0 0 1 7.28331
0 0 0 0 1 7.39877
0 0 0 0 0 7.35333
0 0 0 0 1 7.48458
0 0 0 0 0 7.46787
0 0 0 0 1 7.41386
0 0 0 0 1 7.57676
0 0 0 0 0 7.52202
0 0 0 0 1 7.53488
0 0 0 0 1 7.55579
0 0 0 0 1 7.68339
0 0 0 0 1 7.69667
0 0 0 0 1 7.77943
0 0 0 0 1 7.76962
0 0 0 0 1 7.77513
0 0 0 0 1 7.78099
0 0 0 0 1 7.88849
0 0 0 0 0 7.86194
0 0 0 0 0 7.87511
0 0 0 0 1 7.91958
0 0 0 0 0 8.0692
0 0 0 0 0 8.0748
0 0 0 0 0 8.16938
0 0 0 0 1 8.1175
0 0 0 0 0 8.18001
0 0 0 0 1 8.20939
0 0 0 0 1 8.2636
0 0 0 0 1 8.37691
0 0 0 0 1 8.39017
0 0 0 0 1 8.4537
0 0 0 0 1 8.46683
0 0 0 0 1 8.55631
0 0 0 0 1 8.62931
0 0 0 0 1 8.50577
0 0 0 0 0 8.6304
0 0 0 0 1 8.6684
0 0 0 0 1 8.79463
0 0 0 0 0 8.72763
0 0 0 0 0 8.74963
0 0 0 0 1 8.90308
0 0 0 0 1 9.04006
0 0 0 0 1 9.09719
0 0 0 0 1 9.10012
0 0 0 0 1 9.04887
0 0 0 0 1 9.13306
0 0 0 0 1 9.27314
0 0 0 0 1 9.21946
0 0 0 0 0 9.35249
0 0 0 0 0 9.39044
0 0 0 0 1 9.53345
0 0 0 0 0 9.47658
0 0 0 0 1 9.53329
0 0 0 0 1 9.6686
0 0 0 0 1 9.72602
0 0 0 0 0 9.72481
0 0 0 0 1 9.84105
0 0 0 0 1 9.85056
0 0 0 0 0 9.93631
0 0 0 0 1 10.014
0 0 0 0 1 10.2119
0 0 0 0 1 10.0972
0 0 0 0 1 10.3173
0 0 0 0 0 10.281
0 0 0 0 1 10.3494
0 0 0 0 0 10.563
0 0 0 0 1 10.6095
0 0 0 0 1 10.6112
0 0 0 0 1 10.7965
0 0 0 0 0 10.8082
0 0 0 0 1 11.0155
0 0 0 0 1 11.084
0 0 0 0 1 11.0284
0 0 0 0 0 11.2254
0 0 0 0 1 11.3501
0 0 0 0 0 11.3004
0 0 0 0 1 11.386
0 0 0 0 1 11.4484
0 0 0 0 0 11.5454
0 0 0 0 0 11.7926
0 0 0 0 1 11.7727
0 0 0 0 1 11.9751
0 0 0 0 1 12.1675
0 0 0 0 1 12.0603
0 0 0 0 1 12.3485
0 0 0 0 1 12.479
0 0 0 0 1 12.4006
0 0 0 0 1 12.5896
0 0 0 0 1 12.864
0 0 0 0 0 12.9412
0 0 0 0 1 12.8875
0 0 0 0 1 13.1194
0 0 0 0 0 13.3762
0 0 0 0 0 13.5325
0 0 0 0 1 13.4011
0 0 0 0 1 13.8114
0 0 0 0 1 13.8638
0 0 0 0 1 13.8865
0 0 0 0 1 14.1044
0 0 0 0 1 14.2049
0 0 0 0 0 14.4487
0 0 0 0 0 14.651
0 0 0 0 1 14.8638
0 0 0 0 1 14.8988
0 0 0 0 1 15.1877
0 0 0 0 1 15.3763
0 0 0 0 1 15.5558
0 0 0 0 1 15.5102
0 0 0 0 1 15.7063
0 0 0 0 1 16.1338
0 0 0 0 0 16.2617
0 0 0 0 1 13.8987
0 0 0 0 0 13.9746
0 0 0 0 1 13.8438
0 0 0 0 1 14.0038
0 0 0 0 0 13.8738
0 0 0 0 1 13.9671
0 0 0 0 1 13.8071
0 0 0 0 1 13.7757
0 0 0 0 1 13.7445
0 0 0 0 1 13.7108
0 0 0 0 1 13.7632
0 0 0 0 1 13.8848
0 0 0 0 1 13.7138
0 0 0 0 1 13.8218
0 0 0 0 1 13.8058
0 0 0 0 1 13.8451
0 0 0 0 1 13.6074
0 0 0 0 0 13.7981
0 0 0 0 0 13.7146
0 0 0 0 1 13.5905
0 0 0 0 1 13.5899
0 0 0 0 1 13.6168
0 0 0 0 1 13.7394
0 0 0 0 1 13.7529
0 0 0 0 1 13.5057
0 0 0 0 1 13.4927
0 0 0 0 1 13.4936
0 0 0 0 0 13.6033
0 0 0 0 1 13.6045
0 0 0 0 1 13.5652
0 0 0 0 1 13.5128
0 0 0 0 1 13.6095
0 0 0 0 0 13.571
0 0 0 0 1 13.641
0 0 0 0 0 14.0995
0 0 0 0 1 14.3001
0 0 0 0 0 14.7353
0 0 0 0 1 15.28
0 0 0 0 1 15.5622
0 0 0 0 1 15.9858
0 0 0 0 1 16.5053
0 0 0 0 1 16.9907
0 0 0 0 1 17.3391
0 0 0 0 1 38.0562
0 0 0 0 1 34.1194
0 0 0 0 1 33.8976
0 0 0 0 0 33.6079
0 0 0 0 1 33.8597
0 0 0 0 1 33.9768
0 0 0 0 1 33.6893
0 0 0 0 1 33.8414
0 0 0 0 1 33.4544
0 0 0 0 1 33.7436
0 0 0 0 1 33.3919
0 0 0 0 1 33.8495
0 0 0 0 1 33.6004
0 0 0 0 0 33.7905
0 0 0 0 1 33.4755
0 0 0 0 1 34.7814
0 0 0 0 1 37.3226
0 0 0 0 1 70.5011
0 0 0 0 1 69.8502
0 0 0 0 0 69.4815
0 0 0 0 0 69.4653
0 0 0 0 0 69.59
0 0 0 0 1 69.4362
0 0 0 0 0 72.6134
0 0 0 0 0 4.99998
0 0 0 0 0 5.02002
0 0 0 0 0 5.03004
0 0 0 0 0 4.97994
0 0 0 0 0 4.99998
0 0 0 0 0 5.04507
0 0 0 0 0 4.98996
0 0 0 0 0 4.99998
0 0 0 0 0 5.04507
0 0 0 0 0 5.02503
0 0 0 0 0 5.0601
0 0 0 0 0 5.05509
0 0 0 0 0 4.97994
0 0 0 0 0 5.04507
0 0 0 0 0 4.99497
0 0 0 0 0 5.04006
0 0 0 0 0 4.98495
0 0 0 0 0 5.05509
0 0 0 0 0 4.97493
0 0 0 0 0 5.02002
0 0 0 0 0 4.97493
0 0 0 0 0 4.97994
0 0 0 0 0 4.96491
0 0 0 0 0 5.00499
0 0 0 0 0 4.96992
0 0 0 0 1 100.682
0 0 0 0 1 94.92
0 0 0 0 1 88.8697
0 0 0 0 0 85.107
0 0 0 0 1 80.2627
0 0 0 0 1 76.5375
0 0 0 0 1 74.549
0 0 0 0 1 70.0494
0 0 0 0 1 67.2538
0 0 0 0 1 65.5906
0 0 0 0 1 62.8526
0 0 0 0 1 60.4389
0 0 0 0 1 58.0705
0 0 0 0 1 56.324
0 0 0 0 0 54.4015
0 0 0 0 0 53.6778
0 0 0 0 1 51.0786
0 0 0 0 1 50.2389
0 0 0 0 0 48.479
0 0 0 0 1 47.7539
0 0 0 0 1 46.1454
0 0 0 0 1 44.3654
0 0 0 0 0 43.4078
0 0 0 0 0 42.7139
0 0 0 0 1 41.3642
0 0 0 0 1 40.2231
0 0 0 0 0 39.615
0 0 0 0 1 38.8484
0 0 0 0 1 38.1348
0 0 0 0 0 37.0565
0 0 0 0 1 36.1382
0 0 0 0 1 35.3173
0 0 0 0 1 35.1063
0 0 0 0 1 34.4762
0 0 0 0 0 33.6154
0 0 0 0 1 33.1771
0 0 0 0 1 32.3419
0 0 0 0 0 31.9374
0 0 0 0 1 31.0579
0 0 0 0 1 30.4542
0 0 0 0 1 30.013
0 0 0 0 1 29.2439
0 0 0 0 0 28.8231
0 0 0 0 1 28.5247
0 0 0 0 0 27.875
0 0 0 0 1 27.4354
0 0 0 0 1 27.0059
0 0 0 0 1 26.9084
0 0 0 0 1 26.3283
0 0 0 0 1 26.1448
0 0 0 0 0 25.5642
0 0 0 0 1 25.4803
0 0 0 0 1 24.8248
0 0 0 0 1 24.6702
0 0 0 0 1 24.093
0 0 0 0 1 23.7956
0 0 0 0 1 23.6633
0 0 0 0 1 23.4056
0 0 0 0 1 23.1336
0 0 0 0 1 22.693
0 0 0 0 1 22.3649
0 0 0 0 0 22.1015
0 0 0 0 0 21.6666
0 0 0 0 0 21.6747
0 0 0 0 0 21.4968
0 0 0 0 1 21.0403
0 0 0 0 1 21.0276
0 0 0 0 1 20.7623
0 0 0 0 1 20.5983
0 0 0 0 0 20.3431
0 0 0 0 1 20.0876
0 0 0 0 1 19.5674
0 0 0 0 1 19.5999
0 0 0 0 1 19.1546
0 0 0 0 1 19.1445
0 0 0 0 0 19.0644
0 0 0 0 1 18.8512
0 0 0 0 1 18.7221
0 0 0 0 1 18.5096
0 0 0 0 1 18.0434
0 0 0 0 1 18.0695
0 0 0 0 0 17.9581
0 0 0 0 0 17.811
0 0 0 0 1 17.3487
0 0 0 0 1 17.2218
0 0 0 0 1 17.3524
0 0 0 0 1 17.0102
0 0 0 0 1 16.8236
0 0 0 0 1 16.7049
0 0 0 0 1 16.7109
0 0 0 0 1 16.5338
0 0 0 0 1 16.1295
0 0 0 0 1 16.3115
0 0 0 0 0 16.1538
0 0 0 0 1 15.9562
0 0 0 0 0 15.7039
0 0 0 0 1 15.4801
0 0 0 0 1 15.4735
0 0 0 0 1 15.3046
0 0 0 0 1 15.3657
0 0 0 0 1 15.221
0 0 0 0 1 14.9031
0 0 0 0 1 14.7972
0 0 0 0 1 14.9454
0 0 0 0 1 14.5381
0 0 0 0 0 14.4708
0 0 0 0 0 14.5997
0 0 0 0 1 14.3233
0 0 0 0 1 14.1781
0 0 0 0 0 14.0479
0 0 0 0 1 13.9465
0 0 0 0 1 13.8538
0 0 0 0 1 13.7668
0 0 0 0 1 13.9086
0 0 0 0 1 13.7928
0 0 0 0 1 13.7216
0 0 0 0 1 13.3586
0 0 0 0 0 13.3347
0 0 0 0 0 13.3633
0 0 0 0 1 13.3196
0 0 0 0 1 13.1179
0 0 0 0 1 13.1661
0 0 0 0 1 12.9144
0 0 0 0 1 12.9359
0 0 0 0 0 12.862
0 0 0 0 0 12.6655
0 0 0 0 1 12.5846
0 0 0 0 1 12.5373
0 0 0 0 1 12.6069
0 0 0 0 1 12.4672
0 0 0 0 1 12.4567
0 0 0 0 1 12.2531
0 0 0 0 0 12.1938
0 0 0 0 1 12.171
0 0 0 0 0 12.1074
0 0 0 0 1 11.8999
0 0 0 0 1 11.8775
0 0 0 0 1 12.0053
0 0 0 0 0 11.757
0 0 0 0 0 11.8126
0 0 0 0 1 11.5982
0 0 0 0 1 11.5717
0 0 0 0 1 11.6144
0 0 0 0 0 11.6103
0 0 0 0 1 11.4112
0 0 0 0 0 11.4187
0 0 0 0 0 11.4334
0 0 0 0 1 11.2446
0 0 0 0 1 11.1396
0 0 0 0 1 11.0762
0 0 0 0 1 11.2167
0 0 0 0 1 10.9651
0 0 0 0 1 11.0896
0 0 0 0 1 10.8841
0 0 0 0 1 10.8111
0 0 0 0 1 10.7818
0 0 0 0 1 10.6986
0 0 0 0 1 10.6374
0 0 0 0 1 10.6514
0 0 0 0 1 10.7501
0 0 0 0 1 10.7138
0 0 0 0 1 10.4837
0 0 0 0 0 10.5183
0 0 0 0 1 10.3535
0 0 0 0 1 10.5199
0 0 0 0 1 10.4702
0 0 0 0 1 10.3555
0 0 0 0 1 10.3239
0 0 0 0 1 10.1899
0 0 0 0 1 10.1181
0 0 0 0 1 10.26
0 0 0 0 1 10.2185
0 0 0 0 1 10.0797
0 0 0 0 1 9.92869
0 0 0 0 1 10.0584
0 0 0 0 0 9.89851
0 0 0 0 1 9.98425
0 0 0 0 1 9.86507
0 0 0 0 1 9.80249
0 0 0 0 1 9.90035
0 0 0 0 0 9.83136
0 0 0 0 1 9.67529
0 0 0 0 1 9.60427
0 0 0 0 1 9.55625
0 0 0 0 1 9.59183
0 0 0 0 0 9.51204
0 0 0 0 0 9.53153
0 0 0 0 1 9.55711
0 0 0 0 1 9.46237
0 0 0 0 1 9.45954
0 0 0 0 1 9.45668
0 0 0 0 1 9.45698
0 0 0 0 0 9.36991
0 0 0 0 1 9.2554
0 0 0 0 0 9.31492
0 0 0 0 1 9.17671
0 0 0 0 1 9.1654
0 0 0 0 1 9.26454
0 0 0 0 1 9.09708
0 0 0 0 0 9.23233
0 0 0 0 1 9.05692
0 0 0 0 1 9.03702
0 0 0 0 0 9.10777
0 0 0 0 1 9.06076
0 0 0 0 1 8.95675
0 0 0 0 1 9.00022
0 0 0 0 1 9.04018
0 0 0 0 1 8.93148
0 0 0 0 1 8.88574
0 0 0 0 1 8.84031
0 0 0 0 0 8.88357
0 0 0 0 1 8.73814
0 0 0 0 0 8.82548
0 0 0 0 1 8.67571
0 0 0 0 0 8.756
0 0 0 0 1 8.78165
0 0 0 0 1 8.62984
0 0 0 0 0 8.62112
0 0 0 0 1 8.60037
0 0 0 0 1 8.71265
0 0 0 0 1 8.66606
0 0 0 0 1 8.59747
0 0 0 0 1 8.50869
0 0 0 0 1 8.44958
0 0 0 0 0 8.42984
0 0 0 0 0 8.56315
0 0 0 0 1 8.43315
0 0 0 0 1 8.4983
0 0 0 0 1 8.35228
0 0 0 0 1 8.46312
0 0 0 0 1 8.42717
0 0 0 0 1 8.39146
0 0 0 0 1 8.33089
0 0 0 0 1 8.38739
0 0 0 0 0 8.29771
0 0 0 0 0 8.34586
0 0 0 0 1 8.32765
0 0 0 0 1 8.33889
0 0 0 0 1 8.27966
0 0 0 0 1 8.18786
0 0 0 0 1 8.17864
0 0 0 0 1 8.24329
0 0 0 0 1 8.1851
0 0 0 0 1 8.16804
0 0 0 0 1 8.13486
0 0 0 0 0 8.20755
0 0 0 0 1 8.15028
0 0 0 0 0 8.14999
0 0 0 0 1 8.01249
0 0 0 0 1 7.9885
0 0 0 0 1 8.1135
0 0 0 0 0 8.00924
0 0 0 0 1 8.04981
0 0 0 0 1 8.08234
0 0 0 0 1 7.97906
0 0 0 0 1 8.02357
0 0 0 0 1 7.98464
0 0 0 0 1 7.97776
0 0 0 0 0 7.86791
0 0 0 0 1 7.94068
0 0 0 0 1 7.85878
0 0 0 0 1 7.8763
0 0 0 0 1 7.79935
0 0 0 0 1 7.915
0 0 0 0 1 7.91255
0 0 0 0 1 7.82835
0 0 0 0 1 7.9012
0 0 0 0 0 7.78631
0 0 0 0 0 7.84689
0 0 0 0 1 7.86519
0 0 0 0 1 7.72014
0 0 0 0 1 7.843
0 0 0 0 0 7.8073
0 0 0 0 1 7.73612
