0 0 0 0 0 5.49187
0 0 0 0 1 5.60645
0 0 0 0 1 5.61022
0 0 0 0 0 5.59981
0 0 0 0 0 5.55912
0 0 0 0 1 5.6414
0 0 0 0 1 5.56076
0 0 0 0 1 5.6546
0 0 0 0 1 5.60518
0 0 0 0 0 5.58152
0 0 0 0 1 5.66486
0 0 0 0 1 5.60758
0 0 0 0 1 5.68795
0 0 0 0 1 5.70426
0 0 0 0 1 5.6357
0 0 0 0 0 5.65424
0 0 0 0 1 5.67652
0 0 0 0 1 5.6534
0 0 0 0 1 5.6988
0 0 0 0 0 5.7597
0 0 0 0 1 5.67387
0 0 0 0 0 5.79431
0 0 0 0 1 5.73137
0 0 0 0 1 5.77771
0 0 0 0 0 5.79144
0 0 0 0 1 5.77462
0 0 0 0 0 5.82731
0 0 0 0 0 5.78743
0 0 0 0 1 5.83471
0 0 0 0 1 5.81814
0 0 0 0 1 5.78989
0 0 0 0 1 5.8861
0 0 0 0 1 5.87128
0 0 0 0 1 5.90776
0 0 0 0 1 5.85619
0 0 0 0 1 5.95782
0 0 0 0 1 5.90034
0 0 0 0 0 5.89007
0 0 0 0 1 5.92138
0 0 0 0 1 5.89337
0 0 0 0 1 5.90705
0 0 0 0 1 5.99261
0 0 0 0 0 6.03793
0 0 0 0 1 5.98012
0 0 0 0 1 5.98228
0 0 0 0 1 6.05688
0 0 0 0 1 6.10655
0 0 0 0 1 6.04245
0 0 0 0 1 6.0328
0 0 0 0 1 6.15727
0 0 0 0 1 6.10517
0 0 0 0 0 6.08347
0 0 0 0 1 6.20194
0 0 0 0 0 6.16299
0 0 0 0 1 6.14755
0 0 0 0 0 6.19393
0 0 0 0 1 6.2654
0 0 0 0 1 6.2368
0 0 0 0 0 6.22149
0 0 0 0 0 6.29371
0 0 0 0 1 6.29645
0 0 0 0 1 6.28123
0 0 0 0 1 6.30382
0 0 0 0 1 6.3202
0 0 0 0 0 6.38744
0 0 0 0 1 6.33337
0 0 0 0 1 6.40107
0 0 0 0 1 6.37237
0 0 0 0 1 6.39566
0 0 0 0 1 6.49566
0 0 0 0 1 6.49359
0 0 0 0 1 6.51027
0 0 0 0 1 6.55374
0 0 0 0 0 6.47358
0 0 0 0 1 6.50411
0 0 0 0 1 6.6063
0 0 0 0 0 6.64995
0 0 0 0 1 6.60862
0 0 0 0 1 6.67241
0 0 0 0 1 6.60364
0 0 0 0 1 6.66783
0 0 0 0 0 6.75977
0 0 0 0 1 6.69113
0 0 0 0 1 6.69553
0 0 0 0 1 6.73374
0 0 0 0 1 6.73148
0 0 0 0 1 6.74959
0 0 0 0 1 6.78146
0 0 0 0 1 6.89587
0 0 0 0 0 6.90088
0 0 0 0 0 6.96117
0 0 0 0 0 6.90441
0 0 0 0 0 6.95109
0 0 0 0 1 6.97014
0 0 0 0 1 7.0173
0 0 0 0 1 7.02956
0 0 0 0 0 7.07674
0 0 0 0 1 7.08917
0 0 0 0 1 7.06601
0 0 0 0 1 7.20704
0 0 0 0 1 7.13375
0 0 0 0 1 7.27594
0 0 0 0 1 7.24517
0 0 0 0 1 7.31615
0 0 0 0 1 7.35805
0 0 0 0 1 7.37857
0 0 0 0 0 7.30307
0 0 0 0 1 7.35333
0 0 0 0 0 7.46233
0 0 0 0 1 7.4306
0 0 0 0 1 7.54852
0 0 0 0 1 7.46401
0 0 0 0 1 7.50692
0 0 0 0 1 7.65629
0 0 0 0 1 7.60149
0 0 0 0 1 7.57625
0 0 0 0 1 7.69667
0 0 0 0 1 7.68672
0 0 0 0 1 7.81619
0 0 0 0 1 7.82192
0 0 0 0 1 7.77317
0 0 0 0 1 7.83343
0 0 0 0 1 7.96476
0 0 0 0 0 7.95458
0 0 0 0 1 7.94356
0 0 0 0 1 8.013
0 0 0 0 1 8.03447
0 0 0 0 1 8.18559
0 0 0 0 1 8.1664
0 0 0 0 1 8.13088
0 0 0 0 1 8.20115
0 0 0 0 1 8.3464
0 0 0 0 0 8.38523
0 0 0 0 1 8.4069
0 0 0 0 1 8.34435
0 0 0 0 0 8.42454
0 0 0 0 1 8.58182
0 0 0 0 1 8.58655
0 0 0 0 1 8.5745
0 0 0 0 1 8.71679
0 0 0 0 1 8.63363
0 0 0 0 1 8.68973
0 0 0 0 1 8.82441
0 0 0 0 1 8.86453
0 0 0 0 0 8.95645
0 0 0 0 1 8.89686
0 0 0 0 0 8.93506
0 0 0 0 0 8.98229
0 0 0 0 1 9.12177
0 0 0 0 1 9.23393
0 0 0 0 1 9.30083
0 0 0 0 1 9.1916
0 0 0 0 1 8.41686
0 0 0 0 1 8.49048
0 0 0 0 1 8.51864
0 0 0 0 1 8.35299
0 0 0 0 0 8.30874
0 0 0 0 1 8.3037
0 0 0 0 1 8.36839
0 0 0 0 1 8.39655
0 0 0 0 0 8.2918
0 0 0 0 1 8.29523
0 0 0 0 0 8.29335
0 0 0 0 1 8.16512
0 0 0 0 1 8.19358
0 0 0 0 1 8.24127
0 0 0 0 1 8.22864
0 0 0 0 1 8.10211
0 0 0 0 1 8.13059
0 0 0 0 1 8.17517
0 0 0 0 0 8.09026
0 0 0 0 1 8.14288
0 0 0 0 1 8.09878
0 0 0 0 1 7.9988
0 0 0 0 1 8.03541
0 0 0 0 1 8.03997
0 0 0 0 1 7.93306
0 0 0 0 1 8.00154
0 0 0 0 0 7.94292
0 0 0 0 1 7.94792
0 0 0 0 1 7.95296
0 0 0 0 1 7.83998
0 0 0 0 1 7.87351
0 0 0 0 1 7.86322
0 0 0 0 1 7.8687
0 0 0 0 1 7.84303
0 0 0 0 1 7.73969
0 0 0 0 1 7.69558
0 0 0 0 1 7.77927
0 0 0 0 1 7.75434
0 0 0 0 1 7.7605
0 0 0 0 1 7.69738
0 0 0 0 1 7.72337
0 0 0 0 1 7.69145
0 0 0 0 1 7.59083
0 0 0 0 1 7.72412
0 0 0 0 0 7.61636
0 0 0 0 1 7.60448
0 0 0 0 0 7.54317
0 0 0 0 1 7.64918
0 0 0 0 0 7.59209
0 0 0 0 1 7.59197
0 0 0 0 1 7.53532
0 0 0 0 1 7.59577
0 0 0 0 1 7.67901
0 0 0 0 0 7.85601
0 0 0 0 1 7.82362
0 0 0 0 1 7.9628
0 0 0 0 1 8.12076
0 0 0 0 1 8.09368
0 0 0 0 1 8.25279
0 0 0 0 0 8.43027
0 0 0 0 1 8.45095
0 0 0 0 0 8.56299
0 0 0 0 0 8.61459
0 0 0 0 0 8.76241
0 0 0 0 1 8.9826
0 0 0 0 1 8.97102
0 0 0 0 1 9.2219
0 0 0 0 0 9.3466
0 0 0 0 1 9.34
0 0 0 0 0 9.55852
0 0 0 0 1 9.64421
0 0 0 0 1 9.82681
0 0 0 0 1 9.94095
0 0 0 0 1 10.1246
0 0 0 0 1 10.2068
0 0 0 0 1 10.4432
0 0 0 0 1 10.5218
0 0 0 0 1 10.803
0 0 0 0 1 10.8793
0 0 0 0 1 20.9202
0 0 0 0 1 21.1443
0 0 0 0 0 21.3312
0 0 0 0 1 21.6534
0 0 0 0 1 22.2258
0 0 0 0 1 22.5656
0 0 0 0 0 23.0187
0 0 0 0 1 23.268
0 0 0 0 0 23.8654
0 0 0 0 0 24.5762
0 0 0 0 1 25.0426
0 0 0 0 1 25.4616
0 0 0 0 1 25.9906
0 0 0 0 1 26.5661
0 0 0 0 1 27.291
0 0 0 0 1 27.8482
0 0 0 0 1 28.1779
0 0 0 0 0 28.8614
0 0 0 0 1 30.0019
0 0 0 0 1 30.1996
0 0 0 0 1 30.9931
0 0 0 0 1 31.7416
0 0 0 0 1 32.6909
0 0 0 0 0 33.8543
0 0 0 0 1 34.9883
0 0 0 0 1 25.6648
0 0 0 0 1 24.2112
0 0 0 0 1 24.1675
0 0 0 0 1 24.0054
0 0 0 0 1 23.954
0 0 0 0 0 24.0077
0 0 0 0 1 23.919
0 0 0 0 1 24.2154
0 0 0 0 1 24.0783
0 0 0 0 1 24.2696
0 0 0 0 1 24.1335
0 0 0 0 0 24.2154
0 0 0 0 1 24.0329
0 0 0 0 1 23.8738
0 0 0 0 0 23.9571
0 0 0 0 1 24.2236
0 0 0 0 1 24.2106
0 0 0 0 1 24.1747
0 0 0 0 1 24.1627
0 0 0 0 1 24.0793
0 0 0 0 1 44.6545
0 0 0 0 0 44.3738
0 0 0 0 1 48.3925
0 0 0 0 0 4.99998
0 0 0 0 0 5.04006
0 0 0 0 0 4.96992
0 0 0 0 0 5.00499
0 0 0 0 0 5.05509
0 0 0 0 0 4.97994
0 0 0 0 0 4.97493
0 0 0 0 0 5.03004
0 0 0 0 0 5.0601
0 0 0 0 0 4.98996
0 0 0 0 0 5.0601
0 0 0 0 0 5.03004
0 0 0 0 0 5.04006
0 0 0 0 0 5.03505
0 0 0 0 0 4.96491
0 0 0 0 0 5.05509
0 0 0 0 0 5.00499
0 0 0 0 0 5.00499
0 0 0 0 0 4.96491
0 0 0 0 0 5.05509
0 0 0 0 0 4.99998
0 0 0 0 0 5.02002
0 0 0 0 0 4.96491
0 0 0 0 0 5.0601
0 0 0 0 0 4.99497
0 0 0 0 0 5.04507
0 0 0 0 0 5.02002
0 0 0 0 0 4.97493
0 0 0 0 0 99.6842
0 0 0 0 0 93.7888
0 0 0 0 1 88.7804
0 0 0 0 1 85.3615
0 0 0 0 1 80.5052
0 0 0 0 1 77.309
0 0 0 0 1 74.0323
0 0 0 0 1 70.8985
0 0 0 0 0 68.6125
0 0 0 0 0 65.3947
0 0 0 0 1 62.7268
0 0 0 0 0 60.4996
0 0 0 0 1 58.8322
0 0 0 0 1 56.2106
0 0 0 0 1 54.6208
0 0 0 0 1 53.3057
0 0 0 0 1 51.6456
0 0 0 0 1 50.5391
0 0 0 0 1 48.5276
0 0 0 0 0 47.5175
0 0 0 0 1 46.3294
0 0 0 0 0 44.5446
0 0 0 0 0 43.8445
0 0 0 0 0 42.288
0 0 0 0 1 41.6553
0 0 0 0 1 40.1825
0 0 0 0 0 40.0512
0 0 0 0 0 39.081
0 0 0 0 1 37.6041
0 0 0 0 1 37.1678
0 0 0 0 0 36.465
0 0 0 0 1 35.2106
0 0 0 0 1 34.8274
0 0 0 0 1 33.9979
0 0 0 0 1 33.6825
0 0 0 0 1 32.8154
0 0 0 0 0 32.2128
0 0 0 0 1 31.969
0 0 0 0 1 30.8712
0 0 0 0 1 30.3013
0 0 0 0 1 30.1332
0 0 0 0 1 29.5984
0 0 0 0 1 29.1136
0 0 0 0 1 28.782
0 0 0 0 1 28.2969
0 0 0 0 1 27.6015
0 0 0 0 0 27.3056
0 0 0 0 0 26.6938
0 0 0 0 1 26.6983
0 0 0 0 0 26.0927
0 0 0 0 1 25.7439
0 0 0 0 1 25.0755
0 0 0 0 1 25.1492
0 0 0 0 1 24.6948
0 0 0 0 0 24.4327
0 0 0 0 1 24.1068
0 0 0 0 0 23.8286
0 0 0 0 1 23.5454
0 0 0 0 1 22.7883
0 0 0 0 1 22.5794
0 0 0 0 1 22.3201
0 0 0 0 0 22.3232
0 0 0 0 1 21.7979
0 0 0 0 0 21.7613
0 0 0 0 1 21.5609
0 0 0 0 1 21.3149
0 0 0 0 1 20.7561
0 0 0 0 1 20.7416
0 0 0 0 0 20.2308
0 0 0 0 1 20.2422
0 0 0 0 1 20.0277
0 0 0 0 0 19.8043
0 0 0 0 0 19.4435
0 0 0 0 1 19.4831
0 0 0 0 1 19.221
0 0 0 0 1 18.8372
0 0 0 0 1 18.8699
0 0 0 0 1 18.5737
0 0 0 0 0 18.2709
0 0 0 0 1 18.098
0 0 0 0 1 17.8533
0 0 0 0 1 17.7441
0 0 0 0 1 17.5459
0 0 0 0 1 17.4012
0 0 0 0 1 17.2912
0 0 0 0 1 17.3524
0 0 0 0 1 17.0954
0 0 0 0 1 16.9418
0 0 0 0 1 16.7383
0 0 0 0 1 16.6445
0 0 0 0 0 16.5666
0 0 0 0 1 16.2598
0 0 0 0 1 15.9885
0 0 0 0 1 16.0897
0 0 0 0 1 15.845
0 0 0 0 1 15.8457
0 0 0 0 1 15.6209
0 0 0 0 0 15.5665
0 0 0 0 1 15.5354
0 0 0 0 0 15.1063
0 0 0 0 0 15.2362
0 0 0 0 1 15.0533
0 0 0 0 1 14.8568
0 0 0 0 1 14.8418
0 0 0 0 1 14.8318
0 0 0 0 1 14.7185
0 0 0 0 1 14.5708
0 0 0 0 1 14.3233
0 0 0 0 1 14.3635
0 0 0 0 1 14.1045
0 0 0 0 0 14.1995
0 0 0 0 1 13.9934
0 0 0 0 1 13.9747
0 0 0 0 0 13.8259
0 0 0 0 1 13.7518
0 0 0 0 1 13.4906
0 0 0 0 1 13.6015
0 0 0 0 0 13.5357
0 0 0 0 1 13.4431
0 0 0 0 1 13.1476
0 0 0 0 1 13.0784
0 0 0 0 0 13.1269
0 0 0 0 1 13.0571
0 0 0 0 0 12.8843
0 0 0 0 0 12.8363
0 0 0 0 1 12.7164
0 0 0 0 0 12.6986
0 0 0 0 1 12.575
0 0 0 0 1 12.5193
0 0 0 0 1 12.4797
0 0 0 0 0 12.469
0 0 0 0 1 12.3146
0 0 0 0 1 12.1571
0 0 0 0 1 12.1345
0 0 0 0 0 12.0229
0 0 0 0 1 12.0922
0 0 0 0 1 12.0209
0 0 0 0 1 11.9102
0 0 0 0 1 11.7452
0 0 0 0 1 11.6598
0 0 0 0 1 11.7151
0 0 0 0 1 11.5368
0 0 0 0 1 11.464
0 0 0 0 1 11.5758
0 0 0 0 1 11.457
0 0 0 0 1 11.4187
0 0 0 0 0 11.2407
0 0 0 0 1 11.3122
0 0 0 0 1 11.3191
0 0 0 0 1 11.065
0 0 0 0 0 11.1834
0 0 0 0 1 10.954
0 0 0 0 0 10.9026
0 0 0 0 1 11.0374
0 0 0 0 1 10.9201
0 0 0 0 1 10.8144
0 0 0 0 1 10.8498
0 0 0 0 0 10.8523
0 0 0 0 0 10.6193
0 0 0 0 1 10.5372
0 0 0 0 1 10.5865
0 0 0 0 1 10.4626
0 0 0 0 1 10.5708
0 0 0 0 1 10.3954
0 0 0 0 1 10.4262
0 0 0 0 0 10.4287
0 0 0 0 1 10.3968
0 0 0 0 1 10.293
0 0 0 0 1 10.2616
0 0 0 0 1 10.2405
0 0 0 0 1 10.0974
0 0 0 0 0 10.0263
0 0 0 0 1 10.1099
0 0 0 0 1 10.0992
0 0 0 0 1 10.0484
0 0 0 0 1 9.91841
0 0 0 0 1 9.98425
0 0 0 0 1 9.88482
0 0 0 0 1 9.7828
0 0 0 0 1 9.81213
0 0 0 0 1 9.70444
0 0 0 0 1 9.65585
0 0 0 0 1 9.73995
0 0 0 0 1 9.73
0 0 0 0 1 9.68804
0 0 0 0 0 9.60793
0 0 0 0 0 9.60794
0 0 0 0 0 9.56663
0 0 0 0 1 9.38652
0 0 0 0 0 9.41229
0 0 0 0 1 9.44726
0 0 0 0 1 9.36316
0 0 0 0 0 9.28574
0 0 0 0 1 9.23676
0 0 0 0 1 9.21266
0 0 0 0 0 9.31561
0 0 0 0 0 9.1654
0 0 0 0 0 9.21854
0 0 0 0 1 9.16127
0 0 0 0 1 9.18663
0 0 0 0 1 9.17537
0 0 0 0 1 9.0461
0 0 0 0 0 9.01724
0 0 0 0 1 9.00661
0 0 0 0 1 8.95675
0 0 0 0 1 8.98228
0 0 0 0 1 8.86117
0 0 0 0 1 8.95825
0 0 0 0 0 8.91243
0 0 0 0 1 8.87578
0 0 0 0 1 8.76866
0 0 0 0 1 8.90567
0 0 0 0 1 8.72879
0 0 0 0 1 8.83345
0 0 0 0 1 8.80849
0 0 0 0 1 8.80781
0 0 0 0 0 8.62114
0 0 0 0 0 8.66449
0 0 0 0 1 8.67825
0 0 0 0 1 8.6609
0 0 0 0 1 8.52837
0 0 0 0 1 8.49451
0 0 0 0 1 8.47445
0 0 0 0 1 8.5776
0 0 0 0 1 8.54905
0 0 0 0 1 8.45271
0 0 0 0 1 8.50943
0 0 0 0 1 8.46447
0 0 0 0 1 8.47883
0 0 0 0 1 8.3874
0 0 0 0 1 8.42717
0 0 0 0 1 8.31608
0 0 0 0 1 8.43117
0 0 0 0 1 8.4124
0 0 0 0 1 8.30602
0 0 0 0 1 8.30438
0 0 0 0 1 8.22831
0 0 0 0 0 8.32236
0 0 0 0 1 8.25492
0 0 0 0 1 8.29484
0 0 0 0 1 8.14579
0 0 0 0 1 8.18593
0 0 0 0 1 8.12786
0 0 0 0 0 8.20068
0 0 0 0 1 8.15115
0 0 0 0 1 8.14254
0 0 0 0 1 8.02863
0 0 0 0 0 8.10952
0 0 0 0 0 8.15788
0 0 0 0 0 8.02074
0 0 0 0 0 8.06521
0 0 0 0 1 8.00924
0 0 0 0 1 8.0418
0 0 0 0 1 7.9623
0 0 0 0 0 7.96309
0 0 0 0 1 7.96774
0 0 0 0 1 7.9926
0 0 0 0 0 7.87446
0 0 0 0 1 7.97895
0 0 0 0 0 7.93276
0 0 0 0 1 7.96156
0 0 0 0 1 7.94733
0 0 0 0 0 7.94116
0 0 0 0 1 7.79698
0 0 0 0 1 7.81826
0 0 0 0 1 7.81267
0 0 0 0 1 7.85421
0 0 0 0 1 7.8254
0 0 0 0 1 7.78443
0 0 0 0 1 7.81842
0 0 0 0 1 7.7357
0 0 0 0 1 7.76527
0 0 0 0 1 7.82282
0 0 0 0 0 7.80589
