0 0 0 0 1 5.59727
0 0 0 0 1 5.50644
0 0 0 0 1 5.54344
0 0 0 0 0 5.58866
0 0 0 0 1 5.63168
0 0 0 0 1 5.56313
0 0 0 0 1 5.63349
0 0 0 0 1 5.59295
0 0 0 0 1 5.60518
0 0 0 0 0 5.5759
0 0 0 0 0 5.59166
0 0 0 0 0 5.63014
0 0 0 0 1 5.66535
0 0 0 0 1 5.61372
0 0 0 0 0 5.65838
0 0 0 0 1 5.62585
0 0 0 0 1 5.6424
0 0 0 0 1 5.71039
0 0 0 0 0 5.76161
0 0 0 0 0 5.67971
0 0 0 0 0 5.69105
0 0 0 0 1 5.77136
0 0 0 0 1 5.69113
0 0 0 0 1 5.76619
0 0 0 0 1 5.72222
0 0 0 0 1 5.73994
0 0 0 0 1 5.79835
0 0 0 0 1 5.85128
0 0 0 0 1 5.82308
0 0 0 0 0 5.82397
0 0 0 0 1 5.86584
0 0 0 0 0 5.89195
0 0 0 0 1 5.80097
0 0 0 0 1 5.83142
0 0 0 0 1 5.86208
0 0 0 0 1 5.86934
0 0 0 0 1 5.85304
0 0 0 0 1 5.93155
0 0 0 0 1 5.91544
0 0 0 0 1 5.90528
0 0 0 0 1 5.97865
0 0 0 0 1 6.03448
0 0 0 0 1 6.02595
0 0 0 0 1 6.01615
0 0 0 0 1 6.07857
0 0 0 0 1 6.09308
0 0 0 0 0 6.1126
0 0 0 0 1 6.11525
0 0 0 0 0 6.02672
0 0 0 0 0 6.15118
0 0 0 0 1 6.12961
0 0 0 0 1 6.18149
0 0 0 0 1 6.14048
0 0 0 0 1 6.13221
0 0 0 0 1 6.22161
0 0 0 0 1 6.13206
0 0 0 0 1 6.23438
0 0 0 0 1 6.28659
0 0 0 0 1 6.30261
0 0 0 0 1 6.23115
0 0 0 0 1 6.23995
0 0 0 0 1 6.24347
0 0 0 0 0 6.36061
0 0 0 0 1 6.31388
0 0 0 0 1 6.36841
0 0 0 0 1 6.3461
0 0 0 0 1 6.33087
0 0 0 0 1 6.46203
0 0 0 0 1 6.36998
0 0 0 0 1 6.50855
0 0 0 0 1 6.48067
0 0 0 0 1 6.42598
0 0 0 0 1 6.54074
0 0 0 0 1 6.54529
0 0 0 0 1 6.51065
0 0 0 0 1 6.58005
0 0 0 0 1 6.51827
0 0 0 0 1 6.5558
0 0 0 0 1 6.61277
0 0 0 0 1 6.68344
0 0 0 0 0 6.7012
0 0 0 0 1 6.71961
0 0 0 0 1 6.64415
0 0 0 0 1 6.70227
0 0 0 0 1 6.78783
0 0 0 0 1 6.73826
0 0 0 0 1 6.82451
0 0 0 0 1 6.8635
0 0 0 0 1 6.88214
0 0 0 0 1 6.95597
0 0 0 0 1 6.9197
0 0 0 0 1 6.86975
0 0 0 0 1 6.97197
0 0 0 0 1 7.05394
0 0 0 0 1 6.97523
0 0 0 0 1 7.10696
0 0 0 0 1 7.00604
0 0 0 0 0 7.16013
0 0 0 0 1 7.19422
0 0 0 0 1 7.17129
0 0 0 0 1 7.19834
0 0 0 0 1 7.16068
0 0 0 0 0 7.29584
0 0 0 0 1 7.19991
0 0 0 0 1 7.23396
0 0 0 0 1 7.36391
0 0 0 0 1 7.36933
0 0 0 0 0 7.34594
0 0 0 0 1 7.46233
0 0 0 0 1 7.40824
0 0 0 0 0 7.45875
0 0 0 0 0 7.44146
0 0 0 0 1 7.62775
0 0 0 0 1 7.63353
0 0 0 0 1 7.55579
0 0 0 0 1 7.61451
0 0 0 0 0 7.69667
0 0 0 0 1 7.7408
0 0 0 0 0 7.68424
0 0 0 0 1 7.85312
0 0 0 0 1 7.87493
0 0 0 0 1 7.80197
0 0 0 0 1 7.8303
0 0 0 0 1 8.00226
0 0 0 0 1 7.91159
0 0 0 0 1 8.03708
0 0 0 0 0 8.09093
0 0 0 0 1 8.06403
0 0 0 0 0 8.17455
0 0 0 0 0 8.11451
0 0 0 0 0 8.28349
0 0 0 0 1 8.19736
0 0 0 0 0 8.35196
0 0 0 0 1 8.38181
0 0 0 0 1 8.33594
0 0 0 0 1 8.40762
0 0 0 0 1 8.44574
0 0 0 0 1 8.62076
0 0 0 0 1 8.66901
0 0 0 0 0 8.64768
0 0 0 0 0 8.75535
0 0 0 0 0 8.71595
0 0 0 0 1 8.72763
0 0 0 0 1 8.85569
0 0 0 0 1 8.91198
0 0 0 0 1 8.89686
0 0 0 0 1 8.92606
0 0 0 0 1 9.09106
0 0 0 0 1 9.09443
0 0 0 0 0 9.1239
0 0 0 0 1 9.14397
0 0 0 0 0 9.29373
0 0 0 0 1 9.25915
0 0 0 0 1 9.40924
0 0 0 0 1 9.40104
0 0 0 0 1 9.58135
0 0 0 0 1 9.67715
0 0 0 0 1 9.63965
0 0 0 0 1 9.7746
0 0 0 0 1 9.85199
0 0 0 0 1 9.80164
0 0 0 0 1 9.8902
0 0 0 0 1 10.0162
0 0 0 0 0 10.1447
0 0 0 0 0 10.1815
0 0 0 0 1 10.1889
0 0 0 0 1 10.2556
0 0 0 0 1 10.3949
0 0 0 0 1 10.3389
0 0 0 0 0 10.4895
0 0 0 0 1 10.4826
0 0 0 0 1 10.7178
0 0 0 0 1 10.6998
0 0 0 0 1 10.7541
0 0 0 0 1 10.9063
0 0 0 0 1 10.8861
0 0 0 0 1 11.0728
0 0 0 0 1 11.1918
0 0 0 0 1 11.2487
0 0 0 0 1 11.4254
0 0 0 0 1 11.5578
0 0 0 0 1 11.6448
0 0 0 0 1 11.5687
0 0 0 0 1 11.6397
0 0 0 0 1 11.7845
0 0 0 0 1 11.8794
0 0 0 0 0 11.9985
0 0 0 0 1 12.109
0 0 0 0 1 12.2379
0 0 0 0 1 12.4417
0 0 0 0 1 12.4381
0 0 0 0 0 12.7666
0 0 0 0 1 12.6473
0 0 0 0 1 12.9927
0 0 0 0 0 12.9135
0 0 0 0 1 13.0669
0 0 0 0 1 13.3629
0 0 0 0 0 13.4521
0 0 0 0 1 13.4011
0 0 0 0 1 13.62
0 0 0 0 1 13.7394
0 0 0 0 0 14.0541
0 0 0 0 0 14.0056
0 0 0 0 0 14.3762
0 0 0 0 1 14.4487
0 0 0 0 1 14.6948
0 0 0 0 1 14.8933
0 0 0 0 0 14.7943
0 0 0 0 1 15.1424
0 0 0 0 1 15.361
0 0 0 0 1 15.4321
0 0 0 0 1 15.6824
0 0 0 0 0 15.8014
0 0 0 0 1 16.1338
0 0 0 0 1 16.3429
0 0 0 0 1 16.4865
0 0 0 0 1 16.8287
0 0 0 0 1 16.9985
0 0 0 0 0 17.2377
0 0 0 0 1 17.4851
0 0 0 0 1 17.4087
0 0 0 0 1 17.9575
0 0 0 0 1 18.1269
0 0 0 0 1 15.6007
0 0 0 0 1 15.7998
0 0 0 0 1 15.5299
0 0 0 0 0 15.729
0 0 0 0 1 15.6785
0 0 0 0 1 15.5506
0 0 0 0 1 15.5943
0 0 0 0 1 15.4362
0 0 0 0 1 15.651
0 0 0 0 1 15.4162
0 0 0 0 1 15.5382
0 0 0 0 1 15.5211
0 0 0 0 1 15.3961
0 0 0 0 1 15.4414
0 0 0 0 1 15.5022
0 0 0 0 0 15.517
0 0 0 0 1 15.4859
0 0 0 0 1 15.2862
0 0 0 0 1 15.2274
0 0 0 0 0 15.3048
0 0 0 0 1 15.2138
0 0 0 0 0 15.3222
0 0 0 0 1 15.1555
0 0 0 0 1 15.2663
0 0 0 0 0 15.1767
0 0 0 0 1 15.3012
0 0 0 0 1 15.1209
0 0 0 0 1 15.2153
0 0 0 0 1 15.3725
0 0 0 0 1 15.1781
0 0 0 0 1 15.7493
0 0 0 0 1 16.1781
0 0 0 0 1 16.4888
0 0 0 0 1 17.0925
0 0 0 0 1 17.4788
0 0 0 0 1 18.1499
0 0 0 0 0 18.6732
0 0 0 0 1 19.3484
0 0 0 0 0 35.3914
0 0 0 0 1 35.8346
0 0 0 0 1 35.1763
0 0 0 0 1 35.443
0 0 0 0 0 35.2125
0 0 0 0 1 35.0892
0 0 0 0 0 35.2866
0 0 0 0 1 35.5543
0 0 0 0 0 35.7526
0 0 0 0 1 35.7028
0 0 0 0 1 35.1947
0 0 0 0 1 35.1112
0 0 0 0 1 35.524
0 0 0 0 1 37.5086
0 0 0 0 1 39.844
0 0 0 0 1 60.9049
0 0 0 0 1 60.5249
0 0 0 0 1 60.5103
0 0 0 0 1 61.1042
0 0 0 0 0 4.96992
0 0 0 0 0 4.97994
0 0 0 0 0 4.97493
0 0 0 0 0 4.97493
0 0 0 0 0 4.96491
0 0 0 0 0 4.96992
0 0 0 0 0 5.05008
0 0 0 0 0 5.02002
0 0 0 0 0 4.98495
0 0 0 0 0 5.00499
0 0 0 0 0 5.05509
0 0 0 0 0 5.03505
0 0 0 0 0 5.00499
0 0 0 0 0 4.97493
0 0 0 0 0 4.97493
0 0 0 0 0 5.04006
0 0 0 0 0 4.98495
0 0 0 0 0 5.0601
0 0 0 0 0 5.02503
0 0 0 0 0 4.9599
0 0 0 0 0 5.03004
0 0 0 0 0 5.04507
0 0 0 0 0 5.03505
0 0 0 0 0 4.97493
0 0 0 0 0 4.97493
0 0 0 0 0 4.96992
0 0 0 0 0 5.04507
0 0 0 0 1 99.0855
0 0 0 0 0 93.6003
0 0 0 0 1 89.4949
0 0 0 0 1 84.513
0 0 0 0 1 81.3943
0 0 0 0 1 76.4603
0 0 0 0 1 74.4014
0 0 0 0 0 71.2523
0 0 0 0 1 67.7294
0 0 0 0 0 64.7414
0 0 0 0 1 62.4122
0 0 0 0 1 60.3176
0 0 0 0 1 58.8908
0 0 0 0 1 56.6073
0 0 0 0 1 54.2918
0 0 0 0 0 53.1994
0 0 0 0 0 51.0271
0 0 0 0 1 49.9386
0 0 0 0 1 48.9166
0 0 0 0 1 47.5175
0 0 0 0 0 46.4215
0 0 0 0 1 44.3654
0 0 0 0 1 43.4951
0 0 0 0 1 42.8416
0 0 0 0 1 41.2811
0 0 0 0 0 40.3449
0 0 0 0 1 39.5357
0 0 0 0 0 39.0422
0 0 0 0 1 37.7936
0 0 0 0 1 36.7598
0 0 0 0 1 36.2835
0 0 0 0 1 35.8152
0 0 0 0 0 34.9668
0 0 0 0 1 33.8954
0 0 0 0 1 33.4479
0 0 0 0 0 33.0785
0 0 0 0 1 32.4388
0 0 0 0 1 31.4938
0 0 0 0 1 31.0268
0 0 0 0 1 30.6988
0 0 0 0 1 30.1632
0 0 0 0 1 29.3916
0 0 0 0 1 28.9974
0 0 0 0 0 28.5533
0 0 0 0 1 28.2406
0 0 0 0 1 27.6015
0 0 0 0 0 27.0876
0 0 0 0 0 27.0425
0 0 0 0 1 26.5926
0 0 0 0 1 25.8062
0 0 0 0 1 25.7439
0 0 0 0 1 25.455
0 0 0 0 0 24.725
0 0 0 0 0 24.6948
0 0 0 0 1 24.0202
0 0 0 0 1 23.7956
0 0 0 0 1 23.6869
0 0 0 0 1 23.1724
0 0 0 0 0 22.8574
0 0 0 0 1 22.5567
0 0 0 0 1 22.2752
0 0 0 0 1 22.0129
0 0 0 0 1 21.6885
0 0 0 0 1 21.6747
0 0 0 0 0 21.1976
0 0 0 0 1 21.2515
0 0 0 0 1 20.8605
0 0 0 0 1 20.6591
0 0 0 0 0 20.2308
0 0 0 0 0 20.1615
0 0 0 0 1 19.8081
0 0 0 0 0 19.8636
0 0 0 0 1 19.7171
0 0 0 0 1 19.1546
0 0 0 0 1 18.9724
0 0 0 0 1 18.9508
0 0 0 0 1 18.9261
0 0 0 0 1 18.7221
0 0 0 0 1 18.2158
0 0 0 0 0 18.1707
0 0 0 0 1 18.1596
0 0 0 0 1 17.7441
0 0 0 0 1 17.7933
0 0 0 0 0 17.5413
0 0 0 0 1 17.4993
0 0 0 0 1 17.2665
0 0 0 0 0 17.1294
0 0 0 0 1 16.9586
0 0 0 0 1 16.7049
0 0 0 0 1 16.4456
0 0 0 0 1 16.5338
0 0 0 0 1 16.3413
0 0 0 0 1 16.1984
0 0 0 0 1 16.1699
0 0 0 0 1 15.9086
0 0 0 0 1 15.893
0 0 0 0 1 15.5427
0 0 0 0 1 15.4115
0 0 0 0 0 15.5046
0 0 0 0 0 15.1979
0 0 0 0 1 15.221
0 0 0 0 0 14.8881
0 0 0 0 1 14.8568
0 0 0 0 1 14.7235
0 0 0 0 0 14.5969
0 0 0 0 0 14.5436
0 0 0 0 1 14.5418
0 0 0 0 1 14.4526
0 0 0 0 1 14.1923
0 0 0 0 1 14.062
0 0 0 0 0 14.0027
0 0 0 0 1 13.8957
0 0 0 0 1 13.7945
0 0 0 0 1 13.6331
0 0 0 0 1 13.7654
0 0 0 0 1 13.4635
0 0 0 0 0 13.5475
0 0 0 0 1 13.2676
0 0 0 0 1 13.1902
0 0 0 0 1 13.2005
0 0 0 0 1 13.0127
0 0 0 0 1 12.9702
0 0 0 0 0 12.8495
0 0 0 0 1 13.0132
0 0 0 0 1 12.862
0 0 0 0 1 12.7674
0 0 0 0 1 12.7492
0 0 0 0 1 12.4743
0 0 0 0 1 12.4943
0 0 0 0 0 12.3304
0 0 0 0 1 12.4567
0 0 0 0 1 12.3023
0 0 0 0 1 12.1083
0 0 0 0 1 12.0859
0 0 0 0 0 12.1558
0 0 0 0 1 11.9359
0 0 0 0 1 11.8775
0 0 0 0 1 11.8627
0 0 0 0 1 11.7216
0 0 0 0 1 11.6363
0 0 0 0 1 11.6099
0 0 0 0 1 11.6066
0 0 0 0 1 11.5566
0 0 0 0 1 11.5758
0 0 0 0 1 11.4112
0 0 0 0 1 11.3276
0 0 0 0 0 11.354
0 0 0 0 1 11.1769
0 0 0 0 1 11.2854
0 0 0 0 1 11.266
0 0 0 0 0 11.1612
0 0 0 0 1 11.153
0 0 0 0 1 11.0126
0 0 0 0 0 11.0593
0 0 0 0 1 10.9419
0 0 0 0 1 10.9228
0 0 0 0 1 10.7742
0 0 0 0 1 10.6911
0 0 0 0 1 10.7476
0 0 0 0 0 10.6117
0 0 0 0 0 10.5123
0 0 0 0 1 10.4521
0 0 0 0 1 10.4657
0 0 0 0 1 10.4372
0 0 0 0 1 10.5095
0 0 0 0 0 10.3458
0 0 0 0 0 10.4071
0 0 0 0 1 10.221
0 0 0 0 1 10.2206
0 0 0 0 1 10.1079
0 0 0 0 1 10.0974
0 0 0 0 1 10.0161
0 0 0 0 0 10.0999
0 0 0 0 1 9.95878
0 0 0 0 1 9.97853
0 0 0 0 1 9.9781
0 0 0 0 1 9.96442
0 0 0 0 1 9.84532
0 0 0 0 1 9.91075
0 0 0 0 0 9.81213
0 0 0 0 1 9.67515
0 0 0 0 1 9.75309
0 0 0 0 1 9.73026
0 0 0 0 1 9.60452
0 0 0 0 1 9.60145
0 0 0 0 0 9.56958
0 0 0 0 1 9.48378
0 0 0 0 1 9.49048
0 0 0 0 1 9.49082
0 0 0 0 1 9.45954
0 0 0 0 0 9.40959
0 0 0 0 1 9.31625
0 0 0 0 0 9.36991
0 0 0 0 1 9.32997
0 0 0 0 1 9.24985
0 0 0 0 0 9.24153
0 0 0 0 0 9.14694
0 0 0 0 1 9.11733
0 0 0 0 1 9.14293
0 0 0 0 1 9.04952
0 0 0 0 1 9.10247
0 0 0 0 1 8.9916
0 0 0 0 1 9.10777
0 0 0 0 1 8.97051
0 0 0 0 1 8.94775
0 0 0 0 1 9.02714
0 0 0 0 1 8.94173
0 0 0 0 1 8.88687
0 0 0 0 1 8.97469
0 0 0 0 1 8.84918
0 0 0 0 1 8.80402
0 0 0 0 1 8.8704
0 0 0 0 1 8.87822
0 0 0 0 1 8.74582
0 0 0 0 0 8.67728
0 0 0 0 1 8.79037
0 0 0 0 1 8.75163
0 0 0 0 1 8.62112
0 0 0 0 1 8.6869
0 0 0 0 1 8.55738
0 0 0 0 1 8.64025
0 0 0 0 1 8.52883
0 0 0 0 0 8.61141
0 0 0 0 1 8.56907
0 0 0 0 1 8.48093
0 0 0 0 1 8.58014
0 0 0 0 0 8.42468
0 0 0 0 1 8.53212
0 0 0 0 1 8.36072
0 0 0 0 1 8.49677
0 0 0 0 1 8.34324
0 0 0 0 1 8.39146
0 0 0 0 1 8.28076
0 0 0 0 1 8.30402
0 0 0 0 1 8.33928
0 0 0 0 1 8.32927
0 0 0 0 1 8.1952
0 0 0 0 0 8.21492
0 0 0 0 0 8.27142
0 0 0 0 1 8.21255
0 0 0 0 0 8.24433
0 0 0 0 1 8.16135
0 0 0 0 1 8.21781
0 0 0 0 1 8.15172
0 0 0 0 1 8.06157
0 0 0 0 0 8.16692
0 0 0 0 1 8.0854
0 0 0 0 1 8.0205
0 0 0 0 0 8.01249
0 0 0 0 1 8.10135
0 0 0 0 1 7.99277
0 0 0 0 1 7.96104
0 0 0 0 1 7.9536
0 0 0 0 1 7.9623
0 0 0 0 1 8.01101
0 0 0 0 0 7.99167
0 0 0 0 1 7.9926
0 0 0 0 1 7.97776
0 0 0 0 1 7.89964
0 0 0 0 1 7.83776
0 0 0 0 1 7.85878
0 0 0 0 1 7.86841
0 0 0 0 0 7.94904
0 0 0 0 0 7.915
0 0 0 0 1 7.88112
0 0 0 0 1 7.82835
0 0 0 0 0 7.87771
0 0 0 0 1 7.76286
0 0 0 0 1 7.80004
0 0 0 0 1 7.82621
0 0 0 0 0 7.75127
0 0 0 0 1 7.7264
0 0 0 0 0 7.79954
0 0 0 0 0 7.68186
