0 0 0 0 1 5.5196
0 0 0 0 1 5.56756
0 0 0 0 1 5.52674
0 0 0 0 1 5.6221
0 0 0 0 0 5.53121
0 0 0 0 1 5.60226
0 0 0 0 1 5.53838
0 0 0 0 0 5.64899
0 0 0 0 1 5.6164
0 0 0 0 1 5.60962
0 0 0 0 1 5.62544
0 0 0 0 1 5.65835
0 0 0 0 1 5.65406
0 0 0 0 0 5.69861
0 0 0 0 1 5.70941
0 0 0 0 1 5.71668
0 0 0 0 1 5.64808
0 0 0 0 1 5.70469
0 0 0 0 1 5.71593
0 0 0 0 0 5.67399
0 0 0 0 0 5.68532
0 0 0 0 1 5.75415
0 0 0 0 1 5.77161
0 0 0 0 0 5.77195
0 0 0 0 1 5.79144
0 0 0 0 1 5.72837
0 0 0 0 1 5.74622
0 0 0 0 1 5.78743
0 0 0 0 1 5.87543
0 0 0 0 1 5.87644
0 0 0 0 1 5.87753
0 0 0 0 1 5.86854
0 0 0 0 0 5.89472
0 0 0 0 1 5.86078
0 0 0 0 1 5.90327
0 0 0 0 0 5.86344
0 0 0 0 0 5.93581
0 0 0 0 1 5.86637
0 0 0 0 1 5.98077
0 0 0 0 1 5.94695
0 0 0 0 0 5.97268
0 0 0 0 0 5.92085
0 0 0 0 1 6.04392
0 0 0 0 0 5.99213
0 0 0 0 0 5.9883
0 0 0 0 1 5.98449
0 0 0 0 1 6.09445
0 0 0 0 1 6.12738
0 0 0 0 1 6.11794
0 0 0 0 0 6.04754
0 0 0 0 1 6.08683
0 0 0 0 1 6.13861
0 0 0 0 1 6.14048
0 0 0 0 1 6.21225
0 0 0 0 1 6.21544
0 0 0 0 1 6.21868
0 0 0 0 1 6.24679
0 0 0 0 1 6.28037
0 0 0 0 1 6.21525
0 0 0 0 1 6.27494
0 0 0 0 1 6.30901
0 0 0 0 0 6.26235
0 0 0 0 1 6.26596
0 0 0 0 1 6.27592
0 0 0 0 1 6.28595
0 0 0 0 1 6.39702
0 0 0 0 1 6.44575
0 0 0 0 1 6.46203
0 0 0 0 1 6.45345
0 0 0 0 1 6.48921
0 0 0 0 0 6.47421
0 0 0 0 1 6.47137
0 0 0 0 1 6.43671
0 0 0 0 1 6.49966
0 0 0 0 0 6.51065
0 0 0 0 1 6.49477
0 0 0 0 1 6.53802
0 0 0 0 1 6.5558
0 0 0 0 1 6.65915
0 0 0 0 0 6.66349
0 0 0 0 0 6.66783
0 0 0 0 1 6.68615
0 0 0 0 1 6.73139
0 0 0 0 1 6.7831
0 0 0 0 1 6.7405
0 0 0 0 1 6.84005
0 0 0 0 0 6.87219
0 0 0 0 1 6.82248
0 0 0 0 0 6.81353
0 0 0 0 1 6.92843
0 0 0 0 1 6.87822
0 0 0 0 1 6.88361
0 0 0 0 1 6.96501
0 0 0 0 1 7.04696
0 0 0 0 0 6.96822
0 0 0 0 0 7.08585
0 0 0 0 1 7.14036
0 0 0 0 1 7.11046
0 0 0 0 0 7.16573
0 0 0 0 1 7.11409
0 0 0 0 1 7.11222
0 0 0 0 1 7.15347
0 0 0 0 1 7.20898
0 0 0 0 1 7.33068
0 0 0 0 1 7.25586
0 0 0 0 1 7.29797
0 0 0 0 0 7.4135
0 0 0 0 1 7.34594
0 0 0 0 0 7.44749
0 0 0 0 0 7.46787
0 0 0 0 1 7.54104
0 0 0 0 1 7.47153
0 0 0 0 1 7.6202
0 0 0 0 1 7.6487
0 0 0 0 1 7.62434
0 0 0 0 1 7.63747
0 0 0 0 0 7.6121
0 0 0 0 1 7.7099
0 0 0 0 1 7.77739
0 0 0 0 1 7.86091
0 0 0 0 1 7.81231
0 0 0 0 1 7.84916
0 0 0 0 1 7.85403
0 0 0 0 1 7.97047
0 0 0 0 1 7.96753
0 0 0 0 1 8.06117
0 0 0 0 1 8.08287
0 0 0 0 0 8.03971
0 0 0 0 1 8.19085
0 0 0 0 1 8.13088
0 0 0 0 1 8.25056
0 0 0 0 1 8.35468
0 0 0 0 1 8.35196
0 0 0 0 1 8.44873
0 0 0 0 0 8.32752
0 0 0 0 1 8.49221
0 0 0 0 1 8.47976
0 0 0 0 1 8.49247
0 0 0 0 1 8.55732
0 0 0 0 0 8.56129
0 0 0 0 1 8.71188
0 0 0 0 1 8.70721
0 0 0 0 1 8.88599
0 0 0 0 1 8.92639
0 0 0 0 1 8.85861
0 0 0 0 0 8.95951
0 0 0 0 1 9.07918
0 0 0 0 1 9.04574
0 0 0 0 1 9.18556
0 0 0 0 1 9.2431
0 0 0 0 1 9.24546
0 0 0 0 1 9.20089
0 0 0 0 1 9.25915
0 0 0 0 0 9.49384
0 0 0 0 1 9.44833
0 0 0 0 1 9.59088
0 0 0 0 1 9.50452
0 0 0 0 1 9.63
0 0 0 0 0 9.74545
0 0 0 0 1 9.72481
0 0 0 0 0 9.93956
0 0 0 0 1 9.8902
0 0 0 0 0 10.0462
0 0 0 0 1 10.014
0 0 0 0 0 10.0802
0 0 0 0 1 10.0972
0 0 0 0 1 10.3276
0 0 0 0 1 10.3431
0 0 0 0 0 10.4953
0 0 0 0 1 10.437
0 0 0 0 0 10.5884
0 0 0 0 1 10.6325
0 0 0 0 1 10.8287
0 0 0 0 0 10.8732
0 0 0 0 1 10.9391
0 0 0 0 1 11.073
0 0 0 0 0 11.106
0 0 0 0 1 11.203
0 0 0 0 1 11.305
0 0 0 0 1 11.3345
0 0 0 0 0 11.5463
0 0 0 0 1 11.5639
0 0 0 0 0 11.6386
0 0 0 0 1 11.675
0 0 0 0 0 11.9505
0 0 0 0 1 12.0469
0 0 0 0 1 12.1675
0 0 0 0 1 12.1334
0 0 0 0 0 12.2379
0 0 0 0 1 12.5038
0 0 0 0 1 12.4381
0 0 0 0 1 12.5896
0 0 0 0 1 12.7365
0 0 0 0 1 12.9283
0 0 0 0 1 12.9265
0 0 0 0 1 13.08
0 0 0 0 0 13.3762
0 0 0 0 0 13.4521
0 0 0 0 1 13.4011
0 0 0 0 1 13.7567
0 0 0 0 1 13.9606
0 0 0 0 1 13.9563
0 0 0 0 0 14.0479
0 0 0 0 1 14.2477
0 0 0 0 1 14.4776
0 0 0 0 1 14.5342
0 0 0 0 1 14.6424
0 0 0 0 1 15.063
0 0 0 0 1 14.9462
0 0 0 0 1 15.3458
0 0 0 0 0 15.4012
0 0 0 0 1 15.5415
0 0 0 0 1 15.8806
0 0 0 0 1 15.9895
0 0 0 0 1 16.4079
0 0 0 0 1 16.3549
0 0 0 0 1 16.7454
0 0 0 0 1 16.9985
0 0 0 0 1 16.9467
0 0 0 0 1 17.5198
0 0 0 0 1 17.7604
0 0 0 0 0 16.2222
0 0 0 0 1 15.9928
0 0 0 0 0 15.8604
0 0 0 0 1 16.0777
0 0 0 0 1 16.0259
0 0 0 0 1 16.1181
0 0 0 0 1 15.9872
0 0 0 0 1 15.8064
0 0 0 0 1 15.7403
0 0 0 0 1 16.0081
0 0 0 0 1 15.8314
0 0 0 0 1 15.7979
0 0 0 0 1 15.9388
0 0 0 0 1 15.9033
0 0 0 0 1 15.7443
0 0 0 0 1 15.8226
0 0 0 0 0 15.7433
0 0 0 0 0 15.6015
0 0 0 0 1 15.8062
0 0 0 0 1 15.618
0 0 0 0 0 15.6188
0 0 0 0 1 15.5885
0 0 0 0 1 15.6995
0 0 0 0 1 15.4975
0 0 0 0 1 15.5621
0 0 0 0 1 15.4705
0 0 0 0 0 15.6916
0 0 0 0 1 15.7567
0 0 0 0 1 15.9636
0 0 0 0 1 16.1151
0 0 0 0 1 16.5915
0 0 0 0 1 17.0227
0 0 0 0 1 17.5969
0 0 0 0 1 17.9908
0 0 0 0 0 18.4282
0 0 0 0 1 19.2736
0 0 0 0 0 36.6576
0 0 0 0 1 38.0941
0 0 0 0 1 39.5514
0 0 0 0 1 40.416
0 0 0 0 1 41.9791
0 0 0 0 1 43.2871
0 0 0 0 0 45.1071
0 0 0 0 1 46.5138
0 0 0 0 0 48.7532
0 0 0 0 1 50.4663
0 0 0 0 0 43.2074
0 0 0 0 1 43.2758
0 0 0 0 1 43.2581
0 0 0 0 1 43.1544
0 0 0 0 1 43.4855
0 0 0 0 1 43.8173
0 0 0 0 1 27.092
0 0 0 0 1 26.0308
0 0 0 0 1 25.8278
0 0 0 0 0 25.0963
0 0 0 0 1 24.4477
0 0 0 0 1 24.2636
0 0 0 0 0 23.5761
0 0 0 0 1 23.4007
0 0 0 0 1 22.5101
0 0 0 0 1 22.6399
0 0 0 0 0 22.5985
0 0 0 0 1 22.8435
0 0 0 0 0 22.5972
0 0 0 0 1 23.0592
0 0 0 0 1 22.689
0 0 0 0 1 22.7406
0 0 0 0 1 22.8614
0 0 0 0 1 22.8123
0 0 0 0 1 22.8423
0 0 0 0 1 22.8728
0 0 0 0 1 23.055
0 0 0 0 1 23.0404
0 0 0 0 1 23.1878
0 0 0 0 1 23.3128
0 0 0 0 1 22.9194
0 0 0 0 1 23.0219
0 0 0 0 1 23.4036
0 0 0 0 1 23.0194
0 0 0 0 0 5.05509
0 0 0 0 0 4.9599
0 0 0 0 0 5.0601
0 0 0 0 0 5.02503
0 0 0 0 0 5.0601
0 0 0 0 0 4.96992
0 0 0 0 1 100.083
0 0 0 0 1 94.1659
0 0 0 0 1 89.7628
0 0 0 0 1 85.0221
0 0 0 0 1 81.1518
0 0 0 0 1 76.5375
0 0 0 0 1 74.2537
0 0 0 0 1 70.6862
0 0 0 0 1 68.137
0 0 0 0 0 65.1333
0 0 0 0 1 63.1672
0 0 0 0 1 61.1064
0 0 0 0 1 58.7151
0 0 0 0 1 56.8906
0 0 0 0 0 54.7305
0 0 0 0 0 53.6246
0 0 0 0 1 51.3364
0 0 0 0 1 49.6384
0 0 0 0 1 49.1111
0 0 0 0 1 47.4229
0 0 0 0 1 45.7313
0 0 0 0 1 44.5446
0 0 0 0 1 43.3205
0 0 0 0 1 42.799
0 0 0 0 1 41.4058
0 0 0 0 1 40.5072
0 0 0 0 1 40.0116
0 0 0 0 1 38.4994
0 0 0 0 1 38.0969
0 0 0 0 1 37.2049
0 0 0 0 1 36.2471
0 0 0 0 1 35.6729
0 0 0 0 1 34.5834
0 0 0 0 1 34.3396
0 0 0 0 0 33.4479
0 0 0 0 1 32.6839
0 0 0 0 0 32.1483
0 0 0 0 1 31.6522
0 0 0 0 1 30.8401
0 0 0 0 0 30.6071
0 0 0 0 1 29.7727
0 0 0 0 1 29.2735
0 0 0 0 0 28.8521
0 0 0 0 1 28.4104
0 0 0 0 1 28.3813
0 0 0 0 1 27.6569
0 0 0 0 1 27.0331
0 0 0 0 1 26.6938
0 0 0 0 1 26.1697
0 0 0 0 1 26.0927
0 0 0 0 1 25.8209
0 0 0 0 1 25.4803
0 0 0 0 1 25.1741
0 0 0 0 1 24.5718
0 0 0 0 1 24.2871
0 0 0 0 1 23.9631
0 0 0 0 0 23.498
0 0 0 0 0 23.1025
0 0 0 0 0 23.1336
0 0 0 0 0 22.8293
0 0 0 0 1 22.3201
0 0 0 0 0 22.0794
0 0 0 0 0 21.7103
0 0 0 0 1 21.7613
0 0 0 0 1 21.4113
0 0 0 0 1 21.2938
0 0 0 0 0 20.9232
0 0 0 0 0 20.7623
0 0 0 0 1 20.4554
0 0 0 0 1 20.2019
0 0 0 0 0 20.0277
0 0 0 0 1 19.903
0 0 0 0 1 19.424
0 0 0 0 1 19.2512
0 0 0 0 1 19.2019
0 0 0 0 0 18.913
0 0 0 0 1 18.795
0 0 0 0 1 18.3881
0 0 0 0 0 18.2892
0 0 0 0 0 18.1707
0 0 0 0 1 18.1956
0 0 0 0 0 17.7263
0 0 0 0 1 17.6519
0 0 0 0 1 17.6463
0 0 0 0 1 17.2739
0 0 0 0 0 17.0603
0 0 0 0 1 17.0102
0 0 0 0 1 16.7055
0 0 0 0 1 16.6882
0 0 0 0 1 16.4953
0 0 0 0 0 16.4845
0 0 0 0 1 16.439
0 0 0 0 1 16.3115
0 0 0 0 1 15.9295
0 0 0 0 1 16.0039
0 0 0 0 1 15.9087
0 0 0 0 1 15.7929
0 0 0 0 1 15.3649
0 0 0 0 1 15.4123
0 0 0 0 1 15.3505
0 0 0 0 0 15.2059
0 0 0 0 1 14.9481
0 0 0 0 1 14.9611
0 0 0 0 1 14.7679
0 0 0 0 0 14.7731
0 0 0 0 1 14.4708
0 0 0 0 1 14.4839
0 0 0 0 1 14.4239
0 0 0 0 1 14.3635
0 0 0 0 1 14.1328
0 0 0 0 0 14.073
0 0 0 0 1 14.0074
0 0 0 0 1 13.739
0 0 0 0 0 13.8397
0 0 0 0 1 13.7244
0 0 0 0 0 13.6265
0 0 0 0 1 13.6015
0 0 0 0 1 13.3615
0 0 0 0 1 13.2701
0 0 0 0 1 13.346
0 0 0 0 0 13.2625
0 0 0 0 1 13.0355
0 0 0 0 1 12.8624
0 0 0 0 0 12.7811
0 0 0 0 1 12.8492
0 0 0 0 1 12.691
0 0 0 0 1 12.6986
0 0 0 0 1 12.7009
0 0 0 0 0 12.6319
0 0 0 0 1 12.405
0 0 0 0 1 12.2835
0 0 0 0 1 12.3269
0 0 0 0 0 12.2304
0 0 0 0 1 12.2681
0 0 0 0 1 12.192
0 0 0 0 1 11.972
0 0 0 0 0 11.8656
0 0 0 0 1 11.827
0 0 0 0 1 11.757
0 0 0 0 1 11.7068
0 0 0 0 1 11.6566
0 0 0 0 0 11.6182
0 0 0 0 1 11.6029
0 0 0 0 0 11.4262
0 0 0 0 1 11.4112
0 0 0 0 1 11.2821
0 0 0 0 1 11.2974
0 0 0 0 0 11.2559
0 0 0 0 1 11.1171
0 0 0 0 1 11.0874
0 0 0 0 0 11.0057
0 0 0 0 1 11.0425
0 0 0 0 1 10.9356
0 0 0 0 1 10.8403
0 0 0 0 0 10.822
0 0 0 0 1 10.9337
0 0 0 0 1 10.8714
0 0 0 0 1 10.8523
0 0 0 0 1 10.7155
0 0 0 0 0 10.7288
0 0 0 0 1 10.6926
0 0 0 0 0 10.6527
0 0 0 0 1 10.4447
0 0 0 0 0 10.479
0 0 0 0 1 10.4366
0 0 0 0 1 10.2732
0 0 0 0 1 10.2832
0 0 0 0 1 10.2313
0 0 0 0 0 10.3435
0 0 0 0 1 10.3017
0 0 0 0 1 10.1482
0 0 0 0 1 10.0263
0 0 0 0 1 10.1703
0 0 0 0 1 10.0089
0 0 0 0 1 9.9186
0 0 0 0 0 9.91841
0 0 0 0 1 9.83553
0 0 0 0 1 9.82557
0 0 0 0 1 9.76312
0 0 0 0 1 9.85134
0 0 0 0 1 9.8216
0 0 0 0 1 9.81143
0 0 0 0 1 9.73026
0 0 0 0 1 9.59487
0 0 0 0 1 9.56297
0 0 0 0 1 9.60793
0 0 0 0 1 9.46468
0 0 0 0 1 9.46192
0 0 0 0 1 9.45289
0 0 0 0 1 9.40284
0 0 0 0 1 9.48494
0 0 0 0 0 9.46636
0 0 0 0 1 9.43536
0 0 0 0 1 9.27405
0 0 0 0 1 9.3707
0 0 0 0 1 9.33413
0 0 0 0 1 9.29462
0 0 0 0 1 9.14494
0 0 0 0 1 9.11542
0 0 0 0 0 9.13178
0 0 0 0 1 9.05692
0 0 0 0 1 8.9916
0 0 0 0 1 9.13493
0 0 0 0 1 9.11491
0 0 0 0 0 8.91174
0 0 0 0 1 8.89255
0 0 0 0 0 8.87012
0 0 0 0 1 8.83334
0 0 0 0 1 8.93911
0 0 0 0 1 8.88464
0 0 0 0 1 8.7775
0 0 0 0 1 8.87922
0 0 0 0 1 8.78153
0 0 0 0 1 8.78087
0 0 0 0 1 8.68603
0 0 0 0 1 8.75549
0 0 0 0 1 8.72554
0 0 0 0 1 8.62112
0 0 0 0 1 8.60037
0 0 0 0 1 8.70403
0 0 0 0 1 8.62304
0 0 0 0 1 8.52025
0 0 0 0 1 8.48301
0 0 0 0 1 8.50079
0 0 0 0 1 8.50647
0 0 0 0 1 8.52917
0 0 0 0 1 8.4162
0 0 0 0 1 8.48984
0 0 0 0 0 8.4029
0 0 0 0 1 8.32851
0 0 0 0 0 8.46075
0 0 0 0 0 8.36633
0 0 0 0 1 8.28076
0 0 0 0 0 8.32903
0 0 0 0 1 8.23119
0 0 0 0 1 8.32097
0 0 0 0 1 8.31109
0 0 0 0 0 8.24798
0 0 0 0 1 8.27966
0 0 0 0 0 8.28661
0 0 0 0 1 8.19506
0 0 0 0 1 8.16135
0 0 0 0 1 8.14422
0 0 0 0 1 8.07828
0 0 0 0 1 8.2
0 0 0 0 0 8.06127
0 0 0 0 1 8.19083
0 0 0 0 1 8.05287
0 0 0 0 1 8.14173
0 0 0 0 1 8.0288
0 0 0 0 0 8.08936
0 0 0 0 0 7.96104
0 0 0 0 1 8.07387
0 0 0 0 1 7.9623
0 0 0 0 1 7.90718
0 0 0 0 1 8.03953
0 0 0 0 0 8.02445
0 0 0 0 1 7.99365
0 0 0 0 1 7.90757
0 0 0 0 1 7.86942
0 0 0 0 1 7.86668
0 0 0 0 1 7.82106
0 0 0 0 0 7.86238
0 0 0 0 1 7.79698
0 0 0 0 1 7.87326
0 0 0 0 0 7.86757
0 0 0 0 1 7.7994
0 0 0 0 1 7.83322
0 0 0 0 1 7.77662
0 0 0 0 1 7.87298
0 0 0 0 1 7.80574
0 0 0 0 0 7.7264
0 0 0 0 1 7.77626
0 0 0 0 1 7.81364
