0 0 0 0 1 5.55844
0 0 0 0 1 5.53422
0 0 0 0 1 5.57126
0 0 0 0 1 5.5608
0 0 0 0 1 5.58702
0 0 0 0 1 5.56313
0 0 0 0 1 5.63349
0 0 0 0 0 5.58174
0 0 0 0 1 5.58274
0 0 0 0 1 5.60962
0 0 0 0 1 5.66486
0 0 0 0 1 5.60194
0 0 0 0 1 5.63711
0 0 0 0 1 5.69861
0 0 0 0 0 5.71508
0 0 0 0 0 5.63153
0 0 0 0 1 5.67084
0 0 0 0 1 5.71609
0 0 0 0 1 5.76161
0 0 0 0 0 5.70828
0 0 0 0 1 5.69677
0 0 0 0 1 5.69678
0 0 0 0 1 5.69113
0 0 0 0 0 5.70282
0 0 0 0 1 5.80298
0 0 0 0 1 5.7515
0 0 0 0 1 5.76939
0 0 0 0 1 5.84548
0 0 0 0 1 5.87543
0 0 0 0 1 5.79482
0 0 0 0 0 5.78989
0 0 0 0 1 5.82759
0 0 0 0 1 5.89472
0 0 0 0 0 5.84317
0 0 0 0 1 5.94447
0 0 0 0 0 5.92832
0 0 0 0 1 5.95946
0 0 0 0 1 5.93747
0 0 0 0 1 5.94514
0 0 0 0 0 5.93504
0 0 0 0 1 5.90705
0 0 0 0 0 6.01056
0 0 0 0 0 6.04392
0 0 0 0 1 6.06418
0 0 0 0 1 5.97024
0 0 0 0 1 6.09308
0 0 0 0 1 6.02182
0 0 0 0 1 6.09098
0 0 0 0 1 6.10578
0 0 0 0 1 6.07802
0 0 0 0 0 6.12961
0 0 0 0 0 6.1141
0 0 0 0 1 6.13433
0 0 0 0 1 6.20609
0 0 0 0 1 6.1352
0 0 0 0 1 6.18156
0 0 0 0 1 6.19096
0 0 0 0 0 6.2368
0 0 0 0 1 6.19029
0 0 0 0 1 6.20612
0 0 0 0 0 6.24623
0 0 0 0 1 6.28123
0 0 0 0 1 6.34799
0 0 0 0 0 6.28857
0 0 0 0 1 6.35572
0 0 0 0 0 6.32064
0 0 0 0 1 6.4266
0 0 0 0 1 6.46843
0 0 0 0 1 6.38282
0 0 0 0 1 6.48921
0 0 0 0 1 6.51944
0 0 0 0 1 6.41949
0 0 0 0 1 6.45622
0 0 0 0 0 6.55833
0 0 0 0 1 6.52372
0 0 0 0 1 6.61942
0 0 0 0 1 6.61045
0 0 0 0 1 6.5558
0 0 0 0 1 6.6459
0 0 0 0 0 6.59034
0 0 0 0 1 6.63446
0 0 0 0 1 6.73969
0 0 0 0 1 6.7381
0 0 0 0 1 6.66859
0 0 0 0 1 6.78107
0 0 0 0 1 6.71791
0 0 0 0 1 6.879
0 0 0 0 1 6.78146
0 0 0 0 1 6.84097
0 0 0 0 1 6.92843
0 0 0 0 1 6.89205
0 0 0 0 1 6.88361
0 0 0 0 1 6.97893
0 0 0 0 1 6.92823
0 0 0 0 0 7.03132
0 0 0 0 1 7.00141
0 0 0 0 1 7.14036
0 0 0 0 0 7.13175
0 0 0 0 1 7.17997
0 0 0 0 1 7.20704
0 0 0 0 0 7.18399
0 0 0 0 1 7.25433
0 0 0 0 1 7.27412
0 0 0 0 1 7.19991
0 0 0 0 0 7.31426
0 0 0 0 1 7.40055
0 0 0 0 1 7.39141
0 0 0 0 1 7.4493
0 0 0 0 1 7.39557
0 0 0 0 1 7.52004
0 0 0 0 1 7.51111
0 0 0 0 1 7.46401
0 0 0 0 1 7.53713
0 0 0 0 0 7.54247
0 0 0 0 1 7.64719
0 0 0 0 1 7.60686
0 0 0 0 1 7.75819
0 0 0 0 1 7.679
0 0 0 0 1 7.71529
0 0 0 0 0 7.78293
0 0 0 0 1 7.90624
0 0 0 0 1 7.89635
0 0 0 0 1 7.8303
0 0 0 0 0 7.96253
0 0 0 0 1 7.98352
0 0 0 0 1 8.07723
0 0 0 0 1 8.01027
0 0 0 0 0 8.14507
0 0 0 0 1 8.1664
0 0 0 0 1 8.11451
0 0 0 0 0 8.26702
0 0 0 0 1 8.19736
0 0 0 0 1 8.2355
0 0 0 0 1 8.38181
0 0 0 0 1 8.46211
0 0 0 0 1 8.49221
0 0 0 0 0 8.53079
0 0 0 0 0 8.54379
0 0 0 0 1 8.61746
0 0 0 0 1 8.56129
0 0 0 0 1 8.72057
0 0 0 0 1 8.65476
0 0 0 0 1 8.88599
0 0 0 0 0 8.80266
0 0 0 0 1 8.97424
0 0 0 0 1 9.00426
0 0 0 0 1 9.05216
0 0 0 0 0 9.082
0 0 0 0 1 9.15822
0 0 0 0 1 9.18808
0 0 0 0 1 9.26392
0 0 0 0 1 9.23803
0 0 0 0 1 9.38982
0 0 0 0 1 9.30584
0 0 0 0 1 9.37267
0 0 0 0 0 9.55278
0 0 0 0 1 9.58124
0 0 0 0 1 9.72649
0 0 0 0 1 9.80375
0 0 0 0 1 9.87156
0 0 0 0 0 9.77209
0 0 0 0 1 9.84065
0 0 0 0 1 10.0761
0 0 0 0 0 10.0441
0 0 0 0 1 10.0498
0 0 0 0 1 10.2399
0 0 0 0 1 10.3481
0 0 0 0 1 10.281
0 0 0 0 0 10.3598
0 0 0 0 0 10.416
0 0 0 0 0 10.673
0 0 0 0 1 10.6112
0 0 0 0 1 10.7105
0 0 0 0 1 10.7649
0 0 0 0 0 11.0155
0 0 0 0 0 10.9081
0 0 0 0 1 11.0617
0 0 0 0 1 11.1024
0 0 0 0 1 11.2938
0 0 0 0 1 11.3118
0 0 0 0 1 11.3974
0 0 0 0 0 11.4484
0 0 0 0 1 11.627
0 0 0 0 1 11.8749
0 0 0 0 1 11.8794
0 0 0 0 1 11.8555
0 0 0 0 1 12.0588
0 0 0 0 0 12.0725
0 0 0 0 0 12.2748
0 0 0 0 1 12.479
0 0 0 0 1 12.5632
0 0 0 0 1 12.577
0 0 0 0 1 12.8003
0 0 0 0 0 12.8382
0 0 0 0 1 13.1346
0 0 0 0 1 13.0669
0 0 0 0 0 13.2302
0 0 0 0 1 13.3047
0 0 0 0 0 13.4417
0 0 0 0 1 13.5789
0 0 0 0 1 13.9329
0 0 0 0 1 14.0401
0 0 0 0 1 14.062
0 0 0 0 0 14.1621
0 0 0 0 1 14.492
0 0 0 0 1 14.4613
0 0 0 0 0 14.731
0 0 0 0 1 14.7794
0 0 0 0 1 15.0519
0 0 0 0 1 15.2999
0 0 0 0 1 15.3702
0 0 0 0 1 15.4946
0 0 0 0 0 15.9281
0 0 0 0 0 16.1017
0 0 0 0 1 16.1155
0 0 0 0 1 16.3055
0 0 0 0 1 16.762
0 0 0 0 1 16.8634
0 0 0 0 1 17.135
0 0 0 0 1 17.4677
0 0 0 0 1 17.4615
0 0 0 0 1 17.904
0 0 0 0 0 18.1269
0 0 0 0 0 18.5326
0 0 0 0 1 18.5057
0 0 0 0 1 18.8767
0 0 0 0 1 19.2797
0 0 0 0 1 19.5988
0 0 0 0 1 19.8693
0 0 0 0 1 20.1485
0 0 0 0 1 20.4473
0 0 0 0 1 20.6086
0 0 0 0 0 21.3132
0 0 0 0 0 17.892
0 0 0 0 1 18.1973
0 0 0 0 1 17.8356
0 0 0 0 1 17.961
0 0 0 0 1 17.9964
0 0 0 0 1 17.9244
0 0 0 0 1 18.0322
0 0 0 0 0 18.0325
0 0 0 0 1 17.872
0 0 0 0 1 17.8016
0 0 0 0 1 17.9997
0 0 0 0 1 17.9834
0 0 0 0 0 17.6642
0 0 0 0 1 17.9342
0 0 0 0 1 17.8478
0 0 0 0 1 17.9754
0 0 0 0 1 17.9608
0 0 0 0 1 17.6819
0 0 0 0 1 17.8458
0 0 0 0 1 17.7791
0 0 0 0 1 17.571
0 0 0 0 1 17.647
0 0 0 0 1 17.7409
0 0 0 0 1 17.5358
0 0 0 0 1 17.595
0 0 0 0 1 18.0598
0 0 0 0 1 18.506
0 0 0 0 1 19.1564
0 0 0 0 1 19.9983
0 0 0 0 1 20.3787
0 0 0 0 0 21.1051
0 0 0 0 1 22.1992
0 0 0 0 1 48.7532
0 0 0 0 1 46.2991
0 0 0 0 1 46.3711
0 0 0 0 1 46.0742
0 0 0 0 1 46.3789
0 0 0 0 1 45.7136
0 0 0 0 0 45.8352
0 0 0 0 0 46.4652
0 0 0 0 1 45.9425
0 0 0 0 1 45.6514
0 0 0 0 0 46.4211
0 0 0 0 1 46.7495
0 0 0 0 1 93.0437
0 0 0 0 0 4.9599
0 0 0 0 0 5.03505
0 0 0 0 0 4.99998
0 0 0 0 0 5.03505
0 0 0 0 1 38.0677
0 0 0 0 0 37.523
0 0 0 0 0 38.0651
0 0 0 0 1 38.1264
0 0 0 0 1 37.9245
0 0 0 0 1 37.864
0 0 0 0 0 37.8523
0 0 0 0 1 37.4543
0 0 0 0 1 38.0467
0 0 0 0 0 38.0268
0 0 0 0 1 37.7167
0 0 0 0 1 37.9618
0 0 0 0 1 37.8039
0 0 0 0 0 39.7897
0 0 0 0 0 5.04507
0 0 0 0 0 5.04507
0 0 0 0 0 4.99998
0 0 0 0 0 5.05509
0 0 0 0 0 5.03004
0 0 0 0 0 5.00499
0 0 0 0 0 4.97994
0 0 0 0 0 4.9599
0 0 0 0 0 5.04006
0 0 0 0 0 5.04006
0 0 0 0 0 4.99497
0 0 0 0 1 99.6842
0 0 0 0 1 94.7314
0 0 0 0 1 90.2094
0 0 0 0 1 84.4282
0 0 0 0 1 80.1011
0 0 0 0 1 77.772
0 0 0 0 1 73.8847
0 0 0 0 1 70.5447
0 0 0 0 0 68.4766
0 0 0 0 1 65.656
0 0 0 0 0 62.8526
0 0 0 0 1 60.3176
0 0 0 0 1 58.5393
0 0 0 0 1 56.494
0 0 0 0 1 54.6757
0 0 0 0 1 52.6148
0 0 0 0 1 51.1817
0 0 0 0 0 49.5884
0 0 0 0 1 49.0625
0 0 0 0 1 47.7066
0 0 0 0 0 46.3755
0 0 0 0 1 44.6343
0 0 0 0 1 43.3205
0 0 0 0 1 42.4583
0 0 0 0 1 41.7384
0 0 0 0 0 40.3855
0 0 0 0 0 39.2978
0 0 0 0 1 38.6157
0 0 0 0 1 38.021
0 0 0 0 1 37.3903
0 0 0 0 1 36.2835
0 0 0 0 1 35.3884
0 0 0 0 0 35.0017
0 0 0 0 1 34.4762
0 0 0 0 0 33.2133
0 0 0 0 1 32.5853
0 0 0 0 1 31.9869
0 0 0 0 1 31.969
0 0 0 0 1 31.2758
0 0 0 0 1 30.6376
0 0 0 0 1 30.3435
0 0 0 0 0 29.7461
0 0 0 0 1 29.3461
0 0 0 0 1 28.8391
0 0 0 0 1 28.1563
0 0 0 0 1 27.906
0 0 0 0 0 27.4692
0 0 0 0 1 27.0962
0 0 0 0 1 26.6983
0 0 0 0 1 25.9885
0 0 0 0 0 25.6925
0 0 0 0 1 25.455
0 0 0 0 1 24.8498
0 0 0 0 1 24.6456
0 0 0 0 1 24.3113
0 0 0 0 1 23.9631
0 0 0 0 0 23.498
0 0 0 0 1 23.4988
0 0 0 0 0 22.8574
0 0 0 0 1 22.8293
0 0 0 0 0 22.6565
0 0 0 0 1 22.2124
0 0 0 0 1 21.7322
0 0 0 0 1 21.8045
0 0 0 0 1 21.2403
0 0 0 0 1 21.1459
0 0 0 0 1 21.0485
0 0 0 0 0 20.6178
0 0 0 0 1 20.3533
0 0 0 0 1 20.1413
0 0 0 0 1 20.0078
0 0 0 0 0 19.5871
0 0 0 0 1 19.5608
0 0 0 0 0 19.1739
0 0 0 0 1 19.1828
0 0 0 0 1 19.0266
0 0 0 0 1 18.8137
0 0 0 0 1 18.685
0 0 0 0 0 18.4178
0 0 0 0 1 18.098
0 0 0 0 1 17.9614
0 0 0 0 0 17.9581
0 0 0 0 1 17.7226
0 0 0 0 1 17.4012
0 0 0 0 1 17.2392
0 0 0 0 1 17.0775
0 0 0 0 1 17.1975
0 0 0 0 1 17.043
0 0 0 0 0 16.7718
0 0 0 0 1 16.5617
0 0 0 0 1 16.3859
0 0 0 0 1 16.2272
0 0 0 0 1 16.2469
0 0 0 0 1 15.9134
0 0 0 0 1 15.9245
0 0 0 0 1 15.7197
0 0 0 0 1 15.6991
0 0 0 0 1 15.6285
0 0 0 0 1 15.5046
0 0 0 0 1 15.2894
0 0 0 0 1 15.2513
0 0 0 0 1 15.0834
0 0 0 0 1 14.8717
0 0 0 0 1 14.8418
0 0 0 0 1 14.6409
0 0 0 0 1 14.4416
0 0 0 0 1 14.5418
0 0 0 0 1 14.2946
0 0 0 0 0 14.335
0 0 0 0 1 14.2745
0 0 0 0 1 14.1855
0 0 0 0 1 13.9934
0 0 0 0 1 13.8083
0 0 0 0 1 13.8948
0 0 0 0 0 13.6971
0 0 0 0 1 13.7216
0 0 0 0 1 13.5071
0 0 0 0 1 13.3347
0 0 0 0 1 13.2036
0 0 0 0 1 13.3328
0 0 0 0 0 13.1967
0 0 0 0 0 13.0355
0 0 0 0 0 12.9273
0 0 0 0 1 12.8069
0 0 0 0 0 12.8107
0 0 0 0 1 12.8439
0 0 0 0 0 12.7619
0 0 0 0 1 12.6883
0 0 0 0 0 12.4818
0 0 0 0 1 12.4299
0 0 0 0 1 12.4938
0 0 0 0 0 12.2654
0 0 0 0 1 12.1571
0 0 0 0 1 12.1224
0 0 0 0 1 12.1437
0 0 0 0 1 11.948
0 0 0 0 1 12.0329
0 0 0 0 0 11.8746
0 0 0 0 1 11.8516
0 0 0 0 1 11.648
0 0 0 0 1 11.7618
0 0 0 0 0 11.56
0 0 0 0 0 11.4987
0 0 0 0 1 11.5873
0 0 0 0 1 11.5371
0 0 0 0 1 11.487
0 0 0 0 1 11.3654
0 0 0 0 1 11.2897
0 0 0 0 1 11.2293
0 0 0 0 1 11.2437
0 0 0 0 0 11.0057
0 0 0 0 0 11.0977
0 0 0 0 1 10.9796
0 0 0 0 1 10.8841
0 0 0 0 1 10.9746
0 0 0 0 0 10.8903
0 0 0 0 1 10.7094
0 0 0 0 1 10.6482
0 0 0 0 1 10.6728
0 0 0 0 1 10.5479
0 0 0 0 1 10.5441
0 0 0 0 1 10.4732
0 0 0 0 1 10.5288
0 0 0 0 0 10.5418
0 0 0 0 1 10.4366
0 0 0 0 1 10.3147
0 0 0 0 1 10.3762
0 0 0 0 1 10.365
0 0 0 0 1 10.2821
0 0 0 0 1 10.2711
0 0 0 0 1 10.2092
0 0 0 0 1 10.0465
0 0 0 0 1 9.98909
0 0 0 0 1 10.0791
0 0 0 0 1 9.95855
0 0 0 0 1 9.89851
0 0 0 0 1 9.89502
0 0 0 0 1 9.90457
0 0 0 0 1 9.80249
0 0 0 0 1 9.78273
0 0 0 0 1 9.67515
0 0 0 0 1 9.66557
0 0 0 0 1 9.77871
0 0 0 0 1 9.58521
0 0 0 0 1 9.61107
0 0 0 0 0 9.55999
0 0 0 0 1 9.58884
0 0 0 0 1 9.60471
0 0 0 0 1 9.5477
0 0 0 0 1 9.35559
0 0 0 0 1 9.32482
0 0 0 0 1 9.47574
0 0 0 0 1 9.42601
0 0 0 0 1 9.22744
0 0 0 0 1 9.28703
0 0 0 0 1 9.21375
0 0 0 0 1 9.15617
0 0 0 0 1 9.17254
0 0 0 0 0 9.10625
0 0 0 0 1 9.21405
0 0 0 0 1 9.03869
0 0 0 0 1 9.13692
0 0 0 0 1 9.01724
0 0 0 0 1 9.07881
0 0 0 0 1 8.96575
0 0 0 0 0 8.92844
0 0 0 0 1 9.02228
0 0 0 0 1 9.01179
0 0 0 0 1 8.87685
0 0 0 0 0 8.94671
0 0 0 0 1 8.81286
0 0 0 0 0 8.84395
0 0 0 0 0 8.84306
0 0 0 0 1 8.75458
0 0 0 0 0 8.71227
0 0 0 0 1 8.65956
0 0 0 0 0 8.74293
0 0 0 0 1 8.58643
0 0 0 0 0 8.63498
0 0 0 0 1 8.54875
0 0 0 0 1 8.58861
0 0 0 0 1 8.57173
0 0 0 0 1 8.53437
0 0 0 0 0 8.46665
0 0 0 0 1 8.43835
0 0 0 0 0 8.4697
0 0 0 0 1 8.40773
0 0 0 0 0 8.43065
0 0 0 0 0 8.51258
0 0 0 0 1 8.43788
0 0 0 0 0 8.34324
0 0 0 0 1 8.34121
0 0 0 0 1 8.38939
0 0 0 0 1 8.32069
0 0 0 0 1 8.28939
0 0 0 0 1 8.31268
0 0 0 0 1 8.23659
0 0 0 0 1 8.25624
0 0 0 0 1 8.16421
0 0 0 0 0 8.19609
0 0 0 0 1 8.20327
0 0 0 0 0 8.25148
0 0 0 0 1 8.10333
0 0 0 0 1 8.10276
0 0 0 0 1 8.06972
0 0 0 0 1 8.11003
0 0 0 0 1 8.0854
0 0 0 0 1 8.12571
0 0 0 0 1 7.99634
0 0 0 0 1 8.14166
0 0 0 0 1 8.01692
0 0 0 0 0 7.97711
0 0 0 0 1 7.9536
0 0 0 0 0 7.92229
0 0 0 0 1 7.97108
0 0 0 0 1 8.0156
0 0 0 0 0 8.03241
0 0 0 0 1 7.97776
0 0 0 0 1 7.92343
0 0 0 0 1 7.93276
0 0 0 0 1 7.98527
0 0 0 0 1 7.95522
0 0 0 0 0 7.86238
0 0 0 0 0 7.93073
0 0 0 0 1 7.8104
0 0 0 0 1 7.92248
0 0 0 0 1 7.85421
0 0 0 0 1 7.78631
0 0 0 0 1 7.72977
0 0 0 0 1 7.74826
0 0 0 0 0 7.80574
0 0 0 0 1 7.82745
0 0 0 0 0 7.68313
0 0 0 0 1 7.78263
