0 0 0 0 0 5.59727
0 0 0 0 1 5.55089
0 0 0 0 1 5.51561
0 0 0 0 0 5.59424
0 0 0 0 1 5.5647
0 0 0 0 0 5.57431
0 0 0 0 1 5.56636
0 0 0 0 0 5.6602
0 0 0 0 1 5.65568
0 0 0 0 1 5.59838
0 0 0 0 1 5.57476
0 0 0 0 1 5.63014
0 0 0 0 1 5.62581
0 0 0 0 1 5.6307
0 0 0 0 1 5.61869
0 0 0 0 0 5.62018
0 0 0 0 1 5.68221
0 0 0 0 0 5.6648
0 0 0 0 0 5.76732
0 0 0 0 0 5.70256
0 0 0 0 1 5.71967
0 0 0 0 1 5.78284
0 0 0 0 1 5.8061
0 0 0 0 1 5.78347
0 0 0 0 1 5.80875
0 0 0 0 1 5.75728
0 0 0 0 1 5.77518
0 0 0 0 1 5.83387
0 0 0 0 1 5.82889
0 0 0 0 1 5.78316
0 0 0 0 0 5.8191
0 0 0 0 1 5.81589
0 0 0 0 1 5.89472
0 0 0 0 0 5.85491
0 0 0 0 1 5.86796
0 0 0 0 1 5.95782
0 0 0 0 1 5.95946
0 0 0 0 1 5.9197
0 0 0 0 1 5.99859
0 0 0 0 0 5.98266
0 0 0 0 1 5.93092
0 0 0 0 0 5.92683
0 0 0 0 1 6.00798
0 0 0 0 1 6.02215
0 0 0 0 1 6.01237
0 0 0 0 1 6.03879
0 0 0 0 1 5.99156
0 0 0 0 0 6.10918
0 0 0 0 1 6.07537
0 0 0 0 1 6.09021
0 0 0 0 1 6.12961
0 0 0 0 1 6.14473
0 0 0 0 1 6.13433
0 0 0 0 1 6.15068
0 0 0 0 1 6.16606
0 0 0 0 1 6.24962
0 0 0 0 1 6.17235
0 0 0 0 0 6.18078
0 0 0 0 1 6.18405
0 0 0 0 1 6.21864
0 0 0 0 1 6.23368
0 0 0 0 1 6.30641
0 0 0 0 0 6.30382
0 0 0 0 1 6.2949
0 0 0 0 1 6.32401
0 0 0 0 1 6.33337
0 0 0 0 1 6.36916
0 0 0 0 1 6.39158
0 0 0 0 1 6.38282
0 0 0 0 1 6.48921
0 0 0 0 0 6.49359
0 0 0 0 0 6.41949
0 0 0 0 1 6.44972
0 0 0 0 1 6.56485
0 0 0 0 1 6.55641
0 0 0 0 1 6.49477
0 0 0 0 1 6.59728
0 0 0 0 1 6.5624
0 0 0 0 0 6.55976
0 0 0 0 0 6.61694
0 0 0 0 1 6.66115
0 0 0 0 1 6.71292
0 0 0 0 1 6.72468
0 0 0 0 1 6.74942
0 0 0 0 1 6.79459
0 0 0 0 1 6.79255
0 0 0 0 0 6.74278
0 0 0 0 0 6.76779
0 0 0 0 1 6.89587
0 0 0 0 1 6.92154
0 0 0 0 1 6.84366
0 0 0 0 1 7.00146
0 0 0 0 1 6.93718
0 0 0 0 0 7.03299
0 0 0 0 1 6.96121
0 0 0 0 1 6.98734
0 0 0 0 1 7.07674
0 0 0 0 1 7.08917
0 0 0 0 1 7.13011
0 0 0 0 1 7.17129
0 0 0 0 1 7.11222
0 0 0 0 1 7.21831
0 0 0 0 1 7.21622
0 0 0 0 1 7.19264
0 0 0 0 1 7.29236
0 0 0 0 1 7.39322
0 0 0 0 1 7.37669
0 0 0 0 1 7.41977
0 0 0 0 0 7.45491
0 0 0 0 1 7.52749
0 0 0 0 1 7.4363
0 0 0 0 1 7.55421
0 0 0 0 1 7.55978
0 0 0 0 1 7.62594
0 0 0 0 1 7.63958
0 0 0 0 1 7.68339
0 0 0 0 1 7.65823
0 0 0 0 1 7.71762
0 0 0 0 1 7.74634
0 0 0 0 0 7.83752
0 0 0 0 1 7.84362
0 0 0 0 1 7.91208
0 0 0 0 0 7.86985
0 0 0 0 1 7.91485
0 0 0 0 0 7.98352
0 0 0 0 0 7.94876
0 0 0 0 1 8.0748
0 0 0 0 1 8.14507
0 0 0 0 1 8.1338
0 0 0 0 1 7.40664
0 0 0 0 1 7.36713
0 0 0 0 1 7.38583
0 0 0 0 1 7.41905
0 0 0 0 1 7.29095
0 0 0 0 1 7.27413
0 0 0 0 1 7.30722
0 0 0 0 1 7.28214
0 0 0 0 1 7.22732
0 0 0 0 1 7.25296
0 0 0 0 1 7.23538
0 0 0 0 1 7.08925
0 0 0 0 1 7.06517
0 0 0 0 1 7.1548
0 0 0 0 1 7.0245
0 0 0 0 1 7.01493
0 0 0 0 1 7.04053
0 0 0 0 1 6.98892
0 0 0 0 1 6.91551
0 0 0 0 1 7.01777
0 0 0 0 1 6.87649
0 0 0 0 0 6.9563
0 0 0 0 1 6.96781
0 0 0 0 1 6.81984
0 0 0 0 1 6.80432
0 0 0 0 1 6.85043
0 0 0 0 0 6.75866
0 0 0 0 1 6.82509
0 0 0 0 0 6.72848
0 0 0 0 1 6.75277
0 0 0 0 1 6.68394
0 0 0 0 1 6.70824
0 0 0 0 1 6.64527
0 0 0 0 1 6.6175
0 0 0 0 1 6.70185
0 0 0 0 1 6.58107
0 0 0 0 1 6.66509
0 0 0 0 1 6.55177
0 0 0 0 1 6.54972
0 0 0 0 1 6.51481
0 0 0 0 1 6.60633
0 0 0 0 1 6.57809
0 0 0 0 1 6.56308
0 0 0 0 1 6.54166
0 0 0 0 1 6.50248
0 0 0 0 1 6.46195
0 0 0 0 0 6.43458
0 0 0 0 0 6.43964
0 0 0 0 1 6.42068
0 0 0 0 0 6.36807
0 0 0 0 1 6.36057
0 0 0 0 1 6.37873
0 0 0 0 0 6.39685
0 0 0 0 0 6.35768
0 0 0 0 1 6.40128
0 0 0 0 0 6.39039
0 0 0 0 1 6.43173
0 0 0 0 1 6.40842
0 0 0 0 0 6.52059
0 0 0 0 1 6.6101
0 0 0 0 0 6.67372
0 0 0 0 0 6.68155
0 0 0 0 1 6.70672
0 0 0 0 1 6.78808
0 0 0 0 1 6.82621
0 0 0 0 1 6.94513
0 0 0 0 1 6.97605
0 0 0 0 1 7.13401
0 0 0 0 0 7.12696
0 0 0 0 1 7.24357
0 0 0 0 1 7.25155
0 0 0 0 1 7.46702
0 0 0 0 0 7.45959
0 0 0 0 1 7.55797
0 0 0 0 1 7.71028
0 0 0 0 1 7.72531
0 0 0 0 0 7.86381
0 0 0 0 1 7.92625
0 0 0 0 1 7.99471
0 0 0 0 1 8.10462
0 0 0 0 0 8.10186
0 0 0 0 0 8.24452
0 0 0 0 1 8.30482
0 0 0 0 0 8.51028
0 0 0 0 1 8.50292
0 0 0 0 0 8.64933
0 0 0 0 1 8.82399
0 0 0 0 1 8.84893
0 0 0 0 1 8.98908
0 0 0 0 1 9.2402
0 0 0 0 1 9.20751
0 0 0 0 1 9.38703
0 0 0 0 1 9.60622
0 0 0 0 1 9.58617
0 0 0 0 1 9.75816
0 0 0 0 1 18.636
0 0 0 0 0 18.9145
0 0 0 0 1 19.0879
0 0 0 0 1 19.5794
0 0 0 0 1 19.7703
0 0 0 0 1 19.9676
0 0 0 0 1 20.3452
0 0 0 0 1 20.6501
0 0 0 0 1 20.933
0 0 0 0 1 21.3741
0 0 0 0 1 21.8719
0 0 0 0 0 22.4705
0 0 0 0 1 22.8375
0 0 0 0 1 23.2494
0 0 0 0 1 23.3385
0 0 0 0 1 23.8414
0 0 0 0 1 24.5518
0 0 0 0 1 25.0924
0 0 0 0 1 25.6651
0 0 0 0 1 25.8088
0 0 0 0 1 26.354
0 0 0 0 1 27.1555
0 0 0 0 1 27.4325
0 0 0 0 1 28.2346
0 0 0 0 1 28.8904
0 0 0 0 1 29.586
0 0 0 0 1 30.3214
0 0 0 0 1 30.9307
0 0 0 0 1 24.322
0 0 0 0 0 24.192
0 0 0 0 1 24.5746
0 0 0 0 1 24.2278
0 0 0 0 1 24.2699
0 0 0 0 1 24.5333
0 0 0 0 0 24.1866
0 0 0 0 1 24.4006
0 0 0 0 0 24.519
0 0 0 0 1 24.4661
0 0 0 0 1 24.4049
0 0 0 0 0 24.3773
0 0 0 0 0 24.2043
0 0 0 0 1 24.4707
0 0 0 0 1 24.2987
0 0 0 0 1 24.1038
0 0 0 0 1 24.5164
0 0 0 0 0 24.2252
0 0 0 0 0 24.2496
0 0 0 0 1 44.7488
0 0 0 0 1 44.8231
0 0 0 0 1 45.5299
0 0 0 0 1 45.2003
0 0 0 0 1 45.4123
0 0 0 0 1 45.129
0 0 0 0 1 45.208
0 0 0 0 1 48.4886
0 0 0 0 0 4.9599
0 0 0 0 0 5.03505
0 0 0 0 0 4.9599
0 0 0 0 0 4.9599
0 0 0 0 0 4.97493
0 0 0 0 0 4.96992
0 0 0 0 0 4.99497
0 0 0 0 0 4.98996
0 0 0 0 0 4.96491
0 0 0 0 0 4.96992
0 0 0 0 0 4.99497
0 0 0 0 0 5.01501
0 0 0 0 0 4.99497
0 0 0 0 0 5.0601
0 0 0 0 0 5.02503
0 0 0 0 0 4.99497
0 0 0 0 0 4.96992
0 0 0 0 0 5.04006
0 0 0 0 0 5.05008
0 0 0 0 0 5.04006
0 0 0 0 0 4.99998
0 0 0 0 0 5.05509
0 0 0 0 0 5.02002
0 0 0 0 0 5.05008
0 0 0 0 0 5.05008
0 0 0 0 0 5.03505
0 0 0 0 0 4.97994
0 0 0 0 0 5.04507
0 0 0 0 1 100.483
0 0 0 0 0 94.8257
0 0 0 0 1 88.959
0 0 0 0 0 85.2767
0 0 0 0 1 80.0203
0 0 0 0 1 76.6918
0 0 0 0 1 74.3276
0 0 0 0 0 70.2617
0 0 0 0 1 67.7294
0 0 0 0 1 65.264
0 0 0 0 1 62.8526
0 0 0 0 1 60.3783
0 0 0 0 1 58.8322
0 0 0 0 1 57.1173
0 0 0 0 1 54.3466
0 0 0 0 1 53.1994
0 0 0 0 1 51.2333
0 0 0 0 0 49.5884
0 0 0 0 1 48.5762
0 0 0 0 1 46.9501
0 0 0 0 1 45.9154
0 0 0 0 0 44.7239
0 0 0 0 1 43.9755
0 0 0 0 0 42.2028
0 0 0 0 1 41.4474
0 0 0 0 1 40.3449
0 0 0 0 1 39.4168
0 0 0 0 1 38.732
0 0 0 0 1 38.0589
0 0 0 0 1 37.3162
0 0 0 0 1 36.1745
0 0 0 0 1 35.7796
0 0 0 0 1 34.8971
0 0 0 0 1 34.5104
0 0 0 0 1 33.2133
0 0 0 0 1 33.1771
0 0 0 0 1 32.0514
0 0 0 0 1 31.4621
0 0 0 0 1 30.8401
0 0 0 0 1 30.7294
0 0 0 0 1 29.8929
0 0 0 0 0 29.6279
0 0 0 0 1 29.1717
0 0 0 0 1 28.639
0 0 0 0 1 28.1844
0 0 0 0 1 27.8783
0 0 0 0 1 27.1149
0 0 0 0 1 26.7742
0 0 0 0 1 26.6455
0 0 0 0 1 26.1187
0 0 0 0 1 25.4359
0 0 0 0 1 25.2273
0 0 0 0 1 25.1991
0 0 0 0 1 24.4242
0 0 0 0 1 24.2386
0 0 0 0 1 23.8195
0 0 0 0 0 23.3799
0 0 0 0 1 23.0792
0 0 0 0 1 23.1336
0 0 0 0 1 22.693
0 0 0 0 1 22.3649
0 0 0 0 1 22.2124
0 0 0 0 0 21.6885
0 0 0 0 1 21.5882
0 0 0 0 1 21.1762
0 0 0 0 1 20.998
0 0 0 0 0 20.7561
0 0 0 0 1 20.6797
0 0 0 0 0 20.6187
0 0 0 0 0 19.9799
0 0 0 0 1 19.8281
0 0 0 0 1 19.903
0 0 0 0 1 19.4435
0 0 0 0 1 19.4445
0 0 0 0 1 19.2784
0 0 0 0 0 18.7994
0 0 0 0 1 18.9074
0 0 0 0 1 18.3696
0 0 0 0 0 18.1791
0 0 0 0 1 18.3344
0 0 0 0 1 18.1596
0 0 0 0 1 17.8154
0 0 0 0 1 17.5636
0 0 0 0 1 17.3312
0 0 0 0 0 17.43
0 0 0 0 1 17.2149
0 0 0 0 0 16.9081
0 0 0 0 1 16.9249
0 0 0 0 1 16.6213
0 0 0 0 1 16.5119
0 0 0 0 0 16.5831
0 0 0 0 0 16.3413
0 0 0 0 1 16.263
0 0 0 0 1 15.9775
0 0 0 0 0 15.7655
0 0 0 0 1 15.8615
0 0 0 0 1 15.6052
0 0 0 0 0 15.3494
0 0 0 0 1 15.4585
0 0 0 0 1 15.1979
0 0 0 0 1 15.0242
0 0 0 0 1 15.0984
0 0 0 0 1 14.9313
0 0 0 0 1 14.7383
0 0 0 0 1 14.7878
0 0 0 0 1 14.7185
0 0 0 0 1 14.3537
0 0 0 0 1 14.2228
0 0 0 0 1 14.1638
0 0 0 0 1 14.1045
0 0 0 0 0 14.1433
0 0 0 0 1 13.8957
0 0 0 0 1 13.9331
0 0 0 0 1 13.7571
0 0 0 0 1 13.7381
0 0 0 0 1 13.5721
0 0 0 0 1 13.5071
0 0 0 0 1 13.3883
0 0 0 0 0 13.2435
0 0 0 0 1 13.3328
0 0 0 0 1 13.0653
0 0 0 0 0 12.9571
0 0 0 0 1 13.0701
0 0 0 0 1 13.0132
0 0 0 0 1 12.8492
0 0 0 0 1 12.7674
0 0 0 0 1 12.572
0 0 0 0 1 12.4743
0 0 0 0 1 12.5193
0 0 0 0 1 12.3677
0 0 0 0 1 12.469
0 0 0 0 1 12.2163
0 0 0 0 1 12.1205
0 0 0 0 1 12.1953
0 0 0 0 1 11.9866
0 0 0 0 1 12.1283
0 0 0 0 1 12.0448
0 0 0 0 1 11.7676
0 0 0 0 1 11.7452
0 0 0 0 1 11.8008
0 0 0 0 1 11.7735
0 0 0 0 1 11.5251
0 0 0 0 1 11.4525
0 0 0 0 1 11.5182
0 0 0 0 0 11.3997
0 0 0 0 1 11.3504
0 0 0 0 1 11.354
0 0 0 0 1 11.2671
0 0 0 0 1 11.2293
0 0 0 0 0 11.0874
0 0 0 0 1 10.9946
0 0 0 0 1 11.0867
0 0 0 0 1 10.9356
0 0 0 0 1 10.917
0 0 0 0 0 10.9855
0 0 0 0 1 10.7601
0 0 0 0 1 10.9037
0 0 0 0 1 10.6696
0 0 0 0 1 10.6728
0 0 0 0 1 10.5905
0 0 0 0 1 10.5653
0 0 0 0 1 10.4732
0 0 0 0 1 10.5603
0 0 0 0 1 10.5522
0 0 0 0 0 10.3428
0 0 0 0 1 10.3043
0 0 0 0 0 10.3865
0 0 0 0 1 10.3239
0 0 0 0 0 10.2309
0 0 0 0 1 10.1793
0 0 0 0 1 10.1381
0 0 0 0 1 10.1983
0 0 0 0 1 10.1401
0 0 0 0 1 10.0089
0 0 0 0 1 9.97853
0 0 0 0 1 9.96815
0 0 0 0 1 9.86527
0 0 0 0 1 9.8157
0 0 0 0 1 9.7828
0 0 0 0 1 9.87095
0 0 0 0 1 9.70444
0 0 0 0 1 9.75309
0 0 0 0 1 9.73026
0 0 0 0 1 9.63348
0 0 0 0 1 9.63031
0 0 0 0 1 9.57917
0 0 0 0 1 9.61749
0 0 0 0 0 9.5
0 0 0 0 1 9.57615
0 0 0 0 1 9.48789
0 0 0 0 1 9.40959
0 0 0 0 1 9.37254
0 0 0 0 1 9.41666
0 0 0 0 1 9.29269
0 0 0 0 1 9.35211
0 0 0 0 1 9.29709
0 0 0 0 1 9.18386
0 0 0 0 0 9.25534
0 0 0 0 1 9.18878
0 0 0 0 1 9.1135
0 0 0 0 0 9.07514
0 0 0 0 1 9.15509
0 0 0 0 1 9.06251
0 0 0 0 1 9.10588
0 0 0 0 1 9.05577
0 0 0 0 0 8.95536
0 0 0 0 1 8.92382
0 0 0 0 1 9.01179
0 0 0 0 1 8.85906
0 0 0 0 1 8.87578
0 0 0 0 1 8.79518
0 0 0 0 1 8.85276
0 0 0 0 0 8.86064
0 0 0 0 1 8.73705
0 0 0 0 1 8.79974
0 0 0 0 0 8.72933
0 0 0 0 1 8.77773
0 0 0 0 1 8.61245
0 0 0 0 1 8.72151
0 0 0 0 1 8.65227
0 0 0 0 1 8.55419
0 0 0 0 1 8.64037
0 0 0 0 1 8.49157
0 0 0 0 1 8.48372
0 0 0 0 1 8.47241
0 0 0 0 1 8.41024
0 0 0 0 0 8.44163
0 0 0 0 1 8.43065
0 0 0 0 0 8.4957
0 0 0 0 1 8.43788
0 0 0 0 1 8.31806
0 0 0 0 1 8.41658
0 0 0 0 1 8.2724
0 0 0 0 1 8.37905
0 0 0 0 1 8.39748
0 0 0 0 0 8.22142
0 0 0 0 0 8.22831
0 0 0 0 1 8.22319
0 0 0 0 1 8.21369
0 0 0 0 1 8.16317
0 0 0 0 0 8.14579
0 0 0 0 0 8.16135
0 0 0 0 0 8.12786
0 0 0 0 1 8.11092
0 0 0 0 1 8.11043
0 0 0 0 1 8.05315
0 0 0 0 0 8.18272
0 0 0 0 1 8.1419
0 0 0 0 1 8.01249
0 0 0 0 1 8.04493
0 0 0 0 1 8.06521
0 0 0 0 1 8.06548
0 0 0 0 1 7.99369
0 0 0 0 0 8.08234
0 0 0 0 1 7.92316
0 0 0 0 1 7.95179
0 0 0 0 0 8.01649
0 0 0 0 1 7.92214
0 0 0 0 1 7.95516
0 0 0 0 1 7.95651
0 0 0 0 1 7.87459
0 0 0 0 1 7.96311
0 0 0 0 1 7.89389
0 0 0 0 1 7.78911
0 0 0 0 1 7.88897
0 0 0 0 1 7.89111
0 0 0 0 1 7.7994
0 0 0 0 1 7.76286
0 0 0 0 1 7.87031
0 0 0 0 0 7.82621
0 0 0 0 1 7.77461
0 0 0 0 1 7.71086
0 0 0 0 1 7.69865
0 0 0 0 1 7.81364
