0 0 0 0 1 5.53625
0 0 0 0 0 5.53422
0 0 0 0 0 5.59909
0 0 0 0 1 5.53294
0 0 0 0 1 5.62051
0 0 0 0 0 5.53517
0 0 0 0 1 5.57754
0 0 0 0 1 5.59295
0 0 0 0 1 5.59957
0 0 0 0 0 5.67707
0 0 0 0 1 5.57476
0 0 0 0 1 5.61886
0 0 0 0 0 5.68795
0 0 0 0 0 5.68729
0 0 0 0 1 5.69807
0 0 0 0 0 5.63721
0 0 0 0 1 5.72771
0 0 0 0 1 5.6477
0 0 0 0 1 5.7559
0 0 0 0 0 5.67399
0 0 0 0 0 5.68532
0 0 0 0 1 5.75989
0 0 0 0 1 5.77736
0 0 0 0 1 5.81227
0 0 0 0 0 5.80298
0 0 0 0 0 5.74572
0 0 0 0 1 5.77518
0 0 0 0 0 5.76421
0 0 0 0 1 5.8638
0 0 0 0 1 5.85895
0 0 0 0 1 5.87169
0 0 0 0 1 5.83929
0 0 0 0 1 5.81269
0 0 0 0 1 5.88427
0 0 0 0 1 5.87973
0 0 0 0 1 5.89293
0 0 0 0 1 5.88852
0 0 0 0 1 5.91377
0 0 0 0 1 5.93326
0 0 0 0 1 5.91123
0 0 0 0 1 5.99655
0 0 0 0 1 5.95673
0 0 0 0 0 6.01996
0 0 0 0 0 5.9441
0 0 0 0 1 6.00635
0 0 0 0 0 6.07498
0 0 0 0 1 6.03393
0 0 0 0 0 6.04245
0 0 0 0 0 6.06929
0 0 0 0 0 6.07193
0 0 0 0 0 6.05016
0 0 0 0 1 6.14473
0 0 0 0 1 6.09745
0 0 0 0 1 6.16915
0 0 0 0 1 6.14138
0 0 0 0 1 6.18156
0 0 0 0 1 6.15374
0 0 0 0 1 6.1621
0 0 0 0 1 6.25269
0 0 0 0 1 6.23115
0 0 0 0 1 6.3404
0 0 0 0 1 6.34417
0 0 0 0 0 6.3543
0 0 0 0 1 6.27592
0 0 0 0 1 6.35572
0 0 0 0 1 6.42885
0 0 0 0 1 6.35002
0 0 0 0 0 6.46843
0 0 0 0 1 6.4085
0 0 0 0 1 6.47633
0 0 0 0 1 6.46775
0 0 0 0 0 6.45191
0 0 0 0 1 6.44972
0 0 0 0 1 6.46706
0 0 0 0 1 6.56294
0 0 0 0 1 6.54069
0 0 0 0 1 6.53144
0 0 0 0 0 6.63502
0 0 0 0 1 6.56639
0 0 0 0 1 6.69674
0 0 0 0 0 6.74125
0 0 0 0 1 6.71292
0 0 0 0 1 6.70455
0 0 0 0 1 6.74942
0 0 0 0 1 6.82163
0 0 0 0 0 6.82648
0 0 0 0 0 6.77683
0 0 0 0 1 6.7883
0 0 0 0 1 6.81353
0 0 0 0 1 6.94909
0 0 0 0 1 6.87131
0 0 0 0 0 6.86975
0 0 0 0 1 6.93718
0 0 0 0 1 7.03998
0 0 0 0 1 6.94719
0 0 0 0 1 7.04363
0 0 0 0 1 7.07674
0 0 0 0 0 7.04659
0 0 0 0 0 7.11587
0 0 0 0 1 7.14269
0 0 0 0 1 7.20552
0 0 0 0 1 7.27594
0 0 0 0 1 7.20175
0 0 0 0 1 7.29436
0 0 0 0 0 7.23396
0 0 0 0 1 7.31995
0 0 0 0 1 7.39141
0 0 0 0 1 7.41977
0 0 0 0 1 7.45491
0 0 0 0 1 7.50513
0 0 0 0 1 7.45126
0 0 0 0 0 7.52414
0 0 0 0 0 7.6051
0 0 0 0 1 7.60317
0 0 0 0 1 7.67766
0 0 0 0 1 7.57625
0 0 0 0 1 7.75819
0 0 0 0 1 7.65582
0 0 0 0 1 7.68424
0 0 0 0 1 7.76733
0 0 0 0 1 7.8671
0 0 0 0 1 7.93567
0 0 0 0 1 7.89357
0 0 0 0 1 8.0261
0 0 0 0 1 7.91958
0 0 0 0 1 8.09329
0 0 0 0 1 8.13933
0 0 0 0 1 8.13697
0 0 0 0 1 8.0849
0 0 0 0 1 8.16363
0 0 0 0 1 8.15175
0 0 0 0 0 8.24704
0 0 0 0 0 8.39355
0 0 0 0 1 8.32325
0 0 0 0 1 8.36958
0 0 0 0 1 8.52604
0 0 0 0 1 8.44574
0 0 0 0 1 8.56089
0 0 0 0 1 8.52295
0 0 0 0 1 8.60448
0 0 0 0 1 8.63363
0 0 0 0 0 8.81212
0 0 0 0 1 8.87719
0 0 0 0 1 8.90872
0 0 0 0 1 8.98313
0 0 0 0 1 8.86105
0 0 0 0 1 8.92606
0 0 0 0 1 9.12731
0 0 0 0 1 9.04887
0 0 0 0 1 9.19725
0 0 0 0 1 9.23624
0 0 0 0 1 9.36801
0 0 0 0 1 9.34315
0 0 0 0 1 9.41864
0 0 0 0 1 9.43887
0 0 0 0 1 9.45754
0 0 0 0 1 9.5237
0 0 0 0 1 9.65895
0 0 0 0 1 9.75517
0 0 0 0 0 9.79329
0 0 0 0 0 9.92971
0 0 0 0 1 9.96948
0 0 0 0 1 10.0661
0 0 0 0 0 9.99386
0 0 0 0 0 10.1207
0 0 0 0 1 10.1685
0 0 0 0 1 10.194
0 0 0 0 1 10.312
0 0 0 0 1 10.5265
0 0 0 0 1 10.5735
0 0 0 0 1 10.4826
0 0 0 0 1 10.6858
0 0 0 0 1 10.7965
0 0 0 0 1 10.7757
0 0 0 0 1 10.8736
0 0 0 0 0 10.9851
0 0 0 0 1 11.0284
0 0 0 0 1 11.2813
0 0 0 0 1 11.1699
0 0 0 0 1 11.2437
0 0 0 0 1 11.3745
0 0 0 0 1 11.5408
0 0 0 0 1 11.627
0 0 0 0 1 11.6632
0 0 0 0 1 11.9031
0 0 0 0 0 12.023
0 0 0 0 1 12.1071
0 0 0 0 1 12.2916
0 0 0 0 1 12.2379
0 0 0 0 1 12.4542
0 0 0 0 1 12.5883
0 0 0 0 1 12.6528
0 0 0 0 1 12.6728
0 0 0 0 1 12.9669
0 0 0 0 1 13.0696
0 0 0 0 1 13.2114
0 0 0 0 1 13.3496
0 0 0 0 1 13.3181
0 0 0 0 1 13.4417
0 0 0 0 1 13.743
0 0 0 0 1 13.7809
0 0 0 0 0 13.9843
0 0 0 0 0 14.062
0 0 0 0 1 14.1906
0 0 0 0 0 14.391
0 0 0 0 1 14.4759
0 0 0 0 1 14.8048
0 0 0 0 1 14.9585
0 0 0 0 1 15.1575
0 0 0 0 1 15.4069
0 0 0 0 1 15.5249
0 0 0 0 1 15.4946
0 0 0 0 1 15.9281
0 0 0 0 0 15.8772
0 0 0 0 1 16.1317
0 0 0 0 0 16.3384
0 0 0 0 1 16.5621
0 0 0 0 1 16.9647
0 0 0 0 0 17.0152
0 0 0 0 1 17.329
0 0 0 0 1 17.7428
0 0 0 0 1 17.8149
0 0 0 0 1 18.0003
0 0 0 0 0 18.1656
0 0 0 0 1 18.4312
0 0 0 0 1 19.0279
0 0 0 0 1 19.0879
0 0 0 0 1 19.3845
0 0 0 0 1 19.8297
0 0 0 0 1 20.2089
0 0 0 0 1 20.5699
0 0 0 0 1 20.7332
0 0 0 0 1 21.0809
0 0 0 0 1 21.6964
0 0 0 0 1 21.9156
0 0 0 0 1 22.4483
0 0 0 0 1 22.8375
0 0 0 0 1 22.8342
0 0 0 0 0 23.5971
0 0 0 0 1 24.0571
0 0 0 0 0 24.6739
0 0 0 0 1 25.0426
0 0 0 0 0 25.2581
0 0 0 0 1 26.0685
0 0 0 0 1 26.4601
0 0 0 0 1 27.02
0 0 0 0 1 27.7928
0 0 0 0 0 28.5747
0 0 0 0 0 19.9232
0 0 0 0 0 19.9272
0 0 0 0 1 19.7229
0 0 0 0 0 19.7673
0 0 0 0 1 19.8596
0 0 0 0 1 19.5881
0 0 0 0 1 19.8401
0 0 0 0 1 19.6489
0 0 0 0 1 19.5469
0 0 0 0 1 19.6709
0 0 0 0 0 19.6187
0 0 0 0 1 19.3814
0 0 0 0 1 19.3693
0 0 0 0 1 19.27
0 0 0 0 1 19.2405
0 0 0 0 0 19.4815
0 0 0 0 0 19.4798
0 0 0 0 1 19.5076
0 0 0 0 1 19.2475
0 0 0 0 1 19.2663
0 0 0 0 1 19.3913
0 0 0 0 1 19.2101
0 0 0 0 1 19.4963
0 0 0 0 1 19.7031
0 0 0 0 1 19.583
0 0 0 0 1 19.9746
0 0 0 0 1 20.1071
0 0 0 0 1 20.4821
0 0 0 0 1 20.986
0 0 0 0 1 21.2528
0 0 0 0 1 21.5629
0 0 0 0 1 21.7099
0 0 0 0 1 21.9191
0 0 0 0 1 22.2102
0 0 0 0 1 22.7218
0 0 0 0 1 23.1297
0 0 0 0 1 23.0289
0 0 0 0 1 39.2723
0 0 0 0 1 39.7826
0 0 0 0 1 39.1479
0 0 0 0 1 39.6595
0 0 0 0 0 39.6584
0 0 0 0 1 39.895
0 0 0 0 1 39.6979
0 0 0 0 1 39.4225
0 0 0 0 0 39.6614
0 0 0 0 0 39.6245
0 0 0 0 1 39.3908
0 0 0 0 0 5.02002
0 0 0 0 0 4.99998
0 0 0 0 0 5.01501
0 0 0 0 0 5.03505
0 0 0 0 0 5.02503
0 0 0 0 0 5.03505
0 0 0 0 0 5.05509
0 0 0 0 0 4.9599
0 0 0 0 0 5.04006
0 0 0 0 0 4.98996
0 0 0 0 0 5.03505
0 0 0 0 1 99.6842
0 0 0 0 1 93.7888
0 0 0 0 1 88.691
0 0 0 0 1 85.107
0 0 0 0 1 80.5861
0 0 0 0 1 77.0004
0 0 0 0 1 73.368
0 0 0 0 1 71.323
0 0 0 0 1 67.5935
0 0 0 0 1 65.7866
0 0 0 0 1 62.9784
0 0 0 0 1 60.7424
0 0 0 0 1 58.3049
0 0 0 0 1 56.154
0 0 0 0 1 54.7305
0 0 0 0 1 53.6778
0 0 0 0 1 51.8518
0 0 0 0 1 49.8886
0 0 0 0 0 48.1386
0 0 0 0 1 47.2338
0 0 0 0 1 45.6853
0 0 0 0 1 44.4998
0 0 0 0 0 43.7572
0 0 0 0 1 42.8842
0 0 0 0 1 41.4474
0 0 0 0 0 40.9943
0 0 0 0 1 39.8926
0 0 0 0 0 38.8871
0 0 0 0 0 38.1348
0 0 0 0 1 37.3532
0 0 0 0 1 36.5014
0 0 0 0 1 35.8508
0 0 0 0 1 34.7925
0 0 0 0 1 33.9295
0 0 0 0 1 33.5484
0 0 0 0 1 32.6182
0 0 0 0 1 32.3419
0 0 0 0 1 31.4621
0 0 0 0 0 31.1824
0 0 0 0 1 30.6682
0 0 0 0 1 30.1632
0 0 0 0 0 29.2439
0 0 0 0 1 29.317
0 0 0 0 1 28.7534
0 0 0 0 1 28.0437
0 0 0 0 1 27.9614
0 0 0 0 1 27.0876
0 0 0 0 1 26.7742
0 0 0 0 1 26.619
0 0 0 0 1 26.1187
0 0 0 0 1 25.4102
0 0 0 0 1 25.202
0 0 0 0 1 24.7749
0 0 0 0 0 24.8178
0 0 0 0 1 24.4569
0 0 0 0 1 23.8195
0 0 0 0 1 23.5924
0 0 0 0 0 23.3823
0 0 0 0 1 23.0646
0 0 0 0 0 22.9201
0 0 0 0 1 22.2528
0 0 0 0 1 22.3232
0 0 0 0 1 22.0824
0 0 0 0 1 21.6099
0 0 0 0 1 21.5609
0 0 0 0 1 21.336
0 0 0 0 1 20.777
0 0 0 0 1 20.5352
0 0 0 0 1 20.537
0 0 0 0 1 20.323
0 0 0 0 1 20.0876
0 0 0 0 1 19.8043
0 0 0 0 1 19.7367
0 0 0 0 0 19.2319
0 0 0 0 1 19.068
0 0 0 0 1 19.1023
0 0 0 0 1 18.9261
0 0 0 0 1 18.4438
0 0 0 0 0 18.5463
0 0 0 0 1 18.2617
0 0 0 0 1 17.9074
0 0 0 0 0 17.7798
0 0 0 0 1 17.811
0 0 0 0 0 17.5413
0 0 0 0 1 17.2739
0 0 0 0 0 17.1634
0 0 0 0 1 17.1465
0 0 0 0 1 17.0093
0 0 0 0 1 16.5544
0 0 0 0 0 16.744
0 0 0 0 1 16.3365
0 0 0 0 1 16.3576
0 0 0 0 1 16.0531
0 0 0 0 1 16.1057
0 0 0 0 0 15.7973
0 0 0 0 1 15.6409
0 0 0 0 1 15.4958
0 0 0 0 1 15.644
0 0 0 0 1 15.4277
0 0 0 0 1 15.2284
0 0 0 0 1 15.2816
0 0 0 0 1 15.1435
0 0 0 0 0 14.8568
0 0 0 0 1 14.7383
0 0 0 0 1 14.7584
0 0 0 0 1 14.6748
0 0 0 0 1 14.5274
0 0 0 0 1 14.3233
0 0 0 0 1 14.2351
0 0 0 0 1 14.1328
0 0 0 0 1 13.9605
0 0 0 0 1 14.1051
0 0 0 0 0 13.9886
0 0 0 0 0 13.8673
0 0 0 0 0 13.7108
0 0 0 0 1 13.6401
0 0 0 0 1 13.5745
0 0 0 0 1 13.4285
0 0 0 0 0 13.2967
0 0 0 0 1 13.3063
0 0 0 0 1 13.2099
0 0 0 0 1 13.1008
0 0 0 0 0 13.0961
0 0 0 0 1 12.9746
0 0 0 0 1 12.9261
0 0 0 0 1 12.7674
0 0 0 0 1 12.5846
0 0 0 0 1 12.6757
0 0 0 0 1 12.6319
0 0 0 0 1 12.405
0 0 0 0 1 12.333
0 0 0 0 1 12.3883
0 0 0 0 1 12.2793
0 0 0 0 1 12.0374
0 0 0 0 1 12.1316
0 0 0 0 0 12.0441
0 0 0 0 1 11.8895
0 0 0 0 1 11.8152
0 0 0 0 1 11.8988
0 0 0 0 1 11.8126
0 0 0 0 1 11.7034
0 0 0 0 1 11.7461
0 0 0 0 1 11.6144
0 0 0 0 1 11.5182
0 0 0 0 1 11.3425
0 0 0 0 1 11.3959
0 0 0 0 1 11.3767
0 0 0 0 0 11.1769
0 0 0 0 1 11.3191
0 0 0 0 1 11.2437
0 0 0 0 1 11.1834
0 0 0 0 1 10.9983
0 0 0 0 1 11.0786
0 0 0 0 1 11.0265
0 0 0 0 1 10.8329
0 0 0 0 0 10.8361
0 0 0 0 1 10.7742
0 0 0 0 1 10.6374
0 0 0 0 1 10.769
0 0 0 0 0 10.7075
0 0 0 0 1 10.7138
0 0 0 0 1 10.6104
0 0 0 0 1 10.5708
0 0 0 0 1 10.4477
0 0 0 0 1 10.4991
0 0 0 0 1 10.3873
0 0 0 0 1 10.3658
0 0 0 0 1 10.2725
0 0 0 0 1 10.1797
0 0 0 0 1 10.2711
0 0 0 0 1 10.1482
0 0 0 0 1 10.1983
0 0 0 0 0 9.98909
0 0 0 0 1 9.94875
0 0 0 0 1 10.0784
0 0 0 0 0 10.0477
0 0 0 0 1 9.8851
0 0 0 0 1 9.80582
0 0 0 0 1 9.87138
0 0 0 0 1 9.86115
0 0 0 0 1 9.86065
0 0 0 0 0 9.75309
0 0 0 0 1 9.66242
0 0 0 0 0 9.70105
0 0 0 0 1 9.68804
0 0 0 0 1 9.54081
0 0 0 0 1 9.62704
0 0 0 0 1 9.59519
0 0 0 0 1 9.51926
0 0 0 0 1 9.39339
0 0 0 0 1 9.49436
0 0 0 0 1 9.41007
0 0 0 0 1 9.38861
0 0 0 0 1 9.24608
0 0 0 0 1 9.25914
0 0 0 0 1 9.21375
0 0 0 0 1 9.30385
0 0 0 0 1 9.10813
0 0 0 0 1 9.19795
0 0 0 0 1 9.22319
0 0 0 0 1 9.03869
0 0 0 0 0 9.07335
0 0 0 0 1 8.99008
0 0 0 0 1 9.04271
0 0 0 0 1 8.94775
0 0 0 0 0 8.91049
0 0 0 0 1 8.99543
0 0 0 0 0 8.95825
0 0 0 0 1 8.91243
0 0 0 0 1 8.87578
0 0 0 0 1 8.80402
0 0 0 0 0 8.8704
0 0 0 0 1 8.83427
0 0 0 0 0 8.67571
0 0 0 0 1 8.76475
0 0 0 0 1 8.69445
0 0 0 0 1 8.63854
0 0 0 0 1 8.65581
0 0 0 0 1 8.66094
0 0 0 0 1 8.59188
0 0 0 0 1 8.64025
0 0 0 0 1 8.58889
0 0 0 0 1 8.62853
0 0 0 0 1 8.52639
0 0 0 0 1 8.47241
0 0 0 0 0 8.45271
0 0 0 0 1 8.4162
0 0 0 0 1 8.46447
0 0 0 0 1 8.4029
0 0 0 0 1 8.42946
0 0 0 0 1 8.41878
0 0 0 0 1 8.38308
0 0 0 0 1 8.34761
0 0 0 0 1 8.29568
0 0 0 0 1 8.28108
0 0 0 0 0 8.27949
0 0 0 0 1 8.21176
0 0 0 0 0 8.29757
0 0 0 0 0 8.18895
0 0 0 0 1 8.15494
0 0 0 0 1 8.13758
0 0 0 0 1 8.17774
0 0 0 0 0 8.23416
0 0 0 0 0 8.217
0 0 0 0 1 8.11857
0 0 0 0 1 8.19129
0 0 0 0 1 8.06918
0 0 0 0 1 8.07715
0 0 0 0 1 8.06903
0 0 0 0 0 7.98044
0 0 0 0 1 7.97667
0 0 0 0 1 8.06548
0 0 0 0 1 8.0418
0 0 0 0 1 8.07433
0 0 0 0 1 7.93913
0 0 0 0 1 8.00762
0 0 0 0 1 7.98464
0 0 0 0 0 7.8983
0 0 0 0 1 7.99481
0 0 0 0 1 7.90109
0 0 0 0 1 7.83506
0 0 0 0 0 7.86052
0 0 0 0 1 7.82299
0 0 0 0 1 7.78911
0 0 0 0 1 7.9204
0 0 0 0 0 7.87542
0 0 0 0 1 7.90903
0 0 0 0 1 7.79413
0 0 0 0 1 7.8625
0 0 0 0 1 7.71708
0 0 0 0 1 7.72014
0 0 0 0 1 7.81191
0 0 0 0 0 7.69089
0 0 0 0 1 7.81364
