0 0 0 0 1 5.56398
0 0 0 0 1 5.52311
0 0 0 0 1 5.59909
0 0 0 0 0 5.58866
0 0 0 0 1 5.62051
0 0 0 0 1 5.63022
0 0 0 0 1 5.63908
0 0 0 0 1 5.63778
0 0 0 0 1 5.64446
0 0 0 0 1 5.63773
0 0 0 0 1 5.63671
0 0 0 0 1 5.66963
0 0 0 0 1 5.61452
0 0 0 0 1 5.61372
0 0 0 0 1 5.66405
0 0 0 0 1 5.62585
0 0 0 0 0 5.70496
0 0 0 0 1 5.71039
0 0 0 0 1 5.69309
0 0 0 0 1 5.66828
0 0 0 0 1 5.77693
0 0 0 0 0 5.7771
0 0 0 0 1 5.71987
0 0 0 0 1 5.70858
0 0 0 0 1 5.73376
0 0 0 0 1 5.77462
0 0 0 0 1 5.73463
0 0 0 0 0 5.76421
0 0 0 0 1 5.79981
0 0 0 0 1 5.86478
0 0 0 0 1 5.89506
0 0 0 0 1 5.85684
0 0 0 0 1 5.83613
0 0 0 0 1 5.81968
0 0 0 0 1 5.82676
0 0 0 0 1 5.86934
0 0 0 0 0 5.92399
0 0 0 0 1 5.9671
0 0 0 0 1 5.98077
0 0 0 0 1 5.9648
0 0 0 0 1 6.02042
0 0 0 0 0 6.01056
0 0 0 0 1 5.97803
0 0 0 0 1 5.96211
0 0 0 0 1 6.02441
0 0 0 0 1 6.04482
0 0 0 0 1 6.02787
0 0 0 0 0 6.10311
0 0 0 0 1 6.09362
0 0 0 0 1 6.05973
0 0 0 0 1 6.06239
0 0 0 0 1 6.08959
0 0 0 0 1 6.18965
0 0 0 0 1 6.13221
0 0 0 0 1 6.11669
0 0 0 0 1 6.24344
0 0 0 0 1 6.19096
0 0 0 0 1 6.28037
0 0 0 0 1 6.19029
0 0 0 0 1 6.23115
0 0 0 0 1 6.2839
0 0 0 0 1 6.23718
0 0 0 0 1 6.24703
0 0 0 0 1 6.37082
0 0 0 0 1 6.27961
0 0 0 0 1 6.31427
0 0 0 0 1 6.41384
0 0 0 0 1 6.37877
0 0 0 0 0 6.44061
0 0 0 0 1 6.38611
0 0 0 0 1 6.4419
0 0 0 0 1 6.43246
0 0 0 0 1 6.54074
0 0 0 0 1 6.57789
0 0 0 0 1 6.51065
0 0 0 0 1 6.56693
0 0 0 0 0 6.61703
0 0 0 0 0 6.5492
0 0 0 0 1 6.60615
0 0 0 0 0 6.61029
0 0 0 0 0 6.68118
0 0 0 0 1 6.65938
0 0 0 0 1 6.76495
0 0 0 0 1 6.77636
0 0 0 0 1 6.7405
0 0 0 0 1 6.71791
0 0 0 0 1 6.84494
0 0 0 0 1 6.82932
0 0 0 0 1 6.80667
0 0 0 0 1 6.92154
0 0 0 0 0 6.96117
0 0 0 0 1 6.86281
0 0 0 0 1 7.01372
0 0 0 0 1 6.9422
0 0 0 0 1 6.99626
0 0 0 0 1 7.09993
0 0 0 0 1 7.08381
0 0 0 0 1 7.06079
0 0 0 0 1 7.15861
0 0 0 0 0 7.16414
0 0 0 0 1 7.19834
0 0 0 0 1 7.23992
0 0 0 0 0 7.21622
0 0 0 0 1 7.31615
0 0 0 0 1 7.27776
0 0 0 0 1 7.36391
0 0 0 0 1 7.32515
0 0 0 0 1 7.31641
0 0 0 0 1 7.45491
0 0 0 0 0 7.40079
0 0 0 0 1 7.47371
0 0 0 0 1 7.47905
0 0 0 0 1 7.49181
0 0 0 0 1 7.64111
0 0 0 0 1 7.68528
0 0 0 0 1 7.72165
0 0 0 0 1 7.73512
0 0 0 0 1 7.74852
0 0 0 0 1 7.77739
0 0 0 0 1 7.78293
0 0 0 0 1 7.74968
0 0 0 0 1 7.85703
0 0 0 0 0 7.86985
0 0 0 0 0 7.92279
0 0 0 0 1 7.92758
0 0 0 0 1 7.99694
0 0 0 0 1 7.99413
0 0 0 0 1 8.03971
0 0 0 0 1 8.0849
0 0 0 0 0 8.27008
0 0 0 0 1 8.15998
0 0 0 0 1 8.2222
0 0 0 0 1 8.30205
0 0 0 0 1 8.32325
0 0 0 0 1 8.36958
0 0 0 0 1 8.49221
0 0 0 0 1 8.45424
0 0 0 0 0 8.578
0 0 0 0 1 8.52295
0 0 0 0 1 8.57857
0 0 0 0 0 8.6684
0 0 0 0 0 8.7247
0 0 0 0 1 8.8684
0 0 0 0 1 8.91756
0 0 0 0 1 8.90308
0 0 0 0 1 8.87895
0 0 0 0 1 9.05216
0 0 0 0 0 9.04574
0 0 0 0 1 9.17644
0 0 0 0 0 9.25227
0 0 0 0 1 9.15319
0 0 0 0 1 9.33087
0 0 0 0 1 9.32449
0 0 0 0 1 9.41864
0 0 0 0 1 9.54291
0 0 0 0 1 9.42896
0 0 0 0 0 9.49493
0 0 0 0 1 9.73614
0 0 0 0 1 9.66772
0 0 0 0 1 9.73459
0 0 0 0 0 9.8706
0 0 0 0 1 10.0091
0 0 0 0 0 9.89636
0 0 0 0 1 10.0743
0 0 0 0 1 10.1511
0 0 0 0 1 10.1277
0 0 0 0 1 10.2865
0 0 0 0 1 10.4466
0 0 0 0 0 10.4848
0 0 0 0 1 10.4685
0 0 0 0 0 10.6201
0 0 0 0 1 10.6218
0 0 0 0 1 10.8072
0 0 0 0 1 10.7541
0 0 0 0 1 10.9828
0 0 0 0 1 11.0511
0 0 0 0 1 11.0506
0 0 0 0 1 11.1247
0 0 0 0 1 11.3726
0 0 0 0 1 11.2664
0 0 0 0 1 11.5349
0 0 0 0 1 11.4599
0 0 0 0 0 11.5804
0 0 0 0 0 11.6397
0 0 0 0 0 11.8912
0 0 0 0 0 11.9033
0 0 0 0 0 12.0105
0 0 0 0 1 12.1455
0 0 0 0 1 12.3731
0 0 0 0 0 12.3301
0 0 0 0 1 12.5382
0 0 0 0 1 12.6149
0 0 0 0 1 12.7748
0 0 0 0 1 12.8639
0 0 0 0 1 12.9525
0 0 0 0 1 13.0275
0 0 0 0 0 13.2302
0 0 0 0 1 13.5191
0 0 0 0 1 13.4552
0 0 0 0 0 13.6883
0 0 0 0 1 13.6841
0 0 0 0 0 14.0262
0 0 0 0 0 13.9914
0 0 0 0 1 14.1478
0 0 0 0 0 14.5209
0 0 0 0 0 14.5634
0 0 0 0 0 14.8195
0 0 0 0 0 15.0183
0 0 0 0 1 15.0669
0 0 0 0 1 15.3305
0 0 0 0 1 15.3548
0 0 0 0 0 15.4946
0 0 0 0 1 15.8014
0 0 0 0 1 15.8932
0 0 0 0 1 16.3916
0 0 0 0 1 16.3384
0 0 0 0 0 16.7787
0 0 0 0 1 16.7959
0 0 0 0 1 17.2035
0 0 0 0 1 17.3116
0 0 0 0 1 17.5318
0 0 0 0 1 17.797
0 0 0 0 1 17.9098
0 0 0 0 1 18.5142
0 0 0 0 1 18.6732
0 0 0 0 1 18.7066
0 0 0 0 1 19.1646
0 0 0 0 1 19.6768
0 0 0 0 1 19.8891
0 0 0 0 1 20.0882
0 0 0 0 1 20.2226
0 0 0 0 1 20.8579
0 0 0 0 1 21.2287
0 0 0 0 1 21.503
0 0 0 0 1 21.9593
0 0 0 0 1 22.0256
0 0 0 0 1 22.8375
0 0 0 0 1 22.9264
0 0 0 0 0 23.362
0 0 0 0 0 23.9852
0 0 0 0 1 24.3563
0 0 0 0 1 24.9429
0 0 0 0 1 25.309
0 0 0 0 1 25.8348
0 0 0 0 1 26.3275
0 0 0 0 1 27.2639
0 0 0 0 1 27.7928
0 0 0 0 1 28.2346
0 0 0 0 1 29.2675
0 0 0 0 1 30.0019
0 0 0 0 1 30.7476
0 0 0 0 1 31.3052
0 0 0 0 0 32.126
0 0 0 0 1 32.6251
0 0 0 0 0 33.5164
0 0 0 0 1 34.9535
0 0 0 0 1 35.9422
0 0 0 0 1 36.7681
0 0 0 0 1 20.156
0 0 0 0 0 20.003
0 0 0 0 0 20.1527
0 0 0 0 0 20.1301
0 0 0 0 1 20.1191
0 0 0 0 1 19.8182
0 0 0 0 1 19.8882
0 0 0 0 1 20.1479
0 0 0 0 1 20.0982
0 0 0 0 1 20.0389
0 0 0 0 0 19.7717
0 0 0 0 1 19.9021
0 0 0 0 1 19.9432
0 0 0 0 1 19.5606
0 0 0 0 1 19.9086
0 0 0 0 1 19.6745
0 0 0 0 1 19.7464
0 0 0 0 1 19.4747
0 0 0 0 0 19.4891
0 0 0 0 1 19.464
0 0 0 0 1 19.6835
0 0 0 0 1 19.425
0 0 0 0 0 19.5315
0 0 0 0 1 20.0556
0 0 0 0 1 20.4041
0 0 0 0 0 20.662
0 0 0 0 1 20.8255
0 0 0 0 1 21.0141
0 0 0 0 1 21.5679
0 0 0 0 1 21.6573
0 0 0 0 1 22.3219
0 0 0 0 1 22.698
0 0 0 0 1 22.8512
0 0 0 0 1 23.3601
0 0 0 0 1 23.6535
0 0 0 0 1 40.2035
0 0 0 0 0 39.7857
0 0 0 0 1 39.6786
0 0 0 0 1 40.0235
0 0 0 0 0 4.97994
0 0 0 0 0 5.02503
0 0 0 0 0 4.96491
0 0 0 0 0 4.98495
0 0 0 0 0 5.02503
0 0 0 0 0 4.97493
0 0 0 0 0 4.99497
0 0 0 0 0 5.0601
0 0 0 0 0 4.98996
0 0 0 0 0 5.03004
0 0 0 0 0 99.6842
0 0 0 0 1 94.1659
0 0 0 0 1 88.959
0 0 0 0 1 85.5312
0 0 0 0 0 81.6368
0 0 0 0 0 77.6177
0 0 0 0 1 73.8847
0 0 0 0 1 71.2523
0 0 0 0 1 67.3897
0 0 0 0 1 65.3947
0 0 0 0 1 63.4818
0 0 0 0 1 60.9851
0 0 0 0 1 58.0119
0 0 0 0 0 56.2673
0 0 0 0 1 55.1692
0 0 0 0 1 53.4652
0 0 0 0 1 51.9033
0 0 0 0 1 50.1888
0 0 0 0 1 49.0138
0 0 0 0 1 47.6121
0 0 0 0 1 46.3755
0 0 0 0 0 45.172
0 0 0 0 1 43.6262
0 0 0 0 1 42.8416
0 0 0 0 1 41.1564
0 0 0 0 1 40.6696
0 0 0 0 1 39.5357
0 0 0 0 1 38.577
0 0 0 0 1 38.1348
0 0 0 0 1 37.4274
0 0 0 0 1 36.574
0 0 0 0 1 35.2106
0 0 0 0 1 34.5136
0 0 0 0 1 34.2029
0 0 0 0 1 33.85
0 0 0 0 1 32.5853
0 0 0 0 1 32.2128
0 0 0 0 1 31.5888
0 0 0 0 1 31.2758
0 0 0 0 1 30.8211
0 0 0 0 1 30.1032
0 0 0 0 1 29.5098
0 0 0 0 0 29.2589
0 0 0 0 1 28.3246
0 0 0 0 1 28.2688
0 0 0 0 1 27.823
0 0 0 0 1 27.5237
0 0 0 0 1 26.8816
0 0 0 0 0 26.5133
0 0 0 0 1 25.9885
0 0 0 0 0 25.7952
0 0 0 0 1 25.3538
0 0 0 0 0 25.1991
0 0 0 0 1 24.621
0 0 0 0 1 24.4812
0 0 0 0 1 24.0828
0 0 0 0 1 23.7341
0 0 0 0 1 23.0792
0 0 0 0 0 22.9034
0 0 0 0 1 22.5567
0 0 0 0 1 22.2976
0 0 0 0 1 22.3897
0 0 0 0 1 22.0167
0 0 0 0 1 21.7396
0 0 0 0 1 21.3899
0 0 0 0 1 21.0825
0 0 0 0 1 20.7144
0 0 0 0 1 20.721
0 0 0 0 1 20.5778
0 0 0 0 1 20.3835
0 0 0 0 1 19.9079
0 0 0 0 0 19.9425
0 0 0 0 1 19.4826
0 0 0 0 0 19.1739
0 0 0 0 1 19.0489
0 0 0 0 0 19.0266
0 0 0 0 1 18.8887
0 0 0 0 1 18.518
0 0 0 0 1 18.5096
0 0 0 0 1 18.1343
0 0 0 0 0 18.1055
0 0 0 0 1 17.7619
0 0 0 0 1 17.6343
0 0 0 0 1 17.6288
0 0 0 0 1 17.3259
0 0 0 0 1 17.2493
0 0 0 0 1 16.9762
0 0 0 0 1 16.8405
0 0 0 0 1 16.7885
0 0 0 0 1 16.5948
0 0 0 0 0 16.3859
0 0 0 0 0 16.3413
0 0 0 0 1 16.0854
0 0 0 0 1 15.8814
0 0 0 0 1 15.8291
0 0 0 0 1 15.7827
0 0 0 0 0 15.6678
0 0 0 0 1 15.3494
0 0 0 0 1 15.4585
0 0 0 0 0 15.2742
0 0 0 0 0 15.2513
0 0 0 0 1 15.0383
0 0 0 0 1 14.7525
0 0 0 0 0 14.6791
0 0 0 0 1 14.7437
0 0 0 0 1 14.6019
0 0 0 0 1 14.3682
0 0 0 0 1 14.3952
0 0 0 0 1 14.3207
0 0 0 0 1 14.232
0 0 0 0 0 13.9605
0 0 0 0 1 13.8538
0 0 0 0 1 13.8777
0 0 0 0 0 13.8673
0 0 0 0 1 13.6424
0 0 0 0 1 13.7216
0 0 0 0 1 13.5475
0 0 0 0 0 13.3481
0 0 0 0 0 13.4032
0 0 0 0 1 13.2534
0 0 0 0 1 13.1047
0 0 0 0 1 13.0877
0 0 0 0 1 13.0961
0 0 0 0 1 12.9617
0 0 0 0 1 12.8492
0 0 0 0 0 12.7292
0 0 0 0 1 12.6732
0 0 0 0 1 12.5247
0 0 0 0 1 12.5443
0 0 0 0 1 12.3179
0 0 0 0 1 12.2711
0 0 0 0 1 12.3269
0 0 0 0 1 12.1083
0 0 0 0 1 12.1102
0 0 0 0 1 12.1558
0 0 0 0 1 11.9359
0 0 0 0 1 11.9373
0 0 0 0 1 11.9578
0 0 0 0 1 11.9343
0 0 0 0 1 11.7185
0 0 0 0 0 11.7502
0 0 0 0 1 11.7228
0 0 0 0 1 11.464
0 0 0 0 1 11.3916
0 0 0 0 0 11.3883
0 0 0 0 1 11.2707
0 0 0 0 1 11.3767
0 0 0 0 0 11.2671
0 0 0 0 1 11.263
0 0 0 0 1 11.2214
0 0 0 0 1 11.0057
0 0 0 0 1 11.1199
0 0 0 0 1 11.0346
0 0 0 0 1 10.9827
0 0 0 0 1 10.9855
0 0 0 0 1 10.7385
0 0 0 0 1 10.839
0 0 0 0 1 10.8308
0 0 0 0 1 10.7797
0 0 0 0 1 10.7288
0 0 0 0 1 10.6608
0 0 0 0 1 10.6527
0 0 0 0 1 10.6128
0 0 0 0 1 10.479
0 0 0 0 1 10.3741
0 0 0 0 1 10.4287
0 0 0 0 0 10.2213
0 0 0 0 1 10.221
0 0 0 0 0 10.2616
0 0 0 0 1 10.1691
0 0 0 0 0 10.0568
0 0 0 0 1 10.0263
0 0 0 0 1 9.99915
0 0 0 0 0 10.0791
0 0 0 0 1 9.97853
0 0 0 0 1 9.9781
0 0 0 0 1 9.82561
0 0 0 0 1 9.91445
0 0 0 0 1 9.79265
0 0 0 0 1 9.83174
0 0 0 0 1 9.70444
0 0 0 0 1 9.81143
0 0 0 0 0 9.74964
0 0 0 0 1 9.66243
0 0 0 0 0 9.55335
0 0 0 0 1 9.57917
0 0 0 0 1 9.50288
0 0 0 0 0 9.61423
0 0 0 0 1 9.40548
0 0 0 0 1 9.39339
0 0 0 0 0 9.32482
0 0 0 0 1 9.30687
0 0 0 0 0 9.41666
0 0 0 0 1 9.37657
0 0 0 0 0 9.38929
0 0 0 0 1 9.16745
0 0 0 0 1 9.18386
0 0 0 0 1 9.24614
0 0 0 0 0 9.18878
0 0 0 0 1 9.1135
0 0 0 0 1 9.18448
0 0 0 0 1 9.00069
0 0 0 0 1 9.06251
0 0 0 0 1 8.98856
0 0 0 0 1 8.97476
0 0 0 0 1 9.04509
0 0 0 0 1 8.94173
0 0 0 0 1 8.90472
0 0 0 0 0 8.93911
0 0 0 0 1 8.92898
0 0 0 0 0 8.75098
0 0 0 0 0 8.80868
0 0 0 0 1 8.72
0 0 0 0 1 8.75458
0 0 0 0 1 8.70352
0 0 0 0 1 8.70317
0 0 0 0 1 8.68204
0 0 0 0 1 8.60377
0 0 0 0 1 8.62633
0 0 0 0 0 8.59188
0 0 0 0 0 8.53698
0 0 0 0 0 8.54599
0 0 0 0 0 8.47445
0 0 0 0 1 8.50932
0 0 0 0 0 8.42984
0 0 0 0 1 8.51218
0 0 0 0 1 8.39925
0 0 0 0 1 8.52366
0 0 0 0 1 8.42821
0 0 0 0 1 8.43788
0 0 0 0 1 8.36002
0 0 0 0 0 8.42495
0 0 0 0 1 8.33089
0 0 0 0 1 8.27067
0 0 0 0 1 8.25614
0 0 0 0 1 8.32927
0 0 0 0 1 8.32765
0 0 0 0 1 8.24798
0 0 0 0 1 8.1807
0 0 0 0 1 8.17963
0 0 0 0 1 8.24433
0 0 0 0 1 8.21871
0 0 0 0 1 8.19328
0 0 0 0 1 8.15172
0 0 0 0 1 8.12672
0 0 0 0 0 8.13441
0 0 0 0 1 8.05296
0 0 0 0 1 8.12571
0 0 0 0 0 8.06903
0 0 0 0 0 8.11748
0 0 0 0 1 8.12155
0 0 0 0 1 8.07351
0 0 0 0 1 7.96964
0 0 0 0 1 7.9703
0 0 0 0 1 8.05894
0 0 0 0 1 7.99965
0 0 0 0 1 8.03241
0 0 0 0 1 7.95392
0 0 0 0 1 7.96309
0 0 0 0 1 7.94859
0 0 0 0 1 7.96156
0 0 0 0 1 7.94733
0 0 0 0 1 7.95692
0 0 0 0 1 7.78911
0 0 0 0 0 7.84183
0 0 0 0 0 7.89111
0 0 0 0 1 7.85421
0 0 0 0 0 7.8254
0 0 0 0 1 7.78443
0 0 0 0 1 7.75606
0 0 0 0 0 7.76683
0 0 0 0 0 7.74972
0 0 0 0 0 7.8073
0 0 0 0 1 7.68961
