0 0 0 0 1 5.55844
0 0 0 0 1 5.52311
0 0 0 0 0 5.61022
0 0 0 0 1 5.52737
0 0 0 0 1 5.63726
0 0 0 0 1 5.59667
0 0 0 0 1 5.61111
0 0 0 0 0 5.55933
0 0 0 0 1 5.64446
0 0 0 0 1 5.58714
0 0 0 0 1 5.64234
0 0 0 0 1 5.63014
0 0 0 0 1 5.64276
0 0 0 0 0 5.69295
0 0 0 0 0 5.6357
0 0 0 0 1 5.63721
0 0 0 0 1 5.63671
0 0 0 0 1 5.70469
0 0 0 0 1 5.7559
0 0 0 0 0 5.70256
0 0 0 0 0 5.77693
0 0 0 0 1 5.71399
0 0 0 0 1 5.80035
0 0 0 0 1 5.70282
0 0 0 0 0 5.78568
0 0 0 0 0 5.82086
0 0 0 0 1 5.74042
0 0 0 0 0 5.79323
0 0 0 0 1 5.77654
0 0 0 0 1 5.83563
0 0 0 0 1 5.84832
0 0 0 0 0 5.8861
0 0 0 0 1 5.86542
0 0 0 0 1 5.83142
0 0 0 0 1 5.83265
0 0 0 0 1 5.94602
0 0 0 0 1 5.94173
0 0 0 0 0 5.91377
0 0 0 0 0 5.93326
0 0 0 0 1 5.91123
0 0 0 0 1 5.94285
0 0 0 0 1 6.0285
0 0 0 0 1 6.02595
0 0 0 0 0 6.04017
0 0 0 0 0 5.9883
0 0 0 0 0 6.06895
0 0 0 0 1 6.06419
0 0 0 0 1 6.03031
0 0 0 0 1 6.13011
0 0 0 0 1 6.12679
0 0 0 0 1 6.05016
0 0 0 0 0 6.15698
0 0 0 0 1 6.15277
0 0 0 0 1 6.10142
0 0 0 0 1 6.12903
0 0 0 0 1 6.24344
0 0 0 0 0 6.18475
0 0 0 0 1 6.26792
0 0 0 0 1 6.27765
0 0 0 0 0 6.26869
0 0 0 0 1 6.27134
0 0 0 0 1 6.35047
0 0 0 0 0 6.36692
0 0 0 0 1 6.36449
0 0 0 0 1 6.35572
0 0 0 0 1 6.30791
0 0 0 0 0 6.31811
0 0 0 0 1 6.37237
0 0 0 0 1 6.44703
0 0 0 0 1 6.49566
0 0 0 0 1 6.50651
0 0 0 0 1 6.51676
0 0 0 0 0 6.56025
0 0 0 0 1 6.48662
0 0 0 0 0 6.47143
0 0 0 0 0 6.55381
0 0 0 0 1 6.59069
0 0 0 0 1 6.64163
0 0 0 0 1 6.6194
0 0 0 0 1 6.67679
0 0 0 0 0 6.66783
0 0 0 0 0 6.67945
0 0 0 0 1 6.69784
0 0 0 0 1 6.75616
0 0 0 0 0 6.72022
0 0 0 0 1 6.75184
0 0 0 0 1 6.76321
0 0 0 0 0 6.76779
0 0 0 0 0 6.79981
0 0 0 0 1 6.94909
0 0 0 0 1 6.93352
0 0 0 0 1 6.91134
0 0 0 0 1 6.99284
0 0 0 0 0 6.97712
0 0 0 0 1 7.04534
0 0 0 0 0 7.05771
0 0 0 0 1 7.00604
0 0 0 0 0 7.15304
0 0 0 0 1 7.14436
0 0 0 0 0 7.18559
0 0 0 0 0 7.21987
0 0 0 0 1 7.18229
0 0 0 0 1 7.16556
0 0 0 0 0 7.20717
0 0 0 0 1 7.23396
0 0 0 0 1 7.25401
0 0 0 0 1 7.31043
0 0 0 0 1 7.36071
0 0 0 0 1 7.37332
0 0 0 0 1 7.39334
0 0 0 0 1 7.50363
0 0 0 0 1 7.58428
0 0 0 0 0 7.56734
0 0 0 0 1 7.51971
0 0 0 0 1 7.67004
0 0 0 0 1 7.62982
0 0 0 0 1 7.69667
0 0 0 0 1 7.8026
0 0 0 0 0 7.69201
0 0 0 0 1 7.86091
0 0 0 0 1 7.8671
0 0 0 0 1 7.8177
0 0 0 0 0 7.92521
0 0 0 0 1 8.01815
0 0 0 0 1 7.91958
0 0 0 0 1 7.98891
0 0 0 0 1 8.05867
0 0 0 0 1 8.0235
0 0 0 0 1 8.09305
0 0 0 0 0 8.24552
0 0 0 0 1 8.20939
0 0 0 0 1 8.29672
0 0 0 0 0 8.26045
0 0 0 0 1 8.44036
0 0 0 0 0 8.46211
0 0 0 0 1 8.50067
0 0 0 0 1 8.58182
0 0 0 0 0 8.60365
0 0 0 0 1 8.62605
0 0 0 0 1 8.69951
0 0 0 0 1 8.75535
0 0 0 0 1 8.8296
0 0 0 0 1 8.8684
0 0 0 0 1 8.82918
0 0 0 0 1 8.95645
0 0 0 0 1 8.98636
0 0 0 0 0 8.92606
0 0 0 0 1 9.13638
0 0 0 0 1 9.14911
0 0 0 0 1 9.21559
0 0 0 0 1 9.31928
0 0 0 0 1 9.27516
0 0 0 0 1 9.41782
0 0 0 0 1 9.45624
0 0 0 0 0 9.37267
0 0 0 0 0 9.58135
0 0 0 0 1 9.61961
0 0 0 0 1 9.6107
0 0 0 0 1 9.7746
0 0 0 0 1 9.68567
0 0 0 0 1 9.86075
0 0 0 0 1 9.82083
0 0 0 0 1 9.97625
0 0 0 0 1 10.1346
0 0 0 0 1 10.0802
0 0 0 0 1 10.2705
0 0 0 0 1 10.3379
0 0 0 0 1 10.4363
0 0 0 0 0 10.3702
0 0 0 0 0 10.5315
0 0 0 0 1 10.6624
0 0 0 0 1 10.5792
0 0 0 0 0 10.6998
0 0 0 0 1 10.8732
0 0 0 0 1 11.0046
0 0 0 0 1 11.0291
0 0 0 0 1 11.0395
0 0 0 0 1 11.2589
0 0 0 0 1 11.3163
0 0 0 0 1 11.3686
0 0 0 0 1 11.4318
0 0 0 0 1 11.6101
0 0 0 0 0 11.7202
0 0 0 0 1 11.7338
0 0 0 0 1 11.9623
0 0 0 0 0 11.8674
0 0 0 0 0 12.095
0 0 0 0 0 12.2794
0 0 0 0 0 12.1642
0 0 0 0 1 12.3673
0 0 0 0 1 12.6008
0 0 0 0 1 12.5517
0 0 0 0 1 12.864
0 0 0 0 1 12.8124
0 0 0 0 1 12.9525
0 0 0 0 0 13.2639
0 0 0 0 1 13.2567
0 0 0 0 1 13.4387
0 0 0 0 0 13.5094
0 0 0 0 0 13.5653
0 0 0 0 1 13.6841
0 0 0 0 1 14.096
0 0 0 0 1 14.2456
0 0 0 0 0 14.1335
0 0 0 0 0 14.4776
0 0 0 0 1 14.7093
0 0 0 0 1 14.8933
0 0 0 0 1 15.063
0 0 0 0 1 15.0217
0 0 0 0 0 15.2235
0 0 0 0 1 15.6177
0 0 0 0 1 15.6668
0 0 0 0 0 15.9123
0 0 0 0 1 15.9734
0 0 0 0 1 16.3266
0 0 0 0 1 16.3713
0 0 0 0 1 16.6954
0 0 0 0 1 16.9985
0 0 0 0 1 17.2891
0 0 0 0 1 17.381
0 0 0 0 1 17.5318
0 0 0 0 1 17.797
0 0 0 0 0 18.2354
0 0 0 0 1 18.3307
0 0 0 0 0 18.7105
0 0 0 0 1 19.0468
0 0 0 0 1 19.0687
0 0 0 0 1 19.4625
0 0 0 0 1 19.9484
0 0 0 0 0 20.229
0 0 0 0 1 20.529
0 0 0 0 1 20.6501
0 0 0 0 1 21.2287
0 0 0 0 0 21.5889
0 0 0 0 1 21.8719
0 0 0 0 1 22.1813
0 0 0 0 1 22.7695
0 0 0 0 1 22.8342
0 0 0 0 1 23.6911
0 0 0 0 1 23.8654
0 0 0 0 0 24.5029
0 0 0 0 1 24.8183
0 0 0 0 1 25.2072
0 0 0 0 1 25.9386
0 0 0 0 1 26.6722
0 0 0 0 1 27.3452
0 0 0 0 0 25.2815
0 0 0 0 1 24.8589
0 0 0 0 1 25.2653
0 0 0 0 1 25.3206
0 0 0 0 1 25.2259
0 0 0 0 1 25.1819
0 0 0 0 1 25.2134
0 0 0 0 0 24.9454
0 0 0 0 0 25.2027
0 0 0 0 1 25.0858
0 0 0 0 0 24.7948
0 0 0 0 1 24.8536
0 0 0 0 1 24.8381
0 0 0 0 1 25.0222
0 0 0 0 1 24.6343
0 0 0 0 1 25.0928
0 0 0 0 1 24.7808
0 0 0 0 1 24.9913
0 0 0 0 1 24.9859
0 0 0 0 1 25.9288
0 0 0 0 1 27.2548
0 0 0 0 1 28.428
0 0 0 0 0 55.044
0 0 0 0 1 57.4838
0 0 0 0 0 45.1002
0 0 0 0 1 43.412
0 0 0 0 1 42.4465
0 0 0 0 1 42.1379
0 0 0 0 1 41.7949
0 0 0 0 1 41.4502
0 0 0 0 0 41.0328
0 0 0 0 0 41.7355
0 0 0 0 1 41.3191
0 0 0 0 1 41.7755
0 0 0 0 1 21.1214
0 0 0 0 1 21.3938
0 0 0 0 1 21.2841
0 0 0 0 0 21.4725
0 0 0 0 1 21.1723
0 0 0 0 1 21.2975
0 0 0 0 1 21.0407
0 0 0 0 0 21.3794
0 0 0 0 1 21.0596
0 0 0 0 1 21.2077
0 0 0 0 1 21.1863
0 0 0 0 1 21.2077
0 0 0 0 1 21.0596
0 0 0 0 1 21.4006
0 0 0 0 1 21.1682
0 0 0 0 1 21.0849
0 0 0 0 0 21.47
0 0 0 0 1 21.1962
0 0 0 0 0 21.2416
0 0 0 0 1 21.4151
0 0 0 0 1 21.1214
0 0 0 0 1 21.3596
0 0 0 0 0 4.98996
0 0 0 0 0 5.05509
0 0 0 0 0 4.9599
0 0 0 0 0 4.99497
0 0 0 0 0 5.0601
0 0 0 0 1 100.483
0 0 0 0 0 93.4118
0 0 0 0 1 89.5842
0 0 0 0 1 85.107
0 0 0 0 1 81.556
0 0 0 0 1 77.6948
0 0 0 0 1 73.7371
0 0 0 0 1 70.1202
0 0 0 0 0 67.2538
0 0 0 0 1 65.5253
0 0 0 0 1 62.6009
0 0 0 0 0 60.2569
0 0 0 0 0 58.3049
0 0 0 0 1 56.6073
0 0 0 0 0 54.7854
0 0 0 0 1 53.5183
0 0 0 0 1 51.6456
0 0 0 0 1 50.1388
0 0 0 0 1 48.3331
0 0 0 0 1 47.1393
0 0 0 0 0 45.6393
0 0 0 0 1 45.1272
0 0 0 0 0 44.0192
0 0 0 0 1 42.6713
0 0 0 0 1 41.6137
0 0 0 0 1 40.9131
0 0 0 0 1 39.2978
0 0 0 0 1 38.6545
0 0 0 0 1 38.2106
0 0 0 0 1 37.4274
0 0 0 0 1 36.574
0 0 0 0 1 35.9219
0 0 0 0 0 34.6531
0 0 0 0 1 34.4079
0 0 0 0 0 33.7495
0 0 0 0 1 32.6182
0 0 0 0 1 32.4065
0 0 0 0 1 31.9057
0 0 0 0 1 30.9023
0 0 0 0 0 30.5153
0 0 0 0 1 30.2534
0 0 0 0 1 29.303
0 0 0 0 1 29.1427
0 0 0 0 1 28.6962
0 0 0 0 1 27.9312
0 0 0 0 1 27.9337
0 0 0 0 1 27.5237
0 0 0 0 1 26.8816
0 0 0 0 1 26.2754
0 0 0 0 1 26.1968
0 0 0 0 1 25.8465
0 0 0 0 1 25.1261
0 0 0 0 1 24.8997
0 0 0 0 0 24.5718
0 0 0 0 1 24.19
0 0 0 0 1 23.6998
0 0 0 0 0 23.6633
0 0 0 0 1 23.4755
0 0 0 0 1 22.8344
0 0 0 0 1 22.7384
0 0 0 0 1 22.5668
0 0 0 0 1 22.1902
0 0 0 0 1 21.776
0 0 0 0 1 21.5233
0 0 0 0 1 21.1762
0 0 0 0 1 20.9135
0 0 0 0 1 20.944
0 0 0 0 1 20.494
0 0 0 0 1 20.4349
0 0 0 0 1 20.2221
0 0 0 0 1 19.9479
0 0 0 0 1 19.5871
0 0 0 0 1 19.5803
0 0 0 0 0 19.3865
0 0 0 0 0 19.2593
0 0 0 0 1 19.1212
0 0 0 0 1 18.9261
0 0 0 0 1 18.518
0 0 0 0 0 18.2709
0 0 0 0 0 18.3162
0 0 0 0 1 18.0515
0 0 0 0 1 18.0116
0 0 0 0 1 17.5989
0 0 0 0 1 17.3487
0 0 0 0 1 17.3779
0 0 0 0 1 17.026
0 0 0 0 1 17.0443
0 0 0 0 1 17.0093
0 0 0 0 1 16.8721
0 0 0 0 0 16.7274
0 0 0 0 1 16.3694
0 0 0 0 1 16.2435
0 0 0 0 0 16.2307
0 0 0 0 1 16.1859
0 0 0 0 1 15.7496
0 0 0 0 1 15.893
0 0 0 0 1 15.7929
0 0 0 0 1 15.4115
0 0 0 0 0 15.3354
0 0 0 0 1 15.1826
0 0 0 0 1 15.2816
0 0 0 0 1 15.0383
0 0 0 0 1 14.7674
0 0 0 0 1 14.8566
0 0 0 0 0 14.7143
0 0 0 0 1 14.6894
0 0 0 0 1 14.4261
0 0 0 0 1 14.2659
0 0 0 0 1 14.2066
0 0 0 0 1 14.0479
0 0 0 0 1 14.1995
0 0 0 0 0 13.9794
0 0 0 0 1 13.8777
0 0 0 0 1 13.8122
0 0 0 0 1 13.5741
0 0 0 0 1 13.6537
0 0 0 0 1 13.5475
0 0 0 0 1 13.5089
0 0 0 0 1 13.2568
0 0 0 0 1 13.1212
0 0 0 0 1 13.1705
0 0 0 0 1 13.153
0 0 0 0 1 12.9663
0 0 0 0 0 12.8456
0 0 0 0 0 12.7979
0 0 0 0 1 12.6272
0 0 0 0 1 12.7619
0 0 0 0 1 12.5121
0 0 0 0 1 12.5193
0 0 0 0 1 12.3801
0 0 0 0 1 12.4319
0 0 0 0 0 12.3883
0 0 0 0 1 12.1205
0 0 0 0 0 12.1831
0 0 0 0 1 11.9624
0 0 0 0 1 11.9239
0 0 0 0 1 11.8536
0 0 0 0 1 11.9102
0 0 0 0 0 11.8752
0 0 0 0 0 11.8713
0 0 0 0 0 11.7852
0 0 0 0 1 11.5484
0 0 0 0 1 11.5797
0 0 0 0 1 11.3916
0 0 0 0 0 11.5256
0 0 0 0 1 11.2707
0 0 0 0 1 11.3087
0 0 0 0 1 11.301
0 0 0 0 1 11.263
0 0 0 0 1 11.132
0 0 0 0 1 11.2056
0 0 0 0 0 11.0646
0 0 0 0 0 10.9136
0 0 0 0 0 10.9608
0 0 0 0 0 10.9528
0 0 0 0 1 10.7493
0 0 0 0 1 10.7418
0 0 0 0 1 10.8523
0 0 0 0 0 10.5979
0 0 0 0 1 10.5798
0 0 0 0 1 10.6608
0 0 0 0 1 10.6527
0 0 0 0 1 10.4132
0 0 0 0 1 10.4058
0 0 0 0 0 10.3428
0 0 0 0 1 10.2836
0 0 0 0 1 10.2626
0 0 0 0 1 10.3547
0 0 0 0 0 10.1797
0 0 0 0 1 10.2507
0 0 0 0 1 10.2092
0 0 0 0 1 10.1881
0 0 0 0 1 10.0495
0 0 0 0 1 9.95878
0 0 0 0 1 9.99851
0 0 0 0 1 9.86867
0 0 0 0 1 9.98425
0 0 0 0 0 9.82557
0 0 0 0 1 9.8517
0 0 0 0 1 9.82194
0 0 0 0 1 9.69468
0 0 0 0 1 9.71419
0 0 0 0 0 9.71087
0 0 0 0 1 9.73966
0 0 0 0 1 9.63993
0 0 0 0 1 9.52163
0 0 0 0 1 9.51243
0 0 0 0 1 9.49048
0 0 0 0 0 9.57615
0 0 0 0 1 9.42174
0 0 0 0 1 9.34366
0 0 0 0 0 9.2881
0 0 0 0 1 9.41666
0 0 0 0 0 9.40453
0 0 0 0 1 9.26844
0 0 0 0 1 9.20449
0 0 0 0 1 9.27616
0 0 0 0 0 9.27374
0 0 0 0 1 9.19795
0 0 0 0 1 9.22319
0 0 0 0 0 9.10247
0 0 0 0 1 9.10059
0 0 0 0 1 9.03535
0 0 0 0 1 8.98856
0 0 0 0 0 8.96575
0 0 0 0 0 9.06304
0 0 0 0 1 8.99543
0 0 0 0 1 8.94041
0 0 0 0 0 8.97469
0 0 0 0 1 8.81371
0 0 0 0 1 8.78634
0 0 0 0 1 8.87922
0 0 0 0 1 8.72879
0 0 0 0 1 8.68447
0 0 0 0 1 8.82598
0 0 0 0 1 8.66828
0 0 0 0 1 8.68204
0 0 0 0 1 8.69051
0 0 0 0 1 8.64364
0 0 0 0 1 8.68677
0 0 0 0 1 8.5714
0 0 0 0 0 8.49451
0 0 0 0 1 8.61141
0 0 0 0 1 8.59467
0 0 0 0 0 8.55756
0 0 0 0 1 8.41024
0 0 0 0 1 8.46705
0 0 0 0 1 8.46447
0 0 0 0 0 8.50414
0 0 0 0 1 8.46312
0 0 0 0 1 8.35163
0 0 0 0 1 8.34958
0 0 0 0 0 8.41445
0 0 0 0 1 8.38739
0 0 0 0 1 8.34759
0 0 0 0 1 8.34586
0 0 0 0 1 8.36076
0 0 0 0 1 8.28104
0 0 0 0 1 8.1972
0 0 0 0 1 8.29484
0 0 0 0 1 8.26897
0 0 0 0 1 8.13677
0 0 0 0 1 8.11969
0 0 0 0 1 8.1762
0 0 0 0 1 8.15929
0 0 0 0 1 8.10191
0 0 0 0 1 8.1665
0 0 0 0 1 8.08524
0 0 0 0 1 7.99634
0 0 0 0 1 8.07717
0 0 0 0 1 8.00887
0 0 0 0 0 8.00924
0 0 0 0 1 8.00171
0 0 0 0 1 8.02632
0 0 0 0 1 7.96309
0 0 0 0 0 7.95977
0 0 0 0 1 8.00056
0 0 0 0 1 7.97776
0 0 0 0 0 8.00274
0 0 0 0 1 7.87734
0 0 0 0 1 7.94574
0 0 0 0 1 7.94733
0 0 0 0 1 7.81511
0 0 0 0 1 7.82058
0 0 0 0 1 7.82611
0 0 0 0 1 7.78129
0 0 0 0 0 7.82289
0 0 0 0 1 7.86449
0 0 0 0 1 7.82346
0 0 0 0 0 7.71708
0 0 0 0 1 7.7357
0 0 0 0 1 7.71863
0 0 0 0 1 7.75297
0 0 0 0 1 7.78263
