0 0 0 0 1 5.17653
0 0 0 0 1 5.23466
0 0 0 0 0 5.2022
0 0 0 0 1 5.2032
0 0 0 0 0 5.24929
0 0 0 0 1 5.25573
0 0 0 0 1 5.25174
0 0 0 0 1 5.28789
0 0 0 0 1 5.31563
0 0 0 0 1 5.26446
0 0 0 0 0 5.28521
0 0 0 0 1 5.31674
0 0 0 0 1 5.31847
0 0 0 0 1 5.33086
0 0 0 0 0 5.33099
0 0 0 0 1 5.33823
0 0 0 0 1 5.29588
0 0 0 0 1 5.35662
0 0 0 0 1 5.33039
0 0 0 0 0 5.30574
0 0 0 0 1 5.34392
0 0 0 0 1 5.39999
0 0 0 0 1 5.34164
0 0 0 0 1 5.35875
0 0 0 0 1 5.43697
0 0 0 0 1 5.4396
0 0 0 0 1 5.44636
0 0 0 0 1 5.42058
0 0 0 0 1 5.46568
0 0 0 0 1 5.41942
0 0 0 0 0 5.46481
0 0 0 0 0 5.49403
0 0 0 0 1 5.44766
0 0 0 0 1 5.56085
0 0 0 0 0 5.51336
0 0 0 0 1 5.58742
0 0 0 0 1 5.57318
0 0 0 0 1 5.58775
0 0 0 0 1 5.52344
0 0 0 0 1 5.6375
0 0 0 0 1 5.54057
0 0 0 0 1 5.59358
0 0 0 0 1 5.59635
0 0 0 0 1 5.58792
0 0 0 0 1 5.58607
0 0 0 0 1 5.6908
0 0 0 0 0 5.65349
0 0 0 0 1 5.72006
0 0 0 0 1 5.72348
0 0 0 0 1 5.70981
0 0 0 0 0 5.67318
0 0 0 0 1 5.75775
0 0 0 0 1 5.73773
0 0 0 0 1 5.79919
0 0 0 0 1 5.83785
0 0 0 0 0 5.77866
0 0 0 0 0 5.84658
0 0 0 0 1 5.87352
0 0 0 0 0 5.79643
0 0 0 0 1 5.91781
0 0 0 0 1 5.86881
0 0 0 0 1 5.90316
0 0 0 0 1 5.87215
0 0 0 0 1 5.99477
0 0 0 0 1 5.9579
0 0 0 0 1 5.9089
0 0 0 0 1 6.02722
0 0 0 0 1 5.95373
0 0 0 0 1 5.96494
0 0 0 0 0 6.0902
0 0 0 0 0 6.0954
0 0 0 0 1 6.08848
0 0 0 0 1 6.12417
0 0 0 0 1 6.12314
0 0 0 0 1 6.18391
0 0 0 0 0 6.1954
0 0 0 0 1 6.20079
0 0 0 0 1 6.21277
0 0 0 0 1 6.19338
0 0 0 0 1 6.26113
0 0 0 0 1 6.23565
0 0 0 0 1 6.32292
0 0 0 0 1 6.28471
0 0 0 0 1 6.3032
0 0 0 0 1 6.33433
0 0 0 0 1 6.40386
0 0 0 0 1 6.33982
0 0 0 0 1 6.44182
0 0 0 0 0 6.4931
0 0 0 0 1 6.40916
0 0 0 0 1 6.42169
0 0 0 0 1 6.55785
0 0 0 0 0 6.49265
0 0 0 0 1 6.59064
0 0 0 0 1 6.55783
0 0 0 0 1 6.63027
0 0 0 0 1 6.67014
0 0 0 0 1 6.65695
0 0 0 0 1 6.69037
0 0 0 0 1 6.73738
0 0 0 0 1 6.75776
0 0 0 0 1 6.75118
0 0 0 0 0 6.73767
0 0 0 0 1 6.88065
0 0 0 0 1 6.83317
0 0 0 0 1 6.81267
0 0 0 0 1 6.90919
0 0 0 0 1 6.90242
0 0 0 0 1 6.99295
0 0 0 0 1 6.96531
0 0 0 0 1 7.08464
0 0 0 0 0 7.10634
0 0 0 0 0 7.11382
0 0 0 0 1 7.09995
0 0 0 0 1 7.13577
0 0 0 0 1 7.15026
0 0 0 0 0 7.15028
0 0 0 0 1 7.1936
0 0 0 0 1 7.2226
0 0 0 0 0 7.35403
0 0 0 0 1 7.31758
0 0 0 0 1 7.41341
0 0 0 0 0 7.42103
0 0 0 0 1 7.50301
0 0 0 0 1 7.56312
0 0 0 0 0 7.53329
0 0 0 0 1 7.53319
0 0 0 0 0 7.60886
0 0 0 0 1 7.71561
0 0 0 0 1 7.7157
0 0 0 0 1 7.78499
0 0 0 0 1 7.76937
0 0 0 0 1 7.83913
0 0 0 0 1 7.87007
0 0 0 0 0 7.83802
0 0 0 0 0 7.92414
0 0 0 0 1 8.00303
0 0 0 0 1 8.01019
0 0 0 0 1 8.10589
0 0 0 0 1 8.16976
0 0 0 0 0 8.07908
0 0 0 0 0 8.13485
0 0 0 0 0 8.23152
0 0 0 0 0 8.33774
0 0 0 0 1 8.31082
0 0 0 0 1 8.35056
0 0 0 0 1 8.50009
0 0 0 0 0 8.52323
0 0 0 0 1 8.52089
0 0 0 0 1 8.57827
0 0 0 0 0 8.5662
0 0 0 0 1 8.64105
0 0 0 0 1 8.81258
0 0 0 0 1 8.90553
0 0 0 0 0 8.81382
0 0 0 0 1 8.90728
0 0 0 0 1 8.91982
0 0 0 0 1 9.04117
0 0 0 0 1 9.09974
0 0 0 0 1 9.25932
0 0 0 0 0 9.14268
0 0 0 0 0 9.26627
0 0 0 0 1 9.35254
0 0 0 0 1 9.47787
0 0 0 0 1 9.47898
0 0 0 0 1 9.64283
0 0 0 0 1 9.61552
0 0 0 0 1 9.79079
0 0 0 0 1 9.78208
0 0 0 0 0 9.83026
0 0 0 0 1 9.95883
0 0 0 0 1 10.0472
0 0 0 0 1 10.0452
0 0 0 0 0 10.2554
0 0 0 0 1 10.2734
0 0 0 0 1 10.2082
0 0 0 0 0 10.2864
0 0 0 0 1 10.4364
0 0 0 0 1 10.5788
0 0 0 0 1 10.5502
0 0 0 0 0 10.799
0 0 0 0 1 10.7998
0 0 0 0 1 10.8339
0 0 0 0 1 11.0855
0 0 0 0 1 11.0066
0 0 0 0 1 11.2387
0 0 0 0 1 11.2585
0 0 0 0 0 11.4939
0 0 0 0 1 11.4992
0 0 0 0 1 11.7004
0 0 0 0 1 11.7068
0 0 0 0 1 11.7297
0 0 0 0 0 11.9692
0 0 0 0 1 12.1723
0 0 0 0 0 12.1455
0 0 0 0 1 12.4117
0 0 0 0 1 12.4663
0 0 0 0 0 12.5105
0 0 0 0 1 12.8164
0 0 0 0 1 12.8954
0 0 0 0 0 12.944
0 0 0 0 0 13.2004
0 0 0 0 1 13.3008
0 0 0 0 1 13.3295
0 0 0 0 0 13.4777
0 0 0 0 1 13.7082
0 0 0 0 1 13.7148
0 0 0 0 0 14.0262
0 0 0 0 1 14.0724
0 0 0 0 1 14.4263
0 0 0 0 1 14.3501
0 0 0 0 0 14.7031
0 0 0 0 1 14.7581
0 0 0 0 0 15.0714
0 0 0 0 1 15.3217
0 0 0 0 1 15.3056
0 0 0 0 1 15.7374
0 0 0 0 1 15.669
0 0 0 0 1 15.9496
0 0 0 0 1 16.1997
0 0 0 0 1 16.5664
0 0 0 0 1 16.6055
0 0 0 0 1 16.9953
0 0 0 0 1 14.4949
0 0 0 0 0 14.4897
0 0 0 0 0 14.6336
0 0 0 0 1 14.4391
0 0 0 0 1 14.7115
0 0 0 0 0 14.4187
0 0 0 0 1 14.5166
0 0 0 0 0 14.4283
0 0 0 0 1 14.367
0 0 0 0 0 14.6101
0 0 0 0 0 14.4939
0 0 0 0 1 14.4792
0 0 0 0 1 14.4768
0 0 0 0 1 14.3017
0 0 0 0 0 14.2735
0 0 0 0 1 14.3032
0 0 0 0 1 14.2733
0 0 0 0 1 14.5044
0 0 0 0 1 14.3745
0 0 0 0 1 14.2329
0 0 0 0 1 14.3925
0 0 0 0 1 14.2495
0 0 0 0 1 14.2091
0 0 0 0 1 14.3671
0 0 0 0 1 14.2986
0 0 0 0 1 14.1592
0 0 0 0 0 14.2055
0 0 0 0 1 14.3498
0 0 0 0 1 14.2825
0 0 0 0 1 14.2298
0 0 0 0 1 14.19
0 0 0 0 0 14.4435
0 0 0 0 1 14.7034
0 0 0 0 1 15.0759
0 0 0 0 1 15.8091
0 0 0 0 1 16.0085
0 0 0 0 0 16.6194
0 0 0 0 1 17.3282
0 0 0 0 1 17.874
0 0 0 0 1 40.8263
0 0 0 0 0 42.5001
0 0 0 0 1 43.4754
0 0 0 0 1 45.6121
0 0 0 0 1 47.3628
0 0 0 0 1 49.8156
0 0 0 0 1 42.0829
0 0 0 0 1 41.8547
0 0 0 0 0 42.2183
0 0 0 0 1 42.4565
0 0 0 0 1 42.0188
0 0 0 0 1 42.6384
0 0 0 0 1 42.3291
0 0 0 0 1 42.1482
0 0 0 0 1 41.7988
0 0 0 0 0 42.4208
0 0 0 0 1 42.5795
0 0 0 0 1 45.5699
0 0 0 0 0 5.01501
0 0 0 0 0 5.01501
0 0 0 0 0 5.05509
0 0 0 0 0 5.04507
0 0 0 0 1 35.0703
0 0 0 0 1 35.3842
0 0 0 0 1 35.5224
0 0 0 0 1 35.3083
0 0 0 0 1 34.9892
0 0 0 0 1 35.1645
0 0 0 0 1 35.1995
0 0 0 0 1 35.3761
0 0 0 0 1 35.1655
0 0 0 0 1 34.9203
0 0 0 0 0 35.3105
0 0 0 0 1 35.2431
0 0 0 0 1 35.035
0 0 0 0 0 4.9599
0 0 0 0 0 4.99497
0 0 0 0 0 5.0601
0 0 0 0 0 4.97493
0 0 0 0 0 4.98996
0 0 0 0 0 5.04006
0 0 0 0 0 4.9599
0 0 0 0 0 4.9599
0 0 0 0 0 5.04006
0 0 0 0 1 96.3922
0 0 0 0 1 90.6877
0 0 0 0 1 84.7353
0 0 0 0 1 80.4009
0 0 0 0 1 23.4549
0 0 0 0 1 22.1188
0 0 0 0 1 21.1365
0 0 0 0 0 20.3433
0 0 0 0 1 20.0091
0 0 0 0 0 20.3005
0 0 0 0 1 20.3106
0 0 0 0 1 20.2203
0 0 0 0 0 20.2702
0 0 0 0 0 20.241
0 0 0 0 1 20.1314
0 0 0 0 1 20.1029
0 0 0 0 1 20.0343
0 0 0 0 1 20.0873
0 0 0 0 1 20.2218
0 0 0 0 0 20.3973
0 0 0 0 1 20.391
0 0 0 0 1 20.446
0 0 0 0 1 20.4404
0 0 0 0 1 20.3743
0 0 0 0 1 20.4305
0 0 0 0 1 20.4649
0 0 0 0 1 20.2591
0 0 0 0 0 20.2552
0 0 0 0 1 20.2517
0 0 0 0 0 34.6508
0 0 0 0 1 34.3219
0 0 0 0 1 33.2358
0 0 0 0 1 32.9248
0 0 0 0 0 32.3964
0 0 0 0 1 31.7886
0 0 0 0 1 30.8384
0 0 0 0 1 30.1946
0 0 0 0 1 29.9005
0 0 0 0 1 29.0436
0 0 0 0 1 28.8202
0 0 0 0 1 28.4274
0 0 0 0 1 27.9396
0 0 0 0 1 27.0895
0 0 0 0 1 26.7457
0 0 0 0 1 26.6726
0 0 0 0 1 26.2013
0 0 0 0 0 25.6299
0 0 0 0 0 25.2755
0 0 0 0 1 24.7314
0 0 0 0 0 24.4411
0 0 0 0 1 24.2456
0 0 0 0 1 23.566
0 0 0 0 0 23.4913
0 0 0 0 0 23.2943
0 0 0 0 1 22.726
0 0 0 0 1 22.5468
0 0 0 0 1 22.1967
0 0 0 0 0 21.7704
0 0 0 0 1 21.4868
0 0 0 0 1 21.3085
0 0 0 0 1 21.0975
0 0 0 0 0 20.7493
0 0 0 0 0 20.751
0 0 0 0 1 20.3115
0 0 0 0 1 20.2271
0 0 0 0 0 19.7524
0 0 0 0 1 19.4404
0 0 0 0 1 19.4883
0 0 0 0 1 19.0329
0 0 0 0 1 18.9518
0 0 0 0 1 18.6904
0 0 0 0 1 18.338
0 0 0 0 1 18.337
0 0 0 0 1 18.1782
0 0 0 0 1 17.9653
0 0 0 0 1 17.6034
0 0 0 0 1 17.4687
0 0 0 0 0 17.3646
0 0 0 0 1 17.3628
0 0 0 0 1 16.8803
0 0 0 0 0 17.0459
0 0 0 0 1 16.8055
0 0 0 0 0 16.3923
0 0 0 0 1 16.4197
0 0 0 0 0 16.3953
0 0 0 0 1 16.0307
0 0 0 0 1 15.807
0 0 0 0 1 15.9485
0 0 0 0 1 15.5683
0 0 0 0 1 15.6272
0 0 0 0 1 15.3623
0 0 0 0 1 15.2043
0 0 0 0 0 15.2764
0 0 0 0 0 15.1115
0 0 0 0 0 14.9505
0 0 0 0 1 14.6045
0 0 0 0 1 14.751
0 0 0 0 1 14.6152
0 0 0 0 0 14.3472
0 0 0 0 1 14.162
0 0 0 0 1 14.2703
0 0 0 0 1 14.108
0 0 0 0 1 13.9106
0 0 0 0 1 13.8811
0 0 0 0 1 13.7219
0 0 0 0 0 13.7634
0 0 0 0 1 13.4693
0 0 0 0 1 13.3214
0 0 0 0 0 13.2861
0 0 0 0 0 13.3382
0 0 0 0 0 13.2437
0 0 0 0 1 13.0187
0 0 0 0 1 13.0295
0 0 0 0 1 12.9488
0 0 0 0 1 12.7743
0 0 0 0 1 12.7453
0 0 0 0 1 12.5979
0 0 0 0 1 12.5896
0 0 0 0 1 12.4683
0 0 0 0 1 12.2736
0 0 0 0 0 12.3347
0 0 0 0 1 12.1173
0 0 0 0 1 12.2014
0 0 0 0 1 12.0184
0 0 0 0 1 12.0647
0 0 0 0 1 11.9548
0 0 0 0 1 11.739
0 0 0 0 1 11.8078
0 0 0 0 0 11.7346
0 0 0 0 1 11.5221
0 0 0 0 0 11.5854
0 0 0 0 1 11.4061
0 0 0 0 0 11.3232
0 0 0 0 1 11.4758
0 0 0 0 1 11.3245
0 0 0 0 1 11.3363
0 0 0 0 1 11.2725
0 0 0 0 1 11.1868
0 0 0 0 1 11.0683
0 0 0 0 1 11.0826
0 0 0 0 0 10.8527
0 0 0 0 1 10.8966
0 0 0 0 1 10.7728
0 0 0 0 1 10.8373
0 0 0 0 1 10.808
0 0 0 0 0 10.6154
0 0 0 0 1 10.4986
0 0 0 0 1 10.5304
0 0 0 0 1 10.5405
0 0 0 0 1 10.404
0 0 0 0 1 10.3516
0 0 0 0 1 10.3925
0 0 0 0 1 10.3579
0 0 0 0 0 10.3466
0 0 0 0 1 10.2332
0 0 0 0 0 10.1206
0 0 0 0 0 10.1776
0 0 0 0 1 10.0932
0 0 0 0 1 9.90208
0 0 0 0 0 10.0582
0 0 0 0 1 9.87568
0 0 0 0 1 9.84261
0 0 0 0 1 9.78997
0 0 0 0 1 9.82831
0 0 0 0 1 9.72713
0 0 0 0 1 9.6848
0 0 0 0 1 9.71023
0 0 0 0 1 9.55961
0 0 0 0 1 9.64252
0 0 0 0 1 9.55292
0 0 0 0 1 9.40699
0 0 0 0 1 9.38237
0 0 0 0 1 9.3228
0 0 0 0 0 9.30109
0 0 0 0 1 9.41013
0 0 0 0 1 9.32032
0 0 0 0 1 9.21514
0 0 0 0 0 9.27419
0 0 0 0 1 9.13963
0 0 0 0 1 9.24416
0 0 0 0 1 9.03098
0 0 0 0 1 9.1258
0 0 0 0 1 9.11119
0 0 0 0 1 8.98831
0 0 0 0 1 9.05508
0 0 0 0 1 8.96257
0 0 0 0 1 8.96631
0 0 0 0 1 8.90773
0 0 0 0 1 8.82294
0 0 0 0 1 8.74752
0 0 0 0 1 8.76934
0 0 0 0 1 8.8498
0 0 0 0 1 8.67264
0 0 0 0 0 8.76145
0 0 0 0 1 8.73937
0 0 0 0 1 8.61103
0 0 0 0 1 8.54909
0 0 0 0 1 8.56822
0 0 0 0 1 8.61552
0 0 0 0 1 8.58308
0 0 0 0 1 8.52787
0 0 0 0 1 8.5324
0 0 0 0 1 8.52584
0 0 0 0 1 8.37019
0 0 0 0 1 8.38933
0 0 0 0 1 8.36914
0 0 0 0 1 8.38818
0 0 0 0 1 8.3238
0 0 0 0 1 8.33725
0 0 0 0 1 8.26513
0 0 0 0 0 8.27048
0 0 0 0 1 8.19901
0 0 0 0 1 8.13615
0 0 0 0 0 8.1174
0 0 0 0 1 8.14496
0 0 0 0 1 8.06658
0 0 0 0 1 8.19159
0 0 0 0 1 8.10546
0 0 0 0 1 8.10912
0 0 0 0 0 7.99949
0 0 0 0 1 8.12373
0 0 0 0 1 7.95053
0 0 0 0 1 7.97831
0 0 0 0 1 8.06186
0 0 0 0 1 7.89326
0 0 0 0 1 7.91813
0 0 0 0 1 7.84291
0 0 0 0 1 7.85505
0 0 0 0 0 7.82778
0 0 0 0 0 7.87146
0 0 0 0 1 7.7738
0 0 0 0 1 7.7784
0 0 0 0 1 7.75183
0 0 0 0 0 7.78462
0 0 0 0 1 7.79713
0 0 0 0 0 7.82054
0 0 0 0 1 7.66745
0 0 0 0 1 7.67266
0 0 0 0 1 7.68238
0 0 0 0 1 7.6646
0 0 0 0 1 7.66234
0 0 0 0 1 7.70281
0 0 0 0 0 7.67771
0 0 0 0 1 7.65281
0 0 0 0 0 7.62475
0 0 0 0 1 7.60783
0 0 0 0 1 7.5835
0 0 0 0 1 7.57862
0 0 0 0 1 7.55463
0 0 0 0 0 7.4932
0 0 0 0 1 7.45112
0 0 0 0 1 7.46535
0 0 0 0 0 7.41974
0 0 0 0 1 7.41563
0 0 0 0 1 7.52715
0 0 0 0 1 7.47454
0 0 0 0 1 7.48183
0 0 0 0 1 7.39255
0 0 0 0 1 7.37043
0 0 0 0 1 7.41869
0 0 0 0 1 7.41157
0 0 0 0 1 7.38607
0 0 0 0 0 7.40488
0 0 0 0 0 7.36878
0 0 0 0 1 7.35495
0 0 0 0 0 7.30415
0 0 0 0 1 7.37845
0 0 0 0 1 7.31393
0 0 0 0 1 7.36237
0 0 0 0 1 7.28702
0 0 0 0 1 7.24512
0 0 0 0 0 7.20664
0 0 0 0 1 7.29881
0 0 0 0 1 7.30088
0 0 0 0 0 7.29892
