0 0 0 0 0 5.21816
0 0 0 0 1 5.25029
0 0 0 0 1 5.26481
0 0 0 0 1 5.20843
0 0 0 0 1 5.26499
0 0 0 0 1 5.25049
0 0 0 0 1 5.23075
0 0 0 0 1 5.23532
0 0 0 0 1 5.25774
0 0 0 0 1 5.2223
0 0 0 0 0 5.24825
0 0 0 0 1 5.29558
0 0 0 0 1 5.32907
0 0 0 0 1 5.35208
0 0 0 0 1 5.30441
0 0 0 0 0 5.29565
0 0 0 0 1 5.32255
0 0 0 0 1 5.36196
0 0 0 0 1 5.40531
0 0 0 0 1 5.39149
0 0 0 0 1 5.403
0 0 0 0 1 5.38923
0 0 0 0 1 5.3632
0 0 0 0 0 5.38576
0 0 0 0 1 5.43156
0 0 0 0 1 5.42877
0 0 0 0 1 5.39749
0 0 0 0 0 5.4097
0 0 0 0 1 5.4875
0 0 0 0 1 5.41942
0 0 0 0 1 5.47029
0 0 0 0 0 5.51599
0 0 0 0 0 5.54111
0 0 0 0 0 5.56085
0 0 0 0 1 5.52991
0 0 0 0 1 5.5155
0 0 0 0 1 5.57318
0 0 0 0 1 5.50999
0 0 0 0 0 5.57356
0 0 0 0 1 5.59843
0 0 0 0 1 5.60207
0 0 0 0 0 5.63282
0 0 0 0 0 5.59635
0 0 0 0 1 5.62172
0 0 0 0 1 5.65942
0 0 0 0 0 5.68514
0 0 0 0 0 5.66484
0 0 0 0 1 5.74281
0 0 0 0 1 5.75768
0 0 0 0 0 5.73267
0 0 0 0 0 5.7706
0 0 0 0 1 5.77497
0 0 0 0 1 5.72045
0 0 0 0 1 5.71833
0 0 0 0 1 5.77415
0 0 0 0 1 5.76126
0 0 0 0 0 5.86403
0 0 0 0 1 5.85017
0 0 0 0 1 5.83737
0 0 0 0 1 5.90021
0 0 0 0 1 5.90413
0 0 0 0 1 5.87367
0 0 0 0 1 5.85441
0 0 0 0 1 5.91168
0 0 0 0 1 5.93409
0 0 0 0 1 5.97455
0 0 0 0 0 5.96138
0 0 0 0 1 6.03183
0 0 0 0 1 6.01309
0 0 0 0 1 6.01165
0 0 0 0 1 6.04087
0 0 0 0 1 6.08848
0 0 0 0 1 6.08151
0 0 0 0 1 6.09867
0 0 0 0 1 6.12262
0 0 0 0 1 6.10311
0 0 0 0 1 6.21314
0 0 0 0 1 6.12614
0 0 0 0 1 6.20581
0 0 0 0 1 6.24242
0 0 0 0 1 6.3107
0 0 0 0 0 6.32919
0 0 0 0 1 6.26581
0 0 0 0 0 6.29688
0 0 0 0 0 6.3914
0 0 0 0 1 6.3593
0 0 0 0 1 6.3909
0 0 0 0 1 6.44182
0 0 0 0 1 6.4738
0 0 0 0 1 6.48661
0 0 0 0 0 6.42169
0 0 0 0 1 6.47986
0 0 0 0 1 6.47307
0 0 0 0 1 6.52513
0 0 0 0 1 6.62354
0 0 0 0 1 6.61047
0 0 0 0 1 6.6834
0 0 0 0 1 6.7168
0 0 0 0 0 6.6236
0 0 0 0 1 6.74408
0 0 0 0 0 6.79814
0 0 0 0 1 6.76469
0 0 0 0 1 6.76481
0 0 0 0 1 6.77846
0 0 0 0 1 6.88105
0 0 0 0 1 6.88135
0 0 0 0 1 6.87468
0 0 0 0 1 6.96472
0 0 0 0 0 6.88858
0 0 0 0 1 6.93038
0 0 0 0 1 7.08464
0 0 0 0 1 7.08519
0 0 0 0 0 7.09966
0 0 0 0 1 7.12841
0 0 0 0 1 7.1572
0 0 0 0 1 7.15026
0 0 0 0 1 7.14308
0 0 0 0 1 7.30951
0 0 0 0 1 7.2226
0 0 0 0 0 7.23706
0 0 0 0 0 7.36162
0 0 0 0 1 7.43554
0 0 0 0 0 7.45068
0 0 0 0 1 7.4732
0 0 0 0 0 7.42084
0 0 0 0 1 7.5935
0 0 0 0 1 7.60126
0 0 0 0 1 7.52525
0 0 0 0 1 7.57047
0 0 0 0 1 7.69267
0 0 0 0 1 7.66154
0 0 0 0 1 7.78489
0 0 0 0 1 7.83133
0 0 0 0 0 7.76806
0 0 0 0 1 7.81437
0 0 0 0 1 7.86861
0 0 0 0 1 8.02695
0 0 0 0 0 8.00217
0 0 0 0 0 7.99309
0 0 0 0 1 8.15355
0 0 0 0 1 8.20952
0 0 0 0 1 8.22496
0 0 0 0 1 8.19028
0 0 0 0 1 8.35432
0 0 0 0 1 8.2691
0 0 0 0 1 8.4177
0 0 0 0 1 8.46632
0 0 0 0 1 8.48075
0 0 0 0 1 8.60636
0 0 0 0 0 8.56108
0 0 0 0 1 8.60946
0 0 0 0 1 8.66715
0 0 0 0 1 8.68132
0 0 0 0 1 8.85262
0 0 0 0 0 8.84042
0 0 0 0 0 8.86266
0 0 0 0 1 8.9378
0 0 0 0 1 9.05927
0 0 0 0 1 9.19083
0 0 0 0 1 9.20431
0 0 0 0 1 9.30891
0 0 0 0 1 9.30344
0 0 0 0 1 9.34318
0 0 0 0 1 9.49671
0 0 0 0 1 9.43149
0 0 0 0 1 9.48976
0 0 0 0 1 9.65406
0 0 0 0 1 9.65495
0 0 0 0 0 9.67458
0 0 0 0 1 9.90906
0 0 0 0 1 9.8398
0 0 0 0 1 10.0672
0 0 0 0 1 10.0351
0 0 0 0 1 10.2148
0 0 0 0 1 10.2837
0 0 0 0 0 10.2494
0 0 0 0 0 10.4423
0 0 0 0 1 10.5307
0 0 0 0 1 10.4837
0 0 0 0 0 10.7099
0 0 0 0 1 10.842
0 0 0 0 1 10.8865
0 0 0 0 1 10.9431
0 0 0 0 1 11.0084
0 0 0 0 1 11.0621
0 0 0 0 0 11.3285
0 0 0 0 1 11.4169
0 0 0 0 1 11.3113
0 0 0 0 1 11.4761
0 0 0 0 1 11.6423
0 0 0 0 1 11.6716
0 0 0 0 1 11.8245
0 0 0 0 1 12.0529
0 0 0 0 1 12.0877
0 0 0 0 0 12.1577
0 0 0 0 1 12.4363
0 0 0 0 0 12.5659
0 0 0 0 1 12.6361
0 0 0 0 0 12.6768
0 0 0 0 1 12.7672
0 0 0 0 1 12.9958
0 0 0 0 1 13.004
0 0 0 0 1 13.2214
0 0 0 0 1 13.2626
0 0 0 0 0 13.4235
0 0 0 0 1 13.7629
0 0 0 0 1 13.9224
0 0 0 0 1 13.9282
0 0 0 0 1 14.044
0 0 0 0 1 14.455
0 0 0 0 1 14.3936
0 0 0 0 1 14.6297
0 0 0 0 1 14.7283
0 0 0 0 1 15.0564
0 0 0 0 1 15.1237
0 0 0 0 1 15.4907
0 0 0 0 1 15.6124
0 0 0 0 0 15.7323
0 0 0 0 1 16.0619
0 0 0 0 1 16.3786
0 0 0 0 0 16.6323
0 0 0 0 1 16.8563
0 0 0 0 1 16.8088
0 0 0 0 1 14.6267
0 0 0 0 1 14.5628
0 0 0 0 1 14.546
0 0 0 0 0 14.4537
0 0 0 0 0 14.6095
0 0 0 0 1 14.4187
0 0 0 0 1 14.5166
0 0 0 0 1 14.4864
0 0 0 0 1 14.6134
0 0 0 0 0 14.5377
0 0 0 0 1 14.6096
0 0 0 0 1 14.537
0 0 0 0 1 14.3324
0 0 0 0 1 14.3593
0 0 0 0 1 14.2591
0 0 0 0 0 14.2456
0 0 0 0 0 14.3595
0 0 0 0 0 14.4182
0 0 0 0 1 14.2454
0 0 0 0 1 14.4622
0 0 0 0 0 14.3638
0 0 0 0 1 14.178
0 0 0 0 1 14.2377
0 0 0 0 1 14.2671
0 0 0 0 1 14.2986
0 0 0 0 1 14.1592
0 0 0 0 1 14.234
0 0 0 0 0 14.122
0 0 0 0 1 14.1972
0 0 0 0 1 14.1587
0 0 0 0 0 14.1616
0 0 0 0 1 14.2569
0 0 0 0 0 14.7182
0 0 0 0 1 15.1063
0 0 0 0 1 15.5899
0 0 0 0 1 16.1215
0 0 0 0 1 16.6027
0 0 0 0 1 17.311
0 0 0 0 1 17.963
0 0 0 0 1 40.623
0 0 0 0 1 41.9098
0 0 0 0 1 43.5192
0 0 0 0 0 45.3389
0 0 0 0 0 47.1257
0 0 0 0 1 49.5188
0 0 0 0 1 42.4635
0 0 0 0 1 42.6157
0 0 0 0 1 42.3451
0 0 0 0 1 42.3297
0 0 0 0 0 42.3988
0 0 0 0 0 41.794
0 0 0 0 0 42.6246
0 0 0 0 1 41.9372
0 0 0 0 1 42.1362
0 0 0 0 0 41.8304
0 0 0 0 1 42.2001
0 0 0 0 0 45.5699
0 0 0 0 0 4.99998
0 0 0 0 0 4.9599
0 0 0 0 0 4.9599
0 0 0 0 0 5.05008
0 0 0 0 1 35.3526
0 0 0 0 1 35.349
0 0 0 0 0 34.9227
0 0 0 0 1 35.5552
0 0 0 0 0 35.0597
0 0 0 0 1 35.1998
0 0 0 0 1 35.4816
0 0 0 0 1 35.1292
0 0 0 0 0 35.0597
0 0 0 0 1 34.9203
0 0 0 0 1 35.5575
0 0 0 0 1 35.0667
0 0 0 0 1 35.4231
0 0 0 0 0 4.97994
0 0 0 0 0 4.96992
0 0 0 0 0 4.98996
0 0 0 0 0 5.03505
0 0 0 0 0 4.97493
0 0 0 0 0 5.02002
0 0 0 0 0 4.97493
0 0 0 0 0 4.97493
0 0 0 0 0 5.02002
0 0 0 0 0 95.819
0 0 0 0 1 89.1568
0 0 0 0 1 85.674
0 0 0 0 1 80.8867
0 0 0 0 0 23.1058
0 0 0 0 1 22.3626
0 0 0 0 0 21.0307
0 0 0 0 1 20.323
0 0 0 0 0 20.3311
0 0 0 0 1 20.2401
0 0 0 0 1 20.2703
0 0 0 0 1 20.1396
0 0 0 0 1 20.2299
0 0 0 0 1 20.1199
0 0 0 0 0 20.1314
0 0 0 0 1 20.0019
0 0 0 0 1 20.2567
0 0 0 0 1 20.411
0 0 0 0 1 20.0396
0 0 0 0 1 20.0732
0 0 0 0 1 20.4518
0 0 0 0 1 20.3851
0 0 0 0 1 20.5013
0 0 0 0 1 20.2525
0 0 0 0 1 20.1459
0 0 0 0 1 20.2412
0 0 0 0 0 20.483
0 0 0 0 1 20.5812
0 0 0 0 1 20.2313
0 0 0 0 1 34.7556
0 0 0 0 1 34.2194
0 0 0 0 1 33.604
0 0 0 0 1 32.7606
0 0 0 0 0 32.4286
0 0 0 0 1 31.6309
0 0 0 0 1 31.024
0 0 0 0 1 30.0732
0 0 0 0 1 29.5432
0 0 0 0 0 29.3071
0 0 0 0 0 29.0503
0 0 0 0 1 28.5122
0 0 0 0 1 27.5507
0 0 0 0 0 27.0621
0 0 0 0 1 26.9337
0 0 0 0 1 26.5405
0 0 0 0 1 26.1753
0 0 0 0 1 25.6299
0 0 0 0 1 25.4521
0 0 0 0 1 25.079
0 0 0 0 1 24.3188
0 0 0 0 0 24.0528
0 0 0 0 1 23.5422
0 0 0 0 1 23.3508
0 0 0 0 1 23.0173
0 0 0 0 1 22.6577
0 0 0 0 0 22.3447
0 0 0 0 1 22.1746
0 0 0 0 1 21.6611
0 0 0 0 1 21.7672
0 0 0 0 1 21.1166
0 0 0 0 0 21.1396
0 0 0 0 0 20.8948
0 0 0 0 1 20.7099
0 0 0 0 1 20.2506
0 0 0 0 1 19.9264
0 0 0 0 1 19.7326
0 0 0 0 1 19.46
0 0 0 0 1 19.2948
0 0 0 0 1 19.0329
0 0 0 0 1 19.1031
0 0 0 0 1 18.5407
0 0 0 0 1 18.4675
0 0 0 0 1 18.154
0 0 0 0 1 18.1963
0 0 0 0 0 17.7504
0 0 0 0 1 17.7099
0 0 0 0 0 17.7499
0 0 0 0 1 17.5038
0 0 0 0 0 17.2422
0 0 0 0 0 17.0168
0 0 0 0 1 16.7083
0 0 0 0 1 16.7721
0 0 0 0 1 16.5414
0 0 0 0 1 16.551
0 0 0 0 1 16.3953
0 0 0 0 0 15.9825
0 0 0 0 1 15.8229
0 0 0 0 0 15.822
0 0 0 0 0 15.7249
0 0 0 0 1 15.6427
0 0 0 0 1 15.3623
0 0 0 0 1 15.128
0 0 0 0 1 15.0646
0 0 0 0 1 15.0966
0 0 0 0 1 15.0249
0 0 0 0 1 14.7226
0 0 0 0 0 14.6779
0 0 0 0 1 14.5571
0 0 0 0 1 14.3472
0 0 0 0 1 14.162
0 0 0 0 1 14.2986
0 0 0 0 1 14.0516
0 0 0 0 1 13.9804
0 0 0 0 1 13.8811
0 0 0 0 1 13.8044
0 0 0 0 1 13.6132
0 0 0 0 1 13.4964
0 0 0 0 1 13.3752
0 0 0 0 0 13.4597
0 0 0 0 1 13.1526
0 0 0 0 1 13.1779
0 0 0 0 1 12.9926
0 0 0 0 1 12.9127
0 0 0 0 1 12.8973
0 0 0 0 0 12.7871
0 0 0 0 1 12.6437
0 0 0 0 1 12.5853
0 0 0 0 1 12.6648
0 0 0 0 1 12.3811
0 0 0 0 0 12.286
0 0 0 0 1 12.2118
0 0 0 0 1 12.1784
0 0 0 0 0 12.0436
0 0 0 0 1 11.9822
0 0 0 0 1 12.1127
0 0 0 0 1 11.931
0 0 0 0 1 11.7627
0 0 0 0 0 11.7842
0 0 0 0 1 11.7931
0 0 0 0 1 11.7081
0 0 0 0 1 11.5739
0 0 0 0 1 11.59
0 0 0 0 0 11.5174
0 0 0 0 1 11.4076
0 0 0 0 1 11.2116
0 0 0 0 0 11.2464
0 0 0 0 0 11.2837
0 0 0 0 1 11.0201
0 0 0 0 1 11.0683
0 0 0 0 1 11.0935
0 0 0 0 1 10.8199
0 0 0 0 1 10.9183
0 0 0 0 1 10.7296
0 0 0 0 1 10.8158
0 0 0 0 1 10.7009
0 0 0 0 1 10.6367
0 0 0 0 1 10.6895
0 0 0 0 1 10.5726
0 0 0 0 0 10.467
0 0 0 0 1 10.5293
0 0 0 0 0 10.362
0 0 0 0 1 10.4236
0 0 0 0 0 10.3682
0 0 0 0 1 10.2032
0 0 0 0 1 10.2026
0 0 0 0 1 10.0699
0 0 0 0 0 10.107
0 0 0 0 1 10.0028
0 0 0 0 1 9.91208
0 0 0 0 1 10.0582
0 0 0 0 1 9.84593
0 0 0 0 1 9.8821
0 0 0 0 1 9.91775
0 0 0 0 1 9.87721
0 0 0 0 1 9.81476
0 0 0 0 1 9.77205
0 0 0 0 1 9.5558
0 0 0 0 0 9.55961
0 0 0 0 1 9.64252
0 0 0 0 1 9.49572
0 0 0 0 1 9.43546
0 0 0 0 1 9.49587
0 0 0 0 1 9.45464
0 0 0 0 1 9.29172
0 0 0 0 1 9.41013
0 0 0 0 1 9.29242
0 0 0 0 1 9.25219
0 0 0 0 1 9.3111
0 0 0 0 1 9.17641
0 0 0 0 1 9.235
0 0 0 0 1 9.17693
0 0 0 0 1 9.044
0 0 0 0 1 9.14742
0 0 0 0 1 9.06953
0 0 0 0 1 9.01012
0 0 0 0 1 9.0342
0 0 0 0 0 8.99308
0 0 0 0 1 8.92551
0 0 0 0 1 8.9381
0 0 0 0 0 8.76518
0 0 0 0 1 8.8485
0 0 0 0 1 8.74455
0 0 0 0 0 8.81238
0 0 0 0 0 8.74403
0 0 0 0 1 8.76541
0 0 0 0 0 8.70623
0 0 0 0 1 8.56633
0 0 0 0 1 8.57682
0 0 0 0 0 8.55557
0 0 0 0 1 8.54892
0 0 0 0 1 8.44276
0 0 0 0 1 8.43062
0 0 0 0 1 8.44126
0 0 0 0 1 8.49663
0 0 0 0 1 8.45658
0 0 0 0 0 8.29374
0 0 0 0 1 8.38818
0 0 0 0 1 8.27381
0 0 0 0 1 8.29573
0 0 0 0 1 8.22372
0 0 0 0 1 8.27873
0 0 0 0 1 8.19901
0 0 0 0 1 8.12794
0 0 0 0 0 8.22378
0 0 0 0 1 8.08783
0 0 0 0 1 8.13169
0 0 0 0 1 8.13477
0 0 0 0 0 8.10546
0 0 0 0 1 8.10912
0 0 0 0 0 8.10433
0 0 0 0 1 8.09156
0 0 0 0 1 8.03075
0 0 0 0 1 7.98631
0 0 0 0 1 7.9102
0 0 0 0 1 7.93304
0 0 0 0 1 7.87047
0 0 0 0 1 7.98551
0 0 0 0 0 7.89457
0 0 0 0 1 7.85931
0 0 0 0 1 7.78496
0 0 0 0 1 7.92284
0 0 0 0 1 7.84883
0 0 0 0 0 7.79086
0 0 0 0 1 7.71449
0 0 0 0 1 7.70384
0 0 0 0 1 7.68877
0 0 0 0 1 7.70614
0 0 0 0 1 7.67266
0 0 0 0 1 7.67467
0 0 0 0 1 7.63385
0 0 0 0 0 7.69302
0 0 0 0 0 7.67984
0 0 0 0 1 7.62423
0 0 0 0 1 7.62994
0 0 0 0 1 7.62475
0 0 0 0 1 7.6382
0 0 0 0 0 7.53047
0 0 0 0 1 7.63157
0 0 0 0 1 7.52444
0 0 0 0 1 7.4706
0 0 0 0 1 7.57894
0 0 0 0 1 7.57789
0 0 0 0 1 7.54702
0 0 0 0 1 7.48291
0 0 0 0 1 7.46747
0 0 0 0 1 7.37776
0 0 0 0 1 7.4744
0 0 0 0 1 7.49647
0 0 0 0 1 7.43709
0 0 0 0 1 7.46307
0 0 0 0 1 7.33775
0 0 0 0 1 7.41556
0 0 0 0 0 7.29447
0 0 0 0 1 7.35409
0 0 0 0 0 7.39162
0 0 0 0 1 7.39939
0 0 0 0 1 7.37113
0 0 0 0 1 7.27743
0 0 0 0 1 7.2749
0 0 0 0 1 7.26518
0 0 0 0 1 7.22332
0 0 0 0 0 7.30825
0 0 0 0 1 7.24083
0 0 0 0 1 7.21405
0 0 0 0 0 7.29892
