0 0 0 0 1 5.22856
0 0 0 0 1 5.17737
0 0 0 0 0 5.19176
0 0 0 0 1 5.19798
0 0 0 0 1 5.19172
0 0 0 0 1 5.25049
0 0 0 0 1 5.27797
0 0 0 0 0 5.30891
0 0 0 0 1 5.25774
0 0 0 0 0 5.29607
0 0 0 0 0 5.30633
0 0 0 0 1 5.25855
0 0 0 0 1 5.24431
0 0 0 0 1 5.34147
0 0 0 0 1 5.27252
0 0 0 0 1 5.37549
0 0 0 0 1 5.37055
0 0 0 0 1 5.31924
0 0 0 0 0 5.30363
0 0 0 0 1 5.38613
0 0 0 0 1 5.403
0 0 0 0 1 5.33007
0 0 0 0 1 5.34164
0 0 0 0 1 5.39116
0 0 0 0 1 5.45861
0 0 0 0 1 5.37459
0 0 0 0 1 5.40835
0 0 0 0 1 5.42603
0 0 0 0 1 5.44931
0 0 0 0 1 5.41942
0 0 0 0 1 5.46481
0 0 0 0 1 5.44463
0 0 0 0 1 5.44216
0 0 0 0 1 5.52781
0 0 0 0 1 5.54095
0 0 0 0 1 5.49337
0 0 0 0 1 5.57872
0 0 0 0 1 5.60997
0 0 0 0 0 5.54015
0 0 0 0 0 5.60401
0 0 0 0 0 5.64679
0 0 0 0 1 5.59919
0 0 0 0 1 5.63006
0 0 0 0 1 5.61045
0 0 0 0 0 5.6707
0 0 0 0 0 5.63423
0 0 0 0 0 5.72161
0 0 0 0 0 5.73712
0 0 0 0 1 5.74628
0 0 0 0 0 5.68123
0 0 0 0 1 5.77633
0 0 0 0 0 5.78646
0 0 0 0 0 5.72621
0 0 0 0 1 5.83385
0 0 0 0 1 5.76835
0 0 0 0 1 5.82508
0 0 0 0 1 5.75932
0 0 0 0 1 5.86769
0 0 0 0 1 5.83737
0 0 0 0 1 5.89435
0 0 0 0 1 5.83938
0 0 0 0 1 5.95034
0 0 0 0 1 5.8958
0 0 0 0 1 5.91761
0 0 0 0 1 5.96385
0 0 0 0 1 5.95068
0 0 0 0 0 6.01525
0 0 0 0 1 5.98978
0 0 0 0 1 6.0793
0 0 0 0 1 6.00561
0 0 0 0 1 6.10752
0 0 0 0 1 6.11886
0 0 0 0 0 6.0998
0 0 0 0 1 6.10479
0 0 0 0 1 6.16552
0 0 0 0 1 6.20155
0 0 0 0 1 6.15755
0 0 0 0 1 6.15089
0 0 0 0 1 6.20581
0 0 0 0 1 6.26113
0 0 0 0 1 6.26692
0 0 0 0 0 6.29155
0 0 0 0 1 6.24692
0 0 0 0 1 6.37267
0 0 0 0 1 6.28994
0 0 0 0 0 6.41659
0 0 0 0 1 6.44197
0 0 0 0 1 6.37132
0 0 0 0 0 6.39657
0 0 0 0 1 6.51888
0 0 0 0 1 6.50593
0 0 0 0 0 6.54485
0 0 0 0 1 6.47307
0 0 0 0 1 6.48582
0 0 0 0 1 6.6104
0 0 0 0 1 6.65666
0 0 0 0 1 6.65688
0 0 0 0 1 6.61705
0 0 0 0 1 6.61692
0 0 0 0 0 6.71726
0 0 0 0 1 6.75102
0 0 0 0 0 6.76469
0 0 0 0 1 6.76481
0 0 0 0 0 6.88065
0 0 0 0 1 6.79213
0 0 0 0 1 6.90195
0 0 0 0 1 6.86778
0 0 0 0 1 6.98549
0 0 0 0 0 6.99991
0 0 0 0 1 6.95833
0 0 0 0 1 7.04957
0 0 0 0 0 7.09929
0 0 0 0 0 7.14921
0 0 0 0 1 7.12841
0 0 0 0 1 7.16434
0 0 0 0 1 7.24359
0 0 0 0 1 7.26561
0 0 0 0 1 7.17187
0 0 0 0 1 7.29533
0 0 0 0 1 7.29554
0 0 0 0 1 7.28822
0 0 0 0 0 7.30277
0 0 0 0 1 7.34689
0 0 0 0 0 7.48811
0 0 0 0 1 7.51819
0 0 0 0 1 7.53329
0 0 0 0 0 7.48781
0 0 0 0 1 7.59366
0 0 0 0 1 7.60103
0 0 0 0 1 7.6159
0 0 0 0 1 7.6924
0 0 0 0 1 7.79265
0 0 0 0 0 7.78453
0 0 0 0 1 7.77591
0 0 0 0 0 7.94842
0 0 0 0 1 7.95586
0 0 0 0 0 7.93926
0 0 0 0 0 8.01019
0 0 0 0 1 8.00115
0 0 0 0 1 8.17786
0 0 0 0 1 8.08723
0 0 0 0 1 8.20038
0 0 0 0 1 8.21502
0 0 0 0 0 8.23829
0 0 0 0 0 8.35255
0 0 0 0 1 8.38413
0 0 0 0 1 8.46632
0 0 0 0 1 8.56572
0 0 0 0 0 8.52944
0 0 0 0 0 8.55249
0 0 0 0 1 8.72195
0 0 0 0 1 8.74547
0 0 0 0 0 8.82134
0 0 0 0 1 8.76445
0 0 0 0 1 8.82269
0 0 0 0 1 8.87158
0 0 0 0 1 9.00074
0 0 0 0 1 9.02307
0 0 0 0 1 9.19083
0 0 0 0 1 9.12181
0 0 0 0 0 9.24426
0 0 0 0 1 9.28485
0 0 0 0 1 9.4368
0 0 0 0 1 9.39308
0 0 0 0 1 9.43149
0 0 0 0 0 9.52803
0 0 0 0 1 9.54808
0 0 0 0 1 9.63554
0 0 0 0 0 9.76254
0 0 0 0 1 9.89921
0 0 0 0 1 10.0183
0 0 0 0 1 9.95721
0 0 0 0 1 10.1258
0 0 0 0 0 10.1336
0 0 0 0 0 10.1711
0 0 0 0 1 10.3422
0 0 0 0 1 10.4942
0 0 0 0 1 10.4992
0 0 0 0 1 10.4521
0 0 0 0 0 10.6141
0 0 0 0 1 10.8312
0 0 0 0 1 10.7673
0 0 0 0 1 11.0196
0 0 0 0 1 10.9643
0 0 0 0 1 11.2178
0 0 0 0 0 11.306
0 0 0 0 1 11.2585
0 0 0 0 1 11.4483
0 0 0 0 1 11.4646
0 0 0 0 0 11.6888
0 0 0 0 1 11.7889
0 0 0 0 1 11.7771
0 0 0 0 1 11.8736
0 0 0 0 1 11.9911
0 0 0 0 1 12.1455
0 0 0 0 1 12.1901
0 0 0 0 1 12.3917
0 0 0 0 1 12.5357
0 0 0 0 0 12.6134
0 0 0 0 1 12.8441
0 0 0 0 1 13.0736
0 0 0 0 1 13.0564
0 0 0 0 1 13.1155
0 0 0 0 1 13.3162
0 0 0 0 1 13.6671
0 0 0 0 1 13.6945
0 0 0 0 1 13.8117
0 0 0 0 1 14.1242
0 0 0 0 1 14.2847
0 0 0 0 1 14.2114
0 0 0 0 1 14.466
0 0 0 0 1 14.5416
0 0 0 0 0 14.9513
0 0 0 0 1 15.0564
0 0 0 0 1 15.078
0 0 0 0 1 15.5216
0 0 0 0 0 15.5811
0 0 0 0 0 15.8114
0 0 0 0 0 16.0138
0 0 0 0 1 16.1509
0 0 0 0 0 16.5993
0 0 0 0 0 16.6222
0 0 0 0 1 17.1141
0 0 0 0 1 14.6121
0 0 0 0 1 14.6652
0 0 0 0 1 14.546
0 0 0 0 1 14.7016
0 0 0 0 1 14.6823
0 0 0 0 1 14.4042
0 0 0 0 1 14.4148
0 0 0 0 1 14.4719
0 0 0 0 1 14.57
0 0 0 0 1 14.5812
0 0 0 0 1 14.3492
0 0 0 0 1 14.4792
0 0 0 0 1 14.2891
0 0 0 0 1 14.3593
0 0 0 0 1 14.4463
0 0 0 0 0 14.3751
0 0 0 0 1 14.3308
0 0 0 0 1 14.2316
0 0 0 0 0 14.3171
0 0 0 0 1 14.3045
0 0 0 0 1 14.3925
0 0 0 0 1 14.2781
0 0 0 0 1 14.2091
0 0 0 0 1 14.4099
0 0 0 0 0 14.37
0 0 0 0 1 14.3018
0 0 0 0 0 14.348
0 0 0 0 1 14.2786
0 0 0 0 1 14.2825
0 0 0 0 1 14.1729
0 0 0 0 0 14.19
0 0 0 0 0 14.4866
0 0 0 0 1 14.6296
0 0 0 0 1 15.3039
0 0 0 0 1 15.6682
0 0 0 0 0 16.2344
0 0 0 0 1 16.7859
0 0 0 0 1 17.1733
0 0 0 0 1 17.8206
0 0 0 0 1 40.745
0 0 0 0 0 42.2049
0 0 0 0 1 43.5192
0 0 0 0 1 45.43
0 0 0 0 0 47.0783
0 0 0 0 1 49.0735
0 0 0 0 1 42.6327
0 0 0 0 1 42.5734
0 0 0 0 1 41.9224
0 0 0 0 0 42.203
0 0 0 0 1 42.3988
0 0 0 0 1 42.0473
0 0 0 0 0 42.3291
0 0 0 0 1 41.8529
0 0 0 0 1 42.2205
0 0 0 0 1 42.1256
0 0 0 0 1 42.5795
0 0 0 0 1 46.1647
0 0 0 0 0 5.0601
0 0 0 0 0 4.98996
0 0 0 0 0 5.0601
0 0 0 0 0 5.03505
0 0 0 0 1 35.3173
0 0 0 0 1 35.0315
0 0 0 0 1 35.5577
0 0 0 0 0 35.1672
0 0 0 0 1 35.4124
0 0 0 0 1 35.1292
0 0 0 0 1 35.1642
0 0 0 0 0 34.9882
0 0 0 0 1 35.1655
0 0 0 0 1 34.9908
0 0 0 0 1 34.9578
0 0 0 0 0 35.1373
0 0 0 0 1 35.2114
0 0 0 0 0 4.97994
0 0 0 0 0 5.01501
0 0 0 0 0 5.04006
0 0 0 0 0 4.97493
0 0 0 0 0 5.00499
0 0 0 0 0 4.99998
0 0 0 0 0 4.96491
0 0 0 0 0 4.99998
0 0 0 0 0 5.00499
0 0 0 0 1 95.7235
0 0 0 0 1 90.5076
0 0 0 0 0 85.7593
0 0 0 0 0 80.8867
0 0 0 0 0 23.4549
0 0 0 0 1 21.9637
0 0 0 0 1 21.3057
0 0 0 0 0 20.1408
0 0 0 0 1 20.0493
0 0 0 0 1 20.0589
0 0 0 0 1 20.2905
0 0 0 0 1 19.9582
0 0 0 0 1 20.1088
0 0 0 0 1 20.2814
0 0 0 0 0 20.0911
0 0 0 0 1 20.3049
0 0 0 0 1 20.4184
0 0 0 0 0 20.1278
0 0 0 0 1 20.323
0 0 0 0 0 20.1137
0 0 0 0 0 20.2086
0 0 0 0 1 20.4257
0 0 0 0 1 20.1969
0 0 0 0 0 20.2931
0 0 0 0 0 20.3695
0 0 0 0 0 20.4242
0 0 0 0 0 20.5034
0 0 0 0 1 20.5812
0 0 0 0 1 20.5984
0 0 0 0 1 35.1049
0 0 0 0 1 34.4245
0 0 0 0 1 33.2024
0 0 0 0 1 32.6621
0 0 0 0 1 32.0425
0 0 0 0 1 31.3786
0 0 0 0 1 31.1168
0 0 0 0 1 30.5284
0 0 0 0 1 29.8112
0 0 0 0 1 29.0143
0 0 0 0 1 28.6764
0 0 0 0 0 27.9753
0 0 0 0 0 27.9396
0 0 0 0 1 27.3898
0 0 0 0 1 26.9605
0 0 0 0 1 26.5405
0 0 0 0 1 25.9414
0 0 0 0 1 25.7834
0 0 0 0 1 25.3512
0 0 0 0 0 24.9548
0 0 0 0 1 24.2454
0 0 0 0 1 24.1251
0 0 0 0 1 23.6372
0 0 0 0 1 23.2103
0 0 0 0 1 23.2481
0 0 0 0 1 22.5438
0 0 0 0 0 22.5468
0 0 0 0 1 22.1081
0 0 0 0 0 21.6392
0 0 0 0 1 21.5299
0 0 0 0 0 21.2232
0 0 0 0 0 21.1396
0 0 0 0 0 20.9364
0 0 0 0 0 20.3401
0 0 0 0 1 20.2709
0 0 0 0 1 20.1268
0 0 0 0 0 19.8317
0 0 0 0 0 19.5579
0 0 0 0 1 19.527
0 0 0 0 1 19.1668
0 0 0 0 1 18.9518
0 0 0 0 1 18.6156
0 0 0 0 1 18.412
0 0 0 0 1 18.2455
0 0 0 0 0 18.0334
0 0 0 0 1 18.037
0 0 0 0 1 17.7986
0 0 0 0 1 17.5566
0 0 0 0 1 17.2254
0 0 0 0 0 17.3628
0 0 0 0 0 16.9486
0 0 0 0 1 16.7421
0 0 0 0 1 16.655
0 0 0 0 0 16.6738
0 0 0 0 1 16.3049
0 0 0 0 1 16.1028
0 0 0 0 1 16.2239
0 0 0 0 1 16.0143
0 0 0 0 1 15.7904
0 0 0 0 1 15.6779
0 0 0 0 1 15.4875
0 0 0 0 1 15.2392
0 0 0 0 1 15.2805
0 0 0 0 0 15.2764
0 0 0 0 1 14.8567
0 0 0 0 1 14.7423
0 0 0 0 1 14.7078
0 0 0 0 1 14.6925
0 0 0 0 1 14.6007
0 0 0 0 1 14.4479
0 0 0 0 0 14.1334
0 0 0 0 1 14.1853
0 0 0 0 1 13.9531
0 0 0 0 1 13.8408
0 0 0 0 1 13.7426
0 0 0 0 1 13.6806
0 0 0 0 1 13.6952
0 0 0 0 1 13.6048
0 0 0 0 1 13.3752
0 0 0 0 1 13.3662
0 0 0 0 1 13.3515
0 0 0 0 1 13.1779
0 0 0 0 1 13.2017
0 0 0 0 1 13.0944
0 0 0 0 1 12.8328
0 0 0 0 0 12.9279
0 0 0 0 1 12.8216
0 0 0 0 1 12.7242
0 0 0 0 1 12.5269
0 0 0 0 1 12.3438
0 0 0 0 1 12.3478
0 0 0 0 1 12.347
0 0 0 0 1 12.1906
0 0 0 0 1 12.0193
0 0 0 0 1 12.1632
0 0 0 0 1 12.0647
0 0 0 0 1 12.0383
0 0 0 0 1 11.9167
0 0 0 0 1 11.8666
0 0 0 0 1 11.758
0 0 0 0 0 11.5337
0 0 0 0 1 11.4814
0 0 0 0 1 11.567
0 0 0 0 1 11.4146
0 0 0 0 1 11.419
0 0 0 0 1 11.2793
0 0 0 0 1 11.3138
0 0 0 0 1 11.0826
0 0 0 0 1 11.0423
0 0 0 0 0 10.9579
0 0 0 0 0 11.0606
0 0 0 0 1 10.8527
0 0 0 0 1 10.9509
0 0 0 0 1 10.8268
0 0 0 0 1 10.8265
0 0 0 0 0 10.6152
0 0 0 0 1 10.5834
0 0 0 0 1 10.7107
0 0 0 0 1 10.446
0 0 0 0 1 10.53
0 0 0 0 1 10.4353
0 0 0 0 1 10.3204
0 0 0 0 1 10.2995
0 0 0 0 1 10.3476
0 0 0 0 1 10.2544
0 0 0 0 1 10.1822
0 0 0 0 1 10.0394
0 0 0 0 1 10.1574
0 0 0 0 0 9.9726
0 0 0 0 1 9.97209
0 0 0 0 1 9.89888
0 0 0 0 1 9.87568
0 0 0 0 1 9.94133
0 0 0 0 1 9.76048
0 0 0 0 1 9.70118
0 0 0 0 0 9.70765
0 0 0 0 0 9.73328
0 0 0 0 0 9.56545
0 0 0 0 1 9.58847
0 0 0 0 1 9.54676
0 0 0 0 1 9.61966
0 0 0 0 1 9.43546
0 0 0 0 1 9.42021
0 0 0 0 1 9.36047
0 0 0 0 0 9.29172
0 0 0 0 0 9.27943
0 0 0 0 1 9.29242
0 0 0 0 1 9.18736
0 0 0 0 0 9.32033
0 0 0 0 0 9.21319
0 0 0 0 1 9.18003
0 0 0 0 1 9.19518
0 0 0 0 1 9.00764
0 0 0 0 1 9.06591
0 0 0 0 1 9.10563
0 0 0 0 1 9.0371
0 0 0 0 0 9.0342
0 0 0 0 1 9.002
0 0 0 0 1 8.83662
0 0 0 0 1 8.84066
0 0 0 0 1 8.85345
0 0 0 0 0 8.83091
0 0 0 0 0 8.7884
0 0 0 0 1 8.75997
0 0 0 0 1 8.72661
0 0 0 0 1 8.75673
0 0 0 0 1 8.72353
0 0 0 0 1 8.56633
0 0 0 0 1 8.66276
0 0 0 0 1 8.50419
0 0 0 0 1 8.46351
0 0 0 0 0 8.43425
0 0 0 0 1 8.54936
0 0 0 0 1 8.48355
0 0 0 0 1 8.37019
0 0 0 0 1 8.36412
0 0 0 0 1 8.33563
0 0 0 0 1 8.42995
0 0 0 0 1 8.2988
0 0 0 0 1 8.27081
0 0 0 0 1 8.22372
0 0 0 0 1 8.30349
0 0 0 0 1 8.14962
0 0 0 0 1 8.28393
0 0 0 0 0 8.19105
0 0 0 0 1 8.22657
0 0 0 0 1 8.10727
0 0 0 0 1 8.05358
0 0 0 0 1 8.02449
0 0 0 0 0 8.1172
0 0 0 0 1 8.0882
0 0 0 0 1 8.12373
0 0 0 0 1 8.00668
0 0 0 0 0 8.05833
0 0 0 0 0 8.05388
0 0 0 0 1 8.03648
0 0 0 0 1 7.92607
0 0 0 0 0 7.93006
0 0 0 0 1 7.85505
0 0 0 0 0 7.96179
0 0 0 0 1 7.88719
0 0 0 0 1 7.82871
0 0 0 0 1 7.84101
0 0 0 0 1 7.8377
0 0 0 0 0 7.73007
0 0 0 0 1 7.84377
0 0 0 0 0 7.72753
0 0 0 0 1 7.76803
0 0 0 0 1 7.68038
0 0 0 0 1 7.75172
0 0 0 0 1 7.73379
0 0 0 0 0 7.61632
0 0 0 0 1 7.73344
0 0 0 0 1 7.64715
0 0 0 0 0 7.59945
0 0 0 0 1 7.5791
0 0 0 0 1 7.55468
0 0 0 0 1 7.63653
0 0 0 0 1 7.59375
0 0 0 0 1 7.52444
0 0 0 0 1 7.5911
0 0 0 0 1 7.51127
0 0 0 0 1 7.56289
0 0 0 0 1 7.51707
0 0 0 0 1 7.55019
0 0 0 0 1 7.43017
0 0 0 0 1 7.40009
0 0 0 0 1 7.51158
0 0 0 0 1 7.4742
0 0 0 0 0 7.42228
0 0 0 0 1 7.35212
0 0 0 0 1 7.30823
0 0 0 0 1 7.43767
0 0 0 0 1 7.3828
0 0 0 0 1 7.28797
0 0 0 0 1 7.26696
0 0 0 0 1 7.38474
0 0 0 0 0 7.27607
0 0 0 0 1 7.25553
0 0 0 0 1 7.34051
0 0 0 0 1 7.26518
0 0 0 0 1 7.22332
0 0 0 0 0 7.19213
0 0 0 0 1 7.17559
0 0 0 0 0 7.24299
0 0 0 0 1 7.24111
