0 0 0 0 1 5.23376
0 0 0 0 0 5.18257
0 0 0 0 1 5.24916
0 0 0 0 1 5.23455
0 0 0 0 1 5.25976
0 0 0 0 1 5.21905
0 0 0 0 1 5.27273
0 0 0 0 0 5.2143
0 0 0 0 1 5.26827
0 0 0 0 1 5.29607
0 0 0 0 1 5.23769
0 0 0 0 1 5.33262
0 0 0 0 1 5.27609
0 0 0 0 1 5.27782
0 0 0 0 0 5.30441
0 0 0 0 1 5.32759
0 0 0 0 1 5.34388
0 0 0 0 1 5.37798
0 0 0 0 1 5.3839
0 0 0 0 1 5.39685
0 0 0 0 1 5.32244
0 0 0 0 1 5.38923
0 0 0 0 1 5.35242
0 0 0 0 1 5.39656
0 0 0 0 1 5.3991
0 0 0 0 1 5.39084
0 0 0 0 1 5.4355
0 0 0 0 1 5.39881
0 0 0 0 1 5.47113
0 0 0 0 1 5.44127
0 0 0 0 1 5.46481
0 0 0 0 0 5.51599
0 0 0 0 1 5.50813
0 0 0 0 1 5.52781
0 0 0 0 0 5.50784
0 0 0 0 1 5.55423
0 0 0 0 1 5.55099
0 0 0 0 1 5.49888
0 0 0 0 1 5.52901
0 0 0 0 0 5.54819
0 0 0 0 0 5.63002
0 0 0 0 1 5.62161
0 0 0 0 0 5.66378
0 0 0 0 0 5.59355
0 0 0 0 1 5.60299
0 0 0 0 1 5.69645
0 0 0 0 1 5.65349
0 0 0 0 1 5.73144
0 0 0 0 1 5.73488
0 0 0 0 1 5.69838
0 0 0 0 1 5.73622
0 0 0 0 1 5.76349
0 0 0 0 1 5.73197
0 0 0 0 1 5.75298
0 0 0 0 1 5.84364
0 0 0 0 1 5.82508
0 0 0 0 0 5.79422
0 0 0 0 0 5.89104
0 0 0 0 0 5.80228
0 0 0 0 0 5.87089
0 0 0 0 1 5.92767
0 0 0 0 1 5.86188
0 0 0 0 1 5.90172
0 0 0 0 1 5.87606
0 0 0 0 1 5.89243
0 0 0 0 0 6.01633
0 0 0 0 1 5.9554
0 0 0 0 1 5.97776
0 0 0 0 1 6.06125
0 0 0 0 1 6.08416
0 0 0 0 0 6.08328
0 0 0 0 1 6.05809
0 0 0 0 0 6.03276
0 0 0 0 0 6.1782
0 0 0 0 0 6.09811
0 0 0 0 0 6.2077
0 0 0 0 1 6.19461
0 0 0 0 0 6.23134
0 0 0 0 1 6.18717
0 0 0 0 0 6.19877
0 0 0 0 1 6.2982
0 0 0 0 1 6.22883
0 0 0 0 1 6.3099
0 0 0 0 1 6.28425
0 0 0 0 1 6.40408
0 0 0 0 1 6.41023
0 0 0 0 1 6.3909
0 0 0 0 1 6.429
0 0 0 0 1 6.44162
0 0 0 0 1 6.42852
0 0 0 0 0 6.49297
0 0 0 0 0 6.51235
0 0 0 0 1 6.51875
0 0 0 0 1 6.49237
0 0 0 0 1 6.63011
0 0 0 0 1 6.61047
0 0 0 0 1 6.65025
0 0 0 0 1 6.71015
0 0 0 0 1 6.71707
0 0 0 0 1 6.63682
0 0 0 0 1 6.71737
0 0 0 0 0 6.77821
0 0 0 0 0 6.84623
0 0 0 0 1 6.76484
0 0 0 0 1 6.82633
0 0 0 0 1 6.89508
0 0 0 0 1 6.95751
0 0 0 0 1 6.93011
0 0 0 0 1 6.96512
0 0 0 0 0 6.93737
0 0 0 0 0 7.07763
0 0 0 0 1 7.09224
0 0 0 0 1 7.10674
0 0 0 0 1 7.06438
0 0 0 0 1 7.2072
0 0 0 0 0 7.23641
0 0 0 0 0 7.19353
0 0 0 0 1 7.17187
0 0 0 0 1 7.21533
0 0 0 0 1 7.28823
0 0 0 0 1 7.2662
0 0 0 0 0 7.4503
0 0 0 0 1 7.45068
0 0 0 0 0 7.48811
0 0 0 0 1 7.50321
0 0 0 0 1 7.49567
0 0 0 0 1 7.54832
0 0 0 0 1 7.66207
0 0 0 0 1 7.60103
0 0 0 0 0 7.65429
0 0 0 0 1 7.66154
0 0 0 0 0 7.8237
0 0 0 0 1 7.84693
0 0 0 0 1 7.87791
0 0 0 0 0 7.80648
0 0 0 0 1 7.90034
0 0 0 0 1 7.98709
0 0 0 0 1 7.99415
0 0 0 0 1 8.00115
0 0 0 0 1 8.0725
0 0 0 0 1 8.13615
0 0 0 0 1 8.27411
0 0 0 0 1 8.32224
0 0 0 0 1 8.20514
0 0 0 0 1 8.29414
0 0 0 0 0 8.45127
0 0 0 0 1 8.3988
0 0 0 0 1 8.42126
0 0 0 0 0 8.62345
0 0 0 0 1 8.55249
0 0 0 0 1 8.7306
0 0 0 0 1 8.68456
0 0 0 0 1 8.83009
0 0 0 0 0 8.79972
0 0 0 0 1 8.88476
0 0 0 0 1 8.96083
0 0 0 0 0 8.96478
0 0 0 0 1 8.98687
0 0 0 0 1 9.02687
0 0 0 0 1 9.07597
0 0 0 0 1 9.27197
0 0 0 0 0 9.20121
0 0 0 0 1 9.35254
0 0 0 0 1 9.49671
0 0 0 0 1 9.45049
0 0 0 0 1 9.48976
0 0 0 0 1 9.59625
0 0 0 0 1 9.66465
0 0 0 0 1 9.74299
0 0 0 0 1 9.78101
0 0 0 0 1 10.0183
0 0 0 0 1 9.93722
0 0 0 0 0 9.97469
0 0 0 0 1 10.2148
0 0 0 0 1 10.3246
0 0 0 0 1 10.2082
0 0 0 0 1 10.4111
0 0 0 0 1 10.4992
0 0 0 0 1 10.6632
0 0 0 0 0 10.5928
0 0 0 0 1 10.7883
0 0 0 0 1 10.7781
0 0 0 0 1 10.9431
0 0 0 0 1 11.0084
0 0 0 0 1 11.1733
0 0 0 0 1 11.1266
0 0 0 0 1 11.349
0 0 0 0 1 11.3684
0 0 0 0 0 11.5798
0 0 0 0 1 11.526
0 0 0 0 1 11.7068
0 0 0 0 1 11.8363
0 0 0 0 1 12.017
0 0 0 0 1 12.124
0 0 0 0 1 12.0846
0 0 0 0 1 12.3501
0 0 0 0 1 12.3792
0 0 0 0 1 12.6738
0 0 0 0 1 12.6641
0 0 0 0 1 12.7031
0 0 0 0 1 12.9958
0 0 0 0 1 13.1087
0 0 0 0 1 13.1817
0 0 0 0 1 13.45
0 0 0 0 1 13.6536
0 0 0 0 0 13.7218
0 0 0 0 1 13.7286
0 0 0 0 1 13.9002
0 0 0 0 1 14.1431
0 0 0 0 1 14.2974
0 0 0 0 0 14.4515
0 0 0 0 1 14.615
0 0 0 0 1 14.7878
0 0 0 0 1 15.0112
0 0 0 0 1 15.1237
0 0 0 0 1 15.4444
0 0 0 0 1 15.5498
0 0 0 0 0 15.7798
0 0 0 0 1 16.0298
0 0 0 0 1 16.4274
0 0 0 0 1 16.5499
0 0 0 0 1 16.6389
0 0 0 0 1 16.9784
0 0 0 0 0 14.6121
0 0 0 0 1 14.5043
0 0 0 0 1 14.619
0 0 0 0 1 14.6141
0 0 0 0 1 14.4639
0 0 0 0 1 14.4478
0 0 0 0 1 14.5892
0 0 0 0 1 14.4283
0 0 0 0 1 14.3815
0 0 0 0 1 14.5088
0 0 0 0 0 14.4215
0 0 0 0 1 14.5659
0 0 0 0 0 14.4768
0 0 0 0 0 14.4458
0 0 0 0 1 14.4319
0 0 0 0 1 14.4039
0 0 0 0 1 14.3883
0 0 0 0 1 14.2172
0 0 0 0 0 14.4032
0 0 0 0 1 14.2615
0 0 0 0 1 14.3065
0 0 0 0 0 14.364
0 0 0 0 1 14.2806
0 0 0 0 1 14.4099
0 0 0 0 1 14.1559
0 0 0 0 1 14.4016
0 0 0 0 1 14.3195
0 0 0 0 1 14.179
0 0 0 0 1 14.2825
0 0 0 0 1 14.1019
0 0 0 0 1 14.1048
0 0 0 0 1 14.3861
0 0 0 0 0 14.792
0 0 0 0 1 15.3039
0 0 0 0 1 15.6839
0 0 0 0 1 16.0731
0 0 0 0 1 16.5028
0 0 0 0 1 17.1389
0 0 0 0 1 17.9808
0 0 0 0 1 40.257
0 0 0 0 1 42.0784
0 0 0 0 1 43.8694
0 0 0 0 1 45.1569
0 0 0 0 0 46.9361
0 0 0 0 1 49.5188
0 0 0 0 1 42.2521
0 0 0 0 0 42.4043
0 0 0 0 0 41.9647
0 0 0 0 1 42.3297
0 0 0 0 1 42.1032
0 0 0 0 1 42.3851
0 0 0 0 1 42.6246
0 0 0 0 0 42.1482
0 0 0 0 1 41.7988
0 0 0 0 1 41.9569
0 0 0 0 1 41.905
0 0 0 0 1 45.7987
0 0 0 0 0 4.98996
0 0 0 0 0 5.03004
0 0 0 0 0 4.97994
0 0 0 0 0 4.99497
0 0 0 0 1 34.9997
0 0 0 0 1 35.4548
0 0 0 0 1 35.1343
0 0 0 0 1 35.1672
0 0 0 0 1 35.1655
0 0 0 0 1 35.3056
0 0 0 0 1 35.4111
0 0 0 0 1 34.9529
0 0 0 0 1 35.3419
0 0 0 0 1 34.9908
0 0 0 0 1 35.5222
0 0 0 0 1 35.349
0 0 0 0 1 35.529
0 0 0 0 0 5.00499
0 0 0 0 0 4.99998
0 0 0 0 0 5.04507
0 0 0 0 0 5.00499
0 0 0 0 0 5.04006
0 0 0 0 0 4.98495
0 0 0 0 0 5.0601
0 0 0 0 0 5.05509
0 0 0 0 0 5.02002
0 0 0 0 0 96.1056
0 0 0 0 0 90.4176
0 0 0 0 1 85.0767
0 0 0 0 1 81.4535
0 0 0 0 0 23.4549
0 0 0 0 1 22.3405
0 0 0 0 1 21.3692
0 0 0 0 1 20.1611
0 0 0 0 0 20.2305
0 0 0 0 1 20.0589
0 0 0 0 1 20.089
0 0 0 0 1 20.3614
0 0 0 0 1 20.2904
0 0 0 0 0 20.3016
0 0 0 0 1 20.1516
0 0 0 0 1 20.1635
0 0 0 0 0 20.2971
0 0 0 0 1 20.1885
0 0 0 0 0 20.2218
0 0 0 0 1 20.0935
0 0 0 0 1 20.1478
0 0 0 0 1 20.162
0 0 0 0 1 20.3592
0 0 0 0 1 20.1103
0 0 0 0 0 20.1865
0 0 0 0 0 20.3836
0 0 0 0 0 20.2998
0 0 0 0 1 20.1941
0 0 0 0 1 20.374
0 0 0 0 1 35.1399
0 0 0 0 1 34.0142
0 0 0 0 1 33.6375
0 0 0 0 1 33.0889
0 0 0 0 0 32.4929
0 0 0 0 1 31.6624
0 0 0 0 1 30.8694
0 0 0 0 1 30.2856
0 0 0 0 1 29.6921
0 0 0 0 1 29.2485
0 0 0 0 1 28.8202
0 0 0 0 0 28.0883
0 0 0 0 0 27.5785
0 0 0 0 1 27.5264
0 0 0 0 1 26.6651
0 0 0 0 0 26.6198
0 0 0 0 1 25.8634
0 0 0 0 1 25.7578
0 0 0 0 0 25.1998
0 0 0 0 1 24.632
0 0 0 0 1 24.5145
0 0 0 0 1 24.342
0 0 0 0 1 23.9461
0 0 0 0 1 23.5382
0 0 0 0 1 23.1327
0 0 0 0 1 22.5894
0 0 0 0 1 22.3896
0 0 0 0 0 22.0417
0 0 0 0 1 21.8359
0 0 0 0 1 21.7672
0 0 0 0 1 21.5005
0 0 0 0 1 20.908
0 0 0 0 1 20.8116
0 0 0 0 1 20.7099
0 0 0 0 1 20.3521
0 0 0 0 1 19.9063
0 0 0 0 1 19.9506
0 0 0 0 1 19.6754
0 0 0 0 1 19.5464
0 0 0 0 1 19.3199
0 0 0 0 1 19.0275
0 0 0 0 1 18.8401
0 0 0 0 0 18.5786
0 0 0 0 1 18.1174
0 0 0 0 1 18.2325
0 0 0 0 0 17.9295
0 0 0 0 1 17.7632
0 0 0 0 1 17.5918
0 0 0 0 1 17.556
0 0 0 0 1 17.1733
0 0 0 0 1 17.1361
0 0 0 0 0 16.9108
0 0 0 0 0 16.5714
0 0 0 0 0 16.5745
0 0 0 0 1 16.4854
0 0 0 0 1 16.2653
0 0 0 0 0 16.2239
0 0 0 0 1 15.9824
0 0 0 0 1 15.9169
0 0 0 0 1 15.6153
0 0 0 0 1 15.3789
0 0 0 0 0 15.2854
0 0 0 0 1 15.2348
0 0 0 0 1 15.2461
0 0 0 0 0 15.0066
0 0 0 0 1 14.9654
0 0 0 0 1 14.8996
0 0 0 0 0 14.5756
0 0 0 0 1 14.6297
0 0 0 0 1 14.4479
0 0 0 0 1 14.3333
0 0 0 0 1 14.1286
0 0 0 0 1 13.9672
0 0 0 0 1 14.0084
0 0 0 0 1 13.9227
0 0 0 0 1 13.7081
0 0 0 0 1 13.7771
0 0 0 0 1 13.4151
0 0 0 0 1 13.4828
0 0 0 0 1 13.3796
0 0 0 0 1 13.2322
0 0 0 0 1 13.2832
0 0 0 0 1 13.0057
0 0 0 0 0 12.8478
0 0 0 0 0 12.8071
0 0 0 0 1 12.8895
0 0 0 0 1 12.758
0 0 0 0 1 12.5601
0 0 0 0 1 12.6272
0 0 0 0 1 12.5804
0 0 0 0 1 12.3355
0 0 0 0 0 12.2855
0 0 0 0 0 12.2517
0 0 0 0 1 12.1286
0 0 0 0 1 12.0184
0 0 0 0 1 11.8968
0 0 0 0 0 11.9548
0 0 0 0 1 11.822
0 0 0 0 1 11.7489
0 0 0 0 1 11.6527
0 0 0 0 1 11.5686
0 0 0 0 1 11.5507
0 0 0 0 1 11.3946
0 0 0 0 1 11.3803
0 0 0 0 0 11.4304
0 0 0 0 1 11.2116
0 0 0 0 1 11.2913
0 0 0 0 1 11.1049
0 0 0 0 1 11.1423
0 0 0 0 1 11.1125
0 0 0 0 0 11.0826
0 0 0 0 0 10.962
0 0 0 0 0 10.7661
0 0 0 0 0 10.8592
0 0 0 0 0 10.6545
0 0 0 0 0 10.808
0 0 0 0 1 10.7007
0 0 0 0 0 10.6895
0 0 0 0 1 10.6359
0 0 0 0 1 10.4145
0 0 0 0 0 10.4771
0 0 0 0 1 10.4244
0 0 0 0 1 10.3202
0 0 0 0 1 10.3991
0 0 0 0 0 10.2544
0 0 0 0 1 10.1109
0 0 0 0 1 10.1611
0 0 0 0 1 10.0464
0 0 0 0 1 10.1334
0 0 0 0 1 9.95209
0 0 0 0 1 9.87897
0 0 0 0 0 9.98475
0 0 0 0 1 9.7735
0 0 0 0 0 9.90792
0 0 0 0 1 9.83809
0 0 0 0 1 9.81476
0 0 0 0 1 9.66541
0 0 0 0 0 9.73919
0 0 0 0 1 9.6077
0 0 0 0 0 9.55634
0 0 0 0 0 9.44805
0 0 0 0 1 9.45445
0 0 0 0 1 9.5337
0 0 0 0 0 9.51114
0 0 0 0 0 9.30109
0 0 0 0 1 9.41946
0 0 0 0 1 9.32032
0 0 0 0 1 9.27997
0 0 0 0 1 9.28342
0 0 0 0 1 9.16722
0 0 0 0 1 9.25333
0 0 0 0 1 9.10395
0 0 0 0 1 9.11671
0 0 0 0 1 9.03873
0 0 0 0 0 9.03344
0 0 0 0 1 9.07306
0 0 0 0 1 8.88199
0 0 0 0 1 8.98416
0 0 0 0 1 8.8544
0 0 0 0 1 8.79637
0 0 0 0 1 8.75635
0 0 0 0 0 8.8485
0 0 0 0 1 8.68315
0 0 0 0 1 8.79491
0 0 0 0 1 8.77886
0 0 0 0 1 8.73069
0 0 0 0 1 8.61968
0 0 0 0 0 8.70421
0 0 0 0 1 8.54244
0 0 0 0 1 8.54701
0 0 0 0 0 8.62578
0 0 0 0 1 8.45127
0 0 0 0 1 8.56632
0 0 0 0 1 8.40743
0 0 0 0 1 8.46291
0 0 0 0 0 8.38933
0 0 0 0 0 8.46129
0 0 0 0 1 8.4216
0 0 0 0 1 8.27381
0 0 0 0 1 8.36216
0 0 0 0 1 8.19888
0 0 0 0 1 8.23746
0 0 0 0 1 8.2484
0 0 0 0 1 8.14436
0 0 0 0 1 8.15013
0 0 0 0 1 8.23473
0 0 0 0 0 8.13169
0 0 0 0 1 8.19971
0 0 0 0 1 8.01639
0 0 0 0 0 8.02018
0 0 0 0 1 8.14465
0 0 0 0 1 8.09156
0 0 0 0 1 7.9425
0 0 0 0 1 7.97831
0 0 0 0 0 8.02195
0 0 0 0 1 7.96487
0 0 0 0 0 8.02137
0 0 0 0 1 7.96174
0 0 0 0 1 7.87086
0 0 0 0 1 7.85142
0 0 0 0 1 7.94224
0 0 0 0 0 7.79733
0 0 0 0 0 7.85666
0 0 0 0 1 7.79086
0 0 0 0 1 7.73787
0 0 0 0 1 7.75049
0 0 0 0 1 7.72753
0 0 0 0 1 7.69066
0 0 0 0 1 7.78072
0 0 0 0 0 7.76714
0 0 0 0 1 7.67229
0 0 0 0 1 7.68535
0 0 0 0 1 7.58796
0 0 0 0 1 7.57075
0 0 0 0 1 7.59183
0 0 0 0 1 7.57149
0 0 0 0 1 7.6382
0 0 0 0 1 7.56835
0 0 0 0 1 7.63157
0 0 0 0 1 7.53199
0 0 0 0 1 7.56097
0 0 0 0 1 7.59398
0 0 0 0 1 7.54038
0 0 0 0 0 7.55451
0 0 0 0 1 7.52776
0 0 0 0 1 7.49731
0 0 0 0 1 7.42243
0 0 0 0 1 7.45208
0 0 0 0 1 7.48162
0 0 0 0 0 7.37783
0 0 0 0 0 7.35952
0 0 0 0 1 7.39681
0 0 0 0 1 7.44504
0 0 0 0 1 7.39752
0 0 0 0 1 7.39817
0 0 0 0 1 7.37695
0 0 0 0 1 7.30415
0 0 0 0 0 7.33457
0 0 0 0 1 7.26283
0 0 0 0 1 7.2749
0 0 0 0 1 7.2579
0 0 0 0 1 7.20152
0 0 0 0 1 7.29373
0 0 0 0 0 7.32056
0 0 0 0 1 7.17787
0 0 0 0 1 7.24111
