0 0 0 0 1 5.24417
0 0 0 0 1 5.25029
0 0 0 0 1 5.27003
0 0 0 0 0 5.25544
0 0 0 0 1 5.20743
0 0 0 0 1 5.22953
0 0 0 0 1 5.20977
0 0 0 0 0 5.24584
0 0 0 0 1 5.27353
0 0 0 0 1 5.2223
0 0 0 0 1 5.30105
0 0 0 0 1 5.27442
0 0 0 0 1 5.33966
0 0 0 0 1 5.2619
0 0 0 0 1 5.34162
0 0 0 0 1 5.29565
0 0 0 0 0 5.29055
0 0 0 0 0 5.39401
0 0 0 0 0 5.3839
0 0 0 0 1 5.41293
0 0 0 0 1 5.36003
0 0 0 0 1 5.4215
0 0 0 0 0 5.35781
0 0 0 0 1 5.41277
0 0 0 0 1 5.40451
0 0 0 0 1 5.37459
0 0 0 0 1 5.4355
0 0 0 0 0 5.45868
0 0 0 0 1 5.44386
0 0 0 0 1 5.47951
0 0 0 0 1 5.44839
0 0 0 0 1 5.48305
0 0 0 0 1 5.52462
0 0 0 0 1 5.46174
0 0 0 0 1 5.48576
0 0 0 0 1 5.54869
0 0 0 0 1 5.52327
0 0 0 0 0 5.5211
0 0 0 0 1 5.6181
0 0 0 0 1 5.60959
0 0 0 0 1 5.56852
0 0 0 0 0 5.55435
0 0 0 0 1 5.57387
0 0 0 0 0 5.64425
0 0 0 0 1 5.67635
0 0 0 0 1 5.71342
0 0 0 0 1 5.70458
0 0 0 0 1 5.65752
0 0 0 0 1 5.67787
0 0 0 0 1 5.67551
0 0 0 0 1 5.73622
0 0 0 0 1 5.76349
0 0 0 0 1 5.70893
0 0 0 0 1 5.72988
0 0 0 0 1 5.84364
0 0 0 0 1 5.82508
0 0 0 0 1 5.84658
0 0 0 0 1 5.8852
0 0 0 0 0 5.84322
0 0 0 0 0 5.84156
0 0 0 0 1 5.8276
0 0 0 0 0 5.87367
0 0 0 0 1 5.85441
0 0 0 0 0 5.99477
0 0 0 0 1 5.98171
0 0 0 0 1 6.01633
0 0 0 0 1 6.00927
0 0 0 0 1 6.04986
0 0 0 0 0 6.04319
0 0 0 0 1 6.02374
0 0 0 0 1 6.10752
0 0 0 0 1 6.03986
0 0 0 0 1 6.13636
0 0 0 0 0 6.11091
0 0 0 0 0 6.17165
0 0 0 0 1 6.14618
0 0 0 0 1 6.21932
0 0 0 0 1 6.23134
0 0 0 0 1 6.16854
0 0 0 0 1 6.22371
0 0 0 0 0 6.30445
0 0 0 0 0 6.24137
0 0 0 0 1 6.23433
0 0 0 0 0 6.32846
0 0 0 0 1 6.38506
0 0 0 0 1 6.38476
0 0 0 0 0 6.32705
0 0 0 0 0 6.3585
0 0 0 0 1 6.39657
0 0 0 0 1 6.49952
0 0 0 0 1 6.48649
0 0 0 0 0 6.50585
0 0 0 0 0 6.57095
0 0 0 0 1 6.53823
0 0 0 0 1 6.53155
0 0 0 0 1 6.57749
0 0 0 0 1 6.61709
0 0 0 0 0 6.7035
0 0 0 0 0 6.63027
0 0 0 0 0 6.73067
0 0 0 0 0 6.75102
0 0 0 0 1 6.81876
0 0 0 0 1 6.79195
0 0 0 0 1 6.8534
0 0 0 0 1 6.81949
0 0 0 0 1 6.88135
0 0 0 0 1 6.86778
0 0 0 0 1 6.88857
0 0 0 0 1 6.93033
0 0 0 0 0 6.93737
0 0 0 0 1 6.9654
0 0 0 0 1 7.08519
0 0 0 0 1 7.14921
0 0 0 0 1 7.05727
0 0 0 0 0 7.18577
0 0 0 0 1 7.15026
0 0 0 0 1 7.19353
0 0 0 0 1 7.28053
0 0 0 0 1 7.21533
0 0 0 0 1 7.25899
0 0 0 0 1 7.27354
0 0 0 0 0 7.33227
0 0 0 0 1 7.42103
0 0 0 0 0 7.37634
0 0 0 0 1 7.52568
0 0 0 0 1 7.50319
0 0 0 0 1 7.53319
0 0 0 0 1 7.57086
0 0 0 0 0 7.67742
0 0 0 0 1 7.74641
0 0 0 0 1 7.72326
0 0 0 0 0 7.77713
0 0 0 0 1 7.83913
0 0 0 0 1 7.78376
0 0 0 0 1 7.94842
0 0 0 0 1 8.01139
0 0 0 0 1 8.011
0 0 0 0 1 8.01019
0 0 0 0 1 8.03338
0 0 0 0 1 8.15355
0 0 0 0 1 8.20137
0 0 0 0 1 8.16761
0 0 0 0 1 8.27276
0 0 0 0 0 8.27144
0 0 0 0 1 8.35255
0 0 0 0 1 8.4261
0 0 0 0 1 8.50853
0 0 0 0 1 8.52323
0 0 0 0 0 8.5038
0 0 0 0 1 8.62125
0 0 0 0 1 8.61812
0 0 0 0 1 8.71936
0 0 0 0 1 8.83884
0 0 0 0 1 8.77327
0 0 0 0 1 8.79609
0 0 0 0 1 8.86266
0 0 0 0 1 9.01873
0 0 0 0 1 9.08642
0 0 0 0 1 9.02687
0 0 0 0 1 9.0943
0 0 0 0 1 9.31814
0 0 0 0 0 9.24768
0 0 0 0 1 9.44616
0 0 0 0 1 9.46845
0 0 0 0 1 9.50748
0 0 0 0 1 9.62369
0 0 0 0 1 9.64443
0 0 0 0 1 9.69376
0 0 0 0 1 9.69413
0 0 0 0 1 9.90906
0 0 0 0 0 9.939
0 0 0 0 1 10.0072
0 0 0 0 1 10.0049
0 0 0 0 1 10.093
0 0 0 0 0 10.1609
0 0 0 0 1 10.3422
0 0 0 0 0 10.4734
0 0 0 0 1 10.5726
0 0 0 0 0 10.5682
0 0 0 0 1 10.5715
0 0 0 0 0 10.7454
0 0 0 0 0 10.7673
0 0 0 0 1 10.8667
0 0 0 0 1 10.9312
0 0 0 0 1 11.0177
0 0 0 0 1 11.149
0 0 0 0 1 11.2359
0 0 0 0 1 11.3684
0 0 0 0 1 11.4761
0 0 0 0 1 11.5958
0 0 0 0 1 11.6129
0 0 0 0 1 11.9074
0 0 0 0 1 11.9931
0 0 0 0 1 12.136
0 0 0 0 1 12.2309
0 0 0 0 1 12.227
0 0 0 0 1 12.3668
0 0 0 0 1 12.4729
0 0 0 0 0 12.7149
0 0 0 0 1 12.9339
0 0 0 0 1 13.0217
0 0 0 0 1 13.1218
0 0 0 0 1 13.2478
0 0 0 0 1 13.4098
0 0 0 0 1 13.6671
0 0 0 0 1 13.7082
0 0 0 0 1 13.8117
0 0 0 0 1 14.0122
0 0 0 0 1 14.1148
0 0 0 0 1 14.2974
0 0 0 0 1 14.4371
0 0 0 0 0 14.8058
0 0 0 0 1 14.8918
0 0 0 0 1 15.1767
0 0 0 0 1 15.1541
0 0 0 0 1 15.4598
0 0 0 0 0 15.5655
0 0 0 0 1 15.669
0 0 0 0 1 16.0779
0 0 0 0 1 16.1509
0 0 0 0 1 16.5993
0 0 0 0 1 16.8061
0 0 0 0 1 17.0123
0 0 0 0 1 14.7145
0 0 0 0 1 14.4897
0 0 0 0 1 14.6774
0 0 0 0 1 14.5704
0 0 0 0 1 14.5949
0 0 0 0 1 14.4624
0 0 0 0 1 14.4148
0 0 0 0 1 14.559
0 0 0 0 1 14.6134
0 0 0 0 0 14.5377
0 0 0 0 1 14.5228
0 0 0 0 1 14.3202
0 0 0 0 0 14.2891
0 0 0 0 1 14.3305
0 0 0 0 1 14.3311
0 0 0 0 1 14.4183
0 0 0 0 1 14.4314
0 0 0 0 1 14.5044
0 0 0 0 1 14.2741
0 0 0 0 1 14.4765
0 0 0 0 0 14.4354
0 0 0 0 1 14.3926
0 0 0 0 1 14.4236
0 0 0 0 0 14.2243
0 0 0 0 1 14.2416
0 0 0 0 1 14.3018
0 0 0 0 1 14.2197
0 0 0 0 1 14.2929
0 0 0 0 1 14.2114
0 0 0 0 0 14.2867
0 0 0 0 0 14.332
0 0 0 0 1 14.2138
0 0 0 0 1 14.6591
0 0 0 0 1 15.1671
0 0 0 0 1 15.7621
0 0 0 0 1 16.2506
0 0 0 0 1 16.5861
0 0 0 0 1 17.0357
0 0 0 0 1 17.6781
0 0 0 0 1 41.0703
0 0 0 0 1 42.5001
0 0 0 0 0 43.6067
0 0 0 0 1 45.2024
0 0 0 0 0 47.8369
0 0 0 0 1 49.8156
0 0 0 0 1 42.4635
0 0 0 0 1 42.1507
0 0 0 0 1 42.5986
0 0 0 0 1 42.4987
0 0 0 0 1 41.9343
0 0 0 0 1 41.8362
0 0 0 0 1 42.2869
0 0 0 0 1 42.2326
0 0 0 0 0 42.5158
0 0 0 0 1 42.4208
0 0 0 0 1 42.4952
0 0 0 0 1 46.0274
0 0 0 0 0 5.0601
0 0 0 0 0 4.98495
0 0 0 0 0 5.0601
0 0 0 0 0 5.02503
0 0 0 0 0 35.529
0 0 0 0 1 35.5959
0 0 0 0 0 35.1343
0 0 0 0 1 35.0261
0 0 0 0 1 34.9186
0 0 0 0 1 35.623
0 0 0 0 1 35.4464
0 0 0 0 1 35.1998
0 0 0 0 0 35.5535
0 0 0 0 1 35.3083
0 0 0 0 1 35.3105
0 0 0 0 1 34.9962
0 0 0 0 1 35.5995
0 0 0 0 0 4.96992
0 0 0 0 0 4.99497
0 0 0 0 0 5.01501
0 0 0 0 0 5.04507
0 0 0 0 0 5.02503
0 0 0 0 0 4.98495
0 0 0 0 0 5.02503
0 0 0 0 0 5.02002
0 0 0 0 0 4.98495
0 0 0 0 1 96.1056
0 0 0 0 1 90.3275
0 0 0 0 0 85.2473
0 0 0 0 1 80.5628
0 0 0 0 1 23.3153
0 0 0 0 0 22.3405
0 0 0 0 1 21.2846
0 0 0 0 1 20.3433
0 0 0 0 1 19.9688
0 0 0 0 1 20.0387
0 0 0 0 0 20.089
0 0 0 0 1 20.0792
0 0 0 0 0 20.2904
0 0 0 0 1 20.3217
0 0 0 0 1 20.0911
0 0 0 0 1 20.1433
0 0 0 0 1 20.3375
0 0 0 0 0 20.148
0 0 0 0 1 20.4242
0 0 0 0 0 20.3973
0 0 0 0 1 20.3708
0 0 0 0 1 20.1823
0 0 0 0 1 20.4404
0 0 0 0 0 20.5165
0 0 0 0 0 20.4101
0 0 0 0 1 20.4649
0 0 0 0 1 20.4423
0 0 0 0 1 20.3163
0 0 0 0 1 20.2109
0 0 0 0 1 34.6508
0 0 0 0 1 34.3561
0 0 0 0 1 33.6709
0 0 0 0 1 32.9904
0 0 0 0 1 32.2999
0 0 0 0 1 31.3786
0 0 0 0 1 31.0859
0 0 0 0 1 30.6194
0 0 0 0 1 29.8708
0 0 0 0 1 29.1021
0 0 0 0 0 28.849
0 0 0 0 0 28.5404
0 0 0 0 1 27.6896
0 0 0 0 1 27.2806
0 0 0 0 0 26.9874
0 0 0 0 1 26.1708
0 0 0 0 1 25.7334
0 0 0 0 1 25.6299
0 0 0 0 1 25.4773
0 0 0 0 0 24.5824
0 0 0 0 1 24.2209
0 0 0 0 1 23.8841
0 0 0 0 1 23.6372
0 0 0 0 1 23.1868
0 0 0 0 1 23.1558
0 0 0 0 1 22.9082
0 0 0 0 0 22.4121
0 0 0 0 0 22.3075
0 0 0 0 1 21.7048
0 0 0 0 1 21.6594
0 0 0 0 1 21.3725
0 0 0 0 1 21.1817
0 0 0 0 1 20.7077
0 0 0 0 1 20.6894
0 0 0 0 1 20.3521
0 0 0 0 1 20.187
0 0 0 0 1 19.7723
0 0 0 0 1 19.4992
0 0 0 0 1 19.2948
0 0 0 0 0 19.186
0 0 0 0 1 18.7627
0 0 0 0 1 18.6904
0 0 0 0 0 18.5786
0 0 0 0 1 18.4285
0 0 0 0 1 17.9972
0 0 0 0 1 17.8579
0 0 0 0 1 17.8874
0 0 0 0 1 17.6093
0 0 0 0 0 17.556
0 0 0 0 1 17.0872
0 0 0 0 1 17.2043
0 0 0 0 1 16.9277
0 0 0 0 0 16.7052
0 0 0 0 1 16.4255
0 0 0 0 1 16.4197
0 0 0 0 1 16.3791
0 0 0 0 1 16.24
0 0 0 0 1 15.9346
0 0 0 0 1 15.6798
0 0 0 0 1 15.8189
0 0 0 0 1 15.3789
0 0 0 0 1 15.27
0 0 0 0 0 15.1585
0 0 0 0 0 15.0646
0 0 0 0 1 14.8417
0 0 0 0 1 15.0249
0 0 0 0 1 14.634
0 0 0 0 1 14.4732
0 0 0 0 1 14.6297
0 0 0 0 1 14.2752
0 0 0 0 1 14.2191
0 0 0 0 1 14.1286
0 0 0 0 1 14.1784
0 0 0 0 1 13.8687
0 0 0 0 1 13.8119
0 0 0 0 1 13.8731
0 0 0 0 1 13.7361
0 0 0 0 1 13.4964
0 0 0 0 1 13.5367
0 0 0 0 0 13.4864
0 0 0 0 0 13.2454
0 0 0 0 1 13.2305
0 0 0 0 1 13.1886
0 0 0 0 1 12.8608
0 0 0 0 0 12.8586
0 0 0 0 1 12.6847
0 0 0 0 1 12.7962
0 0 0 0 1 12.5222
0 0 0 0 0 12.6648
0 0 0 0 1 12.3811
0 0 0 0 0 12.385
0 0 0 0 1 12.3716
0 0 0 0 1 12.3005
0 0 0 0 1 12.1771
0 0 0 0 1 11.9822
0 0 0 0 0 11.8728
0 0 0 0 1 11.9429
0 0 0 0 0 11.8101
0 0 0 0 0 11.796
0 0 0 0 0 11.7931
0 0 0 0 0 11.743
0 0 0 0 1 11.5392
0 0 0 0 0 11.4866
0 0 0 0 1 11.3917
0 0 0 0 1 11.2713
0 0 0 0 0 11.3471
0 0 0 0 1 11.1902
0 0 0 0 1 11.1385
0 0 0 0 1 11.1868
0 0 0 0 1 11.0683
0 0 0 0 1 10.9288
0 0 0 0 1 11.0385
0 0 0 0 0 10.8857
0 0 0 0 1 10.87
0 0 0 0 1 10.6868
0 0 0 0 1 10.6902
0 0 0 0 1 10.5621
0 0 0 0 1 10.5305
0 0 0 0 1 10.5199
0 0 0 0 1 10.593
0 0 0 0 1 10.3518
0 0 0 0 1 10.4452
0 0 0 0 1 10.3822
0 0 0 0 1 10.2549
0 0 0 0 1 10.2954
0 0 0 0 1 10.2841
0 0 0 0 0 10.1916
0 0 0 0 1 10.0464
0 0 0 0 1 10.043
0 0 0 0 1 9.93209
0 0 0 0 1 10.0582
0 0 0 0 1 10.0046
0 0 0 0 1 9.80312
0 0 0 0 1 9.90792
0 0 0 0 1 9.75007
0 0 0 0 1 9.65897
0 0 0 0 0 9.6848
0 0 0 0 1 9.60406
0 0 0 0 1 9.6654
0 0 0 0 1 9.66167
0 0 0 0 0 9.60059
0 0 0 0 1 9.55886
0 0 0 0 1 9.40129
0 0 0 0 1 9.50172
0 0 0 0 1 9.43236
0 0 0 0 1 9.24209
0 0 0 0 1 9.39474
0 0 0 0 1 9.30775
0 0 0 0 0 9.26496
0 0 0 0 0 9.204
0 0 0 0 0 9.1159
0 0 0 0 1 9.08571
0 0 0 0 1 9.03491
0 0 0 0 1 9.02968
0 0 0 0 1 9.03344
0 0 0 0 1 8.98314
0 0 0 0 1 9.01629
0 0 0 0 0 8.93955
0 0 0 0 1 8.87218
0 0 0 0 1 8.89381
0 0 0 0 0 8.91523
0 0 0 0 0 8.8573
0 0 0 0 1 8.73578
0 0 0 0 1 8.64644
0 0 0 0 1 8.67435
0 0 0 0 1 8.59184
0 0 0 0 0 8.67161
0 0 0 0 1 8.57494
0 0 0 0 1 8.63697
0 0 0 0 0 8.61552
0 0 0 0 1 8.48913
0 0 0 0 0 8.57042
0 0 0 0 1 8.43062
0 0 0 0 1 8.51739
0 0 0 0 0 8.44605
0 0 0 0 1 8.3389
0 0 0 0 1 8.46129
0 0 0 0 1 8.37147
0 0 0 0 1 8.38212
0 0 0 0 1 8.27081
0 0 0 0 1 8.28998
0 0 0 0 1 8.31175
0 0 0 0 1 8.15785
0 0 0 0 1 8.18541
0 0 0 0 1 8.20741
0 0 0 0 1 8.09599
0 0 0 0 1 8.12355
0 0 0 0 1 8.19971
0 0 0 0 1 8.07307
0 0 0 0 1 8.13337
0 0 0 0 0 8.13658
0 0 0 0 1 7.98699
0 0 0 0 1 7.99064
0 0 0 0 1 7.97831
0 0 0 0 1 7.90222
0 0 0 0 1 7.91713
0 0 0 0 1 7.94989
0 0 0 0 0 7.85083
0 0 0 0 1 7.92618
0 0 0 0 0 7.81201
0 0 0 0 1 7.84787
0 0 0 0 1 7.92284
0 0 0 0 1 7.78623
0 0 0 0 1 7.87673
0 0 0 0 1 7.74566
0 0 0 0 1 7.69607
0 0 0 0 1 7.68877
0 0 0 0 1 7.7603
0 0 0 0 1 7.72669
0 0 0 0 1 7.72861
0 0 0 0 0 7.61848
0 0 0 0 1 7.69302
0 0 0 0 0 7.5803
0 0 0 0 1 7.57839
0 0 0 0 0 7.62994
0 0 0 0 1 7.60192
0 0 0 0 1 7.52431
0 0 0 0 1 7.53047
0 0 0 0 1 7.54837
0 0 0 0 0 7.53199
0 0 0 0 1 7.53838
0 0 0 0 1 7.59398
0 0 0 0 1 7.45785
0 0 0 0 1 7.5021
0 0 0 0 0 7.43058
0 0 0 0 1 7.42271
0 0 0 0 0 7.48199
0 0 0 0 0 7.37771
0 0 0 0 1 7.44451
0 0 0 0 0 7.43709
0 0 0 0 1 7.45567
0 0 0 0 1 7.36728
0 0 0 0 1 7.38607
0 0 0 0 1 7.33128
0 0 0 0 1 7.41286
0 0 0 0 1 7.31095
0 0 0 0 1 7.2895
0 0 0 0 1 7.35651
0 0 0 0 1 7.27013
0 0 0 0 1 7.34051
0 0 0 0 1 7.26518
0 0 0 0 0 7.28146
0 0 0 0 0 7.32276
0 0 0 0 1 7.23358
0 0 0 0 0 7.19958
0 0 0 0 1 7.19775
