0 0 0 0 0 5.24937
0 0 0 0 1 5.19299
0 0 0 0 0 5.17089
0 0 0 0 0 5.26067
0 0 0 0 1 5.27023
0 0 0 0 0 5.19809
0 0 0 0 1 5.23075
0 0 0 0 1 5.26686
0 0 0 0 1 5.24195
0 0 0 0 1 5.23811
0 0 0 0 1 5.22713
0 0 0 0 0 5.3432
0 0 0 0 1 5.33436
0 0 0 0 1 5.34677
0 0 0 0 1 5.35225
0 0 0 0 1 5.27969
0 0 0 0 0 5.30655
0 0 0 0 1 5.3673
0 0 0 0 1 5.32504
0 0 0 0 1 5.3379
0 0 0 0 1 5.403
0 0 0 0 1 5.34083
0 0 0 0 0 5.33625
0 0 0 0 0 5.36415
0 0 0 0 0 5.39369
0 0 0 0 0 5.38001
0 0 0 0 1 5.39206
0 0 0 0 1 5.48045
0 0 0 0 0 5.4875
0 0 0 0 1 5.51229
0 0 0 0 1 5.43743
0 0 0 0 1 5.48305
0 0 0 0 1 5.51912
0 0 0 0 1 5.56085
0 0 0 0 0 5.53543
0 0 0 0 0 5.55976
0 0 0 0 1 5.57872
0 0 0 0 0 5.60997
0 0 0 0 1 5.52901
0 0 0 0 1 5.6375
0 0 0 0 0 5.63561
0 0 0 0 1 5.65524
0 0 0 0 1 5.58511
0 0 0 0 1 5.65552
0 0 0 0 1 5.66506
0 0 0 0 1 5.68514
0 0 0 0 1 5.69322
0 0 0 0 1 5.6632
0 0 0 0 1 5.68927
0 0 0 0 1 5.74982
0 0 0 0 1 5.68464
0 0 0 0 1 5.70035
0 0 0 0 0 5.72045
0 0 0 0 1 5.78186
0 0 0 0 1 5.82048
0 0 0 0 1 5.83088
0 0 0 0 1 5.82331
0 0 0 0 1 5.86185
0 0 0 0 1 5.81397
0 0 0 0 1 5.87089
0 0 0 0 1 5.93945
0 0 0 0 0 5.92085
0 0 0 0 1 5.92537
0 0 0 0 0 5.95916
0 0 0 0 1 5.946
0 0 0 0 1 5.9268
0 0 0 0 1 5.9554
0 0 0 0 0 6.02583
0 0 0 0 1 6.04319
0 0 0 0 1 6.05395
0 0 0 0 0 5.99845
0 0 0 0 0 6.11886
0 0 0 0 1 6.15464
0 0 0 0 1 6.07421
0 0 0 0 0 6.13488
0 0 0 0 1 6.1954
0 0 0 0 1 6.18226
0 0 0 0 1 6.15708
0 0 0 0 1 6.23687
0 0 0 0 1 6.22371
0 0 0 0 1 6.24816
0 0 0 0 1 6.25392
0 0 0 0 0 6.3099
0 0 0 0 1 6.35372
0 0 0 0 0 6.36603
0 0 0 0 1 6.40386
0 0 0 0 1 6.36536
0 0 0 0 1 6.3585
0 0 0 0 1 6.39657
0 0 0 0 1 6.48016
0 0 0 0 0 6.48649
0 0 0 0 1 6.56435
0 0 0 0 0 6.51222
0 0 0 0 1 6.56444
0 0 0 0 1 6.6104
0 0 0 0 1 6.57749
0 0 0 0 0 6.57068
0 0 0 0 0 6.67025
0 0 0 0 1 6.7104
0 0 0 0 1 6.69045
0 0 0 0 0 6.70391
0 0 0 0 1 6.77821
0 0 0 0 1 6.75124
0 0 0 0 1 6.81934
0 0 0 0 1 6.83317
0 0 0 0 1 6.79894
0 0 0 0 1 6.97131
0 0 0 0 1 6.98549
0 0 0 0 1 6.93033
0 0 0 0 1 7.04915
0 0 0 0 1 6.9654
0 0 0 0 1 7.09224
0 0 0 0 1 7.09258
0 0 0 0 1 7.14264
0 0 0 0 0 7.15006
0 0 0 0 1 7.1359
0 0 0 0 1 7.17191
0 0 0 0 0 7.22982
0 0 0 0 1 7.30988
0 0 0 0 1 7.31747
0 0 0 0 1 7.36162
0 0 0 0 1 7.36915
0 0 0 0 1 7.48775
0 0 0 0 1 7.37634
0 0 0 0 1 7.46577
0 0 0 0 1 7.55587
0 0 0 0 1 7.62395
0 0 0 0 1 7.60886
0 0 0 0 1 7.71561
0 0 0 0 0 7.60054
0 0 0 0 1 7.70012
0 0 0 0 0 7.78489
0 0 0 0 1 7.78453
0 0 0 0 0 7.85437
0 0 0 0 1 7.94053
0 0 0 0 0 7.94793
0 0 0 0 1 7.92332
0 0 0 0 1 8.09839
0 0 0 0 1 8.02532
0 0 0 0 0 8.17786
0 0 0 0 1 8.17691
0 0 0 0 1 8.24134
0 0 0 0 1 8.23976
0 0 0 0 1 8.27973
0 0 0 0 1 8.33586
0 0 0 0 1 8.35896
0 0 0 0 1 8.45788
0 0 0 0 0 8.54023
0 0 0 0 1 8.49525
0 0 0 0 1 8.64704
0 0 0 0 1 8.73926
0 0 0 0 0 8.77158
0 0 0 0 1 8.80383
0 0 0 0 1 8.72918
0 0 0 0 0 8.85816
0 0 0 0 1 8.94298
0 0 0 0 1 8.9378
0 0 0 0 0 9.07737
0 0 0 0 1 9.09064
0 0 0 0 1 9.20431
0 0 0 0 1 9.22579
0 0 0 0 1 9.30344
0 0 0 0 1 9.26828
0 0 0 0 0 9.50613
0 0 0 0 1 9.43149
0 0 0 0 1 9.60456
0 0 0 0 1 9.71187
0 0 0 0 1 9.78109
0 0 0 0 1 9.72345
0 0 0 0 1 9.87951
0 0 0 0 1 9.92908
0 0 0 0 1 10.0072
0 0 0 0 0 10.0553
0 0 0 0 1 10.1843
0 0 0 0 1 10.3041
0 0 0 0 1 10.2494
0 0 0 0 0 10.3591
0 0 0 0 0 10.5831
0 0 0 0 1 10.4943
0 0 0 0 1 10.6247
0 0 0 0 0 10.638
0 0 0 0 1 10.8973
0 0 0 0 1 10.8994
0 0 0 0 1 10.9863
0 0 0 0 0 11.2067
0 0 0 0 1 11.1041
0 0 0 0 1 11.2924
0 0 0 0 1 11.5168
0 0 0 0 1 11.4416
0 0 0 0 1 11.7004
0 0 0 0 0 11.7537
0 0 0 0 1 11.8363
0 0 0 0 1 11.8377
0 0 0 0 1 11.9791
0 0 0 0 1 12.3163
0 0 0 0 1 12.3871
0 0 0 0 0 12.4041
0 0 0 0 1 12.6487
0 0 0 0 1 12.7783
0 0 0 0 1 12.8057
0 0 0 0 1 12.9699
0 0 0 0 1 12.9647
0 0 0 0 1 13.3272
0 0 0 0 1 13.2894
0 0 0 0 1 13.5047
0 0 0 0 1 13.7766
0 0 0 0 0 13.9639
0 0 0 0 1 13.8582
0 0 0 0 1 14.129
0 0 0 0 1 14.412
0 0 0 0 1 14.64
0 0 0 0 1 14.527
0 0 0 0 1 14.9215
0 0 0 0 1 15.1015
0 0 0 0 1 15.078
0 0 0 0 1 15.5216
0 0 0 0 1 15.6436
0 0 0 0 1 15.7481
0 0 0 0 1 16.1903
0 0 0 0 1 16.3135
0 0 0 0 1 16.3191
0 0 0 0 1 16.756
0 0 0 0 1 16.9275
0 0 0 0 1 14.7731
0 0 0 0 1 14.6359
0 0 0 0 1 14.5022
0 0 0 0 0 14.687
0 0 0 0 1 14.7115
0 0 0 0 1 14.5933
0 0 0 0 0 14.4439
0 0 0 0 1 14.617
0 0 0 0 1 14.367
0 0 0 0 1 14.4943
0 0 0 0 1 14.5083
0 0 0 0 1 14.3058
0 0 0 0 0 14.3613
0 0 0 0 0 14.3593
0 0 0 0 1 14.5472
0 0 0 0 0 14.5334
0 0 0 0 1 14.4602
0 0 0 0 1 14.4613
0 0 0 0 1 14.3888
0 0 0 0 1 14.3905
0 0 0 0 1 14.3352
0 0 0 0 0 14.1637
0 0 0 0 1 14.3235
0 0 0 0 1 14.21
0 0 0 0 0 14.3272
0 0 0 0 1 14.2448
0 0 0 0 1 14.2055
0 0 0 0 1 14.2217
0 0 0 0 1 14.1118
0 0 0 0 1 14.2582
0 0 0 0 1 14.0763
0 0 0 0 1 14.4148
0 0 0 0 1 14.792
0 0 0 0 1 15.3191
0 0 0 0 1 15.496
0 0 0 0 1 16.0408
0 0 0 0 1 16.6194
0 0 0 0 1 17.0357
0 0 0 0 1 17.8384
0 0 0 0 1 40.9076
0 0 0 0 1 42.3314
0 0 0 0 1 44.2197
0 0 0 0 1 45.43
0 0 0 0 1 47.6472
0 0 0 0 1 49.2714
0 0 0 0 1 41.8714
0 0 0 0 1 42.3621
0 0 0 0 1 41.9647
0 0 0 0 0 42.4142
0 0 0 0 0 42.3566
0 0 0 0 0 42.1318
0 0 0 0 1 42.5824
0 0 0 0 1 41.9372
0 0 0 0 1 42.0518
0 0 0 0 1 42.5051
0 0 0 0 1 42.0315
0 0 0 0 1 45.2954
0 0 0 0 0 5.03505
0 0 0 0 0 5.04507
0 0 0 0 0 5.04507
0 0 0 0 0 4.98495
0 0 0 0 1 35.4231
0 0 0 0 0 35.0315
0 0 0 0 1 34.9227
0 0 0 0 1 35.0966
0 0 0 0 1 35.4477
0 0 0 0 0 35.3056
0 0 0 0 1 35.0231
0 0 0 0 1 35.4467
0 0 0 0 1 35.2361
0 0 0 0 1 35.2025
0 0 0 0 1 35.0636
0 0 0 0 1 35.1726
0 0 0 0 1 35.5643
0 0 0 0 0 4.98996
0 0 0 0 0 4.99998
0 0 0 0 0 4.99998
0 0 0 0 0 5.04006
0 0 0 0 0 5.00499
0 0 0 0 0 4.97994
0 0 0 0 0 4.9599
0 0 0 0 0 4.98996
0 0 0 0 0 5.0601
0 0 0 0 1 96.3922
0 0 0 0 1 89.8772
0 0 0 0 1 85.2473
0 0 0 0 0 81.2916
0 0 0 0 1 23.4316
0 0 0 0 1 22.0967
0 0 0 0 1 21.1788
0 0 0 0 0 20.0599
0 0 0 0 1 20.2909
0 0 0 0 1 20.0589
0 0 0 0 1 20.3509
0 0 0 0 0 20.1396
0 0 0 0 1 20.1088
0 0 0 0 0 20.2612
0 0 0 0 1 19.9901
0 0 0 0 1 20.0221
0 0 0 0 1 20.0343
0 0 0 0 1 20.3908
0 0 0 0 1 20.1206
0 0 0 0 0 20.1137
0 0 0 0 0 20.3505
0 0 0 0 1 20.4662
0 0 0 0 0 20.278
0 0 0 0 1 20.4759
0 0 0 0 1 20.2678
0 0 0 0 1 20.1394
0 0 0 0 0 20.2998
0 0 0 0 1 20.3571
0 0 0 0 1 20.476
0 0 0 0 0 34.6508
0 0 0 0 1 34.4245
0 0 0 0 1 33.7379
0 0 0 0 1 32.9576
0 0 0 0 1 32.3321
0 0 0 0 0 31.757
0 0 0 0 1 30.7766
0 0 0 0 0 30.3159
0 0 0 0 0 30.0792
0 0 0 0 1 29.1021
0 0 0 0 1 28.7339
0 0 0 0 0 28.06
0 0 0 0 1 27.9673
0 0 0 0 1 27.3352
0 0 0 0 1 27.1216
0 0 0 0 1 26.4349
0 0 0 0 1 26.0714
0 0 0 0 1 25.7322
0 0 0 0 0 25.2755
0 0 0 0 1 24.7065
0 0 0 0 1 24.4167
0 0 0 0 0 24.1733
0 0 0 0 1 23.9223
0 0 0 0 1 23.6318
0 0 0 0 1 23.1789
0 0 0 0 1 22.9082
0 0 0 0 1 22.5693
0 0 0 0 1 22.2189
0 0 0 0 1 21.6392
0 0 0 0 0 21.5515
0 0 0 0 1 21.1805
0 0 0 0 1 20.8659
0 0 0 0 1 20.8116
0 0 0 0 0 20.6072
0 0 0 0 1 20.1086
0 0 0 0 0 20.1068
0 0 0 0 0 19.8713
0 0 0 0 1 19.4796
0 0 0 0 1 19.5464
0 0 0 0 1 19.2816
0 0 0 0 1 18.8762
0 0 0 0 1 18.5781
0 0 0 0 1 18.5231
0 0 0 0 0 18.4285
0 0 0 0 1 18.2869
0 0 0 0 1 18.0549
0 0 0 0 1 17.7277
0 0 0 0 0 17.4512
0 0 0 0 1 17.4168
0 0 0 0 0 17.1561
0 0 0 0 1 17.2214
0 0 0 0 0 16.8096
0 0 0 0 0 16.5714
0 0 0 0 1 16.3923
0 0 0 0 1 16.5182
0 0 0 0 1 16.1678
0 0 0 0 0 15.9503
0 0 0 0 1 16.0143
0 0 0 0 1 15.8853
0 0 0 0 0 15.5213
0 0 0 0 1 15.3634
0 0 0 0 1 15.4547
0 0 0 0 0 15.2805
0 0 0 0 0 15.2008
0 0 0 0 0 15.0666
0 0 0 0 0 14.9059
0 0 0 0 1 14.8848
0 0 0 0 0 14.5902
0 0 0 0 0 14.441
0 0 0 0 0 14.2608
0 0 0 0 0 14.2619
0 0 0 0 1 14.2419
0 0 0 0 1 13.9672
0 0 0 0 1 13.9385
0 0 0 0 0 13.8119
0 0 0 0 1 13.7906
0 0 0 0 1 13.5859
0 0 0 0 1 13.6319
0 0 0 0 1 13.3214
0 0 0 0 0 13.3395
0 0 0 0 1 13.378
0 0 0 0 0 13.2437
0 0 0 0 1 13.0057
0 0 0 0 1 12.8737
0 0 0 0 1 12.7684
0 0 0 0 0 12.7743
0 0 0 0 1 12.631
0 0 0 0 1 12.5853
0 0 0 0 1 12.6021
0 0 0 0 1 12.431
0 0 0 0 1 12.3107
0 0 0 0 1 12.4208
0 0 0 0 0 12.1173
0 0 0 0 0 12.1893
0 0 0 0 1 12.1873
0 0 0 0 1 11.8728
0 0 0 0 1 12.0025
0 0 0 0 0 11.8101
0 0 0 0 0 11.7254
0 0 0 0 1 11.8048
0 0 0 0 1 11.6965
0 0 0 0 1 11.4814
0 0 0 0 1 11.567
0 0 0 0 1 11.3803
0 0 0 0 0 11.4076
0 0 0 0 1 11.2003
0 0 0 0 1 11.325
0 0 0 0 1 11.1831
0 0 0 0 1 11.0535
0 0 0 0 0 10.9468
0 0 0 0 0 11.0386
0 0 0 0 1 10.962
0 0 0 0 1 10.9727
0 0 0 0 1 10.7188
0 0 0 0 1 10.6545
0 0 0 0 1 10.808
0 0 0 0 1 10.69
0 0 0 0 1 10.6577
0 0 0 0 0 10.6465
0 0 0 0 1 10.3936
0 0 0 0 1 10.3622
0 0 0 0 1 10.4244
0 0 0 0 1 10.3512
0 0 0 0 1 10.2652
0 0 0 0 1 10.2134
0 0 0 0 1 10.1312
0 0 0 0 1 10.222
0 0 0 0 1 10.1271
0 0 0 0 0 9.98265
0 0 0 0 0 10.0121
0 0 0 0 0 9.90884
0 0 0 0 1 9.86576
0 0 0 0 1 9.9512
0 0 0 0 1 9.92758
0 0 0 0 1 9.83809
0 0 0 0 1 9.72713
0 0 0 0 1 9.6848
0 0 0 0 1 9.61371
0 0 0 0 1 9.65579
0 0 0 0 1 9.60422
0 0 0 0 1 9.50525
0 0 0 0 1 9.42597
0 0 0 0 1 9.47695
0 0 0 0 1 9.36047
0 0 0 0 1 9.46986
0 0 0 0 0 9.34478
0 0 0 0 1 9.38544
0 0 0 0 1 9.19662
0 0 0 0 1 9.25573
0 0 0 0 1 9.14883
0 0 0 0 1 9.14338
0 0 0 0 1 9.11308
0 0 0 0 0 9.17125
0 0 0 0 1 9.01156
0 0 0 0 1 9.03344
0 0 0 0 0 8.98314
0 0 0 0 1 8.93571
0 0 0 0 1 8.91278
0 0 0 0 1 8.9344
0 0 0 0 1 8.92038
0 0 0 0 1 8.83579
0 0 0 0 1 8.87489
0 0 0 0 0 8.83226
0 0 0 0 0 8.71631
0 0 0 0 0 8.68306
0 0 0 0 0 8.60919
0 0 0 0 1 8.63699
0 0 0 0 0 8.54047
0 0 0 0 1 8.55103
0 0 0 0 1 8.5727
0 0 0 0 1 8.57454
0 0 0 0 1 8.45978
0 0 0 0 1 8.45606
0 0 0 0 1 8.44126
0 0 0 0 1 8.37862
0 0 0 0 1 8.45658
0 0 0 0 1 8.34401
0 0 0 0 1 8.4216
0 0 0 0 1 8.39046
0 0 0 0 1 8.33725
0 0 0 0 1 8.30654
0 0 0 0 1 8.24571
0 0 0 0 1 8.19078
0 0 0 0 1 8.27572
0 0 0 0 1 8.20741
0 0 0 0 1 8.12864
0 0 0 0 1 8.06658
0 0 0 0 1 8.15912
0 0 0 0 1 8.12166
0 0 0 0 1 8.14146
0 0 0 0 1 8.12045
0 0 0 0 1 7.96286
0 0 0 0 1 8.01471
0 0 0 0 1 8.03432
0 0 0 0 1 8.01397
0 0 0 0 1 7.92509
0 0 0 0 0 7.93401
0 0 0 0 1 7.91421
0 0 0 0 1 7.82344
0 0 0 0 1 7.92237
0 0 0 0 1 7.91864
0 0 0 0 1 7.78164
0 0 0 0 1 7.78623
0 0 0 0 1 7.82208
0 0 0 0 1 7.72228
0 0 0 0 1 7.81268
0 0 0 0 1 7.71978
0 0 0 0 0 7.72161
0 0 0 0 0 7.67266
0 0 0 0 1 7.67467
0 0 0 0 1 7.61079
0 0 0 0 0 7.71603
0 0 0 0 1 7.70281
0 0 0 0 1 7.62423
0 0 0 0 1 7.67567
0 0 0 0 1 7.61714
0 0 0 0 0 7.52431
0 0 0 0 1 7.50016
0 0 0 0 1 7.58619
0 0 0 0 1 7.5169
0 0 0 0 0 7.46307
0 0 0 0 1 7.5639
0 0 0 0 1 7.51787
0 0 0 0 1 7.46466
0 0 0 0 1 7.53524
0 0 0 0 1 7.51969
0 0 0 0 1 7.37776
0 0 0 0 1 7.46696
0 0 0 0 0 7.42967
0 0 0 0 1 7.40005
0 0 0 0 1 7.32253
0 0 0 0 1 7.35252
0 0 0 0 0 7.38607
0 0 0 0 1 7.41961
0 0 0 0 1 7.37613
0 0 0 0 1 7.26696
0 0 0 0 1 7.30415
0 0 0 0 0 7.35651
0 0 0 0 1 7.32123
0 0 0 0 1 7.30406
0 0 0 0 1 7.31614
0 0 0 0 1 7.25239
0 0 0 0 1 7.27196
0 0 0 0 0 7.17559
0 0 0 0 0 7.30812
0 0 0 0 1 7.29169
