0 0 0 0 1 5.24417
0 0 0 0 1 5.18778
0 0 0 0 1 5.26481
0 0 0 0 1 5.17708
0 0 0 0 1 5.21266
0 0 0 0 1 5.19285
0 0 0 0 1 5.25699
0 0 0 0 0 5.28263
0 0 0 0 1 5.28932
0 0 0 0 1 5.28553
0 0 0 0 1 5.28521
0 0 0 0 1 5.25855
0 0 0 0 1 5.2549
0 0 0 0 1 5.32025
0 0 0 0 1 5.29378
0 0 0 0 1 5.30098
0 0 0 0 0 5.37588
0 0 0 0 0 5.37798
0 0 0 0 1 5.33039
0 0 0 0 1 5.3379
0 0 0 0 1 5.34929
0 0 0 0 0 5.3462
0 0 0 0 1 5.43866
0 0 0 0 1 5.44518
0 0 0 0 1 5.38287
0 0 0 0 1 5.42877
0 0 0 0 1 5.40292
0 0 0 0 1 5.39881
0 0 0 0 1 5.41659
0 0 0 0 1 5.51229
0 0 0 0 0 5.50862
0 0 0 0 0 5.48305
0 0 0 0 1 5.45866
0 0 0 0 1 5.52781
0 0 0 0 1 5.57407
0 0 0 0 1 5.47678
0 0 0 0 1 5.57318
0 0 0 0 1 5.53776
0 0 0 0 1 5.51231
0 0 0 0 1 5.57052
0 0 0 0 1 5.53498
0 0 0 0 0 5.55995
0 0 0 0 1 5.61321
0 0 0 0 1 5.58792
0 0 0 0 0 5.65942
0 0 0 0 1 5.68514
0 0 0 0 1 5.69322
0 0 0 0 1 5.69732
0 0 0 0 0 5.64367
0 0 0 0 1 5.72695
0 0 0 0 1 5.70757
0 0 0 0 1 5.70609
0 0 0 0 1 5.70893
0 0 0 0 0 5.8223
0 0 0 0 0 5.8031
0 0 0 0 1 5.75546
0 0 0 0 0 5.77677
0 0 0 0 1 5.87352
0 0 0 0 0 5.90756
0 0 0 0 1 5.85916
0 0 0 0 1 5.92179
0 0 0 0 1 5.95034
0 0 0 0 1 5.9372
0 0 0 0 1 5.882
0 0 0 0 0 5.99361
0 0 0 0 1 6.02827
0 0 0 0 1 6.04518
0 0 0 0 1 6.0018
0 0 0 0 1 5.97698
0 0 0 0 1 6.01165
0 0 0 0 1 6.10146
0 0 0 0 1 6.10063
0 0 0 0 0 6.06933
0 0 0 0 1 6.06197
0 0 0 0 1 6.08585
0 0 0 0 1 6.21386
0 0 0 0 1 6.15138
0 0 0 0 1 6.18183
0 0 0 0 0 6.17475
0 0 0 0 1 6.28607
0 0 0 0 1 6.3107
0 0 0 0 1 6.26646
0 0 0 0 1 6.28471
0 0 0 0 0 6.3032
0 0 0 0 0 6.28994
0 0 0 0 1 6.38476
0 0 0 0 1 6.35897
0 0 0 0 1 6.41618
0 0 0 0 1 6.39014
0 0 0 0 0 6.42207
0 0 0 0 1 6.43465
0 0 0 0 1 6.46036
0 0 0 0 1 6.55138
0 0 0 0 1 6.49893
0 0 0 0 1 6.59069
0 0 0 0 0 6.65006
0 0 0 0 1 6.61709
0 0 0 0 0 6.69685
0 0 0 0 1 6.7104
0 0 0 0 1 6.68375
0 0 0 0 1 6.70391
0 0 0 0 1 6.7309
0 0 0 0 0 6.80552
0 0 0 0 1 6.88065
0 0 0 0 1 6.90157
0 0 0 0 1 6.84014
0 0 0 0 1 6.95061
0 0 0 0 1 6.85395
0 0 0 0 1 6.91641
0 0 0 0 1 6.91641
0 0 0 0 1 7.03554
0 0 0 0 1 6.98649
0 0 0 0 1 7.10674
0 0 0 0 1 7.06438
0 0 0 0 0 7.15006
0 0 0 0 1 7.12872
0 0 0 0 1 7.15749
0 0 0 0 1 7.27329
0 0 0 0 1 7.20805
0 0 0 0 1 7.28092
0 0 0 0 1 7.33226
0 0 0 0 0 7.36915
0 0 0 0 0 7.44327
0 0 0 0 1 7.38379
0 0 0 0 1 7.4508
0 0 0 0 1 7.49567
0 0 0 0 0 7.58614
0 0 0 0 0 7.55566
0 0 0 0 1 7.56283
0 0 0 0 1 7.60822
0 0 0 0 1 7.67697
0 0 0 0 1 7.7228
0 0 0 0 0 7.79233
0 0 0 0 1 7.79945
0 0 0 0 1 7.89322
0 0 0 0 1 7.85275
0 0 0 0 0 7.99506
0 0 0 0 1 7.93802
0 0 0 0 1 8.06561
0 0 0 0 1 8.12923
0 0 0 0 1 8.10354
0 0 0 0 1 8.15942
0 0 0 0 1 8.23152
0 0 0 0 1 8.32946
0 0 0 0 1 8.36923
0 0 0 0 0 8.37574
0 0 0 0 1 8.40724
0 0 0 0 1 8.47225
0 0 0 0 0 8.51235
0 0 0 0 1 8.5267
0 0 0 0 1 8.57485
0 0 0 0 1 8.78028
0 0 0 0 1 8.68132
0 0 0 0 0 8.79972
0 0 0 0 1 8.80495
0 0 0 0 1 8.88051
0 0 0 0 1 9.0457
0 0 0 0 1 8.98687
0 0 0 0 1 9.1544
0 0 0 0 1 9.0943
0 0 0 0 1 9.30891
0 0 0 0 1 9.3778
0 0 0 0 1 9.31509
0 0 0 0 1 9.32713
0 0 0 0 0 9.45049
0 0 0 0 0 9.62369
0 0 0 0 0 9.61552
0 0 0 0 1 9.68406
0 0 0 0 1 9.69413
0 0 0 0 0 9.94846
0 0 0 0 0 9.92908
0 0 0 0 1 10.0972
0 0 0 0 0 10.1762
0 0 0 0 0 10.0523
0 0 0 0 1 10.3041
0 0 0 0 1 10.2701
0 0 0 0 1 10.4215
0 0 0 0 1 10.4049
0 0 0 0 1 10.6632
0 0 0 0 1 10.7099
0 0 0 0 1 10.7776
0 0 0 0 1 10.8973
0 0 0 0 1 10.8448
0 0 0 0 1 10.9092
0 0 0 0 1 11.051
0 0 0 0 0 11.3285
0 0 0 0 1 11.3264
0 0 0 0 1 11.4597
0 0 0 0 0 11.4646
0 0 0 0 0 11.6655
0 0 0 0 1 11.7654
0 0 0 0 1 11.8126
0 0 0 0 0 11.9214
0 0 0 0 1 12.1723
0 0 0 0 1 12.1089
0 0 0 0 1 12.3871
0 0 0 0 1 12.5037
0 0 0 0 1 12.5482
0 0 0 0 1 12.791
0 0 0 0 1 12.8826
0 0 0 0 0 13.0865
0 0 0 0 1 13.004
0 0 0 0 1 13.142
0 0 0 0 1 13.4901
0 0 0 0 1 13.6401
0 0 0 0 0 13.5577
0 0 0 0 1 13.701
0 0 0 0 0 14.0122
0 0 0 0 1 14.1148
0 0 0 0 1 14.3117
0 0 0 0 1 14.3646
0 0 0 0 1 14.615
0 0 0 0 1 14.877
0 0 0 0 1 14.8909
0 0 0 0 1 15.3674
0 0 0 0 1 15.5216
0 0 0 0 1 15.7218
0 0 0 0 1 15.9222
0 0 0 0 0 16.1582
0 0 0 0 1 16.3623
0 0 0 0 1 16.3685
0 0 0 0 1 16.7894
0 0 0 0 1 16.8597
0 0 0 0 1 14.656
0 0 0 0 0 14.6798
0 0 0 0 1 14.5606
0 0 0 0 1 14.4829
0 0 0 0 1 14.6386
0 0 0 0 1 14.6079
0 0 0 0 1 14.6328
0 0 0 0 1 14.559
0 0 0 0 0 14.454
0 0 0 0 1 14.3929
0 0 0 0 1 14.3637
0 0 0 0 1 14.5225
0 0 0 0 1 14.3469
0 0 0 0 1 14.3882
0 0 0 0 1 14.2591
0 0 0 0 0 14.4471
0 0 0 0 1 14.4602
0 0 0 0 1 14.289
0 0 0 0 1 14.3171
0 0 0 0 1 14.4765
0 0 0 0 1 14.2492
0 0 0 0 1 14.2924
0 0 0 0 1 14.3521
0 0 0 0 1 14.1957
0 0 0 0 0 14.3272
0 0 0 0 1 14.3731
0 0 0 0 1 14.234
0 0 0 0 1 14.2217
0 0 0 0 1 14.3679
0 0 0 0 1 14.1019
0 0 0 0 1 14.1474
0 0 0 0 1 14.2425
0 0 0 0 1 14.6739
0 0 0 0 0 15.3343
0 0 0 0 1 15.6995
0 0 0 0 1 16.0408
0 0 0 0 0 16.636
0 0 0 0 1 17.1561
0 0 0 0 1 17.963
0 0 0 0 1 40.7043
0 0 0 0 1 41.8676
0 0 0 0 1 43.6505
0 0 0 0 1 45.8397
0 0 0 0 1 47.5998
0 0 0 0 1 49.7661
0 0 0 0 1 42.5058
0 0 0 0 1 42.4043
0 0 0 0 1 42.5564
0 0 0 0 1 42.372
0 0 0 0 0 42.3144
0 0 0 0 0 42.0051
0 0 0 0 1 41.9071
0 0 0 0 0 42.6123
0 0 0 0 1 41.8409
0 0 0 0 0 42.4208
0 0 0 0 0 42.2844
0 0 0 0 1 45.8444
0 0 0 0 0 5.00499
0 0 0 0 0 5.03004
0 0 0 0 0 5.03004
0 0 0 0 0 4.96491
0 0 0 0 1 35.5643
0 0 0 0 1 35.4901
0 0 0 0 0 35.5929
0 0 0 0 0 34.9908
0 0 0 0 1 35.3419
0 0 0 0 1 35.3409
0 0 0 0 1 35.0231
0 0 0 0 1 35.094
0 0 0 0 0 35.5535
0 0 0 0 1 35.4846
0 0 0 0 1 35.1342
0 0 0 0 1 34.9609
0 0 0 0 1 35.2467
0 0 0 0 0 4.96491
0 0 0 0 0 4.99998
0 0 0 0 0 4.98495
0 0 0 0 0 4.96992
0 0 0 0 0 4.97994
0 0 0 0 0 4.98495
0 0 0 0 0 5.04507
0 0 0 0 0 4.96491
0 0 0 0 0 5.04006
0 0 0 0 0 95.3414
0 0 0 0 1 89.4269
0 0 0 0 1 84.8207
0 0 0 0 1 80.239
0 0 0 0 1 23.4316
0 0 0 0 1 22.3626
0 0 0 0 1 21.3057
0 0 0 0 0 20.3028
0 0 0 0 1 20.3311
0 0 0 0 0 19.9783
0 0 0 0 1 20.1897
0 0 0 0 0 20.0792
0 0 0 0 1 20.3509
0 0 0 0 1 20.3419
0 0 0 0 1 20.2526
0 0 0 0 1 20.0221
0 0 0 0 1 20.0141
0 0 0 0 1 20.0671
0 0 0 0 1 20.4445
0 0 0 0 1 20.4581
0 0 0 0 1 20.087
0 0 0 0 1 20.3445
0 0 0 0 1 20.1563
0 0 0 0 1 20.5165
0 0 0 0 1 20.3085
0 0 0 0 1 20.2818
0 0 0 0 1 20.4423
0 0 0 0 1 20.3163
0 0 0 0 1 20.5576
0 0 0 0 1 34.7556
0 0 0 0 1 34.2194
0 0 0 0 1 33.6375
0 0 0 0 1 32.5637
0 0 0 0 1 32.3321
0 0 0 0 1 31.5993
0 0 0 0 1 31.1787
0 0 0 0 1 30.0428
0 0 0 0 0 30.0197
0 0 0 0 1 29.1607
0 0 0 0 1 28.5326
0 0 0 0 1 28.5122
0 0 0 0 1 27.9951
0 0 0 0 1 27.0621
0 0 0 0 1 26.9337
0 0 0 0 1 26.1708
0 0 0 0 1 26.2273
0 0 0 0 1 25.4764
0 0 0 0 1 25.3764
0 0 0 0 1 24.5824
0 0 0 0 1 24.2209
0 0 0 0 1 23.9805
0 0 0 0 1 23.7085
0 0 0 0 0 23.3976
0 0 0 0 1 22.948
0 0 0 0 0 22.9537
0 0 0 0 0 22.6591
0 0 0 0 1 21.9974
0 0 0 0 1 21.9015
0 0 0 0 1 21.6378
0 0 0 0 1 21.3085
0 0 0 0 0 21.0344
0 0 0 0 1 20.7493
0 0 0 0 1 20.5045
0 0 0 0 1 20.1289
0 0 0 0 1 20.207
0 0 0 0 1 19.6336
0 0 0 0 1 19.3817
0 0 0 0 1 19.3915
0 0 0 0 1 19.0138
0 0 0 0 1 18.8383
0 0 0 0 1 18.5969
0 0 0 0 1 18.6896
0 0 0 0 1 18.1723
0 0 0 0 1 18.1601
0 0 0 0 1 17.8399
0 0 0 0 1 17.7809
0 0 0 0 1 17.539
0 0 0 0 0 17.5734
0 0 0 0 0 17.1388
0 0 0 0 0 17.1191
0 0 0 0 1 16.8602
0 0 0 0 1 16.6216
0 0 0 0 1 16.4255
0 0 0 0 0 16.3705
0 0 0 0 1 16.0866
0 0 0 0 1 16.2078
0 0 0 0 0 15.8389
0 0 0 0 1 15.8853
0 0 0 0 1 15.6309
0 0 0 0 1 15.5806
0 0 0 0 1 15.4085
0 0 0 0 1 15.1738
0 0 0 0 1 15.2613
0 0 0 0 1 14.9316
0 0 0 0 1 15.0249
0 0 0 0 1 14.693
0 0 0 0 1 14.5317
0 0 0 0 1 14.441
0 0 0 0 1 14.4479
0 0 0 0 1 14.2477
0 0 0 0 0 14.2986
0 0 0 0 0 14.108
0 0 0 0 1 14.0223
0 0 0 0 1 13.7565
0 0 0 0 1 13.8731
0 0 0 0 1 13.6952
0 0 0 0 1 13.5371
0 0 0 0 1 13.3617
0 0 0 0 0 13.2461
0 0 0 0 1 13.3913
0 0 0 0 0 13.27
0 0 0 0 1 13.0187
0 0 0 0 1 13.0295
0 0 0 0 1 12.8457
0 0 0 0 1 12.7103
0 0 0 0 1 12.7707
0 0 0 0 1 12.6989
0 0 0 0 1 12.6147
0 0 0 0 1 12.3438
0 0 0 0 1 12.4716
0 0 0 0 1 12.4208
0 0 0 0 1 12.1906
0 0 0 0 1 12.165
0 0 0 0 1 12.1752
0 0 0 0 1 11.9448
0 0 0 0 1 11.8118
0 0 0 0 1 11.9286
0 0 0 0 1 11.7607
0 0 0 0 0 11.7931
0 0 0 0 1 11.6035
0 0 0 0 1 11.5854
0 0 0 0 1 11.613
0 0 0 0 1 11.346
0 0 0 0 1 11.294
0 0 0 0 1 11.3584
0 0 0 0 1 11.2015
0 0 0 0 1 11.1608
0 0 0 0 0 11.1312
0 0 0 0 1 11.0021
0 0 0 0 1 10.9947
0 0 0 0 1 10.8745
0 0 0 0 1 10.8096
0 0 0 0 0 10.708
0 0 0 0 1 10.7835
0 0 0 0 1 10.7759
0 0 0 0 1 10.7007
0 0 0 0 0 10.5729
0 0 0 0 0 10.6359
0 0 0 0 1 10.5615
0 0 0 0 0 10.4875
0 0 0 0 1 10.4452
0 0 0 0 1 10.2788
0 0 0 0 1 10.2858
0 0 0 0 1 10.2339
0 0 0 0 1 10.2332
0 0 0 0 1 10.0496
0 0 0 0 1 10.1574
0 0 0 0 1 9.9726
0 0 0 0 1 10.0221
0 0 0 0 1 9.98851
0 0 0 0 0 9.96492
0 0 0 0 1 9.78337
0 0 0 0 1 9.90792
0 0 0 0 1 9.84787
0 0 0 0 1 9.70765
0 0 0 0 1 9.72358
0 0 0 0 1 9.5751
0 0 0 0 1 9.70387
0 0 0 0 1 9.58507
0 0 0 0 1 9.61966
0 0 0 0 1 9.57785
0 0 0 0 1 9.4675
0 0 0 0 1 9.3228
0 0 0 0 1 9.3386
0 0 0 0 1 9.40079
0 0 0 0 0 9.37613
0 0 0 0 1 9.16883
0 0 0 0 1 9.17268
0 0 0 0 1 9.14883
0 0 0 0 0 9.14338
0 0 0 0 0 9.2043
0 0 0 0 1 9.14398
0 0 0 0 1 8.98439
0 0 0 0 1 9.04246
0 0 0 0 0 8.97415
0 0 0 0 1 8.97153
0 0 0 0 1 8.89494
0 0 0 0 1 8.80106
0 0 0 0 1 8.84952
0 0 0 0 1 8.90641
0 0 0 0 1 8.70777
0 0 0 0 1 8.82349
0 0 0 0 1 8.6639
0 0 0 0 1 8.63952
0 0 0 0 1 8.74805
0 0 0 0 1 8.61968
0 0 0 0 0 8.54909
0 0 0 0 1 8.65416
0 0 0 0 1 8.55557
0 0 0 0 1 8.50621
0 0 0 0 1 8.49382
0 0 0 0 1 8.51544
0 0 0 0 1 8.44126
0 0 0 0 0 8.46291
0 0 0 0 1 8.46499
0 0 0 0 0 8.31887
0 0 0 0 1 8.38818
0 0 0 0 1 8.39046
0 0 0 0 0 8.26251
0 0 0 0 1 8.30654
0 0 0 0 1 8.18794
0 0 0 0 1 8.18255
0 0 0 0 1 8.21825
0 0 0 0 0 8.10104
0 0 0 0 1 8.11231
0 0 0 0 0 8.05844
0 0 0 0 1 8.15912
0 0 0 0 1 8.07307
0 0 0 0 1 8.04444
0 0 0 0 1 8.03981
0 0 0 0 1 8.09156
0 0 0 0 1 7.99064
0 0 0 0 1 7.98631
0 0 0 0 1 7.97406
0 0 0 0 1 8.01261
0 0 0 0 1 7.8943
0 0 0 0 1 7.89837
0 0 0 0 1 7.95779
0 0 0 0 1 7.90661
0 0 0 0 1 7.80855
0 0 0 0 1 7.915
0 0 0 0 1 7.81753
0 0 0 0 0 7.73621
0 0 0 0 1 7.77683
0 0 0 0 1 7.71939
0 0 0 0 0 7.82829
0 0 0 0 1 7.79898
0 0 0 0 1 7.78072
0 0 0 0 1 7.66696
0 0 0 0 0 7.63385
0 0 0 0 1 7.62399
0 0 0 0 1 7.58796
0 0 0 0 1 7.58603
0 0 0 0 0 7.66043
0 0 0 0 1 7.6628
0 0 0 0 0 7.65338
0 0 0 0 1 7.52289
0 0 0 0 1 7.58619
0 0 0 0 0 7.5018
0 0 0 0 1 7.50826
0 0 0 0 1 7.52631
0 0 0 0 0 7.48036
0 0 0 0 0 7.44969
0 0 0 0 1 7.40815
0 0 0 0 1 7.40779
0 0 0 0 0 7.4671
0 0 0 0 1 7.46696
0 0 0 0 1 7.39255
0 0 0 0 1 7.47413
0 0 0 0 0 7.43348
0 0 0 0 1 7.33037
0 0 0 0 1 7.34922
0 0 0 0 1 7.31656
0 0 0 0 1 7.31735
0 0 0 0 1 7.32562
0 0 0 0 1 7.31881
0 0 0 0 1 7.36382
0 0 0 0 1 7.23363
0 0 0 0 1 7.2749
0 0 0 0 1 7.23606
0 0 0 0 1 7.23059
0 0 0 0 0 7.30099
0 0 0 0 1 7.24083
0 0 0 0 1 7.2647
0 0 0 0 1 7.24833
