0 0 0 0 1 5.19734
0 0 0 0 1 5.20341
0 0 0 0 1 5.22307
0 0 0 0 1 5.20843
0 0 0 0 1 5.22313
0 0 0 0 1 5.29241
0 0 0 0 1 5.29896
0 0 0 0 1 5.21955
0 0 0 0 0 5.21564
0 0 0 0 1 5.30134
0 0 0 0 1 5.32745
0 0 0 0 0 5.25326
0 0 0 0 1 5.24431
0 0 0 0 1 5.26721
0 0 0 0 1 5.35225
0 0 0 0 1 5.28501
0 0 0 0 1 5.33855
0 0 0 0 0 5.30856
0 0 0 0 0 5.30898
0 0 0 0 0 5.3379
0 0 0 0 0 5.36003
0 0 0 0 0 5.35696
0 0 0 0 0 5.40093
0 0 0 0 1 5.44518
0 0 0 0 1 5.41533
0 0 0 0 1 5.39084
0 0 0 0 1 5.37577
0 0 0 0 1 5.49678
0 0 0 0 1 5.50932
0 0 0 0 0 5.41942
0 0 0 0 1 5.5141
0 0 0 0 1 5.47208
0 0 0 0 0 5.51912
0 0 0 0 1 5.46174
0 0 0 0 1 5.56855
0 0 0 0 1 5.58742
0 0 0 0 0 5.48999
0 0 0 0 1 5.60441
0 0 0 0 1 5.54572
0 0 0 0 0 5.60959
0 0 0 0 1 5.6412
0 0 0 0 1 5.62721
0 0 0 0 0 5.60759
0 0 0 0 1 5.57665
0 0 0 0 1 5.61428
0 0 0 0 1 5.69645
0 0 0 0 1 5.65349
0 0 0 0 1 5.65752
0 0 0 0 1 5.74058
0 0 0 0 1 5.66408
0 0 0 0 1 5.69611
0 0 0 0 0 5.78072
0 0 0 0 1 5.8011
0 0 0 0 1 5.77031
0 0 0 0 1 5.76835
0 0 0 0 0 5.76126
0 0 0 0 1 5.86403
0 0 0 0 1 5.86185
0 0 0 0 1 5.80228
0 0 0 0 1 5.81224
0 0 0 0 0 5.92179
0 0 0 0 0 5.92675
0 0 0 0 1 5.90172
0 0 0 0 1 5.87606
0 0 0 0 1 5.99361
0 0 0 0 1 5.93874
0 0 0 0 0 6.00927
0 0 0 0 0 6.0018
0 0 0 0 1 6.06125
0 0 0 0 1 5.99957
0 0 0 0 1 6.11963
0 0 0 0 0 6.08848
0 0 0 0 1 6.11198
0 0 0 0 1 6.07421
0 0 0 0 1 6.11037
0 0 0 0 1 6.10927
0 0 0 0 1 6.21932
0 0 0 0 0 6.13233
0 0 0 0 1 6.18096
0 0 0 0 1 6.21124
0 0 0 0 0 6.20438
0 0 0 0 1 6.31664
0 0 0 0 0 6.31619
0 0 0 0 1 6.34109
0 0 0 0 0 6.39774
0 0 0 0 1 6.38476
0 0 0 0 1 6.41005
0 0 0 0 1 6.40336
0 0 0 0 1 6.39014
0 0 0 0 1 6.51243
0 0 0 0 1 6.42817
0 0 0 0 1 6.44086
0 0 0 0 1 6.57095
0 0 0 0 1 6.52513
0 0 0 0 1 6.5644
0 0 0 0 1 6.5577
0 0 0 0 1 6.65688
0 0 0 0 1 6.5971
0 0 0 0 1 6.67034
0 0 0 0 1 6.64352
0 0 0 0 1 6.66352
0 0 0 0 1 6.7309
0 0 0 0 1 6.75803
0 0 0 0 1 6.82615
0 0 0 0 1 6.89473
0 0 0 0 0 6.79894
0 0 0 0 1 6.83327
0 0 0 0 1 6.97165
0 0 0 0 0 6.99991
0 0 0 0 1 6.93737
0 0 0 0 1 7.04957
0 0 0 0 1 7.02174
0 0 0 0 1 7.10674
0 0 0 0 1 7.1711
0 0 0 0 1 7.07863
0 0 0 0 1 7.21487
0 0 0 0 1 7.19353
0 0 0 0 1 7.22258
0 0 0 0 1 7.32443
0 0 0 0 1 7.3394
0 0 0 0 1 7.31024
0 0 0 0 0 7.39866
0 0 0 0 1 7.39138
0 0 0 0 0 7.39125
0 0 0 0 1 7.48075
0 0 0 0 0 7.49567
0 0 0 0 0 7.53319
0 0 0 0 1 7.58606
0 0 0 0 1 7.63158
0 0 0 0 1 7.6159
0 0 0 0 1 7.73098
0 0 0 0 1 7.80817
0 0 0 0 0 7.81573
0 0 0 0 1 7.90145
0 0 0 0 0 7.91688
0 0 0 0 1 7.85275
0 0 0 0 0 7.90738
0 0 0 0 1 8.0583
0 0 0 0 1 7.99309
0 0 0 0 1 8.15355
0 0 0 0 1 8.10354
0 0 0 0 1 8.20858
0 0 0 0 1 8.18203
0 0 0 0 1 8.3709
0 0 0 0 0 8.31082
0 0 0 0 0 8.45967
0 0 0 0 0 8.52541
0 0 0 0 1 8.50624
0 0 0 0 1 8.5038
0 0 0 0 1 8.64704
0 0 0 0 0 8.67869
0 0 0 0 1 8.62364
0 0 0 0 1 8.83009
0 0 0 0 1 8.78208
0 0 0 0 0 8.88476
0 0 0 0 1 8.86266
0 0 0 0 1 8.91982
0 0 0 0 0 8.99592
0 0 0 0 0 9.02687
0 0 0 0 1 9.14931
0 0 0 0 0 9.16115
0 0 0 0 1 9.31274
0 0 0 0 0 9.4368
0 0 0 0 1 9.41192
0 0 0 0 0 9.55497
0 0 0 0 0 9.64283
0 0 0 0 1 9.56735
0 0 0 0 1 9.73257
0 0 0 0 0 9.79185
0 0 0 0 1 9.78101
0 0 0 0 1 10.0084
0 0 0 0 0 10.0472
0 0 0 0 1 10.0452
0 0 0 0 1 10.1133
0 0 0 0 1 10.1506
0 0 0 0 1 10.3938
0 0 0 0 1 10.4942
0 0 0 0 1 10.5412
0 0 0 0 1 10.4943
0 0 0 0 1 10.6034
0 0 0 0 1 10.638
0 0 0 0 0 10.789
0 0 0 0 1 10.8339
0 0 0 0 1 11.0084
0 0 0 0 1 11.2067
0 0 0 0 1 11.1041
0 0 0 0 1 11.349
0 0 0 0 1 11.3455
0 0 0 0 1 11.5798
0 0 0 0 1 11.6539
0 0 0 0 1 11.7654
0 0 0 0 1 11.8363
0 0 0 0 1 12.041
0 0 0 0 1 12.1843
0 0 0 0 1 12.1089
0 0 0 0 0 12.3378
0 0 0 0 1 12.5037
0 0 0 0 1 12.4352
0 0 0 0 1 12.753
0 0 0 0 1 12.7544
0 0 0 0 1 12.8792
0 0 0 0 1 12.9909
0 0 0 0 1 13.1155
0 0 0 0 1 13.276
0 0 0 0 0 13.5453
0 0 0 0 0 13.585
0 0 0 0 1 13.8117
0 0 0 0 0 14.1242
0 0 0 0 0 14.129
0 0 0 0 0 14.2114
0 0 0 0 1 14.524
0 0 0 0 1 14.7031
0 0 0 0 1 14.877
0 0 0 0 0 14.921
0 0 0 0 1 15.1541
0 0 0 0 0 15.2901
0 0 0 0 0 15.6124
0 0 0 0 1 15.7798
0 0 0 0 1 16.2063
0 0 0 0 1 16.1021
0 0 0 0 1 16.5169
0 0 0 0 1 16.756
0 0 0 0 1 17.1141
0 0 0 0 1 14.6121
0 0 0 0 0 14.4897
0 0 0 0 0 14.692
0 0 0 0 0 14.7016
0 0 0 0 1 14.6969
0 0 0 0 1 14.5788
0 0 0 0 1 14.4148
0 0 0 0 0 14.4429
0 0 0 0 1 14.5989
0 0 0 0 1 14.5667
0 0 0 0 1 14.3203
0 0 0 0 1 14.537
0 0 0 0 1 14.3469
0 0 0 0 1 14.5323
0 0 0 0 1 14.3599
0 0 0 0 1 14.519
0 0 0 0 1 14.3595
0 0 0 0 1 14.3464
0 0 0 0 1 14.2884
0 0 0 0 1 14.3475
0 0 0 0 1 14.2636
0 0 0 0 1 14.4498
0 0 0 0 1 14.1663
0 0 0 0 1 14.1957
0 0 0 0 1 14.1988
0 0 0 0 0 14.2448
0 0 0 0 1 14.1057
0 0 0 0 1 14.1647
0 0 0 0 1 14.0976
0 0 0 0 1 14.1872
0 0 0 0 1 14.261
0 0 0 0 1 14.4579
0 0 0 0 0 14.7772
0 0 0 0 0 15.0607
0 0 0 0 1 15.5743
0 0 0 0 1 16.1053
0 0 0 0 1 16.736
0 0 0 0 1 17.1733
0 0 0 0 0 17.6781
0 0 0 0 0 40.9483
0 0 0 0 1 41.7833
0 0 0 0 1 44.0008
0 0 0 0 1 45.8852
0 0 0 0 0 47.1257
0 0 0 0 1 49.1725
0 0 0 0 0 42.3789
0 0 0 0 1 42.5734
0 0 0 0 1 42.007
0 0 0 0 0 42.372
0 0 0 0 1 42.3566
0 0 0 0 1 42.3851
0 0 0 0 1 42.4135
0 0 0 0 1 42.4013
0 0 0 0 1 41.7566
0 0 0 0 0 42.0834
0 0 0 0 0 42.2423
0 0 0 0 1 46.2105
0 0 0 0 0 5.03004
0 0 0 0 0 5.03505
0 0 0 0 0 5.04006
0 0 0 0 0 5.01501
0 0 0 0 0 34.9645
0 0 0 0 1 35.0667
0 0 0 0 1 34.9227
0 0 0 0 1 34.9555
0 0 0 0 1 35.1655
0 0 0 0 1 35.094
0 0 0 0 1 35.2347
0 0 0 0 0 35.623
0 0 0 0 0 35.0245
0 0 0 0 1 35.4846
0 0 0 0 1 35.5222
0 0 0 0 1 35.1726
0 0 0 0 1 35.4937
0 0 0 0 0 5.01501
0 0 0 0 0 4.97994
0 0 0 0 0 4.99497
0 0 0 0 0 4.96992
0 0 0 0 0 5.04507
0 0 0 0 0 4.98996
0 0 0 0 0 5.05008
0 0 0 0 0 4.96491
0 0 0 0 0 4.9599
0 0 0 0 1 95.7235
0 0 0 0 0 90.1474
0 0 0 0 1 85.8446
0 0 0 0 1 81.7774
0 0 0 0 1 23.2222
0 0 0 0 1 21.9415
0 0 0 0 1 21.0095
0 0 0 0 1 20.2623
0 0 0 0 0 19.9285
0 0 0 0 1 20.1193
0 0 0 0 1 20.1897
0 0 0 0 1 20.3211
0 0 0 0 0 20.1088
0 0 0 0 1 20.3419
0 0 0 0 1 20.1718
0 0 0 0 1 20.1635
0 0 0 0 0 20.1758
0 0 0 0 1 20.0469
0 0 0 0 1 20.1408
0 0 0 0 0 20.0935
0 0 0 0 0 20.4316
0 0 0 0 1 20.162
0 0 0 0 1 20.2172
0 0 0 0 1 20.415
0 0 0 0 1 20.2678
0 0 0 0 1 20.4446
0 0 0 0 0 20.3405
0 0 0 0 1 20.4793
0 0 0 0 1 20.4352
0 0 0 0 0 34.6159
0 0 0 0 1 34.4928
0 0 0 0 1 33.7044
0 0 0 0 0 32.5308
0 0 0 0 1 31.946
0 0 0 0 1 31.4732
0 0 0 0 1 30.6838
0 0 0 0 1 30.2856
0 0 0 0 1 29.6921
0 0 0 0 0 29.3364
0 0 0 0 1 29.0216
0 0 0 0 0 28.3709
0 0 0 0 1 27.4952
0 0 0 0 1 27.1987
0 0 0 0 1 26.7994
0 0 0 0 1 26.4349
0 0 0 0 1 26.0714
0 0 0 0 1 25.3485
0 0 0 0 1 25.1746
0 0 0 0 1 24.93
0 0 0 0 0 24.6858
0 0 0 0 0 23.9323
0 0 0 0 1 23.851
0 0 0 0 1 23.2805
0 0 0 0 0 23.3174
0 0 0 0 1 22.5438
0 0 0 0 1 22.2774
0 0 0 0 1 21.9309
0 0 0 0 1 21.7266
0 0 0 0 0 21.7888
0 0 0 0 0 21.2232
0 0 0 0 1 21.0344
0 0 0 0 1 20.978
0 0 0 0 1 20.4839
0 0 0 0 1 20.3926
0 0 0 0 1 20.0266
0 0 0 0 0 19.9109
0 0 0 0 1 19.5188
0 0 0 0 1 19.5077
0 0 0 0 1 19.0903
0 0 0 0 1 18.7438
0 0 0 0 1 18.6156
0 0 0 0 1 18.6156
0 0 0 0 1 18.3553
0 0 0 0 1 17.9247
0 0 0 0 0 17.8041
0 0 0 0 0 17.6212
0 0 0 0 1 17.5918
0 0 0 0 1 17.2254
0 0 0 0 1 17.3455
0 0 0 0 1 17.1532
0 0 0 0 1 16.8433
0 0 0 0 1 16.8724
0 0 0 0 1 16.591
0 0 0 0 1 16.3377
0 0 0 0 1 16.0866
0 0 0 0 0 16.0147
0 0 0 0 0 15.8548
0 0 0 0 1 15.7746
0 0 0 0 0 15.5056
0 0 0 0 1 15.6582
0 0 0 0 1 15.4701
0 0 0 0 1 15.3415
0 0 0 0 1 15.0646
0 0 0 0 1 15.0516
0 0 0 0 1 15.01
0 0 0 0 1 14.7963
0 0 0 0 0 14.5902
0 0 0 0 1 14.6152
0 0 0 0 1 14.5199
0 0 0 0 1 14.3761
0 0 0 0 1 14.2278
0 0 0 0 1 14.0939
0 0 0 0 1 13.8408
0 0 0 0 1 13.9781
0 0 0 0 1 13.7219
0 0 0 0 1 13.6269
0 0 0 0 0 13.6726
0 0 0 0 1 13.4021
0 0 0 0 1 13.2594
0 0 0 0 1 13.1791
0 0 0 0 0 13.2832
0 0 0 0 1 13.1364
0 0 0 0 1 12.8997
0 0 0 0 0 12.8586
0 0 0 0 1 12.8895
0 0 0 0 1 12.7453
0 0 0 0 1 12.6989
0 0 0 0 1 12.5269
0 0 0 0 0 12.3313
0 0 0 0 1 12.3973
0 0 0 0 1 12.2855
0 0 0 0 1 12.0929
0 0 0 0 1 12.08
0 0 0 0 1 12.1028
0 0 0 0 1 12.0527
0 0 0 0 1 11.9429
0 0 0 0 1 11.7509
0 0 0 0 1 11.7254
0 0 0 0 1 11.5942
0 0 0 0 0 11.6384
0 0 0 0 1 11.4698
0 0 0 0 1 11.5211
0 0 0 0 1 11.506
0 0 0 0 1 11.3508
0 0 0 0 1 11.2342
0 0 0 0 1 11.325
0 0 0 0 0 11.2278
0 0 0 0 1 11.0423
0 0 0 0 1 11.0021
0 0 0 0 1 11.0606
0 0 0 0 1 10.8855
0 0 0 0 1 10.9074
0 0 0 0 1 10.816
0 0 0 0 1 10.7728
0 0 0 0 0 10.808
0 0 0 0 1 10.6794
0 0 0 0 0 10.6577
0 0 0 0 1 10.541
0 0 0 0 1 10.5195
0 0 0 0 1 10.4353
0 0 0 0 1 10.4763
0 0 0 0 1 10.2788
0 0 0 0 0 10.2343
0 0 0 0 1 10.2749
0 0 0 0 1 10.2943
0 0 0 0 0 10.1713
0 0 0 0 1 10.107
0 0 0 0 1 10.1033
0 0 0 0 1 10.0821
0 0 0 0 1 9.97855
0 0 0 0 0 9.8856
0 0 0 0 0 9.85248
0 0 0 0 1 9.90792
0 0 0 0 1 9.79897
0 0 0 0 1 9.68818
0 0 0 0 1 9.60725
0 0 0 0 1 9.62336
0 0 0 0 1 9.58847
0 0 0 0 1 9.51804
0 0 0 0 1 9.58152
0 0 0 0 1 9.42597
0 0 0 0 1 9.4675
0 0 0 0 1 9.48289
0 0 0 0 1 9.31047
0 0 0 0 1 9.30744
0 0 0 0 1 9.26451
0 0 0 0 0 9.24292
0 0 0 0 1 9.25573
0 0 0 0 1 9.14883
0 0 0 0 1 9.13422
0 0 0 0 1 9.19518
0 0 0 0 1 9.13489
0 0 0 0 1 9.01156
0 0 0 0 1 8.94319
0 0 0 0 1 8.96516
0 0 0 0 1 9.00734
0 0 0 0 1 8.83249
0 0 0 0 1 8.8544
0 0 0 0 1 8.92924
0 0 0 0 1 8.88875
0 0 0 0 1 8.73416
0 0 0 0 1 8.69192
0 0 0 0 1 8.69884
0 0 0 0 1 8.73532
0 0 0 0 1 8.73937
0 0 0 0 1 8.63699
0 0 0 0 1 8.66112
0 0 0 0 1 8.50806
0 0 0 0 1 8.53844
0 0 0 0 1 8.47205
0 0 0 0 0 8.43425
0 0 0 0 1 8.43062
0 0 0 0 1 8.52584
0 0 0 0 0 8.46291
0 0 0 0 1 8.32209
0 0 0 0 1 8.45292
0 0 0 0 1 8.40489
0 0 0 0 0 8.30713
0 0 0 0 1 8.28742
0 0 0 0 1 8.35623
0 0 0 0 1 8.20444
0 0 0 0 1 8.26487
0 0 0 0 1 8.16078
0 0 0 0 1 8.23196
0 0 0 0 0 8.07967
0 0 0 0 0 8.18867
0 0 0 0 1 8.09417
0 0 0 0 1 8.03258
0 0 0 0 1 8.15763
0 0 0 0 0 8.08013
0 0 0 0 1 8.08351
0 0 0 0 1 7.99064
0 0 0 0 1 8.07433
0 0 0 0 1 7.97406
0 0 0 0 1 7.9967
0 0 0 0 1 7.99755
0 0 0 0 1 7.98551
0 0 0 0 1 7.87086
0 0 0 0 1 7.85931
0 0 0 0 1 7.94224
0 0 0 0 1 7.87578
0 0 0 0 0 7.80188
0 0 0 0 1 7.77525
0 0 0 0 1 7.85475
0 0 0 0 1 7.82045
0 0 0 0 1 7.74303
0 0 0 0 1 7.80672
0 0 0 0 0 7.72669
0 0 0 0 1 7.75943
0 0 0 0 0 7.67998
0 0 0 0 0 7.68535
0 0 0 0 1 7.73344
0 0 0 0 1 7.68535
0 0 0 0 1 7.5842
0 0 0 0 0 7.65519
0 0 0 0 1 7.55468
0 0 0 0 0 7.56835
0 0 0 0 1 7.61644
0 0 0 0 1 7.61501
0 0 0 0 0 7.58357
0 0 0 0 1 7.4812
0 0 0 0 1 7.52537
0 0 0 0 1 7.43471
0 0 0 0 1 7.43806
0 0 0 0 1 7.39287
0 0 0 0 1 7.41498
0 0 0 0 1 7.50415
0 0 0 0 1 7.42967
0 0 0 0 1 7.47413
0 0 0 0 0 7.43348
0 0 0 0 1 7.32299
0 0 0 0 1 7.35659
0 0 0 0 1 7.35336
0 0 0 0 1 7.33205
0 0 0 0 1 7.31829
0 0 0 0 0 7.37009
0 0 0 0 0 7.37113
0 0 0 0 1 7.24823
0 0 0 0 1 7.2749
0 0 0 0 1 7.2579
0 0 0 0 1 7.33959
0 0 0 0 1 7.23567
0 0 0 0 1 7.28432
0 0 0 0 1 7.1634
0 0 0 0 1 7.28447
