0 0 0 0 1 5.15052
0 0 0 0 0 5.2555
0 0 0 0 1 5.18133
0 0 0 0 1 5.25544
0 0 0 0 1 5.26499
0 0 0 0 1 5.28193
0 0 0 0 0 5.27273
0 0 0 0 0 5.21955
0 0 0 0 0 5.25248
0 0 0 0 1 5.25919
0 0 0 0 1 5.31161
0 0 0 0 1 5.30087
0 0 0 0 1 5.34496
0 0 0 0 1 5.29373
0 0 0 0 1 5.27252
0 0 0 0 1 5.33823
0 0 0 0 1 5.36522
0 0 0 0 1 5.38866
0 0 0 0 1 5.30898
0 0 0 0 1 5.30574
0 0 0 0 1 5.40837
0 0 0 0 1 5.36234
0 0 0 0 1 5.3632
0 0 0 0 1 5.36955
0 0 0 0 1 5.41533
0 0 0 0 1 5.4396
0 0 0 0 1 5.41378
0 0 0 0 0 5.46412
0 0 0 0 1 5.43295
0 0 0 0 1 5.51229
0 0 0 0 0 5.44839
0 0 0 0 1 5.46659
0 0 0 0 1 5.48614
0 0 0 0 1 5.47275
0 0 0 0 0 5.49128
0 0 0 0 0 5.54869
0 0 0 0 1 5.50663
0 0 0 0 1 5.55998
0 0 0 0 1 5.54015
0 0 0 0 0 5.62076
0 0 0 0 1 5.61884
0 0 0 0 1 5.59358
0 0 0 0 1 5.63568
0 0 0 0 1 5.64988
0 0 0 0 1 5.64813
0 0 0 0 0 5.71342
0 0 0 0 1 5.6989
0 0 0 0 1 5.66889
0 0 0 0 0 5.68927
0 0 0 0 1 5.70409
0 0 0 0 1 5.71903
0 0 0 0 0 5.7922
0 0 0 0 1 5.8011
0 0 0 0 0 5.71833
0 0 0 0 1 5.76835
0 0 0 0 1 5.79607
0 0 0 0 1 5.8524
0 0 0 0 1 5.8852
0 0 0 0 0 5.88416
0 0 0 0 0 5.85329
0 0 0 0 1 5.90413
0 0 0 0 1 5.86778
0 0 0 0 1 5.88398
0 0 0 0 0 5.94729
0 0 0 0 1 5.99361
0 0 0 0 1 6.02827
0 0 0 0 1 5.97934
0 0 0 0 1 5.99579
0 0 0 0 1 6.04319
0 0 0 0 1 6.02374
0 0 0 0 1 6.02875
0 0 0 0 0 6.01556
0 0 0 0 1 6.06323
0 0 0 0 0 6.14149
0 0 0 0 1 6.1594
0 0 0 0 1 6.18309
0 0 0 0 1 6.20079
0 0 0 0 1 6.13233
0 0 0 0 1 6.1996
0 0 0 0 1 6.21748
0 0 0 0 1 6.21063
0 0 0 0 1 6.29155
0 0 0 0 1 6.28471
0 0 0 0 1 6.36636
0 0 0 0 1 6.31531
0 0 0 0 1 6.35293
0 0 0 0 1 6.42282
0 0 0 0 1 6.40336
0 0 0 0 0 6.46736
0 0 0 0 1 6.48661
0 0 0 0 1 6.46705
0 0 0 0 1 6.48636
0 0 0 0 0 6.5579
0 0 0 0 1 6.6103
0 0 0 0 1 6.53155
0 0 0 0 0 6.62367
0 0 0 0 1 6.64362
0 0 0 0 1 6.67025
0 0 0 0 1 6.71707
0 0 0 0 1 6.75749
0 0 0 0 1 6.77795
0 0 0 0 1 6.73766
0 0 0 0 1 6.76481
0 0 0 0 1 6.78528
0 0 0 0 1 6.90157
0 0 0 0 1 6.89508
0 0 0 0 1 6.86778
0 0 0 0 1 6.89549
0 0 0 0 1 7.02774
0 0 0 0 1 6.93038
0 0 0 0 0 7.07763
0 0 0 0 1 7.06404
0 0 0 0 1 7.14213
0 0 0 0 1 7.1213
0 0 0 0 1 7.15006
0 0 0 0 1 7.23641
0 0 0 0 1 7.24399
0 0 0 0 1 7.22258
0 0 0 0 1 7.21533
0 0 0 0 1 7.36134
0 0 0 0 1 7.3763
0 0 0 0 1 7.33227
0 0 0 0 1 7.4062
0 0 0 0 1 7.42105
0 0 0 0 1 7.44331
0 0 0 0 1 7.49567
0 0 0 0 1 7.50294
0 0 0 0 0 7.63927
0 0 0 0 1 7.60103
0 0 0 0 1 7.60822
0 0 0 0 1 7.70012
0 0 0 0 1 7.76937
0 0 0 0 1 7.81573
0 0 0 0 1 7.90145
0 0 0 0 1 7.82225
0 0 0 0 1 8.00346
0 0 0 0 1 8.011
0 0 0 0 1 8.07433
0 0 0 0 1 8.08172
0 0 0 0 1 8.03197
0 0 0 0 1 8.21767
0 0 0 0 1 8.24134
0 0 0 0 1 8.2975
0 0 0 0 0 8.33774
0 0 0 0 1 8.27745
0 0 0 0 1 8.4177
0 0 0 0 1 8.49165
0 0 0 0 1 8.56572
0 0 0 0 1 8.6149
0 0 0 0 1 8.62125
0 0 0 0 1 8.62677
0 0 0 0 0 8.78028
0 0 0 0 1 8.68132
0 0 0 0 1 8.82617
0 0 0 0 1 8.89362
0 0 0 0 1 8.94298
0 0 0 0 1 9.08167
0 0 0 0 1 8.96877
0 0 0 0 1 9.11796
0 0 0 0 1 9.13097
0 0 0 0 0 9.14268
0 0 0 0 0 9.25697
0 0 0 0 1 9.39935
0 0 0 0 1 9.35539
0 0 0 0 1 9.48848
0 0 0 0 1 9.62369
0 0 0 0 0 9.54808
0 0 0 0 1 9.62584
0 0 0 0 1 9.68436
0 0 0 0 1 9.82041
0 0 0 0 1 9.939
0 0 0 0 1 9.95721
0 0 0 0 1 10.0351
0 0 0 0 1 10.0523
0 0 0 0 1 10.3041
0 0 0 0 1 10.2701
0 0 0 0 0 10.328
0 0 0 0 0 10.4049
0 0 0 0 1 10.4732
0 0 0 0 1 10.6034
0 0 0 0 1 10.7668
0 0 0 0 0 10.8865
0 0 0 0 1 10.8994
0 0 0 0 0 11.1296
0 0 0 0 1 11.2289
0 0 0 0 1 11.1266
0 0 0 0 1 11.3603
0 0 0 0 1 11.5168
0 0 0 0 1 11.43
0 0 0 0 1 11.5492
0 0 0 0 1 11.6481
0 0 0 0 1 11.7652
0 0 0 0 0 12.029
0 0 0 0 1 12.0153
0 0 0 0 1 12.2309
0 0 0 0 1 12.3994
0 0 0 0 1 12.3419
0 0 0 0 0 12.5482
0 0 0 0 0 12.791
0 0 0 0 1 12.78
0 0 0 0 1 12.9051
0 0 0 0 1 13.0695
0 0 0 0 1 13.2081
0 0 0 0 0 13.3162
0 0 0 0 1 13.4777
0 0 0 0 1 13.7082
0 0 0 0 1 13.784
0 0 0 0 1 13.8862
0 0 0 0 1 14.2706
0 0 0 0 1 14.3833
0 0 0 0 1 14.466
0 0 0 0 0 14.7031
0 0 0 0 1 14.8324
0 0 0 0 1 15.0714
0 0 0 0 1 15.1846
0 0 0 0 1 15.4753
0 0 0 0 1 15.5655
0 0 0 0 1 15.7481
0 0 0 0 1 16.1903
0 0 0 0 1 16.2485
0 0 0 0 0 16.6488
0 0 0 0 1 16.6891
0 0 0 0 1 17.0632
0 0 0 0 1 14.7292
0 0 0 0 1 14.7675
0 0 0 0 1 14.619
0 0 0 0 1 14.512
0 0 0 0 1 14.4347
0 0 0 0 1 14.6806
0 0 0 0 1 14.6473
0 0 0 0 1 14.3703
0 0 0 0 1 14.6424
0 0 0 0 1 14.335
0 0 0 0 0 14.4939
0 0 0 0 1 14.4936
0 0 0 0 0 14.4912
0 0 0 0 0 14.2728
0 0 0 0 1 14.3743
0 0 0 0 1 14.4327
0 0 0 0 1 14.2589
0 0 0 0 1 14.3034
0 0 0 0 1 14.3745
0 0 0 0 1 14.2902
0 0 0 0 0 14.4497
0 0 0 0 1 14.364
0 0 0 0 0 14.1806
0 0 0 0 1 14.3528
0 0 0 0 0 14.4128
0 0 0 0 1 14.3303
0 0 0 0 0 14.1912
0 0 0 0 1 14.2786
0 0 0 0 1 14.3252
0 0 0 0 1 14.2867
0 0 0 0 1 14.2752
0 0 0 0 1 14.2138
0 0 0 0 1 14.8068
0 0 0 0 1 15.3039
0 0 0 0 1 15.6056
0 0 0 0 1 16.0892
0 0 0 0 1 16.7693
0 0 0 0 1 17.1561
0 0 0 0 1 17.785
0 0 0 0 1 40.5823
0 0 0 0 1 41.9098
0 0 0 0 1 43.5192
0 0 0 0 1 45.2934
0 0 0 0 1 47.2205
0 0 0 0 1 49.2219
0 0 0 0 1 42.2521
0 0 0 0 1 42.1084
0 0 0 0 1 42.007
0 0 0 0 1 41.865
0 0 0 0 1 41.9343
0 0 0 0 1 42.3851
0 0 0 0 0 41.9493
0 0 0 0 1 41.7685
0 0 0 0 1 42.1362
0 0 0 0 1 41.9569
0 0 0 0 1 42.2001
0 0 0 0 1 45.4327
0 0 0 0 0 4.99497
0 0 0 0 0 5.0601
0 0 0 0 0 5.04507
0 0 0 0 0 5.03004
0 0 0 0 1 35.0703
0 0 0 0 1 35.4901
0 0 0 0 1 35.346
0 0 0 0 1 35.1672
0 0 0 0 0 35.0245
0 0 0 0 0 35.5172
0 0 0 0 1 35.6227
0 0 0 0 1 35.094
0 0 0 0 0 35.483
0 0 0 0 1 34.9908
0 0 0 0 1 35.0989
0 0 0 0 1 35.4901
0 0 0 0 1 35.2467
0 0 0 0 0 5.04006
0 0 0 0 0 5.00499
0 0 0 0 0 4.97994
0 0 0 0 0 4.98495
0 0 0 0 0 5.04006
0 0 0 0 0 5.00499
0 0 0 0 0 5.04006
0 0 0 0 0 5.01501
0 0 0 0 0 4.96992
0 0 0 0 1 96.4878
0 0 0 0 1 90.5076
0 0 0 0 1 84.65
0 0 0 0 1 81.2916
0 0 0 0 1 23.036
0 0 0 0 1 22.3405
0 0 0 0 1 21.2422
0 0 0 0 1 20.1408
0 0 0 0 0 20.1701
0 0 0 0 1 20.0387
0 0 0 0 1 20.1696
0 0 0 0 1 20.3614
0 0 0 0 0 19.9677
0 0 0 0 1 20.019
0 0 0 0 1 20.2324
0 0 0 0 0 20.0423
0 0 0 0 1 20.2769
0 0 0 0 1 20.3301
0 0 0 0 1 20.323
0 0 0 0 0 20.3163
0 0 0 0 0 20.2289
0 0 0 0 1 20.446
0 0 0 0 0 20.2375
0 0 0 0 1 20.415
0 0 0 0 1 20.2069
0 0 0 0 1 20.2818
0 0 0 0 1 20.3201
0 0 0 0 1 20.459
0 0 0 0 0 20.1905
0 0 0 0 1 34.6159
0 0 0 0 1 34.2877
0 0 0 0 1 33.1689
0 0 0 0 1 32.7606
0 0 0 0 1 32.4607
0 0 0 0 1 31.3786
0 0 0 0 1 31.2096
0 0 0 0 1 30.0428
0 0 0 0 1 30.0494
0 0 0 0 1 29.1607
0 0 0 0 0 28.6476
0 0 0 0 1 28.4839
0 0 0 0 1 27.9118
0 0 0 0 1 27.1987
0 0 0 0 1 26.6114
0 0 0 0 1 26.3293
0 0 0 0 1 26.0454
0 0 0 0 1 25.502
0 0 0 0 1 25.0989
0 0 0 0 0 24.6072
0 0 0 0 1 24.7103
0 0 0 0 1 24.0528
0 0 0 0 0 23.9461
0 0 0 0 1 23.3039
0 0 0 0 1 22.9711
0 0 0 0 1 22.6349
0 0 0 0 1 22.3223
0 0 0 0 1 22.1081
0 0 0 0 0 21.8359
0 0 0 0 1 21.6594
0 0 0 0 1 21.2445
0 0 0 0 1 21.266
0 0 0 0 0 20.7285
0 0 0 0 1 20.6483
0 0 0 0 0 20.3926
0 0 0 0 1 20.0667
0 0 0 0 1 19.7723
0 0 0 0 1 19.695
0 0 0 0 0 19.4303
0 0 0 0 1 19.2242
0 0 0 0 0 18.8573
0 0 0 0 1 18.8027
0 0 0 0 1 18.6896
0 0 0 0 1 18.4651
0 0 0 0 0 18.1601
0 0 0 0 1 17.9832
0 0 0 0 1 17.8874
0 0 0 0 0 17.4336
0 0 0 0 1 17.2776
0 0 0 0 1 17.0872
0 0 0 0 1 17.0168
0 0 0 0 0 17.0121
0 0 0 0 1 16.5714
0 0 0 0 1 16.5082
0 0 0 0 1 16.3377
0 0 0 0 0 16.1353
0 0 0 0 1 16.1273
0 0 0 0 0 16.0143
0 0 0 0 0 15.822
0 0 0 0 0 15.5526
0 0 0 0 1 15.5962
0 0 0 0 0 15.2392
0 0 0 0 1 15.2043
0 0 0 0 1 15.1856
0 0 0 0 1 14.9167
0 0 0 0 1 14.8464
0 0 0 0 1 14.7078
0 0 0 0 0 14.751
0 0 0 0 1 14.6007
0 0 0 0 0 14.5055
0 0 0 0 0 14.319
0 0 0 0 1 14.3128
0 0 0 0 1 14.1643
0 0 0 0 1 13.9385
0 0 0 0 0 13.7703
0 0 0 0 1 13.6806
0 0 0 0 1 13.545
0 0 0 0 1 13.6726
0 0 0 0 1 13.429
0 0 0 0 1 13.4463
0 0 0 0 1 13.2985
0 0 0 0 1 13.1516
0 0 0 0 1 13.2017
0 0 0 0 1 12.8478
0 0 0 0 0 12.8199
0 0 0 0 1 12.7103
0 0 0 0 1 12.6437
0 0 0 0 0 12.5096
0 0 0 0 1 12.6397
0 0 0 0 1 12.5555
0 0 0 0 1 12.2612
0 0 0 0 0 12.2486
0 0 0 0 1 12.2639
0 0 0 0 1 12.1529
0 0 0 0 1 12.0787
0 0 0 0 1 12.0767
0 0 0 0 1 11.931
0 0 0 0 1 11.9523
0 0 0 0 1 11.6665
0 0 0 0 1 11.8165
0 0 0 0 1 11.5221
0 0 0 0 1 11.5854
0 0 0 0 1 11.5326
0 0 0 0 1 11.4374
0 0 0 0 1 11.4758
0 0 0 0 0 11.3245
0 0 0 0 1 11.3138
0 0 0 0 1 11.0826
0 0 0 0 1 10.9979
0 0 0 0 1 11.1457
0 0 0 0 1 10.9288
0 0 0 0 1 11.0385
0 0 0 0 1 10.9183
0 0 0 0 1 10.9133
0 0 0 0 1 10.805
0 0 0 0 1 10.7759
0 0 0 0 1 10.7433
0 0 0 0 0 10.6789
0 0 0 0 1 10.5304
0 0 0 0 1 10.3936
0 0 0 0 1 10.3518
0 0 0 0 1 10.4971
0 0 0 0 1 10.3822
0 0 0 0 0 10.2137
0 0 0 0 1 10.2749
0 0 0 0 0 10.1822
0 0 0 0 1 10.1916
0 0 0 0 1 10.107
0 0 0 0 1 10.0932
0 0 0 0 1 9.92208
0 0 0 0 1 9.86901
0 0 0 0 1 10.0145
0 0 0 0 0 9.85248
0 0 0 0 1 9.89809
0 0 0 0 0 9.86743
0 0 0 0 0 9.6687
0 0 0 0 1 9.67511
0 0 0 0 1 9.63302
0 0 0 0 1 9.54038
0 0 0 0 1 9.64252
0 0 0 0 1 9.61966
0 0 0 0 1 9.42597
0 0 0 0 1 9.47695
0 0 0 0 1 9.42639
0 0 0 0 1 9.46986
0 0 0 0 1 9.41013
0 0 0 0 1 9.2087
0 0 0 0 1 9.21514
0 0 0 0 1 9.29265
0 0 0 0 1 9.22239
0 0 0 0 1 9.235
0 0 0 0 1 9.15869
0 0 0 0 1 9.18034
0 0 0 0 1 9.08402
0 0 0 0 1 8.95222
0 0 0 0 1 9.06407
0 0 0 0 1 8.88199
0 0 0 0 0 8.83249
0 0 0 0 1 8.82773
0 0 0 0 1 8.80522
0 0 0 0 1 8.80931
0 0 0 0 1 8.8573
0 0 0 0 1 8.68315
0 0 0 0 1 8.75124
0 0 0 0 1 8.68306
0 0 0 0 0 8.76541
0 0 0 0 1 8.58507
0 0 0 0 1 8.70421
0 0 0 0 1 8.51666
0 0 0 0 1 8.61552
0 0 0 0 1 8.60016
0 0 0 0 0 8.59595
0 0 0 0 1 8.49847
0 0 0 0 1 8.41589
0 0 0 0 0 8.43762
0 0 0 0 1 8.33049
0 0 0 0 0 8.42778
0 0 0 0 0 8.31299
0 0 0 0 0 8.26547
0 0 0 0 1 8.27912
0 0 0 0 1 8.25685
0 0 0 0 0 8.31175
0 0 0 0 0 8.16608
0 0 0 0 1 8.16078
0 0 0 0 1 8.13377
0 0 0 0 1 8.12047
0 0 0 0 1 8.22123
0 0 0 0 1 8.13477
0 0 0 0 0 8.05688
0 0 0 0 0 8.10103
0 0 0 0 0 8.09626
0 0 0 0 1 7.97895
0 0 0 0 1 8.09493
0 0 0 0 1 7.9463
0 0 0 0 1 7.94213
0 0 0 0 1 7.90122
0 0 0 0 1 7.97372
0 0 0 0 1 7.91421
0 0 0 0 1 7.82344
0 0 0 0 1 7.93814
0 0 0 0 1 7.88719
0 0 0 0 1 7.83655
0 0 0 0 1 7.80971
0 0 0 0 0 7.72841
0 0 0 0 1 7.73787
0 0 0 0 1 7.72717
0 0 0 0 1 7.71203
0 0 0 0 1 7.72161
0 0 0 0 1 7.72669
0 0 0 0 0 7.76714
0 0 0 0 0 7.74917
0 0 0 0 1 7.69302
0 0 0 0 1 7.72578
0 0 0 0 1 7.59367
0 0 0 0 1 7.55372
0 0 0 0 1 7.6628
0 0 0 0 0 7.57746
0 0 0 0 1 7.64411
0 0 0 0 1 7.63157
0 0 0 0 0 7.50935
0 0 0 0 0 7.5911
0 0 0 0 1 7.49623
0 0 0 0 1 7.49536
0 0 0 0 0 7.54702
0 0 0 0 1 7.53524
0 0 0 0 0 7.46747
0 0 0 0 0 7.45221
0 0 0 0 1 7.45208
0 0 0 0 1 7.48162
0 0 0 0 1 7.46672
0 0 0 0 1 7.41129
0 0 0 0 1 7.39681
0 0 0 0 1 7.42293
0 0 0 0 1 7.32392
0 0 0 0 0 7.33939
0 0 0 0 1 7.28896
0 0 0 0 1 7.27485
0 0 0 0 1 7.26144
0 0 0 0 0 7.30663
0 0 0 0 1 7.28219
0 0 0 0 1 7.24334
0 0 0 0 1 7.32506
0 0 0 0 1 7.3155
0 0 0 0 1 7.25532
0 0 0 0 0 7.27917
0 0 0 0 1 7.29892
