0 0 0 0 1 5.15052
0 0 0 0 0 5.15653
0 0 0 0 1 5.18133
0 0 0 0 1 5.25022
0 0 0 0 1 5.20219
0 0 0 0 1 5.20857
0 0 0 0 1 5.29371
0 0 0 0 1 5.30366
0 0 0 0 1 5.29458
0 0 0 0 1 5.31188
0 0 0 0 1 5.24825
0 0 0 0 1 5.27971
0 0 0 0 0 5.29199
0 0 0 0 1 5.35208
0 0 0 0 0 5.2991
0 0 0 0 1 5.36484
0 0 0 0 1 5.30122
0 0 0 0 1 5.30856
0 0 0 0 1 5.31968
0 0 0 0 0 5.39685
0 0 0 0 0 5.3654
0 0 0 0 1 5.40537
0 0 0 0 1 5.44405
0 0 0 0 1 5.42897
0 0 0 0 1 5.44779
0 0 0 0 0 5.39084
0 0 0 0 0 5.45179
0 0 0 0 1 5.42603
0 0 0 0 0 5.47659
0 0 0 0 1 5.51229
0 0 0 0 1 5.49767
0 0 0 0 1 5.45561
0 0 0 0 0 5.55211
0 0 0 0 1 5.55534
0 0 0 0 1 5.55199
0 0 0 0 0 5.57635
0 0 0 0 1 5.53436
0 0 0 0 1 5.5933
0 0 0 0 1 5.56242
0 0 0 0 1 5.56494
0 0 0 0 1 5.5797
0 0 0 0 1 5.6104
0 0 0 0 1 5.63568
0 0 0 0 1 5.68931
0 0 0 0 1 5.59735
0 0 0 0 1 5.63988
0 0 0 0 0 5.68755
0 0 0 0 1 5.73144
0 0 0 0 0 5.68357
0 0 0 0 1 5.68695
0 0 0 0 1 5.69611
0 0 0 0 0 5.70035
0 0 0 0 1 5.81838
0 0 0 0 1 5.71833
0 0 0 0 1 5.75098
0 0 0 0 1 5.74965
0 0 0 0 0 5.7884
0 0 0 0 1 5.86769
0 0 0 0 1 5.88416
0 0 0 0 0 5.88262
0 0 0 0 1 5.89235
0 0 0 0 1 5.95034
0 0 0 0 1 5.93128
0 0 0 0 0 5.882
0 0 0 0 0 5.9579
0 0 0 0 1 5.98649
0 0 0 0 0 6.00328
0 0 0 0 1 6.04385
0 0 0 0 1 5.99503
0 0 0 0 1 6.05999
0 0 0 0 1 6.08328
0 0 0 0 1 6.07025
0 0 0 0 1 6.08151
0 0 0 0 0 6.08644
0 0 0 0 0 6.09198
0 0 0 0 1 6.12157
0 0 0 0 1 6.13903
0 0 0 0 1 6.2499
0 0 0 0 1 6.26793
0 0 0 0 0 6.24242
0 0 0 0 0 6.21063
0 0 0 0 1 6.21001
0 0 0 0 0 6.35398
0 0 0 0 1 6.34109
0 0 0 0 1 6.31531
0 0 0 0 1 6.32111
0 0 0 0 1 6.35897
0 0 0 0 1 6.44823
0 0 0 0 0 6.44162
0 0 0 0 1 6.4737
0 0 0 0 1 6.42817
0 0 0 0 1 6.53185
0 0 0 0 0 6.5579
0 0 0 0 1 6.56444
0 0 0 0 0 6.53812
0 0 0 0 0 6.62367
0 0 0 0 1 6.61709
0 0 0 0 1 6.68355
0 0 0 0 1 6.72375
0 0 0 0 1 6.69045
0 0 0 0 1 6.75776
0 0 0 0 0 6.79848
0 0 0 0 1 6.74446
0 0 0 0 1 6.81934
0 0 0 0 1 6.86737
0 0 0 0 1 6.85388
0 0 0 0 1 6.88848
0 0 0 0 1 6.88165
0 0 0 0 1 6.89554
0 0 0 0 1 7.03518
0 0 0 0 1 7.00047
0 0 0 0 1 7.06404
0 0 0 0 0 7.01472
0 0 0 0 0 7.06438
0 0 0 0 1 7.12148
0 0 0 0 1 7.18616
0 0 0 0 1 7.13587
0 0 0 0 1 7.26604
0 0 0 0 1 7.32443
0 0 0 0 0 7.3394
0 0 0 0 0 7.28088
0 0 0 0 1 7.41341
0 0 0 0 1 7.48034
0 0 0 0 1 7.43595
0 0 0 0 1 7.42084
0 0 0 0 1 7.46556
0 0 0 0 1 7.60126
0 0 0 0 1 7.61647
0 0 0 0 1 7.66214
0 0 0 0 0 7.63125
0 0 0 0 1 7.76184
0 0 0 0 0 7.79265
0 0 0 0 1 7.74553
0 0 0 0 1 7.86222
0 0 0 0 1 7.9563
0 0 0 0 1 7.87654
0 0 0 0 1 7.96318
0 0 0 0 0 8.03424
0 0 0 0 1 8.11395
0 0 0 0 1 8.0725
0 0 0 0 1 8.16061
0 0 0 0 1 8.13485
0 0 0 0 1 8.23976
0 0 0 0 1 8.3709
0 0 0 0 0 8.30248
0 0 0 0 1 8.34217
0 0 0 0 1 8.38191
0 0 0 0 1 8.54023
0 0 0 0 1 8.49525
0 0 0 0 0 8.62985
0 0 0 0 0 8.70464
0 0 0 0 1 8.63234
0 0 0 0 1 8.69882
0 0 0 0 0 8.87907
0 0 0 0 1 8.92023
0 0 0 0 0 8.85373
0 0 0 0 1 8.95578
0 0 0 0 1 8.96877
0 0 0 0 1 9.16351
0 0 0 0 1 9.13097
0 0 0 0 1 9.30891
0 0 0 0 0 9.3685
0 0 0 0 1 9.31509
0 0 0 0 1 9.36481
0 0 0 0 1 9.53597
0 0 0 0 1 9.4802
0 0 0 0 0 9.56735
0 0 0 0 1 9.60643
0 0 0 0 1 9.78208
0 0 0 0 1 9.78101
0 0 0 0 1 9.90924
0 0 0 0 1 10.0372
0 0 0 0 1 10.1258
0 0 0 0 0 10.1336
0 0 0 0 1 10.1711
0 0 0 0 0 10.301
0 0 0 0 1 10.3487
0 0 0 0 1 10.4469
0 0 0 0 1 10.4521
0 0 0 0 1 10.6034
0 0 0 0 1 10.6487
0 0 0 0 1 10.9081
0 0 0 0 1 10.965
0 0 0 0 1 10.9092
0 0 0 0 1 11.1733
0 0 0 0 1 11.2836
0 0 0 0 1 11.2132
0 0 0 0 1 11.3227
0 0 0 0 1 11.5568
0 0 0 0 1 11.5143
0 0 0 0 0 11.7772
0 0 0 0 1 11.8363
0 0 0 0 0 12.0768
0 0 0 0 1 11.9911
0 0 0 0 1 12.2919
0 0 0 0 1 12.2516
0 0 0 0 1 12.317
0 0 0 0 1 12.6487
0 0 0 0 1 12.7022
0 0 0 0 0 12.9467
0 0 0 0 0 12.931
0 0 0 0 1 13.004
0 0 0 0 1 13.2214
0 0 0 0 1 13.3028
0 0 0 0 1 13.5859
0 0 0 0 1 13.7082
0 0 0 0 1 13.7148
0 0 0 0 1 13.8862
0 0 0 0 0 14.0724
0 0 0 0 1 14.1828
0 0 0 0 1 14.582
0 0 0 0 1 14.7764
0 0 0 0 1 14.9661
0 0 0 0 0 15.0865
0 0 0 0 1 15.078
0 0 0 0 1 15.5833
0 0 0 0 1 15.6592
0 0 0 0 1 15.8906
0 0 0 0 1 16.0298
0 0 0 0 0 16.4274
0 0 0 0 1 16.3685
0 0 0 0 1 16.8396
0 0 0 0 1 17.0123
0 0 0 0 1 14.656
0 0 0 0 0 14.6359
0 0 0 0 1 14.4876
0 0 0 0 1 14.5558
0 0 0 0 0 14.6823
0 0 0 0 0 14.4624
0 0 0 0 0 14.6619
0 0 0 0 1 14.5445
0 0 0 0 1 14.541
0 0 0 0 1 14.5522
0 0 0 0 1 14.6096
0 0 0 0 1 14.5225
0 0 0 0 1 14.3469
0 0 0 0 1 14.4458
0 0 0 0 1 14.3167
0 0 0 0 1 14.3176
0 0 0 0 0 14.3308
0 0 0 0 1 14.3321
0 0 0 0 0 14.2454
0 0 0 0 0 14.2472
0 0 0 0 1 14.4211
0 0 0 0 1 14.3354
0 0 0 0 1 14.2663
0 0 0 0 1 14.1814
0 0 0 0 1 14.2844
0 0 0 0 1 14.1878
0 0 0 0 0 14.177
0 0 0 0 1 14.3213
0 0 0 0 1 14.2399
0 0 0 0 1 14.2014
0 0 0 0 1 14.261
0 0 0 0 0 14.2569
0 0 0 0 1 14.7034
0 0 0 0 1 15.0607
0 0 0 0 0 15.543
0 0 0 0 1 16.2344
0 0 0 0 0 16.6694
0 0 0 0 1 17.2594
0 0 0 0 1 17.8384
0 0 0 0 1 40.8263
0 0 0 0 1 41.7833
0 0 0 0 1 44.2197
0 0 0 0 1 45.3845
0 0 0 0 0 47.3153
0 0 0 0 1 49.0241
0 0 0 0 1 42.2521
0 0 0 0 1 42.1929
0 0 0 0 1 42.007
0 0 0 0 1 41.9073
0 0 0 0 0 42.2721
0 0 0 0 0 42.4695
0 0 0 0 1 42.5824
0 0 0 0 0 42.6123
0 0 0 0 1 41.9675
0 0 0 0 1 42.0834
0 0 0 0 1 41.7785
0 0 0 0 1 45.9359
0 0 0 0 0 5.03004
0 0 0 0 0 4.97994
0 0 0 0 0 5.00499
0 0 0 0 0 4.96491
0 0 0 0 1 35.3526
0 0 0 0 1 35.2431
0 0 0 0 1 35.4166
0 0 0 0 1 35.5905
0 0 0 0 0 35.0245
0 0 0 0 1 35.3056
0 0 0 0 1 34.9878
0 0 0 0 1 35.5172
0 0 0 0 1 35.3419
0 0 0 0 1 35.4846
0 0 0 0 0 35.2047
0 0 0 0 1 35.4195
0 0 0 0 1 35.1762
0 0 0 0 0 5.02503
0 0 0 0 0 4.9599
0 0 0 0 0 5.05008
0 0 0 0 0 5.04507
0 0 0 0 0 5.05509
0 0 0 0 0 5.02002
0 0 0 0 0 4.9599
0 0 0 0 0 4.98996
0 0 0 0 0 5.02503
0 0 0 0 1 94.8637
0 0 0 0 1 89.2468
0 0 0 0 1 85.674
0 0 0 0 1 81.5345
0 0 0 0 1 23.036
0 0 0 0 1 22.0745
0 0 0 0 1 21.1999
0 0 0 0 1 20.1408
0 0 0 0 1 20.0493
0 0 0 0 1 20.0589
0 0 0 0 1 19.9882
0 0 0 0 1 20.0792
0 0 0 0 1 20.25
0 0 0 0 1 20.2007
0 0 0 0 1 20.0305
0 0 0 0 1 20.3049
0 0 0 0 1 20.196
0 0 0 0 1 20.1278
0 0 0 0 1 20.404
0 0 0 0 1 20.3771
0 0 0 0 1 20.2289
0 0 0 0 1 20.3243
0 0 0 0 0 20.136
0 0 0 0 1 20.2931
0 0 0 0 0 20.1865
0 0 0 0 1 20.1801
0 0 0 0 1 20.2998
0 0 0 0 0 20.1941
0 0 0 0 1 20.578
0 0 0 0 1 34.7556
0 0 0 0 1 34.4245
0 0 0 0 0 33.3028
0 0 0 0 1 33.0561
0 0 0 0 1 32.4286
0 0 0 0 0 31.5047
0 0 0 0 1 31.2405
0 0 0 0 1 30.1642
0 0 0 0 1 29.6921
0 0 0 0 1 29.4242
0 0 0 0 1 28.8202
0 0 0 0 1 28.2013
0 0 0 0 1 27.7174
0 0 0 0 1 27.4718
0 0 0 0 1 26.8263
0 0 0 0 1 26.2501
0 0 0 0 0 26.0714
0 0 0 0 0 25.6299
0 0 0 0 0 25.4521
0 0 0 0 1 24.9797
0 0 0 0 0 24.3677
0 0 0 0 1 24.342
0 0 0 0 0 23.851
0 0 0 0 1 23.3976
0 0 0 0 0 22.9249
0 0 0 0 1 22.8626
0 0 0 0 0 22.6816
0 0 0 0 0 22.1303
0 0 0 0 1 21.6392
0 0 0 0 1 21.7672
0 0 0 0 1 21.2019
0 0 0 0 0 20.887
0 0 0 0 0 20.9572
0 0 0 0 1 20.7099
0 0 0 0 1 20.3318
0 0 0 0 1 20.207
0 0 0 0 0 19.6138
0 0 0 0 1 19.46
0 0 0 0 1 19.4109
0 0 0 0 1 19.2816
0 0 0 0 1 18.8762
0 0 0 0 0 18.8588
0 0 0 0 1 18.3565
0 0 0 0 1 18.2089
0 0 0 0 1 18.2325
0 0 0 0 0 17.8937
0 0 0 0 1 17.8164
0 0 0 0 0 17.5918
0 0 0 0 1 17.4516
0 0 0 0 0 17.0699
0 0 0 0 1 17.1191
0 0 0 0 1 16.9783
0 0 0 0 1 16.6885
0 0 0 0 1 16.6904
0 0 0 0 1 16.5182
0 0 0 0 1 16.2653
0 0 0 0 1 16.079
0 0 0 0 1 15.9824
0 0 0 0 0 15.9643
0 0 0 0 1 15.8189
0 0 0 0 1 15.4255
0 0 0 0 1 15.3469
0 0 0 0 0 15.3873
0 0 0 0 0 14.989
0 0 0 0 1 14.9017
0 0 0 0 1 15.01
0 0 0 0 1 14.8553
0 0 0 0 1 14.5025
0 0 0 0 1 14.6587
0 0 0 0 1 14.4623
0 0 0 0 1 14.2334
0 0 0 0 1 14.1286
0 0 0 0 1 14.0376
0 0 0 0 1 14.0503
0 0 0 0 1 13.8257
0 0 0 0 1 13.7081
0 0 0 0 0 13.5586
0 0 0 0 1 13.659
0 0 0 0 1 13.3886
0 0 0 0 0 13.4063
0 0 0 0 1 13.2985
0 0 0 0 1 13.2305
0 0 0 0 1 12.9795
0 0 0 0 1 12.9905
0 0 0 0 1 12.9746
0 0 0 0 1 12.8127
0 0 0 0 1 12.6691
0 0 0 0 1 12.6863
0 0 0 0 1 12.6648
0 0 0 0 1 12.3687
0 0 0 0 0 12.4716
0 0 0 0 1 12.3962
0 0 0 0 1 12.1784
0 0 0 0 0 12.0193
0 0 0 0 1 11.9701
0 0 0 0 1 11.9448
0 0 0 0 0 11.7999
0 0 0 0 1 11.9523
0 0 0 0 1 11.7489
0 0 0 0 1 11.6176
0 0 0 0 1 11.5919
0 0 0 0 1 11.6779
0 0 0 0 1 11.5326
0 0 0 0 1 11.3575
0 0 0 0 0 11.4417
0 0 0 0 0 11.2455
0 0 0 0 1 11.179
0 0 0 0 1 11.1273
0 0 0 0 1 11.1312
0 0 0 0 1 11.0683
0 0 0 0 1 11.0716
0 0 0 0 1 10.962
0 0 0 0 1 10.8857
0 0 0 0 1 10.8268
0 0 0 0 1 10.8158
0 0 0 0 0 10.6152
0 0 0 0 1 10.7007
0 0 0 0 0 10.5941
0 0 0 0 1 10.446
0 0 0 0 0 10.593
0 0 0 0 1 10.3831
0 0 0 0 1 10.2893
0 0 0 0 1 10.2684
0 0 0 0 1 10.3064
0 0 0 0 1 10.2646
0 0 0 0 1 10.2841
0 0 0 0 0 10.1003
0 0 0 0 1 10.0262
0 0 0 0 1 10.1536
0 0 0 0 0 10.0121
0 0 0 0 1 9.97855
0 0 0 0 1 9.81619
0 0 0 0 1 9.86235
0 0 0 0 1 9.78014
0 0 0 0 1 9.76963
0 0 0 0 1 9.6687
0 0 0 0 1 9.73328
0 0 0 0 0 9.74884
0 0 0 0 1 9.53076
0 0 0 0 0 9.58507
0 0 0 0 1 9.52432
0 0 0 0 1 9.53039
0 0 0 0 0 9.47695
0 0 0 0 1 9.51114
0 0 0 0 1 9.46049
0 0 0 0 1 9.2981
0 0 0 0 1 9.34823
0 0 0 0 1 9.32628
0 0 0 0 1 9.3111
0 0 0 0 1 9.21319
0 0 0 0 1 9.24416
0 0 0 0 1 9.14956
0 0 0 0 1 9.044
0 0 0 0 1 9.06591
0 0 0 0 1 9.04246
0 0 0 0 1 8.90221
0 0 0 0 1 8.98048
0 0 0 0 1 8.95739
0 0 0 0 1 8.91662
0 0 0 0 1 8.76979
0 0 0 0 0 8.87993
0 0 0 0 1 8.81332
0 0 0 0 1 8.74455
0 0 0 0 1 8.70757
0 0 0 0 0 8.72661
0 0 0 0 1 8.6873
0 0 0 0 1 8.72353
0 0 0 0 1 8.57494
0 0 0 0 1 8.55963
0 0 0 0 1 8.60696
0 0 0 0 1 8.46351
0 0 0 0 1 8.56191
0 0 0 0 1 8.48999
0 0 0 0 0 8.51739
0 0 0 0 1 8.47134
0 0 0 0 1 8.42296
0 0 0 0 1 8.41941
0 0 0 0 0 8.4216
0 0 0 0 1 8.29047
0 0 0 0 0 8.28742
0 0 0 0 1 8.24029
0 0 0 0 0 8.17968
0 0 0 0 0 8.21547
0 0 0 0 1 8.19362
0 0 0 0 1 8.10104
0 0 0 0 1 8.20209
0 0 0 0 1 8.07472
0 0 0 0 1 8.14288
0 0 0 0 0 8.13785
0 0 0 0 0 8.03635
0 0 0 0 0 7.99949
0 0 0 0 1 7.99504
0 0 0 0 1 8.00668
0 0 0 0 1 8.01832
0 0 0 0 1 7.94213
0 0 0 0 1 7.90122
0 0 0 0 1 8.00549
0 0 0 0 1 7.91421
0 0 0 0 0 7.87086
0 0 0 0 1 7.93025
0 0 0 0 1 7.84001
0 0 0 0 1 7.76596
0 0 0 0 1 7.84883
0 0 0 0 1 7.74402
0 0 0 0 1 7.72228
0 0 0 0 1 7.73494
0 0 0 0 1 7.71203
0 0 0 0 0 7.69066
0 0 0 0 1 7.74213
0 0 0 0 1 7.74402
0 0 0 0 1 7.69535
0 0 0 0 1 7.60865
0 0 0 0 0 7.61093
0 0 0 0 1 7.67771
0 0 0 0 1 7.69854
0 0 0 0 0 7.54866
0 0 0 0 1 7.55468
0 0 0 0 1 7.59107
0 0 0 0 1 7.62401
0 0 0 0 1 7.56973
0 0 0 0 0 7.51579
0 0 0 0 1 7.54135
0 0 0 0 1 7.48786
0 0 0 0 1 7.5021
0 0 0 0 1 7.43806
0 0 0 0 1 7.51223
0 0 0 0 1 7.43732
0 0 0 0 1 7.50415
0 0 0 0 1 7.41482
0 0 0 0 1 7.42228
0 0 0 0 1 7.3891
0 0 0 0 1 7.35252
0 0 0 0 1 7.4303
0 0 0 0 0 7.29447
0 0 0 0 1 7.36143
0 0 0 0 1 7.36228
0 0 0 0 1 7.34078
0 0 0 0 1 7.38576
0 0 0 0 0 7.32123
0 0 0 0 1 7.26032
0 0 0 0 1 7.2579
0 0 0 0 1 7.21606
0 0 0 0 1 7.29373
0 0 0 0 1 7.30606
0 0 0 0 1 7.18511
0 0 0 0 1 7.26279
