0 0 0 0 0 6.93673
0 0 0 0 1 10.4172
0 0 0 0 1 4.69607
0 0 0 0 1 4.57109
0 0 0 0 1 5.75695
0 0 0 0 0 4.49144
0 0 0 0 1 0
0 0 0 0 0 5.91339
0 0 0 0 0 6.14017
0 0 0 0 0 4.21578
0 0 0 0 1 4.75194
0 0 0 0 1 2.64515
0 0 0 0 1 5.82701
0 0 0 0 1 6.63042
0 0 0 0 1 3.98628
0 0 0 0 1 3.9917
0 0 0 0 1 2.66661
0 0 0 0 0 6.2307
0 0 0 0 1 6.11634
0 0 0 0 1 8.03901
0 0 0 0 1 4.02808
0 0 0 0 0 8.06771
0 0 0 0 1 4.71638
0 0 0 0 1 10.8039
0 0 0 0 1 6.01102
0 0 0 0 1 4.51494
0 0 0 0 0 4.75131
0 0 0 0 1 5.98659
0 0 0 0 1 7.27302
0 0 0 0 1 6.24357
0 0 0 0 1 4.79129
0 0 0 0 0 6.17461
0 0 0 0 1 3.66476
0 0 0 0 1 6.05637
0 0 0 0 1 6.30729
0 0 0 0 1 6.3224
0 0 0 0 1 4.43636
0 0 0 0 1 11.1088
0 0 0 0 0 6.68159
0 0 0 0 1 6.97711
0 0 0 0 1 0
0 0 0 0 1 5.04431
0 0 0 0 1 4.91647
0 0 0 0 1 11.266
0 0 0 0 1 4.93718
0 0 0 0 0 4.84873
0 0 0 0 1 3.78413
0 0 0 0 0 4.87367
0 0 0 0 1 6.65079
0 0 0 0 1 4.89902
0 0 0 0 1 2.86524
0 0 0 0 1 6.69729
0 0 0 0 1 6.40086
0 0 0 0 1 8.66413
0 0 0 0 1 4.63322
0 0 0 0 1 6.44652
0 0 0 0 1 6.54468
0 0 0 0 0 3.89233
0 0 0 0 1 11.6981
0 0 0 0 0 6.84253
0 0 0 0 0 6.86755
0 0 0 0 0 5.24201
0 0 0 0 1 5.32219
0 0 0 0 1 6.92466
0 0 0 0 0 7.14234
0 0 0 0 0 7.46073
0 0 0 0 1 5.32029
0 0 0 0 0 5.25683
0 0 0 0 1 0
0 0 0 0 1 9.06279
0 0 0 0 1 6.92462
0 0 0 0 1 7.5954
0 0 0 0 1 6.96423
0 0 0 0 1 4.07802
0 0 0 0 1 4.08583
0 0 0 0 0 8.20311
0 0 0 0 1 7.7201
0 0 0 0 1 5.56922
0 0 0 0 1 5.5218
0 0 0 0 1 7.48342
0 0 0 0 1 6.87986
0 0 0 0 1 7.52728
0 0 0 0 1 7.55676
0 0 0 0 1 5.68425
0 0 0 0 1 3.17034
0 0 0 0 1 5.45628
0 0 0 0 1 7.98064
0 0 0 0 1 5.60855
0 0 0 0 1 4.82639
0 0 0 0 0 3.22717
0 0 0 0 0 5.40001
0 0 0 0 1 5.19948
0 0 0 0 0 5.43773
0 0 0 0 1 13.1027
0 0 0 0 0 5.63226
0 0 0 0 1 7.69683
0 0 0 0 1 5.30428
0 0 0 0 1 7.31533
0 0 0 0 1 5.00776
0 0 0 0 1 3.35193
0 0 0 0 0 7.4787
0 0 0 0 1 3.37897
0 0 0 0 1 8.48146
0 0 0 0 1 8.51566
0 0 0 0 1 9.12001
0 0 0 0 1 7.8487
0 0 0 0 1 8.62786
0 0 0 0 1 0
0 0 0 0 1 7.65398
0 0 0 0 1 5.58902
0 0 0 0 0 8.01657
0 0 0 0 1 5.63995
0 0 0 0 1 4.71895
0 0 0 0 0 8.00346
0 0 0 0 0 8.3334
0 0 0 0 1 8.97372
0 0 0 0 1 8.40927
0 0 0 0 1 7.96874
0 0 0 0 1 0
0 0 0 0 1 5.84813
0 0 0 0 1 9.78613
0 0 0 0 1 9.83537
0 0 0 0 0 6.48691
0 0 0 0 1 8.94102
0 0 0 0 1 6.41849
0 0 0 0 0 8.27835
0 0 0 0 1 0
0 0 0 0 1 8.86814
0 0 0 0 1 6.68432
0 0 0 0 1 6.90959
0 0 0 0 1 11.5733
0 0 0 0 1 9.31393
0 0 0 0 1 3.90006
0 0 0 0 1 7.06188
0 0 0 0 1 3.94267
0 0 0 0 1 3.96603
0 0 0 0 1 6.64262
0 0 0 0 0 8.82002
0 0 0 0 1 12.0863
0 0 0 0 1 5.40328
0 0 0 0 0 16.3049
0 0 0 0 1 9.01141
0 0 0 0 1 0
0 0 0 0 0 16.576
0 0 0 0 1 11.1256
0 0 0 0 1 7.34346
0 0 0 0 1 10.1292
0 0 0 0 1 9.44193
0 0 0 0 1 7.47822
0 0 0 0 1 6.87637
0 0 0 0 1 10.8159
0 0 0 0 1 0
0 0 0 0 0 7.29277
0 0 0 0 1 9.69909
0 0 0 0 0 10.6404
0 0 0 0 1 8.03262
0 0 0 0 1 11.989
0 0 0 0 1 10.1815
0 0 0 0 1 8.19797
0 0 0 0 1 8.25088
0 0 0 0 0 12.3134
0 0 0 0 1 10.8432
0 0 0 0 1 10.4021
0 0 0 0 1 8.37453
0 0 0 0 1 6.33199
0 0 0 0 1 10.9329
0 0 0 0 1 10.5983
0 0 0 0 1 0
0 0 0 0 1 8.79508
0 0 0 0 1 11.0812
0 0 0 0 1 11.1591
0 0 0 0 1 7.99776
0 0 0 0 1 11.7547
0 0 0 0 1 11.8462
0 0 0 0 1 20.465
0 0 0 0 1 8.83827
0 0 0 0 1 12.9879
0 0 0 0 1 13.971
0 0 0 0 1 13.1971
0 0 0 0 1 7.98452
0 0 0 0 0 11.9274
0 0 0 0 1 12.9987
0 0 0 0 1 9.82916
0 0 0 0 1 9.4452
0 0 0 0 1 10.006
0 0 0 0 1 12.4625
0 0 0 0 1 10.1836
0 0 0 0 1 10.1458
0 0 0 0 1 12.6744
0 0 0 0 1 13.2922
0 0 0 0 0 13.406
0 0 0 0 1 13.8229
0 0 0 0 1 10.7615
0 0 0 0 1 10.3506
0 0 0 0 1 13.7186
0 0 0 0 1 10.774
0 0 0 0 1 13.6856
0 0 0 0 0 15.0729
0 0 0 0 0 9.51714
0 0 0 0 1 11.5367
0 0 0 0 0 10.7975
0 0 0 0 1 8.73043
0 0 0 0 1 15.1253
0 0 0 0 1 6.69153
0 0 0 0 0 15.2233
0 0 0 0 0 10.9446
0 0 0 0 1 27.6787
0 0 0 0 1 27.9964
0 0 0 0 1 16.5169
0 0 0 0 1 12.8934
0 0 0 0 1 12.8845
0 0 0 0 1 0
0 0 0 0 1 16.3483
0 0 0 0 1 13.3701
0 0 0 0 0 18.2763
0 0 0 0 1 13.2248
0 0 0 0 0 7.81399
0 0 0 0 1 21.103
0 0 0 0 0 14.4413
0 0 0 0 1 18.0719
0 0 0 0 0 18.1323
0 0 0 0 1 25.0838
0 0 0 0 0 14.8412
0 0 0 0 1 7.32067
0 0 0 0 0 16.2459
0 0 0 0 1 16.0648
0 0 0 0 0 13.1265
0 0 0 0 1 21.8487
0 0 0 0 1 11.6397
0 0 0 0 0 12.4552
0 0 0 0 0 16.1283
0 0 0 0 1 16.9137
0 0 0 0 0 9.6532
0 0 0 0 1 19.2866
0 0 0 0 0 11.5602
0 0 0 0 1 21.6502
0 0 0 0 0 7.2085
0 0 0 0 1 18.0039
0 0 0 0 1 28.779
0 0 0 0 1 16.7696
0 0 0 0 1 7.1804
0 0 0 0 1 17.215
0 0 0 0 1 15.9258
0 0 0 0 0 19.0945
0 0 0 0 1 17.1681
0 0 0 0 1 0
0 0 0 0 1 16.3216
0 0 0 0 1 12.4863
0 0 0 0 1 11.8825
0 0 0 0 0 21.3723
0 0 0 0 0 10.6769
0 0 0 0 1 10.6692
0 0 0 0 1 7.10779
0 0 0 0 1 12.175
0 0 0 0 1 17.9467
0 0 0 0 1 16.2387
0 0 0 0 0 17.0972
0 0 0 0 1 17.2178
0 0 0 0 1 12.9101
0 0 0 0 1 14.5711
0 0 0 0 0 19.1197
0 0 0 0 1 14.2422
0 0 0 0 1 32.5309
0 0 0 0 1 36.1395
0 0 0 0 0 48.6465
0 0 0 0 1 91.0421
0 0 0 0 0 42.6692
0 0 0 0 0 56.5363
0 0 0 0 1 63.4415
0 0 0 0 1 46.975
0 0 0 0 0 52.8257
0 0 0 0 1 47.5259
0 0 0 0 1 47.5087
0 0 0 0 1 21.1081
0 0 0 0 0 28.135
0 0 0 0 1 36.1632
0 0 0 0 1 21.0892
0 0 0 0 1 0
0 0 0 0 1 47.4277
0 0 0 0 0 57.1912
0 0 0 0 0 5.72571
0 0 0 0 0 5.63625
0 0 0 0 0 4.509
0 0 0 0 0 6.2625
0 0 0 0 0 39.2022
0 0 0 0 1 47.0379
0 0 0 0 0 47.0339
0 0 0 0 1 30.8639
0 0 0 0 0 44.0892
0 0 0 0 1 44.0879
0 0 0 0 1 40.3086
0 0 0 0 1 38.7974
0 0 0 0 0 40.3101
0 0 0 0 0 23.5153
0 0 0 0 1 30.8659
0 0 0 0 1 47.0379
0 0 0 0 0 44.1025
0 0 0 0 0 4.175
0 0 0 0 0 4.29429
0 0 0 0 0 5.63625
0 0 0 0 0 4.175
0 0 0 0 0 6.012
0 0 0 0 0 4.38375
0 0 0 0 0 5.72571
0 0 0 0 0 6.012
0 0 0 0 0 4.008
0 0 0 0 1 107.474
0 0 0 0 1 80.051
0 0 0 0 1 76.7994
0 0 0 0 0 91.0886
0 0 0 0 1 15.5125
0 0 0 0 1 44.3263
0 0 0 0 1 18.1351
0 0 0 0 1 23.6157
0 0 0 0 1 15.0974
0 0 0 0 1 16.1115
0 0 0 0 1 23.5076
0 0 0 0 1 18.1438
0 0 0 0 1 24.2032
0 0 0 0 0 16.1444
0 0 0 0 1 16.1536
0 0 0 0 1 40.4079
0 0 0 0 0 22.7433
0 0 0 0 1 10.1145
0 0 0 0 1 22.4912
0 0 0 0 1 22.5062
0 0 0 0 1 15.2021
0 0 0 0 1 15.2128
0 0 0 0 0 17.3986
0 0 0 0 1 22.8526
0 0 0 0 1 22.3617
0 0 0 0 1 40.6857
0 0 0 0 1 0
0 0 0 0 1 17.4664
0 0 0 0 1 16.9954
0 0 0 0 1 31.0491
0 0 0 0 1 25.6389
0 0 0 0 0 40.1641
0 0 0 0 0 36.9296
0 0 0 0 1 26.8093
0 0 0 0 0 23.6522
0 0 0 0 1 0
0 0 0 0 1 26.553
0 0 0 0 1 25.5269
0 0 0 0 1 58.5556
0 0 0 0 1 34.5152
0 0 0 0 1 23.5482
0 0 0 0 1 31.7405
0 0 0 0 1 0
0 0 0 0 1 23.8694
0 0 0 0 1 29.0494
0 0 0 0 0 30.3256
0 0 0 0 1 28.4208
0 0 0 0 1 29.4292
0 0 0 0 1 27.3137
0 0 0 0 1 27.184
0 0 0 0 1 19.2808
0 0 0 0 1 47.512
0 0 0 0 0 31.2281
0 0 0 0 1 28.8582
0 0 0 0 1 19.5185
0 0 0 0 1 44.914
0 0 0 0 1 25.8445
0 0 0 0 1 19.1256
0 0 0 0 1 23.9701
0 0 0 0 1 18.6636
0 0 0 0 0 18.7159
0 0 0 0 0 41.5817
0 0 0 0 0 23.9698
0 0 0 0 1 16.9093
0 0 0 0 1 16.0373
0 0 0 0 0 17.8307
0 0 0 0 1 17.4022
0 0 0 0 1 21.2881
0 0 0 0 1 22.9543
0 0 0 0 1 12.6093
0 0 0 0 1 21.0477
0 0 0 0 1 20.355
0 0 0 0 1 24.4005
0 0 0 0 0 0
0 0 0 0 1 16.1204
0 0 0 0 1 11.8303
0 0 0 0 1 14.0593
0 0 0 0 1 19.5743
0 0 0 0 1 19.3781
0 0 0 0 1 22.7345
0 0 0 0 0 19.6899
0 0 0 0 1 11.1479
0 0 0 0 1 19.3176
0 0 0 0 1 18.7467
0 0 0 0 1 21.6654
0 0 0 0 1 19.3142
0 0 0 0 1 14.1783
0 0 0 0 1 23.7094
0 0 0 0 1 13.922
0 0 0 0 0 7.75928
0 0 0 0 0 17.3173
0 0 0 0 1 12.7084
0 0 0 0 1 17.0158
0 0 0 0 1 29.9832
0 0 0 0 1 16.3638
0 0 0 0 1 18.4401
0 0 0 0 1 9.74629
0 0 0 0 0 17.4163
0 0 0 0 1 15.8294
0 0 0 0 1 16.6556
0 0 0 0 1 10.6283
0 0 0 0 1 16.8958
0 0 0 0 1 15.5183
0 0 0 0 1 27.7069
0 0 0 0 1 15.2771
0 0 0 0 1 10.2406
0 0 0 0 1 0
0 0 0 0 1 8.97061
0 0 0 0 1 14.8365
0 0 0 0 1 14.916
0 0 0 0 1 0
0 0 0 0 1 15.6852
0 0 0 0 1 14.5998
0 0 0 0 1 25.7687
0 0 0 0 1 10.6666
0 0 0 0 0 15.2486
0 0 0 0 1 16.8309
0 0 0 0 1 0
0 0 0 0 0 10.3799
0 0 0 0 1 18.5589
0 0 0 0 1 13.5276
0 0 0 0 1 10.47
0 0 0 0 0 13.3548
0 0 0 0 1 13.5749
0 0 0 0 1 17.9891
0 0 0 0 1 17.8786
0 0 0 0 1 15.7942
0 0 0 0 1 13.244
0 0 0 0 0 0
0 0 0 0 1 14.5334
0 0 0 0 1 5.78115
0 0 0 0 1 15.3307
0 0 0 0 0 10.2834
0 0 0 0 1 9.08975
0 0 0 0 0 12.5452
0 0 0 0 1 9.98682
0 0 0 0 1 5.58599
0 0 0 0 1 12.3433
0 0 0 0 1 9.2052
0 0 0 0 1 12.0821
0 0 0 0 1 12.1435
0 0 0 0 1 13.0498
0 0 0 0 1 9.00434
0 0 0 0 1 9.55668
0 0 0 0 1 8.0337
0 0 0 0 1 9.59224
0 0 0 0 1 7.06979
0 0 0 0 0 8.44121
0 0 0 0 1 9.18622
0 0 0 0 0 11.938
0 0 0 0 0 12.1254
0 0 0 0 1 11.8181
0 0 0 0 0 6.86408
0 0 0 0 1 11.3824
0 0 0 0 0 7.64429
0 0 0 0 1 9.01409
0 0 0 0 0 8.65445
0 0 0 0 1 11.0583
0 0 0 0 1 8.75184
0 0 0 0 1 10.9545
0 0 0 0 1 8.81364
0 0 0 0 1 4.93611
0 0 0 0 1 0
0 0 0 0 1 7.82353
0 0 0 0 1 12.1711
0 0 0 0 1 6.463
0 0 0 0 0 4.82616
0 0 0 0 1 12.0216
0 0 0 0 1 4.78774
0 0 0 0 0 10.7256
0 0 0 0 1 6.32828
0 0 0 0 1 10.5089
0 0 0 0 0 10.3587
0 0 0 0 1 4.68805
0 0 0 0 1 10.6691
0 0 0 0 1 10.3352
0 0 0 0 1 7.71787
0 0 0 0 0 13.8421
0 0 0 0 1 7.35584
0 0 0 0 0 10.1797
0 0 0 0 1 10.9466
0 0 0 0 1 10.2256
0 0 0 0 1 11.3211
0 0 0 0 1 8.0217
0 0 0 0 1 10.1162
0 0 0 0 1 10.4459
0 0 0 0 1 7.13736
0 0 0 0 1 7.77871
0 0 0 0 1 7.75108
0 0 0 0 1 0
0 0 0 0 1 9.89519
0 0 0 0 0 7.89377
0 0 0 0 1 10.1894
0 0 0 0 0 17.4184
0 0 0 0 1 7.5938
0 0 0 0 1 4.32715
0 0 0 0 1 6.89443
0 0 0 0 1 9.66825
0 0 0 0 0 6.85131
0 0 0 0 1 9.76043
0 0 0 0 1 6.38313
0 0 0 0 1 9.89509
0 0 0 0 0 6.34363
0 0 0 0 1 7.22502
0 0 0 0 0 16.8123
0 0 0 0 1 7.18073
0 0 0 0 1 0
0 0 0 0 1 6.6657
0 0 0 0 0 6.64322
0 0 0 0 0 5.52113
0 0 0 0 1 9.07937
0 0 0 0 0 12.3479
0 0 0 0 1 7.18379
0 0 0 0 1 10.2286
0 0 0 0 1 9.79354
0 0 0 0 1 12.2098
0 0 0 0 1 9.13334
0 0 0 0 1 16.1947
0 0 0 0 1 9.09547
0 0 0 0 1 7.16801
0 0 0 0 1 10.7244
0 0 0 0 1 16.0455
0 0 0 0 0 6.00173
0 0 0 0 0 9.97755
0 0 0 0 1 9.09362
0 0 0 0 1 9.53034
0 0 0 0 1 6.33771
0 0 0 0 1 6.91466
0 0 0 0 1 9.45955
0 0 0 0 0 8.73733
0 0 0 0 1 8.96503
0 0 0 0 1 9.7817
0 0 0 0 1 8.67386
0 0 0 0 0 3.89621
0 0 0 0 1 6.47817
0 0 0 0 1 6.64353
0 0 0 0 1 9.2845
0 0 0 0 0 0
0 0 0 0 1 15.411
0 0 0 0 0 8.45643
0 0 0 0 0 8.76572
0 0 0 0 1 6.1255
0 0 0 0 0 6.54815
0 0 0 0 1 10.1631
0 0 0 0 1 5.70715
0 0 0 0 1 0
0 0 0 0 0 15.1518
0 0 0 0 1 9.0762
0 0 0 0 1 11.3206
0 0 0 0 1 3.76542
0 0 0 0 0 5.01253
0 0 0 0 0 8.25315
0 0 0 0 1 14.9742
0 0 0 0 1 11.2131
0 0 0 0 1 6.71401
0 0 0 0 1 8.27196
0 0 0 0 0 9.29651
0 0 0 0 1 3.71112
0 0 0 0 0 8.14821
0 0 0 0 0 6.16375
0 0 0 0 1 6.45929
0 0 0 0 1 6.14277
0 0 0 0 1 6.62465
0 0 0 0 1 9.18343
0 0 0 0 1 8.24957
0 0 0 0 1 8.14015
0 0 0 0 1 6.58137
0 0 0 0 1 8.02926
0 0 0 0 1 6.47954
0 0 0 0 0 8.18971
0 0 0 0 0 7.99362
0 0 0 0 0 6.35026
0 0 0 0 1 8.05342
0 0 0 0 1 0
0 0 0 0 1 6.50399
