0 0 0 0 0 5.20775
0 0 0 0 1 5.17737
0 0 0 0 1 5.19698
0 0 0 0 1 5.25022
0 0 0 0 1 5.18649
0 0 0 0 0 5.21905
0 0 0 0 1 5.19403
0 0 0 0 0 5.24058
0 0 0 0 1 5.24195
0 0 0 0 1 5.28026
0 0 0 0 1 5.26937
0 0 0 0 1 5.31145
0 0 0 0 1 5.27609
0 0 0 0 0 5.28842
0 0 0 0 1 5.32036
0 0 0 0 0 5.26904
0 0 0 0 1 5.37588
0 0 0 0 0 5.35128
0 0 0 0 0 5.34109
0 0 0 0 0 5.32718
0 0 0 0 1 5.38689
0 0 0 0 1 5.34083
0 0 0 0 1 5.35242
0 0 0 0 0 5.35334
0 0 0 0 1 5.37746
0 0 0 0 1 5.46669
0 0 0 0 0 5.39206
0 0 0 0 0 5.42058
0 0 0 0 1 5.46022
0 0 0 0 1 5.50683
0 0 0 0 1 5.48672
0 0 0 0 1 5.51599
0 0 0 0 1 5.54661
0 0 0 0 1 5.51129
0 0 0 0 1 5.48576
0 0 0 0 0 5.47678
0 0 0 0 1 5.56208
0 0 0 0 1 5.54887
0 0 0 0 1 5.53458
0 0 0 0 0 5.61517
0 0 0 0 1 5.5797
0 0 0 0 1 5.58237
0 0 0 0 1 5.56264
0 0 0 0 1 5.64425
0 0 0 0 1 5.63121
0 0 0 0 1 5.6512
0 0 0 0 1 5.66484
0 0 0 0 1 5.63477
0 0 0 0 1 5.74628
0 0 0 0 1 5.74982
0 0 0 0 1 5.69611
0 0 0 0 1 5.77497
0 0 0 0 0 5.73773
0 0 0 0 1 5.8223
0 0 0 0 0 5.82627
0 0 0 0 1 5.83088
0 0 0 0 1 5.7884
0 0 0 0 1 5.82682
0 0 0 0 1 5.85492
0 0 0 0 1 5.87675
0 0 0 0 1 5.87469
0 0 0 0 1 5.93854
0 0 0 0 1 5.86624
0 0 0 0 1 5.91761
0 0 0 0 0 5.99956
0 0 0 0 0 6.01036
0 0 0 0 1 5.92547
0 0 0 0 1 6.01381
0 0 0 0 1 6.00707
0 0 0 0 1 6.07811
0 0 0 0 0 6.08328
0 0 0 0 1 6.11278
0 0 0 0 1 6.06323
0 0 0 0 1 6.08644
0 0 0 0 1 6.1594
0 0 0 0 1 6.2077
0 0 0 0 0 6.13285
0 0 0 0 0 6.16327
0 0 0 0 0 6.2555
0 0 0 0 1 6.25489
0 0 0 0 1 6.24816
0 0 0 0 1 6.29783
0 0 0 0 1 6.31619
0 0 0 0 1 6.25899
0 0 0 0 1 6.28994
0 0 0 0 1 6.34657
0 0 0 0 1 6.4292
0 0 0 0 1 6.37772
0 0 0 0 0 6.3837
0 0 0 0 1 6.3898
0 0 0 0 1 6.47353
0 0 0 0 0 6.46686
0 0 0 0 1 6.47307
0 0 0 0 1 6.49237
0 0 0 0 0 6.51841
0 0 0 0 1 6.5379
0 0 0 0 1 6.60383
0 0 0 0 1 6.60375
0 0 0 0 1 6.71707
0 0 0 0 1 6.67034
0 0 0 0 1 6.7241
0 0 0 0 1 6.72415
0 0 0 0 1 6.82588
0 0 0 0 1 6.81934
0 0 0 0 1 6.86053
0 0 0 0 0 6.92255
0 0 0 0 1 6.86778
0 0 0 0 1 6.90242
0 0 0 0 1 6.92337
0 0 0 0 1 6.97929
0 0 0 0 1 7.07763
0 0 0 0 1 7.09224
0 0 0 0 1 7.12797
0 0 0 0 1 7.1213
0 0 0 0 1 7.2072
0 0 0 0 0 7.11437
0 0 0 0 0 7.15749
0 0 0 0 1 7.1936
0 0 0 0 1 7.23715
0 0 0 0 0 7.23706
0 0 0 0 1 7.39831
0 0 0 0 1 7.36915
0 0 0 0 0 7.4581
0 0 0 0 0 7.51046
0 0 0 0 1 7.54814
0 0 0 0 1 7.54835
0 0 0 0 0 7.60883
0 0 0 0 1 7.66967
0 0 0 0 1 7.71561
0 0 0 0 1 7.63125
0 0 0 0 1 7.68469
0 0 0 0 0 7.73832
0 0 0 0 1 7.80793
0 0 0 0 1 7.8073
0 0 0 0 1 7.84591
0 0 0 0 1 7.90827
0 0 0 0 1 8.05086
0 0 0 0 0 8.02622
0 0 0 0 1 8.10589
0 0 0 0 0 8.0725
0 0 0 0 0 8.20952
0 0 0 0 1 8.27411
0 0 0 0 1 8.26451
0 0 0 0 0 8.31288
0 0 0 0 1 8.33586
0 0 0 0 1 8.34217
0 0 0 0 0 8.50853
0 0 0 0 1 8.52323
0 0 0 0 1 8.55508
0 0 0 0 1 8.54389
0 0 0 0 1 8.5662
0 0 0 0 1 8.64105
0 0 0 0 0 8.77758
0 0 0 0 0 8.738
0 0 0 0 1 8.83156
0 0 0 0 1 8.88051
0 0 0 0 1 9.07268
0 0 0 0 0 8.95972
0 0 0 0 1 9.0542
0 0 0 0 1 9.07597
0 0 0 0 1 9.2812
0 0 0 0 1 9.38709
0 0 0 0 0 9.37126
0 0 0 0 1 9.34597
0 0 0 0 1 9.50748
0 0 0 0 1 9.5376
0 0 0 0 0 9.59625
0 0 0 0 1 9.73257
0 0 0 0 1 9.7039
0 0 0 0 0 9.92876
0 0 0 0 1 9.84972
0 0 0 0 1 10.0272
0 0 0 0 1 10.146
0 0 0 0 1 10.164
0 0 0 0 1 10.2939
0 0 0 0 1 10.3938
0 0 0 0 1 10.4734
0 0 0 0 1 10.5621
0 0 0 0 1 10.6527
0 0 0 0 1 10.6141
0 0 0 0 0 10.638
0 0 0 0 1 10.854
0 0 0 0 1 10.9977
0 0 0 0 1 11.0304
0 0 0 0 1 11.1511
0 0 0 0 0 11.1041
0 0 0 0 1 11.2472
0 0 0 0 1 11.4254
0 0 0 0 1 11.5683
0 0 0 0 1 11.5958
0 0 0 0 1 11.6716
0 0 0 0 1 11.7771
0 0 0 0 1 11.8496
0 0 0 0 1 12.0515
0 0 0 0 1 12.1455
0 0 0 0 0 12.3994
0 0 0 0 1 12.3668
0 0 0 0 1 12.5733
0 0 0 0 1 12.588
0 0 0 0 1 12.78
0 0 0 0 1 12.8662
0 0 0 0 0 13.1349
0 0 0 0 1 13.1287
0 0 0 0 1 13.4901
0 0 0 0 1 13.613
0 0 0 0 1 13.8039
0 0 0 0 0 13.7978
0 0 0 0 1 14.1382
0 0 0 0 1 14.0299
0 0 0 0 0 14.2258
0 0 0 0 1 14.3936
0 0 0 0 1 14.659
0 0 0 0 0 14.8918
0 0 0 0 1 15.1015
0 0 0 0 1 15.2151
0 0 0 0 1 15.4444
0 0 0 0 1 15.7686
0 0 0 0 1 15.669
0 0 0 0 1 15.9656
0 0 0 0 0 16.1184
0 0 0 0 0 16.385
0 0 0 0 1 16.8563
0 0 0 0 1 16.8597
0 0 0 0 1 14.7145
0 0 0 0 1 14.7383
0 0 0 0 1 14.4584
0 0 0 0 1 14.5558
0 0 0 0 1 14.6532
0 0 0 0 1 14.4478
0 0 0 0 1 14.4148
0 0 0 0 1 14.6461
0 0 0 0 1 14.541
0 0 0 0 1 14.3929
0 0 0 0 0 14.436
0 0 0 0 1 14.4358
0 0 0 0 1 14.5778
0 0 0 0 1 14.3161
0 0 0 0 1 14.4608
0 0 0 0 1 14.4758
0 0 0 0 1 14.2733
0 0 0 0 1 14.4182
0 0 0 0 1 14.4462
0 0 0 0 1 14.2185
0 0 0 0 1 14.4068
0 0 0 0 1 14.4498
0 0 0 0 0 14.4093
0 0 0 0 1 14.2957
0 0 0 0 1 14.2558
0 0 0 0 0 14.1878
0 0 0 0 0 14.1057
0 0 0 0 1 14.2929
0 0 0 0 1 14.2683
0 0 0 0 1 14.1161
0 0 0 0 1 14.19
0 0 0 0 1 14.4866
0 0 0 0 1 14.7034
0 0 0 0 1 15.2279
0 0 0 0 1 15.7778
0 0 0 0 0 16.299
0 0 0 0 0 16.686
0 0 0 0 1 17.1389
0 0 0 0 1 17.7493
0 0 0 0 1 40.4603
0 0 0 0 1 42.0784
0 0 0 0 1 43.7381
0 0 0 0 1 45.5666
0 0 0 0 1 46.9361
0 0 0 0 0 48.9746
0 0 0 0 1 42.4635
0 0 0 0 0 41.9816
0 0 0 0 1 42.5564
0 0 0 0 1 42.6254
0 0 0 0 1 41.8921
0 0 0 0 0 42.3428
0 0 0 0 1 42.2447
0 0 0 0 0 42.6123
0 0 0 0 1 41.7988
0 0 0 0 1 42.5051
0 0 0 0 0 42.5795
0 0 0 0 1 46.1647
0 0 0 0 0 5.03004
0 0 0 0 0 4.98996
0 0 0 0 0 5.0601
0 0 0 0 0 4.98495
0 0 0 0 1 35.035
0 0 0 0 1 35.6312
0 0 0 0 1 34.9932
0 0 0 0 1 35.1672
0 0 0 0 1 35.6241
0 0 0 0 1 35.0234
0 0 0 0 0 35.4816
0 0 0 0 1 35.1645
0 0 0 0 1 34.9539
0 0 0 0 1 35.2025
0 0 0 0 1 35.0989
0 0 0 0 1 34.9256
0 0 0 0 0 35.5995
0 0 0 0 0 4.96992
0 0 0 0 0 5.02002
0 0 0 0 0 4.98495
0 0 0 0 0 4.97994
0 0 0 0 0 5.05008
0 0 0 0 0 4.96491
0 0 0 0 0 5.01501
0 0 0 0 0 4.9599
0 0 0 0 0 5.04006
0 0 0 0 1 95.3414
0 0 0 0 1 89.6071
0 0 0 0 1 85.5886
0 0 0 0 1 81.6154
0 0 0 0 1 23.3851
0 0 0 0 1 22.141
0 0 0 0 1 21.0307
0 0 0 0 1 20.1004
0 0 0 0 1 19.9688
0 0 0 0 1 20.3408
0 0 0 0 1 20.089
0 0 0 0 1 20.18
0 0 0 0 0 20.3105
0 0 0 0 1 20.2814
0 0 0 0 1 20.2324
0 0 0 0 1 20.406
0 0 0 0 1 20.196
0 0 0 0 1 20.2492
0 0 0 0 0 20.1206
0 0 0 0 1 20.2758
0 0 0 0 1 20.1883
0 0 0 0 1 20.1011
0 0 0 0 1 20.136
0 0 0 0 0 20.2118
0 0 0 0 1 20.4508
0 0 0 0 1 20.1801
0 0 0 0 1 20.5237
0 0 0 0 1 20.5812
0 0 0 0 1 20.1905
0 0 0 0 1 35.1049
0 0 0 0 1 33.8775
0 0 0 0 0 33.3028
0 0 0 0 1 32.8591
0 0 0 0 1 31.9782
0 0 0 0 0 31.8516
0 0 0 0 1 30.9003
0 0 0 0 1 30.6498
0 0 0 0 1 29.7218
0 0 0 0 1 29.3949
0 0 0 0 1 28.9065
0 0 0 0 1 28.4556
0 0 0 0 0 27.6341
0 0 0 0 1 27.1714
0 0 0 0 1 27.0948
0 0 0 0 1 26.3821
0 0 0 0 1 25.9414
0 0 0 0 0 25.4508
0 0 0 0 1 25.2755
0 0 0 0 1 24.7314
0 0 0 0 0 24.3188
0 0 0 0 1 24.0528
0 0 0 0 1 23.7323
0 0 0 0 1 23.2571
0 0 0 0 1 22.9018
0 0 0 0 1 22.5666
0 0 0 0 1 22.5244
0 0 0 0 1 22.1303
0 0 0 0 1 22.0327
0 0 0 0 1 21.5083
0 0 0 0 1 21.5218
0 0 0 0 0 20.908
0 0 0 0 1 20.978
0 0 0 0 0 20.7099
0 0 0 0 1 20.1289
0 0 0 0 1 20.0066
0 0 0 0 1 19.7921
0 0 0 0 1 19.46
0 0 0 0 0 19.527
0 0 0 0 1 19.186
0 0 0 0 1 18.9329
0 0 0 0 0 18.522
0 0 0 0 1 18.3565
0 0 0 0 0 18.4468
0 0 0 0 0 18.0334
0 0 0 0 0 17.8937
0 0 0 0 1 17.6212
0 0 0 0 1 17.6093
0 0 0 0 1 17.4864
0 0 0 0 1 17.3455
0 0 0 0 1 17.102
0 0 0 0 1 17.0459
0 0 0 0 1 16.6885
0 0 0 0 1 16.7069
0 0 0 0 1 16.2885
0 0 0 0 1 16.3953
0 0 0 0 0 16.24
0 0 0 0 1 15.9027
0 0 0 0 1 15.7904
0 0 0 0 1 15.5056
0 0 0 0 1 15.4565
0 0 0 0 1 15.4547
0 0 0 0 0 15.3263
0 0 0 0 1 15.2613
0 0 0 0 0 14.8417
0 0 0 0 1 14.8613
0 0 0 0 1 14.7963
0 0 0 0 0 14.6779
0 0 0 0 1 14.412
0 0 0 0 0 14.4767
0 0 0 0 1 14.3476
0 0 0 0 1 14.0719
0 0 0 0 1 14.0516
0 0 0 0 1 13.8687
0 0 0 0 1 13.9781
0 0 0 0 1 13.7081
0 0 0 0 1 13.6405
0 0 0 0 0 13.6455
0 0 0 0 1 13.5636
0 0 0 0 1 13.3796
0 0 0 0 1 13.378
0 0 0 0 1 13.2832
0 0 0 0 1 13.0057
0 0 0 0 1 12.8737
0 0 0 0 0 12.8199
0 0 0 0 1 12.7103
0 0 0 0 1 12.6818
0 0 0 0 1 12.7242
0 0 0 0 0 12.4391
0 0 0 0 1 12.5182
0 0 0 0 1 12.4468
0 0 0 0 1 12.1995
0 0 0 0 1 12.1662
0 0 0 0 1 12.1043
0 0 0 0 0 12.0425
0 0 0 0 1 11.8968
0 0 0 0 1 11.8356
0 0 0 0 1 11.9286
0 0 0 0 1 11.69
0 0 0 0 1 11.7112
0 0 0 0 1 11.5686
0 0 0 0 0 11.4814
0 0 0 0 0 11.5326
0 0 0 0 1 11.4946
0 0 0 0 1 11.3395
0 0 0 0 1 11.2568
0 0 0 0 1 11.1453
0 0 0 0 1 11.1608
0 0 0 0 1 11.2201
0 0 0 0 1 11.1567
0 0 0 0 1 11.0276
0 0 0 0 1 11.0385
0 0 0 0 1 10.777
0 0 0 0 1 10.8376
0 0 0 0 0 10.719
0 0 0 0 1 10.658
0 0 0 0 1 10.7007
0 0 0 0 1 10.5835
0 0 0 0 1 10.657
0 0 0 0 1 10.446
0 0 0 0 1 10.3413
0 0 0 0 1 10.4348
0 0 0 0 1 10.3822
0 0 0 0 0 10.2343
0 0 0 0 1 10.2339
0 0 0 0 0 10.2128
0 0 0 0 1 10.0597
0 0 0 0 0 10.1271
0 0 0 0 1 10.1234
0 0 0 0 0 10.0621
0 0 0 0 1 9.85905
0 0 0 0 0 9.85585
0 0 0 0 0 9.90184
0 0 0 0 1 9.73099
0 0 0 0 0 9.70118
0 0 0 0 1 9.67844
0 0 0 0 1 9.76236
0 0 0 0 1 9.67163
0 0 0 0 0 9.52114
0 0 0 0 1 9.61379
0 0 0 0 1 9.62919
0 0 0 0 1 9.47343
0 0 0 0 1 9.42966
0 0 0 0 1 9.50172
0 0 0 0 1 9.30109
0 0 0 0 1 9.41946
0 0 0 0 0 9.218
0 0 0 0 0 9.28923
0 0 0 0 0 9.13577
0 0 0 0 1 9.22239
0 0 0 0 1 9.12506
0 0 0 0 1 9.17693
0 0 0 0 1 9.18034
0 0 0 0 0 9.03873
0 0 0 0 1 9.09661
0 0 0 0 1 9.04609
0 0 0 0 0 8.98048
0 0 0 0 1 8.97523
0 0 0 0 1 8.82773
0 0 0 0 1 8.78751
0 0 0 0 1 8.80048
0 0 0 0 1 8.83091
0 0 0 0 1 8.84103
0 0 0 0 1 8.67264
0 0 0 0 1 8.74403
0 0 0 0 1 8.64391
0 0 0 0 1 8.61968
0 0 0 0 1 8.58356
0 0 0 0 1 8.55103
0 0 0 0 1 8.48706
0 0 0 0 1 8.47205
0 0 0 0 1 8.53638
0 0 0 0 1 8.43062
0 0 0 0 1 8.48355
0 0 0 0 1 8.35333
0 0 0 0 1 8.4818
0 0 0 0 1 8.41941
0 0 0 0 1 8.3464
0 0 0 0 1 8.39046
0 0 0 0 1 8.35385
0 0 0 0 1 8.24857
0 0 0 0 0 8.24571
0 0 0 0 0 8.18255
0 0 0 0 1 8.12794
0 0 0 0 1 8.15013
0 0 0 0 1 8.12047
0 0 0 0 1 8.21309
0 0 0 0 1 8.12665
0 0 0 0 1 8.15405
0 0 0 0 1 8.09295
0 0 0 0 1 8.01562
0 0 0 0 1 8.01112
0 0 0 0 1 7.95855
0 0 0 0 0 8.05833
0 0 0 0 1 7.99801
0 0 0 0 1 7.98874
0 0 0 0 1 8.01343
0 0 0 0 1 7.93006
0 0 0 0 1 7.94198
0 0 0 0 1 7.82778
0 0 0 0 1 7.88719
0 0 0 0 0 7.81302
0 0 0 0 0 7.78623
0 0 0 0 1 7.72841
0 0 0 0 1 7.83138
0 0 0 0 1 7.72717
0 0 0 0 1 7.71978
0 0 0 0 0 7.6984
0 0 0 0 1 7.773
0 0 0 0 1 7.77484
0 0 0 0 1 7.74148
0 0 0 0 1 7.62399
0 0 0 0 1 7.61859
0 0 0 0 1 7.65479
0 0 0 0 1 7.66805
0 0 0 0 1 7.63997
0 0 0 0 1 7.52431
0 0 0 0 1 7.5835
0 0 0 0 0 7.57106
0 0 0 0 1 7.58482
0 0 0 0 1 7.48566
0 0 0 0 0 7.52631
0 0 0 0 0 7.53288
0 0 0 0 1 7.47964
0 0 0 0 1 7.49038
0 0 0 0 1 7.41525
0 0 0 0 1 7.42243
0 0 0 0 1 7.44465
0 0 0 0 1 7.48904
0 0 0 0 1 7.45191
0 0 0 0 1 7.44088
0 0 0 0 1 7.38943
0 0 0 0 1 7.30499
0 0 0 0 1 7.346
0 0 0 0 1 7.36143
0 0 0 0 1 7.32562
0 0 0 0 1 7.38474
0 0 0 0 1 7.36382
0 0 0 0 1 7.30663
0 0 0 0 1 7.21658
0 0 0 0 1 7.30158
0 0 0 0 1 7.32506
0 0 0 0 1 7.19938
0 0 0 0 1 7.31331
0 0 0 0 1 7.20682
0 0 0 0 1 7.17607
