0 0 0 0 1 5.24937
0 0 0 0 1 5.18257
0 0 0 0 1 5.2596
0 0 0 0 1 5.22932
0 0 0 0 1 5.21266
0 0 0 0 1 5.22429
0 0 0 0 1 5.25174
0 0 0 0 0 5.23532
0 0 0 0 1 5.2209
0 0 0 0 0 5.24865
0 0 0 0 1 5.25881
0 0 0 0 1 5.31674
0 0 0 0 1 5.2708
0 0 0 0 1 5.28312
0 0 0 0 1 5.32036
0 0 0 0 1 5.31694
0 0 0 0 0 5.31722
0 0 0 0 1 5.38866
0 0 0 0 1 5.30898
0 0 0 0 1 5.38077
0 0 0 0 1 5.41911
0 0 0 0 1 5.42688
0 0 0 0 1 5.44405
0 0 0 0 1 5.36955
0 0 0 0 1 5.40451
0 0 0 0 1 5.41252
0 0 0 0 1 5.48437
0 0 0 0 1 5.46956
0 0 0 0 1 5.43295
0 0 0 0 1 5.4522
0 0 0 0 1 5.45386
0 0 0 0 1 5.49952
0 0 0 0 1 5.48614
0 0 0 0 1 5.5168
0 0 0 0 0 5.54095
0 0 0 0 1 5.58742
0 0 0 0 1 5.57872
0 0 0 0 1 5.60997
0 0 0 0 0 5.57356
0 0 0 0 1 5.57052
0 0 0 0 1 5.60766
0 0 0 0 1 5.58237
0 0 0 0 0 5.63568
0 0 0 0 0 5.59919
0 0 0 0 1 5.59171
0 0 0 0 1 5.71342
0 0 0 0 0 5.6989
0 0 0 0 1 5.66889
0 0 0 0 1 5.73488
0 0 0 0 1 5.66408
0 0 0 0 1 5.67318
0 0 0 0 1 5.71183
0 0 0 0 1 5.71469
0 0 0 0 1 5.79919
0 0 0 0 1 5.8031
0 0 0 0 1 5.80767
0 0 0 0 1 5.81167
0 0 0 0 1 5.87936
0 0 0 0 1 5.79058
0 0 0 0 0 5.80637
0 0 0 0 1 5.89824
0 0 0 0 1 5.92675
0 0 0 0 1 5.85441
0 0 0 0 1 5.92948
0 0 0 0 1 6.00552
0 0 0 0 1 6.0044
0 0 0 0 1 6.02722
0 0 0 0 1 6.03784
0 0 0 0 1 5.95892
0 0 0 0 1 6.07207
0 0 0 0 0 6.04087
0 0 0 0 1 6.03986
0 0 0 0 0 6.06933
0 0 0 0 1 6.07421
0 0 0 0 1 6.09198
0 0 0 0 1 6.14003
0 0 0 0 1 6.1452
0 0 0 0 1 6.2499
0 0 0 0 0 6.19338
0 0 0 0 1 6.19253
0 0 0 0 1 6.29194
0 0 0 0 0 6.25392
0 0 0 0 0 6.3099
0 0 0 0 1 6.27793
0 0 0 0 1 6.35969
0 0 0 0 0 6.35293
0 0 0 0 1 6.33982
0 0 0 0 0 6.44823
0 0 0 0 1 6.48023
0 0 0 0 1 6.44143
0 0 0 0 1 6.53185
0 0 0 0 0 6.50585
0 0 0 0 1 6.54485
0 0 0 0 1 6.52513
0 0 0 0 1 6.51841
0 0 0 0 0 6.61707
0 0 0 0 1 6.61046
0 0 0 0 1 6.6902
0 0 0 0 1 6.73043
0 0 0 0 0 6.65023
0 0 0 0 1 6.69718
0 0 0 0 0 6.74442
0 0 0 0 1 6.7716
0 0 0 0 0 6.80571
0 0 0 0 1 6.89473
0 0 0 0 1 6.92255
0 0 0 0 0 6.83327
0 0 0 0 1 6.93703
0 0 0 0 1 6.99295
0 0 0 0 0 6.93038
0 0 0 0 1 6.99346
0 0 0 0 1 7.02879
0 0 0 0 1 7.11382
0 0 0 0 1 7.14975
0 0 0 0 0 7.10006
0 0 0 0 1 7.22923
0 0 0 0 1 7.18632
0 0 0 0 1 7.31675
0 0 0 0 1 7.28806
0 0 0 0 1 7.37596
0 0 0 0 1 7.36162
0 0 0 0 1 7.33965
0 0 0 0 1 7.39879
0 0 0 0 1 7.38379
0 0 0 0 0 7.50321
0 0 0 0 1 7.57092
0 0 0 0 1 7.50294
0 0 0 0 1 7.67728
0 0 0 0 1 7.56283
0 0 0 0 1 7.60054
0 0 0 0 1 7.76956
0 0 0 0 1 7.76937
0 0 0 0 1 7.75333
0 0 0 0 1 7.8073
0 0 0 0 1 7.93265
0 0 0 0 1 8.01139
0 0 0 0 1 7.93926
0 0 0 0 1 7.97811
0 0 0 0 0 8.13812
0 0 0 0 0 8.09681
0 0 0 0 1 8.22583
0 0 0 0 1 8.24954
0 0 0 0 0 8.18203
0 0 0 0 1 8.22171
0 0 0 0 1 8.32751
0 0 0 0 0 8.4177
0 0 0 0 0 8.40724
0 0 0 0 1 8.47225
0 0 0 0 1 8.52089
0 0 0 0 1 8.55249
0 0 0 0 1 8.73926
0 0 0 0 0 8.71066
0 0 0 0 1 8.71632
0 0 0 0 1 8.90553
0 0 0 0 1 8.77835
0 0 0 0 1 8.98761
0 0 0 0 1 8.95578
0 0 0 0 1 9.07737
0 0 0 0 1 9.16351
0 0 0 0 1 9.07597
0 0 0 0 1 9.29044
0 0 0 0 0 9.31274
0 0 0 0 1 9.4368
0 0 0 0 1 9.39308
0 0 0 0 1 9.50748
0 0 0 0 1 9.64283
0 0 0 0 1 9.56735
0 0 0 0 1 9.60643
0 0 0 0 1 9.78208
0 0 0 0 1 9.80071
0 0 0 0 1 9.90924
0 0 0 0 1 10.0972
0 0 0 0 1 9.99484
0 0 0 0 1 10.1742
0 0 0 0 1 10.2734
0 0 0 0 1 10.2804
0 0 0 0 1 10.3487
0 0 0 0 0 10.5831
0 0 0 0 1 10.5049
0 0 0 0 0 10.5822
0 0 0 0 1 10.6702
0 0 0 0 1 10.9189
0 0 0 0 0 10.823
0 0 0 0 1 11.0965
0 0 0 0 1 11.2178
0 0 0 0 1 11.306
0 0 0 0 1 11.2245
0 0 0 0 1 11.3341
0 0 0 0 1 11.4416
0 0 0 0 1 11.6772
0 0 0 0 1 11.8124
0 0 0 0 1 11.7889
0 0 0 0 1 11.8975
0 0 0 0 0 11.9791
0 0 0 0 1 12.1211
0 0 0 0 1 12.3501
0 0 0 0 1 12.3792
0 0 0 0 1 12.6738
0 0 0 0 1 12.7149
0 0 0 0 1 12.6903
0 0 0 0 0 12.9181
0 0 0 0 1 13.004
0 0 0 0 1 13.3537
0 0 0 0 1 13.276
0 0 0 0 1 13.4777
0 0 0 0 1 13.6398
0 0 0 0 1 13.7148
0 0 0 0 0 13.9562
0 0 0 0 1 14.0157
0 0 0 0 1 14.369
0 0 0 0 0 14.5965
0 0 0 0 1 14.6884
0 0 0 0 1 14.8324
0 0 0 0 1 15.1917
0 0 0 0 1 15.2151
0 0 0 0 1 15.321
0 0 0 0 1 15.5811
0 0 0 0 1 15.669
0 0 0 0 1 16.11
0 0 0 0 1 16.281
0 0 0 0 1 16.3521
0 0 0 0 1 16.6891
0 0 0 0 0 17.0632
0 0 0 0 1 14.5388
0 0 0 0 1 14.6506
0 0 0 0 1 14.7212
0 0 0 0 1 14.6725
0 0 0 0 1 14.6241
0 0 0 0 1 14.5351
0 0 0 0 0 14.6183
0 0 0 0 1 14.4864
0 0 0 0 1 14.6424
0 0 0 0 1 14.3784
0 0 0 0 1 14.4071
0 0 0 0 0 14.3347
0 0 0 0 1 14.4623
0 0 0 0 0 14.2728
0 0 0 0 1 14.5472
0 0 0 0 0 14.332
0 0 0 0 1 14.4314
0 0 0 0 1 14.3895
0 0 0 0 1 14.3028
0 0 0 0 1 14.3189
0 0 0 0 1 14.3781
0 0 0 0 1 14.2638
0 0 0 0 1 14.3521
0 0 0 0 1 14.1529
0 0 0 0 1 14.3557
0 0 0 0 1 14.202
0 0 0 0 1 14.1485
0 0 0 0 1 14.2929
0 0 0 0 1 14.2825
0 0 0 0 1 14.244
0 0 0 0 0 14.0621
0 0 0 0 1 14.4723
0 0 0 0 1 14.6591
0 0 0 0 1 15.1063
0 0 0 0 1 15.496
0 0 0 0 1 16.2183
0 0 0 0 1 16.686
0 0 0 0 1 17.311
0 0 0 0 1 17.7315
0 0 0 0 1 40.7043
0 0 0 0 1 41.9519
0 0 0 0 1 43.7381
0 0 0 0 1 45.2479
0 0 0 0 0 47.4576
0 0 0 0 0 49.0241
0 0 0 0 1 42.2521
0 0 0 0 1 42.3621
0 0 0 0 1 42.3873
0 0 0 0 1 42.1185
0 0 0 0 1 41.8499
0 0 0 0 0 41.9629
0 0 0 0 1 42.4135
0 0 0 0 1 42.106
0 0 0 0 1 41.7566
0 0 0 0 1 42.1256
0 0 0 0 1 42.5795
0 0 0 0 0 45.7072
0 0 0 0 0 4.96992
0 0 0 0 0 4.99998
0 0 0 0 0 5.04006
0 0 0 0 0 4.99497
0 0 0 0 1 35.4231
0 0 0 0 1 35.6312
0 0 0 0 0 34.958
0 0 0 0 0 35.2377
0 0 0 0 1 35.4124
0 0 0 0 1 34.9882
0 0 0 0 1 35.1642
0 0 0 0 0 34.9176
0 0 0 0 0 35.2361
0 0 0 0 1 35.4141
0 0 0 0 1 34.9931
0 0 0 0 1 35.4901
0 0 0 0 1 35.2467
0 0 0 0 0 4.97493
0 0 0 0 0 4.97493
0 0 0 0 0 5.03505
0 0 0 0 0 4.97994
0 0 0 0 0 5.0601
0 0 0 0 0 5.02002
0 0 0 0 0 5.02503
0 0 0 0 0 4.99497
0 0 0 0 0 4.99497
0 0 0 0 1 94.5771
0 0 0 0 1 90.5076
0 0 0 0 0 84.7353
0 0 0 0 1 81.2106
0 0 0 0 0 23.4781
0 0 0 0 1 22.3183
0 0 0 0 1 21.1999
0 0 0 0 1 20.2623
0 0 0 0 0 20.0292
0 0 0 0 0 20.1193
0 0 0 0 1 20.2703
0 0 0 0 1 20.2203
0 0 0 0 1 20.0685
0 0 0 0 1 20.0594
0 0 0 0 1 20.1718
0 0 0 0 0 20.1231
0 0 0 0 1 20.3982
0 0 0 0 1 20.2896
0 0 0 0 0 20.2218
0 0 0 0 0 20.1948
0 0 0 0 1 20.4113
0 0 0 0 1 20.2431
0 0 0 0 1 20.278
0 0 0 0 1 20.415
0 0 0 0 1 20.4101
0 0 0 0 0 20.2005
0 0 0 0 1 20.5441
0 0 0 0 1 20.4997
0 0 0 0 1 20.5372
0 0 0 0 1 35.2446
0 0 0 0 1 33.8433
0 0 0 0 0 33.7044
0 0 0 0 1 33.1217
0 0 0 0 1 31.8817
0 0 0 0 1 31.694
0 0 0 0 1 30.9622
0 0 0 0 1 30.3766
0 0 0 0 1 30.0197
0 0 0 0 1 29.3949
0 0 0 0 1 28.849
0 0 0 0 1 28.4839
0 0 0 0 0 27.9396
0 0 0 0 1 27.5537
0 0 0 0 1 26.88
0 0 0 0 1 26.4349
0 0 0 0 1 26.1753
0 0 0 0 0 25.681
0 0 0 0 1 24.9728
0 0 0 0 1 25.079
0 0 0 0 1 24.539
0 0 0 0 1 24.0287
0 0 0 0 0 23.566
0 0 0 0 1 23.2103
0 0 0 0 1 22.8557
0 0 0 0 1 22.6577
0 0 0 0 1 22.6816
0 0 0 0 1 22.0638
0 0 0 0 1 21.7922
0 0 0 0 1 21.7457
0 0 0 0 1 21.3938
0 0 0 0 1 21.2239
0 0 0 0 1 20.7077
0 0 0 0 1 20.7305
0 0 0 0 0 20.2709
0 0 0 0 1 20.1669
0 0 0 0 0 19.7326
0 0 0 0 0 19.6754
0 0 0 0 0 19.527
0 0 0 0 1 19.0329
0 0 0 0 0 19.0842
0 0 0 0 1 18.6343
0 0 0 0 0 18.375
0 0 0 0 1 18.2089
0 0 0 0 0 18.2144
0 0 0 0 0 17.8399
0 0 0 0 1 17.6212
0 0 0 0 0 17.539
0 0 0 0 1 17.4342
0 0 0 0 1 17.2594
0 0 0 0 0 17.1702
0 0 0 0 1 16.8602
0 0 0 0 1 16.7386
0 0 0 0 1 16.5745
0 0 0 0 1 16.3377
0 0 0 0 1 16.1028
0 0 0 0 1 16.0629
0 0 0 0 1 16.0143
0 0 0 0 1 15.9011
0 0 0 0 1 15.5839
0 0 0 0 1 15.5806
0 0 0 0 1 15.4393
0 0 0 0 0 15.372
0 0 0 0 1 15.1705
0 0 0 0 1 14.9017
0 0 0 0 1 14.891
0 0 0 0 0 14.693
0 0 0 0 1 14.751
0 0 0 0 0 14.4845
0 0 0 0 0 14.376
0 0 0 0 0 14.2048
0 0 0 0 1 14.0577
0 0 0 0 0 14.1924
0 0 0 0 1 14.0922
0 0 0 0 1 13.7842
0 0 0 0 1 13.6669
0 0 0 0 1 13.7088
0 0 0 0 1 13.6455
0 0 0 0 1 13.5501
0 0 0 0 1 13.4597
0 0 0 0 0 13.378
0 0 0 0 1 13.0331
0 0 0 0 1 13.0449
0 0 0 0 1 12.9386
0 0 0 0 1 12.9359
0 0 0 0 0 12.7743
0 0 0 0 1 12.758
0 0 0 0 1 12.6863
0 0 0 0 1 12.6272
0 0 0 0 1 12.3936
0 0 0 0 1 12.4468
0 0 0 0 1 12.2364
0 0 0 0 0 12.2639
0 0 0 0 1 12.165
0 0 0 0 1 12.0787
0 0 0 0 1 11.8848
0 0 0 0 1 11.9787
0 0 0 0 1 11.893
0 0 0 0 1 11.8078
0 0 0 0 1 11.6176
0 0 0 0 1 11.6733
0 0 0 0 1 11.4467
0 0 0 0 1 11.5555
0 0 0 0 0 11.4831
0 0 0 0 0 11.4076
0 0 0 0 1 11.3132
0 0 0 0 1 11.325
0 0 0 0 1 11.2613
0 0 0 0 0 11.1868
0 0 0 0 1 11.0131
0 0 0 0 0 11.0716
0 0 0 0 1 10.9948
0 0 0 0 1 10.9183
0 0 0 0 1 10.9025
0 0 0 0 1 10.8158
0 0 0 0 1 10.6366
0 0 0 0 1 10.5621
0 0 0 0 1 10.6471
0 0 0 0 1 10.6148
0 0 0 0 1 10.5195
0 0 0 0 1 10.5502
0 0 0 0 1 10.3724
0 0 0 0 1 10.2684
0 0 0 0 0 10.2549
0 0 0 0 1 10.3466
0 0 0 0 1 10.1516
0 0 0 0 1 10.0901
0 0 0 0 1 10.1473
0 0 0 0 1 10.043
0 0 0 0 1 9.96209
0 0 0 0 1 10.0084
0 0 0 0 1 9.90543
0 0 0 0 1 9.96107
0 0 0 0 1 9.74082
0 0 0 0 1 9.6914
0 0 0 0 1 9.77581
0 0 0 0 1 9.73328
0 0 0 0 1 9.73919
0 0 0 0 0 9.69426
0 0 0 0 1 9.48931
0 0 0 0 1 9.51479
0 0 0 0 1 9.58734
0 0 0 0 1 9.54316
0 0 0 0 1 9.50172
0 0 0 0 1 9.3386
0 0 0 0 1 9.40079
0 0 0 0 1 9.23661
0 0 0 0 1 9.31702
0 0 0 0 1 9.20037
0 0 0 0 1 9.13044
0 0 0 0 1 9.15255
0 0 0 0 1 9.16781
0 0 0 0 1 9.17125
0 0 0 0 0 9.02062
0 0 0 0 1 9.03344
0 0 0 0 1 9.0371
0 0 0 0 1 8.87304
0 0 0 0 0 8.98416
0 0 0 0 0 8.94329
0 0 0 0 1 8.80522
0 0 0 0 1 8.80048
0 0 0 0 1 8.78693
0 0 0 0 1 8.69192
0 0 0 0 1 8.81238
0 0 0 0 1 8.6221
0 0 0 0 1 8.66994
0 0 0 0 1 8.61103
0 0 0 0 1 8.56633
0 0 0 0 1 8.64557
0 0 0 0 1 8.64978
0 0 0 0 1 8.54892
0 0 0 0 1 8.57042
0 0 0 0 0 8.45606
0 0 0 0 1 8.39897
0 0 0 0 1 8.47977
0 0 0 0 1 8.44818
0 0 0 0 1 8.41103
0 0 0 0 0 8.40489
0 0 0 0 0 8.24881
0 0 0 0 1 8.22929
0 0 0 0 1 8.21544
0 0 0 0 1 8.22921
0 0 0 0 0 8.25663
0 0 0 0 0 8.24288
0 0 0 0 1 8.13377
0 0 0 0 1 8.24289
0 0 0 0 1 8.10727
0 0 0 0 1 8.151
0 0 0 0 1 8.08927
0 0 0 0 1 8.02018
0 0 0 0 0 8.10433
0 0 0 0 1 8.02721
0 0 0 0 1 7.99866
0 0 0 0 1 8.04232
0 0 0 0 0 7.93415
0 0 0 0 1 8.01261
0 0 0 0 0 7.86253
0 0 0 0 1 7.84291
0 0 0 0 1 7.89457
0 0 0 0 0 7.96179
0 0 0 0 0 7.78496
0 0 0 0 0 7.915
0 0 0 0 1 7.88013
0 0 0 0 1 7.75963
0 0 0 0 0 7.808
0 0 0 0 1 7.81268
0 0 0 0 1 7.70428
0 0 0 0 0 7.75256
0 0 0 0 0 7.78844
0 0 0 0 1 7.75172
0 0 0 0 0 7.67229
0 0 0 0 1 7.60865
0 0 0 0 1 7.69516
0 0 0 0 1 7.58603
0 0 0 0 0 7.61469
0 0 0 0 0 7.55627
0 0 0 0 1 7.6382
0 0 0 0 0 7.54562
0 0 0 0 1 7.53324
0 0 0 0 1 7.47916
0 0 0 0 1 7.5685
0 0 0 0 1 7.45112
0 0 0 0 0 7.51787
0 0 0 0 1 7.49461
0 0 0 0 1 7.52029
0 0 0 0 1 7.51969
0 0 0 0 1 7.47454
0 0 0 0 1 7.40746
0 0 0 0 1 7.38513
0 0 0 0 1 7.33339
0 0 0 0 1 7.32253
0 0 0 0 1 7.36728
0 0 0 0 1 7.43767
0 0 0 0 1 7.33128
0 0 0 0 1 7.39082
0 0 0 0 1 7.39162
0 0 0 0 0 7.31148
0 0 0 0 0 7.37113
0 0 0 0 1 7.34312
0 0 0 0 1 7.31864
0 0 0 0 1 7.21422
0 0 0 0 1 7.24512
0 0 0 0 1 7.23567
0 0 0 0 1 7.28432
0 0 0 0 1 7.30812
0 0 0 0 0 7.19775
