0 0 0 0 1 5.21816
0 0 0 0 0 5.2555
0 0 0 0 1 5.19176
0 0 0 0 1 5.25022
0 0 0 0 1 5.18649
0 0 0 0 1 5.20333
0 0 0 0 1 5.26223
0 0 0 0 1 5.23532
0 0 0 0 1 5.27879
0 0 0 0 1 5.25392
0 0 0 0 1 5.26937
0 0 0 0 0 5.27971
0 0 0 0 1 5.24961
0 0 0 0 1 5.28842
0 0 0 0 1 5.27252
0 0 0 0 1 5.31694
0 0 0 0 1 5.35988
0 0 0 0 1 5.29787
0 0 0 0 1 5.34109
0 0 0 0 1 5.34862
0 0 0 0 1 5.34392
0 0 0 0 1 5.40537
0 0 0 0 1 5.42249
0 0 0 0 1 5.43978
0 0 0 0 1 5.43156
0 0 0 0 1 5.46669
0 0 0 0 1 5.40292
0 0 0 0 1 5.48589
0 0 0 0 1 5.41659
0 0 0 0 1 5.47951
0 0 0 0 1 5.48124
0 0 0 0 1 5.53245
0 0 0 0 1 5.46415
0 0 0 0 1 5.53882
0 0 0 0 1 5.4968
0 0 0 0 1 5.58189
0 0 0 0 0 5.59536
0 0 0 0 1 5.52665
0 0 0 0 0 5.55685
0 0 0 0 1 5.54819
0 0 0 0 1 5.54057
0 0 0 0 1 5.58237
0 0 0 0 1 5.63568
0 0 0 0 1 5.59355
0 0 0 0 1 5.68763
0 0 0 0 1 5.63988
0 0 0 0 1 5.64781
0 0 0 0 1 5.63477
0 0 0 0 1 5.71208
0 0 0 0 1 5.76125
0 0 0 0 1 5.76487
0 0 0 0 1 5.75775
0 0 0 0 1 5.81262
0 0 0 0 0 5.8223
0 0 0 0 0 5.76835
0 0 0 0 0 5.78446
0 0 0 0 1 5.79422
0 0 0 0 0 5.82098
0 0 0 0 1 5.79643
0 0 0 0 1 5.92367
0 0 0 0 1 5.86292
0 0 0 0 1 5.84419
0 0 0 0 1 5.97268
0 0 0 0 1 5.89981
0 0 0 0 0 5.89243
0 0 0 0 1 5.92084
0 0 0 0 1 6.01525
0 0 0 0 1 6.03784
0 0 0 0 1 5.96494
0 0 0 0 0 6.10228
0 0 0 0 0 6.01663
0 0 0 0 1 6.11886
0 0 0 0 0 6.05714
0 0 0 0 1 6.08032
0 0 0 0 1 6.17165
0 0 0 0 0 6.14003
0 0 0 0 1 6.23784
0 0 0 0 1 6.19421
0 0 0 0 0 6.26172
0 0 0 0 1 6.22995
0 0 0 0 1 6.24816
0 0 0 0 1 6.2351
0 0 0 0 1 6.33508
0 0 0 0 0 6.25267
0 0 0 0 1 6.2836
0 0 0 0 1 6.31474
0 0 0 0 1 6.4292
0 0 0 0 1 6.43541
0 0 0 0 0 6.37083
0 0 0 0 1 6.42852
0 0 0 0 1 6.52537
0 0 0 0 1 6.47336
0 0 0 0 0 6.54485
0 0 0 0 1 6.60375
0 0 0 0 1 6.59069
0 0 0 0 1 6.65666
0 0 0 0 1 6.65688
0 0 0 0 1 6.6237
0 0 0 0 0 6.7104
0 0 0 0 1 6.65693
0 0 0 0 1 6.66352
0 0 0 0 0 6.69711
0 0 0 0 1 6.74446
0 0 0 0 1 6.86021
0 0 0 0 0 6.88789
0 0 0 0 1 6.90195
0 0 0 0 0 6.90919
0 0 0 0 1 6.8678
0 0 0 0 1 7.02078
0 0 0 0 1 7.03518
0 0 0 0 1 6.95137
0 0 0 0 1 7.03584
0 0 0 0 1 7.04303
0 0 0 0 1 7.04304
0 0 0 0 1 7.12863
0 0 0 0 1 7.12154
0 0 0 0 0 7.1647
0 0 0 0 1 7.21533
0 0 0 0 0 7.2226
0 0 0 0 1 7.30285
0 0 0 0 1 7.31758
0 0 0 0 1 7.43554
0 0 0 0 0 7.39138
0 0 0 0 0 7.51046
0 0 0 0 1 7.50321
0 0 0 0 1 7.47309
0 0 0 0 0 7.57857
0 0 0 0 1 7.62407
0 0 0 0 1 7.67742
0 0 0 0 0 7.70803
0 0 0 0 1 7.78499
0 0 0 0 1 7.8237
0 0 0 0 0 7.87033
0 0 0 0 0 7.85437
0 0 0 0 1 7.86168
0 0 0 0 1 7.94
0 0 0 0 1 7.89144
0 0 0 0 1 7.98613
0 0 0 0 0 8.13007
0 0 0 0 1 8.04818
0 0 0 0 1 8.13615
0 0 0 0 1 8.23315
0 0 0 0 1 8.19028
0 0 0 0 1 8.23829
0 0 0 0 1 8.27745
0 0 0 0 1 8.31699
0 0 0 0 1 8.39036
0 0 0 0 1 8.53173
0 0 0 0 0 8.56362
0 0 0 0 1 8.57827
0 0 0 0 1 8.72195
0 0 0 0 1 8.74547
0 0 0 0 1 8.83009
0 0 0 0 1 8.78208
0 0 0 0 1 8.87589
0 0 0 0 1 9.01438
0 0 0 0 1 8.9378
0 0 0 0 1 8.99592
0 0 0 0 1 9.18172
0 0 0 0 1 9.13097
0 0 0 0 1 9.27197
0 0 0 0 0 9.31274
0 0 0 0 1 9.38063
0 0 0 0 1 9.47787
0 0 0 0 1 9.53597
0 0 0 0 1 9.47063
0 0 0 0 1 9.68297
0 0 0 0 1 9.61613
0 0 0 0 1 9.86026
0 0 0 0 1 9.79086
0 0 0 0 1 9.94892
0 0 0 0 1 10.0472
0 0 0 0 1 10.015
0 0 0 0 1 10.0726
0 0 0 0 1 10.2837
0 0 0 0 0 10.3319
0 0 0 0 0 10.4942
0 0 0 0 0 10.5202
0 0 0 0 1 10.6527
0 0 0 0 1 10.6034
0 0 0 0 1 10.6917
0 0 0 0 1 10.7456
0 0 0 0 1 10.9977
0 0 0 0 0 11.0525
0 0 0 0 1 11.1289
0 0 0 0 1 11.1826
0 0 0 0 0 11.4282
0 0 0 0 0 11.4711
0 0 0 0 1 11.6259
0 0 0 0 1 11.5609
0 0 0 0 0 11.7185
0 0 0 0 1 11.943
0 0 0 0 1 11.9812
0 0 0 0 1 12.136
0 0 0 0 1 12.2309
0 0 0 0 1 12.2024
0 0 0 0 1 12.4912
0 0 0 0 0 12.611
0 0 0 0 1 12.791
0 0 0 0 1 12.78
0 0 0 0 1 13.0347
0 0 0 0 1 13.0695
0 0 0 0 0 13.1949
0 0 0 0 0 13.3429
0 0 0 0 0 13.4506
0 0 0 0 1 13.7082
0 0 0 0 1 13.7702
0 0 0 0 1 13.8862
0 0 0 0 1 14.1998
0 0 0 0 1 14.4693
0 0 0 0 1 14.4805
0 0 0 0 1 14.615
0 0 0 0 1 14.8026
0 0 0 0 0 14.906
0 0 0 0 1 15.276
0 0 0 0 1 15.3518
0 0 0 0 1 15.6436
0 0 0 0 1 15.669
0 0 0 0 1 16.0298
0 0 0 0 1 16.3786
0 0 0 0 1 16.6323
0 0 0 0 1 16.6389
0 0 0 0 1 17.0462
0 0 0 0 1 14.6853
0 0 0 0 1 14.5775
0 0 0 0 1 14.5022
0 0 0 0 1 14.7162
0 0 0 0 1 14.4347
0 0 0 0 1 14.506
0 0 0 0 1 14.3858
0 0 0 0 0 14.6606
0 0 0 0 1 14.5265
0 0 0 0 1 14.6101
0 0 0 0 1 14.5083
0 0 0 0 0 14.537
0 0 0 0 1 14.5056
0 0 0 0 1 14.4314
0 0 0 0 1 14.5472
0 0 0 0 1 14.4039
0 0 0 0 0 14.2733
0 0 0 0 1 14.4182
0 0 0 0 1 14.4319
0 0 0 0 0 14.4622
0 0 0 0 1 14.4068
0 0 0 0 1 14.2209
0 0 0 0 0 14.3807
0 0 0 0 0 14.3385
0 0 0 0 0 14.4128
0 0 0 0 1 14.4016
0 0 0 0 1 14.3337
0 0 0 0 1 14.1363
0 0 0 0 1 14.0976
0 0 0 0 1 14.1019
0 0 0 0 0 14.3462
0 0 0 0 1 14.2856
0 0 0 0 1 14.8658
0 0 0 0 1 15.2431
0 0 0 0 1 15.6213
0 0 0 0 1 16.299
0 0 0 0 1 16.5861
0 0 0 0 1 17.2249
0 0 0 0 1 17.8562
0 0 0 0 1 41.0703
0 0 0 0 1 41.9098
0 0 0 0 1 43.8256
0 0 0 0 1 45.5666
0 0 0 0 0 47.8843
0 0 0 0 1 49.3209
0 0 0 0 1 42.1252
0 0 0 0 0 42.3198
0 0 0 0 1 42.5141
0 0 0 0 0 42.372
0 0 0 0 1 41.8076
0 0 0 0 1 42.3428
0 0 0 0 1 42.1181
0 0 0 0 1 42.106
0 0 0 0 1 41.8831
0 0 0 0 0 41.9569
0 0 0 0 1 42.2844
0 0 0 0 1 45.6614
0 0 0 0 0 4.98996
0 0 0 0 0 5.04006
0 0 0 0 0 5.05008
0 0 0 0 0 5.03505
0 0 0 0 1 35.0703
0 0 0 0 1 35.4548
0 0 0 0 1 35.1696
0 0 0 0 1 35.2025
0 0 0 0 1 35.4124
0 0 0 0 1 35.5525
0 0 0 0 0 35.4464
0 0 0 0 1 35.4467
0 0 0 0 1 34.9186
0 0 0 0 1 34.9555
0 0 0 0 1 35.5222
0 0 0 0 1 34.9256
0 0 0 0 1 35.1409
0 0 0 0 0 4.99497
0 0 0 0 0 4.98996
0 0 0 0 0 4.96992
0 0 0 0 0 4.97994
0 0 0 0 0 5.04006
0 0 0 0 0 4.9599
0 0 0 0 0 5.01501
0 0 0 0 0 5.04507
0 0 0 0 0 4.99998
0 0 0 0 1 94.5771
0 0 0 0 0 90.5977
0 0 0 0 1 85.0767
0 0 0 0 1 81.2106
0 0 0 0 1 23.3851
0 0 0 0 1 22.0523
0 0 0 0 1 21.1153
0 0 0 0 1 20.4242
0 0 0 0 1 19.9285
0 0 0 0 1 20.1596
0 0 0 0 1 20.089
0 0 0 0 0 20.059
0 0 0 0 1 20.008
0 0 0 0 1 20.1401
0 0 0 0 1 20.0305
0 0 0 0 1 20.0625
0 0 0 0 1 20.3578
0 0 0 0 1 20.2087
0 0 0 0 1 20.404
0 0 0 0 1 20.4581
0 0 0 0 0 20.4721
0 0 0 0 1 20.3851
0 0 0 0 1 20.3795
0 0 0 0 1 20.1509
0 0 0 0 1 20.4101
0 0 0 0 1 20.3836
0 0 0 0 1 20.2591
0 0 0 0 0 20.3571
0 0 0 0 1 20.4148
0 0 0 0 1 35.0001
0 0 0 0 1 33.9801
0 0 0 0 0 33.1354
0 0 0 0 1 32.6621
0 0 0 0 1 32.4607
0 0 0 0 1 31.3471
0 0 0 0 1 30.9931
0 0 0 0 1 30.2553
0 0 0 0 1 29.6921
0 0 0 0 1 29.0143
0 0 0 0 0 28.8202
0 0 0 0 1 28.1448
0 0 0 0 1 27.4952
0 0 0 0 1 27.1987
0 0 0 0 1 26.7994
0 0 0 0 1 26.6462
0 0 0 0 1 26.0454
0 0 0 0 1 25.8089
0 0 0 0 1 25.4269
0 0 0 0 1 24.9052
0 0 0 0 1 24.2699
0 0 0 0 0 24.2215
0 0 0 0 1 23.8273
0 0 0 0 1 23.2337
0 0 0 0 0 23.2251
0 0 0 0 1 22.8626
0 0 0 0 1 22.5918
0 0 0 0 1 22.2632
0 0 0 0 1 22.0108
0 0 0 0 1 21.7888
0 0 0 0 1 21.1166
0 0 0 0 1 21.1817
0 0 0 0 1 20.874
0 0 0 0 1 20.3812
0 0 0 0 0 20.1289
0 0 0 0 1 20.1669
0 0 0 0 1 19.6534
0 0 0 0 1 19.4404
0 0 0 0 1 19.2948
0 0 0 0 1 19.0903
0 0 0 0 1 18.9518
0 0 0 0 1 18.5969
0 0 0 0 1 18.6526
0 0 0 0 1 18.154
0 0 0 0 1 18.1601
0 0 0 0 1 17.9295
0 0 0 0 1 17.6744
0 0 0 0 1 17.6269
0 0 0 0 0 17.5212
0 0 0 0 0 17.3283
0 0 0 0 1 17.0168
0 0 0 0 1 16.8265
0 0 0 0 1 16.8055
0 0 0 0 1 16.5414
0 0 0 0 1 16.2557
0 0 0 0 1 16.2003
0 0 0 0 1 15.9664
0 0 0 0 1 15.9027
0 0 0 0 1 15.7746
0 0 0 0 1 15.6936
0 0 0 0 0 15.4565
0 0 0 0 1 15.5163
0 0 0 0 1 15.4025
0 0 0 0 1 15.1705
0 0 0 0 1 15.1265
0 0 0 0 1 14.9208
0 0 0 0 1 14.7078
0 0 0 0 1 14.4732
0 0 0 0 1 14.3684
0 0 0 0 1 14.5055
0 0 0 0 1 14.3048
0 0 0 0 1 14.1569
0 0 0 0 1 14.2206
0 0 0 0 1 13.9944
0 0 0 0 1 13.8396
0 0 0 0 0 13.6944
0 0 0 0 1 13.5859
0 0 0 0 1 13.4287
0 0 0 0 1 13.5367
0 0 0 0 1 13.2461
0 0 0 0 1 13.1791
0 0 0 0 0 13.0989
0 0 0 0 1 12.9534
0 0 0 0 1 13.0424
0 0 0 0 1 12.9359
0 0 0 0 1 12.7487
0 0 0 0 1 12.8089
0 0 0 0 1 12.6863
0 0 0 0 1 12.4642
0 0 0 0 1 12.5431
0 0 0 0 0 12.4592
0 0 0 0 1 12.4085
0 0 0 0 1 12.0929
0 0 0 0 1 12.1043
0 0 0 0 1 12.1511
0 0 0 0 1 11.9568
0 0 0 0 1 11.8833
0 0 0 0 0 11.739
0 0 0 0 1 11.8666
0 0 0 0 1 11.7931
0 0 0 0 0 11.6965
0 0 0 0 1 11.6201
0 0 0 0 1 11.59
0 0 0 0 0 11.4603
0 0 0 0 0 11.419
0 0 0 0 1 11.3471
0 0 0 0 0 11.3026
0 0 0 0 0 11.2055
0 0 0 0 0 11.0201
0 0 0 0 1 11.1015
0 0 0 0 1 10.9947
0 0 0 0 0 11.0057
0 0 0 0 1 10.8531
0 0 0 0 1 10.7944
0 0 0 0 1 10.6868
0 0 0 0 1 10.733
0 0 0 0 0 10.6367
0 0 0 0 1 10.5517
0 0 0 0 1 10.6043
0 0 0 0 0 10.509
0 0 0 0 0 10.3935
0 0 0 0 1 10.2997
0 0 0 0 1 10.4339
0 0 0 0 1 10.3682
0 0 0 0 1 10.1724
0 0 0 0 1 10.2026
0 0 0 0 1 10.0699
0 0 0 0 1 10.0666
0 0 0 0 1 10.0631
0 0 0 0 1 10.1021
0 0 0 0 0 10.0582
0 0 0 0 1 9.90543
0 0 0 0 1 9.82286
0 0 0 0 0 9.79979
0 0 0 0 0 9.76963
0 0 0 0 1 9.80502
0 0 0 0 1 9.72358
0 0 0 0 1 9.71023
0 0 0 0 1 9.52114
0 0 0 0 1 9.61379
0 0 0 0 1 9.44805
0 0 0 0 1 9.39749
0 0 0 0 1 9.42966
0 0 0 0 0 9.33222
0 0 0 0 1 9.30109
0 0 0 0 1 9.2701
0 0 0 0 1 9.23661
0 0 0 0 1 9.17809
0 0 0 0 1 9.30187
0 0 0 0 1 9.10285
0 0 0 0 1 9.09758
0 0 0 0 1 9.14044
0 0 0 0 1 9.16216
0 0 0 0 1 9.06591
0 0 0 0 0 9.00636
0 0 0 0 1 8.92919
0 0 0 0 1 8.88199
0 0 0 0 1 9.002
0 0 0 0 1 8.81884
0 0 0 0 1 8.81408
0 0 0 0 1 8.81814
0 0 0 0 0 8.82211
0 0 0 0 1 8.81472
0 0 0 0 1 8.74251
0 0 0 0 1 8.68306
0 0 0 0 1 8.63523
0 0 0 0 1 8.67161
0 0 0 0 1 8.55771
0 0 0 0 0 8.64557
0 0 0 0 0 8.49562
0 0 0 0 0 8.53183
0 0 0 0 1 8.53638
0 0 0 0 0 8.56632
0 0 0 0 1 8.40743
0 0 0 0 1 8.41233
0 0 0 0 0 8.44818
0 0 0 0 1 8.29374
0 0 0 0 1 8.31299
0 0 0 0 0 8.36546
0 0 0 0 0 8.29573
0 0 0 0 1 8.29826
0 0 0 0 1 8.32825
0 0 0 0 1 8.14962
0 0 0 0 1 8.29214
0 0 0 0 1 8.19105
0 0 0 0 0 8.19393
0 0 0 0 0 8.05844
0 0 0 0 1 8.11041
0 0 0 0 1 8.11356
0 0 0 0 1 8.14954
0 0 0 0 1 8.00756
0 0 0 0 1 8.10764
0 0 0 0 1 7.97459
0 0 0 0 0 7.97831
0 0 0 0 1 7.92617
0 0 0 0 1 7.8853
0 0 0 0 0 7.97372
0 0 0 0 1 7.9459
0 0 0 0 1 7.85505
0 0 0 0 1 7.91449
0 0 0 0 1 7.91078
0 0 0 0 0 7.78164
0 0 0 0 0 7.90361
0 0 0 0 1 7.79867
0 0 0 0 1 7.72228
0 0 0 0 1 7.72717
0 0 0 0 1 7.81279
0 0 0 0 1 7.76803
0 0 0 0 1 7.67266
0 0 0 0 0 7.73631
0 0 0 0 1 7.64154
0 0 0 0 1 7.70069
0 0 0 0 1 7.71047
0 0 0 0 1 7.68535
0 0 0 0 1 7.63756
0 0 0 0 1 7.5791
0 0 0 0 1 7.65338
0 0 0 0 1 7.56835
0 0 0 0 0 7.61644
0 0 0 0 1 7.61501
0 0 0 0 1 7.50073
0 0 0 0 1 7.58646
0 0 0 0 0 7.54038
0 0 0 0 1 7.45717
0 0 0 0 0 7.49786
0 0 0 0 1 7.40033
0 0 0 0 1 7.51177
0 0 0 0 1 7.48927
0 0 0 0 1 7.48162
0 0 0 0 0 7.45931
0 0 0 0 1 7.43348
0 0 0 0 0 7.44848
0 0 0 0 1 7.43767
0 0 0 0 1 7.33128
0 0 0 0 1 7.31735
0 0 0 0 1 7.38428
0 0 0 0 1 7.34078
0 0 0 0 1 7.35651
0 0 0 0 1 7.28473
0 0 0 0 1 7.23116
0 0 0 0 1 7.20694
0 0 0 0 1 7.27419
0 0 0 0 0 7.30099
0 0 0 0 1 7.28432
0 0 0 0 0 7.22129
0 0 0 0 1 7.29892
