0 0 0 0 0 5.20775
0 0 0 0 1 5.21383
0 0 0 0 1 5.19176
0 0 0 0 1 5.23455
0 0 0 0 1 5.21266
0 0 0 0 1 5.21905
0 0 0 0 0 5.27273
0 0 0 0 0 5.2143
0 0 0 0 1 5.27353
0 0 0 0 1 5.26446
0 0 0 0 1 5.32745
0 0 0 0 1 5.30087
0 0 0 0 1 5.35026
0 0 0 0 1 5.2619
0 0 0 0 1 5.2991
0 0 0 0 1 5.37549
0 0 0 0 0 5.33855
0 0 0 0 0 5.37264
0 0 0 0 1 5.31433
0 0 0 0 1 5.35398
0 0 0 0 0 5.42448
0 0 0 0 1 5.35696
0 0 0 0 1 5.42788
0 0 0 0 1 5.43978
0 0 0 0 1 5.43156
0 0 0 0 0 5.36917
0 0 0 0 1 5.39749
0 0 0 0 1 5.42058
0 0 0 0 1 5.44386
0 0 0 0 1 5.47951
0 0 0 0 1 5.46481
0 0 0 0 1 5.48305
0 0 0 0 1 5.48614
0 0 0 0 0 5.45624
0 0 0 0 1 5.54095
0 0 0 0 1 5.54869
0 0 0 0 1 5.52881
0 0 0 0 1 5.57664
0 0 0 0 1 5.56242
0 0 0 0 1 5.5761
0 0 0 0 0 5.55734
0 0 0 0 1 5.55995
0 0 0 0 0 5.65254
0 0 0 0 0 5.66678
0 0 0 0 1 5.58607
0 0 0 0 1 5.6116
0 0 0 0 1 5.65917
0 0 0 0 1 5.66889
0 0 0 0 0 5.64937
0 0 0 0 1 5.69266
0 0 0 0 1 5.7133
0 0 0 0 1 5.76923
0 0 0 0 1 5.8011
0 0 0 0 1 5.76454
0 0 0 0 0 5.83206
0 0 0 0 1 5.77286
0 0 0 0 1 5.84658
0 0 0 0 1 5.85017
0 0 0 0 1 5.79058
0 0 0 0 1 5.87675
0 0 0 0 1 5.89235
0 0 0 0 1 5.85008
0 0 0 0 0 5.88398
0 0 0 0 1 5.95916
0 0 0 0 1 5.97576
0 0 0 0 1 5.92084
0 0 0 0 0 5.97934
0 0 0 0 1 6.03784
0 0 0 0 1 5.983
0 0 0 0 0 6.01769
0 0 0 0 1 5.99845
0 0 0 0 1 6.05202
0 0 0 0 1 6.07542
0 0 0 0 1 6.16596
0 0 0 0 1 6.07972
0 0 0 0 0 6.09081
0 0 0 0 1 6.13285
0 0 0 0 1 6.15089
0 0 0 0 1 6.16854
0 0 0 0 1 6.24866
0 0 0 0 1 6.2294
0 0 0 0 1 6.29783
0 0 0 0 1 6.3036
0 0 0 0 1 6.25899
0 0 0 0 1 6.30897
0 0 0 0 1 6.39113
0 0 0 0 1 6.44197
0 0 0 0 0 6.46105
0 0 0 0 1 6.46736
0 0 0 0 1 6.48661
0 0 0 0 0 6.45409
0 0 0 0 0 6.52535
0 0 0 0 0 6.46002
0 0 0 0 0 6.49237
0 0 0 0 1 6.55126
0 0 0 0 1 6.64346
0 0 0 0 0 6.6834
0 0 0 0 1 6.71015
0 0 0 0 1 6.69037
0 0 0 0 1 6.75749
0 0 0 0 1 6.77122
0 0 0 0 1 6.69711
0 0 0 0 1 6.71732
0 0 0 0 1 6.79209
0 0 0 0 1 6.79213
0 0 0 0 1 6.79894
0 0 0 0 1 6.90919
0 0 0 0 1 6.97857
0 0 0 0 1 7.02078
0 0 0 0 1 6.91641
0 0 0 0 0 7.05659
0 0 0 0 0 7.05699
0 0 0 0 1 7.12797
0 0 0 0 0 7.17821
0 0 0 0 1 7.16434
0 0 0 0 1 7.23641
0 0 0 0 1 7.22957
0 0 0 0 1 7.23706
0 0 0 0 1 7.3317
0 0 0 0 1 7.23706
0 0 0 0 1 7.31024
0 0 0 0 1 7.33965
0 0 0 0 1 7.37655
0 0 0 0 1 7.40615
0 0 0 0 1 7.41336
0 0 0 0 1 7.47309
0 0 0 0 0 7.5105
0 0 0 0 1 7.56326
0 0 0 0 1 7.6545
0 0 0 0 1 7.60054
0 0 0 0 1 7.65382
0 0 0 0 0 7.73832
0 0 0 0 1 7.78453
0 0 0 0 0 7.79945
0 0 0 0 0 7.96419
0 0 0 0 1 8.00346
0 0 0 0 1 7.91535
0 0 0 0 1 7.93802
0 0 0 0 1 8.07366
0 0 0 0 1 8.09681
0 0 0 0 1 8.20952
0 0 0 0 1 8.25773
0 0 0 0 0 8.26451
0 0 0 0 1 8.21342
0 0 0 0 1 8.4193
0 0 0 0 1 8.43449
0 0 0 0 1 8.46632
0 0 0 0 1 8.55723
0 0 0 0 0 8.53798
0 0 0 0 1 8.64704
0 0 0 0 1 8.7306
0 0 0 0 1 8.69326
0 0 0 0 1 8.81258
0 0 0 0 1 8.7909
0 0 0 0 1 8.81382
0 0 0 0 1 8.88051
0 0 0 0 1 8.90183
0 0 0 0 1 9.00497
0 0 0 0 1 9.0542
0 0 0 0 1 9.24099
0 0 0 0 1 9.32738
0 0 0 0 1 9.3778
0 0 0 0 1 9.45552
0 0 0 0 1 9.39308
0 0 0 0 1 9.54547
0 0 0 0 1 9.63326
0 0 0 0 1 9.73114
0 0 0 0 0 9.78109
0 0 0 0 1 9.79185
0 0 0 0 1 9.77116
0 0 0 0 0 9.86956
0 0 0 0 1 9.96721
0 0 0 0 1 10.1661
0 0 0 0 0 10.0828
0 0 0 0 0 10.1609
0 0 0 0 0 10.2598
0 0 0 0 0 10.4838
0 0 0 0 1 10.5726
0 0 0 0 0 10.5049
0 0 0 0 0 10.6993
0 0 0 0 1 10.8205
0 0 0 0 1 10.8431
0 0 0 0 1 10.9759
0 0 0 0 1 10.9312
0 0 0 0 1 11.051
0 0 0 0 1 11.3285
0 0 0 0 1 11.4282
0 0 0 0 0 11.3798
0 0 0 0 1 11.4531
0 0 0 0 0 11.6655
0 0 0 0 1 11.6716
0 0 0 0 1 11.7889
0 0 0 0 1 11.8377
0 0 0 0 0 11.9549
0 0 0 0 1 12.2919
0 0 0 0 0 12.2147
0 0 0 0 1 12.429
0 0 0 0 1 12.5105
0 0 0 0 1 12.753
0 0 0 0 0 12.7288
0 0 0 0 1 12.8662
0 0 0 0 1 13.1087
0 0 0 0 1 13.1684
0 0 0 0 1 13.45
0 0 0 0 1 13.4912
0 0 0 0 1 13.7355
0 0 0 0 1 13.7702
0 0 0 0 1 14.0262
0 0 0 0 1 14.2847
0 0 0 0 0 14.455
0 0 0 0 0 14.3646
0 0 0 0 1 14.5857
0 0 0 0 1 14.7135
0 0 0 0 1 15.1617
0 0 0 0 1 15.3521
0 0 0 0 0 15.3518
0 0 0 0 1 15.753
0 0 0 0 1 15.764
0 0 0 0 1 16.2063
0 0 0 0 0 16.281
0 0 0 0 1 16.5664
0 0 0 0 0 16.8061
0 0 0 0 1 16.8257
0 0 0 0 1 14.6853
0 0 0 0 1 14.4897
0 0 0 0 0 14.5314
0 0 0 0 1 14.7016
0 0 0 0 0 14.4202
0 0 0 0 1 14.5788
0 0 0 0 1 14.502
0 0 0 0 1 14.4283
0 0 0 0 0 14.367
0 0 0 0 0 14.5522
0 0 0 0 1 14.5951
0 0 0 0 1 14.537
0 0 0 0 1 14.5778
0 0 0 0 1 14.2873
0 0 0 0 1 14.4463
0 0 0 0 0 14.4758
0 0 0 0 1 14.2445
0 0 0 0 1 14.5044
0 0 0 0 1 14.2597
0 0 0 0 1 14.2329
0 0 0 0 1 14.1776
0 0 0 0 1 14.4212
0 0 0 0 1 14.2377
0 0 0 0 1 14.3385
0 0 0 0 0 14.37
0 0 0 0 1 14.1307
0 0 0 0 1 14.348
0 0 0 0 1 14.0936
0 0 0 0 1 14.3679
0 0 0 0 1 14.3151
0 0 0 0 1 14.1758
0 0 0 0 0 14.4579
0 0 0 0 0 14.7329
0 0 0 0 1 15.3343
0 0 0 0 1 15.7934
0 0 0 0 1 16.0892
0 0 0 0 1 16.5361
0 0 0 0 0 17.3454
0 0 0 0 0 17.785
0 0 0 0 1 40.867
0 0 0 0 1 41.9098
0 0 0 0 1 43.6943
0 0 0 0 1 45.6121
0 0 0 0 1 47.0309
0 0 0 0 1 49.2219
0 0 0 0 0 41.9137
0 0 0 0 1 42.4466
0 0 0 0 1 42.176
0 0 0 0 1 42.1607
0 0 0 0 1 42.2721
0 0 0 0 1 42.0895
0 0 0 0 1 42.3291
0 0 0 0 1 41.9372
0 0 0 0 0 42.3893
0 0 0 0 0 42.3786
0 0 0 0 1 42.0315
0 0 0 0 1 46.1189
0 0 0 0 0 5.03505
0 0 0 0 0 5.03004
0 0 0 0 0 4.96491
0 0 0 0 0 5.03004
0 0 0 0 1 34.9645
0 0 0 0 1 34.9609
0 0 0 0 1 35.3107
0 0 0 0 1 35.0966
0 0 0 0 1 34.9539
0 0 0 0 0 35.4819
0 0 0 0 1 35.6227
0 0 0 0 1 35.3409
0 0 0 0 1 35.0245
0 0 0 0 1 35.1672
0 0 0 0 0 34.9225
0 0 0 0 1 35.349
0 0 0 0 0 35.4937
0 0 0 0 0 4.96491
0 0 0 0 0 4.9599
0 0 0 0 0 5.03505
0 0 0 0 0 5.05008
0 0 0 0 0 4.98996
0 0 0 0 0 4.99998
0 0 0 0 0 5.05008
0 0 0 0 0 5.05008
0 0 0 0 0 5.02503
0 0 0 0 1 94.5771
0 0 0 0 1 90.1474
0 0 0 0 1 84.906
0 0 0 0 1 81.1296
0 0 0 0 1 23.1989
0 0 0 0 1 22.0523
0 0 0 0 1 21.2422
0 0 0 0 1 20.4242
0 0 0 0 1 20.0091
0 0 0 0 1 20.1998
0 0 0 0 1 20.1293
0 0 0 0 1 20.0792
0 0 0 0 0 20.25
0 0 0 0 1 20.0392
0 0 0 0 1 20.0911
0 0 0 0 1 20.3049
0 0 0 0 1 20.1758
0 0 0 0 1 20.1076
0 0 0 0 1 20.1206
0 0 0 0 1 20.134
0 0 0 0 1 20.0667
0 0 0 0 1 20.2634
0 0 0 0 0 20.3389
0 0 0 0 1 20.2321
0 0 0 0 1 20.2678
0 0 0 0 1 20.2208
0 0 0 0 1 20.5441
0 0 0 0 0 20.1737
0 0 0 0 1 20.1905
0 0 0 0 1 35.1748
0 0 0 0 1 33.8433
0 0 0 0 1 33.5371
0 0 0 0 0 32.6621
0 0 0 0 1 32.2355
0 0 0 0 1 31.7886
0 0 0 0 1 30.8384
0 0 0 0 1 30.4677
0 0 0 0 0 29.6027
0 0 0 0 1 29.1314
0 0 0 0 1 28.7339
0 0 0 0 1 28.4274
0 0 0 0 1 27.884
0 0 0 0 1 27.3898
0 0 0 0 1 26.7457
0 0 0 0 1 26.2236
0 0 0 0 0 25.9154
0 0 0 0 1 25.6043
0 0 0 0 1 25.3764
0 0 0 0 1 24.93
0 0 0 0 1 24.5635
0 0 0 0 1 24.1492
0 0 0 0 1 23.661
0 0 0 0 1 23.2571
0 0 0 0 1 22.8557
0 0 0 0 1 22.5666
0 0 0 0 1 22.2774
0 0 0 0 1 21.9531
0 0 0 0 1 21.8359
0 0 0 0 1 21.6809
0 0 0 0 0 21.4152
0 0 0 0 1 20.887
0 0 0 0 1 20.874
0 0 0 0 0 20.7305
0 0 0 0 1 20.2709
0 0 0 0 1 20.2471
0 0 0 0 1 19.7723
0 0 0 0 1 19.4796
0 0 0 0 0 19.1787
0 0 0 0 1 19.0903
0 0 0 0 1 19.0653
0 0 0 0 1 18.8775
0 0 0 0 0 18.3935
0 0 0 0 1 18.4102
0 0 0 0 1 18.2688
0 0 0 0 1 17.8399
0 0 0 0 0 17.6744
0 0 0 0 1 17.4336
0 0 0 0 1 17.295
0 0 0 0 1 17.3111
0 0 0 0 0 16.9997
0 0 0 0 1 16.8433
0 0 0 0 1 16.8055
0 0 0 0 1 16.6407
0 0 0 0 1 16.5346
0 0 0 0 1 16.3628
0 0 0 0 0 15.9664
0 0 0 0 1 16.11
0 0 0 0 1 15.7904
0 0 0 0 1 15.6153
0 0 0 0 1 15.4875
0 0 0 0 0 15.5317
0 0 0 0 0 15.3415
0 0 0 0 1 15.2461
0 0 0 0 1 14.9766
0 0 0 0 1 15.0249
0 0 0 0 1 14.7373
0 0 0 0 1 14.6487
0 0 0 0 1 14.5281
0 0 0 0 1 14.3616
0 0 0 0 1 14.3333
0 0 0 0 1 14.2561
0 0 0 0 1 14.1643
0 0 0 0 1 13.9385
0 0 0 0 0 13.9504
0 0 0 0 1 13.6944
0 0 0 0 0 13.5859
0 0 0 0 1 13.6184
0 0 0 0 1 13.4694
0 0 0 0 1 13.2461
0 0 0 0 1 13.3117
0 0 0 0 1 13.0594
0 0 0 0 1 13.1102
0 0 0 0 1 13.0295
0 0 0 0 1 12.9488
0 0 0 0 1 12.7231
0 0 0 0 1 12.8343
0 0 0 0 1 12.7494
0 0 0 0 1 12.577
0 0 0 0 1 12.5306
0 0 0 0 0 12.286
0 0 0 0 1 12.3224
0 0 0 0 1 12.3127
0 0 0 0 1 12.1771
0 0 0 0 0 12.1149
0 0 0 0 1 11.9328
0 0 0 0 1 11.9548
0 0 0 0 0 11.7983
0 0 0 0 1 11.7371
0 0 0 0 0 11.6059
0 0 0 0 1 11.557
0 0 0 0 0 11.6317
0 0 0 0 0 11.3946
0 0 0 0 0 11.3803
0 0 0 0 0 11.3167
0 0 0 0 0 11.2455
0 0 0 0 1 11.2127
0 0 0 0 1 11.1831
0 0 0 0 1 11.0312
0 0 0 0 0 11.0683
0 0 0 0 1 10.9288
0 0 0 0 1 10.9401
0 0 0 0 0 10.777
0 0 0 0 1 10.9133
0 0 0 0 1 10.8588
0 0 0 0 1 10.658
0 0 0 0 1 10.6794
0 0 0 0 1 10.6895
0 0 0 0 0 10.6148
0 0 0 0 1 10.4145
0 0 0 0 1 10.4353
0 0 0 0 1 10.414
0 0 0 0 1 10.3615
0 0 0 0 1 10.2035
0 0 0 0 1 10.3159
0 0 0 0 1 10.2739
0 0 0 0 1 10.0597
0 0 0 0 0 10.117
0 0 0 0 0 10.043
0 0 0 0 1 10.0321
0 0 0 0 1 10.0084
0 0 0 0 1 9.89551
0 0 0 0 1 9.82286
0 0 0 0 0 9.74082
0 0 0 0 1 9.76963
0 0 0 0 1 9.67844
0 0 0 0 1 9.78175
0 0 0 0 1 9.64267
0 0 0 0 1 9.57885
0 0 0 0 1 9.53719
0 0 0 0 1 9.58152
0 0 0 0 1 9.47343
0 0 0 0 1 9.40129
0 0 0 0 1 9.46405
0 0 0 0 1 9.46986
0 0 0 0 1 9.41013
0 0 0 0 0 9.36683
0 0 0 0 1 9.18736
0 0 0 0 1 9.30187
0 0 0 0 1 9.26836
0 0 0 0 1 9.17087
0 0 0 0 1 9.03098
0 0 0 0 1 9.18034
0 0 0 0 1 9.13836
0 0 0 0 1 8.94319
0 0 0 0 0 9.04609
0 0 0 0 1 9.00734
0 0 0 0 1 8.83249
0 0 0 0 1 8.96996
0 0 0 0 1 8.8318
0 0 0 0 0 8.75635
0 0 0 0 0 8.71656
0 0 0 0 0 8.8498
0 0 0 0 1 8.76871
0 0 0 0 1 8.63081
0 0 0 0 0 8.73069
0 0 0 0 1 8.61968
0 0 0 0 1 8.70421
0 0 0 0 1 8.56822
0 0 0 0 1 8.54701
0 0 0 0 1 8.59162
0 0 0 0 1 8.46829
0 0 0 0 0 8.43062
0 0 0 0 0 8.50893
0 0 0 0 1 8.42076
0 0 0 0 1 8.4734
0 0 0 0 1 8.44454
0 0 0 0 1 8.32969
0 0 0 0 1 8.2988
0 0 0 0 0 8.2376
0 0 0 0 1 8.29826
0 0 0 0 0 8.17968
0 0 0 0 1 8.30603
0 0 0 0 1 8.21825
0 0 0 0 1 8.23196
0 0 0 0 1 8.16944
0 0 0 0 1 8.11541
0 0 0 0 1 8.17536
0 0 0 0 0 8.04068
0 0 0 0 0 8.02827
0 0 0 0 1 8.09626
0 0 0 0 0 8.09156
0 0 0 0 1 7.9425
0 0 0 0 1 7.93829
0 0 0 0 1 7.99801
0 0 0 0 0 7.98874
0 0 0 0 1 8.00549
0 0 0 0 0 7.96967
0 0 0 0 0 7.87876
0 0 0 0 1 7.81989
0 0 0 0 1 7.88719
0 0 0 0 1 7.78949
0 0 0 0 1 7.87231
0 0 0 0 1 7.82208
0 0 0 0 1 7.75345
0 0 0 0 1 7.73494
0 0 0 0 0 7.78953
0 0 0 0 1 7.68293
0 0 0 0 1 7.64178
0 0 0 0 1 7.74402
0 0 0 0 1 7.71073
0 0 0 0 1 7.60865
0 0 0 0 1 7.71813
0 0 0 0 1 7.61659
0 0 0 0 1 7.59945
0 0 0 0 1 7.5867
0 0 0 0 1 7.55468
0 0 0 0 1 7.56835
0 0 0 0 1 7.62401
0 0 0 0 1 7.50935
0 0 0 0 1 7.4706
0 0 0 0 0 7.55638
0 0 0 0 1 7.49536
0 0 0 0 0 7.45717
0 0 0 0 1 7.50533
0 0 0 0 1 7.47493
0 0 0 0 1 7.48199
0 0 0 0 1 7.49671
0 0 0 0 1 7.4074
0 0 0 0 1 7.35561
0 0 0 0 1 7.32993
0 0 0 0 1 7.35252
0 0 0 0 1 7.29762
0 0 0 0 1 7.37544
0 0 0 0 1 7.3247
0 0 0 0 1 7.28162
0 0 0 0 1 7.31148
0 0 0 0 1 7.32726
0 0 0 0 1 7.32853
0 0 0 0 1 7.34051
0 0 0 0 0 7.34526
0 0 0 0 1 7.19426
0 0 0 0 1 7.29373
0 0 0 0 1 7.29156
0 0 0 0 1 7.30088
0 0 0 0 1 7.29892
