0 0 0 0 1 5.16613
0 0 0 0 0 5.22945
0 0 0 0 0 5.22829
0 0 0 0 1 5.22932
0 0 0 0 0 5.25453
0 0 0 0 0 5.27145
0 0 0 0 1 5.26748
0 0 0 0 1 5.2616
0 0 0 0 0 5.27879
0 0 0 0 1 5.31188
0 0 0 0 1 5.26409
0 0 0 0 1 5.30087
0 0 0 0 1 5.34496
0 0 0 0 1 5.30964
0 0 0 0 1 5.2991
0 0 0 0 1 5.34888
0 0 0 0 1 5.31722
0 0 0 0 1 5.38332
0 0 0 0 1 5.39996
0 0 0 0 1 5.3379
0 0 0 0 0 5.33855
0 0 0 0 0 5.3731
0 0 0 0 1 5.37398
0 0 0 0 1 5.39116
0 0 0 0 0 5.41533
0 0 0 0 1 5.4396
0 0 0 0 1 5.44636
0 0 0 0 1 5.43147
0 0 0 0 1 5.42204
0 0 0 0 0 5.42488
0 0 0 0 1 5.52505
0 0 0 0 1 5.5105
0 0 0 0 1 5.50813
0 0 0 0 1 5.54433
0 0 0 0 1 5.56855
0 0 0 0 1 5.4989
0 0 0 0 1 5.55099
0 0 0 0 1 5.5211
0 0 0 0 1 5.57912
0 0 0 0 1 5.60959
0 0 0 0 1 5.60766
0 0 0 0 0 5.58237
0 0 0 0 1 5.6413
0 0 0 0 1 5.64988
0 0 0 0 1 5.63121
0 0 0 0 1 5.67948
0 0 0 0 1 5.70458
0 0 0 0 0 5.64615
0 0 0 0 1 5.70638
0 0 0 0 1 5.69266
0 0 0 0 1 5.72476
0 0 0 0 1 5.79794
0 0 0 0 1 5.77229
0 0 0 0 1 5.81652
0 0 0 0 0 5.74519
0 0 0 0 1 5.84248
0 0 0 0 1 5.82331
0 0 0 0 1 5.89688
0 0 0 0 1 5.90171
0 0 0 0 1 5.87089
0 0 0 0 0 5.92179
0 0 0 0 1 5.86778
0 0 0 0 0 5.96085
0 0 0 0 0 5.88794
0 0 0 0 1 5.96385
0 0 0 0 1 6.01633
0 0 0 0 1 5.94941
0 0 0 0 0 6.03784
0 0 0 0 1 5.97096
0 0 0 0 1 6.03582
0 0 0 0 1 6.01057
0 0 0 0 1 6.01556
0 0 0 0 1 6.12417
0 0 0 0 1 6.08644
0 0 0 0 1 6.09198
0 0 0 0 1 6.2077
0 0 0 0 1 6.13285
0 0 0 0 1 6.13852
0 0 0 0 1 6.16232
0 0 0 0 1 6.205
0 0 0 0 1 6.20438
0 0 0 0 1 6.29783
0 0 0 0 1 6.33508
0 0 0 0 0 6.36636
0 0 0 0 0 6.31531
0 0 0 0 1 6.34657
0 0 0 0 1 6.35897
0 0 0 0 1 6.44823
0 0 0 0 1 6.42231
0 0 0 0 1 6.3898
0 0 0 0 1 6.53833
0 0 0 0 1 6.49285
0 0 0 0 1 6.48612
0 0 0 0 1 6.58409
0 0 0 0 1 6.60383
0 0 0 0 0 6.65666
0 0 0 0 1 6.5972
0 0 0 0 0 6.60375
0 0 0 0 1 6.7104
0 0 0 0 1 6.74408
0 0 0 0 1 6.75102
0 0 0 0 1 6.78497
0 0 0 0 1 6.73089
0 0 0 0 1 6.87384
0 0 0 0 1 6.88789
0 0 0 0 1 6.84701
0 0 0 0 0 6.84017
0 0 0 0 1 6.86088
0 0 0 0 1 6.91641
0 0 0 0 1 7.0212
0 0 0 0 0 7.08464
0 0 0 0 1 7.04289
0 0 0 0 1 7.09966
0 0 0 0 1 7.18532
0 0 0 0 1 7.16434
0 0 0 0 0 7.21487
0 0 0 0 1 7.21515
0 0 0 0 0 7.28053
0 0 0 0 1 7.25169
0 0 0 0 1 7.25168
0 0 0 0 0 7.33226
0 0 0 0 1 7.30277
0 0 0 0 1 7.34689
0 0 0 0 0 7.4285
0 0 0 0 1 7.43582
0 0 0 0 1 7.5935
0 0 0 0 1 7.60126
0 0 0 0 1 7.62407
0 0 0 0 1 7.70797
0 0 0 0 0 7.60054
0 0 0 0 1 7.63839
0 0 0 0 1 7.7228
0 0 0 0 1 7.74553
0 0 0 0 1 7.8073
0 0 0 0 0 7.93265
0 0 0 0 0 7.97966
0 0 0 0 1 7.95521
0 0 0 0 1 7.95406
0 0 0 0 1 8.09784
0 0 0 0 1 8.02387
0 0 0 0 1 8.20137
0 0 0 0 1 8.22496
0 0 0 0 1 8.20677
0 0 0 0 1 8.27144
0 0 0 0 1 8.38592
0 0 0 0 1 8.32539
0 0 0 0 1 8.38191
0 0 0 0 1 8.58272
0 0 0 0 1 8.58926
0 0 0 0 0 8.50951
0 0 0 0 1 8.60081
0 0 0 0 1 8.72807
0 0 0 0 0 8.83009
0 0 0 0 1 8.72918
0 0 0 0 1 8.83156
0 0 0 0 1 8.85373
0 0 0 0 0 8.95578
0 0 0 0 1 9.12262
0 0 0 0 1 9.1544
0 0 0 0 1 9.18598
0 0 0 0 1 9.21656
0 0 0 0 1 9.25697
0 0 0 0 1 9.41807
0 0 0 0 0 9.38366
0 0 0 0 1 9.51697
0 0 0 0 1 9.65239
0 0 0 0 0 9.54808
0 0 0 0 0 9.68406
0 0 0 0 1 9.68436
0 0 0 0 1 9.88936
0 0 0 0 1 9.8398
0 0 0 0 1 9.91722
0 0 0 0 1 10.1359
0 0 0 0 1 10.2046
0 0 0 0 1 10.1302
0 0 0 0 0 10.3732
0 0 0 0 1 10.4942
0 0 0 0 1 10.3735
0 0 0 0 1 10.4732
0 0 0 0 1 10.5928
0 0 0 0 1 10.7454
0 0 0 0 1 10.8648
0 0 0 0 1 10.8558
0 0 0 0 1 10.9533
0 0 0 0 0 11.1956
0 0 0 0 0 11.3172
0 0 0 0 1 11.2019
0 0 0 0 1 11.3113
0 0 0 0 1 11.5337
0 0 0 0 0 11.6539
0 0 0 0 1 11.7889
0 0 0 0 1 11.9548
0 0 0 0 1 12.0529
0 0 0 0 1 12.0636
0 0 0 0 1 12.1089
0 0 0 0 1 12.2393
0 0 0 0 1 12.4539
0 0 0 0 1 12.5105
0 0 0 0 1 12.6261
0 0 0 0 1 12.8698
0 0 0 0 1 12.8274
0 0 0 0 0 13.0302
0 0 0 0 1 13.2743
0 0 0 0 1 13.2894
0 0 0 0 1 13.5183
0 0 0 0 1 13.7902
0 0 0 0 1 13.7978
0 0 0 0 1 14.0822
0 0 0 0 1 14.2564
0 0 0 0 1 14.2544
0 0 0 0 0 14.553
0 0 0 0 1 14.7324
0 0 0 0 1 14.877
0 0 0 0 1 15.1917
0 0 0 0 1 15.3369
0 0 0 0 1 15.5833
0 0 0 0 1 15.753
0 0 0 0 1 15.669
0 0 0 0 1 15.9335
0 0 0 0 1 16.1184
0 0 0 0 1 16.5169
0 0 0 0 1 16.6055
0 0 0 0 1 16.8257
0 0 0 0 1 14.7878
0 0 0 0 1 14.7529
0 0 0 0 1 14.7504
0 0 0 0 1 14.4974
0 0 0 0 1 14.6095
0 0 0 0 1 14.5206
0 0 0 0 1 14.4294
0 0 0 0 1 14.6025
0 0 0 0 1 14.5555
0 0 0 0 1 14.4508
0 0 0 0 0 14.5806
0 0 0 0 1 14.4936
0 0 0 0 1 14.3613
0 0 0 0 1 14.3449
0 0 0 0 0 14.3311
0 0 0 0 1 14.4471
0 0 0 0 1 14.4889
0 0 0 0 1 14.3177
0 0 0 0 1 14.2884
0 0 0 0 1 14.4192
0 0 0 0 1 14.1776
0 0 0 0 1 14.2352
0 0 0 0 0 14.4093
0 0 0 0 1 14.4242
0 0 0 0 0 14.2844
0 0 0 0 1 14.1307
0 0 0 0 1 14.234
0 0 0 0 1 14.1363
0 0 0 0 0 14.3394
0 0 0 0 1 14.1587
0 0 0 0 1 14.2326
0 0 0 0 1 14.2282
0 0 0 0 1 14.9101
0 0 0 0 1 15.3495
0 0 0 0 1 15.7621
0 0 0 0 1 16.2506
0 0 0 0 0 16.7859
0 0 0 0 1 17.3798
0 0 0 0 0 17.6425
0 0 0 0 1 41.0703
0 0 0 0 1 42.0363
0 0 0 0 1 43.344
0 0 0 0 0 45.1113
0 0 0 0 1 47.8843
0 0 0 0 1 49.5188
0 0 0 0 1 42.4635
0 0 0 0 1 41.8547
0 0 0 0 1 41.9647
0 0 0 0 0 42.1185
0 0 0 0 1 41.8921
0 0 0 0 1 41.8362
0 0 0 0 1 42.4557
0 0 0 0 1 42.3169
0 0 0 0 1 42.094
0 0 0 0 1 42.5473
0 0 0 0 1 41.905
0 0 0 0 1 45.9817
0 0 0 0 0 5.05008
0 0 0 0 0 5.03505
0 0 0 0 0 4.98495
0 0 0 0 0 5.00499
0 0 0 0 1 35.035
0 0 0 0 1 35.5254
0 0 0 0 1 34.9932
0 0 0 0 1 35.5199
0 0 0 0 1 35.483
0 0 0 0 1 35.0234
0 0 0 0 1 35.3758
0 0 0 0 0 35.5878
0 0 0 0 1 35.1655
0 0 0 0 1 35.2377
0 0 0 0 1 35.0636
0 0 0 0 0 35.0315
0 0 0 0 1 35.5643
0 0 0 0 0 5.05008
0 0 0 0 0 5.00499
0 0 0 0 0 5.05008
0 0 0 0 0 4.96992
0 0 0 0 0 4.97994
0 0 0 0 0 5.02503
0 0 0 0 0 5.04006
0 0 0 0 0 4.96992
0 0 0 0 0 5.04507
0 0 0 0 1 95.628
0 0 0 0 1 89.2468
0 0 0 0 0 86.186
0 0 0 0 1 80.5628
0 0 0 0 1 23.3385
0 0 0 0 1 22.3626
0 0 0 0 1 21.3057
0 0 0 0 1 20.1813
0 0 0 0 0 20.2909
0 0 0 0 0 20.1998
0 0 0 0 1 20.1091
0 0 0 0 1 20.0993
0 0 0 0 1 20.2299
0 0 0 0 1 20.1401
0 0 0 0 1 20.1112
0 0 0 0 0 20.0423
0 0 0 0 1 20.0343
0 0 0 0 1 20.0873
0 0 0 0 1 20.2016
0 0 0 0 0 20.1137
0 0 0 0 1 20.3505
0 0 0 0 1 20.3648
0 0 0 0 0 20.0954
0 0 0 0 1 20.3946
0 0 0 0 0 20.2475
0 0 0 0 1 20.4853
0 0 0 0 1 20.5237
0 0 0 0 1 20.4997
0 0 0 0 1 20.3128
0 0 0 0 1 35.1049
0 0 0 0 1 34.0826
0 0 0 0 1 33.5371
0 0 0 0 1 32.7935
0 0 0 0 0 32.2034
0 0 0 0 1 31.3471
0 0 0 0 1 31.2405
0 0 0 0 1 30.3159
0 0 0 0 0 29.9303
0 0 0 0 1 29.1314
0 0 0 0 1 28.5038
0 0 0 0 1 28.1731
0 0 0 0 1 27.9396
0 0 0 0 0 27.581
0 0 0 0 1 26.7188
0 0 0 0 0 26.567
0 0 0 0 1 25.8894
0 0 0 0 1 25.6299
0 0 0 0 1 25.326
0 0 0 0 1 24.93
0 0 0 0 1 24.6858
0 0 0 0 1 24.1251
0 0 0 0 1 23.6372
0 0 0 0 1 23.6084
0 0 0 0 1 23.2251
0 0 0 0 1 22.931
0 0 0 0 1 22.4121
0 0 0 0 1 22.1746
0 0 0 0 1 21.6611
0 0 0 0 1 21.4221
0 0 0 0 1 21.2019
0 0 0 0 1 21.0975
0 0 0 0 1 20.9572
0 0 0 0 1 20.6483
0 0 0 0 1 20.21
0 0 0 0 1 20.0266
0 0 0 0 0 19.9506
0 0 0 0 1 19.695
0 0 0 0 1 19.1787
0 0 0 0 0 18.9755
0 0 0 0 1 18.9329
0 0 0 0 1 18.6343
0 0 0 0 1 18.5601
0 0 0 0 1 18.1357
0 0 0 0 1 18.2506
0 0 0 0 1 17.7325
0 0 0 0 1 17.6744
0 0 0 0 1 17.5918
0 0 0 0 1 17.295
0 0 0 0 1 17.2594
0 0 0 0 0 17.1361
0 0 0 0 1 16.8265
0 0 0 0 0 16.8557
0 0 0 0 0 16.6076
0 0 0 0 1 16.2721
0 0 0 0 1 16.4116
0 0 0 0 1 16.0468
0 0 0 0 1 15.9824
0 0 0 0 1 15.7272
0 0 0 0 1 15.7092
0 0 0 0 1 15.4255
0 0 0 0 1 15.3008
0 0 0 0 1 15.0975
0 0 0 0 1 15.0344
0 0 0 0 1 15.1115
0 0 0 0 1 14.8464
0 0 0 0 0 14.8848
0 0 0 0 1 14.5463
0 0 0 0 0 14.4991
0 0 0 0 0 14.5343
0 0 0 0 1 14.2048
0 0 0 0 1 14.2419
0 0 0 0 0 14.0094
0 0 0 0 1 13.8408
0 0 0 0 1 13.895
0 0 0 0 1 13.6394
0 0 0 0 0 13.6815
0 0 0 0 1 13.6319
0 0 0 0 1 13.5636
0 0 0 0 1 13.4597
0 0 0 0 0 13.2985
0 0 0 0 1 13.2569
0 0 0 0 1 13.1364
0 0 0 0 1 13.0165
0 0 0 0 1 12.8199
0 0 0 0 1 12.8255
0 0 0 0 1 12.6564
0 0 0 0 1 12.6863
0 0 0 0 1 12.4516
0 0 0 0 0 12.5431
0 0 0 0 1 12.2736
0 0 0 0 1 12.2364
0 0 0 0 1 12.1295
0 0 0 0 1 12.1286
0 0 0 0 1 11.9701
0 0 0 0 1 12.0647
0 0 0 0 1 12.0144
0 0 0 0 1 11.8693
0 0 0 0 1 11.8549
0 0 0 0 1 11.8048
0 0 0 0 1 11.5919
0 0 0 0 1 11.5507
0 0 0 0 1 11.3946
0 0 0 0 1 11.4717
0 0 0 0 1 11.3395
0 0 0 0 1 11.3019
0 0 0 0 1 11.1902
0 0 0 0 1 11.2167
0 0 0 0 1 11.209
0 0 0 0 1 11.0021
0 0 0 0 1 10.8849
0 0 0 0 1 10.8417
0 0 0 0 1 10.7987
0 0 0 0 1 10.8268
0 0 0 0 1 10.7835
0 0 0 0 0 10.7973
0 0 0 0 1 10.5834
0 0 0 0 1 10.6471
0 0 0 0 1 10.6043
0 0 0 0 1 10.5825
0 0 0 0 1 10.5084
0 0 0 0 1 10.414
0 0 0 0 1 10.4339
0 0 0 0 1 10.327
0 0 0 0 1 10.3363
0 0 0 0 1 10.2332
0 0 0 0 1 10.1916
0 0 0 0 1 10.0868
0 0 0 0 1 10.0832
0 0 0 0 1 9.92208
0 0 0 0 1 10.0283
0 0 0 0 1 9.89551
0 0 0 0 0 9.90184
0 0 0 0 1 9.83911
0 0 0 0 0 9.86743
0 0 0 0 1 9.6687
0 0 0 0 1 9.70419
0 0 0 0 0 9.66197
0 0 0 0 1 9.65579
0 0 0 0 1 9.48931
0 0 0 0 1 9.46712
0 0 0 0 0 9.53988
0 0 0 0 1 9.41075
0 0 0 0 1 9.40755
0 0 0 0 1 9.35735
0 0 0 0 1 9.38212
0 0 0 0 1 9.32032
0 0 0 0 1 9.30775
0 0 0 0 0 9.15423
0 0 0 0 0 9.23158
0 0 0 0 1 9.25333
0 0 0 0 0 9.18605
0 0 0 0 1 9.07127
0 0 0 0 0 9.01156
0 0 0 0 1 8.93417
0 0 0 0 1 8.91121
0 0 0 0 1 8.99839
0 0 0 0 1 8.93063
0 0 0 0 0 8.86329
0 0 0 0 1 8.86723
0 0 0 0 0 8.80048
0 0 0 0 1 8.75175
0 0 0 0 1 8.69192
0 0 0 0 0 8.72504
0 0 0 0 1 8.77886
0 0 0 0 1 8.66994
0 0 0 0 1 8.59372
0 0 0 0 1 8.56633
0 0 0 0 1 8.67994
0 0 0 0 0 8.59839
0 0 0 0 1 8.59162
0 0 0 0 0 8.57042
0 0 0 0 1 8.42214
0 0 0 0 0 8.40743
0 0 0 0 0 8.45448
0 0 0 0 1 8.42296
0 0 0 0 0 8.43616
0 0 0 0 1 8.27957
0 0 0 0 1 8.39046
0 0 0 0 1 8.35385
0 0 0 0 1 8.19888
0 0 0 0 1 8.17143
0 0 0 0 0 8.22371
0 0 0 0 1 8.27572
0 0 0 0 1 8.19105
0 0 0 0 1 8.09599
0 0 0 0 1 8.12355
0 0 0 0 1 8.12665
0 0 0 0 1 8.12975
0 0 0 0 0 8.00401
0 0 0 0 1 8.10433
0 0 0 0 1 8.0996
0 0 0 0 1 8.10296
0 0 0 0 1 8.01832
0 0 0 0 1 8.0459
0 0 0 0 1 7.91713
0 0 0 0 1 7.92607
0 0 0 0 1 7.86668
0 0 0 0 1 7.93408
0 0 0 0 1 7.85142
0 0 0 0 1 7.84787
0 0 0 0 1 7.80518
0 0 0 0 1 7.89578
0 0 0 0 1 7.73621
0 0 0 0 1 7.82358
0 0 0 0 1 7.71939
0 0 0 0 1 7.82054
0 0 0 0 0 7.77577
0 0 0 0 1 7.68809
0 0 0 0 1 7.67467
0 0 0 0 1 7.69535
0 0 0 0 1 7.71603
0 0 0 0 1 7.66453
0 0 0 0 1 7.68535
0 0 0 0 1 7.69854
0 0 0 0 1 7.65519
0 0 0 0 1 7.60783
0 0 0 0 1 7.62138
0 0 0 0 1 7.48786
0 0 0 0 1 7.53954
0 0 0 0 1 7.4706
0 0 0 0 1 7.54135
0 0 0 0 1 7.42784
0 0 0 0 1 7.5021
0 0 0 0 0 7.51281
0 0 0 0 1 7.38541
0 0 0 0 1 7.48943
0 0 0 0 1 7.37771
0 0 0 0 1 7.45193
0 0 0 0 1 7.43709
0 0 0 0 1 7.35212
0 0 0 0 1 7.31561
0 0 0 0 1 7.43767
0 0 0 0 1 7.3092
0 0 0 0 1 7.35409
0 0 0 0 1 7.31095
0 0 0 0 1 7.36276
0 0 0 0 1 7.33457
0 0 0 0 1 7.28473
0 0 0 0 0 7.31135
0 0 0 0 1 7.24334
0 0 0 0 1 7.23059
0 0 0 0 1 7.18487
0 0 0 0 1 7.27707
0 0 0 0 1 7.24299
0 0 0 0 1 7.24833
