0 0 0 0 0 5.50851
0 0 0 0 1 5.512
0 0 0 0 1 5.58796
0 0 0 0 1 5.59424
0 0 0 0 0 5.59261
0 0 0 0 1 5.5799
0 0 0 0 0 5.61111
0 0 0 0 1 5.61537
0 0 0 0 1 5.64446
0 0 0 0 1 5.604
0 0 0 0 0 5.67049
0 0 0 0 1 5.58501
0 0 0 0 1 5.59757
0 0 0 0 1 5.67031
0 0 0 0 1 5.61302
0 0 0 0 0 5.63721
0 0 0 0 0 5.63671
0 0 0 0 1 5.71609
0 0 0 0 1 5.65883
0 0 0 0 0 5.69685
0 0 0 0 0 5.73112
0 0 0 0 1 5.69678
0 0 0 0 1 5.74287
0 0 0 0 0 5.81227
0 0 0 0 0 5.77414
0 0 0 0 1 5.83242
0 0 0 0 1 5.85048
0 0 0 0 0 5.82226
0 0 0 0 0 5.85798
0 0 0 0 0 5.87644
0 0 0 0 1 5.86584
0 0 0 0 1 5.86269
0 0 0 0 0 5.85371
0 0 0 0 1 5.83729
0 0 0 0 1 5.87973
0 0 0 0 1 5.83984
0 0 0 0 1 5.90625
0 0 0 0 1 5.86637
0 0 0 0 1 5.97484
0 0 0 0 1 5.89932
0 0 0 0 1 6.00848
0 0 0 0 1 6.03448
0 0 0 0 1 6.02595
0 0 0 0 1 6.04017
0 0 0 0 1 6.04246
0 0 0 0 1 5.97846
0 0 0 0 1 6.02182
0 0 0 0 0 6.09098
0 0 0 0 1 6.02672
0 0 0 0 1 6.12679
0 0 0 0 1 6.17239
0 0 0 0 1 6.13248
0 0 0 0 1 6.08516
0 0 0 0 0 6.13221
0 0 0 0 0 6.2031
0 0 0 0 1 6.17537
0 0 0 0 1 6.17235
0 0 0 0 1 6.19323
0 0 0 0 1 6.20901
0 0 0 0 1 6.23115
0 0 0 0 1 6.33412
0 0 0 0 1 6.25606
0 0 0 0 1 6.34799
0 0 0 0 1 6.30123
0 0 0 0 1 6.27961
0 0 0 0 0 6.37792
0 0 0 0 1 6.33725
0 0 0 0 1 6.35956
0 0 0 0 1 6.40208
0 0 0 0 1 6.50855
0 0 0 0 1 6.51297
0 0 0 0 1 6.51676
0 0 0 0 1 6.43671
0 0 0 0 1 6.55181
0 0 0 0 0 6.60216
0 0 0 0 1 6.49477
0 0 0 0 1 6.56436
0 0 0 0 1 6.5624
0 0 0 0 1 6.6459
0 0 0 0 0 6.63689
0 0 0 0 0 6.61443
0 0 0 0 1 6.67276
0 0 0 0 1 6.77837
0 0 0 0 1 6.76963
0 0 0 0 1 6.72698
0 0 0 0 1 6.74505
0 0 0 0 1 6.77002
0 0 0 0 1 6.87717
0 0 0 0 1 6.90273
0 0 0 0 1 6.84578
0 0 0 0 1 6.85057
0 0 0 0 0 6.9252
0 0 0 0 1 6.97893
0 0 0 0 1 6.93521
0 0 0 0 1 6.94018
0 0 0 0 1 7.07178
0 0 0 0 1 7.02018
0 0 0 0 1 7.11046
0 0 0 0 0 7.10874
0 0 0 0 1 7.16414
0 0 0 0 1 7.18399
0 0 0 0 1 7.13186
0 0 0 0 1 7.22346
0 0 0 0 0 7.19991
0 0 0 0 1 7.30696
0 0 0 0 0 7.35659
0 0 0 0 1 7.31043
0 0 0 0 0 7.39762
0 0 0 0 0 7.35848
0 0 0 0 1 7.41569
0 0 0 0 1 7.4363
0 0 0 0 1 7.49408
0 0 0 0 1 7.6051
0 0 0 0 1 7.6487
0 0 0 0 0 7.62434
0 0 0 0 1 7.66808
0 0 0 0 0 7.72743
0 0 0 0 1 7.77943
0 0 0 0 1 7.71529
0 0 0 0 1 7.83752
0 0 0 0 1 7.79665
0 0 0 0 1 7.93567
0 0 0 0 1 7.93312
0 0 0 0 0 7.89895
0 0 0 0 0 7.91159
0 0 0 0 1 8.04511
0 0 0 0 1 7.98607
0 0 0 0 1 8.03161
0 0 0 0 1 8.1827
0 0 0 0 1 8.23733
0 0 0 0 1 8.29173
0 0 0 0 0 8.28844
0 0 0 0 1 8.34364
0 0 0 0 1 8.29816
0 0 0 0 1 8.36117
0 0 0 0 1 8.50912
0 0 0 0 1 8.48826
0 0 0 0 0 8.60365
0 0 0 0 0 8.51436
0 0 0 0 1 8.71679
0 0 0 0 1 8.68579
0 0 0 0 1 8.65476
0 0 0 0 1 8.8332
0 0 0 0 0 8.77615
0 0 0 0 1 8.82304
0 0 0 0 1 9.01321
0 0 0 0 1 8.93506
0 0 0 0 1 9.02761
0 0 0 0 1 9.08532
0 0 0 0 0 9.07805
0 0 0 0 0 9.23624
0 0 0 0 0 9.2566
0 0 0 0 1 9.31515
0 0 0 0 0 9.39044
0 0 0 0 0 9.36321
0 0 0 0 1 9.47658
0 0 0 0 1 9.67715
0 0 0 0 1 9.7072
0 0 0 0 0 9.73574
0 0 0 0 1 9.73459
0 0 0 0 1 9.93956
0 0 0 0 0 9.95957
0 0 0 0 1 9.99623
0 0 0 0 1 10.0843
0 0 0 0 1 10.0397
0 0 0 0 1 10.1481
0 0 0 0 1 10.194
0 0 0 0 1 10.281
0 0 0 0 1 10.4744
0 0 0 0 1 10.5735
0 0 0 0 1 10.6095
0 0 0 0 1 10.7178
0 0 0 0 0 10.7105
0 0 0 0 1 10.7974
0 0 0 0 1 10.8845
0 0 0 0 1 10.8861
0 0 0 0 1 11.1393
0 0 0 0 0 11.2142
0 0 0 0 1 11.2713
0 0 0 0 1 11.3686
0 0 0 0 1 11.4318
0 0 0 0 1 11.483
0 0 0 0 0 11.5571
0 0 0 0 1 11.6868
0 0 0 0 1 11.7845
0 0 0 0 1 11.999
0 0 0 0 1 12.1554
0 0 0 0 0 12.109
0 0 0 0 1 12.2748
0 0 0 0 1 12.3797
0 0 0 0 0 12.4756
0 0 0 0 1 12.6655
0 0 0 0 1 12.6983
0 0 0 0 1 12.8253
0 0 0 0 1 13.0306
0 0 0 0 1 13.2376
0 0 0 0 1 13.3762
0 0 0 0 1 13.5191
0 0 0 0 1 13.55
0 0 0 0 0 13.743
0 0 0 0 0 13.8638
0 0 0 0 1 13.8865
0 0 0 0 1 14.2315
0 0 0 0 1 14.2334
0 0 0 0 1 14.5353
0 0 0 0 1 14.578
0 0 0 0 1 14.79
0 0 0 0 0 15.0332
0 0 0 0 1 15.0669
0 0 0 0 1 15.2388
0 0 0 0 1 15.3548
0 0 0 0 1 15.6198
0 0 0 0 1 15.9598
0 0 0 0 1 16.1819
0 0 0 0 1 16.2779
0 0 0 0 0 16.5688
0 0 0 0 1 16.712
0 0 0 0 0 17.0491
0 0 0 0 1 17.272
0 0 0 0 1 17.4504
0 0 0 0 1 17.6022
0 0 0 0 1 17.9397
0 0 0 0 1 18.2354
0 0 0 0 1 18.4775
0 0 0 0 1 18.7663
0 0 0 0 1 18.9523
0 0 0 0 1 19.203
0 0 0 0 0 19.3261
0 0 0 0 1 19.8693
0 0 0 0 1 20.0882
0 0 0 0 1 20.3452
0 0 0 0 0 20.6294
0 0 0 0 1 21.2287
0 0 0 0 1 21.5889
0 0 0 0 1 21.7408
0 0 0 0 0 22.4483
0 0 0 0 1 22.7922
0 0 0 0 1 23.0187
0 0 0 0 1 23.5736
0 0 0 0 1 24.0092
0 0 0 0 1 24.3808
0 0 0 0 1 24.9429
0 0 0 0 1 25.6905
0 0 0 0 1 26.2242
0 0 0 0 0 26.3805
0 0 0 0 1 26.9929
0 0 0 0 1 27.959
0 0 0 0 1 28.1779
0 0 0 0 1 28.9194
0 0 0 0 1 29.7939
0 0 0 0 1 30.4127
0 0 0 0 1 31.43
0 0 0 0 1 26.0978
0 0 0 0 1 26.5262
0 0 0 0 1 26.4824
0 0 0 0 1 26.227
0 0 0 0 1 26.3157
0 0 0 0 1 26.2194
0 0 0 0 1 26.1762
0 0 0 0 1 26.0037
0 0 0 0 0 26.1453
0 0 0 0 1 25.9477
0 0 0 0 1 26.3259
0 0 0 0 1 26.0247
0 0 0 0 1 26.3773
0 0 0 0 1 26.3127
0 0 0 0 1 26.4044
0 0 0 0 1 26.0533
0 0 0 0 0 25.911
0 0 0 0 0 26.273
0 0 0 0 1 28.1146
0 0 0 0 1 29.0566
0 0 0 0 1 46.6132
0 0 0 0 1 47.2068
0 0 0 0 1 46.583
0 0 0 0 1 46.8969
0 0 0 0 1 46.5095
0 0 0 0 1 46.7782
0 0 0 0 1 48.4406
0 0 0 0 0 5.02002
0 0 0 0 0 4.97493
0 0 0 0 0 5.03505
0 0 0 0 0 4.98996
0 0 0 0 0 5.03505
0 0 0 0 0 4.96992
0 0 0 0 0 4.9599
0 0 0 0 0 5.05509
0 0 0 0 0 5.01501
0 0 0 0 0 4.98996
0 0 0 0 0 5.04507
0 0 0 0 0 4.96491
0 0 0 0 0 4.97994
0 0 0 0 0 4.98495
0 0 0 0 0 5.0601
0 0 0 0 0 5.02002
0 0 0 0 0 5.04006
0 0 0 0 0 5.03004
0 0 0 0 0 4.96992
0 0 0 0 0 5.0601
0 0 0 0 0 5.03004
0 0 0 0 0 4.97994
0 0 0 0 0 5.05008
0 0 0 0 0 5.05008
0 0 0 0 0 5.0601
0 0 0 0 0 5.05008
0 0 0 0 0 4.99497
0 0 0 0 0 5.0601
0 0 0 0 1 100.183
0 0 0 0 1 95.2027
0 0 0 0 1 88.691
0 0 0 0 1 85.7009
0 0 0 0 1 80.9094
0 0 0 0 1 76.3832
0 0 0 0 1 73.2942
0 0 0 0 1 71.2523
0 0 0 0 1 67.6614
0 0 0 0 1 65.46
0 0 0 0 0 62.538
0 0 0 0 1 61.2885
0 0 0 0 1 58.9494
0 0 0 0 1 56.2106
0 0 0 0 1 55.1144
0 0 0 0 1 52.7211
0 0 0 0 1 51.8002
0 0 0 0 0 50.0887
0 0 0 0 0 48.1872
0 0 0 0 1 46.9028
0 0 0 0 1 46.4215
0 0 0 0 1 44.6343
0 0 0 0 1 43.4515
0 0 0 0 1 42.799
0 0 0 0 1 41.6137
0 0 0 0 1 40.4667
0 0 0 0 1 39.5754
0 0 0 0 1 39.1197
0 0 0 0 1 38.0969
0 0 0 0 1 36.8339
0 0 0 0 1 36.465
0 0 0 0 0 35.4951
0 0 0 0 1 34.5485
0 0 0 0 1 34.2712
0 0 0 0 0 33.649
0 0 0 0 0 32.947
0 0 0 0 1 32.5033
0 0 0 0 1 31.9374
0 0 0 0 1 31.0268
0 0 0 0 1 30.393
0 0 0 0 1 29.7727
0 0 0 0 1 29.7461
0 0 0 0 1 29.1136
0 0 0 0 1 28.8391
0 0 0 0 0 28.2688
0 0 0 0 1 27.4908
0 0 0 0 0 27.2239
0 0 0 0 1 26.6938
0 0 0 0 1 26.1961
0 0 0 0 1 26.0666
0 0 0 0 0 25.7182
0 0 0 0 0 25.5056
0 0 0 0 1 25.0993
0 0 0 0 1 24.8178
0 0 0 0 0 24.2143
0 0 0 0 1 23.7716
0 0 0 0 1 23.4035
0 0 0 0 1 23.1724
0 0 0 0 1 22.7883
0 0 0 0 0 22.9201
0 0 0 0 0 22.2976
0 0 0 0 1 22.0129
0 0 0 0 1 21.9511
0 0 0 0 1 21.6747
0 0 0 0 1 21.5395
0 0 0 0 0 21.2938
0 0 0 0 1 21.0902
0 0 0 0 1 20.5972
0 0 0 0 0 20.5166
0 0 0 0 1 20.323
0 0 0 0 0 19.9479
0 0 0 0 0 19.5674
0 0 0 0 1 19.4826
0 0 0 0 0 19.4058
0 0 0 0 1 19.221
0 0 0 0 1 18.913
0 0 0 0 1 18.9261
0 0 0 0 1 18.3696
0 0 0 0 1 18.2341
0 0 0 0 0 18.2435
0 0 0 0 1 18.1055
0 0 0 0 1 17.9759
0 0 0 0 1 17.6519
0 0 0 0 0 17.6813
0 0 0 0 0 17.3779
0 0 0 0 1 17.1634
0 0 0 0 1 17.1124
0 0 0 0 1 16.8405
0 0 0 0 1 16.8721
0 0 0 0 1 16.6943
0 0 0 0 1 16.5173
0 0 0 0 1 16.4553
0 0 0 0 1 16.263
0 0 0 0 1 15.8974
0 0 0 0 1 16.0039
0 0 0 0 1 15.7985
0 0 0 0 1 15.6834
0 0 0 0 0 15.3804
0 0 0 0 1 15.2277
0 0 0 0 1 15.2894
0 0 0 0 1 15.221
0 0 0 0 1 14.9481
0 0 0 0 1 14.8419
0 0 0 0 1 14.7087
0 0 0 0 1 14.6409
0 0 0 0 0 14.5873
0 0 0 0 1 14.5274
0 0 0 0 1 14.4957
0 0 0 0 1 14.1353
0 0 0 0 0 14.3028
0 0 0 0 1 14.1152
0 0 0 0 0 14.1051
0 0 0 0 1 13.8083
0 0 0 0 1 13.9086
0 0 0 0 0 13.7381
0 0 0 0 1 13.545
0 0 0 0 1 13.6285
0 0 0 0 1 13.4687
0 0 0 0 1 13.1902
0 0 0 0 1 13.346
0 0 0 0 1 13.1705
0 0 0 0 1 13.0093
0 0 0 0 0 13.0182
0 0 0 0 1 12.9101
0 0 0 0 1 12.9517
0 0 0 0 1 12.7674
0 0 0 0 1 12.5466
0 0 0 0 1 12.638
0 0 0 0 0 12.5944
0 0 0 0 0 12.5046
0 0 0 0 1 12.3577
0 0 0 0 1 12.3269
0 0 0 0 0 12.1083
0 0 0 0 1 12.0252
0 0 0 0 1 12.0954
0 0 0 0 1 12.0561
0 0 0 0 0 12.0329
0 0 0 0 1 11.7914
0 0 0 0 1 11.887
0 0 0 0 0 11.7655
0 0 0 0 0 11.7268
0 0 0 0 1 11.7228
0 0 0 0 1 11.5103
0 0 0 0 1 11.6103
0 0 0 0 1 11.4798
0 0 0 0 1 11.3959
0 0 0 0 1 11.4107
0 0 0 0 1 11.1769
0 0 0 0 1 11.1732
0 0 0 0 1 11.1432
0 0 0 0 1 11.0057
0 0 0 0 1 11.142
0 0 0 0 1 11.0236
0 0 0 0 1 11.0046
0 0 0 0 1 10.9964
0 0 0 0 1 10.8144
0 0 0 0 0 10.7742
0 0 0 0 0 10.7341
0 0 0 0 0 10.7797
0 0 0 0 0 10.5585
0 0 0 0 0 10.5335
0 0 0 0 1 10.6104
0 0 0 0 1 10.4132
0 0 0 0 1 10.4058
0 0 0 0 1 10.4887
0 0 0 0 1 10.408
0 0 0 0 1 10.4278
0 0 0 0 1 10.3856
0 0 0 0 1 10.2104
0 0 0 0 1 10.2507
0 0 0 0 1 10.2397
0 0 0 0 1 10.1578
0 0 0 0 1 9.96895
0 0 0 0 1 10.0089
0 0 0 0 0 9.90861
0 0 0 0 1 10.0477
0 0 0 0 0 9.94459
0 0 0 0 1 9.86507
0 0 0 0 1 9.80249
0 0 0 0 1 9.85134
0 0 0 0 1 9.69468
0 0 0 0 1 9.82115
0 0 0 0 1 9.62365
0 0 0 0 1 9.64313
0 0 0 0 0 9.63993
0 0 0 0 1 9.55999
0 0 0 0 0 9.56973
0 0 0 0 1 9.53808
0 0 0 0 1 9.45289
0 0 0 0 1 9.39339
0 0 0 0 1 9.47552
0 0 0 0 1 9.37254
0 0 0 0 1 9.27639
0 0 0 0 0 9.35793
0 0 0 0 1 9.21266
0 0 0 0 1 9.19523
0 0 0 0 1 9.19309
0 0 0 0 1 9.29214
0 0 0 0 1 9.09708
0 0 0 0 0 9.22319
0 0 0 0 0 9.19359
0 0 0 0 0 9.14601
0 0 0 0 1 8.97197
0 0 0 0 0 9.01564
0 0 0 0 1 8.93875
0 0 0 0 0 8.93741
0 0 0 0 1 8.98648
0 0 0 0 0 8.84226
0 0 0 0 1 8.81459
0 0 0 0 0 8.77824
0 0 0 0 1 8.90125
0 0 0 0 1 8.86158
0 0 0 0 1 8.83427
0 0 0 0 0 8.80716
0 0 0 0 1 8.80849
0 0 0 0 1 8.80781
0 0 0 0 1 8.62984
0 0 0 0 0 8.7252
0 0 0 0 0 8.7042
0 0 0 0 1 8.61776
0 0 0 0 1 8.55419
0 0 0 0 1 8.51167
0 0 0 0 0 8.49157
0 0 0 0 1 8.56907
0 0 0 0 1 8.60014
0 0 0 0 0 8.4782
0 0 0 0 0 8.46705
0 0 0 0 1 8.54058
0 0 0 0 1 8.37759
0 0 0 0 1 8.49677
0 0 0 0 0 8.38521
0 0 0 0 0 8.32446
0 0 0 0 1 8.38939
0 0 0 0 1 8.29568
0 0 0 0 1 8.38085
0 0 0 0 1 8.2712
0 0 0 0 1 8.31109
0 0 0 0 1 8.24798
0 0 0 0 1 8.23843
0 0 0 0 1 8.31129
0 0 0 0 1 8.28539
0 0 0 0 0 8.16135
0 0 0 0 1 8.25869
0 0 0 0 1 8.11908
0 0 0 0 1 8.20815
0 0 0 0 1 8.13441
0 0 0 0 0 8.12595
0 0 0 0 1 8.08524
0 0 0 0 1 8.10134
0 0 0 0 1 8.01268
0 0 0 0 1 7.96862
0 0 0 0 0 8.04138
0 0 0 0 0 8.0899
0 0 0 0 1 8.01031
0 0 0 0 0 7.9551
0 0 0 0 1 7.93584
0 0 0 0 1 8.00852
0 0 0 0 1 7.96187
0 0 0 0 1 7.9155
0 0 0 0 0 7.98026
0 0 0 0 1 7.94574
0 0 0 0 1 7.91576
0 0 0 0 1 7.9254
0 0 0 0 1 7.87566
0 0 0 0 1 7.92826
0 0 0 0 0 7.86757
0 0 0 0 1 7.77591
0 0 0 0 0 7.84104
0 0 0 0 1 7.761
0 0 0 0 0 7.82621
0 0 0 0 0 7.79796
0 0 0 0 1 7.81968
0 0 0 0 1 7.77626
0 0 0 0 1 7.82914
