0 0 0 0 1 5.5196
0 0 0 0 1 5.50644
0 0 0 0 1 5.52117
0 0 0 0 0 5.59424
0 0 0 0 1 5.59819
0 0 0 0 1 5.58549
0 0 0 0 1 5.61111
0 0 0 0 1 5.62097
0 0 0 0 0 5.57713
0 0 0 0 1 5.66583
0 0 0 0 1 5.68739
0 0 0 0 0 5.68656
0 0 0 0 1 5.64276
0 0 0 0 1 5.70426
0 0 0 0 1 5.72641
0 0 0 0 1 5.64856
0 0 0 0 1 5.6424
0 0 0 0 1 5.6648
0 0 0 0 1 5.73306
0 0 0 0 0 5.65685
0 0 0 0 1 5.68532
0 0 0 0 1 5.78284
0 0 0 0 1 5.73137
0 0 0 0 1 5.77195
0 0 0 0 1 5.72222
0 0 0 0 1 5.79196
0 0 0 0 1 5.7578
0 0 0 0 1 5.84548
0 0 0 0 1 5.78236
0 0 0 0 1 5.83563
0 0 0 0 1 5.84832
0 0 0 0 1 5.80418
0 0 0 0 0 5.85371
0 0 0 0 1 5.92538
0 0 0 0 1 5.90916
0 0 0 0 0 5.85164
0 0 0 0 1 5.87078
0 0 0 0 1 5.90785
0 0 0 0 1 5.98671
0 0 0 0 1 6.00647
0 0 0 0 1 5.99058
0 0 0 0 1 6.01056
0 0 0 0 1 6.04392
0 0 0 0 0 6.06418
0 0 0 0 0 6.00635
0 0 0 0 0 5.97242
0 0 0 0 1 6.01577
0 0 0 0 1 6.06065
0 0 0 0 1 6.02064
0 0 0 0 0 6.05364
0 0 0 0 1 6.12961
0 0 0 0 1 6.14473
0 0 0 0 0 6.1835
0 0 0 0 1 6.12605
0 0 0 0 1 6.19075
0 0 0 0 0 6.24344
0 0 0 0 1 6.19716
0 0 0 0 1 6.21812
0 0 0 0 1 6.24645
0 0 0 0 1 6.31248
0 0 0 0 1 6.22112
0 0 0 0 1 6.23088
0 0 0 0 1 6.36061
0 0 0 0 1 6.35816
0 0 0 0 1 6.33035
0 0 0 0 0 6.31427
0 0 0 0 1 6.35002
0 0 0 0 1 6.34675
0 0 0 0 1 6.38924
0 0 0 0 1 6.48921
0 0 0 0 1 6.50651
0 0 0 0 1 6.43246
0 0 0 0 1 6.55374
0 0 0 0 0 6.55181
0 0 0 0 0 6.59563
0 0 0 0 1 6.52757
0 0 0 0 1 6.52485
0 0 0 0 0 6.58881
0 0 0 0 0 6.60615
0 0 0 0 0 6.64354
0 0 0 0 0 6.61443
0 0 0 0 1 6.71292
0 0 0 0 1 6.68441
0 0 0 0 0 6.76289
0 0 0 0 1 6.82163
0 0 0 0 1 6.81969
0 0 0 0 1 6.7564
0 0 0 0 1 6.84983
0 0 0 0 1 6.90959
0 0 0 0 1 6.90777
0 0 0 0 1 6.89896
0 0 0 0 1 6.86281
0 0 0 0 1 7.02763
0 0 0 0 1 6.92125
0 0 0 0 1 7.08039
0 0 0 0 0 7.07178
0 0 0 0 0 7.02018
0 0 0 0 1 7.13175
0 0 0 0 1 7.10162
0 0 0 0 0 7.12124
0 0 0 0 1 7.1481
0 0 0 0 1 7.21831
0 0 0 0 1 7.25965
0 0 0 0 1 7.30162
0 0 0 0 1 7.25586
0 0 0 0 1 7.36391
0 0 0 0 0 7.39877
0 0 0 0 1 7.43454
0 0 0 0 1 7.43266
0 0 0 0 1 7.51258
0 0 0 0 1 7.47371
0 0 0 0 1 7.53918
0 0 0 0 0 7.6202
0 0 0 0 1 7.51212
0 0 0 0 1 7.63196
0 0 0 0 1 7.66043
0 0 0 0 1 7.72743
0 0 0 0 0 7.78715
0 0 0 0 1 7.73081
0 0 0 0 1 7.81412
0 0 0 0 0 7.81231
0 0 0 0 1 7.80984
0 0 0 0 0 7.83821
0 0 0 0 1 8.01021
0 0 0 0 0 8.00749
0 0 0 0 1 8.05314
0 0 0 0 1 8.0264
0 0 0 0 1 8.15318
0 0 0 0 1 8.1338
0 0 0 0 1 8.2537
0 0 0 0 1 8.20115
0 0 0 0 1 8.20564
0 0 0 0 1 8.30205
0 0 0 0 1 8.44036
0 0 0 0 0 8.42846
0 0 0 0 0 8.46683
0 0 0 0 1 8.42873
0 0 0 0 1 8.63786
0 0 0 0 1 8.66901
0 0 0 0 1 8.6304
0 0 0 0 0 8.71188
0 0 0 0 1 8.76841
0 0 0 0 1 8.88599
0 0 0 0 1 8.89988
0 0 0 0 0 8.97424
0 0 0 0 1 9.03111
0 0 0 0 1 9.06116
0 0 0 0 1 9.00042
0 0 0 0 1 9.19467
0 0 0 0 0 9.21559
0 0 0 0 1 9.13474
0 0 0 0 0 9.2566
0 0 0 0 1 9.36182
0 0 0 0 1 9.47504
0 0 0 0 1 9.53345
0 0 0 0 1 9.57183
0 0 0 0 0 9.56206
0 0 0 0 0 9.57211
0 0 0 0 0 9.63858
0 0 0 0 1 9.75416
0 0 0 0 1 9.8903
0 0 0 0 1 9.87038
0 0 0 0 1 9.96627
0 0 0 0 1 10.0843
0 0 0 0 1 10.0903
0 0 0 0 0 10.1277
0 0 0 0 1 10.3584
0 0 0 0 1 10.3431
0 0 0 0 1 10.5161
0 0 0 0 1 10.605
0 0 0 0 0 10.5143
0 0 0 0 0 10.6858
0 0 0 0 0 10.8072
0 0 0 0 1 10.8624
0 0 0 0 1 10.8408
0 0 0 0 1 11.095
0 0 0 0 0 10.9952
0 0 0 0 1 11.1024
0 0 0 0 1 11.3163
0 0 0 0 1 11.2437
0 0 0 0 0 11.3745
0 0 0 0 1 11.6101
0 0 0 0 1 11.7435
0 0 0 0 0 11.8396
0 0 0 0 1 11.8201
0 0 0 0 1 11.8435
0 0 0 0 1 12.1433
0 0 0 0 0 12.2916
0 0 0 0 1 12.2256
0 0 0 0 1 12.4293
0 0 0 0 1 12.6258
0 0 0 0 1 12.7287
0 0 0 0 1 12.6855
0 0 0 0 0 12.7995
0 0 0 0 1 13.0176
0 0 0 0 1 13.08
0 0 0 0 1 13.3231
0 0 0 0 1 13.5057
0 0 0 0 0 13.6177
0 0 0 0 1 13.5379
0 0 0 0 1 13.6841
0 0 0 0 0 13.9982
0 0 0 0 1 14.2173
0 0 0 0 1 14.3619
0 0 0 0 0 14.5498
0 0 0 0 1 14.5634
0 0 0 0 0 14.8786
0 0 0 0 0 14.8839
0 0 0 0 1 15.1424
0 0 0 0 1 15.2235
0 0 0 0 0 15.5403
0 0 0 0 1 15.5885
0 0 0 0 0 15.944
0 0 0 0 1 15.8772
0 0 0 0 1 16.2942
0 0 0 0 1 16.3384
0 0 0 0 1 16.762
0 0 0 0 1 16.9141
0 0 0 0 1 17.135
0 0 0 0 1 17.2596
0 0 0 0 1 17.6725
0 0 0 0 0 17.797
0 0 0 0 1 18.1631
0 0 0 0 1 18.239
0 0 0 0 1 18.6918
0 0 0 0 1 19.0468
0 0 0 0 0 17.2898
0 0 0 0 1 17.3545
0 0 0 0 1 17.333
0 0 0 0 1 17.4499
0 0 0 0 1 17.1726
0 0 0 0 1 17.359
0 0 0 0 1 17.3042
0 0 0 0 1 17.1811
0 0 0 0 1 17.2843
0 0 0 0 0 17.0076
0 0 0 0 0 17.1946
0 0 0 0 1 17.0048
0 0 0 0 0 17.1944
0 0 0 0 1 17.2106
0 0 0 0 1 17.2443
0 0 0 0 1 17.1438
0 0 0 0 1 17.1951
0 0 0 0 1 17.1125
0 0 0 0 1 17.1473
0 0 0 0 1 17.1674
0 0 0 0 1 17.0838
0 0 0 0 0 17.0347
0 0 0 0 1 16.8692
0 0 0 0 0 16.9057
0 0 0 0 0 17.0458
0 0 0 0 1 16.829
0 0 0 0 1 17.1083
0 0 0 0 1 17.4387
0 0 0 0 1 18.0089
0 0 0 0 1 18.6883
0 0 0 0 1 18.9485
0 0 0 0 1 19.7141
0 0 0 0 1 20.1254
0 0 0 0 1 39.277
0 0 0 0 1 40.5375
0 0 0 0 1 41.4764
0 0 0 0 1 43.0702
0 0 0 0 1 44.7473
0 0 0 0 0 46.4204
0 0 0 0 0 48.8989
0 0 0 0 1 43.4963
0 0 0 0 1 43.52
0 0 0 0 0 43.5444
0 0 0 0 1 43.2674
0 0 0 0 1 43.5526
0 0 0 0 1 42.7165
0 0 0 0 1 42.8738
0 0 0 0 1 42.7308
0 0 0 0 1 43.019
0 0 0 0 1 42.8769
0 0 0 0 1 43.3819
0 0 0 0 1 26.6481
0 0 0 0 0 26.1182
0 0 0 0 1 24.8536
0 0 0 0 1 24.2937
0 0 0 0 0 23.2172
0 0 0 0 1 22.7391
0 0 0 0 1 22.6257
0 0 0 0 1 22.5073
0 0 0 0 1 22.5475
0 0 0 0 1 22.7467
0 0 0 0 1 22.4609
0 0 0 0 1 22.5476
0 0 0 0 1 22.7256
0 0 0 0 1 22.7681
0 0 0 0 1 22.9373
0 0 0 0 1 22.7536
0 0 0 0 1 22.7065
0 0 0 0 1 22.5458
0 0 0 0 1 22.6032
0 0 0 0 1 22.671
0 0 0 0 1 23.059
0 0 0 0 0 22.7397
0 0 0 0 1 23.0507
0 0 0 0 0 22.9605
0 0 0 0 1 22.8935
0 0 0 0 0 22.7808
0 0 0 0 0 5.02002
0 0 0 0 0 5.02503
0 0 0 0 0 5.03505
0 0 0 0 0 4.96992
0 0 0 0 1 99.5845
0 0 0 0 1 95.2027
0 0 0 0 1 88.6017
0 0 0 0 1 84.0039
0 0 0 0 0 81.2327
0 0 0 0 1 76.8461
0 0 0 0 1 73.4418
0 0 0 0 1 71.1108
0 0 0 0 1 67.3218
0 0 0 0 1 65.1333
0 0 0 0 1 63.1672
0 0 0 0 1 60.803
0 0 0 0 0 58.4807
0 0 0 0 0 56.8906
0 0 0 0 1 55.1144
0 0 0 0 1 53.04
0 0 0 0 1 51.1817
0 0 0 0 1 50.5391
0 0 0 0 1 48.9166
0 0 0 0 1 47.3284
0 0 0 0 0 45.9154
0 0 0 0 0 44.5895
0 0 0 0 1 43.8882
0 0 0 0 0 42.1602
0 0 0 0 1 41.4474
0 0 0 0 1 40.9537
0 0 0 0 1 39.734
0 0 0 0 1 38.4606
0 0 0 0 1 37.9831
0 0 0 0 1 36.7227
0 0 0 0 1 36.6103
0 0 0 0 0 35.4595
0 0 0 0 0 34.7925
0 0 0 0 0 34.3054
0 0 0 0 1 33.783
0 0 0 0 1 32.8154
0 0 0 0 1 32.5679
0 0 0 0 1 31.5255
0 0 0 0 1 31.2135
0 0 0 0 1 30.4847
0 0 0 0 0 30.2534
0 0 0 0 1 29.2735
0 0 0 0 1 29.0846
0 0 0 0 1 28.4104
0 0 0 0 0 28.2688
0 0 0 0 1 27.906
0 0 0 0 1 27.3602
0 0 0 0 1 27.0694
0 0 0 0 1 26.2754
0 0 0 0 1 25.8323
0 0 0 0 1 25.4359
0 0 0 0 1 25.1261
0 0 0 0 1 24.9246
0 0 0 0 1 24.6702
0 0 0 0 1 24.3356
0 0 0 0 1 23.7237
0 0 0 0 1 23.7577
0 0 0 0 1 23.4755
0 0 0 0 1 22.7883
0 0 0 0 1 22.4885
0 0 0 0 1 22.3649
0 0 0 0 1 21.9464
0 0 0 0 1 21.7979
0 0 0 0 1 21.5017
0 0 0 0 0 21.5822
0 0 0 0 1 21.1882
0 0 0 0 1 20.6726
0 0 0 0 1 20.5972
0 0 0 0 1 20.4758
0 0 0 0 1 20.2826
0 0 0 0 1 20.0677
0 0 0 0 1 19.6464
0 0 0 0 1 19.424
0 0 0 0 1 19.4831
0 0 0 0 0 18.9915
0 0 0 0 1 18.7994
0 0 0 0 1 18.8887
0 0 0 0 0 18.4623
0 0 0 0 1 18.4545
0 0 0 0 1 18.2435
0 0 0 0 1 18.1596
0 0 0 0 1 17.9759
0 0 0 0 1 17.7226
0 0 0 0 1 17.3487
0 0 0 0 1 17.3086
0 0 0 0 1 17.1119
0 0 0 0 1 16.9081
0 0 0 0 0 16.7562
0 0 0 0 1 16.5711
0 0 0 0 1 16.5451
0 0 0 0 1 16.4516
0 0 0 0 1 16.3413
0 0 0 0 1 16.2307
0 0 0 0 1 16.1218
0 0 0 0 1 16.0039
0 0 0 0 1 15.6724
0 0 0 0 1 15.6521
0 0 0 0 1 15.6595
0 0 0 0 1 15.5354
0 0 0 0 1 15.1826
0 0 0 0 1 15.0999
0 0 0 0 1 14.9632
0 0 0 0 1 15.0058
0 0 0 0 1 14.6791
0 0 0 0 1 14.6262
0 0 0 0 1 14.4999
0 0 0 0 1 14.3971
0 0 0 0 1 14.2659
0 0 0 0 1 14.3065
0 0 0 0 1 14.0337
0 0 0 0 1 13.9746
0 0 0 0 1 13.9096
0 0 0 0 1 13.8499
0 0 0 0 1 13.8673
0 0 0 0 1 13.6151
0 0 0 0 1 13.6265
0 0 0 0 1 13.5745
0 0 0 0 1 13.3213
0 0 0 0 1 13.1902
0 0 0 0 1 13.2667
0 0 0 0 1 13.0259
0 0 0 0 1 13.1922
0 0 0 0 1 13.109
0 0 0 0 0 13.0261
0 0 0 0 0 12.785
0 0 0 0 1 12.6145
0 0 0 0 1 12.7492
0 0 0 0 1 12.4995
0 0 0 0 1 12.4193
0 0 0 0 1 12.405
0 0 0 0 0 12.4195
0 0 0 0 1 12.1671
0 0 0 0 0 12.3404
0 0 0 0 1 12.1953
0 0 0 0 1 12.2041
0 0 0 0 1 11.972
0 0 0 0 1 11.8417
0 0 0 0 1 11.9934
0 0 0 0 0 11.887
0 0 0 0 1 11.8596
0 0 0 0 1 11.7735
0 0 0 0 0 11.5251
0 0 0 0 1 11.4525
0 0 0 0 1 11.5988
0 0 0 0 1 11.3883
0 0 0 0 1 11.4984
0 0 0 0 1 11.422
0 0 0 0 1 11.1882
0 0 0 0 1 11.2405
0 0 0 0 0 11.1879
0 0 0 0 0 11.2056
0 0 0 0 1 11.0867
0 0 0 0 1 10.9136
0 0 0 0 1 11.0374
0 0 0 0 1 10.9964
0 0 0 0 1 10.8361
0 0 0 0 1 10.785
0 0 0 0 1 10.7556
0 0 0 0 1 10.6621
0 0 0 0 0 10.7288
0 0 0 0 1 10.5441
0 0 0 0 1 10.5154
0 0 0 0 0 10.5498
0 0 0 0 1 10.3535
0 0 0 0 1 10.4053
0 0 0 0 1 10.3354
0 0 0 0 1 10.3142
0 0 0 0 1 10.3239
0 0 0 0 1 10.3333
0 0 0 0 1 10.1487
0 0 0 0 1 10.2193
0 0 0 0 1 10.0769
0 0 0 0 1 10.12
0 0 0 0 0 9.92869
0 0 0 0 1 10.0484
0 0 0 0 1 10.0378
0 0 0 0 1 9.99417
0 0 0 0 1 9.83545
0 0 0 0 1 9.82217
0 0 0 0 1 9.75332
0 0 0 0 1 9.81183
0 0 0 0 1 9.71419
0 0 0 0 1 9.62365
0 0 0 0 1 9.66243
0 0 0 0 0 9.60145
0 0 0 0 1 9.50246
0 0 0 0 1 9.47423
0 0 0 0 1 9.57615
0 0 0 0 1 9.47185
0 0 0 0 1 9.40284
0 0 0 0 1 9.33424
0 0 0 0 1 9.31625
0 0 0 0 0 9.37926
0 0 0 0 1 9.33929
0 0 0 0 1 9.25914
0 0 0 0 1 9.17671
0 0 0 0 0 9.21155
0 0 0 0 1 9.23694
0 0 0 0 1 9.07874
0 0 0 0 1 9.05866
0 0 0 0 1 9.17537
0 0 0 0 0 9.13692
0 0 0 0 1 9.09872
0 0 0 0 1 8.97954
0 0 0 0 1 8.93875
0 0 0 0 1 8.91049
0 0 0 0 1 8.99543
0 0 0 0 1 8.83334
0 0 0 0 1 8.86795
0 0 0 0 1 8.85804
0 0 0 0 1 8.76866
0 0 0 0 1 8.87922
0 0 0 0 0 8.75516
0 0 0 0 1 8.702
0 0 0 0 1 8.70352
0 0 0 0 0 8.69445
0 0 0 0 1 8.78643
0 0 0 0 1 8.64714
0 0 0 0 1 8.58307
0 0 0 0 0 8.67815
0 0 0 0 1 8.56279
0 0 0 0 1 8.57173
0 0 0 0 0 8.61141
0 0 0 0 1 8.60321
0 0 0 0 1 8.55756
0 0 0 0 1 8.45271
0 0 0 0 1 8.56028
0 0 0 0 0 8.43065
0 0 0 0 0 8.50414
0 0 0 0 0 8.3874
0 0 0 0 1 8.41039
0 0 0 0 1 8.45845
0 0 0 0 1 8.4061
0 0 0 0 1 8.32903
0 0 0 0 1 8.30602
0 0 0 0 1 8.36245
0 0 0 0 1 8.23659
0 0 0 0 1 8.19013
0 0 0 0 1 8.25492
0 0 0 0 0 8.23723
0 0 0 0 1 8.23612
0 0 0 0 1 8.17774
0 0 0 0 1 8.25869
0 0 0 0 1 8.10276
0 0 0 0 1 8.11857
0 0 0 0 1 8.13441
0 0 0 0 1 8.13406
0 0 0 0 0 8.11762
0 0 0 0 0 8.14173
0 0 0 0 1 8.05299
0 0 0 0 0 8.00082
0 0 0 0 1 8.09761
0 0 0 0 1 7.96162
0 0 0 0 1 7.98631
0 0 0 0 1 7.99504
0 0 0 0 1 8.03953
0 0 0 0 1 7.88911
0 0 0 0 1 7.91419
0 0 0 0 1 7.98688
0 0 0 0 1 7.98026
0 0 0 0 1 7.85087
0 0 0 0 0 7.95522
0 0 0 0 1 7.86238
0 0 0 0 1 7.915
0 0 0 0 1 7.92826
0 0 0 0 1 7.80482
0 0 0 0 1 7.76025
0 0 0 0 1 7.86449
0 0 0 0 1 7.74539
0 0 0 0 1 7.82621
0 0 0 0 1 7.82909
0 0 0 0 1 7.81968
0 0 0 0 1 7.69865
0 0 0 0 1 7.82914
