0 0 0 0 1 5.55844
0 0 0 0 1 5.55089
0 0 0 0 1 5.55457
0 0 0 0 0 5.56638
0 0 0 0 1 5.54795
0 0 0 0 0 5.6414
0 0 0 0 0 5.57754
0 0 0 0 0 5.57053
0 0 0 0 0 5.56591
0 0 0 0 1 5.604
0 0 0 0 1 5.65923
0 0 0 0 1 5.66399
0 0 0 0 1 5.59192
0 0 0 0 1 5.64767
0 0 0 0 0 5.68673
0 0 0 0 1 5.73371
0 0 0 0 1 5.68221
0 0 0 0 1 5.72179
0 0 0 0 0 5.74448
0 0 0 0 1 5.74828
0 0 0 0 1 5.78265
0 0 0 0 0 5.67957
0 0 0 0 1 5.75437
0 0 0 0 1 5.70858
0 0 0 0 0 5.73376
0 0 0 0 1 5.80352
0 0 0 0 0 5.80414
0 0 0 0 1 5.76421
0 0 0 0 1 5.80562
0 0 0 0 1 5.88227
0 0 0 0 0 5.78989
0 0 0 0 1 5.82174
0 0 0 0 1 5.80683
0 0 0 0 1 5.8138
0 0 0 0 1 5.82676
0 0 0 0 1 5.93422
0 0 0 0 0 5.86487
0 0 0 0 1 5.87822
0 0 0 0 1 5.95108
0 0 0 0 1 5.89337
0 0 0 0 0 5.93092
0 0 0 0 0 5.97467
0 0 0 0 0 5.93011
0 0 0 0 1 5.97412
0 0 0 0 1 6.06052
0 0 0 0 1 5.99052
0 0 0 0 1 6.02787
0 0 0 0 1 6.08491
0 0 0 0 1 6.03889
0 0 0 0 1 6.03535
0 0 0 0 1 6.14183
0 0 0 0 1 6.18149
0 0 0 0 1 6.08516
0 0 0 0 1 6.16915
0 0 0 0 1 6.23396
0 0 0 0 1 6.22487
0 0 0 0 0 6.18475
0 0 0 0 1 6.2368
0 0 0 0 0 6.25269
0 0 0 0 0 6.21864
0 0 0 0 1 6.2839
0 0 0 0 1 6.35047
0 0 0 0 1 6.27858
0 0 0 0 1 6.37082
0 0 0 0 1 6.29229
0 0 0 0 0 6.37156
0 0 0 0 1 6.38831
0 0 0 0 1 6.4236
0 0 0 0 0 6.38924
0 0 0 0 1 6.45055
0 0 0 0 1 6.4419
0 0 0 0 1 6.44543
0 0 0 0 1 6.43671
0 0 0 0 0 6.4801
0 0 0 0 0 6.54987
0 0 0 0 1 6.53413
0 0 0 0 1 6.54461
0 0 0 0 0 6.64163
0 0 0 0 1 6.67241
0 0 0 0 1 6.65684
0 0 0 0 1 6.69453
0 0 0 0 1 6.64599
0 0 0 0 0 6.74482
0 0 0 0 0 6.69553
0 0 0 0 1 6.79459
0 0 0 0 1 6.85362
0 0 0 0 0 6.77002
0 0 0 0 0 6.90452
0 0 0 0 1 6.86842
0 0 0 0 0 6.90777
0 0 0 0 0 6.96809
0 0 0 0 1 6.95293
0 0 0 0 1 6.93022
0 0 0 0 1 7.04696
0 0 0 0 1 7.03833
0 0 0 0 1 6.98734
0 0 0 0 0 7.05553
0 0 0 0 1 7.16723
0 0 0 0 1 7.05176
0 0 0 0 1 7.13554
0 0 0 0 1 7.21987
0 0 0 0 1 7.24713
0 0 0 0 1 7.20175
0 0 0 0 1 7.20717
0 0 0 0 0 7.35076
0 0 0 0 1 7.3053
0 0 0 0 1 7.39877
0 0 0 0 1 7.33856
0 0 0 0 1 7.38073
0 0 0 0 1 7.49768
0 0 0 0 1 7.45875
0 0 0 0 1 7.55421
0 0 0 0 1 7.53713
0 0 0 0 1 7.6487
0 0 0 0 1 7.63958
0 0 0 0 0 7.72165
0 0 0 0 1 7.73512
0 0 0 0 1 7.74852
0 0 0 0 1 7.77739
0 0 0 0 0 7.72054
0 0 0 0 1 7.82013
0 0 0 0 1 7.83343
0 0 0 0 0 7.88566
0 0 0 0 1 7.95458
0 0 0 0 0 8.05544
0 0 0 0 1 8.06117
0 0 0 0 0 8.1474
0 0 0 0 0 8.17749
0 0 0 0 1 8.09305
0 0 0 0 0 8.13088
0 0 0 0 1 8.21762
0 0 0 0 1 8.32984
0 0 0 0 1 8.34364
0 0 0 0 1 8.28143
0 0 0 0 1 8.46211
0 0 0 0 1 8.41608
0 0 0 0 0 8.53079
0 0 0 0 1 8.5951
0 0 0 0 1 8.50577
0 0 0 0 1 8.55265
0 0 0 0 1 8.65101
0 0 0 0 1 8.77715
0 0 0 0 0 8.842
0 0 0 0 0 8.75847
0 0 0 0 1 8.92087
0 0 0 0 1 8.95951
0 0 0 0 1 9.09719
0 0 0 0 1 8.99136
0 0 0 0 1 9.17644
0 0 0 0 1 9.19725
0 0 0 0 1 9.25469
0 0 0 0 0 9.27516
0 0 0 0 1 9.32449
0 0 0 0 1 9.34344
0 0 0 0 1 9.54291
0 0 0 0 1 9.57183
0 0 0 0 1 9.56206
0 0 0 0 0 9.72649
0 0 0 0 1 9.81347
0 0 0 0 1 9.77372
0 0 0 0 0 9.79179
0 0 0 0 1 9.97939
0 0 0 0 1 10.0761
0 0 0 0 1 9.99386
0 0 0 0 1 10.0397
0 0 0 0 1 10.1073
0 0 0 0 1 10.194
0 0 0 0 1 10.3949
0 0 0 0 0 10.3702
0 0 0 0 1 10.4685
0 0 0 0 1 10.6201
0 0 0 0 0 10.7285
0 0 0 0 1 10.7642
0 0 0 0 1 10.7433
0 0 0 0 1 10.8845
0 0 0 0 0 10.8971
0 0 0 0 1 11.1947
0 0 0 0 1 11.2142
0 0 0 0 1 11.3163
0 0 0 0 1 11.4367
0 0 0 0 0 11.363
0 0 0 0 1 11.6448
0 0 0 0 1 11.6153
0 0 0 0 1 11.8161
0 0 0 0 1 11.8201
0 0 0 0 1 11.9512
0 0 0 0 0 11.9864
0 0 0 0 1 12.109
0 0 0 0 1 12.3854
0 0 0 0 0 12.4293
0 0 0 0 0 12.4381
0 0 0 0 0 12.5517
0 0 0 0 1 12.6218
0 0 0 0 0 12.9669
0 0 0 0 1 13.0566
0 0 0 0 1 13.0144
0 0 0 0 1 13.2302
0 0 0 0 1 13.4387
0 0 0 0 0 13.5229
0 0 0 0 0 13.743
0 0 0 0 1 13.7256
0 0 0 0 1 14.11
0 0 0 0 0 13.9914
0 0 0 0 0 14.1478
0 0 0 0 1 14.5209
0 0 0 0 1 14.5488
0 0 0 0 1 14.731
0 0 0 0 0 14.8988
0 0 0 0 1 15.1877
0 0 0 0 1 15.4222
0 0 0 0 1 15.5713
0 0 0 0 1 15.6041
0 0 0 0 1 15.8806
0 0 0 0 1 16.1498
0 0 0 0 1 16.1642
0 0 0 0 1 16.3549
0 0 0 0 0 16.7954
0 0 0 0 1 16.8128
0 0 0 0 1 17.272
0 0 0 0 1 17.4157
0 0 0 0 1 17.6022
0 0 0 0 1 17.6722
0 0 0 0 0 15.4395
0 0 0 0 1 15.527
0 0 0 0 1 15.5376
0 0 0 0 1 15.2565
0 0 0 0 1 15.3752
0 0 0 0 1 15.1875
0 0 0 0 1 15.2912
0 0 0 0 1 15.1351
0 0 0 0 1 15.2392
0 0 0 0 1 15.1908
0 0 0 0 1 15.2951
0 0 0 0 1 15.1736
0 0 0 0 1 15.2173
0 0 0 0 1 15.322
0 0 0 0 1 15.0627
0 0 0 0 0 15.183
0 0 0 0 1 15.2579
0 0 0 0 1 15.1537
0 0 0 0 1 15.093
0 0 0 0 1 15.229
0 0 0 0 1 14.988
0 0 0 0 0 14.9606
0 0 0 0 1 14.9015
0 0 0 0 1 14.9029
0 0 0 0 1 14.9815
0 0 0 0 1 14.8783
0 0 0 0 1 15.1355
0 0 0 0 1 14.9747
0 0 0 0 1 14.9175
0 0 0 0 0 15.0702
0 0 0 0 1 15.0977
0 0 0 0 1 15.453
0 0 0 0 1 16.114
0 0 0 0 0 16.4394
0 0 0 0 1 16.889
0 0 0 0 1 17.409
0 0 0 0 1 17.8257
0 0 0 0 1 18.6732
0 0 0 0 1 19.1756
0 0 0 0 1 34.9289
0 0 0 0 1 35.4042
0 0 0 0 1 35.526
0 0 0 0 1 34.9801
0 0 0 0 1 35.1737
0 0 0 0 1 35.5097
0 0 0 0 1 35.4931
0 0 0 0 0 35.2322
0 0 0 0 1 35.429
0 0 0 0 1 34.8524
0 0 0 0 0 35.2964
0 0 0 0 1 35.0728
0 0 0 0 1 35.3421
0 0 0 0 1 37.1365
0 0 0 0 1 61.76
0 0 0 0 1 61.6188
0 0 0 0 1 61.9756
0 0 0 0 1 62.5197
0 0 0 0 1 62.0095
0 0 0 0 1 64.448
0 0 0 0 0 5.04006
0 0 0 0 0 4.99497
0 0 0 0 0 5.04006
0 0 0 0 0 5.04507
0 0 0 0 0 4.99998
0 0 0 0 0 4.96992
0 0 0 0 0 5.05509
0 0 0 0 0 4.9599
0 0 0 0 0 4.96992
0 0 0 0 0 5.00499
0 0 0 0 0 5.00499
0 0 0 0 0 4.97994
0 0 0 0 0 5.02503
0 0 0 0 0 5.00499
0 0 0 0 0 5.0601
0 0 0 0 0 4.97493
0 0 0 0 0 5.02503
0 0 0 0 0 5.02002
0 0 0 0 0 5.03505
0 0 0 0 0 5.02002
0 0 0 0 0 4.9599
0 0 0 0 0 5.01501
0 0 0 0 0 5.04006
0 0 0 0 0 4.9599
0 0 0 0 0 5.01501
0 0 0 0 0 4.99497
0 0 0 0 1 98.886
0 0 0 0 1 94.6372
0 0 0 0 0 88.8697
0 0 0 0 0 84.6827
0 0 0 0 0 81.2327
0 0 0 0 0 76.8461
0 0 0 0 1 73.5156
0 0 0 0 1 70.9692
0 0 0 0 1 68.137
0 0 0 0 1 65.068
0 0 0 0 1 62.538
0 0 0 0 1 61.2885
0 0 0 0 1 58.3049
0 0 0 0 1 57.1173
0 0 0 0 1 55.3886
0 0 0 0 0 52.6148
0 0 0 0 1 51.8002
0 0 0 0 1 49.8886
0 0 0 0 1 48.5276
0 0 0 0 1 47.3284
0 0 0 0 1 46.1914
0 0 0 0 1 44.5895
0 0 0 0 1 43.5825
0 0 0 0 0 42.9268
0 0 0 0 0 41.198
0 0 0 0 1 40.629
0 0 0 0 1 39.3771
0 0 0 0 0 38.3831
0 0 0 0 1 38.0969
0 0 0 0 1 37.2791
0 0 0 0 1 36.2108
0 0 0 0 1 35.2461
0 0 0 0 1 35.1412
0 0 0 0 1 34.3054
0 0 0 0 1 33.5819
0 0 0 0 0 33.0785
0 0 0 0 0 32.5356
0 0 0 0 1 31.8423
0 0 0 0 1 31.1513
0 0 0 0 0 30.7599
0 0 0 0 1 30.2534
0 0 0 0 1 29.5689
0 0 0 0 1 28.7649
0 0 0 0 1 28.782
0 0 0 0 1 28.3813
0 0 0 0 1 27.4631
0 0 0 0 1 27.3329
0 0 0 0 1 27.0694
0 0 0 0 1 26.6983
0 0 0 0 1 26.1187
0 0 0 0 0 25.8209
0 0 0 0 1 25.202
0 0 0 0 1 24.9745
0 0 0 0 1 24.6948
0 0 0 0 1 24.3841
0 0 0 0 1 24.1786
0 0 0 0 1 23.6396
0 0 0 0 1 23.4056
0 0 0 0 1 22.7883
0 0 0 0 1 22.8747
0 0 0 0 1 22.2752
0 0 0 0 1 22.2567
0 0 0 0 1 21.7541
0 0 0 0 1 21.6531
0 0 0 0 0 21.4326
0 0 0 0 0 20.998
0 0 0 0 1 20.9858
0 0 0 0 1 20.6178
0 0 0 0 1 20.292
0 0 0 0 1 20.1211
0 0 0 0 1 20.1076
0 0 0 0 1 19.6464
0 0 0 0 1 19.3458
0 0 0 0 1 19.2705
0 0 0 0 1 18.9724
0 0 0 0 1 19.0266
0 0 0 0 1 18.795
0 0 0 0 0 18.6665
0 0 0 0 0 18.3443
0 0 0 0 1 18.3708
0 0 0 0 1 18.1236
0 0 0 0 0 17.9046
0 0 0 0 1 17.6873
0 0 0 0 1 17.6288
0 0 0 0 0 17.2218
0 0 0 0 1 17.2665
0 0 0 0 1 17.0613
0 0 0 0 1 17.0261
0 0 0 0 1 16.8721
0 0 0 0 1 16.4953
0 0 0 0 1 16.5009
0 0 0 0 0 16.2435
0 0 0 0 1 16.0369
0 0 0 0 0 15.9775
0 0 0 0 1 15.9086
0 0 0 0 0 15.83
0 0 0 0 1 15.4801
0 0 0 0 1 15.5355
0 0 0 0 1 15.4277
0 0 0 0 1 15.1521
0 0 0 0 1 15.2513
0 0 0 0 1 15.0683
0 0 0 0 1 14.7972
0 0 0 0 1 14.6643
0 0 0 0 1 14.7584
0 0 0 0 1 14.6165
0 0 0 0 0 14.5852
0 0 0 0 1 14.309
0 0 0 0 0 14.4063
0 0 0 0 1 14.2178
0 0 0 0 1 14.1855
0 0 0 0 1 13.8538
0 0 0 0 1 13.7252
0 0 0 0 1 13.7433
0 0 0 0 1 13.6151
0 0 0 0 0 13.5586
0 0 0 0 1 13.5071
0 0 0 0 1 13.4285
0 0 0 0 1 13.2435
0 0 0 0 0 13.346
0 0 0 0 1 13.1573
0 0 0 0 0 13.0877
0 0 0 0 1 12.9014
0 0 0 0 1 12.9101
0 0 0 0 1 12.6953
0 0 0 0 0 12.7929
0 0 0 0 0 12.7492
0 0 0 0 1 12.638
0 0 0 0 1 12.5193
0 0 0 0 1 12.5295
0 0 0 0 1 12.469
0 0 0 0 1 12.1671
0 0 0 0 0 12.3038
0 0 0 0 1 12.2317
0 0 0 0 1 11.9866
0 0 0 0 0 12.0922
0 0 0 0 1 11.9253
0 0 0 0 1 11.9221
0 0 0 0 1 11.887
0 0 0 0 1 11.8713
0 0 0 0 1 11.5748
0 0 0 0 1 11.6531
0 0 0 0 1 11.6607
0 0 0 0 1 11.4262
0 0 0 0 1 11.5371
0 0 0 0 1 11.2707
0 0 0 0 1 11.3994
0 0 0 0 1 11.2446
0 0 0 0 1 11.2966
0 0 0 0 1 11.1209
0 0 0 0 1 11.0835
0 0 0 0 1 11.0867
0 0 0 0 1 10.9136
0 0 0 0 1 10.9279
0 0 0 0 1 10.8111
0 0 0 0 0 10.9012
0 0 0 0 1 10.7634
0 0 0 0 1 10.6911
0 0 0 0 1 10.6728
0 0 0 0 1 10.6862
0 0 0 0 1 10.5759
0 0 0 0 1 10.5365
0 0 0 0 0 10.5498
0 0 0 0 0 10.5418
0 0 0 0 0 10.3324
0 0 0 0 1 10.3043
0 0 0 0 1 10.2626
0 0 0 0 1 10.2108
0 0 0 0 0 10.3128
0 0 0 0 1 10.1079
0 0 0 0 1 10.0974
0 0 0 0 1 10.1679
0 0 0 0 0 10.0797
0 0 0 0 1 9.98887
0 0 0 0 1 9.9186
0 0 0 0 1 9.96815
0 0 0 0 1 9.83553
0 0 0 0 1 9.84532
0 0 0 0 1 9.75328
0 0 0 0 1 9.85134
0 0 0 0 0 9.72396
0 0 0 0 1 9.78226
0 0 0 0 1 9.77871
0 0 0 0 1 9.58521
0 0 0 0 1 9.58221
0 0 0 0 1 9.59834
0 0 0 0 1 9.61749
0 0 0 0 1 9.53808
0 0 0 0 1 9.52874
0 0 0 0 1 9.45954
0 0 0 0 1 9.43785
0 0 0 0 1 9.3444
0 0 0 0 1 9.30445
0 0 0 0 1 9.31133
0 0 0 0 1 9.30562
0 0 0 0 0 9.22301
0 0 0 0 1 9.18386
0 0 0 0 1 9.22774
0 0 0 0 0 9.17961
0 0 0 0 0 9.13178
0 0 0 0 0 9.19359
0 0 0 0 0 9.07335
0 0 0 0 1 8.99913
0 0 0 0 0 9.00661
0 0 0 0 1 9.04677
0 0 0 0 1 8.94638
0 0 0 0 1 8.91487
0 0 0 0 0 8.85118
0 0 0 0 1 8.81459
0 0 0 0 1 8.90238
0 0 0 0 1 8.84822
0 0 0 0 1 8.90567
0 0 0 0 1 8.77274
0 0 0 0 1 8.80716
0 0 0 0 1 8.71227
0 0 0 0 0 8.68573
0 0 0 0 1 8.74293
0 0 0 0 1 8.60377
0 0 0 0 0 8.61768
0 0 0 0 1 8.57463
0 0 0 0 0 8.51977
0 0 0 0 1 8.63179
0 0 0 0 0 8.61141
0 0 0 0 1 8.60321
0 0 0 0 1 8.48944
0 0 0 0 0 8.57164
0 0 0 0 1 8.48401
0 0 0 0 1 8.40528
0 0 0 0 0 8.41134
0 0 0 0 1 8.46312
0 0 0 0 1 8.45235
0 0 0 0 1 8.35796
0 0 0 0 1 8.38103
0 0 0 0 1 8.27901
0 0 0 0 1 8.35591
0 0 0 0 1 8.30438
0 0 0 0 1 8.20348
0 0 0 0 0 8.29757
0 0 0 0 0 8.27142
0 0 0 0 1 8.18786
0 0 0 0 1 8.17864
0 0 0 0 0 8.11218
0 0 0 0 0 8.13604
0 0 0 0 1 8.15172
0 0 0 0 1 8.15929
0 0 0 0 1 8.13441
0 0 0 0 1 8.0854
0 0 0 0 1 8.11762
0 0 0 0 1 7.99634
0 0 0 0 1 7.98044
0 0 0 0 1 8.09741
0 0 0 0 1 8.00924
0 0 0 0 0 8.00171
0 0 0 0 1 7.98631
0 0 0 0 1 7.99504
0 0 0 0 0 8.05548
0 0 0 0 1 7.88911
0 0 0 0 1 7.86651
0 0 0 0 1 7.99481
0 0 0 0 1 7.97234
0 0 0 0 1 7.88249
0 0 0 0 1 7.91576
0 0 0 0 1 7.80723
0 0 0 0 1 7.82845
0 0 0 0 1 7.80254
0 0 0 0 1 7.85189
0 0 0 0 1 7.76808
0 0 0 0 1 7.87231
0 0 0 0 1 7.84689
0 0 0 0 1 7.81062
0 0 0 0 0 7.81353
0 0 0 0 1 7.81968
0 0 0 0 1 7.7685
0 0 0 0 1 7.82914
