0 0 0 0 1 5.58617
0 0 0 0 1 5.512
0 0 0 0 1 5.5824
0 0 0 0 1 5.56638
0 0 0 0 1 5.53121
0 0 0 0 1 5.54076
0 0 0 0 1 5.59992
0 0 0 0 1 5.64339
0 0 0 0 1 5.58835
0 0 0 0 0 5.64897
0 0 0 0 1 5.59729
0 0 0 0 1 5.68656
0 0 0 0 1 5.62016
0 0 0 0 1 5.63636
0 0 0 0 0 5.63003
0 0 0 0 0 5.65424
0 0 0 0 1 5.69359
0 0 0 0 1 5.71609
0 0 0 0 0 5.69309
0 0 0 0 1 5.66828
0 0 0 0 1 5.69105
0 0 0 0 1 5.74268
0 0 0 0 1 5.76011
0 0 0 0 1 5.72586
0 0 0 0 1 5.82029
0 0 0 0 1 5.72837
0 0 0 0 1 5.82731
0 0 0 0 1 5.81065
0 0 0 0 1 5.86961
0 0 0 0 0 5.82397
0 0 0 0 1 5.86
0 0 0 0 1 5.86854
0 0 0 0 0 5.80683
0 0 0 0 1 5.84904
0 0 0 0 1 5.87385
0 0 0 0 1 5.84574
0 0 0 0 1 5.88852
0 0 0 0 0 5.91377
0 0 0 0 0 5.89763
0 0 0 0 0 5.91718
0 0 0 0 1 6.02042
0 0 0 0 1 6.03448
0 0 0 0 0 6.03793
0 0 0 0 1 6.02816
0 0 0 0 1 5.96422
0 0 0 0 1 6.01465
0 0 0 0 1 6.1126
0 0 0 0 0 6.06065
0 0 0 0 1 6.0328
0 0 0 0 1 6.12679
0 0 0 0 0 6.09294
0 0 0 0 1 6.09572
0 0 0 0 1 6.15892
0 0 0 0 0 6.12605
0 0 0 0 1 6.19075
0 0 0 0 1 6.23725
0 0 0 0 1 6.16614
0 0 0 0 0 6.28659
0 0 0 0 1 6.21525
0 0 0 0 1 6.21864
0 0 0 0 1 6.2839
0 0 0 0 1 6.34417
0 0 0 0 1 6.27858
0 0 0 0 0 6.26327
0 0 0 0 1 6.28595
0 0 0 0 1 6.35883
0 0 0 0 1 6.42022
0 0 0 0 1 6.45562
0 0 0 0 1 6.35713
0 0 0 0 0 6.43766
0 0 0 0 1 6.43544
0 0 0 0 1 6.54918
0 0 0 0 0 6.45622
0 0 0 0 1 6.54529
0 0 0 0 1 6.58909
0 0 0 0 1 6.52757
0 0 0 0 0 6.64995
0 0 0 0 1 6.5558
0 0 0 0 1 6.6459
0 0 0 0 1 6.60364
0 0 0 0 1 6.72123
0 0 0 0 1 6.6326
0 0 0 0 0 6.69113
0 0 0 0 1 6.709
0 0 0 0 1 6.80811
0 0 0 0 1 6.74505
0 0 0 0 1 6.86538
0 0 0 0 1 6.84299
0 0 0 0 1 6.88214
0 0 0 0 1 6.94909
0 0 0 0 1 6.98191
0 0 0 0 1 6.946
0 0 0 0 1 6.9163
0 0 0 0 1 7.05394
0 0 0 0 1 7.03132
0 0 0 0 0 6.99438
0 0 0 0 1 7.09795
0 0 0 0 1 7.16723
0 0 0 0 1 7.17285
0 0 0 0 1 7.09264
0 0 0 0 1 7.21269
0 0 0 0 1 7.18229
0 0 0 0 1 7.22346
0 0 0 0 1 7.33068
0 0 0 0 1 7.24126
0 0 0 0 1 7.37124
0 0 0 0 1 7.3546
0 0 0 0 1 7.39762
0 0 0 0 0 7.38073
0 0 0 0 1 7.46787
0 0 0 0 1 7.45875
0 0 0 0 0 7.50911
0 0 0 0 0 7.62775
0 0 0 0 1 7.66388
0 0 0 0 1 7.57102
0 0 0 0 1 7.59156
0 0 0 0 1 7.62747
0 0 0 0 1 7.77943
0 0 0 0 1 7.80843
0 0 0 0 1 7.85312
0 0 0 0 1 7.89841
0 0 0 0 1 7.88849
0 0 0 0 1 7.90148
0 0 0 0 1 7.95458
0 0 0 0 1 8.07142
0 0 0 0 1 7.98088
0 0 0 0 1 8.08287
0 0 0 0 0 8.14507
0 0 0 0 1 8.1664
0 0 0 0 1 8.27008
0 0 0 0 1 8.31643
0 0 0 0 1 8.32984
0 0 0 0 1 8.34364
0 0 0 0 0 8.39017
0 0 0 0 1 8.42846
0 0 0 0 1 8.37379
0 0 0 0 1 8.5393
0 0 0 0 1 8.50102
0 0 0 0 1 8.66042
0 0 0 0 0 8.61312
0 0 0 0 1 8.61624
0 0 0 0 1 8.77715
0 0 0 0 1 8.81561
0 0 0 0 1 8.85569
0 0 0 0 1 8.96534
0 0 0 0 1 8.90581
0 0 0 0 1 8.91705
0 0 0 0 1 9.10012
0 0 0 0 1 9.09443
0 0 0 0 1 9.07805
0 0 0 0 1 9.1901
0 0 0 0 1 9.33087
0 0 0 0 1 9.28715
0 0 0 0 1 9.35284
0 0 0 0 1 9.54291
0 0 0 0 1 9.49563
0 0 0 0 1 9.64838
0 0 0 0 1 9.74579
0 0 0 0 1 9.63858
0 0 0 0 1 9.81286
0 0 0 0 0 9.79179
0 0 0 0 1 9.81092
0 0 0 0 1 10.0761
0 0 0 0 1 10.1246
0 0 0 0 1 10.2017
0 0 0 0 0 10.0972
0 0 0 0 1 10.379
0 0 0 0 1 10.2603
0 0 0 0 0 10.4848
0 0 0 0 1 10.563
0 0 0 0 0 10.5355
0 0 0 0 1 10.7498
0 0 0 0 1 10.7642
0 0 0 0 1 10.7757
0 0 0 0 1 10.9063
0 0 0 0 1 10.9191
0 0 0 0 0 11.1836
0 0 0 0 1 11.2365
0 0 0 0 1 11.2713
0 0 0 0 0 11.2437
0 0 0 0 0 11.5692
0 0 0 0 0 11.5061
0 0 0 0 1 11.6386
0 0 0 0 1 11.722
0 0 0 0 1 11.7727
0 0 0 0 0 12.0828
0 0 0 0 1 12.1795
0 0 0 0 1 12.2307
0 0 0 0 1 12.2748
0 0 0 0 1 12.4542
0 0 0 0 1 12.4381
0 0 0 0 0 12.6655
0 0 0 0 1 12.7238
0 0 0 0 1 12.7995
0 0 0 0 1 12.8875
0 0 0 0 0 13.1457
0 0 0 0 1 13.3364
0 0 0 0 0 13.5057
0 0 0 0 1 13.55
0 0 0 0 0 13.5653
0 0 0 0 1 13.9606
0 0 0 0 1 14.0541
0 0 0 0 1 14.0197
0 0 0 0 0 14.3619
0 0 0 0 0 14.3621
0 0 0 0 1 14.578
0 0 0 0 1 14.8933
0 0 0 0 1 14.7943
0 0 0 0 1 14.9915
0 0 0 0 1 15.2235
0 0 0 0 1 15.4785
0 0 0 0 1 15.5415
0 0 0 0 0 15.9915
0 0 0 0 0 15.9574
0 0 0 0 0 16.3104
0 0 0 0 1 16.5688
0 0 0 0 0 16.7787
0 0 0 0 1 14.1434
0 0 0 0 0 14.1218
0 0 0 0 1 14.2878
0 0 0 0 1 14.1703
0 0 0 0 0 14.0505
0 0 0 0 1 13.9764
0 0 0 0 0 14.1396
0 0 0 0 0 13.9534
0 0 0 0 1 14.0463
0 0 0 0 0 13.9174
0 0 0 0 1 14.0414
0 0 0 0 1 14.0505
0 0 0 0 1 13.9226
0 0 0 0 1 13.8931
0 0 0 0 0 13.8612
0 0 0 0 1 13.9578
0 0 0 0 1 14.0125
0 0 0 0 1 14.0534
0 0 0 0 1 13.9531
0 0 0 0 0 13.8001
0 0 0 0 1 13.8556
0 0 0 0 1 13.745
0 0 0 0 0 13.7987
0 0 0 0 1 13.8686
0 0 0 0 1 13.7176
0 0 0 0 1 13.7603
0 0 0 0 0 13.7618
0 0 0 0 1 13.9012
0 0 0 0 0 13.669
0 0 0 0 1 13.8069
0 0 0 0 0 13.823
0 0 0 0 1 13.7373
0 0 0 0 1 14.015
0 0 0 0 1 14.4733
0 0 0 0 1 14.9424
0 0 0 0 1 15.0369
0 0 0 0 1 15.6557
0 0 0 0 0 16.082
0 0 0 0 0 16.4888
0 0 0 0 1 17.0077
0 0 0 0 1 17.3915
0 0 0 0 1 18.0418
0 0 0 0 0 34.1629
0 0 0 0 1 33.7004
0 0 0 0 1 34.3618
0 0 0 0 1 33.969
0 0 0 0 1 33.9171
0 0 0 0 1 34.1376
0 0 0 0 0 34.122
0 0 0 0 0 34.2416
0 0 0 0 1 33.7512
0 0 0 0 1 33.8722
0 0 0 0 0 33.7904
0 0 0 0 0 34.1836
0 0 0 0 1 33.6289
0 0 0 0 1 33.5838
0 0 0 0 1 35.1317
0 0 0 0 1 37.397
0 0 0 0 1 68.9549
0 0 0 0 1 68.5919
0 0 0 0 1 68.5743
0 0 0 0 0 68.2142
0 0 0 0 1 68.6805
0 0 0 0 1 69.2854
0 0 0 0 0 72.1816
0 0 0 0 0 4.96491
0 0 0 0 0 5.00499
0 0 0 0 0 4.98996
0 0 0 0 0 5.04507
0 0 0 0 0 5.05509
0 0 0 0 0 5.02002
0 0 0 0 0 5.05008
0 0 0 0 0 5.02503
0 0 0 0 0 4.99998
0 0 0 0 0 4.96992
0 0 0 0 0 4.98996
0 0 0 0 0 4.98495
0 0 0 0 0 5.05509
0 0 0 0 0 5.03004
0 0 0 0 0 5.00499
0 0 0 0 0 4.97493
0 0 0 0 0 5.00499
0 0 0 0 0 5.04006
0 0 0 0 0 5.01501
0 0 0 0 0 4.9599
0 0 0 0 0 5.00499
0 0 0 0 0 5.01501
0 0 0 0 0 4.96992
0 0 0 0 0 5.04507
0 0 0 0 0 4.97493
0 0 0 0 1 99.4847
0 0 0 0 1 93.6003
0 0 0 0 1 89.1376
0 0 0 0 0 84.1736
0 0 0 0 0 80.9094
0 0 0 0 1 77.4633
0 0 0 0 1 73.4418
0 0 0 0 1 70.4032
0 0 0 0 1 67.5935
0 0 0 0 1 64.9373
0 0 0 0 1 62.3493
0 0 0 0 1 60.3176
0 0 0 0 1 58.4221
0 0 0 0 1 56.7773
0 0 0 0 1 54.895
0 0 0 0 1 53.4652
0 0 0 0 1 51.5941
0 0 0 0 1 49.9887
0 0 0 0 1 48.5762
0 0 0 0 1 47.7066
0 0 0 0 0 46.2374
0 0 0 0 0 44.4998
0 0 0 0 1 43.2768
0 0 0 0 1 42.6713
0 0 0 0 1 41.4474
0 0 0 0 0 40.629
0 0 0 0 1 40.0512
0 0 0 0 1 38.3831
0 0 0 0 1 37.5661
0 0 0 0 0 37.0565
0 0 0 0 0 36.2108
0 0 0 0 1 35.5307
0 0 0 0 1 34.5834
0 0 0 0 1 34.4762
0 0 0 0 1 33.649
0 0 0 0 1 33.21
0 0 0 0 0 32.5033
0 0 0 0 0 31.5255
0 0 0 0 1 30.9957
0 0 0 0 1 30.393
0 0 0 0 1 29.8027
0 0 0 0 1 29.7756
0 0 0 0 1 28.9102
0 0 0 0 1 28.8391
0 0 0 0 1 27.9594
0 0 0 0 1 27.7676
0 0 0 0 1 27.4964
0 0 0 0 0 26.8816
0 0 0 0 1 26.2225
0 0 0 0 1 25.9625
0 0 0 0 1 25.6925
0 0 0 0 1 25.2526
0 0 0 0 1 25.0993
0 0 0 0 1 24.6456
0 0 0 0 0 24.2386
0 0 0 0 1 23.8434
0 0 0 0 0 23.4507
0 0 0 0 1 23.4988
0 0 0 0 1 22.8804
0 0 0 0 0 22.9428
0 0 0 0 1 22.4771
0 0 0 0 0 22.1015
0 0 0 0 0 22.0386
0 0 0 0 0 21.4152
0 0 0 0 1 21.3899
0 0 0 0 0 20.9769
0 0 0 0 1 20.8188
0 0 0 0 1 20.6178
0 0 0 0 1 20.4962
0 0 0 0 1 20.0808
0 0 0 0 0 19.9878
0 0 0 0 1 19.6069
0 0 0 0 1 19.424
0 0 0 0 1 19.5218
0 0 0 0 1 18.9533
0 0 0 0 1 18.894
0 0 0 0 1 18.6076
0 0 0 0 1 18.4809
0 0 0 0 0 18.5279
0 0 0 0 1 18.1162
0 0 0 0 0 17.8713
0 0 0 0 1 17.6728
0 0 0 0 0 17.4929
0 0 0 0 1 17.6638
0 0 0 0 0 17.2218
0 0 0 0 1 17.2321
0 0 0 0 1 16.9251
0 0 0 0 0 17.043
0 0 0 0 1 16.8052
0 0 0 0 1 16.4788
0 0 0 0 1 16.468
0 0 0 0 1 16.3902
0 0 0 0 0 16.2146
0 0 0 0 1 16.1699
0 0 0 0 1 15.9086
0 0 0 0 1 15.7039
0 0 0 0 1 15.6521
0 0 0 0 1 15.396
0 0 0 0 1 15.4431
0 0 0 0 1 15.1216
0 0 0 0 1 15.221
0 0 0 0 1 15.1134
0 0 0 0 1 14.827
0 0 0 0 1 14.7679
0 0 0 0 1 14.6262
0 0 0 0 1 14.4999
0 0 0 0 1 14.3971
0 0 0 0 1 14.3808
0 0 0 0 0 14.1781
0 0 0 0 1 14.1187
0 0 0 0 0 14.1011
0 0 0 0 0 13.9096
0 0 0 0 1 13.7529
0 0 0 0 1 13.8259
0 0 0 0 0 13.6561
0 0 0 0 1 13.5178
0 0 0 0 1 13.4666
0 0 0 0 1 13.3213
0 0 0 0 1 13.2036
0 0 0 0 1 13.1741
0 0 0 0 1 13.0522
0 0 0 0 1 13.0877
0 0 0 0 1 13.0571
0 0 0 0 1 12.8585
0 0 0 0 1 12.7979
0 0 0 0 1 12.7292
0 0 0 0 1 12.7239
0 0 0 0 1 12.5373
0 0 0 0 1 12.4443
0 0 0 0 1 12.4797
0 0 0 0 1 12.469
0 0 0 0 1 12.3515
0 0 0 0 1 12.206
0 0 0 0 1 12.0252
0 0 0 0 1 12.1195
0 0 0 0 0 11.972
0 0 0 0 1 11.8656
0 0 0 0 1 11.8984
0 0 0 0 0 11.7925
0 0 0 0 1 11.6598
0 0 0 0 0 11.7268
0 0 0 0 1 11.5251
0 0 0 0 1 11.4525
0 0 0 0 0 11.5527
0 0 0 0 1 11.4913
0 0 0 0 1 11.2707
0 0 0 0 1 11.422
0 0 0 0 1 11.301
0 0 0 0 1 11.162
0 0 0 0 1 11.0874
0 0 0 0 1 11.0946
0 0 0 0 0 10.9872
0 0 0 0 1 11.0236
0 0 0 0 1 10.8622
0 0 0 0 1 10.9964
0 0 0 0 1 10.7818
0 0 0 0 1 10.731
0 0 0 0 1 10.7556
0 0 0 0 1 10.7155
0 0 0 0 0 10.5798
0 0 0 0 1 10.5759
0 0 0 0 0 10.5999
0 0 0 0 1 10.4867
0 0 0 0 1 10.4686
0 0 0 0 0 10.322
0 0 0 0 0 10.4287
0 0 0 0 0 10.2213
0 0 0 0 0 10.3136
0 0 0 0 1 10.2206
0 0 0 0 0 10.2303
0 0 0 0 1 10.0974
0 0 0 0 1 10.1679
0 0 0 0 1 9.97902
0 0 0 0 1 9.93872
0 0 0 0 1 9.93858
0 0 0 0 1 9.84877
0 0 0 0 1 9.99417
0 0 0 0 1 9.8157
0 0 0 0 1 9.90091
0 0 0 0 1 9.83174
0 0 0 0 1 9.70444
0 0 0 0 1 9.65585
0 0 0 0 1 9.70118
0 0 0 0 1 9.66243
0 0 0 0 1 9.65917
0 0 0 0 1 9.5504
0 0 0 0 1 9.51243
0 0 0 0 1 9.52856
0 0 0 0 1 9.41496
0 0 0 0 0 9.38394
0 0 0 0 1 9.44726
0 0 0 0 0 9.47574
0 0 0 0 1 9.37926
0 0 0 0 1 9.33929
0 0 0 0 1 9.37999
0 0 0 0 0 9.23227
0 0 0 0 1 9.31308
0 0 0 0 1 9.19094
0 0 0 0 1 9.07874
0 0 0 0 1 9.20491
0 0 0 0 1 9.16626
0 0 0 0 1 9.06426
0 0 0 0 1 8.96292
0 0 0 0 1 9.03369
0 0 0 0 1 8.97476
0 0 0 0 1 8.95536
0 0 0 0 1 8.99543
0 0 0 0 1 8.96717
0 0 0 0 1 8.85906
0 0 0 0 1 8.85804
0 0 0 0 0 8.75982
0 0 0 0 1 8.84395
0 0 0 0 1 8.77274
0 0 0 0 1 8.74582
0 0 0 0 1 8.67728
0 0 0 0 1 8.74677
0 0 0 0 1 8.71684
0 0 0 0 1 8.75122
0 0 0 0 1 8.59172
0 0 0 0 0 8.64364
0 0 0 0 0 8.64025
0 0 0 0 0 8.60605
0 0 0 0 1 8.51725
0 0 0 0 1 8.49225
0 0 0 0 1 8.60014
0 0 0 0 1 8.41024
0 0 0 0 1 8.49248
0 0 0 0 0 8.53212
0 0 0 0 0 8.39446
0 0 0 0 0 8.4547
0 0 0 0 1 8.41039
0 0 0 0 0 8.45008
0 0 0 0 1 8.43117
0 0 0 0 1 8.36238
0 0 0 0 0 8.33928
0 0 0 0 1 8.28779
0 0 0 0 0 8.29454
0 0 0 0 1 8.33889
0 0 0 0 1 8.3044
0 0 0 0 1 8.30306
0 0 0 0 1 8.2197
0 0 0 0 1 8.21051
0 0 0 0 1 8.09516
0 0 0 0 1 8.1354
0 0 0 0 1 8.22443
0 0 0 0 1 8.15066
0 0 0 0 1 8.11784
0 0 0 0 1 8.10143
0 0 0 0 0 8.10134
0 0 0 0 1 8.14166
0 0 0 0 1 8.12155
0 0 0 0 1 8.00924
0 0 0 0 1 7.97765
0 0 0 0 1 7.92229
0 0 0 0 0 7.93913
0 0 0 0 1 7.95977
0 0 0 0 1 7.92096
0 0 0 0 1 7.96187
0 0 0 0 0 7.93929
0 0 0 0 1 7.86942
0 0 0 0 0 7.93784
0 0 0 0 1 7.93155
0 0 0 0 1 7.94904
0 0 0 0 0 7.80485
0 0 0 0 1 7.83397
0 0 0 0 1 7.91464
0 0 0 0 1 7.89337
0 0 0 0 0 7.79413
0 0 0 0 1 7.82346
0 0 0 0 1 7.78724
0 0 0 0 1 7.85244
0 0 0 0 0 7.85077
0 0 0 0 1 7.79178
0 0 0 0 1 7.72062
