0 0 0 0 1 5.54179
0 0 0 0 0 5.562
0 0 0 0 1 5.53787
0 0 0 0 1 5.5608
0 0 0 0 0 5.55912
0 0 0 0 1 5.6414
0 0 0 0 1 5.56076
0 0 0 0 1 5.55372
0 0 0 0 1 5.57713
0 0 0 0 1 5.66583
0 0 0 0 1 5.63671
0 0 0 0 1 5.64707
0 0 0 0 1 5.671
0 0 0 0 1 5.6307
0 0 0 0 1 5.72641
0 0 0 0 1 5.72236
0 0 0 0 1 5.64808
0 0 0 0 1 5.71039
0 0 0 0 0 5.69309
0 0 0 0 0 5.73685
0 0 0 0 1 5.66815
0 0 0 0 0 5.69105
0 0 0 0 1 5.76586
0 0 0 0 1 5.81227
0 0 0 0 1 5.81452
0 0 0 0 0 5.73994
0 0 0 0 1 5.80993
0 0 0 0 0 5.78743
0 0 0 0 1 5.84635
0 0 0 0 0 5.7715
0 0 0 0 1 5.84832
0 0 0 0 0 5.81589
0 0 0 0 0 5.883
0 0 0 0 1 5.91364
0 0 0 0 1 5.86796
0 0 0 0 1 5.86934
0 0 0 0 1 5.85304
0 0 0 0 1 5.90785
0 0 0 0 1 5.98671
0 0 0 0 0 5.89932
0 0 0 0 1 5.93688
0 0 0 0 1 6.0285
0 0 0 0 0 5.94209
0 0 0 0 0 6.06418
0 0 0 0 1 6.07255
0 0 0 0 1 6.07498
0 0 0 0 1 6.04603
0 0 0 0 1 6.12131
0 0 0 0 1 6.06321
0 0 0 0 1 6.05973
0 0 0 0 1 6.09294
0 0 0 0 1 6.15086
0 0 0 0 1 6.1958
0 0 0 0 1 6.09527
0 0 0 0 1 6.15989
0 0 0 0 1 6.14443
0 0 0 0 1 6.16614
0 0 0 0 1 6.21812
0 0 0 0 0 6.20901
0 0 0 0 0 6.26869
0 0 0 0 1 6.25879
0 0 0 0 0 6.3127
0 0 0 0 1 6.28489
0 0 0 0 1 6.26959
0 0 0 0 1 6.40647
0 0 0 0 0 6.42885
0 0 0 0 0 6.37555
0 0 0 0 1 6.4236
0 0 0 0 1 6.43419
0 0 0 0 1 6.46344
0 0 0 0 1 6.5259
0 0 0 0 1 6.51027
0 0 0 0 1 6.45622
0 0 0 0 1 6.55181
0 0 0 0 0 6.47796
0 0 0 0 1 6.61942
0 0 0 0 1 6.61703
0 0 0 0 1 6.58221
0 0 0 0 1 6.67903
0 0 0 0 1 6.63689
0 0 0 0 1 6.68118
0 0 0 0 0 6.65268
0 0 0 0 1 6.69784
0 0 0 0 1 6.67532
0 0 0 0 1 6.7067
0 0 0 0 1 6.76541
0 0 0 0 1 6.76321
0 0 0 0 1 6.84299
0 0 0 0 1 6.84097
0 0 0 0 1 6.90088
0 0 0 0 1 6.95426
0 0 0 0 1 6.91134
0 0 0 0 1 6.9163
0 0 0 0 1 6.9422
0 0 0 0 1 6.99626
0 0 0 0 1 6.98734
0 0 0 0 0 7.01311
0 0 0 0 1 7.04659
0 0 0 0 1 7.08025
0 0 0 0 1 7.21419
0 0 0 0 0 7.11222
0 0 0 0 1 7.26874
0 0 0 0 1 7.18003
0 0 0 0 0 7.31615
0 0 0 0 0 7.34346
0 0 0 0 1 7.3859
0 0 0 0 1 7.29571
0 0 0 0 1 7.42716
0 0 0 0 1 7.40299
0 0 0 0 1 7.40824
0 0 0 0 1 7.49615
0 0 0 0 1 7.56173
0 0 0 0 1 7.49181
0 0 0 0 1 7.52729
0 0 0 0 1 7.55579
0 0 0 0 0 7.69104
0 0 0 0 1 7.71205
0 0 0 0 1 7.7099
0 0 0 0 1 7.81619
0 0 0 0 0 7.84532
0 0 0 0 1 7.77317
0 0 0 0 1 7.87276
0 0 0 0 1 7.85403
0 0 0 0 1 7.97842
0 0 0 0 1 8.04745
0 0 0 0 1 8.07723
0 0 0 0 1 8.13933
0 0 0 0 0 8.08834
0 0 0 0 1 8.1175
0 0 0 0 1 8.10632
0 0 0 0 1 8.20939
0 0 0 0 1 8.20564
0 0 0 0 1 8.39355
0 0 0 0 1 8.35671
0 0 0 0 0 8.33594
0 0 0 0 1 8.40762
0 0 0 0 1 8.45424
0 0 0 0 0 8.62931
0 0 0 0 0 8.56591
0 0 0 0 1 8.64768
0 0 0 0 1 8.63363
0 0 0 0 1 8.67224
0 0 0 0 0 8.73643
0 0 0 0 0 8.82034
0 0 0 0 1 8.92977
0 0 0 0 1 8.87895
0 0 0 0 1 9.02513
0 0 0 0 1 9.15451
0 0 0 0 0 9.10354
0 0 0 0 0 9.13306
0 0 0 0 0 9.18087
0 0 0 0 1 9.21017
0 0 0 0 1 9.25915
0 0 0 0 1 9.40924
0 0 0 0 0 9.37267
0 0 0 0 0 9.53373
0 0 0 0 1 9.60043
0 0 0 0 0 9.58176
0 0 0 0 1 9.69687
0 0 0 0 1 9.81286
0 0 0 0 1 9.91985
0 0 0 0 1 9.9893
0 0 0 0 1 9.91634
0 0 0 0 1 10.1547
0 0 0 0 1 10.1916
0 0 0 0 1 10.2909
0 0 0 0 0 10.2967
0 0 0 0 1 10.3949
0 0 0 0 1 10.4015
0 0 0 0 1 10.4055
0 0 0 0 1 10.5249
0 0 0 0 1 10.6752
0 0 0 0 1 10.7535
0 0 0 0 1 10.8624
0 0 0 0 0 10.8299
0 0 0 0 1 11.0071
0 0 0 0 1 11.0617
0 0 0 0 1 11.1583
0 0 0 0 0 11.3613
0 0 0 0 0 11.4481
0 0 0 0 1 11.4776
0 0 0 0 0 11.5986
0 0 0 0 1 11.7318
0 0 0 0 1 11.8396
0 0 0 0 0 11.7727
0 0 0 0 1 12.0469
0 0 0 0 1 11.9864
0 0 0 0 1 12.0847
0 0 0 0 0 12.2256
0 0 0 0 1 12.479
0 0 0 0 1 12.388
0 0 0 0 1 12.6023
0 0 0 0 1 12.6983
0 0 0 0 1 12.851
0 0 0 0 1 13.0436
0 0 0 0 1 13.2114
0 0 0 0 1 13.3098
0 0 0 0 1 13.4253
0 0 0 0 0 13.4146
0 0 0 0 1 13.743
0 0 0 0 1 13.6841
0 0 0 0 1 13.9843
0 0 0 0 1 14.0338
0 0 0 0 1 14.3905
0 0 0 0 1 14.5642
0 0 0 0 1 14.5196
0 0 0 0 1 14.7015
0 0 0 0 0 14.9585
0 0 0 0 0 15.1726
0 0 0 0 1 15.2999
0 0 0 0 1 15.6022
0 0 0 0 0 15.8076
0 0 0 0 0 15.8331
0 0 0 0 1 16.1498
0 0 0 0 1 16.1642
0 0 0 0 1 16.4207
0 0 0 0 0 16.5621
0 0 0 0 1 16.931
0 0 0 0 0 17.1521
0 0 0 0 1 17.4677
0 0 0 0 1 17.4966
0 0 0 0 1 17.9754
0 0 0 0 1 18.0003
0 0 0 0 1 18.294
0 0 0 0 0 18.4498
0 0 0 0 1 18.9523
0 0 0 0 0 19.0879
0 0 0 0 1 19.4625
0 0 0 0 1 19.7308
0 0 0 0 1 19.9676
0 0 0 0 1 18.6714
0 0 0 0 0 18.502
0 0 0 0 1 18.5723
0 0 0 0 1 18.4782
0 0 0 0 0 18.6814
0 0 0 0 1 18.6412
0 0 0 0 1 18.6222
0 0 0 0 1 18.5296
0 0 0 0 1 18.3451
0 0 0 0 1 18.3437
0 0 0 0 1 18.4738
0 0 0 0 1 18.3461
0 0 0 0 1 18.3457
0 0 0 0 1 18.4028
0 0 0 0 1 18.4051
0 0 0 0 0 18.169
0 0 0 0 1 18.1904
0 0 0 0 1 18.4136
0 0 0 0 1 18.1242
0 0 0 0 1 18.4557
0 0 0 0 1 18.1308
0 0 0 0 1 18.3181
0 0 0 0 1 18.3047
0 0 0 0 1 18.3099
0 0 0 0 1 18.3336
0 0 0 0 0 18.5397
0 0 0 0 1 19.1588
0 0 0 0 0 19.7732
0 0 0 0 1 20.1457
0 0 0 0 1 20.9101
0 0 0 0 1 21.4293
0 0 0 0 1 41.7696
0 0 0 0 1 42.9401
0 0 0 0 0 44.6124
0 0 0 0 0 46.8874
0 0 0 0 1 48.2677
0 0 0 0 1 43.415
0 0 0 0 1 43.3954
0 0 0 0 1 42.9051
0 0 0 0 1 42.5439
0 0 0 0 1 43.2995
0 0 0 0 1 42.554
0 0 0 0 1 43.182
0 0 0 0 0 42.7824
0 0 0 0 1 42.6402
0 0 0 0 1 43.013
0 0 0 0 1 42.7439
0 0 0 0 0 44.771
0 0 0 0 0 4.96491
0 0 0 0 0 4.99998
0 0 0 0 0 5.03004
0 0 0 0 1 24.3916
0 0 0 0 0 22.5859
0 0 0 0 1 22.6426
0 0 0 0 1 22.4702
0 0 0 0 1 22.4778
0 0 0 0 1 22.4185
0 0 0 0 1 22.5293
0 0 0 0 1 22.6057
0 0 0 0 0 22.3903
0 0 0 0 1 22.5125
0 0 0 0 1 22.3877
0 0 0 0 1 22.6685
0 0 0 0 1 22.5344
0 0 0 0 1 22.681
0 0 0 0 1 22.6029
0 0 0 0 1 22.4801
0 0 0 0 1 22.4703
0 0 0 0 1 22.461
0 0 0 0 0 22.7457
0 0 0 0 1 22.6465
0 0 0 0 1 22.4928
0 0 0 0 0 22.4398
0 0 0 0 0 5.03505
0 0 0 0 0 5.04006
0 0 0 0 0 5.05008
0 0 0 0 0 5.02503
0 0 0 0 1 100.582
0 0 0 0 1 94.8257
0 0 0 0 1 88.7804
0 0 0 0 1 85.0221
0 0 0 0 1 80.5052
0 0 0 0 0 77.6948
0 0 0 0 1 73.4418
0 0 0 0 1 70.6155
0 0 0 0 0 68.5445
0 0 0 0 1 65.46
0 0 0 0 1 62.4751
0 0 0 0 1 61.0458
0 0 0 0 1 58.0119
0 0 0 0 1 56.0973
0 0 0 0 0 55.2789
0 0 0 0 0 53.5183
0 0 0 0 0 51.491
0 0 0 0 1 50.389
0 0 0 0 1 48.7221
0 0 0 0 1 47.092
0 0 0 0 0 45.8694
0 0 0 0 1 45.2617
0 0 0 0 1 43.5388
0 0 0 0 0 42.8842
0 0 0 0 1 41.2811
0 0 0 0 1 40.5478
0 0 0 0 0 39.8133
0 0 0 0 1 38.8871
0 0 0 0 1 37.7557
0 0 0 0 1 37.242
0 0 0 0 1 36.574
0 0 0 0 1 35.2106
0 0 0 0 1 35.2109
0 0 0 0 1 34.2371
0 0 0 0 1 33.6154
0 0 0 0 0 33.0127
0 0 0 0 1 32.116
0 0 0 0 1 31.6205
0 0 0 0 1 31.3691
0 0 0 0 1 30.3013
0 0 0 0 1 29.8628
0 0 0 0 1 29.7461
0 0 0 0 1 29.0264
0 0 0 0 0 28.3818
0 0 0 0 1 27.9594
0 0 0 0 1 27.823
0 0 0 0 1 27.1149
0 0 0 0 1 26.9084
0 0 0 0 1 26.4604
0 0 0 0 0 26.1968
0 0 0 0 1 25.8465
0 0 0 0 0 25.3791
0 0 0 0 1 24.7749
0 0 0 0 0 24.5718
0 0 0 0 0 24.2143
0 0 0 0 1 23.7956
0 0 0 0 1 23.4743
0 0 0 0 0 23.5221
0 0 0 0 1 23.0646
0 0 0 0 1 22.6703
0 0 0 0 1 22.3201
0 0 0 0 1 22.0129
0 0 0 0 0 22.0605
0 0 0 0 0 21.7396
0 0 0 0 1 21.219
0 0 0 0 1 21.2938
0 0 0 0 1 21.0276
0 0 0 0 1 20.8448
0 0 0 0 1 20.2716
0 0 0 0 1 20.3028
0 0 0 0 1 19.8281
0 0 0 0 1 19.6069
0 0 0 0 1 19.5999
0 0 0 0 0 19.4445
0 0 0 0 1 19.2019
0 0 0 0 1 19.0076
0 0 0 0 1 18.8324
0 0 0 0 1 18.6665
0 0 0 0 1 18.4361
0 0 0 0 1 18.1343
0 0 0 0 1 18.0875
0 0 0 0 1 17.9759
0 0 0 0 1 17.8286
0 0 0 0 1 17.6813
0 0 0 0 1 17.2218
0 0 0 0 1 17.0947
0 0 0 0 1 16.9421
0 0 0 0 1 16.908
0 0 0 0 1 16.5878
0 0 0 0 0 16.4124
0 0 0 0 1 16.5009
0 0 0 0 1 16.3739
0 0 0 0 1 16.2953
0 0 0 0 1 15.9775
0 0 0 0 1 15.7814
0 0 0 0 1 15.7985
0 0 0 0 0 15.7772
0 0 0 0 1 15.644
0 0 0 0 1 15.2585
0 0 0 0 1 15.1674
0 0 0 0 1 15.1605
0 0 0 0 1 15.1134
0 0 0 0 1 14.976
0 0 0 0 1 14.6791
0 0 0 0 0 14.5822
0 0 0 0 1 14.5291
0 0 0 0 1 14.5418
0 0 0 0 1 14.3808
0 0 0 0 1 14.3492
0 0 0 0 1 14.0904
0 0 0 0 1 13.9183
0 0 0 0 1 13.8957
0 0 0 0 1 13.7252
0 0 0 0 0 13.8122
0 0 0 0 1 13.5877
0 0 0 0 1 13.5178
0 0 0 0 1 13.5745
0 0 0 0 1 13.4285
0 0 0 0 0 13.4298
0 0 0 0 0 13.2534
0 0 0 0 1 13.223
0 0 0 0 1 13.0877
0 0 0 0 1 12.8754
0 0 0 0 0 12.8714
0 0 0 0 1 12.8363
0 0 0 0 1 12.6272
0 0 0 0 1 12.7619
0 0 0 0 0 12.4743
0 0 0 0 0 12.4818
0 0 0 0 1 12.4921
0 0 0 0 0 12.3577
0 0 0 0 1 12.2409
0 0 0 0 1 12.2304
0 0 0 0 0 12.0981
0 0 0 0 1 12.1437
0 0 0 0 0 12.1403
0 0 0 0 1 11.9253
0 0 0 0 1 11.9578
0 0 0 0 1 11.7688
0 0 0 0 0 11.695
0 0 0 0 1 11.6215
0 0 0 0 0 11.6414
0 0 0 0 1 11.5913
0 0 0 0 1 11.4492
0 0 0 0 1 11.5142
0 0 0 0 0 11.3732
0 0 0 0 1 11.3994
0 0 0 0 1 11.3461
0 0 0 0 0 11.1732
0 0 0 0 1 11.2549
0 0 0 0 1 11.0835
0 0 0 0 0 10.943
0 0 0 0 1 11.0456
0 0 0 0 1 10.9608
0 0 0 0 1 10.9746
0 0 0 0 1 10.8686
0 0 0 0 1 10.8282
0 0 0 0 0 10.6374
0 0 0 0 1 10.5872
0 0 0 0 1 10.7288
0 0 0 0 1 10.5971
0 0 0 0 1 10.5893
0 0 0 0 1 10.4342
0 0 0 0 1 10.5104
0 0 0 0 0 10.4991
0 0 0 0 1 10.4495
0 0 0 0 1 10.3762
0 0 0 0 1 10.1902
0 0 0 0 0 10.323
0 0 0 0 1 10.1487
0 0 0 0 1 10.0771
0 0 0 0 1 10.1376
0 0 0 0 1 10.1603
0 0 0 0 1 10.1293
0 0 0 0 0 10.0684
0 0 0 0 1 9.91841
0 0 0 0 1 9.90493
0 0 0 0 0 9.84532
0 0 0 0 1 9.87138
0 0 0 0 0 9.79253
0 0 0 0 0 9.86065
0 0 0 0 1 9.70447
0 0 0 0 1 9.71087
0 0 0 0 1 9.57556
0 0 0 0 1 9.70728
0 0 0 0 1 9.6367
0 0 0 0 1 9.61749
0 0 0 0 0 9.52856
0 0 0 0 1 9.51926
0 0 0 0 1 9.51624
0 0 0 0 1 9.50378
0 0 0 0 1 9.36316
0 0 0 0 1 9.41666
0 0 0 0 0 9.26473
0 0 0 0 1 9.22196
0 0 0 0 1 9.32487
0 0 0 0 1 9.32231
0 0 0 0 1 9.29214
0 0 0 0 1 9.10625
0 0 0 0 1 9.20491
0 0 0 0 1 9.15714
0 0 0 0 0 9.00977
0 0 0 0 1 9.06251
0 0 0 0 1 9.00661
0 0 0 0 1 9.09178
0 0 0 0 1 8.99125
0 0 0 0 0 8.93277
0 0 0 0 1 8.90472
0 0 0 0 1 8.82348
0 0 0 0 0 8.80484
0 0 0 0 1 8.7775
0 0 0 0 1 8.86158
0 0 0 0 1 8.81669
0 0 0 0 1 8.71076
0 0 0 0 1 8.65978
0 0 0 0 0 8.76421
0 0 0 0 1 8.68204
0 0 0 0 0 8.64714
0 0 0 0 0 8.71285
0 0 0 0 1 8.68677
0 0 0 0 1 8.64885
0 0 0 0 1 8.61463
0 0 0 0 1 8.58573
0 0 0 0 1 8.58614
0 0 0 0 1 8.42984
0 0 0 0 1 8.4782
0 0 0 0 1 8.45858
0 0 0 0 1 8.37991
0 0 0 0 1 8.41977
0 0 0 0 1 8.33693
0 0 0 0 1 8.32645
0 0 0 0 0 8.38308
0 0 0 0 1 8.29747
0 0 0 0 1 8.4124
0 0 0 0 1 8.23951
0 0 0 0 0 8.35416
0 0 0 0 1 8.32765
0 0 0 0 0 8.33889
0 0 0 0 1 8.3209
0 0 0 0 0 8.25369
0 0 0 0 1 8.28539
0 0 0 0 1 8.24329
0 0 0 0 0 8.14422
0 0 0 0 1 8.07828
0 0 0 0 0 8.13486
0 0 0 0 1 8.0694
0 0 0 0 1 8.11784
0 0 0 0 0 8.14999
0 0 0 0 0 8.13365
0 0 0 0 1 7.9885
0 0 0 0 1 7.97667
0 0 0 0 1 8.04941
0 0 0 0 1 7.97765
0 0 0 0 1 7.9463
0 0 0 0 1 7.91517
0 0 0 0 1 7.93584
0 0 0 0 0 7.94484
0 0 0 0 1 7.92214
0 0 0 0 1 7.90757
0 0 0 0 0 7.85359
0 0 0 0 0 7.96946
0 0 0 0 1 7.8763
0 0 0 0 1 7.87026
0 0 0 0 0 7.94647
0 0 0 0 1 7.8654
0 0 0 0 0 7.85973
0 0 0 0 1 7.76025
0 0 0 0 1 7.80977
0 0 0 0 0 7.761
0 0 0 0 1 7.81842
0 0 0 0 0 7.81353
0 0 0 0 0 7.74972
0 0 0 0 1 7.69089
0 0 0 0 1 7.76713
