0 0 0 0 0 5.55844
0 0 0 0 1 5.54533
0 0 0 0 1 5.51561
0 0 0 0 0 5.5608
0 0 0 0 1 5.54795
0 0 0 0 1 5.58549
0 0 0 0 1 5.57754
0 0 0 0 0 5.56493
0 0 0 0 1 5.63885
0 0 0 0 1 5.67145
0 0 0 0 1 5.61981
0 0 0 0 1 5.61886
0 0 0 0 0 5.62016
0 0 0 0 1 5.63636
0 0 0 0 0 5.68673
0 0 0 0 1 5.63153
0 0 0 0 0 5.63671
0 0 0 0 0 5.6534
0 0 0 0 1 5.67596
0 0 0 0 1 5.72542
0 0 0 0 1 5.6796
0 0 0 0 1 5.7312
0 0 0 0 1 5.74287
0 0 0 0 1 5.81803
0 0 0 0 1 5.77991
0 0 0 0 1 5.73415
0 0 0 0 1 5.76359
0 0 0 0 1 5.85709
0 0 0 0 1 5.79399
0 0 0 0 1 5.85312
0 0 0 0 0 5.80158
0 0 0 0 1 5.86269
0 0 0 0 0 5.883
0 0 0 0 1 5.86078
0 0 0 0 1 5.83853
0 0 0 0 1 5.94012
0 0 0 0 0 5.9299
0 0 0 0 1 5.89007
0 0 0 0 0 5.97484
0 0 0 0 1 5.91123
0 0 0 0 1 5.93092
0 0 0 0 1 6.04046
0 0 0 0 0 5.93011
0 0 0 0 1 6.04017
0 0 0 0 1 5.97626
0 0 0 0 0 6.09308
0 0 0 0 1 6.05813
0 0 0 0 1 6.00605
0 0 0 0 1 6.06321
0 0 0 0 1 6.09021
0 0 0 0 1 6.1235
0 0 0 0 0 6.14473
0 0 0 0 0 6.10975
0 0 0 0 0 6.13836
0 0 0 0 1 6.15372
0 0 0 0 1 6.23106
0 0 0 0 1 6.24679
0 0 0 0 1 6.2368
0 0 0 0 1 6.28389
0 0 0 0 1 6.28745
0 0 0 0 1 6.23368
0 0 0 0 1 6.3127
0 0 0 0 1 6.29751
0 0 0 0 0 6.31388
0 0 0 0 1 6.35572
0 0 0 0 0 6.42885
0 0 0 0 0 6.41384
0 0 0 0 1 6.34675
0 0 0 0 0 6.38924
0 0 0 0 1 6.41833
0 0 0 0 1 6.39667
0 0 0 0 0 6.47137
0 0 0 0 1 6.44321
0 0 0 0 0 6.55181
0 0 0 0 1 6.47143
0 0 0 0 1 6.61286
0 0 0 0 1 6.62361
0 0 0 0 1 6.63502
0 0 0 0 0 6.59289
0 0 0 0 0 6.70339
0 0 0 0 0 6.61443
0 0 0 0 1 6.65938
0 0 0 0 1 6.69113
0 0 0 0 1 6.69553
0 0 0 0 1 6.75402
0 0 0 0 0 6.84684
0 0 0 0 0 6.77002
0 0 0 0 1 6.82932
0 0 0 0 0 6.82725
0 0 0 0 0 6.83889
0 0 0 0 0 6.90587
0 0 0 0 1 6.90441
0 0 0 0 0 7.02763
0 0 0 0 1 6.96315
0 0 0 0 1 6.99626
0 0 0 0 1 6.96623
0 0 0 0 1 7.13329
0 0 0 0 1 7.07498
0 0 0 0 1 7.10162
0 0 0 0 1 7.12839
0 0 0 0 1 7.13375
0 0 0 0 1 7.14627
0 0 0 0 0 7.2886
0 0 0 0 0 7.28709
0 0 0 0 0 7.32886
0 0 0 0 1 7.28331
0 0 0 0 1 7.34724
0 0 0 0 1 7.31641
0 0 0 0 1 7.47717
0 0 0 0 1 7.49022
0 0 0 0 1 7.54852
0 0 0 0 0 7.44898
0 0 0 0 0 7.54468
0 0 0 0 1 7.64111
0 0 0 0 1 7.60149
0 0 0 0 1 7.72931
0 0 0 0 1 7.75819
0 0 0 0 1 7.75625
0 0 0 0 1 7.69201
0 0 0 0 1 7.73614
0 0 0 0 1 7.77317
0 0 0 0 1 7.85703
0 0 0 0 1 7.92521
0 0 0 0 1 7.95458
0 0 0 0 1 7.98352
0 0 0 0 1 8.04511
0 0 0 0 1 7.99413
0 0 0 0 1 8.16938
0 0 0 0 1 8.10935
0 0 0 0 1 8.22095
0 0 0 0 0 8.20115
0 0 0 0 1 8.23876
0 0 0 0 1 8.35196
0 0 0 0 1 8.42363
0 0 0 0 1 8.49576
0 0 0 0 1 8.42454
0 0 0 0 1 8.43723
0 0 0 0 1 8.5951
0 0 0 0 1 8.54872
0 0 0 0 1 8.68223
0 0 0 0 0 8.60754
0 0 0 0 1 8.68098
0 0 0 0 1 8.8508
0 0 0 0 1 8.84685
0 0 0 0 1 8.84082
0 0 0 0 1 8.93266
0 0 0 0 1 9.02513
0 0 0 0 1 9.0548
0 0 0 0 1 9.02153
0 0 0 0 1 9.19725
0 0 0 0 1 9.20856
0 0 0 0 1 9.24731
0 0 0 0 1 9.41782
0 0 0 0 1 9.40924
0 0 0 0 1 9.51453
0 0 0 0 1 9.43849
0 0 0 0 1 9.61961
0 0 0 0 1 9.62035
0 0 0 0 1 9.81347
0 0 0 0 1 9.76394
0 0 0 0 0 9.94941
0 0 0 0 0 9.90011
0 0 0 0 1 9.91634
0 0 0 0 1 10.0039
0 0 0 0 1 10.0295
0 0 0 0 1 10.1889
0 0 0 0 1 10.2454
0 0 0 0 1 10.312
0 0 0 0 1 10.3285
0 0 0 0 1 10.563
0 0 0 0 1 10.5672
0 0 0 0 0 10.6538
0 0 0 0 1 10.7857
0 0 0 0 1 10.9165
0 0 0 0 1 10.9063
0 0 0 0 1 10.9741
0 0 0 0 1 11.0728
0 0 0 0 1 11.1918
0 0 0 0 1 11.3276
0 0 0 0 1 11.4027
0 0 0 0 0 11.5692
0 0 0 0 0 11.587
0 0 0 0 1 11.5338
0 0 0 0 0 11.8749
0 0 0 0 0 11.7964
0 0 0 0 1 12.0469
0 0 0 0 1 12.1675
0 0 0 0 1 12.2185
0 0 0 0 1 12.2379
0 0 0 0 1 12.5038
0 0 0 0 0 12.5007
0 0 0 0 1 12.5138
0 0 0 0 0 12.6218
0 0 0 0 0 12.9412
0 0 0 0 1 13.0436
0 0 0 0 0 13.0932
0 0 0 0 1 13.3496
0 0 0 0 1 13.3047
0 0 0 0 1 13.55
0 0 0 0 1 13.6063
0 0 0 0 1 13.6841
0 0 0 0 1 13.8865
0 0 0 0 1 14.175
0 0 0 0 0 14.1621
0 0 0 0 1 14.3621
0 0 0 0 0 14.6072
0 0 0 0 0 14.7162
0 0 0 0 1 14.854
0 0 0 0 1 14.9764
0 0 0 0 1 15.4222
0 0 0 0 1 15.4012
0 0 0 0 1 15.4946
0 0 0 0 1 15.9123
0 0 0 0 1 15.9734
0 0 0 0 1 16.2292
0 0 0 0 1 16.3878
0 0 0 0 1 16.7454
0 0 0 0 0 16.9478
0 0 0 0 0 16.9981
0 0 0 0 1 17.2596
0 0 0 0 1 17.4791
0 0 0 0 1 17.9397
0 0 0 0 1 18.0726
0 0 0 0 1 18.4225
0 0 0 0 1 18.636
0 0 0 0 1 19.0279
0 0 0 0 1 19.3564
0 0 0 0 1 16.2002
0 0 0 0 0 16.1816
0 0 0 0 0 16.4381
0 0 0 0 1 16.2892
0 0 0 0 1 16.4153
0 0 0 0 1 16.1372
0 0 0 0 1 16.4125
0 0 0 0 1 16.1517
0 0 0 0 1 16.1327
0 0 0 0 1 16.0677
0 0 0 0 1 16.262
0 0 0 0 1 16.1975
0 0 0 0 1 16.2442
0 0 0 0 1 16.0191
0 0 0 0 1 16.2137
0 0 0 0 1 16.0057
0 0 0 0 1 16.2146
0 0 0 0 1 15.9593
0 0 0 0 1 15.9617
0 0 0 0 0 16.1568
0 0 0 0 1 15.9031
0 0 0 0 1 16.1786
0 0 0 0 1 15.8457
0 0 0 0 0 16.0734
0 0 0 0 1 15.8536
0 0 0 0 1 15.826
0 0 0 0 1 16.0843
0 0 0 0 1 16.0019
0 0 0 0 1 16.5547
0 0 0 0 1 16.9907
0 0 0 0 1 17.6185
0 0 0 0 1 17.9158
0 0 0 0 1 18.6361
0 0 0 0 1 19.3484
0 0 0 0 1 19.7997
0 0 0 0 1 36.6848
0 0 0 0 1 36.2501
0 0 0 0 1 36.3377
0 0 0 0 1 36.5597
0 0 0 0 1 36.1037
0 0 0 0 1 36.0477
0 0 0 0 0 35.9816
0 0 0 0 1 35.8909
0 0 0 0 1 36.2332
0 0 0 0 1 36.0616
0 0 0 0 1 35.9727
0 0 0 0 1 35.6151
0 0 0 0 1 36.3324
0 0 0 0 1 37.2174
0 0 0 0 1 37.2824
0 0 0 0 1 37.9168
0 0 0 0 1 38.2361
0 0 0 0 1 38.4759
0 0 0 0 1 39.5745
0 0 0 0 1 40.0507
0 0 0 0 0 5.03004
0 0 0 0 0 5.03505
0 0 0 0 0 4.99497
0 0 0 0 0 4.98996
0 0 0 0 0 5.03004
0 0 0 0 0 4.96992
0 0 0 0 0 4.96491
0 0 0 0 0 4.97493
0 0 0 0 0 5.00499
0 0 0 0 0 5.02002
0 0 0 0 0 5.02002
0 0 0 0 0 5.05008
0 0 0 0 0 4.99998
0 0 0 0 0 5.05008
0 0 0 0 0 4.96491
0 0 0 0 0 5.03505
0 0 0 0 0 5.03004
0 0 0 0 0 5.01501
0 0 0 0 0 5.02002
0 0 0 0 0 4.99497
0 0 0 0 0 5.05008
0 0 0 0 0 5.02503
0 0 0 0 0 5.0601
0 0 0 0 0 5.03505
0 0 0 0 0 5.0601
0 0 0 0 1 100.083
0 0 0 0 1 93.6946
0 0 0 0 1 89.6735
0 0 0 0 1 84.3433
0 0 0 0 1 80.9094
0 0 0 0 1 76.3832
0 0 0 0 1 73.9585
0 0 0 0 1 71.1108
0 0 0 0 1 67.5935
0 0 0 0 1 65.7213
0 0 0 0 0 62.4751
0 0 0 0 1 61.1671
0 0 0 0 1 58.0119
0 0 0 0 1 56.834
0 0 0 0 1 54.895
0 0 0 0 1 53.6246
0 0 0 0 1 51.3879
0 0 0 0 1 50.2389
0 0 0 0 1 48.7707
0 0 0 0 1 47.0447
0 0 0 0 1 46.2374
0 0 0 0 1 44.6343
0 0 0 0 0 43.7572
0 0 0 0 1 42.799
0 0 0 0 0 41.7384
0 0 0 0 1 40.4261
0 0 0 0 0 39.4961
0 0 0 0 1 38.6157
0 0 0 0 1 37.642
0 0 0 0 1 36.7227
0 0 0 0 1 36.5014
0 0 0 0 1 35.3528
0 0 0 0 1 35.1063
0 0 0 0 0 34.2371
0 0 0 0 0 33.2468
0 0 0 0 1 33.0785
0 0 0 0 1 32.4388
0 0 0 0 1 31.3987
0 0 0 0 1 31.0268
0 0 0 0 0 30.6071
0 0 0 0 0 29.8328
0 0 0 0 1 29.6575
0 0 0 0 1 29.2589
0 0 0 0 1 28.3818
0 0 0 0 0 28.1
0 0 0 0 1 27.8783
0 0 0 0 0 27.0876
0 0 0 0 1 26.6133
0 0 0 0 0 26.1697
0 0 0 0 1 25.9885
0 0 0 0 0 25.6412
0 0 0 0 1 25.4044
0 0 0 0 1 24.9995
0 0 0 0 1 24.3505
0 0 0 0 1 24.2386
0 0 0 0 0 23.7477
0 0 0 0 1 23.5924
0 0 0 0 1 23.4755
0 0 0 0 1 23.1336
0 0 0 0 1 22.693
0 0 0 0 1 22.3201
0 0 0 0 1 21.9464
0 0 0 0 1 22.0386
0 0 0 0 1 21.4152
0 0 0 0 1 21.2617
0 0 0 0 1 20.998
0 0 0 0 1 20.8396
0 0 0 0 1 20.7829
0 0 0 0 1 20.4349
0 0 0 0 0 20.0202
0 0 0 0 1 19.8081
0 0 0 0 1 19.903
0 0 0 0 1 19.3654
0 0 0 0 1 19.3672
0 0 0 0 1 19.1445
0 0 0 0 0 18.7994
0 0 0 0 1 18.9074
0 0 0 0 1 18.6108
0 0 0 0 1 18.2525
0 0 0 0 1 18.3526
0 0 0 0 1 17.9434
0 0 0 0 1 17.8868
0 0 0 0 1 17.6519
0 0 0 0 1 17.6463
0 0 0 0 1 17.2912
0 0 0 0 0 17.026
0 0 0 0 1 16.9762
0 0 0 0 1 16.773
0 0 0 0 0 16.8052
0 0 0 0 1 16.7109
0 0 0 0 1 16.3201
0 0 0 0 1 16.3902
0 0 0 0 1 16.1984
0 0 0 0 1 15.9455
0 0 0 0 1 15.7814
0 0 0 0 1 15.8615
0 0 0 0 1 15.7303
0 0 0 0 1 15.4735
0 0 0 0 1 15.4277
0 0 0 0 1 15.2131
0 0 0 0 1 15.2362
0 0 0 0 0 14.9782
0 0 0 0 1 14.8717
0 0 0 0 1 14.8122
0 0 0 0 0 14.8318
0 0 0 0 0 14.6019
0 0 0 0 0 14.3971
0 0 0 0 0 14.467
0 0 0 0 1 14.2066
0 0 0 0 1 14.0479
0 0 0 0 1 14.073
0 0 0 0 1 14.0632
0 0 0 0 1 13.947
0 0 0 0 1 13.7984
0 0 0 0 1 13.6424
0 0 0 0 1 13.545
0 0 0 0 0 13.3856
0 0 0 0 1 13.3078
0 0 0 0 0 13.3233
0 0 0 0 1 13.1344
0 0 0 0 1 13.2493
0 0 0 0 1 13.1661
0 0 0 0 1 13.0182
0 0 0 0 1 12.794
0 0 0 0 1 12.7209
0 0 0 0 1 12.6272
0 0 0 0 1 12.7745
0 0 0 0 1 12.5121
0 0 0 0 0 12.3942
0 0 0 0 0 12.405
0 0 0 0 1 12.2464
0 0 0 0 0 12.4006
0 0 0 0 1 12.3404
0 0 0 0 1 12.0252
0 0 0 0 1 12.2041
0 0 0 0 1 12.0922
0 0 0 0 1 11.9014
0 0 0 0 1 12.0053
0 0 0 0 1 11.8397
0 0 0 0 1 11.7068
0 0 0 0 1 11.7268
0 0 0 0 1 11.6763
0 0 0 0 1 11.5797
0 0 0 0 0 11.4952
0 0 0 0 1 11.56
0 0 0 0 0 11.2935
0 0 0 0 1 11.4334
0 0 0 0 1 11.2446
0 0 0 0 1 11.1844
0 0 0 0 1 11.2214
0 0 0 0 1 11.1168
0 0 0 0 1 11.1199
0 0 0 0 1 11.0236
0 0 0 0 1 10.917
0 0 0 0 1 10.9964
0 0 0 0 1 10.7493
0 0 0 0 1 10.7094
0 0 0 0 1 10.6482
0 0 0 0 0 10.6193
0 0 0 0 1 10.633
0 0 0 0 1 10.6608
0 0 0 0 1 10.4521
0 0 0 0 1 10.5603
0 0 0 0 1 10.5418
0 0 0 0 0 10.3532
0 0 0 0 1 10.3251
0 0 0 0 1 10.4071
0 0 0 0 0 10.3136
0 0 0 0 1 10.3333
0 0 0 0 1 10.1079
0 0 0 0 1 10.1076
0 0 0 0 1 10.0971
0 0 0 0 1 10.0294
0 0 0 0 1 10.1192
0 0 0 0 0 10.0385
0 0 0 0 0 9.89851
0 0 0 0 1 9.95451
0 0 0 0 1 9.95395
0 0 0 0 1 9.82217
0 0 0 0 1 9.72391
0 0 0 0 1 9.73373
0 0 0 0 1 9.77253
0 0 0 0 1 9.66242
0 0 0 0 1 9.73
0 0 0 0 0 9.63031
0 0 0 0 1 9.59834
0 0 0 0 1 9.64614
0 0 0 0 0 9.49048
0 0 0 0 1 9.5003
0 0 0 0 1 9.35559
0 0 0 0 1 9.43785
0 0 0 0 1 9.47574
0 0 0 0 1 9.26704
0 0 0 0 1 9.32997
0 0 0 0 1 9.34281
0 0 0 0 1 9.20449
0 0 0 0 1 9.29462
0 0 0 0 0 9.28294
0 0 0 0 1 9.14293
0 0 0 0 1 9.21405
0 0 0 0 1 9.07514
0 0 0 0 1 9.01885
0 0 0 0 1 9.0444
0 0 0 0 0 8.96149
0 0 0 0 0 9.06477
0 0 0 0 1 8.94638
0 0 0 0 1 8.99543
0 0 0 0 1 8.95825
0 0 0 0 1 8.97469
0 0 0 0 1 8.89351
0 0 0 0 1 8.78634
0 0 0 0 0 8.75577
0 0 0 0 1 8.72
0 0 0 0 1 8.77211
0 0 0 0 1 8.78225
0 0 0 0 1 8.77293
0 0 0 0 1 8.61244
0 0 0 0 0 8.75122
0 0 0 0 1 8.62633
0 0 0 0 0 8.54013
0 0 0 0 1 8.64885
0 0 0 0 1 8.54599
0 0 0 0 1 8.58573
0 0 0 0 1 8.48372
0 0 0 0 1 8.54053
0 0 0 0 0 8.41024
0 0 0 0 1 8.55181
0 0 0 0 0 8.46447
0 0 0 0 1 8.48727
0 0 0 0 1 8.43788
0 0 0 0 1 8.40199
0 0 0 0 0 8.32446
0 0 0 0 1 8.33089
0 0 0 0 1 8.37072
0 0 0 0 0 8.37254
0 0 0 0 1 8.21312
0 0 0 0 1 8.22004
0 0 0 0 1 8.23145
0 0 0 0 1 8.22194
0 0 0 0 1 8.20432
0 0 0 0 1 8.26075
0 0 0 0 0 8.12038
0 0 0 0 1 8.10333
0 0 0 0 1 8.217
0 0 0 0 1 8.16743
0 0 0 0 1 8.19129
0 0 0 0 1 8.11784
0 0 0 0 0 8.10143
0 0 0 0 1 8.12557
0 0 0 0 0 8.08523
0 0 0 0 1 8.1135
0 0 0 0 0 8.10564
0 0 0 0 1 8.0899
0 0 0 0 1 7.92229
0 0 0 0 1 7.97906
0 0 0 0 1 7.94382
0 0 0 0 0 7.88115
0 0 0 0 1 7.99365
0 0 0 0 0 7.89964
0 0 0 0 0 7.90901
0 0 0 0 1 7.82715
0 0 0 0 1 7.8763
0 0 0 0 1 7.79935
0 0 0 0 1 7.88352
0 0 0 0 0 7.80254
0 0 0 0 1 7.89111
0 0 0 0 1 7.75241
0 0 0 0 1 7.88012
0 0 0 0 1 7.88593
0 0 0 0 0 7.82621
0 0 0 0 1 7.77461
0 0 0 0 1 7.81191
0 0 0 0 1 7.68313
0 0 0 0 1 7.76713
