0 0 0 0 0 5.59172
0 0 0 0 1 5.562
0 0 0 0 1 5.5323
0 0 0 0 1 5.5218
0 0 0 0 1 5.58702
0 0 0 0 1 5.63022
0 0 0 0 1 5.54398
0 0 0 0 0 5.54812
0 0 0 0 1 5.62763
0 0 0 0 1 5.61524
0 0 0 0 1 5.66486
0 0 0 0 1 5.6922
0 0 0 0 1 5.64276
0 0 0 0 1 5.68163
0 0 0 0 1 5.69807
0 0 0 0 1 5.62585
0 0 0 0 1 5.67084
0 0 0 0 1 5.69329
0 0 0 0 1 5.67596
0 0 0 0 1 5.75399
0 0 0 0 1 5.71967
0 0 0 0 1 5.75415
0 0 0 0 1 5.80035
0 0 0 0 1 5.75466
0 0 0 0 1 5.75107
0 0 0 0 1 5.78618
0 0 0 0 0 5.82152
0 0 0 0 1 5.85128
0 0 0 0 1 5.80562
0 0 0 0 0 5.84146
0 0 0 0 1 5.89506
0 0 0 0 1 5.8861
0 0 0 0 1 5.9123
0 0 0 0 0 5.93125
0 0 0 0 1 5.87385
0 0 0 0 1 5.88113
0 0 0 0 1 5.89443
0 0 0 0 1 5.90785
0 0 0 0 0 5.95702
0 0 0 0 0 5.93504
0 0 0 0 1 5.91302
0 0 0 0 1 5.95075
0 0 0 0 1 5.97803
0 0 0 0 1 6.01615
0 0 0 0 1 5.96422
0 0 0 0 0 6.00259
0 0 0 0 1 6.04603
0 0 0 0 1 6.04851
0 0 0 0 1 6.02064
0 0 0 0 1 6.12679
0 0 0 0 0 6.1235
0 0 0 0 1 6.16924
0 0 0 0 1 6.12204
0 0 0 0 1 6.18762
0 0 0 0 1 6.11669
0 0 0 0 1 6.13206
0 0 0 0 0 6.15994
0 0 0 0 1 6.1621
0 0 0 0 1 6.27141
0 0 0 0 1 6.2374
0 0 0 0 0 6.32784
0 0 0 0 1 6.33788
0 0 0 0 1 6.36061
0 0 0 0 1 6.38347
0 0 0 0 1 6.34938
0 0 0 0 1 6.40975
0 0 0 0 1 6.4266
0 0 0 0 0 6.44282
0 0 0 0 1 6.47272
0 0 0 0 1 6.41833
0 0 0 0 1 6.51944
0 0 0 0 1 6.54269
0 0 0 0 1 6.44972
0 0 0 0 1 6.49966
0 0 0 0 0 6.53026
0 0 0 0 1 6.52101
0 0 0 0 1 6.53144
0 0 0 0 0 6.58221
0 0 0 0 1 6.6459
0 0 0 0 1 6.61029
0 0 0 0 1 6.61443
0 0 0 0 1 6.65938
0 0 0 0 1 6.76495
0 0 0 0 1 6.7831
0 0 0 0 1 6.80135
0 0 0 0 0 6.75184
0 0 0 0 0 6.79727
0 0 0 0 1 6.80197
0 0 0 0 1 6.81353
0 0 0 0 1 6.94909
0 0 0 0 1 6.96809
0 0 0 0 1 6.99452
0 0 0 0 1 6.9998
0 0 0 0 1 6.99807
0 0 0 0 1 6.98925
0 0 0 0 1 7.02956
0 0 0 0 1 7.05553
0 0 0 0 0 7.06788
0 0 0 0 0 7.13724
0 0 0 0 1 7.18559
0 0 0 0 1 7.13375
0 0 0 0 1 7.16788
0 0 0 0 1 7.16556
0 0 0 0 0 7.32342
0 0 0 0 0 7.33616
0 0 0 0 1 7.40055
0 0 0 0 1 7.36933
0 0 0 0 0 7.33856
0 0 0 0 1 7.3659
0 0 0 0 1 7.4306
0 0 0 0 1 7.44378
0 0 0 0 1 7.47153
0 0 0 0 1 7.49181
0 0 0 0 1 7.60317
0 0 0 0 0 7.54056
0 0 0 0 1 7.67574
0 0 0 0 0 7.74281
0 0 0 0 1 7.64809
0 0 0 0 1 7.69977
0 0 0 0 1 7.80632
0 0 0 0 1 7.88276
0 0 0 0 0 7.83343
0 0 0 0 1 7.98058
0 0 0 0 1 7.86717
0 0 0 0 1 7.97552
0 0 0 0 1 8.00497
0 0 0 0 1 7.98607
0 0 0 0 1 8.08834
0 0 0 0 1 8.20715
0 0 0 0 1 8.14726
0 0 0 0 1 8.20115
0 0 0 0 1 8.28844
0 0 0 0 1 8.39355
0 0 0 0 1 8.28143
0 0 0 0 1 8.43688
0 0 0 0 0 8.44146
0 0 0 0 1 8.55631
0 0 0 0 1 8.62931
0 0 0 0 0 8.62605
0 0 0 0 1 8.72543
0 0 0 0 1 8.78143
0 0 0 0 1 8.81212
0 0 0 0 1 8.87719
0 0 0 0 1 8.89104
0 0 0 0 1 8.98313
0 0 0 0 1 9.03111
0 0 0 0 1 8.92606
0 0 0 0 0 9.13638
0 0 0 0 1 9.07621
0 0 0 0 1 9.22476
0 0 0 0 1 9.26392
0 0 0 0 1 9.20089
0 0 0 0 1 9.24982
0 0 0 0 1 9.34344
0 0 0 0 1 9.53345
0 0 0 0 1 9.61945
0 0 0 0 1 9.56206
0 0 0 0 1 9.7072
0 0 0 0 1 9.65801
0 0 0 0 1 9.71502
0 0 0 0 1 9.92971
0 0 0 0 1 9.91993
0 0 0 0 1 10.0661
0 0 0 0 1 10.1447
0 0 0 0 1 10.1106
0 0 0 0 0 10.2297
0 0 0 0 1 10.1837
0 0 0 0 1 10.457
0 0 0 0 0 10.4744
0 0 0 0 1 10.5105
0 0 0 0 1 10.4826
0 0 0 0 0 10.7392
0 0 0 0 1 10.7213
0 0 0 0 1 10.7757
0 0 0 0 1 10.8954
0 0 0 0 1 10.9521
0 0 0 0 1 11.1836
0 0 0 0 1 11.1024
0 0 0 0 1 11.1812
0 0 0 0 1 11.4708
0 0 0 0 1 11.512
0 0 0 0 1 11.6448
0 0 0 0 1 11.6037
0 0 0 0 1 11.722
0 0 0 0 0 11.8794
0 0 0 0 1 11.8555
0 0 0 0 1 12.1071
0 0 0 0 1 12.2916
0 0 0 0 1 12.3362
0 0 0 0 1 12.4417
0 0 0 0 1 12.5507
0 0 0 0 1 12.6149
0 0 0 0 1 12.8768
0 0 0 0 1 12.7609
0 0 0 0 1 13.0306
0 0 0 0 0 13.2245
0 0 0 0 1 13.3496
0 0 0 0 1 13.3047
0 0 0 0 1 13.55
0 0 0 0 1 13.7567
0 0 0 0 1 13.7947
0 0 0 0 1 13.9843
0 0 0 0 1 14.2315
0 0 0 0 0 14.3476
0 0 0 0 1 14.29
0 0 0 0 1 14.578
0 0 0 0 1 14.8638
0 0 0 0 1 15.0033
0 0 0 0 1 15.0519
0 0 0 0 0 15.3763
0 0 0 0 1 15.5867
0 0 0 0 0 15.6668
0 0 0 0 1 15.7697
0 0 0 0 1 15.9895
0 0 0 0 1 16.1155
0 0 0 0 1 16.3055
0 0 0 0 0 16.5288
0 0 0 0 1 16.931
0 0 0 0 1 17.272
0 0 0 0 1 17.2422
0 0 0 0 1 17.7252
0 0 0 0 0 17.9932
0 0 0 0 1 17.9641
0 0 0 0 1 18.2023
0 0 0 0 1 18.7663
0 0 0 0 1 18.9334
0 0 0 0 0 19.2989
0 0 0 0 1 19.5404
0 0 0 0 0 19.9089
0 0 0 0 1 20.0882
0 0 0 0 1 20.2635
0 0 0 0 0 20.6709
0 0 0 0 1 20.9964
0 0 0 0 1 21.6964
0 0 0 0 1 21.6752
0 0 0 0 1 22.2926
0 0 0 0 1 22.5656
0 0 0 0 1 22.9956
0 0 0 0 1 23.3856
0 0 0 0 0 23.7216
0 0 0 0 1 24.6006
0 0 0 0 0 24.7934
0 0 0 0 1 25.4616
0 0 0 0 1 25.8607
0 0 0 0 1 26.6722
0 0 0 0 0 26.9658
0 0 0 0 1 27.4603
0 0 0 0 1 28.1495
0 0 0 0 1 29.0645
0 0 0 0 1 29.5266
0 0 0 0 1 30.5954
0 0 0 0 1 31.3364
0 0 0 0 0 27.0558
0 0 0 0 1 27.0109
0 0 0 0 0 26.7771
0 0 0 0 1 26.705
0 0 0 0 1 26.7139
0 0 0 0 1 26.6697
0 0 0 0 0 26.8133
0 0 0 0 1 26.825
0 0 0 0 1 26.9159
0 0 0 0 1 26.7936
0 0 0 0 0 26.9121
0 0 0 0 1 26.8722
0 0 0 0 0 26.6449
0 0 0 0 0 26.4449
0 0 0 0 0 26.4589
0 0 0 0 1 26.3945
0 0 0 0 1 26.7023
0 0 0 0 1 26.7176
0 0 0 0 1 27.6971
0 0 0 0 1 29.1738
0 0 0 0 1 30.9775
0 0 0 0 1 47.2381
0 0 0 0 1 47.1756
0 0 0 0 1 47.7304
0 0 0 0 1 47.3856
0 0 0 0 1 47.7992
0 0 0 0 1 48.1042
0 0 0 0 0 5.02002
0 0 0 0 0 4.96491
0 0 0 0 0 5.03004
0 0 0 0 0 5.02503
0 0 0 0 0 4.97493
0 0 0 0 0 5.05008
0 0 0 0 0 5.04507
0 0 0 0 0 4.98996
0 0 0 0 0 4.96491
0 0 0 0 0 4.97493
0 0 0 0 0 5.04507
0 0 0 0 0 4.96992
0 0 0 0 0 5.02503
0 0 0 0 0 4.97994
0 0 0 0 0 5.03004
0 0 0 0 0 4.96992
0 0 0 0 0 4.9599
0 0 0 0 0 4.97994
0 0 0 0 0 5.02002
0 0 0 0 0 5.04006
0 0 0 0 0 5.01501
0 0 0 0 0 4.96491
0 0 0 0 0 5.03505
0 0 0 0 0 5.05509
0 0 0 0 0 5.00499
0 0 0 0 0 4.98996
0 0 0 0 0 4.96992
0 0 0 0 0 5.02503
0 0 0 0 1 100.782
0 0 0 0 0 94.92
0 0 0 0 1 89.8521
0 0 0 0 1 84.0887
0 0 0 0 1 81.3135
0 0 0 0 0 77.2319
0 0 0 0 1 73.2204
0 0 0 0 1 70.4032
0 0 0 0 1 67.3897
0 0 0 0 0 65.1987
0 0 0 0 0 63.5447
0 0 0 0 1 60.3176
0 0 0 0 1 58.9494
0 0 0 0 1 56.834
0 0 0 0 0 55.3338
0 0 0 0 0 53.4652
0 0 0 0 1 51.0271
0 0 0 0 1 49.9887
0 0 0 0 1 49.0625
0 0 0 0 0 47.5175
0 0 0 0 1 45.9154
0 0 0 0 1 44.9032
0 0 0 0 1 43.3205
0 0 0 0 1 42.4158
0 0 0 0 1 41.6137
0 0 0 0 1 40.2637
0 0 0 0 1 39.853
0 0 0 0 1 38.8484
0 0 0 0 1 37.7936
0 0 0 0 1 36.9823
0 0 0 0 1 36.5377
0 0 0 0 0 35.4951
0 0 0 0 1 35.1412
0 0 0 0 0 34.2029
0 0 0 0 0 33.783
0 0 0 0 1 32.6182
0 0 0 0 1 32.2128
0 0 0 0 1 31.874
0 0 0 0 1 30.9334
0 0 0 0 1 30.2707
0 0 0 0 1 30.0731
0 0 0 0 1 29.5098
0 0 0 0 1 29.1136
0 0 0 0 1 28.4961
0 0 0 0 0 28.2688
0 0 0 0 1 27.7399
0 0 0 0 0 27.0604
0 0 0 0 0 26.8816
0 0 0 0 1 26.2754
0 0 0 0 0 25.7802
0 0 0 0 1 25.4102
0 0 0 0 1 25.1261
0 0 0 0 1 25.0494
0 0 0 0 1 24.375
0 0 0 0 1 24.093
0 0 0 0 1 23.6998
0 0 0 0 1 23.5216
0 0 0 0 1 23.3589
0 0 0 0 1 22.8113
0 0 0 0 1 22.9201
0 0 0 0 1 22.3649
0 0 0 0 1 22.035
0 0 0 0 1 21.7541
0 0 0 0 1 21.4584
0 0 0 0 1 21.4754
0 0 0 0 1 21.0403
0 0 0 0 0 20.9649
0 0 0 0 1 20.4733
0 0 0 0 0 20.5574
0 0 0 0 1 20.2019
0 0 0 0 0 20.0876
0 0 0 0 0 19.5871
0 0 0 0 1 19.4435
0 0 0 0 1 19.5025
0 0 0 0 1 19.1445
0 0 0 0 1 19.1023
0 0 0 0 0 18.5888
0 0 0 0 0 18.5366
0 0 0 0 1 18.2709
0 0 0 0 0 18.1525
0 0 0 0 1 17.8894
0 0 0 0 1 17.9046
0 0 0 0 1 17.7226
0 0 0 0 1 17.6288
0 0 0 0 1 17.43
0 0 0 0 1 17.0431
0 0 0 0 1 17.0783
0 0 0 0 0 16.9418
0 0 0 0 1 16.8219
0 0 0 0 1 16.6777
0 0 0 0 1 16.5009
0 0 0 0 1 16.1295
0 0 0 0 1 16.1015
0 0 0 0 0 15.8654
0 0 0 0 1 15.7337
0 0 0 0 1 15.8772
0 0 0 0 1 15.4801
0 0 0 0 0 15.644
0 0 0 0 1 15.2893
0 0 0 0 0 15.1674
0 0 0 0 0 15.2968
0 0 0 0 1 14.9331
0 0 0 0 1 14.9462
0 0 0 0 1 14.7383
0 0 0 0 1 14.6703
0 0 0 0 1 14.6456
0 0 0 0 1 14.3971
0 0 0 0 1 14.3952
0 0 0 0 1 14.2066
0 0 0 0 0 14.2603
0 0 0 0 1 13.9746
0 0 0 0 1 14.0353
0 0 0 0 1 13.8222
0 0 0 0 1 13.8948
0 0 0 0 1 13.6834
0 0 0 0 1 13.6401
0 0 0 0 1 13.561
0 0 0 0 1 13.281
0 0 0 0 0 13.4298
0 0 0 0 1 13.1741
0 0 0 0 1 13.223
0 0 0 0 1 13.1138
0 0 0 0 1 13.0312
0 0 0 0 1 13.0132
0 0 0 0 1 12.6953
0 0 0 0 1 12.8693
0 0 0 0 1 12.7112
0 0 0 0 1 12.4995
0 0 0 0 0 12.4443
0 0 0 0 1 12.517
0 0 0 0 1 12.4443
0 0 0 0 1 12.2409
0 0 0 0 1 12.3404
0 0 0 0 0 12.2196
0 0 0 0 1 12.0108
0 0 0 0 1 12.0321
0 0 0 0 0 12.009
0 0 0 0 1 11.9697
0 0 0 0 1 11.7452
0 0 0 0 1 11.8243
0 0 0 0 1 11.6683
0 0 0 0 0 11.6414
0 0 0 0 1 11.6723
0 0 0 0 1 11.4032
0 0 0 0 1 11.457
0 0 0 0 0 11.4073
0 0 0 0 1 11.32
0 0 0 0 1 11.2559
0 0 0 0 1 11.3078
0 0 0 0 1 11.1097
0 0 0 0 1 11.1723
0 0 0 0 1 11.0867
0 0 0 0 1 10.9466
0 0 0 0 0 10.9389
0 0 0 0 1 10.8438
0 0 0 0 1 10.8361
0 0 0 0 1 10.7742
0 0 0 0 0 10.7771
0 0 0 0 1 10.7904
0 0 0 0 1 10.6969
0 0 0 0 1 10.5017
0 0 0 0 1 10.6104
0 0 0 0 1 10.5813
0 0 0 0 1 10.5313
0 0 0 0 1 10.447
0 0 0 0 1 10.4495
0 0 0 0 1 10.3762
0 0 0 0 0 10.3856
0 0 0 0 1 10.2616
0 0 0 0 0 10.2507
0 0 0 0 1 10.0974
0 0 0 0 1 10.0465
0 0 0 0 1 9.98909
0 0 0 0 1 9.94875
0 0 0 0 1 9.9186
0 0 0 0 1 9.91841
0 0 0 0 0 9.89502
0 0 0 0 1 9.83545
0 0 0 0 1 9.86154
0 0 0 0 1 9.84154
0 0 0 0 1 9.70444
0 0 0 0 1 9.75309
0 0 0 0 1 9.59458
0 0 0 0 0 9.73966
0 0 0 0 1 9.57259
0 0 0 0 1 9.49287
0 0 0 0 1 9.61749
0 0 0 0 1 9.56663
0 0 0 0 1 9.38652
0 0 0 0 0 9.50679
0 0 0 0 1 9.44726
0 0 0 0 1 9.47574
0 0 0 0 1 9.26704
0 0 0 0 1 9.31133
0 0 0 0 1 9.28703
0 0 0 0 1 9.23227
0 0 0 0 1 9.19309
0 0 0 0 1 9.20934
0 0 0 0 1 9.13376
0 0 0 0 1 9.10436
0 0 0 0 1 9.10247
0 0 0 0 1 9.0461
0 0 0 0 1 8.99008
0 0 0 0 1 8.97954
0 0 0 0 1 8.95675
0 0 0 0 1 9.01817
0 0 0 0 0 8.87012
0 0 0 0 1 8.84226
0 0 0 0 1 8.90353
0 0 0 0 1 8.79598
0 0 0 0 1 8.8217
0 0 0 0 1 8.82631
0 0 0 0 0 8.83427
0 0 0 0 1 8.702
0 0 0 0 1 8.71227
0 0 0 0 1 8.73805
0 0 0 0 1 8.70814
0 0 0 0 1 8.68183
0 0 0 0 1 8.60037
0 0 0 0 1 8.6954
0 0 0 0 1 8.59722
0 0 0 0 0 8.55457
0 0 0 0 1 8.53437
0 0 0 0 1 8.44958
0 0 0 0 0 8.47241
0 0 0 0 1 8.56315
0 0 0 0 1 8.51791
0 0 0 0 0 8.44756
0 0 0 0 1 8.47039
0 0 0 0 1 8.40423
0 0 0 0 1 8.43557
0 0 0 0 1 8.4417
0 0 0 0 1 8.33089
0 0 0 0 0 8.40407
0 0 0 0 1 8.39748
0 0 0 0 1 8.28779
0 0 0 0 1 8.22004
0 0 0 0 1 8.33889
0 0 0 0 1 8.23018
0 0 0 0 0 8.1714
0 0 0 0 1 8.15401
0 0 0 0 1 8.12038
0 0 0 0 1 8.10333
0 0 0 0 1 8.23332
0 0 0 0 0 8.2
0 0 0 0 0 8.19129
0 0 0 0 0 8.10162
0 0 0 0 1 8.07715
0 0 0 0 1 8.1498
0 0 0 0 1 8.14166
0 0 0 0 1 8.07326
0 0 0 0 1 8.04138
0 0 0 0 1 8.04981
0 0 0 0 1 8.01832
0 0 0 0 1 8.06692
0 0 0 0 1 7.94382
0 0 0 0 1 7.9926
0 0 0 0 0 7.93008
0 0 0 0 1 7.96309
0 0 0 0 1 7.84567
0 0 0 0 1 7.89831
0 0 0 0 1 7.84473
0 0 0 0 1 7.95692
0 0 0 0 1 7.81271
0 0 0 0 0 7.8104
0 0 0 0 1 7.89895
0 0 0 0 1 7.76808
0 0 0 0 1 7.8254
0 0 0 0 1 7.72977
0 0 0 0 0 7.87298
0 0 0 0 0 7.83687
0 0 0 0 1 7.70309
0 0 0 0 1 7.72969
0 0 0 0 0 7.67411
