0 0 0 0 0 9.33364
0 0 0 0 0 9.39285
0 0 0 0 1 9.46488
0 0 0 0 1 9.41109
0 0 0 0 1 9.55008
0 0 0 0 1 9.525
0 0 0 0 1 9.51898
0 0 0 0 1 9.61781
0 0 0 0 1 9.61551
0 0 0 0 1 9.47622
0 0 0 0 1 9.61751
0 0 0 0 1 9.6697
0 0 0 0 0 9.54328
0 0 0 0 1 9.65346
0 0 0 0 0 9.65211
0 0 0 0 1 9.69552
0 0 0 0 1 9.68487
0 0 0 0 0 9.62591
0 0 0 0 1 9.71835
0 0 0 0 0 9.76261
0 0 0 0 0 9.80122
0 0 0 0 1 9.78748
0 0 0 0 1 9.70932
0 0 0 0 0 9.71908
0 0 0 0 1 9.84269
0 0 0 0 0 9.77441
0 0 0 0 1 9.86348
0 0 0 0 1 9.78535
0 0 0 0 1 9.79187
0 0 0 0 1 9.83233
0 0 0 0 1 9.89294
0 0 0 0 0 9.88006
0 0 0 0 1 10.0607
0 0 0 0 1 10.0127
0 0 0 0 1 9.94458
0 0 0 0 1 10.1169
0 0 0 0 1 9.9886
0 0 0 0 0 10.162
0 0 0 0 0 10.1545
0 0 0 0 1 10.1775
0 0 0 0 1 10.221
0 0 0 0 1 10.1021
0 0 0 0 1 10.2632
0 0 0 0 1 10.2155
0 0 0 0 1 10.2393
0 0 0 0 0 10.3248
0 0 0 0 1 10.2306
0 0 0 0 1 10.2961
0 0 0 0 0 10.4239
0 0 0 0 0 10.366
0 0 0 0 0 10.3129
0 0 0 0 1 10.5044
0 0 0 0 1 10.4986
0 0 0 0 1 10.4719
0 0 0 0 0 10.592
0 0 0 0 1 10.4235
0 0 0 0 0 10.4915
0 0 0 0 1 10.5016
0 0 0 0 1 10.5597
0 0 0 0 0 10.5702
0 0 0 0 1 10.5862
0 0 0 0 1 10.7253
0 0 0 0 1 10.6293
0 0 0 0 1 10.7316
0 0 0 0 1 10.8777
0 0 0 0 1 10.8463
0 0 0 0 1 10.9124
0 0 0 0 1 10.9028
0 0 0 0 0 10.8875
0 0 0 0 1 11.0419
0 0 0 0 1 11.0216
0 0 0 0 1 11.0343
0 0 0 0 1 11.1575
0 0 0 0 1 11.1758
0 0 0 0 1 11.1891
0 0 0 0 1 11.0463
0 0 0 0 1 11.2777
0 0 0 0 1 11.1118
0 0 0 0 1 11.3389
0 0 0 0 1 11.2059
0 0 0 0 0 11.3501
0 0 0 0 1 11.3186
0 0 0 0 1 11.2921
0 0 0 0 1 11.415
0 0 0 0 0 11.567
0 0 0 0 0 11.6226
0 0 0 0 1 11.4523
0 0 0 0 1 11.5193
0 0 0 0 1 11.5634
0 0 0 0 1 11.7183
0 0 0 0 1 11.7515
0 0 0 0 1 11.6842
0 0 0 0 1 11.8356
0 0 0 0 0 11.8101
0 0 0 0 1 11.8676
0 0 0 0 1 12.033
0 0 0 0 1 11.9235
0 0 0 0 1 12.042
0 0 0 0 0 12.1129
0 0 0 0 0 12.1357
0 0 0 0 0 12.1096
0 0 0 0 1 12.1689
0 0 0 0 1 12.2231
0 0 0 0 1 12.3077
0 0 0 0 1 12.4121
0 0 0 0 0 12.3982
0 0 0 0 1 12.4284
0 0 0 0 1 12.4643
0 0 0 0 1 12.6964
0 0 0 0 1 12.715
0 0 0 0 1 12.6502
0 0 0 0 1 12.8031
0 0 0 0 1 12.7447
0 0 0 0 0 12.9691
0 0 0 0 1 13.0197
0 0 0 0 1 13.0127
0 0 0 0 1 13.0387
0 0 0 0 1 13.0443
0 0 0 0 1 13.2679
0 0 0 0 1 13.2076
0 0 0 0 1 13.1732
0 0 0 0 1 13.3192
0 0 0 0 0 13.3454
0 0 0 0 1 13.52
0 0 0 0 1 13.6824
0 0 0 0 1 13.7096
0 0 0 0 1 13.5995
0 0 0 0 1 13.7559
0 0 0 0 1 13.9702
0 0 0 0 1 13.775
0 0 0 0 1 14.0886
0 0 0 0 1 13.9971
0 0 0 0 1 14.1714
0 0 0 0 1 14.2916
0 0 0 0 1 14.1839
0 0 0 0 1 14.2546
0 0 0 0 0 14.4766
0 0 0 0 0 14.4244
0 0 0 0 0 14.488
0 0 0 0 1 14.6544
0 0 0 0 1 14.6527
0 0 0 0 1 14.7691
0 0 0 0 0 15.0208
0 0 0 0 1 14.9359
0 0 0 0 1 14.9632
0 0 0 0 1 15.1725
0 0 0 0 1 15.361
0 0 0 0 1 15.5049
0 0 0 0 1 15.3545
0 0 0 0 0 15.6541
0 0 0 0 0 15.6587
0 0 0 0 1 15.6624
0 0 0 0 0 15.7763
0 0 0 0 1 16.0505
0 0 0 0 1 15.9817
0 0 0 0 1 16.2995
0 0 0 0 1 16.4574
0 0 0 0 0 16.4766
0 0 0 0 1 16.5695
0 0 0 0 1 16.7208
0 0 0 0 1 16.8897
0 0 0 0 0 16.7983
0 0 0 0 0 16.9844
0 0 0 0 0 17.2571
0 0 0 0 0 17.128
0 0 0 0 1 17.2904
0 0 0 0 1 17.3836
0 0 0 0 1 17.5646
0 0 0 0 1 17.5873
0 0 0 0 0 17.912
0 0 0 0 1 18.1408
0 0 0 0 1 18.1902
0 0 0 0 1 18.3116
0 0 0 0 1 15.8853
0 0 0 0 1 15.9428
0 0 0 0 1 15.9362
0 0 0 0 0 15.9617
0 0 0 0 1 15.9713
0 0 0 0 1 15.981
0 0 0 0 1 15.8326
0 0 0 0 0 15.9106
0 0 0 0 1 15.6215
0 0 0 0 1 15.6796
0 0 0 0 1 15.7219
0 0 0 0 1 15.5653
0 0 0 0 1 15.7329
0 0 0 0 1 15.6974
0 0 0 0 1 15.5889
0 0 0 0 1 15.4965
0 0 0 0 1 15.5551
0 0 0 0 1 15.3862
0 0 0 0 1 15.5531
0 0 0 0 1 15.2467
0 0 0 0 1 15.2601
0 0 0 0 1 15.293
0 0 0 0 0 15.2494
0 0 0 0 0 15.3741
0 0 0 0 1 15.2812
0 0 0 0 1 15.0711
0 0 0 0 0 15.0745
0 0 0 0 1 15.215
0 0 0 0 1 15.4639
0 0 0 0 1 15.599
0 0 0 0 1 15.933
0 0 0 0 1 16.0947
0 0 0 0 0 16.3534
0 0 0 0 1 16.3944
0 0 0 0 1 16.6975
0 0 0 0 1 16.7112
0 0 0 0 1 16.8057
0 0 0 0 1 17.0011
0 0 0 0 0 17.3971
0 0 0 0 1 17.6669
0 0 0 0 1 17.6452
0 0 0 0 1 18.1669
0 0 0 0 1 18.1497
0 0 0 0 1 18.4222
0 0 0 0 1 18.5648
0 0 0 0 0 18.8761
0 0 0 0 1 19.1315
0 0 0 0 0 29.9835
0 0 0 0 1 30.183
0 0 0 0 0 30.5286
0 0 0 0 1 30.944
0 0 0 0 1 31.4224
0 0 0 0 1 32.2521
0 0 0 0 1 32.7669
0 0 0 0 1 33.213
0 0 0 0 1 33.5665
0 0 0 0 1 34.037
0 0 0 0 1 34.6545
0 0 0 0 1 35.1626
0 0 0 0 1 35.7242
0 0 0 0 1 36.2219
0 0 0 0 1 36.81
0 0 0 0 1 37.9276
0 0 0 0 0 38.5427
0 0 0 0 1 39.3615
0 0 0 0 1 39.9945
0 0 0 0 0 40.6025
0 0 0 0 1 41.5664
0 0 0 0 1 42.1857
0 0 0 0 0 43.0091
0 0 0 0 1 44.5766
0 0 0 0 0 45.346
0 0 0 0 0 46.1677
0 0 0 0 1 46.8232
0 0 0 0 1 48.6679
0 0 0 0 1 42.6291
0 0 0 0 1 42.6376
0 0 0 0 1 42.6043
0 0 0 0 1 42.8718
0 0 0 0 1 42.712
0 0 0 0 1 42.2555
0 0 0 0 1 42.098
0 0 0 0 0 42.8339
0 0 0 0 0 42.2546
0 0 0 0 0 42.1422
0 0 0 0 1 42.7941
0 0 0 0 1 43.8615
0 0 0 0 1 35.0552
0 0 0 0 1 35.317
0 0 0 0 1 35.0868
0 0 0 0 1 35.103
0 0 0 0 1 35.5085
0 0 0 0 0 35.0329
0 0 0 0 0 34.841
0 0 0 0 1 35.2821
0 0 0 0 1 35.5135
0 0 0 0 1 35.4993
0 0 0 0 0 35.4497
0 0 0 0 0 34.9452
0 0 0 0 1 20.0013
0 0 0 0 1 20.2359
0 0 0 0 1 20.0088
0 0 0 0 1 20.1832
0 0 0 0 1 19.9971
0 0 0 0 0 20.1727
0 0 0 0 0 19.8673
0 0 0 0 0 20.1432
0 0 0 0 1 20.059
0 0 0 0 0 19.8955
0 0 0 0 1 19.8121
0 0 0 0 0 19.9893
0 0 0 0 1 19.9467
0 0 0 0 1 19.9648
0 0 0 0 1 20.1431
0 0 0 0 1 20.0617
0 0 0 0 1 19.8407
0 0 0 0 1 19.9802
0 0 0 0 1 20.08
0 0 0 0 0 20.0602
0 0 0 0 1 19.9607
0 0 0 0 1 19.8817
0 0 0 0 1 19.863
0 0 0 0 0 5.02002
0 0 0 0 0 4.98996
0 0 0 0 0 4.98495
0 0 0 0 0 5.03004
0 0 0 0 1 95.0535
0 0 0 0 1 84.8798
0 0 0 0 1 76.8644
0 0 0 0 1 70.7477
0 0 0 0 1 64.5979
0 0 0 0 1 60.9463
0 0 0 0 1 56.8861
0 0 0 0 1 52.439
0 0 0 0 1 49.6075
0 0 0 0 1 46.8593
0 0 0 0 1 45.0691
0 0 0 0 1 42.2313
0 0 0 0 1 40.1367
0 0 0 0 1 38.7498
0 0 0 0 0 37.1432
0 0 0 0 1 35.3984
0 0 0 0 1 34.053
0 0 0 0 1 32.5839
0 0 0 0 1 31.5631
0 0 0 0 0 30.386
0 0 0 0 0 29.0784
0 0 0 0 0 28.5097
0 0 0 0 1 27.1804
0 0 0 0 0 26.6373
0 0 0 0 0 25.8072
0 0 0 0 1 25.2038
0 0 0 0 1 24.0831
0 0 0 0 1 23.6436
0 0 0 0 0 22.9651
0 0 0 0 1 22.4857
0 0 0 0 0 21.846
0 0 0 0 1 21.3036
0 0 0 0 1 20.7387
0 0 0 0 1 20.2478
0 0 0 0 0 19.7373
0 0 0 0 1 19.4909
0 0 0 0 1 19.1323
0 0 0 0 1 18.7078
0 0 0 0 1 18.258
0 0 0 0 0 17.8661
0 0 0 0 1 17.4775
0 0 0 0 0 16.9199
0 0 0 0 1 16.9022
0 0 0 0 1 16.2983
0 0 0 0 1 16.273
0 0 0 0 1 15.8993
0 0 0 0 1 15.4141
0 0 0 0 0 15.2669
0 0 0 0 1 15.0556
0 0 0 0 1 14.8178
0 0 0 0 1 14.5313
0 0 0 0 0 14.161
0 0 0 0 1 13.9828
0 0 0 0 0 13.8451
0 0 0 0 1 13.5377
0 0 0 0 1 13.5016
0 0 0 0 1 13.2192
0 0 0 0 1 12.936
0 0 0 0 1 12.7807
0 0 0 0 1 12.7513
0 0 0 0 1 12.5836
0 0 0 0 0 12.4197
0 0 0 0 1 12.1979
0 0 0 0 0 11.9992
0 0 0 0 0 11.9079
0 0 0 0 0 11.6731
0 0 0 0 1 11.4846
0 0 0 0 1 11.4698
0 0 0 0 1 11.2369
0 0 0 0 1 11.0048
0 0 0 0 1 11.0504
0 0 0 0 1 10.8418
0 0 0 0 0 10.6031
0 0 0 0 0 10.5771
0 0 0 0 1 10.4864
0 0 0 0 1 10.2818
0 0 0 0 1 10.2314
0 0 0 0 0 10.0386
0 0 0 0 1 10.0866
0 0 0 0 0 9.96469
0 0 0 0 1 9.85198
0 0 0 0 1 9.72999
0 0 0 0 1 9.58946
0 0 0 0 1 9.47807
0 0 0 0 0 9.41424
0 0 0 0 0 9.36833
0 0 0 0 1 9.14723
0 0 0 0 1 9.02878
0 0 0 0 1 9.06413
0 0 0 0 1 8.82091
0 0 0 0 1 8.81074
0 0 0 0 0 8.78147
0 0 0 0 1 8.73474
0 0 0 0 1 8.63562
0 0 0 0 1 8.46039
0 0 0 0 1 8.4732
0 0 0 0 1 8.40875
0 0 0 0 1 8.2786
0 0 0 0 0 8.1989
0 0 0 0 1 8.09507
0 0 0 0 1 8.02426
0 0 0 0 1 8.04255
0 0 0 0 1 7.86019
0 0 0 0 0 7.82253
0 0 0 0 1 7.80808
0 0 0 0 0 7.78527
0 0 0 0 1 7.69936
0 0 0 0 1 7.69127
0 0 0 0 0 7.63835
0 0 0 0 1 7.47163
0 0 0 0 1 7.47808
0 0 0 0 1 7.43321
0 0 0 0 1 7.30757
0 0 0 0 0 7.24015
0 0 0 0 1 7.21772
0 0 0 0 1 7.24527
0 0 0 0 0 7.07934
0 0 0 0 1 7.00719
0 0 0 0 1 7.05495
0 0 0 0 1 7.02625
0 0 0 0 1 6.878
0 0 0 0 1 6.81392
0 0 0 0 0 6.76385
0 0 0 0 1 6.81731
0 0 0 0 1 6.79547
0 0 0 0 0 6.73156
0 0 0 0 1 6.67637
0 0 0 0 0 6.56691
0 0 0 0 1 6.57998
0 0 0 0 1 6.50596
0 0 0 0 1 6.52157
0 0 0 0 0 6.50604
0 0 0 0 0 6.39606
0 0 0 0 1 6.36169
0 0 0 0 1 6.29574
0 0 0 0 1 6.27425
0 0 0 0 1 6.29827
0 0 0 0 1 6.18311
0 0 0 0 0 6.15732
0 0 0 0 1 6.12358
0 0 0 0 1 6.15895
0 0 0 0 0 6.00959
0 0 0 0 1 6.00235
0 0 0 0 1 5.95892
0 0 0 0 1 5.96351
0 0 0 0 1 5.96188
0 0 0 0 0 5.89903
0 0 0 0 1 5.86201
0 0 0 0 1 5.87774
0 0 0 0 1 5.76708
0 0 0 0 1 5.80401
0 0 0 0 1 5.6984
0 0 0 0 0 5.771
0 0 0 0 1 5.7004
0 0 0 0 1 5.636
0 0 0 0 0 5.64157
0 0 0 0 1 5.64697
0 0 0 0 1 5.60554
0 0 0 0 1 5.54214
0 0 0 0 0 5.47371
0 0 0 0 1 5.54866
0 0 0 0 0 5.42961
0 0 0 0 1 5.40583
0 0 0 0 1 5.46884
0 0 0 0 1 5.40892
0 0 0 0 1 5.39584
0 0 0 0 0 5.30446
0 0 0 0 1 5.36623
0 0 0 0 1 5.27746
0 0 0 0 0 5.32807
0 0 0 0 1 5.22765
0 0 0 0 0 5.2203
0 0 0 0 1 5.23555
0 0 0 0 1 5.22986
0 0 0 0 0 5.15187
0 0 0 0 0 5.15483
0 0 0 0 1 5.09481
0 0 0 0 1 5.14045
0 0 0 0 1 5.09423
0 0 0 0 1 5.0129
0 0 0 0 0 4.98084
0 0 0 0 1 4.98575
0 0 0 0 1 4.94066
0 0 0 0 1 4.93065
0 0 0 0 1 4.96199
0 0 0 0 1 4.94199
0 0 0 0 1 4.95651
0 0 0 0 1 4.8925
0 0 0 0 0 4.8826
0 0 0 0 1 4.86302
0 0 0 0 1 4.83386
0 0 0 0 0 4.86922
0 0 0 0 1 4.78247
0 0 0 0 1 4.83686
0 0 0 0 1 4.79849
0 0 0 0 1 4.79844
0 0 0 0 0 4.70835
0 0 0 0 1 4.71008
0 0 0 0 1 4.68676
0 0 0 0 1 4.72921
0 0 0 0 1 4.68874
0 0 0 0 1 4.70292
0 0 0 0 0 4.69063
0 0 0 0 1 4.58575
0 0 0 0 1 4.60477
0 0 0 0 1 4.57767
0 0 0 0 0 4.59333
0 0 0 0 1 4.57555
0 0 0 0 1 4.51368
0 0 0 0 1 4.57344
0 0 0 0 1 4.56627
0 0 0 0 0 4.47217
0 0 0 0 1 4.47548
0 0 0 0 1 4.52126
0 0 0 0 1 4.51878
0 0 0 0 0 4.42148
0 0 0 0 1 4.45929
0 0 0 0 1 4.43815
0 0 0 0 1 4.46244
0 0 0 0 1 4.39407
0 0 0 0 1 4.38217
0 0 0 0 1 4.41957
0 0 0 0 1 4.35193
0 0 0 0 0 4.35437
0 0 0 0 1 4.3916
0 0 0 0 1 4.30199
0 0 0 0 0 4.27866
0 0 0 0 1 4.28563
0 0 0 0 1 4.3356
0 0 0 0 0 4.32014
0 0 0 0 1 4.30564
0 0 0 0 1 4.30403
0 0 0 0 1 4.25139
0 0 0 0 0 4.2747
0 0 0 0 1 4.21044
0 0 0 0 1 4.26411
0 0 0 0 1 4.20793
0 0 0 0 1 4.18148
0 0 0 0 1 4.20917
0 0 0 0 1 4.17458
0 0 0 0 1 4.16104
0 0 0 0 0 4.14343
0 0 0 0 0 4.14671
0 0 0 0 1 4.1583
0 0 0 0 1 4.09956
0 0 0 0 1 4.11127
0 0 0 0 0 4.14769
0 0 0 0 1 4.12234
0 0 0 0 1 4.08074
0 0 0 0 1 4.12939
0 0 0 0 1 4.07578
0 0 0 0 0 4.06726
0 0 0 0 1 4.10357
0 0 0 0 1 4.09106
0 0 0 0 1 4.05436
0 0 0 0 1 4.00977
0 0 0 0 1 4.05818
0 0 0 0 1 4.05815
0 0 0 0 0 3.9938
0 0 0 0 0 3.99798
0 0 0 0 1 4.03826
0 0 0 0 1 3.99446
0 0 0 0 1 3.95488
0 0 0 0 1 3.98721
0 0 0 0 0 3.99164
0 0 0 0 0 3.95246
0 0 0 0 1 3.97291
0 0 0 0 1 3.95775
0 0 0 0 1 3.95455
0 0 0 0 1 3.90415
0 0 0 0 1 3.97154
0 0 0 0 1 3.92134
0 0 0 0 1 3.91007
0 0 0 0 1 3.8798
0 0 0 0 1 3.91621
0 0 0 0 1 3.93304
0 0 0 0 0 3.90699
0 0 0 0 1 3.90056
0 0 0 0 1 3.87091
0 0 0 0 1 3.87944
0 0 0 0 1 3.85
0 0 0 0 0 3.89814
