0 0 0 0 0 5.56398
0 0 0 0 1 5.60645
0 0 0 0 1 5.57683
0 0 0 0 1 5.5608
0 0 0 0 1 5.53121
0 0 0 0 1 5.58549
0 0 0 0 1 5.54398
0 0 0 0 1 5.60976
0 0 0 0 1 5.64446
0 0 0 0 1 5.64335
0 0 0 0 1 5.64234
0 0 0 0 0 5.6922
0 0 0 0 0 5.63711
0 0 0 0 1 5.70992
0 0 0 0 0 5.70941
0 0 0 0 1 5.6883
0 0 0 0 1 5.67652
0 0 0 0 1 5.6762
0 0 0 0 1 5.70451
0 0 0 0 1 5.73113
0 0 0 0 1 5.7025
0 0 0 0 1 5.70826
0 0 0 0 1 5.70838
0 0 0 0 1 5.70282
0 0 0 0 1 5.73953
0 0 0 0 1 5.78618
0 0 0 0 1 5.81573
0 0 0 0 0 5.79904
0 0 0 0 0 5.77654
0 0 0 0 1 5.88227
0 0 0 0 1 5.79573
0 0 0 0 1 5.79248
0 0 0 0 1 5.84199
0 0 0 0 0 5.8784
0 0 0 0 0 5.8503
0 0 0 0 0 5.87524
0 0 0 0 0 5.92399
0 0 0 0 1 5.97303
0 0 0 0 1 5.93326
0 0 0 0 1 5.89932
0 0 0 0 1 5.93688
0 0 0 0 1 6.04046
0 0 0 0 1 5.95407
0 0 0 0 0 5.99213
0 0 0 0 1 6.0545
0 0 0 0 1 5.97846
0 0 0 0 0 5.99761
0 0 0 0 1 6.12738
0 0 0 0 1 6.12403
0 0 0 0 1 6.04754
0 0 0 0 0 6.09294
0 0 0 0 1 6.17536
0 0 0 0 1 6.15277
0 0 0 0 0 6.15068
0 0 0 0 1 6.14138
0 0 0 0 1 6.13824
0 0 0 0 1 6.17855
0 0 0 0 1 6.26169
0 0 0 0 1 6.27141
0 0 0 0 0 6.19361
0 0 0 0 1 6.22112
0 0 0 0 1 6.3127
0 0 0 0 1 6.24703
0 0 0 0 0 6.2949
0 0 0 0 0 6.33035
0 0 0 0 1 6.35246
0 0 0 0 0 6.40746
0 0 0 0 0 6.34675
0 0 0 0 1 6.38924
0 0 0 0 1 6.50855
0 0 0 0 1 6.42252
0 0 0 0 1 6.43894
0 0 0 0 1 6.51473
0 0 0 0 1 6.58441
0 0 0 0 1 6.51719
0 0 0 0 1 6.6063
0 0 0 0 1 6.53144
0 0 0 0 0 6.5492
0 0 0 0 1 6.59952
0 0 0 0 1 6.61029
0 0 0 0 0 6.73457
0 0 0 0 0 6.75308
0 0 0 0 1 6.77837
0 0 0 0 1 6.67532
0 0 0 0 1 6.74726
0 0 0 0 1 6.82648
0 0 0 0 0 6.74278
0 0 0 0 1 6.87717
0 0 0 0 1 6.79294
0 0 0 0 1 6.84578
0 0 0 0 1 6.84366
0 0 0 0 0 6.89054
0 0 0 0 0 7.02763
0 0 0 0 0 7.04696
0 0 0 0 1 7.0173
0 0 0 0 1 7.01549
0 0 0 0 1 6.99897
0 0 0 0 1 7.16723
0 0 0 0 1 7.08025
0 0 0 0 0 7.19274
0 0 0 0 1 7.2414
0 0 0 0 0 7.18949
0 0 0 0 1 7.2307
0 0 0 0 1 7.19991
0 0 0 0 1 7.37265
0 0 0 0 1 7.34926
0 0 0 0 1 7.42822
0 0 0 0 0 7.36071
0 0 0 0 1 7.46233
0 0 0 0 0 7.37843
0 0 0 0 1 7.46623
0 0 0 0 1 7.47905
0 0 0 0 1 7.47671
0 0 0 0 1 7.61835
0 0 0 0 0 7.60149
0 0 0 0 1 7.61451
0 0 0 0 1 7.66592
0 0 0 0 1 7.69445
0 0 0 0 1 7.78515
0 0 0 0 1 7.85312
0 0 0 0 1 7.77317
0 0 0 0 0 7.84916
0 0 0 0 1 7.98849
0 0 0 0 1 7.95458
0 0 0 0 1 7.95155
0 0 0 0 1 8.07723
0 0 0 0 0 8.09093
0 0 0 0 1 8.0235
0 0 0 0 1 8.1012
0 0 0 0 1 8.22095
0 0 0 0 1 8.27526
0 0 0 0 1 8.33812
0 0 0 0 1 8.2355
0 0 0 0 1 8.29816
0 0 0 0 1 8.43688
0 0 0 0 1 8.37379
0 0 0 0 1 8.42873
0 0 0 0 1 8.51813
0 0 0 0 1 8.60027
0 0 0 0 1 8.60448
0 0 0 0 0 8.73796
0 0 0 0 1 8.80337
0 0 0 0 1 8.74522
0 0 0 0 1 8.74963
0 0 0 0 0 8.86751
0 0 0 0 1 8.87895
0 0 0 0 1 8.99811
0 0 0 0 1 9.02761
0 0 0 0 1 9.09443
0 0 0 0 0 9.23393
0 0 0 0 1 9.17165
0 0 0 0 1 9.20089
0 0 0 0 1 9.39916
0 0 0 0 0 9.39044
0 0 0 0 1 9.41995
0 0 0 0 1 9.43849
0 0 0 0 1 9.54288
0 0 0 0 1 9.6879
0 0 0 0 1 9.7746
0 0 0 0 1 9.86177
0 0 0 0 1 9.75239
0 0 0 0 1 9.93975
0 0 0 0 1 9.99623
0 0 0 0 0 10.024
0 0 0 0 1 10.1511
0 0 0 0 1 10.2705
0 0 0 0 0 10.2556
0 0 0 0 1 10.3845
0 0 0 0 0 10.3285
0 0 0 0 0 10.5525
0 0 0 0 1 10.472
0 0 0 0 1 10.5792
0 0 0 0 0 10.6568
0 0 0 0 0 10.884
0 0 0 0 1 10.819
0 0 0 0 1 10.9301
0 0 0 0 1 11.1947
0 0 0 0 0 11.2589
0 0 0 0 1 11.3163
0 0 0 0 0 11.4708
0 0 0 0 1 11.5463
0 0 0 0 1 11.4599
0 0 0 0 1 11.7202
0 0 0 0 1 11.8161
0 0 0 0 1 11.8319
0 0 0 0 0 12.011
0 0 0 0 1 11.9623
0 0 0 0 0 12.0847
0 0 0 0 0 12.2011
0 0 0 0 0 12.5286
0 0 0 0 1 12.4756
0 0 0 0 1 12.5644
0 0 0 0 1 12.864
0 0 0 0 0 12.9412
0 0 0 0 1 12.9265
0 0 0 0 1 13.1982
0 0 0 0 1 13.3762
0 0 0 0 1 13.4789
0 0 0 0 1 13.4823
0 0 0 0 1 13.7977
0 0 0 0 1 13.9191
0 0 0 0 1 13.9563
0 0 0 0 0 14.2032
0 0 0 0 1 14.3191
0 0 0 0 1 14.4776
0 0 0 0 1 14.6948
0 0 0 0 1 14.9081
0 0 0 0 1 14.854
0 0 0 0 1 15.1726
0 0 0 0 1 15.4069
0 0 0 0 1 15.4321
0 0 0 0 1 15.5885
0 0 0 0 1 15.9598
0 0 0 0 1 16.0696
0 0 0 0 1 16.3916
0 0 0 0 1 16.5029
0 0 0 0 1 16.5454
0 0 0 0 1 16.9478
0 0 0 0 1 17.2206
0 0 0 0 1 17.2249
0 0 0 0 1 17.6022
0 0 0 0 0 18.011
0 0 0 0 1 18.2716
0 0 0 0 1 18.1839
0 0 0 0 1 18.5429
0 0 0 0 1 18.9145
0 0 0 0 1 15.0704
0 0 0 0 1 14.8417
0 0 0 0 0 15.0173
0 0 0 0 1 15.0583
0 0 0 0 1 15.0276
0 0 0 0 0 14.95
0 0 0 0 1 14.7984
0 0 0 0 0 15.0064
0 0 0 0 1 14.7962
0 0 0 0 1 14.7795
0 0 0 0 1 14.6914
0 0 0 0 1 14.912
0 0 0 0 0 14.7925
0 0 0 0 1 14.912
0 0 0 0 1 14.7639
0 0 0 0 0 14.6036
0 0 0 0 0 14.589
0 0 0 0 0 14.6336
0 0 0 0 0 14.6657
0 0 0 0 1 14.5638
0 0 0 0 0 14.7577
0 0 0 0 1 14.7151
0 0 0 0 1 14.748
0 0 0 0 1 14.5158
0 0 0 0 1 14.4907
0 0 0 0 1 14.7126
0 0 0 0 0 14.7171
0 0 0 0 1 14.691
0 0 0 0 1 14.7252
0 0 0 0 1 14.4536
0 0 0 0 1 14.6955
0 0 0 0 1 15.0666
0 0 0 0 1 15.6087
0 0 0 0 1 15.9128
0 0 0 0 1 16.493
0 0 0 0 1 17.0132
0 0 0 0 1 17.8618
0 0 0 0 0 18.3176
0 0 0 0 1 47.1209
0 0 0 0 1 48.0734
0 0 0 0 1 51.0226
0 0 0 0 1 52.3437
0 0 0 0 1 42.2125
0 0 0 0 1 42.1532
0 0 0 0 1 42.3066
0 0 0 0 1 42.4608
0 0 0 0 1 42.3187
0 0 0 0 1 42.3893
0 0 0 0 1 42.4182
0 0 0 0 1 42.3636
0 0 0 0 1 42.2666
0 0 0 0 1 42.5109
0 0 0 0 1 42.1184
0 0 0 0 1 45.3263
0 0 0 0 0 4.96491
0 0 0 0 0 4.97493
0 0 0 0 0 5.05008
0 0 0 0 0 5.00499
0 0 0 0 0 35.1997
0 0 0 0 1 35.7625
0 0 0 0 1 35.3346
0 0 0 0 0 35.2614
0 0 0 0 1 35.72
0 0 0 0 1 35.7543
0 0 0 0 1 35.754
0 0 0 0 1 35.4711
0 0 0 0 1 35.1181
0 0 0 0 0 35.1906
0 0 0 0 1 35.6533
0 0 0 0 1 35.3021
0 0 0 0 1 35.0581
0 0 0 0 0 4.97994
0 0 0 0 0 5.02002
0 0 0 0 0 5.05008
0 0 0 0 0 5.03004
0 0 0 0 0 4.99998
0 0 0 0 0 5.00499
0 0 0 0 0 4.97994
0 0 0 0 0 4.98996
0 0 0 0 0 5.01501
0 0 0 0 0 5.01501
0 0 0 0 1 99.5845
0 0 0 0 1 95.1085
0 0 0 0 1 24.5867
0 0 0 0 1 23.5466
0 0 0 0 1 22.2721
0 0 0 0 1 21.5181
0 0 0 0 1 20.7078
0 0 0 0 1 20.4709
0 0 0 0 1 20.6447
0 0 0 0 1 20.7163
0 0 0 0 1 20.4392
0 0 0 0 0 20.5732
0 0 0 0 0 20.3581
0 0 0 0 1 20.7605
0 0 0 0 1 20.6078
0 0 0 0 1 20.7643
0 0 0 0 1 20.4061
0 0 0 0 1 20.4809
0 0 0 0 1 20.8054
0 0 0 0 0 20.7161
0 0 0 0 0 20.8544
0 0 0 0 1 20.7037
0 0 0 0 1 20.5532
0 0 0 0 1 20.7963
0 0 0 0 1 20.75
0 0 0 0 0 20.6643
0 0 0 0 1 20.9715
0 0 0 0 1 20.6561
0 0 0 0 1 20.9021
0 0 0 0 1 37.0194
0 0 0 0 1 35.9929
0 0 0 0 1 35.8863
0 0 0 0 1 35.176
0 0 0 0 0 34.032
0 0 0 0 1 33.2133
0 0 0 0 1 33.1443
0 0 0 0 1 32.3096
0 0 0 0 1 31.5571
0 0 0 0 1 31.0891
0 0 0 0 1 30.3624
0 0 0 0 1 29.983
0 0 0 0 1 29.2439
0 0 0 0 1 29.2008
0 0 0 0 1 28.3818
0 0 0 0 0 28.0156
0 0 0 0 1 27.4631
0 0 0 0 1 27.0331
0 0 0 0 0 26.9352
0 0 0 0 1 26.4604
0 0 0 0 1 26.301
0 0 0 0 0 25.4872
0 0 0 0 0 25.5309
0 0 0 0 1 25.1242
0 0 0 0 1 24.5718
0 0 0 0 1 24.3841
0 0 0 0 1 24.1068
0 0 0 0 1 23.5452
0 0 0 0 1 23.4056
0 0 0 0 1 22.8804
0 0 0 0 0 22.8066
0 0 0 0 1 22.2079
0 0 0 0 1 22.035
0 0 0 0 1 21.8635
0 0 0 0 1 21.5666
0 0 0 0 0 21.219
0 0 0 0 1 21.2093
0 0 0 0 1 21.0902
0 0 0 0 1 20.8242
0 0 0 0 0 20.3737
0 0 0 0 1 20.3633
0 0 0 0 0 19.848
0 0 0 0 1 19.903
0 0 0 0 1 19.5022
0 0 0 0 1 19.2125
0 0 0 0 1 19.2402
0 0 0 0 1 18.8183
0 0 0 0 1 18.8137
0 0 0 0 0 18.5737
0 0 0 0 1 18.5096
0 0 0 0 1 18.2617
0 0 0 0 1 17.9794
0 0 0 0 1 18.0116
0 0 0 0 1 17.7403
0 0 0 0 0 17.4537
0 0 0 0 1 17.2045
0 0 0 0 1 17.2321
0 0 0 0 1 16.9251
0 0 0 0 1 17.043
0 0 0 0 1 16.6714
0 0 0 0 1 16.6777
0 0 0 0 0 16.5666
0 0 0 0 0 16.1947
0 0 0 0 1 16.0692
0 0 0 0 1 15.8814
0 0 0 0 1 15.9086
0 0 0 0 0 15.8142
0 0 0 0 1 15.5583
0 0 0 0 1 15.582
0 0 0 0 0 15.3969
0 0 0 0 1 15.1368
0 0 0 0 1 15.2968
0 0 0 0 1 14.9181
0 0 0 0 1 15.0058
0 0 0 0 1 14.9454
0 0 0 0 1 14.729
0 0 0 0 1 14.4708
0 0 0 0 1 14.4261
0 0 0 0 1 14.2228
0 0 0 0 1 14.3492
0 0 0 0 1 14.1045
0 0 0 0 1 14.0308
0 0 0 0 1 13.8538
0 0 0 0 1 13.739
0 0 0 0 0 13.7984
0 0 0 0 1 13.7928
0 0 0 0 0 13.708
0 0 0 0 1 13.3991
0 0 0 0 1 13.4419
0 0 0 0 1 13.3367
0 0 0 0 1 13.1608
0 0 0 0 0 13.2625
0 0 0 0 0 13.1922
0 0 0 0 1 13.0441
0 0 0 0 1 13.0261
0 0 0 0 1 12.9133
0 0 0 0 1 12.7164
0 0 0 0 1 12.6353
0 0 0 0 1 12.575
0 0 0 0 1 12.5818
0 0 0 0 1 12.3677
0 0 0 0 1 12.2464
0 0 0 0 1 12.3023
0 0 0 0 1 12.2549
0 0 0 0 1 12.0738
0 0 0 0 1 12.1437
0 0 0 0 1 11.948
0 0 0 0 1 12.009
0 0 0 0 1 11.9697
0 0 0 0 1 11.7334
0 0 0 0 0 11.8478
0 0 0 0 1 11.8086
0 0 0 0 0 11.7112
0 0 0 0 1 11.6491
0 0 0 0 1 11.4377
0 0 0 0 0 11.457
0 0 0 0 1 11.3048
0 0 0 0 1 11.2521
0 0 0 0 0 11.3348
0 0 0 0 1 11.2966
0 0 0 0 1 11.2102
0 0 0 0 1 11.0835
0 0 0 0 0 10.954
0 0 0 0 1 10.9356
0 0 0 0 1 11.0155
0 0 0 0 1 11.0072
0 0 0 0 1 10.912
0 0 0 0 1 10.8282
0 0 0 0 1 10.8308
0 0 0 0 1 10.7904
0 0 0 0 1 10.6862
0 0 0 0 1 10.5229
0 0 0 0 1 10.5365
0 0 0 0 1 10.5708
0 0 0 0 1 10.3954
0 0 0 0 1 10.3428
0 0 0 0 1 10.3873
0 0 0 0 1 10.4071
0 0 0 0 1 10.293
0 0 0 0 0 10.3026
0 0 0 0 1 10.1691
0 0 0 0 1 10.2498
0 0 0 0 1 10.0667
0 0 0 0 0 9.97902
0 0 0 0 1 10.0992
0 0 0 0 1 10.0784
0 0 0 0 1 10.0477
0 0 0 0 1 9.8157
0 0 0 0 0 9.8157
0 0 0 0 1 9.82217
0 0 0 0 1 9.75332
0 0 0 0 0 9.77278
0 0 0 0 1 9.73364
0 0 0 0 1 9.62365
0 0 0 0 0 9.60452
0 0 0 0 0 9.54373
0 0 0 0 0 9.66546
0 0 0 0 0 9.56973
0 0 0 0 1 9.43337
0 0 0 0 1 9.49082
0 0 0 0 0 9.50679
0 0 0 0 0 9.50378
0 0 0 0 1 9.46636
0 0 0 0 0 9.3138
0 0 0 0 1 9.29269
0 0 0 0 1 9.35211
0 0 0 0 1 9.31561
0 0 0 0 1 9.14694
0 0 0 0 1 9.18174
0 0 0 0 1 9.09708
0 0 0 0 1 9.17749
0 0 0 0 1 9.19359
0 0 0 0 1 9.11876
0 0 0 0 1 9.09872
0 0 0 0 1 9.11491
0 0 0 0 1 8.91174
0 0 0 0 1 9.04509
0 0 0 0 1 9.01333
0 0 0 0 1 8.9761
0 0 0 0 1 8.86795
0 0 0 0 1 8.80484
0 0 0 0 0 8.81286
0 0 0 0 1 8.86158
0 0 0 0 0 8.75516
0 0 0 0 1 8.80716
0 0 0 0 1 8.69477
0 0 0 0 1 8.74677
0 0 0 0 0 8.63854
0 0 0 0 1 8.68183
0 0 0 0 0 8.66094
0 0 0 0 1 8.63502
0 0 0 0 1 8.53698
0 0 0 0 1 8.51167
0 0 0 0 1 8.57717
0 0 0 0 0 8.58614
0 0 0 0 1 8.49796
0 0 0 0 1 8.53766
0 0 0 0 0 8.51791
0 0 0 0 1 8.38837
0 0 0 0 1 8.37759
0 0 0 0 1 8.44629
0 0 0 0 1 8.38521
0 0 0 0 1 8.32446
0 0 0 0 1 8.4061
0 0 0 0 1 8.26233
0 0 0 0 1 8.28939
0 0 0 0 0 8.22142
0 0 0 0 1 8.2697
0 0 0 0 1 8.27277
0 0 0 0 0 8.26317
0 0 0 0 1 8.14671
0 0 0 0 1 8.16222
0 0 0 0 1 8.26787
0 0 0 0 0 8.1851
0 0 0 0 1 8.23332
0 0 0 0 1 8.18372
0 0 0 0 1 8.18317
0 0 0 0 1 8.04485
0 0 0 0 1 8.06096
0 0 0 0 1 8.06903
0 0 0 0 1 8.12554
0 0 0 0 1 7.98472
0 0 0 0 1 8.09761
0 0 0 0 1 8.07387
0 0 0 0 1 8.06633
0 0 0 0 1 8.05095
0 0 0 0 1 8.02357
0 0 0 0 1 7.88115
0 0 0 0 1 7.91419
0 0 0 0 1 7.88377
0 0 0 0 1 7.95651
0 0 0 0 1 7.82715
0 0 0 0 1 7.95522
0 0 0 0 1 7.89389
0 0 0 0 1 7.93073
0 0 0 0 1 7.77897
0 0 0 0 1 7.81267
0 0 0 0 0 7.87771
0 0 0 0 1 7.84885
0 0 0 0 0 7.80004
0 0 0 0 1 7.78724
0 0 0 0 1 7.80574
0 0 0 0 1 7.80414
0 0 0 0 1 7.73745
0 0 0 0 0 7.76713
