0 0 0 0 1 5.50851
0 0 0 0 1 5.53978
0 0 0 0 0 5.5824
0 0 0 0 1 5.59981
0 0 0 0 0 5.57028
0 0 0 0 1 5.60786
0 0 0 0 1 5.64468
0 0 0 0 1 5.63778
0 0 0 0 0 5.59957
0 0 0 0 1 5.64897
0 0 0 0 1 5.6536
0 0 0 0 1 5.63579
0 0 0 0 0 5.61452
0 0 0 0 1 5.67031
0 0 0 0 1 5.63003
0 0 0 0 1 5.72236
0 0 0 0 1 5.72771
0 0 0 0 1 5.75598
0 0 0 0 1 5.6988
0 0 0 0 1 5.65685
0 0 0 0 1 5.7483
0 0 0 0 1 5.68531
0 0 0 0 0 5.76011
0 0 0 0 0 5.71434
0 0 0 0 1 5.73953
0 0 0 0 1 5.80352
0 0 0 0 1 5.74622
0 0 0 0 1 5.86289
0 0 0 0 1 5.80562
0 0 0 0 1 5.83563
0 0 0 0 1 5.86
0 0 0 0 1 5.86269
0 0 0 0 1 5.83613
0 0 0 0 1 5.93125
0 0 0 0 1 5.90327
0 0 0 0 1 5.85164
0 0 0 0 0 5.95355
0 0 0 0 0 5.87229
0 0 0 0 1 5.87981
0 0 0 0 1 5.93504
0 0 0 0 1 5.94285
0 0 0 0 1 6.0285
0 0 0 0 0 5.94808
0 0 0 0 1 6.02816
0 0 0 0 1 6.07857
0 0 0 0 0 6.05085
0 0 0 0 1 6.06419
0 0 0 0 1 6.07278
0 0 0 0 1 6.06321
0 0 0 0 0 6.08412
0 0 0 0 1 6.13572
0 0 0 0 0 6.08347
0 0 0 0 1 6.11589
0 0 0 0 1 6.12605
0 0 0 0 1 6.18458
0 0 0 0 1 6.20012
0 0 0 0 1 6.2654
0 0 0 0 1 6.28037
0 0 0 0 1 6.22149
0 0 0 0 1 6.26243
0 0 0 0 1 6.23368
0 0 0 0 0 6.23718
0 0 0 0 1 6.2912
0 0 0 0 1 6.30755
0 0 0 0 0 6.36841
0 0 0 0 1 6.33337
0 0 0 0 1 6.38831
0 0 0 0 0 6.46843
0 0 0 0 1 6.35713
0 0 0 0 1 6.39255
0 0 0 0 1 6.5259
0 0 0 0 1 6.54269
0 0 0 0 0 6.52124
0 0 0 0 1 6.57789
0 0 0 0 1 6.55641
0 0 0 0 0 6.57349
0 0 0 0 1 6.51827
0 0 0 0 0 6.61522
0 0 0 0 1 6.68566
0 0 0 0 1 6.62359
0 0 0 0 1 6.62111
0 0 0 0 1 6.6393
0 0 0 0 1 6.64415
0 0 0 0 1 6.69553
0 0 0 0 1 6.73374
0 0 0 0 1 6.83326
0 0 0 0 0 6.83813
0 0 0 0 1 6.78146
0 0 0 0 1 6.82725
0 0 0 0 1 6.89399
0 0 0 0 1 6.8644
0 0 0 0 0 7.00146
0 0 0 0 1 6.90239
0 0 0 0 1 7.03998
0 0 0 0 0 6.94018
0 0 0 0 1 6.96623
0 0 0 0 1 7.09795
0 0 0 0 1 7.06788
0 0 0 0 1 7.05176
0 0 0 0 1 7.13554
0 0 0 0 1 7.16963
0 0 0 0 0 7.23272
0 0 0 0 1 7.25241
0 0 0 0 1 7.23623
0 0 0 0 1 7.32886
0 0 0 0 0 7.33461
0 0 0 0 0 7.30307
0 0 0 0 1 7.34594
0 0 0 0 1 7.45491
0 0 0 0 1 7.39334
0 0 0 0 1 7.5186
0 0 0 0 0 7.47905
0 0 0 0 1 7.6202
0 0 0 0 1 7.57282
0 0 0 0 1 7.59387
0 0 0 0 1 7.61451
0 0 0 0 0 7.73512
0 0 0 0 1 7.65582
0 0 0 0 1 7.73858
0 0 0 0 1 7.80632
0 0 0 0 0 7.8671
0 0 0 0 1 7.8177
0 0 0 0 1 7.90148
0 0 0 0 1 8.0261
0 0 0 0 1 8.00749
0 0 0 0 1 7.96482
0 0 0 0 1 8.08287
0 0 0 0 1 8.14507
0 0 0 0 1 8.2153
0 0 0 0 1 8.22095
0 0 0 0 0 8.20939
0 0 0 0 1 8.3464
0 0 0 0 1 8.35196
0 0 0 0 1 8.38181
0 0 0 0 1 8.37799
0 0 0 0 1 8.50912
0 0 0 0 1 8.57332
0 0 0 0 1 8.63786
0 0 0 0 1 8.62605
0 0 0 0 1 8.55265
0 0 0 0 0 8.65971
0 0 0 0 1 8.6635
0 0 0 0 1 8.81561
0 0 0 0 1 8.8115
0 0 0 0 0 8.97424
0 0 0 0 1 8.8879
0 0 0 0 1 8.92606
0 0 0 0 1 9.10012
0 0 0 0 1 9.19467
0 0 0 0 1 9.10556
0 0 0 0 1 9.31928
0 0 0 0 1 9.30302
0 0 0 0 1 9.32449
0 0 0 0 0 9.31524
0 0 0 0 1 9.52399
0 0 0 0 1 9.59088
0 0 0 0 1 9.51411
0 0 0 0 1 9.69755
0 0 0 0 1 9.80375
0 0 0 0 1 9.82264
0 0 0 0 1 9.86075
0 0 0 0 1 9.84065
0 0 0 0 0 9.91634
0 0 0 0 0 9.9838
0 0 0 0 1 10.0599
0 0 0 0 1 10.1583
0 0 0 0 1 10.194
0 0 0 0 1 10.2499
0 0 0 0 1 10.3181
0 0 0 0 1 10.521
0 0 0 0 1 10.673
0 0 0 0 0 10.6432
0 0 0 0 1 10.7213
0 0 0 0 1 10.7866
0 0 0 0 1 10.8408
0 0 0 0 1 10.9631
0 0 0 0 0 11.1614
0 0 0 0 1 11.2924
0 0 0 0 0 11.1812
0 0 0 0 1 11.4254
0 0 0 0 1 11.4089
0 0 0 0 0 11.5639
0 0 0 0 1 11.627
0 0 0 0 1 11.8396
0 0 0 0 1 11.8082
0 0 0 0 1 11.8435
0 0 0 0 1 12.0105
0 0 0 0 0 12.0847
0 0 0 0 1 12.1888
0 0 0 0 1 12.5038
0 0 0 0 1 12.4631
0 0 0 0 0 12.577
0 0 0 0 0 12.8768
0 0 0 0 1 12.8897
0 0 0 0 1 13.0176
0 0 0 0 1 13.08
0 0 0 0 1 13.1904
0 0 0 0 0 13.4253
0 0 0 0 1 13.4417
0 0 0 0 1 13.702
0 0 0 0 1 13.7256
0 0 0 0 1 13.9284
0 0 0 0 1 14.1326
0 0 0 0 1 14.2477
0 0 0 0 1 14.391
0 0 0 0 1 14.7385
0 0 0 0 1 14.8491
0 0 0 0 1 14.8391
0 0 0 0 0 15.1877
0 0 0 0 1 15.1623
0 0 0 0 1 15.3084
0 0 0 0 0 15.7607
0 0 0 0 1 15.9757
0 0 0 0 1 15.9093
0 0 0 0 1 16.2779
0 0 0 0 1 16.3713
0 0 0 0 1 16.7787
0 0 0 0 0 16.7959
0 0 0 0 0 17.2206
0 0 0 0 1 17.4677
0 0 0 0 1 17.4966
0 0 0 0 1 17.7257
0 0 0 0 1 18.1993
0 0 0 0 1 18.3674
0 0 0 0 0 18.5429
0 0 0 0 0 19.0657
0 0 0 0 0 15.1004
0 0 0 0 1 15.0811
0 0 0 0 0 14.8977
0 0 0 0 0 14.8046
0 0 0 0 1 14.7891
0 0 0 0 0 14.8755
0 0 0 0 1 14.9917
0 0 0 0 0 14.9916
0 0 0 0 0 14.6924
0 0 0 0 1 14.7943
0 0 0 0 0 14.6914
0 0 0 0 0 14.8528
0 0 0 0 0 14.8812
0 0 0 0 0 14.7792
0 0 0 0 1 14.7196
0 0 0 0 1 14.692
0 0 0 0 0 14.7068
0 0 0 0 1 14.6336
0 0 0 0 0 14.7098
0 0 0 0 0 14.6225
0 0 0 0 1 14.7284
0 0 0 0 1 14.7005
0 0 0 0 1 14.6894
0 0 0 0 1 14.6475
0 0 0 0 1 14.5492
0 0 0 0 0 14.4934
0 0 0 0 1 14.6879
0 0 0 0 1 14.7056
0 0 0 0 1 14.6377
0 0 0 0 1 14.6721
0 0 0 0 1 14.5344
0 0 0 0 1 15.1421
0 0 0 0 1 15.6087
0 0 0 0 1 15.9449
0 0 0 0 1 16.493
0 0 0 0 1 17.305
0 0 0 0 1 17.9152
0 0 0 0 1 18.2439
0 0 0 0 1 46.8874
0 0 0 0 1 48.6076
0 0 0 0 0 50.4663
0 0 0 0 1 52.3437
0 0 0 0 1 42.7662
0 0 0 0 0 42.7493
0 0 0 0 0 42.9876
0 0 0 0 1 42.3331
0 0 0 0 1 42.5739
0 0 0 0 1 42.4318
0 0 0 0 1 42.6732
0 0 0 0 1 42.9159
0 0 0 0 1 42.0542
0 0 0 0 0 42.5958
0 0 0 0 1 42.3307
0 0 0 0 0 44.877
0 0 0 0 0 5.04006
0 0 0 0 0 4.96992
0 0 0 0 0 5.03004
0 0 0 0 0 5.05509
0 0 0 0 1 35.5539
0 0 0 0 0 35.1959
0 0 0 0 1 35.2992
0 0 0 0 1 35.4738
0 0 0 0 0 35.4722
0 0 0 0 1 35.3649
0 0 0 0 1 35.6124
0 0 0 0 1 35.2587
0 0 0 0 0 35.366
0 0 0 0 0 35.3322
0 0 0 0 1 35.6179
0 0 0 0 1 35.2667
0 0 0 0 0 35.2352
0 0 0 0 0 4.97493
0 0 0 0 0 5.0601
0 0 0 0 0 4.97994
0 0 0 0 0 5.03004
0 0 0 0 0 5.04006
0 0 0 0 0 5.00499
0 0 0 0 0 4.99497
0 0 0 0 0 5.03004
0 0 0 0 0 5.05509
0 0 0 0 0 4.9599
0 0 0 0 1 99.2851
0 0 0 0 1 93.8831
0 0 0 0 0 24.5125
0 0 0 0 1 23.2881
0 0 0 0 0 22.1826
0 0 0 0 1 21.4327
0 0 0 0 1 20.3387
0 0 0 0 1 20.3068
0 0 0 0 1 20.6241
0 0 0 0 1 20.7368
0 0 0 0 1 20.7267
0 0 0 0 1 20.491
0 0 0 0 1 20.5226
0 0 0 0 1 20.637
0 0 0 0 0 20.7931
0 0 0 0 1 20.6819
0 0 0 0 1 20.7771
0 0 0 0 1 20.5428
0 0 0 0 1 20.6609
0 0 0 0 1 20.4889
0 0 0 0 1 20.6477
0 0 0 0 1 20.6003
0 0 0 0 1 20.7809
0 0 0 0 1 20.8585
0 0 0 0 1 20.5634
0 0 0 0 1 20.5605
0 0 0 0 1 20.9092
0 0 0 0 1 20.9263
0 0 0 0 1 20.9021
0 0 0 0 0 36.9823
0 0 0 0 1 36.1019
0 0 0 0 1 35.7796
0 0 0 0 0 34.8971
0 0 0 0 1 34.4421
0 0 0 0 0 33.3138
0 0 0 0 1 32.7168
0 0 0 0 1 32.2451
0 0 0 0 0 31.3987
0 0 0 0 0 31.0268
0 0 0 0 1 30.8211
0 0 0 0 1 30.013
0 0 0 0 1 29.4507
0 0 0 0 1 28.8812
0 0 0 0 1 28.639
0 0 0 0 1 27.9875
0 0 0 0 1 27.5461
0 0 0 0 0 27.0604
0 0 0 0 1 26.5864
0 0 0 0 0 26.3018
0 0 0 0 1 26.0666
0 0 0 0 1 25.6155
0 0 0 0 1 25.1008
0 0 0 0 1 25.1242
0 0 0 0 1 24.375
0 0 0 0 1 24.3599
0 0 0 0 1 24.1546
0 0 0 0 1 23.3799
0 0 0 0 1 23.1491
0 0 0 0 0 22.9264
0 0 0 0 1 22.5112
0 0 0 0 1 22.3425
0 0 0 0 1 22.2345
0 0 0 0 1 22.0167
0 0 0 0 0 21.6964
0 0 0 0 1 21.1762
0 0 0 0 1 21.0614
0 0 0 0 1 21.0276
0 0 0 0 0 20.6591
0 0 0 0 1 20.2512
0 0 0 0 1 20.1413
0 0 0 0 1 20.1076
0 0 0 0 1 19.903
0 0 0 0 1 19.4826
0 0 0 0 1 19.2899
0 0 0 0 1 18.9724
0 0 0 0 1 18.894
0 0 0 0 1 18.6638
0 0 0 0 0 18.7036
0 0 0 0 0 18.2525
0 0 0 0 0 18.2435
0 0 0 0 1 18.0515
0 0 0 0 0 17.8154
0 0 0 0 0 17.7226
0 0 0 0 1 17.3312
0 0 0 0 1 17.4126
0 0 0 0 1 17.3524
0 0 0 0 1 16.9592
0 0 0 0 0 16.8574
0 0 0 0 1 16.7718
0 0 0 0 1 16.7274
0 0 0 0 1 16.3201
0 0 0 0 1 16.1458
0 0 0 0 0 16.0046
0 0 0 0 1 16.1057
0 0 0 0 1 15.7496
0 0 0 0 1 15.7827
0 0 0 0 0 15.5427
0 0 0 0 1 15.3804
0 0 0 0 1 15.2739
0 0 0 0 1 15.1674
0 0 0 0 0 15.2513
0 0 0 0 1 15.0834
0 0 0 0 1 15.0058
0 0 0 0 1 14.8122
0 0 0 0 1 14.5822
0 0 0 0 0 14.6748
0 0 0 0 0 14.3537
0 0 0 0 1 14.4814
0 0 0 0 1 14.3065
0 0 0 0 1 14.1895
0 0 0 0 1 14.1855
0 0 0 0 1 13.9375
0 0 0 0 1 13.7668
0 0 0 0 1 13.702
0 0 0 0 1 13.7381
0 0 0 0 1 13.5993
0 0 0 0 1 13.5205
0 0 0 0 0 13.3481
0 0 0 0 1 13.2169
0 0 0 0 0 13.1741
0 0 0 0 1 13.0784
0 0 0 0 1 13.1661
0 0 0 0 0 13.109
0 0 0 0 1 12.7811
0 0 0 0 1 12.7722
0 0 0 0 1 12.6272
0 0 0 0 1 12.7872
0 0 0 0 1 12.6002
0 0 0 0 1 12.6194
0 0 0 0 1 12.405
0 0 0 0 1 12.2711
0 0 0 0 1 12.3515
0 0 0 0 1 12.1938
0 0 0 0 0 12.1588
0 0 0 0 0 12.047
0 0 0 0 1 12.0682
0 0 0 0 1 11.8895
0 0 0 0 0 11.7676
0 0 0 0 1 11.698
0 0 0 0 1 11.8243
0 0 0 0 1 11.6449
0 0 0 0 1 11.5135
0 0 0 0 1 11.6491
0 0 0 0 1 11.4722
0 0 0 0 1 11.4226
0 0 0 0 1 11.2935
0 0 0 0 1 11.2747
0 0 0 0 1 11.2897
0 0 0 0 1 11.1732
0 0 0 0 1 11.2549
0 0 0 0 0 11.0168
0 0 0 0 1 11.142
0 0 0 0 1 11.0676
0 0 0 0 1 10.9389
0 0 0 0 1 11.0072
0 0 0 0 1 10.8252
0 0 0 0 1 10.7634
0 0 0 0 1 10.7019
0 0 0 0 1 10.769
0 0 0 0 1 10.633
0 0 0 0 1 10.7032
0 0 0 0 1 10.5788
0 0 0 0 1 10.4867
0 0 0 0 1 10.4267
0 0 0 0 1 10.3741
0 0 0 0 1 10.4598
0 0 0 0 1 10.2936
0 0 0 0 0 10.3856
0 0 0 0 0 10.1489
0 0 0 0 0 10.1691
0 0 0 0 0 10.1178
0 0 0 0 1 10.1072
0 0 0 0 1 10.1703
0 0 0 0 1 10.0591
0 0 0 0 1 9.89862
0 0 0 0 1 9.85872
0 0 0 0 1 9.86527
0 0 0 0 0 9.82557
0 0 0 0 1 9.76312
0 0 0 0 1 9.77292
0 0 0 0 0 9.78254
0 0 0 0 1 9.62667
0 0 0 0 1 9.76902
0 0 0 0 0 9.67209
0 0 0 0 1 9.60145
0 0 0 0 1 9.57917
0 0 0 0 1 9.46468
0 0 0 0 1 9.50952
0 0 0 0 1 9.38652
0 0 0 0 1 9.41229
0 0 0 0 1 9.42843
0 0 0 0 1 9.35378
0 0 0 0 1 9.36055
0 0 0 0 1 9.22744
0 0 0 0 1 9.25914
0 0 0 0 1 9.24153
0 0 0 0 1 9.22078
0 0 0 0 1 9.12653
0 0 0 0 1 9.23463
0 0 0 0 0 9.10436
0 0 0 0 1 9.16626
0 0 0 0 1 9.10059
0 0 0 0 1 8.99008
0 0 0 0 0 9.11491
0 0 0 0 1 9.06477
0 0 0 0 1 8.96433
0 0 0 0 1 8.86117
0 0 0 0 1 9.01179
0 0 0 0 1 8.92132
0 0 0 0 1 8.90238
0 0 0 0 1 8.75982
0 0 0 0 0 8.87922
0 0 0 0 1 8.70242
0 0 0 0 1 8.81592
0 0 0 0 1 8.78225
0 0 0 0 0 8.65956
0 0 0 0 0 8.76033
0 0 0 0 1 8.65581
0 0 0 0 0 8.6869
0 0 0 0 0 8.57463
0 0 0 0 1 8.66606
0 0 0 0 1 8.66611
0 0 0 0 0 8.48301
0 0 0 0 1 8.552
0 0 0 0 1 8.57459
0 0 0 0 1 8.58014
0 0 0 0 1 8.56028
0 0 0 0 1 8.39682
0 0 0 0 1 8.37759
0 0 0 0 1 8.49677
0 0 0 0 1 8.46914
0 0 0 0 1 8.45845
0 0 0 0 1 8.4061
0 0 0 0 1 8.37905
0 0 0 0 1 8.35591
0 0 0 0 1 8.2629
0 0 0 0 1 8.24487
0 0 0 0 1 8.21492
0 0 0 0 1 8.18895
0 0 0 0 0 8.25369
0 0 0 0 1 8.26075
0 0 0 0 1 8.15316
0 0 0 0 1 8.11151
0 0 0 0 1 8.0946
0 0 0 0 0 8.086
0 0 0 0 1 8.13441
0 0 0 0 1 8.06107
0 0 0 0 1 8.07715
0 0 0 0 1 8.02057
0 0 0 0 1 8.07717
0 0 0 0 1 7.97667
0 0 0 0 1 7.99318
0 0 0 0 0 8.00171
0 0 0 0 1 8.06633
0 0 0 0 1 8.05095
0 0 0 0 0 8.02357
0 0 0 0 1 7.93688
0 0 0 0 1 7.96187
0 0 0 0 1 7.85998
0 0 0 0 1 7.93276
0 0 0 0 1 7.97737
0 0 0 0 0 7.91576
0 0 0 0 0 7.80723
0 0 0 0 1 7.82058
0 0 0 0 0 7.90469
0 0 0 0 1 7.78913
0 0 0 0 0 7.83855
0 0 0 0 1 7.79413
0 0 0 0 1 7.88593
0 0 0 0 1 7.72488
0 0 0 0 0 7.75905
0 0 0 0 1 7.71863
0 0 0 0 1 7.79954
0 0 0 0 1 7.68961
