0 0 0 0 1 5.60282
0 0 0 0 1 5.55089
0 0 0 0 1 5.54344
0 0 0 0 1 5.54966
0 0 0 0 1 5.62609
0 0 0 0 0 5.63581
0 0 0 0 1 5.58873
0 0 0 0 1 5.55372
0 0 0 0 0 5.63324
0 0 0 0 1 5.67707
0 0 0 0 1 5.6536
0 0 0 0 1 5.65271
0 0 0 0 1 5.60322
0 0 0 0 1 5.67597
0 0 0 0 1 5.67539
0 0 0 0 0 5.62018
0 0 0 0 1 5.74478
0 0 0 0 1 5.70469
0 0 0 0 1 5.6988
0 0 0 0 1 5.76542
0 0 0 0 1 5.67387
0 0 0 0 1 5.69105
0 0 0 0 1 5.79461
0 0 0 0 1 5.78347
0 0 0 0 0 5.79144
0 0 0 0 1 5.77462
0 0 0 0 1 5.7578
0 0 0 0 1 5.7526
0 0 0 0 0 5.87543
0 0 0 0 1 5.88227
0 0 0 0 1 5.86
0 0 0 0 1 5.9095
0 0 0 0 0 5.83613
0 0 0 0 0 5.86666
0 0 0 0 1 5.89739
0 0 0 0 0 5.86934
0 0 0 0 1 5.91808
0 0 0 0 1 5.93747
0 0 0 0 1 5.88575
0 0 0 0 0 5.94099
0 0 0 0 1 5.95478
0 0 0 0 1 6.01056
0 0 0 0 1 6.00199
0 0 0 0 1 6.02816
0 0 0 0 1 6.00635
0 0 0 0 1 6.08705
0 0 0 0 1 6.06419
0 0 0 0 0 6.10311
0 0 0 0 0 6.13619
0 0 0 0 1 6.07193
0 0 0 0 1 6.11739
0 0 0 0 1 6.07122
0 0 0 0 1 6.1835
0 0 0 0 0 6.1753
0 0 0 0 1 6.16606
0 0 0 0 1 6.13824
0 0 0 0 1 6.23438
0 0 0 0 0 6.18078
0 0 0 0 1 6.25269
0 0 0 0 1 6.2374
0 0 0 0 1 6.23368
0 0 0 0 1 6.23088
0 0 0 0 1 6.32275
0 0 0 0 1 6.2949
0 0 0 0 1 6.33669
0 0 0 0 1 6.39066
0 0 0 0 0 6.40746
0 0 0 0 1 6.46843
0 0 0 0 1 6.35713
0 0 0 0 1 6.40544
0 0 0 0 0 6.49359
0 0 0 0 1 6.4584
0 0 0 0 1 6.53424
0 0 0 0 1 6.58441
0 0 0 0 1 6.58255
0 0 0 0 1 6.6063
0 0 0 0 0 6.54461
0 0 0 0 1 6.64823
0 0 0 0 1 6.68566
0 0 0 0 0 6.60364
0 0 0 0 1 6.63446
0 0 0 0 0 6.65268
0 0 0 0 1 6.65757
0 0 0 0 1 6.76963
0 0 0 0 0 6.7405
0 0 0 0 1 6.71791
0 0 0 0 1 6.87219
0 0 0 0 1 6.82248
0 0 0 0 1 6.79981
0 0 0 0 1 6.83889
0 0 0 0 1 6.88513
0 0 0 0 1 6.97373
0 0 0 0 0 6.93022
0 0 0 0 1 6.97712
0 0 0 0 1 7.00328
0 0 0 0 1 7.00141
0 0 0 0 1 7.02018
0 0 0 0 1 7.11046
0 0 0 0 1 7.14436
0 0 0 0 1 7.10694
0 0 0 0 1 7.23422
0 0 0 0 0 7.24713
0 0 0 0 0 7.20898
0 0 0 0 0 7.29436
0 0 0 0 1 7.35805
0 0 0 0 1 7.37124
0 0 0 0 1 7.28834
0 0 0 0 1 7.44192
0 0 0 0 1 7.46975
0 0 0 0 0 7.50513
0 0 0 0 1 7.45875
0 0 0 0 0 7.53918
0 0 0 0 1 7.52202
0 0 0 0 1 7.61076
0 0 0 0 1 7.66243
0 0 0 0 0 7.60686
0 0 0 0 1 7.67361
0 0 0 0 1 7.7717
0 0 0 0 1 7.83948
0 0 0 0 0 7.82192
0 0 0 0 1 7.84362
0 0 0 0 1 7.88062
0 0 0 0 1 7.89357
0 0 0 0 1 7.86717
0 0 0 0 1 7.96753
0 0 0 0 1 8.03708
0 0 0 0 1 8.10707
0 0 0 0 0 8.06403
0 0 0 0 1 8.19085
0 0 0 0 0 8.23733
0 0 0 0 1 8.21762
0 0 0 0 1 8.2636
0 0 0 0 1 8.36028
0 0 0 0 1 8.33162
0 0 0 0 1 8.37799
0 0 0 0 0 8.42454
0 0 0 0 1 8.57332
0 0 0 0 1 8.62076
0 0 0 0 0 8.61746
0 0 0 0 1 8.56129
0 0 0 0 1 8.72057
0 0 0 0 0 8.68098
0 0 0 0 1 8.74522
0 0 0 0 1 8.8822
0 0 0 0 0 8.93866
0 0 0 0 1 8.8879
0 0 0 0 0 9.07017
0 0 0 0 1 9.03668
0 0 0 0 1 9.07621
0 0 0 0 1 9.08722
0 0 0 0 1 9.23624
0 0 0 0 1 9.29373
0 0 0 0 1 9.29648
0 0 0 0 1 9.31524
0 0 0 0 0 9.54291
0 0 0 0 1 9.58135
0 0 0 0 0 9.61002
0 0 0 0 1 9.63965
0 0 0 0 0 9.73574
0 0 0 0 1 9.86177
0 0 0 0 1 9.8903
0 0 0 0 0 9.87038
0 0 0 0 1 10.0761
0 0 0 0 1 10.0944
0 0 0 0 1 10.1714
0 0 0 0 1 10.2399
0 0 0 0 1 10.2043
0 0 0 0 1 10.457
0 0 0 0 1 10.4015
0 0 0 0 1 10.5735
0 0 0 0 1 10.5566
0 0 0 0 1 10.6432
0 0 0 0 1 10.732
0 0 0 0 0 10.8949
0 0 0 0 1 10.8845
0 0 0 0 0 11.084
0 0 0 0 1 10.9952
0 0 0 0 1 11.2813
0 0 0 0 1 11.1812
0 0 0 0 1 11.3345
0 0 0 0 0 11.5005
0 0 0 0 0 11.483
0 0 0 0 1 11.5338
0 0 0 0 1 11.7691
0 0 0 0 0 11.7608
0 0 0 0 1 11.9871
0 0 0 0 0 11.9864
0 0 0 0 1 12.0725
0 0 0 0 1 12.1765
0 0 0 0 0 12.4914
0 0 0 0 0 12.5507
0 0 0 0 1 12.6276
0 0 0 0 1 12.6855
0 0 0 0 1 12.8124
0 0 0 0 1 13.0306
0 0 0 0 1 13.1194
0 0 0 0 1 13.1638
0 0 0 0 1 13.3047
0 0 0 0 1 13.4958
0 0 0 0 0 13.62
0 0 0 0 1 13.7809
0 0 0 0 1 13.8446
0 0 0 0 1 14.062
0 0 0 0 0 14.2477
0 0 0 0 1 14.4776
0 0 0 0 1 14.505
0 0 0 0 1 14.8195
0 0 0 0 1 14.7794
0 0 0 0 1 14.9462
0 0 0 0 1 15.3305
0 0 0 0 0 15.4939
0 0 0 0 1 15.5728
0 0 0 0 1 15.9281
0 0 0 0 0 16.0215
0 0 0 0 0 16.1804
0 0 0 0 1 16.4865
0 0 0 0 1 16.5954
0 0 0 0 1 17.0322
0 0 0 0 1 17.2548
0 0 0 0 0 17.4677
0 0 0 0 0 17.5318
0 0 0 0 0 17.8505
0 0 0 0 1 18.2535
0 0 0 0 1 18.239
0 0 0 0 1 18.6918
0 0 0 0 1 18.8011
0 0 0 0 1 15.0105
0 0 0 0 1 14.9016
0 0 0 0 1 15.0472
0 0 0 0 1 14.8643
0 0 0 0 1 14.7593
0 0 0 0 1 14.7713
0 0 0 0 0 14.724
0 0 0 0 1 14.7687
0 0 0 0 0 14.8704
0 0 0 0 0 14.9722
0 0 0 0 1 14.7506
0 0 0 0 0 14.8084
0 0 0 0 1 14.9108
0 0 0 0 1 14.6168
0 0 0 0 1 14.6311
0 0 0 0 1 14.8099
0 0 0 0 0 14.7951
0 0 0 0 1 14.5748
0 0 0 0 1 14.7245
0 0 0 0 1 14.6079
0 0 0 0 0 14.6257
0 0 0 0 1 14.5832
0 0 0 0 1 14.5429
0 0 0 0 1 14.6475
0 0 0 0 1 14.5053
0 0 0 0 1 14.698
0 0 0 0 0 14.6441
0 0 0 0 1 14.7202
0 0 0 0 1 14.7106
0 0 0 0 1 14.6867
0 0 0 0 1 14.7981
0 0 0 0 1 14.976
0 0 0 0 1 15.4375
0 0 0 0 0 15.977
0 0 0 0 0 16.5593
0 0 0 0 1 17.202
0 0 0 0 1 17.8263
0 0 0 0 0 18.3729
0 0 0 0 1 46.5605
0 0 0 0 1 48.0734
0 0 0 0 0 51.0226
0 0 0 0 1 52.9241
0 0 0 0 1 42.1699
0 0 0 0 1 42.4087
0 0 0 0 1 42.7323
0 0 0 0 1 42.1629
0 0 0 0 0 42.4038
0 0 0 0 1 42.3043
0 0 0 0 1 42.0782
0 0 0 0 1 42.661
0 0 0 0 1 42.0967
0 0 0 0 1 42.0862
0 0 0 0 1 42.543
0 0 0 0 1 44.7872
0 0 0 0 0 5.05008
0 0 0 0 0 4.99497
0 0 0 0 0 4.99998
0 0 0 0 0 5.0601
0 0 0 0 1 35.5539
0 0 0 0 1 35.5146
0 0 0 0 0 35.2992
0 0 0 0 1 35.226
0 0 0 0 1 35.2244
0 0 0 0 1 35.7189
0 0 0 0 1 35.3292
0 0 0 0 1 35.5065
0 0 0 0 1 35.2244
0 0 0 0 1 35.6508
0 0 0 0 1 35.2638
0 0 0 0 1 35.2313
0 0 0 0 1 35.5893
0 0 0 0 0 5.02002
0 0 0 0 0 4.9599
0 0 0 0 0 5.03505
0 0 0 0 0 4.97493
0 0 0 0 0 4.98996
0 0 0 0 0 4.99497
0 0 0 0 0 5.04507
0 0 0 0 0 4.96491
0 0 0 0 0 4.97994
0 0 0 0 0 4.98495
0 0 0 0 1 99.1853
0 0 0 0 1 93.8831
0 0 0 0 1 24.6114
0 0 0 0 1 23.6876
0 0 0 0 1 22.5408
0 0 0 0 1 21.2831
0 0 0 0 1 20.3592
0 0 0 0 1 20.4094
0 0 0 0 1 20.4394
0 0 0 0 1 20.3262
0 0 0 0 0 20.6035
0 0 0 0 1 20.7581
0 0 0 0 1 20.6254
0 0 0 0 1 20.5341
0 0 0 0 1 20.5666
0 0 0 0 1 20.7437
0 0 0 0 1 20.7771
0 0 0 0 1 20.7078
0 0 0 0 1 20.5783
0 0 0 0 1 20.5095
0 0 0 0 0 20.6477
0 0 0 0 1 20.7244
0 0 0 0 1 20.8844
0 0 0 0 1 20.9206
0 0 0 0 0 20.8122
0 0 0 0 1 20.9132
0 0 0 0 1 20.9299
0 0 0 0 1 20.6977
0 0 0 0 0 20.9853
0 0 0 0 1 37.1678
0 0 0 0 1 36.0655
0 0 0 0 1 35.7085
0 0 0 0 1 35.0017
0 0 0 0 1 34.1346
0 0 0 0 0 33.716
0 0 0 0 1 32.9798
0 0 0 0 1 31.9869
0 0 0 0 1 31.367
0 0 0 0 1 31.0891
0 0 0 0 1 30.7599
0 0 0 0 1 30.2534
0 0 0 0 0 29.5984
0 0 0 0 0 28.9102
0 0 0 0 1 28.8105
0 0 0 0 1 28.1
0 0 0 0 1 27.906
0 0 0 0 1 27.3329
0 0 0 0 1 26.9889
0 0 0 0 1 26.5397
0 0 0 0 1 26.0146
0 0 0 0 1 25.5642
0 0 0 0 1 25.4044
0 0 0 0 1 24.75
0 0 0 0 0 24.7932
0 0 0 0 1 24.2871
0 0 0 0 1 24.1068
0 0 0 0 1 23.7577
0 0 0 0 1 23.1958
0 0 0 0 1 22.9495
0 0 0 0 1 22.6703
0 0 0 0 1 22.4547
0 0 0 0 1 22.2345
0 0 0 0 1 21.7979
0 0 0 0 1 21.8262
0 0 0 0 1 21.4113
0 0 0 0 0 21.2304
0 0 0 0 1 20.8188
0 0 0 0 1 20.7623
0 0 0 0 1 20.5166
0 0 0 0 1 20.0202
0 0 0 0 1 19.848
0 0 0 0 1 19.7253
0 0 0 0 1 19.6585
0 0 0 0 0 19.1546
0 0 0 0 1 19.2593
0 0 0 0 0 18.9887
0 0 0 0 1 18.795
0 0 0 0 0 18.4995
0 0 0 0 1 18.1974
0 0 0 0 1 18.098
0 0 0 0 1 18.0695
0 0 0 0 0 17.9581
0 0 0 0 1 17.7049
0 0 0 0 1 17.5938
0 0 0 0 0 17.2392
0 0 0 0 1 17.1119
0 0 0 0 0 16.9081
0 0 0 0 1 16.8574
0 0 0 0 1 16.6547
0 0 0 0 1 16.4788
0 0 0 0 0 16.4516
0 0 0 0 1 16.4227
0 0 0 0 1 16.2307
0 0 0 0 1 16.0577
0 0 0 0 0 15.845
0 0 0 0 1 15.8615
0 0 0 0 1 15.6052
0 0 0 0 1 15.4115
0 0 0 0 1 15.3662
0 0 0 0 1 15.4115
0 0 0 0 1 15.2816
0 0 0 0 0 14.8881
0 0 0 0 1 14.9909
0 0 0 0 1 14.7827
0 0 0 0 1 14.6997
0 0 0 0 1 14.6456
0 0 0 0 1 14.5708
0 0 0 0 0 14.3521
0 0 0 0 1 14.121
0 0 0 0 0 14.1895
0 0 0 0 1 14.1433
0 0 0 0 1 13.9794
0 0 0 0 1 13.9608
0 0 0 0 1 13.8397
0 0 0 0 1 13.6971
0 0 0 0 1 13.6265
0 0 0 0 1 13.5745
0 0 0 0 1 13.4419
0 0 0 0 1 13.35
0 0 0 0 1 13.1741
0 0 0 0 0 13.2099
0 0 0 0 1 13.14
0 0 0 0 0 13.0701
0 0 0 0 1 13.0132
0 0 0 0 1 12.7337
0 0 0 0 1 12.8056
0 0 0 0 1 12.5593
0 0 0 0 1 12.7135
0 0 0 0 1 12.5818
0 0 0 0 1 12.4299
0 0 0 0 1 12.3948
0 0 0 0 1 12.1671
0 0 0 0 1 12.1816
0 0 0 0 1 12.0495
0 0 0 0 1 12.0229
0 0 0 0 0 11.9239
0 0 0 0 1 11.9612
0 0 0 0 1 11.8389
0 0 0 0 0 11.7452
0 0 0 0 1 11.6715
0 0 0 0 1 11.7852
0 0 0 0 0 11.5368
0 0 0 0 1 11.6491
0 0 0 0 1 11.4952
0 0 0 0 0 11.3654
0 0 0 0 0 11.4528
0 0 0 0 1 11.2974
0 0 0 0 1 11.3574
0 0 0 0 1 11.1508
0 0 0 0 1 11.0539
0 0 0 0 1 11.1834
0 0 0 0 1 10.9651
0 0 0 0 1 10.9356
0 0 0 0 1 10.8513
0 0 0 0 0 10.9746
0 0 0 0 1 10.771
0 0 0 0 0 10.785
0 0 0 0 1 10.8416
0 0 0 0 0 10.6728
0 0 0 0 1 10.6011
0 0 0 0 1 10.5335
0 0 0 0 1 10.5999
0 0 0 0 1 10.4342
0 0 0 0 0 10.5313
0 0 0 0 1 10.447
0 0 0 0 1 10.4598
0 0 0 0 1 10.3762
0 0 0 0 1 10.2519
0 0 0 0 0 10.3026
0 0 0 0 1 10.1079
0 0 0 0 1 10.1787
0 0 0 0 1 10.0364
0 0 0 0 1 10.0495
0 0 0 0 1 9.96881
0 0 0 0 0 9.95855
0 0 0 0 1 9.84877
0 0 0 0 0 9.95451
0 0 0 0 1 9.9342
0 0 0 0 1 9.91075
0 0 0 0 1 9.90035
0 0 0 0 0 9.84112
0 0 0 0 1 9.65585
0 0 0 0 1 9.63334
0 0 0 0 1 9.67209
0 0 0 0 1 9.7169
0 0 0 0 1 9.62711
0 0 0 0 1 9.51243
0 0 0 0 0 9.57615
0 0 0 0 1 9.57615
0 0 0 0 1 9.42174
0 0 0 0 1 9.4661
0 0 0 0 1 9.33501
0 0 0 0 1 9.40731
0 0 0 0 1 9.22744
0 0 0 0 1 9.23125
0 0 0 0 1 9.34339
0 0 0 0 1 9.15617
0 0 0 0 1 9.12653
0 0 0 0 1 9.18878
0 0 0 0 1 9.0678
0 0 0 0 0 9.07514
0 0 0 0 0 9.05518
0 0 0 0 1 9.09872
0 0 0 0 1 9.09686
0 0 0 0 0 9.02877
0 0 0 0 1 8.99125
0 0 0 0 0 8.97753
0 0 0 0 0 8.89579
0 0 0 0 1 8.93911
0 0 0 0 1 8.92898
0 0 0 0 1 8.75982
0 0 0 0 1 8.90567
0 0 0 0 0 8.86064
0 0 0 0 1 8.75458
0 0 0 0 1 8.81723
0 0 0 0 1 8.68573
0 0 0 0 1 8.61244
0 0 0 0 1 8.66449
0 0 0 0 1 8.66959
0 0 0 0 1 8.68677
0 0 0 0 1 8.68328
0 0 0 0 1 8.49451
0 0 0 0 1 8.63709
0 0 0 0 0 8.54346
0 0 0 0 0 8.57459
0 0 0 0 1 8.4697
0 0 0 0 1 8.53486
0 0 0 0 1 8.4391
0 0 0 0 1 8.52101
0 0 0 0 1 8.47153
0 0 0 0 1 8.38521
0 0 0 0 1 8.43333
0 0 0 0 1 8.43117
0 0 0 0 1 8.34571
0 0 0 0 1 8.34759
0 0 0 0 1 8.21312
0 0 0 0 0 8.26143
0 0 0 0 1 8.23971
0 0 0 0 1 8.31265
0 0 0 0 1 8.24546
0 0 0 0 1 8.25254
0 0 0 0 1 8.2351
0 0 0 0 1 8.20146
0 0 0 0 1 8.10276
0 0 0 0 1 8.21629
0 0 0 0 0 8.18317
0 0 0 0 1 8.04485
0 0 0 0 1 8.02859
0 0 0 0 0 8.09326
0 0 0 0 1 8.03687
0 0 0 0 1 8.00082
0 0 0 0 1 8.02531
0 0 0 0 1 8.02576
0 0 0 0 1 8.03432
0 0 0 0 0 7.99504
0 0 0 0 1 7.96774
0 0 0 0 1 7.98464
0 0 0 0 1 7.87446
0 0 0 0 1 7.94722
0 0 0 0 1 7.98818
0 0 0 0 1 7.96946
0 0 0 0 1 7.91576
0 0 0 0 1 7.81511
0 0 0 0 1 7.92286
0 0 0 0 1 7.91255
0 0 0 0 1 7.88326
0 0 0 0 1 7.84638
0 0 0 0 1 7.75504
0 0 0 0 1 7.87031
0 0 0 0 1 7.8496
0 0 0 0 0 7.71236
0 0 0 0 1 7.78859
0 0 0 0 1 7.70641
0 0 0 0 1 7.72837
