0 0 0 0 0 5.56398
0 0 0 0 1 5.51755
0 0 0 0 1 5.5824
0 0 0 0 1 5.53294
0 0 0 0 1 5.58702
0 0 0 0 1 5.53517
0 0 0 0 1 5.54398
0 0 0 0 0 5.64339
0 0 0 0 1 5.62763
0 0 0 0 1 5.64335
0 0 0 0 0 5.62544
0 0 0 0 1 5.63579
0 0 0 0 1 5.64276
0 0 0 0 1 5.63636
0 0 0 0 1 5.63003
0 0 0 0 1 5.70533
0 0 0 0 1 5.69928
0 0 0 0 1 5.6705
0 0 0 0 1 5.65312
0 0 0 0 1 5.67399
0 0 0 0 1 5.67387
0 0 0 0 1 5.71973
0 0 0 0 1 5.76586
0 0 0 0 1 5.71434
0 0 0 0 0 5.75683
0 0 0 0 0 5.75728
0 0 0 0 1 5.81573
0 0 0 0 1 5.7584
0 0 0 0 1 5.84053
0 0 0 0 1 5.8881
0 0 0 0 1 5.78989
0 0 0 0 1 5.81589
0 0 0 0 1 5.80683
0 0 0 0 1 5.93125
0 0 0 0 1 5.93859
0 0 0 0 1 5.87524
0 0 0 0 1 5.95355
0 0 0 0 1 5.87822
0 0 0 0 0 5.92732
0 0 0 0 0 5.97076
0 0 0 0 1 6.00252
0 0 0 0 1 5.95075
0 0 0 0 1 5.9361
0 0 0 0 1 6.01014
0 0 0 0 0 6.04246
0 0 0 0 1 5.99052
0 0 0 0 0 6.07629
0 0 0 0 1 6.01211
0 0 0 0 1 6.10578
0 0 0 0 1 6.06583
0 0 0 0 1 6.14183
0 0 0 0 0 6.10797
0 0 0 0 1 6.11589
0 0 0 0 1 6.13836
0 0 0 0 1 6.22161
0 0 0 0 1 6.19393
0 0 0 0 1 6.23438
0 0 0 0 1 6.26792
0 0 0 0 1 6.24645
0 0 0 0 1 6.29997
0 0 0 0 0 6.29017
0 0 0 0 0 6.34417
0 0 0 0 0 6.36061
0 0 0 0 1 6.35184
0 0 0 0 1 6.32401
0 0 0 0 1 6.30791
0 0 0 0 1 6.38831
0 0 0 0 1 6.4236
0 0 0 0 1 6.48556
0 0 0 0 1 6.47633
0 0 0 0 1 6.44836
0 0 0 0 0 6.54269
0 0 0 0 1 6.44321
0 0 0 0 1 6.55833
0 0 0 0 1 6.56948
0 0 0 0 1 6.59318
0 0 0 0 1 6.59069
0 0 0 0 0 6.65483
0 0 0 0 1 6.6459
0 0 0 0 1 6.67679
0 0 0 0 1 6.69453
0 0 0 0 1 6.71961
0 0 0 0 1 6.74482
0 0 0 0 1 6.68206
0 0 0 0 1 6.71346
0 0 0 0 1 6.79934
0 0 0 0 1 6.83132
0 0 0 0 1 6.87717
0 0 0 0 1 6.88214
0 0 0 0 1 6.81823
0 0 0 0 1 6.90587
0 0 0 0 1 6.86975
0 0 0 0 1 6.95109
0 0 0 0 1 7.02601
0 0 0 0 1 7.04534
0 0 0 0 1 7.00845
0 0 0 0 0 7.13329
0 0 0 0 1 7.06788
0 0 0 0 0 7.10162
0 0 0 0 1 7.19274
0 0 0 0 0 7.16963
0 0 0 0 1 7.13907
0 0 0 0 0 7.16556
0 0 0 0 1 7.30162
0 0 0 0 1 7.24126
0 0 0 0 1 7.36391
0 0 0 0 1 7.39141
0 0 0 0 0 7.42716
0 0 0 0 1 7.46975
0 0 0 0 1 7.41569
0 0 0 0 0 7.54852
0 0 0 0 1 7.54669
0 0 0 0 0 7.58999
0 0 0 0 1 7.63353
0 0 0 0 1 7.57864
0 0 0 0 1 7.59921
0 0 0 0 1 7.75819
0 0 0 0 1 7.70217
0 0 0 0 0 7.74634
0 0 0 0 1 7.78293
0 0 0 0 1 7.85927
0 0 0 0 1 7.80984
0 0 0 0 1 7.93312
0 0 0 0 1 7.92279
0 0 0 0 1 7.91159
0 0 0 0 1 7.99694
0 0 0 0 1 8.11513
0 0 0 0 1 8.16938
0 0 0 0 0 8.10935
0 0 0 0 0 8.11451
0 0 0 0 0 8.31643
0 0 0 0 1 8.32156
0 0 0 0 1 8.3686
0 0 0 0 1 8.44873
0 0 0 0 1 8.43688
0 0 0 0 1 8.42454
0 0 0 0 0 8.57332
0 0 0 0 1 8.61221
0 0 0 0 0 8.6776
0 0 0 0 1 8.62176
0 0 0 0 1 8.70318
0 0 0 0 1 8.77715
0 0 0 0 1 8.8332
0 0 0 0 1 8.82918
0 0 0 0 1 8.90308
0 0 0 0 0 8.90581
0 0 0 0 1 9.03414
0 0 0 0 1 9.10919
0 0 0 0 1 9.13999
0 0 0 0 0 9.07805
0 0 0 0 1 9.16242
0 0 0 0 1 9.27516
0 0 0 0 0 9.41782
0 0 0 0 1 9.34344
0 0 0 0 1 9.36321
0 0 0 0 1 9.46706
0 0 0 0 1 9.54288
0 0 0 0 1 9.57211
0 0 0 0 1 9.73574
0 0 0 0 1 9.74437
0 0 0 0 1 9.86075
0 0 0 0 1 9.96948
0 0 0 0 1 10.0262
0 0 0 0 0 9.9637
0 0 0 0 1 10.07
0 0 0 0 0 10.2501
0 0 0 0 1 10.2967
0 0 0 0 0 10.4156
0 0 0 0 1 10.3181
0 0 0 0 0 10.5735
0 0 0 0 1 10.5672
0 0 0 0 1 10.6752
0 0 0 0 1 10.7105
0 0 0 0 1 10.7216
0 0 0 0 1 10.9828
0 0 0 0 0 11.095
0 0 0 0 1 11.0063
0 0 0 0 1 11.1471
0 0 0 0 1 11.2713
0 0 0 0 1 11.2777
0 0 0 0 1 11.4432
0 0 0 0 1 11.4599
0 0 0 0 1 11.5338
0 0 0 0 0 11.8749
0 0 0 0 1 11.8438
0 0 0 0 1 11.999
0 0 0 0 1 12.1071
0 0 0 0 1 12.2185
0 0 0 0 0 12.3854
0 0 0 0 0 12.4293
0 0 0 0 1 12.5632
0 0 0 0 1 12.6149
0 0 0 0 1 12.711
0 0 0 0 1 12.9025
0 0 0 0 1 13.0956
0 0 0 0 1 13.1063
0 0 0 0 0 13.1904
0 0 0 0 0 13.5325
0 0 0 0 0 13.4146
0 0 0 0 1 13.743
0 0 0 0 1 13.8638
0 0 0 0 1 13.8446
0 0 0 0 1 14.1326
0 0 0 0 1 14.2334
0 0 0 0 1 14.492
0 0 0 0 1 14.4467
0 0 0 0 1 14.7753
0 0 0 0 1 14.8839
0 0 0 0 0 15.0669
0 0 0 0 0 15.1776
0 0 0 0 1 15.3548
0 0 0 0 0 15.5885
0 0 0 0 0 15.7855
0 0 0 0 0 15.9093
0 0 0 0 0 16.083
0 0 0 0 0 16.6017
0 0 0 0 1 16.5288
0 0 0 0 1 16.7959
0 0 0 0 1 16.9638
0 0 0 0 1 17.329
0 0 0 0 1 17.4087
0 0 0 0 1 17.9219
0 0 0 0 1 18.1993
0 0 0 0 1 18.2023
0 0 0 0 0 18.6918
0 0 0 0 1 19.0846
0 0 0 0 1 14.8457
0 0 0 0 1 14.8716
0 0 0 0 1 14.8977
0 0 0 0 1 14.8046
0 0 0 0 1 14.8487
0 0 0 0 1 14.7564
0 0 0 0 0 14.962
0 0 0 0 1 14.843
0 0 0 0 0 14.8853
0 0 0 0 1 14.8092
0 0 0 0 1 14.8839
0 0 0 0 1 14.7641
0 0 0 0 1 14.63
0 0 0 0 1 14.8825
0 0 0 0 1 14.8081
0 0 0 0 0 14.8541
0 0 0 0 1 14.5743
0 0 0 0 1 14.6189
0 0 0 0 1 14.7979
0 0 0 0 1 14.8281
0 0 0 0 1 14.7577
0 0 0 0 1 14.6858
0 0 0 0 0 14.6015
0 0 0 0 1 14.5011
0 0 0 0 0 14.7539
0 0 0 0 1 14.6834
0 0 0 0 1 14.5565
0 0 0 0 0 14.7056
0 0 0 0 1 14.5356
0 0 0 0 1 14.7013
0 0 0 0 1 14.5344
0 0 0 0 1 15.1874
0 0 0 0 0 15.4998
0 0 0 0 1 15.8967
0 0 0 0 0 16.493
0 0 0 0 1 17.0647
0 0 0 0 1 17.6308
0 0 0 0 1 18.4466
0 0 0 0 1 46.7473
0 0 0 0 1 48.9475
0 0 0 0 0 50.618
0 0 0 0 1 52.6075
0 0 0 0 0 42.2551
0 0 0 0 1 42.877
0 0 0 0 1 42.2641
0 0 0 0 1 42.2906
0 0 0 0 1 42.9567
0 0 0 0 0 42.942
0 0 0 0 1 42.4607
0 0 0 0 1 42.5335
0 0 0 0 1 42.5215
0 0 0 0 1 42.7232
0 0 0 0 0 42.1184
0 0 0 0 1 45.3712
0 0 0 0 0 5.05509
0 0 0 0 0 5.03004
0 0 0 0 0 4.9599
0 0 0 0 0 5.0601
0 0 0 0 0 35.7309
0 0 0 0 1 35.1251
0 0 0 0 1 35.1222
0 0 0 0 1 35.6862
0 0 0 0 1 35.1535
0 0 0 0 1 35.7189
0 0 0 0 1 35.0814
0 0 0 0 1 35.1879
0 0 0 0 1 35.4368
0 0 0 0 1 35.2968
0 0 0 0 1 35.2638
0 0 0 0 0 35.2667
0 0 0 0 1 35.6601
0 0 0 0 0 5.00499
0 0 0 0 0 5.04507
0 0 0 0 0 5.03004
0 0 0 0 0 5.05008
0 0 0 0 0 4.97994
0 0 0 0 0 5.02503
0 0 0 0 0 5.00499
0 0 0 0 0 5.02002
0 0 0 0 0 5.0601
0 0 0 0 0 5.02503
0 0 0 0 0 98.9858
0 0 0 0 1 93.5061
0 0 0 0 1 24.4877
0 0 0 0 0 23.2646
0 0 0 0 1 22.205
0 0 0 0 1 21.4327
0 0 0 0 1 20.2977
0 0 0 0 0 20.3889
0 0 0 0 1 20.7062
0 0 0 0 1 20.4904
0 0 0 0 1 20.7473
0 0 0 0 1 20.5115
0 0 0 0 1 20.3787
0 0 0 0 1 20.6164
0 0 0 0 1 20.4843
0 0 0 0 1 20.6407
0 0 0 0 1 20.5091
0 0 0 0 1 20.7903
0 0 0 0 1 20.7434
0 0 0 0 1 20.6954
0 0 0 0 1 20.6477
0 0 0 0 0 20.7244
0 0 0 0 1 20.843
0 0 0 0 1 20.6513
0 0 0 0 1 20.9366
0 0 0 0 1 20.6643
0 0 0 0 0 20.7223
0 0 0 0 1 20.947
0 0 0 0 0 20.611
0 0 0 0 1 37.4274
0 0 0 0 1 36.3561
0 0 0 0 0 35.4951
0 0 0 0 1 34.9668
0 0 0 0 1 34.2712
0 0 0 0 1 33.4814
0 0 0 0 1 32.7497
0 0 0 0 1 32.5356
0 0 0 0 0 31.8423
0 0 0 0 1 31.338
0 0 0 0 0 30.6376
0 0 0 0 1 30.3135
0 0 0 0 1 29.4212
0 0 0 0 1 28.7649
0 0 0 0 0 28.4104
0 0 0 0 1 28.2125
0 0 0 0 0 27.5738
0 0 0 0 1 27.1421
0 0 0 0 1 26.6401
0 0 0 0 1 26.4076
0 0 0 0 1 26.0666
0 0 0 0 1 25.8722
0 0 0 0 0 25.2273
0 0 0 0 1 24.725
0 0 0 0 0 24.621
0 0 0 0 1 24.3841
0 0 0 0 1 24.1786
0 0 0 0 1 23.3799
0 0 0 0 0 23.1258
0 0 0 0 1 22.9495
0 0 0 0 1 22.6475
0 0 0 0 1 22.2079
0 0 0 0 0 22.1237
0 0 0 0 1 21.8417
0 0 0 0 1 21.6964
0 0 0 0 1 21.5822
0 0 0 0 1 21.0825
0 0 0 0 1 20.8396
0 0 0 0 0 20.7416
0 0 0 0 1 20.3941
0 0 0 0 0 20.0606
0 0 0 0 1 19.848
0 0 0 0 1 19.8833
0 0 0 0 0 19.678
0 0 0 0 1 19.3865
0 0 0 0 0 19.0298
0 0 0 0 0 19.0076
0 0 0 0 0 18.6638
0 0 0 0 1 18.3696
0 0 0 0 1 18.4178
0 0 0 0 1 18.1343
0 0 0 0 1 18.0695
0 0 0 0 1 17.9938
0 0 0 0 1 17.5812
0 0 0 0 1 17.4362
0 0 0 0 0 17.2739
0 0 0 0 1 17.2149
0 0 0 0 1 16.9251
0 0 0 0 1 16.7393
0 0 0 0 1 16.6714
0 0 0 0 1 16.429
0 0 0 0 0 16.2872
0 0 0 0 0 16.2435
0 0 0 0 1 16.3115
0 0 0 0 1 15.8814
0 0 0 0 1 15.7973
0 0 0 0 1 15.8457
0 0 0 0 1 15.5427
0 0 0 0 1 15.551
0 0 0 0 0 15.3969
0 0 0 0 1 15.3962
0 0 0 0 1 15.2362
0 0 0 0 1 15.1585
0 0 0 0 0 14.9611
0 0 0 0 1 14.8122
0 0 0 0 1 14.6703
0 0 0 0 1 14.5873
0 0 0 0 1 14.4984
0 0 0 0 1 14.3952
0 0 0 0 1 14.3778
0 0 0 0 1 14.062
0 0 0 0 1 14.0871
0 0 0 0 1 14.0353
0 0 0 0 1 13.9608
0 0 0 0 0 13.9086
0 0 0 0 1 13.6971
0 0 0 0 1 13.6808
0 0 0 0 1 13.6015
0 0 0 0 0 13.3749
0 0 0 0 1 13.2568
0 0 0 0 1 13.2138
0 0 0 0 1 13.2625
0 0 0 0 1 13.0746
0 0 0 0 1 12.8884
0 0 0 0 1 12.9875
0 0 0 0 1 12.785
0 0 0 0 1 12.8566
0 0 0 0 1 12.6353
0 0 0 0 1 12.6757
0 0 0 0 1 12.4443
0 0 0 0 1 12.3179
0 0 0 0 1 12.4938
0 0 0 0 1 12.4129
0 0 0 0 0 12.2427
0 0 0 0 1 12.1345
0 0 0 0 1 12.0108
0 0 0 0 1 11.9239
0 0 0 0 1 12.0568
0 0 0 0 1 11.9102
0 0 0 0 1 11.9225
0 0 0 0 1 11.8243
0 0 0 0 0 11.6566
0 0 0 0 1 11.6647
0 0 0 0 1 11.5913
0 0 0 0 1 11.5758
0 0 0 0 0 11.3883
0 0 0 0 1 11.4073
0 0 0 0 1 11.2747
0 0 0 0 1 11.2897
0 0 0 0 1 11.2518
0 0 0 0 0 11.1209
0 0 0 0 1 11.0279
0 0 0 0 1 11.0425
0 0 0 0 0 11.0456
0 0 0 0 1 10.8732
0 0 0 0 1 10.8329
0 0 0 0 1 10.8144
0 0 0 0 1 10.7094
0 0 0 0 1 10.6696
0 0 0 0 0 10.7049
0 0 0 0 0 10.5798
0 0 0 0 1 10.5547
0 0 0 0 1 10.4837
0 0 0 0 1 10.5393
0 0 0 0 1 10.4163
0 0 0 0 0 10.4678
0 0 0 0 0 10.2629
0 0 0 0 1 10.4071
0 0 0 0 0 10.3753
0 0 0 0 1 10.2821
0 0 0 0 1 10.2507
0 0 0 0 0 10.1889
0 0 0 0 0 10.1983
0 0 0 0 0 9.98909
0 0 0 0 1 10.1092
0 0 0 0 1 9.99851
0 0 0 0 1 9.90846
0 0 0 0 0 9.86527
0 0 0 0 1 9.8552
0 0 0 0 0 9.87138
0 0 0 0 1 9.82194
0 0 0 0 1 9.74349
0 0 0 0 1 9.75309
0 0 0 0 1 9.64303
0 0 0 0 1 9.62382
0 0 0 0 0 9.57259
0 0 0 0 1 9.65588
0 0 0 0 1 9.56973
0 0 0 0 1 9.45241
0 0 0 0 1 9.44341
0 0 0 0 1 9.50679
0 0 0 0 0 9.4661
0 0 0 0 1 9.42883
0 0 0 0 1 9.36991
0 0 0 0 0 9.22744
0 0 0 0 1 9.24985
0 0 0 0 1 9.25079
0 0 0 0 1 9.13771
0 0 0 0 1 9.19094
0 0 0 0 1 9.20712
0 0 0 0 1 9.1135
0 0 0 0 1 9.06603
0 0 0 0 1 9.07335
0 0 0 0 1 8.96292
0 0 0 0 1 9.03369
0 0 0 0 1 9.02877
0 0 0 0 1 9.04509
0 0 0 0 1 9.01333
0 0 0 0 1 8.99394
0 0 0 0 1 8.93022
0 0 0 0 1 8.90238
0 0 0 0 0 8.8659
0 0 0 0 0 8.83513
0 0 0 0 1 8.76395
0 0 0 0 1 8.72829
0 0 0 0 0 8.68603
0 0 0 0 0 8.65956
0 0 0 0 1 8.69074
0 0 0 0 1 8.69918
0 0 0 0 1 8.57442
0 0 0 0 1 8.66952
0 0 0 0 1 8.5714
0 0 0 0 0 8.62321
0 0 0 0 0 8.62853
0 0 0 0 1 8.60321
0 0 0 0 1 8.54905
0 0 0 0 1 8.58014
0 0 0 0 0 8.53486
0 0 0 0 1 8.51521
0 0 0 0 1 8.35228
0 0 0 0 1 8.37058
0 0 0 0 0 8.41039
0 0 0 0 1 8.45008
0 0 0 0 1 8.43952
0 0 0 0 0 8.32069
0 0 0 0 1 8.33097
0 0 0 0 0 8.2629
0 0 0 0 1 8.23659
0 0 0 0 0 8.22319
0 0 0 0 1 8.23843
0 0 0 0 1 8.17963
0 0 0 0 1 8.27718
0 0 0 0 1 8.25968
0 0 0 0 1 8.25052
0 0 0 0 0 8.1354
0 0 0 0 1 8.21629
0 0 0 0 1 8.04502
0 0 0 0 1 8.06107
0 0 0 0 1 8.15808
0 0 0 0 0 8.12557
0 0 0 0 1 8.03687
0 0 0 0 1 8.05716
0 0 0 0 1 7.97711
0 0 0 0 0 7.96964
0 0 0 0 1 8.05033
0 0 0 0 1 8.019
0 0 0 0 1 7.91989
0 0 0 0 1 8.00056
0 0 0 0 1 7.96187
0 0 0 0 0 7.87584
0 0 0 0 0 7.90109
0 0 0 0 1 7.92993
0 0 0 0 1 7.96311
0 0 0 0 1 7.87026
0 0 0 0 1 7.88352
0 0 0 0 0 7.84969
0 0 0 0 0 7.8362
0 0 0 0 0 7.89337
0 0 0 0 1 7.76286
0 0 0 0 1 7.80004
0 0 0 0 1 7.87298
0 0 0 0 1 7.82909
0 0 0 0 1 7.80414
0 0 0 0 0 7.74521
0 0 0 0 1 7.79814
