0 0 0 0 0 5.05509
0 0 0 0 0 5.02002
0 0 0 0 0 5.03505
0 0 0 0 0 4.96491
0 0 0 0 0 4.97994
0 0 0 0 0 4.96992
0 0 0 0 0 4.99998
0 0 0 0 0 4.97493
0 0 0 0 0 4.98996
0 0 0 0 0 4.97994
0 0 0 0 0 5.04507
0 0 0 0 0 4.96992
0 0 0 0 0 4.96992
0 0 0 0 0 4.98495
0 0 0 0 0 5.03505
0 0 0 0 0 4.97994
0 0 0 0 0 5.00499
0 0 0 0 0 4.99998
0 0 0 0 0 4.96491
0 0 0 0 0 5.05509
0 0 0 0 0 4.97493
0 0 0 0 0 5.02503
0 0 0 0 0 4.99497
0 0 0 0 0 5.03505
0 0 0 0 0 5.04507
0 0 0 0 0 4.98495
0 0 0 0 0 5.02503
0 0 0 0 0 5.05509
0 0 0 0 0 5.00499
0 0 0 0 0 4.96992
0 0 0 0 0 5.04006
0 0 0 0 0 5.05509
0 0 0 0 0 4.99998
0 0 0 0 0 5.04006
0 0 0 0 0 4.99497
0 0 0 0 0 4.98996
0 0 0 0 0 5.02503
0 0 0 0 0 5.00499
0 0 0 0 0 4.96992
0 0 0 0 0 5.02503
0 0 0 0 0 4.96992
0 0 0 0 0 5.02503
0 0 0 0 0 4.99998
0 0 0 0 0 5.02503
0 0 0 0 0 4.97994
0 0 0 0 1 7.55499
0 0 0 0 1 7.50198
0 0 0 0 0 7.45512
0 0 0 0 0 7.5866
0 0 0 0 1 7.48714
0 0 0 0 1 7.59158
0 0 0 0 1 7.49718
0 0 0 0 1 7.5274
0 0 0 0 0 7.66302
0 0 0 0 1 7.56358
0 0 0 0 0 7.58326
0 0 0 0 0 7.60557
0 0 0 0 1 7.61278
0 0 0 0 1 7.67121
0 0 0 0 1 7.71696
0 0 0 0 1 7.67877
0 0 0 0 0 7.70809
0 0 0 0 0 7.7237
0 0 0 0 1 7.62734
0 0 0 0 0 7.73562
0 0 0 0 1 7.68998
0 0 0 0 1 7.6675
0 0 0 0 1 7.79968
0 0 0 0 1 7.82189
0 0 0 0 0 7.75122
0 0 0 0 1 7.72912
0 0 0 0 1 7.73817
0 0 0 0 0 7.87
0 0 0 0 1 7.81705
0 0 0 0 1 7.76229
0 0 0 0 1 7.83257
0 0 0 0 1 7.83446
0 0 0 0 1 7.90534
0 0 0 0 0 7.86814
0 0 0 0 1 7.86063
0 0 0 0 1 7.87086
0 0 0 0 1 7.94273
0 0 0 0 0 7.91185
0 0 0 0 1 8.00989
0 0 0 0 1 8.03499
0 0 0 0 0 8.01242
0 0 0 0 0 7.97386
0 0 0 0 1 7.93697
0 0 0 0 1 8.00264
0 0 0 0 0 8.07835
0 0 0 0 0 8.04002
0 0 0 0 0 7.99354
0 0 0 0 1 8.06832
0 0 0 0 1 8.18408
0 0 0 0 0 8.10692
0 0 0 0 1 8.15823
0 0 0 0 1 8.15273
0 0 0 0 1 8.14729
0 0 0 0 0 8.11729
0 0 0 0 1 8.23515
0 0 0 0 1 8.17241
0 0 0 0 0 8.29254
0 0 0 0 0 8.33822
0 0 0 0 1 8.37411
0 0 0 0 0 8.32075
0 0 0 0 0 8.3162
0 0 0 0 1 8.33671
0 0 0 0 1 8.40757
0 0 0 0 1 8.32788
0 0 0 0 1 8.42439
0 0 0 0 0 8.43714
0 0 0 0 1 8.4669
0 0 0 0 1 8.45313
0 0 0 0 1 8.52568
0 0 0 0 1 8.46228
0 0 0 0 0 8.51984
0 0 0 0 1 8.48195
0 0 0 0 0 8.54687
0 0 0 0 1 8.53336
0 0 0 0 1 8.58024
0 0 0 0 1 8.62009
0 0 0 0 1 8.72097
0 0 0 0 0 8.7373
0 0 0 0 1 8.64708
0 0 0 0 1 8.70381
0 0 0 0 0 8.86755
0 0 0 0 1 8.80203
0 0 0 0 1 8.84566
0 0 0 0 1 8.84174
0 0 0 0 1 8.82128
0 0 0 0 1 8.8796
0 0 0 0 1 8.95617
0 0 0 0 1 8.9115
0 0 0 0 1 9.0426
0 0 0 0 1 8.94883
0 0 0 0 1 9.04592
0 0 0 0 1 9.05431
0 0 0 0 1 9.16013
0 0 0 0 1 9.12029
0 0 0 0 1 9.22204
0 0 0 0 0 9.18214
0 0 0 0 1 9.16957
0 0 0 0 0 9.18792
0 0 0 0 1 9.26814
0 0 0 0 1 9.34885
0 0 0 0 0 9.38668
0 0 0 0 1 9.31796
0 0 0 0 1 9.37926
0 0 0 0 0 9.49458
0 0 0 0 1 9.43478
0 0 0 0 1 9.59225
0 0 0 0 1 9.61245
0 0 0 0 0 9.67559
0 0 0 0 1 9.71673
0 0 0 0 1 9.68379
0 0 0 0 1 9.79182
0 0 0 0 1 9.71967
0 0 0 0 1 9.71122
0 0 0 0 1 9.90306
0 0 0 0 1 9.88517
0 0 0 0 1 9.84135
0 0 0 0 1 9.92085
0 0 0 0 0 9.95628
0 0 0 0 1 10.0382
0 0 0 0 1 10.1531
0 0 0 0 1 10.1568
0 0 0 0 1 10.2322
0 0 0 0 1 10.2738
0 0 0 0 0 10.203
0 0 0 0 1 10.1862
0 0 0 0 1 10.3429
0 0 0 0 1 10.4162
0 0 0 0 1 10.4307
0 0 0 0 0 10.5151
0 0 0 0 1 10.4004
0 0 0 0 1 10.6675
0 0 0 0 1 10.6368
0 0 0 0 1 10.6163
0 0 0 0 1 10.6685
0 0 0 0 1 10.7471
0 0 0 0 1 10.8989
0 0 0 0 1 10.9198
0 0 0 0 1 10.9733
0 0 0 0 0 11.0051
0 0 0 0 1 10.9863
0 0 0 0 1 11.1154
0 0 0 0 1 11.0916
0 0 0 0 1 11.1143
0 0 0 0 1 11.337
0 0 0 0 1 11.4126
0 0 0 0 1 11.3658
0 0 0 0 1 11.5008
0 0 0 0 1 11.3821
0 0 0 0 0 11.6539
0 0 0 0 1 11.673
0 0 0 0 1 11.7735
0 0 0 0 1 11.6985
0 0 0 0 1 11.8568
0 0 0 0 1 11.9348
0 0 0 0 1 11.9058
0 0 0 0 1 11.9092
0 0 0 0 1 11.9722
0 0 0 0 1 12.2192
0 0 0 0 1 12.0763
0 0 0 0 1 12.2133
0 0 0 0 0 12.2642
0 0 0 0 1 12.4025
0 0 0 0 0 12.5762
0 0 0 0 1 12.5907
0 0 0 0 0 12.627
0 0 0 0 1 12.5899
0 0 0 0 0 12.7403
0 0 0 0 0 12.9949
0 0 0 0 1 12.9632
0 0 0 0 1 12.9992
0 0 0 0 1 13.11
0 0 0 0 1 13.2209
0 0 0 0 1 13.177
0 0 0 0 0 13.4226
0 0 0 0 1 13.4778
0 0 0 0 1 13.6988
0 0 0 0 1 13.7449
0 0 0 0 1 13.7866
0 0 0 0 1 13.9248
0 0 0 0 1 13.9242
0 0 0 0 1 14.1432
0 0 0 0 1 14.3215
0 0 0 0 1 14.1319
0 0 0 0 1 14.4396
0 0 0 0 1 14.5671
0 0 0 0 1 14.5687
0 0 0 0 1 14.8188
0 0 0 0 1 14.8862
0 0 0 0 1 14.9254
0 0 0 0 1 14.8964
0 0 0 0 1 15.039
0 0 0 0 1 15.1911
0 0 0 0 1 15.5583
0 0 0 0 0 15.5335
0 0 0 0 0 15.5885
0 0 0 0 1 15.8263
0 0 0 0 1 16.0442
0 0 0 0 1 15.9584
0 0 0 0 1 16.0474
0 0 0 0 1 16.4628
0 0 0 0 1 16.537
0 0 0 0 1 16.4801
0 0 0 0 1 16.9286
0 0 0 0 1 17.0528
0 0 0 0 1 17.2851
0 0 0 0 1 17.3218
0 0 0 0 0 17.6057
0 0 0 0 1 17.6726
0 0 0 0 1 17.665
0 0 0 0 1 17.9952
0 0 0 0 1 18.2301
0 0 0 0 1 18.2567
0 0 0 0 1 18.5094
0 0 0 0 0 18.606
0 0 0 0 0 18.9207
0 0 0 0 1 18.92
0 0 0 0 1 19.428
0 0 0 0 1 19.4067
0 0 0 0 1 19.5494
0 0 0 0 1 19.8378
0 0 0 0 1 16.9951
0 0 0 0 1 16.9666
0 0 0 0 0 17.0399
0 0 0 0 1 16.8273
0 0 0 0 1 16.9011
0 0 0 0 1 16.7234
0 0 0 0 0 16.8816
0 0 0 0 1 16.7049
0 0 0 0 1 16.7962
0 0 0 0 1 16.5538
0 0 0 0 0 16.5287
0 0 0 0 1 16.6879
0 0 0 0 1 16.5134
0 0 0 0 0 16.5895
0 0 0 0 0 16.4499
0 0 0 0 1 16.7414
0 0 0 0 1 16.6852
0 0 0 0 0 16.6128
0 0 0 0 1 16.5736
0 0 0 0 1 16.3867
0 0 0 0 1 16.4804
0 0 0 0 0 16.5741
0 0 0 0 0 16.29
0 0 0 0 1 16.417
0 0 0 0 1 16.4621
0 0 0 0 1 16.4682
0 0 0 0 0 16.2556
0 0 0 0 1 16.654
0 0 0 0 1 17.0499
0 0 0 0 1 17.0948
0 0 0 0 1 17.6218
0 0 0 0 0 17.751
0 0 0 0 0 18.3056
0 0 0 0 1 18.6627
0 0 0 0 0 18.96
0 0 0 0 1 19.172
0 0 0 0 1 19.5443
0 0 0 0 1 19.9372
0 0 0 0 1 20.3705
0 0 0 0 1 36.7244
0 0 0 0 0 37.2203
0 0 0 0 1 38.0499
0 0 0 0 1 38.8829
0 0 0 0 0 40.2235
0 0 0 0 1 41.3083
0 0 0 0 1 42.1358
0 0 0 0 1 43.329
0 0 0 0 1 44.0847
0 0 0 0 1 44.9496
0 0 0 0 1 46.3354
0 0 0 0 1 48.2974
0 0 0 0 0 49.0307
0 0 0 0 0 51.1776
0 0 0 0 1 43.7874
0 0 0 0 1 44.4246
0 0 0 0 1 44.6189
0 0 0 0 1 44.5501
0 0 0 0 1 43.7762
0 0 0 0 1 43.6655
0 0 0 0 1 43.9511
0 0 0 0 1 44.1946
0 0 0 0 1 43.8221
0 0 0 0 1 43.8013
0 0 0 0 1 43.959
0 0 0 0 1 45.3901
0 0 0 0 0 47.9489
0 0 0 0 1 88.1689
0 0 0 0 0 37.0294
0 0 0 0 1 36.7224
0 0 0 0 0 36.7133
0 0 0 0 0 36.7768
0 0 0 0 1 36.6586
0 0 0 0 0 36.6885
0 0 0 0 1 37.076
0 0 0 0 1 37.1073
0 0 0 0 1 36.9898
0 0 0 0 1 36.4699
0 0 0 0 1 36.9432
0 0 0 0 0 36.9038
0 0 0 0 1 37.1475
0 0 0 0 0 4.9599
0 0 0 0 0 5.03004
0 0 0 0 0 4.99497
0 0 0 0 0 5.04507
0 0 0 0 0 4.99497
0 0 0 0 0 4.97994
0 0 0 0 1 21.6973
0 0 0 0 1 21.8693
0 0 0 0 0 21.6998
0 0 0 0 1 21.7174
0 0 0 0 1 21.854
0 0 0 0 1 21.6012
0 0 0 0 1 21.6201
0 0 0 0 1 21.6706
0 0 0 0 0 21.7558
0 0 0 0 1 21.9818
0 0 0 0 1 21.9805
0 0 0 0 1 21.6646
0 0 0 0 1 21.7514
0 0 0 0 1 21.9793
0 0 0 0 0 21.63
0 0 0 0 1 22.0772
0 0 0 0 0 21.6538
0 0 0 0 1 21.7866
0 0 0 0 0 21.7666
0 0 0 0 1 21.6689
0 0 0 0 0 21.7845
0 0 0 0 1 56.4815
0 0 0 0 1 53.2085
0 0 0 0 1 51.2095
0 0 0 0 1 49.7655
0 0 0 0 1 47.2516
0 0 0 0 1 45.8692
0 0 0 0 1 44.3533
0 0 0 0 1 42.9851
0 0 0 0 0 40.8453
0 0 0 0 1 39.4828
0 0 0 0 1 38.9222
0 0 0 0 0 37.3598
0 0 0 0 1 36.1789
0 0 0 0 1 35.0849
0 0 0 0 1 34.6808
0 0 0 0 1 33.1265
0 0 0 0 1 32.6154
0 0 0 0 0 31.8092
0 0 0 0 1 30.9412
0 0 0 0 0 30.5285
0 0 0 0 1 29.6214
0 0 0 0 1 28.7861
0 0 0 0 1 28.3967
0 0 0 0 1 27.8695
0 0 0 0 1 27.1513
0 0 0 0 1 26.1617
0 0 0 0 1 25.7811
0 0 0 0 1 25.5318
0 0 0 0 1 25.0944
0 0 0 0 0 24.6022
0 0 0 0 0 23.7065
0 0 0 0 1 23.5703
0 0 0 0 1 22.87
0 0 0 0 1 22.7316
0 0 0 0 1 22.4155
0 0 0 0 1 22.0318
0 0 0 0 1 21.6359
0 0 0 0 1 21.0386
0 0 0 0 0 20.9289
0 0 0 0 1 20.2483
0 0 0 0 1 20.2859
0 0 0 0 1 19.8349
0 0 0 0 1 19.3409
0 0 0 0 1 19.3721
0 0 0 0 1 18.8913
0 0 0 0 1 18.4759
0 0 0 0 1 18.3495
0 0 0 0 1 18.3202
0 0 0 0 1 17.8187
0 0 0 0 1 17.7617
0 0 0 0 0 17.5296
0 0 0 0 1 17.2339
0 0 0 0 1 16.9995
0 0 0 0 1 16.6906
0 0 0 0 1 16.3926
0 0 0 0 0 16.3336
0 0 0 0 1 16.1662
0 0 0 0 0 15.9011
0 0 0 0 0 15.5752
0 0 0 0 1 15.5639
0 0 0 0 0 15.3184
0 0 0 0 0 15.1353
0 0 0 0 1 15.1408
0 0 0 0 1 14.942
0 0 0 0 1 14.8104
0 0 0 0 1 14.6713
0 0 0 0 1 14.317
0 0 0 0 0 14.322
0 0 0 0 1 13.9024
0 0 0 0 1 13.8301
0 0 0 0 1 13.798
0 0 0 0 0 13.6632
0 0 0 0 1 13.507
0 0 0 0 0 13.4126
0 0 0 0 1 13.2911
0 0 0 0 0 13.0266
0 0 0 0 1 12.8678
0 0 0 0 0 12.8858
0 0 0 0 1 12.6124
0 0 0 0 1 12.578
0 0 0 0 1 12.4784
0 0 0 0 1 12.3431
0 0 0 0 0 12.2576
0 0 0 0 1 12.216
0 0 0 0 1 12.1659
0 0 0 0 1 11.9313
0 0 0 0 1 11.7703
0 0 0 0 1 11.7986
0 0 0 0 1 11.7433
0 0 0 0 1 11.4796
0 0 0 0 1 11.4208
0 0 0 0 1 11.4338
0 0 0 0 1 11.3316
0 0 0 0 0 11.2268
0 0 0 0 1 11.2144
0 0 0 0 1 10.9776
0 0 0 0 0 10.8886
0 0 0 0 1 10.8943
0 0 0 0 1 10.7514
0 0 0 0 1 10.6027
0 0 0 0 1 10.5575
0 0 0 0 1 10.6139
0 0 0 0 0 10.5325
0 0 0 0 1 10.2753
0 0 0 0 1 10.3505
0 0 0 0 1 10.3175
0 0 0 0 1 10.1359
0 0 0 0 1 10.0266
0 0 0 0 0 9.93474
0 0 0 0 1 9.88646
0 0 0 0 1 9.82825
0 0 0 0 1 9.8749
0 0 0 0 0 9.7674
0 0 0 0 1 9.61881
0 0 0 0 1 9.59969
0 0 0 0 1 9.64401
0 0 0 0 1 9.5827
0 0 0 0 1 9.4555
0 0 0 0 0 9.3012
0 0 0 0 1 9.25541
0 0 0 0 1 9.26071
0 0 0 0 0 9.28377
0 0 0 0 1 9.11379
0 0 0 0 1 9.02725
0 0 0 0 0 9.13608
0 0 0 0 1 8.97471
0 0 0 0 1 8.8712
0 0 0 0 1 8.98408
0 0 0 0 1 8.77469
0 0 0 0 1 8.73151
0 0 0 0 1 8.67884
0 0 0 0 0 8.73145
0 0 0 0 1 8.61826
0 0 0 0 1 8.53237
0 0 0 0 0 8.61786
0 0 0 0 1 8.49508
0 0 0 0 1 8.38475
0 0 0 0 1 8.4405
0 0 0 0 1 8.38667
0 0 0 0 0 8.31922
0 0 0 0 1 8.22457
0 0 0 0 0 8.20753
0 0 0 0 1 8.28619
0 0 0 0 1 8.16225
0 0 0 0 1 8.04502
0 0 0 0 1 8.04182
0 0 0 0 1 7.98993
0 0 0 0 0 7.9706
0 0 0 0 1 7.88756
0 0 0 0 0 7.84433
0 0 0 0 1 7.93584
0 0 0 0 0 7.92175
0 0 0 0 1 7.78695
0 0 0 0 0 7.73432
0 0 0 0 1 7.76983
0 0 0 0 0 7.74228
0 0 0 0 1 7.65175
0 0 0 0 1 7.60264
0 0 0 0 1 7.68823
0 0 0 0 0 7.54821
0 0 0 0 1 7.59672
0 0 0 0 0 7.47806
0 0 0 0 0 7.47239
0 0 0 0 1 7.46931
0 0 0 0 1 7.45612
0 0 0 0 1 7.42194
0 0 0 0 1 7.40881
0 0 0 0 1 7.33711
0 0 0 0 1 7.25128
0 0 0 0 1 7.31138
0 0 0 0 1 7.23338
0 0 0 0 1 7.24967
0 0 0 0 1 7.12923
0 0 0 0 1 7.10986
0 0 0 0 0 7.11911
0 0 0 0 0 7.0439
0 0 0 0 1 7.1089
0 0 0 0 1 7.12494
0 0 0 0 0 6.9491
0 0 0 0 1 6.95842
0 0 0 0 1 6.93975
0 0 0 0 0 6.92812
0 0 0 0 1 6.98981
0 0 0 0 0 6.9642
0 0 0 0 0 6.8357
0 0 0 0 1 6.83816
0 0 0 0 0 6.79673
0 0 0 0 1 6.82645
0 0 0 0 1 6.79449
0 0 0 0 1 6.81733
0 0 0 0 1 6.75655
0 0 0 0 1 6.67815
0 0 0 0 1 6.64451
0 0 0 0 1 6.69421
0 0 0 0 1 6.6438
0 0 0 0 1 6.61716
0 0 0 0 0 6.58404
0 0 0 0 1 6.61352
0 0 0 0 1 6.52148
0 0 0 0 1 6.59025
0 0 0 0 1 6.55104
0 0 0 0 0 6.48892
0 0 0 0 1 6.54132
0 0 0 0 1 6.40854
0 0 0 0 1 6.43485
0 0 0 0 0 6.49317
0 0 0 0 1 6.46461
0 0 0 0 1 6.38179
0 0 0 0 1 6.43971
