0 0 0 0 1 5.56953
0 0 0 0 1 5.52311
0 0 0 0 1 5.61022
0 0 0 0 1 5.60538
0 0 0 0 0 5.57028
0 0 0 0 0 5.63022
0 0 0 0 1 5.63349
0 0 0 0 1 5.58735
0 0 0 0 1 5.62763
0 0 0 0 1 5.64335
0 0 0 0 1 5.61418
0 0 0 0 1 5.61886
0 0 0 0 1 5.6823
0 0 0 0 1 5.70992
0 0 0 0 1 5.66405
0 0 0 0 1 5.64856
0 0 0 0 1 5.6424
0 0 0 0 1 5.73888
0 0 0 0 1 5.76732
0 0 0 0 1 5.70256
0 0 0 0 1 5.73685
0 0 0 0 0 5.68531
0 0 0 0 1 5.72562
0 0 0 0 1 5.73738
0 0 0 0 0 5.75107
0 0 0 0 1 5.74572
0 0 0 0 1 5.76359
0 0 0 0 1 5.77582
0 0 0 0 0 5.84053
0 0 0 0 1 5.85895
0 0 0 0 1 5.79573
0 0 0 0 1 5.81589
0 0 0 0 0 5.88886
0 0 0 0 0 5.86078
0 0 0 0 1 5.8503
0 0 0 0 1 5.95192
0 0 0 0 1 5.85304
0 0 0 0 0 5.9197
0 0 0 0 1 5.95108
0 0 0 0 0 5.93504
0 0 0 0 1 6.00848
0 0 0 0 1 5.92085
0 0 0 0 0 6.02595
0 0 0 0 1 5.99814
0 0 0 0 1 5.97626
0 0 0 0 1 6.01465
0 0 0 0 1 6.09445
0 0 0 0 1 6.10311
0 0 0 0 1 6.05713
0 0 0 0 1 6.13289
0 0 0 0 1 6.11739
0 0 0 0 1 6.13861
0 0 0 0 1 6.09131
0 0 0 0 1 6.11374
0 0 0 0 1 6.11669
0 0 0 0 1 6.14443
0 0 0 0 1 6.22197
0 0 0 0 1 6.187
0 0 0 0 1 6.26517
0 0 0 0 1 6.2812
0 0 0 0 1 6.32156
0 0 0 0 1 6.33159
0 0 0 0 1 6.34799
0 0 0 0 1 6.26327
0 0 0 0 0 6.32401
0 0 0 0 1 6.42885
0 0 0 0 1 6.43936
0 0 0 0 1 6.38518
0 0 0 0 1 6.36356
0 0 0 0 1 6.47633
0 0 0 0 0 6.51297
0 0 0 0 1 6.54918
0 0 0 0 1 6.43671
0 0 0 0 1 6.52574
0 0 0 0 1 6.53026
0 0 0 0 1 6.57349
0 0 0 0 0 6.52485
0 0 0 0 0 6.5426
0 0 0 0 1 6.56639
0 0 0 0 1 6.63689
0 0 0 0 1 6.72123
0 0 0 0 1 6.69953
0 0 0 0 1 6.65757
0 0 0 0 1 6.68206
0 0 0 0 0 6.80811
0 0 0 0 1 6.75862
0 0 0 0 1 6.74278
0 0 0 0 1 6.81565
0 0 0 0 1 6.84784
0 0 0 0 1 6.91465
0 0 0 0 0 6.96809
0 0 0 0 0 6.95986
0 0 0 0 1 6.90935
0 0 0 0 1 6.95617
0 0 0 0 1 6.97523
0 0 0 0 1 7.09993
0 0 0 0 1 7.00604
0 0 0 0 1 7.06079
0 0 0 0 1 7.19422
0 0 0 0 1 7.14269
0 0 0 0 0 7.1481
0 0 0 0 1 7.26874
0 0 0 0 1 7.21622
0 0 0 0 1 7.31615
0 0 0 0 1 7.31426
0 0 0 0 1 7.31995
0 0 0 0 0 7.32515
0 0 0 0 1 7.39762
0 0 0 0 0 7.38815
0 0 0 0 1 7.41569
0 0 0 0 1 7.49615
0 0 0 0 0 7.49408
0 0 0 0 0 7.51447
0 0 0 0 1 7.65629
0 0 0 0 1 7.60149
0 0 0 0 1 7.57625
0 0 0 0 0 7.6121
0 0 0 0 1 7.65582
0 0 0 0 0 7.76962
0 0 0 0 1 7.86091
0 0 0 0 0 7.85145
0 0 0 0 0 7.90421
0 0 0 0 0 7.95685
0 0 0 0 1 8.00226
0 0 0 0 0 7.91958
0 0 0 0 1 7.95679
0 0 0 0 1 8.10707
0 0 0 0 1 8.16938
0 0 0 0 1 8.15825
0 0 0 0 0 8.13088
0 0 0 0 1 8.28349
0 0 0 0 0 8.305
0 0 0 0 1 8.25213
0 0 0 0 1 8.34835
0 0 0 0 1 8.37799
0 0 0 0 0 8.51758
0 0 0 0 1 8.59033
0 0 0 0 1 8.52668
0 0 0 0 1 8.63464
0 0 0 0 1 8.64768
0 0 0 0 1 8.61624
0 0 0 0 1 8.8296
0 0 0 0 0 8.72763
0 0 0 0 1 8.8822
0 0 0 0 0 8.92977
0 0 0 0 1 8.97741
0 0 0 0 1 8.98911
0 0 0 0 1 9.02761
0 0 0 0 1 9.06709
0 0 0 0 1 9.22476
0 0 0 0 1 9.26392
0 0 0 0 1 9.32159
0 0 0 0 1 9.25915
0 0 0 0 1 9.42804
0 0 0 0 1 9.39158
0 0 0 0 1 9.47658
0 0 0 0 1 9.66756
0 0 0 0 0 9.55281
0 0 0 0 1 9.62886
0 0 0 0 1 9.73459
0 0 0 0 1 9.92971
0 0 0 0 0 9.85056
0 0 0 0 1 10.0661
0 0 0 0 1 9.9637
0 0 0 0 0 10.0295
0 0 0 0 0 10.1685
0 0 0 0 1 10.3379
0 0 0 0 1 10.3328
0 0 0 0 0 10.4536
0 0 0 0 1 10.5105
0 0 0 0 1 10.5884
0 0 0 0 1 10.6325
0 0 0 0 1 10.7857
0 0 0 0 1 10.7866
0 0 0 0 0 11.0046
0 0 0 0 0 11.0071
0 0 0 0 1 11.0506
0 0 0 0 0 11.1024
0 0 0 0 0 11.1924
0 0 0 0 1 11.2664
0 0 0 0 0 11.5234
0 0 0 0 1 11.6101
0 0 0 0 1 11.7551
0 0 0 0 1 11.6397
0 0 0 0 1 11.9623
0 0 0 0 0 12.011
0 0 0 0 1 11.9623
0 0 0 0 1 12.1577
0 0 0 0 0 12.2994
0 0 0 0 1 12.4914
0 0 0 0 1 12.4631
0 0 0 0 1 12.6655
0 0 0 0 1 12.8258
0 0 0 0 1 12.8124
0 0 0 0 1 12.8875
0 0 0 0 1 13.2245
0 0 0 0 1 13.2833
0 0 0 0 1 13.5325
0 0 0 0 1 13.5906
0 0 0 0 1 13.7704
0 0 0 0 1 13.6979
0 0 0 0 0 14.0401
0 0 0 0 0 14.0479
0 0 0 0 0 14.3905
0 0 0 0 1 14.5065
0 0 0 0 1 14.7093
0 0 0 0 0 14.6719
0 0 0 0 1 14.9585
0 0 0 0 1 15.0669
0 0 0 0 1 15.3305
0 0 0 0 1 15.5558
0 0 0 0 1 15.6981
0 0 0 0 1 15.8331
0 0 0 0 1 16.0696
0 0 0 0 1 16.2292
0 0 0 0 1 16.4865
0 0 0 0 1 16.5621
0 0 0 0 1 16.9647
0 0 0 0 1 16.9638
0 0 0 0 1 17.2075
0 0 0 0 1 17.6373
0 0 0 0 1 17.9219
0 0 0 0 0 18.2354
0 0 0 0 1 18.2206
0 0 0 0 1 18.5057
0 0 0 0 1 18.9901
0 0 0 0 1 14.8307
0 0 0 0 1 14.8866
0 0 0 0 1 14.8081
0 0 0 0 0 14.8345
0 0 0 0 1 14.8636
0 0 0 0 1 14.8606
0 0 0 0 1 14.9322
0 0 0 0 1 14.7687
0 0 0 0 1 14.9446
0 0 0 0 1 14.8981
0 0 0 0 1 14.8839
0 0 0 0 0 14.9416
0 0 0 0 1 14.7334
0 0 0 0 1 14.8087
0 0 0 0 1 14.7639
0 0 0 0 1 14.7068
0 0 0 0 1 14.854
0 0 0 0 0 14.6483
0 0 0 0 1 14.8273
0 0 0 0 1 14.7694
0 0 0 0 1 14.7137
0 0 0 0 0 14.6418
0 0 0 0 1 14.7772
0 0 0 0 0 14.7645
0 0 0 0 0 14.7393
0 0 0 0 1 14.5957
0 0 0 0 1 14.6295
0 0 0 0 1 14.5451
0 0 0 0 0 14.4919
0 0 0 0 1 14.7158
0 0 0 0 1 14.5344
0 0 0 0 1 14.9458
0 0 0 0 1 15.5309
0 0 0 0 1 15.9931
0 0 0 0 1 16.6423
0 0 0 0 1 17.2364
0 0 0 0 0 17.8618
0 0 0 0 1 18.4466
0 0 0 0 1 47.1676
0 0 0 0 1 48.2677
0 0 0 0 1 50.8203
0 0 0 0 1 52.8714
0 0 0 0 1 42.2977
0 0 0 0 0 42.3661
0 0 0 0 1 42.1364
0 0 0 0 0 42.9713
0 0 0 0 1 42.9567
0 0 0 0 1 42.2617
0 0 0 0 1 42.7157
0 0 0 0 1 42.7035
0 0 0 0 1 42.9038
0 0 0 0 1 42.1712
0 0 0 0 1 42.2882
0 0 0 0 1 44.7872
0 0 0 0 0 5.0601
0 0 0 0 0 4.96992
0 0 0 0 0 4.98495
0 0 0 0 0 5.04006
0 0 0 0 1 35.1997
0 0 0 0 1 35.6916
0 0 0 0 0 35.7241
0 0 0 0 1 35.1198
0 0 0 0 1 35.3306
0 0 0 0 1 35.6127
0 0 0 0 0 35.0814
0 0 0 0 1 35.1525
0 0 0 0 0 35.2244
0 0 0 0 1 35.5092
0 0 0 0 1 35.37
0 0 0 0 1 35.55
0 0 0 0 1 35.2706
0 0 0 0 0 4.97493
0 0 0 0 0 4.96992
0 0 0 0 0 4.96992
0 0 0 0 0 5.02503
0 0 0 0 0 5.04507
0 0 0 0 0 4.98996
0 0 0 0 0 4.96992
0 0 0 0 0 5.02503
0 0 0 0 0 4.96992
0 0 0 0 0 5.02002
0 0 0 0 1 100.582
0 0 0 0 1 93.5061
0 0 0 0 1 24.933
0 0 0 0 0 23.6876
0 0 0 0 1 22.5408
0 0 0 0 1 21.4968
0 0 0 0 1 20.4617
0 0 0 0 1 20.676
0 0 0 0 1 20.5626
0 0 0 0 1 20.511
0 0 0 0 1 20.6651
0 0 0 0 1 20.7376
0 0 0 0 0 20.3992
0 0 0 0 0 20.781
0 0 0 0 1 20.7725
0 0 0 0 0 20.5171
0 0 0 0 1 20.7977
0 0 0 0 0 20.4809
0 0 0 0 1 20.5164
0 0 0 0 1 20.6128
0 0 0 0 1 20.8544
0 0 0 0 1 20.8278
0 0 0 0 1 20.7809
0 0 0 0 1 20.5892
0 0 0 0 1 20.5842
0 0 0 0 1 20.685
0 0 0 0 1 20.5977
0 0 0 0 1 20.8431
0 0 0 0 1 20.7565
0 0 0 0 1 37.2791
0 0 0 0 1 36.6466
0 0 0 0 1 35.6729
0 0 0 0 0 34.8971
0 0 0 0 1 33.9637
0 0 0 0 1 33.6825
0 0 0 0 0 33.0785
0 0 0 0 1 32.4065
0 0 0 0 1 31.7789
0 0 0 0 1 30.8712
0 0 0 0 1 30.6988
0 0 0 0 1 30.0731
0 0 0 0 1 29.7756
0 0 0 0 1 28.7649
0 0 0 0 1 28.782
0 0 0 0 1 28.4094
0 0 0 0 1 27.8507
0 0 0 0 0 26.9786
0 0 0 0 1 26.6938
0 0 0 0 0 26.6983
0 0 0 0 1 25.8323
0 0 0 0 0 25.8722
0 0 0 0 0 25.0502
0 0 0 0 1 24.9745
0 0 0 0 1 24.8178
0 0 0 0 1 24.093
0 0 0 0 1 23.8674
0 0 0 0 0 23.7105
0 0 0 0 1 23.4056
0 0 0 0 1 23.1796
0 0 0 0 1 22.6021
0 0 0 0 1 22.5668
0 0 0 0 1 22.0129
0 0 0 0 1 21.8635
0 0 0 0 1 21.6099
0 0 0 0 0 21.4113
0 0 0 0 1 21.336
0 0 0 0 1 20.7979
0 0 0 0 0 20.7829
0 0 0 0 1 20.5983
0 0 0 0 1 20.1413
0 0 0 0 1 20.1475
0 0 0 0 1 19.9425
0 0 0 0 1 19.6194
0 0 0 0 1 19.4058
0 0 0 0 0 19.0872
0 0 0 0 1 18.7615
0 0 0 0 1 18.8137
0 0 0 0 1 18.685
0 0 0 0 1 18.381
0 0 0 0 1 18.0798
0 0 0 0 1 18.0695
0 0 0 0 1 17.6728
0 0 0 0 1 17.8463
0 0 0 0 1 17.4712
0 0 0 0 1 17.1698
0 0 0 0 1 17.026
0 0 0 0 1 16.9081
0 0 0 0 1 16.8236
0 0 0 0 1 16.6547
0 0 0 0 1 16.6445
0 0 0 0 1 16.4845
0 0 0 0 1 16.3413
0 0 0 0 1 16.2146
0 0 0 0 1 15.9455
0 0 0 0 1 16.0198
0 0 0 0 1 15.8615
0 0 0 0 1 15.7929
0 0 0 0 1 15.5355
0 0 0 0 1 15.3662
0 0 0 0 1 15.3505
0 0 0 0 0 15.2968
0 0 0 0 1 15.0533
0 0 0 0 1 14.9164
0 0 0 0 1 14.8714
0 0 0 0 0 14.6409
0 0 0 0 1 14.427
0 0 0 0 1 14.5708
0 0 0 0 1 14.2515
0 0 0 0 0 14.392
0 0 0 0 1 14.0196
0 0 0 0 0 14.1995
0 0 0 0 1 14.0912
0 0 0 0 1 13.9886
0 0 0 0 1 13.7846
0 0 0 0 1 13.7244
0 0 0 0 1 13.545
0 0 0 0 0 13.4396
0 0 0 0 1 13.4687
0 0 0 0 1 13.4165
0 0 0 0 1 13.0947
0 0 0 0 1 13.1573
0 0 0 0 1 13.1791
0 0 0 0 0 12.9403
0 0 0 0 1 12.8714
0 0 0 0 0 12.8363
0 0 0 0 1 12.8184
0 0 0 0 1 12.6986
0 0 0 0 1 12.638
0 0 0 0 1 12.4818
0 0 0 0 0 12.517
0 0 0 0 1 12.4319
0 0 0 0 1 12.1917
0 0 0 0 1 12.1571
0 0 0 0 0 12.0981
0 0 0 0 1 12.047
0 0 0 0 1 12.1162
0 0 0 0 1 12.0687
0 0 0 0 1 11.9578
0 0 0 0 1 11.7807
0 0 0 0 1 11.8713
0 0 0 0 1 11.5982
0 0 0 0 1 11.6647
0 0 0 0 1 11.6723
0 0 0 0 1 11.4607
0 0 0 0 1 11.5371
0 0 0 0 1 11.3162
0 0 0 0 1 11.3767
0 0 0 0 0 11.2333
0 0 0 0 1 11.263
0 0 0 0 1 11.0539
0 0 0 0 1 11.1168
0 0 0 0 0 11.0756
0 0 0 0 1 10.9026
0 0 0 0 1 11.0265
0 0 0 0 0 10.7893
0 0 0 0 0 10.7601
0 0 0 0 1 10.8606
0 0 0 0 1 10.6589
0 0 0 0 1 10.7049
0 0 0 0 0 10.5798
0 0 0 0 1 10.7032
0 0 0 0 1 10.4837
0 0 0 0 1 10.5813
0 0 0 0 1 10.479
0 0 0 0 1 10.322
0 0 0 0 1 10.3873
0 0 0 0 1 10.3762
0 0 0 0 1 10.2519
0 0 0 0 1 10.3435
0 0 0 0 1 10.0977
0 0 0 0 1 10.1076
0 0 0 0 1 10.2084
0 0 0 0 0 10.1502
0 0 0 0 1 9.92869
0 0 0 0 1 9.90861
0 0 0 0 1 9.9781
0 0 0 0 0 10.014
0 0 0 0 1 9.83545
0 0 0 0 0 9.8517
0 0 0 0 0 9.83174
0 0 0 0 1 9.77278
0 0 0 0 1 9.75309
0 0 0 0 1 9.64303
0 0 0 0 1 9.67209
0 0 0 0 1 9.65917
0 0 0 0 1 9.68464
0 0 0 0 0 9.62704
0 0 0 0 1 9.47144
0 0 0 0 1 9.47185
0 0 0 0 1 9.40284
0 0 0 0 1 9.47552
0 0 0 0 1 9.40069
0 0 0 0 1 9.42601
0 0 0 0 1 9.30201
0 0 0 0 1 9.3614
0 0 0 0 1 9.25079
0 0 0 0 1 9.1654
0 0 0 0 1 9.18174
0 0 0 0 1 9.10625
0 0 0 0 1 9.18663
0 0 0 0 1 9.0478
0 0 0 0 1 9.14601
0 0 0 0 0 9.11683
0 0 0 0 1 8.99759
0 0 0 0 1 8.92975
0 0 0 0 1 9.05406
0 0 0 0 1 8.95963
0 0 0 0 1 8.88687
0 0 0 0 1 8.88574
0 0 0 0 1 8.82258
0 0 0 0 0 8.75098
0 0 0 0 1 8.87922
0 0 0 0 0 8.86064
0 0 0 0 1 8.84221
0 0 0 0 1 8.72101
0 0 0 0 1 8.69445
0 0 0 0 0 8.62984
0 0 0 0 1 8.75122
0 0 0 0 0 8.64364
0 0 0 0 0 8.58326
0 0 0 0 1 8.65746
0 0 0 0 1 8.57173
0 0 0 0 1 8.57717
0 0 0 0 1 8.62028
0 0 0 0 1 8.54905
0 0 0 0 1 8.45271
0 0 0 0 0 8.56028
0 0 0 0 1 8.39682
0 0 0 0 1 8.37759
0 0 0 0 1 8.32851
0 0 0 0 0 8.46914
0 0 0 0 1 8.45845
0 0 0 0 1 8.38103
0 0 0 0 1 8.25399
0 0 0 0 1 8.23951
0 0 0 0 0 8.24631
0 0 0 0 1 8.28626
0 0 0 0 1 8.32236
0 0 0 0 0 8.18895
0 0 0 0 0 8.24546
0 0 0 0 0 8.27718
0 0 0 0 1 8.16135
0 0 0 0 1 8.10333
0 0 0 0 0 8.07828
0 0 0 0 1 8.11043
0 0 0 0 1 8.18317
0 0 0 0 1 8.11784
0 0 0 0 1 8.06096
0 0 0 0 1 8.02057
0 0 0 0 1 8.07717
0 0 0 0 0 8.08936
0 0 0 0 1 7.96104
0 0 0 0 1 7.9536
0 0 0 0 1 8.02632
0 0 0 0 1 7.9551
0 0 0 0 0 8.0156
0 0 0 0 0 7.9926
0 0 0 0 1 7.86651
0 0 0 0 1 7.86791
0 0 0 0 1 7.98026
0 0 0 0 1 7.91412
0 0 0 0 1 7.94733
0 0 0 0 0 7.83087
0 0 0 0 0 7.85992
0 0 0 0 1 7.88897
0 0 0 0 1 7.86757
0 0 0 0 1 7.79157
0 0 0 0 1 7.75504
0 0 0 0 1 7.8547
0 0 0 0 1 7.86519
0 0 0 0 1 7.82909
0 0 0 0 1 7.69531
0 0 0 0 0 7.82282
0 0 0 0 1 7.82139
