0 0 0 0 1 9.36193
0 0 0 0 1 9.42117
0 0 0 0 1 9.47433
0 0 0 0 1 9.40162
0 0 0 0 1 9.45525
0 0 0 0 1 9.40154
0 0 0 0 1 9.60457
0 0 0 0 1 9.60829
0 0 0 0 1 9.4438
0 0 0 0 1 9.45712
0 0 0 0 1 9.53139
0 0 0 0 1 9.62178
0 0 0 0 1 9.66809
0 0 0 0 1 9.65346
0 0 0 0 1 9.57505
0 0 0 0 1 9.73411
0 0 0 0 1 9.74286
0 0 0 0 1 9.76148
0 0 0 0 1 9.68925
0 0 0 0 1 9.77232
0 0 0 0 1 9.83042
0 0 0 0 1 9.651
0 0 0 0 1 9.71909
0 0 0 0 1 9.75823
0 0 0 0 0 9.89171
0 0 0 0 0 9.75476
0 0 0 0 1 9.87332
0 0 0 0 1 9.81494
0 0 0 0 1 9.96972
0 0 0 0 1 9.88184
0 0 0 0 1 9.95247
0 0 0 0 1 9.84031
0 0 0 0 1 10.0309
0 0 0 0 1 10.0227
0 0 0 0 1 9.9946
0 0 0 0 1 9.96649
0 0 0 0 1 10.079
0 0 0 0 1 10.1519
0 0 0 0 1 10.1243
0 0 0 0 1 10.1876
0 0 0 0 1 10.2108
0 0 0 0 0 10.1834
0 0 0 0 1 10.2225
0 0 0 0 0 10.1849
0 0 0 0 1 10.3109
0 0 0 0 0 10.2428
0 0 0 0 1 10.1895
0 0 0 0 0 10.2239
0 0 0 0 1 10.3206
0 0 0 0 1 10.2935
0 0 0 0 1 10.4894
0 0 0 0 1 10.3899
0 0 0 0 1 10.4569
0 0 0 0 1 10.3673
0 0 0 0 1 10.4976
0 0 0 0 1 10.4971
0 0 0 0 1 10.4704
0 0 0 0 0 10.6709
0 0 0 0 1 10.6445
0 0 0 0 1 10.5277
0 0 0 0 0 10.6182
0 0 0 0 1 10.7253
0 0 0 0 1 10.7151
0 0 0 0 1 10.6886
0 0 0 0 1 10.7699
0 0 0 0 1 10.9004
0 0 0 0 1 10.8799
0 0 0 0 1 10.9681
0 0 0 0 1 10.8438
0 0 0 0 0 10.8887
0 0 0 0 1 11.0326
0 0 0 0 1 11.0563
0 0 0 0 1 11.0691
0 0 0 0 1 11.0208
0 0 0 0 1 11.0669
0 0 0 0 1 11.2247
0 0 0 0 1 11.2777
0 0 0 0 1 11.2577
0 0 0 0 1 11.1587
0 0 0 0 0 11.285
0 0 0 0 1 11.3501
0 0 0 0 1 11.3641
0 0 0 0 1 11.429
0 0 0 0 1 11.5524
0 0 0 0 0 11.5785
0 0 0 0 1 11.5419
0 0 0 0 1 11.5911
0 0 0 0 1 11.7167
0 0 0 0 1 11.575
0 0 0 0 1 11.6598
0 0 0 0 0 11.6693
0 0 0 0 1 11.6725
0 0 0 0 1 11.8948
0 0 0 0 1 11.9525
0 0 0 0 1 11.9033
0 0 0 0 1 11.8776
0 0 0 0 1 11.9836
0 0 0 0 1 12.042
0 0 0 0 1 12.0645
0 0 0 0 1 12.1357
0 0 0 0 1 12.2194
0 0 0 0 1 12.2057
0 0 0 0 0 12.3829
0 0 0 0 0 12.4311
0 0 0 0 1 12.4741
0 0 0 0 1 12.4729
0 0 0 0 1 12.516
0 0 0 0 1 12.6024
0 0 0 0 1 12.4821
0 0 0 0 1 12.6391
0 0 0 0 1 12.8155
0 0 0 0 1 12.6498
0 0 0 0 1 12.7319
0 0 0 0 1 12.8273
0 0 0 0 1 12.955
0 0 0 0 0 12.9347
0 0 0 0 0 13.1563
0 0 0 0 0 13.0968
0 0 0 0 1 13.2942
0 0 0 0 1 13.2076
0 0 0 0 0 13.4393
0 0 0 0 1 13.346
0 0 0 0 1 13.4798
0 0 0 0 1 13.5335
0 0 0 0 0 13.6146
0 0 0 0 1 13.7232
0 0 0 0 1 13.7915
0 0 0 0 1 13.6458
0 0 0 0 1 13.7764
0 0 0 0 1 13.8029
0 0 0 0 1 14.1166
0 0 0 0 1 13.9408
0 0 0 0 1 14.0443
0 0 0 0 1 14.1921
0 0 0 0 1 14.1411
0 0 0 0 1 14.4414
0 0 0 0 0 14.3755
0 0 0 0 1 14.5116
0 0 0 0 1 14.7216
0 0 0 0 0 14.581
0 0 0 0 1 14.6379
0 0 0 0 1 14.8137
0 0 0 0 1 15.0656
0 0 0 0 1 15.1613
0 0 0 0 1 15.205
0 0 0 0 1 15.3093
0 0 0 0 1 15.4528
0 0 0 0 1 15.3663
0 0 0 0 1 15.5403
0 0 0 0 1 15.6852
0 0 0 0 1 15.7214
0 0 0 0 0 15.7255
0 0 0 0 0 15.9827
0 0 0 0 0 16.1143
0 0 0 0 1 16.0139
0 0 0 0 1 16.2023
0 0 0 0 1 16.1804
0 0 0 0 1 16.5586
0 0 0 0 1 16.3385
0 0 0 0 1 16.4881
0 0 0 0 0 16.8562
0 0 0 0 1 16.8994
0 0 0 0 1 17.0692
0 0 0 0 1 17.1717
0 0 0 0 1 17.0935
0 0 0 0 1 17.2557
0 0 0 0 1 17.6279
0 0 0 0 1 17.547
0 0 0 0 0 17.8529
0 0 0 0 1 18.0012
0 0 0 0 1 18.015
0 0 0 0 1 18.2265
0 0 0 0 0 18.3664
0 0 0 0 0 16.1581
0 0 0 0 0 16.1509
0 0 0 0 1 15.8085
0 0 0 0 1 16.0573
0 0 0 0 1 15.9236
0 0 0 0 1 15.7432
0 0 0 0 0 15.8958
0 0 0 0 1 15.7369
0 0 0 0 1 15.8105
0 0 0 0 1 15.6482
0 0 0 0 1 15.5652
0 0 0 0 0 15.5653
0 0 0 0 0 15.5768
0 0 0 0 0 15.6974
0 0 0 0 0 15.6977
0 0 0 0 1 15.6516
0 0 0 0 0 15.5706
0 0 0 0 1 15.5561
0 0 0 0 1 15.3527
0 0 0 0 1 15.4467
0 0 0 0 1 15.4597
0 0 0 0 1 15.1857
0 0 0 0 1 15.3565
0 0 0 0 1 15.1298
0 0 0 0 1 15.2203
0 0 0 0 0 15.132
0 0 0 0 1 15.3174
0 0 0 0 1 15.1843
0 0 0 0 1 15.5724
0 0 0 0 1 15.552
0 0 0 0 1 15.8221
0 0 0 0 1 15.9025
0 0 0 0 1 16.3372
0 0 0 0 1 16.4108
0 0 0 0 1 16.7306
0 0 0 0 1 16.9123
0 0 0 0 0 17.0092
0 0 0 0 1 17.0011
0 0 0 0 1 17.2061
0 0 0 0 0 17.456
0 0 0 0 1 17.7342
0 0 0 0 1 18.0047
0 0 0 0 1 18.2958
0 0 0 0 1 18.3297
0 0 0 0 1 18.8458
0 0 0 0 1 19.1229
0 0 0 0 0 19.4394
0 0 0 0 0 29.6248
0 0 0 0 1 30.183
0 0 0 0 1 30.5593
0 0 0 0 1 31.2559
0 0 0 0 1 31.3907
0 0 0 0 1 32.1878
0 0 0 0 1 32.8974
0 0 0 0 0 32.8819
0 0 0 0 1 33.331
0 0 0 0 0 34.1053
0 0 0 0 1 34.6545
0 0 0 0 1 35.1979
0 0 0 0 1 36.2269
0 0 0 0 0 36.6966
0 0 0 0 1 37.0329
0 0 0 0 1 37.5117
0 0 0 0 1 38.4272
0 0 0 0 1 39.3615
0 0 0 0 1 40.2342
0 0 0 0 1 40.521
0 0 0 0 1 41.7325
0 0 0 0 1 42.2704
0 0 0 0 0 42.8794
0 0 0 0 1 43.9146
0 0 0 0 1 44.8953
0 0 0 0 1 45.9373
0 0 0 0 1 47.4827
0 0 0 0 1 48.4752
0 0 0 0 1 42.7999
0 0 0 0 1 42.3815
0 0 0 0 1 42.3057
0 0 0 0 1 42.957
0 0 0 0 0 42.2862
0 0 0 0 1 42.8086
0 0 0 0 1 42.2681
0 0 0 0 1 42.7064
0 0 0 0 0 42.0847
0 0 0 0 1 42.5241
0 0 0 0 1 42.1579
0 0 0 0 1 43.6443
0 0 0 0 1 35.0905
0 0 0 0 0 35.5287
0 0 0 0 0 35.0868
0 0 0 0 1 35.526
0 0 0 0 0 35.2971
0 0 0 0 1 35.2441
0 0 0 0 1 35.3337
0 0 0 0 1 35.2117
0 0 0 0 1 34.8806
0 0 0 0 1 35.183
0 0 0 0 1 34.8524
0 0 0 0 0 34.8047
0 0 0 0 1 20.2621
0 0 0 0 1 19.915
0 0 0 0 1 20.1091
0 0 0 0 0 19.9026
0 0 0 0 0 20.2175
0 0 0 0 1 20.1927
0 0 0 0 1 20.0476
0 0 0 0 1 20.2233
0 0 0 0 0 20.2191
0 0 0 0 1 20.0556
0 0 0 0 1 19.9322
0 0 0 0 1 19.9293
0 0 0 0 1 19.8067
0 0 0 0 1 20.0448
0 0 0 0 1 20.0431
0 0 0 0 1 19.9017
0 0 0 0 1 19.9007
0 0 0 0 0 20.1402
0 0 0 0 1 19.82
0 0 0 0 1 19.9402
0 0 0 0 0 20.1807
0 0 0 0 0 20.0617
0 0 0 0 1 19.803
0 0 0 0 0 4.99497
0 0 0 0 0 5.04006
0 0 0 0 0 4.9599
0 0 0 0 0 4.99497
0 0 0 0 1 93.9241
0 0 0 0 1 84.8798
0 0 0 0 0 77.3265
0 0 0 0 1 70.8889
0 0 0 0 1 64.6631
0 0 0 0 0 60.8857
0 0 0 0 1 56.5471
0 0 0 0 1 52.8098
0 0 0 0 1 50.3553
0 0 0 0 1 46.6709
0 0 0 0 1 44.6675
0 0 0 0 1 41.9769
0 0 0 0 1 40.5809
0 0 0 0 1 38.9425
0 0 0 0 0 36.6268
0 0 0 0 0 35.5045
0 0 0 0 1 34.0869
0 0 0 0 1 32.8777
0 0 0 0 1 31.5631
0 0 0 0 1 30.477
0 0 0 0 1 29.4006
0 0 0 0 0 28.2266
0 0 0 0 1 27.153
0 0 0 0 1 26.6373
0 0 0 0 0 25.8845
0 0 0 0 1 25.2538
0 0 0 0 1 24.1074
0 0 0 0 1 23.4547
0 0 0 0 1 23.195
0 0 0 0 1 22.2169
0 0 0 0 1 22.0206
0 0 0 0 1 21.1759
0 0 0 0 1 20.6763
0 0 0 0 1 20.1464
0 0 0 0 1 19.8562
0 0 0 0 1 19.1809
0 0 0 0 1 19.0376
0 0 0 0 1 18.7078
0 0 0 0 1 18.2035
0 0 0 0 0 17.5994
0 0 0 0 1 17.2858
0 0 0 0 1 16.9369
0 0 0 0 1 16.785
0 0 0 0 0 16.4626
0 0 0 0 1 16.1923
0 0 0 0 1 15.7092
0 0 0 0 1 15.5229
0 0 0 0 1 15.1446
0 0 0 0 1 15.1157
0 0 0 0 1 14.6259
0 0 0 0 1 14.4733
0 0 0 0 1 14.2894
0 0 0 0 1 13.9688
0 0 0 0 1 13.942
0 0 0 0 1 13.6603
0 0 0 0 0 13.3541
0 0 0 0 1 13.2324
0 0 0 0 1 13.0661
0 0 0 0 1 12.755
0 0 0 0 1 12.5236
0 0 0 0 1 12.5836
0 0 0 0 1 12.4197
0 0 0 0 1 12.0645
0 0 0 0 1 11.8796
0 0 0 0 1 11.7427
0 0 0 0 1 11.6848
0 0 0 0 1 11.4156
0 0 0 0 1 11.3108
0 0 0 0 1 11.2705
0 0 0 0 1 11.0713
0 0 0 0 0 10.9848
0 0 0 0 1 10.831
0 0 0 0 1 10.7206
0 0 0 0 0 10.5454
0 0 0 0 1 10.3717
0 0 0 0 0 10.2921
0 0 0 0 1 10.2824
0 0 0 0 1 10.1899
0 0 0 0 1 9.9967
0 0 0 0 1 9.8463
0 0 0 0 1 9.79339
0 0 0 0 1 9.6237
0 0 0 0 1 9.6277
0 0 0 0 1 9.38339
0 0 0 0 1 9.45171
0 0 0 0 1 9.35905
0 0 0 0 1 9.11053
0 0 0 0 1 9.10152
0 0 0 0 1 9.08213
0 0 0 0 1 8.87437
0 0 0 0 1 8.90795
0 0 0 0 1 8.72899
0 0 0 0 1 8.63932
0 0 0 0 0 8.67858
0 0 0 0 1 8.59658
0 0 0 0 1 8.37193
0 0 0 0 1 8.30008
0 0 0 0 0 8.26203
0 0 0 0 1 8.18247
0 0 0 0 1 8.16022
0 0 0 0 0 8.09692
0 0 0 0 1 7.96244
0 0 0 0 1 7.98722
0 0 0 0 1 7.94069
0 0 0 0 1 7.74555
0 0 0 0 1 7.67671
0 0 0 0 1 7.60715
0 0 0 0 1 7.61504
0 0 0 0 1 7.62321
0 0 0 0 1 7.49416
0 0 0 0 1 7.37381
0 0 0 0 0 7.38883
0 0 0 0 1 7.37367
0 0 0 0 1 7.25472
0 0 0 0 1 7.30451
0 0 0 0 0 7.16629
0 0 0 0 1 7.05795
0 0 0 0 1 7.06382
0 0 0 0 0 6.97063
0 0 0 0 1 7.02625
0 0 0 0 1 6.94734
0 0 0 0 1 6.89651
0 0 0 0 1 6.83901
0 0 0 0 1 6.72904
0 0 0 0 1 6.81571
0 0 0 0 1 6.71817
0 0 0 0 1 6.5965
0 0 0 0 0 6.59334
0 0 0 0 1 6.626
0 0 0 0 1 6.59741
0 0 0 0 1 6.46322
0 0 0 0 1 6.47383
0 0 0 0 1 6.44733
0 0 0 0 1 6.42537
0 0 0 0 1 6.30839
0 0 0 0 1 6.33084
0 0 0 0 1 6.2795
0 0 0 0 1 6.18311
0 0 0 0 1 6.2315
0 0 0 0 1 6.14814
0 0 0 0 1 6.14673
0 0 0 0 1 6.08851
0 0 0 0 1 6.07482
0 0 0 0 1 6.04301
0 0 0 0 0 6.03521
0 0 0 0 1 5.90838
0 0 0 0 1 5.94036
0 0 0 0 1 5.86788
0 0 0 0 1 5.87774
0 0 0 0 1 5.77872
0 0 0 0 1 5.79244
0 0 0 0 1 5.80765
0 0 0 0 0 5.771
0 0 0 0 0 5.66058
0 0 0 0 1 5.64166
0 0 0 0 0 5.6472
0 0 0 0 1 5.60767
0 0 0 0 0 5.61671
0 0 0 0 1 5.53659
0 0 0 0 1 5.5179
0 0 0 0 1 5.46626
0 0 0 0 0 5.5118
0 0 0 0 1 5.49302
0 0 0 0 1 5.46342
0 0 0 0 0 5.36033
0 0 0 0 1 5.41732
0 0 0 0 1 5.40071
0 0 0 0 1 5.28645
0 0 0 0 0 5.25094
0 0 0 0 1 5.2806
0 0 0 0 0 5.25918
0 0 0 0 1 5.20985
0 0 0 0 1 5.21994
0 0 0 0 1 5.15211
0 0 0 0 0 5.11057
0 0 0 0 1 5.1497
0 0 0 0 1 5.08969
0 0 0 0 1 5.10476
0 0 0 0 0 5.06376
0 0 0 0 0 5.03314
0 0 0 0 1 4.98084
0 0 0 0 1 5.03586
0 0 0 0 1 5.01551
0 0 0 0 0 5.00023
0 0 0 0 1 4.94216
0 0 0 0 1 4.92224
0 0 0 0 1 4.94176
0 0 0 0 1 4.90719
0 0 0 0 1 4.92162
0 0 0 0 1 4.82415
0 0 0 0 1 4.87741
0 0 0 0 1 4.77753
0 0 0 0 1 4.77767
0 0 0 0 0 4.77454
0 0 0 0 1 4.76507
0 0 0 0 1 4.7271
0 0 0 0 1 4.6894
0 0 0 0 1 4.72898
0 0 0 0 1 4.69617
0 0 0 0 0 4.6589
0 0 0 0 1 4.6607
0 0 0 0 1 4.67964
0 0 0 0 1 4.64883
0 0 0 0 1 4.59965
0 0 0 0 1 4.66014
0 0 0 0 0 4.56388
0 0 0 0 1 4.58874
0 0 0 0 0 4.52076
0 0 0 0 1 4.57289
0 0 0 0 1 4.50085
0 0 0 0 1 4.55269
0 0 0 0 1 4.5443
0 0 0 0 1 4.51601
0 0 0 0 0 4.47192
0 0 0 0 1 4.50535
0 0 0 0 1 4.42594
0 0 0 0 0 4.41039
0 0 0 0 1 4.44258
0 0 0 0 0 4.38733
0 0 0 0 1 4.37203
0 0 0 0 1 4.40413
0 0 0 0 0 4.37139
0 0 0 0 1 4.38688
0 0 0 0 1 4.38488
0 0 0 0 1 4.34377
0 0 0 0 1 4.29766
0 0 0 0 1 4.35213
0 0 0 0 1 4.34168
0 0 0 0 1 4.25817
0 0 0 0 1 4.30728
0 0 0 0 0 4.28854
0 0 0 0 1 4.24858
0 0 0 0 1 4.26415
0 0 0 0 1 4.2323
0 0 0 0 0 4.26551
0 0 0 0 1 4.21762
0 0 0 0 1 4.20371
0 0 0 0 0 4.16465
0 0 0 0 1 4.20917
0 0 0 0 1 4.17039
0 0 0 0 0 4.16939
0 0 0 0 1 4.1351
0 0 0 0 1 4.19657
0 0 0 0 1 4.14172
0 0 0 0 0 4.16161
0 0 0 0 0 4.1154
0 0 0 0 0 4.15593
0 0 0 0 1 4.10179
0 0 0 0 1 4.09304
0 0 0 0 1 4.05572
0 0 0 0 1 4.0431
0 0 0 0 1 4.10394
0 0 0 0 0 4.05476
0 0 0 0 0 4.04642
0 0 0 0 1 4.02601
0 0 0 0 1 4.00572
0 0 0 0 1 4.01381
0 0 0 0 1 4.05815
0 0 0 0 1 4.04608
0 0 0 0 1 4.05418
0 0 0 0 1 3.99419
0 0 0 0 0 3.99446
0 0 0 0 1 4.01874
0 0 0 0 1 3.99518
0 0 0 0 1 3.93996
0 0 0 0 1 3.98421
0 0 0 0 1 3.97291
0 0 0 0 1 3.93007
0 0 0 0 1 3.91903
0 0 0 0 0 3.97112
0 0 0 0 1 3.94792
0 0 0 0 1 3.91348
0 0 0 0 1 3.89044
0 0 0 0 1 3.89156
0 0 0 0 1 3.90448
0 0 0 0 1 3.94085
0 0 0 0 1 3.8797
0 0 0 0 1 3.92002
0 0 0 0 1 3.90977
0 0 0 0 1 3.86391
0 0 0 0 1 3.86938
0 0 0 0 0 3.90976
