0 0 0 0 1 9.45621
0 0 0 0 1 9.41173
0 0 0 0 1 9.40814
0 0 0 0 1 9.41109
0 0 0 0 1 9.49318
0 0 0 0 1 9.54399
0 0 0 0 1 9.49046
0 0 0 0 1 9.53211
0 0 0 0 1 9.59643
0 0 0 0 0 9.60041
0 0 0 0 1 9.66536
0 0 0 0 1 9.67928
0 0 0 0 0 9.62969
0 0 0 0 0 9.71115
0 0 0 0 1 9.70991
0 0 0 0 1 9.61834
0 0 0 0 1 9.74286
0 0 0 0 0 9.72275
0 0 0 0 1 9.65046
0 0 0 0 1 9.68489
0 0 0 0 0 9.79149
0 0 0 0 1 9.73874
0 0 0 0 1 9.79724
0 0 0 0 1 9.70929
0 0 0 0 1 9.8721
0 0 0 0 1 9.73512
0 0 0 0 0 9.94223
0 0 0 0 1 9.94318
0 0 0 0 1 9.94996
0 0 0 0 1 9.89174
0 0 0 0 1 9.94255
0 0 0 0 1 10.0391
0 0 0 0 1 9.87148
0 0 0 0 0 10.0227
0 0 0 0 1 10.0947
0 0 0 0 1 10.1069
0 0 0 0 1 9.99865
0 0 0 0 1 10.0613
0 0 0 0 1 9.99303
0 0 0 0 0 10.1876
0 0 0 0 1 10.079
0 0 0 0 0 10.0614
0 0 0 0 1 10.0901
0 0 0 0 1 10.287
0 0 0 0 1 10.1882
0 0 0 0 1 10.3453
0 0 0 0 1 10.2203
0 0 0 0 1 10.2858
0 0 0 0 1 10.2896
0 0 0 0 1 10.2625
0 0 0 0 1 10.3025
0 0 0 0 0 10.5148
0 0 0 0 1 10.4986
0 0 0 0 1 10.5452
0 0 0 0 1 10.4137
0 0 0 0 0 10.4445
0 0 0 0 1 10.5653
0 0 0 0 1 10.4699
0 0 0 0 1 10.6975
0 0 0 0 1 10.7085
0 0 0 0 1 10.5542
0 0 0 0 1 10.629
0 0 0 0 1 10.7794
0 0 0 0 1 10.8499
0 0 0 0 0 10.813
0 0 0 0 1 10.7706
0 0 0 0 1 10.8799
0 0 0 0 0 10.8158
0 0 0 0 0 10.9747
0 0 0 0 0 11.0419
0 0 0 0 1 11.0546
0 0 0 0 1 10.9792
0 0 0 0 0 10.9476
0 0 0 0 1 11.0983
0 0 0 0 1 11.1557
0 0 0 0 0 11.0798
0 0 0 0 0 11.2777
0 0 0 0 0 11.123
0 0 0 0 1 11.3276
0 0 0 0 1 11.1946
0 0 0 0 1 11.3161
0 0 0 0 0 11.4323
0 0 0 0 1 11.4746
0 0 0 0 0 11.3349
0 0 0 0 0 11.6015
0 0 0 0 1 11.4266
0 0 0 0 1 11.6374
0 0 0 0 1 11.6586
0 0 0 0 1 11.6216
0 0 0 0 1 11.73
0 0 0 0 1 11.728
0 0 0 0 0 11.6725
0 0 0 0 1 11.942
0 0 0 0 1 11.7626
0 0 0 0 1 11.9986
0 0 0 0 1 12.033
0 0 0 0 1 11.8995
0 0 0 0 1 12.0059
0 0 0 0 1 12.0887
0 0 0 0 0 12.1599
0 0 0 0 1 12.2194
0 0 0 0 1 12.2546
0 0 0 0 1 12.1862
0 0 0 0 1 12.2706
0 0 0 0 1 12.3129
0 0 0 0 1 12.4604
0 0 0 0 1 12.4159
0 0 0 0 0 12.5773
0 0 0 0 1 12.6838
0 0 0 0 1 12.7404
0 0 0 0 1 12.6121
0 0 0 0 1 12.6881
0 0 0 0 1 12.719
0 0 0 0 1 13.0078
0 0 0 0 0 13.0456
0 0 0 0 1 13.0907
0 0 0 0 1 13.0779
0 0 0 0 1 13.1099
0 0 0 0 1 13.3206
0 0 0 0 1 13.2606
0 0 0 0 1 13.2131
0 0 0 0 0 13.346
0 0 0 0 1 13.3857
0 0 0 0 1 13.52
0 0 0 0 1 13.506
0 0 0 0 1 13.5186
0 0 0 0 1 13.5721
0 0 0 0 0 13.9074
0 0 0 0 0 13.7348
0 0 0 0 1 13.775
0 0 0 0 1 13.8927
0 0 0 0 1 14.1518
0 0 0 0 1 14.0725
0 0 0 0 1 14.2774
0 0 0 0 1 14.3839
0 0 0 0 0 14.4558
0 0 0 0 1 14.3755
0 0 0 0 1 14.5552
0 0 0 0 1 14.6778
0 0 0 0 1 14.6103
0 0 0 0 1 14.6675
0 0 0 0 1 14.9772
0 0 0 0 0 15.0656
0 0 0 0 1 15.1012
0 0 0 0 1 15.205
0 0 0 0 1 15.1421
0 0 0 0 1 15.3457
0 0 0 0 1 15.3663
0 0 0 0 1 15.3855
0 0 0 0 1 15.5139
0 0 0 0 1 15.6117
0 0 0 0 1 15.6782
0 0 0 0 0 15.8874
0 0 0 0 0 16.0345
0 0 0 0 1 16.1586
0 0 0 0 1 16.1538
0 0 0 0 1 16.2455
0 0 0 0 1 16.493
0 0 0 0 0 16.4705
0 0 0 0 1 16.7873
0 0 0 0 1 16.7223
0 0 0 0 1 17.0005
0 0 0 0 1 17.0353
0 0 0 0 1 17.1888
0 0 0 0 1 17.2657
0 0 0 0 1 17.1691
0 0 0 0 1 17.436
0 0 0 0 1 17.6701
0 0 0 0 0 17.7821
0 0 0 0 1 17.7693
0 0 0 0 1 17.8352
0 0 0 0 1 18.0453
0 0 0 0 1 18.3481
0 0 0 0 1 15.9655
0 0 0 0 1 15.8787
0 0 0 0 0 15.9203
0 0 0 0 0 15.9936
0 0 0 0 1 15.9395
0 0 0 0 0 15.7907
0 0 0 0 0 15.8484
0 0 0 0 1 15.7685
0 0 0 0 1 15.653
0 0 0 0 1 15.6639
0 0 0 0 1 15.6122
0 0 0 0 0 15.6592
0 0 0 0 1 15.6392
0 0 0 0 1 15.4638
0 0 0 0 1 15.6977
0 0 0 0 0 15.4344
0 0 0 0 1 15.5861
0 0 0 0 0 15.5252
0 0 0 0 1 15.4452
0 0 0 0 1 15.4621
0 0 0 0 1 15.2447
0 0 0 0 1 15.4462
0 0 0 0 1 15.2035
0 0 0 0 1 15.1146
0 0 0 0 1 15.2507
0 0 0 0 1 15.132
0 0 0 0 1 15.1049
0 0 0 0 1 15.4144
0 0 0 0 0 15.4329
0 0 0 0 1 15.599
0 0 0 0 1 15.7588
0 0 0 0 1 15.9025
0 0 0 0 1 16.2401
0 0 0 0 1 16.3617
0 0 0 0 1 16.5484
0 0 0 0 1 16.5939
0 0 0 0 0 16.8396
0 0 0 0 1 17.1898
0 0 0 0 0 17.2409
0 0 0 0 1 17.6845
0 0 0 0 0 17.9301
0 0 0 0 1 18.0047
0 0 0 0 1 18.0949
0 0 0 0 1 18.4222
0 0 0 0 0 18.696
0 0 0 0 1 19.066
0 0 0 0 1 19.17
0 0 0 0 1 29.9237
0 0 0 0 1 30.3648
0 0 0 0 1 30.9897
0 0 0 0 0 31.2871
0 0 0 0 1 31.8654
0 0 0 0 0 31.8987
0 0 0 0 1 32.93
0 0 0 0 1 32.9481
0 0 0 0 1 33.5665
0 0 0 0 1 34.3446
0 0 0 0 1 35.0365
0 0 0 0 1 35.5509
0 0 0 0 1 35.6165
0 0 0 0 0 36.1489
0 0 0 0 1 37.2558
0 0 0 0 1 37.9276
0 0 0 0 0 38.6197
0 0 0 0 1 39.3223
0 0 0 0 1 40.1943
0 0 0 0 1 40.7654
0 0 0 0 0 41.8155
0 0 0 0 0 42.228
0 0 0 0 1 43.6142
0 0 0 0 1 43.7381
0 0 0 0 0 44.9404
0 0 0 0 1 46.0295
0 0 0 0 0 46.6348
0 0 0 0 0 48.5234
0 0 0 0 0 42.6291
0 0 0 0 1 42.2962
0 0 0 0 0 42.7749
0 0 0 0 1 42.9144
0 0 0 0 1 42.6694
0 0 0 0 1 42.3406
0 0 0 0 1 42.1405
0 0 0 0 0 42.4514
0 0 0 0 0 42.1696
0 0 0 0 1 42.0148
0 0 0 0 1 42.6244
0 0 0 0 1 43.8615
0 0 0 0 1 35.4788
0 0 0 0 1 35.0701
0 0 0 0 0 35.5453
0 0 0 0 1 35.0325
0 0 0 0 1 35.121
0 0 0 0 1 34.9625
0 0 0 0 1 35.5449
0 0 0 0 1 35.071
0 0 0 0 1 35.1267
0 0 0 0 1 34.9018
0 0 0 0 1 34.993
0 0 0 0 0 35.472
0 0 0 0 1 20.222
0 0 0 0 1 19.9551
0 0 0 0 1 19.9687
0 0 0 0 1 20.2232
0 0 0 0 1 20.0171
0 0 0 0 1 19.9724
0 0 0 0 1 19.8473
0 0 0 0 0 19.983
0 0 0 0 1 19.9388
0 0 0 0 1 20.1357
0 0 0 0 1 19.9122
0 0 0 0 1 19.8892
0 0 0 0 0 20.0268
0 0 0 0 1 19.9248
0 0 0 0 1 19.9231
0 0 0 0 1 20.2017
0 0 0 0 1 20.0607
0 0 0 0 1 20.1402
0 0 0 0 0 19.88
0 0 0 0 0 20.0402
0 0 0 0 0 19.9607
0 0 0 0 0 20.0817
0 0 0 0 1 19.863
0 0 0 0 0 5.03505
0 0 0 0 0 4.96992
0 0 0 0 0 4.97994
0 0 0 0 0 5.03004
0 0 0 0 1 94.3947
0 0 0 0 1 85.3881
0 0 0 0 1 77.7116
0 0 0 0 1 70.1828
0 0 0 0 1 64.8586
0 0 0 0 1 60.341
0 0 0 0 1 56.7731
0 0 0 0 1 52.492
0 0 0 0 1 49.5576
0 0 0 0 0 47.1419
0 0 0 0 0 44.8459
0 0 0 0 1 42.4433
0 0 0 0 0 40.6212
0 0 0 0 1 38.3256
0 0 0 0 1 37.217
0 0 0 0 0 35.5045
0 0 0 0 1 34.0869
0 0 0 0 0 32.7145
0 0 0 0 0 31.7202
0 0 0 0 0 30.3557
0 0 0 0 1 29.4591
0 0 0 0 1 28.4247
0 0 0 0 1 27.3722
0 0 0 0 1 26.5842
0 0 0 0 0 25.4981
0 0 0 0 1 25.0538
0 0 0 0 1 24.2775
0 0 0 0 0 23.7145
0 0 0 0 1 23.126
0 0 0 0 0 22.5528
0 0 0 0 1 21.7806
0 0 0 0 1 21.4526
0 0 0 0 1 20.9673
0 0 0 0 1 20.3493
0 0 0 0 1 19.6581
0 0 0 0 0 19.2584
0 0 0 0 1 18.8671
0 0 0 0 1 18.5594
0 0 0 0 1 18.1672
0 0 0 0 1 17.9016
0 0 0 0 1 17.4078
0 0 0 0 1 17.2272
0 0 0 0 1 16.8855
0 0 0 0 1 16.3476
0 0 0 0 1 16.2891
0 0 0 0 1 15.9468
0 0 0 0 0 15.5074
0 0 0 0 1 15.2669
0 0 0 0 1 14.9806
0 0 0 0 1 14.6702
0 0 0 0 1 14.5894
0 0 0 0 1 14.3037
0 0 0 0 1 13.9969
0 0 0 0 1 13.7068
0 0 0 0 0 13.5922
0 0 0 0 1 13.2871
0 0 0 0 1 13.2324
0 0 0 0 1 13.0792
0 0 0 0 1 12.9603
0 0 0 0 1 12.5995
0 0 0 0 1 12.5337
0 0 0 0 1 12.1983
0 0 0 0 1 12.0645
0 0 0 0 1 11.9394
0 0 0 0 1 11.9079
0 0 0 0 1 11.6964
0 0 0 0 1 11.4271
0 0 0 0 1 11.4584
0 0 0 0 0 11.192
0 0 0 0 1 10.9937
0 0 0 0 0 10.9957
0 0 0 0 1 10.7877
0 0 0 0 1 10.5818
0 0 0 0 1 10.5032
0 0 0 0 1 10.3925
0 0 0 0 1 10.4056
0 0 0 0 1 10.1498
0 0 0 0 1 10.0386
0 0 0 0 1 10.0167
0 0 0 0 1 9.88576
0 0 0 0 1 9.86174
0 0 0 0 1 9.56573
0 0 0 0 1 9.49385
0 0 0 0 1 9.50648
0 0 0 0 1 9.32993
0 0 0 0 1 9.3405
0 0 0 0 1 9.25733
0 0 0 0 1 9.14698
0 0 0 0 1 8.91111
0 0 0 0 1 8.95456
0 0 0 0 1 8.75772
0 0 0 0 1 8.70275
0 0 0 0 1 8.62197
0 0 0 0 1 8.57547
0 0 0 0 1 8.52849
0 0 0 0 0 8.48164
0 0 0 0 0 8.43382
0 0 0 0 1 8.3449
0 0 0 0 1 8.1414
0 0 0 0 1 8.12765
0 0 0 0 0 8.08077
0 0 0 0 1 8.02653
0 0 0 0 1 7.86019
0 0 0 0 1 7.85404
0 0 0 0 1 7.84716
0 0 0 0 1 7.76977
0 0 0 0 0 7.70704
0 0 0 0 1 7.64553
0 0 0 0 1 7.62321
0 0 0 0 1 7.56925
0 0 0 0 1 7.45574
0 0 0 0 0 7.37404
0 0 0 0 1 7.3296
0 0 0 0 1 7.21101
0 0 0 0 1 7.29004
0 0 0 0 1 7.24527
0 0 0 0 1 7.15063
0 0 0 0 1 7.01427
0 0 0 0 1 7.01981
0 0 0 0 1 6.99831
0 0 0 0 1 6.878
0 0 0 0 1 6.85522
0 0 0 0 1 6.9005
0 0 0 0 1 6.84447
0 0 0 0 1 6.68075
0 0 0 0 1 6.75836
0 0 0 0 1 6.66972
0 0 0 0 1 6.63958
0 0 0 0 1 6.54054
0 0 0 0 1 6.54515
0 0 0 0 1 6.43729
0 0 0 0 1 6.41586
0 0 0 0 1 6.42169
0 0 0 0 1 6.34259
0 0 0 0 1 6.34003
0 0 0 0 1 6.2994
0 0 0 0 1 6.2795
0 0 0 0 1 6.23904
0 0 0 0 1 6.2315
0 0 0 0 1 6.08058
0 0 0 0 1 6.09785
0 0 0 0 1 6.03995
0 0 0 0 1 6.04462
0 0 0 0 1 6.031
0 0 0 0 0 5.96351
0 0 0 0 1 5.96782
0 0 0 0 0 5.91674
0 0 0 0 1 5.83264
0 0 0 0 1 5.7901
0 0 0 0 0 5.87765
0 0 0 0 1 5.72307
0 0 0 0 1 5.80765
0 0 0 0 1 5.74813
0 0 0 0 0 5.67765
0 0 0 0 1 5.68127
0 0 0 0 1 5.60211
0 0 0 0 1 5.66942
0 0 0 0 1 5.63346
0 0 0 0 1 5.52549
0 0 0 0 0 5.55656
0 0 0 0 1 5.48274
0 0 0 0 0 5.48988
0 0 0 0 1 5.48212
0 0 0 0 1 5.42548
0 0 0 0 1 5.34414
0 0 0 0 1 5.41732
0 0 0 0 1 5.37398
0 0 0 0 1 5.36623
0 0 0 0 0 5.28807
0 0 0 0 1 5.3017
0 0 0 0 1 5.23291
0 0 0 0 1 5.25688
0 0 0 0 0 5.1783
0 0 0 0 1 5.22986
0 0 0 0 1 5.13638
0 0 0 0 1 5.11376
0 0 0 0 1 5.06921
0 0 0 0 1 5.06396
0 0 0 0 0 5.06376
0 0 0 0 0 5.01796
0 0 0 0 1 4.98587
0 0 0 0 1 5.01582
0 0 0 0 1 4.98058
0 0 0 0 1 4.95053
0 0 0 0 1 4.98678
0 0 0 0 1 4.91237
0 0 0 0 1 4.92701
0 0 0 0 0 4.91699
0 0 0 0 1 4.86797
0 0 0 0 1 4.86302
0 0 0 0 1 4.87741
0 0 0 0 1 4.85474
0 0 0 0 0 4.77286
0 0 0 0 1 4.76495
0 0 0 0 1 4.80804
0 0 0 0 1 4.78893
0 0 0 0 1 4.76519
0 0 0 0 1 4.71953
0 0 0 0 0 4.74323
0 0 0 0 1 4.64015
0 0 0 0 1 4.67939
0 0 0 0 1 4.62377
0 0 0 0 1 4.63026
0 0 0 0 0 4.60891
0 0 0 0 1 4.59554
0 0 0 0 1 4.58226
0 0 0 0 1 4.61625
0 0 0 0 1 4.59839
0 0 0 0 1 4.60021
0 0 0 0 1 4.53261
0 0 0 0 1 4.50291
0 0 0 0 0 4.51725
0 0 0 0 1 4.54302
0 0 0 0 1 4.48089
0 0 0 0 0 4.50088
0 0 0 0 1 4.49725
0 0 0 0 1 4.42372
0 0 0 0 1 4.39385
0 0 0 0 1 4.42268
0 0 0 0 1 4.44255
0 0 0 0 1 4.43048
0 0 0 0 1 4.33635
0 0 0 0 1 4.40873
0 0 0 0 0 4.38488
0 0 0 0 1 4.32203
0 0 0 0 1 4.31066
0 0 0 0 1 4.30027
0 0 0 0 1 4.3503
0 0 0 0 1 4.26678
0 0 0 0 0 4.29442
0 0 0 0 0 4.25006
0 0 0 0 1 4.28697
0 0 0 0 1 4.28543
0 0 0 0 1 4.22806
0 0 0 0 1 4.26975
0 0 0 0 1 4.22185
0 0 0 0 0 4.21214
0 0 0 0 1 4.17727
0 0 0 0 1 4.22174
0 0 0 0 1 4.17458
0 0 0 0 1 4.15687
0 0 0 0 1 4.15176
0 0 0 0 1 4.17995
0 0 0 0 0 4.1583
0 0 0 0 1 4.09542
0 0 0 0 1 4.09476
0 0 0 0 1 4.1065
0 0 0 0 1 4.10179
0 0 0 0 1 4.06023
0 0 0 0 1 4.11302
0 0 0 0 1 4.07986
0 0 0 0 1 4.03874
0 0 0 0 1 4.03443
0 0 0 0 1 4.01801
0 0 0 0 1 4.07461
0 0 0 0 1 4.07444
0 0 0 0 1 4.06625
0 0 0 0 1 4.00581
0 0 0 0 1 4.03
0 0 0 0 1 4.03009
0 0 0 0 1 4.03425
0 0 0 0 1 4.00646
0 0 0 0 0 3.95089
0 0 0 0 1 3.99119
0 0 0 0 1 4.0155
0 0 0 0 1 3.92865
0 0 0 0 1 3.93726
0 0 0 0 1 3.92612
0 0 0 0 0 3.9506
0 0 0 0 1 3.91991
0 0 0 0 1 3.9676
0 0 0 0 1 3.88991
0 0 0 0 1 3.96111
0 0 0 0 1 3.93859
0 0 0 0 1 3.87318
0 0 0 0 1 3.92132
0 0 0 0 1 3.8797
0 0 0 0 1 3.92002
0 0 0 0 1 3.89034
0 0 0 0 0 3.91439
0 0 0 0 1 3.87326
0 0 0 0 1 3.84782
