0 0 0 0 1 5.5307
0 0 0 0 0 5.60645
0 0 0 0 1 5.5824
0 0 0 0 0 5.6221
0 0 0 0 1 5.58702
0 0 0 0 1 5.59667
0 0 0 0 1 5.54398
0 0 0 0 1 5.64339
0 0 0 0 1 5.60518
0 0 0 0 1 5.63773
0 0 0 0 1 5.68175
0 0 0 0 1 5.67528
0 0 0 0 1 5.66535
0 0 0 0 1 5.71558
0 0 0 0 1 5.64137
0 0 0 0 1 5.62018
0 0 0 0 1 5.66515
0 0 0 0 1 5.6705
0 0 0 0 1 5.74448
0 0 0 0 0 5.73113
0 0 0 0 1 5.75403
0 0 0 0 0 5.72547
0 0 0 0 0 5.71987
0 0 0 0 1 5.70858
0 0 0 0 0 5.72222
0 0 0 0 1 5.80352
0 0 0 0 0 5.73463
0 0 0 0 1 5.76421
0 0 0 0 1 5.78236
0 0 0 0 1 5.81231
0 0 0 0 1 5.83663
0 0 0 0 1 5.82174
0 0 0 0 1 5.81269
0 0 0 0 0 5.83729
0 0 0 0 1 5.9327
0 0 0 0 1 5.87524
0 0 0 0 1 5.94173
0 0 0 0 0 5.91377
0 0 0 0 1 5.99265
0 0 0 0 1 5.94099
0 0 0 0 1 5.91302
0 0 0 0 0 5.96869
0 0 0 0 1 6.01996
0 0 0 0 1 6.02816
0 0 0 0 1 5.97024
0 0 0 0 1 6.02069
0 0 0 0 1 6.00972
0 0 0 0 0 6.10918
0 0 0 0 0 6.14227
0 0 0 0 1 6.04754
0 0 0 0 1 6.16628
0 0 0 0 1 6.09572
0 0 0 0 1 6.08516
0 0 0 0 0 6.2184
0 0 0 0 0 6.16606
0 0 0 0 1 6.2125
0 0 0 0 1 6.19716
0 0 0 0 0 6.20567
0 0 0 0 1 6.29013
0 0 0 0 0 6.2812
0 0 0 0 1 6.29017
0 0 0 0 1 6.33159
0 0 0 0 1 6.36692
0 0 0 0 1 6.26327
0 0 0 0 1 6.29863
0 0 0 0 0 6.40975
0 0 0 0 1 6.41384
0 0 0 0 1 6.35956
0 0 0 0 1 6.44703
0 0 0 0 1 6.41189
0 0 0 0 1 6.47421
0 0 0 0 1 6.4584
0 0 0 0 0 6.51473
0 0 0 0 1 6.50618
0 0 0 0 0 6.47796
0 0 0 0 1 6.61942
0 0 0 0 0 6.6302
0 0 0 0 0 6.5492
0 0 0 0 0 6.69228
0 0 0 0 1 6.69009
0 0 0 0 1 6.66115
0 0 0 0 1 6.75977
0 0 0 0 1 6.67099
0 0 0 0 1 6.77636
0 0 0 0 1 6.71346
0 0 0 0 1 6.71791
0 0 0 0 1 6.77002
0 0 0 0 1 6.78146
0 0 0 0 1 6.93018
0 0 0 0 1 6.83889
0 0 0 0 0 6.85748
0 0 0 0 1 7.00146
0 0 0 0 1 6.92326
0 0 0 0 1 6.9422
0 0 0 0 0 6.96822
0 0 0 0 1 7.06474
0 0 0 0 1 7.03432
0 0 0 0 1 7.04659
0 0 0 0 1 7.17997
0 0 0 0 1 7.07834
0 0 0 0 1 7.2414
0 0 0 0 1 7.23992
0 0 0 0 0 7.2886
0 0 0 0 1 7.2435
0 0 0 0 1 7.35805
0 0 0 0 1 7.25401
0 0 0 0 1 7.28834
0 0 0 0 1 7.41239
0 0 0 0 1 7.41041
0 0 0 0 1 7.46041
0 0 0 0 1 7.53356
0 0 0 0 1 7.4565
0 0 0 0 1 7.47671
0 0 0 0 0 7.57282
0 0 0 0 1 7.68528
0 0 0 0 1 7.5839
0 0 0 0 1 7.72743
0 0 0 0 1 7.79488
0 0 0 0 1 7.78515
0 0 0 0 1 7.86091
0 0 0 0 1 7.90624
0 0 0 0 1 7.79411
0 0 0 0 1 7.96476
0 0 0 0 0 7.99431
0 0 0 0 1 8.01548
0 0 0 0 1 8.06117
0 0 0 0 1 8.08287
0 0 0 0 1 8.13697
0 0 0 0 1 8.17455
0 0 0 0 1 8.27008
0 0 0 0 1 8.21762
0 0 0 0 1 8.2222
0 0 0 0 1 8.27709
0 0 0 0 0 8.44873
0 0 0 0 1 8.47893
0 0 0 0 1 8.48375
0 0 0 0 1 8.43723
0 0 0 0 0 8.578
0 0 0 0 1 8.63464
0 0 0 0 0 8.60448
0 0 0 0 1 8.71188
0 0 0 0 1 8.77715
0 0 0 0 1 8.8508
0 0 0 0 0 8.86453
0 0 0 0 1 8.85861
0 0 0 0 1 8.87
0 0 0 0 0 9.09719
0 0 0 0 1 9.0548
0 0 0 0 1 9.10354
0 0 0 0 1 9.13306
0 0 0 0 0 9.31005
0 0 0 0 1 9.2566
0 0 0 0 1 9.35249
0 0 0 0 0 9.34344
0 0 0 0 0 9.51453
0 0 0 0 0 9.55278
0 0 0 0 1 9.60043
0 0 0 0 1 9.67825
0 0 0 0 0 9.73574
0 0 0 0 1 9.74437
0 0 0 0 1 9.79179
0 0 0 0 0 9.97939
0 0 0 0 1 9.89636
0 0 0 0 1 10.1045
0 0 0 0 1 10.07
0 0 0 0 1 10.1889
0 0 0 0 1 10.1734
0 0 0 0 1 10.3017
0 0 0 0 1 10.4953
0 0 0 0 1 10.458
0 0 0 0 1 10.5884
0 0 0 0 1 10.7712
0 0 0 0 1 10.7105
0 0 0 0 0 10.7541
0 0 0 0 1 10.8518
0 0 0 0 1 10.9411
0 0 0 0 1 11.0617
0 0 0 0 1 11.0688
0 0 0 0 0 11.2487
0 0 0 0 0 11.2777
0 0 0 0 1 11.4318
0 0 0 0 1 11.587
0 0 0 0 1 11.7318
0 0 0 0 0 11.6985
0 0 0 0 1 11.8794
0 0 0 0 1 12.0349
0 0 0 0 1 12.083
0 0 0 0 0 12.1455
0 0 0 0 1 12.3485
0 0 0 0 1 12.5286
0 0 0 0 1 12.4631
0 0 0 0 1 12.6276
0 0 0 0 1 12.66
0 0 0 0 0 12.851
0 0 0 0 1 12.9395
0 0 0 0 1 13.2639
0 0 0 0 1 13.3894
0 0 0 0 1 13.3583
0 0 0 0 1 13.6177
0 0 0 0 0 13.5653
0 0 0 0 1 13.9606
0 0 0 0 0 14.0401
0 0 0 0 1 14.0479
0 0 0 0 1 14.3905
0 0 0 0 1 14.5498
0 0 0 0 0 14.4467
0 0 0 0 1 14.6424
0 0 0 0 1 14.8839
0 0 0 0 1 14.9613
0 0 0 0 1 15.361
0 0 0 0 1 15.6022
0 0 0 0 1 15.8076
0 0 0 0 1 15.9281
0 0 0 0 1 15.9413
0 0 0 0 1 16.2779
0 0 0 0 1 16.5194
0 0 0 0 1 16.4954
0 0 0 0 1 17.0322
0 0 0 0 0 17.1521
0 0 0 0 1 17.4677
0 0 0 0 1 17.5494
0 0 0 0 1 17.904
0 0 0 0 1 18.1631
0 0 0 0 1 18.2023
0 0 0 0 1 18.4498
0 0 0 0 1 18.9523
0 0 0 0 1 14.8757
0 0 0 0 0 14.8118
0 0 0 0 1 14.838
0 0 0 0 1 14.8643
0 0 0 0 1 15.0276
0 0 0 0 1 14.8606
0 0 0 0 1 14.7835
0 0 0 0 1 15.0064
0 0 0 0 1 14.722
0 0 0 0 1 14.7795
0 0 0 0 1 14.8987
0 0 0 0 1 14.6605
0 0 0 0 1 14.763
0 0 0 0 1 14.8825
0 0 0 0 1 14.6606
0 0 0 0 1 14.8099
0 0 0 0 1 14.751
0 0 0 0 1 14.5748
0 0 0 0 1 14.7832
0 0 0 0 1 14.8134
0 0 0 0 1 14.5963
0 0 0 0 1 14.5979
0 0 0 0 1 14.5869
0 0 0 0 1 14.706
0 0 0 0 1 14.7247
0 0 0 0 1 14.6249
0 0 0 0 1 14.5711
0 0 0 0 1 14.5451
0 0 0 0 1 14.6669
0 0 0 0 1 14.6867
0 0 0 0 1 14.6076
0 0 0 0 1 15.2024
0 0 0 0 1 15.5465
0 0 0 0 0 16.1376
0 0 0 0 1 16.7584
0 0 0 0 1 17.2707
0 0 0 0 1 17.8974
0 0 0 0 1 18.5572
0 0 0 0 0 46.3737
0 0 0 0 1 48.3648
0 0 0 0 1 50.3652
0 0 0 0 1 52.9241
0 0 0 0 1 42.894
0 0 0 0 1 42.5364
0 0 0 0 1 42.9025
0 0 0 0 0 42.248
0 0 0 0 0 42.3612
0 0 0 0 1 42.1767
0 0 0 0 0 42.3757
0 0 0 0 1 42.8735
0 0 0 0 1 42.9038
0 0 0 0 1 42.8931
0 0 0 0 1 42.5005
0 0 0 0 1 45.3712
0 0 0 0 0 4.9599
0 0 0 0 0 4.98996
0 0 0 0 0 5.05008
0 0 0 0 0 4.96992
0 0 0 0 1 35.0581
0 0 0 0 1 35.373
0 0 0 0 1 35.1576
0 0 0 0 1 35.0844
0 0 0 0 1 35.2598
0 0 0 0 1 35.3649
0 0 0 0 1 35.6478
0 0 0 0 1 35.3295
0 0 0 0 1 35.2244
0 0 0 0 1 35.6154
0 0 0 0 1 35.5116
0 0 0 0 0 35.6562
0 0 0 0 1 35.5893
0 0 0 0 0 4.97493
0 0 0 0 0 4.97994
0 0 0 0 0 4.96992
0 0 0 0 0 4.97994
0 0 0 0 0 5.0601
0 0 0 0 0 5.01501
0 0 0 0 0 5.00499
0 0 0 0 0 4.96491
0 0 0 0 0 5.03505
0 0 0 0 0 4.98495
0 0 0 0 0 99.6842
0 0 0 0 1 93.5061
0 0 0 0 1 24.9082
0 0 0 0 0 23.5936
0 0 0 0 1 22.1602
0 0 0 0 1 21.5395
0 0 0 0 0 20.3182
0 0 0 0 1 20.3889
0 0 0 0 1 20.4189
0 0 0 0 0 20.3672
0 0 0 0 1 20.3775
0 0 0 0 1 20.5732
0 0 0 0 1 20.5843
0 0 0 0 1 20.6576
0 0 0 0 1 20.4225
0 0 0 0 0 20.8055
0 0 0 0 1 20.4473
0 0 0 0 1 20.7696
0 0 0 0 0 20.7641
0 0 0 0 1 20.4682
0 0 0 0 1 20.565
0 0 0 0 0 20.5176
0 0 0 0 1 20.6153
0 0 0 0 1 20.8585
0 0 0 0 1 20.8536
0 0 0 0 1 20.7058
0 0 0 0 0 20.6808
0 0 0 0 1 20.6769
0 0 0 0 1 20.9853
0 0 0 0 1 37.4645
0 0 0 0 0 36.5377
0 0 0 0 1 35.6018
0 0 0 0 1 34.6182
0 0 0 0 1 34.3737
0 0 0 0 0 33.4814
0 0 0 0 1 33.1771
0 0 0 0 1 31.9869
0 0 0 0 0 31.7789
0 0 0 0 1 31.2135
0 0 0 0 0 30.393
0 0 0 0 0 29.8328
0 0 0 0 1 29.3326
0 0 0 0 1 28.8812
0 0 0 0 1 28.7534
0 0 0 0 1 28.4094
0 0 0 0 1 27.4631
0 0 0 0 1 27.2239
0 0 0 0 0 26.9889
0 0 0 0 1 26.4604
0 0 0 0 1 25.9104
0 0 0 0 1 25.5385
0 0 0 0 0 25.1514
0 0 0 0 1 24.75
0 0 0 0 0 24.6456
0 0 0 0 1 24.0202
0 0 0 0 1 23.8674
0 0 0 0 1 23.4743
0 0 0 0 1 23.2191
0 0 0 0 1 22.9725
0 0 0 0 1 22.9428
0 0 0 0 1 22.5668
0 0 0 0 1 22.1237
0 0 0 0 1 22.0167
0 0 0 0 1 21.545
0 0 0 0 0 21.5181
0 0 0 0 1 21.0825
0 0 0 0 1 20.9023
0 0 0 0 1 20.5352
0 0 0 0 1 20.3533
0 0 0 0 1 20.2422
0 0 0 0 1 19.8081
0 0 0 0 1 19.903
0 0 0 0 1 19.3654
0 0 0 0 1 19.4638
0 0 0 0 1 19.2593
0 0 0 0 1 19.0076
0 0 0 0 1 18.9261
0 0 0 0 1 18.6108
0 0 0 0 1 18.2892
0 0 0 0 1 18.0798
0 0 0 0 1 18.1236
0 0 0 0 1 17.9403
0 0 0 0 0 17.7226
0 0 0 0 1 17.5763
0 0 0 0 1 17.2912
0 0 0 0 1 17.3352
0 0 0 0 0 16.891
0 0 0 0 1 17.0093
0 0 0 0 0 16.6882
0 0 0 0 1 16.628
0 0 0 0 1 16.5666
0 0 0 0 0 16.1621
0 0 0 0 1 15.9885
0 0 0 0 1 16.1057
0 0 0 0 1 15.9245
0 0 0 0 1 15.7039
0 0 0 0 0 15.7772
0 0 0 0 1 15.458
0 0 0 0 0 15.4738
0 0 0 0 1 15.3657
0 0 0 0 1 15.2059
0 0 0 0 0 14.9331
0 0 0 0 1 14.9611
0 0 0 0 1 14.827
0 0 0 0 1 14.7143
0 0 0 0 1 14.6602
0 0 0 0 1 14.4261
0 0 0 0 1 14.3521
0 0 0 0 1 14.3065
0 0 0 0 1 14.2461
0 0 0 0 0 14.0168
0 0 0 0 0 13.9934
0 0 0 0 1 13.7252
0 0 0 0 0 13.6607
0 0 0 0 1 13.7928
0 0 0 0 1 13.6672
0 0 0 0 1 13.615
0 0 0 0 1 13.5223
0 0 0 0 1 13.1902
0 0 0 0 1 13.3196
0 0 0 0 0 13.2756
0 0 0 0 1 13.1922
0 0 0 0 1 12.9273
0 0 0 0 1 12.9359
0 0 0 0 1 12.9517
0 0 0 0 0 12.7674
0 0 0 0 1 12.7872
0 0 0 0 0 12.575
0 0 0 0 1 12.4693
0 0 0 0 1 12.3801
0 0 0 0 0 12.3824
0 0 0 0 1 12.1671
0 0 0 0 1 12.2304
0 0 0 0 1 12.0374
0 0 0 0 1 12.2041
0 0 0 0 1 12.0561
0 0 0 0 1 11.9373
0 0 0 0 1 11.8746
0 0 0 0 1 11.698
0 0 0 0 1 11.8126
0 0 0 0 1 11.7034
0 0 0 0 0 11.5949
0 0 0 0 0 11.5913
0 0 0 0 1 11.5182
0 0 0 0 1 11.3654
0 0 0 0 1 11.4642
0 0 0 0 1 11.3427
0 0 0 0 1 11.3574
0 0 0 0 1 11.162
0 0 0 0 1 11.1209
0 0 0 0 1 11.1168
0 0 0 0 1 11.1309
0 0 0 0 1 11.1116
0 0 0 0 1 11.0265
0 0 0 0 1 10.822
0 0 0 0 1 10.8144
0 0 0 0 0 10.7094
0 0 0 0 1 10.8416
0 0 0 0 0 10.7049
0 0 0 0 1 10.6117
0 0 0 0 1 10.5653
0 0 0 0 1 10.5999
0 0 0 0 1 10.4657
0 0 0 0 0 10.3744
0 0 0 0 1 10.4574
0 0 0 0 1 10.3976
0 0 0 0 1 10.4175
0 0 0 0 1 10.3136
0 0 0 0 1 10.323
0 0 0 0 1 10.2303
0 0 0 0 1 10.1279
0 0 0 0 0 10.2185
0 0 0 0 1 10.1401
0 0 0 0 1 9.98887
0 0 0 0 1 10.0385
0 0 0 0 1 9.88856
0 0 0 0 0 9.86527
0 0 0 0 1 9.86507
0 0 0 0 1 9.89106
0 0 0 0 1 9.79253
0 0 0 0 1 9.74349
0 0 0 0 1 9.71419
0 0 0 0 1 9.62365
0 0 0 0 1 9.72035
0 0 0 0 0 9.52448
0 0 0 0 1 9.64629
0 0 0 0 1 9.49333
0 0 0 0 1 9.46192
0 0 0 0 1 9.38652
0 0 0 0 1 9.50679
0 0 0 0 1 9.33424
0 0 0 0 0 9.2881
0 0 0 0 1 9.32315
0 0 0 0 1 9.29269
0 0 0 0 1 9.23125
0 0 0 0 1 9.26931
0 0 0 0 0 9.17463
0 0 0 0 0 9.18174
0 0 0 0 1 9.19795
0 0 0 0 1 9.1135
0 0 0 0 1 9.10247
0 0 0 0 1 9.01885
0 0 0 0 0 8.99913
0 0 0 0 1 9.06076
0 0 0 0 1 9.05577
0 0 0 0 1 9.06304
0 0 0 0 1 9.04018
0 0 0 0 1 8.84226
0 0 0 0 1 8.85017
0 0 0 0 0 8.80484
0 0 0 0 0 8.75098
0 0 0 0 0 8.86158
0 0 0 0 0 8.77274
0 0 0 0 0 8.84221
0 0 0 0 1 8.83473
0 0 0 0 1 8.70317
0 0 0 0 0 8.74293
0 0 0 0 1 8.62112
0 0 0 0 0 8.60037
0 0 0 0 1 8.54875
0 0 0 0 1 8.64025
0 0 0 0 1 8.59747
0 0 0 0 1 8.47445
0 0 0 0 0 8.49225
0 0 0 0 1 8.56608
0 0 0 0 0 8.43572
0 0 0 0 0 8.44163
0 0 0 0 0 8.39682
0 0 0 0 0 8.4957
0 0 0 0 0 8.47994
0 0 0 0 1 8.36842
0 0 0 0 1 8.34121
0 0 0 0 1 8.41445
0 0 0 0 1 8.4124
0 0 0 0 0 8.37254
0 0 0 0 0 8.34586
0 0 0 0 1 8.21176
0 0 0 0 1 8.27277
0 0 0 0 1 8.27966
0 0 0 0 1 8.20432
0 0 0 0 1 8.16222
0 0 0 0 1 8.17774
0 0 0 0 1 8.10333
0 0 0 0 1 8.11092
0 0 0 0 1 8.16743
0 0 0 0 0 8.11816
0 0 0 0 1 8.12595
0 0 0 0 1 8.17427
0 0 0 0 1 8.06903
0 0 0 0 1 8.0288
0 0 0 0 1 8.07326
0 0 0 0 1 7.99318
0 0 0 0 0 8.00973
0 0 0 0 1 8.02632
0 0 0 0 1 8.019
0 0 0 0 1 7.95977
0 0 0 0 0 7.98464
0 0 0 0 1 7.92214
0 0 0 0 1 7.99481
0 0 0 0 1 7.87734
0 0 0 0 1 7.87459
0 0 0 0 1 7.94733
0 0 0 0 1 7.88601
0 0 0 0 1 7.93073
0 0 0 0 1 7.77897
0 0 0 0 1 7.86757
0 0 0 0 1 7.79157
0 0 0 0 1 7.80195
0 0 0 0 1 7.77662
0 0 0 0 1 7.74047
0 0 0 0 1 7.79018
0 0 0 0 0 7.78859
0 0 0 0 1 7.7685
0 0 0 0 0 7.82139
