0 0 0 0 0 9.45621
0 0 0 0 1 9.39285
0 0 0 0 1 9.48379
0 0 0 0 0 9.5531
0 0 0 0 1 9.57853
0 0 0 0 1 9.44903
0 0 0 0 0 9.54751
0 0 0 0 1 9.45593
0 0 0 0 1 9.4915
0 0 0 0 1 9.52399
0 0 0 0 1 9.55053
0 0 0 0 1 9.57387
0 0 0 0 1 9.51448
0 0 0 0 1 9.64384
0 0 0 0 1 9.56541
0 0 0 0 0 9.61834
0 0 0 0 1 9.68487
0 0 0 0 0 9.77117
0 0 0 0 0 9.71835
0 0 0 0 0 9.68489
0 0 0 0 0 9.83042
0 0 0 0 0 9.84597
0 0 0 0 1 9.69956
0 0 0 0 1 9.69951
0 0 0 0 1 9.79368
0 0 0 0 1 9.79406
0 0 0 0 1 9.86348
0 0 0 0 1 9.80508
0 0 0 0 1 9.92032
0 0 0 0 1 10.0007
0 0 0 0 1 9.91278
0 0 0 0 1 9.95958
0 0 0 0 0 9.91133
0 0 0 0 1 9.91289
0 0 0 0 1 9.9846
0 0 0 0 1 10.0868
0 0 0 0 1 9.9484
0 0 0 0 1 9.98069
0 0 0 0 1 10.1949
0 0 0 0 1 10.2079
0 0 0 0 1 10.2108
0 0 0 0 1 10.0716
0 0 0 0 1 10.1512
0 0 0 0 1 10.287
0 0 0 0 1 10.1473
0 0 0 0 1 10.3248
0 0 0 0 1 10.2718
0 0 0 0 1 10.3167
0 0 0 0 1 10.2483
0 0 0 0 1 10.3453
0 0 0 0 1 10.4271
0 0 0 0 1 10.494
0 0 0 0 1 10.4673
0 0 0 0 1 10.5243
0 0 0 0 1 10.4137
0 0 0 0 1 10.4445
0 0 0 0 1 10.5653
0 0 0 0 0 10.5968
0 0 0 0 1 10.5067
0 0 0 0 1 10.6128
0 0 0 0 1 10.5542
0 0 0 0 1 10.7467
0 0 0 0 0 10.7901
0 0 0 0 1 10.7316
0 0 0 0 1 10.6944
0 0 0 0 0 10.8247
0 0 0 0 1 10.8257
0 0 0 0 1 10.9137
0 0 0 0 1 10.8547
0 0 0 0 1 10.9762
0 0 0 0 1 10.9997
0 0 0 0 1 11.0783
0 0 0 0 1 11.0912
0 0 0 0 0 10.9765
0 0 0 0 1 11.2113
0 0 0 0 1 11.0463
0 0 0 0 0 11.1994
0 0 0 0 1 11.2801
0 0 0 0 1 11.2713
0 0 0 0 1 11.4092
0 0 0 0 1 11.4522
0 0 0 0 1 11.2958
0 0 0 0 1 11.5202
0 0 0 0 1 11.4608
0 0 0 0 1 11.59
0 0 0 0 1 11.611
0 0 0 0 1 11.4755
0 0 0 0 1 11.6006
0 0 0 0 1 11.5634
0 0 0 0 1 11.6832
0 0 0 0 0 11.7633
0 0 0 0 1 11.8845
0 0 0 0 1 11.8002
0 0 0 0 1 11.9169
0 0 0 0 1 12.0344
0 0 0 0 1 12.057
0 0 0 0 1 11.9235
0 0 0 0 0 11.9335
0 0 0 0 0 12.0645
0 0 0 0 1 12.0749
0 0 0 0 1 12.2925
0 0 0 0 1 12.1567
0 0 0 0 1 12.3214
0 0 0 0 1 12.4558
0 0 0 0 1 12.3501
0 0 0 0 1 12.5227
0 0 0 0 1 12.4409
0 0 0 0 1 12.5648
0 0 0 0 1 12.7342
0 0 0 0 1 12.5884
0 0 0 0 0 12.7901
0 0 0 0 1 12.7904
0 0 0 0 1 12.9372
0 0 0 0 0 13.0078
0 0 0 0 1 12.9032
0 0 0 0 0 13.1297
0 0 0 0 1 12.9603
0 0 0 0 1 13.0705
0 0 0 0 1 13.3206
0 0 0 0 1 13.3136
0 0 0 0 1 13.2796
0 0 0 0 1 13.5065
0 0 0 0 1 13.4261
0 0 0 0 1 13.385
0 0 0 0 0 13.5195
0 0 0 0 1 13.655
0 0 0 0 1 13.5995
0 0 0 0 1 13.8936
0 0 0 0 1 13.7764
0 0 0 0 1 13.9003
0 0 0 0 1 14.0046
0 0 0 0 1 14.0956
0 0 0 0 0 14.1714
0 0 0 0 1 14.3058
0 0 0 0 1 14.2696
0 0 0 0 0 14.2402
0 0 0 0 1 14.3321
0 0 0 0 1 14.4971
0 0 0 0 1 14.6194
0 0 0 0 0 14.8306
0 0 0 0 1 14.8004
0 0 0 0 0 14.784
0 0 0 0 1 15.0357
0 0 0 0 1 15.1462
0 0 0 0 1 15.2201
0 0 0 0 1 15.3397
0 0 0 0 0 15.3151
0 0 0 0 0 15.3355
0 0 0 0 1 15.4629
0 0 0 0 1 15.5606
0 0 0 0 1 15.7371
0 0 0 0 1 15.899
0 0 0 0 1 15.9827
0 0 0 0 1 15.8269
0 0 0 0 0 15.9817
0 0 0 0 1 16.1376
0 0 0 0 0 16.4248
0 0 0 0 1 16.3619
0 0 0 0 0 16.4375
0 0 0 0 0 16.7707
0 0 0 0 1 16.6218
0 0 0 0 0 16.9836
0 0 0 0 0 17.0183
0 0 0 0 1 17.2571
0 0 0 0 1 17.1796
0 0 0 0 1 17.3077
0 0 0 0 1 17.5581
0 0 0 0 1 17.5118
0 0 0 0 0 17.8529
0 0 0 0 1 18.0012
0 0 0 0 0 18.1408
0 0 0 0 1 17.9547
0 0 0 0 1 18.3481
0 0 0 0 1 15.9976
0 0 0 0 1 16.0388
0 0 0 0 1 15.9841
0 0 0 0 1 16.0891
0 0 0 0 0 15.7488
0 0 0 0 0 15.8066
0 0 0 0 1 15.7535
0 0 0 0 1 15.7527
0 0 0 0 1 15.779
0 0 0 0 0 15.7582
0 0 0 0 1 15.6906
0 0 0 0 0 15.5497
0 0 0 0 0 15.5924
0 0 0 0 1 15.5105
0 0 0 0 1 15.4024
0 0 0 0 0 15.3879
0 0 0 0 0 15.3539
0 0 0 0 1 15.5716
0 0 0 0 0 15.4452
0 0 0 0 1 15.5083
0 0 0 0 0 15.3061
0 0 0 0 1 15.3849
0 0 0 0 0 15.2341
0 0 0 0 0 15.3741
0 0 0 0 1 15.3269
0 0 0 0 1 15.132
0 0 0 0 1 15.1201
0 0 0 0 1 15.3531
0 0 0 0 1 15.4019
0 0 0 0 1 15.8026
0 0 0 0 1 15.933
0 0 0 0 1 15.9986
0 0 0 0 1 16.2725
0 0 0 0 1 16.2307
0 0 0 0 1 16.6809
0 0 0 0 1 16.8453
0 0 0 0 1 16.8396
0 0 0 0 1 17.0183
0 0 0 0 1 17.3971
0 0 0 0 1 17.7372
0 0 0 0 1 17.8588
0 0 0 0 1 18.0588
0 0 0 0 0 18.3688
0 0 0 0 1 18.6811
0 0 0 0 0 18.8271
0 0 0 0 1 19.028
0 0 0 0 1 19.093
0 0 0 0 1 29.9835
0 0 0 0 1 30.2436
0 0 0 0 1 30.6823
0 0 0 0 0 30.9752
0 0 0 0 0 31.7388
0 0 0 0 0 32.0594
0 0 0 0 0 32.8974
0 0 0 0 1 33.0806
0 0 0 0 1 33.8019
0 0 0 0 1 34.0028
0 0 0 0 1 34.8628
0 0 0 0 1 35.1626
0 0 0 0 1 35.9755
0 0 0 0 1 36.7331
0 0 0 0 0 36.9958
0 0 0 0 1 38.1167
0 0 0 0 0 38.5812
0 0 0 0 1 39.0871
0 0 0 0 1 39.9146
0 0 0 0 1 40.6839
0 0 0 0 1 41.8986
0 0 0 0 1 42.5245
0 0 0 0 1 42.8362
0 0 0 0 1 44.2236
0 0 0 0 1 45.346
0 0 0 0 0 45.9373
0 0 0 0 0 47.4827
0 0 0 0 1 48.3306
0 0 0 0 1 42.2874
0 0 0 0 1 42.5523
0 0 0 0 1 43.0734
0 0 0 0 1 42.5308
0 0 0 0 1 42.7546
0 0 0 0 0 42.298
0 0 0 0 1 42.7783
0 0 0 0 0 42.7914
0 0 0 0 1 42.8916
0 0 0 0 1 42.7363
0 0 0 0 1 42.7941
0 0 0 0 0 43.8615
0 0 0 0 1 34.9846
0 0 0 0 1 35.5287
0 0 0 0 1 35.2279
0 0 0 0 1 35.2088
0 0 0 0 0 35.4381
0 0 0 0 0 35.4554
0 0 0 0 1 35.4041
0 0 0 0 1 35.2469
0 0 0 0 1 35.4432
0 0 0 0 1 35.0072
0 0 0 0 1 34.9578
0 0 0 0 0 35.2612
0 0 0 0 1 20.1017
0 0 0 0 0 20.1557
0 0 0 0 1 19.8685
0 0 0 0 1 19.9226
0 0 0 0 1 20.0772
0 0 0 0 1 20.1527
0 0 0 0 1 19.8473
0 0 0 0 1 20.003
0 0 0 0 1 19.8187
0 0 0 0 0 20.0756
0 0 0 0 1 20.0323
0 0 0 0 1 20.0293
0 0 0 0 1 20.1668
0 0 0 0 1 19.8648
0 0 0 0 1 19.9231
0 0 0 0 1 20.0417
0 0 0 0 1 20.1007
0 0 0 0 1 20.1202
0 0 0 0 1 19.94
0 0 0 0 0 19.9202
0 0 0 0 1 19.9807
0 0 0 0 0 19.8417
0 0 0 0 0 20.0631
0 0 0 0 0 5.03505
0 0 0 0 0 4.99497
0 0 0 0 0 5.03505
0 0 0 0 0 5.04507
0 0 0 0 1 95.0535
0 0 0 0 1 84.6257
0 0 0 0 1 76.8644
0 0 0 0 1 70.8889
0 0 0 0 1 65.706
0 0 0 0 0 60.2805
0 0 0 0 1 56.4342
0 0 0 0 1 52.5449
0 0 0 0 0 49.9565
0 0 0 0 1 47.189
0 0 0 0 1 44.6675
0 0 0 0 1 42.6553
0 0 0 0 1 40.7424
0 0 0 0 1 38.4413
0 0 0 0 0 36.7744
0 0 0 0 1 35.5399
0 0 0 0 1 34.1209
0 0 0 0 0 32.9104
0 0 0 0 1 31.4059
0 0 0 0 0 30.6286
0 0 0 0 1 29.5177
0 0 0 0 1 28.3681
0 0 0 0 0 27.4544
0 0 0 0 1 26.5842
0 0 0 0 1 25.7042
0 0 0 0 1 24.9288
0 0 0 0 0 24.1317
0 0 0 0 1 23.5728
0 0 0 0 1 22.8502
0 0 0 0 1 22.4857
0 0 0 0 1 21.6933
0 0 0 0 0 21.2185
0 0 0 0 1 20.8218
0 0 0 0 1 20.4304
0 0 0 0 1 19.876
0 0 0 0 1 19.549
0 0 0 0 0 19.1134
0 0 0 0 1 18.6151
0 0 0 0 1 18.0765
0 0 0 0 0 17.9194
0 0 0 0 1 17.5994
0 0 0 0 1 17.1077
0 0 0 0 0 16.6175
0 0 0 0 1 16.5612
0 0 0 0 1 16.2407
0 0 0 0 0 15.7092
0 0 0 0 0 15.4763
0 0 0 0 0 15.3586
0 0 0 0 1 14.9356
0 0 0 0 1 14.803
0 0 0 0 0 14.5458
0 0 0 0 1 14.2466
0 0 0 0 1 14.0672
0 0 0 0 1 13.7483
0 0 0 0 1 13.5241
0 0 0 0 1 13.4882
0 0 0 0 0 13.14
0 0 0 0 1 12.975
0 0 0 0 1 12.9603
0 0 0 0 1 12.6881
0 0 0 0 1 12.5213
0 0 0 0 1 12.2106
0 0 0 0 1 12.0281
0 0 0 0 1 11.9274
0 0 0 0 1 11.7309
0 0 0 0 1 11.6964
0 0 0 0 1 11.5537
0 0 0 0 1 11.4698
0 0 0 0 0 11.1808
0 0 0 0 0 10.9937
0 0 0 0 1 10.9848
0 0 0 0 1 10.9174
0 0 0 0 1 10.5818
0 0 0 0 1 10.5348
0 0 0 0 1 10.476
0 0 0 0 1 10.2715
0 0 0 0 1 10.211
0 0 0 0 1 10.0587
0 0 0 0 0 9.95676
0 0 0 0 1 9.94496
0 0 0 0 1 9.84222
0 0 0 0 1 9.64302
0 0 0 0 1 9.51298
0 0 0 0 1 9.4402
0 0 0 0 1 9.3955
0 0 0 0 1 9.24774
0 0 0 0 1 9.12888
0 0 0 0 1 9.01969
0 0 0 0 1 8.98312
0 0 0 0 1 8.9902
0 0 0 0 1 8.84609
0 0 0 0 1 8.68526
0 0 0 0 1 8.66534
0 0 0 0 0 8.62702
0 0 0 0 1 8.56253
0 0 0 0 1 8.37193
0 0 0 0 1 8.27501
0 0 0 0 0 8.3449
0 0 0 0 1 8.1414
0 0 0 0 1 8.16022
0 0 0 0 1 8.15343
0 0 0 0 0 8.0826
0 0 0 0 1 8.0031
0 0 0 0 0 7.94857
0 0 0 0 1 7.80808
0 0 0 0 0 7.82405
0 0 0 0 1 7.60715
0 0 0 0 1 7.63029
0 0 0 0 1 7.64592
0 0 0 0 1 7.43408
0 0 0 0 1 7.50787
0 0 0 0 1 7.41102
0 0 0 0 1 7.29288
0 0 0 0 1 7.32756
0 0 0 0 1 7.27558
0 0 0 0 1 7.23091
0 0 0 0 1 7.07934
0 0 0 0 1 7.02135
0 0 0 0 0 6.9636
0 0 0 0 1 6.99831
0 0 0 0 1 6.878
0 0 0 0 1 6.83457
0 0 0 0 0 6.79801
0 0 0 0 0 6.83768
0 0 0 0 1 6.73473
0 0 0 0 1 6.63109
0 0 0 0 1 6.5965
0 0 0 0 1 6.5537
0 0 0 0 1 6.54054
0 0 0 0 1 6.59088
0 0 0 0 0 6.47619
0 0 0 0 1 6.43518
0 0 0 0 1 6.36401
0 0 0 0 1 6.41264
0 0 0 0 1 6.31472
0 0 0 0 1 6.3497
0 0 0 0 1 6.26074
0 0 0 0 1 6.24526
0 0 0 0 0 6.21914
0 0 0 0 0 6.15429
0 0 0 0 1 6.12229
0 0 0 0 1 6.0278
0 0 0 0 0 5.98424
0 0 0 0 0 5.98294
0 0 0 0 0 5.98143
0 0 0 0 1 5.91433
0 0 0 0 1 5.88722
0 0 0 0 1 5.87963
0 0 0 0 1 5.79595
0 0 0 0 1 5.8311
0 0 0 0 1 5.82713
0 0 0 0 1 5.7559
0 0 0 0 1 5.771
0 0 0 0 1 5.68334
0 0 0 0 1 5.71523
0 0 0 0 0 5.68665
0 0 0 0 1 5.66942
0 0 0 0 1 5.58879
0 0 0 0 1 5.50883
0 0 0 0 0 5.47371
0 0 0 0 0 5.53767
0 0 0 0 1 5.4844
0 0 0 0 1 5.49302
0 0 0 0 1 5.43632
0 0 0 0 1 5.35494
0 0 0 0 1 5.41195
0 0 0 0 1 5.30446
0 0 0 0 1 5.28114
0 0 0 0 0 5.25094
0 0 0 0 1 5.24367
0 0 0 0 1 5.26968
0 0 0 0 0 5.18895
0 0 0 0 0 5.22514
0 0 0 0 1 5.17285
0 0 0 0 1 5.19832
0 0 0 0 0 5.1497
0 0 0 0 1 5.11017
0 0 0 0 1 5.06906
0 0 0 0 1 5.02821
0 0 0 0 1 5.10901
0 0 0 0 1 5.0714
0 0 0 0 0 5.02584
0 0 0 0 0 4.96561
0 0 0 0 0 4.99526
0 0 0 0 1 4.95208
0 0 0 0 1 4.92224
0 0 0 0 1 4.868
0 0 0 0 1 4.91209
0 0 0 0 1 4.86309
0 0 0 0 0 4.89217
0 0 0 0 1 4.8145
0 0 0 0 0 4.80166
0 0 0 0 1 4.84496
0 0 0 0 1 4.8081
0 0 0 0 1 4.80327
0 0 0 0 0 4.76039
0 0 0 0 1 4.6894
0 0 0 0 1 4.73371
0 0 0 0 1 4.72911
0 0 0 0 1 4.66359
0 0 0 0 1 4.6607
0 0 0 0 1 4.61445
0 0 0 0 1 4.60239
0 0 0 0 1 4.59502
0 0 0 0 0 4.57247
0 0 0 0 1 4.55928
0 0 0 0 0 4.63
0 0 0 0 1 4.58925
0 0 0 0 1 4.56378
0 0 0 0 0 4.54622
0 0 0 0 0 4.53912
0 0 0 0 1 4.49922
0 0 0 0 1 4.48449
0 0 0 0 1 4.5078
0 0 0 0 1 4.4293
0 0 0 0 0 4.4928
0 0 0 0 1 4.44151
0 0 0 0 1 4.46915
0 0 0 0 1 4.39175
0 0 0 0 1 4.43814
0 0 0 0 1 4.42169
0 0 0 0 1 4.38891
0 0 0 0 1 4.33445
0 0 0 0 0 4.3718
0 0 0 0 0 4.34377
0 0 0 0 1 4.35398
0 0 0 0 1 4.3262
0 0 0 0 1 4.28132
0 0 0 0 1 4.32269
0 0 0 0 0 4.29013
0 0 0 0 1 4.26716
0 0 0 0 1 4.29124
0 0 0 0 1 4.22585
0 0 0 0 1 4.24502
0 0 0 0 0 4.27398
0 0 0 0 1 4.19649
0 0 0 0 1 4.17841
0 0 0 0 1 4.20251
0 0 0 0 0 4.22594
0 0 0 0 0 4.21222
0 0 0 0 1 4.13182
0 0 0 0 1 4.1934
0 0 0 0 1 4.17164
0 0 0 0 1 4.12928
0 0 0 0 1 4.12438
0 0 0 0 1 4.16906
0 0 0 0 1 4.15181
0 0 0 0 0 4.12645
0 0 0 0 1 4.07254
0 0 0 0 1 4.05981
0 0 0 0 1 4.07169
0 0 0 0 1 4.05504
0 0 0 0 0 4.07103
0 0 0 0 1 4.09918
0 0 0 0 0 4.05436
0 0 0 0 1 4.07444
0 0 0 0 1 4.01381
0 0 0 0 1 4.04607
0 0 0 0 1 4.00989
0 0 0 0 0 4.03812
0 0 0 0 1 4.01422
0 0 0 0 1 3.97447
0 0 0 0 0 3.97085
0 0 0 0 0 3.99916
0 0 0 0 1 3.93996
0 0 0 0 0 3.98818
0 0 0 0 1 3.92537
0 0 0 0 1 3.93403
0 0 0 0 0 3.91114
0 0 0 0 1 3.979
0 0 0 0 1 3.90856
0 0 0 0 1 3.96849
0 0 0 0 1 3.9454
0 0 0 0 0 3.94643
0 0 0 0 0 3.91621
0 0 0 0 1 3.93695
0 0 0 0 1 3.89139
0 0 0 0 0 3.86163
0 0 0 0 1 3.87868
0 0 0 0 0 3.92216
0 0 0 0 1 3.88489
0 0 0 0 1 3.84395
