0 0 0 0 0 5.50851
0 0 0 0 0 5.58423
0 0 0 0 1 5.51004
0 0 0 0 1 5.53852
0 0 0 0 1 5.62609
0 0 0 0 1 5.53517
0 0 0 0 1 5.58314
0 0 0 0 1 5.54812
0 0 0 0 1 5.6164
0 0 0 0 1 5.5759
0 0 0 0 1 5.58039
0 0 0 0 0 5.68656
0 0 0 0 1 5.63711
0 0 0 0 1 5.70992
0 0 0 0 1 5.72075
0 0 0 0 1 5.66559
0 0 0 0 0 5.70496
0 0 0 0 1 5.74458
0 0 0 0 1 5.7559
0 0 0 0 0 5.75399
0 0 0 0 1 5.78265
0 0 0 0 0 5.70252
0 0 0 0 1 5.77161
0 0 0 0 1 5.78923
0 0 0 0 1 5.82605
0 0 0 0 1 5.82664
0 0 0 0 0 5.8331
0 0 0 0 1 5.74679
0 0 0 0 1 5.82308
0 0 0 0 0 5.88227
0 0 0 0 1 5.88337
0 0 0 0 1 5.79833
0 0 0 0 1 5.88886
0 0 0 0 1 5.84904
0 0 0 0 1 5.8915
0 0 0 0 1 5.94012
0 0 0 0 0 5.95946
0 0 0 0 1 5.86637
0 0 0 0 1 5.93326
0 0 0 0 1 5.94695
0 0 0 0 1 5.94882
0 0 0 0 1 5.97467
0 0 0 0 1 5.94209
0 0 0 0 0 5.98012
0 0 0 0 1 5.97626
0 0 0 0 1 6.08101
0 0 0 0 1 5.99156
0 0 0 0 1 6.08491
0 0 0 0 0 6.13011
0 0 0 0 0 6.12679
0 0 0 0 1 6.15406
0 0 0 0 0 6.06509
0 0 0 0 0 6.17736
0 0 0 0 1 6.10142
0 0 0 0 1 6.1352
0 0 0 0 1 6.12587
0 0 0 0 1 6.25919
0 0 0 0 1 6.18078
0 0 0 0 0 6.28389
0 0 0 0 0 6.31248
0 0 0 0 1 6.29645
0 0 0 0 1 6.26235
0 0 0 0 1 6.27858
0 0 0 0 0 6.3898
0 0 0 0 0 6.33669
0 0 0 0 1 6.39702
0 0 0 0 1 6.40107
0 0 0 0 1 6.46843
0 0 0 0 1 6.42777
0 0 0 0 1 6.49566
0 0 0 0 1 6.47421
0 0 0 0 1 6.51676
0 0 0 0 1 6.56025
0 0 0 0 1 6.53878
0 0 0 0 1 6.54987
0 0 0 0 1 6.56693
0 0 0 0 0 6.53144
0 0 0 0 1 6.65483
0 0 0 0 1 6.68566
0 0 0 0 0 6.63024
0 0 0 0 1 6.74125
0 0 0 0 1 6.67276
0 0 0 0 1 6.66428
0 0 0 0 1 6.67532
0 0 0 0 0 6.81487
0 0 0 0 0 6.84684
0 0 0 0 1 6.79046
0 0 0 0 1 6.82248
0 0 0 0 1 6.79294
0 0 0 0 1 6.85267
0 0 0 0 1 6.975
0 0 0 0 1 6.90441
0 0 0 0 1 6.9163
0 0 0 0 1 6.97712
0 0 0 0 1 7.06637
0 0 0 0 1 7.05067
0 0 0 0 1 7.09088
0 0 0 0 1 7.0324
0 0 0 0 1 7.17285
0 0 0 0 1 7.15699
0 0 0 0 1 7.21987
0 0 0 0 1 7.16068
0 0 0 0 1 7.26689
0 0 0 0 1 7.33795
0 0 0 0 1 7.22666
0 0 0 0 1 7.35659
0 0 0 0 1 7.33252
0 0 0 0 1 7.33856
0 0 0 0 1 7.34364
0 0 0 0 0 7.49768
0 0 0 0 0 7.46623
0 0 0 0 1 7.53918
0 0 0 0 1 7.52957
0 0 0 0 0 7.60317
0 0 0 0 1 7.55579
0 0 0 0 0 7.57625
0 0 0 0 0 7.70436
0 0 0 0 1 7.679
0 0 0 0 1 7.80067
0 0 0 0 0 7.75173
0 0 0 0 1 7.89841
0 0 0 0 1 7.94354
0 0 0 0 1 7.94103
0 0 0 0 1 8.01021
0 0 0 0 1 7.91159
0 0 0 0 1 8.05314
0 0 0 0 1 8.0264
0 0 0 0 1 8.09644
0 0 0 0 0 8.14195
0 0 0 0 1 8.26189
0 0 0 0 1 8.24232
0 0 0 0 1 8.36296
0 0 0 0 1 8.29373
0 0 0 0 1 8.39017
0 0 0 0 1 8.42005
0 0 0 0 1 8.50067
0 0 0 0 1 8.53079
0 0 0 0 1 8.60365
0 0 0 0 1 8.60027
0 0 0 0 1 8.69951
0 0 0 0 0 8.72057
0 0 0 0 0 8.81212
0 0 0 0 1 8.8684
0 0 0 0 1 8.89104
0 0 0 0 0 8.90308
0 0 0 0 1 9.00426
0 0 0 0 1 9.07017
0 0 0 0 1 8.99136
0 0 0 0 0 9.06709
0 0 0 0 0 9.13306
0 0 0 0 1 9.15319
0 0 0 0 1 9.37729
0 0 0 0 0 9.34315
0 0 0 0 0 9.38104
0 0 0 0 1 9.46724
0 0 0 0 0 9.50516
0 0 0 0 1 9.5237
0 0 0 0 1 9.72649
0 0 0 0 1 9.80375
0 0 0 0 1 9.68567
0 0 0 0 0 9.84105
0 0 0 0 1 9.92984
0 0 0 0 0 9.93631
0 0 0 0 1 10.0944
0 0 0 0 1 10.2321
0 0 0 0 1 10.2501
0 0 0 0 1 10.3379
0 0 0 0 1 10.3017
0 0 0 0 1 10.3806
0 0 0 0 1 10.4265
0 0 0 0 1 10.5672
0 0 0 0 0 10.7498
0 0 0 0 1 10.6783
0 0 0 0 1 10.9057
0 0 0 0 1 10.8736
0 0 0 0 1 10.9851
0 0 0 0 1 11.0617
0 0 0 0 1 11.1024
0 0 0 0 1 11.2825
0 0 0 0 0 11.4367
0 0 0 0 1 11.4318
0 0 0 0 1 11.6332
0 0 0 0 1 11.6386
0 0 0 0 0 11.6397
0 0 0 0 1 11.8794
0 0 0 0 1 12.0469
0 0 0 0 1 12.0468
0 0 0 0 1 12.182
0 0 0 0 1 12.2502
0 0 0 0 1 12.3053
0 0 0 0 0 12.5632
0 0 0 0 1 12.7034
0 0 0 0 1 12.6983
0 0 0 0 1 12.9283
0 0 0 0 1 12.9785
0 0 0 0 1 13.0406
0 0 0 0 1 13.3629
0 0 0 0 1 13.3315
0 0 0 0 0 13.4688
0 0 0 0 1 13.7567
0 0 0 0 1 13.8362
0 0 0 0 1 14.096
0 0 0 0 0 14.0762
0 0 0 0 1 14.1906
0 0 0 0 1 14.492
0 0 0 0 1 14.6364
0 0 0 0 1 14.7162
0 0 0 0 0 14.8391
0 0 0 0 0 15.2179
0 0 0 0 1 15.2082
0 0 0 0 1 15.4321
0 0 0 0 1 15.8076
0 0 0 0 1 15.9757
0 0 0 0 1 15.9093
0 0 0 0 1 16.3591
0 0 0 0 1 16.6181
0 0 0 0 1 16.6287
0 0 0 0 1 17.0322
0 0 0 0 1 17.2891
0 0 0 0 1 17.5024
0 0 0 0 1 17.4791
0 0 0 0 1 17.904
0 0 0 0 1 18.2354
0 0 0 0 1 18.3124
0 0 0 0 0 18.8035
0 0 0 0 1 18.8011
0 0 0 0 1 15.0854
0 0 0 0 1 14.9913
0 0 0 0 1 14.8977
0 0 0 0 1 15.0285
0 0 0 0 1 14.7742
0 0 0 0 1 14.8606
0 0 0 0 1 14.9322
0 0 0 0 1 14.843
0 0 0 0 0 14.915
0 0 0 0 1 14.8833
0 0 0 0 1 14.8987
0 0 0 0 1 14.6605
0 0 0 0 1 14.6743
0 0 0 0 0 14.6758
0 0 0 0 1 14.8081
0 0 0 0 1 14.7068
0 0 0 0 1 14.7068
0 0 0 0 1 14.6777
0 0 0 0 0 14.6804
0 0 0 0 1 14.784
0 0 0 0 0 14.8017
0 0 0 0 0 14.6712
0 0 0 0 0 14.6601
0 0 0 0 1 14.5304
0 0 0 0 1 14.6515
0 0 0 0 0 14.4788
0 0 0 0 1 14.5273
0 0 0 0 0 14.6618
0 0 0 0 1 14.6377
0 0 0 0 1 14.643
0 0 0 0 1 14.6223
0 0 0 0 1 15.0062
0 0 0 0 0 15.4064
0 0 0 0 1 15.9128
0 0 0 0 1 16.6755
0 0 0 0 1 17.1505
0 0 0 0 0 17.6308
0 0 0 0 1 18.2624
0 0 0 0 1 47.0275
0 0 0 0 1 48.2191
0 0 0 0 0 50.6686
0 0 0 0 1 52.2909
0 0 0 0 0 42.7662
0 0 0 0 1 42.1958
0 0 0 0 1 42.2641
0 0 0 0 1 42.5033
0 0 0 0 1 42.2762
0 0 0 0 1 42.4318
0 0 0 0 1 42.4182
0 0 0 0 1 42.2786
0 0 0 0 1 42.0967
0 0 0 0 0 42.2136
0 0 0 0 1 42.6704
0 0 0 0 1 45.1016
0 0 0 0 0 5.02503
0 0 0 0 0 4.97493
0 0 0 0 0 4.99998
0 0 0 0 0 5.00499
0 0 0 0 1 35.306
0 0 0 0 1 35.1959
0 0 0 0 1 35.5471
0 0 0 0 0 35.4384
0 0 0 0 1 35.72
0 0 0 0 1 35.2233
0 0 0 0 1 35.1876
0 0 0 0 1 35.1171
0 0 0 0 1 35.1889
0 0 0 0 1 35.2614
0 0 0 0 1 35.7241
0 0 0 0 1 35.1251
0 0 0 0 1 35.6247
0 0 0 0 0 5.03004
0 0 0 0 0 4.99998
0 0 0 0 0 5.03505
0 0 0 0 0 5.01501
0 0 0 0 0 4.96992
0 0 0 0 0 5.0601
0 0 0 0 0 4.98495
0 0 0 0 0 4.99497
0 0 0 0 0 5.05509
0 0 0 0 0 4.96491
0 0 0 0 1 99.2851
0 0 0 0 1 93.8831
0 0 0 0 0 24.6856
0 0 0 0 1 23.5936
0 0 0 0 0 22.2274
0 0 0 0 1 21.1762
0 0 0 0 0 20.3797
0 0 0 0 1 20.4914
0 0 0 0 1 20.46
0 0 0 0 1 20.3262
0 0 0 0 1 20.5008
0 0 0 0 1 20.4499
0 0 0 0 1 20.6666
0 0 0 0 0 20.5341
0 0 0 0 1 20.7725
0 0 0 0 1 20.6819
0 0 0 0 0 20.5504
0 0 0 0 1 20.6665
0 0 0 0 1 20.6815
0 0 0 0 1 20.8607
0 0 0 0 1 20.6271
0 0 0 0 0 20.6003
0 0 0 0 1 20.6567
0 0 0 0 1 20.5892
0 0 0 0 1 20.5427
0 0 0 0 1 20.5605
0 0 0 0 1 20.7223
0 0 0 0 1 20.8639
0 0 0 0 1 20.6941
0 0 0 0 1 37.4274
0 0 0 0 1 36.1019
0 0 0 0 1 35.9219
0 0 0 0 1 34.5834
0 0 0 0 0 34.4421
0 0 0 0 1 33.2468
0 0 0 0 1 32.8483
0 0 0 0 1 32.5033
0 0 0 0 0 31.5255
0 0 0 0 0 31.2758
0 0 0 0 1 30.6376
0 0 0 0 1 29.8628
0 0 0 0 1 29.2439
0 0 0 0 1 29.0846
0 0 0 0 1 28.5533
0 0 0 0 0 28.4094
0 0 0 0 0 27.7953
0 0 0 0 1 27.3056
0 0 0 0 0 26.5596
0 0 0 0 1 26.1697
0 0 0 0 0 26.1448
0 0 0 0 0 25.6412
0 0 0 0 1 25.4297
0 0 0 0 1 24.725
0 0 0 0 1 24.4734
0 0 0 0 1 24.3113
0 0 0 0 0 24.0828
0 0 0 0 1 23.4507
0 0 0 0 1 23.1258
0 0 0 0 1 23.1106
0 0 0 0 1 22.534
0 0 0 0 1 22.2079
0 0 0 0 1 22.3454
0 0 0 0 1 21.9292
0 0 0 0 1 21.8262
0 0 0 0 1 21.1762
0 0 0 0 0 21.3149
0 0 0 0 1 20.6726
0 0 0 0 1 20.8035
0 0 0 0 0 20.3941
0 0 0 0 1 20.1211
0 0 0 0 0 20.0677
0 0 0 0 0 19.6661
0 0 0 0 1 19.7171
0 0 0 0 0 19.4058
0 0 0 0 1 19.0298
0 0 0 0 1 18.7804
0 0 0 0 1 18.7575
0 0 0 0 1 18.3881
0 0 0 0 0 18.2709
0 0 0 0 1 18.2617
0 0 0 0 1 18.0695
0 0 0 0 1 17.7798
0 0 0 0 1 17.7579
0 0 0 0 1 17.4887
0 0 0 0 1 17.4646
0 0 0 0 1 17.1462
0 0 0 0 0 16.9081
0 0 0 0 0 16.9249
0 0 0 0 1 16.8052
0 0 0 0 1 16.6777
0 0 0 0 1 16.468
0 0 0 0 1 16.4553
0 0 0 0 1 16.1338
0 0 0 0 0 15.9936
0 0 0 0 1 15.8609
0 0 0 0 1 15.6252
0 0 0 0 0 15.6052
0 0 0 0 1 15.458
0 0 0 0 1 15.5354
0 0 0 0 1 15.1674
0 0 0 0 1 15.221
0 0 0 0 1 15.0082
0 0 0 0 1 15.0207
0 0 0 0 0 14.6939
0 0 0 0 0 14.6997
0 0 0 0 1 14.4562
0 0 0 0 1 14.5129
0 0 0 0 1 14.4957
0 0 0 0 0 14.1923
0 0 0 0 1 14.062
0 0 0 0 0 13.9465
0 0 0 0 1 14.0353
0 0 0 0 1 13.739
0 0 0 0 0 13.7295
0 0 0 0 1 13.6834
0 0 0 0 1 13.4635
0 0 0 0 1 13.5475
0 0 0 0 1 13.4821
0 0 0 0 1 13.35
0 0 0 0 0 13.1079
0 0 0 0 1 13.2625
0 0 0 0 1 13.1269
0 0 0 0 1 13.0961
0 0 0 0 1 12.923
0 0 0 0 1 12.862
0 0 0 0 1 12.6272
0 0 0 0 0 12.7492
0 0 0 0 1 12.5121
0 0 0 0 1 12.5318
0 0 0 0 1 12.5668
0 0 0 0 1 12.333
0 0 0 0 1 12.2654
0 0 0 0 1 12.1205
0 0 0 0 1 12.2681
0 0 0 0 1 12.1074
0 0 0 0 1 12.1403
0 0 0 0 0 11.9731
0 0 0 0 1 11.8033
0 0 0 0 1 11.8279
0 0 0 0 1 11.6833
0 0 0 0 0 11.6683
0 0 0 0 1 11.7345
0 0 0 0 0 11.464
0 0 0 0 1 11.5642
0 0 0 0 1 11.5256
0 0 0 0 1 11.3162
0 0 0 0 1 11.3427
0 0 0 0 1 11.3799
0 0 0 0 0 11.2518
0 0 0 0 0 11.0874
0 0 0 0 1 11.2167
0 0 0 0 1 11.0646
0 0 0 0 1 10.9576
0 0 0 0 1 10.8513
0 0 0 0 0 10.8002
0 0 0 0 1 10.912
0 0 0 0 1 10.8174
0 0 0 0 1 10.7556
0 0 0 0 1 10.5872
0 0 0 0 1 10.5372
0 0 0 0 0 10.6502
0 0 0 0 1 10.6104
0 0 0 0 1 10.4657
0 0 0 0 1 10.364
0 0 0 0 1 10.322
0 0 0 0 1 10.4598
0 0 0 0 1 10.2419
0 0 0 0 1 10.2108
0 0 0 0 1 10.3026
0 0 0 0 1 10.1487
0 0 0 0 1 10.26
0 0 0 0 1 10.0971
0 0 0 0 1 10.1099
0 0 0 0 1 10.049
0 0 0 0 0 10.0185
0 0 0 0 1 9.96815
0 0 0 0 1 9.95451
0 0 0 0 0 9.8947
0 0 0 0 1 9.7828
0 0 0 0 1 9.75332
0 0 0 0 1 9.85088
0 0 0 0 0 9.79198
0 0 0 0 1 9.60427
0 0 0 0 1 9.57556
0 0 0 0 1 9.56297
0 0 0 0 1 9.67505
0 0 0 0 0 9.49333
0 0 0 0 1 9.46192
0 0 0 0 1 9.50978
0 0 0 0 1 9.48789
0 0 0 0 1 9.5132
0 0 0 0 0 9.31625
0 0 0 0 0 9.3138
0 0 0 0 1 9.41386
0 0 0 0 1 9.28703
0 0 0 0 1 9.32487
0 0 0 0 1 9.18386
0 0 0 0 1 9.21854
0 0 0 0 1 9.24381
0 0 0 0 1 9.22319
0 0 0 0 0 9.03869
0 0 0 0 1 9.0461
0 0 0 0 0 9.08967
0 0 0 0 1 8.97051
0 0 0 0 1 8.94775
0 0 0 0 1 8.93741
0 0 0 0 1 8.99543
0 0 0 0 1 8.90472
0 0 0 0 1 8.82348
0 0 0 0 1 8.79598
0 0 0 0 0 8.91009
0 0 0 0 1 8.72932
0 0 0 0 1 8.85185
0 0 0 0 1 8.73705
0 0 0 0 1 8.76475
0 0 0 0 1 8.69445
0 0 0 0 0 8.66464
0 0 0 0 1 8.60377
0 0 0 0 1 8.7042
0 0 0 0 1 8.55738
0 0 0 0 1 8.51977
0 0 0 0 1 8.60605
0 0 0 0 1 8.58573
0 0 0 0 1 8.59467
0 0 0 0 1 8.42984
0 0 0 0 1 8.58014
0 0 0 0 1 8.45858
0 0 0 0 1 8.46447
0 0 0 0 1 8.50414
0 0 0 0 1 8.37899
0 0 0 0 0 8.45235
0 0 0 0 1 8.42495
0 0 0 0 1 8.33089
0 0 0 0 0 8.31236
0 0 0 0 1 8.33097
0 0 0 0 1 8.23801
0 0 0 0 1 8.36076
0 0 0 0 0 8.33889
0 0 0 0 1 8.28791
0 0 0 0 1 8.20432
0 0 0 0 1 8.16222
0 0 0 0 1 8.26787
0 0 0 0 1 8.21781
0 0 0 0 0 8.15172
0 0 0 0 1 8.20815
0 0 0 0 1 8.19942
0 0 0 0 1 8.04485
0 0 0 0 1 8.1419
0 0 0 0 0 8.10942
0 0 0 0 1 8.10135
0 0 0 0 1 8.1135
0 0 0 0 1 8.07351
0 0 0 0 1 7.96162
0 0 0 0 1 7.99431
0 0 0 0 0 7.99504
0 0 0 0 1 8.03953
0 0 0 0 1 7.94484
0 0 0 0 1 7.88241
0 0 0 0 1 7.95516
0 0 0 0 0 7.86151
0 0 0 0 1 7.92993
0 0 0 0 1 7.91576
0 0 0 0 1 7.88601
0 0 0 0 1 7.92286
0 0 0 0 0 7.9204
0 0 0 0 1 7.86757
0 0 0 0 1 7.76808
0 0 0 0 1 7.85667
0 0 0 0 1 7.81566
0 0 0 0 1 7.81062
0 0 0 0 1 7.79796
0 0 0 0 1 7.7264
0 0 0 0 1 7.72193
0 0 0 0 1 7.68961
