0 0 0 0 0 5.55289
0 0 0 0 1 5.57867
0 0 0 0 1 5.52117
0 0 0 0 1 5.5608
0 0 0 0 1 5.60377
0 0 0 0 1 5.63022
0 0 0 0 1 5.60552
0 0 0 0 1 5.59856
0 0 0 0 1 5.65568
0 0 0 0 1 5.6321
0 0 0 0 0 5.67049
0 0 0 0 1 5.60758
0 0 0 0 1 5.69924
0 0 0 0 1 5.61372
0 0 0 0 0 5.69807
0 0 0 0 1 5.63721
0 0 0 0 1 5.73909
0 0 0 0 0 5.74458
0 0 0 0 1 5.75019
0 0 0 0 0 5.65685
0 0 0 0 1 5.73112
0 0 0 0 1 5.69678
0 0 0 0 1 5.72562
0 0 0 0 0 5.71434
0 0 0 0 0 5.71646
0 0 0 0 1 5.73415
0 0 0 0 1 5.78676
0 0 0 0 1 5.83967
0 0 0 0 1 5.8638
0 0 0 0 1 5.80648
0 0 0 0 1 5.8191
0 0 0 0 1 5.82759
0 0 0 0 1 5.83027
0 0 0 0 1 5.91951
0 0 0 0 1 5.90327
0 0 0 0 1 5.92832
0 0 0 0 1 5.93581
0 0 0 0 1 5.86637
0 0 0 0 1 5.93326
0 0 0 0 1 6.01243
0 0 0 0 1 5.92495
0 0 0 0 1 6.02252
0 0 0 0 1 5.98402
0 0 0 0 1 6.04617
0 0 0 0 1 6.04246
0 0 0 0 1 6.05688
0 0 0 0 1 6.00972
0 0 0 0 1 6.07885
0 0 0 0 1 6.0328
0 0 0 0 0 6.1207
0 0 0 0 1 6.15406
0 0 0 0 1 6.17536
0 0 0 0 0 6.16506
0 0 0 0 1 6.16299
0 0 0 0 1 6.14755
0 0 0 0 0 6.17537
0 0 0 0 1 6.15374
0 0 0 0 1 6.28659
0 0 0 0 1 6.22149
0 0 0 0 1 6.20612
0 0 0 0 1 6.2274
0 0 0 0 0 6.35047
0 0 0 0 1 6.32906
0 0 0 0 1 6.33286
0 0 0 0 1 6.30498
0 0 0 0 1 6.33973
0 0 0 0 1 6.43936
0 0 0 0 1 6.34675
0 0 0 0 1 6.47914
0 0 0 0 0 6.41833
0 0 0 0 1 6.42898
0 0 0 0 1 6.44543
0 0 0 0 1 6.46922
0 0 0 0 1 6.4801
0 0 0 0 1 6.58255
0 0 0 0 0 6.50133
0 0 0 0 1 6.53144
0 0 0 0 1 6.61522
0 0 0 0 1 6.69228
0 0 0 0 1 6.61694
0 0 0 0 0 6.60776
0 0 0 0 0 6.68615
0 0 0 0 1 6.6777
0 0 0 0 0 6.79657
0 0 0 0 1 6.7067
0 0 0 0 1 6.72469
0 0 0 0 1 6.84494
0 0 0 0 1 6.81565
0 0 0 0 1 6.83411
0 0 0 0 1 6.81823
0 0 0 0 0 6.90587
0 0 0 0 1 6.9252
0 0 0 0 0 6.98589
0 0 0 0 0 7.03998
0 0 0 0 0 6.96121
0 0 0 0 1 6.99438
0 0 0 0 1 7.05553
0 0 0 0 1 7.16723
0 0 0 0 0 7.10162
0 0 0 0 1 7.08549
0 0 0 0 1 7.16963
0 0 0 0 1 7.14627
0 0 0 0 1 7.24517
0 0 0 0 0 7.32342
0 0 0 0 1 7.35076
0 0 0 0 1 7.31995
0 0 0 0 1 7.37669
0 0 0 0 1 7.3238
0 0 0 0 0 7.35848
0 0 0 0 0 7.41569
0 0 0 0 1 7.51111
0 0 0 0 1 7.46401
0 0 0 0 1 7.59754
0 0 0 0 1 7.53488
0 0 0 0 1 7.55579
0 0 0 0 1 7.714
0 0 0 0 0 7.62747
0 0 0 0 1 7.7408
0 0 0 0 1 7.69977
0 0 0 0 1 7.76733
0 0 0 0 1 7.89059
0 0 0 0 0 7.91208
0 0 0 0 1 7.92521
0 0 0 0 1 8.0261
0 0 0 0 1 7.91958
0 0 0 0 0 8.0692
0 0 0 0 0 8.03447
0 0 0 0 1 8.0235
0 0 0 0 1 8.1664
0 0 0 0 1 8.18001
0 0 0 0 1 8.30819
0 0 0 0 0 8.23876
0 0 0 0 1 8.3686
0 0 0 0 1 8.41527
0 0 0 0 1 8.43688
0 0 0 0 1 8.44146
0 0 0 0 0 8.5393
0 0 0 0 1 8.53523
0 0 0 0 0 8.61746
0 0 0 0 1 8.58721
0 0 0 0 1 8.64232
0 0 0 0 1 8.65476
0 0 0 0 1 8.78921
0 0 0 0 1 8.91756
0 0 0 0 1 8.98313
0 0 0 0 1 8.87
0 0 0 0 1 9.07918
0 0 0 0 1 8.97323
0 0 0 0 1 9.10354
0 0 0 0 0 9.07805
0 0 0 0 0 9.28237
0 0 0 0 1 9.26588
0 0 0 0 1 9.32449
0 0 0 0 1 9.30584
0 0 0 0 1 9.53345
0 0 0 0 1 9.46706
0 0 0 0 1 9.63879
0 0 0 0 1 9.6107
0 0 0 0 1 9.81347
0 0 0 0 1 9.70524
0 0 0 0 1 9.91
0 0 0 0 1 9.87038
0 0 0 0 1 10.0761
0 0 0 0 1 9.9838
0 0 0 0 1 10.1004
0 0 0 0 1 10.2093
0 0 0 0 0 10.2865
0 0 0 0 0 10.2706
0 0 0 0 0 10.4015
0 0 0 0 1 10.5735
0 0 0 0 1 10.6307
0 0 0 0 1 10.6112
0 0 0 0 1 10.6568
0 0 0 0 0 10.8407
0 0 0 0 1 11.0046
0 0 0 0 1 11.073
0 0 0 0 0 11.1725
0 0 0 0 1 11.1918
0 0 0 0 1 11.2375
0 0 0 0 1 11.2664
0 0 0 0 0 11.5005
0 0 0 0 1 11.6563
0 0 0 0 1 11.6153
0 0 0 0 1 11.6397
0 0 0 0 1 11.8319
0 0 0 0 1 11.9033
0 0 0 0 1 11.9743
0 0 0 0 0 12.1212
0 0 0 0 1 12.4099
0 0 0 0 0 12.3177
0 0 0 0 0 12.5257
0 0 0 0 0 12.7666
0 0 0 0 0 12.66
0 0 0 0 1 12.9412
0 0 0 0 1 12.9265
0 0 0 0 1 13.2508
0 0 0 0 1 13.1506
0 0 0 0 0 13.5325
0 0 0 0 1 13.4958
0 0 0 0 1 13.5379
0 0 0 0 0 13.7532
0 0 0 0 0 14.0262
0 0 0 0 1 14.062
0 0 0 0 1 14.2477
0 0 0 0 1 14.4199
0 0 0 0 1 14.4467
0 0 0 0 1 14.7015
0 0 0 0 1 14.9735
0 0 0 0 1 15.233
0 0 0 0 0 15.2082
0 0 0 0 0 15.5558
0 0 0 0 1 15.5415
0 0 0 0 1 15.9757
0 0 0 0 1 16.0215
0 0 0 0 0 16.3429
0 0 0 0 1 16.3384
0 0 0 0 1 16.812
0 0 0 0 1 16.7622
0 0 0 0 1 17.0152
0 0 0 0 0 17.2249
0 0 0 0 1 17.7077
0 0 0 0 1 17.7257
0 0 0 0 1 18.1631
0 0 0 0 1 15.632
0 0 0 0 1 15.6746
0 0 0 0 1 15.6705
0 0 0 0 1 15.7446
0 0 0 0 1 15.6785
0 0 0 0 1 15.4416
0 0 0 0 1 15.501
0 0 0 0 1 15.6691
0 0 0 0 1 15.3563
0 0 0 0 1 15.5402
0 0 0 0 0 15.337
0 0 0 0 0 15.5211
0 0 0 0 1 15.5814
0 0 0 0 1 15.3797
0 0 0 0 1 15.456
0 0 0 0 1 15.2707
0 0 0 0 0 15.2245
0 0 0 0 1 15.4552
0 0 0 0 0 15.2427
0 0 0 0 0 15.3815
0 0 0 0 1 15.3823
0 0 0 0 1 15.1998
0 0 0 0 1 15.3084
0 0 0 0 1 15.3427
0 0 0 0 1 15.3294
0 0 0 0 1 15.3622
0 0 0 0 1 15.2124
0 0 0 0 0 15.2762
0 0 0 0 1 15.3725
0 0 0 0 1 15.2694
0 0 0 0 0 15.531
0 0 0 0 1 16.0019
0 0 0 0 1 16.4065
0 0 0 0 0 17.1094
0 0 0 0 1 17.409
0 0 0 0 1 17.9518
0 0 0 0 1 18.729
0 0 0 0 1 19.0413
0 0 0 0 1 35.7112
0 0 0 0 1 35.1953
0 0 0 0 1 35.8153
0 0 0 0 0 35.443
0 0 0 0 1 35.6026
0 0 0 0 1 35.4791
0 0 0 0 1 35.2866
0 0 0 0 1 35.0939
0 0 0 0 1 35.7526
0 0 0 0 1 35.4551
0 0 0 0 1 35.6545
0 0 0 0 1 35.5708
0 0 0 0 1 34.9938
0 0 0 0 0 36.8388
0 0 0 0 1 39.9234
0 0 0 0 1 60.2363
0 0 0 0 1 61.0111
0 0 0 0 1 61.057
0 0 0 0 0 61.2257
0 0 0 0 0 5.00499
0 0 0 0 0 5.01501
0 0 0 0 0 5.04006
0 0 0 0 0 5.02002
0 0 0 0 0 4.97994
0 0 0 0 0 5.00499
0 0 0 0 0 4.99497
0 0 0 0 0 5.04006
0 0 0 0 0 4.99497
0 0 0 0 0 5.02503
0 0 0 0 0 4.99998
0 0 0 0 0 4.97493
0 0 0 0 0 5.02503
0 0 0 0 0 5.02503
0 0 0 0 0 5.05509
0 0 0 0 0 5.01501
0 0 0 0 0 5.00499
0 0 0 0 0 5.04507
0 0 0 0 0 5.03505
0 0 0 0 0 5.0601
0 0 0 0 0 5.01501
0 0 0 0 0 4.97994
0 0 0 0 0 4.96992
0 0 0 0 0 5.02002
0 0 0 0 0 4.98495
0 0 0 0 0 5.03505
0 0 0 0 0 5.03505
0 0 0 0 1 99.0855
0 0 0 0 0 95.1085
0 0 0 0 1 89.2269
0 0 0 0 0 84.3433
0 0 0 0 1 80.0203
0 0 0 0 1 77.0776
0 0 0 0 1 73.2204
0 0 0 0 1 70.0494
0 0 0 0 1 67.5256
0 0 0 0 1 65.068
0 0 0 0 1 63.4818
0 0 0 0 0 61.1064
0 0 0 0 1 58.9494
0 0 0 0 1 56.2673
0 0 0 0 1 55.0047
0 0 0 0 1 53.5183
0 0 0 0 1 51.3879
0 0 0 0 0 50.389
0 0 0 0 1 48.7707
0 0 0 0 0 46.9974
0 0 0 0 0 45.9154
0 0 0 0 1 44.4102
0 0 0 0 1 43.8445
0 0 0 0 0 42.6713
0 0 0 0 0 41.3227
0 0 0 0 1 40.2637
0 0 0 0 1 39.3374
0 0 0 0 1 38.3831
0 0 0 0 1 37.9452
0 0 0 0 1 37.0565
0 0 0 0 1 36.0292
0 0 0 0 1 35.2106
0 0 0 0 1 35.0366
0 0 0 0 1 33.8954
0 0 0 0 1 33.5484
0 0 0 0 1 32.651
0 0 0 0 1 32.3742
0 0 0 0 1 32.0007
0 0 0 0 1 31.3069
0 0 0 0 0 30.8517
0 0 0 0 1 30.3435
0 0 0 0 0 29.2735
0 0 0 0 0 29.1427
0 0 0 0 1 28.3246
0 0 0 0 0 28.0156
0 0 0 0 1 27.6569
0 0 0 0 1 27.4692
0 0 0 0 0 26.6938
0 0 0 0 1 26.5662
0 0 0 0 1 26.2489
0 0 0 0 1 25.5642
0 0 0 0 1 25.2779
0 0 0 0 1 25.0244
0 0 0 0 1 24.6456
0 0 0 0 1 24.0444
0 0 0 0 1 23.6998
0 0 0 0 1 23.7577
0 0 0 0 0 23.5221
0 0 0 0 1 22.9495
0 0 0 0 1 22.852
0 0 0 0 1 22.2079
0 0 0 0 1 22.3011
0 0 0 0 1 21.9292
0 0 0 0 1 21.5666
0 0 0 0 0 21.1549
0 0 0 0 1 21.0614
0 0 0 0 1 21.0902
0 0 0 0 0 20.7004
0 0 0 0 1 20.4758
0 0 0 0 1 20.0404
0 0 0 0 1 20.0277
0 0 0 0 1 19.5476
0 0 0 0 1 19.6389
0 0 0 0 1 19.4252
0 0 0 0 1 19.0107
0 0 0 0 1 18.8751
0 0 0 0 1 18.5514
0 0 0 0 1 18.4809
0 0 0 0 0 18.2341
0 0 0 0 1 18.0616
0 0 0 0 1 18.0515
0 0 0 0 0 17.7798
0 0 0 0 1 17.5989
0 0 0 0 1 17.4187
0 0 0 0 1 17.3953
0 0 0 0 1 17.1978
0 0 0 0 1 16.9421
0 0 0 0 1 16.9755
0 0 0 0 1 16.8554
0 0 0 0 1 16.7274
0 0 0 0 1 16.3365
0 0 0 0 1 16.325
0 0 0 0 1 16.1338
0 0 0 0 1 15.9615
0 0 0 0 1 15.8291
0 0 0 0 1 15.5937
0 0 0 0 0 15.4958
0 0 0 0 0 15.6595
0 0 0 0 1 15.3354
0 0 0 0 1 15.1216
0 0 0 0 0 15.2816
0 0 0 0 1 15.1735
0 0 0 0 1 14.9164
0 0 0 0 1 14.7383
0 0 0 0 1 14.7878
0 0 0 0 1 14.6456
0 0 0 0 1 14.6142
0 0 0 0 1 14.4095
0 0 0 0 1 14.392
0 0 0 0 1 14.2178
0 0 0 0 1 14.1855
0 0 0 0 0 13.8957
0 0 0 0 0 13.8222
0 0 0 0 1 13.881
0 0 0 0 0 13.7654
0 0 0 0 1 13.6129
0 0 0 0 1 13.4396
0 0 0 0 1 13.3078
0 0 0 0 1 13.1902
0 0 0 0 1 13.1344
0 0 0 0 0 13.039
0 0 0 0 0 13.0485
0 0 0 0 1 13.0571
0 0 0 0 0 12.8069
0 0 0 0 1 12.785
0 0 0 0 1 12.8693
0 0 0 0 1 12.7872
0 0 0 0 0 12.6002
0 0 0 0 1 12.5568
0 0 0 0 1 12.4921
0 0 0 0 1 12.4567
0 0 0 0 1 12.3638
0 0 0 0 1 12.1205
0 0 0 0 1 12.2196
0 0 0 0 1 12.0954
0 0 0 0 1 11.972
0 0 0 0 1 12.0568
0 0 0 0 1 11.9578
0 0 0 0 1 11.7334
0 0 0 0 1 11.7655
0 0 0 0 1 11.6566
0 0 0 0 1 11.6763
0 0 0 0 1 11.4872
0 0 0 0 1 11.5412
0 0 0 0 1 11.3883
0 0 0 0 0 11.4415
0 0 0 0 1 11.422
0 0 0 0 1 11.1769
0 0 0 0 1 11.2405
0 0 0 0 1 11.1767
0 0 0 0 0 11.0724
0 0 0 0 1 11.0756
0 0 0 0 1 11.0676
0 0 0 0 1 11.0155
0 0 0 0 1 10.9419
0 0 0 0 1 10.9554
0 0 0 0 1 10.7202
0 0 0 0 0 10.7234
0 0 0 0 1 10.6193
0 0 0 0 1 10.5479
0 0 0 0 0 10.5017
0 0 0 0 0 10.5682
0 0 0 0 1 10.4552
0 0 0 0 1 10.479
0 0 0 0 1 10.322
0 0 0 0 1 10.3147
0 0 0 0 1 10.2523
0 0 0 0 1 10.3136
0 0 0 0 1 10.1694
0 0 0 0 0 10.1793
0 0 0 0 1 10.2193
0 0 0 0 1 10.1679
0 0 0 0 0 10.0898
0 0 0 0 1 10.0591
0 0 0 0 1 10.0085
0 0 0 0 1 9.99799
0 0 0 0 1 9.85536
0 0 0 0 1 9.83545
0 0 0 0 1 9.75328
0 0 0 0 0 9.83174
0 0 0 0 1 9.68491
0 0 0 0 1 9.66557
0 0 0 0 1 9.67211
0 0 0 0 0 9.56591
0 0 0 0 1 9.65917
0 0 0 0 1 9.62711
0 0 0 0 1 9.63659
0 0 0 0 0 9.49048
0 0 0 0 1 9.46237
0 0 0 0 1 9.45954
0 0 0 0 1 9.32482
0 0 0 0 1 9.47574
0 0 0 0 1 9.34185
0 0 0 0 0 9.40453
0 0 0 0 1 9.21266
0 0 0 0 0 9.32487
0 0 0 0 1 9.22078
0 0 0 0 0 9.11733
0 0 0 0 1 9.19795
0 0 0 0 1 9.15007
0 0 0 0 1 9.09336
0 0 0 0 1 9.15509
0 0 0 0 1 9.12588
0 0 0 0 0 9.09686
0 0 0 0 1 9.09178
0 0 0 0 1 8.92844
0 0 0 0 1 8.93277
0 0 0 0 1 8.99394
0 0 0 0 1 8.9569
0 0 0 0 1 8.79598
0 0 0 0 1 8.87474
0 0 0 0 1 8.76459
0 0 0 0 1 8.86943
0 0 0 0 0 8.702
0 0 0 0 1 8.83473
0 0 0 0 1 8.68573
0 0 0 0 1 8.77773
0 0 0 0 1 8.74255
0 0 0 0 1 8.66094
0 0 0 0 1 8.60051
0 0 0 0 1 8.64025
0 0 0 0 1 8.53741
0 0 0 0 1 8.51725
0 0 0 0 1 8.58614
0 0 0 0 1 8.4639
0 0 0 0 1 8.54616
0 0 0 0 1 8.49248
0 0 0 0 1 8.39682
0 0 0 0 1 8.36915
0 0 0 0 1 8.3874
0 0 0 0 1 8.47753
0 0 0 0 1 8.39983
0 0 0 0 1 8.43952
0 0 0 0 0 8.27067
0 0 0 0 1 8.27277
0 0 0 0 1 8.31268
0 0 0 0 0 8.29454
0 0 0 0 1 8.34715
0 0 0 0 1 8.20544
0 0 0 0 1 8.27015
0 0 0 0 1 8.18685
0 0 0 0 1 8.12857
0 0 0 0 1 8.1851
0 0 0 0 1 8.20068
0 0 0 0 0 8.18372
0 0 0 0 1 8.07753
0 0 0 0 1 8.03674
0 0 0 0 1 8.1338
0 0 0 0 1 8.02057
0 0 0 0 0 8.04493
0 0 0 0 0 8.1135
0 0 0 0 1 8.00924
0 0 0 0 1 8.0899
0 0 0 0 0 8.04232
0 0 0 0 0 8.019
0 0 0 0 1 7.99167
0 0 0 0 1 8.00852
0 0 0 0 1 7.95392
0 0 0 0 0 7.93929
0 0 0 0 1 7.98026
0 0 0 0 1 7.89831
0 0 0 0 1 7.86841
0 0 0 0 0 7.83087
0 0 0 0 1 7.88352
0 0 0 0 1 7.80254
0 0 0 0 0 7.88326
0 0 0 0 1 7.84638
0 0 0 0 1 7.88794
0 0 0 0 1 7.77662
0 0 0 0 1 7.8418
0 0 0 0 1 7.79018
0 0 0 0 1 7.76527
0 0 0 0 1 7.8073
0 0 0 0 1 7.72837
