0 0 0 0 1 5.49187
0 0 0 0 1 5.58423
0 0 0 0 1 5.549
0 0 0 0 1 5.53852
0 0 0 0 1 5.62609
0 0 0 0 1 5.60786
0 0 0 0 1 5.64468
0 0 0 0 0 5.6602
0 0 0 0 1 5.59957
0 0 0 0 1 5.63773
0 0 0 0 1 5.59729
0 0 0 0 0 5.60758
0 0 0 0 1 5.63146
0 0 0 0 1 5.65333
0 0 0 0 0 5.71508
0 0 0 0 1 5.70533
0 0 0 0 1 5.69359
0 0 0 0 1 5.6534
0 0 0 0 1 5.7559
0 0 0 0 1 5.70256
0 0 0 0 1 5.76548
0 0 0 0 1 5.70252
0 0 0 0 1 5.73712
0 0 0 0 1 5.81227
0 0 0 0 1 5.73376
0 0 0 0 1 5.8093
0 0 0 0 1 5.82731
0 0 0 0 1 5.79904
0 0 0 0 0 5.87543
0 0 0 0 1 5.7715
0 0 0 0 1 5.78405
0 0 0 0 0 5.88025
0 0 0 0 1 5.88886
0 0 0 0 1 5.91951
0 0 0 0 1 5.92682
0 0 0 0 0 5.91653
0 0 0 0 1 5.87669
0 0 0 0 1 5.86637
0 0 0 0 0 5.93326
0 0 0 0 1 5.98266
0 0 0 0 1 5.96075
0 0 0 0 0 5.92085
0 0 0 0 1 6.01996
0 0 0 0 1 5.97412
0 0 0 0 1 6.0545
0 0 0 0 1 6.04482
0 0 0 0 1 6.07629
0 0 0 0 1 6.00605
0 0 0 0 1 6.07537
0 0 0 0 0 6.04754
0 0 0 0 1 6.08072
0 0 0 0 0 6.18762
0 0 0 0 1 6.09131
0 0 0 0 1 6.13836
0 0 0 0 1 6.15372
0 0 0 0 1 6.21868
0 0 0 0 1 6.17235
0 0 0 0 1 6.28037
0 0 0 0 1 6.18405
0 0 0 0 1 6.30622
0 0 0 0 1 6.2839
0 0 0 0 0 6.26235
0 0 0 0 1 6.32275
0 0 0 0 1 6.38347
0 0 0 0 0 6.34938
0 0 0 0 1 6.30154
0 0 0 0 1 6.33725
0 0 0 0 1 6.36596
0 0 0 0 1 6.35713
0 0 0 0 1 6.5021
0 0 0 0 1 6.40959
0 0 0 0 1 6.42598
0 0 0 0 1 6.56675
0 0 0 0 1 6.5127
0 0 0 0 1 6.50411
0 0 0 0 0 6.50789
0 0 0 0 1 6.55119
0 0 0 0 1 6.65483
0 0 0 0 1 6.67903
0 0 0 0 1 6.68344
0 0 0 0 1 6.62111
0 0 0 0 1 6.67276
0 0 0 0 1 6.65757
0 0 0 0 1 6.69553
0 0 0 0 1 6.71346
0 0 0 0 1 6.74505
0 0 0 0 1 6.74959
0 0 0 0 1 6.90452
0 0 0 0 1 6.8547
0 0 0 0 1 6.86644
0 0 0 0 1 6.84366
0 0 0 0 1 6.88361
0 0 0 0 1 7.01372
0 0 0 0 1 6.92125
0 0 0 0 1 6.98224
0 0 0 0 1 6.96623
0 0 0 0 1 7.04846
0 0 0 0 1 7.07498
0 0 0 0 1 7.0945
0 0 0 0 1 7.09264
0 0 0 0 1 7.18399
0 0 0 0 1 7.23272
0 0 0 0 1 7.27412
0 0 0 0 1 7.30162
0 0 0 0 0 7.32156
0 0 0 0 1 7.29064
0 0 0 0 1 7.28834
0 0 0 0 0 7.3238
0 0 0 0 1 7.44749
0 0 0 0 1 7.39334
0 0 0 0 1 7.40638
0 0 0 0 1 7.58428
0 0 0 0 1 7.51447
0 0 0 0 1 7.58041
0 0 0 0 1 7.57102
0 0 0 0 1 7.63747
0 0 0 0 1 7.70436
0 0 0 0 0 7.76397
0 0 0 0 1 7.73858
0 0 0 0 1 7.84532
0 0 0 0 1 7.74968
0 0 0 0 0 7.79411
0 0 0 0 0 7.94894
0 0 0 0 1 7.98637
0 0 0 0 0 7.91159
0 0 0 0 1 8.013
0 0 0 0 0 8.08287
0 0 0 0 1 8.13697
0 0 0 0 1 8.14195
0 0 0 0 1 8.2537
0 0 0 0 1 8.15998
0 0 0 0 1 8.21392
0 0 0 0 0 8.37691
0 0 0 0 1 8.39854
0 0 0 0 0 8.38641
0 0 0 0 1 8.50912
0 0 0 0 1 8.43723
0 0 0 0 1 8.5951
0 0 0 0 1 8.58309
0 0 0 0 1 8.69951
0 0 0 0 1 8.78143
0 0 0 0 1 8.69847
0 0 0 0 1 8.87719
0 0 0 0 1 8.74963
0 0 0 0 1 8.94755
0 0 0 0 1 8.8879
0 0 0 0 1 9.01613
0 0 0 0 1 9.07293
0 0 0 0 1 9.13999
0 0 0 0 1 9.2431
0 0 0 0 0 9.18087
0 0 0 0 1 9.29373
0 0 0 0 1 9.41782
0 0 0 0 1 9.41864
0 0 0 0 1 9.40104
0 0 0 0 1 9.48611
0 0 0 0 1 9.61961
0 0 0 0 1 9.72649
0 0 0 0 0 9.73574
0 0 0 0 1 9.79329
0 0 0 0 1 9.92971
0 0 0 0 1 9.93975
0 0 0 0 1 10.0262
0 0 0 0 0 9.95364
0 0 0 0 1 10.1714
0 0 0 0 1 10.0972
0 0 0 0 1 10.194
0 0 0 0 1 10.4466
0 0 0 0 1 10.464
0 0 0 0 1 10.5315
0 0 0 0 1 10.4826
0 0 0 0 1 10.6112
0 0 0 0 1 10.8179
0 0 0 0 1 10.7216
0 0 0 0 1 10.8299
0 0 0 0 0 11.0401
0 0 0 0 1 11.0063
0 0 0 0 1 11.08
0 0 0 0 1 11.2487
0 0 0 0 1 11.3118
0 0 0 0 1 11.3401
0 0 0 0 1 11.4484
0 0 0 0 1 11.5804
0 0 0 0 1 11.8631
0 0 0 0 0 11.7845
0 0 0 0 1 11.8674
0 0 0 0 1 12.0105
0 0 0 0 1 12.2064
0 0 0 0 1 12.3608
0 0 0 0 1 12.2805
0 0 0 0 1 12.5757
0 0 0 0 0 12.7413
0 0 0 0 0 12.8003
0 0 0 0 0 12.954
0 0 0 0 0 12.9265
0 0 0 0 1 13.2114
0 0 0 0 1 13.1771
0 0 0 0 1 13.3181
0 0 0 0 1 13.6041
0 0 0 0 1 13.5789
0 0 0 0 1 13.7118
0 0 0 0 1 14.0541
0 0 0 0 1 14.2032
0 0 0 0 1 14.1906
0 0 0 0 0 14.5209
0 0 0 0 1 14.5196
0 0 0 0 1 14.7162
0 0 0 0 1 14.9884
0 0 0 0 0 15.1273
0 0 0 0 1 15.2999
0 0 0 0 0 15.5558
0 0 0 0 1 15.5885
0 0 0 0 1 15.944
0 0 0 0 0 15.9093
0 0 0 0 1 16.083
0 0 0 0 1 16.3713
0 0 0 0 1 16.5954
0 0 0 0 1 16.8297
0 0 0 0 1 17.2206
0 0 0 0 1 17.2075
0 0 0 0 1 17.7252
0 0 0 0 1 17.904
0 0 0 0 1 18.0545
0 0 0 0 1 18.3858
0 0 0 0 1 18.4498
0 0 0 0 1 19.0846
0 0 0 0 1 18.9919
0 0 0 0 1 19.6573
0 0 0 0 1 19.6318
0 0 0 0 1 16.9658
0 0 0 0 0 17.2355
0 0 0 0 0 17.1977
0 0 0 0 1 16.8731
0 0 0 0 1 17.0577
0 0 0 0 1 17.1402
0 0 0 0 1 17.0893
0 0 0 0 0 16.8667
0 0 0 0 1 16.8484
0 0 0 0 1 16.9511
0 0 0 0 1 16.7641
0 0 0 0 1 17.0194
0 0 0 0 1 16.7151
0 0 0 0 1 16.9198
0 0 0 0 1 16.7348
0 0 0 0 0 16.9228
0 0 0 0 1 16.7219
0 0 0 0 1 16.8262
0 0 0 0 1 16.811
0 0 0 0 1 16.882
0 0 0 0 1 16.834
0 0 0 0 1 16.8049
0 0 0 0 1 16.7075
0 0 0 0 1 16.5954
0 0 0 0 0 16.885
0 0 0 0 1 16.7386
0 0 0 0 1 16.6443
0 0 0 0 1 17.0077
0 0 0 0 1 17.5137
0 0 0 0 0 18.1679
0 0 0 0 1 18.5246
0 0 0 0 1 19.0029
0 0 0 0 1 19.8394
0 0 0 0 1 20.5843
0 0 0 0 0 45.1521
0 0 0 0 1 46.6539
0 0 0 0 0 48.0734
0 0 0 0 1 50.1629
0 0 0 0 1 52.7131
0 0 0 0 0 54.7682
0 0 0 0 1 37.3145
0 0 0 0 1 37.0267
0 0 0 0 0 36.714
0 0 0 0 0 36.688
0 0 0 0 1 37.2272
0 0 0 0 1 36.8428
0 0 0 0 1 37.1871
0 0 0 0 0 36.658
0 0 0 0 1 36.5988
0 0 0 0 1 36.367
0 0 0 0 1 36.7954
0 0 0 0 1 36.2256
0 0 0 0 1 36.3115
0 0 0 0 1 37.0811
0 0 0 0 1 37.974
0 0 0 0 1 38.0349
0 0 0 0 0 38.9759
0 0 0 0 1 39.6139
0 0 0 0 0 40.3239
0 0 0 0 1 40.3155
0 0 0 0 0 4.96491
0 0 0 0 0 4.98495
0 0 0 0 0 5.0601
0 0 0 0 0 4.96491
0 0 0 0 0 5.03505
0 0 0 0 0 5.01501
0 0 0 0 0 4.96992
0 0 0 0 0 4.99497
0 0 0 0 0 4.99998
0 0 0 0 0 5.02503
0 0 0 0 0 5.02503
0 0 0 0 0 4.99497
0 0 0 0 0 5.03505
0 0 0 0 0 5.03004
0 0 0 0 0 5.04006
0 0 0 0 0 4.98495
0 0 0 0 0 4.98495
0 0 0 0 0 5.01501
0 0 0 0 0 98.886
0 0 0 0 1 94.0716
0 0 0 0 1 88.5124
0 0 0 0 1 85.7009
0 0 0 0 1 80.6669
0 0 0 0 1 76.3832
0 0 0 0 1 73.368
0 0 0 0 1 70.8985
0 0 0 0 0 68.4766
0 0 0 0 0 65.852
0 0 0 0 1 62.7897
0 0 0 0 0 61.2885
0 0 0 0 1 58.0705
0 0 0 0 1 57.1173
0 0 0 0 1 54.3466
0 0 0 0 1 53.412
0 0 0 0 1 52.0064
0 0 0 0 1 49.7385
0 0 0 0 0 48.868
0 0 0 0 1 46.8556
0 0 0 0 1 46.4215
0 0 0 0 1 44.4998
0 0 0 0 0 43.4515
0 0 0 0 1 42.8842
0 0 0 0 1 41.198
0 0 0 0 1 40.2231
0 0 0 0 0 39.6943
0 0 0 0 1 38.6157
0 0 0 0 1 37.6799
0 0 0 0 1 37.1307
0 0 0 0 1 36.465
0 0 0 0 1 35.5307
0 0 0 0 1 34.6531
0 0 0 0 0 34.4421
0 0 0 0 0 33.783
0 0 0 0 1 33.1443
0 0 0 0 1 32.5033
0 0 0 0 1 31.5571
0 0 0 0 1 31.3691
0 0 0 0 1 30.5153
0 0 0 0 0 30.2834
0 0 0 0 0 29.5098
0 0 0 0 1 29.0846
0 0 0 0 1 28.3532
0 0 0 0 1 28.3532
0 0 0 0 1 27.5738
0 0 0 0 1 27.4692
0 0 0 0 1 26.7206
0 0 0 0 1 26.4869
0 0 0 0 1 25.9364
0 0 0 0 1 25.8209
0 0 0 0 1 25.0755
0 0 0 0 1 24.8997
0 0 0 0 0 24.8178
0 0 0 0 1 24.0687
0 0 0 0 1 24.1546
0 0 0 0 0 23.6633
0 0 0 0 1 23.2191
0 0 0 0 1 23.0646
0 0 0 0 1 22.4885
0 0 0 0 1 22.6565
0 0 0 0 1 22.3454
0 0 0 0 1 21.776
0 0 0 0 0 21.8478
0 0 0 0 1 21.219
0 0 0 0 1 20.9769
0 0 0 0 1 21.0067
0 0 0 0 0 20.5972
0 0 0 0 1 20.2104
0 0 0 0 0 20.3028
0 0 0 0 1 20.0477
0 0 0 0 1 19.6858
0 0 0 0 1 19.4826
0 0 0 0 0 19.4252
0 0 0 0 1 19.3167
0 0 0 0 1 18.7804
0 0 0 0 1 18.8887
0 0 0 0 1 18.6293
0 0 0 0 1 18.2709
0 0 0 0 0 18.298
0 0 0 0 1 17.9794
0 0 0 0 1 17.9759
0 0 0 0 0 17.7226
0 0 0 0 1 17.6463
0 0 0 0 1 17.2218
0 0 0 0 1 17.129
0 0 0 0 0 17.1635
0 0 0 0 1 16.7562
0 0 0 0 0 16.5544
0 0 0 0 1 16.5617
0 0 0 0 1 16.4516
0 0 0 0 1 16.2435
0 0 0 0 1 16.0208
0 0 0 0 0 15.8654
0 0 0 0 1 15.8609
0 0 0 0 1 15.6409
0 0 0 0 1 15.5114
0 0 0 0 1 15.4735
0 0 0 0 1 15.4738
0 0 0 0 1 15.381
0 0 0 0 1 15.1907
0 0 0 0 0 15.1284
0 0 0 0 0 14.9611
0 0 0 0 1 14.6791
0 0 0 0 0 14.6997
0 0 0 0 1 14.7039
0 0 0 0 1 14.4116
0 0 0 0 1 14.2371
0 0 0 0 0 14.3778
0 0 0 0 1 14.1187
0 0 0 0 1 14.0168
0 0 0 0 0 13.9934
0 0 0 0 1 13.7668
0 0 0 0 0 13.6469
0 0 0 0 1 13.5467
0 0 0 0 1 13.545
0 0 0 0 1 13.4126
0 0 0 0 1 13.3749
0 0 0 0 1 13.35
0 0 0 0 1 13.2534
0 0 0 0 1 13.2625
0 0 0 0 1 12.944
0 0 0 0 1 13.0831
0 0 0 0 1 12.9617
0 0 0 0 1 12.7466
0 0 0 0 1 12.64
0 0 0 0 1 12.7366
0 0 0 0 1 12.6757
0 0 0 0 0 12.5193
0 0 0 0 1 12.3553
0 0 0 0 1 12.2464
0 0 0 0 0 12.2409
0 0 0 0 1 12.1327
0 0 0 0 0 12.0859
0 0 0 0 1 12.1074
0 0 0 0 1 11.972
0 0 0 0 1 11.9373
0 0 0 0 1 11.8508
0 0 0 0 1 11.7925
0 0 0 0 1 11.6715
0 0 0 0 1 11.5748
0 0 0 0 1 11.688
0 0 0 0 1 11.5219
0 0 0 0 1 11.4607
0 0 0 0 1 11.5027
0 0 0 0 1 11.3959
0 0 0 0 1 11.3427
0 0 0 0 0 11.3235
0 0 0 0 1 11.2069
0 0 0 0 1 11.2102
0 0 0 0 1 11.0168
0 0 0 0 1 11.0425
0 0 0 0 1 11.0236
0 0 0 0 1 10.8732
0 0 0 0 1 10.9201
0 0 0 0 1 10.8903
0 0 0 0 1 10.8174
0 0 0 0 0 10.7126
0 0 0 0 1 10.6835
0 0 0 0 1 10.5372
0 0 0 0 1 10.6502
0 0 0 0 1 10.5893
0 0 0 0 1 10.4867
0 0 0 0 1 10.3849
0 0 0 0 1 10.4782
0 0 0 0 1 10.3562
0 0 0 0 1 10.3039
0 0 0 0 1 10.2108
0 0 0 0 1 10.2104
0 0 0 0 1 10.1283
0 0 0 0 1 10.2092
0 0 0 0 1 10.1881
0 0 0 0 1 10.1401
0 0 0 0 1 10.1192
0 0 0 0 1 10.0884
0 0 0 0 1 9.9582
0 0 0 0 1 9.8157
0 0 0 0 0 9.86507
0 0 0 0 1 9.83201
0 0 0 0 1 9.82194
0 0 0 0 1 9.8216
0 0 0 0 1 9.76281
0 0 0 0 1 9.78841
0 0 0 0 0 9.55625
0 0 0 0 1 9.67842
0 0 0 0 1 9.66546
0 0 0 0 1 9.52198
0 0 0 0 1 9.52856
0 0 0 0 1 9.55718
0 0 0 0 1 9.40284
0 0 0 0 1 9.38133
0 0 0 0 1 9.43822
0 0 0 0 0 9.30445
0 0 0 0 1 9.35793
0 0 0 0 1 9.38929
0 0 0 0 1 9.17671
0 0 0 0 1 9.20232
0 0 0 0 1 9.22774
0 0 0 0 1 9.09708
0 0 0 0 1 9.04952
0 0 0 0 0 9.16626
0 0 0 0 1 9.06426
0 0 0 0 1 9.03535
0 0 0 0 1 9.06076
0 0 0 0 1 8.92975
0 0 0 0 1 8.94638
0 0 0 0 1 8.93277
0 0 0 0 1 8.94933
0 0 0 0 1 8.83238
0 0 0 0 0 8.92011
0 0 0 0 1 8.85706
0 0 0 0 1 8.72932
0 0 0 0 1 8.86064
0 0 0 0 1 8.78087
0 0 0 0 0 8.70352
0 0 0 0 0 8.80781
0 0 0 0 0 8.62114
0 0 0 0 1 8.58643
0 0 0 0 1 8.60903
0 0 0 0 1 8.66952
0 0 0 0 1 8.62304
0 0 0 0 1 8.57173
0 0 0 0 1 8.63709
0 0 0 0 1 8.50932
0 0 0 0 1 8.54905
0 0 0 0 1 8.44422
0 0 0 0 1 8.4162
0 0 0 0 1 8.54058
0 0 0 0 1 8.50414
0 0 0 0 1 8.34534
0 0 0 0 1 8.41039
0 0 0 0 1 8.41658
0 0 0 0 0 8.42281
0 0 0 0 0 8.37905
0 0 0 0 1 8.36422
0 0 0 0 0 8.24631
0 0 0 0 0 8.22004
0 0 0 0 0 8.34715
0 0 0 0 1 8.23843
0 0 0 0 1 8.16317
0 0 0 0 1 8.25254
0 0 0 0 1 8.14496
0 0 0 0 0 8.19328
0 0 0 0 1 8.1762
0 0 0 0 1 8.22443
0 0 0 0 1 8.0694
0 0 0 0 1 8.17461
0 0 0 0 1 8.0205
0 0 0 0 1 8.08519
0 0 0 0 1 8.00462
0 0 0 0 1 8.00887
0 0 0 0 1 7.98514
0 0 0 0 1 8.02576
0 0 0 0 0 7.99431
0 0 0 0 1 8.05095
0 0 0 0 1 8.0156
0 0 0 0 1 7.88115
0 0 0 0 0 7.89035
0 0 0 0 1 8.01068
0 0 0 0 1 7.93276
0 0 0 0 1 7.88249
0 0 0 0 1 7.92365
0 0 0 0 1 7.88601
0 0 0 0 1 7.88352
0 0 0 0 0 7.87326
0 0 0 0 1 7.89895
0 0 0 0 1 7.7994
0 0 0 0 1 7.80977
0 0 0 0 1 7.72977
0 0 0 0 0 7.87298
0 0 0 0 1 7.79796
0 0 0 0 0 7.78082
0 0 0 0 1 7.77626
0 0 0 0 1 7.68186
