0 0 0 0 1 5.55844
0 0 0 0 1 5.50644
0 0 0 0 1 5.54344
0 0 0 0 1 5.55523
0 0 0 0 1 5.63168
0 0 0 0 1 5.63581
0 0 0 0 1 5.63349
0 0 0 0 1 5.63778
0 0 0 0 1 5.56591
0 0 0 0 1 5.66021
0 0 0 0 0 5.59166
0 0 0 0 0 5.60194
0 0 0 0 1 5.63146
0 0 0 0 1 5.64767
0 0 0 0 1 5.67539
0 0 0 0 1 5.66559
0 0 0 0 1 5.63102
0 0 0 0 0 5.68759
0 0 0 0 1 5.75019
0 0 0 0 1 5.76542
0 0 0 0 1 5.67387
0 0 0 0 1 5.70826
0 0 0 0 1 5.75437
0 0 0 0 0 5.7201
0 0 0 0 0 5.80875
0 0 0 0 1 5.73994
0 0 0 0 0 5.8389
0 0 0 0 1 5.76421
0 0 0 0 1 5.77072
0 0 0 0 1 5.7715
0 0 0 0 1 5.85416
0 0 0 0 1 5.90365
0 0 0 0 0 5.9123
0 0 0 0 1 5.90776
0 0 0 0 1 5.92093
0 0 0 0 1 5.85754
0 0 0 0 1 5.96537
0 0 0 0 1 5.97895
0 0 0 0 1 5.94514
0 0 0 0 1 5.92909
0 0 0 0 1 6.01445
0 0 0 0 0 5.92683
0 0 0 0 1 5.96605
0 0 0 0 0 6.04017
0 0 0 0 1 6.07857
0 0 0 0 0 6.05688
0 0 0 0 1 6.10655
0 0 0 0 1 6.12738
0 0 0 0 1 6.11794
0 0 0 0 0 6.07193
0 0 0 0 1 6.09905
0 0 0 0 1 6.06509
0 0 0 0 1 6.20809
0 0 0 0 1 6.11989
0 0 0 0 1 6.19693
0 0 0 0 1 6.12587
0 0 0 0 1 6.2654
0 0 0 0 1 6.187
0 0 0 0 0 6.25893
0 0 0 0 1 6.19987
0 0 0 0 1 6.25879
0 0 0 0 0 6.34417
0 0 0 0 1 6.28489
0 0 0 0 1 6.38347
0 0 0 0 0 6.40647
0 0 0 0 1 6.327
0 0 0 0 1 6.36916
0 0 0 0 1 6.41079
0 0 0 0 1 6.4663
0 0 0 0 1 6.47633
0 0 0 0 1 6.51297
0 0 0 0 1 6.4584
0 0 0 0 1 6.56025
0 0 0 0 1 6.4801
0 0 0 0 1 6.57602
0 0 0 0 1 6.58005
0 0 0 0 0 6.55777
0 0 0 0 1 6.59541
0 0 0 0 1 6.61277
0 0 0 0 1 6.66349
0 0 0 0 0 6.62778
0 0 0 0 1 6.733
0 0 0 0 0 6.72468
0 0 0 0 1 6.76963
0 0 0 0 1 6.69994
0 0 0 0 0 6.71791
0 0 0 0 0 6.84494
0 0 0 0 0 6.88401
0 0 0 0 1 6.8547
0 0 0 0 1 6.88022
0 0 0 0 1 6.87822
0 0 0 0 1 6.89747
0 0 0 0 1 6.96501
0 0 0 0 0 7.02601
0 0 0 0 1 7.08039
0 0 0 0 1 7.01549
0 0 0 0 1 7.09088
0 0 0 0 1 7.11756
0 0 0 0 1 7.14436
0 0 0 0 1 7.15699
0 0 0 0 1 7.14093
0 0 0 0 0 7.13186
0 0 0 0 1 7.20175
0 0 0 0 1 7.29436
0 0 0 0 1 7.24856
0 0 0 0 1 7.26133
0 0 0 0 1 7.28834
0 0 0 0 1 7.33118
0 0 0 0 1 7.38815
0 0 0 0 0 7.50513
0 0 0 0 1 7.556
0 0 0 0 1 7.46401
0 0 0 0 1 7.55978
0 0 0 0 1 7.51212
0 0 0 0 1 7.54056
0 0 0 0 1 7.63747
0 0 0 0 1 7.65054
0 0 0 0 1 7.7099
0 0 0 0 1 7.76962
0 0 0 0 1 7.82192
0 0 0 0 1 7.76534
0 0 0 0 1 7.88062
0 0 0 0 1 7.9173
0 0 0 0 1 7.89101
0 0 0 0 1 8.02347
0 0 0 0 1 8.03708
0 0 0 0 1 8.09093
0 0 0 0 1 8.07213
0 0 0 0 1 8.12565
0 0 0 0 1 8.15545
0 0 0 0 1 8.22585
0 0 0 0 1 8.31328
0 0 0 0 1 8.38523
0 0 0 0 1 8.4069
0 0 0 0 0 8.32752
0 0 0 0 1 8.54296
0 0 0 0 1 8.5393
0 0 0 0 0 8.53523
0 0 0 0 1 8.50577
0 0 0 0 1 8.60448
0 0 0 0 1 8.60754
0 0 0 0 1 8.81212
0 0 0 0 0 8.82441
0 0 0 0 1 8.84685
0 0 0 0 1 8.95645
0 0 0 0 1 8.91476
0 0 0 0 1 9.03414
0 0 0 0 1 9.04574
0 0 0 0 1 9.20378
0 0 0 0 1 9.25227
0 0 0 0 1 9.20856
0 0 0 0 1 9.34944
0 0 0 0 1 9.38049
0 0 0 0 1 9.45624
0 0 0 0 0 9.54291
0 0 0 0 1 9.45754
0 0 0 0 0 9.58124
0 0 0 0 1 9.58176
0 0 0 0 1 9.81347
0 0 0 0 1 9.79329
0 0 0 0 1 9.8312
0 0 0 0 1 9.84065
0 0 0 0 0 9.89636
0 0 0 0 0 9.9637
0 0 0 0 1 10.0498
0 0 0 0 1 10.0972
0 0 0 0 0 10.2967
0 0 0 0 1 10.3638
0 0 0 0 1 10.3598
0 0 0 0 0 10.416
0 0 0 0 1 10.6413
0 0 0 0 1 10.7178
0 0 0 0 1 10.6568
0 0 0 0 1 10.7757
0 0 0 0 1 11.0264
0 0 0 0 0 10.9411
0 0 0 0 1 11.1836
0 0 0 0 1 11.203
0 0 0 0 1 11.1924
0 0 0 0 1 11.3799
0 0 0 0 1 11.3401
0 0 0 0 1 11.5755
0 0 0 0 1 11.627
0 0 0 0 1 11.7455
0 0 0 0 1 11.9742
0 0 0 0 1 11.8435
0 0 0 0 1 11.9985
0 0 0 0 1 12.182
0 0 0 0 1 12.3977
0 0 0 0 1 12.3301
0 0 0 0 1 12.6133
0 0 0 0 1 12.5264
0 0 0 0 1 12.6855
0 0 0 0 1 12.7738
0 0 0 0 1 12.9265
0 0 0 0 0 13.2376
0 0 0 0 1 13.2302
0 0 0 0 1 13.3181
0 0 0 0 1 13.4958
0 0 0 0 1 13.6336
0 0 0 0 1 13.85
0 0 0 0 1 14.0681
0 0 0 0 1 14.1467
0 0 0 0 1 14.2192
0 0 0 0 0 14.391
0 0 0 0 1 14.651
0 0 0 0 1 14.8195
0 0 0 0 1 14.8839
0 0 0 0 1 15.1575
0 0 0 0 0 15.2999
0 0 0 0 1 15.3548
0 0 0 0 1 15.5728
0 0 0 0 0 15.8964
0 0 0 0 0 16.1498
0 0 0 0 1 16.3266
0 0 0 0 1 16.322
0 0 0 0 1 16.5454
0 0 0 0 1 16.8634
0 0 0 0 1 17.2206
0 0 0 0 0 17.3116
0 0 0 0 1 17.4087
0 0 0 0 1 17.7792
0 0 0 0 1 18.0726
0 0 0 0 1 18.3307
0 0 0 0 1 18.636
0 0 0 0 1 18.8011
0 0 0 0 1 19.1454
0 0 0 0 1 19.404
0 0 0 0 1 19.7308
0 0 0 0 1 20.2491
0 0 0 0 1 20.6311
0 0 0 0 1 20.9618
0 0 0 0 1 17.7282
0 0 0 0 1 17.7262
0 0 0 0 0 17.6356
0 0 0 0 0 17.7409
0 0 0 0 1 17.8285
0 0 0 0 1 17.5973
0 0 0 0 1 17.8802
0 0 0 0 1 17.7561
0 0 0 0 1 17.7032
0 0 0 0 1 17.6861
0 0 0 0 1 17.7948
0 0 0 0 1 17.4963
0 0 0 0 0 17.6211
0 0 0 0 1 17.447
0 0 0 0 1 17.4844
0 0 0 0 0 17.7328
0 0 0 0 1 17.439
0 0 0 0 1 17.6351
0 0 0 0 1 17.4107
0 0 0 0 1 17.5721
0 0 0 0 1 17.4205
0 0 0 0 1 17.3376
0 0 0 0 1 17.325
0 0 0 0 1 17.5222
0 0 0 0 1 17.4768
0 0 0 0 1 17.409
0 0 0 0 1 17.9878
0 0 0 0 1 18.7104
0 0 0 0 1 19.1372
0 0 0 0 1 19.7401
0 0 0 0 1 20.7077
0 0 0 0 1 21.3396
0 0 0 0 0 46.2803
0 0 0 0 0 48.4133
0 0 0 0 1 51.0226
0 0 0 0 1 47.1991
0 0 0 0 0 47.3213
0 0 0 0 1 47.4919
0 0 0 0 1 47.9484
0 0 0 0 1 47.3128
0 0 0 0 1 47.2018
0 0 0 0 1 47.2808
0 0 0 0 1 47.6454
0 0 0 0 1 47.8209
0 0 0 0 1 47.2865
0 0 0 0 1 49.9899
0 0 0 0 0 4.99998
0 0 0 0 0 5.03004
0 0 0 0 1 37.9424
0 0 0 0 1 37.4907
0 0 0 0 1 37.9439
0 0 0 0 0 37.8057
0 0 0 0 1 37.2821
0 0 0 0 1 37.5865
0 0 0 0 1 37.1405
0 0 0 0 1 37.4082
0 0 0 0 1 37.6762
0 0 0 0 0 37.6449
0 0 0 0 1 37.203
0 0 0 0 1 36.9966
0 0 0 0 1 38.0535
0 0 0 0 1 39.006
0 0 0 0 1 39.398
0 0 0 0 1 40.6432
0 0 0 0 0 5.00499
0 0 0 0 0 5.02002
0 0 0 0 0 4.96491
0 0 0 0 0 5.03004
0 0 0 0 0 5.0601
0 0 0 0 0 5.04006
0 0 0 0 0 4.98495
0 0 0 0 0 4.9599
0 0 0 0 0 5.03004
0 0 0 0 0 4.96992
0 0 0 0 0 4.96491
0 0 0 0 1 99.1853
0 0 0 0 1 93.7888
0 0 0 0 0 89.5842
0 0 0 0 1 84.5979
0 0 0 0 1 81.1518
0 0 0 0 0 76.4603
0 0 0 0 1 74.3276
0 0 0 0 1 71.3938
0 0 0 0 1 67.6614
0 0 0 0 0 65.1987
0 0 0 0 1 63.0413
0 0 0 0 1 61.0458
0 0 0 0 1 58.6565
0 0 0 0 1 57.1173
0 0 0 0 1 54.4563
0 0 0 0 1 53.6246
0 0 0 0 1 51.9549
0 0 0 0 1 50.0887
0 0 0 0 1 48.8193
0 0 0 0 1 47.0447
0 0 0 0 1 45.9154
0 0 0 0 1 45.2168
0 0 0 0 1 43.8445
0 0 0 0 1 42.5435
0 0 0 0 1 41.489
0 0 0 0 0 40.5072
0 0 0 0 1 39.9719
0 0 0 0 1 39.1585
0 0 0 0 1 38.0969
0 0 0 0 1 37.3162
0 0 0 0 1 36.2835
0 0 0 0 1 35.2461
0 0 0 0 1 34.932
0 0 0 0 1 34.2371
0 0 0 0 1 33.2468
0 0 0 0 1 33.21
0 0 0 0 1 32.5033
0 0 0 0 1 31.4621
0 0 0 0 0 31.4314
0 0 0 0 1 30.5459
0 0 0 0 1 30.3435
0 0 0 0 1 29.6279
0 0 0 0 0 29.2008
0 0 0 0 1 28.4104
0 0 0 0 1 28.325
0 0 0 0 1 27.6015
0 0 0 0 1 27.1966
0 0 0 0 1 26.7742
0 0 0 0 0 26.3547
0 0 0 0 1 25.9885
0 0 0 0 0 25.6925
0 0 0 0 1 25.4297
0 0 0 0 0 25.1991
0 0 0 0 0 24.5226
0 0 0 0 1 24.2143
0 0 0 0 1 23.9631
0 0 0 0 1 23.4035
0 0 0 0 1 23.5221
0 0 0 0 1 23.2257
0 0 0 0 1 22.5794
0 0 0 0 1 22.4995
0 0 0 0 1 22.3011
0 0 0 0 1 21.8417
0 0 0 0 1 21.6964
0 0 0 0 1 21.1549
0 0 0 0 0 21.0192
0 0 0 0 1 20.6935
0 0 0 0 1 20.5765
0 0 0 0 1 20.2716
0 0 0 0 1 20.2221
0 0 0 0 1 19.848
0 0 0 0 1 19.7846
0 0 0 0 1 19.5022
0 0 0 0 1 19.2899
0 0 0 0 1 19.2975
0 0 0 0 1 18.913
0 0 0 0 1 18.5888
0 0 0 0 1 18.4623
0 0 0 0 1 18.3076
0 0 0 0 1 18.2799
0 0 0 0 0 18.0695
0 0 0 0 1 17.6549
0 0 0 0 1 17.811
0 0 0 0 0 17.3312
0 0 0 0 1 17.5167
0 0 0 0 1 17.3352
0 0 0 0 1 17.1465
0 0 0 0 1 16.9249
0 0 0 0 1 16.6046
0 0 0 0 1 16.4124
0 0 0 0 0 16.2872
0 0 0 0 0 16.3739
0 0 0 0 1 16.1015
0 0 0 0 1 16.1538
0 0 0 0 0 15.7337
0 0 0 0 1 15.893
0 0 0 0 0 15.6991
0 0 0 0 0 15.52
0 0 0 0 1 15.4431
0 0 0 0 1 15.2742
0 0 0 0 1 15.2059
0 0 0 0 1 15.1435
0 0 0 0 1 14.9909
0 0 0 0 0 14.827
0 0 0 0 1 14.6556
0 0 0 0 1 14.5582
0 0 0 0 1 14.5418
0 0 0 0 0 14.467
0 0 0 0 0 14.121
0 0 0 0 0 14.147
0 0 0 0 1 14.0308
0 0 0 0 1 14.0912
0 0 0 0 1 13.9886
0 0 0 0 1 13.7295
0 0 0 0 0 13.8064
0 0 0 0 1 13.7216
0 0 0 0 1 13.561
0 0 0 0 1 13.4151
0 0 0 0 1 13.2036
0 0 0 0 0 13.1608
0 0 0 0 1 13.1705
0 0 0 0 1 13.1791
0 0 0 0 1 12.9922
0 0 0 0 1 13.0261
0 0 0 0 0 12.9133
0 0 0 0 1 12.6527
0 0 0 0 1 12.6859
0 0 0 0 1 12.6506
0 0 0 0 1 12.6319
0 0 0 0 0 12.5668
0 0 0 0 1 12.2587
0 0 0 0 1 12.1917
0 0 0 0 1 12.1327
0 0 0 0 1 12.0981
0 0 0 0 1 11.9624
0 0 0 0 1 11.948
0 0 0 0 1 11.997
0 0 0 0 0 11.7795
0 0 0 0 1 11.8988
0 0 0 0 1 11.6598
0 0 0 0 0 11.7618
0 0 0 0 1 11.6182
0 0 0 0 1 11.5334
0 0 0 0 1 11.4952
0 0 0 0 1 11.457
0 0 0 0 1 11.2821
0 0 0 0 1 11.4447
0 0 0 0 0 11.3235
0 0 0 0 0 11.1284
0 0 0 0 1 11.2325
0 0 0 0 1 11.039
0 0 0 0 0 10.943
0 0 0 0 1 11.0676
0 0 0 0 1 11.0265
0 0 0 0 1 10.9419
0 0 0 0 0 10.8144
0 0 0 0 0 10.8066
0 0 0 0 1 10.8523
0 0 0 0 1 10.6621
0 0 0 0 1 10.6756
0 0 0 0 1 10.5971
0 0 0 0 1 10.6315
0 0 0 0 1 10.5813
0 0 0 0 1 10.5313
0 0 0 0 1 10.4991
0 0 0 0 1 10.4184
0 0 0 0 0 10.4175
0 0 0 0 1 10.2519
0 0 0 0 1 10.2001
0 0 0 0 0 10.1691
0 0 0 0 1 10.2295
0 0 0 0 0 10.2185
0 0 0 0 1 10.1301
0 0 0 0 0 10.0691
0 0 0 0 0 9.88863
0 0 0 0 0 9.98804
0 0 0 0 0 9.98425
0 0 0 0 1 9.95395
0 0 0 0 1 9.82217
0 0 0 0 0 9.72391
0 0 0 0 0 9.80207
0 0 0 0 1 9.66557
0 0 0 0 0 9.72057
0 0 0 0 0 9.67209
0 0 0 0 0 9.60145
0 0 0 0 0 9.67505
0 0 0 0 1 9.52198
0 0 0 0 1 9.52856
0 0 0 0 1 9.55718
0 0 0 0 0 9.36504
0 0 0 0 0 9.47552
0 0 0 0 1 9.35378
0 0 0 0 0 9.38861
0 0 0 0 1 9.27405
0 0 0 0 1 9.3614
0 0 0 0 1 9.30635
0 0 0 0 1 9.29462
0 0 0 0 1 9.10813
0 0 0 0 1 9.22546
0 0 0 0 1 9.16835
0 0 0 0 1 9.08425
0 0 0 0 0 9.07335
0 0 0 0 1 8.98102
0 0 0 0 1 8.99759
0 0 0 0 1 8.94775
0 0 0 0 1 8.90152
0 0 0 0 0 8.87907
0 0 0 0 1 8.98502
0 0 0 0 1 8.93022
0 0 0 0 1 8.92011
0 0 0 0 1 8.90125
0 0 0 0 1 8.77341
0 0 0 0 1 8.79911
0 0 0 0 0 8.80716
0 0 0 0 1 8.76475
0 0 0 0 1 8.64212
0 0 0 0 1 8.78643
0 0 0 0 1 8.62979
0 0 0 0 1 8.66959
0 0 0 0 1 8.6954
0 0 0 0 1 8.63164
0 0 0 0 0 8.62321
0 0 0 0 1 8.60285
0 0 0 0 1 8.5776
0 0 0 0 0 8.55756
0 0 0 0 1 8.57164
0 0 0 0 1 8.46705
0 0 0 0 1 8.52366
0 0 0 0 0 8.42821
0 0 0 0 1 8.37899
0 0 0 0 1 8.36842
0 0 0 0 1 8.35796
0 0 0 0 0 8.2724
0 0 0 0 1 8.28734
0 0 0 0 1 8.28108
0 0 0 0 0 8.21312
0 0 0 0 1 8.30282
0 0 0 0 1 8.18186
0 0 0 0 1 8.1807
0 0 0 0 1 8.21255
0 0 0 0 1 8.15401
0 0 0 0 1 8.20232
0 0 0 0 1 8.25869
0 0 0 0 1 8.10276
0 0 0 0 1 8.16743
0 0 0 0 1 8.20755
0 0 0 0 1 8.17461
0 0 0 0 0 8.02859
0 0 0 0 1 8.02865
0 0 0 0 1 8.07717
0 0 0 0 1 7.98472
0 0 0 0 1 8.01728
0 0 0 0 1 7.97765
0 0 0 0 0 7.9463
0 0 0 0 0 7.94712
0 0 0 0 1 7.9837
0 0 0 0 1 7.89707
0 0 0 0 0 7.97776
0 0 0 0 1 7.87584
0 0 0 0 1 7.98026
0 0 0 0 1 7.83506
0 0 0 0 1 7.84473
0 0 0 0 1 7.87026
0 0 0 0 0 7.85992
0 0 0 0 1 7.8104
0 0 0 0 1 7.89111
0 0 0 0 1 7.79157
0 0 0 0 1 7.77849
0 0 0 0 1 7.761
0 0 0 0 0 7.8496
0 0 0 0 0 7.86022
0 0 0 0 1 7.69531
0 0 0 0 1 7.7685
0 0 0 0 1 7.78263
