0 0 0 0 1 5.55289
0 0 0 0 1 5.6009
0 0 0 0 1 5.549
0 0 0 0 1 5.52737
0 0 0 0 1 5.62051
0 0 0 0 0 5.54635
0 0 0 0 1 5.54398
0 0 0 0 1 5.63218
0 0 0 0 1 5.63885
0 0 0 0 1 5.67145
0 0 0 0 1 5.68739
0 0 0 0 1 5.63014
0 0 0 0 1 5.60322
0 0 0 0 1 5.63636
0 0 0 0 1 5.61869
0 0 0 0 0 5.73371
0 0 0 0 1 5.6424
0 0 0 0 1 5.68759
0 0 0 0 1 5.6988
0 0 0 0 1 5.67399
0 0 0 0 0 5.75975
0 0 0 0 1 5.71973
0 0 0 0 1 5.8061
0 0 0 0 1 5.80075
0 0 0 0 0 5.79144
0 0 0 0 1 5.75728
0 0 0 0 0 5.84469
0 0 0 0 0 5.76421
0 0 0 0 1 5.75909
0 0 0 0 1 5.79482
0 0 0 0 1 5.87169
0 0 0 0 1 5.81003
0 0 0 0 1 5.9123
0 0 0 0 0 5.90776
0 0 0 0 0 5.86796
0 0 0 0 1 5.95192
0 0 0 0 1 5.88852
0 0 0 0 1 5.90785
0 0 0 0 1 5.96296
0 0 0 0 1 5.89337
0 0 0 0 1 5.96075
0 0 0 0 1 5.93879
0 0 0 0 1 5.98402
0 0 0 0 1 5.9501
0 0 0 0 1 5.98228
0 0 0 0 1 6.02069
0 0 0 0 0 6.1005
0 0 0 0 0 6.10918
0 0 0 0 1 6.12403
0 0 0 0 1 6.05973
0 0 0 0 1 6.07461
0 0 0 0 0 6.06509
0 0 0 0 1 6.16506
0 0 0 0 1 6.18146
0 0 0 0 1 6.17841
0 0 0 0 1 6.14443
0 0 0 0 1 6.15374
0 0 0 0 0 6.21812
0 0 0 0 1 6.21525
0 0 0 0 0 6.20612
0 0 0 0 1 6.32784
0 0 0 0 1 6.23088
0 0 0 0 1 6.37323
0 0 0 0 1 6.26327
0 0 0 0 1 6.31132
0 0 0 0 1 6.31427
0 0 0 0 1 6.43936
0 0 0 0 1 6.4172
0 0 0 0 1 6.41493
0 0 0 0 0 6.49566
0 0 0 0 1 6.44836
0 0 0 0 1 6.52973
0 0 0 0 1 6.44972
0 0 0 0 1 6.4801
0 0 0 0 1 6.53026
0 0 0 0 0 6.61286
0 0 0 0 0 6.61703
0 0 0 0 0 6.62842
0 0 0 0 1 6.67241
0 0 0 0 0 6.64354
0 0 0 0 1 6.65448
0 0 0 0 1 6.64599
0 0 0 0 0 6.75824
0 0 0 0 0 6.709
0 0 0 0 1 6.72698
0 0 0 0 0 6.84005
0 0 0 0 1 6.83813
0 0 0 0 1 6.76779
0 0 0 0 1 6.88214
0 0 0 0 1 6.95597
0 0 0 0 1 6.8644
0 0 0 0 1 6.91134
0 0 0 0 0 6.90239
0 0 0 0 1 7.04696
0 0 0 0 0 7.03132
0 0 0 0 0 6.9803
0 0 0 0 1 7.02018
0 0 0 0 1 7.14594
0 0 0 0 1 7.15148
0 0 0 0 0 7.09264
0 0 0 0 1 7.20552
0 0 0 0 1 7.21111
0 0 0 0 0 7.17279
0 0 0 0 1 7.2435
0 0 0 0 1 7.28506
0 0 0 0 1 7.31262
0 0 0 0 1 7.28834
0 0 0 0 1 7.33118
0 0 0 0 1 7.43266
0 0 0 0 0 7.4306
0 0 0 0 1 7.54852
0 0 0 0 1 7.53918
0 0 0 0 1 7.49937
0 0 0 0 1 7.56523
0 0 0 0 1 7.69289
0 0 0 0 1 7.714
0 0 0 0 1 7.62747
0 0 0 0 1 7.67127
0 0 0 0 0 7.77739
0 0 0 0 1 7.85312
0 0 0 0 1 7.85927
0 0 0 0 1 7.94354
0 0 0 0 0 7.9173
0 0 0 0 1 7.96253
0 0 0 0 1 7.95155
0 0 0 0 1 8.05314
0 0 0 0 1 8.09093
0 0 0 0 1 8.11265
0 0 0 0 1 8.10935
0 0 0 0 1 8.12269
0 0 0 0 1 8.29173
0 0 0 0 1 8.21392
0 0 0 0 1 8.2355
0 0 0 0 1 8.39854
0 0 0 0 1 8.37799
0 0 0 0 0 8.38225
0 0 0 0 0 8.5393
0 0 0 0 1 8.60365
0 0 0 0 1 8.53154
0 0 0 0 1 8.68223
0 0 0 0 1 8.65971
0 0 0 0 0 8.78589
0 0 0 0 1 8.72763
0 0 0 0 0 8.92639
0 0 0 0 1 8.84972
0 0 0 0 0 8.92371
0 0 0 0 1 9.01613
0 0 0 0 1 9.14544
0 0 0 0 1 9.13999
0 0 0 0 0 9.21559
0 0 0 0 0 9.21778
0 0 0 0 1 9.34944
0 0 0 0 1 9.29648
0 0 0 0 1 9.40924
0 0 0 0 1 9.46724
0 0 0 0 0 9.42896
0 0 0 0 1 9.56206
0 0 0 0 0 9.62035
0 0 0 0 1 9.63858
0 0 0 0 1 9.72481
0 0 0 0 1 9.90015
0 0 0 0 1 10.0091
0 0 0 0 1 9.90635
0 0 0 0 1 10.0341
0 0 0 0 1 10.1612
0 0 0 0 1 10.1379
0 0 0 0 1 10.1837
0 0 0 0 1 10.2913
0 0 0 0 0 10.4848
0 0 0 0 1 10.4475
0 0 0 0 1 10.4826
0 0 0 0 1 10.7072
0 0 0 0 0 10.732
0 0 0 0 1 10.8624
0 0 0 0 1 10.9937
0 0 0 0 1 10.8971
0 0 0 0 1 11.0949
0 0 0 0 1 11.1247
0 0 0 0 1 11.1474
0 0 0 0 1 11.255
0 0 0 0 1 11.5005
0 0 0 0 1 11.5177
0 0 0 0 1 11.5687
0 0 0 0 0 11.722
0 0 0 0 1 11.8794
0 0 0 0 1 12.011
0 0 0 0 1 11.9743
0 0 0 0 1 12.0725
0 0 0 0 1 12.3608
0 0 0 0 1 12.4293
0 0 0 0 1 12.6383
0 0 0 0 1 12.716
0 0 0 0 1 12.8768
0 0 0 0 1 12.8897
0 0 0 0 1 13.1216
0 0 0 0 1 13.0538
0 0 0 0 1 13.1638
0 0 0 0 1 13.4655
0 0 0 0 1 13.5771
0 0 0 0 1 13.5926
0 0 0 0 1 13.85
0 0 0 0 0 13.9284
0 0 0 0 1 14.0056
0 0 0 0 1 14.2477
0 0 0 0 1 14.3188
0 0 0 0 1 14.6364
0 0 0 0 1 14.8933
0 0 0 0 0 15.0183
0 0 0 0 0 15.2028
0 0 0 0 1 15.361
0 0 0 0 1 15.3548
0 0 0 0 1 15.7763
0 0 0 0 0 15.8172
0 0 0 0 1 16.1498
0 0 0 0 0 16.1804
0 0 0 0 1 16.3713
0 0 0 0 1 16.812
0 0 0 0 1 16.7284
0 0 0 0 1 17.0323
0 0 0 0 0 17.329
0 0 0 0 1 17.6549
0 0 0 0 1 17.7435
0 0 0 0 1 17.9641
0 0 0 0 1 18.2206
0 0 0 0 1 18.7477
0 0 0 0 0 18.7633
0 0 0 0 1 19.0879
0 0 0 0 1 19.6573
0 0 0 0 1 19.8891
0 0 0 0 0 20.2089
0 0 0 0 1 20.3656
0 0 0 0 0 20.8994
0 0 0 0 1 21.2076
0 0 0 0 0 21.3741
0 0 0 0 1 21.8282
0 0 0 0 0 22.2703
0 0 0 0 0 22.7922
0 0 0 0 1 23.2032
0 0 0 0 1 23.315
0 0 0 0 0 23.7695
0 0 0 0 1 24.4052
0 0 0 0 0 24.7685
0 0 0 0 1 25.6905
0 0 0 0 1 26.1723
0 0 0 0 0 26.6457
0 0 0 0 1 26.9116
0 0 0 0 0 27.9036
0 0 0 0 1 28.4897
0 0 0 0 1 19.8833
0 0 0 0 1 19.8874
0 0 0 0 1 19.7626
0 0 0 0 1 19.9457
0 0 0 0 0 19.8003
0 0 0 0 1 19.5881
0 0 0 0 1 19.6825
0 0 0 0 1 19.6489
0 0 0 0 0 19.5666
0 0 0 0 1 19.6513
0 0 0 0 1 19.5992
0 0 0 0 0 19.5766
0 0 0 0 0 19.2914
0 0 0 0 0 19.62
0 0 0 0 0 19.4734
0 0 0 0 1 19.5396
0 0 0 0 1 19.5378
0 0 0 0 1 19.469
0 0 0 0 0 19.2089
0 0 0 0 1 19.1315
0 0 0 0 1 19.3336
0 0 0 0 1 19.3252
0 0 0 0 1 19.226
0 0 0 0 1 19.5078
0 0 0 0 1 19.7413
0 0 0 0 1 20.2151
0 0 0 0 0 20.31
0 0 0 0 1 20.4616
0 0 0 0 1 20.778
0 0 0 0 0 21.295
0 0 0 0 1 21.1573
0 0 0 0 1 21.8182
0 0 0 0 1 21.9191
0 0 0 0 1 22.4552
0 0 0 0 0 22.5187
0 0 0 0 1 22.6717
0 0 0 0 1 23.2845
0 0 0 0 1 39.1143
0 0 0 0 1 39.348
0 0 0 0 0 39.859
0 0 0 0 1 39.778
0 0 0 0 0 39.8559
0 0 0 0 1 39.8555
0 0 0 0 1 39.8164
0 0 0 0 1 39.2645
0 0 0 0 0 39.6219
0 0 0 0 1 39.5455
0 0 0 0 1 39.2723
0 0 0 0 0 4.99998
0 0 0 0 0 5.02002
0 0 0 0 0 4.98495
0 0 0 0 0 5.00499
0 0 0 0 0 4.97493
0 0 0 0 0 4.98996
0 0 0 0 0 5.02002
0 0 0 0 0 4.98495
0 0 0 0 0 4.97493
0 0 0 0 0 5.02002
0 0 0 0 0 4.9599
0 0 0 0 1 100.183
0 0 0 0 0 93.8831
0 0 0 0 1 89.4056
0 0 0 0 1 84.0039
0 0 0 0 0 80.5052
0 0 0 0 1 77.0004
0 0 0 0 1 74.2537
0 0 0 0 0 71.3938
0 0 0 0 1 68.2728
0 0 0 0 1 65.5253
0 0 0 0 1 62.2864
0 0 0 0 1 60.3783
0 0 0 0 1 58.0705
0 0 0 0 1 57.0039
0 0 0 0 1 54.2918
0 0 0 0 1 52.9337
0 0 0 0 0 51.9033
0 0 0 0 1 50.1388
0 0 0 0 0 48.5276
0 0 0 0 1 46.9974
0 0 0 0 1 46.3294
0 0 0 0 1 44.9928
0 0 0 0 1 43.8445
0 0 0 0 0 42.5009
0 0 0 0 1 41.6968
0 0 0 0 1 40.2231
0 0 0 0 1 39.4564
0 0 0 0 1 38.3831
0 0 0 0 1 38.1348
0 0 0 0 1 36.9452
0 0 0 0 1 36.4287
0 0 0 0 1 35.3173
0 0 0 0 0 35.0017
0 0 0 0 1 34.2371
0 0 0 0 0 33.5819
0 0 0 0 1 33.21
0 0 0 0 1 32.471
0 0 0 0 0 31.3987
0 0 0 0 0 31.0268
0 0 0 0 1 30.8822
0 0 0 0 0 29.8027
0 0 0 0 1 29.4803
0 0 0 0 1 29.1717
0 0 0 0 1 28.6962
0 0 0 0 0 27.9875
0 0 0 0 1 27.7399
0 0 0 0 1 27.1149
0 0 0 0 1 26.7742
0 0 0 0 1 26.2225
0 0 0 0 1 26.1708
0 0 0 0 1 25.8209
0 0 0 0 1 25.2273
0 0 0 0 0 25.1991
0 0 0 0 1 24.4488
0 0 0 0 1 24.4084
0 0 0 0 0 23.8195
0 0 0 0 1 23.5924
0 0 0 0 1 23.3356
0 0 0 0 0 22.7883
0 0 0 0 1 22.534
0 0 0 0 1 22.2079
0 0 0 0 1 21.9907
0 0 0 0 0 22.1043
0 0 0 0 1 21.4152
0 0 0 0 1 21.5395
0 0 0 0 1 21.3149
0 0 0 0 1 20.8396
0 0 0 0 1 20.5146
0 0 0 0 1 20.5166
0 0 0 0 1 20.323
0 0 0 0 1 19.7881
0 0 0 0 1 19.6858
0 0 0 0 1 19.7367
0 0 0 0 1 19.2512
0 0 0 0 0 18.9342
0 0 0 0 1 18.8562
0 0 0 0 1 18.8699
0 0 0 0 1 18.4623
0 0 0 0 1 18.3994
0 0 0 0 1 18.2799
0 0 0 0 0 18.1776
0 0 0 0 1 17.7441
0 0 0 0 0 17.6873
0 0 0 0 1 17.3312
0 0 0 0 1 17.482
0 0 0 0 1 17.1634
0 0 0 0 1 17.0783
0 0 0 0 1 17.0093
0 0 0 0 1 16.6046
0 0 0 0 1 16.429
0 0 0 0 1 16.5173
0 0 0 0 0 16.3739
0 0 0 0 0 16.0046
0 0 0 0 1 16.0897
0 0 0 0 1 15.8609
0 0 0 0 1 15.5937
0 0 0 0 0 15.7929
0 0 0 0 0 15.4735
0 0 0 0 1 15.2277
0 0 0 0 1 15.2131
0 0 0 0 0 15.0999
0 0 0 0 0 14.9782
0 0 0 0 1 14.827
0 0 0 0 1 14.6495
0 0 0 0 1 14.6997
0 0 0 0 1 14.7185
0 0 0 0 0 14.455
0 0 0 0 1 14.3808
0 0 0 0 1 14.1781
0 0 0 0 1 14.062
0 0 0 0 1 14.1995
0 0 0 0 1 14.0353
0 0 0 0 0 13.7945
0 0 0 0 0 13.8122
0 0 0 0 0 13.6424
0 0 0 0 1 13.7216
0 0 0 0 0 13.588
0 0 0 0 1 13.4553
0 0 0 0 1 13.2302
0 0 0 0 1 13.1608
0 0 0 0 1 13.2099
0 0 0 0 1 13.1661
0 0 0 0 1 12.9922
0 0 0 0 1 12.923
0 0 0 0 0 12.9261
0 0 0 0 1 12.6527
0 0 0 0 1 12.5973
0 0 0 0 1 12.4995
0 0 0 0 1 12.5193
0 0 0 0 1 12.4672
0 0 0 0 1 12.3082
0 0 0 0 1 12.3023
0 0 0 0 1 12.2671
0 0 0 0 1 12.0981
0 0 0 0 1 12.192
0 0 0 0 1 12.1162
0 0 0 0 1 11.997
0 0 0 0 0 11.7795
0 0 0 0 0 11.8043
0 0 0 0 1 11.8596
0 0 0 0 1 11.7969
0 0 0 0 0 11.7461
0 0 0 0 1 11.6723
0 0 0 0 1 11.4147
0 0 0 0 0 11.4226
0 0 0 0 1 11.4187
0 0 0 0 1 11.2181
0 0 0 0 1 11.1656
0 0 0 0 1 11.1059
0 0 0 0 1 11.132
0 0 0 0 1 11.0168
0 0 0 0 1 11.142
0 0 0 0 1 10.9356
0 0 0 0 1 11.0374
0 0 0 0 0 10.8002
0 0 0 0 0 10.7601
0 0 0 0 1 10.9037
0 0 0 0 0 10.8201
0 0 0 0 1 10.6621
0 0 0 0 1 10.6756
0 0 0 0 1 10.5865
0 0 0 0 1 10.5893
0 0 0 0 1 10.4237
0 0 0 0 1 10.4477
0 0 0 0 0 10.322
0 0 0 0 0 10.408
0 0 0 0 1 10.2936
0 0 0 0 1 10.3136
0 0 0 0 1 10.3026
0 0 0 0 1 10.2405
0 0 0 0 1 10.0873
0 0 0 0 1 10.1274
0 0 0 0 1 9.97902
0 0 0 0 0 10.019
0 0 0 0 1 9.94856
0 0 0 0 0 9.85872
0 0 0 0 1 9.83553
0 0 0 0 1 9.82557
0 0 0 0 1 9.90091
0 0 0 0 1 9.84154
0 0 0 0 1 9.85088
0 0 0 0 1 9.74336
0 0 0 0 1 9.6818
0 0 0 0 0 9.57556
0 0 0 0 1 9.57259
0 0 0 0 1 9.51204
0 0 0 0 1 9.48378
0 0 0 0 1 9.50952
0 0 0 0 0 9.5477
0 0 0 0 1 9.53514
0 0 0 0 1 9.50378
0 0 0 0 1 9.47574
0 0 0 0 1 9.42601
0 0 0 0 1 9.22744
0 0 0 0 0 9.21266
0 0 0 0 0 9.29709
0 0 0 0 1 9.1654
0 0 0 0 1 9.18174
0 0 0 0 1 9.14293
0 0 0 0 1 9.08608
0 0 0 0 0 9.18448
0 0 0 0 1 9.07335
0 0 0 0 1 9.03535
0 0 0 0 1 9.07881
0 0 0 0 1 9.06477
0 0 0 0 1 8.88357
0 0 0 0 1 8.91487
0 0 0 0 1 8.96717
0 0 0 0 0 8.88574
0 0 0 0 1 8.93785
0 0 0 0 1 8.91009
0 0 0 0 1 8.82631
0 0 0 0 1 8.77274
0 0 0 0 1 8.68447
0 0 0 0 1 8.66853
0 0 0 0 0 8.6334
0 0 0 0 1 8.74293
0 0 0 0 1 8.7252
0 0 0 0 0 8.66094
0 0 0 0 1 8.56601
0 0 0 0 1 8.64885
0 0 0 0 1 8.56315
0 0 0 0 0 8.63709
0 0 0 0 1 8.59467
0 0 0 0 1 8.58311
0 0 0 0 1 8.56315
0 0 0 0 0 8.50096
0 0 0 0 1 8.53212
0 0 0 0 0 8.52101
0 0 0 0 0 8.47153
0 0 0 0 0 8.46914
0 0 0 0 1 8.34958
0 0 0 0 1 8.37267
0 0 0 0 1 8.37905
0 0 0 0 0 8.28939
0 0 0 0 0 8.37075
0 0 0 0 1 8.23659
0 0 0 0 1 8.21492
0 0 0 0 1 8.29616
0 0 0 0 1 8.27838
0 0 0 0 1 8.23612
0 0 0 0 1 8.25148
0 0 0 0 1 8.13604
0 0 0 0 1 8.1762
0 0 0 0 1 8.19186
0 0 0 0 1 8.19129
0 0 0 0 1 8.15028
0 0 0 0 1 8.04478
0 0 0 0 1 8.13365
0 0 0 0 1 8.12554
0 0 0 0 1 8.12155
0 0 0 0 0 8.04138
0 0 0 0 0 8.02576
0 0 0 0 1 7.9623
0 0 0 0 1 8.05894
0 0 0 0 1 8.02357
0 0 0 0 1 8.02445
0 0 0 0 1 7.86651
0 0 0 0 1 7.96309
0 0 0 0 1 7.86151
0 0 0 0 0 7.85087
0 0 0 0 1 7.86052
0 0 0 0 1 7.90177
0 0 0 0 1 7.89139
0 0 0 0 1 7.92826
0 0 0 0 1 7.77345
0 0 0 0 1 7.86988
0 0 0 0 0 7.74722
0 0 0 0 1 7.82346
0 0 0 0 0 7.83401
0 0 0 0 1 7.80574
0 0 0 0 0 7.85077
0 0 0 0 1 7.83834
0 0 0 0 1 7.75938
