0 0 0 0 1 5.49187
0 0 0 0 1 5.55089
0 0 0 0 1 5.53787
0 0 0 0 1 5.61652
0 0 0 0 1 5.60935
0 0 0 0 1 5.55754
0 0 0 0 0 5.56076
0 0 0 0 1 5.58174
0 0 0 0 1 5.62201
0 0 0 0 1 5.59276
0 0 0 0 0 5.67049
0 0 0 0 0 5.68092
0 0 0 0 1 5.68795
0 0 0 0 1 5.66465
0 0 0 0 1 5.68673
0 0 0 0 0 5.65424
0 0 0 0 0 5.6424
0 0 0 0 1 5.73319
0 0 0 0 1 5.65312
0 0 0 0 1 5.7597
0 0 0 0 1 5.75403
0 0 0 0 1 5.74842
0 0 0 0 1 5.75437
0 0 0 0 1 5.78923
0 0 0 0 1 5.82605
0 0 0 0 1 5.8093
0 0 0 0 1 5.73463
0 0 0 0 1 5.83387
0 0 0 0 1 5.7649
0 0 0 0 1 5.87061
0 0 0 0 1 5.85416
0 0 0 0 1 5.79833
0 0 0 0 1 5.81855
0 0 0 0 1 5.89602
0 0 0 0 1 5.85619
0 0 0 0 1 5.85754
0 0 0 0 1 5.95355
0 0 0 0 1 5.86637
0 0 0 0 0 5.87981
0 0 0 0 0 5.89337
0 0 0 0 1 5.93092
0 0 0 0 1 5.96869
0 0 0 0 0 5.94209
0 0 0 0 0 6.02816
0 0 0 0 0 6.06052
0 0 0 0 1 6.05085
0 0 0 0 1 6.00972
0 0 0 0 0 6.10311
0 0 0 0 1 6.05105
0 0 0 0 0 6.12679
0 0 0 0 1 6.08072
0 0 0 0 0 6.08347
0 0 0 0 0 6.1835
0 0 0 0 0 6.12605
0 0 0 0 1 6.12903
0 0 0 0 0 6.20631
0 0 0 0 1 6.25299
0 0 0 0 0 6.21812
0 0 0 0 0 6.19653
0 0 0 0 0 6.2812
0 0 0 0 0 6.3404
0 0 0 0 1 6.32529
0 0 0 0 1 6.30382
0 0 0 0 1 6.31388
0 0 0 0 1 6.32401
0 0 0 0 1 6.37792
0 0 0 0 0 6.3564
0 0 0 0 1 6.36596
0 0 0 0 0 6.47914
0 0 0 0 1 6.43122
0 0 0 0 0 6.5259
0 0 0 0 0 6.46488
0 0 0 0 0 6.46272
0 0 0 0 0 6.57789
0 0 0 0 1 6.51065
0 0 0 0 1 6.6063
0 0 0 0 1 6.55777
0 0 0 0 1 6.60862
0 0 0 0 1 6.67241
0 0 0 0 1 6.62359
0 0 0 0 1 6.73457
0 0 0 0 1 6.62591
0 0 0 0 1 6.76495
0 0 0 0 0 6.76289
0 0 0 0 1 6.75402
0 0 0 0 0 6.83326
0 0 0 0 1 6.77683
0 0 0 0 1 6.76779
0 0 0 0 1 6.90273
0 0 0 0 1 6.81823
0 0 0 0 0 6.8644
0 0 0 0 1 6.98759
0 0 0 0 1 6.90239
0 0 0 0 1 6.92125
0 0 0 0 1 6.98925
0 0 0 0 1 7.01549
0 0 0 0 1 7.09795
0 0 0 0 1 7.04659
0 0 0 0 1 7.1871
0 0 0 0 1 7.19274
0 0 0 0 0 7.19834
0 0 0 0 1 7.13907
0 0 0 0 0 7.18003
0 0 0 0 0 7.2217
0 0 0 0 1 7.27776
0 0 0 0 0 7.3053
0 0 0 0 1 7.37669
0 0 0 0 1 7.43454
0 0 0 0 1 7.46975
0 0 0 0 1 7.44551
0 0 0 0 1 7.45126
0 0 0 0 1 7.49408
0 0 0 0 1 7.55978
0 0 0 0 0 7.57282
0 0 0 0 1 7.65481
0 0 0 0 1 7.72165
0 0 0 0 1 7.69667
0 0 0 0 1 7.78715
0 0 0 0 1 7.81619
0 0 0 0 1 7.72054
0 0 0 0 0 7.84362
0 0 0 0 1 7.91208
0 0 0 0 1 7.97267
0 0 0 0 0 7.99431
0 0 0 0 1 8.05544
0 0 0 0 0 8.10934
0 0 0 0 1 8.08287
0 0 0 0 1 8.09644
0 0 0 0 0 8.15825
0 0 0 0 1 8.17182
0 0 0 0 1 8.15998
0 0 0 0 1 8.3464
0 0 0 0 1 8.27709
0 0 0 0 1 8.38181
0 0 0 0 1 8.37799
0 0 0 0 0 8.54296
0 0 0 0 1 8.43723
0 0 0 0 0 8.47537
0 0 0 0 0 8.52295
0 0 0 0 0 8.6736
0 0 0 0 0 8.76404
0 0 0 0 1 8.71595
0 0 0 0 1 8.75402
0 0 0 0 1 8.82034
0 0 0 0 1 8.97424
0 0 0 0 1 8.94161
0 0 0 0 0 8.95308
0 0 0 0 1 9.01855
0 0 0 0 1 9.17644
0 0 0 0 0 9.10556
0 0 0 0 1 9.30083
0 0 0 0 1 9.3123
0 0 0 0 1 9.38049
0 0 0 0 1 9.46564
0 0 0 0 1 9.55236
0 0 0 0 1 9.55278
0 0 0 0 1 9.5237
0 0 0 0 1 9.67825
0 0 0 0 1 9.74545
0 0 0 0 0 9.83242
0 0 0 0 1 9.8706
0 0 0 0 1 9.94966
0 0 0 0 1 9.90635
0 0 0 0 0 9.9637
0 0 0 0 1 10.1207
0 0 0 0 1 10.1073
0 0 0 0 1 10.307
0 0 0 0 1 10.4466
0 0 0 0 1 10.3285
0 0 0 0 1 10.4685
0 0 0 0 1 10.5566
0 0 0 0 1 10.7285
0 0 0 0 1 10.8179
0 0 0 0 1 10.9382
0 0 0 0 1 11.0264
0 0 0 0 1 11.0291
0 0 0 0 1 11.0949
0 0 0 0 1 11.2924
0 0 0 0 1 11.2037
0 0 0 0 1 11.3345
0 0 0 0 0 11.4776
0 0 0 0 1 11.5408
0 0 0 0 0 11.6852
0 0 0 0 1 11.6868
0 0 0 0 0 11.7964
0 0 0 0 1 11.9392
0 0 0 0 1 12.1795
0 0 0 0 0 12.1212
0 0 0 0 1 12.1642
0 0 0 0 1 12.4293
0 0 0 0 1 12.4882
0 0 0 0 0 12.5517
0 0 0 0 1 12.8385
0 0 0 0 1 12.8253
0 0 0 0 1 12.9265
0 0 0 0 1 13.172
0 0 0 0 0 13.3496
0 0 0 0 1 13.2779
0 0 0 0 1 13.6583
0 0 0 0 1 13.6063
0 0 0 0 1 13.7809
0 0 0 0 0 13.9004
0 0 0 0 0 14.0056
0 0 0 0 1 14.3476
0 0 0 0 1 14.3044
0 0 0 0 1 14.5488
0 0 0 0 1 14.6129
0 0 0 0 1 14.7943
0 0 0 0 1 15.0217
0 0 0 0 1 15.1471
0 0 0 0 1 15.3393
0 0 0 0 1 15.8076
0 0 0 0 1 15.7063
0 0 0 0 1 15.9413
0 0 0 0 1 16.4079
0 0 0 0 1 16.5029
0 0 0 0 1 16.6287
0 0 0 0 1 16.9141
0 0 0 0 0 17.2206
0 0 0 0 1 17.4851
0 0 0 0 0 14.8062
0 0 0 0 1 14.8153
0 0 0 0 1 14.8723
0 0 0 0 1 15.0008
0 0 0 0 1 14.8023
0 0 0 0 0 14.8568
0 0 0 0 1 14.7216
0 0 0 0 1 14.8802
0 0 0 0 0 14.7134
0 0 0 0 1 14.6654
0 0 0 0 1 14.6794
0 0 0 0 1 14.6468
0 0 0 0 1 14.7617
0 0 0 0 1 14.8055
0 0 0 0 1 14.5827
0 0 0 0 1 14.5538
0 0 0 0 1 14.684
0 0 0 0 1 14.6531
0 0 0 0 1 14.581
0 0 0 0 1 14.5801
0 0 0 0 1 14.7421
0 0 0 0 1 14.5083
0 0 0 0 1 14.5249
0 0 0 0 1 14.4377
0 0 0 0 1 14.4548
0 0 0 0 1 14.5574
0 0 0 0 1 14.5748
0 0 0 0 1 14.5199
0 0 0 0 0 14.3765
0 0 0 0 1 14.583
0 0 0 0 1 14.6141
0 0 0 0 0 14.8684
0 0 0 0 1 15.28
0 0 0 0 0 15.453
0 0 0 0 1 16.0339
0 0 0 0 0 16.5218
0 0 0 0 1 16.9229
0 0 0 0 1 17.3042
0 0 0 0 0 18.1138
0 0 0 0 1 18.6361
0 0 0 0 1 34.4843
0 0 0 0 1 34.7434
0 0 0 0 1 34.6205
0 0 0 0 0 34.6362
0 0 0 0 1 34.9315
0 0 0 0 1 34.9841
0 0 0 0 0 34.3435
0 0 0 0 1 34.7434
0 0 0 0 1 34.3821
0 0 0 0 1 34.9918
0 0 0 0 1 34.7012
0 0 0 0 0 34.6884
0 0 0 0 1 34.261
0 0 0 0 1 34.8515
0 0 0 0 1 36.9133
0 0 0 0 1 65.1329
0 0 0 0 1 64.3376
0 0 0 0 1 64.1911
0 0 0 0 1 65.0178
0 0 0 0 0 65.2627
0 0 0 0 1 64.1889
0 0 0 0 0 4.99998
0 0 0 0 0 5.0601
0 0 0 0 0 4.99998
0 0 0 0 0 5.0601
0 0 0 0 0 4.98495
0 0 0 0 0 4.96491
0 0 0 0 0 4.97493
0 0 0 0 0 5.05509
0 0 0 0 0 5.01501
0 0 0 0 0 4.97493
0 0 0 0 0 4.96992
0 0 0 0 0 4.97994
0 0 0 0 0 4.96992
0 0 0 0 0 4.9599
0 0 0 0 0 4.99998
0 0 0 0 0 4.96491
0 0 0 0 0 4.99497
0 0 0 0 0 5.05008
0 0 0 0 0 5.01501
0 0 0 0 0 5.03004
0 0 0 0 0 5.02002
0 0 0 0 0 5.02002
0 0 0 0 0 5.02503
0 0 0 0 0 5.00499
0 0 0 0 0 4.96491
0 0 0 0 0 5.00499
0 0 0 0 0 99.1853
0 0 0 0 1 93.5061
0 0 0 0 0 89.2269
0 0 0 0 1 84.3433
0 0 0 0 1 80.5861
0 0 0 0 1 77.4633
0 0 0 0 0 73.4418
0 0 0 0 1 70.4739
0 0 0 0 1 67.5935
0 0 0 0 1 65.1333
0 0 0 0 1 63.1672
0 0 0 0 0 60.803
0 0 0 0 1 58.7151
0 0 0 0 0 56.494
0 0 0 0 1 55.0596
0 0 0 0 0 52.8274
0 0 0 0 0 51.7487
0 0 0 0 1 49.7385
0 0 0 0 0 48.2845
0 0 0 0 0 47.5648
0 0 0 0 1 45.8234
0 0 0 0 1 45.2617
0 0 0 0 1 43.4078
0 0 0 0 1 42.9268
0 0 0 0 1 41.489
0 0 0 0 0 40.7102
0 0 0 0 0 39.8926
0 0 0 0 1 38.6933
0 0 0 0 0 37.7936
0 0 0 0 1 37.242
0 0 0 0 0 36.1382
0 0 0 0 1 35.6374
0 0 0 0 1 34.6531
0 0 0 0 1 34.3737
0 0 0 0 1 33.783
0 0 0 0 1 33.0456
0 0 0 0 1 32.1483
0 0 0 0 1 31.3987
0 0 0 0 1 31.0579
0 0 0 0 0 30.6071
0 0 0 0 1 30.2834
0 0 0 0 1 29.7756
0 0 0 0 1 28.9393
0 0 0 0 1 28.7534
0 0 0 0 1 28.1
0 0 0 0 1 27.4077
0 0 0 0 0 27.1694
0 0 0 0 1 26.6938
0 0 0 0 0 26.4604
0 0 0 0 1 26.1708
0 0 0 0 1 25.4359
0 0 0 0 1 25.2779
0 0 0 0 1 25.0993
0 0 0 0 1 24.3996
0 0 0 0 1 24.1172
0 0 0 0 1 24.1786
0 0 0 0 0 23.4743
0 0 0 0 0 23.1258
0 0 0 0 1 23.2027
0 0 0 0 0 22.9428
0 0 0 0 0 22.5444
0 0 0 0 1 22.1902
0 0 0 0 1 22.0386
0 0 0 0 1 21.5666
0 0 0 0 0 21.4113
0 0 0 0 1 21.167
0 0 0 0 1 20.8605
0 0 0 0 1 20.6591
0 0 0 0 1 20.3737
0 0 0 0 1 20.2826
0 0 0 0 1 20.1675
0 0 0 0 1 19.903
0 0 0 0 1 19.5999
0 0 0 0 1 19.4058
0 0 0 0 1 19.2019
0 0 0 0 1 18.8372
0 0 0 0 1 18.6076
0 0 0 0 1 18.5737
0 0 0 0 1 18.3076
0 0 0 0 1 18.0252
0 0 0 0 0 17.8713
0 0 0 0 1 17.8689
0 0 0 0 1 17.8463
0 0 0 0 1 17.4887
0 0 0 0 0 17.2565
0 0 0 0 1 17.1462
0 0 0 0 1 16.9251
0 0 0 0 0 16.8405
0 0 0 0 1 16.5711
0 0 0 0 1 16.5451
0 0 0 0 1 16.5009
0 0 0 0 1 16.439
0 0 0 0 0 16.0046
0 0 0 0 1 16.0416
0 0 0 0 0 16.0039
0 0 0 0 1 15.6094
0 0 0 0 1 15.7929
0 0 0 0 0 15.4735
0 0 0 0 1 15.2893
0 0 0 0 0 15.3657
0 0 0 0 1 15.0544
0 0 0 0 1 14.9481
0 0 0 0 1 14.8568
0 0 0 0 1 14.827
0 0 0 0 1 14.8318
0 0 0 0 0 14.6894
0 0 0 0 1 14.5563
0 0 0 0 1 14.2802
0 0 0 0 1 14.2922
0 0 0 0 1 14.2603
0 0 0 0 1 13.9183
0 0 0 0 1 13.8817
0 0 0 0 0 13.8361
0 0 0 0 0 13.6882
0 0 0 0 1 13.6834
0 0 0 0 1 13.5993
0 0 0 0 1 13.3721
0 0 0 0 0 13.2676
0 0 0 0 1 13.4032
0 0 0 0 0 13.3592
0 0 0 0 0 13.039
0 0 0 0 1 12.9571
0 0 0 0 1 13.0831
0 0 0 0 0 12.8198
0 0 0 0 1 12.7466
0 0 0 0 1 12.6145
0 0 0 0 0 12.6353
0 0 0 0 1 12.7009
0 0 0 0 1 12.5818
0 0 0 0 1 12.3553
0 0 0 0 1 12.4814
0 0 0 0 1 12.204
0 0 0 0 1 12.3404
0 0 0 0 1 12.0738
0 0 0 0 1 12.1195
0 0 0 0 1 12.1162
0 0 0 0 1 11.9253
0 0 0 0 1 11.9934
0 0 0 0 1 11.757
0 0 0 0 1 11.7185
0 0 0 0 1 11.68
0 0 0 0 1 11.7112
0 0 0 0 0 11.5103
0 0 0 0 0 11.5297
0 0 0 0 1 11.4341
0 0 0 0 1 11.4301
0 0 0 0 1 11.3654
0 0 0 0 1 11.3461
0 0 0 0 1 11.2854
0 0 0 0 1 11.1097
0 0 0 0 0 11.0168
0 0 0 0 1 10.943
0 0 0 0 1 10.9136
0 0 0 0 1 10.9608
0 0 0 0 1 10.9855
0 0 0 0 1 10.8361
0 0 0 0 1 10.7418
0 0 0 0 1 10.7664
0 0 0 0 1 10.5979
0 0 0 0 1 10.5905
0 0 0 0 1 10.6502
0 0 0 0 0 10.4837
0 0 0 0 1 10.5183
0 0 0 0 1 10.5104
0 0 0 0 1 10.322
0 0 0 0 1 10.3976
0 0 0 0 0 10.4175
0 0 0 0 1 10.2313
0 0 0 0 1 10.3128
0 0 0 0 1 10.2405
0 0 0 0 1 10.1076
0 0 0 0 0 10.0566
0 0 0 0 1 9.97902
0 0 0 0 1 10.0691
0 0 0 0 1 10.0684
0 0 0 0 1 9.87861
0 0 0 0 1 9.8157
0 0 0 0 1 9.80582
0 0 0 0 1 9.77296
0 0 0 0 0 9.83174
0 0 0 0 1 9.77278
0 0 0 0 1 9.62667
0 0 0 0 0 9.60427
0 0 0 0 1 9.72035
0 0 0 0 1 9.58221
0 0 0 0 1 9.50246
0 0 0 0 0 9.58884
0 0 0 0 1 9.57615
0 0 0 0 0 9.53822
0 0 0 0 1 9.48789
0 0 0 0 1 9.44726
0 0 0 0 1 9.2881
0 0 0 0 1 9.25769
0 0 0 0 1 9.2554
0 0 0 0 1 9.31492
0 0 0 0 1 9.17671
0 0 0 0 0 9.32231
0 0 0 0 1 9.15414
0 0 0 0 1 9.23463
0 0 0 0 0 9.07694
0 0 0 0 1 9.07514
0 0 0 0 1 9.01885
0 0 0 0 1 9.06251
0 0 0 0 1 9.06978
0 0 0 0 1 9.03777
0 0 0 0 1 9.0092
0 0 0 0 1 9.01333
0 0 0 0 1 8.98502
0 0 0 0 1 8.93022
0 0 0 0 0 8.91124
0 0 0 0 1 8.85706
0 0 0 0 0 8.85276
0 0 0 0 1 8.8079
0 0 0 0 1 8.82469
0 0 0 0 1 8.79099
0 0 0 0 1 8.70317
0 0 0 0 0 8.63854
0 0 0 0 1 8.64714
0 0 0 0 1 8.57442
0 0 0 0 1 8.55738
0 0 0 0 0 8.67467
0 0 0 0 1 8.57173
0 0 0 0 1 8.51725
0 0 0 0 0 8.49225
0 0 0 0 1 8.47241
0 0 0 0 1 8.55465
0 0 0 0 1 8.50096
0 0 0 0 1 8.47293
0 0 0 0 0 8.44508
0 0 0 0 1 8.4547
0 0 0 0 0 8.37681
0 0 0 0 0 8.31608
0 0 0 0 1 8.41445
0 0 0 0 1 8.37072
0 0 0 0 1 8.35591
0 0 0 0 1 8.2712
0 0 0 0 0 8.24487
0 0 0 0 1 8.22319
0 0 0 0 1 8.23018
0 0 0 0 1 8.14671
0 0 0 0 0 8.22791
0 0 0 0 1 8.21871
0 0 0 0 1 8.21781
0 0 0 0 0 8.23332
0 0 0 0 1 8.19186
0 0 0 0 1 8.05315
0 0 0 0 1 8.18272
0 0 0 0 0 8.14999
0 0 0 0 0 8.05288
0 0 0 0 1 8.12554
0 0 0 0 0 7.98472
0 0 0 0 1 8.06548
0 0 0 0 1 8.0418
0 0 0 0 0 7.9623
0 0 0 0 1 8.02699
0 0 0 0 1 8.03953
0 0 0 0 1 7.96872
0 0 0 0 1 7.88241
0 0 0 0 1 7.89964
0 0 0 0 1 7.97234
0 0 0 0 1 7.88249
0 0 0 0 1 7.90787
0 0 0 0 1 7.79935
0 0 0 0 1 7.83632
0 0 0 0 1 7.84969
0 0 0 0 1 7.87542
0 0 0 0 1 7.89337
0 0 0 0 1 7.86449
0 0 0 0 1 7.761
0 0 0 0 1 7.74047
0 0 0 0 0 7.76683
0 0 0 0 1 7.79636
0 0 0 0 1 7.7685
0 0 0 0 1 7.73612
