0 0 0 0 1 5.59172
0 0 0 0 1 5.52311
0 0 0 0 1 5.61579
0 0 0 0 1 5.6221
0 0 0 0 1 5.57586
0 0 0 0 1 5.60786
0 0 0 0 1 5.6167
0 0 0 0 1 5.59295
0 0 0 0 1 5.63885
0 0 0 0 1 5.66021
0 0 0 0 1 5.62544
0 0 0 0 1 5.60194
0 0 0 0 1 5.62016
0 0 0 0 0 5.61938
0 0 0 0 1 5.6357
0 0 0 0 1 5.62585
0 0 0 0 1 5.72203
0 0 0 0 0 5.68189
0 0 0 0 1 5.7559
0 0 0 0 1 5.7597
0 0 0 0 0 5.73112
0 0 0 0 1 5.77136
0 0 0 0 1 5.72562
0 0 0 0 1 5.71434
0 0 0 0 1 5.79144
0 0 0 0 1 5.79774
0 0 0 0 1 5.75201
0 0 0 0 0 5.77001
0 0 0 0 1 5.77654
0 0 0 0 1 5.85895
0 0 0 0 1 5.86584
0 0 0 0 1 5.86854
0 0 0 0 1 5.85371
0 0 0 0 1 5.89602
0 0 0 0 1 5.89739
0 0 0 0 0 5.92832
0 0 0 0 1 5.95355
0 0 0 0 1 5.91377
0 0 0 0 1 5.93326
0 0 0 0 1 5.89337
0 0 0 0 1 6.02042
0 0 0 0 1 6.01654
0 0 0 0 0 6.00798
0 0 0 0 1 6.01014
0 0 0 0 1 5.97024
0 0 0 0 1 6.02069
0 0 0 0 1 5.99761
0 0 0 0 1 6.12131
0 0 0 0 1 6.06929
0 0 0 0 1 6.13289
0 0 0 0 1 6.16017
0 0 0 0 1 6.18762
0 0 0 0 1 6.20809
0 0 0 0 1 6.19993
0 0 0 0 0 6.14755
0 0 0 0 1 6.20631
0 0 0 0 1 6.16614
0 0 0 0 1 6.16833
0 0 0 0 1 6.24645
0 0 0 0 0 6.2812
0 0 0 0 1 6.23995
0 0 0 0 1 6.35676
0 0 0 0 1 6.32275
0 0 0 0 1 6.33918
0 0 0 0 1 6.31766
0 0 0 0 1 6.37156
0 0 0 0 1 6.31811
0 0 0 0 1 6.37237
0 0 0 0 1 6.4085
0 0 0 0 1 6.38611
0 0 0 0 1 6.51944
0 0 0 0 1 6.47785
0 0 0 0 0 6.49523
0 0 0 0 1 6.53878
0 0 0 0 1 6.49758
0 0 0 0 1 6.50133
0 0 0 0 0 6.61045
0 0 0 0 1 6.5558
0 0 0 0 1 6.6459
0 0 0 0 1 6.59699
0 0 0 0 0 6.60776
0 0 0 0 1 6.6393
0 0 0 0 1 6.72468
0 0 0 0 1 6.75616
0 0 0 0 0 6.69318
0 0 0 0 1 6.75184
0 0 0 0 1 6.79046
0 0 0 0 1 6.82932
0 0 0 0 0 6.81353
0 0 0 0 0 6.91465
0 0 0 0 1 6.8644
0 0 0 0 1 6.9252
0 0 0 0 0 7.01372
0 0 0 0 1 6.92823
0 0 0 0 1 7.05235
0 0 0 0 1 7.05067
0 0 0 0 0 7.12622
0 0 0 0 1 7.13884
0 0 0 0 1 7.17997
0 0 0 0 1 7.22134
0 0 0 0 0 7.2414
0 0 0 0 1 7.15347
0 0 0 0 1 7.28136
0 0 0 0 1 7.21444
0 0 0 0 0 7.31426
0 0 0 0 1 7.26866
0 0 0 0 1 7.31043
0 0 0 0 1 7.44192
0 0 0 0 1 7.43266
0 0 0 0 0 7.37843
0 0 0 0 1 7.41386
0 0 0 0 1 7.52414
0 0 0 0 1 7.52957
0 0 0 0 1 7.58041
0 0 0 0 1 7.66243
0 0 0 0 1 7.72165
0 0 0 0 1 7.73512
0 0 0 0 1 7.79488
0 0 0 0 0 7.68424
0 0 0 0 1 7.82192
0 0 0 0 1 7.8671
0 0 0 0 1 7.79411
0 0 0 0 0 7.8303
0 0 0 0 1 7.92279
0 0 0 0 1 7.91159
0 0 0 0 1 7.98088
0 0 0 0 1 8.09093
0 0 0 0 0 8.12076
0 0 0 0 1 8.22345
0 0 0 0 0 8.27008
0 0 0 0 0 8.16821
0 0 0 0 0 8.19736
0 0 0 0 0 8.36028
0 0 0 0 1 8.44873
0 0 0 0 1 8.33594
0 0 0 0 1 8.39071
0 0 0 0 0 8.45424
0 0 0 0 0 8.46682
0 0 0 0 0 8.54013
0 0 0 0 1 8.71679
0 0 0 0 1 8.65971
0 0 0 0 1 8.80337
0 0 0 0 1 8.8508
0 0 0 0 1 8.76731
0 0 0 0 0 8.98313
0 0 0 0 1 8.86105
0 0 0 0 1 8.95308
0 0 0 0 1 9.09106
0 0 0 0 1 9.09443
0 0 0 0 1 9.1514
0 0 0 0 1 9.13474
0 0 0 0 1 9.23803
0 0 0 0 1 9.24982
0 0 0 0 1 9.41864
0 0 0 0 0 9.38212
0 0 0 0 1 9.57183
0 0 0 0 1 9.57165
0 0 0 0 1 9.57211
0 0 0 0 1 9.62886
0 0 0 0 1 9.81286
0 0 0 0 1 9.77209
0 0 0 0 1 9.95957
0 0 0 0 1 10.0062
0 0 0 0 1 10.0039
0 0 0 0 1 10.1714
0 0 0 0 1 10.1175
0 0 0 0 0 10.3173
0 0 0 0 1 10.3431
0 0 0 0 1 10.5057
0 0 0 0 1 10.521
0 0 0 0 1 10.5672
0 0 0 0 1 10.6538
0 0 0 0 1 10.6353
0 0 0 0 1 10.7757
0 0 0 0 0 10.95
0 0 0 0 1 10.9631
0 0 0 0 1 11.1504
0 0 0 0 1 11.2589
0 0 0 0 1 11.2713
0 0 0 0 1 11.2891
0 0 0 0 1 11.3516
0 0 0 0 1 11.6563
0 0 0 0 1 11.5454
0 0 0 0 0 11.8631
0 0 0 0 1 11.9031
0 0 0 0 1 11.9512
0 0 0 0 1 12.1433
0 0 0 0 0 12.1577
0 0 0 0 1 12.2134
0 0 0 0 1 12.5038
0 0 0 0 0 12.4756
0 0 0 0 1 12.5391
0 0 0 0 1 12.6345
0 0 0 0 1 12.7867
0 0 0 0 1 12.9005
0 0 0 0 0 13.0406
0 0 0 0 1 13.2302
0 0 0 0 1 13.3047
0 0 0 0 0 13.55
0 0 0 0 1 13.6063
0 0 0 0 0 13.6841
0 0 0 0 1 14.0821
0 0 0 0 1 14.1467
0 0 0 0 0 14.2905
0 0 0 0 1 14.4776
0 0 0 0 1 14.7239
0 0 0 0 1 14.79
0 0 0 0 1 14.7943
0 0 0 0 1 14.9462
0 0 0 0 1 15.2388
0 0 0 0 0 15.3702
0 0 0 0 0 15.745
0 0 0 0 1 15.8331
0 0 0 0 0 16.0696
0 0 0 0 1 16.3266
0 0 0 0 1 16.47
0 0 0 0 1 16.712
0 0 0 0 1 16.931
0 0 0 0 1 17.272
0 0 0 0 1 17.4851
0 0 0 0 0 17.4615
0 0 0 0 1 17.69
0 0 0 0 1 18.0545
0 0 0 0 1 18.4408
0 0 0 0 0 18.7291
0 0 0 0 1 19.0846
0 0 0 0 0 19.3564
0 0 0 0 1 19.5599
0 0 0 0 1 19.988
0 0 0 0 0 20.048
0 0 0 0 1 20.3043
0 0 0 0 1 20.9618
0 0 0 0 1 21.102
0 0 0 0 1 21.503
0 0 0 0 1 21.7408
0 0 0 0 0 22.1591
0 0 0 0 1 22.5656
0 0 0 0 1 23.2955
0 0 0 0 1 23.5266
0 0 0 0 1 19.8835
0 0 0 0 0 19.5371
0 0 0 0 1 19.4103
0 0 0 0 1 19.4505
0 0 0 0 1 19.4009
0 0 0 0 1 19.305
0 0 0 0 1 19.5596
0 0 0 0 1 19.4738
0 0 0 0 1 19.224
0 0 0 0 1 19.159
0 0 0 0 1 19.1041
0 0 0 0 1 19.3476
0 0 0 0 0 19.3315
0 0 0 0 1 18.9707
0 0 0 0 1 19.0034
0 0 0 0 1 19.0475
0 0 0 0 1 19.1473
0 0 0 0 1 18.9328
0 0 0 0 1 19.1278
0 0 0 0 1 18.888
0 0 0 0 1 18.7327
0 0 0 0 1 19.0597
0 0 0 0 1 18.9224
0 0 0 0 1 19.2017
0 0 0 0 1 19.2679
0 0 0 0 0 19.3805
0 0 0 0 1 19.719
0 0 0 0 0 19.9794
0 0 0 0 0 20.323
0 0 0 0 0 20.5554
0 0 0 0 0 20.9038
0 0 0 0 1 20.9181
0 0 0 0 1 21.0109
0 0 0 0 0 21.5081
0 0 0 0 0 21.9873
0 0 0 0 1 21.8918
0 0 0 0 1 22.1393
0 0 0 0 1 22.6248
0 0 0 0 1 22.6909
0 0 0 0 0 5.03004
0 0 0 0 0 4.96491
0 0 0 0 0 5.02002
0 0 0 0 0 5.05008
0 0 0 0 0 5.02503
0 0 0 0 0 5.02503
0 0 0 0 1 39.0523
0 0 0 0 1 38.7752
0 0 0 0 1 39.1229
0 0 0 0 0 38.7303
0 0 0 0 0 39.1185
0 0 0 0 1 39.1174
0 0 0 0 0 39.234
0 0 0 0 1 38.6884
0 0 0 0 1 39.1965
0 0 0 0 1 39.3934
0 0 0 0 1 39.0449
0 0 0 0 0 38.9703
0 0 0 0 0 5.05008
0 0 0 0 0 4.97994
0 0 0 0 0 5.01501
0 0 0 0 0 4.98996
0 0 0 0 0 4.97994
0 0 0 0 0 5.04507
0 0 0 0 0 5.05008
0 0 0 0 0 4.98495
0 0 0 0 0 5.02002
0 0 0 0 0 5.02503
0 0 0 0 0 5.05008
0 0 0 0 1 100.483
0 0 0 0 1 93.6003
0 0 0 0 0 90.1201
0 0 0 0 0 84.1736
0 0 0 0 1 81.6368
0 0 0 0 1 76.5375
0 0 0 0 1 74.3276
0 0 0 0 1 71.4645
0 0 0 0 0 67.7294
0 0 0 0 1 65.5253
0 0 0 0 1 63.1043
0 0 0 0 1 61.0458
0 0 0 0 1 58.8322
0 0 0 0 1 56.6073
0 0 0 0 1 55.2241
0 0 0 0 0 53.412
0 0 0 0 1 51.9549
0 0 0 0 1 49.6384
0 0 0 0 0 49.0138
0 0 0 0 1 47.4229
0 0 0 0 1 46.3755
0 0 0 0 1 44.4998
0 0 0 0 1 43.4515
0 0 0 0 1 42.1602
0 0 0 0 1 41.5305
0 0 0 0 0 40.629
0 0 0 0 1 39.4564
0 0 0 0 1 38.8484
0 0 0 0 1 37.6799
0 0 0 0 1 37.3903
0 0 0 0 1 35.9929
0 0 0 0 1 35.4595
0 0 0 0 0 35.1412
0 0 0 0 0 33.9637
0 0 0 0 1 33.649
0 0 0 0 1 32.947
0 0 0 0 1 32.0191
0 0 0 0 0 31.8106
0 0 0 0 1 31.2447
0 0 0 0 1 30.3624
0 0 0 0 1 30.1933
0 0 0 0 1 29.8347
0 0 0 0 1 29.2589
0 0 0 0 1 28.439
0 0 0 0 0 27.875
0 0 0 0 1 27.8783
0 0 0 0 0 27.0059
0 0 0 0 1 27.0425
0 0 0 0 1 26.3018
0 0 0 0 1 25.9364
0 0 0 0 0 25.6155
0 0 0 0 1 25.455
0 0 0 0 1 24.8997
0 0 0 0 1 24.4488
0 0 0 0 0 24.0687
0 0 0 0 1 23.7237
0 0 0 0 1 23.4035
0 0 0 0 1 23.1258
0 0 0 0 1 22.8804
0 0 0 0 1 22.7384
0 0 0 0 1 22.3874
0 0 0 0 0 22.3232
0 0 0 0 1 21.8635
0 0 0 0 1 21.8045
0 0 0 0 0 21.1762
0 0 0 0 1 20.9769
0 0 0 0 1 20.9023
0 0 0 0 1 20.5972
0 0 0 0 1 20.5166
0 0 0 0 0 20.2221
0 0 0 0 1 19.9479
0 0 0 0 0 19.6464
0 0 0 0 1 19.4045
0 0 0 0 0 19.4831
0 0 0 0 0 18.9342
0 0 0 0 1 18.8372
0 0 0 0 1 18.645
0 0 0 0 1 18.3696
0 0 0 0 1 18.2892
0 0 0 0 1 18.2799
0 0 0 0 0 18.1236
0 0 0 0 1 17.6549
0 0 0 0 1 17.5989
0 0 0 0 1 17.6638
0 0 0 0 1 17.2392
0 0 0 0 1 17.3352
0 0 0 0 1 17.1635
0 0 0 0 1 16.7899
0 0 0 0 1 16.6046
0 0 0 0 0 16.5285
0 0 0 0 0 16.4845
0 0 0 0 1 16.2598
0 0 0 0 1 16.0531
0 0 0 0 1 15.9615
0 0 0 0 0 15.9721
0 0 0 0 1 15.7985
0 0 0 0 1 15.7929
0 0 0 0 1 15.5975
0 0 0 0 1 15.5046
0 0 0 0 1 15.381
0 0 0 0 1 15.009
0 0 0 0 1 15.0834
0 0 0 0 1 14.7823
0 0 0 0 1 14.9306
0 0 0 0 1 14.6409
0 0 0 0 0 14.5582
0 0 0 0 1 14.4839
0 0 0 0 0 14.4814
0 0 0 0 1 14.2494
0 0 0 0 1 14.062
0 0 0 0 1 13.9465
0 0 0 0 1 13.9794
0 0 0 0 1 13.8777
0 0 0 0 1 13.881
0 0 0 0 0 13.7244
0 0 0 0 1 13.6401
0 0 0 0 1 13.588
0 0 0 0 1 13.3883
0 0 0 0 1 13.3367
0 0 0 0 0 13.2799
0 0 0 0 0 13.039
0 0 0 0 1 13.0877
0 0 0 0 1 13.0312
0 0 0 0 0 12.8456
0 0 0 0 1 12.7337
0 0 0 0 1 12.7547
0 0 0 0 1 12.7366
0 0 0 0 1 12.6506
0 0 0 0 1 12.4443
0 0 0 0 1 12.4921
0 0 0 0 1 12.4938
0 0 0 0 1 12.2531
0 0 0 0 0 12.3404
0 0 0 0 0 12.0859
0 0 0 0 1 12.2041
0 0 0 0 1 12.1042
0 0 0 0 1 11.8297
0 0 0 0 0 11.9934
0 0 0 0 1 11.8397
0 0 0 0 0 11.6363
0 0 0 0 1 11.68
0 0 0 0 1 11.6066
0 0 0 0 1 11.6491
0 0 0 0 1 11.4607
0 0 0 0 1 11.4913
0 0 0 0 1 11.4984
0 0 0 0 1 11.388
0 0 0 0 1 11.3799
0 0 0 0 0 11.1957
0 0 0 0 1 11.199
0 0 0 0 1 11.2167
0 0 0 0 1 11.0425
0 0 0 0 1 10.9466
0 0 0 0 1 10.9389
0 0 0 0 1 10.9746
0 0 0 0 1 10.8686
0 0 0 0 0 10.8822
0 0 0 0 1 10.6589
0 0 0 0 1 10.8011
0 0 0 0 1 10.5479
0 0 0 0 1 10.7138
0 0 0 0 1 10.621
0 0 0 0 0 10.4657
0 0 0 0 1 10.364
0 0 0 0 0 10.3845
0 0 0 0 1 10.4391
0 0 0 0 1 10.2936
0 0 0 0 1 10.3444
0 0 0 0 1 10.1592
0 0 0 0 1 10.0977
0 0 0 0 0 10.067
0 0 0 0 0 10.1274
0 0 0 0 1 10.0092
0 0 0 0 0 10.019
0 0 0 0 1 9.96854
0 0 0 0 1 10.0477
0 0 0 0 1 10.014
0 0 0 0 1 9.90457
0 0 0 0 1 9.74344
0 0 0 0 1 9.78273
0 0 0 0 1 9.7142
0 0 0 0 1 9.78226
0 0 0 0 1 9.6818
0 0 0 0 1 9.63348
0 0 0 0 1 9.63031
0 0 0 0 1 9.53122
0 0 0 0 1 9.64614
0 0 0 0 1 9.61423
0 0 0 0 0 9.42445
0 0 0 0 1 9.41229
0 0 0 0 1 9.34366
0 0 0 0 0 9.46636
0 0 0 0 0 9.25769
0 0 0 0 1 9.39521
0 0 0 0 0 9.20336
0 0 0 0 1 9.33413
0 0 0 0 1 9.26693
0 0 0 0 1 9.13573
0 0 0 0 1 9.23463
0 0 0 0 1 9.05866
0 0 0 0 1 9.05692
0 0 0 0 1 9.00069
0 0 0 0 1 9.11683
0 0 0 0 1 8.94344
0 0 0 0 1 9.01076
0 0 0 0 1 9.06304
0 0 0 0 0 8.94173
0 0 0 0 1 8.85118
0 0 0 0 1 8.86795
0 0 0 0 1 8.83144
0 0 0 0 1 8.88357
0 0 0 0 1 8.83513
0 0 0 0 1 8.87822
0 0 0 0 1 8.78963
0 0 0 0 1 8.756
0 0 0 0 1 8.677
0 0 0 0 1 8.73423
0 0 0 0 1 8.61245
0 0 0 0 0 8.60037
0 0 0 0 1 8.6609
0 0 0 0 1 8.68328
0 0 0 0 0 8.51167
0 0 0 0 1 8.55149
0 0 0 0 1 8.44958
0 0 0 0 0 8.50647
0 0 0 0 1 8.4697
0 0 0 0 1 8.55181
0 0 0 0 0 8.52366
0 0 0 0 1 8.41977
0 0 0 0 1 8.37058
0 0 0 0 1 8.35163
0 0 0 0 1 8.36633
0 0 0 0 1 8.2724
0 0 0 0 1 8.40407
0 0 0 0 0 8.38085
0 0 0 0 1 8.21312
0 0 0 0 0 8.1952
0 0 0 0 1 8.2893
0 0 0 0 1 8.1972
0 0 0 0 1 8.26192
0 0 0 0 1 8.26075
0 0 0 0 1 8.26787
0 0 0 0 1 8.12786
0 0 0 0 0 8.11092
0 0 0 0 1 8.15115
0 0 0 0 1 8.10191
0 0 0 0 1 8.14217
0 0 0 0 0 8.16618
0 0 0 0 1 8.12557
0 0 0 0 1 8.00462
0 0 0 0 1 8.1296
0 0 0 0 0 8.04138
0 0 0 0 1 8.0418
0 0 0 0 1 7.97831
0 0 0 0 1 7.9551
0 0 0 0 1 7.91989
0 0 0 0 1 7.92892
0 0 0 0 1 7.92214
0 0 0 0 1 7.97895
0 0 0 0 0 7.98818
0 0 0 0 1 7.89831
0 0 0 0 1 7.93944
0 0 0 0 1 7.91752
0 0 0 0 0 7.9386
0 0 0 0 1 7.8104
0 0 0 0 1 7.89895
0 0 0 0 1 7.76025
0 0 0 0 1 7.83322
0 0 0 0 1 7.72977
0 0 0 0 1 7.76385
0 0 0 0 1 7.75127
0 0 0 0 1 7.81191
0 0 0 0 1 7.74521
0 0 0 0 1 7.70512
