0 0 0 0 1 5.55289
0 0 0 0 1 5.58423
0 0 0 0 1 5.56013
0 0 0 0 0 5.57752
0 0 0 0 1 5.60935
0 0 0 0 1 5.6414
0 0 0 0 0 5.54398
0 0 0 0 0 5.55372
0 0 0 0 1 5.6669
0 0 0 0 1 5.59276
0 0 0 0 1 5.61981
0 0 0 0 1 5.61322
0 0 0 0 1 5.62581
0 0 0 0 1 5.67597
0 0 0 0 1 5.68106
0 0 0 0 1 5.69398
0 0 0 0 0 5.69359
0 0 0 0 1 5.6648
0 0 0 0 1 5.71593
0 0 0 0 1 5.7597
0 0 0 0 1 5.66815
0 0 0 0 0 5.76563
0 0 0 0 1 5.70838
0 0 0 0 0 5.75466
0 0 0 0 1 5.80298
0 0 0 0 1 5.72837
0 0 0 0 0 5.74622
0 0 0 0 1 5.7526
0 0 0 0 0 5.75909
0 0 0 0 0 5.84146
0 0 0 0 0 5.79573
0 0 0 0 1 5.82759
0 0 0 0 0 5.85371
0 0 0 0 1 5.84317
0 0 0 0 1 5.83265
0 0 0 0 1 5.89293
0 0 0 0 1 5.95355
0 0 0 0 1 5.96118
0 0 0 0 0 5.89763
0 0 0 0 1 6.00647
0 0 0 0 1 5.93092
0 0 0 0 1 5.97467
0 0 0 0 1 5.97803
0 0 0 0 1 5.9501
0 0 0 0 1 6.0545
0 0 0 0 1 6.07498
0 0 0 0 1 6.06419
0 0 0 0 1 6.03031
0 0 0 0 1 6.06321
0 0 0 0 1 6.06583
0 0 0 0 1 6.16628
0 0 0 0 1 6.07122
0 0 0 0 1 6.17736
0 0 0 0 0 6.2184
0 0 0 0 1 6.15989
0 0 0 0 1 6.23106
0 0 0 0 0 6.15994
0 0 0 0 0 6.23057
0 0 0 0 1 6.20277
0 0 0 0 1 6.24992
0 0 0 0 1 6.25251
0 0 0 0 1 6.24347
0 0 0 0 1 6.36692
0 0 0 0 1 6.26959
0 0 0 0 1 6.36841
0 0 0 0 1 6.3461
0 0 0 0 1 6.33087
0 0 0 0 1 6.35956
0 0 0 0 1 6.43419
0 0 0 0 1 6.42477
0 0 0 0 1 6.49359
0 0 0 0 1 6.43894
0 0 0 0 1 6.56675
0 0 0 0 1 6.55181
0 0 0 0 1 6.52372
0 0 0 0 0 6.59974
0 0 0 0 1 6.53802
0 0 0 0 1 6.5558
0 0 0 0 1 6.63928
0 0 0 0 1 6.61694
0 0 0 0 1 6.66115
0 0 0 0 1 6.62591
0 0 0 0 1 6.65086
0 0 0 0 1 6.72248
0 0 0 0 1 6.78783
0 0 0 0 0 6.81291
0 0 0 0 1 6.87219
0 0 0 0 1 6.88401
0 0 0 0 1 6.79294
0 0 0 0 1 6.85956
0 0 0 0 1 6.85748
0 0 0 0 1 6.99452
0 0 0 0 1 6.99284
0 0 0 0 1 7.01204
0 0 0 0 1 6.94719
0 0 0 0 0 7.06474
0 0 0 0 1 7.05553
0 0 0 0 1 7.08207
0 0 0 0 1 7.14436
0 0 0 0 1 7.09264
0 0 0 0 1 7.23422
0 0 0 0 0 7.13907
0 0 0 0 1 7.17279
0 0 0 0 1 7.20717
0 0 0 0 1 7.28506
0 0 0 0 0 7.34926
0 0 0 0 1 7.32515
0 0 0 0 0 7.42716
0 0 0 0 0 7.39557
0 0 0 0 1 7.52004
0 0 0 0 1 7.42882
0 0 0 0 1 7.58428
0 0 0 0 1 7.59754
0 0 0 0 1 7.55006
0 0 0 0 1 7.68528
0 0 0 0 1 7.69869
0 0 0 0 1 7.7505
0 0 0 0 1 7.7717
0 0 0 0 1 7.80843
0 0 0 0 1 7.87651
0 0 0 0 1 7.85145
0 0 0 0 0 7.88849
0 0 0 0 0 7.98058
0 0 0 0 1 7.98637
0 0 0 0 0 7.92758
0 0 0 0 1 8.09329
0 0 0 0 1 8.01833
0 0 0 0 0 8.11265
0 0 0 0 1 8.1338
0 0 0 0 1 8.13088
0 0 0 0 1 8.15998
0 0 0 0 1 8.24704
0 0 0 0 1 8.24382
0 0 0 0 1 8.31489
0 0 0 0 1 8.43688
0 0 0 0 1 8.46683
0 0 0 0 0 8.46275
0 0 0 0 1 8.47537
0 0 0 0 1 8.51436
0 0 0 0 1 8.6304
0 0 0 0 0 8.73796
0 0 0 0 0 8.7247
0 0 0 0 1 8.76282
0 0 0 0 1 8.90872
0 0 0 0 1 8.95645
0 0 0 0 1 8.93266
0 0 0 0 1 8.91705
0 0 0 0 1 8.99136
0 0 0 0 0 9.13999
0 0 0 0 0 9.26144
0 0 0 0 1 9.24546
0 0 0 0 1 9.27516
0 0 0 0 1 9.32449
0 0 0 0 1 9.49384
0 0 0 0 1 9.49562
0 0 0 0 1 9.48611
0 0 0 0 0 9.61002
0 0 0 0 1 9.56246
0 0 0 0 1 9.65801
0 0 0 0 0 9.81286
0 0 0 0 1 9.75239
0 0 0 0 0 9.97939
0 0 0 0 0 10.0561
0 0 0 0 1 9.97375
0 0 0 0 1 10.0599
0 0 0 0 1 10.2909
0 0 0 0 1 10.2454
0 0 0 0 0 10.3224
0 0 0 0 1 10.5265
0 0 0 0 1 10.563
0 0 0 0 1 10.5989
0 0 0 0 1 10.6752
0 0 0 0 1 10.7857
0 0 0 0 1 10.9165
0 0 0 0 1 11.0264
0 0 0 0 1 11.084
0 0 0 0 0 11.1393
0 0 0 0 1 11.2924
0 0 0 0 1 11.2825
0 0 0 0 1 11.3232
0 0 0 0 0 11.512
0 0 0 0 1 11.6332
0 0 0 0 0 11.6852
0 0 0 0 0 11.722
0 0 0 0 1 11.9505
0 0 0 0 1 11.9033
0 0 0 0 1 12.1313
0 0 0 0 1 12.0482
0 0 0 0 1 12.3239
0 0 0 0 1 12.4914
0 0 0 0 1 12.6008
0 0 0 0 1 12.5896
0 0 0 0 1 12.6218
0 0 0 0 1 12.7738
0 0 0 0 1 12.9785
0 0 0 0 1 13.0012
0 0 0 0 0 13.3231
0 0 0 0 1 13.3717
0 0 0 0 1 13.4146
0 0 0 0 1 13.5516
0 0 0 0 1 13.8638
0 0 0 0 1 13.8725
0 0 0 0 1 14.0762
0 0 0 0 1 14.4047
0 0 0 0 1 14.3477
0 0 0 0 0 14.651
0 0 0 0 1 14.8786
0 0 0 0 1 14.869
0 0 0 0 1 15.0519
0 0 0 0 1 15.2235
0 0 0 0 1 15.4166
0 0 0 0 1 15.6981
0 0 0 0 0 15.9915
0 0 0 0 0 16.1178
0 0 0 0 1 16.1642
0 0 0 0 1 16.6181
0 0 0 0 1 16.7454
0 0 0 0 1 16.8634
0 0 0 0 0 17.0665
0 0 0 0 1 17.2943
0 0 0 0 1 17.567
0 0 0 0 1 17.7792
0 0 0 0 1 18.0364
0 0 0 0 1 18.294
0 0 0 0 1 18.5801
0 0 0 0 1 19.0657
0 0 0 0 1 19.2989
0 0 0 0 1 19.5988
0 0 0 0 1 19.8297
0 0 0 0 1 20.1485
0 0 0 0 1 20.3043
0 0 0 0 1 20.5878
0 0 0 0 0 21.0386
0 0 0 0 1 21.2882
0 0 0 0 1 22.0467
0 0 0 0 1 22.3148
0 0 0 0 1 22.7242
0 0 0 0 1 22.9264
0 0 0 0 1 23.3385
0 0 0 0 1 24.1769
0 0 0 0 1 24.6251
0 0 0 0 1 25.0675
0 0 0 0 0 25.309
0 0 0 0 0 25.8348
0 0 0 0 0 26.248
0 0 0 0 1 27.3181
0 0 0 0 1 27.9313
0 0 0 0 0 28.433
0 0 0 0 1 29.1515
0 0 0 0 1 29.9128
0 0 0 0 1 30.5954
0 0 0 0 1 31.0243
0 0 0 0 0 31.8377
0 0 0 0 1 32.7238
0 0 0 0 0 30.1004
0 0 0 0 1 30.6268
0 0 0 0 1 30.181
0 0 0 0 1 30.0106
0 0 0 0 0 30.3559
0 0 0 0 1 30.3064
0 0 0 0 1 30.5615
0 0 0 0 1 30.4842
0 0 0 0 1 29.9528
0 0 0 0 1 30.1187
0 0 0 0 1 30.1037
0 0 0 0 1 30.2704
0 0 0 0 1 30.3157
0 0 0 0 0 30.2119
0 0 0 0 0 29.8375
0 0 0 0 0 30.7256
0 0 0 0 1 32.0995
0 0 0 0 0 64.4679
0 0 0 0 0 66.6943
0 0 0 0 1 70.8173
0 0 0 0 1 75.3202
0 0 0 0 0 20.281
0 0 0 0 0 20.3979
0 0 0 0 0 20.4846
0 0 0 0 0 20.1842
0 0 0 0 0 20.4143
0 0 0 0 1 20.2065
0 0 0 0 1 20.2336
0 0 0 0 1 20.5458
0 0 0 0 1 20.4718
0 0 0 0 0 20.1137
0 0 0 0 1 20.2945
0 0 0 0 1 20.3436
0 0 0 0 0 20.17
0 0 0 0 1 20.3416
0 0 0 0 1 20.4019
0 0 0 0 1 20.1281
0 0 0 0 1 20.402
0 0 0 0 1 20.3318
0 0 0 0 1 20.3834
0 0 0 0 1 20.0406
0 0 0 0 1 20.0527
0 0 0 0 1 20.2674
0 0 0 0 0 20.0578
0 0 0 0 1 21.3573
0 0 0 0 1 23.565
0 0 0 0 0 4.99998
0 0 0 0 0 4.98495
0 0 0 0 0 4.9599
0 0 0 0 0 5.04006
0 0 0 0 0 4.97994
0 0 0 0 0 5.04507
0 0 0 0 0 4.98996
0 0 0 0 0 100.782
0 0 0 0 1 95.1085
0 0 0 0 1 90.2094
0 0 0 0 1 84.0887
0 0 0 0 1 81.556
0 0 0 0 1 76.6146
0 0 0 0 1 73.5894
0 0 0 0 1 70.2617
0 0 0 0 1 67.7973
0 0 0 0 1 65.0027
0 0 0 0 1 63.4818
0 0 0 0 1 60.7424
0 0 0 0 1 58.9494
0 0 0 0 0 57.1739
0 0 0 0 1 54.895
0 0 0 0 1 53.4652
0 0 0 0 0 52.0064
0 0 0 0 0 50.5391
0 0 0 0 1 48.3817
0 0 0 0 1 46.8556
0 0 0 0 1 45.9614
0 0 0 0 1 44.7239
0 0 0 0 0 43.2768
0 0 0 0 1 42.5435
0 0 0 0 1 41.6137
0 0 0 0 0 40.3043
0 0 0 0 1 39.6943
0 0 0 0 1 38.4219
0 0 0 0 1 37.6041
0 0 0 0 1 36.9823
0 0 0 0 1 36.0292
0 0 0 0 1 35.424
0 0 0 0 1 34.5136
0 0 0 0 0 33.9295
0 0 0 0 1 33.4144
0 0 0 0 1 32.5853
0 0 0 0 1 31.9546
0 0 0 0 1 32.0007
0 0 0 0 0 30.8712
0 0 0 0 1 30.3624
0 0 0 0 0 30.2834
0 0 0 0 1 29.3916
0 0 0 0 1 28.794
0 0 0 0 1 28.3818
0 0 0 0 1 28.3532
0 0 0 0 0 27.7676
0 0 0 0 1 27.2239
0 0 0 0 1 27.0962
0 0 0 0 1 26.5133
0 0 0 0 1 26.1708
0 0 0 0 0 25.5899
0 0 0 0 1 25.0755
0 0 0 0 1 25.1492
0 0 0 0 1 24.7932
0 0 0 0 1 24.2386
0 0 0 0 1 24.0828
0 0 0 0 1 23.6869
0 0 0 0 1 23.3356
0 0 0 0 1 23.1106
0 0 0 0 0 22.8747
0 0 0 0 1 22.5668
0 0 0 0 1 22.035
0 0 0 0 1 22.0386
0 0 0 0 0 21.5666
0 0 0 0 0 21.1976
0 0 0 0 0 21.2093
0 0 0 0 1 20.7352
0 0 0 0 1 20.4733
0 0 0 0 1 20.2308
0 0 0 0 0 20.0202
0 0 0 0 1 19.9479
0 0 0 0 1 19.8438
0 0 0 0 1 19.6976
0 0 0 0 0 19.1739
0 0 0 0 1 19.1637
0 0 0 0 1 19.1212
0 0 0 0 1 18.7575
0 0 0 0 1 18.5737
0 0 0 0 1 18.5279
0 0 0 0 0 18.0434
0 0 0 0 0 17.9434
0 0 0 0 1 17.9759
0 0 0 0 1 17.6343
0 0 0 0 0 17.4537
0 0 0 0 0 17.3606
0 0 0 0 1 17.129
0 0 0 0 1 16.9251
0 0 0 0 0 16.773
0 0 0 0 1 16.5544
0 0 0 0 1 16.6777
0 0 0 0 1 16.468
0 0 0 0 0 16.2109
0 0 0 0 1 16.1338
0 0 0 0 0 15.9295
0 0 0 0 1 15.7973
0 0 0 0 1 15.6094
0 0 0 0 0 15.5271
0 0 0 0 1 15.6285
0 0 0 0 1 15.3662
0 0 0 0 1 15.3505
0 0 0 0 1 15.115
0 0 0 0 1 14.8881
0 0 0 0 1 14.8419
0 0 0 0 1 14.7087
0 0 0 0 0 14.7143
0 0 0 0 1 14.6456
0 0 0 0 1 14.5274
0 0 0 0 1 14.3233
0 0 0 0 1 14.2494
0 0 0 0 1 14.062
0 0 0 0 1 14.1995
0 0 0 0 1 14.0632
0 0 0 0 1 13.8915
0 0 0 0 1 13.7571
0 0 0 0 0 13.5877
0 0 0 0 1 13.4499
0 0 0 0 0 13.3991
0 0 0 0 1 13.3615
0 0 0 0 1 13.2435
0 0 0 0 1 13.2005
0 0 0 0 0 13.131
0 0 0 0 1 13.0093
0 0 0 0 0 13.0701
0 0 0 0 1 12.9101
0 0 0 0 1 12.785
0 0 0 0 1 12.64
0 0 0 0 1 12.5593
0 0 0 0 1 12.4743
0 0 0 0 1 12.4443
0 0 0 0 1 12.4299
0 0 0 0 1 12.2587
0 0 0 0 1 12.3392
0 0 0 0 0 12.2549
0 0 0 0 1 12.1345
0 0 0 0 1 12.0108
0 0 0 0 1 11.9239
0 0 0 0 1 11.9612
0 0 0 0 0 11.8627
0 0 0 0 1 11.7688
0 0 0 0 1 11.6833
0 0 0 0 1 11.6449
0 0 0 0 1 11.6647
0 0 0 0 1 11.5103
0 0 0 0 0 11.4722
0 0 0 0 1 11.5256
0 0 0 0 1 11.4301
0 0 0 0 1 11.388
0 0 0 0 1 11.3235
0 0 0 0 1 11.1059
0 0 0 0 1 11.2325
0 0 0 0 1 11.0613
0 0 0 0 0 10.9651
0 0 0 0 1 11.0786
0 0 0 0 1 11.0046
0 0 0 0 1 11.0072
0 0 0 0 0 10.9012
0 0 0 0 1 10.9037
0 0 0 0 1 10.7878
0 0 0 0 1 10.6407
0 0 0 0 1 10.7395
0 0 0 0 1 10.5229
0 0 0 0 1 10.6632
0 0 0 0 1 10.5288
0 0 0 0 1 10.4999
0 0 0 0 0 10.4053
0 0 0 0 1 10.2732
0 0 0 0 1 10.3452
0 0 0 0 1 10.3444
0 0 0 0 1 10.2821
0 0 0 0 1 10.2915
0 0 0 0 1 10.0771
0 0 0 0 0 10.0667
0 0 0 0 1 10.1099
0 0 0 0 1 10.039
0 0 0 0 1 10.0484
0 0 0 0 1 10.0378
0 0 0 0 1 9.8851
0 0 0 0 0 9.92432
0 0 0 0 1 9.75328
0 0 0 0 1 9.86115
0 0 0 0 1 9.73373
0 0 0 0 0 9.69474
0 0 0 0 1 9.73995
0 0 0 0 1 9.70105
0 0 0 0 1 9.7169
0 0 0 0 1 9.65588
0 0 0 0 0 9.50288
0 0 0 0 0 9.43337
0 0 0 0 1 9.43393
0 0 0 0 1 9.53514
0 0 0 0 1 9.32482
0 0 0 0 1 9.31625
0 0 0 0 1 9.32315
0 0 0 0 0 9.26473
0 0 0 0 0 9.33351
0 0 0 0 1 9.19523
0 0 0 0 1 9.20232
0 0 0 0 1 9.13573
0 0 0 0 0 9.18878
0 0 0 0 1 9.19577
0 0 0 0 1 9.0478
0 0 0 0 1 9.06426
0 0 0 0 1 8.99008
0 0 0 0 1 9.09686
0 0 0 0 1 8.94775
0 0 0 0 1 8.91049
0 0 0 0 1 8.87012
0 0 0 0 0 8.85118
0 0 0 0 1 8.82348
0 0 0 0 0 8.87578
0 0 0 0 1 8.80402
0 0 0 0 1 8.88803
0 0 0 0 0 8.71121
0 0 0 0 1 8.85098
0 0 0 0 1 8.66853
0 0 0 0 0 8.68573
0 0 0 0 0 8.65594
0 0 0 0 1 8.71653
0 0 0 0 1 8.69555
0 0 0 0 0 8.6954
0 0 0 0 1 8.5714
0 0 0 0 1 8.52883
0 0 0 0 1 8.49157
0 0 0 0 1 8.5776
0 0 0 0 1 8.54905
0 0 0 0 1 8.55465
0 0 0 0 1 8.50943
0 0 0 0 1 8.50675
0 0 0 0 1 8.51258
0 0 0 0 1 8.35375
0 0 0 0 0 8.43557
0 0 0 0 1 8.29933
0 0 0 0 1 8.33089
0 0 0 0 0 8.32069
0 0 0 0 0 8.37254
0 0 0 0 1 8.32097
0 0 0 0 0 8.34421
0 0 0 0 1 8.23971
0 0 0 0 1 8.22194
0 0 0 0 1 8.23723
0 0 0 0 0 8.26075
0 0 0 0 1 8.18593
0 0 0 0 1 8.10333
0 0 0 0 1 8.1762
0 0 0 0 0 8.18372
0 0 0 0 0 8.08565
0 0 0 0 0 8.14217
0 0 0 0 1 8.17427
0 0 0 0 1 8.14173
0 0 0 0 1 8.07717
0 0 0 0 0 8.00082
0 0 0 0 1 8.10564
0 0 0 0 1 8.05783
0 0 0 0 0 7.97831
0 0 0 0 1 7.93913
0 0 0 0 1 7.91191
0 0 0 0 0 8.03241
0 0 0 0 1 7.96187
0 0 0 0 1 7.92343
0 0 0 0 0 7.96443
0 0 0 0 1 7.85087
0 0 0 0 1 7.93155
0 0 0 0 1 7.90177
0 0 0 0 1 7.84419
0 0 0 0 1 7.88897
0 0 0 0 1 7.77345
0 0 0 0 0 7.75241
0 0 0 0 1 7.83322
0 0 0 0 0 7.83127
0 0 0 0 0 7.82621
0 0 0 0 1 7.82909
0 0 0 0 1 7.83523
0 0 0 0 0 7.83834
0 0 0 0 0 7.81364
