0 0 0 0 1 5.58063
0 0 0 0 0 5.512
0 0 0 0 1 5.58796
0 0 0 0 1 5.54409
0 0 0 0 1 5.61493
0 0 0 0 1 5.56872
0 0 0 0 1 5.63908
0 0 0 0 1 5.57614
0 0 0 0 1 5.62763
0 0 0 0 1 5.67145
0 0 0 0 1 5.59166
0 0 0 0 0 5.6922
0 0 0 0 0 5.70489
0 0 0 0 1 5.66465
0 0 0 0 1 5.62436
0 0 0 0 1 5.65424
0 0 0 0 1 5.7334
0 0 0 0 1 5.6648
0 0 0 0 1 5.70451
0 0 0 0 1 5.67399
0 0 0 0 1 5.76548
0 0 0 0 1 5.78857
0 0 0 0 0 5.70263
0 0 0 0 1 5.70858
0 0 0 0 1 5.78568
0 0 0 0 0 5.76306
0 0 0 0 1 5.81573
0 0 0 0 1 5.82226
0 0 0 0 1 5.8638
0 0 0 0 1 5.85312
0 0 0 0 1 5.87753
0 0 0 0 1 5.83344
0 0 0 0 1 5.9123
0 0 0 0 1 5.93125
0 0 0 0 0 5.87385
0 0 0 0 1 5.83984
0 0 0 0 1 5.91808
0 0 0 0 1 5.97895
0 0 0 0 1 5.9095
0 0 0 0 1 5.89932
0 0 0 0 0 6.02042
0 0 0 0 1 6.02252
0 0 0 0 1 6.03194
0 0 0 0 0 5.98012
0 0 0 0 1 6.0545
0 0 0 0 1 6.04482
0 0 0 0 0 6.09445
0 0 0 0 1 6.11525
0 0 0 0 1 6.09362
0 0 0 0 0 6.15118
0 0 0 0 1 6.17239
0 0 0 0 1 6.17536
0 0 0 0 1 6.13433
0 0 0 0 1 6.1753
0 0 0 0 1 6.1352
0 0 0 0 1 6.23106
0 0 0 0 1 6.15374
0 0 0 0 1 6.24302
0 0 0 0 1 6.28389
0 0 0 0 0 6.27494
0 0 0 0 1 6.21484
0 0 0 0 1 6.30641
0 0 0 0 0 6.30382
0 0 0 0 0 6.3898
0 0 0 0 1 6.30498
0 0 0 0 1 6.37156
0 0 0 0 1 6.32449
0 0 0 0 1 6.34035
0 0 0 0 0 6.4085
0 0 0 0 1 6.46344
0 0 0 0 1 6.40313
0 0 0 0 1 6.53621
0 0 0 0 1 6.52124
0 0 0 0 0 6.55833
0 0 0 0 1 6.52372
0 0 0 0 1 6.51445
0 0 0 0 1 6.56436
0 0 0 0 0 6.64823
0 0 0 0 1 6.57302
0 0 0 0 0 6.60364
0 0 0 0 1 6.65448
0 0 0 0 1 6.73969
0 0 0 0 1 6.66428
0 0 0 0 1 6.76289
0 0 0 0 1 6.76754
0 0 0 0 1 6.81969
0 0 0 0 1 6.83813
0 0 0 0 1 6.89084
0 0 0 0 1 6.79294
0 0 0 0 1 6.84578
0 0 0 0 0 6.84366
0 0 0 0 0 6.95293
0 0 0 0 0 7.01372
0 0 0 0 1 6.9422
0 0 0 0 1 7.04534
0 0 0 0 0 7.05067
0 0 0 0 1 7.13329
0 0 0 0 1 7.05369
0 0 0 0 1 7.13724
0 0 0 0 1 7.13554
0 0 0 0 1 7.20552
0 0 0 0 1 7.13186
0 0 0 0 0 7.30308
0 0 0 0 1 7.2435
0 0 0 0 1 7.25586
0 0 0 0 1 7.35659
0 0 0 0 1 7.36933
0 0 0 0 1 7.36071
0 0 0 0 1 7.46233
0 0 0 0 1 7.40079
0 0 0 0 1 7.5186
0 0 0 0 1 7.48656
0 0 0 0 1 7.51447
0 0 0 0 1 7.57282
0 0 0 0 1 7.66243
0 0 0 0 1 7.59156
0 0 0 0 0 7.65823
0 0 0 0 1 7.67127
0 0 0 0 1 7.80843
0 0 0 0 1 7.73614
0 0 0 0 1 7.78882
0 0 0 0 1 7.87276
0 0 0 0 1 7.88566
0 0 0 0 0 8.0261
0 0 0 0 1 7.93557
0 0 0 0 1 7.98088
0 0 0 0 1 8.08287
0 0 0 0 1 8.09644
0 0 0 0 1 8.1664
0 0 0 0 1 8.23733
0 0 0 0 1 8.26702
0 0 0 0 1 8.35468
0 0 0 0 1 8.35196
0 0 0 0 1 8.32325
0 0 0 0 1 8.33594
0 0 0 0 0 8.5345
0 0 0 0 1 8.44574
0 0 0 0 1 8.47537
0 0 0 0 1 8.62605
0 0 0 0 1 8.56129
0 0 0 0 1 8.70318
0 0 0 0 1 8.79463
0 0 0 0 1 8.71883
0 0 0 0 1 8.79382
0 0 0 0 1 8.97424
0 0 0 0 1 8.98636
0 0 0 0 1 9.02513
0 0 0 0 1 9.11825
0 0 0 0 1 9.13088
0 0 0 0 1 9.2431
0 0 0 0 1 9.31928
0 0 0 0 0 9.32159
0 0 0 0 1 9.35249
0 0 0 0 1 9.45624
0 0 0 0 0 9.4105
0 0 0 0 1 9.57183
0 0 0 0 0 9.54288
0 0 0 0 0 9.6107
0 0 0 0 1 9.75517
0 0 0 0 1 9.70524
0 0 0 0 1 9.76224
0 0 0 0 0 9.94966
0 0 0 0 0 9.89636
0 0 0 0 1 10.1246
0 0 0 0 1 10.0599
0 0 0 0 1 10.1175
0 0 0 0 1 10.2351
0 0 0 0 1 10.4259
0 0 0 0 1 10.4744
0 0 0 0 1 10.4685
0 0 0 0 1 10.4826
0 0 0 0 0 10.7392
0 0 0 0 1 10.6353
0 0 0 0 0 10.8082
0 0 0 0 1 10.8299
0 0 0 0 1 11.0291
0 0 0 0 1 11.0173
0 0 0 0 1 11.08
0 0 0 0 1 11.1699
0 0 0 0 1 11.3118
0 0 0 0 1 11.512
0 0 0 0 1 11.5755
0 0 0 0 1 11.7435
0 0 0 0 1 11.6985
0 0 0 0 1 11.9623
0 0 0 0 1 11.9033
0 0 0 0 1 12.1554
0 0 0 0 1 12.2064
0 0 0 0 1 12.2256
0 0 0 0 1 12.5038
0 0 0 0 0 12.4756
0 0 0 0 1 12.7287
0 0 0 0 1 12.8003
0 0 0 0 1 12.9154
0 0 0 0 0 13.0306
0 0 0 0 1 13.1457
0 0 0 0 1 13.3098
0 0 0 0 1 13.4655
0 0 0 0 1 13.4958
0 0 0 0 1 13.6883
0 0 0 0 1 13.7394
0 0 0 0 1 13.8865
0 0 0 0 0 14.2315
0 0 0 0 1 14.3048
0 0 0 0 1 14.4199
0 0 0 0 1 14.5342
0 0 0 0 1 14.6129
0 0 0 0 1 14.8988
0 0 0 0 1 15.0669
0 0 0 0 1 15.2082
0 0 0 0 0 15.4166
0 0 0 0 1 15.792
0 0 0 0 1 15.7221
0 0 0 0 1 15.9574
0 0 0 0 1 16.1155
0 0 0 0 1 16.5688
0 0 0 0 1 16.7287
0 0 0 0 0 16.7284
0 0 0 0 1 17.1693
0 0 0 0 1 17.3983
0 0 0 0 1 17.7252
0 0 0 0 1 17.904
0 0 0 0 1 18.1088
0 0 0 0 1 18.4959
0 0 0 0 1 18.5243
0 0 0 0 0 18.7633
0 0 0 0 1 19.1454
0 0 0 0 1 19.404
0 0 0 0 1 16.7435
0 0 0 0 1 16.7925
0 0 0 0 0 16.9399
0 0 0 0 1 16.7538
0 0 0 0 1 16.9183
0 0 0 0 0 16.6995
0 0 0 0 1 16.5796
0 0 0 0 0 16.7112
0 0 0 0 1 16.561
0 0 0 0 1 16.7954
0 0 0 0 1 16.6938
0 0 0 0 1 16.8114
0 0 0 0 1 16.7272
0 0 0 0 1 16.6789
0 0 0 0 0 16.6454
0 0 0 0 1 16.465
0 0 0 0 1 16.4344
0 0 0 0 0 16.5348
0 0 0 0 1 16.422
0 0 0 0 1 16.6716
0 0 0 0 1 16.5925
0 0 0 0 1 16.6129
0 0 0 0 1 16.4685
0 0 0 0 1 16.3559
0 0 0 0 1 16.6079
0 0 0 0 1 16.3823
0 0 0 0 0 16.3862
0 0 0 0 1 16.6206
0 0 0 0 0 16.9738
0 0 0 0 0 17.3042
0 0 0 0 1 17.8978
0 0 0 0 1 18.5989
0 0 0 0 0 19.2908
0 0 0 0 1 19.7401
0 0 0 0 0 20.7077
0 0 0 0 1 45.1971
0 0 0 0 1 46.5138
0 0 0 0 1 48.2677
0 0 0 0 1 50.8203
0 0 0 0 1 37.1505
0 0 0 0 1 37.1685
0 0 0 0 1 37.1024
0 0 0 0 0 37.1214
0 0 0 0 1 36.6159
0 0 0 0 1 36.8566
0 0 0 0 1 36.7669
0 0 0 0 1 36.5225
0 0 0 0 1 36.4353
0 0 0 0 1 36.4218
0 0 0 0 1 36.18
0 0 0 0 1 36.0589
0 0 0 0 0 37.1605
0 0 0 0 1 37.6383
0 0 0 0 0 37.4408
0 0 0 0 1 38.075
0 0 0 0 1 38.5092
0 0 0 0 1 39.2071
0 0 0 0 1 39.879
0 0 0 0 0 5.03505
0 0 0 0 0 4.98495
0 0 0 0 0 5.05008
0 0 0 0 0 5.02503
0 0 0 0 0 5.02002
0 0 0 0 0 4.98996
0 0 0 0 0 5.05509
0 0 0 0 0 5.02002
0 0 0 0 0 5.04006
0 0 0 0 0 4.98996
0 0 0 0 0 4.9599
0 0 0 0 0 4.97493
0 0 0 0 0 4.96491
0 0 0 0 0 4.97493
0 0 0 0 0 5.05509
0 0 0 0 0 5.00499
0 0 0 0 0 5.00499
0 0 0 0 0 4.99497
0 0 0 0 0 4.96491
0 0 0 0 0 5.03004
0 0 0 0 0 4.96992
0 0 0 0 1 100.582
0 0 0 0 1 94.6372
0 0 0 0 0 90.1201
0 0 0 0 1 84.2585
0 0 0 0 1 80.2627
0 0 0 0 1 76.6918
0 0 0 0 1 73.2204
0 0 0 0 0 70.4032
0 0 0 0 1 67.5935
0 0 0 0 1 65.068
0 0 0 0 0 63.3559
0 0 0 0 1 60.5603
0 0 0 0 1 59.0666
0 0 0 0 1 56.9473
0 0 0 0 1 54.7854
0 0 0 0 1 53.412
0 0 0 0 1 51.4394
0 0 0 0 0 49.6884
0 0 0 0 1 48.479
0 0 0 0 1 47.4229
0 0 0 0 1 45.5473
0 0 0 0 0 45.1272
0 0 0 0 1 44.1065
0 0 0 0 1 42.8842
0 0 0 0 1 41.8215
0 0 0 0 1 40.8725
0 0 0 0 1 39.4168
0 0 0 0 1 38.9647
0 0 0 0 1 38.2864
0 0 0 0 0 37.3903
0 0 0 0 1 36.5014
0 0 0 0 1 35.6374
0 0 0 0 0 34.7925
0 0 0 0 0 34.3054
0 0 0 0 0 33.3808
0 0 0 0 1 32.947
0 0 0 0 1 32.1805
0 0 0 0 1 31.7789
0 0 0 0 1 31.0891
0 0 0 0 1 30.6071
0 0 0 0 1 29.8929
0 0 0 0 1 29.6279
0 0 0 0 1 28.8521
0 0 0 0 0 28.4961
0 0 0 0 1 28.325
0 0 0 0 1 27.7676
0 0 0 0 1 27.4147
0 0 0 0 1 26.962
0 0 0 0 0 26.4869
0 0 0 0 1 25.8062
0 0 0 0 1 25.4102
0 0 0 0 1 25.455
0 0 0 0 1 25.0743
0 0 0 0 1 24.7194
0 0 0 0 1 24.19
0 0 0 0 1 23.6998
0 0 0 0 1 23.8522
0 0 0 0 1 23.5221
0 0 0 0 1 22.9264
0 0 0 0 0 22.8974
0 0 0 0 1 22.2976
0 0 0 0 1 22.1015
0 0 0 0 0 21.7541
0 0 0 0 1 21.5017
0 0 0 0 1 21.4754
0 0 0 0 1 20.9558
0 0 0 0 0 20.6726
0 0 0 0 0 20.5972
0 0 0 0 0 20.5574
0 0 0 0 1 20.3633
0 0 0 0 1 19.8081
0 0 0 0 1 19.6069
0 0 0 0 1 19.4435
0 0 0 0 1 19.4058
0 0 0 0 1 19.2784
0 0 0 0 0 19.0266
0 0 0 0 1 18.6076
0 0 0 0 1 18.6108
0 0 0 0 1 18.5096
0 0 0 0 1 18.1707
0 0 0 0 1 18.1236
0 0 0 0 1 17.9224
0 0 0 0 1 17.7049
0 0 0 0 1 17.4887
0 0 0 0 1 17.4993
0 0 0 0 1 17.3524
0 0 0 0 1 16.9251
0 0 0 0 1 16.8574
0 0 0 0 1 16.7383
0 0 0 0 1 16.6777
0 0 0 0 1 16.3037
0 0 0 0 1 16.2598
0 0 0 0 1 16.2792
0 0 0 0 0 15.8814
0 0 0 0 1 15.7973
0 0 0 0 0 15.7039
0 0 0 0 1 15.6834
0 0 0 0 0 15.5355
0 0 0 0 1 15.4431
0 0 0 0 1 15.1826
0 0 0 0 0 15.2816
0 0 0 0 1 14.9481
0 0 0 0 1 14.7674
0 0 0 0 1 14.6643
0 0 0 0 1 14.7143
0 0 0 0 0 14.4853
0 0 0 0 1 14.4261
0 0 0 0 1 14.4383
0 0 0 0 0 14.121
0 0 0 0 1 14.1753
0 0 0 0 0 14.1292
0 0 0 0 1 13.9794
0 0 0 0 1 13.9193
0 0 0 0 1 13.7295
0 0 0 0 1 13.6834
0 0 0 0 1 13.4499
0 0 0 0 1 13.3721
0 0 0 0 1 13.3615
0 0 0 0 1 13.2435
0 0 0 0 0 13.1476
0 0 0 0 1 13.0259
0 0 0 0 1 13.0093
0 0 0 0 1 12.9273
0 0 0 0 1 12.8327
0 0 0 0 1 12.7337
0 0 0 0 1 12.6655
0 0 0 0 0 12.572
0 0 0 0 0 12.6128
0 0 0 0 1 12.5193
0 0 0 0 1 12.4299
0 0 0 0 0 12.2835
0 0 0 0 1 12.204
0 0 0 0 1 12.316
0 0 0 0 1 12.2196
0 0 0 0 1 12.1437
0 0 0 0 1 11.8999
0 0 0 0 1 11.9014
0 0 0 0 1 11.7914
0 0 0 0 0 11.7688
0 0 0 0 1 11.648
0 0 0 0 1 11.7969
0 0 0 0 1 11.6763
0 0 0 0 1 11.5566
0 0 0 0 1 11.5988
0 0 0 0 0 11.5256
0 0 0 0 1 11.4984
0 0 0 0 1 11.2407
0 0 0 0 1 11.3912
0 0 0 0 1 11.1396
0 0 0 0 1 11.065
0 0 0 0 0 11.2056
0 0 0 0 1 11.0204
0 0 0 0 1 10.8916
0 0 0 0 1 10.9608
0 0 0 0 1 11.0072
0 0 0 0 0 10.771
0 0 0 0 1 10.8606
0 0 0 0 0 10.7126
0 0 0 0 1 10.6407
0 0 0 0 1 10.633
0 0 0 0 1 10.5971
0 0 0 0 0 10.6104
0 0 0 0 1 10.4342
0 0 0 0 1 10.4372
0 0 0 0 1 10.3116
0 0 0 0 1 10.3562
0 0 0 0 1 10.3658
0 0 0 0 1 10.3033
0 0 0 0 1 10.323
0 0 0 0 1 10.2201
0 0 0 0 1 10.1178
0 0 0 0 1 10.0364
0 0 0 0 1 10.0596
0 0 0 0 1 10.1192
0 0 0 0 0 9.89862
0 0 0 0 1 10.0179
0 0 0 0 1 9.90493
0 0 0 0 0 9.8947
0 0 0 0 1 9.7828
0 0 0 0 1 9.85134
0 0 0 0 1 9.80207
0 0 0 0 1 9.71419
0 0 0 0 1 9.67211
0 0 0 0 0 9.59487
0 0 0 0 1 9.66879
0 0 0 0 0 9.64629
0 0 0 0 1 9.63659
0 0 0 0 1 9.45241
0 0 0 0 1 9.43393
0 0 0 0 1 9.35559
0 0 0 0 0 9.5132
0 0 0 0 1 9.46636
0 0 0 0 1 9.26704
0 0 0 0 1 9.22744
0 0 0 0 1 9.28703
0 0 0 0 0 9.20449
0 0 0 0 1 9.21155
0 0 0 0 1 9.25534
0 0 0 0 1 9.25298
0 0 0 0 1 9.05866
0 0 0 0 1 9.1207
0 0 0 0 0 9.12784
0 0 0 0 1 9.01724
0 0 0 0 1 9.08783
0 0 0 0 1 9.03777
0 0 0 0 0 8.91049
0 0 0 0 0 9.00438
0 0 0 0 1 8.84226
0 0 0 0 0 8.94801
0 0 0 0 1 8.87578
0 0 0 0 1 8.92777
0 0 0 0 1 8.74695
0 0 0 0 1 8.81669
0 0 0 0 1 8.77211
0 0 0 0 1 8.66853
0 0 0 0 1 8.70317
0 0 0 0 0 8.66464
0 0 0 0 1 8.61245
0 0 0 0 1 8.71285
0 0 0 0 0 8.71265
0 0 0 0 1 8.56279
0 0 0 0 1 8.61463
0 0 0 0 1 8.62853
0 0 0 0 1 8.51786
0 0 0 0 1 8.48944
0 0 0 0 1 8.56315
0 0 0 0 1 8.50943
0 0 0 0 1 8.4983
0 0 0 0 1 8.41977
0 0 0 0 0 8.47153
0 0 0 0 1 8.38521
0 0 0 0 1 8.45845
0 0 0 0 1 8.30583
0 0 0 0 1 8.42074
0 0 0 0 1 8.33097
0 0 0 0 1 8.32927
0 0 0 0 1 8.24487
0 0 0 0 0 8.19013
0 0 0 0 1 8.3209
0 0 0 0 0 8.23723
0 0 0 0 1 8.28539
0 0 0 0 0 8.27607
0 0 0 0 1 8.10333
0 0 0 0 1 8.22516
0 0 0 0 1 8.13486
0 0 0 0 1 8.18317
0 0 0 0 1 8.17461
0 0 0 0 0 8.17427
0 0 0 0 1 8.1498
0 0 0 0 1 8.08523
0 0 0 0 1 8.03301
0 0 0 0 1 8.04138
0 0 0 0 0 8.05783
0 0 0 0 1 8.07433
0 0 0 0 1 8.06692
0 0 0 0 0 8.00762
0 0 0 0 0 7.913
0 0 0 0 0 8.0016
0 0 0 0 1 7.92343
0 0 0 0 1 7.90109
0 0 0 0 1 7.95365
0 0 0 0 1 7.92365
0 0 0 0 1 7.94904
0 0 0 0 0 7.93073
0 0 0 0 1 7.80254
0 0 0 0 1 7.85973
0 0 0 0 1 7.7994
0 0 0 0 1 7.88012
0 0 0 0 1 7.83908
0 0 0 0 1 7.76385
0 0 0 0 1 7.84466
0 0 0 0 1 7.79636
0 0 0 0 1 7.77626
0 0 0 0 1 7.79814
