0 0 0 0 1 5.58063
0 0 0 0 0 5.54533
0 0 0 0 1 5.52117
0 0 0 0 1 5.61652
0 0 0 0 1 5.63168
0 0 0 0 1 5.5799
0 0 0 0 1 5.54957
0 0 0 0 1 5.62097
0 0 0 0 0 5.5603
0 0 0 0 0 5.64897
0 0 0 0 1 5.60855
0 0 0 0 1 5.60758
0 0 0 0 1 5.69924
0 0 0 0 0 5.61372
0 0 0 0 1 5.68106
0 0 0 0 1 5.63721
0 0 0 0 1 5.73909
0 0 0 0 1 5.73319
0 0 0 0 1 5.72164
0 0 0 0 0 5.73685
0 0 0 0 0 5.75403
0 0 0 0 0 5.69678
0 0 0 0 0 5.73712
0 0 0 0 0 5.71434
0 0 0 0 1 5.82605
0 0 0 0 1 5.80352
0 0 0 0 1 5.80993
0 0 0 0 1 5.81645
0 0 0 0 1 5.75909
0 0 0 0 1 5.8881
0 0 0 0 1 5.87753
0 0 0 0 1 5.80418
0 0 0 0 1 5.89472
0 0 0 0 0 5.81968
0 0 0 0 1 5.84442
0 0 0 0 1 5.93422
0 0 0 0 1 5.91808
0 0 0 0 1 5.88414
0 0 0 0 1 5.99265
0 0 0 0 1 5.97671
0 0 0 0 1 5.91898
0 0 0 0 1 6.0285
0 0 0 0 1 5.95407
0 0 0 0 1 5.99213
0 0 0 0 0 6.06052
0 0 0 0 1 5.98449
0 0 0 0 1 6.10655
0 0 0 0 1 6.10311
0 0 0 0 1 6.12403
0 0 0 0 1 6.06583
0 0 0 0 1 6.09294
0 0 0 0 1 6.17536
0 0 0 0 0 6.11589
0 0 0 0 1 6.19993
0 0 0 0 1 6.20927
0 0 0 0 1 6.19393
0 0 0 0 1 6.24058
0 0 0 0 1 6.187
0 0 0 0 1 6.25269
0 0 0 0 1 6.26869
0 0 0 0 0 6.2839
0 0 0 0 1 6.23088
0 0 0 0 1 6.25965
0 0 0 0 1 6.33918
0 0 0 0 1 6.33669
0 0 0 0 1 6.37792
0 0 0 0 1 6.3564
0 0 0 0 0 6.44922
0 0 0 0 1 6.4085
0 0 0 0 1 6.43122
0 0 0 0 1 6.44836
0 0 0 0 1 6.43894
0 0 0 0 1 6.54074
0 0 0 0 1 6.53226
0 0 0 0 0 6.56948
0 0 0 0 1 6.50133
0 0 0 0 1 6.52485
0 0 0 0 1 6.5492
0 0 0 0 1 6.65915
0 0 0 0 1 6.59699
0 0 0 0 1 6.60776
0 0 0 0 0 6.67276
0 0 0 0 0 6.75824
0 0 0 0 1 6.709
0 0 0 0 1 6.7405
0 0 0 0 0 6.80612
0 0 0 0 0 6.82451
0 0 0 0 1 6.82932
0 0 0 0 0 6.84097
0 0 0 0 1 6.95597
0 0 0 0 0 6.87131
0 0 0 0 1 6.93907
0 0 0 0 1 7.01372
0 0 0 0 1 6.97712
0 0 0 0 0 7.03833
0 0 0 0 1 7.09993
0 0 0 0 1 7.11209
0 0 0 0 1 7.16013
0 0 0 0 1 7.08025
0 0 0 0 1 7.15699
0 0 0 0 1 7.14093
0 0 0 0 1 7.26153
0 0 0 0 1 7.22346
0 0 0 0 0 7.19991
0 0 0 0 1 7.28506
0 0 0 0 1 7.28331
0 0 0 0 1 7.38405
0 0 0 0 1 7.4493
0 0 0 0 1 7.38073
0 0 0 0 1 7.48277
0 0 0 0 1 7.52608
0 0 0 0 1 7.50159
0 0 0 0 1 7.61265
0 0 0 0 1 7.64111
0 0 0 0 1 7.66243
0 0 0 0 1 7.5839
0 0 0 0 1 7.75819
0 0 0 0 1 7.7408
0 0 0 0 1 7.73081
0 0 0 0 1 7.82192
0 0 0 0 1 7.76534
0 0 0 0 1 7.89635
0 0 0 0 0 7.88566
0 0 0 0 0 7.89101
0 0 0 0 1 7.96753
0 0 0 0 1 7.95679
0 0 0 0 0 8.04253
0 0 0 0 0 8.12076
0 0 0 0 0 8.1338
0 0 0 0 1 8.17182
0 0 0 0 1 8.15175
0 0 0 0 0 8.31328
0 0 0 0 0 8.31037
0 0 0 0 1 8.33162
0 0 0 0 1 8.34435
0 0 0 0 1 8.38225
0 0 0 0 1 8.48826
0 0 0 0 1 8.578
0 0 0 0 1 8.58309
0 0 0 0 1 8.71679
0 0 0 0 1 8.6771
0 0 0 0 1 8.6635
0 0 0 0 1 8.71883
0 0 0 0 0 8.87337
0 0 0 0 1 8.82304
0 0 0 0 1 8.8879
0 0 0 0 1 8.99811
0 0 0 0 1 9.00948
0 0 0 0 1 9.03064
0 0 0 0 1 9.07805
0 0 0 0 1 9.2916
0 0 0 0 1 9.33087
0 0 0 0 1 9.40849
0 0 0 0 1 9.42804
0 0 0 0 1 9.43887
0 0 0 0 1 9.51468
0 0 0 0 1 9.53329
0 0 0 0 1 9.63965
0 0 0 0 1 9.66772
0 0 0 0 1 9.83242
0 0 0 0 1 9.94941
0 0 0 0 1 10.0091
0 0 0 0 0 9.88638
0 0 0 0 1 10.024
0 0 0 0 1 10.141
0 0 0 0 1 10.2093
0 0 0 0 0 10.2351
0 0 0 0 1 10.3431
0 0 0 0 1 10.3181
0 0 0 0 1 10.4475
0 0 0 0 0 10.472
0 0 0 0 1 10.7072
0 0 0 0 0 10.8394
0 0 0 0 1 10.8516
0 0 0 0 1 10.9937
0 0 0 0 1 11.073
0 0 0 0 0 11.1393
0 0 0 0 1 11.1918
0 0 0 0 1 11.3501
0 0 0 0 1 11.4481
0 0 0 0 1 11.5463
0 0 0 0 0 11.5408
0 0 0 0 1 11.6852
0 0 0 0 1 11.7338
0 0 0 0 1 11.8319
0 0 0 0 1 11.9273
0 0 0 0 1 11.9623
0 0 0 0 1 12.2429
0 0 0 0 1 12.2625
0 0 0 0 0 12.4542
0 0 0 0 1 12.4381
0 0 0 0 1 12.6276
0 0 0 0 0 12.813
0 0 0 0 1 12.8253
0 0 0 0 0 13.1086
0 0 0 0 1 13.2245
0 0 0 0 1 13.2302
0 0 0 0 1 13.4119
0 0 0 0 0 13.5094
0 0 0 0 1 13.7294
0 0 0 0 0 13.9191
0 0 0 0 1 14.11
0 0 0 0 1 14.1891
0 0 0 0 1 14.2049
0 0 0 0 0 14.5642
0 0 0 0 1 14.6948
0 0 0 0 1 14.8195
0 0 0 0 1 15.0183
0 0 0 0 1 15.0368
0 0 0 0 0 15.3916
0 0 0 0 1 15.4166
0 0 0 0 1 15.6668
0 0 0 0 1 16.0074
0 0 0 0 1 16.1338
0 0 0 0 1 16.3591
0 0 0 0 1 16.6017
0 0 0 0 1 16.8287
0 0 0 0 1 16.779
0 0 0 0 0 17.135
0 0 0 0 1 17.4504
0 0 0 0 1 17.7077
0 0 0 0 0 17.6722
0 0 0 0 1 18.1631
0 0 0 0 1 18.4225
0 0 0 0 1 18.7291
0 0 0 0 1 18.9901
0 0 0 0 1 19.0111
0 0 0 0 0 19.5014
0 0 0 0 1 19.988
0 0 0 0 1 20.2893
0 0 0 0 1 20.5086
0 0 0 0 1 20.754
0 0 0 0 0 21.271
0 0 0 0 1 21.5245
0 0 0 0 1 19.0985
0 0 0 0 1 19.3173
0 0 0 0 1 19.2189
0 0 0 0 1 19.3223
0 0 0 0 1 18.9381
0 0 0 0 1 19.1086
0 0 0 0 1 18.9268
0 0 0 0 0 19.1163
0 0 0 0 1 19.0495
0 0 0 0 0 19.0891
0 0 0 0 1 18.7962
0 0 0 0 0 18.9855
0 0 0 0 1 18.76
0 0 0 0 1 18.754
0 0 0 0 1 18.5864
0 0 0 0 1 18.8249
0 0 0 0 0 18.7705
0 0 0 0 0 18.633
0 0 0 0 1 18.5068
0 0 0 0 0 18.8178
0 0 0 0 1 18.5433
0 0 0 0 0 18.6883
0 0 0 0 1 18.6734
0 0 0 0 1 18.8828
0 0 0 0 0 18.7933
0 0 0 0 1 19.2637
0 0 0 0 0 19.5157
0 0 0 0 1 19.7477
0 0 0 0 0 20.0691
0 0 0 0 1 20.3007
0 0 0 0 1 20.5506
0 0 0 0 1 21.0601
0 0 0 0 1 21.3513
0 0 0 0 0 21.6199
0 0 0 0 0 22.0624
0 0 0 0 1 22.1523
0 0 0 0 0 22.7364
0 0 0 0 1 41.1367
0 0 0 0 1 40.9997
0 0 0 0 1 40.4149
0 0 0 0 1 41.0544
0 0 0 0 1 42.814
0 0 0 0 1 85.8891
0 0 0 0 1 92.3911
0 0 0 0 0 4.99998
0 0 0 0 0 4.96992
0 0 0 0 0 5.03505
0 0 0 0 0 5.00499
0 0 0 0 0 5.05008
0 0 0 0 0 4.97493
0 0 0 0 1 38.6856
0 0 0 0 1 38.7981
0 0 0 0 1 38.8722
0 0 0 0 1 38.8309
0 0 0 0 1 38.5965
0 0 0 0 0 38.5566
0 0 0 0 0 38.5175
0 0 0 0 1 39.0604
0 0 0 0 1 39.1003
0 0 0 0 1 38.8309
0 0 0 0 1 39.0273
0 0 0 0 1 39.0304
0 0 0 0 0 4.9599
0 0 0 0 0 4.9599
0 0 0 0 0 4.96992
0 0 0 0 0 5.03004
0 0 0 0 0 4.98996
0 0 0 0 0 4.99998
0 0 0 0 0 5.05509
0 0 0 0 0 5.05008
0 0 0 0 0 5.01501
0 0 0 0 0 5.04507
0 0 0 0 0 5.03004
0 0 0 0 0 100.283
0 0 0 0 0 93.9774
0 0 0 0 1 89.4056
0 0 0 0 1 84.5979
0 0 0 0 1 81.071
0 0 0 0 1 77.0004
0 0 0 0 1 73.368
0 0 0 0 0 70.4032
0 0 0 0 0 68.3407
0 0 0 0 1 65.0027
0 0 0 0 1 62.6009
0 0 0 0 1 61.1671
0 0 0 0 1 59.1252
0 0 0 0 0 56.6073
0 0 0 0 1 54.7305
0 0 0 0 1 53.5183
0 0 0 0 1 51.0786
0 0 0 0 1 50.1388
0 0 0 0 1 48.1386
0 0 0 0 1 46.9028
0 0 0 0 1 45.5473
0 0 0 0 1 45.2617
0 0 0 0 1 43.8882
0 0 0 0 0 42.1602
0 0 0 0 0 41.9878
0 0 0 0 0 40.7102
0 0 0 0 1 39.3771
0 0 0 0 0 38.8096
0 0 0 0 0 37.9452
0 0 0 0 0 36.871
0 0 0 0 1 36.574
0 0 0 0 1 35.7085
0 0 0 0 1 35.1063
0 0 0 0 1 33.8612
0 0 0 0 1 33.3473
0 0 0 0 1 32.651
0 0 0 0 1 31.9546
0 0 0 0 1 31.4938
0 0 0 0 1 30.9646
0 0 0 0 1 30.8822
0 0 0 0 1 30.1933
0 0 0 0 1 29.8052
0 0 0 0 1 29.2298
0 0 0 0 1 28.7534
0 0 0 0 1 28.2125
0 0 0 0 1 27.823
0 0 0 0 1 27.1966
0 0 0 0 1 26.7742
0 0 0 0 1 26.3018
0 0 0 0 1 25.9104
0 0 0 0 0 25.5385
0 0 0 0 1 25.1261
0 0 0 0 0 24.9995
0 0 0 0 0 24.6948
0 0 0 0 1 24.3356
0 0 0 0 1 23.9631
0 0 0 0 1 23.5688
0 0 0 0 0 23.3589
0 0 0 0 1 23.1106
0 0 0 0 1 22.852
0 0 0 0 1 22.2976
0 0 0 0 1 21.9464
0 0 0 0 0 21.7979
0 0 0 0 1 21.718
0 0 0 0 1 21.5395
0 0 0 0 0 20.998
0 0 0 0 1 21.0902
0 0 0 0 1 20.5352
0 0 0 0 1 20.537
0 0 0 0 0 20.3028
0 0 0 0 1 19.7881
0 0 0 0 1 19.8833
0 0 0 0 1 19.5803
0 0 0 0 0 19.2125
0 0 0 0 1 19.2593
0 0 0 0 1 18.7994
0 0 0 0 1 18.7013
0 0 0 0 1 18.4623
0 0 0 0 1 18.2525
0 0 0 0 1 18.2799
0 0 0 0 1 18.0695
0 0 0 0 1 17.7084
0 0 0 0 0 17.7226
0 0 0 0 1 17.4012
0 0 0 0 1 17.2045
0 0 0 0 1 17.0947
0 0 0 0 0 17.1465
0 0 0 0 1 16.9755
0 0 0 0 1 16.8052
0 0 0 0 0 16.7109
0 0 0 0 1 16.5995
0 0 0 0 1 16.439
0 0 0 0 0 16.1661
0 0 0 0 0 15.9615
0 0 0 0 1 15.9086
0 0 0 0 1 15.6409
0 0 0 0 1 15.6052
0 0 0 0 1 15.551
0 0 0 0 1 15.52
0 0 0 0 1 15.2894
0 0 0 0 1 15.1302
0 0 0 0 1 14.9481
0 0 0 0 1 14.8568
0 0 0 0 1 14.8862
0 0 0 0 1 14.7878
0 0 0 0 1 14.4562
0 0 0 0 1 14.5129
0 0 0 0 1 14.3233
0 0 0 0 1 14.1781
0 0 0 0 0 14.2603
0 0 0 0 1 14.0871
0 0 0 0 1 14.0353
0 0 0 0 1 13.8915
0 0 0 0 1 13.6745
0 0 0 0 1 13.5741
0 0 0 0 1 13.6672
0 0 0 0 1 13.5071
0 0 0 0 1 13.5089
0 0 0 0 1 13.3367
0 0 0 0 1 13.2402
0 0 0 0 1 13.0127
0 0 0 0 0 13.0224
0 0 0 0 1 12.9273
0 0 0 0 1 12.8714
0 0 0 0 1 12.7466
0 0 0 0 0 12.8566
0 0 0 0 0 12.7619
0 0 0 0 1 12.5373
0 0 0 0 1 12.5193
0 0 0 0 1 12.3553
0 0 0 0 0 12.4567
0 0 0 0 1 12.3023
0 0 0 0 1 12.1694
0 0 0 0 1 12.0252
0 0 0 0 1 12.1437
0 0 0 0 1 12.0802
0 0 0 0 1 11.8536
0 0 0 0 1 11.9816
0 0 0 0 1 11.9106
0 0 0 0 1 11.7185
0 0 0 0 1 11.68
0 0 0 0 1 11.56
0 0 0 0 0 11.6723
0 0 0 0 1 11.5988
0 0 0 0 1 11.5256
0 0 0 0 0 11.4642
0 0 0 0 1 11.32
0 0 0 0 1 11.1656
0 0 0 0 1 11.3191
0 0 0 0 0 11.0985
0 0 0 0 1 11.0057
0 0 0 0 1 11.1309
0 0 0 0 0 11.0456
0 0 0 0 1 10.906
0 0 0 0 1 10.9964
0 0 0 0 1 10.912
0 0 0 0 1 10.8498
0 0 0 0 0 10.6696
0 0 0 0 1 10.8011
0 0 0 0 1 10.5585
0 0 0 0 1 10.6184
0 0 0 0 1 10.5999
0 0 0 0 1 10.6023
0 0 0 0 1 10.3535
0 0 0 0 0 10.3532
0 0 0 0 1 10.408
0 0 0 0 1 10.2523
0 0 0 0 1 10.2416
0 0 0 0 1 10.3435
0 0 0 0 0 10.1283
0 0 0 0 1 10.0974
0 0 0 0 0 10.1881
0 0 0 0 1 9.96895
0 0 0 0 0 10.039
0 0 0 0 1 10.0684
0 0 0 0 1 9.84877
0 0 0 0 0 9.8851
0 0 0 0 1 9.95395
0 0 0 0 0 9.7828
0 0 0 0 1 9.76312
0 0 0 0 0 9.85088
0 0 0 0 1 9.69474
0 0 0 0 1 9.72057
0 0 0 0 1 9.66243
0 0 0 0 1 9.58221
0 0 0 0 1 9.65588
0 0 0 0 1 9.48378
0 0 0 0 1 9.55711
0 0 0 0 1 9.38652
0 0 0 0 1 9.37449
0 0 0 0 1 9.38133
0 0 0 0 1 9.40069
0 0 0 0 1 9.40731
0 0 0 0 1 9.37657
0 0 0 0 1 9.27773
0 0 0 0 1 9.16745
0 0 0 0 1 9.31308
0 0 0 0 1 9.19094
0 0 0 0 1 9.19795
0 0 0 0 0 9.08608
0 0 0 0 1 9.17537
0 0 0 0 1 9.09151
0 0 0 0 0 8.98102
0 0 0 0 1 8.97051
0 0 0 0 1 9.04677
0 0 0 0 0 8.91049
0 0 0 0 1 8.87012
0 0 0 0 1 8.99394
0 0 0 0 0 8.90353
0 0 0 0 1 8.80484
0 0 0 0 1 8.80402
0 0 0 0 1 8.88803
0 0 0 0 1 8.71121
0 0 0 0 1 8.80716
0 0 0 0 1 8.7735
0 0 0 0 1 8.71189
0 0 0 0 1 8.69074
0 0 0 0 1 8.71653
0 0 0 0 1 8.61768
0 0 0 0 1 8.61776
0 0 0 0 1 8.61443
0 0 0 0 1 8.64895
0 0 0 0 1 8.61141
0 0 0 0 1 8.48372
0 0 0 0 1 8.50647
0 0 0 0 1 8.44422
0 0 0 0 1 8.40773
0 0 0 0 0 8.44756
0 0 0 0 0 8.36915
0 0 0 0 1 8.40423
0 0 0 0 1 8.38521
0 0 0 0 1 8.38308
0 0 0 0 1 8.30583
0 0 0 0 0 8.32903
0 0 0 0 0 8.27277
0 0 0 0 1 8.36245
0 0 0 0 0 8.29454
0 0 0 0 1 8.30583
0 0 0 0 1 8.21369
0 0 0 0 1 8.25369
0 0 0 0 1 8.27718
0 0 0 0 1 8.21871
0 0 0 0 1 8.12786
0 0 0 0 1 8.10276
0 0 0 0 1 8.06157
0 0 0 0 0 8.13441
0 0 0 0 0 8.04485
0 0 0 0 0 8.12571
0 0 0 0 1 8.0448
0 0 0 0 1 8.07717
0 0 0 0 0 8.03301
0 0 0 0 1 8.00924
0 0 0 0 1 7.98567
0 0 0 0 1 7.97831
0 0 0 0 1 7.9551
0 0 0 0 0 7.90394
0 0 0 0 1 7.92096
0 0 0 0 1 7.95392
0 0 0 0 1 7.8917
0 0 0 0 1 7.99609
0 0 0 0 1 7.8904
0 0 0 0 1 7.93155
0 0 0 0 1 7.80723
0 0 0 0 1 7.79698
0 0 0 0 1 7.91255
0 0 0 0 1 7.89895
0 0 0 0 1 7.9012
0 0 0 0 1 7.85667
0 0 0 0 1 7.74539
0 0 0 0 0 7.81842
0 0 0 0 0 7.82909
0 0 0 0 1 7.79636
0 0 0 0 1 7.69865
0 0 0 0 0 7.70512
