0 0 0 0 1 5.50851
0 0 0 0 1 5.50644
0 0 0 0 1 5.57126
0 0 0 0 1 5.61652
0 0 0 0 1 5.5647
0 0 0 0 1 5.58549
0 0 0 0 1 5.57754
0 0 0 0 1 5.58735
0 0 0 0 1 5.63885
0 0 0 0 1 5.61524
0 0 0 0 1 5.57476
0 0 0 0 1 5.59065
0 0 0 0 0 5.65406
0 0 0 0 1 5.6024
0 0 0 0 0 5.72075
0 0 0 0 0 5.72236
0 0 0 0 1 5.71065
0 0 0 0 1 5.73888
0 0 0 0 1 5.70451
0 0 0 0 1 5.65685
0 0 0 0 0 5.7712
0 0 0 0 1 5.78857
0 0 0 0 1 5.78311
0 0 0 0 1 5.73738
0 0 0 0 1 5.7626
0 0 0 0 0 5.76884
0 0 0 0 1 5.80414
0 0 0 0 1 5.85128
0 0 0 0 0 5.84635
0 0 0 0 1 5.80648
0 0 0 0 1 5.79573
0 0 0 0 1 5.83344
0 0 0 0 1 5.87714
0 0 0 0 1 5.84904
0 0 0 0 1 5.8503
0 0 0 0 1 5.95782
0 0 0 0 1 5.92399
0 0 0 0 1 5.9197
0 0 0 0 1 5.88575
0 0 0 0 1 5.92909
0 0 0 0 0 6.00252
0 0 0 0 1 6.00457
0 0 0 0 1 5.96605
0 0 0 0 0 6.01615
0 0 0 0 1 5.9883
0 0 0 0 1 6.02672
0 0 0 0 0 6.05813
0 0 0 0 1 6.10311
0 0 0 0 1 6.10578
0 0 0 0 1 6.06583
0 0 0 0 1 6.10517
0 0 0 0 1 6.16311
0 0 0 0 0 6.12204
0 0 0 0 1 6.19377
0 0 0 0 1 6.11669
0 0 0 0 0 6.16918
0 0 0 0 0 6.22197
0 0 0 0 1 6.1621
0 0 0 0 1 6.21525
0 0 0 0 1 6.20612
0 0 0 0 1 6.23995
0 0 0 0 1 6.24977
0 0 0 0 0 6.32906
0 0 0 0 0 6.27592
0 0 0 0 0 6.30498
0 0 0 0 1 6.42885
0 0 0 0 1 6.40107
0 0 0 0 1 6.44282
0 0 0 0 1 6.36356
0 0 0 0 0 6.46344
0 0 0 0 0 6.4419
0 0 0 0 1 6.44543
0 0 0 0 1 6.49523
0 0 0 0 1 6.57789
0 0 0 0 1 6.53026
0 0 0 0 0 6.49477
0 0 0 0 1 6.51827
0 0 0 0 1 6.62182
0 0 0 0 0 6.65915
0 0 0 0 1 6.70339
0 0 0 0 1 6.60776
0 0 0 0 1 6.71292
0 0 0 0 1 6.74482
0 0 0 0 1 6.6888
0 0 0 0 1 6.71346
0 0 0 0 0 6.79255
0 0 0 0 1 6.84494
0 0 0 0 0 6.84983
0 0 0 0 1 6.87528
0 0 0 0 1 6.9422
0 0 0 0 1 6.89205
0 0 0 0 1 6.86281
0 0 0 0 1 7.02068
0 0 0 0 0 6.99807
0 0 0 0 1 7.05936
0 0 0 0 0 7.05771
0 0 0 0 1 7.11209
0 0 0 0 0 7.06788
0 0 0 0 1 7.17285
0 0 0 0 1 7.08549
0 0 0 0 0 7.15528
0 0 0 0 1 7.22551
0 0 0 0 1 7.25241
0 0 0 0 1 7.30162
0 0 0 0 0 7.36535
0 0 0 0 1 7.37124
0 0 0 0 1 7.42086
0 0 0 0 1 7.34594
0 0 0 0 0 7.41041
0 0 0 0 0 7.44551
0 0 0 0 1 7.49615
0 0 0 0 1 7.56173
0 0 0 0 1 7.59754
0 0 0 0 1 7.62594
0 0 0 0 0 7.63958
0 0 0 0 0 7.62217
0 0 0 0 0 7.76588
0 0 0 0 1 7.8026
0 0 0 0 1 7.7541
0 0 0 0 1 7.74394
0 0 0 0 1 7.78882
0 0 0 0 1 7.92781
0 0 0 0 1 7.85403
0 0 0 0 1 7.87511
0 0 0 0 1 7.92758
0 0 0 0 1 8.10934
0 0 0 0 1 8.0022
0 0 0 0 1 8.09644
0 0 0 0 1 8.1338
0 0 0 0 0 8.14726
0 0 0 0 1 8.20939
0 0 0 0 0 8.20564
0 0 0 0 1 8.29373
0 0 0 0 1 8.28143
0 0 0 0 1 8.44529
0 0 0 0 0 8.40762
0 0 0 0 1 8.43723
0 0 0 0 1 8.52668
0 0 0 0 1 8.55732
0 0 0 0 1 8.59584
0 0 0 0 1 8.65101
0 0 0 0 1 8.8296
0 0 0 0 1 8.8596
0 0 0 0 1 8.84685
0 0 0 0 1 8.82304
0 0 0 0 1 9.04006
0 0 0 0 1 8.91705
0 0 0 0 1 9.15451
0 0 0 0 1 9.02153
0 0 0 0 1 9.18808
0 0 0 0 1 9.31928
0 0 0 0 1 9.24731
0 0 0 0 1 9.32449
0 0 0 0 1 9.44684
0 0 0 0 1 9.38212
0 0 0 0 1 9.59088
0 0 0 0 1 9.58124
0 0 0 0 1 9.73614
0 0 0 0 0 9.65801
0 0 0 0 1 9.88134
0 0 0 0 1 9.76224
0 0 0 0 1 9.86047
0 0 0 0 1 9.93631
0 0 0 0 1 9.9838
0 0 0 0 0 10.2119
0 0 0 0 0 10.1379
0 0 0 0 1 10.2248
0 0 0 0 1 10.3949
0 0 0 0 1 10.3702
0 0 0 0 0 10.542
0 0 0 0 1 10.5355
0 0 0 0 1 10.6325
0 0 0 0 1 10.6353
0 0 0 0 1 10.8949
0 0 0 0 1 10.819
0 0 0 0 0 11.0181
0 0 0 0 1 11.0949
0 0 0 0 1 11.2701
0 0 0 0 1 11.305
0 0 0 0 1 11.2777
0 0 0 0 0 11.5463
0 0 0 0 1 11.5639
0 0 0 0 1 11.5804
0 0 0 0 0 11.6515
0 0 0 0 1 11.7371
0 0 0 0 1 11.8555
0 0 0 0 1 12.0226
0 0 0 0 1 12.2185
0 0 0 0 1 12.1642
0 0 0 0 1 12.5162
0 0 0 0 1 12.4756
0 0 0 0 0 12.5264
0 0 0 0 0 12.762
0 0 0 0 1 12.9927
0 0 0 0 1 12.9135
0 0 0 0 1 13.1982
0 0 0 0 1 13.1638
0 0 0 0 1 13.4119
0 0 0 0 1 13.6583
0 0 0 0 1 13.7841
0 0 0 0 0 13.9191
0 0 0 0 1 14.0401
0 0 0 0 1 14.2597
0 0 0 0 1 14.3619
0 0 0 0 1 14.5065
0 0 0 0 0 14.6072
0 0 0 0 1 14.8343
0 0 0 0 1 15.063
0 0 0 0 0 15.0669
0 0 0 0 1 15.4069
0 0 0 0 0 15.4321
0 0 0 0 1 15.6041
0 0 0 0 1 15.8014
0 0 0 0 1 16.1498
0 0 0 0 0 16.2942
0 0 0 0 1 16.4207
0 0 0 0 1 16.5954
0 0 0 0 1 16.8972
0 0 0 0 1 16.9981
0 0 0 0 1 17.381
0 0 0 0 0 17.7252
0 0 0 0 1 17.8862
0 0 0 0 0 18.2535
0 0 0 0 1 18.4592
0 0 0 0 1 18.5429
0 0 0 0 1 19.0846
0 0 0 0 1 19.3373
0 0 0 0 1 19.5599
0 0 0 0 0 19.8297
0 0 0 0 1 20.0681
0 0 0 0 1 20.4677
0 0 0 0 1 20.9618
0 0 0 0 1 21.3132
0 0 0 0 0 21.4171
0 0 0 0 1 21.9374
0 0 0 0 1 22.4483
0 0 0 0 1 22.5883
0 0 0 0 0 23.2494
0 0 0 0 0 23.6911
0 0 0 0 1 23.8894
0 0 0 0 1 24.5029
0 0 0 0 1 24.7685
0 0 0 0 1 25.2327
0 0 0 0 0 25.9906
0 0 0 0 1 26.4601
0 0 0 0 0 26.9658
0 0 0 0 1 27.8205
0 0 0 0 1 28.0928
0 0 0 0 0 28.7744
0 0 0 0 1 29.5563
0 0 0 0 1 30.2909
0 0 0 0 1 31.3052
0 0 0 0 1 31.9338
0 0 0 0 1 32.7896
0 0 0 0 1 33.7191
0 0 0 0 1 34.6061
0 0 0 0 0 35.9422
0 0 0 0 1 36.547
0 0 0 0 1 20.2368
0 0 0 0 0 20.2853
0 0 0 0 1 20.2936
0 0 0 0 0 20.0699
0 0 0 0 1 19.8784
0 0 0 0 1 19.8382
0 0 0 0 1 20.0681
0 0 0 0 1 19.8087
0 0 0 0 1 19.899
0 0 0 0 1 19.9594
0 0 0 0 1 20.0496
0 0 0 0 1 19.7633
0 0 0 0 1 19.963
0 0 0 0 1 19.9162
0 0 0 0 1 19.8691
0 0 0 0 1 19.8321
0 0 0 0 0 19.5104
0 0 0 0 1 19.7299
0 0 0 0 1 19.6656
0 0 0 0 1 19.6598
0 0 0 0 1 19.3707
0 0 0 0 1 19.386
0 0 0 0 1 19.6893
0 0 0 0 1 19.9356
0 0 0 0 1 20.1202
0 0 0 0 0 20.5591
0 0 0 0 1 20.6794
0 0 0 0 0 21.1626
0 0 0 0 0 21.4819
0 0 0 0 1 21.9847
0 0 0 0 0 22.3663
0 0 0 0 0 22.7431
0 0 0 0 1 23.0117
0 0 0 0 1 23.4532
0 0 0 0 1 23.9379
0 0 0 0 1 40.0434
0 0 0 0 0 40.3662
0 0 0 0 1 39.6494
0 0 0 0 0 4.99497
0 0 0 0 0 4.97994
0 0 0 0 0 5.03004
0 0 0 0 0 5.05509
0 0 0 0 0 5.05008
0 0 0 0 0 4.99998
0 0 0 0 0 5.04006
0 0 0 0 0 4.98996
0 0 0 0 0 5.05509
0 0 0 0 0 5.04006
0 0 0 0 0 4.99998
0 0 0 0 1 99.5845
0 0 0 0 1 94.4487
0 0 0 0 1 88.4231
0 0 0 0 1 85.3615
0 0 0 0 1 80.1011
0 0 0 0 1 76.8461
0 0 0 0 0 73.2942
0 0 0 0 1 71.1108
0 0 0 0 0 67.7294
0 0 0 0 1 65.9173
0 0 0 0 0 62.6009
0 0 0 0 1 61.2278
0 0 0 0 1 58.7737
0 0 0 0 1 56.2106
0 0 0 0 1 55.0596
0 0 0 0 1 52.8274
0 0 0 0 0 52.058
0 0 0 0 1 50.3389
0 0 0 0 1 49.0625
0 0 0 0 1 47.6121
0 0 0 0 1 45.8694
0 0 0 0 1 44.7239
0 0 0 0 1 43.5825
0 0 0 0 0 42.2454
0 0 0 0 1 41.8631
0 0 0 0 0 40.9943
0 0 0 0 1 39.3374
0 0 0 0 1 39.1197
0 0 0 0 1 38.2864
0 0 0 0 1 37.4274
0 0 0 0 0 36.2835
0 0 0 0 1 35.7796
0 0 0 0 1 34.5485
0 0 0 0 1 34.3737
0 0 0 0 1 33.85
0 0 0 0 1 32.7168
0 0 0 0 1 32.3096
0 0 0 0 1 31.5255
0 0 0 0 0 31.4003
0 0 0 0 1 30.7599
0 0 0 0 1 30.2233
0 0 0 0 1 29.7461
0 0 0 0 1 29.2298
0 0 0 0 1 28.439
0 0 0 0 1 27.875
0 0 0 0 1 27.5184
0 0 0 0 1 27.0876
0 0 0 0 1 27.0425
0 0 0 0 1 26.6719
0 0 0 0 1 25.8844
0 0 0 0 1 25.8465
0 0 0 0 1 25.4803
0 0 0 0 0 24.725
0 0 0 0 1 24.8424
0 0 0 0 1 24.3841
0 0 0 0 1 23.7956
0 0 0 0 0 23.7577
0 0 0 0 1 23.2657
0 0 0 0 1 22.9495
0 0 0 0 1 22.6248
0 0 0 0 1 22.2303
0 0 0 0 1 21.9464
0 0 0 0 0 21.7541
0 0 0 0 1 21.5666
0 0 0 0 1 21.3472
0 0 0 0 1 21.2515
0 0 0 0 1 21.0067
0 0 0 0 1 20.5765
0 0 0 0 1 20.2104
0 0 0 0 1 20.3633
0 0 0 0 1 19.9479
0 0 0 0 1 19.9228
0 0 0 0 1 19.6389
0 0 0 0 0 19.5025
0 0 0 0 1 19.2019
0 0 0 0 1 19.1212
0 0 0 0 1 18.6638
0 0 0 0 0 18.4995
0 0 0 0 0 18.2892
0 0 0 0 1 18.0616
0 0 0 0 1 17.9975
0 0 0 0 1 18.0116
0 0 0 0 1 17.7049
0 0 0 0 1 17.6638
0 0 0 0 1 17.3259
0 0 0 0 1 17.2149
0 0 0 0 1 16.9251
0 0 0 0 1 16.8236
0 0 0 0 1 16.8888
0 0 0 0 1 16.6611
0 0 0 0 1 16.5995
0 0 0 0 1 16.3739
0 0 0 0 0 15.9885
0 0 0 0 1 16.0096
0 0 0 0 1 16.0516
0 0 0 0 1 15.7354
0 0 0 0 1 15.7616
0 0 0 0 1 15.6595
0 0 0 0 1 15.2431
0 0 0 0 1 15.2131
0 0 0 0 1 15.0544
0 0 0 0 1 14.8881
0 0 0 0 0 15.0356
0 0 0 0 1 14.7383
0 0 0 0 1 14.7143
0 0 0 0 1 14.6311
0 0 0 0 1 14.5418
0 0 0 0 1 14.309
0 0 0 0 1 14.1923
0 0 0 0 0 14.2036
0 0 0 0 1 14.0027
0 0 0 0 1 13.9236
0 0 0 0 1 13.7668
0 0 0 0 0 13.9086
0 0 0 0 1 13.6561
0 0 0 0 1 13.6265
0 0 0 0 0 13.561
0 0 0 0 1 13.3481
0 0 0 0 1 13.2834
0 0 0 0 1 13.0947
0 0 0 0 1 13.1967
0 0 0 0 1 12.9963
0 0 0 0 0 12.8495
0 0 0 0 0 13.0003
0 0 0 0 0 12.8363
0 0 0 0 1 12.8566
0 0 0 0 1 12.6859
0 0 0 0 1 12.5499
0 0 0 0 1 12.6069
0 0 0 0 1 12.3304
0 0 0 0 0 12.2464
0 0 0 0 1 12.2409
0 0 0 0 1 12.2304
0 0 0 0 0 12.1102
0 0 0 0 1 11.9745
0 0 0 0 1 11.972
0 0 0 0 1 11.9134
0 0 0 0 1 11.7914
0 0 0 0 1 11.8634
0 0 0 0 1 11.8126
0 0 0 0 1 11.6332
0 0 0 0 0 11.5368
0 0 0 0 1 11.4872
0 0 0 0 1 11.4147
0 0 0 0 1 11.3654
0 0 0 0 1 11.2707
0 0 0 0 1 11.3087
0 0 0 0 1 11.3799
0 0 0 0 1 11.1844
0 0 0 0 1 11.2214
0 0 0 0 0 11.1834
0 0 0 0 1 11.0425
0 0 0 0 1 10.9466
0 0 0 0 1 11.0593
0 0 0 0 1 10.8002
0 0 0 0 1 10.9445
0 0 0 0 0 10.731
0 0 0 0 1 10.6374
0 0 0 0 1 10.7904
0 0 0 0 1 10.7075
0 0 0 0 1 10.6608
0 0 0 0 0 10.6104
0 0 0 0 0 10.5918
0 0 0 0 1 10.3744
0 0 0 0 1 10.3532
0 0 0 0 0 10.4702
0 0 0 0 1 10.2316
0 0 0 0 1 10.293
0 0 0 0 1 10.3333
0 0 0 0 1 10.2405
0 0 0 0 1 10.2498
0 0 0 0 1 10.1578
0 0 0 0 0 10.1099
0 0 0 0 1 9.9989
0 0 0 0 0 10.0385
0 0 0 0 0 9.91841
0 0 0 0 1 9.83553
0 0 0 0 1 9.92432
0 0 0 0 1 9.94027
0 0 0 0 1 9.71411
0 0 0 0 1 9.80207
0 0 0 0 1 9.67529
0 0 0 0 1 9.78841
0 0 0 0 1 9.72035
0 0 0 0 1 9.66879
0 0 0 0 1 9.62711
0 0 0 0 1 9.53153
0 0 0 0 1 9.46192
0 0 0 0 0 9.40548
0 0 0 0 0 9.42174
0 0 0 0 1 9.42843
0 0 0 0 0 9.43822
0 0 0 0 0 9.41666
0 0 0 0 1 9.32997
0 0 0 0 1 9.32422
0 0 0 0 1 9.29709
0 0 0 0 1 9.13771
0 0 0 0 1 9.18174
0 0 0 0 1 9.17961
0 0 0 0 0 9.18663
0 0 0 0 1 9.18448
0 0 0 0 1 9.0461
0 0 0 0 0 9.07156
0 0 0 0 1 9.04271
0 0 0 0 0 8.97476
0 0 0 0 1 8.98228
0 0 0 0 1 8.87012
0 0 0 0 1 8.9761
0 0 0 0 1 8.93911
0 0 0 0 1 8.77824
0 0 0 0 0 8.90125
0 0 0 0 1 8.84395
0 0 0 0 1 8.78153
0 0 0 0 0 8.85098
0 0 0 0 1 8.83473
0 0 0 0 1 8.68573
0 0 0 0 0 8.64724
0 0 0 0 1 8.75122
0 0 0 0 1 8.72151
0 0 0 0 1 8.60914
0 0 0 0 1 8.58001
0 0 0 0 1 8.60605
0 0 0 0 1 8.62853
0 0 0 0 1 8.5776
0 0 0 0 0 8.44687
0 0 0 0 1 8.57164
0 0 0 0 0 8.49248
0 0 0 0 1 8.51521
0 0 0 0 1 8.4957
0 0 0 0 0 8.40423
0 0 0 0 1 8.45235
0 0 0 0 0 8.45008
0 0 0 0 0 8.31418
0 0 0 0 1 8.38739
0 0 0 0 1 8.27277
0 0 0 0 1 8.32097
0 0 0 0 1 8.2697
0 0 0 0 0 8.19013
0 0 0 0 1 8.23843
0 0 0 0 1 8.27015
0 0 0 0 1 8.26897
0 0 0 0 1 8.25148
0 0 0 0 1 8.13604
0 0 0 0 1 8.19252
0 0 0 0 0 8.17558
0 0 0 0 1 8.17504
0 0 0 0 1 8.14217
0 0 0 0 1 8.06906
0 0 0 0 1 8.02865
0 0 0 0 1 8.00462
0 0 0 0 1 8.02496
0 0 0 0 1 8.08154
0 0 0 0 0 8.0899
0 0 0 0 1 7.92229
0 0 0 0 1 8.019
0 0 0 0 1 7.95977
0 0 0 0 1 7.94484
0 0 0 0 1 7.92214
0 0 0 0 1 7.98688
0 0 0 0 1 7.87734
0 0 0 0 0 7.87459
0 0 0 0 1 7.82895
0 0 0 0 0 7.79935
0 0 0 0 1 7.88352
0 0 0 0 0 7.84183
0 0 0 0 0 7.88326
0 0 0 0 1 7.76025
0 0 0 0 0 7.88794
0 0 0 0 1 7.83127
0 0 0 0 1 7.8418
0 0 0 0 1 7.72792
0 0 0 0 0 7.85077
0 0 0 0 0 7.81506
0 0 0 0 0 7.72062
