0 0 0 0 1 5.5196
0 0 0 0 1 5.57312
0 0 0 0 1 5.54344
0 0 0 0 1 5.58866
0 0 0 0 1 5.61493
0 0 0 0 1 5.60786
0 0 0 0 1 5.54957
0 0 0 0 1 5.55372
0 0 0 0 1 5.60518
0 0 0 0 1 5.604
0 0 0 0 1 5.60855
0 0 0 0 1 5.5963
0 0 0 0 1 5.65406
0 0 0 0 1 5.66465
0 0 0 0 1 5.68673
0 0 0 0 1 5.71668
0 0 0 0 1 5.68221
0 0 0 0 0 5.68759
0 0 0 0 1 5.67596
0 0 0 0 1 5.70256
0 0 0 0 1 5.7712
0 0 0 0 1 5.68531
0 0 0 0 1 5.8061
0 0 0 0 1 5.78347
0 0 0 0 1 5.82605
0 0 0 0 1 5.8382
0 0 0 0 1 5.76939
0 0 0 0 0 5.83387
0 0 0 0 1 5.82889
0 0 0 0 1 5.81231
0 0 0 0 1 5.81326
0 0 0 0 1 5.79248
0 0 0 0 1 5.90644
0 0 0 0 1 5.90776
0 0 0 0 1 5.86796
0 0 0 0 1 5.90473
0 0 0 0 1 5.95946
0 0 0 0 1 5.97303
0 0 0 0 1 5.9095
0 0 0 0 1 5.92909
0 0 0 0 1 5.96075
0 0 0 0 1 5.96869
0 0 0 0 1 6.00199
0 0 0 0 1 5.99213
0 0 0 0 1 5.97024
0 0 0 0 0 5.97846
0 0 0 0 1 6.02182
0 0 0 0 1 6.12738
0 0 0 0 0 6.09362
0 0 0 0 1 6.04144
0 0 0 0 1 6.13572
0 0 0 0 1 6.10185
0 0 0 0 1 6.18965
0 0 0 0 1 6.19377
0 0 0 0 1 6.15989
0 0 0 0 0 6.13824
0 0 0 0 1 6.19096
0 0 0 0 0 6.28659
0 0 0 0 1 6.20277
0 0 0 0 1 6.2374
0 0 0 0 1 6.24623
0 0 0 0 0 6.33159
0 0 0 0 1 6.33537
0 0 0 0 1 6.33918
0 0 0 0 1 6.32401
0 0 0 0 0 6.35246
0 0 0 0 1 6.4266
0 0 0 0 1 6.34675
0 0 0 0 1 6.47272
0 0 0 0 1 6.41833
0 0 0 0 1 6.41606
0 0 0 0 0 6.51676
0 0 0 0 1 6.54074
0 0 0 0 1 6.49314
0 0 0 0 1 6.47796
0 0 0 0 1 6.58661
0 0 0 0 1 6.52485
0 0 0 0 1 6.58881
0 0 0 0 0 6.63265
0 0 0 0 1 6.64354
0 0 0 0 1 6.68118
0 0 0 0 1 6.7263
0 0 0 0 1 6.67099
0 0 0 0 1 6.76289
0 0 0 0 1 6.77431
0 0 0 0 1 6.74505
0 0 0 0 1 6.74278
0 0 0 0 1 6.82932
0 0 0 0 1 6.80667
0 0 0 0 1 6.83889
0 0 0 0 1 6.89896
0 0 0 0 1 6.86281
0 0 0 0 0 7.00676
0 0 0 0 1 7.01902
0 0 0 0 1 6.96121
0 0 0 0 1 7.09289
0 0 0 0 1 7.00604
0 0 0 0 1 7.06079
0 0 0 0 0 7.19422
0 0 0 0 1 7.14269
0 0 0 0 1 7.2414
0 0 0 0 1 7.17509
0 0 0 0 1 7.2307
0 0 0 0 1 7.2217
0 0 0 0 1 7.37265
0 0 0 0 1 7.28331
0 0 0 0 1 7.32515
0 0 0 0 1 7.42716
0 0 0 0 0 7.41041
0 0 0 0 1 7.37843
0 0 0 0 1 7.52608
0 0 0 0 1 7.44898
0 0 0 0 1 7.50692
0 0 0 0 1 7.60317
0 0 0 0 1 7.69289
0 0 0 0 0 7.62982
0 0 0 0 0 7.6121
0 0 0 0 1 7.7717
0 0 0 0 1 7.81619
0 0 0 0 1 7.86871
0 0 0 0 0 7.82013
0 0 0 0 0 7.84916
0 0 0 0 1 7.95685
0 0 0 0 1 7.95458
0 0 0 0 1 7.91159
0 0 0 0 1 7.94876
0 0 0 0 0 8.08287
0 0 0 0 1 8.11265
0 0 0 0 1 8.20715
0 0 0 0 1 8.24552
0 0 0 0 1 8.26702
0 0 0 0 1 8.23876
0 0 0 0 1 8.24382
0 0 0 0 1 8.34835
0 0 0 0 1 8.42846
0 0 0 0 1 8.44992
0 0 0 0 1 8.52229
0 0 0 0 1 8.51813
0 0 0 0 1 8.55732
0 0 0 0 1 8.71679
0 0 0 0 1 8.6684
0 0 0 0 1 8.6635
0 0 0 0 1 8.88599
0 0 0 0 1 8.82918
0 0 0 0 1 8.91198
0 0 0 0 0 9.00426
0 0 0 0 1 8.97109
0 0 0 0 1 9.00042
0 0 0 0 0 9.13088
0 0 0 0 1 9.21559
0 0 0 0 1 9.28237
0 0 0 0 1 9.33087
0 0 0 0 1 9.38049
0 0 0 0 0 9.40924
0 0 0 0 0 9.37267
0 0 0 0 1 9.5623
0 0 0 0 1 9.58124
0 0 0 0 1 9.74579
0 0 0 0 1 9.67744
0 0 0 0 1 9.69545
0 0 0 0 1 9.88045
0 0 0 0 1 9.90011
0 0 0 0 1 9.90635
0 0 0 0 1 10.0843
0 0 0 0 1 10.141
0 0 0 0 1 10.2093
0 0 0 0 1 10.3276
0 0 0 0 1 10.3017
0 0 0 0 1 10.3702
0 0 0 0 1 10.395
0 0 0 0 1 10.6413
0 0 0 0 1 10.7392
0 0 0 0 1 10.7105
0 0 0 0 1 10.9057
0 0 0 0 1 10.95
0 0 0 0 1 11.106
0 0 0 0 1 11.0949
0 0 0 0 1 11.2924
0 0 0 0 1 11.305
0 0 0 0 1 11.2891
0 0 0 0 0 11.5463
0 0 0 0 0 11.5755
0 0 0 0 1 11.5338
0 0 0 0 0 11.675
0 0 0 0 1 11.7845
0 0 0 0 0 11.8794
0 0 0 0 1 12.0347
0 0 0 0 0 12.2551
0 0 0 0 1 12.1765
0 0 0 0 1 12.4169
0 0 0 0 1 12.4756
0 0 0 0 1 12.5264
0 0 0 0 1 12.8513
0 0 0 0 1 12.9927
0 0 0 0 1 13.1346
0 0 0 0 0 13.1982
0 0 0 0 0 13.2435
0 0 0 0 1 13.3583
0 0 0 0 1 13.4958
0 0 0 0 1 13.5653
0 0 0 0 1 13.6841
0 0 0 0 1 13.9144
0 0 0 0 1 14.1891
0 0 0 0 1 14.1335
0 0 0 0 1 14.4776
0 0 0 0 1 14.7385
0 0 0 0 1 14.79
0 0 0 0 1 15.0332
0 0 0 0 1 15.2481
0 0 0 0 1 15.1318
0 0 0 0 1 15.3393
0 0 0 0 0 15.7763
0 0 0 0 1 15.944
0 0 0 0 1 15.8932
0 0 0 0 0 16.1155
0 0 0 0 1 16.4865
0 0 0 0 1 16.5954
0 0 0 0 1 16.8972
0 0 0 0 1 17.1008
0 0 0 0 1 17.381
0 0 0 0 1 17.4791
0 0 0 0 1 17.904
0 0 0 0 1 17.9822
0 0 0 0 1 18.3858
0 0 0 0 1 18.4684
0 0 0 0 1 18.8011
0 0 0 0 0 19.3373
0 0 0 0 1 19.5014
0 0 0 0 1 19.9484
0 0 0 0 0 20.2893
0 0 0 0 1 20.3247
0 0 0 0 1 20.9202
0 0 0 0 1 20.9541
0 0 0 0 1 21.3956
0 0 0 0 1 21.8937
0 0 0 0 1 22.0701
0 0 0 0 1 22.8828
0 0 0 0 0 23.2955
0 0 0 0 1 23.3385
0 0 0 0 1 24.1529
0 0 0 0 1 24.5273
0 0 0 0 0 24.7934
0 0 0 0 1 25.5888
0 0 0 0 1 26.0425
0 0 0 0 1 26.3805
0 0 0 0 1 27.02
0 0 0 0 1 27.9313
0 0 0 0 1 28.2629
0 0 0 0 1 28.9484
0 0 0 0 0 29.9128
0 0 0 0 1 30.2605
0 0 0 0 1 31.5237
0 0 0 0 0 31.7096
0 0 0 0 0 19.9712
0 0 0 0 1 19.946
0 0 0 0 0 19.8525
0 0 0 0 1 20.089
0 0 0 0 1 19.8168
0 0 0 0 1 19.9237
0 0 0 0 1 19.941
0 0 0 0 1 19.9289
0 0 0 0 1 19.6093
0 0 0 0 1 19.9351
0 0 0 0 1 19.5187
0 0 0 0 1 19.7455
0 0 0 0 1 19.6566
0 0 0 0 1 19.5583
0 0 0 0 1 19.451
0 0 0 0 1 19.6178
0 0 0 0 1 19.5404
0 0 0 0 1 19.338
0 0 0 0 1 19.5634
0 0 0 0 1 19.3514
0 0 0 0 1 19.4805
0 0 0 0 1 19.2797
0 0 0 0 1 19.385
0 0 0 0 1 19.8458
0 0 0 0 0 19.8623
0 0 0 0 1 20.4399
0 0 0 0 1 20.4107
0 0 0 0 1 20.6216
0 0 0 0 1 21.2108
0 0 0 0 0 21.5302
0 0 0 0 1 21.5642
0 0 0 0 1 22.1579
0 0 0 0 1 22.2958
0 0 0 0 1 22.8826
0 0 0 0 1 22.861
0 0 0 0 0 23.6251
0 0 0 0 1 39.8696
0 0 0 0 0 39.6307
0 0 0 0 1 39.7901
0 0 0 0 1 39.9105
0 0 0 0 1 39.9124
0 0 0 0 0 39.7957
0 0 0 0 1 39.9981
0 0 0 0 0 4.97994
0 0 0 0 0 4.98996
0 0 0 0 0 5.02503
0 0 0 0 0 4.97493
0 0 0 0 0 4.99998
0 0 0 0 0 4.98996
0 0 0 0 0 4.9599
0 0 0 0 0 5.05509
0 0 0 0 0 4.9599
0 0 0 0 0 5.00499
0 0 0 0 0 4.99998
0 0 0 0 1 100.582
0 0 0 0 1 95.0142
0 0 0 0 1 88.7804
0 0 0 0 1 85.7009
0 0 0 0 1 80.5861
0 0 0 0 0 76.769
0 0 0 0 1 73.1466
0 0 0 0 1 70.1202
0 0 0 0 1 67.8652
0 0 0 0 1 65.5253
0 0 0 0 1 62.6009
0 0 0 0 1 60.621
0 0 0 0 1 58.7151
0 0 0 0 1 56.2106
0 0 0 0 1 54.4563
0 0 0 0 1 53.412
0 0 0 0 1 51.7487
0 0 0 0 0 50.1888
0 0 0 0 0 49.0138
0 0 0 0 1 47.4702
0 0 0 0 1 46.4675
0 0 0 0 1 44.9032
0 0 0 0 0 43.4951
0 0 0 0 0 42.4583
0 0 0 0 1 41.5305
0 0 0 0 1 40.4667
0 0 0 0 1 39.4961
0 0 0 0 1 38.6157
0 0 0 0 1 38.0969
0 0 0 0 0 37.2791
0 0 0 0 1 35.9929
0 0 0 0 0 35.6374
0 0 0 0 0 35.0017
0 0 0 0 1 34.3737
0 0 0 0 1 33.5819
0 0 0 0 1 33.1443
0 0 0 0 0 31.9546
0 0 0 0 1 31.5571
0 0 0 0 1 30.9957
0 0 0 0 0 30.393
0 0 0 0 0 30.2534
0 0 0 0 1 29.3326
0 0 0 0 0 29.1427
0 0 0 0 1 28.5247
0 0 0 0 0 28.2969
0 0 0 0 1 27.9337
0 0 0 0 1 27.0059
0 0 0 0 1 27.0425
0 0 0 0 0 26.6983
0 0 0 0 1 26.0146
0 0 0 0 1 25.4359
0 0 0 0 1 25.2779
0 0 0 0 1 25.0244
0 0 0 0 1 24.3996
0 0 0 0 1 24.4569
0 0 0 0 1 23.7716
0 0 0 0 1 23.4743
0 0 0 0 0 23.3356
0 0 0 0 1 22.8804
0 0 0 0 1 22.5567
0 0 0 0 1 22.2528
0 0 0 0 1 22.1902
0 0 0 0 1 21.9511
0 0 0 0 0 21.7396
0 0 0 0 1 21.1549
0 0 0 0 1 21.336
0 0 0 0 0 20.8188
0 0 0 0 0 20.5972
0 0 0 0 1 20.5778
0 0 0 0 1 20.3835
0 0 0 0 1 19.7881
0 0 0 0 0 19.6069
0 0 0 0 1 19.678
0 0 0 0 1 19.4058
0 0 0 0 1 19.1063
0 0 0 0 1 19.0266
0 0 0 0 1 18.7762
0 0 0 0 1 18.4809
0 0 0 0 1 18.1791
0 0 0 0 1 18.3162
0 0 0 0 0 18.1596
0 0 0 0 1 17.8511
0 0 0 0 0 17.7049
0 0 0 0 1 17.4712
0 0 0 0 0 17.2218
0 0 0 0 1 17.2149
0 0 0 0 1 16.874
0 0 0 0 1 17.0261
0 0 0 0 1 16.8888
0 0 0 0 1 16.5948
0 0 0 0 1 16.3037
0 0 0 0 0 16.2761
0 0 0 0 0 16.2469
0 0 0 0 0 16.0096
0 0 0 0 1 15.7496
0 0 0 0 0 15.7039
0 0 0 0 1 15.6209
0 0 0 0 1 15.396
0 0 0 0 1 15.4277
0 0 0 0 1 15.1216
0 0 0 0 1 15.1756
0 0 0 0 1 15.0533
0 0 0 0 1 14.8121
0 0 0 0 1 14.7383
0 0 0 0 1 14.5675
0 0 0 0 1 14.7185
0 0 0 0 1 14.5563
0 0 0 0 1 14.4383
0 0 0 0 1 14.3492
0 0 0 0 1 14.3028
0 0 0 0 0 14.0449
0 0 0 0 1 13.8538
0 0 0 0 1 13.947
0 0 0 0 0 13.7295
0 0 0 0 1 13.6971
0 0 0 0 1 13.6129
0 0 0 0 1 13.4396
0 0 0 0 0 13.3213
0 0 0 0 1 13.2967
0 0 0 0 1 13.2931
0 0 0 0 0 13.1047
0 0 0 0 1 13.0877
0 0 0 0 1 12.9273
0 0 0 0 1 12.8714
0 0 0 0 1 12.8107
0 0 0 0 1 12.8311
0 0 0 0 1 12.6986
0 0 0 0 1 12.575
0 0 0 0 1 12.3942
0 0 0 0 1 12.3428
0 0 0 0 1 12.2958
0 0 0 0 1 12.4006
0 0 0 0 1 12.1694
0 0 0 0 1 12.1102
0 0 0 0 1 12.0108
0 0 0 0 1 11.996
0 0 0 0 1 12.0209
0 0 0 0 1 11.9697
0 0 0 0 1 11.8988
0 0 0 0 0 11.648
0 0 0 0 1 11.6332
0 0 0 0 1 11.5833
0 0 0 0 0 11.464
0 0 0 0 1 11.4492
0 0 0 0 1 11.4798
0 0 0 0 0 11.3048
0 0 0 0 1 11.354
0 0 0 0 0 11.2671
0 0 0 0 1 11.1059
0 0 0 0 1 11.1767
0 0 0 0 1 11.1168
0 0 0 0 1 11.0314
0 0 0 0 0 11.0676
0 0 0 0 0 11.0155
0 0 0 0 1 10.9746
0 0 0 0 1 10.9337
0 0 0 0 1 10.7202
0 0 0 0 1 10.6589
0 0 0 0 1 10.7155
0 0 0 0 1 10.5905
0 0 0 0 0 10.5547
0 0 0 0 1 10.5682
0 0 0 0 1 10.4867
0 0 0 0 1 10.4372
0 0 0 0 1 10.3637
0 0 0 0 1 10.4287
0 0 0 0 1 10.3865
0 0 0 0 1 10.2622
0 0 0 0 1 10.2513
0 0 0 0 1 10.1895
0 0 0 0 1 10.0771
0 0 0 0 0 10.2185
0 0 0 0 1 9.97902
0 0 0 0 1 10.049
0 0 0 0 1 10.0784
0 0 0 0 1 10.0278
0 0 0 0 1 9.84544
0 0 0 0 1 9.95395
0 0 0 0 1 9.81233
0 0 0 0 1 9.78273
0 0 0 0 1 9.69468
0 0 0 0 1 9.73364
0 0 0 0 1 9.73026
0 0 0 0 1 9.70105
0 0 0 0 1 9.70728
0 0 0 0 0 9.56958
0 0 0 0 1 9.48378
0 0 0 0 1 9.58567
0 0 0 0 0 9.47185
0 0 0 0 1 9.49734
0 0 0 0 1 9.40959
0 0 0 0 1 9.32563
0 0 0 0 1 9.43536
0 0 0 0 1 9.36725
0 0 0 0 1 9.3707
0 0 0 0 1 9.27857
0 0 0 0 1 9.26693
0 0 0 0 0 9.29214
0 0 0 0 1 9.19795
0 0 0 0 0 9.09522
0 0 0 0 1 9.06603
0 0 0 0 1 9.12784
0 0 0 0 1 9.01724
0 0 0 0 1 9.01564
0 0 0 0 1 9.08278
0 0 0 0 1 8.90152
0 0 0 0 1 8.98648
0 0 0 0 1 8.88687
0 0 0 0 1 8.9569
0 0 0 0 1 8.92898
0 0 0 0 1 8.87474
0 0 0 0 1 8.89685
0 0 0 0 1 8.70242
0 0 0 0 0 8.78087
0 0 0 0 1 8.756
0 0 0 0 1 8.77293
0 0 0 0 1 8.61244
0 0 0 0 1 8.68183
0 0 0 0 1 8.67825
0 0 0 0 0 8.70403
0 0 0 0 1 8.55419
0 0 0 0 1 8.56315
0 0 0 0 1 8.61141
0 0 0 0 1 8.50932
0 0 0 0 1 8.5235
0 0 0 0 0 8.43572
0 0 0 0 1 8.44163
0 0 0 0 1 8.41374
0 0 0 0 1 8.45352
0 0 0 0 1 8.47994
0 0 0 0 1 8.33484
0 0 0 0 1 8.31608
0 0 0 0 1 8.37267
0 0 0 0 1 8.39573
0 0 0 0 1 8.34759
0 0 0 0 1 8.24631
0 0 0 0 1 8.33593
0 0 0 0 1 8.29757
0 0 0 0 0 8.16421
0 0 0 0 1 8.23723
0 0 0 0 1 8.26075
0 0 0 0 1 8.25968
0 0 0 0 1 8.12786
0 0 0 0 1 8.217
0 0 0 0 1 8.086
0 0 0 0 1 8.14254
0 0 0 0 1 8.12595
0 0 0 0 1 8.03668
0 0 0 0 1 8.1498
0 0 0 0 0 8.14166
0 0 0 0 1 8.08131
0 0 0 0 1 8.00924
0 0 0 0 1 8.0899
0 0 0 0 1 8.01031
0 0 0 0 1 7.90718
0 0 0 0 1 8.03953
0 0 0 0 1 7.93688
0 0 0 0 1 8.0016
0 0 0 0 1 7.99481
0 0 0 0 1 7.98026
0 0 0 0 1 7.8904
0 0 0 0 1 7.82106
0 0 0 0 1 7.91752
0 0 0 0 1 7.94647
0 0 0 0 1 7.84183
0 0 0 0 1 7.89111
0 0 0 0 1 7.88554
0 0 0 0 1 7.85667
0 0 0 0 1 7.81566
0 0 0 0 1 7.74826
0 0 0 0 1 7.83687
0 0 0 0 1 7.80414
0 0 0 0 1 7.74521
0 0 0 0 1 7.82914
