0 0 0 0 1 5.57508
0 0 0 0 1 5.51755
0 0 0 0 0 5.58796
0 0 0 0 0 5.58866
0 0 0 0 1 5.59819
0 0 0 0 1 5.59667
0 0 0 0 1 5.54398
0 0 0 0 1 5.58735
0 0 0 0 1 5.62763
0 0 0 0 1 5.66021
0 0 0 0 1 5.6536
0 0 0 0 1 5.6922
0 0 0 0 1 5.59192
0 0 0 0 0 5.60806
0 0 0 0 1 5.72075
0 0 0 0 1 5.72804
0 0 0 0 1 5.71065
0 0 0 0 0 5.75028
0 0 0 0 1 5.68167
0 0 0 0 1 5.68542
0 0 0 0 1 5.73685
0 0 0 0 1 5.76563
0 0 0 0 1 5.75437
0 0 0 0 1 5.79499
0 0 0 0 1 5.79144
0 0 0 0 1 5.76306
0 0 0 0 1 5.8389
0 0 0 0 1 5.86289
0 0 0 0 0 5.82308
0 0 0 0 1 5.80648
0 0 0 0 1 5.84832
0 0 0 0 1 5.8744
0 0 0 0 0 5.88886
0 0 0 0 1 5.85491
0 0 0 0 0 5.90916
0 0 0 0 1 5.88703
0 0 0 0 0 5.94764
0 0 0 0 1 5.88414
0 0 0 0 1 5.88575
0 0 0 0 0 5.94099
0 0 0 0 1 5.92495
0 0 0 0 1 6.02252
0 0 0 0 1 6.04392
0 0 0 0 0 5.95611
0 0 0 0 0 6.02441
0 0 0 0 0 6.07498
0 0 0 0 1 6.00972
0 0 0 0 1 6.04245
0 0 0 0 0 6.0328
0 0 0 0 1 6.1146
0 0 0 0 0 6.15406
0 0 0 0 1 6.12023
0 0 0 0 1 6.14048
0 0 0 0 1 6.10142
0 0 0 0 1 6.12903
0 0 0 0 1 6.17537
0 0 0 0 1 6.16614
0 0 0 0 0 6.26169
0 0 0 0 1 6.22149
0 0 0 0 1 6.24992
0 0 0 0 1 6.21484
0 0 0 0 1 6.319
0 0 0 0 0 6.3543
0 0 0 0 1 6.34551
0 0 0 0 1 6.40647
0 0 0 0 1 6.41612
0 0 0 0 1 6.37555
0 0 0 0 1 6.44282
0 0 0 0 1 6.36356
0 0 0 0 1 6.43122
0 0 0 0 0 6.49359
0 0 0 0 1 6.44543
0 0 0 0 0 6.43671
0 0 0 0 1 6.57789
0 0 0 0 0 6.47143
0 0 0 0 0 6.59318
0 0 0 0 1 6.64995
0 0 0 0 1 6.58221
0 0 0 0 1 6.57964
0 0 0 0 1 6.65684
0 0 0 0 0 6.63446
0 0 0 0 1 6.75308
0 0 0 0 1 6.69113
0 0 0 0 1 6.80331
0 0 0 0 1 6.71346
0 0 0 0 0 6.81291
0 0 0 0 1 6.79046
0 0 0 0 1 6.89768
0 0 0 0 1 6.91645
0 0 0 0 1 6.85267
0 0 0 0 0 6.96809
0 0 0 0 1 6.98759
0 0 0 0 1 7.02068
0 0 0 0 1 6.92125
0 0 0 0 1 7.0173
0 0 0 0 1 6.99438
0 0 0 0 1 7.00604
0 0 0 0 1 7.06788
0 0 0 0 0 7.15148
0 0 0 0 1 7.17129
0 0 0 0 1 7.11222
0 0 0 0 1 7.15347
0 0 0 0 1 7.20898
0 0 0 0 1 7.19991
0 0 0 0 1 7.31426
0 0 0 0 1 7.3053
0 0 0 0 1 7.31043
0 0 0 0 1 7.41977
0 0 0 0 1 7.42524
0 0 0 0 0 7.48277
0 0 0 0 1 7.5186
0 0 0 0 1 7.58428
0 0 0 0 1 7.52202
0 0 0 0 0 7.55765
0 0 0 0 1 7.67766
0 0 0 0 1 7.69869
0 0 0 0 1 7.69667
0 0 0 0 0 7.68672
0 0 0 0 1 7.68424
0 0 0 0 1 7.87651
0 0 0 0 1 7.85145
0 0 0 0 1 7.90421
0 0 0 0 1 7.86985
0 0 0 0 1 7.97842
0 0 0 0 0 7.95155
0 0 0 0 1 8.0692
0 0 0 0 0 8.0264
0 0 0 0 1 8.06403
0 0 0 0 1 8.22345
0 0 0 0 1 8.15545
0 0 0 0 1 8.25056
0 0 0 0 1 8.28844
0 0 0 0 1 8.31037
0 0 0 0 1 8.39017
0 0 0 0 1 8.42846
0 0 0 0 1 8.50912
0 0 0 0 0 8.51378
0 0 0 0 1 8.56944
0 0 0 0 1 8.54872
0 0 0 0 1 8.65632
0 0 0 0 1 8.74665
0 0 0 0 1 8.78589
0 0 0 0 0 8.75402
0 0 0 0 1 8.8115
0 0 0 0 1 8.91198
0 0 0 0 0 8.93266
0 0 0 0 0 9.08818
0 0 0 0 1 9.04574
0 0 0 0 1 9.12177
0 0 0 0 1 9.1514
0 0 0 0 1 9.13474
0 0 0 0 1 9.24731
0 0 0 0 1 9.37116
0 0 0 0 1 9.41864
0 0 0 0 0 9.48616
0 0 0 0 0 9.49563
0 0 0 0 0 9.51411
0 0 0 0 1 9.6686
0 0 0 0 1 9.81347
0 0 0 0 1 9.87156
0 0 0 0 0 9.75239
0 0 0 0 1 9.9893
0 0 0 0 0 10.0861
0 0 0 0 1 10.0039
0 0 0 0 1 10.1815
0 0 0 0 1 10.2501
0 0 0 0 0 10.3687
0 0 0 0 1 10.2706
0 0 0 0 1 10.4744
0 0 0 0 1 10.416
0 0 0 0 1 10.6307
0 0 0 0 1 10.7072
0 0 0 0 0 10.6461
0 0 0 0 1 10.7216
0 0 0 0 1 10.9828
0 0 0 0 1 11.0071
0 0 0 0 1 11.1947
0 0 0 0 1 11.08
0 0 0 0 0 11.1587
0 0 0 0 1 11.4027
0 0 0 0 1 11.512
0 0 0 0 1 11.4946
0 0 0 0 1 11.7085
0 0 0 0 1 11.7338
0 0 0 0 0 11.9268
0 0 0 0 1 11.9871
0 0 0 0 1 12.0226
0 0 0 0 0 12.1577
0 0 0 0 1 12.2256
0 0 0 0 0 12.5038
0 0 0 0 1 12.6008
0 0 0 0 1 12.577
0 0 0 0 1 12.6345
0 0 0 0 1 12.748
0 0 0 0 0 13.0306
0 0 0 0 1 13.0932
0 0 0 0 1 13.2037
0 0 0 0 1 13.2913
0 0 0 0 0 13.4146
0 0 0 0 0 13.743
0 0 0 0 1 13.85
0 0 0 0 1 13.8865
0 0 0 0 1 14.1044
0 0 0 0 1 14.3762
0 0 0 0 1 14.4776
0 0 0 0 1 14.6802
0 0 0 0 1 14.731
0 0 0 0 1 15.0183
0 0 0 0 1 15.0368
0 0 0 0 1 15.2235
0 0 0 0 1 15.5249
0 0 0 0 1 15.5728
0 0 0 0 1 15.944
0 0 0 0 1 16.1819
0 0 0 0 1 16.0992
0 0 0 0 1 16.47
0 0 0 0 1 16.8287
0 0 0 0 1 16.7622
0 0 0 0 0 16.9981
0 0 0 0 1 17.3637
0 0 0 0 1 17.4087
0 0 0 0 0 17.6722
0 0 0 0 1 18.1993
0 0 0 0 1 18.1839
0 0 0 0 1 18.5057
0 0 0 0 1 18.7255
0 0 0 0 1 19.1071
0 0 0 0 1 19.3845
0 0 0 0 0 19.7505
0 0 0 0 1 19.9877
0 0 0 0 1 20.243
0 0 0 0 1 17.4724
0 0 0 0 1 17.4548
0 0 0 0 0 17.4175
0 0 0 0 1 17.6609
0 0 0 0 1 17.4316
0 0 0 0 1 17.5177
0 0 0 0 1 17.4119
0 0 0 0 1 17.5682
0 0 0 0 1 17.3608
0 0 0 0 1 17.3608
0 0 0 0 1 17.2741
0 0 0 0 1 17.3964
0 0 0 0 1 17.2237
0 0 0 0 0 17.522
0 0 0 0 1 17.2114
0 0 0 0 1 17.3
0 0 0 0 1 17.2868
0 0 0 0 0 17.1511
0 0 0 0 0 17.1541
0 0 0 0 1 17.1246
0 0 0 0 0 17.18
0 0 0 0 1 17.1666
0 0 0 0 1 17.1553
0 0 0 0 1 17.2804
0 0 0 0 0 17.3383
0 0 0 0 0 17.0512
0 0 0 0 1 17.3915
0 0 0 0 0 18.0598
0 0 0 0 1 18.7661
0 0 0 0 1 19.3292
0 0 0 0 0 19.7798
0 0 0 0 1 20.7694
0 0 0 0 1 21.1264
0 0 0 0 0 47.1676
0 0 0 0 1 48.9475
0 0 0 0 0 50.1629
0 0 0 0 1 53.0297
0 0 0 0 1 50.1304
0 0 0 0 1 50.3609
0 0 0 0 1 50.5419
0 0 0 0 1 49.9211
0 0 0 0 1 50.3055
0 0 0 0 1 50.3387
0 0 0 0 0 37.3141
0 0 0 0 1 37.6375
0 0 0 0 1 37.5765
0 0 0 0 0 37.5643
0 0 0 0 1 36.9828
0 0 0 0 0 36.8607
0 0 0 0 1 37.1481
0 0 0 0 1 36.8688
0 0 0 0 1 37.1937
0 0 0 0 1 36.9532
0 0 0 0 1 37.3156
0 0 0 0 1 37.1975
0 0 0 0 0 37.2748
0 0 0 0 1 37.9517
0 0 0 0 0 38.135
0 0 0 0 1 39.0332
0 0 0 0 0 39.8344
0 0 0 0 1 40.3909
0 0 0 0 1 40.9447
0 0 0 0 0 4.98996
0 0 0 0 0 4.97493
0 0 0 0 0 4.97994
0 0 0 0 0 5.05008
0 0 0 0 0 4.99998
0 0 0 0 0 5.05509
0 0 0 0 0 4.98495
0 0 0 0 0 5.05008
0 0 0 0 0 4.9599
0 0 0 0 0 4.97994
0 0 0 0 0 5.05008
0 0 0 0 0 5.04006
0 0 0 0 0 5.05509
0 0 0 0 0 4.98495
0 0 0 0 1 100.782
0 0 0 0 1 93.3175
0 0 0 0 1 88.6017
0 0 0 0 1 85.4464
0 0 0 0 1 80.4244
0 0 0 0 1 77.5405
0 0 0 0 0 73.368
0 0 0 0 0 71.1815
0 0 0 0 1 67.7294
0 0 0 0 1 64.872
0 0 0 0 1 63.2301
0 0 0 0 1 61.0458
0 0 0 0 1 58.1291
0 0 0 0 1 56.324
0 0 0 0 0 54.4563
0 0 0 0 1 52.9337
0 0 0 0 1 51.6456
0 0 0 0 1 49.7385
0 0 0 0 1 48.5276
0 0 0 0 1 46.8556
0 0 0 0 1 45.6393
0 0 0 0 1 44.4998
0 0 0 0 1 43.7135
0 0 0 0 1 42.3306
0 0 0 0 1 41.8631
0 0 0 0 1 40.1825
0 0 0 0 1 39.4168
0 0 0 0 1 39.0422
0 0 0 0 1 37.8694
0 0 0 0 1 37.3532
0 0 0 0 1 36.0292
0 0 0 0 1 35.3884
0 0 0 0 1 35.2109
0 0 0 0 1 34.1004
0 0 0 0 1 33.4144
0 0 0 0 1 33.0456
0 0 0 0 0 32.5356
0 0 0 0 1 31.7156
0 0 0 0 1 31.338
0 0 0 0 1 30.6376
0 0 0 0 1 30.1632
0 0 0 0 1 29.6575
0 0 0 0 1 28.7649
0 0 0 0 1 28.6676
0 0 0 0 1 27.9594
0 0 0 0 0 27.4354
0 0 0 0 1 27.4692
0 0 0 0 1 26.9084
0 0 0 0 1 26.1961
0 0 0 0 0 26.0666
0 0 0 0 1 25.4359
0 0 0 0 1 25.5309
0 0 0 0 1 24.9246
0 0 0 0 1 24.375
0 0 0 0 1 24.19
0 0 0 0 1 23.8195
0 0 0 0 1 23.6869
0 0 0 0 1 23.4056
0 0 0 0 1 23.1566
0 0 0 0 1 22.7384
0 0 0 0 1 22.5668
0 0 0 0 1 22.3232
0 0 0 0 0 21.8417
0 0 0 0 1 21.6099
0 0 0 0 1 21.2617
0 0 0 0 1 20.9135
0 0 0 0 1 21.0067
0 0 0 0 1 20.5559
0 0 0 0 1 20.292
0 0 0 0 1 20.0808
0 0 0 0 0 20.1675
0 0 0 0 1 19.7056
0 0 0 0 1 19.5999
0 0 0 0 1 19.4831
0 0 0 0 1 19.2402
0 0 0 0 1 18.8562
0 0 0 0 1 18.7013
0 0 0 0 1 18.7221
0 0 0 0 0 18.2341
0 0 0 0 1 18.2617
0 0 0 0 1 17.9975
0 0 0 0 1 17.9581
0 0 0 0 1 17.7049
0 0 0 0 0 17.6463
0 0 0 0 1 17.2912
0 0 0 0 1 17.129
0 0 0 0 1 17.0443
0 0 0 0 1 16.8405
0 0 0 0 0 16.6714
0 0 0 0 0 16.429
0 0 0 0 0 16.353
0 0 0 0 1 16.2272
0 0 0 0 1 16.2469
0 0 0 0 1 15.9936
0 0 0 0 0 15.988
0 0 0 0 0 15.893
0 0 0 0 0 15.6678
0 0 0 0 0 15.4425
0 0 0 0 1 15.2739
0 0 0 0 1 15.1674
0 0 0 0 1 15.009
0 0 0 0 0 14.9632
0 0 0 0 1 14.9611
0 0 0 0 1 14.7679
0 0 0 0 1 14.7878
0 0 0 0 1 14.6165
0 0 0 0 1 14.5274
0 0 0 0 1 14.2659
0 0 0 0 1 14.1781
0 0 0 0 1 14.2178
0 0 0 0 1 14.1011
0 0 0 0 0 13.9236
0 0 0 0 1 13.8361
0 0 0 0 1 13.8122
0 0 0 0 1 13.6287
0 0 0 0 1 13.5178
0 0 0 0 1 13.534
0 0 0 0 0 13.3078
0 0 0 0 1 13.3367
0 0 0 0 1 13.1344
0 0 0 0 1 13.1967
0 0 0 0 1 13.1922
0 0 0 0 1 12.8754
0 0 0 0 1 12.9359
0 0 0 0 1 12.9389
0 0 0 0 0 12.7674
0 0 0 0 1 12.7619
0 0 0 0 1 12.5624
0 0 0 0 1 12.5944
0 0 0 0 0 12.5543
0 0 0 0 1 12.3206
0 0 0 0 1 12.1671
0 0 0 0 0 12.2793
0 0 0 0 1 12.0495
0 0 0 0 1 11.9745
0 0 0 0 1 12.1283
0 0 0 0 1 11.8536
0 0 0 0 1 11.9578
0 0 0 0 1 11.7688
0 0 0 0 1 11.6715
0 0 0 0 1 11.7969
0 0 0 0 1 11.56
0 0 0 0 1 11.5913
0 0 0 0 0 11.4262
0 0 0 0 1 11.3768
0 0 0 0 0 11.4415
0 0 0 0 1 11.2974
0 0 0 0 1 11.3686
0 0 0 0 0 11.1508
0 0 0 0 1 11.0985
0 0 0 0 1 11.2167
0 0 0 0 1 10.943
0 0 0 0 1 10.9136
0 0 0 0 1 10.8513
0 0 0 0 1 10.9092
0 0 0 0 1 10.9337
0 0 0 0 1 10.8714
0 0 0 0 1 10.8523
0 0 0 0 0 10.5872
0 0 0 0 1 10.7395
0 0 0 0 0 10.5971
0 0 0 0 1 10.5893
0 0 0 0 1 10.4762
0 0 0 0 1 10.5627
0 0 0 0 1 10.4262
0 0 0 0 0 10.3354
0 0 0 0 1 10.2419
0 0 0 0 1 10.3136
0 0 0 0 1 10.2718
0 0 0 0 1 10.2303
0 0 0 0 1 10.26
0 0 0 0 1 10.1477
0 0 0 0 0 10.1603
0 0 0 0 1 10.019
0 0 0 0 1 10.0584
0 0 0 0 0 9.99799
0 0 0 0 1 9.97434
0 0 0 0 1 9.9342
0 0 0 0 1 9.82217
0 0 0 0 1 9.71411
0 0 0 0 1 9.80207
0 0 0 0 0 9.62667
0 0 0 0 1 9.6818
0 0 0 0 1 9.73
0 0 0 0 1 9.64955
0 0 0 0 1 9.60793
0 0 0 0 1 9.49333
0 0 0 0 1 9.47144
0 0 0 0 1 9.50978
0 0 0 0 1 9.48789
0 0 0 0 1 9.49436
0 0 0 0 1 9.37254
0 0 0 0 1 9.25769
0 0 0 0 1 9.40453
0 0 0 0 1 9.33351
0 0 0 0 1 9.35265
0 0 0 0 1 9.14694
0 0 0 0 1 9.10813
0 0 0 0 1 9.11542
0 0 0 0 1 9.23233
0 0 0 0 1 9.05692
0 0 0 0 1 9.11876
0 0 0 0 1 8.98102
0 0 0 0 1 8.96149
0 0 0 0 0 9.03777
0 0 0 0 1 8.89255
0 0 0 0 1 8.98648
0 0 0 0 1 8.8601
0 0 0 0 1 8.93022
0 0 0 0 0 8.79598
0 0 0 0 1 8.91893
0 0 0 0 1 8.83513
0 0 0 0 1 8.75516
0 0 0 0 1 8.73705
0 0 0 0 1 8.72101
0 0 0 0 1 8.66828
0 0 0 0 1 8.77773
0 0 0 0 1 8.7252
0 0 0 0 0 8.57442
0 0 0 0 1 8.66952
0 0 0 0 1 8.52837
0 0 0 0 1 8.60605
0 0 0 0 0 8.54293
0 0 0 0 0 8.47518
0 0 0 0 1 8.43835
0 0 0 0 1 8.41873
0 0 0 0 1 8.39925
0 0 0 0 1 8.52366
0 0 0 0 1 8.4957
0 0 0 0 1 8.40423
0 0 0 0 1 8.38521
0 0 0 0 1 8.35796
0 0 0 0 1 8.43117
0 0 0 0 0 8.35404
0 0 0 0 1 8.25614
0 0 0 0 1 8.2712
0 0 0 0 0 8.23659
0 0 0 0 0 8.33062
0 0 0 0 1 8.25492
0 0 0 0 0 8.30306
0 0 0 0 0 8.26075
0 0 0 0 1 8.15316
0 0 0 0 1 8.11969
0 0 0 0 1 8.20068
0 0 0 0 1 8.11043
0 0 0 0 1 8.09378
0 0 0 0 1 8.0854
0 0 0 0 0 8.16618
0 0 0 0 1 8.00442
0 0 0 0 0 8.05299
0 0 0 0 1 8.05716
0 0 0 0 1 8.04138
0 0 0 0 1 8.0899
0 0 0 0 0 8.01832
0 0 0 0 0 8.02699
0 0 0 0 1 7.90394
0 0 0 0 1 7.94484
0 0 0 0 1 7.91419
0 0 0 0 1 7.94722
0 0 0 0 1 7.94859
0 0 0 0 1 7.82715
0 0 0 0 1 7.81316
0 0 0 0 1 7.91752
0 0 0 0 0 7.81271
0 0 0 0 0 7.8104
0 0 0 0 0 7.85189
0 0 0 0 0 7.7994
0 0 0 0 1 7.88794
0 0 0 0 1 7.76881
0 0 0 0 1 7.77944
0 0 0 0 1 7.86022
0 0 0 0 1 7.7264
0 0 0 0 0 7.79178
0 0 0 0 1 7.78263
