0 0 0 0 0 5.56953
0 0 0 0 0 5.60645
0 0 0 0 0 5.51004
0 0 0 0 1 5.61652
0 0 0 0 1 5.60935
0 0 0 0 0 5.55754
0 0 0 0 1 5.62789
0 0 0 0 1 5.57053
0 0 0 0 1 5.6164
0 0 0 0 1 5.65459
0 0 0 0 1 5.65923
0 0 0 0 0 5.64707
0 0 0 0 1 5.63146
0 0 0 0 1 5.67597
0 0 0 0 1 5.6924
0 0 0 0 1 5.70533
0 0 0 0 0 5.66515
0 0 0 0 1 5.74458
0 0 0 0 1 5.67025
0 0 0 0 1 5.75399
0 0 0 0 1 5.7483
0 0 0 0 0 5.71399
0 0 0 0 1 5.71413
0 0 0 0 0 5.7489
0 0 0 0 1 5.79721
0 0 0 0 1 5.78618
0 0 0 0 1 5.73463
0 0 0 0 1 5.77001
0 0 0 0 0 5.75909
0 0 0 0 0 5.81814
0 0 0 0 1 5.78405
0 0 0 0 1 5.8978
0 0 0 0 0 5.80097
0 0 0 0 1 5.8784
0 0 0 0 1 5.93859
0 0 0 0 1 5.88703
0 0 0 0 0 5.94173
0 0 0 0 0 5.9197
0 0 0 0 1 5.94514
0 0 0 0 1 5.97076
0 0 0 0 1 5.93092
0 0 0 0 1 5.99859
0 0 0 0 0 6.03194
0 0 0 0 1 6.06418
0 0 0 0 0 6.07255
0 0 0 0 1 6.01465
0 0 0 0 1 6.04603
0 0 0 0 0 6.10311
0 0 0 0 0 6.13011
0 0 0 0 1 6.07802
0 0 0 0 1 6.1235
0 0 0 0 1 6.15698
0 0 0 0 1 6.14048
0 0 0 0 1 6.19377
0 0 0 0 1 6.2031
0 0 0 0 1 6.23106
0 0 0 0 1 6.15994
0 0 0 0 1 6.2368
0 0 0 0 1 6.22149
0 0 0 0 1 6.21238
0 0 0 0 1 6.33412
0 0 0 0 0 6.33159
0 0 0 0 1 6.25334
0 0 0 0 1 6.37082
0 0 0 0 0 6.35572
0 0 0 0 1 6.37792
0 0 0 0 0 6.4266
0 0 0 0 1 6.37877
0 0 0 0 1 6.4085
0 0 0 0 1 6.45055
0 0 0 0 1 6.51944
0 0 0 0 1 6.43246
0 0 0 0 1 6.51473
0 0 0 0 0 6.52574
0 0 0 0 1 6.54987
0 0 0 0 0 6.51445
0 0 0 0 1 6.52485
0 0 0 0 1 6.63502
0 0 0 0 1 6.58627
0 0 0 0 1 6.71004
0 0 0 0 1 6.72123
0 0 0 0 0 6.68615
0 0 0 0 1 6.76495
0 0 0 0 1 6.79657
0 0 0 0 1 6.78107
0 0 0 0 1 6.79255
0 0 0 0 1 6.84494
0 0 0 0 1 6.87717
0 0 0 0 0 6.81353
0 0 0 0 0 6.85267
0 0 0 0 1 6.95426
0 0 0 0 1 6.98759
0 0 0 0 0 6.90935
0 0 0 0 1 6.97014
0 0 0 0 1 6.97523
0 0 0 0 1 7.07178
0 0 0 0 0 7.09795
0 0 0 0 0 7.07498
0 0 0 0 1 7.11587
0 0 0 0 1 7.16414
0 0 0 0 1 7.1194
0 0 0 0 1 7.15347
0 0 0 0 0 7.19451
0 0 0 0 0 7.27256
0 0 0 0 1 7.23396
0 0 0 0 0 7.29797
0 0 0 0 1 7.39141
0 0 0 0 1 7.4493
0 0 0 0 1 7.39557
0 0 0 0 0 7.46041
0 0 0 0 1 7.5186
0 0 0 0 1 7.58428
0 0 0 0 1 7.6051
0 0 0 0 1 7.61835
0 0 0 0 1 7.63196
0 0 0 0 1 7.62982
0 0 0 0 0 7.75819
0 0 0 0 1 7.75625
0 0 0 0 0 7.80067
0 0 0 0 1 7.86871
0 0 0 0 1 7.89841
0 0 0 0 1 7.89635
0 0 0 0 0 7.88566
0 0 0 0 1 8.0261
0 0 0 0 1 7.98352
0 0 0 0 1 8.08526
0 0 0 0 0 8.11513
0 0 0 0 1 8.11265
0 0 0 0 0 8.19085
0 0 0 0 1 8.26189
0 0 0 0 1 8.18468
0 0 0 0 1 8.32156
0 0 0 0 1 8.26045
0 0 0 0 1 8.41527
0 0 0 0 1 8.42846
0 0 0 0 1 8.39917
0 0 0 0 1 8.59033
0 0 0 0 1 8.63786
0 0 0 0 1 8.60027
0 0 0 0 1 8.64768
0 0 0 0 1 8.76404
0 0 0 0 0 8.81212
0 0 0 0 1 8.8332
0 0 0 0 0 8.74963
0 0 0 0 0 8.97424
0 0 0 0 1 9.01321
0 0 0 0 0 8.9801
0 0 0 0 1 9.14544
0 0 0 0 0 9.20378
0 0 0 0 1 9.25227
0 0 0 0 1 9.16242
0 0 0 0 1 9.3123
0 0 0 0 1 9.42716
0 0 0 0 0 9.36224
0 0 0 0 0 9.48616
0 0 0 0 0 9.59088
0 0 0 0 0 9.66756
0 0 0 0 1 9.57211
0 0 0 0 1 9.80375
0 0 0 0 1 9.84221
0 0 0 0 1 9.91985
0 0 0 0 1 9.96948
0 0 0 0 1 9.99623
0 0 0 0 0 9.97375
0 0 0 0 1 10.0295
0 0 0 0 1 10.1787
0 0 0 0 1 10.379
0 0 0 0 0 10.3224
0 0 0 0 1 10.4432
0 0 0 0 1 10.4475
0 0 0 0 1 10.4932
0 0 0 0 1 10.6218
0 0 0 0 1 10.6998
0 0 0 0 1 10.8407
0 0 0 0 0 10.819
0 0 0 0 0 10.9631
0 0 0 0 1 11.1393
0 0 0 0 1 11.2254
0 0 0 0 1 11.2037
0 0 0 0 1 11.3913
0 0 0 0 1 11.4432
0 0 0 0 1 11.6101
0 0 0 0 0 11.7202
0 0 0 0 0 11.8514
0 0 0 0 1 11.9742
0 0 0 0 1 11.8435
0 0 0 0 1 11.9502
0 0 0 0 1 12.2185
0 0 0 0 1 12.3731
0 0 0 0 1 12.5038
0 0 0 0 1 12.4381
0 0 0 0 1 12.5517
0 0 0 0 1 12.8385
0 0 0 0 1 12.7738
0 0 0 0 1 13.1086
0 0 0 0 0 13.0275
0 0 0 0 0 13.2833
0 0 0 0 1 13.4789
0 0 0 0 1 13.6312
0 0 0 0 1 13.5789
0 0 0 0 1 13.6979
0 0 0 0 1 13.9423
0 0 0 0 1 14.0903
0 0 0 0 1 14.2905
0 0 0 0 1 14.3044
0 0 0 0 1 14.4905
0 0 0 0 0 14.6277
0 0 0 0 1 15.0033
0 0 0 0 1 15.0368
0 0 0 0 1 15.1623
0 0 0 0 1 15.3084
0 0 0 0 1 15.6981
0 0 0 0 1 15.7063
0 0 0 0 0 15.9253
0 0 0 0 0 16.2779
0 0 0 0 0 16.5029
0 0 0 0 1 16.5787
0 0 0 0 0 16.8128
0 0 0 0 1 16.981
0 0 0 0 1 17.3637
0 0 0 0 1 17.5142
0 0 0 0 1 17.904
0 0 0 0 1 18.1812
0 0 0 0 0 18.4408
0 0 0 0 0 18.5988
0 0 0 0 1 18.9523
0 0 0 0 1 19.3564
0 0 0 0 1 19.3066
0 0 0 0 1 19.988
0 0 0 0 1 20.3094
0 0 0 0 1 20.3247
0 0 0 0 1 20.8787
0 0 0 0 1 21.102
0 0 0 0 1 21.3312
0 0 0 0 1 18.533
0 0 0 0 1 18.4744
0 0 0 0 0 18.4741
0 0 0 0 1 18.3632
0 0 0 0 1 18.4375
0 0 0 0 1 18.5282
0 0 0 0 0 18.566
0 0 0 0 1 18.3829
0 0 0 0 1 18.3089
0 0 0 0 1 18.3477
0 0 0 0 1 18.35
0 0 0 0 1 18.2608
0 0 0 0 1 18.4655
0 0 0 0 0 18.4869
0 0 0 0 0 18.4537
0 0 0 0 1 18.1264
0 0 0 0 1 18.2039
0 0 0 0 1 18.4094
0 0 0 0 1 18.3229
0 0 0 0 1 18.3281
0 0 0 0 1 18.3518
0 0 0 0 0 18.2483
0 0 0 0 1 18.1453
0 0 0 0 0 18.0427
0 0 0 0 1 18.3223
0 0 0 0 0 18.729
0 0 0 0 1 19.2908
0 0 0 0 1 19.6607
0 0 0 0 1 20.7283
0 0 0 0 0 21.1691
0 0 0 0 1 22.0221
0 0 0 0 1 44.0355
0 0 0 0 1 43.7525
0 0 0 0 1 43.8637
0 0 0 0 1 43.2354
0 0 0 0 1 43.4788
0 0 0 0 1 43.1574
0 0 0 0 1 43.8372
0 0 0 0 1 43.6044
0 0 0 0 1 43.8506
0 0 0 0 0 43.663
0 0 0 0 1 43.6935
0 0 0 0 1 46.0089
0 0 0 0 1 92.7641
0 0 0 0 0 4.98996
0 0 0 0 0 5.03505
0 0 0 0 0 4.98495
0 0 0 0 0 4.96992
0 0 0 0 0 4.99497
0 0 0 0 0 5.01501
0 0 0 0 1 38.3396
0 0 0 0 0 38.2973
0 0 0 0 0 38.2941
0 0 0 0 1 37.8707
0 0 0 0 1 38.1367
0 0 0 0 1 38.2121
0 0 0 0 1 38.0205
0 0 0 0 0 38.2886
0 0 0 0 1 38.5957
0 0 0 0 1 38.4445
0 0 0 0 1 38.4854
0 0 0 0 1 38.3738
0 0 0 0 0 5.03505
0 0 0 0 0 4.98996
0 0 0 0 0 5.05509
0 0 0 0 0 5.00499
0 0 0 0 0 4.96992
0 0 0 0 0 5.02503
0 0 0 0 0 4.98495
0 0 0 0 0 5.03505
0 0 0 0 0 4.99998
0 0 0 0 0 4.97493
0 0 0 0 0 5.03505
0 0 0 0 1 98.886
0 0 0 0 1 94.7314
0 0 0 0 1 88.5124
0 0 0 0 1 84.0039
0 0 0 0 1 81.556
0 0 0 0 1 76.769
0 0 0 0 1 74.549
0 0 0 0 1 71.4645
0 0 0 0 1 68.0011
0 0 0 0 1 65.264
0 0 0 0 1 62.6639
0 0 0 0 0 60.1355
0 0 0 0 0 58.3049
0 0 0 0 1 56.4373
0 0 0 0 1 54.4015
0 0 0 0 1 52.8806
0 0 0 0 1 52.0064
0 0 0 0 0 50.2889
0 0 0 0 1 48.9166
0 0 0 0 1 47.1393
0 0 0 0 1 46.2374
0 0 0 0 1 44.7687
0 0 0 0 0 43.4515
0 0 0 0 1 43.012
0 0 0 0 1 41.8215
0 0 0 0 1 40.6696
0 0 0 0 1 39.853
0 0 0 0 1 38.9259
0 0 0 0 1 37.642
0 0 0 0 1 37.0194
0 0 0 0 1 36.2835
0 0 0 0 1 35.8863
0 0 0 0 1 35.1063
0 0 0 0 1 33.9979
0 0 0 0 1 33.3808
0 0 0 0 1 33.0127
0 0 0 0 1 32.5679
0 0 0 0 1 31.367
0 0 0 0 1 31.2135
0 0 0 0 1 30.4542
0 0 0 0 0 30.1332
0 0 0 0 1 29.7756
0 0 0 0 1 29.1136
0 0 0 0 1 28.7248
0 0 0 0 1 28.0719
0 0 0 0 0 27.4908
0 0 0 0 1 27.1966
0 0 0 0 1 26.8547
0 0 0 0 1 26.4076
0 0 0 0 1 26.2229
0 0 0 0 1 25.5642
0 0 0 0 1 25.4044
0 0 0 0 1 24.75
0 0 0 0 0 24.6948
0 0 0 0 1 24.0444
0 0 0 0 0 23.7237
0 0 0 0 1 23.4507
0 0 0 0 1 23.1258
0 0 0 0 1 22.8574
0 0 0 0 1 22.4885
0 0 0 0 1 22.3649
0 0 0 0 1 22.2345
0 0 0 0 0 21.7979
0 0 0 0 1 21.4584
0 0 0 0 1 21.3472
0 0 0 0 0 21.1037
0 0 0 0 1 20.6935
0 0 0 0 1 20.7623
0 0 0 0 1 20.3737
0 0 0 0 1 20.3431
0 0 0 0 1 19.9878
0 0 0 0 1 19.8043
0 0 0 0 1 19.5217
0 0 0 0 0 19.3672
0 0 0 0 0 19.2784
0 0 0 0 1 18.894
0 0 0 0 1 18.645
0 0 0 0 1 18.6479
0 0 0 0 1 18.2892
0 0 0 0 0 18.2617
0 0 0 0 1 17.9614
0 0 0 0 1 17.7976
0 0 0 0 1 17.5282
0 0 0 0 1 17.4187
0 0 0 0 1 17.4993
0 0 0 0 1 17.3524
0 0 0 0 0 17.0783
0 0 0 0 1 17.0093
0 0 0 0 1 16.7049
0 0 0 0 0 16.5451
0 0 0 0 1 16.3037
0 0 0 0 1 16.2109
0 0 0 0 1 16.1661
0 0 0 0 1 16.0737
0 0 0 0 0 15.7655
0 0 0 0 1 15.893
0 0 0 0 1 15.6834
0 0 0 0 1 15.4735
0 0 0 0 1 15.3969
0 0 0 0 0 15.1674
0 0 0 0 1 14.9939
0 0 0 0 1 14.8881
0 0 0 0 0 14.976
0 0 0 0 1 14.9158
0 0 0 0 1 14.729
0 0 0 0 1 14.6894
0 0 0 0 0 14.5418
0 0 0 0 1 14.4814
0 0 0 0 0 14.2922
0 0 0 0 0 14.1045
0 0 0 0 1 14.1292
0 0 0 0 1 14.0213
0 0 0 0 0 13.739
0 0 0 0 0 13.7846
0 0 0 0 1 13.5741
0 0 0 0 1 13.6537
0 0 0 0 1 13.5745
0 0 0 0 1 13.3481
0 0 0 0 0 13.3766
0 0 0 0 1 13.2799
0 0 0 0 1 13.2756
0 0 0 0 1 12.9832
0 0 0 0 0 12.9144
0 0 0 0 1 12.794
0 0 0 0 1 12.8363
0 0 0 0 0 12.7547
0 0 0 0 0 12.7872
0 0 0 0 0 12.4995
0 0 0 0 1 12.4318
0 0 0 0 1 12.3304
0 0 0 0 1 12.4814
0 0 0 0 0 12.376
0 0 0 0 1 12.3038
0 0 0 0 1 12.0495
0 0 0 0 1 12.1437
0 0 0 0 1 12.1162
0 0 0 0 0 12.0687
0 0 0 0 1 11.9102
0 0 0 0 0 11.7688
0 0 0 0 1 11.648
0 0 0 0 1 11.8086
0 0 0 0 1 11.6647
0 0 0 0 1 11.6029
0 0 0 0 0 11.5758
0 0 0 0 1 11.56
0 0 0 0 1 11.4642
0 0 0 0 1 11.2407
0 0 0 0 1 11.3348
0 0 0 0 1 11.162
0 0 0 0 1 11.2102
0 0 0 0 1 11.0835
0 0 0 0 1 11.0093
0 0 0 0 0 10.9466
0 0 0 0 1 10.8513
0 0 0 0 1 10.9855
0 0 0 0 1 10.7493
0 0 0 0 1 10.8606
0 0 0 0 1 10.8308
0 0 0 0 0 10.6621
0 0 0 0 1 10.7395
0 0 0 0 0 10.5759
0 0 0 0 1 10.4943
0 0 0 0 1 10.4867
0 0 0 0 1 10.479
0 0 0 0 1 10.3845
0 0 0 0 1 10.3458
0 0 0 0 1 10.2729
0 0 0 0 1 10.3341
0 0 0 0 1 10.2309
0 0 0 0 1 10.1079
0 0 0 0 1 10.0974
0 0 0 0 1 10.1477
0 0 0 0 1 10.0294
0 0 0 0 1 9.92869
0 0 0 0 1 9.90861
0 0 0 0 0 9.96815
0 0 0 0 1 9.86527
0 0 0 0 1 9.7762
0 0 0 0 1 9.76312
0 0 0 0 0 9.70431
0 0 0 0 1 9.83136
0 0 0 0 1 9.74336
0 0 0 0 1 9.71087
0 0 0 0 1 9.55625
0 0 0 0 1 9.55335
0 0 0 0 0 9.68464
0 0 0 0 0 9.63659
0 0 0 0 1 9.43337
0 0 0 0 1 9.53822
0 0 0 0 1 9.38394
0 0 0 0 1 9.32482
0 0 0 0 1 9.31625
0 0 0 0 0 9.41666
0 0 0 0 1 9.23676
0 0 0 0 1 9.20336
0 0 0 0 1 9.26931
0 0 0 0 1 9.2577
0 0 0 0 0 9.23694
0 0 0 0 1 9.10625
0 0 0 0 1 9.10436
0 0 0 0 0 9.12981
0 0 0 0 1 9.10059
0 0 0 0 1 9.09872
0 0 0 0 1 8.97954
0 0 0 0 1 9.02877
0 0 0 0 1 9.04509
0 0 0 0 1 9.03123
0 0 0 0 0 8.86903
0 0 0 0 0 8.82348
0 0 0 0 1 8.85804
0 0 0 0 1 8.91009
0 0 0 0 1 8.78222
0 0 0 0 1 8.77274
0 0 0 0 1 8.73705
0 0 0 0 1 8.83473
0 0 0 0 1 8.65956
0 0 0 0 0 8.67334
0 0 0 0 1 8.66449
0 0 0 0 1 8.6869
0 0 0 0 1 8.63502
0 0 0 0 1 8.59722
0 0 0 0 1 8.57173
0 0 0 0 1 8.62853
0 0 0 0 1 8.46665
0 0 0 0 1 8.55756
0 0 0 0 1 8.46121
0 0 0 0 1 8.4501
0 0 0 0 1 8.37991
0 0 0 0 1 8.44508
0 0 0 0 0 8.36216
0 0 0 0 1 8.35163
0 0 0 0 0 8.35796
0 0 0 0 1 8.36432
0 0 0 0 0 8.40407
0 0 0 0 0 8.36422
0 0 0 0 1 8.28779
0 0 0 0 0 8.1952
0 0 0 0 1 8.23145
0 0 0 0 0 8.3209
0 0 0 0 1 8.19609
0 0 0 0 0 8.28539
0 0 0 0 0 8.15316
0 0 0 0 0 8.13604
0 0 0 0 1 8.23332
0 0 0 0 1 8.15929
0 0 0 0 1 8.15066
0 0 0 0 1 8.12595
0 0 0 0 1 8.02859
0 0 0 0 1 8.02865
0 0 0 0 1 8.11748
0 0 0 0 1 8.02496
0 0 0 0 1 7.96104
0 0 0 0 1 8.02576
0 0 0 0 1 8.01031
0 0 0 0 1 7.93913
0 0 0 0 1 7.99167
0 0 0 0 1 7.93688
0 0 0 0 1 7.96187
0 0 0 0 0 7.87584
0 0 0 0 1 7.93276
0 0 0 0 0 7.91412
0 0 0 0 1 7.89998
0 0 0 0 1 7.88601
0 0 0 0 0 7.82845
0 0 0 0 0 7.87326
0 0 0 0 1 7.88326
0 0 0 0 0 7.88554
0 0 0 0 1 7.77068
0 0 0 0 1 7.75319
0 0 0 0 1 7.85739
0 0 0 0 1 7.80574
0 0 0 0 1 7.80414
0 0 0 0 1 7.79178
0 0 0 0 1 7.81364
