0 0 0 0 1 5.49918
0 0 0 0 1 5.57455
0 0 0 0 1 5.47874
0 0 0 0 1 5.48492
0 0 0 0 1 5.51652
0 0 0 0 0 5.5539
0 0 0 0 1 5.51264
0 0 0 0 1 5.62827
0 0 0 0 0 5.60149
0 0 0 0 1 5.57807
0 0 0 0 1 5.63866
0 0 0 0 0 5.63787
0 0 0 0 0 5.5831
0 0 0 0 0 5.68367
0 0 0 0 1 5.69451
0 0 0 0 1 5.68488
0 0 0 0 1 5.68461
0 0 0 0 1 5.65238
0 0 0 0 1 5.7203
0 0 0 0 1 5.73358
0 0 0 0 1 5.7451
0 0 0 0 1 5.68259
0 0 0 0 1 5.72853
0 0 0 0 1 5.77475
0 0 0 0 1 5.70819
0 0 0 0 1 5.71442
0 0 0 0 1 5.73228
0 0 0 0 1 5.74043
0 0 0 0 1 5.8337
0 0 0 0 0 5.82315
0 0 0 0 1 5.74876
0 0 0 0 0 5.84287
0 0 0 0 1 5.81653
0 0 0 0 0 5.88789
0 0 0 0 1 5.89525
0 0 0 0 1 5.84403
0 0 0 0 1 5.93379
0 0 0 0 1 5.91339
0 0 0 0 1 5.95062
0 0 0 0 1 5.8934
0 0 0 0 0 5.96052
0 0 0 0 1 6.00424
0 0 0 0 0 5.94691
0 0 0 0 1 6.03271
0 0 0 0 1 6.00521
0 0 0 0 1 5.98964
0 0 0 0 1 6.04623
0 0 0 0 1 5.98855
0 0 0 0 0 6.10595
0 0 0 0 1 6.07852
0 0 0 0 1 6.0996
0 0 0 0 1 6.066
0 0 0 0 1 6.06174
0 0 0 0 1 6.15657
0 0 0 0 1 6.10453
0 0 0 0 0 6.19479
0 0 0 0 1 6.10566
0 0 0 0 1 6.17593
0 0 0 0 1 6.21037
0 0 0 0 1 6.20769
0 0 0 0 1 6.2603
0 0 0 0 1 6.24526
0 0 0 0 1 6.2929
0 0 0 0 1 6.28967
0 0 0 0 1 6.31329
0 0 0 0 1 6.33547
0 0 0 0 1 6.3078
0 0 0 0 1 6.40018
0 0 0 0 1 6.36614
0 0 0 0 1 6.45932
0 0 0 0 0 6.39954
0 0 0 0 0 6.48054
0 0 0 0 0 6.49218
0 0 0 0 1 6.52857
0 0 0 0 1 6.44226
0 0 0 0 0 6.47216
0 0 0 0 1 6.56774
0 0 0 0 0 6.55288
0 0 0 0 1 6.53072
0 0 0 0 1 6.65389
0 0 0 0 1 6.59264
0 0 0 0 1 6.61085
0 0 0 0 1 6.72871
0 0 0 0 1 6.72011
0 0 0 0 0 6.77193
0 0 0 0 1 6.77685
0 0 0 0 1 6.80209
0 0 0 0 1 6.81432
0 0 0 0 1 6.87388
0 0 0 0 1 6.80378
0 0 0 0 1 6.85678
0 0 0 0 1 6.95149
0 0 0 0 0 6.88764
0 0 0 0 0 6.87884
0 0 0 0 1 6.95403
0 0 0 0 1 7.02224
0 0 0 0 1 7.05543
0 0 0 0 1 7.12445
0 0 0 0 1 7.02398
0 0 0 0 1 7.09996
0 0 0 0 1 7.19117
0 0 0 0 1 7.20448
0 0 0 0 0 7.26749
0 0 0 0 1 7.1651
0 0 0 0 1 7.32982
0 0 0 0 0 7.22658
0 0 0 0 1 7.26099
0 0 0 0 1 7.35512
0 0 0 0 0 7.39752
0 0 0 0 1 7.33643
0 0 0 0 1 7.4462
0 0 0 0 1 7.39946
0 0 0 0 0 7.55487
0 0 0 0 1 7.58364
0 0 0 0 1 7.54401
0 0 0 0 1 7.66363
0 0 0 0 1 7.70775
0 0 0 0 1 7.6138
0 0 0 0 1 7.78122
0 0 0 0 1 7.73329
0 0 0 0 1 7.74665
0 0 0 0 1 7.83816
0 0 0 0 1 7.78836
0 0 0 0 1 7.93589
0 0 0 0 1 7.9099
0 0 0 0 1 8.00314
0 0 0 0 0 7.96075
0 0 0 0 1 8.0058
0 0 0 0 1 8.06727
0 0 0 0 1 8.14642
0 0 0 0 0 8.23327
0 0 0 0 1 8.29606
0 0 0 0 1 8.25163
0 0 0 0 1 8.39777
0 0 0 0 0 8.3115
0 0 0 0 0 8.45044
0 0 0 0 1 8.50603
0 0 0 0 1 8.46834
0 0 0 0 1 8.52392
0 0 0 0 1 8.53751
0 0 0 0 1 8.59262
0 0 0 0 1 8.75303
0 0 0 0 1 8.8005
0 0 0 0 1 8.82317
0 0 0 0 0 8.75575
0 0 0 0 1 8.95397
0 0 0 0 0 8.93025
0 0 0 0 0 8.95172
0 0 0 0 1 9.01736
0 0 0 0 1 9.14712
0 0 0 0 1 9.1128
0 0 0 0 1 9.29085
0 0 0 0 1 9.24673
0 0 0 0 1 9.42469
0 0 0 0 1 9.37962
0 0 0 0 1 9.50383
0 0 0 0 1 9.59931
0 0 0 0 0 9.5514
0 0 0 0 0 9.74496
0 0 0 0 1 9.81275
0 0 0 0 1 9.8024
0 0 0 0 1 9.76158
0 0 0 0 1 9.96765
0 0 0 0 0 9.96589
0 0 0 0 1 10.0524
0 0 0 0 0 10.1206
0 0 0 0 0 10.1975
0 0 0 0 1 10.2231
0 0 0 0 1 10.3225
0 0 0 0 1 10.3894
0 0 0 0 1 10.4564
0 0 0 0 1 10.6505
0 0 0 0 1 10.5883
0 0 0 0 1 10.8039
0 0 0 0 1 10.8285
0 0 0 0 0 10.9597
0 0 0 0 0 11.0697
0 0 0 0 1 11.1914
0 0 0 0 1 11.2914
0 0 0 0 0 11.324
0 0 0 0 1 11.3421
0 0 0 0 1 11.3907
0 0 0 0 0 11.4905
0 0 0 0 1 11.6551
0 0 0 0 0 11.7414
0 0 0 0 1 11.908
0 0 0 0 1 11.9828
0 0 0 0 1 11.9818
0 0 0 0 0 12.1711
0 0 0 0 1 12.2914
0 0 0 0 1 12.4835
0 0 0 0 1 12.4761
0 0 0 0 0 12.7583
0 0 0 0 1 12.8262
0 0 0 0 1 12.9246
0 0 0 0 1 13.1217
0 0 0 0 0 13.2202
0 0 0 0 1 13.2158
0 0 0 0 1 13.5814
0 0 0 0 1 13.5713
0 0 0 0 1 13.6545
0 0 0 0 1 13.8664
0 0 0 0 0 14.1033
0 0 0 0 1 14.2427
0 0 0 0 0 14.3632
0 0 0 0 0 14.5217
0 0 0 0 1 14.6164
0 0 0 0 0 14.962
0 0 0 0 1 14.9967
0 0 0 0 1 15.3056
0 0 0 0 1 15.3468
0 0 0 0 1 15.5874
0 0 0 0 1 15.7225
0 0 0 0 1 15.8724
0 0 0 0 1 16.1183
0 0 0 0 1 16.1951
0 0 0 0 1 16.6666
0 0 0 0 0 16.819
0 0 0 0 1 17.1837
0 0 0 0 1 17.3377
0 0 0 0 1 17.3673
0 0 0 0 0 17.9152
0 0 0 0 1 17.9144
0 0 0 0 0 18.3359
0 0 0 0 1 18.4204
0 0 0 0 0 18.9039
0 0 0 0 1 19.1651
0 0 0 0 0 19.3098
0 0 0 0 1 19.8729
0 0 0 0 1 20.0943
0 0 0 0 1 20.3332
0 0 0 0 1 20.7544
0 0 0 0 0 20.8734
0 0 0 0 1 21.2724
0 0 0 0 1 21.5743
0 0 0 0 0 22.3235
0 0 0 0 1 22.4778
0 0 0 0 1 22.9182
0 0 0 0 1 23.4398
0 0 0 0 1 24.0563
0 0 0 0 1 24.5149
0 0 0 0 0 25.0324
0 0 0 0 1 25.0906
0 0 0 0 0 25.9505
0 0 0 0 0 26.1853
0 0 0 0 0 26.8308
0 0 0 0 0 27.7672
0 0 0 0 1 27.9879
0 0 0 0 1 28.5552
0 0 0 0 1 29.2466
0 0 0 0 0 29.9981
0 0 0 0 1 31.2872
0 0 0 0 1 31.6563
0 0 0 0 1 32.902
0 0 0 0 0 33.7287
0 0 0 0 1 34.4145
0 0 0 0 1 35.6323
0 0 0 0 0 36.6663
0 0 0 0 1 37.5792
0 0 0 0 1 39.0155
0 0 0 0 1 39.9027
0 0 0 0 1 41.8617
0 0 0 0 1 43.4339
0 0 0 0 1 44.6757
0 0 0 0 1 46.1503
0 0 0 0 1 48.4705
0 0 0 0 1 50.135
0 0 0 0 1 52.6742
0 0 0 0 1 55.3364
0 0 0 0 1 57.6137
0 0 0 0 0 60.9129
0 0 0 0 1 55.4767
0 0 0 0 0 55.569
0 0 0 0 0 55.2712
0 0 0 0 1 56.1462
0 0 0 0 1 55.6839
0 0 0 0 1 56.1139
0 0 0 0 1 55.4869
0 0 0 0 1 56.1973
0 0 0 0 1 59.3678
0 0 0 0 0 78.5718
0 0 0 0 1 79.5894
0 0 0 0 1 80.74
0 0 0 0 0 4.98996
0 0 0 0 0 5.03004
0 0 0 0 0 5.00499
0 0 0 0 0 5.00499
0 0 0 0 0 87.9881
0 0 0 0 1 88.422
0 0 0 0 1 87.0174
0 0 0 0 1 86.929
0 0 0 0 1 86.8421
0 0 0 0 1 87.9838
0 0 0 0 0 4.96992
0 0 0 0 0 5.01501
0 0 0 0 0 5.03004
0 0 0 0 0 5.0601
0 0 0 0 0 5.01501
0 0 0 0 0 4.9599
0 0 0 0 1 69.1312
0 0 0 0 1 68.0374
0 0 0 0 1 67.0406
0 0 0 0 1 67.9985
0 0 0 0 0 67.2061
0 0 0 0 1 67.9648
0 0 0 0 1 67.7816
0 0 0 0 0 67.8012
0 0 0 0 0 99.0656
0 0 0 0 1 94.8828
0 0 0 0 0 88.9183
0 0 0 0 1 84.9015
0 0 0 0 1 81.2831
0 0 0 0 1 76.2935
0 0 0 0 1 73.4992
0 0 0 0 1 70.1619
0 0 0 0 1 67.232
0 0 0 0 1 65.1083
0 0 0 0 0 62.2792
0 0 0 0 1 60.6616
0 0 0 0 1 58.7027
0 0 0 0 1 56.6965
0 0 0 0 1 55.1529
0 0 0 0 1 52.8633
0 0 0 0 1 51.4203
0 0 0 0 1 49.5183
0 0 0 0 1 48.6027
0 0 0 0 1 46.8327
0 0 0 0 1 45.5888
0 0 0 0 1 44.3947
0 0 0 0 1 43.2263
0 0 0 0 1 42.4501
0 0 0 0 1 41.1792
0 0 0 0 1 40.4871
0 0 0 0 1 39.4849
0 0 0 0 1 38.5165
0 0 0 0 0 37.5156
0 0 0 0 1 37.3859
0 0 0 0 1 36.206
0 0 0 0 0 35.6414
0 0 0 0 1 34.8559
0 0 0 0 1 33.8886
0 0 0 0 1 33.5643
0 0 0 0 0 32.6101
0 0 0 0 1 32.0427
0 0 0 0 1 31.3895
0 0 0 0 1 30.7992
0 0 0 0 1 30.291
0 0 0 0 1 29.8315
0 0 0 0 1 29.4391
0 0 0 0 0 29.2464
0 0 0 0 1 28.7404
0 0 0 0 0 28.1431
0 0 0 0 1 27.9198
0 0 0 0 0 27.346
0 0 0 0 1 26.6623
0 0 0 0 1 26.3136
0 0 0 0 1 25.8269
0 0 0 0 1 25.8147
0 0 0 0 0 25.221
0 0 0 0 1 25.1173
0 0 0 0 0 24.5498
0 0 0 0 1 24.4008
0 0 0 0 0 23.8264
0 0 0 0 1 23.7259
0 0 0 0 0 23.5135
0 0 0 0 0 23.0004
0 0 0 0 0 22.7162
0 0 0 0 1 22.2532
0 0 0 0 1 22.1491
0 0 0 0 1 21.7102
0 0 0 0 0 21.4055
0 0 0 0 1 21.5384
0 0 0 0 1 21.1565
0 0 0 0 0 20.6622
0 0 0 0 1 20.8017
0 0 0 0 1 20.2606
0 0 0 0 1 19.9981
0 0 0 0 1 19.8366
0 0 0 0 1 19.5256
0 0 0 0 0 19.3926
0 0 0 0 0 19.2198
0 0 0 0 1 19.2559
0 0 0 0 0 19.0138
0 0 0 0 1 18.7913
0 0 0 0 0 18.5143
0 0 0 0 1 18.5054
0 0 0 0 0 18.0939
0 0 0 0 1 18.02
0 0 0 0 1 17.7666
0 0 0 0 0 17.7531
0 0 0 0 1 17.6587
0 0 0 0 1 17.1823
0 0 0 0 1 17.2874
0 0 0 0 1 16.8519
0 0 0 0 1 16.8351
0 0 0 0 1 16.6581
0 0 0 0 0 16.6718
0 0 0 0 1 16.4949
0 0 0 0 1 16.2863
0 0 0 0 1 16.0236
0 0 0 0 1 16.1633
0 0 0 0 1 15.7187
0 0 0 0 0 15.6905
0 0 0 0 1 15.5117
0 0 0 0 1 15.5994
0 0 0 0 1 15.4206
0 0 0 0 1 15.1604
0 0 0 0 1 15.0322
0 0 0 0 1 15.0309
0 0 0 0 1 14.9177
0 0 0 0 1 14.7013
0 0 0 0 1 14.604
0 0 0 0 1 14.4486
0 0 0 0 0 14.3257
0 0 0 0 1 14.2581
0 0 0 0 1 14.1559
0 0 0 0 1 13.9975
0 0 0 0 1 14.163
0 0 0 0 1 13.8317
0 0 0 0 1 13.947
0 0 0 0 1 13.7899
0 0 0 0 1 13.5603
0 0 0 0 1 13.4686
0 0 0 0 0 13.5741
0 0 0 0 0 13.2539
0 0 0 0 1 13.3759
0 0 0 0 1 13.1867
0 0 0 0 1 13.1697
0 0 0 0 0 12.9482
0 0 0 0 0 12.9053
0 0 0 0 1 12.9477
0 0 0 0 1 12.8782
0 0 0 0 0 12.8343
0 0 0 0 1 12.7017
0 0 0 0 1 12.6868
0 0 0 0 1 12.4678
0 0 0 0 1 12.4948
0 0 0 0 0 12.2616
0 0 0 0 1 12.2515
0 0 0 0 1 12.1554
0 0 0 0 0 12.1084
0 0 0 0 1 12.1337
0 0 0 0 0 12.0822
0 0 0 0 0 11.8875
0 0 0 0 1 11.8171
0 0 0 0 1 11.8493
0 0 0 0 1 11.7867
0 0 0 0 1 11.6893
0 0 0 0 1 11.5693
0 0 0 0 1 11.6003
0 0 0 0 1 11.5616
0 0 0 0 1 11.3743
0 0 0 0 1 11.2756
0 0 0 0 0 11.3399
0 0 0 0 1 11.1892
0 0 0 0 1 11.1368
0 0 0 0 1 11.1885
0 0 0 0 1 11.1989
0 0 0 0 1 11.1167
0 0 0 0 0 10.9545
0 0 0 0 1 11.0122
0 0 0 0 0 10.9747
0 0 0 0 1 10.9195
0 0 0 0 0 10.7385
0 0 0 0 0 10.8273
0 0 0 0 1 10.6159
0 0 0 0 0 10.6933
0 0 0 0 0 10.5229
0 0 0 0 0 10.5013
0 0 0 0 0 10.4831
0 0 0 0 1 10.4022
0 0 0 0 1 10.3704
0 0 0 0 0 10.4249
0 0 0 0 1 10.2073
0 0 0 0 1 10.1864
0 0 0 0 1 10.2679
0 0 0 0 1 10.2161
0 0 0 0 1 10.053
0 0 0 0 1 10.1367
0 0 0 0 1 10.0455
0 0 0 0 1 10.0717
0 0 0 0 1 10.071
0 0 0 0 1 9.85136
0 0 0 0 0 9.93043
0 0 0 0 1 9.82139
0 0 0 0 1 9.90953
0 0 0 0 1 9.79144
0 0 0 0 1 9.83349
0 0 0 0 1 9.7649
0 0 0 0 0 9.77417
0 0 0 0 1 9.71264
0 0 0 0 1 9.70267
0 0 0 0 1 9.48219
0 0 0 0 0 9.50795
0 0 0 0 1 9.57151
0 0 0 0 1 9.37881
0 0 0 0 1 9.35111
0 0 0 0 1 9.49901
0 0 0 0 1 9.3928
0 0 0 0 1 9.29049
0 0 0 0 1 9.28801
0 0 0 0 1 9.35657
0 0 0 0 1 9.27983
0 0 0 0 1 9.23122
0 0 0 0 0 9.23208
0 0 0 0 1 9.17478
0 0 0 0 1 9.19997
0 0 0 0 1 9.08853
0 0 0 0 0 9.15916
0 0 0 0 1 9.13574
0 0 0 0 1 8.93533
0 0 0 0 1 9.04177
0 0 0 0 1 8.90564
0 0 0 0 1 8.84741
0 0 0 0 1 8.81959
0 0 0 0 0 8.90741
0 0 0 0 1 8.79108
0 0 0 0 1 8.86634
0 0 0 0 1 8.80031
0 0 0 0 1 8.74679
0 0 0 0 0 8.71989
0 0 0 0 1 8.79459
0 0 0 0 0 8.68941
0 0 0 0 1 8.74647
0 0 0 0 1 8.59013
0 0 0 0 1 8.71969
0 0 0 0 1 8.66091
0 0 0 0 1 8.58352
0 0 0 0 1 8.49455
0 0 0 0 0 8.52577
0 0 0 0 1 8.58596
0 0 0 0 1 8.53183
0 0 0 0 1 8.43067
0 0 0 0 1 8.49576
0 0 0 0 1 8.43397
0 0 0 0 1 8.43149
0 0 0 0 1 8.41226
0 0 0 0 0 8.46026
0 0 0 0 0 8.44954
0 0 0 0 1 8.31742
0 0 0 0 1 8.24896
0 0 0 0 0 8.2307
0 0 0 0 1 8.3369
0 0 0 0 1 8.2029
0 0 0 0 0 8.2841
0 0 0 0 1 8.24975
0 0 0 0 1 8.2567
0 0 0 0 1 8.22272
0 0 0 0 0 8.10716
0 0 0 0 1 8.21259
0 0 0 0 0 8.20361
0 0 0 0 1 8.2029
0 0 0 0 1 8.05624
0 0 0 0 1 8.0884
0 0 0 0 0 8.16505
0 0 0 0 1 8.05989
0 0 0 0 0 8.01162
0 0 0 0 1 8.00383
0 0 0 0 1 8.00418
0 0 0 0 1 7.94862
0 0 0 0 1 7.93332
0 0 0 0 1 8.00971
0 0 0 0 1 7.99455
0 0 0 0 0 7.9875
0 0 0 0 1 7.86954
0 0 0 0 1 7.86659
0 0 0 0 1 7.89968
0 0 0 0 1 7.92845
0 0 0 0 1 7.87484
0 0 0 0 1 7.82941
0 0 0 0 1 7.79998
0 0 0 0 1 7.80552
0 0 0 0 1 7.90175
0 0 0 0 0 7.88052
0 0 0 0 1 7.75347
0 0 0 0 1 7.77499
0 0 0 0 0 7.73105
0 0 0 0 0 7.74958
0 0 0 0 0 7.72472
0 0 0 0 1 7.73571
0 0 0 0 0 7.81647
