0 0 0 0 0 4.99998
0 0 0 0 0 4.96491
0 0 0 0 0 5.03505
0 0 0 0 0 5.02002
0 0 0 0 0 4.96491
0 0 0 0 0 5.05509
0 0 0 0 0 5.0601
0 0 0 0 0 5.01501
0 0 0 0 0 4.99998
0 0 0 0 0 4.99497
0 0 0 0 0 5.04507
0 0 0 0 0 4.98495
0 0 0 0 0 5.04507
0 0 0 0 0 5.04507
0 0 0 0 0 5.0601
0 0 0 0 0 4.9599
0 0 0 0 0 5.04507
0 0 0 0 0 4.96491
0 0 0 0 0 5.05509
0 0 0 0 0 4.96992
0 0 0 0 0 5.03004
0 0 0 0 0 4.99497
0 0 0 0 0 4.99497
0 0 0 0 0 4.98996
0 0 0 0 0 5.04507
0 0 0 0 0 4.98495
0 0 0 0 0 4.99497
0 0 0 0 0 5.0601
0 0 0 0 1 8.34899
0 0 0 0 1 8.39723
0 0 0 0 1 8.32113
0 0 0 0 1 8.47585
0 0 0 0 1 8.46725
0 0 0 0 1 8.44603
0 0 0 0 1 8.4842
0 0 0 0 1 8.43797
0 0 0 0 1 8.36254
0 0 0 0 1 8.49355
0 0 0 0 1 8.38008
0 0 0 0 1 8.50379
0 0 0 0 1 8.3819
0 0 0 0 1 8.38306
0 0 0 0 1 8.51531
0 0 0 0 1 8.49997
0 0 0 0 1 8.45078
0 0 0 0 0 8.50736
0 0 0 0 1 8.55198
0 0 0 0 1 8.55428
0 0 0 0 1 8.53474
0 0 0 0 1 8.5117
0 0 0 0 1 8.47165
0 0 0 0 1 8.62853
0 0 0 0 1 8.48095
0 0 0 0 1 8.61272
0 0 0 0 1 8.63332
0 0 0 0 1 8.64554
0 0 0 0 1 8.60101
0 0 0 0 1 8.64796
0 0 0 0 1 8.66928
0 0 0 0 1 8.69946
0 0 0 0 1 8.58263
0 0 0 0 1 8.74315
0 0 0 0 0 8.75112
0 0 0 0 1 8.6256
0 0 0 0 1 8.62174
0 0 0 0 1 8.67906
0 0 0 0 1 8.77475
0 0 0 0 1 8.81521
0 0 0 0 1 8.82964
0 0 0 0 1 8.71264
0 0 0 0 1 8.73599
0 0 0 0 1 8.88278
0 0 0 0 1 8.79209
0 0 0 0 1 8.78071
0 0 0 0 1 8.91099
0 0 0 0 1 8.8919
0 0 0 0 1 8.94314
0 0 0 0 1 8.85246
0 0 0 0 1 8.96636
0 0 0 0 1 8.98264
0 0 0 0 1 8.9158
0 0 0 0 0 8.89644
0 0 0 0 1 8.98482
0 0 0 0 1 8.96571
0 0 0 0 1 8.9196
0 0 0 0 1 9.04491
0 0 0 0 0 8.97314
0 0 0 0 1 9.12365
0 0 0 0 1 9.09876
0 0 0 0 1 9.08665
0 0 0 0 0 9.04082
0 0 0 0 1 9.22318
0 0 0 0 1 9.2299
0 0 0 0 1 9.19504
0 0 0 0 0 9.12187
0 0 0 0 1 9.15894
0 0 0 0 1 9.20283
0 0 0 0 1 9.30512
0 0 0 0 1 9.35905
0 0 0 0 1 9.31358
0 0 0 0 1 9.27926
0 0 0 0 0 9.25904
0 0 0 0 1 9.38167
0 0 0 0 1 9.43678
0 0 0 0 1 9.3067
0 0 0 0 1 9.3548
0 0 0 0 1 9.38463
0 0 0 0 1 9.53521
0 0 0 0 1 9.4423
0 0 0 0 1 9.55821
0 0 0 0 1 9.59852
0 0 0 0 1 9.54106
0 0 0 0 1 9.67504
0 0 0 0 0 9.52132
0 0 0 0 1 9.70935
0 0 0 0 1 9.6493
0 0 0 0 1 9.77098
0 0 0 0 1 9.75219
0 0 0 0 1 9.782
0 0 0 0 1 9.74357
0 0 0 0 1 9.7007
0 0 0 0 1 9.83865
0 0 0 0 1 9.83954
0 0 0 0 1 9.91278
0 0 0 0 1 9.84462
0 0 0 0 1 9.95483
0 0 0 0 1 10.0591
0 0 0 0 1 9.96079
0 0 0 0 1 10.1024
0 0 0 0 1 10.0674
0 0 0 0 1 9.97834
0 0 0 0 1 10.1795
0 0 0 0 1 10.1039
0 0 0 0 0 10.1948
0 0 0 0 1 10.101
0 0 0 0 1 10.3049
0 0 0 0 0 10.2598
0 0 0 0 1 10.3521
0 0 0 0 1 10.2862
0 0 0 0 1 10.431
0 0 0 0 1 10.4231
0 0 0 0 1 10.4377
0 0 0 0 1 10.5844
0 0 0 0 1 10.5496
0 0 0 0 1 10.5391
0 0 0 0 1 10.6204
0 0 0 0 0 10.7375
0 0 0 0 0 10.6813
0 0 0 0 0 10.7185
0 0 0 0 1 10.7914
0 0 0 0 1 10.8856
0 0 0 0 1 10.9187
0 0 0 0 1 10.7942
0 0 0 0 1 10.8213
0 0 0 0 1 10.9171
0 0 0 0 1 10.9254
0 0 0 0 1 11.1213
0 0 0 0 0 11.0279
0 0 0 0 0 11.0587
0 0 0 0 1 11.243
0 0 0 0 1 11.1262
0 0 0 0 1 11.2895
0 0 0 0 1 11.2283
0 0 0 0 1 11.3814
0 0 0 0 1 11.4791
0 0 0 0 1 11.3717
0 0 0 0 1 11.5358
0 0 0 0 1 11.5218
0 0 0 0 0 11.4676
0 0 0 0 1 11.5639
0 0 0 0 0 11.6491
0 0 0 0 1 11.738
0 0 0 0 0 11.8361
0 0 0 0 1 11.852
0 0 0 0 1 11.8323
0 0 0 0 1 11.8924
0 0 0 0 1 11.9321
0 0 0 0 0 12.1662
0 0 0 0 1 12.0448
0 0 0 0 0 12.0694
0 0 0 0 1 12.195
0 0 0 0 1 12.3796
0 0 0 0 0 12.3838
0 0 0 0 0 12.2977
0 0 0 0 1 12.3722
0 0 0 0 1 12.5597
0 0 0 0 1 12.6445
0 0 0 0 1 12.7587
0 0 0 0 0 12.6191
0 0 0 0 1 12.8698
0 0 0 0 1 12.8057
0 0 0 0 1 12.9691
0 0 0 0 1 12.9388
0 0 0 0 1 13.1558
0 0 0 0 1 13.2173
0 0 0 0 1 13.1468
0 0 0 0 1 13.3669
0 0 0 0 1 13.2379
0 0 0 0 1 13.4467
0 0 0 0 1 13.5945
0 0 0 0 1 13.526
0 0 0 0 0 13.7018
0 0 0 0 0 13.7604
0 0 0 0 1 13.7319
0 0 0 0 0 13.942
0 0 0 0 1 13.9873
0 0 0 0 1 13.9704
0 0 0 0 1 14.1092
0 0 0 0 0 14.0925
0 0 0 0 0 14.1894
0 0 0 0 1 14.368
0 0 0 0 0 14.5514
0 0 0 0 0 14.4557
0 0 0 0 0 14.598
0 0 0 0 1 14.8983
0 0 0 0 0 14.9489
0 0 0 0 1 14.9489
0 0 0 0 1 15.1944
0 0 0 0 1 15.2666
0 0 0 0 1 15.2044
0 0 0 0 0 15.4687
0 0 0 0 1 15.3121
0 0 0 0 1 15.6541
0 0 0 0 1 15.7481
0 0 0 0 0 15.9278
0 0 0 0 1 15.8671
0 0 0 0 1 15.9737
0 0 0 0 1 16.0647
0 0 0 0 0 16.2397
0 0 0 0 1 16.3378
0 0 0 0 1 16.4126
0 0 0 0 1 16.5727
0 0 0 0 1 16.8149
0 0 0 0 1 16.8565
0 0 0 0 1 17.1694
0 0 0 0 1 17.3238
0 0 0 0 1 17.3924
0 0 0 0 0 17.313
0 0 0 0 1 17.6443
0 0 0 0 1 17.7718
0 0 0 0 1 17.7667
0 0 0 0 0 18.1495
0 0 0 0 0 18.2501
0 0 0 0 1 18.2902
0 0 0 0 1 18.6213
0 0 0 0 1 18.575
0 0 0 0 1 18.7976
0 0 0 0 1 18.9953
0 0 0 0 1 19.0286
0 0 0 0 0 19.5517
0 0 0 0 1 19.6145
0 0 0 0 0 16.8797
0 0 0 0 1 17.0161
0 0 0 0 1 17.0524
0 0 0 0 1 17.0366
0 0 0 0 1 16.7348
0 0 0 0 1 16.8109
0 0 0 0 1 16.9418
0 0 0 0 1 16.6159
0 0 0 0 1 16.6187
0 0 0 0 1 16.7398
0 0 0 0 1 16.7096
0 0 0 0 1 16.5302
0 0 0 0 1 16.5353
0 0 0 0 0 16.6884
0 0 0 0 1 16.363
0 0 0 0 1 16.5164
0 0 0 0 0 16.3905
0 0 0 0 1 16.5119
0 0 0 0 1 16.55
0 0 0 0 1 16.5564
0 0 0 0 1 16.2193
0 0 0 0 1 16.2095
0 0 0 0 0 16.2823
0 0 0 0 1 16.2184
0 0 0 0 0 16.2971
0 0 0 0 0 16.3376
0 0 0 0 1 16.3109
0 0 0 0 1 16.6592
0 0 0 0 1 16.7591
0 0 0 0 1 16.9736
0 0 0 0 1 17.2761
0 0 0 0 1 17.3926
0 0 0 0 1 17.826
0 0 0 0 0 17.9035
0 0 0 0 0 18.3793
0 0 0 0 1 18.4739
0 0 0 0 1 19.0516
0 0 0 0 1 19.2383
0 0 0 0 1 19.6851
0 0 0 0 1 19.9587
0 0 0 0 0 20.1905
0 0 0 0 1 20.6137
0 0 0 0 0 33.5664
0 0 0 0 0 34.402
0 0 0 0 0 34.7036
0 0 0 0 0 35.5086
0 0 0 0 1 36.377
0 0 0 0 1 36.5089
0 0 0 0 1 37.4463
0 0 0 0 1 38.393
0 0 0 0 1 38.9523
0 0 0 0 0 39.4266
0 0 0 0 1 40.211
0 0 0 0 1 41.7386
0 0 0 0 1 42.407
0 0 0 0 1 43.3114
0 0 0 0 1 44.0747
0 0 0 0 1 45.1888
0 0 0 0 1 45.9154
0 0 0 0 1 47.6157
0 0 0 0 1 48.5982
0 0 0 0 1 49.65
0 0 0 0 1 44.4104
0 0 0 0 0 43.7646
0 0 0 0 1 43.5597
0 0 0 0 1 43.7507
0 0 0 0 1 43.9412
0 0 0 0 1 43.3883
0 0 0 0 1 43.3625
0 0 0 0 1 44.0804
0 0 0 0 1 43.4872
0 0 0 0 1 43.375
0 0 0 0 1 43.5273
0 0 0 0 1 45.2515
0 0 0 0 1 46.506
0 0 0 0 1 36.6478
0 0 0 0 0 36.2295
0 0 0 0 1 36.7534
0 0 0 0 1 36.4847
0 0 0 0 1 36.4711
0 0 0 0 1 36.4964
0 0 0 0 1 36.8858
0 0 0 0 1 36.8393
0 0 0 0 1 36.7552
0 0 0 0 1 36.1167
0 0 0 0 1 36.5084
0 0 0 0 1 36.3171
0 0 0 0 1 36.4033
0 0 0 0 1 40.0703
0 0 0 0 0 5.05008
0 0 0 0 1 21.3331
0 0 0 0 1 21.2909
0 0 0 0 0 21.5819
0 0 0 0 1 21.3477
0 0 0 0 1 21.5753
0 0 0 0 1 21.3206
0 0 0 0 0 21.2161
0 0 0 0 0 21.2522
0 0 0 0 1 21.5553
0 0 0 0 0 21.3353
0 0 0 0 0 21.575
0 0 0 0 1 21.5153
0 0 0 0 0 21.318
0 0 0 0 1 21.3234
0 0 0 0 1 21.6193
0 0 0 0 1 21.3043
0 0 0 0 1 21.5036
0 0 0 0 0 21.5439
0 0 0 0 1 21.2299
0 0 0 0 0 21.3567
0 0 0 0 1 21.4506
0 0 0 0 1 85.1905
0 0 0 0 1 78.3449
0 0 0 0 1 71.862
0 0 0 0 1 68.1578
0 0 0 0 1 63.4448
0 0 0 0 1 59.5241
0 0 0 0 1 56.6115
0 0 0 0 1 53.8172
0 0 0 0 1 50.1999
0 0 0 0 1 47.8008
0 0 0 0 1 46.1346
0 0 0 0 1 44.4424
0 0 0 0 1 41.9395
0 0 0 0 1 40.7923
0 0 0 0 1 39.281
0 0 0 0 0 37.4455
0 0 0 0 0 35.9548
0 0 0 0 0 35.3772
0 0 0 0 0 33.7323
0 0 0 0 1 32.8668
0 0 0 0 1 31.8916
0 0 0 0 1 30.5641
0 0 0 0 1 29.7494
0 0 0 0 1 28.9631
0 0 0 0 0 28.5345
0 0 0 0 1 27.7698
0 0 0 0 1 27.0374
0 0 0 0 1 26.0074
0 0 0 0 0 25.2612
0 0 0 0 1 24.5831
0 0 0 0 1 24.3249
0 0 0 0 1 23.6677
0 0 0 0 1 23.0608
0 0 0 0 1 22.7695
0 0 0 0 0 22.0576
0 0 0 0 1 21.6255
0 0 0 0 1 21.363
0 0 0 0 1 20.7271
0 0 0 0 1 20.5495
0 0 0 0 1 19.9815
0 0 0 0 1 19.5406
0 0 0 0 1 19.2299
0 0 0 0 1 19.0749
0 0 0 0 1 18.758
0 0 0 0 1 18.4634
0 0 0 0 1 17.8229
0 0 0 0 1 17.5772
0 0 0 0 1 17.5124
0 0 0 0 1 16.959
0 0 0 0 1 16.897
0 0 0 0 1 16.6026
0 0 0 0 1 16.2093
0 0 0 0 1 16.0723
0 0 0 0 1 15.6795
0 0 0 0 1 15.6247
0 0 0 0 0 15.4425
0 0 0 0 1 15.1469
0 0 0 0 1 15.0176
0 0 0 0 0 14.8056
0 0 0 0 0 14.5805
0 0 0 0 1 14.1637
0 0 0 0 1 14.0215
0 0 0 0 1 14.0735
0 0 0 0 0 13.7841
0 0 0 0 1 13.4352
0 0 0 0 1 13.3087
0 0 0 0 1 13.38
0 0 0 0 1 13.1232
0 0 0 0 1 13.0543
0 0 0 0 1 12.7073
0 0 0 0 1 12.5878
0 0 0 0 0 12.4305
0 0 0 0 1 12.4094
0 0 0 0 1 12.1378
0 0 0 0 1 12.006
0 0 0 0 0 12.0513
0 0 0 0 0 11.7804
0 0 0 0 1 11.7407
0 0 0 0 1 11.616
0 0 0 0 1 11.4791
0 0 0 0 1 11.3627
0 0 0 0 1 11.1485
0 0 0 0 1 11.166
0 0 0 0 0 11.0088
0 0 0 0 0 10.8279
0 0 0 0 1 10.6595
0 0 0 0 1 10.6737
0 0 0 0 0 10.4642
0 0 0 0 1 10.4765
0 0 0 0 1 10.2908
0 0 0 0 1 10.2295
0 0 0 0 1 10.2667
0 0 0 0 0 10.1041
0 0 0 0 0 10.0889
0 0 0 0 1 9.87433
0 0 0 0 1 9.73506
0 0 0 0 1 9.63169
0 0 0 0 1 9.62725
0 0 0 0 1 9.62413
0 0 0 0 1 9.46124
0 0 0 0 1 9.46454
0 0 0 0 1 9.42949
0 0 0 0 1 9.20856
0 0 0 0 1 9.16494
0 0 0 0 0 9.03401
0 0 0 0 1 9.03565
0 0 0 0 1 9.02736
0 0 0 0 1 8.93638
0 0 0 0 0 8.92722
0 0 0 0 1 8.81037
0 0 0 0 0 8.63519
0 0 0 0 1 8.57245
0 0 0 0 1 8.50128
0 0 0 0 1 8.57516
0 0 0 0 1 8.4161
0 0 0 0 1 8.33705
0 0 0 0 1 8.36685
0 0 0 0 0 8.23814
0 0 0 0 1 8.29741
0 0 0 0 1 8.24992
0 0 0 0 1 8.0902
0 0 0 0 1 8.03334
0 0 0 0 1 7.98821
0 0 0 0 1 8.02123
0 0 0 0 1 7.81749
0 0 0 0 1 7.86403
0 0 0 0 0 7.80819
0 0 0 0 1 7.68562
0 0 0 0 1 7.77077
0 0 0 0 1 7.7077
0 0 0 0 0 7.59284
0 0 0 0 1 7.53076
0 0 0 0 1 7.49267
0 0 0 0 1 7.43119
0 0 0 0 1 7.46751
0 0 0 0 1 7.39887
0 0 0 0 0 7.41034
0 0 0 0 1 7.2332
0 0 0 0 1 7.20962
0 0 0 0 1 7.25104
0 0 0 0 1 7.16167
0 0 0 0 1 7.10947
0 0 0 0 0 7.14165
0 0 0 0 0 7.0121
0 0 0 0 0 7.05086
0 0 0 0 1 6.94345
0 0 0 0 1 7.00957
0 0 0 0 1 6.93645
0 0 0 0 1 6.91295
0 0 0 0 0 6.77224
0 0 0 0 1 6.85734
0 0 0 0 1 6.81383
0 0 0 0 1 6.74922
0 0 0 0 0 6.67791
0 0 0 0 1 6.68754
0 0 0 0 1 6.5708
0 0 0 0 1 6.54747
0 0 0 0 1 6.6097
0 0 0 0 1 6.56646
0 0 0 0 1 6.45829
0 0 0 0 1 6.43529
0 0 0 0 1 6.46313
0 0 0 0 1 6.45921
0 0 0 0 0 6.3603
0 0 0 0 0 6.35035
0 0 0 0 0 6.3001
0 0 0 0 1 6.28386
0 0 0 0 1 6.23627
0 0 0 0 1 6.21397
0 0 0 0 1 6.19048
0 0 0 0 1 6.24885
0 0 0 0 0 6.22026
0 0 0 0 1 6.13789
0 0 0 0 1 6.12559
0 0 0 0 1 6.0746
0 0 0 0 1 6.0577
0 0 0 0 1 6.07848
0 0 0 0 1 5.97716
0 0 0 0 1 5.96795
0 0 0 0 0 5.95733
0 0 0 0 1 5.95406
0 0 0 0 1 5.97895
0 0 0 0 1 5.91055
0 0 0 0 0 5.87059
0 0 0 0 1 5.8574
0 0 0 0 1 5.8045
0 0 0 0 1 5.8017
0 0 0 0 0 5.75821
0 0 0 0 0 5.73078
0 0 0 0 1 5.76098
0 0 0 0 1 5.76797
0 0 0 0 1 5.68514
0 0 0 0 1 5.71115
0 0 0 0 1 5.6841
0 0 0 0 1 5.64191
0 0 0 0 1 5.68275
0 0 0 0 1 5.57187
0 0 0 0 1 5.60892
0 0 0 0 1 5.54523
0 0 0 0 1 5.60241
0 0 0 0 0 5.4821
0 0 0 0 1 5.50042
0 0 0 0 1 5.49306
0 0 0 0 0 5.42897
0 0 0 0 1 5.41995
0 0 0 0 1 5.43273
0 0 0 0 0 5.44743
0 0 0 0 1 5.3788
0 0 0 0 1 5.41857
0 0 0 0 0 5.40962
0 0 0 0 1 5.39948
0 0 0 0 1 5.30512
0 0 0 0 1 5.38522
0 0 0 0 1 5.27022
0 0 0 0 1 5.35087
0 0 0 0 1 5.23447
0 0 0 0 1 5.25795
0 0 0 0 0 5.25403
0 0 0 0 1 5.23846
