0 0 0 0 1 5.52675
0 0 0 0 0 5.53588
0 0 0 0 1 5.54514
0 0 0 0 0 5.54587
0 0 0 0 0 5.59977
0 0 0 0 1 5.54834
0 0 0 0 1 5.58496
0 0 0 0 1 5.55582
0 0 0 0 0 5.60707
0 0 0 0 0 5.53895
0 0 0 0 0 5.63866
0 0 0 0 1 5.60421
0 0 0 0 1 5.63927
0 0 0 0 1 5.57112
0 0 0 0 1 5.62685
0 0 0 0 0 5.68488
0 0 0 0 1 5.6337
0 0 0 0 1 5.64105
0 0 0 0 0 5.6522
0 0 0 0 1 5.65971
0 0 0 0 1 5.654
0 0 0 0 1 5.6997
0 0 0 0 1 5.70566
0 0 0 0 1 5.78048
0 0 0 0 1 5.71392
0 0 0 0 1 5.77766
0 0 0 0 1 5.72652
0 0 0 0 1 5.75773
0 0 0 0 0 5.8337
0 0 0 0 1 5.78838
0 0 0 0 1 5.7894
0 0 0 0 1 5.79632
0 0 0 0 1 5.83401
0 0 0 0 0 5.85285
0 0 0 0 1 5.89525
0 0 0 0 1 5.92618
0 0 0 0 0 5.92791
0 0 0 0 1 5.83682
0 0 0 0 0 5.87978
0 0 0 0 1 5.87565
0 0 0 0 1 5.88935
0 0 0 0 1 5.96857
0 0 0 0 1 5.94095
0 0 0 0 1 5.98493
0 0 0 0 1 5.93936
0 0 0 0 1 6.03165
0 0 0 0 0 6.02216
0 0 0 0 1 6.09107
0 0 0 0 1 6.0334
0 0 0 0 0 6.02398
0 0 0 0 1 6.10567
0 0 0 0 1 6.07209
0 0 0 0 1 6.0984
0 0 0 0 1 6.15657
0 0 0 0 1 6.07996
0 0 0 0 0 6.15788
0 0 0 0 1 6.192
0 0 0 0 1 6.13881
0 0 0 0 0 6.18556
0 0 0 0 1 6.28233
0 0 0 0 0 6.24781
0 0 0 0 1 6.30158
0 0 0 0 1 6.31799
0 0 0 0 1 6.33374
0 0 0 0 1 6.30067
0 0 0 0 0 6.36711
0 0 0 0 1 6.31414
0 0 0 0 1 6.3556
0 0 0 0 1 6.37891
0 0 0 0 1 6.42728
0 0 0 0 0 6.47664
0 0 0 0 1 6.4225
0 0 0 0 1 6.44696
0 0 0 0 1 6.53505
0 0 0 0 1 6.48127
0 0 0 0 1 6.54393
0 0 0 0 1 6.58084
0 0 0 0 1 6.57258
0 0 0 0 1 6.65593
0 0 0 0 1 6.64066
0 0 0 0 1 6.6457
0 0 0 0 0 6.5909
0 0 0 0 1 6.64193
0 0 0 0 1 6.74691
0 0 0 0 1 6.67106
0 0 0 0 1 6.6891
0 0 0 0 1 6.74789
0 0 0 0 1 6.85508
0 0 0 0 1 6.76477
0 0 0 0 1 6.89277
0 0 0 0 0 6.82242
0 0 0 0 1 6.86873
0 0 0 0 1 6.94994
0 0 0 0 1 6.99696
0 0 0 0 1 6.94009
0 0 0 0 1 6.97328
0 0 0 0 1 7.04137
0 0 0 0 0 7.08212
0 0 0 0 0 7.04522
0 0 0 0 1 7.09285
0 0 0 0 1 7.11262
0 0 0 0 0 7.11138
0 0 0 0 1 7.2531
0 0 0 0 1 7.259
0 0 0 0 0 7.2645
0 0 0 0 1 7.34314
0 0 0 0 0 7.26099
0 0 0 0 1 7.39182
0 0 0 0 1 7.44178
0 0 0 0 1 7.47723
0 0 0 0 0 7.49083
0 0 0 0 1 7.48168
0 0 0 0 1 7.44222
0 0 0 0 1 7.53087
0 0 0 0 0 7.50614
0 0 0 0 1 7.62558
0 0 0 0 0 7.71539
0 0 0 0 1 7.73672
0 0 0 0 0 7.6963
0 0 0 0 1 7.71779
0 0 0 0 1 7.71551
0 0 0 0 1 7.80687
0 0 0 0 1 7.9457
0 0 0 0 1 7.9517
0 0 0 0 1 8.0052
0 0 0 0 0 7.97122
0 0 0 0 1 7.95273
0 0 0 0 1 8.0703
0 0 0 0 1 8.13213
0 0 0 0 1 8.11387
0 0 0 0 1 8.17598
0 0 0 0 1 8.22199
0 0 0 0 1 8.30128
0 0 0 0 1 8.30622
0 0 0 0 1 8.3115
0 0 0 0 1 8.37477
0 0 0 0 1 8.48066
0 0 0 0 1 8.53636
0 0 0 0 0 8.53247
0 0 0 0 1 8.52033
0 0 0 0 1 8.6272
0 0 0 0 1 8.70087
0 0 0 0 1 8.79175
0 0 0 0 1 8.76165
0 0 0 0 0 8.92379
0 0 0 0 0 8.88276
0 0 0 0 1 9.03774
0 0 0 0 0 8.94272
0 0 0 0 1 9.13517
0 0 0 0 1 9.05593
0 0 0 0 1 9.25045
0 0 0 0 1 9.16168
0 0 0 0 1 9.21888
0 0 0 0 1 9.26574
0 0 0 0 1 9.33259
0 0 0 0 1 9.47543
0 0 0 0 1 9.52305
0 0 0 0 1 9.5418
0 0 0 0 1 9.6194
0 0 0 0 0 9.7155
0 0 0 0 1 9.87095
0 0 0 0 1 9.94892
0 0 0 0 1 9.9478
0 0 0 0 1 9.98588
0 0 0 0 1 10.1632
0 0 0 0 1 10.0901
0 0 0 0 0 10.2077
0 0 0 0 1 10.3981
0 0 0 0 1 10.2915
0 0 0 0 1 10.3894
0 0 0 0 1 10.6142
0 0 0 0 1 10.5551
0 0 0 0 0 10.7913
0 0 0 0 1 10.7824
0 0 0 0 0 10.7526
0 0 0 0 1 10.8503
0 0 0 0 1 10.9815
0 0 0 0 1 11.1358
0 0 0 0 1 11.2466
0 0 0 0 1 11.324
0 0 0 0 0 11.399
0 0 0 0 0 11.4827
0 0 0 0 1 11.6295
0 0 0 0 1 11.6668
0 0 0 0 1 11.7532
0 0 0 0 1 11.9318
0 0 0 0 1 11.9109
0 0 0 0 0 12.1149
0 0 0 0 0 12.2689
0 0 0 0 0 12.3408
0 0 0 0 1 12.5581
0 0 0 0 0 12.5766
0 0 0 0 1 12.6315
0 0 0 0 1 12.6854
0 0 0 0 0 12.847
0 0 0 0 1 12.9389
0 0 0 0 1 13.1015
0 0 0 0 1 13.2557
0 0 0 0 1 13.568
0 0 0 0 1 13.6801
0 0 0 0 1 13.6957
0 0 0 0 0 13.7691
0 0 0 0 1 14.1033
0 0 0 0 1 14.2427
0 0 0 0 1 14.3919
0 0 0 0 1 14.5942
0 0 0 0 1 14.8218
0 0 0 0 0 14.962
0 0 0 0 1 14.9817
0 0 0 0 0 15.3056
0 0 0 0 1 15.4237
0 0 0 0 0 15.634
0 0 0 0 1 15.7225
0 0 0 0 1 15.8724
0 0 0 0 0 16.1667
0 0 0 0 0 16.1951
0 0 0 0 0 16.6997
0 0 0 0 1 16.6679
0 0 0 0 1 16.9625
0 0 0 0 0 17.1307
0 0 0 0 1 17.5072
0 0 0 0 1 17.8265
0 0 0 0 1 17.9324
0 0 0 0 0 18.1535
0 0 0 0 0 18.4759
0 0 0 0 1 18.6409
0 0 0 0 1 19.2223
0 0 0 0 1 19.4067
0 0 0 0 1 19.8532
0 0 0 0 1 19.8743
0 0 0 0 1 20.1707
0 0 0 0 1 20.8576
0 0 0 0 1 21.0414
0 0 0 0 0 21.4433
0 0 0 0 1 21.6829
0 0 0 0 1 21.9031
0 0 0 0 0 22.5453
0 0 0 0 1 22.7117
0 0 0 0 1 23.2995
0 0 0 0 0 23.5799
0 0 0 0 1 24.0775
0 0 0 0 0 24.9829
0 0 0 0 1 25.1159
0 0 0 0 1 25.8472
0 0 0 0 1 26.449
0 0 0 0 1 26.6961
0 0 0 0 1 27.3816
0 0 0 0 1 28.2697
0 0 0 0 0 29.0744
0 0 0 0 1 29.4534
0 0 0 0 1 30.4824
0 0 0 0 1 30.7906
0 0 0 0 1 31.6563
0 0 0 0 1 32.6403
0 0 0 0 1 33.5608
0 0 0 0 1 34.6909
0 0 0 0 1 35.2056
0 0 0 0 1 36.3732
0 0 0 0 0 37.4659
0 0 0 0 1 38.8986
0 0 0 0 1 40.0235
0 0 0 0 1 41.3619
0 0 0 0 1 43.4339
0 0 0 0 1 44.4074
0 0 0 0 1 46.3825
0 0 0 0 1 48.1808
0 0 0 0 1 50.7384
0 0 0 0 1 52.6217
0 0 0 0 1 54.5138
0 0 0 0 1 56.8669
0 0 0 0 1 60.732
0 0 0 0 1 55.979
0 0 0 0 1 56.1827
0 0 0 0 1 55.4385
0 0 0 0 0 55.7001
0 0 0 0 0 55.4052
0 0 0 0 0 55.2223
0 0 0 0 1 55.3197
0 0 0 0 1 55.8075
0 0 0 0 1 59.4864
0 0 0 0 1 79.6829
0 0 0 0 1 79.1927
0 0 0 0 1 80.0947
0 0 0 0 0 5.0601
0 0 0 0 0 5.05008
0 0 0 0 0 5.04006
0 0 0 0 0 5.02002
0 0 0 0 1 88.1634
0 0 0 0 1 86.8446
0 0 0 0 1 87.1927
0 0 0 0 0 86.8413
0 0 0 0 1 87.8061
0 0 0 0 1 87.8962
0 0 0 0 0 4.98495
0 0 0 0 0 4.99497
0 0 0 0 0 5.05008
0 0 0 0 0 4.97493
0 0 0 0 0 5.02503
0 0 0 0 0 4.98495
0 0 0 0 1 69.6832
0 0 0 0 1 67.8353
0 0 0 0 1 66.8384
0 0 0 0 1 67.1898
0 0 0 0 1 67.4757
0 0 0 0 1 67.6951
0 0 0 0 1 66.7699
0 0 0 0 1 67.5988
0 0 0 0 1 100.461
0 0 0 0 0 94.2239
0 0 0 0 0 89.0967
0 0 0 0 1 83.8847
0 0 0 0 0 80.6374
0 0 0 0 1 76.2935
0 0 0 0 1 72.9831
0 0 0 0 1 70.7978
0 0 0 0 1 67.7069
0 0 0 0 1 64.9778
0 0 0 0 1 63.4104
0 0 0 0 1 60.0556
0 0 0 0 1 58.1175
0 0 0 0 1 56.0741
0 0 0 0 1 54.4409
0 0 0 0 1 52.9164
0 0 0 0 1 51.8836
0 0 0 0 0 49.6682
0 0 0 0 1 48.9911
0 0 0 0 1 47.0688
0 0 0 0 1 46.2781
0 0 0 0 1 44.9765
0 0 0 0 1 43.488
0 0 0 0 1 42.4926
0 0 0 0 1 41.6358
0 0 0 0 1 40.8518
0 0 0 0 1 39.5641
0 0 0 0 0 38.7874
0 0 0 0 0 38.0456
0 0 0 0 1 37.3859
0 0 0 0 1 36.0609
0 0 0 0 1 35.2861
0 0 0 0 1 34.7514
0 0 0 0 1 34.0593
0 0 0 0 1 33.7651
0 0 0 0 1 32.7415
0 0 0 0 1 32.0105
0 0 0 0 1 31.9591
0 0 0 0 0 30.9546
0 0 0 0 1 30.5047
0 0 0 0 1 30.1916
0 0 0 0 1 29.4686
0 0 0 0 1 29.1013
0 0 0 0 1 28.455
0 0 0 0 1 28.3397
0 0 0 0 1 27.8645
0 0 0 0 1 27.1011
0 0 0 0 0 26.8499
0 0 0 0 1 26.3664
0 0 0 0 1 25.8269
0 0 0 0 1 25.4558
0 0 0 0 1 25.1452
0 0 0 0 0 24.7186
0 0 0 0 1 24.5498
0 0 0 0 1 24.1343
0 0 0 0 1 24.1131
0 0 0 0 1 23.4665
0 0 0 0 1 23.4204
0 0 0 0 1 23.0234
0 0 0 0 1 22.9205
0 0 0 0 0 22.2308
0 0 0 0 1 22.0606
0 0 0 0 1 21.9288
0 0 0 0 1 21.7727
0 0 0 0 1 21.3677
0 0 0 0 1 21.1354
0 0 0 0 0 20.8915
0 0 0 0 1 20.5749
0 0 0 0 0 20.5664
0 0 0 0 1 20.0183
0 0 0 0 1 20.0958
0 0 0 0 1 19.5256
0 0 0 0 1 19.4121
0 0 0 0 0 19.3549
0 0 0 0 1 19.1413
0 0 0 0 1 18.787
0 0 0 0 1 18.9036
0 0 0 0 0 18.5143
0 0 0 0 0 18.4137
0 0 0 0 0 18.1847
0 0 0 0 1 17.8042
0 0 0 0 1 17.6953
0 0 0 0 1 17.4884
0 0 0 0 1 17.4489
0 0 0 0 0 17.4941
0 0 0 0 1 17.3046
0 0 0 0 1 16.9369
0 0 0 0 1 16.7845
0 0 0 0 1 16.8252
0 0 0 0 1 16.5062
0 0 0 0 1 16.4292
0 0 0 0 1 16.1887
0 0 0 0 0 16.1204
0 0 0 0 1 16.1153
0 0 0 0 1 15.7663
0 0 0 0 1 15.7534
0 0 0 0 1 15.6678
0 0 0 0 0 15.367
0 0 0 0 1 15.2824
0 0 0 0 1 15.1909
0 0 0 0 1 15.1381
0 0 0 0 0 15.0759
0 0 0 0 1 14.8135
0 0 0 0 0 14.7604
0 0 0 0 1 14.648
0 0 0 0 0 14.5359
0 0 0 0 1 14.5425
0 0 0 0 1 14.2724
0 0 0 0 1 14.3695
0 0 0 0 1 14.1672
0 0 0 0 1 14.1349
0 0 0 0 1 14.0129
0 0 0 0 1 13.9331
0 0 0 0 1 13.8036
0 0 0 0 0 13.574
0 0 0 0 1 13.4279
0 0 0 0 1 13.3854
0 0 0 0 1 13.2539
0 0 0 0 1 13.2829
0 0 0 0 1 13.3452
0 0 0 0 1 13.2091
0 0 0 0 1 13.0003
0 0 0 0 1 13.0089
0 0 0 0 1 12.8317
0 0 0 0 1 12.9166
0 0 0 0 0 12.6689
0 0 0 0 1 12.7523
0 0 0 0 0 12.5359
0 0 0 0 1 12.4678
0 0 0 0 1 12.4576
0 0 0 0 1 12.4715
0 0 0 0 1 12.3374
0 0 0 0 1 12.1676
0 0 0 0 1 12.0356
0 0 0 0 0 11.9528
0 0 0 0 0 11.9742
0 0 0 0 0 11.8397
0 0 0 0 1 11.9714
0 0 0 0 1 11.7666
0 0 0 0 1 11.6693
0 0 0 0 1 11.6543
0 0 0 0 1 11.5112
0 0 0 0 1 11.5194
0 0 0 0 1 11.5731
0 0 0 0 1 11.3171
0 0 0 0 1 11.4577
0 0 0 0 0 11.2494
0 0 0 0 1 11.3243
0 0 0 0 1 11.2712
0 0 0 0 0 11.0771
0 0 0 0 1 11.1767
0 0 0 0 1 10.9732
0 0 0 0 0 10.9435
0 0 0 0 0 10.8701
0 0 0 0 0 10.7789
0 0 0 0 0 10.7461
0 0 0 0 1 10.7924
0 0 0 0 1 10.6663
0 0 0 0 1 10.7761
0 0 0 0 1 10.5339
0 0 0 0 1 10.5653
0 0 0 0 1 10.6384
0 0 0 0 1 10.4726
0 0 0 0 0 10.3709
0 0 0 0 1 10.3808
0 0 0 0 1 10.4145
0 0 0 0 1 10.331
0 0 0 0 0 10.2583
0 0 0 0 0 10.1451
0 0 0 0 1 10.2568
0 0 0 0 0 10.053
0 0 0 0 1 10.1973
0 0 0 0 1 10.0455
0 0 0 0 0 10.1018
0 0 0 0 1 9.95118
0 0 0 0 1 9.97065
0 0 0 0 1 9.99973
0 0 0 0 0 9.91014
0 0 0 0 1 9.81132
0 0 0 0 1 9.83056
0 0 0 0 1 9.853
0 0 0 0 1 9.65802
0 0 0 0 0 9.58062
0 0 0 0 1 9.703
0 0 0 0 1 9.66425
0 0 0 0 1 9.60658
0 0 0 0 1 9.60332
0 0 0 0 1 9.53349
0 0 0 0 1 9.48302
0 0 0 0 1 9.5304
0 0 0 0 1 9.49901
0 0 0 0 1 9.32718
0 0 0 0 1 9.43054
0 0 0 0 0 9.2694
0 0 0 0 1 9.36585
0 0 0 0 0 9.15955
0 0 0 0 1 9.17589
0 0 0 0 1 9.1494
0 0 0 0 1 9.16562
0 0 0 0 0 9.1087
0 0 0 0 0 9.06124
0 0 0 0 1 9.005
0 0 0 0 1 9.06338
0 0 0 0 1 9.09762
0 0 0 0 1 9.03278
0 0 0 0 1 8.99523
0 0 0 0 0 9.01721
0 0 0 0 1 8.88195
0 0 0 0 1 8.79196
0 0 0 0 1 8.87961
0 0 0 0 1 8.7692
0 0 0 0 1 8.7915
0 0 0 0 1 8.82582
0 0 0 0 1 8.80744
0 0 0 0 1 8.75093
0 0 0 0 1 8.78519
0 0 0 0 1 8.77252
0 0 0 0 1 8.62477
0 0 0 0 1 8.65925
0 0 0 0 0 8.66953
0 0 0 0 1 8.6093
0 0 0 0 1 8.53741
0 0 0 0 1 8.58563
0 0 0 0 1 8.47511
0 0 0 0 1 8.59137
0 0 0 0 1 8.54941
0 0 0 0 1 8.53807
0 0 0 0 0 8.36643
0 0 0 0 1 8.37253
0 0 0 0 1 8.34503
0 0 0 0 1 8.40995
0 0 0 0 1 8.38261
0 0 0 0 1 8.25903
0 0 0 0 1 8.38214
0 0 0 0 1 8.33037
0 0 0 0 1 8.27889
0 0 0 0 1 8.33521
0 0 0 0 1 8.27584
0 0 0 0 1 8.17565
0 0 0 0 1 8.17455
0 0 0 0 1 8.25551
0 0 0 0 1 8.16443
0 0 0 0 0 8.1881
0 0 0 0 1 8.16288
0 0 0 0 1 8.07282
0 0 0 0 1 8.10492
0 0 0 0 1 8.02363
0 0 0 0 1 8.01953
0 0 0 0 1 7.98728
0 0 0 0 1 8.1163
0 0 0 0 1 8.10026
0 0 0 0 1 7.98012
0 0 0 0 1 7.98864
0 0 0 0 0 8.01321
0 0 0 0 1 8.03365
0 0 0 0 0 7.95473
0 0 0 0 0 7.90802
0 0 0 0 1 7.86954
0 0 0 0 1 7.98542
0 0 0 0 1 7.86805
0 0 0 0 1 7.90476
0 0 0 0 0 7.90637
0 0 0 0 1 7.85302
0 0 0 0 1 7.79998
0 0 0 0 1 7.88397
0 0 0 0 1 7.88609
0 0 0 0 1 7.87271
0 0 0 0 1 7.7769
0 0 0 0 1 7.86077
0 0 0 0 1 7.71548
0 0 0 0 1 7.74958
0 0 0 0 1 7.73248
0 0 0 0 1 7.69695
0 0 0 0 0 7.70038
