0 0 0 0 1 5.48814
0 0 0 0 0 5.48615
0 0 0 0 1 5.48427
0 0 0 0 1 5.52924
0 0 0 0 1 5.60532
0 0 0 0 1 5.5261
0 0 0 0 1 5.52377
0 0 0 0 1 5.5391
0 0 0 0 1 5.53454
0 0 0 0 1 5.63396
0 0 0 0 1 5.54347
0 0 0 0 0 5.55933
0 0 0 0 1 5.57749
0 0 0 0 1 5.68367
0 0 0 0 1 5.59302
0 0 0 0 1 5.65101
0 0 0 0 1 5.62804
0 0 0 0 1 5.70902
0 0 0 0 0 5.65788
0 0 0 0 1 5.65971
0 0 0 0 1 5.71663
0 0 0 0 1 5.68259
0 0 0 0 1 5.71138
0 0 0 0 1 5.78621
0 0 0 0 1 5.68524
0 0 0 0 1 5.69142
0 0 0 0 1 5.75532
0 0 0 0 1 5.78081
0 0 0 0 1 5.81635
0 0 0 0 1 5.75941
0 0 0 0 1 5.85328
0 0 0 0 1 5.84869
0 0 0 0 1 5.85732
0 0 0 0 1 5.88205
0 0 0 0 1 5.87769
0 0 0 0 1 5.82056
0 0 0 0 1 5.85734
0 0 0 0 1 5.8486
0 0 0 0 1 5.927
0 0 0 0 1 5.92299
0 0 0 0 0 5.88342
0 0 0 0 1 5.90912
0 0 0 0 1 5.92903
0 0 0 0 1 5.96701
0 0 0 0 1 5.93337
0 0 0 0 1 6.01364
0 0 0 0 1 6.00411
0 0 0 0 1 6.05489
0 0 0 0 1 6.01527
0 0 0 0 0 6.04822
0 0 0 0 1 6.11175
0 0 0 0 1 6.08427
0 0 0 0 1 6.09229
0 0 0 0 1 6.15045
0 0 0 0 1 6.17208
0 0 0 0 0 6.12096
0 0 0 0 1 6.19817
0 0 0 0 1 6.17593
0 0 0 0 1 6.22278
0 0 0 0 1 6.15793
0 0 0 0 1 6.24781
0 0 0 0 1 6.27654
0 0 0 0 1 6.33054
0 0 0 0 1 6.34004
0 0 0 0 1 6.33221
0 0 0 0 1 6.33547
0 0 0 0 1 6.35856
0 0 0 0 1 6.42565
0 0 0 0 1 6.44276
0 0 0 0 1 6.37602
0 0 0 0 1 6.43166
0 0 0 0 1 6.51278
0 0 0 0 1 6.47926
0 0 0 0 1 6.50264
0 0 0 0 1 6.51377
0 0 0 0 0 6.57655
0 0 0 0 1 6.51536
0 0 0 0 0 6.54631
0 0 0 0 1 6.5439
0 0 0 0 1 6.58113
0 0 0 0 0 6.58601
0 0 0 0 1 6.71726
0 0 0 0 1 6.65528
0 0 0 0 1 6.63301
0 0 0 0 1 6.70468
0 0 0 0 1 6.76335
0 0 0 0 1 6.78177
0 0 0 0 1 6.82111
0 0 0 0 1 6.79205
0 0 0 0 1 6.80378
0 0 0 0 1 6.81555
0 0 0 0 1 6.91701
0 0 0 0 1 6.91533
0 0 0 0 1 6.96222
0 0 0 0 1 6.99583
0 0 0 0 1 6.98027
0 0 0 0 1 7.07651
0 0 0 0 1 6.98337
0 0 0 0 0 7.0523
0 0 0 0 1 7.16399
0 0 0 0 1 7.06977
0 0 0 0 1 7.11138
0 0 0 0 1 7.12358
0 0 0 0 1 7.28789
0 0 0 0 1 7.23547
0 0 0 0 1 7.34314
0 0 0 0 1 7.35614
0 0 0 0 1 7.35512
0 0 0 0 1 7.33115
0 0 0 0 1 7.33643
0 0 0 0 1 7.49827
0 0 0 0 1 7.44431
0 0 0 0 1 7.53234
0 0 0 0 1 7.48564
0 0 0 0 1 7.53643
0 0 0 0 1 7.61797
0 0 0 0 1 7.5854
0 0 0 0 1 7.72136
0 0 0 0 1 7.66543
0 0 0 0 0 7.81853
0 0 0 0 0 7.70772
0 0 0 0 1 7.84598
0 0 0 0 1 7.91423
0 0 0 0 1 7.95961
0 0 0 0 0 7.90196
0 0 0 0 1 7.89941
0 0 0 0 1 8.081
0 0 0 0 1 8.02193
0 0 0 0 0 8.04294
0 0 0 0 0 8.19525
0 0 0 0 1 8.10232
0 0 0 0 1 8.27137
0 0 0 0 1 8.24335
0 0 0 0 1 8.36448
0 0 0 0 1 8.42021
0 0 0 0 0 8.35795
0 0 0 0 1 8.50603
0 0 0 0 1 8.46834
0 0 0 0 1 8.57522
0 0 0 0 1 8.64058
0 0 0 0 0 8.57533
0 0 0 0 1 8.70956
0 0 0 0 1 8.68678
0 0 0 0 1 8.77923
0 0 0 0 1 8.92379
0 0 0 0 1 8.87386
0 0 0 0 1 8.99295
0 0 0 0 1 8.9157
0 0 0 0 1 9.02642
0 0 0 0 0 9.17448
0 0 0 0 0 9.12197
0 0 0 0 1 9.24472
0 0 0 0 1 9.34885
0 0 0 0 0 9.44339
0 0 0 0 1 9.34199
0 0 0 0 1 9.43757
0 0 0 0 1 9.61837
0 0 0 0 1 9.5898
0 0 0 0 0 9.70632
0 0 0 0 1 9.82248
0 0 0 0 1 9.77302
0 0 0 0 1 9.87004
0 0 0 0 1 9.9478
0 0 0 0 0 9.97589
0 0 0 0 1 10.0423
0 0 0 0 1 10.1206
0 0 0 0 1 10.2996
0 0 0 0 1 10.3157
0 0 0 0 0 10.3329
0 0 0 0 1 10.4521
0 0 0 0 1 10.53
0 0 0 0 1 10.6399
0 0 0 0 1 10.6524
0 0 0 0 1 10.6639
0 0 0 0 1 10.8394
0 0 0 0 1 10.9597
0 0 0 0 1 10.9153
0 0 0 0 1 11.058
0 0 0 0 0 11.1122
0 0 0 0 1 11.2789
0 0 0 0 1 11.3307
0 0 0 0 1 11.4827
0 0 0 0 1 11.56
0 0 0 0 1 11.7604
0 0 0 0 0 11.7768
0 0 0 0 1 11.9674
0 0 0 0 1 11.9349
0 0 0 0 1 12.0302
0 0 0 0 1 12.1956
0 0 0 0 0 12.2298
0 0 0 0 0 12.5084
0 0 0 0 1 12.6394
0 0 0 0 0 12.7203
0 0 0 0 1 12.711
0 0 0 0 1 12.9246
0 0 0 0 1 13.1478
0 0 0 0 1 13.0751
0 0 0 0 0 13.3357
0 0 0 0 1 13.3661
0 0 0 0 1 13.6121
0 0 0 0 1 13.7782
0 0 0 0 0 13.8108
0 0 0 0 1 14.1033
0 0 0 0 1 14.3421
0 0 0 0 0 14.2771
0 0 0 0 1 14.3766
0 0 0 0 1 14.631
0 0 0 0 1 14.8136
0 0 0 0 1 14.9066
0 0 0 0 1 15.0776
0 0 0 0 1 15.4545
0 0 0 0 0 15.494
0 0 0 0 1 15.8486
0 0 0 0 1 15.9043
0 0 0 0 1 16.1183
0 0 0 0 1 16.3914
0 0 0 0 1 16.6335
0 0 0 0 1 16.7015
0 0 0 0 1 16.8434
0 0 0 0 1 17.3205
0 0 0 0 0 17.3498
0 0 0 0 1 17.862
0 0 0 0 1 17.8424
0 0 0 0 1 18.19
0 0 0 0 0 18.6796
0 0 0 0 1 18.9227
0 0 0 0 0 18.9744
0 0 0 0 1 19.3292
0 0 0 0 1 19.8335
0 0 0 0 1 20.1942
0 0 0 0 1 20.2316
0 0 0 0 1 20.4446
0 0 0 0 1 21.2094
0 0 0 0 1 21.5501
0 0 0 0 1 21.9002
0 0 0 0 0 22.2129
0 0 0 0 1 22.4102
0 0 0 0 1 23.0788
0 0 0 0 1 23.2528
0 0 0 0 1 23.9133
0 0 0 0 1 24.5149
0 0 0 0 1 24.735
0 0 0 0 1 25.5459
0 0 0 0 1 26.028
0 0 0 0 0 26.159
0 0 0 0 0 26.7769
0 0 0 0 1 27.2714
0 0 0 0 1 28.4388
0 0 0 0 0 28.959
0 0 0 0 1 29.7784
0 0 0 0 1 30.4521
0 0 0 0 1 31.07
0 0 0 0 1 31.6244
0 0 0 0 0 32.5095
0 0 0 0 1 33.9303
0 0 0 0 1 34.4836
0 0 0 0 1 35.3478
0 0 0 0 0 36.4465
0 0 0 0 1 38.0702
0 0 0 0 1 38.6647
0 0 0 0 1 40.6274
0 0 0 0 1 41.6118
0 0 0 0 1 42.7437
0 0 0 0 1 45.0782
0 0 0 0 0 45.9646
0 0 0 0 1 47.7946
0 0 0 0 1 50.6379
0 0 0 0 1 52.6742
0 0 0 0 1 55.1719
0 0 0 0 1 56.9818
0 0 0 0 1 59.8876
0 0 0 0 1 55.2534
0 0 0 0 0 55.7364
0 0 0 0 1 55.8289
0 0 0 0 1 55.3656
0 0 0 0 0 56.1298
0 0 0 0 0 56.1139
0 0 0 0 1 55.3197
0 0 0 0 1 55.3062
0 0 0 0 1 59.9016
0 0 0 0 0 78.9686
0 0 0 0 1 80.1449
0 0 0 0 1 81.0626
0 0 0 0 0 5.04507
0 0 0 0 0 5.04507
0 0 0 0 0 4.9599
0 0 0 0 0 4.98996
0 0 0 0 0 87.3746
0 0 0 0 1 87.5457
0 0 0 0 1 87.7185
0 0 0 0 0 88.4187
0 0 0 0 1 88.2442
0 0 0 0 0 87.7209
0 0 0 0 0 5.05008
0 0 0 0 0 4.97994
0 0 0 0 0 5.05509
0 0 0 0 0 4.9599
0 0 0 0 0 5.04507
0 0 0 0 0 5.0601
0 0 0 0 0 69.6832
0 0 0 0 0 67.97
0 0 0 0 1 67.1753
0 0 0 0 0 66.9876
0 0 0 0 1 66.9365
0 0 0 0 0 67.0883
0 0 0 0 1 67.6467
0 0 0 0 0 66.9917
0 0 0 0 1 98.8663
0 0 0 0 1 94.2239
0 0 0 0 1 89.3642
0 0 0 0 0 85.2404
0 0 0 0 1 81.1217
0 0 0 0 1 76.6018
0 0 0 0 1 73.9415
0 0 0 0 1 71.0804
0 0 0 0 0 68.4532
0 0 0 0 1 65.8912
0 0 0 0 1 62.9077
0 0 0 0 1 60.6616
0 0 0 0 1 58.5857
0 0 0 0 1 56.1873
0 0 0 0 1 54.3861
0 0 0 0 1 53.1817
0 0 0 0 0 51.2659
0 0 0 0 1 50.018
0 0 0 0 1 48.9426
0 0 0 0 1 47.116
0 0 0 0 1 46.1862
0 0 0 0 1 44.8422
0 0 0 0 0 43.8806
0 0 0 0 1 42.2799
0 0 0 0 1 41.4283
0 0 0 0 1 40.9329
0 0 0 0 1 39.7225
0 0 0 0 1 39.0197
0 0 0 0 1 37.8185
0 0 0 0 1 37.3488
0 0 0 0 1 36.4237
0 0 0 0 1 35.215
0 0 0 0 1 34.7862
0 0 0 0 0 34.2981
0 0 0 0 1 33.3301
0 0 0 0 1 32.7086
0 0 0 0 1 32.0427
0 0 0 0 1 31.8641
0 0 0 0 0 30.8303
0 0 0 0 1 30.7185
0 0 0 0 1 29.7114
0 0 0 0 1 29.3211
0 0 0 0 1 28.7241
0 0 0 0 1 28.3123
0 0 0 0 0 27.9746
0 0 0 0 1 27.8645
0 0 0 0 1 27.1555
0 0 0 0 1 27.0107
0 0 0 0 1 26.1289
0 0 0 0 1 26.139
0 0 0 0 1 25.4815
0 0 0 0 1 25.499
0 0 0 0 1 24.9678
0 0 0 0 1 24.4515
0 0 0 0 1 24.1585
0 0 0 0 0 24.1131
0 0 0 0 1 23.5372
0 0 0 0 0 23.141
0 0 0 0 1 23.1612
0 0 0 0 1 22.9205
0 0 0 0 0 22.6117
0 0 0 0 1 22.1713
0 0 0 0 0 21.7102
0 0 0 0 1 21.4919
0 0 0 0 1 21.325
0 0 0 0 0 20.9455
0 0 0 0 1 21.0583
0 0 0 0 1 20.6986
0 0 0 0 1 20.3626
0 0 0 0 1 19.9981
0 0 0 0 1 19.7768
0 0 0 0 1 19.6636
0 0 0 0 1 19.4902
0 0 0 0 1 19.104
0 0 0 0 1 18.9312
0 0 0 0 1 18.8059
0 0 0 0 1 18.679
0 0 0 0 1 18.5884
0 0 0 0 0 18.1753
0 0 0 0 1 18.2937
0 0 0 0 1 18.0739
0 0 0 0 1 17.9982
0 0 0 0 1 17.6825
0 0 0 0 1 17.4489
0 0 0 0 0 17.217
0 0 0 0 1 17.0299
0 0 0 0 1 17.0899
0 0 0 0 1 16.8014
0 0 0 0 1 16.6414
0 0 0 0 1 16.4069
0 0 0 0 1 16.5605
0 0 0 0 1 16.2538
0 0 0 0 1 16.1204
0 0 0 0 1 16.0513
0 0 0 0 0 15.9249
0 0 0 0 0 15.6747
0 0 0 0 0 15.4493
0 0 0 0 1 15.4599
0 0 0 0 1 15.4053
0 0 0 0 1 15.0994
0 0 0 0 0 15.0625
0 0 0 0 1 14.8809
0 0 0 0 0 14.8135
0 0 0 0 1 14.7013
0 0 0 0 0 14.5307
0 0 0 0 1 14.6523
0 0 0 0 1 14.3979
0 0 0 0 1 14.3872
0 0 0 0 1 14.3411
0 0 0 0 1 14.2237
0 0 0 0 1 13.9665
0 0 0 0 1 13.9572
0 0 0 0 1 13.9193
0 0 0 0 1 13.7761
0 0 0 0 1 13.7925
0 0 0 0 1 13.4414
0 0 0 0 0 13.5606
0 0 0 0 1 13.4949
0 0 0 0 1 13.2031
0 0 0 0 0 13.3056
0 0 0 0 1 13.2222
0 0 0 0 1 13.1568
0 0 0 0 0 12.9701
0 0 0 0 1 12.7931
0 0 0 0 1 12.891
0 0 0 0 1 12.7961
0 0 0 0 0 12.727
0 0 0 0 1 12.5108
0 0 0 0 1 12.4304
0 0 0 0 0 12.3334
0 0 0 0 0 12.2616
0 0 0 0 1 12.1655
0 0 0 0 1 12.1554
0 0 0 0 1 12.072
0 0 0 0 0 12.182
0 0 0 0 1 11.9742
0 0 0 0 1 11.8158
0 0 0 0 1 11.8527
0 0 0 0 1 11.8729
0 0 0 0 1 11.775
0 0 0 0 1 11.7827
0 0 0 0 1 11.6854
0 0 0 0 1 11.6465
0 0 0 0 1 11.5846
0 0 0 0 1 11.3171
0 0 0 0 1 11.3894
0 0 0 0 1 11.272
0 0 0 0 1 11.2793
0 0 0 0 1 11.1256
0 0 0 0 1 11.1662
0 0 0 0 0 11.1545
0 0 0 0 1 11.0725
0 0 0 0 1 10.9215
0 0 0 0 0 10.9685
0 0 0 0 1 10.768
0 0 0 0 0 10.9303
0 0 0 0 0 10.6846
0 0 0 0 1 10.7093
0 0 0 0 1 10.6587
0 0 0 0 1 10.6508
0 0 0 0 1 10.6923
0 0 0 0 0 10.4802
0 0 0 0 1 10.5461
0 0 0 0 1 10.4962
0 0 0 0 1 10.2976
0 0 0 0 1 10.2489
0 0 0 0 0 10.3929
0 0 0 0 1 10.2481
0 0 0 0 0 10.2986
0 0 0 0 1 10.2466
0 0 0 0 0 10.0732
0 0 0 0 0 10.1468
0 0 0 0 1 10.1561
0 0 0 0 0 10.1118
0 0 0 0 1 10.061
0 0 0 0 1 9.8613
0 0 0 0 1 9.99973
0 0 0 0 1 9.77208
0 0 0 0 1 9.74257
0 0 0 0 1 9.75231
0 0 0 0 1 9.70667
0 0 0 0 0 9.7066
0 0 0 0 1 9.77417
0 0 0 0 1 9.67406
0 0 0 0 1 9.66425
0 0 0 0 1 9.5109
0 0 0 0 1 9.62239
0 0 0 0 1 9.44794
0 0 0 0 1 9.54933
0 0 0 0 1 9.36055
0 0 0 0 1 9.34853
0 0 0 0 1 9.34593
0 0 0 0 1 9.26248
0 0 0 0 1 9.21356
0 0 0 0 1 9.36585
0 0 0 0 0 9.27057
0 0 0 0 1 9.305
0 0 0 0 1 9.17696
0 0 0 0 1 9.08321
0 0 0 0 1 9.19997
0 0 0 0 1 9.05214
0 0 0 0 0 9.13196
0 0 0 0 1 9.0272
0 0 0 0 1 9.07959
0 0 0 0 1 8.99683
0 0 0 0 1 8.92356
0 0 0 0 1 8.90997
0 0 0 0 1 8.97104
0 0 0 0 1 8.79196
0 0 0 0 1 8.92387
0 0 0 0 1 8.7957
0 0 0 0 1 8.73864
0 0 0 0 1 8.86095
0 0 0 0 1 8.82495
0 0 0 0 0 8.79459
0 0 0 0 0 8.68941
0 0 0 0 1 8.67698
0 0 0 0 1 8.67672
0 0 0 0 1 8.60745
0 0 0 0 0 8.63506
0 0 0 0 1 8.52338
0 0 0 0 1 8.62313
0 0 0 0 1 8.46591
0 0 0 0 1 8.60301
0 0 0 0 1 8.4893
0 0 0 0 0 8.53245
0 0 0 0 1 8.51269
0 0 0 0 1 8.36643
0 0 0 0 1 8.3641
0 0 0 0 1 8.45428
0 0 0 0 1 8.35126
0 0 0 0 1 8.31569
0 0 0 0 1 8.35914
0 0 0 0 1 8.39879
0 0 0 0 1 8.23901
0 0 0 0 0 8.29546
0 0 0 0 1 8.35175
0 0 0 0 0 8.32535
0 0 0 0 0 8.18388
0 0 0 0 1 8.29778
0 0 0 0 0 8.11615
0 0 0 0 1 8.23805
0 0 0 0 0 8.13095
0 0 0 0 1 8.07327
0 0 0 0 1 8.11347
0 0 0 0 1 8.04813
0 0 0 0 0 8.11269
0 0 0 0 1 8.10846
0 0 0 0 1 8.05183
0 0 0 0 1 7.98747
0 0 0 0 1 8.10026
0 0 0 0 1 8.05231
0 0 0 0 1 8.06869
0 0 0 0 1 7.99723
0 0 0 0 0 7.95387
0 0 0 0 1 7.91492
0 0 0 0 1 7.9875
0 0 0 0 0 7.9806
0 0 0 0 1 7.91412
0 0 0 0 1 7.87596
0 0 0 0 1 7.91266
0 0 0 0 1 7.80389
0 0 0 0 1 7.89236
0 0 0 0 0 7.88639
0 0 0 0 1 7.87612
0 0 0 0 1 7.90175
0 0 0 0 1 7.8258
0 0 0 0 1 7.73786
0 0 0 0 0 7.82178
0 0 0 0 1 7.72327
0 0 0 0 0 7.75736
0 0 0 0 0 7.82564
0 0 0 0 1 7.74346
0 0 0 0 1 7.79325
