0 0 0 0 1 9.39021
0 0 0 0 1 9.49669
0 0 0 0 1 9.37032
0 0 0 0 1 9.45843
0 0 0 0 1 9.43628
0 0 0 0 1 9.44903
0 0 0 0 1 9.42389
0 0 0 0 1 9.61781
0 0 0 0 1 9.45334
0 0 0 0 1 9.60996
0 0 0 0 0 9.47397
0 0 0 0 1 9.51637
0 0 0 0 1 9.55288
0 0 0 0 0 9.64384
0 0 0 0 0 9.67138
0 0 0 0 1 9.57011
0 0 0 0 1 9.57855
0 0 0 0 0 9.60654
0 0 0 0 1 9.63106
0 0 0 0 1 9.73346
0 0 0 0 1 9.75255
0 0 0 0 1 9.83622
0 0 0 0 0 9.82654
0 0 0 0 1 9.80717
0 0 0 0 1 9.8623
0 0 0 0 1 9.76459
0 0 0 0 1 9.79457
0 0 0 0 1 9.88399
0 0 0 0 0 9.9796
0 0 0 0 1 9.98086
0 0 0 0 0 9.85325
0 0 0 0 0 9.89
0 0 0 0 1 9.87148
0 0 0 0 0 10.0427
0 0 0 0 0 10.0947
0 0 0 0 1 10.0066
0 0 0 0 0 9.95845
0 0 0 0 0 10.1015
0 0 0 0 1 9.99303
0 0 0 0 1 10.1573
0 0 0 0 1 10.079
0 0 0 0 1 10.1021
0 0 0 0 1 10.2021
0 0 0 0 1 10.1951
0 0 0 0 1 10.1984
0 0 0 0 1 10.2018
0 0 0 0 1 10.2615
0 0 0 0 0 10.2446
0 0 0 0 1 10.3103
0 0 0 0 1 10.4178
0 0 0 0 1 10.3544
0 0 0 0 1 10.3586
0 0 0 0 1 10.5299
0 0 0 0 1 10.4719
0 0 0 0 1 10.5501
0 0 0 0 0 10.5918
0 0 0 0 1 10.5864
0 0 0 0 1 10.4805
0 0 0 0 1 10.6657
0 0 0 0 1 10.6978
0 0 0 0 1 10.7354
0 0 0 0 1 10.736
0 0 0 0 1 10.8009
0 0 0 0 1 10.7747
0 0 0 0 1 10.8453
0 0 0 0 1 10.8247
0 0 0 0 0 10.7606
0 0 0 0 1 10.8158
0 0 0 0 0 10.8002
0 0 0 0 1 11.0528
0 0 0 0 0 11.0765
0 0 0 0 1 10.9352
0 0 0 0 1 10.9918
0 0 0 0 1 11.1648
0 0 0 0 1 11.178
0 0 0 0 1 11.2581
0 0 0 0 1 11.2889
0 0 0 0 1 11.2128
0 0 0 0 1 11.2938
0 0 0 0 1 11.1833
0 0 0 0 1 11.2821
0 0 0 0 1 11.4323
0 0 0 0 1 11.429
0 0 0 0 1 11.5295
0 0 0 0 0 11.4407
0 0 0 0 1 11.5649
0 0 0 0 0 11.6374
0 0 0 0 0 11.6586
0 0 0 0 0 11.7382
0 0 0 0 1 11.8118
0 0 0 0 1 11.7633
0 0 0 0 1 11.8609
0 0 0 0 1 11.7056
0 0 0 0 1 11.9644
0 0 0 0 1 11.9033
0 0 0 0 0 11.8536
0 0 0 0 1 12.0556
0 0 0 0 1 12.0902
0 0 0 0 1 12.1129
0 0 0 0 1 12.2571
0 0 0 0 0 12.1218
0 0 0 0 1 12.2669
0 0 0 0 0 12.2354
0 0 0 0 0 12.4682
0 0 0 0 0 12.4369
0 0 0 0 0 12.4853
0 0 0 0 1 12.516
0 0 0 0 1 12.6024
0 0 0 0 1 12.6334
0 0 0 0 0 12.7657
0 0 0 0 1 12.7773
0 0 0 0 1 12.6881
0 0 0 0 1 12.9116
0 0 0 0 0 12.8144
0 0 0 0 1 12.8644
0 0 0 0 0 13.0907
0 0 0 0 0 13.1432
0 0 0 0 1 13.0705
0 0 0 0 0 13.2151
0 0 0 0 1 13.2606
0 0 0 0 0 13.3994
0 0 0 0 1 13.2791
0 0 0 0 1 13.4798
0 0 0 0 1 13.466
0 0 0 0 0 13.4381
0 0 0 0 1 13.6278
0 0 0 0 0 13.7366
0 0 0 0 1 13.6733
0 0 0 0 1 13.8733
0 0 0 0 1 13.9977
0 0 0 0 1 14.1166
0 0 0 0 1 13.9549
0 0 0 0 1 14.0584
0 0 0 0 1 14.1353
0 0 0 0 1 14.3839
0 0 0 0 1 14.3264
0 0 0 0 1 14.4622
0 0 0 0 1 14.6569
0 0 0 0 1 14.5464
0 0 0 0 1 14.7718
0 0 0 0 1 14.7266
0 0 0 0 1 14.9029
0 0 0 0 1 15.0058
0 0 0 0 1 15.0561
0 0 0 0 1 15.2352
0 0 0 0 1 15.2789
0 0 0 0 0 15.3763
0 0 0 0 1 15.2893
0 0 0 0 1 15.4939
0 0 0 0 1 15.5451
0 0 0 0 1 15.6587
0 0 0 0 1 15.7097
0 0 0 0 1 15.9985
0 0 0 0 1 15.9546
0 0 0 0 1 15.9335
0 0 0 0 0 16.0729
0 0 0 0 1 16.2455
0 0 0 0 1 16.3619
0 0 0 0 1 16.487
0 0 0 0 0 16.4549
0 0 0 0 1 16.6051
0 0 0 0 1 16.9668
0 0 0 0 1 17.1371
0 0 0 0 1 17.2401
0 0 0 0 1 17.3173
0 0 0 0 0 17.2037
0 0 0 0 1 17.3661
0 0 0 0 1 17.4063
0 0 0 0 0 17.605
0 0 0 0 1 18.019
0 0 0 0 1 17.9251
0 0 0 0 1 18.0272
0 0 0 0 1 18.2203
0 0 0 0 1 18.2307
0 0 0 0 0 18.6931
0 0 0 0 1 18.7783
0 0 0 0 1 18.9936
0 0 0 0 1 19.0114
0 0 0 0 1 19.1232
0 0 0 0 0 19.3489
0 0 0 0 1 19.5087
0 0 0 0 1 19.4922
0 0 0 0 0 19.9571
0 0 0 0 1 20.117
0 0 0 0 1 20.1067
0 0 0 0 1 20.2449
0 0 0 0 1 20.6788
0 0 0 0 1 20.4788
0 0 0 0 0 20.8214
0 0 0 0 0 21.2213
0 0 0 0 1 21.4644
0 0 0 0 0 21.494
0 0 0 0 1 21.4775
0 0 0 0 0 21.9787
0 0 0 0 1 22.0126
0 0 0 0 1 22.4991
0 0 0 0 1 22.3241
0 0 0 0 1 22.9292
0 0 0 0 1 23.17
0 0 0 0 1 23.0858
0 0 0 0 1 23.3098
0 0 0 0 1 23.572
0 0 0 0 1 23.9016
0 0 0 0 0 24.4272
0 0 0 0 0 24.6006
0 0 0 0 0 24.7722
0 0 0 0 1 25.1865
0 0 0 0 1 25.6042
0 0 0 0 1 25.897
0 0 0 0 1 26.1831
0 0 0 0 1 26.4072
0 0 0 0 1 26.7113
0 0 0 0 1 27.0059
0 0 0 0 1 27.5102
0 0 0 0 1 27.8629
0 0 0 0 1 28.1882
0 0 0 0 1 28.4662
0 0 0 0 1 28.7233
0 0 0 0 1 29.2684
0 0 0 0 1 29.6019
0 0 0 0 1 29.9835
0 0 0 0 1 30.2133
0 0 0 0 0 30.8668
0 0 0 0 0 31.4119
0 0 0 0 1 31.8021
0 0 0 0 1 31.963
0 0 0 0 1 32.7669
0 0 0 0 1 33.1799
0 0 0 0 1 33.3983
0 0 0 0 1 34.3104
0 0 0 0 0 35.0017
0 0 0 0 1 35.1979
0 0 0 0 1 35.9396
0 0 0 0 1 36.5505
0 0 0 0 1 37.4786
0 0 0 0 1 38.0789
0 0 0 0 1 38.8892
0 0 0 0 1 37.5403
0 0 0 0 1 37.3154
0 0 0 0 1 37.0544
0 0 0 0 1 37.4651
0 0 0 0 1 37.2799
0 0 0 0 1 36.9847
0 0 0 0 1 36.7297
0 0 0 0 1 36.7327
0 0 0 0 1 36.8122
0 0 0 0 1 37.04
0 0 0 0 1 36.8602
0 0 0 0 1 36.6464
0 0 0 0 1 37.1066
0 0 0 0 1 37.953
0 0 0 0 1 39.0583
0 0 0 0 1 40.0035
0 0 0 0 0 40.5462
0 0 0 0 0 57.6776
0 0 0 0 1 58.7137
0 0 0 0 0 60.2511
0 0 0 0 1 62.3154
0 0 0 0 1 61.3087
0 0 0 0 1 61.0892
0 0 0 0 0 60.7497
0 0 0 0 1 60.0478
0 0 0 0 0 60.0765
0 0 0 0 1 60.0445
0 0 0 0 1 60.6809
0 0 0 0 1 60.2272
0 0 0 0 1 61.933
0 0 0 0 1 89.7814
0 0 0 0 1 94.0333
0 0 0 0 0 97.7114
0 0 0 0 0 5.01501
0 0 0 0 0 5.05509
0 0 0 0 0 4.96992
0 0 0 0 0 4.96992
0 0 0 0 1 69.0322
0 0 0 0 1 67.9175
0 0 0 0 1 67.967
0 0 0 0 1 68.1551
0 0 0 0 1 67.7287
0 0 0 0 1 67.6455
0 0 0 0 1 68.3833
0 0 0 0 0 4.99998
0 0 0 0 0 4.9599
0 0 0 0 0 4.96992
0 0 0 0 0 5.02002
0 0 0 0 0 4.99497
0 0 0 0 1 48.0611
0 0 0 0 1 48.3454
0 0 0 0 1 48.1993
0 0 0 0 1 48.3896
0 0 0 0 1 48.3412
0 0 0 0 1 48.3896
0 0 0 0 1 47.8639
0 0 0 0 1 48.3454
0 0 0 0 1 48.3005
0 0 0 0 0 4.98495
0 0 0 0 0 4.96992
0 0 0 0 0 5.02002
0 0 0 0 0 5.02002
0 0 0 0 1 93.4536
0 0 0 0 1 83.8633
0 0 0 0 1 76.7874
0 0 0 0 1 71.3126
0 0 0 0 0 65.2497
0 0 0 0 0 60.7042
0 0 0 0 1 56.2647
0 0 0 0 1 52.492
0 0 0 0 1 49.408
0 0 0 0 1 47.5657
0 0 0 0 1 44.7121
0 0 0 0 1 42.3585
0 0 0 0 1 40.0963
0 0 0 0 1 38.7883
0 0 0 0 1 36.9588
0 0 0 0 1 35.7167
0 0 0 0 1 33.7474
0 0 0 0 0 32.5839
0 0 0 0 0 31.343
0 0 0 0 1 30.1737
0 0 0 0 1 29.4006
0 0 0 0 0 28.3964
0 0 0 0 1 27.4544
0 0 0 0 0 26.5045
0 0 0 0 1 25.8072
0 0 0 0 1 24.7537
0 0 0 0 1 24.2046
0 0 0 0 1 23.6436
0 0 0 0 0 23.0571
0 0 0 0 1 22.62
0 0 0 0 1 21.8024
0 0 0 0 1 21.2398
0 0 0 0 1 20.614
0 0 0 0 1 20.4304
0 0 0 0 1 19.777
0 0 0 0 0 19.3165
0 0 0 0 0 18.9808
0 0 0 0 1 18.6521
0 0 0 0 1 18.1672
0 0 0 0 1 17.8661
0 0 0 0 0 17.5994
0 0 0 0 1 16.9199
0 0 0 0 1 16.785
0 0 0 0 0 16.3147
0 0 0 0 1 16.273
0 0 0 0 1 15.9943
0 0 0 0 0 15.5385
0 0 0 0 1 15.1752
0 0 0 0 1 14.8605
0 0 0 0 1 14.7292
0 0 0 0 1 14.4007
0 0 0 0 1 14.2323
0 0 0 0 1 14.1374
0 0 0 0 1 13.8175
0 0 0 0 1 13.6058
0 0 0 0 1 13.5016
0 0 0 0 1 13.3381
0 0 0 0 1 13.0531
0 0 0 0 0 12.7037
0 0 0 0 1 12.6122
0 0 0 0 1 12.5836
0 0 0 0 1 12.3582
0 0 0 0 1 12.0524
0 0 0 0 0 11.9154
0 0 0 0 0 11.7427
0 0 0 0 1 11.7663
0 0 0 0 1 11.4501
0 0 0 0 1 11.254
0 0 0 0 1 11.1247
0 0 0 0 1 11.038
0 0 0 0 1 10.9739
0 0 0 0 1 10.8418
0 0 0 0 1 10.5924
0 0 0 0 1 10.4926
0 0 0 0 0 10.3925
0 0 0 0 0 10.354
0 0 0 0 1 10.1906
0 0 0 0 1 10.0789
0 0 0 0 1 10.0766
0 0 0 0 1 9.92523
0 0 0 0 1 9.78363
0 0 0 0 0 9.73965
0 0 0 0 1 9.48429
0 0 0 0 1 9.52542
0 0 0 0 1 9.34867
0 0 0 0 0 9.3034
0 0 0 0 1 9.18393
0 0 0 0 1 9.04696
0 0 0 0 1 8.98312
0 0 0 0 1 8.98129
0 0 0 0 1 8.89911
0 0 0 0 1 8.73774
0 0 0 0 0 8.76076
0 0 0 0 1 8.55828
0 0 0 0 1 8.47742
0 0 0 0 0 8.35505
0 0 0 0 1 8.42546
0 0 0 0 1 8.32832
0 0 0 0 1 8.20712
0 0 0 0 1 8.0625
0 0 0 0 1 7.99197
0 0 0 0 1 8.0025
0 0 0 0 1 7.99516
0 0 0 0 1 7.94069
0 0 0 0 1 7.74555
0 0 0 0 1 7.72324
0 0 0 0 0 7.74546
0 0 0 0 1 7.68364
0 0 0 0 1 7.58536
0 0 0 0 0 7.47163
0 0 0 0 1 7.47063
0 0 0 0 1 7.47019
0 0 0 0 0 7.32226
0 0 0 0 1 7.35669
0 0 0 0 1 7.27558
0 0 0 0 0 7.17347
0 0 0 0 1 7.10785
0 0 0 0 1 7.14875
0 0 0 0 1 7.09008
0 0 0 0 0 7.05418
0 0 0 0 1 6.9404
0 0 0 0 1 6.82768
0 0 0 0 1 6.79801
0 0 0 0 1 6.78336
0 0 0 0 0 6.75498
0 0 0 0 1 6.75836
0 0 0 0 1 6.63643
0 0 0 0 0 6.63298
0 0 0 0 1 6.626
0 0 0 0 0 6.50596
0 0 0 0 0 6.46322
0 0 0 0 1 6.48671
0 0 0 0 1 6.44733
0 0 0 0 0 6.30438
0 0 0 0 1 6.29574
0 0 0 0 0 6.25539
0 0 0 0 1 6.24198
0 0 0 0 1 6.23283
0 0 0 0 1 6.16968
0 0 0 0 1 6.11129
0 0 0 0 1 6.09785
0 0 0 0 1 6.05209
0 0 0 0 1 6.0567
0 0 0 0 1 6.00096
0 0 0 0 0 5.96948
0 0 0 0 1 5.97971
0 0 0 0 1 5.84588
0 0 0 0 1 5.90312
0 0 0 0 1 5.7901
0 0 0 0 1 5.79618
0 0 0 0 1 5.82713
0 0 0 0 1 5.7329
0 0 0 0 1 5.70237
0 0 0 0 1 5.64351
0 0 0 0 1 5.61337
0 0 0 0 1 5.67538
0 0 0 0 1 5.56277
0 0 0 0 1 5.57204
0 0 0 0 0 5.50327
0 0 0 0 1 5.47924
0 0 0 0 1 5.52119
0 0 0 0 0 5.53371
0 0 0 0 1 5.46577
0 0 0 0 0 5.46884
0 0 0 0 0 5.38732
0 0 0 0 1 5.34752
0 0 0 0 1 5.30446
0 0 0 0 1 5.31305
0 0 0 0 1 5.26685
0 0 0 0 1 5.29115
0 0 0 0 1 5.26443
0 0 0 0 0 5.18372
0 0 0 0 1 5.19392
0 0 0 0 0 5.17285
0 0 0 0 0 5.12089
0 0 0 0 0 5.15483
0 0 0 0 1 5.09481
0 0 0 0 0 5.10986
0 0 0 0 1 5.11963
0 0 0 0 1 5.03314
0 0 0 0 0 5.06637
0 0 0 0 1 4.99578
0 0 0 0 1 5.01551
0 0 0 0 1 4.93065
0 0 0 0 1 4.99669
0 0 0 0 1 4.90743
0 0 0 0 1 4.88767
0 0 0 0 1 4.90229
0 0 0 0 0 4.88748
0 0 0 0 1 4.90188
0 0 0 0 1 4.84354
0 0 0 0 1 4.81613
0 0 0 0 0 4.79209
0 0 0 0 1 4.81289
0 0 0 0 1 4.72687
0 0 0 0 1 4.79844
0 0 0 0 1 4.70835
0 0 0 0 0 4.76677
0 0 0 0 1 4.70088
0 0 0 0 1 4.73389
0 0 0 0 1 4.71212
0 0 0 0 1 4.69361
0 0 0 0 1 4.68599
0 0 0 0 1 4.67839
0 0 0 0 1 4.59554
0 0 0 0 1 4.55009
0 0 0 0 0 4.58874
0 0 0 0 1 4.58925
0 0 0 0 1 4.55922
0 0 0 0 1 4.54622
0 0 0 0 1 4.48028
0 0 0 0 1 4.53529
0 0 0 0 1 4.54302
0 0 0 0 1 4.51677
0 0 0 0 1 4.44272
0 0 0 0 1 4.4928
0 0 0 0 1 4.45929
0 0 0 0 1 4.416
0 0 0 0 1 4.39175
0 0 0 0 0 4.37203
0 0 0 0 1 4.42608
0 0 0 0 1 4.34511
0 0 0 0 1 4.37377
0 0 0 0 1 4.36744
0 0 0 0 1 4.36116
0 0 0 0 1 4.30199
0 0 0 0 1 4.3262
0 0 0 0 1 4.35461
0 0 0 0 1 4.32269
0 0 0 0 1 4.26013
0 0 0 0 0 4.27999
0 0 0 0 1 4.26991
0 0 0 0 1 4.27267
0 0 0 0 1 4.21533
0 0 0 0 0 4.27822
0 0 0 0 1 4.2472
0 0 0 0 1 4.24166
0 0 0 0 0 4.18569
0 0 0 0 1 4.21336
0 0 0 0 1 4.14948
0 0 0 0 1 4.15269
0 0 0 0 1 4.12261
0 0 0 0 1 4.1758
0 0 0 0 1 4.15001
0 0 0 0 1 4.12024
0 0 0 0 1 4.11127
0 0 0 0 1 4.11474
0 0 0 0 1 4.08946
0 0 0 0 1 4.09714
0 0 0 0 1 4.07209
0 0 0 0 1 4.0431
0 0 0 0 1 4.10802
0 0 0 0 1 4.07103
0 0 0 0 1 4.09512
0 0 0 0 1 4.02601
0 0 0 0 1 4.02593
0 0 0 0 1 4.01381
0 0 0 0 1 4.05412
0 0 0 0 1 4.03
0 0 0 0 1 4.03411
0 0 0 0 1 3.99419
0 0 0 0 0 4.02645
0 0 0 0 1 4.01874
0 0 0 0 1 3.94738
0 0 0 0 1 4.0155
0 0 0 0 0 3.99612
0 0 0 0 1 3.99667
0 0 0 0 1 3.91426
0 0 0 0 1 3.97034
0 0 0 0 1 3.95537
0 0 0 0 1 3.9676
0 0 0 0 0 3.95277
0 0 0 0 1 3.89437
0 0 0 0 1 3.8798
0 0 0 0 0 3.87709
0 0 0 0 0 3.86664
0 0 0 0 1 3.89139
0 0 0 0 1 3.8772
0 0 0 0 1 3.92143
0 0 0 0 0 3.87944
0 0 0 0 1 3.88489
0 0 0 0 1 3.84782
