0 0 0 0 1 5.53625
0 0 0 0 1 5.58979
0 0 0 0 1 5.59909
0 0 0 0 1 5.51623
0 0 0 0 0 5.59819
0 0 0 0 1 5.56313
0 0 0 0 1 5.62789
0 0 0 0 1 5.64899
0 0 0 0 1 5.57152
0 0 0 0 1 5.63773
0 0 0 0 1 5.61981
0 0 0 0 1 5.6922
0 0 0 0 1 5.69924
0 0 0 0 1 5.62504
0 0 0 0 1 5.69807
0 0 0 0 1 5.73371
0 0 0 0 1 5.71065
0 0 0 0 1 5.68759
0 0 0 0 1 5.73306
0 0 0 0 1 5.73113
0 0 0 0 1 5.67387
0 0 0 0 0 5.71399
0 0 0 0 0 5.74287
0 0 0 0 1 5.71434
0 0 0 0 1 5.75683
0 0 0 0 1 5.79196
0 0 0 0 1 5.76359
0 0 0 0 1 5.74679
0 0 0 0 0 5.86961
0 0 0 0 1 5.82397
0 0 0 0 1 5.83663
0 0 0 0 1 5.8744
0 0 0 0 1 5.81855
0 0 0 0 1 5.90189
0 0 0 0 1 5.82676
0 0 0 0 1 5.92832
0 0 0 0 0 5.86487
0 0 0 0 1 5.94932
0 0 0 0 1 5.94514
0 0 0 0 1 5.90528
0 0 0 0 1 5.93688
0 0 0 0 1 5.99859
0 0 0 0 1 5.96605
0 0 0 0 1 5.95611
0 0 0 0 0 6.06052
0 0 0 0 0 5.97846
0 0 0 0 0 6.08234
0 0 0 0 1 6.08491
0 0 0 0 1 6.08754
0 0 0 0 1 6.03535
0 0 0 0 1 6.09905
0 0 0 0 1 6.18762
0 0 0 0 1 6.12819
0 0 0 0 1 6.19993
0 0 0 0 1 6.12903
0 0 0 0 1 6.15062
0 0 0 0 1 6.15994
0 0 0 0 1 6.19323
0 0 0 0 1 6.23397
0 0 0 0 0 6.22489
0 0 0 0 1 6.31528
0 0 0 0 1 6.24347
0 0 0 0 1 6.27858
0 0 0 0 1 6.31388
0 0 0 0 1 6.36206
0 0 0 0 1 6.33973
0 0 0 0 1 6.35002
0 0 0 0 1 6.45562
0 0 0 0 1 6.45345
0 0 0 0 0 6.49566
0 0 0 0 0 6.50651
0 0 0 0 1 6.4584
0 0 0 0 1 6.46922
0 0 0 0 0 6.54529
0 0 0 0 1 6.60216
0 0 0 0 1 6.56693
0 0 0 0 0 6.62361
0 0 0 0 1 6.5426
0 0 0 0 0 6.65915
0 0 0 0 1 6.62359
0 0 0 0 1 6.64781
0 0 0 0 1 6.75977
0 0 0 0 0 6.77166
0 0 0 0 1 6.67532
0 0 0 0 0 6.74726
0 0 0 0 1 6.73826
0 0 0 0 1 6.87219
0 0 0 0 1 6.90452
0 0 0 0 0 6.79981
0 0 0 0 0 6.91465
0 0 0 0 1 6.85057
0 0 0 0 1 6.98759
0 0 0 0 1 6.88847
0 0 0 0 1 6.96315
0 0 0 0 1 7.03833
0 0 0 0 0 6.9803
0 0 0 0 0 7.0626
0 0 0 0 1 7.14594
0 0 0 0 0 7.08025
0 0 0 0 1 7.22134
0 0 0 0 1 7.23422
0 0 0 0 1 7.26153
0 0 0 0 1 7.20898
0 0 0 0 1 7.25803
0 0 0 0 1 7.37265
0 0 0 0 0 7.29797
0 0 0 0 1 7.33988
0 0 0 0 1 7.39762
0 0 0 0 1 7.40299
0 0 0 0 1 7.37843
0 0 0 0 1 7.53356
0 0 0 0 0 7.57676
0 0 0 0 1 7.52957
0 0 0 0 1 7.55765
0 0 0 0 1 7.69289
0 0 0 0 1 7.64512
0 0 0 0 0 7.71974
0 0 0 0 1 7.65582
0 0 0 0 1 7.80843
0 0 0 0 1 7.75953
0 0 0 0 1 7.81231
0 0 0 0 1 7.88062
0 0 0 0 1 7.88566
0 0 0 0 1 8.0261
0 0 0 0 1 7.98352
0 0 0 0 1 8.013
0 0 0 0 1 8.08287
0 0 0 0 1 8.0235
0 0 0 0 1 8.20715
0 0 0 0 0 8.13907
0 0 0 0 1 8.31643
0 0 0 0 1 8.25532
0 0 0 0 0 8.27709
0 0 0 0 1 8.39017
0 0 0 0 1 8.4537
0 0 0 0 1 8.47529
0 0 0 0 1 8.43723
0 0 0 0 0 8.61221
0 0 0 0 1 8.60887
0 0 0 0 0 8.62176
0 0 0 0 1 8.78143
0 0 0 0 0 8.75966
0 0 0 0 1 8.8508
0 0 0 0 1 8.8822
0 0 0 0 0 8.91198
0 0 0 0 1 8.96846
0 0 0 0 1 8.98911
0 0 0 0 1 9.10919
0 0 0 0 1 9.10354
0 0 0 0 1 9.11473
0 0 0 0 1 9.25469
0 0 0 0 0 9.34944
0 0 0 0 1 9.24982
0 0 0 0 1 9.31524
0 0 0 0 1 9.36321
0 0 0 0 1 9.54325
0 0 0 0 1 9.51411
0 0 0 0 1 9.56246
0 0 0 0 1 9.67744
0 0 0 0 1 9.79329
0 0 0 0 1 9.91985
0 0 0 0 0 9.91993
0 0 0 0 1 10.0262
0 0 0 0 1 10.0743
0 0 0 0 0 10.1106
0 0 0 0 0 10.1379
0 0 0 0 0 10.3379
0 0 0 0 1 10.3845
0 0 0 0 1 10.3702
0 0 0 0 1 10.521
0 0 0 0 1 10.6624
0 0 0 0 1 10.7072
0 0 0 0 1 10.7105
0 0 0 0 1 10.7216
0 0 0 0 1 11.0264
0 0 0 0 1 10.9191
0 0 0 0 1 11.0395
0 0 0 0 1 11.0688
0 0 0 0 1 11.3163
0 0 0 0 0 11.2777
0 0 0 0 1 11.4776
0 0 0 0 1 11.5986
0 0 0 0 1 11.6736
0 0 0 0 1 11.7808
0 0 0 0 0 11.7964
0 0 0 0 0 11.8435
0 0 0 0 1 12.095
0 0 0 0 1 12.2672
0 0 0 0 1 12.4099
0 0 0 0 1 12.5162
0 0 0 0 1 12.4381
0 0 0 0 1 12.6276
0 0 0 0 1 12.7748
0 0 0 0 0 12.8124
0 0 0 0 0 12.8745
0 0 0 0 1 13.0012
0 0 0 0 1 13.2833
0 0 0 0 1 13.2645
0 0 0 0 1 13.4282
0 0 0 0 1 13.6473
0 0 0 0 1 13.8638
0 0 0 0 1 13.8446
0 0 0 0 1 14.175
0 0 0 0 1 14.419
0 0 0 0 0 14.4054
0 0 0 0 1 14.6364
0 0 0 0 0 14.6572
0 0 0 0 1 14.9735
0 0 0 0 1 15.0217
0 0 0 0 1 15.1776
0 0 0 0 1 15.3239
0 0 0 0 1 15.6355
0 0 0 0 1 15.9915
0 0 0 0 0 15.9734
0 0 0 0 1 16.2779
0 0 0 0 0 16.3713
0 0 0 0 0 16.5787
0 0 0 0 1 16.7622
0 0 0 0 1 17.2035
0 0 0 0 1 17.433
0 0 0 0 1 17.6022
0 0 0 0 1 18.011
0 0 0 0 0 18.2354
0 0 0 0 1 18.4225
0 0 0 0 0 18.5429
0 0 0 0 1 18.7633
0 0 0 0 1 15.0405
0 0 0 0 0 15.0063
0 0 0 0 1 15.0621
0 0 0 0 1 14.9986
0 0 0 0 1 15.0276
0 0 0 0 1 14.7564
0 0 0 0 1 14.9917
0 0 0 0 1 14.947
0 0 0 0 0 14.7517
0 0 0 0 1 14.6757
0 0 0 0 1 14.6914
0 0 0 0 0 14.7789
0 0 0 0 0 14.9255
0 0 0 0 1 14.912
0 0 0 0 1 14.7344
0 0 0 0 1 14.5889
0 0 0 0 1 14.7363
0 0 0 0 1 14.5748
0 0 0 0 1 14.5775
0 0 0 0 1 14.6959
0 0 0 0 1 14.743
0 0 0 0 0 14.6858
0 0 0 0 1 14.6161
0 0 0 0 1 14.7353
0 0 0 0 1 14.7247
0 0 0 0 1 14.698
0 0 0 0 0 14.7463
0 0 0 0 1 14.6618
0 0 0 0 1 14.5065
0 0 0 0 0 14.4973
0 0 0 0 1 14.6955
0 0 0 0 1 15.0364
0 0 0 0 1 15.422
0 0 0 0 1 15.9449
0 0 0 0 1 16.6755
0 0 0 0 0 17.0304
0 0 0 0 0 17.7907
0 0 0 0 1 18.5204
0 0 0 0 1 46.794
0 0 0 0 1 48.996
0 0 0 0 1 50.4663
0 0 0 0 0 52.8186
0 0 0 0 1 43.0218
0 0 0 0 1 42.7493
0 0 0 0 0 42.3066
0 0 0 0 1 42.9288
0 0 0 0 1 42.5739
0 0 0 0 1 42.6869
0 0 0 0 1 42.9282
0 0 0 0 1 42.661
0 0 0 0 1 42.1392
0 0 0 0 0 42.8931
0 0 0 0 1 42.1184
0 0 0 0 1 45.1915
0 0 0 0 0 5.0601
0 0 0 0 0 5.04507
0 0 0 0 0 4.98996
0 0 0 0 0 5.01501
0 0 0 0 1 35.2706
0 0 0 0 1 35.6208
0 0 0 0 1 35.37
0 0 0 0 1 35.3322
0 0 0 0 1 35.1535
0 0 0 0 1 35.5419
0 0 0 0 1 35.754
0 0 0 0 1 35.3649
0 0 0 0 0 35.1181
0 0 0 0 0 35.3322
0 0 0 0 1 35.0868
0 0 0 0 1 35.6916
0 0 0 0 0 35.7309
0 0 0 0 0 5.03004
0 0 0 0 0 5.02503
0 0 0 0 0 4.98495
0 0 0 0 0 4.97994
0 0 0 0 0 4.98996
0 0 0 0 0 4.98996
0 0 0 0 0 5.05008
0 0 0 0 0 4.97994
0 0 0 0 0 4.96992
0 0 0 0 0 5.05509
0 0 0 0 0 100.483
0 0 0 0 1 95.1085
0 0 0 0 1 24.4877
0 0 0 0 1 23.2881
0 0 0 0 1 22.4288
0 0 0 0 1 21.4113
0 0 0 0 1 20.6258
0 0 0 0 0 20.553
0 0 0 0 0 20.6652
0 0 0 0 0 20.552
0 0 0 0 0 20.6857
0 0 0 0 1 20.5115
0 0 0 0 1 20.6666
0 0 0 0 1 20.3695
0 0 0 0 1 20.7313
0 0 0 0 1 20.4347
0 0 0 0 1 20.7153
0 0 0 0 1 20.749
0 0 0 0 1 20.826
0 0 0 0 1 20.4889
0 0 0 0 0 20.4824
0 0 0 0 1 20.8278
0 0 0 0 0 20.6567
0 0 0 0 1 20.7963
0 0 0 0 1 20.8329
0 0 0 0 1 20.6228
0 0 0 0 1 20.8469
0 0 0 0 1 20.6146
0 0 0 0 1 20.6733
0 0 0 0 0 36.7227
0 0 0 0 1 36.0292
0 0 0 0 1 35.7796
0 0 0 0 0 34.6531
0 0 0 0 1 34.3737
0 0 0 0 1 33.2803
0 0 0 0 1 33.21
0 0 0 0 1 32.4388
0 0 0 0 1 31.6522
0 0 0 0 0 31.1513
0 0 0 0 1 30.5153
0 0 0 0 1 29.8929
0 0 0 0 1 29.7166
0 0 0 0 1 29.2879
0 0 0 0 1 28.5533
0 0 0 0 1 27.875
0 0 0 0 1 27.7399
0 0 0 0 0 27.4147
0 0 0 0 1 26.5864
0 0 0 0 0 26.1961
0 0 0 0 1 26.275
0 0 0 0 0 25.7439
0 0 0 0 1 25.2779
0 0 0 0 1 25.1741
0 0 0 0 0 24.8178
0 0 0 0 0 24.4084
0 0 0 0 1 24.0828
0 0 0 0 0 23.5452
0 0 0 0 1 23.3823
0 0 0 0 1 23.1336
0 0 0 0 1 22.852
0 0 0 0 1 22.5668
0 0 0 0 0 22.3011
0 0 0 0 1 22.0605
0 0 0 0 1 21.6747
0 0 0 0 1 21.4326
0 0 0 0 0 20.9135
0 0 0 0 1 20.6726
0 0 0 0 1 20.4321
0 0 0 0 0 20.3329
0 0 0 0 1 20.2624
0 0 0 0 1 20.1475
0 0 0 0 1 19.6464
0 0 0 0 1 19.7171
0 0 0 0 1 19.3478
0 0 0 0 1 19.2784
0 0 0 0 1 18.894
0 0 0 0 1 18.8137
0 0 0 0 0 18.5922
0 0 0 0 1 18.2709
0 0 0 0 1 18.1707
0 0 0 0 1 17.9794
0 0 0 0 0 17.9759
0 0 0 0 1 17.6873
0 0 0 0 1 17.6813
0 0 0 0 1 17.2912
0 0 0 0 1 17.0431
0 0 0 0 1 17.1975
0 0 0 0 1 16.7224
0 0 0 0 1 16.6714
0 0 0 0 1 16.5451
0 0 0 0 1 16.5502
0 0 0 0 1 16.2435
0 0 0 0 1 16.0208
0 0 0 0 1 15.8974
0 0 0 0 1 15.8132
0 0 0 0 0 15.83
0 0 0 0 1 15.5583
0 0 0 0 1 15.5975
0 0 0 0 1 15.52
0 0 0 0 0 15.1368
0 0 0 0 1 15.2513
0 0 0 0 1 15.0834
0 0 0 0 1 14.7674
0 0 0 0 1 14.9306
0 0 0 0 1 14.7437
0 0 0 0 1 14.6311
0 0 0 0 0 14.4984
0 0 0 0 1 14.3808
0 0 0 0 1 14.3492
0 0 0 0 1 14.0337
0 0 0 0 0 14.0308
0 0 0 0 1 14.0772
0 0 0 0 1 13.8915
0 0 0 0 0 13.8673
0 0 0 0 0 13.7108
0 0 0 0 0 13.5314
0 0 0 0 1 13.3856
0 0 0 0 1 13.3749
0 0 0 0 1 13.1769
0 0 0 0 1 13.2005
0 0 0 0 1 13.131
0 0 0 0 1 13.1791
0 0 0 0 1 13.0441
0 0 0 0 1 12.9101
0 0 0 0 1 12.8492
0 0 0 0 1 12.6782
0 0 0 0 1 12.7366
0 0 0 0 1 12.6128
0 0 0 0 1 12.4443
0 0 0 0 1 12.5295
0 0 0 0 0 12.3082
0 0 0 0 1 12.2531
0 0 0 0 1 12.1449
0 0 0 0 1 12.0616
0 0 0 0 1 11.9624
0 0 0 0 0 11.9119
0 0 0 0 1 11.9851
0 0 0 0 0 11.7795
0 0 0 0 1 11.7925
0 0 0 0 1 11.6598
0 0 0 0 1 11.6332
0 0 0 0 1 11.5368
0 0 0 0 1 11.5566
0 0 0 0 1 11.4147
0 0 0 0 1 11.5256
0 0 0 0 0 11.2821
0 0 0 0 1 11.2974
0 0 0 0 1 11.3122
0 0 0 0 0 11.1508
0 0 0 0 1 11.266
0 0 0 0 1 11.0168
0 0 0 0 1 11.0756
0 0 0 0 1 11.0126
0 0 0 0 1 10.9608
0 0 0 0 1 10.9092
0 0 0 0 1 10.8795
0 0 0 0 1 10.8282
0 0 0 0 1 10.6482
0 0 0 0 0 10.7369
0 0 0 0 1 10.5479
0 0 0 0 0 10.629
0 0 0 0 1 10.5365
0 0 0 0 1 10.6023
0 0 0 0 1 10.5313
0 0 0 0 1 10.4991
0 0 0 0 0 10.3769
0 0 0 0 1 10.3555
0 0 0 0 1 10.2005
0 0 0 0 0 10.2821
0 0 0 0 1 10.2813
0 0 0 0 1 10.0974
0 0 0 0 0 10.087
0 0 0 0 1 9.98909
0 0 0 0 0 10.019
0 0 0 0 1 9.90861
0 0 0 0 1 9.85872
0 0 0 0 1 9.89502
0 0 0 0 1 9.80582
0 0 0 0 1 9.86154
0 0 0 0 0 9.83174
0 0 0 0 1 9.69468
0 0 0 0 0 9.67529
0 0 0 0 1 9.60427
0 0 0 0 1 9.55625
0 0 0 0 1 9.69766
0 0 0 0 1 9.6367
0 0 0 0 0 9.56018
0 0 0 0 1 9.61423
0 0 0 0 1 9.53822
0 0 0 0 1 9.50679
0 0 0 0 1 9.47552
0 0 0 0 1 9.40069
0 0 0 0 1 9.44472
0 0 0 0 1 9.26473
0 0 0 0 1 9.38929
0 0 0 0 1 9.28783
0 0 0 0 1 9.23924
0 0 0 0 1 9.29214
0 0 0 0 1 9.10625
0 0 0 0 1 9.23233
0 0 0 0 1 9.08425
0 0 0 0 1 9.12784
0 0 0 0 1 8.99008
0 0 0 0 1 9.08783
0 0 0 0 1 9.04677
0 0 0 0 1 8.99125
0 0 0 0 1 9.01333
0 0 0 0 1 8.94933
0 0 0 0 0 8.9569
0 0 0 0 0 8.85804
0 0 0 0 0 8.84822
0 0 0 0 1 8.90567
0 0 0 0 1 8.84306
0 0 0 0 0 8.85098
0 0 0 0 1 8.82598
0 0 0 0 0 8.71189
0 0 0 0 0 8.71684
0 0 0 0 1 8.69918
0 0 0 0 1 8.69555
0 0 0 0 1 8.61776
0 0 0 0 0 8.52837
0 0 0 0 1 8.60605
0 0 0 0 0 8.49157
0 0 0 0 0 8.51786
0 0 0 0 0 8.49796
0 0 0 0 1 8.42723
0 0 0 0 1 8.50943
0 0 0 0 1 8.37991
0 0 0 0 1 8.39446
0 0 0 0 1 8.47994
0 0 0 0 1 8.41039
0 0 0 0 1 8.43333
0 0 0 0 0 8.31418
0 0 0 0 1 8.28734
0 0 0 0 1 8.36422
0 0 0 0 1 8.22142
0 0 0 0 1 8.35248
0 0 0 0 1 8.27277
0 0 0 0 1 8.27142
0 0 0 0 0 8.30306
0 0 0 0 1 8.14579
0 0 0 0 1 8.2269
0 0 0 0 1 8.22599
0 0 0 0 1 8.16804
0 0 0 0 0 8.06157
0 0 0 0 1 8.13441
0 0 0 0 1 8.12595
0 0 0 0 1 8.11762
0 0 0 0 1 8.06903
0 0 0 0 0 8.0288
0 0 0 0 1 8.08131
0 0 0 0 0 7.97711
0 0 0 0 1 7.94558
0 0 0 0 1 7.9703
0 0 0 0 0 7.92316
0 0 0 0 0 7.89596
0 0 0 0 1 7.89707
0 0 0 0 1 7.90624
0 0 0 0 1 7.85205
0 0 0 0 0 7.86151
0 0 0 0 0 7.95365
0 0 0 0 1 7.8763
0 0 0 0 1 7.82299
0 0 0 0 1 7.88352
0 0 0 0 0 7.8654
0 0 0 0 1 7.8362
0 0 0 0 0 7.86204
0 0 0 0 1 7.86449
0 0 0 0 1 7.87031
0 0 0 0 1 7.8496
0 0 0 0 1 7.72792
0 0 0 0 0 7.69531
0 0 0 0 1 7.69089
0 0 0 0 0 7.77488
