0 0 0 0 1 5.55433
0 0 0 0 1 5.55797
0 0 0 0 1 5.57835
0 0 0 0 1 5.50154
0 0 0 0 1 5.56647
0 0 0 0 0 5.52054
0 0 0 0 1 5.53489
0 0 0 0 0 5.60598
0 0 0 0 1 5.52338
0 0 0 0 1 5.61719
0 0 0 0 1 5.63306
0 0 0 0 0 5.64348
0 0 0 0 1 5.59995
0 0 0 0 0 5.67242
0 0 0 0 1 5.66068
0 0 0 0 1 5.66794
0 0 0 0 1 5.59976
0 0 0 0 1 5.71468
0 0 0 0 1 5.6976
0 0 0 0 1 5.72221
0 0 0 0 1 5.65969
0 0 0 0 1 5.72823
0 0 0 0 0 5.74568
0 0 0 0 1 5.706
0 0 0 0 1 5.70245
0 0 0 0 1 5.77191
0 0 0 0 1 5.73228
0 0 0 0 1 5.75196
0 0 0 0 1 5.78744
0 0 0 0 1 5.82315
0 0 0 0 1 5.75456
0 0 0 0 1 5.86615
0 0 0 0 1 5.79321
0 0 0 0 1 5.87621
0 0 0 0 1 5.81915
0 0 0 0 1 5.83817
0 0 0 0 1 5.86322
0 0 0 0 1 5.84271
0 0 0 0 1 5.927
0 0 0 0 0 5.92299
0 0 0 0 0 5.97238
0 0 0 0 1 5.91506
0 0 0 0 1 5.98862
0 0 0 0 0 6.01479
0 0 0 0 1 5.93337
0 0 0 0 1 5.95963
0 0 0 0 0 6.00411
0 0 0 0 0 6.05489
0 0 0 0 1 6.02736
0 0 0 0 1 6.03004
0 0 0 0 1 6.06314
0 0 0 0 1 6.1269
0 0 0 0 1 6.14729
0 0 0 0 1 6.18108
0 0 0 0 1 6.15366
0 0 0 0 1 6.21324
0 0 0 0 1 6.2105
0 0 0 0 1 6.13262
0 0 0 0 1 6.14833
0 0 0 0 1 6.15793
0 0 0 0 1 6.20412
0 0 0 0 0 6.30783
0 0 0 0 1 6.2678
0 0 0 0 1 6.31485
0 0 0 0 1 6.24391
0 0 0 0 1 6.37344
0 0 0 0 1 6.33318
0 0 0 0 1 6.33649
0 0 0 0 1 6.32144
0 0 0 0 1 6.44651
0 0 0 0 1 6.39954
0 0 0 0 1 6.4096
0 0 0 0 0 6.43404
0 0 0 0 1 6.45077
0 0 0 0 1 6.52027
0 0 0 0 1 6.54393
0 0 0 0 1 6.54155
0 0 0 0 1 6.53318
0 0 0 0 1 6.57685
0 0 0 0 1 6.66712
0 0 0 0 1 6.60591
0 0 0 0 1 6.67735
0 0 0 0 1 6.65528
0 0 0 0 1 6.65311
0 0 0 0 1 6.77866
0 0 0 0 1 6.80385
0 0 0 0 1 6.79532
0 0 0 0 1 6.76676
0 0 0 0 1 6.82614
0 0 0 0 1 6.79009
0 0 0 0 1 6.88426
0 0 0 0 1 6.86873
0 0 0 0 1 6.97071
0 0 0 0 1 6.98307
0 0 0 0 1 7.00977
0 0 0 0 1 6.9453
0 0 0 0 1 6.99921
0 0 0 0 0 7.12445
0 0 0 0 0 7.0877
0 0 0 0 1 7.0715
0 0 0 0 1 7.15547
0 0 0 0 0 7.13286
0 0 0 0 1 7.16675
0 0 0 0 1 7.28067
0 0 0 0 1 7.18467
0 0 0 0 1 7.24115
0 0 0 0 0 7.37078
0 0 0 0 1 7.37714
0 0 0 0 1 7.4049
0 0 0 0 1 7.48464
0 0 0 0 1 7.39413
0 0 0 0 1 7.41441
0 0 0 0 0 7.5774
0 0 0 0 0 7.46302
0 0 0 0 1 7.59703
0 0 0 0 1 7.58753
0 0 0 0 1 7.63893
0 0 0 0 1 7.75209
0 0 0 0 1 7.70402
0 0 0 0 1 7.82627
0 0 0 0 1 7.75443
0 0 0 0 1 7.79904
0 0 0 0 1 7.84343
0 0 0 0 1 7.97542
0 0 0 0 1 7.86225
0 0 0 0 1 7.90739
0 0 0 0 1 8.0329
0 0 0 0 1 8.11867
0 0 0 0 1 8.11591
0 0 0 0 1 8.06504
0 0 0 0 1 8.15961
0 0 0 0 1 8.16438
0 0 0 0 1 8.26818
0 0 0 0 1 8.2979
0 0 0 0 1 8.38676
0 0 0 0 1 8.41681
0 0 0 0 0 8.48066
0 0 0 0 1 8.52786
0 0 0 0 0 8.47263
0 0 0 0 1 8.55469
0 0 0 0 1 8.58398
0 0 0 0 1 8.64003
0 0 0 0 1 8.66928
0 0 0 0 1 8.84074
0 0 0 0 0 8.87957
0 0 0 0 1 8.98067
0 0 0 0 1 8.99295
0 0 0 0 0 8.9157
0 0 0 0 1 8.99923
0 0 0 0 1 9.17448
0 0 0 0 0 9.24128
0 0 0 0 1 9.18936
0 0 0 0 1 9.27458
0 0 0 0 0 9.43404
0 0 0 0 1 9.48311
0 0 0 0 0 9.52276
0 0 0 0 0 9.52305
0 0 0 0 1 9.6954
0 0 0 0 0 9.71598
0 0 0 0 1 9.68632
0 0 0 0 1 9.77302
0 0 0 0 1 9.89962
0 0 0 0 1 9.85844
0 0 0 0 1 9.9559
0 0 0 0 1 10.1531
0 0 0 0 0 10.1307
0 0 0 0 0 10.2792
0 0 0 0 1 10.2437
0 0 0 0 1 10.4365
0 0 0 0 1 10.3581
0 0 0 0 1 10.5826
0 0 0 0 1 10.5869
0 0 0 0 1 10.6738
0 0 0 0 1 10.7932
0 0 0 0 1 10.8285
0 0 0 0 1 11.0144
0 0 0 0 1 10.9925
0 0 0 0 1 11.0358
0 0 0 0 1 11.3138
0 0 0 0 1 11.1998
0 0 0 0 1 11.4673
0 0 0 0 1 11.5516
0 0 0 0 1 11.5368
0 0 0 0 1 11.772
0 0 0 0 1 11.6707
0 0 0 0 1 11.8604
0 0 0 0 1 11.9828
0 0 0 0 1 12.0423
0 0 0 0 1 12.3178
0 0 0 0 1 12.3161
0 0 0 0 1 12.5084
0 0 0 0 0 12.6771
0 0 0 0 1 12.6061
0 0 0 0 1 12.6982
0 0 0 0 0 12.9764
0 0 0 0 1 13.0042
0 0 0 0 1 13.1807
0 0 0 0 1 13.2957
0 0 0 0 1 13.5814
0 0 0 0 1 13.5169
0 0 0 0 1 13.6545
0 0 0 0 1 13.8108
0 0 0 0 1 14.0191
0 0 0 0 1 14.3137
0 0 0 0 0 14.3776
0 0 0 0 1 14.4201
0 0 0 0 1 14.6164
0 0 0 0 1 14.962
0 0 0 0 0 14.8616
0 0 0 0 1 15.3056
0 0 0 0 1 15.3161
0 0 0 0 0 15.634
0 0 0 0 0 15.9116
0 0 0 0 1 15.8883
0 0 0 0 1 16.199
0 0 0 0 1 16.2278
0 0 0 0 1 16.6169
0 0 0 0 0 16.6176
0 0 0 0 1 17.0816
0 0 0 0 1 17.2687
0 0 0 0 1 17.5597
0 0 0 0 1 17.8975
0 0 0 0 1 17.9503
0 0 0 0 1 18.3177
0 0 0 0 1 18.3278
0 0 0 0 1 18.9039
0 0 0 0 1 18.9935
0 0 0 0 1 19.4454
0 0 0 0 1 19.6368
0 0 0 0 1 19.9543
0 0 0 0 1 20.4144
0 0 0 0 1 20.7544
0 0 0 0 1 21.1674
0 0 0 0 1 21.2724
0 0 0 0 0 21.7915
0 0 0 0 1 21.9474
0 0 0 0 0 22.5904
0 0 0 0 0 22.9641
0 0 0 0 0 23.3229
0 0 0 0 0 23.6513
0 0 0 0 1 24.2719
0 0 0 0 1 24.5863
0 0 0 0 1 25.3942
0 0 0 0 0 26.0796
0 0 0 0 1 26.5809
0 0 0 0 1 26.8308
0 0 0 0 1 27.3816
0 0 0 0 1 28.3825
0 0 0 0 1 28.5552
0 0 0 0 1 29.3648
0 0 0 0 0 30.0889
0 0 0 0 0 31.1941
0 0 0 0 1 31.7837
0 0 0 0 1 32.3787
0 0 0 0 1 33.6615
0 0 0 0 1 34.8982
0 0 0 0 1 35.2056
0 0 0 0 0 36.4465
0 0 0 0 1 37.6925
0 0 0 0 1 39.0155
0 0 0 0 1 40.104
0 0 0 0 1 41.6118
0 0 0 0 0 43.0025
0 0 0 0 1 44.7651
0 0 0 0 1 46.6611
0 0 0 0 1 48.2291
0 0 0 0 1 50.5876
0 0 0 0 0 52.6217
0 0 0 0 0 54.5686
0 0 0 0 1 57.269
0 0 0 0 1 60.6717
0 0 0 0 1 55.5883
0 0 0 0 0 55.5132
0 0 0 0 1 55.6616
0 0 0 0 1 56.2019
0 0 0 0 1 56.2413
0 0 0 0 1 55.5567
0 0 0 0 1 55.5426
0 0 0 0 1 55.1948
0 0 0 0 1 59.4271
0 0 0 0 1 78.9686
0 0 0 0 1 79.9068
0 0 0 0 0 81.3852
0 0 0 0 0 4.96491
0 0 0 0 0 4.9599
0 0 0 0 0 4.9599
0 0 0 0 0 4.99998
0 0 0 0 1 87.287
0 0 0 0 0 87.458
0 0 0 0 1 88.069
0 0 0 0 1 87.5424
0 0 0 0 1 87.4556
0 0 0 0 1 86.8446
0 0 0 0 0 5.05509
0 0 0 0 0 4.97994
0 0 0 0 0 5.05008
0 0 0 0 0 4.98495
0 0 0 0 0 5.04507
0 0 0 0 0 5.04507
0 0 0 0 1 68.6483
0 0 0 0 1 67.0269
0 0 0 0 1 66.7711
0 0 0 0 1 67.1898
0 0 0 0 1 67.3409
0 0 0 0 0 67.2231
0 0 0 0 1 67.6467
0 0 0 0 1 67.3965
0 0 0 0 0 99.1653
0 0 0 0 1 93.1885
0 0 0 0 0 88.6508
0 0 0 0 1 84.0541
0 0 0 0 1 80.5566
0 0 0 0 1 77.7578
0 0 0 0 0 74.4575
0 0 0 0 1 70.9391
0 0 0 0 1 68.2497
0 0 0 0 1 65.4997
0 0 0 0 0 63.2847
0 0 0 0 1 60.1162
0 0 0 0 1 59.1124
0 0 0 0 1 56.1873
0 0 0 0 1 54.9886
0 0 0 0 0 53.341
0 0 0 0 1 51.6262
0 0 0 0 0 49.5683
0 0 0 0 1 48.457
0 0 0 0 1 47.5409
0 0 0 0 1 46.3241
0 0 0 0 1 44.4842
0 0 0 0 1 43.9242
0 0 0 0 1 42.365
0 0 0 0 1 41.8019
0 0 0 0 0 40.4871
0 0 0 0 1 39.2077
0 0 0 0 0 39.0197
0 0 0 0 1 37.7428
0 0 0 0 1 36.9412
0 0 0 0 0 36.1335
0 0 0 0 1 35.6059
0 0 0 0 0 34.8559
0 0 0 0 0 34.0934
0 0 0 0 1 33.6312
0 0 0 0 1 32.8728
0 0 0 0 1 32.5263
0 0 0 0 1 31.611
0 0 0 0 0 31.3897
0 0 0 0 0 30.6269
0 0 0 0 1 30.1616
0 0 0 0 0 29.4391
0 0 0 0 1 28.9272
0 0 0 0 1 28.4836
0 0 0 0 1 28.1993
0 0 0 0 1 27.7539
0 0 0 0 0 27.4276
0 0 0 0 1 26.5819
0 0 0 0 1 26.4984
0 0 0 0 0 25.8529
0 0 0 0 1 25.3789
0 0 0 0 1 25.0441
0 0 0 0 0 24.7934
0 0 0 0 1 24.6726
0 0 0 0 0 24.3281
0 0 0 0 1 23.8742
0 0 0 0 1 23.4429
0 0 0 0 0 23.4437
0 0 0 0 1 22.8166
0 0 0 0 1 22.8297
0 0 0 0 0 22.4325
0 0 0 0 1 22.1713
0 0 0 0 1 21.9944
0 0 0 0 1 21.5783
0 0 0 0 1 21.1329
0 0 0 0 1 20.9244
0 0 0 0 1 20.9124
0 0 0 0 0 20.41
0 0 0 0 0 20.2403
0 0 0 0 1 20.0385
0 0 0 0 1 19.8964
0 0 0 0 0 19.7425
0 0 0 0 1 19.5487
0 0 0 0 0 19.3742
0 0 0 0 1 18.9694
0 0 0 0 1 18.9571
0 0 0 0 1 18.8849
0 0 0 0 1 18.7181
0 0 0 0 1 18.4871
0 0 0 0 1 18.0576
0 0 0 0 0 17.8042
0 0 0 0 0 17.7666
0 0 0 0 1 17.6296
0 0 0 0 1 17.6238
0 0 0 0 1 17.3902
0 0 0 0 1 17.2874
0 0 0 0 1 17.0219
0 0 0 0 1 16.8014
0 0 0 0 1 16.8085
0 0 0 0 1 16.589
0 0 0 0 1 16.3471
0 0 0 0 1 16.3026
0 0 0 0 0 16.2011
0 0 0 0 1 16.0353
0 0 0 0 0 15.8297
0 0 0 0 0 15.596
0 0 0 0 0 15.699
0 0 0 0 1 15.5529
0 0 0 0 1 15.2824
0 0 0 0 1 15.2213
0 0 0 0 1 15.1835
0 0 0 0 1 15.0159
0 0 0 0 1 14.7837
0 0 0 0 1 14.8342
0 0 0 0 1 14.5893
0 0 0 0 1 14.696
0 0 0 0 1 14.4413
0 0 0 0 0 14.4446
0 0 0 0 1 14.3411
0 0 0 0 0 14.153
0 0 0 0 1 14.1209
0 0 0 0 0 13.999
0 0 0 0 1 13.8777
0 0 0 0 1 13.8586
0 0 0 0 1 13.7515
0 0 0 0 1 13.5364
0 0 0 0 0 13.4258
0 0 0 0 1 13.2807
0 0 0 0 0 13.3228
0 0 0 0 1 13.3188
0 0 0 0 1 13.1565
0 0 0 0 1 12.9742
0 0 0 0 0 12.983
0 0 0 0 0 12.9348
0 0 0 0 1 12.9038
0 0 0 0 1 12.758
0 0 0 0 1 12.5121
0 0 0 0 1 12.6491
0 0 0 0 1 12.4429
0 0 0 0 1 12.4452
0 0 0 0 1 12.2616
0 0 0 0 1 12.3619
0 0 0 0 1 12.1798
0 0 0 0 1 12.1448
0 0 0 0 0 12.1216
0 0 0 0 1 12.0462
0 0 0 0 1 11.8875
0 0 0 0 0 11.9832
0 0 0 0 1 11.8493
0 0 0 0 1 11.6693
0 0 0 0 1 11.5959
0 0 0 0 1 11.5577
0 0 0 0 1 11.5656
0 0 0 0 1 11.3777
0 0 0 0 1 11.42
0 0 0 0 1 11.2756
0 0 0 0 1 11.4078
0 0 0 0 0 11.1554
0 0 0 0 1 11.2376
0 0 0 0 1 11.1216
0 0 0 0 0 11.0657
0 0 0 0 1 10.929
0 0 0 0 0 10.9215
0 0 0 0 1 10.8701
0 0 0 0 1 10.8224
0 0 0 0 1 10.7461
0 0 0 0 1 10.7924
0 0 0 0 0 10.7415
0 0 0 0 1 10.7548
0 0 0 0 1 10.7039
0 0 0 0 1 10.6923
0 0 0 0 1 10.4802
0 0 0 0 1 10.5671
0 0 0 0 1 10.3709
0 0 0 0 1 10.3704
0 0 0 0 1 10.4042
0 0 0 0 1 10.2692
0 0 0 0 1 10.1967
0 0 0 0 1 10.2167
0 0 0 0 1 10.2059
0 0 0 0 1 10.1138
0 0 0 0 1 10.1065
0 0 0 0 1 10.0957
0 0 0 0 1 10.1118
0 0 0 0 1 10.0809
0 0 0 0 1 9.85136
0 0 0 0 1 9.92053
0 0 0 0 0 9.95944
0 0 0 0 1 9.90953
0 0 0 0 1 9.73275
0 0 0 0 1 9.76521
0 0 0 0 1 9.78433
0 0 0 0 0 9.61933
0 0 0 0 1 9.63548
0 0 0 0 1 9.61621
0 0 0 0 1 9.59701
0 0 0 0 1 9.4412
0 0 0 0 1 9.58101
0 0 0 0 1 9.51144
0 0 0 0 1 9.36055
0 0 0 0 1 9.32972
0 0 0 0 1 9.36468
0 0 0 0 0 9.3932
0 0 0 0 1 9.22287
0 0 0 0 1 9.21733
0 0 0 0 1 9.23357
0 0 0 0 1 9.24044
0 0 0 0 1 9.09429
0 0 0 0 1 9.19309
0 0 0 0 1 9.16346
0 0 0 0 1 9.06124
0 0 0 0 1 9.02314
0 0 0 0 1 8.96388
0 0 0 0 1 8.92631
0 0 0 0 1 8.93391
0 0 0 0 1 9.04003
0 0 0 0 1 8.89209
0 0 0 0 1 8.81959
0 0 0 0 1 8.88965
0 0 0 0 1 8.77337
0 0 0 0 1 8.85751
0 0 0 0 1 8.81792
0 0 0 0 1 8.77313
0 0 0 0 0 8.76367
0 0 0 0 1 8.65486
0 0 0 0 1 8.69812
0 0 0 0 1 8.74647
0 0 0 0 1 8.59879
0 0 0 0 1 8.57292
0 0 0 0 1 8.58335
0 0 0 0 0 8.54915
0 0 0 0 0 8.49455
0 0 0 0 1 8.61983
0 0 0 0 1 8.60301
0 0 0 0 1 8.43826
0 0 0 0 1 8.43915
0 0 0 0 0 8.47884
0 0 0 0 1 8.5184
0 0 0 0 1 8.50729
0 0 0 0 1 8.33663
0 0 0 0 1 8.3261
0 0 0 0 0 8.38261
0 0 0 0 1 8.2924
0 0 0 0 1 8.40711
0 0 0 0 1 8.28053
0 0 0 0 0 8.29546
0 0 0 0 1 8.23598
0 0 0 0 0 8.20984
0 0 0 0 1 8.27445
0 0 0 0 0 8.16633
0 0 0 0 1 8.23912
0 0 0 0 1 8.11534
0 0 0 0 1 8.17994
0 0 0 0 1 8.13844
0 0 0 0 1 8.11347
0 0 0 0 1 8.19416
0 0 0 0 1 8.0884
0 0 0 0 1 8.04379
0 0 0 0 1 8.13251
0 0 0 0 1 7.98747
0 0 0 0 1 7.99579
0 0 0 0 1 8.06835
0 0 0 0 1 8.0847
0 0 0 0 1 8.03718
0 0 0 0 0 7.94589
0 0 0 0 1 7.88307
0 0 0 0 1 7.93981
0 0 0 0 1 7.99646
0 0 0 0 1 7.89828
0 0 0 0 1 7.86805
0 0 0 0 1 7.88897
0 0 0 0 1 7.8906
0 0 0 0 1 7.82154
0 0 0 0 1 7.87853
0 0 0 0 1 7.77414
0 0 0 0 1 7.90958
0 0 0 0 1 7.86489
0 0 0 0 1 7.76128
0 0 0 0 1 7.79059
0 0 0 0 1 7.76998
0 0 0 0 1 7.78845
0 0 0 0 0 7.83341
0 0 0 0 1 7.6737
0 0 0 0 1 7.69264
