0 0 0 0 1 5.50851
0 0 0 0 1 5.562
0 0 0 0 1 5.55457
0 0 0 0 1 5.51623
0 0 0 0 1 5.55912
0 0 0 0 1 5.53517
0 0 0 0 0 5.63908
0 0 0 0 1 5.63778
0 0 0 0 1 5.60518
0 0 0 0 1 5.66021
0 0 0 0 1 5.67049
0 0 0 0 1 5.59065
0 0 0 0 1 5.66535
0 0 0 0 1 5.67031
0 0 0 0 1 5.63003
0 0 0 0 1 5.6883
0 0 0 0 1 5.65946
0 0 0 0 1 5.642
0 0 0 0 1 5.67596
0 0 0 0 1 5.73113
0 0 0 0 1 5.76548
0 0 0 0 1 5.7771
0 0 0 0 1 5.73137
0 0 0 0 0 5.76619
0 0 0 0 0 5.72222
0 0 0 0 0 5.80352
0 0 0 0 1 5.8331
0 0 0 0 1 5.78743
0 0 0 0 1 5.78236
0 0 0 0 1 5.81231
0 0 0 0 1 5.83663
0 0 0 0 1 5.83344
0 0 0 0 0 5.883
0 0 0 0 1 5.8784
0 0 0 0 1 5.86796
0 0 0 0 1 5.88113
0 0 0 0 0 5.8826
0 0 0 0 1 5.9434
0 0 0 0 1 5.89763
0 0 0 0 1 5.98266
0 0 0 0 1 6.02042
0 0 0 0 1 5.98663
0 0 0 0 1 6.01996
0 0 0 0 0 6.02215
0 0 0 0 1 5.97626
0 0 0 0 1 5.99656
0 0 0 0 1 6.04603
0 0 0 0 1 6.03638
0 0 0 0 1 6.07537
0 0 0 0 1 6.14508
0 0 0 0 1 6.13572
0 0 0 0 1 6.18149
0 0 0 0 1 6.13433
0 0 0 0 0 6.13221
0 0 0 0 1 6.12903
0 0 0 0 0 6.13206
0 0 0 0 0 6.15994
0 0 0 0 1 6.187
0 0 0 0 1 6.18405
0 0 0 0 1 6.29997
0 0 0 0 0 6.3404
0 0 0 0 1 6.3127
0 0 0 0 1 6.26596
0 0 0 0 0 6.37714
0 0 0 0 1 6.36841
0 0 0 0 1 6.33337
0 0 0 0 0 6.34364
0 0 0 0 1 6.44922
0 0 0 0 1 6.36356
0 0 0 0 1 6.39255
0 0 0 0 1 6.40313
0 0 0 0 1 6.47137
0 0 0 0 1 6.43671
0 0 0 0 1 6.55833
0 0 0 0 0 6.51065
0 0 0 0 1 6.52757
0 0 0 0 0 6.59728
0 0 0 0 1 6.5558
0 0 0 0 0 6.58627
0 0 0 0 1 6.71669
0 0 0 0 1 6.62778
0 0 0 0 1 6.75308
0 0 0 0 1 6.65757
0 0 0 0 1 6.75616
0 0 0 0 0 6.69994
0 0 0 0 1 6.79934
0 0 0 0 0 6.79727
0 0 0 0 1 6.8635
0 0 0 0 1 6.81353
0 0 0 0 1 6.89399
0 0 0 0 1 6.9197
0 0 0 0 1 6.99452
0 0 0 0 1 6.90935
0 0 0 0 1 6.94918
0 0 0 0 1 6.96822
0 0 0 0 1 6.98734
0 0 0 0 1 7.10502
0 0 0 0 1 7.07498
0 0 0 0 0 7.05176
0 0 0 0 1 7.09264
0 0 0 0 0 7.16246
0 0 0 0 1 7.1967
0 0 0 0 1 7.16556
0 0 0 0 0 7.2217
0 0 0 0 1 7.34346
0 0 0 0 1 7.28331
0 0 0 0 1 7.29571
0 0 0 0 1 7.30903
0 0 0 0 1 7.38073
0 0 0 0 1 7.46787
0 0 0 0 1 7.42134
0 0 0 0 1 7.53166
0 0 0 0 1 7.52202
0 0 0 0 0 7.6487
0 0 0 0 0 7.54056
0 0 0 0 1 7.72165
0 0 0 0 1 7.7505
0 0 0 0 0 7.7717
0 0 0 0 0 7.83948
0 0 0 0 0 7.75953
0 0 0 0 1 7.85927
0 0 0 0 1 7.91994
0 0 0 0 1 7.90148
0 0 0 0 1 7.99431
0 0 0 0 1 7.95155
0 0 0 0 1 8.05314
0 0 0 0 1 7.98607
0 0 0 0 1 8.09644
0 0 0 0 1 8.199
0 0 0 0 1 8.20458
0 0 0 0 1 8.20939
0 0 0 0 1 8.29672
0 0 0 0 1 8.39355
0 0 0 0 0 8.32325
0 0 0 0 1 8.38641
0 0 0 0 1 8.50912
0 0 0 0 1 8.48826
0 0 0 0 1 8.50958
0 0 0 0 1 8.62605
0 0 0 0 1 8.6304
0 0 0 0 1 8.6684
0 0 0 0 1 8.70721
0 0 0 0 1 8.71003
0 0 0 0 1 8.82034
0 0 0 0 1 8.90308
0 0 0 0 1 8.89686
0 0 0 0 1 9.07017
0 0 0 0 1 9.15451
0 0 0 0 1 9.08532
0 0 0 0 0 9.19725
0 0 0 0 1 9.31005
0 0 0 0 1 9.24731
0 0 0 0 1 9.36182
0 0 0 0 0 9.32464
0 0 0 0 1 9.40104
0 0 0 0 1 9.54325
0 0 0 0 1 9.67715
0 0 0 0 1 9.57211
0 0 0 0 0 9.62886
0 0 0 0 0 9.87156
0 0 0 0 1 9.8706
0 0 0 0 1 9.81092
0 0 0 0 1 10.0162
0 0 0 0 1 10.024
0 0 0 0 1 10.1612
0 0 0 0 1 10.0972
0 0 0 0 1 10.2248
0 0 0 0 1 10.3845
0 0 0 0 0 10.5057
0 0 0 0 1 10.458
0 0 0 0 1 10.6307
0 0 0 0 1 10.6538
0 0 0 0 1 10.8394
0 0 0 0 1 10.9165
0 0 0 0 1 10.9282
0 0 0 0 1 10.8861
0 0 0 0 0 11.0728
0 0 0 0 1 11.1695
0 0 0 0 1 11.3388
0 0 0 0 1 11.4254
0 0 0 0 1 11.5692
0 0 0 0 1 11.4368
0 0 0 0 1 11.5571
0 0 0 0 1 11.6515
0 0 0 0 1 11.7608
0 0 0 0 1 11.9512
0 0 0 0 1 12.0347
0 0 0 0 1 12.0603
0 0 0 0 0 12.2134
0 0 0 0 1 12.3425
0 0 0 0 0 12.5382
0 0 0 0 1 12.6023
0 0 0 0 0 12.8258
0 0 0 0 0 12.954
0 0 0 0 1 13.0436
0 0 0 0 1 13.172
0 0 0 0 1 13.3098
0 0 0 0 1 13.4387
0 0 0 0 1 13.55
0 0 0 0 1 13.7841
0 0 0 0 1 13.9467
0 0 0 0 1 14.096
0 0 0 0 1 13.9914
0 0 0 0 1 14.4047
0 0 0 0 1 14.5786
0 0 0 0 1 14.6072
0 0 0 0 0 14.8195
0 0 0 0 1 15.063
0 0 0 0 1 15.1877
0 0 0 0 1 15.2388
0 0 0 0 1 15.3548
0 0 0 0 1 15.5259
0 0 0 0 1 15.7063
0 0 0 0 1 16.1338
0 0 0 0 1 16.1967
0 0 0 0 1 16.4207
0 0 0 0 1 16.7787
0 0 0 0 1 16.9478
0 0 0 0 1 16.981
0 0 0 0 1 17.1902
0 0 0 0 0 17.4615
0 0 0 0 1 17.9575
0 0 0 0 0 18.0003
0 0 0 0 1 18.4592
0 0 0 0 1 18.6732
0 0 0 0 1 18.9712
0 0 0 0 1 15.0555
0 0 0 0 1 14.8716
0 0 0 0 1 14.9874
0 0 0 0 1 14.9837
0 0 0 0 1 14.8935
0 0 0 0 1 14.8011
0 0 0 0 1 14.7538
0 0 0 0 1 14.9024
0 0 0 0 1 14.6924
0 0 0 0 1 14.9722
0 0 0 0 0 14.8839
0 0 0 0 1 14.7641
0 0 0 0 1 14.8812
0 0 0 0 1 14.7496
0 0 0 0 0 14.7344
0 0 0 0 1 14.8394
0 0 0 0 0 14.8246
0 0 0 0 1 14.7219
0 0 0 0 1 14.6216
0 0 0 0 1 14.7106
0 0 0 0 1 14.6404
0 0 0 0 0 14.7298
0 0 0 0 0 14.748
0 0 0 0 1 14.7353
0 0 0 0 1 14.7685
0 0 0 0 1 14.5665
0 0 0 0 0 14.4835
0 0 0 0 1 14.6618
0 0 0 0 1 14.6377
0 0 0 0 1 14.4681
0 0 0 0 0 14.7541
0 0 0 0 1 15.1119
0 0 0 0 1 15.5465
0 0 0 0 1 15.961
0 0 0 0 1 16.7087
0 0 0 0 1 17.2707
0 0 0 0 1 17.5952
0 0 0 0 1 18.2439
0 0 0 0 1 46.5138
0 0 0 0 1 48.3162
0 0 0 0 1 50.6686
0 0 0 0 1 53.2935
0 0 0 0 1 42.7662
0 0 0 0 1 42.1958
0 0 0 0 1 42.1789
0 0 0 0 1 42.7586
0 0 0 0 1 42.4038
0 0 0 0 1 42.6019
0 0 0 0 1 42.6307
0 0 0 0 1 42.661
0 0 0 0 1 42.0542
0 0 0 0 1 42.0438
0 0 0 0 1 42.6704
0 0 0 0 1 45.1016
0 0 0 0 0 4.99998
0 0 0 0 0 5.02002
0 0 0 0 0 4.97493
0 0 0 0 0 5.05509
0 0 0 0 0 35.2352
0 0 0 0 1 35.5854
0 0 0 0 1 35.6887
0 0 0 0 1 35.58
0 0 0 0 1 35.1889
0 0 0 0 1 35.2587
0 0 0 0 1 35.6478
0 0 0 0 0 35.1171
0 0 0 0 0 35.4368
0 0 0 0 1 35.6508
0 0 0 0 1 35.7595
0 0 0 0 1 35.4438
0 0 0 0 1 35.0935
0 0 0 0 0 5.01501
0 0 0 0 0 5.0601
0 0 0 0 0 4.98495
0 0 0 0 0 5.0601
0 0 0 0 0 5.0601
0 0 0 0 0 5.03004
0 0 0 0 0 5.01501
0 0 0 0 0 4.97493
0 0 0 0 0 4.98495
0 0 0 0 0 4.96992
0 0 0 0 1 99.2851
0 0 0 0 1 95.0142
0 0 0 0 1 24.5867
0 0 0 0 1 23.2646
0 0 0 0 1 22.4065
0 0 0 0 1 21.219
0 0 0 0 0 20.6668
0 0 0 0 1 20.6145
0 0 0 0 0 20.542
0 0 0 0 1 20.3262
0 0 0 0 1 20.4392
0 0 0 0 1 20.3676
0 0 0 0 0 20.6666
0 0 0 0 1 20.5341
0 0 0 0 1 20.6078
0 0 0 0 1 20.7025
0 0 0 0 1 20.7153
0 0 0 0 1 20.7903
0 0 0 0 0 20.6196
0 0 0 0 1 20.7574
0 0 0 0 1 20.7097
0 0 0 0 1 20.7865
0 0 0 0 1 20.7395
0 0 0 0 1 20.817
0 0 0 0 0 20.8951
0 0 0 0 1 20.934
0 0 0 0 1 20.6185
0 0 0 0 1 20.947
0 0 0 0 1 20.8813
0 0 0 0 1 36.871
0 0 0 0 1 36.6466
0 0 0 0 0 35.2106
0 0 0 0 1 35.1063
0 0 0 0 0 34.2712
0 0 0 0 1 33.4814
0 0 0 0 1 33.0456
0 0 0 0 1 32.3419
0 0 0 0 1 31.4304
0 0 0 0 1 31.1513
0 0 0 0 1 30.7294
0 0 0 0 0 30.1933
0 0 0 0 0 29.3326
0 0 0 0 1 29.0264
0 0 0 0 1 28.4961
0 0 0 0 1 27.9594
0 0 0 0 1 27.4077
0 0 0 0 1 27.3056
0 0 0 0 1 26.6401
0 0 0 0 0 26.4869
0 0 0 0 1 26.275
0 0 0 0 1 25.7439
0 0 0 0 0 25.5309
0 0 0 0 0 24.9246
0 0 0 0 0 24.3505
0 0 0 0 1 24.0202
0 0 0 0 1 24.011
0 0 0 0 1 23.4743
0 0 0 0 0 23.5221
0 0 0 0 1 22.9495
0 0 0 0 0 22.6021
0 0 0 0 1 22.4771
0 0 0 0 0 22.2567
0 0 0 0 0 21.7103
0 0 0 0 1 21.8478
0 0 0 0 1 21.5395
0 0 0 0 1 21.3149
0 0 0 0 1 20.8396
0 0 0 0 1 20.5146
0 0 0 0 1 20.4758
0 0 0 0 1 20.2019
0 0 0 0 1 20.1675
0 0 0 0 1 19.6858
0 0 0 0 1 19.4045
0 0 0 0 1 19.3865
0 0 0 0 1 19.2975
0 0 0 0 1 19.1212
0 0 0 0 1 18.6638
0 0 0 0 0 18.6665
0 0 0 0 0 18.2892
0 0 0 0 1 18.0434
0 0 0 0 1 17.9074
0 0 0 0 1 17.7263
0 0 0 0 1 17.6166
0 0 0 0 1 17.4362
0 0 0 0 1 17.2392
0 0 0 0 1 17.2149
0 0 0 0 0 16.9592
0 0 0 0 0 16.8574
0 0 0 0 1 16.8721
0 0 0 0 1 16.5285
0 0 0 0 1 16.5831
0 0 0 0 1 16.1295
0 0 0 0 1 16.0208
0 0 0 0 1 16.0416
0 0 0 0 0 16.0516
0 0 0 0 1 15.6882
0 0 0 0 1 15.7147
0 0 0 0 1 15.3494
0 0 0 0 1 15.3662
0 0 0 0 1 15.1521
0 0 0 0 0 15.2059
0 0 0 0 1 14.8881
0 0 0 0 1 15.0207
0 0 0 0 1 14.7235
0 0 0 0 1 14.7143
0 0 0 0 1 14.6311
0 0 0 0 1 14.5129
0 0 0 0 0 14.4814
0 0 0 0 1 14.3207
0 0 0 0 1 14.1895
0 0 0 0 1 14.1011
0 0 0 0 1 14.0074
0 0 0 0 0 13.9331
0 0 0 0 1 13.8259
0 0 0 0 1 13.7654
0 0 0 0 1 13.5042
0 0 0 0 1 13.4126
0 0 0 0 1 13.5223
0 0 0 0 1 13.2036
0 0 0 0 1 13.2138
0 0 0 0 0 13.1179
0 0 0 0 1 13.0224
0 0 0 0 1 12.8495
0 0 0 0 1 12.8456
0 0 0 0 0 12.7594
0 0 0 0 1 12.7801
0 0 0 0 1 12.6353
0 0 0 0 1 12.4869
0 0 0 0 0 12.5318
0 0 0 0 1 12.4921
0 0 0 0 1 12.4195
0 0 0 0 1 12.3515
0 0 0 0 1 12.1449
0 0 0 0 0 12.2317
0 0 0 0 1 12.1074
0 0 0 0 0 12.0682
0 0 0 0 1 11.8775
0 0 0 0 1 11.8627
0 0 0 0 0 11.8397
0 0 0 0 1 11.6833
0 0 0 0 1 11.6215
0 0 0 0 1 11.5368
0 0 0 0 1 11.5913
0 0 0 0 0 11.4837
0 0 0 0 1 11.5256
0 0 0 0 1 11.4642
0 0 0 0 1 11.32
0 0 0 0 1 11.2333
0 0 0 0 1 11.2742
0 0 0 0 1 11.1544
0 0 0 0 1 11.1168
0 0 0 0 1 10.943
0 0 0 0 1 11.1116
0 0 0 0 1 10.8622
0 0 0 0 1 10.8547
0 0 0 0 1 10.9445
0 0 0 0 1 10.8929
0 0 0 0 1 10.7019
0 0 0 0 1 10.6621
0 0 0 0 1 10.7182
0 0 0 0 1 10.629
0 0 0 0 0 10.5788
0 0 0 0 1 10.4762
0 0 0 0 1 10.3535
0 0 0 0 0 10.5199
0 0 0 0 1 10.4287
0 0 0 0 1 10.3555
0 0 0 0 1 10.3341
0 0 0 0 1 10.3026
0 0 0 0 0 10.1079
0 0 0 0 0 10.2295
0 0 0 0 1 10.0465
0 0 0 0 0 10.1502
0 0 0 0 0 9.93872
0 0 0 0 1 10.0684
0 0 0 0 1 9.99799
0 0 0 0 1 9.93468
0 0 0 0 1 9.95395
0 0 0 0 1 9.90091
0 0 0 0 1 9.83174
0 0 0 0 0 9.83136
0 0 0 0 1 9.75309
0 0 0 0 1 9.77871
0 0 0 0 1 9.7107
0 0 0 0 1 9.59183
0 0 0 0 1 9.54081
0 0 0 0 1 9.56973
0 0 0 0 1 9.50952
0 0 0 0 1 9.40548
0 0 0 0 1 9.38394
0 0 0 0 1 9.43785
0 0 0 0 1 9.43822
0 0 0 0 1 9.37926
0 0 0 0 1 9.33929
0 0 0 0 1 9.3707
0 0 0 0 1 9.21375
0 0 0 0 1 9.27616
0 0 0 0 1 9.27374
0 0 0 0 0 9.19795
0 0 0 0 1 9.16835
0 0 0 0 1 9.2027
0 0 0 0 0 9.00069
0 0 0 0 1 9.00819
0 0 0 0 1 8.93441
0 0 0 0 0 9.09178
0 0 0 0 1 9.02714
0 0 0 0 1 9.02228
0 0 0 0 1 8.88687
0 0 0 0 0 8.97469
0 0 0 0 1 8.87578
0 0 0 0 0 8.85706
0 0 0 0 1 8.83513
0 0 0 0 1 8.81669
0 0 0 0 1 8.74582
0 0 0 0 1 8.79099
0 0 0 0 1 8.6334
0 0 0 0 1 8.76033
0 0 0 0 1 8.69051
0 0 0 0 1 8.6869
0 0 0 0 1 8.65227
0 0 0 0 1 8.63164
0 0 0 0 1 8.57173
0 0 0 0 1 8.56861
0 0 0 0 1 8.49225
0 0 0 0 1 8.42984
0 0 0 0 0 8.48669
0 0 0 0 1 8.44163
0 0 0 0 0 8.48138
0 0 0 0 1 8.37759
0 0 0 0 1 8.32851
0 0 0 0 1 8.43557
0 0 0 0 0 8.39146
0 0 0 0 1 8.36432
0 0 0 0 1 8.38739
0 0 0 0 1 8.24782
0 0 0 0 1 8.36245
0 0 0 0 1 8.2697
0 0 0 0 1 8.20666
0 0 0 0 0 8.29616
0 0 0 0 0 8.21255
0 0 0 0 1 8.20327
0 0 0 0 1 8.17774
0 0 0 0 1 8.13604
0 0 0 0 0 8.18436
0 0 0 0 1 8.06972
0 0 0 0 1 8.0694
0 0 0 0 0 8.02863
0 0 0 0 1 8.05287
0 0 0 0 1 8.10134
0 0 0 0 1 7.99656
0 0 0 0 0 8.00082
0 0 0 0 0 8.08154
0 0 0 0 1 8.03378
0 0 0 0 1 8.01832
0 0 0 0 1 8.03497
0 0 0 0 1 7.90394
0 0 0 0 1 8.00852
0 0 0 0 1 8.02543
0 0 0 0 1 7.97895
0 0 0 0 1 7.98818
0 0 0 0 1 7.82715
0 0 0 0 1 7.93944
0 0 0 0 1 7.83087
0 0 0 0 0 7.78911
0 0 0 0 0 7.90469
0 0 0 0 1 7.85973
0 0 0 0 1 7.86204
0 0 0 0 1 7.77068
0 0 0 0 0 7.82346
0 0 0 0 0 7.80283
0 0 0 0 1 7.76683
0 0 0 0 1 7.70309
0 0 0 0 1 7.79178
0 0 0 0 1 7.75938
