0 0 0 0 1 9.34307
0 0 0 0 0 9.36453
0 0 0 0 1 9.42706
0 0 0 0 1 9.39215
0 0 0 0 0 9.55957
0 0 0 0 0 9.50601
0 0 0 0 1 9.538
0 0 0 0 0 9.59877
0 0 0 0 1 9.47242
0 0 0 0 1 9.57175
0 0 0 0 0 9.50268
0 0 0 0 1 9.62178
0 0 0 0 1 9.57208
0 0 0 0 1 9.6823
0 0 0 0 1 9.55578
0 0 0 0 1 9.55081
0 0 0 0 1 9.60754
0 0 0 0 1 9.72275
0 0 0 0 1 9.65046
0 0 0 0 1 9.80146
0 0 0 0 1 9.80122
0 0 0 0 1 9.66075
0 0 0 0 0 9.7484
0 0 0 0 0 9.85611
0 0 0 0 1 9.78387
0 0 0 0 1 9.88247
0 0 0 0 1 9.8241
0 0 0 0 1 9.82481
0 0 0 0 1 9.86103
0 0 0 0 0 9.88184
0 0 0 0 1 9.90286
0 0 0 0 0 9.9894
0 0 0 0 1 9.88145
0 0 0 0 1 10.0526
0 0 0 0 1 9.92457
0 0 0 0 1 9.99657
0 0 0 0 1 10.1494
0 0 0 0 1 10.031
0 0 0 0 1 10.0536
0 0 0 0 0 10.1674
0 0 0 0 1 10.079
0 0 0 0 1 10.2139
0 0 0 0 1 10.1309
0 0 0 0 1 10.236
0 0 0 0 1 10.1473
0 0 0 0 1 10.1813
0 0 0 0 1 10.3129
0 0 0 0 1 10.3167
0 0 0 0 1 10.2689
0 0 0 0 0 10.2832
0 0 0 0 1 10.4894
0 0 0 0 1 10.3691
0 0 0 0 1 10.3421
0 0 0 0 0 10.3883
0 0 0 0 1 10.5605
0 0 0 0 1 10.6233
0 0 0 0 0 10.5969
0 0 0 0 1 10.6074
0 0 0 0 1 10.5809
0 0 0 0 1 10.5277
0 0 0 0 1 10.6182
0 0 0 0 1 10.7253
0 0 0 0 1 10.7043
0 0 0 0 1 10.7101
0 0 0 0 1 10.7699
0 0 0 0 1 10.749
0 0 0 0 1 10.7714
0 0 0 0 1 10.9681
0 0 0 0 1 10.8111
0 0 0 0 1 11.02
0 0 0 0 1 11.0326
0 0 0 0 1 11.1224
0 0 0 0 1 10.9365
0 0 0 0 1 11.0208
0 0 0 0 1 11.1002
0 0 0 0 0 11.0909
0 0 0 0 0 11.1323
0 0 0 0 1 11.325
0 0 0 0 1 11.2037
0 0 0 0 1 11.2511
0 0 0 0 1 11.3048
0 0 0 0 1 11.421
0 0 0 0 1 11.3149
0 0 0 0 0 11.5295
0 0 0 0 1 11.5441
0 0 0 0 1 11.5534
0 0 0 0 1 11.649
0 0 0 0 1 11.5309
0 0 0 0 1 11.6216
0 0 0 0 1 11.7885
0 0 0 0 1 11.7867
0 0 0 0 1 11.7667
0 0 0 0 1 11.7647
0 0 0 0 1 11.7863
0 0 0 0 1 11.8676
0 0 0 0 1 11.8776
0 0 0 0 1 11.9836
0 0 0 0 1 11.9938
0 0 0 0 1 12.1734
0 0 0 0 1 12.1114
0 0 0 0 1 12.3169
0 0 0 0 1 12.3281
0 0 0 0 0 12.4198
0 0 0 0 1 12.4558
0 0 0 0 1 12.3873
0 0 0 0 1 12.3733
0 0 0 0 1 12.6035
0 0 0 0 1 12.502
0 0 0 0 0 12.6586
0 0 0 0 1 12.6517
0 0 0 0 1 12.8282
0 0 0 0 1 12.752
0 0 0 0 1 12.8859
0 0 0 0 1 12.9176
0 0 0 0 0 13.0197
0 0 0 0 1 12.9867
0 0 0 0 1 13.1824
0 0 0 0 1 13.2543
0 0 0 0 0 13.0568
0 0 0 0 1 13.2209
0 0 0 0 1 13.2131
0 0 0 0 0 13.2925
0 0 0 0 1 13.5067
0 0 0 0 1 13.5335
0 0 0 0 1 13.4517
0 0 0 0 1 13.6278
0 0 0 0 1 13.7503
0 0 0 0 1 13.6871
0 0 0 0 1 13.8733
0 0 0 0 1 14.0394
0 0 0 0 1 14.0746
0 0 0 0 1 13.9268
0 0 0 0 0 14.1149
0 0 0 0 0 14.1211
0 0 0 0 0 14.1839
0 0 0 0 1 14.3121
0 0 0 0 1 14.4188
0 0 0 0 1 14.5116
0 0 0 0 1 14.707
0 0 0 0 1 14.7278
0 0 0 0 0 14.6232
0 0 0 0 1 14.9772
0 0 0 0 1 15.0506
0 0 0 0 1 15.1763
0 0 0 0 0 15.1748
0 0 0 0 1 15.1573
0 0 0 0 1 15.4222
0 0 0 0 0 15.4279
0 0 0 0 1 15.5093
0 0 0 0 1 15.4516
0 0 0 0 1 15.69
0 0 0 0 0 15.6309
0 0 0 0 1 15.9985
0 0 0 0 0 15.9227
0 0 0 0 1 15.9817
0 0 0 0 1 16.1052
0 0 0 0 1 16.3433
0 0 0 0 0 16.3619
0 0 0 0 1 16.6025
0 0 0 0 1 16.7873
0 0 0 0 1 16.7725
0 0 0 0 1 16.6972
0 0 0 0 1 16.9844
0 0 0 0 1 17.1205
0 0 0 0 1 17.0935
0 0 0 0 0 17.2904
0 0 0 0 1 17.5232
0 0 0 0 0 17.5118
0 0 0 0 1 17.7289
0 0 0 0 1 17.7871
0 0 0 0 1 17.8711
0 0 0 0 1 17.9366
0 0 0 0 1 18.1108
0 0 0 0 1 18.4331
0 0 0 0 1 18.5819
0 0 0 0 1 18.8344
0 0 0 0 1 18.7298
0 0 0 0 1 19.0874
0 0 0 0 1 19.2572
0 0 0 0 1 19.1172
0 0 0 0 1 19.5866
0 0 0 0 1 19.453
0 0 0 0 1 19.8383
0 0 0 0 1 19.7774
0 0 0 0 1 20.2074
0 0 0 0 0 20.1636
0 0 0 0 1 20.5763
0 0 0 0 1 20.8925
0 0 0 0 1 20.8423
0 0 0 0 1 20.9895
0 0 0 0 0 21.4219
0 0 0 0 1 21.537
0 0 0 0 1 21.4558
0 0 0 0 0 22.11
0 0 0 0 1 22.2337
0 0 0 0 1 22.2759
0 0 0 0 1 22.5045
0 0 0 0 1 22.7926
0 0 0 0 1 23.055
0 0 0 0 1 23.1555
0 0 0 0 1 23.4508
0 0 0 0 1 23.8094
0 0 0 0 1 23.9016
0 0 0 0 0 24.4514
0 0 0 0 1 24.6987
0 0 0 0 1 24.549
0 0 0 0 1 25.2618
0 0 0 0 0 25.2997
0 0 0 0 1 25.8456
0 0 0 0 1 25.7156
0 0 0 0 0 26.3809
0 0 0 0 1 26.7645
0 0 0 0 1 26.8175
0 0 0 0 1 27.292
0 0 0 0 1 27.4487
0 0 0 0 1 28.0483
0 0 0 0 1 28.5795
0 0 0 0 1 28.752
0 0 0 0 1 28.832
0 0 0 0 1 29.543
0 0 0 0 0 29.5949
0 0 0 0 1 30.5163
0 0 0 0 1 31.0512
0 0 0 0 1 31.3807
0 0 0 0 1 31.3591
0 0 0 0 1 32.0272
0 0 0 0 1 32.8974
0 0 0 0 0 33.0475
0 0 0 0 1 33.4992
0 0 0 0 1 34.037
0 0 0 0 1 35.0365
0 0 0 0 1 35.5156
0 0 0 0 0 36.0114
0 0 0 0 0 36.4775
0 0 0 0 1 36.8843
0 0 0 0 1 37.7007
0 0 0 0 1 38.3502
0 0 0 0 1 37.5403
0 0 0 0 1 36.8317
0 0 0 0 1 36.98
0 0 0 0 1 36.9081
0 0 0 0 0 37.3541
0 0 0 0 1 37.1699
0 0 0 0 1 36.9148
0 0 0 0 1 36.8806
0 0 0 0 1 37.034
0 0 0 0 0 36.7815
0 0 0 0 1 36.6757
0 0 0 0 1 36.9782
0 0 0 0 1 36.9592
0 0 0 0 1 37.5375
0 0 0 0 1 38.5163
0 0 0 0 1 39.8843
0 0 0 0 1 41.0765
0 0 0 0 1 57.8499
0 0 0 0 0 59.4225
0 0 0 0 0 60.5551
0 0 0 0 0 63.1922
0 0 0 0 1 60.5188
0 0 0 0 1 60.4819
0 0 0 0 1 61.2352
0 0 0 0 0 60.4724
0 0 0 0 1 60.9858
0 0 0 0 1 60.9533
0 0 0 0 1 60.7415
0 0 0 0 1 60.7719
0 0 0 0 1 62.3076
0 0 0 0 1 88.7948
0 0 0 0 1 92.9083
0 0 0 0 1 98.3988
0 0 0 0 0 5.00499
0 0 0 0 0 5.04006
0 0 0 0 0 5.05509
0 0 0 0 0 4.99998
0 0 0 0 0 68.8954
0 0 0 0 1 68.875
0 0 0 0 1 67.967
0 0 0 0 1 68.9754
0 0 0 0 1 68.8222
0 0 0 0 1 68.6021
0 0 0 0 0 68.7249
0 0 0 0 0 4.98996
0 0 0 0 0 5.03004
0 0 0 0 0 5.04006
0 0 0 0 0 5.02002
0 0 0 0 0 5.01501
0 0 0 0 0 47.4382
0 0 0 0 1 48.2016
0 0 0 0 1 47.7681
0 0 0 0 1 48.0063
0 0 0 0 0 47.4309
0 0 0 0 0 47.7667
0 0 0 0 0 48.391
0 0 0 0 1 48.3933
0 0 0 0 0 47.5339
0 0 0 0 0 4.9599
0 0 0 0 0 5.05509
0 0 0 0 0 5.02002
0 0 0 0 0 5.05008
0 0 0 0 1 93.1712
0 0 0 0 0 85.0492
0 0 0 0 1 77.7116
0 0 0 0 1 70.9595
0 0 0 0 0 65.3801
0 0 0 0 0 60.8252
0 0 0 0 1 56.6036
0 0 0 0 1 53.3924
0 0 0 0 0 49.5576
0 0 0 0 0 47.2832
0 0 0 0 1 44.2658
0 0 0 0 1 42.6129
0 0 0 0 1 40.5809
0 0 0 0 1 38.3642
0 0 0 0 1 36.8482
0 0 0 0 1 35.2216
0 0 0 0 0 33.9851
0 0 0 0 1 32.4859
0 0 0 0 0 31.4059
0 0 0 0 1 30.3557
0 0 0 0 1 29.137
0 0 0 0 1 28.4814
0 0 0 0 1 27.4544
0 0 0 0 1 26.7169
0 0 0 0 1 25.9875
0 0 0 0 0 25.2288
0 0 0 0 1 24.4962
0 0 0 0 1 23.5019
0 0 0 0 0 22.9191
0 0 0 0 1 22.2393
0 0 0 0 1 21.9333
0 0 0 0 1 21.0908
0 0 0 0 1 20.7387
0 0 0 0 0 20.3898
0 0 0 0 1 19.8562
0 0 0 0 1 19.5296
0 0 0 0 1 18.8671
0 0 0 0 1 18.6336
0 0 0 0 0 18.2398
0 0 0 0 1 17.7239
0 0 0 0 1 17.3555
0 0 0 0 0 17.0052
0 0 0 0 0 16.919
0 0 0 0 1 16.2983
0 0 0 0 0 16.1923
0 0 0 0 1 15.6934
0 0 0 0 1 15.6318
0 0 0 0 1 15.1905
0 0 0 0 1 14.9206
0 0 0 0 1 14.8178
0 0 0 0 0 14.4587
0 0 0 0 1 14.3037
0 0 0 0 1 14.1093
0 0 0 0 1 13.693
0 0 0 0 1 13.742
0 0 0 0 1 13.5284
0 0 0 0 0 13.3117
0 0 0 0 1 13.0792
0 0 0 0 1 12.755
0 0 0 0 1 12.7007
0 0 0 0 1 12.4091
0 0 0 0 1 12.3459
0 0 0 0 1 12.0039
0 0 0 0 0 12.047
0 0 0 0 0 11.8135
0 0 0 0 0 11.6731
0 0 0 0 1 11.4961
0 0 0 0 1 11.4698
0 0 0 0 0 11.136
0 0 0 0 1 11.1378
0 0 0 0 1 10.8426
0 0 0 0 1 10.831
0 0 0 0 0 10.5818
0 0 0 0 1 10.4504
0 0 0 0 1 10.4134
0 0 0 0 1 10.3334
0 0 0 0 1 10.109
0 0 0 0 1 10.1395
0 0 0 0 1 9.95676
0 0 0 0 1 9.8463
0 0 0 0 1 9.69575
0 0 0 0 0 9.60438
0 0 0 0 1 9.46517
0 0 0 0 1 9.51595
0 0 0 0 1 9.44234
0 0 0 0 1 9.20137
0 0 0 0 1 9.12888
0 0 0 0 1 9.02878
0 0 0 0 0 8.92911
0 0 0 0 0 8.88328
0 0 0 0 1 8.77539
0 0 0 0 1 8.79022
0 0 0 0 0 8.60463
0 0 0 0 0 8.66999
0 0 0 0 0 8.46891
0 0 0 0 1 8.49852
0 0 0 0 1 8.42546
0 0 0 0 0 8.20402
0 0 0 0 1 8.23998
0 0 0 0 1 8.09507
0 0 0 0 1 8.06463
0 0 0 0 1 8.07459
0 0 0 0 1 7.90783
0 0 0 0 1 7.9013
0 0 0 0 1 7.87842
0 0 0 0 0 7.8318
0 0 0 0 1 7.66862
0 0 0 0 1 7.63791
0 0 0 0 1 7.62321
0 0 0 0 0 7.46412
0 0 0 0 1 7.41105
0 0 0 0 1 7.33706
0 0 0 0 0 7.37367
0 0 0 0 1 7.31299
0 0 0 0 1 7.24665
0 0 0 0 1 7.13038
0 0 0 0 1 7.08647
0 0 0 0 1 7.12044
0 0 0 0 1 7.05495
0 0 0 0 0 6.93545
0 0 0 0 1 6.91267
0 0 0 0 1 6.91716
0 0 0 0 0 6.76385
0 0 0 0 0 6.76978
0 0 0 0 1 6.80222
0 0 0 0 1 6.73156
0 0 0 0 1 6.61646
0 0 0 0 1 6.6528
0 0 0 0 1 6.52739
0 0 0 0 1 6.56475
0 0 0 0 0 6.5086
0 0 0 0 1 6.46095
0 0 0 0 1 6.39606
0 0 0 0 1 6.34259
0 0 0 0 1 6.34636
0 0 0 0 0 6.22396
0 0 0 0 1 6.28576
0 0 0 0 1 6.27633
0 0 0 0 1 6.2315
0 0 0 0 1 6.09287
0 0 0 0 1 6.14062
0 0 0 0 1 6.08244
0 0 0 0 1 5.99028
0 0 0 0 1 6.03701
0 0 0 0 1 6.03521
0 0 0 0 1 5.93216
0 0 0 0 1 5.84588
0 0 0 0 0 5.92075
0 0 0 0 1 5.84853
0 0 0 0 0 5.77872
0 0 0 0 0 5.76932
0 0 0 0 1 5.80765
0 0 0 0 1 5.74813
0 0 0 0 1 5.73454
0 0 0 0 1 5.71523
0 0 0 0 1 5.61902
0 0 0 0 1 5.66942
0 0 0 0 1 5.53854
0 0 0 0 0 5.56991
0 0 0 0 1 5.53999
0 0 0 0 1 5.52669
0 0 0 0 1 5.46249
0 0 0 0 0 5.49302
0 0 0 0 1 5.36585
0 0 0 0 1 5.44131
0 0 0 0 1 5.3851
0 0 0 0 1 5.32585
0 0 0 0 1 5.36091
0 0 0 0 0 5.3358
0 0 0 0 1 5.26477
0 0 0 0 1 5.30121
0 0 0 0 1 5.27255
0 0 0 0 1 5.16269
0 0 0 0 1 5.13138
0 0 0 0 1 5.17768
0 0 0 0 1 5.14457
0 0 0 0 1 5.10505
0 0 0 0 0 5.06396
0 0 0 0 0 5.08915
0 0 0 0 1 5.00784
0 0 0 0 1 5.0714
0 0 0 0 0 5.06092
0 0 0 0 1 4.95563
0 0 0 0 1 4.99526
0 0 0 0 1 4.96695
0 0 0 0 1 4.89756
0 0 0 0 1 4.88275
0 0 0 0 1 4.94147
0 0 0 0 1 4.87285
0 0 0 0 1 4.83873
0 0 0 0 1 4.86289
0 0 0 0 1 4.78235
0 0 0 0 1 4.84496
0 0 0 0 0 4.84165
0 0 0 0 1 4.73642
0 0 0 0 1 4.79844
0 0 0 0 1 4.71309
0 0 0 0 1 4.67701
0 0 0 0 0 4.67735
0 0 0 0 1 4.72452
0 0 0 0 1 4.70277
0 0 0 0 1 4.67033
0 0 0 0 1 4.6767
0 0 0 0 1 4.60891
0 0 0 0 1 4.57709
0 0 0 0 1 4.55928
0 0 0 0 1 4.62541
0 0 0 0 0 4.56185
0 0 0 0 1 4.56833
0 0 0 0 0 4.519
0 0 0 0 1 4.56627
0 0 0 0 1 4.52176
0 0 0 0 1 4.53852
0 0 0 0 1 4.52574
0 0 0 0 1 4.45614
0 0 0 0 0 4.44823
0 0 0 0 1 4.42372
0 0 0 0 0 4.39385
0 0 0 0 1 4.42268
0 0 0 0 1 4.37644
0 0 0 0 1 4.42169
0 0 0 0 0 4.41519
0 0 0 0 1 4.34319
0 0 0 0 1 4.36744
0 0 0 0 1 4.33942
0 0 0 0 0 4.36698
0 0 0 0 1 4.36509
0 0 0 0 1 4.26838
0 0 0 0 1 4.30549
0 0 0 0 1 4.32014
0 0 0 0 1 4.30992
0 0 0 0 1 4.22725
0 0 0 0 1 4.25139
0 0 0 0 1 4.26198
0 0 0 0 1 4.21468
0 0 0 0 1 4.2472
0 0 0 0 1 4.17841
0 0 0 0 1 4.21093
0 0 0 0 1 4.15886
0 0 0 0 0 4.20804
0 0 0 0 1 4.14434
0 0 0 0 1 4.13927
0 0 0 0 0 4.18411
0 0 0 0 1 4.18318
0 0 0 0 1 4.17402
0 0 0 0 1 4.13604
0 0 0 0 1 4.12298
0 0 0 0 1 4.07302
0 0 0 0 1 4.10534
0 0 0 0 0 4.11302
0 0 0 0 0 4.09211
0 0 0 0 0 4.05911
0 0 0 0 1 4.09543
0 0 0 0 0 4.09106
0 0 0 0 0 4.09081
0 0 0 0 1 4.05019
0 0 0 0 1 4.06222
0 0 0 0 1 4.02997
0 0 0 0 1 4.04608
0 0 0 0 1 4.03411
0 0 0 0 1 3.99419
0 0 0 0 1 3.96647
0 0 0 0 0 3.97484
0 0 0 0 1 3.96729
0 0 0 0 1 3.98369
0 0 0 0 1 4.00008
0 0 0 0 1 3.98875
0 0 0 0 1 3.98938
0 0 0 0 1 3.91508
0 0 0 0 1 3.90021
0 0 0 0 1 3.94792
0 0 0 0 0 3.90955
0 0 0 0 1 3.96111
0 0 0 0 1 3.95426
0 0 0 0 1 3.87709
0 0 0 0 1 3.92523
0 0 0 0 1 3.91479
0 0 0 0 1 3.88499
0 0 0 0 1 3.91366
0 0 0 0 1 3.87556
0 0 0 0 1 3.84612
0 0 0 0 1 3.83234
