0 0 0 0 1 3.44824
0 0 0 0 1 3.45567
0 0 0 0 0 3.50348
0 0 0 0 1 3.45893
0 0 0 0 1 3.45514
0 0 0 0 0 3.43822
0 0 0 0 1 3.46225
0 0 0 0 0 3.46186
0 0 0 0 1 3.43496
0 0 0 0 0 3.4487
0 0 0 0 1 3.5146
0 0 0 0 1 3.49816
0 0 0 0 1 3.45296
0 0 0 0 1 3.52274
0 0 0 0 1 3.47861
0 0 0 0 1 3.50677
0 0 0 0 1 3.45581
0 0 0 0 1 3.52224
0 0 0 0 0 3.45069
0 0 0 0 1 3.45791
0 0 0 0 1 3.48993
0 0 0 0 0 3.46711
0 0 0 0 0 3.52732
0 0 0 0 1 3.48967
0 0 0 0 1 3.474
0 0 0 0 1 3.51357
0 0 0 0 1 3.48746
0 0 0 0 1 3.52662
0 0 0 0 0 3.53981
0 0 0 0 1 3.54051
0 0 0 0 1 3.52787
0 0 0 0 1 3.53008
0 0 0 0 1 3.53165
0 0 0 0 1 3.5474
0 0 0 0 1 3.51101
0 0 0 0 0 3.52334
0 0 0 0 1 3.52592
0 0 0 0 1 3.52686
0 0 0 0 1 3.56236
0 0 0 0 1 3.52445
0 0 0 0 1 3.57266
0 0 0 0 0 3.55534
0 0 0 0 1 3.53869
0 0 0 0 1 3.52395
0 0 0 0 1 3.52981
0 0 0 0 1 3.53931
0 0 0 0 1 3.57467
0 0 0 0 1 3.58085
0 0 0 0 1 3.58062
0 0 0 0 1 3.57261
0 0 0 0 0 3.62209
0 0 0 0 1 3.56818
0 0 0 0 1 3.57105
0 0 0 0 0 3.61792
0 0 0 0 1 3.64269
0 0 0 0 1 3.58522
0 0 0 0 1 3.6245
0 0 0 0 0 3.58791
0 0 0 0 0 3.65354
0 0 0 0 1 3.63523
0 0 0 0 0 3.65391
0 0 0 0 1 3.60655
0 0 0 0 1 3.66542
0 0 0 0 1 3.68373
0 0 0 0 1 3.62534
0 0 0 0 1 3.63541
0 0 0 0 1 3.67762
0 0 0 0 1 3.6383
0 0 0 0 0 3.67353
0 0 0 0 1 3.66366
0 0 0 0 0 3.65662
0 0 0 0 1 3.69847
0 0 0 0 0 3.67311
0 0 0 0 1 3.73663
0 0 0 0 0 3.67134
0 0 0 0 1 3.69045
0 0 0 0 0 3.75011
0 0 0 0 0 3.7412
0 0 0 0 1 3.71535
0 0 0 0 0 3.76109
0 0 0 0 1 3.7667
0 0 0 0 1 3.7865
0 0 0 0 1 3.80641
0 0 0 0 1 3.80093
0 0 0 0 0 3.7478
0 0 0 0 1 3.77653
0 0 0 0 1 3.78527
0 0 0 0 1 3.77623
0 0 0 0 0 3.77362
0 0 0 0 0 3.81675
0 0 0 0 1 3.81429
0 0 0 0 0 3.84636
0 0 0 0 1 3.84016
0 0 0 0 1 3.85447
0 0 0 0 1 3.85218
0 0 0 0 1 3.87712
0 0 0 0 0 3.84391
0 0 0 0 1 3.84696
0 0 0 0 1 3.92242
0 0 0 0 1 3.90511
0 0 0 0 1 3.87957
0 0 0 0 1 3.9366
0 0 0 0 1 3.94245
0 0 0 0 1 3.89487
0 0 0 0 1 3.92322
0 0 0 0 1 3.97814
0 0 0 0 1 4.00705
0 0 0 0 1 3.97511
0 0 0 0 1 3.94932
0 0 0 0 1 3.9562
0 0 0 0 1 3.9662
0 0 0 0 1 4.02539
0 0 0 0 1 4.04371
0 0 0 0 1 4.01881
0 0 0 0 0 4.0574
0 0 0 0 1 4.01224
0 0 0 0 1 4.07538
0 0 0 0 0 4.05047
0 0 0 0 1 4.11406
0 0 0 0 1 4.08918
0 0 0 0 1 4.0766
0 0 0 0 1 4.10364
0 0 0 0 1 4.10349
0 0 0 0 1 4.13072
0 0 0 0 1 4.16391
0 0 0 0 1 4.16563
0 0 0 0 0 4.20416
0 0 0 0 1 4.17663
0 0 0 0 1 4.22732
0 0 0 0 1 4.17292
0 0 0 0 1 4.18806
0 0 0 0 1 4.27746
0 0 0 0 1 4.25815
0 0 0 0 1 4.27233
0 0 0 0 1 4.28505
0 0 0 0 0 4.27057
0 0 0 0 1 4.33156
0 0 0 0 1 4.36821
0 0 0 0 1 4.36485
0 0 0 0 1 4.35282
0 0 0 0 1 4.35038
0 0 0 0 1 4.3777
0 0 0 0 1 4.38761
0 0 0 0 1 4.42043
0 0 0 0 1 4.39157
0 0 0 0 1 4.48588
0 0 0 0 1 4.41684
0 0 0 0 1 4.43067
0 0 0 0 0 4.47732
0 0 0 0 1 4.50131
0 0 0 0 1 4.50739
0 0 0 0 1 4.52741
0 0 0 0 1 4.5427
0 0 0 0 1 4.58006
0 0 0 0 1 4.56818
0 0 0 0 0 4.56993
0 0 0 0 1 4.66408
0 0 0 0 1 4.60944
0 0 0 0 1 4.66725
0 0 0 0 1 4.67862
0 0 0 0 1 4.64689
0 0 0 0 1 4.7286
0 0 0 0 0 4.68346
0 0 0 0 0 4.78897
0 0 0 0 0 4.80944
0 0 0 0 1 4.7777
0 0 0 0 0 4.82703
0 0 0 0 1 4.85841
0 0 0 0 1 4.90276
0 0 0 0 0 4.87002
0 0 0 0 1 4.94592
0 0 0 0 0 4.87372
0 0 0 0 1 4.98357
0 0 0 0 1 4.98021
0 0 0 0 1 4.9816
0 0 0 0 1 4.99299
0 0 0 0 1 5.0547
0 0 0 0 0 5.01584
0 0 0 0 1 5.11353
0 0 0 0 1 5.12363
0 0 0 0 1 5.11998
0 0 0 0 1 5.16774
0 0 0 0 1 5.18994
0 0 0 0 1 5.18106
0 0 0 0 1 5.24508
0 0 0 0 0 5.27138
0 0 0 0 0 5.26765
0 0 0 0 1 5.29298
0 0 0 0 1 5.38336
0 0 0 0 1 5.35809
0 0 0 0 1 5.44397
0 0 0 0 0 5.45635
0 0 0 0 1 5.48332
0 0 0 0 1 5.49571
0 0 0 0 1 5.45667
0 0 0 0 1 5.54066
0 0 0 0 1 5.50661
0 0 0 0 0 5.55021
0 0 0 0 1 5.57717
0 0 0 0 1 5.60984
0 0 0 0 0 5.64831
0 0 0 0 1 5.77285
0 0 0 0 1 5.75455
0 0 0 0 1 5.81687
0 0 0 0 0 5.84098
0 0 0 0 0 5.79518
0 0 0 0 0 5.90504
0 0 0 0 0 5.94836
0 0 0 0 1 5.98836
0 0 0 0 1 6.04996
0 0 0 0 1 6.01521
0 0 0 0 1 6.03372
0 0 0 0 1 6.05235
0 0 0 0 1 6.21597
0 0 0 0 1 6.26037
0 0 0 0 1 6.28584
0 0 0 0 1 6.30207
0 0 0 0 0 6.31194
0 0 0 0 1 6.30233
0 0 0 0 1 6.369
0 0 0 0 1 6.41344
0 0 0 0 1 6.50347
0 0 0 0 1 6.46704
0 0 0 0 0 6.56711
0 0 0 0 1 6.6357
0 0 0 0 1 6.67427
0 0 0 0 1 6.78688
0 0 0 0 1 6.82592
0 0 0 0 1 6.86515
0 0 0 0 1 6.90012
0 0 0 0 0 6.88378
0 0 0 0 1 7.01566
0 0 0 0 1 7.07324
0 0 0 0 1 7.07275
0 0 0 0 1 7.1829
0 0 0 0 1 7.20797
0 0 0 0 0 7.20138
0 0 0 0 1 7.32283
0 0 0 0 1 7.42589
0 0 0 0 1 7.44804
0 0 0 0 1 7.42965
0 0 0 0 1 7.53854
0 0 0 0 1 7.63519
0 0 0 0 1 7.66116
0 0 0 0 1 7.70215
0 0 0 0 1 7.79765
0 0 0 0 0 7.82467
0 0 0 0 0 7.9466
0 0 0 0 0 8.00521
0 0 0 0 1 8.07813
0 0 0 0 1 8.12023
0 0 0 0 1 8.19344
0 0 0 0 1 8.37671
0 0 0 0 1 8.35589
0 0 0 0 1 8.53866
0 0 0 0 1 8.61491
0 0 0 0 0 8.73695
0 0 0 0 0 8.74243
0 0 0 0 1 8.85687
0 0 0 0 1 8.86176
0 0 0 0 1 9.0464
0 0 0 0 1 9.10604
0 0 0 0 1 9.22088
0 0 0 0 1 9.34376
0 0 0 0 1 9.49691
0 0 0 0 0 9.50827
0 0 0 0 1 9.68194
0 0 0 0 0 9.71053
0 0 0 0 1 9.85598
0 0 0 0 1 9.91238
0 0 0 0 1 10.1588
0 0 0 0 1 10.1947
0 0 0 0 1 10.4754
0 0 0 0 1 10.5625
0 0 0 0 1 10.7321
0 0 0 0 1 10.8159
0 0 0 0 1 10.9115
0 0 0 0 1 11.0721
0 0 0 0 1 11.2191
0 0 0 0 1 11.2838
0 0 0 0 1 11.5914
0 0 0 0 1 11.729
0 0 0 0 0 11.7405
0 0 0 0 0 11.9477
0 0 0 0 1 12.2594
0 0 0 0 1 12.3259
0 0 0 0 1 12.6297
0 0 0 0 1 12.6675
0 0 0 0 0 13.0382
0 0 0 0 1 13.1927
0 0 0 0 1 13.4636
0 0 0 0 1 13.5086
0 0 0 0 0 13.7277
0 0 0 0 1 14.1816
0 0 0 0 1 14.1592
0 0 0 0 1 14.5344
0 0 0 0 1 14.8844
0 0 0 0 1 15.1323
0 0 0 0 1 15.251
0 0 0 0 1 15.6362
0 0 0 0 1 15.9793
0 0 0 0 1 16.3313
0 0 0 0 1 16.7326
0 0 0 0 1 16.9262
0 0 0 0 1 17.5259
0 0 0 0 1 17.8799
0 0 0 0 1 18.0958
0 0 0 0 0 18.3639
0 0 0 0 0 18.7987
0 0 0 0 1 19.4951
0 0 0 0 1 20.0943
0 0 0 0 1 20.5279
0 0 0 0 1 20.8198
0 0 0 0 1 21.4548
0 0 0 0 0 22.2216
0 0 0 0 1 22.8056
0 0 0 0 0 23.4163
0 0 0 0 0 23.9522
0 0 0 0 1 24.874
0 0 0 0 0 25.8294
0 0 0 0 1 26.307
0 0 0 0 1 27.4993
0 0 0 0 1 28.6003
0 0 0 0 1 29.1888
0 0 0 0 1 30.8402
0 0 0 0 1 31.5281
0 0 0 0 1 33.0586
0 0 0 0 0 34.7638
0 0 0 0 1 35.6989
0 0 0 0 0 37.8679
0 0 0 0 1 39.5227
0 0 0 0 1 42.1006
0 0 0 0 1 44.2126
0 0 0 0 1 38.7576
0 0 0 0 1 38.5054
0 0 0 0 1 39.0026
0 0 0 0 1 38.7247
0 0 0 0 1 38.9412
0 0 0 0 1 38.5484
0 0 0 0 1 38.8052
0 0 0 0 1 38.7227
0 0 0 0 1 39.0704
0 0 0 0 1 38.6689
0 0 0 0 1 39.018
0 0 0 0 1 39.0831
0 0 0 0 1 62.6776
0 0 0 0 1 61.8596
0 0 0 0 0 4.97994
0 0 0 0 0 4.9599
0 0 0 0 0 4.99998
0 0 0 0 0 5.03505
0 0 0 0 0 4.96491
0 0 0 0 1 71.0267
0 0 0 0 0 70.1807
0 0 0 0 1 70.6815
0 0 0 0 1 70.331
0 0 0 0 1 70.3387
0 0 0 0 1 71.4813
0 0 0 0 1 70.9251
0 0 0 0 0 4.97994
0 0 0 0 0 4.96491
0 0 0 0 0 4.96992
0 0 0 0 0 4.99497
0 0 0 0 0 5.05509
0 0 0 0 0 5.03505
0 0 0 0 0 4.99497
0 0 0 0 0 4.9599
0 0 0 0 0 4.96992
0 0 0 0 0 4.96491
0 0 0 0 1 54.3763
0 0 0 0 1 51.8006
0 0 0 0 1 50.4378
0 0 0 0 1 51.076
0 0 0 0 1 51.0939
0 0 0 0 1 50.453
0 0 0 0 1 50.9839
0 0 0 0 1 51.0554
0 0 0 0 1 51.0393
0 0 0 0 0 51.2183
0 0 0 0 1 50.6313
0 0 0 0 0 70.5356
0 0 0 0 1 68.6047
0 0 0 0 0 66.1573
0 0 0 0 1 63.7075
0 0 0 0 0 62.4418
0 0 0 0 1 59.7672
0 0 0 0 1 58.7833
0 0 0 0 1 56.6721
0 0 0 0 1 55.2801
0 0 0 0 1 54.3153
0 0 0 0 1 52.5019
0 0 0 0 0 51.3213
0 0 0 0 1 50.7213
0 0 0 0 1 49.494
0 0 0 0 1 48.6309
0 0 0 0 1 47.3188
0 0 0 0 0 46.4821
0 0 0 0 1 45.3543
0 0 0 0 0 44.2609
0 0 0 0 1 43.6397
0 0 0 0 1 42.2206
0 0 0 0 1 41.937
0 0 0 0 1 40.4083
0 0 0 0 1 40.4213
0 0 0 0 1 39.2277
0 0 0 0 1 38.7786
0 0 0 0 0 38.2841
0 0 0 0 1 37.3907
0 0 0 0 0 36.6469
0 0 0 0 1 36.4438
0 0 0 0 1 35.3497
0 0 0 0 0 35.2027
0 0 0 0 0 34.2354
0 0 0 0 1 33.5409
0 0 0 0 1 33.2273
0 0 0 0 0 32.972
0 0 0 0 0 32.2353
0 0 0 0 1 31.8458
0 0 0 0 1 31.2979
0 0 0 0 1 31.2746
0 0 0 0 0 30.2763
0 0 0 0 1 30.1461
0 0 0 0 1 29.6822
0 0 0 0 1 29.2427
0 0 0 0 1 28.7625
0 0 0 0 0 28.8298
0 0 0 0 1 28.3789
0 0 0 0 1 28.1481
0 0 0 0 1 27.425
0 0 0 0 1 27.2392
0 0 0 0 1 26.8276
0 0 0 0 1 26.3735
0 0 0 0 1 26.0762
0 0 0 0 1 25.8692
0 0 0 0 1 25.6998
0 0 0 0 1 25.0881
0 0 0 0 0 25.253
0 0 0 0 1 24.5957
0 0 0 0 1 24.2934
0 0 0 0 1 24.3293
0 0 0 0 1 23.9834
0 0 0 0 1 23.9012
0 0 0 0 1 23.628
0 0 0 0 0 23.1929
0 0 0 0 1 22.853
0 0 0 0 1 22.8973
0 0 0 0 1 22.4461
0 0 0 0 1 22.2388
0 0 0 0 1 22.0907
0 0 0 0 1 21.8838
0 0 0 0 1 21.6333
0 0 0 0 1 21.3628
0 0 0 0 1 21.2007
0 0 0 0 1 20.9751
0 0 0 0 1 21.0719
0 0 0 0 1 20.9779
0 0 0 0 1 20.3812
0 0 0 0 1 20.5547
0 0 0 0 0 20.3441
0 0 0 0 0 20.2505
0 0 0 0 1 20.055
0 0 0 0 1 19.7689
0 0 0 0 1 19.3679
0 0 0 0 0 19.495
0 0 0 0 1 19.2349
0 0 0 0 1 18.9176
0 0 0 0 1 19.1358
0 0 0 0 1 18.7519
0 0 0 0 1 18.6916
0 0 0 0 1 18.3271
0 0 0 0 1 18.389
0 0 0 0 1 18.1494
0 0 0 0 1 17.998
0 0 0 0 1 17.7754
0 0 0 0 1 17.8251
0 0 0 0 1 17.6392
0 0 0 0 1 17.4438
0 0 0 0 0 17.5396
0 0 0 0 0 17.3795
0 0 0 0 1 17.0448
0 0 0 0 1 17.0415
0 0 0 0 1 17.0537
0 0 0 0 1 16.9673
0 0 0 0 1 16.5922
0 0 0 0 1 16.7239
0 0 0 0 1 16.4165
0 0 0 0 1 16.4044
0 0 0 0 1 16.2175
0 0 0 0 0 16.0912
0 0 0 0 1 16.1687
0 0 0 0 1 16.118
0 0 0 0 1 15.9283
0 0 0 0 1 15.7495
0 0 0 0 1 15.6726
0 0 0 0 1 15.5489
0 0 0 0 1 15.5439
0 0 0 0 1 15.2973
0 0 0 0 1 15.3752
0 0 0 0 1 15.1449
0 0 0 0 1 15.1364
0 0 0 0 1 15.0004
0 0 0 0 1 15.1503
0 0 0 0 0 14.7669
0 0 0 0 1 14.9736
0 0 0 0 1 14.8448
0 0 0 0 1 14.7755
0 0 0 0 1 14.7437
0 0 0 0 1 14.3841
0 0 0 0 1 14.5617
0 0 0 0 0 14.493
0 0 0 0 0 14.3017
0 0 0 0 1 14.2053
0 0 0 0 1 14.1804
0 0 0 0 1 14.141
0 0 0 0 1 14.0232
0 0 0 0 0 14.0678
0 0 0 0 1 13.7511
0 0 0 0 1 13.6496
0 0 0 0 1 13.8505
0 0 0 0 1 13.716
0 0 0 0 1 13.7374
0 0 0 0 1 13.3925
0 0 0 0 1 13.3471
0 0 0 0 1 13.3823
0 0 0 0 0 13.323
0 0 0 0 0 13.1448
0 0 0 0 1 13.2588
0 0 0 0 1 13.2793
0 0 0 0 1 13.2208
0 0 0 0 1 13.1677
0 0 0 0 0 12.9538
0 0 0 0 1 13.052
0 0 0 0 1 12.9866
0 0 0 0 1 12.8141
0 0 0 0 1 12.7114
0 0 0 0 1 12.6293
0 0 0 0 1 12.6174
0 0 0 0 1 12.5115
0 0 0 0 1 12.4864
0 0 0 0 1 12.5989
0 0 0 0 1 12.469
0 0 0 0 1 12.4608
0 0 0 0 1 12.4063
0 0 0 0 1 12.3197
0 0 0 0 1 12.2704
0 0 0 0 0 12.1481
0 0 0 0 1 12.2102
0 0 0 0 0 12.0767
0 0 0 0 1 12.1855
0 0 0 0 1 12.0932
0 0 0 0 0 12.0662
0 0 0 0 0 11.8911
0 0 0 0 1 11.9868
0 0 0 0 0 11.7852
0 0 0 0 0 11.7872
0 0 0 0 1 11.6976
0 0 0 0 1 11.722
0 0 0 0 1 11.7826
0 0 0 0 1 11.717
0 0 0 0 1 11.6828
0 0 0 0 1 11.5137
0 0 0 0 1 11.4472
0 0 0 0 1 11.4523
0 0 0 0 0 11.5011
0 0 0 0 1 11.3688
0 0 0 0 1 11.3399
0 0 0 0 1 11.434
0 0 0 0 1 11.4163
0 0 0 0 1 11.205
0 0 0 0 1 11.3153
0 0 0 0 0 11.3075
0 0 0 0 0 11.0779
0 0 0 0 1 11.2063
0 0 0 0 1 11.1435
0 0 0 0 1 11.097
0 0 0 0 1 10.9687
0 0 0 0 0 10.923
0 0 0 0 0 10.9717
0 0 0 0 1 10.9357
0 0 0 0 0 10.9638
0 0 0 0 0 10.841
