0 0 0 0 1 9.49392
0 0 0 0 1 9.36453
0 0 0 0 1 9.38923
0 0 0 0 1 9.37321
0 0 0 0 1 9.55008
0 0 0 0 1 9.46802
0 0 0 0 1 9.46193
0 0 0 0 0 9.54163
0 0 0 0 1 9.61551
0 0 0 0 1 9.45712
0 0 0 0 1 9.5601
0 0 0 0 1 9.51637
0 0 0 0 1 9.56248
0 0 0 0 0 9.51885
0 0 0 0 0 9.61358
0 0 0 0 1 9.55081
0 0 0 0 1 9.7042
0 0 0 0 1 9.66464
0 0 0 0 1 9.71835
0 0 0 0 0 9.63632
0 0 0 0 1 9.83042
0 0 0 0 1 9.84597
0 0 0 0 0 9.82654
0 0 0 0 1 9.74844
0 0 0 0 1 9.8525
0 0 0 0 1 9.75476
0 0 0 0 0 9.83395
0 0 0 0 1 9.94318
0 0 0 0 1 9.84127
0 0 0 0 1 9.85214
0 0 0 0 1 9.95247
0 0 0 0 1 9.86019
0 0 0 0 1 10.001
0 0 0 0 1 10.0127
0 0 0 0 1 10.0446
0 0 0 0 1 10.0868
0 0 0 0 1 10.1494
0 0 0 0 1 10.0411
0 0 0 0 0 10.1747
0 0 0 0 0 10.0156
0 0 0 0 1 10.0384
0 0 0 0 0 10.2037
0 0 0 0 0 10.2123
0 0 0 0 1 10.2564
0 0 0 0 0 10.3212
0 0 0 0 0 10.1505
0 0 0 0 1 10.3334
0 0 0 0 1 10.3167
0 0 0 0 1 10.3206
0 0 0 0 1 10.4178
0 0 0 0 1 10.2921
0 0 0 0 0 10.4732
0 0 0 0 0 10.5299
0 0 0 0 1 10.5347
0 0 0 0 1 10.4976
0 0 0 0 1 10.4445
0 0 0 0 1 10.5758
0 0 0 0 1 10.6391
0 0 0 0 1 10.6975
0 0 0 0 0 10.6766
0 0 0 0 1 10.7354
0 0 0 0 1 10.6611
0 0 0 0 1 10.64
0 0 0 0 1 10.8392
0 0 0 0 1 10.813
0 0 0 0 1 10.8355
0 0 0 0 1 10.9341
0 0 0 0 1 10.8593
0 0 0 0 1 10.9747
0 0 0 0 0 10.8668
0 0 0 0 1 11.0216
0 0 0 0 1 11.1224
0 0 0 0 1 10.9586
0 0 0 0 1 11.1758
0 0 0 0 1 11.1891
0 0 0 0 1 11.1132
0 0 0 0 1 11.0987
0 0 0 0 1 11.2352
0 0 0 0 0 11.2375
0 0 0 0 1 11.2285
0 0 0 0 0 11.2821
0 0 0 0 1 11.4096
0 0 0 0 0 11.2921
0 0 0 0 0 11.3807
0 0 0 0 1 11.5326
0 0 0 0 1 11.5995
0 0 0 0 1 11.5333
0 0 0 0 0 11.6238
0 0 0 0 1 11.6333
0 0 0 0 1 11.7183
0 0 0 0 0 11.822
0 0 0 0 1 11.802
0 0 0 0 1 11.8356
0 0 0 0 1 11.8575
0 0 0 0 1 11.9271
0 0 0 0 1 11.9134
0 0 0 0 1 11.9956
0 0 0 0 1 12.0902
0 0 0 0 1 12.0161
0 0 0 0 1 12.0749
0 0 0 0 0 12.073
0 0 0 0 1 12.3281
0 0 0 0 1 12.4198
0 0 0 0 1 12.2953
0 0 0 0 1 12.2757
0 0 0 0 1 12.5102
0 0 0 0 1 12.516
0 0 0 0 1 12.6777
0 0 0 0 1 12.5073
0 0 0 0 0 12.6897
0 0 0 0 1 12.6502
0 0 0 0 1 12.8415
0 0 0 0 0 12.796
0 0 0 0 0 12.9304
0 0 0 0 1 12.8385
0 0 0 0 0 12.9477
0 0 0 0 1 13.1171
0 0 0 0 0 13.0574
0 0 0 0 1 13.0964
0 0 0 0 0 13.3799
0 0 0 0 1 13.2796
0 0 0 0 0 13.3059
0 0 0 0 1 13.3723
0 0 0 0 0 13.5335
0 0 0 0 1 13.4381
0 0 0 0 1 13.7642
0 0 0 0 0 13.6544
0 0 0 0 1 13.8248
0 0 0 0 0 13.9148
0 0 0 0 1 13.8724
0 0 0 0 1 13.9627
0 0 0 0 1 13.9971
0 0 0 0 1 14.1008
0 0 0 0 1 14.3342
0 0 0 0 0 14.2411
0 0 0 0 1 14.3983
0 0 0 0 1 14.3899
0 0 0 0 1 14.6714
0 0 0 0 1 14.7362
0 0 0 0 1 14.7131
0 0 0 0 0 14.7561
0 0 0 0 1 14.8732
0 0 0 0 1 14.8265
0 0 0 0 1 14.9359
0 0 0 0 1 14.9934
0 0 0 0 1 15.1877
0 0 0 0 1 15.4222
0 0 0 0 1 15.3047
0 0 0 0 1 15.6177
0 0 0 0 1 15.5139
0 0 0 0 0 15.6273
0 0 0 0 0 15.8675
0 0 0 0 1 15.7287
0 0 0 0 1 16.0984
0 0 0 0 0 16.1747
0 0 0 0 1 16.2671
0 0 0 0 1 16.2781
0 0 0 0 1 16.3782
0 0 0 0 1 16.4045
0 0 0 0 1 16.7042
0 0 0 0 1 16.8562
0 0 0 0 1 16.7646
0 0 0 0 1 16.8486
0 0 0 0 0 17.1205
0 0 0 0 1 17.2484
0 0 0 0 1 17.4983
0 0 0 0 1 17.3138
0 0 0 0 1 17.4239
0 0 0 0 1 17.605
0 0 0 0 1 17.6801
0 0 0 0 0 17.9431
0 0 0 0 1 18.0272
0 0 0 0 1 18.0743
0 0 0 0 0 18.2675
0 0 0 0 1 18.7117
0 0 0 0 1 18.5167
0 0 0 0 1 18.8617
0 0 0 0 1 19.1444
0 0 0 0 1 19.0084
0 0 0 0 1 19.2138
0 0 0 0 1 19.5866
0 0 0 0 1 19.5119
0 0 0 0 1 19.8185
0 0 0 0 1 20.1569
0 0 0 0 1 20.2679
0 0 0 0 1 20.5294
0 0 0 0 1 20.4121
0 0 0 0 0 20.7891
0 0 0 0 1 20.6961
0 0 0 0 1 20.9684
0 0 0 0 1 21.4644
0 0 0 0 1 21.3652
0 0 0 0 1 21.6942
0 0 0 0 1 21.9349
0 0 0 0 1 22.0347
0 0 0 0 0 22.3875
0 0 0 0 1 22.7074
0 0 0 0 0 22.9976
0 0 0 0 1 23.2391
0 0 0 0 1 23.3648
0 0 0 0 1 23.5917
0 0 0 0 1 23.9281
0 0 0 0 1 23.8296
0 0 0 0 1 24.4514
0 0 0 0 1 24.5024
0 0 0 0 1 24.7226
0 0 0 0 1 25.1865
0 0 0 0 1 25.2236
0 0 0 0 0 25.435
0 0 0 0 1 25.7675
0 0 0 0 1 26.4597
0 0 0 0 1 26.4719
0 0 0 0 1 26.7367
0 0 0 0 1 27.1284
0 0 0 0 0 27.3658
0 0 0 0 1 27.9085
0 0 0 0 1 28.4662
0 0 0 0 1 28.6373
0 0 0 0 1 29.0065
0 0 0 0 1 29.5725
0 0 0 0 0 30.1928
0 0 0 0 1 30.3345
0 0 0 0 1 30.6823
0 0 0 0 1 31.0688
0 0 0 0 0 31.454
0 0 0 0 1 32.3163
0 0 0 0 0 32.5061
0 0 0 0 1 33.3786
0 0 0 0 1 33.9701
0 0 0 0 1 34.5154
0 0 0 0 1 35.0712
0 0 0 0 1 35.5509
0 0 0 0 1 35.5806
0 0 0 0 1 36.4775
0 0 0 0 1 37.2558
0 0 0 0 1 38.1545
0 0 0 0 0 38.7737
0 0 0 0 1 37.1679
0 0 0 0 1 37.0549
0 0 0 0 1 37.203
0 0 0 0 1 37.4651
0 0 0 0 1 37.317
0 0 0 0 1 37.2441
0 0 0 0 1 37.174
0 0 0 0 0 37.3245
0 0 0 0 1 37.2927
0 0 0 0 1 37.1508
0 0 0 0 1 37.0078
0 0 0 0 1 36.6833
0 0 0 0 1 36.6644
0 0 0 0 1 37.6508
0 0 0 0 1 38.6712
0 0 0 0 1 39.3679
0 0 0 0 0 40.7094
0 0 0 0 1 56.8733
0 0 0 0 0 58.8319
0 0 0 0 1 61.3455
0 0 0 0 1 63.1922
0 0 0 0 0 60.1542
0 0 0 0 1 60.4819
0 0 0 0 1 60.0821
0 0 0 0 1 61.2002
0 0 0 0 1 60.7434
0 0 0 0 1 60.4686
0 0 0 0 1 60.3781
0 0 0 0 0 61.1351
0 0 0 0 0 61.8705
0 0 0 0 0 88.8845
0 0 0 0 1 94.6895
0 0 0 0 0 98.8898
0 0 0 0 0 4.96992
0 0 0 0 0 4.96491
0 0 0 0 0 5.03004
0 0 0 0 0 5.04006
0 0 0 0 1 68.2112
0 0 0 0 0 68.6698
0 0 0 0 1 68.7875
0 0 0 0 1 68.4286
0 0 0 0 1 67.7287
0 0 0 0 1 68.6021
0 0 0 0 1 67.7002
0 0 0 0 0 5.02503
0 0 0 0 0 5.03505
0 0 0 0 0 4.96491
0 0 0 0 0 5.01501
0 0 0 0 0 5.04006
0 0 0 0 1 47.534
0 0 0 0 0 48.0579
0 0 0 0 1 47.5285
0 0 0 0 1 47.9584
0 0 0 0 1 47.4788
0 0 0 0 1 48.1021
0 0 0 0 1 47.7681
0 0 0 0 0 47.8183
0 0 0 0 1 47.438
0 0 0 0 0 4.97493
0 0 0 0 0 5.0601
0 0 0 0 0 4.97994
0 0 0 0 0 5.0601
0 0 0 0 1 94.677
0 0 0 0 1 84.8798
0 0 0 0 1 77.1725
0 0 0 0 1 71.3126
0 0 0 0 0 64.989
0 0 0 0 1 60.7042
0 0 0 0 1 56.8861
0 0 0 0 1 53.0217
0 0 0 0 1 49.3582
0 0 0 0 1 46.6709
0 0 0 0 1 45.0691
0 0 0 0 0 41.9769
0 0 0 0 0 40.5001
0 0 0 0 0 38.4027
0 0 0 0 0 37.2539
0 0 0 0 1 35.6813
0 0 0 0 1 33.8493
0 0 0 0 0 32.4533
0 0 0 0 0 31.1229
0 0 0 0 1 30.0221
0 0 0 0 1 29.547
0 0 0 0 1 28.2266
0 0 0 0 1 27.1256
0 0 0 0 1 26.6904
0 0 0 0 1 25.8845
0 0 0 0 0 25.1788
0 0 0 0 1 24.5448
0 0 0 0 1 23.3838
0 0 0 0 1 22.9191
0 0 0 0 1 22.4857
0 0 0 0 1 21.9552
0 0 0 0 0 21.3249
0 0 0 0 1 20.5932
0 0 0 0 1 20.1667
0 0 0 0 1 19.7175
0 0 0 0 1 19.239
0 0 0 0 0 19.1323
0 0 0 0 1 18.4297
0 0 0 0 1 17.9676
0 0 0 0 0 17.5994
0 0 0 0 1 17.4949
0 0 0 0 1 17.0564
0 0 0 0 1 16.8185
0 0 0 0 1 16.3312
0 0 0 0 1 16.0955
0 0 0 0 1 15.6776
0 0 0 0 0 15.5851
0 0 0 0 1 15.1294
0 0 0 0 1 15.1457
0 0 0 0 1 14.6997
0 0 0 0 1 14.662
0 0 0 0 0 14.4036
0 0 0 0 1 14.0672
0 0 0 0 1 13.693
0 0 0 0 1 13.6875
0 0 0 0 0 13.4882
0 0 0 0 1 13.1004
0 0 0 0 1 13.1442
0 0 0 0 1 12.7807
0 0 0 0 1 12.7766
0 0 0 0 1 12.4964
0 0 0 0 1 12.3951
0 0 0 0 0 12.0281
0 0 0 0 1 11.9753
0 0 0 0 0 11.8725
0 0 0 0 1 11.5916
0 0 0 0 1 11.4156
0 0 0 0 1 11.3903
0 0 0 0 1 11.1472
0 0 0 0 1 11.1932
0 0 0 0 1 10.9739
0 0 0 0 1 10.9174
0 0 0 0 1 10.5711
0 0 0 0 0 10.5665
0 0 0 0 1 10.3508
0 0 0 0 1 10.3643
0 0 0 0 1 10.1906
0 0 0 0 1 9.99821
0 0 0 0 0 10.0766
0 0 0 0 1 9.94496
0 0 0 0 1 9.79339
0 0 0 0 0 9.63336
0 0 0 0 1 9.64683
0 0 0 0 0 9.56329
0 0 0 0 0 9.43297
0 0 0 0 1 9.29412
0 0 0 0 0 9.10136
0 0 0 0 1 9.03787
0 0 0 0 1 8.99212
0 0 0 0 1 8.85655
0 0 0 0 1 8.81074
0 0 0 0 1 8.77272
0 0 0 0 1 8.74341
0 0 0 0 1 8.56688
0 0 0 0 1 8.42635
0 0 0 0 1 8.38037
0 0 0 0 1 8.4171
0 0 0 0 0 8.36147
0 0 0 0 0 8.26463
0 0 0 0 1 8.20094
0 0 0 0 1 8.13728
0 0 0 0 1 8.0826
0 0 0 0 1 7.89989
0 0 0 0 1 7.81465
0 0 0 0 1 7.83153
0 0 0 0 1 7.76977
0 0 0 0 1 7.73778
0 0 0 0 1 7.57693
0 0 0 0 1 7.63835
0 0 0 0 0 7.54672
0 0 0 0 1 7.47063
0 0 0 0 1 7.42581
0 0 0 0 1 7.41039
0 0 0 0 0 7.25472
0 0 0 0 1 7.22495
0 0 0 0 1 7.19501
0 0 0 0 0 7.18628
0 0 0 0 0 7.02843
0 0 0 0 1 7.00576
0 0 0 0 1 6.99831
0 0 0 0 1 6.982
0 0 0 0 1 6.81392
0 0 0 0 1 6.88
0 0 0 0 1 6.7562
0 0 0 0 1 6.69424
0 0 0 0 1 6.74496
0 0 0 0 0 6.60981
0 0 0 0 0 6.56691
0 0 0 0 1 6.54711
0 0 0 0 1 6.49943
0 0 0 0 1 6.43729
0 0 0 0 1 6.44806
0 0 0 0 1 6.42169
0 0 0 0 1 6.31712
0 0 0 0 0 6.35901
0 0 0 0 0 6.33712
0 0 0 0 1 6.29201
0 0 0 0 0 6.25768
0 0 0 0 0 6.13259
0 0 0 0 1 6.08058
0 0 0 0 1 6.08563
0 0 0 0 1 6.00959
0 0 0 0 1 6.06878
0 0 0 0 1 6.01898
0 0 0 0 1 5.99936
0 0 0 0 0 5.96188
0 0 0 0 0 5.89312
0 0 0 0 1 5.92075
0 0 0 0 1 5.80763
0 0 0 0 1 5.84274
0 0 0 0 0 5.78666
0 0 0 0 1 5.7329
0 0 0 0 1 5.69093
0 0 0 0 1 5.68334
0 0 0 0 1 5.71523
0 0 0 0 0 5.68665
0 0 0 0 1 5.64697
0 0 0 0 1 5.57204
0 0 0 0 1 5.60323
0 0 0 0 1 5.50133
0 0 0 0 1 5.48823
0 0 0 0 1 5.53371
0 0 0 0 1 5.50392
0 0 0 0 1 5.44174
0 0 0 0 1 5.44131
0 0 0 0 0 5.42268
0 0 0 0 1 5.32051
0 0 0 0 0 5.32368
0 0 0 0 1 5.31989
0 0 0 0 1 5.25422
0 0 0 0 1 5.23816
0 0 0 0 0 5.21507
0 0 0 0 1 5.22514
0 0 0 0 0 5.16766
0 0 0 0 1 5.15703
0 0 0 0 1 5.1497
0 0 0 0 1 5.11017
0 0 0 0 1 5.05886
0 0 0 0 1 5.06884
0 0 0 0 0 5.0129
0 0 0 0 1 5.02109
0 0 0 0 1 5.02083
0 0 0 0 0 5.01551
0 0 0 0 1 5.00023
0 0 0 0 0 4.98678
0 0 0 0 1 4.96174
0 0 0 0 1 4.91226
0 0 0 0 1 4.91699
0 0 0 0 1 4.87285
0 0 0 0 1 4.83387
0 0 0 0 0 4.8145
0 0 0 0 1 4.86439
0 0 0 0 1 4.8017
0 0 0 0 0 4.81289
0 0 0 0 1 4.75075
0 0 0 0 0 4.71759
0 0 0 0 1 4.70835
0 0 0 0 1 4.71008
0 0 0 0 1 4.66323
0 0 0 0 1 4.64953
0 0 0 0 0 4.65135
0 0 0 0 1 4.64705
0 0 0 0 1 4.63026
0 0 0 0 1 4.64134
0 0 0 0 1 4.61861
0 0 0 0 1 4.59146
0 0 0 0 0 4.54748
0 0 0 0 0 4.52076
0 0 0 0 1 4.51823
0 0 0 0 0 4.52807
0 0 0 0 1 4.48028
0 0 0 0 0 4.4857
0 0 0 0 1 4.46198
0 0 0 0 0 4.52574
0 0 0 0 1 4.50983
0 0 0 0 1 4.48834
0 0 0 0 1 4.47263
0 0 0 0 1 4.42486
0 0 0 0 1 4.44035
0 0 0 0 0 4.37203
0 0 0 0 1 4.36461
0 0 0 0 1 4.36263
0 0 0 0 1 4.32571
0 0 0 0 1 4.33257
0 0 0 0 1 4.36551
0 0 0 0 1 4.34099
0 0 0 0 1 4.2873
0 0 0 0 1 4.29425
0 0 0 0 1 4.26678
0 0 0 0 1 4.25156
0 0 0 0 1 4.28854
0 0 0 0 1 4.22299
0 0 0 0 1 4.29394
0 0 0 0 1 4.22382
0 0 0 0 1 4.1935
0 0 0 0 0 4.24298
0 0 0 0 1 4.20793
0 0 0 0 1 4.23196
0 0 0 0 1 4.17982
0 0 0 0 1 4.22477
0 0 0 0 1 4.20277
0 0 0 0 1 4.13094
0 0 0 0 1 4.12594
0 0 0 0 1 4.17074
0 0 0 0 1 4.14092
0 0 0 0 1 4.09063
0 0 0 0 1 4.16005
0 0 0 0 1 4.147
0 0 0 0 1 4.12585
0 0 0 0 1 4.05163
0 0 0 0 1 4.05944
0 0 0 0 1 4.07949
0 0 0 0 1 4.10763
0 0 0 0 1 4.01801
0 0 0 0 1 4.01386
0 0 0 0 0 4.00572
0 0 0 0 1 4.07029
0 0 0 0 1 4.0662
0 0 0 0 1 4.02597
0 0 0 0 1 3.97791
0 0 0 0 1 3.99419
0 0 0 0 1 3.97047
0 0 0 0 1 3.95488
0 0 0 0 1 4.01111
0 0 0 0 1 4.01152
0 0 0 0 1 3.9604
0 0 0 0 1 3.94518
0 0 0 0 1 3.97356
0 0 0 0 1 3.9585
0 0 0 0 1 3.93173
0 0 0 0 1 3.90463
0 0 0 0 1 3.91741
0 0 0 0 0 3.92185
0 0 0 0 0 3.95818
0 0 0 0 1 3.92795
0 0 0 0 1 3.91742
0 0 0 0 1 3.8602
0 0 0 0 0 3.85385
0 0 0 0 0 3.85536
0 0 0 0 1 3.91051
0 0 0 0 1 3.88102
0 0 0 0 0 3.87879
