0 0 0 0 1 5.54179
0 0 0 0 0 5.55089
0 0 0 0 1 5.51561
0 0 0 0 0 5.54966
0 0 0 0 1 5.63168
0 0 0 0 1 5.54076
0 0 0 0 1 5.59992
0 0 0 0 1 5.64339
0 0 0 0 1 5.56591
0 0 0 0 1 5.66583
0 0 0 0 0 5.67612
0 0 0 0 1 5.6245
0 0 0 0 1 5.60887
0 0 0 0 1 5.70426
0 0 0 0 1 5.69807
0 0 0 0 0 5.72804
0 0 0 0 0 5.65946
0 0 0 0 0 5.6591
0 0 0 0 1 5.72735
0 0 0 0 0 5.69114
0 0 0 0 1 5.76548
0 0 0 0 0 5.79431
0 0 0 0 0 5.73137
0 0 0 0 1 5.78347
0 0 0 0 1 5.79144
0 0 0 0 0 5.7515
0 0 0 0 1 5.78097
0 0 0 0 1 5.81065
0 0 0 0 1 5.85798
0 0 0 0 1 5.80065
0 0 0 0 0 5.80742
0 0 0 0 1 5.86854
0 0 0 0 0 5.91816
0 0 0 0 1 5.89015
0 0 0 0 1 5.85619
0 0 0 0 1 5.89293
0 0 0 0 1 5.94764
0 0 0 0 1 5.9434
0 0 0 0 1 5.98671
0 0 0 0 1 5.9648
0 0 0 0 0 6.02638
0 0 0 0 1 5.98663
0 0 0 0 1 6.03194
0 0 0 0 0 6.06418
0 0 0 0 0 5.9883
0 0 0 0 0 5.97242
0 0 0 0 1 6.08234
0 0 0 0 1 6.10918
0 0 0 0 1 6.07537
0 0 0 0 1 6.1146
0 0 0 0 1 6.08683
0 0 0 0 1 6.10797
0 0 0 0 1 6.09131
0 0 0 0 1 6.1753
0 0 0 0 1 6.14755
0 0 0 0 1 6.20631
0 0 0 0 1 6.16614
0 0 0 0 1 6.19323
0 0 0 0 1 6.23397
0 0 0 0 1 6.31873
0 0 0 0 1 6.22112
0 0 0 0 1 6.28753
0 0 0 0 0 6.27858
0 0 0 0 1 6.37082
0 0 0 0 1 6.33669
0 0 0 0 0 6.38429
0 0 0 0 1 6.35002
0 0 0 0 1 6.39158
0 0 0 0 1 6.36998
0 0 0 0 1 6.39255
0 0 0 0 1 6.41606
0 0 0 0 1 6.4973
0 0 0 0 0 6.54724
0 0 0 0 0 6.56485
0 0 0 0 1 6.52372
0 0 0 0 1 6.51445
0 0 0 0 1 6.59069
0 0 0 0 1 6.53599
0 0 0 0 1 6.55976
0 0 0 0 0 6.67014
0 0 0 0 1 6.66783
0 0 0 0 1 6.69953
0 0 0 0 1 6.69113
0 0 0 0 0 6.69553
0 0 0 0 0 6.78107
0 0 0 0 0 6.79255
0 0 0 0 1 6.879
0 0 0 0 1 6.79514
0 0 0 0 0 6.82039
0 0 0 0 1 6.81823
0 0 0 0 1 6.975
0 0 0 0 1 6.946
0 0 0 0 1 6.94414
0 0 0 0 1 6.99109
0 0 0 0 1 7.05936
0 0 0 0 1 6.99438
0 0 0 0 1 7.10502
0 0 0 0 1 7.07498
0 0 0 0 1 7.14436
0 0 0 0 1 7.16414
0 0 0 0 0 7.23422
0 0 0 0 1 7.13186
0 0 0 0 1 7.30308
0 0 0 0 1 7.28709
0 0 0 0 1 7.37265
0 0 0 0 0 7.31995
0 0 0 0 1 7.34724
0 0 0 0 0 7.34594
0 0 0 0 1 7.48458
0 0 0 0 1 7.40824
0 0 0 0 0 7.54104
0 0 0 0 1 7.47905
0 0 0 0 1 7.52202
0 0 0 0 0 7.57282
0 0 0 0 1 7.55579
0 0 0 0 1 7.61451
0 0 0 0 0 7.73512
0 0 0 0 1 7.66355
0 0 0 0 1 7.69201
0 0 0 0 1 7.82972
0 0 0 0 1 7.88276
0 0 0 0 1 7.89635
0 0 0 0 1 7.84612
0 0 0 0 0 7.93074
0 0 0 0 1 8.02347
0 0 0 0 1 8.06117
0 0 0 0 1 8.01027
0 0 0 0 1 8.18559
0 0 0 0 0 8.12565
0 0 0 0 0 8.27008
0 0 0 0 1 8.25056
0 0 0 0 0 8.21392
0 0 0 0 1 8.26045
0 0 0 0 1 8.44036
0 0 0 0 1 8.34435
0 0 0 0 1 8.44146
0 0 0 0 1 8.46275
0 0 0 0 1 8.61221
0 0 0 0 1 8.63464
0 0 0 0 1 8.59584
0 0 0 0 0 8.62493
0 0 0 0 0 8.82086
0 0 0 0 1 8.842
0 0 0 0 0 8.77615
0 0 0 0 1 8.91198
0 0 0 0 0 8.90581
0 0 0 0 0 8.98911
0 0 0 0 1 8.97323
0 0 0 0 1 9.05798
0 0 0 0 1 9.09639
0 0 0 0 1 9.21778
0 0 0 0 0 9.24731
0 0 0 0 1 9.26848
0 0 0 0 0 9.30584
0 0 0 0 1 9.4767
0 0 0 0 1 9.50516
0 0 0 0 1 9.67715
0 0 0 0 1 9.60105
0 0 0 0 1 9.62886
0 0 0 0 1 9.88134
0 0 0 0 0 9.82135
0 0 0 0 1 9.97939
0 0 0 0 1 9.99623
0 0 0 0 1 10.0039
0 0 0 0 1 10.1612
0 0 0 0 1 10.1175
0 0 0 0 1 10.1734
0 0 0 0 1 10.4156
0 0 0 0 1 10.4432
0 0 0 0 1 10.4685
0 0 0 0 1 10.5249
0 0 0 0 0 10.6218
0 0 0 0 1 10.8502
0 0 0 0 1 10.884
0 0 0 0 1 10.9063
0 0 0 0 1 11.0511
0 0 0 0 1 11.0173
0 0 0 0 0 11.2365
0 0 0 0 1 11.305
0 0 0 0 1 11.4367
0 0 0 0 1 11.4661
0 0 0 0 1 11.5755
0 0 0 0 1 11.5454
0 0 0 0 1 11.6397
0 0 0 0 1 11.9031
0 0 0 0 1 12.0349
0 0 0 0 1 12.0226
0 0 0 0 1 12.1455
0 0 0 0 1 12.3116
0 0 0 0 1 12.4542
0 0 0 0 0 12.4006
0 0 0 0 1 12.7413
0 0 0 0 0 12.762
0 0 0 0 1 12.748
0 0 0 0 1 12.9005
0 0 0 0 1 13.2639
0 0 0 0 0 13.2037
0 0 0 0 1 13.4119
0 0 0 0 1 13.4146
0 0 0 0 0 13.5789
0 0 0 0 1 13.6979
0 0 0 0 1 14.0122
0 0 0 0 1 14.2456
0 0 0 0 1 14.1621
0 0 0 0 1 14.5642
0 0 0 0 0 14.4613
0 0 0 0 1 14.8491
0 0 0 0 1 15.0332
0 0 0 0 1 15.1726
0 0 0 0 1 15.1776
0 0 0 0 0 15.3393
0 0 0 0 1 15.6355
0 0 0 0 0 15.9281
0 0 0 0 1 15.8772
0 0 0 0 1 16.1155
0 0 0 0 1 16.4207
0 0 0 0 1 16.6787
0 0 0 0 1 16.9816
0 0 0 0 1 17.0665
0 0 0 0 1 17.1728
0 0 0 0 0 17.6373
0 0 0 0 1 18.011
0 0 0 0 0 18.1269
0 0 0 0 1 18.1839
0 0 0 0 1 18.4498
0 0 0 0 1 18.9901
0 0 0 0 1 14.9356
0 0 0 0 1 15.111
0 0 0 0 1 15.0621
0 0 0 0 1 14.8345
0 0 0 0 0 14.8786
0 0 0 0 1 14.9351
0 0 0 0 1 14.8132
0 0 0 0 1 14.8876
0 0 0 0 1 14.9298
0 0 0 0 0 14.9129
0 0 0 0 1 14.9579
0 0 0 0 1 14.7493
0 0 0 0 1 14.7039
0 0 0 0 1 14.912
0 0 0 0 1 14.8081
0 0 0 0 1 14.8541
0 0 0 0 1 14.6038
0 0 0 0 1 14.7954
0 0 0 0 1 14.6069
0 0 0 0 0 14.7987
0 0 0 0 1 14.567
0 0 0 0 1 14.5832
0 0 0 0 1 14.5576
0 0 0 0 0 14.6914
0 0 0 0 1 14.6369
0 0 0 0 0 14.508
0 0 0 0 1 14.6587
0 0 0 0 1 14.5451
0 0 0 0 1 14.6669
0 0 0 0 1 14.4244
0 0 0 0 1 14.6662
0 0 0 0 1 15.127
0 0 0 0 1 15.4998
0 0 0 0 1 16.1697
0 0 0 0 1 16.4598
0 0 0 0 1 16.996
0 0 0 0 1 17.8974
0 0 0 0 1 18.4651
0 0 0 0 0 46.327
0 0 0 0 1 49.0446
0 0 0 0 1 50.2135
0 0 0 0 1 53.0824
0 0 0 0 1 42.5533
0 0 0 0 1 42.877
0 0 0 0 0 42.3918
0 0 0 0 1 42.4608
0 0 0 0 1 42.4463
0 0 0 0 1 42.3893
0 0 0 0 1 42.8857
0 0 0 0 1 42.7885
0 0 0 0 1 42.6065
0 0 0 0 1 42.8082
0 0 0 0 1 42.543
0 0 0 0 1 45.1915
0 0 0 0 0 4.96992
0 0 0 0 0 5.02503
0 0 0 0 0 5.04507
0 0 0 0 0 5.03004
0 0 0 0 1 35.3768
0 0 0 0 1 35.0897
0 0 0 0 1 35.2638
0 0 0 0 1 35.3676
0 0 0 0 1 35.2244
0 0 0 0 1 35.1879
0 0 0 0 1 35.0814
0 0 0 0 1 35.7189
0 0 0 0 1 35.2952
0 0 0 0 1 35.0844
0 0 0 0 1 35.2284
0 0 0 0 0 35.1251
0 0 0 0 0 35.6955
0 0 0 0 0 4.97994
0 0 0 0 0 5.04507
0 0 0 0 0 4.98495
0 0 0 0 0 4.96491
0 0 0 0 0 4.9599
0 0 0 0 0 5.02503
0 0 0 0 0 5.00499
0 0 0 0 0 5.05008
0 0 0 0 0 4.99998
0 0 0 0 0 4.98996
0 0 0 0 1 100.582
0 0 0 0 1 94.4487
0 0 0 0 1 24.6362
0 0 0 0 0 23.5466
0 0 0 0 1 22.1602
0 0 0 0 0 21.2831
0 0 0 0 1 20.4412
0 0 0 0 1 20.3068
0 0 0 0 1 20.7267
0 0 0 0 1 20.7368
0 0 0 0 0 20.3775
0 0 0 0 1 20.4704
0 0 0 0 0 20.6871
0 0 0 0 1 20.4313
0 0 0 0 0 20.649
0 0 0 0 1 20.5583
0 0 0 0 0 20.4885
0 0 0 0 1 20.584
0 0 0 0 1 20.7434
0 0 0 0 1 20.6335
0 0 0 0 1 20.6891
0 0 0 0 0 20.6624
0 0 0 0 0 20.6153
0 0 0 0 1 20.6099
0 0 0 0 1 20.5427
0 0 0 0 1 20.602
0 0 0 0 1 20.9715
0 0 0 0 1 20.8224
0 0 0 0 1 20.8397
0 0 0 0 1 37.2049
0 0 0 0 1 36.3924
0 0 0 0 1 35.7441
0 0 0 0 1 34.7228
0 0 0 0 1 33.9637
0 0 0 0 1 33.2133
0 0 0 0 0 33.1443
0 0 0 0 1 32.1805
0 0 0 0 1 31.874
0 0 0 0 1 30.809
0 0 0 0 1 30.6988
0 0 0 0 1 29.7727
0 0 0 0 0 29.4803
0 0 0 0 1 29.2879
0 0 0 0 1 28.4676
0 0 0 0 1 28.325
0 0 0 0 0 27.4631
0 0 0 0 0 27.1694
0 0 0 0 1 27.0157
0 0 0 0 1 26.3547
0 0 0 0 1 25.8583
0 0 0 0 1 25.5899
0 0 0 0 0 25.5056
0 0 0 0 0 25.0993
0 0 0 0 1 24.5718
0 0 0 0 1 24.0444
0 0 0 0 0 24.0589
0 0 0 0 0 23.8522
0 0 0 0 0 23.2424
0 0 0 0 1 22.8344
0 0 0 0 1 22.534
0 0 0 0 0 22.2079
0 0 0 0 0 22.1902
0 0 0 0 1 21.9949
0 0 0 0 0 21.8262
0 0 0 0 1 21.4326
0 0 0 0 1 21.2093
0 0 0 0 0 20.777
0 0 0 0 1 20.8448
0 0 0 0 0 20.3329
0 0 0 0 1 20.3633
0 0 0 0 1 20.1276
0 0 0 0 0 19.9228
0 0 0 0 1 19.6585
0 0 0 0 1 19.3865
0 0 0 0 0 19.2975
0 0 0 0 1 18.7426
0 0 0 0 1 18.5514
0 0 0 0 1 18.685
0 0 0 0 1 18.5279
0 0 0 0 1 18.298
0 0 0 0 1 18.1956
0 0 0 0 1 17.8511
0 0 0 0 0 17.5459
0 0 0 0 1 17.6113
0 0 0 0 1 17.5167
0 0 0 0 1 17.0431
0 0 0 0 1 17.1635
0 0 0 0 1 16.8068
0 0 0 0 1 16.6714
0 0 0 0 1 16.6777
0 0 0 0 1 16.5502
0 0 0 0 0 16.3087
0 0 0 0 1 16.2146
0 0 0 0 1 15.9134
0 0 0 0 0 15.9721
0 0 0 0 1 15.9087
0 0 0 0 1 15.4801
0 0 0 0 1 15.613
0 0 0 0 1 15.3969
0 0 0 0 1 15.1674
0 0 0 0 0 15.1756
0 0 0 0 1 15.1435
0 0 0 0 1 14.9462
0 0 0 0 1 14.8566
0 0 0 0 0 14.7584
0 0 0 0 1 14.4708
0 0 0 0 1 14.3971
0 0 0 0 0 14.2946
0 0 0 0 0 14.2209
0 0 0 0 1 14.2603
0 0 0 0 1 13.9605
0 0 0 0 1 14.0912
0 0 0 0 1 13.9608
0 0 0 0 0 13.8397
0 0 0 0 1 13.6971
0 0 0 0 1 13.6944
0 0 0 0 1 13.534
0 0 0 0 0 13.3749
0 0 0 0 1 13.2834
0 0 0 0 1 13.2667
0 0 0 0 0 13.1967
0 0 0 0 1 13.0746
0 0 0 0 0 13.0961
0 0 0 0 1 12.794
0 0 0 0 1 12.9261
0 0 0 0 1 12.7037
0 0 0 0 1 12.6353
0 0 0 0 1 12.6883
0 0 0 0 1 12.4193
0 0 0 0 1 12.3304
0 0 0 0 0 12.4814
0 0 0 0 1 12.3392
0 0 0 0 1 12.3038
0 0 0 0 0 12.1102
0 0 0 0 1 12.1558
0 0 0 0 1 12.0682
0 0 0 0 0 12.0568
0 0 0 0 1 11.8746
0 0 0 0 1 11.7452
0 0 0 0 1 11.6715
0 0 0 0 1 11.7268
0 0 0 0 1 11.5135
0 0 0 0 1 11.4987
0 0 0 0 1 11.3916
0 0 0 0 1 11.5371
0 0 0 0 1 11.3048
0 0 0 0 1 11.2181
0 0 0 0 1 11.3348
0 0 0 0 1 11.1396
0 0 0 0 1 11.0874
0 0 0 0 0 11.0279
0 0 0 0 1 11.0867
0 0 0 0 1 10.9356
0 0 0 0 1 10.9279
0 0 0 0 1 10.9092
0 0 0 0 1 10.7385
0 0 0 0 0 10.8174
0 0 0 0 1 10.6482
0 0 0 0 1 10.5872
0 0 0 0 1 10.7395
0 0 0 0 1 10.6608
0 0 0 0 1 10.5788
0 0 0 0 1 10.4867
0 0 0 0 1 10.3535
0 0 0 0 1 10.3324
0 0 0 0 1 10.408
0 0 0 0 1 10.2936
0 0 0 0 1 10.2622
0 0 0 0 1 10.2616
0 0 0 0 1 10.0977
0 0 0 0 1 10.1178
0 0 0 0 0 10.0769
0 0 0 0 1 10.0797
0 0 0 0 1 9.92869
0 0 0 0 1 10.0484
0 0 0 0 1 9.9781
0 0 0 0 1 9.99417
0 0 0 0 1 9.83545
0 0 0 0 1 9.91075
0 0 0 0 1 9.76312
0 0 0 0 1 9.80207
0 0 0 0 1 9.71419
0 0 0 0 1 9.63334
0 0 0 0 1 9.74931
0 0 0 0 1 9.55335
0 0 0 0 1 9.52163
0 0 0 0 1 9.57929
0 0 0 0 0 9.56663
0 0 0 0 1 9.52874
0 0 0 0 1 9.36504
0 0 0 0 0 9.50378
0 0 0 0 0 9.47574
0 0 0 0 1 9.36991
0 0 0 0 1 9.30201
0 0 0 0 1 9.26844
0 0 0 0 1 9.35265
0 0 0 0 1 9.24847
0 0 0 0 1 9.24614
0 0 0 0 1 9.18878
0 0 0 0 1 9.12264
0 0 0 0 1 9.03869
0 0 0 0 1 9.16417
0 0 0 0 1 9.08967
0 0 0 0 1 9.01564
0 0 0 0 1 8.98376
0 0 0 0 0 8.94638
0 0 0 0 1 9.02228
0 0 0 0 1 8.89579
0 0 0 0 1 8.93911
0 0 0 0 0 8.95558
0 0 0 0 1 8.83054
0 0 0 0 1 8.86158
0 0 0 0 1 8.78153
0 0 0 0 0 8.80716
0 0 0 0 0 8.65978
0 0 0 0 0 8.71189
0 0 0 0 0 8.72554
0 0 0 0 1 8.65581
0 0 0 0 1 8.63498
0 0 0 0 0 8.58326
0 0 0 0 1 8.56279
0 0 0 0 1 8.65753
0 0 0 0 1 8.61141
0 0 0 0 1 8.54346
0 0 0 0 1 8.48944
0 0 0 0 1 8.42723
0 0 0 0 0 8.4162
0 0 0 0 1 8.54058
0 0 0 0 1 8.4029
0 0 0 0 0 8.42946
0 0 0 0 1 8.45235
0 0 0 0 1 8.43333
0 0 0 0 1 8.33089
0 0 0 0 1 8.27067
0 0 0 0 0 8.34759
0 0 0 0 0 8.27949
0 0 0 0 0 8.32765
0 0 0 0 0 8.21492
0 0 0 0 1 8.27142
0 0 0 0 1 8.25369
0 0 0 0 1 8.26897
0 0 0 0 1 8.25968
0 0 0 0 0 8.13604
0 0 0 0 1 8.20884
0 0 0 0 1 8.15929
0 0 0 0 0 8.07753
0 0 0 0 1 8.05296
0 0 0 0 0 8.16618
0 0 0 0 0 8.12557
0 0 0 0 1 8.00462
0 0 0 0 1 7.96862
0 0 0 0 1 8.08958
0 0 0 0 1 8.00171
0 0 0 0 1 8.05833
0 0 0 0 0 7.9551
0 0 0 0 1 8.03155
0 0 0 0 1 7.94484
0 0 0 0 1 7.88241
0 0 0 0 1 7.94722
0 0 0 0 1 7.92484
0 0 0 0 0 7.85878
0 0 0 0 0 7.92365
0 0 0 0 1 7.8545
0 0 0 0 1 7.81271
0 0 0 0 0 7.87326
0 0 0 0 0 7.87542
0 0 0 0 1 7.7994
0 0 0 0 1 7.8254
0 0 0 0 1 7.74539
0 0 0 0 1 7.86519
0 0 0 0 1 7.70457
0 0 0 0 1 7.85077
0 0 0 0 1 7.78402
0 0 0 0 1 7.79814
