0 0 0 0 1 5.46608
0 0 0 0 1 5.4751
0 0 0 0 1 5.51194
0 0 0 0 1 5.59573
0 0 0 0 0 5.52762
0 0 0 0 1 5.51498
0 0 0 0 1 5.54046
0 0 0 0 1 5.56139
0 0 0 0 0 5.60149
0 0 0 0 1 5.55571
0 0 0 0 1 5.54907
0 0 0 0 1 5.64909
0 0 0 0 1 5.5831
0 0 0 0 1 5.66679
0 0 0 0 1 5.61558
0 0 0 0 1 5.60584
0 0 0 0 1 5.66198
0 0 0 0 1 5.69769
0 0 0 0 0 5.6295
0 0 0 0 1 5.70517
0 0 0 0 0 5.73941
0 0 0 0 1 5.694
0 0 0 0 1 5.77427
0 0 0 0 0 5.72319
0 0 0 0 1 5.7885
0 0 0 0 1 5.77191
0 0 0 0 0 5.73228
0 0 0 0 1 5.79235
0 0 0 0 0 5.8337
0 0 0 0 1 5.78259
0 0 0 0 1 5.82424
0 0 0 0 1 5.7614
0 0 0 0 1 5.86898
0 0 0 0 1 5.82364
0 0 0 0 1 5.83671
0 0 0 0 1 5.92031
0 0 0 0 1 5.93379
0 0 0 0 0 5.84271
0 0 0 0 0 5.90929
0 0 0 0 1 5.88748
0 0 0 0 0 5.91308
0 0 0 0 1 5.96262
0 0 0 0 0 6.0065
0 0 0 0 1 5.96701
0 0 0 0 1 5.9633
0 0 0 0 1 5.96563
0 0 0 0 0 6.00411
0 0 0 0 1 6.04886
0 0 0 0 1 6.08177
0 0 0 0 0 5.99973
0 0 0 0 1 6.01454
0 0 0 0 1 6.05991
0 0 0 0 1 6.07396
0 0 0 0 1 6.10757
0 0 0 0 1 6.11067
0 0 0 0 1 6.18863
0 0 0 0 1 6.12416
0 0 0 0 0 6.20688
0 0 0 0 1 6.16074
0 0 0 0 1 6.20147
0 0 0 0 1 6.25405
0 0 0 0 1 6.22022
0 0 0 0 1 6.31799
0 0 0 0 1 6.31485
0 0 0 0 0 6.26914
0 0 0 0 1 6.37977
0 0 0 0 0 6.35222
0 0 0 0 1 6.3747
0 0 0 0 1 6.37891
0 0 0 0 0 6.3632
0 0 0 0 1 6.47664
0 0 0 0 0 6.4096
0 0 0 0 1 6.4405
0 0 0 0 1 6.52857
0 0 0 0 1 6.48777
0 0 0 0 1 6.53088
0 0 0 0 1 6.61358
0 0 0 0 1 6.55944
0 0 0 0 1 6.55708
0 0 0 0 1 6.60759
0 0 0 0 1 6.56611
0 0 0 0 1 6.71726
0 0 0 0 0 6.74206
0 0 0 0 1 6.67991
0 0 0 0 1 6.75176
0 0 0 0 1 6.6891
0 0 0 0 1 6.80209
0 0 0 0 1 6.82111
0 0 0 0 1 6.85342
0 0 0 0 1 6.86539
0 0 0 0 1 6.85678
0 0 0 0 1 6.9308
0 0 0 0 0 6.85995
0 0 0 0 1 6.99696
0 0 0 0 1 6.94009
0 0 0 0 0 7.04322
0 0 0 0 1 7.02029
0 0 0 0 1 7.06096
0 0 0 0 1 7.13019
0 0 0 0 1 7.12842
0 0 0 0 1 7.14832
0 0 0 0 0 7.19015
0 0 0 0 1 7.22432
0 0 0 0 0 7.28067
0 0 0 0 1 7.24273
0 0 0 0 0 7.22658
0 0 0 0 0 7.37078
0 0 0 0 1 7.41384
0 0 0 0 1 7.32377
0 0 0 0 1 7.455
0 0 0 0 0 7.4834
0 0 0 0 1 7.41441
0 0 0 0 1 7.52483
0 0 0 0 1 7.59118
0 0 0 0 1 7.52886
0 0 0 0 1 7.67124
0 0 0 0 0 7.57776
0 0 0 0 1 7.71367
0 0 0 0 0 7.78122
0 0 0 0 1 7.70229
0 0 0 0 1 7.79336
0 0 0 0 1 7.84598
0 0 0 0 1 7.78836
0 0 0 0 1 7.83314
0 0 0 0 1 7.86225
0 0 0 0 0 8.01909
0 0 0 0 0 8.00083
0 0 0 0 1 8.10255
0 0 0 0 1 8.13213
0 0 0 0 0 8.09759
0 0 0 0 1 8.16779
0 0 0 0 1 8.18084
0 0 0 0 1 8.32611
0 0 0 0 1 8.31454
0 0 0 0 0 8.42857
0 0 0 0 1 8.48408
0 0 0 0 1 8.42993
0 0 0 0 0 8.45134
0 0 0 0 1 8.47263
0 0 0 0 1 8.52033
0 0 0 0 1 8.66178
0 0 0 0 1 8.63134
0 0 0 0 0 8.75676
0 0 0 0 1 8.7265
0 0 0 0 1 8.86188
0 0 0 0 0 8.90946
0 0 0 0 1 9.01087
0 0 0 0 1 8.9157
0 0 0 0 1 9.0808
0 0 0 0 1 9.11064
0 0 0 0 1 9.26881
0 0 0 0 1 9.2724
0 0 0 0 1 9.30243
0 0 0 0 1 9.28444
0 0 0 0 1 9.45489
0 0 0 0 1 9.38077
0 0 0 0 1 9.54211
0 0 0 0 1 9.5418
0 0 0 0 1 9.60008
0 0 0 0 1 9.66687
0 0 0 0 1 9.69468
0 0 0 0 1 9.76158
0 0 0 0 1 9.8783
0 0 0 0 1 9.92591
0 0 0 0 1 10.0624
0 0 0 0 1 10.1003
0 0 0 0 1 10.2588
0 0 0 0 1 10.2231
0 0 0 0 1 10.4365
0 0 0 0 1 10.3999
0 0 0 0 1 10.4564
0 0 0 0 1 10.6505
0 0 0 0 1 10.7806
0 0 0 0 1 10.847
0 0 0 0 0 10.9262
0 0 0 0 1 10.9269
0 0 0 0 1 11.0476
0 0 0 0 1 11.0358
0 0 0 0 1 11.157
0 0 0 0 1 11.1885
0 0 0 0 1 11.4104
0 0 0 0 0 11.5631
0 0 0 0 1 11.6295
0 0 0 0 1 11.5967
0 0 0 0 1 11.6707
0 0 0 0 1 11.7771
0 0 0 0 1 11.9349
0 0 0 0 1 12.0907
0 0 0 0 1 12.3422
0 0 0 0 1 12.4024
0 0 0 0 1 12.3963
0 0 0 0 1 12.652
0 0 0 0 1 12.6442
0 0 0 0 0 12.903
0 0 0 0 1 12.8211
0 0 0 0 1 12.9781
0 0 0 0 0 13.1279
0 0 0 0 1 13.4156
0 0 0 0 1 13.4334
0 0 0 0 1 13.6665
0 0 0 0 1 13.7095
0 0 0 0 1 13.8108
0 0 0 0 0 13.9349
0 0 0 0 0 14.1859
0 0 0 0 1 14.2915
0 0 0 0 1 14.6087
0 0 0 0 1 14.7631
0 0 0 0 1 14.6948
0 0 0 0 1 15.1468
0 0 0 0 1 15.26
0 0 0 0 1 15.2699
0 0 0 0 0 15.6652
0 0 0 0 0 15.8643
0 0 0 0 1 16.0957
0 0 0 0 1 16.1183
0 0 0 0 0 16.2606
0 0 0 0 1 16.5341
0 0 0 0 1 16.8694
0 0 0 0 1 17.1156
0 0 0 0 1 17.1479
0 0 0 0 1 17.6646
0 0 0 0 1 17.8265
0 0 0 0 1 18.1122
0 0 0 0 1 18.4089
0 0 0 0 1 18.5315
0 0 0 0 1 18.6221
0 0 0 0 0 18.9744
0 0 0 0 0 19.3486
0 0 0 0 1 19.8729
0 0 0 0 1 19.9743
0 0 0 0 1 20.2722
0 0 0 0 1 20.4859
0 0 0 0 0 20.9154
0 0 0 0 1 21.187
0 0 0 0 1 21.7046
0 0 0 0 0 22.2571
0 0 0 0 1 22.5679
0 0 0 0 0 23.0788
0 0 0 0 1 23.4865
0 0 0 0 1 23.8657
0 0 0 0 1 24.1261
0 0 0 0 1 24.8094
0 0 0 0 1 25.5459
0 0 0 0 1 25.744
0 0 0 0 1 26.159
0 0 0 0 1 27.0732
0 0 0 0 0 27.6846
0 0 0 0 0 27.9315
0 0 0 0 1 28.9302
0 0 0 0 1 29.3943
0 0 0 0 0 29.9981
0 0 0 0 0 30.8217
0 0 0 0 1 32.0066
0 0 0 0 0 32.4441
0 0 0 0 1 33.7959
0 0 0 0 1 34.76
0 0 0 0 0 35.5256
0 0 0 0 0 36.4465
0 0 0 0 0 38.108
0 0 0 0 1 39.2104
0 0 0 0 1 40.4261
0 0 0 0 0 41.8617
0 0 0 0 0 43.5201
0 0 0 0 1 44.9887
0 0 0 0 1 46.0111
0 0 0 0 0 48.5671
0 0 0 0 1 50.5876
0 0 0 0 0 52.5693
0 0 0 0 1 54.7331
0 0 0 0 0 57.9583
0 0 0 0 0 60.6717
0 0 0 0 1 55.979
0 0 0 0 1 56.2385
0 0 0 0 1 55.6616
0 0 0 0 1 55.7001
0 0 0 0 1 56.297
0 0 0 0 1 55.3338
0 0 0 0 1 55.9325
0 0 0 0 1 55.4733
0 0 0 0 1 58.7154
0 0 0 0 1 80.0004
0 0 0 0 0 79.8275
0 0 0 0 1 80.3367
0 0 0 0 0 5.00499
0 0 0 0 0 5.00499
0 0 0 0 0 4.96491
0 0 0 0 0 4.97493
0 0 0 0 1 88.5139
0 0 0 0 0 88.3344
0 0 0 0 1 86.7545
0 0 0 0 0 87.4547
0 0 0 0 1 88.069
0 0 0 0 1 87.8086
0 0 0 0 0 5.04507
0 0 0 0 0 5.05509
0 0 0 0 0 4.98996
0 0 0 0 0 5.04006
0 0 0 0 0 5.05509
0 0 0 0 0 4.96992
0 0 0 0 1 69.1312
0 0 0 0 1 67.229
0 0 0 0 0 67.8491
0 0 0 0 1 67.7963
0 0 0 0 0 67.8128
0 0 0 0 1 66.9534
0 0 0 0 0 67.6467
0 0 0 0 1 67.8012
0 0 0 0 1 99.4643
0 0 0 0 1 93.3767
0 0 0 0 1 89.4534
0 0 0 0 1 84.2236
0 0 0 0 1 79.9916
0 0 0 0 0 77.7578
0 0 0 0 1 73.6466
0 0 0 0 1 69.9499
0 0 0 0 1 68.521
0 0 0 0 1 65.8912
0 0 0 0 1 62.2164
0 0 0 0 0 61.0859
0 0 0 0 1 57.9419
0 0 0 0 1 56.8663
0 0 0 0 1 54.9338
0 0 0 0 1 52.8633
0 0 0 0 0 50.9571
0 0 0 0 1 49.7182
0 0 0 0 0 48.7484
0 0 0 0 1 47.2576
0 0 0 0 1 45.5428
0 0 0 0 1 44.3947
0 0 0 0 1 43.7061
0 0 0 0 0 42.2799
0 0 0 0 1 41.4698
0 0 0 0 0 40.7302
0 0 0 0 1 39.5641
0 0 0 0 1 38.3616
0 0 0 0 1 38.0456
0 0 0 0 1 37.0153
0 0 0 0 1 36.2423
0 0 0 0 0 35.8191
0 0 0 0 1 34.8559
0 0 0 0 1 34.0934
0 0 0 0 1 33.2297
0 0 0 0 1 33.1027
0 0 0 0 1 32.2684
0 0 0 0 1 31.8958
0 0 0 0 0 31.3897
0 0 0 0 1 30.8101
0 0 0 0 0 29.9215
0 0 0 0 1 29.5866
0 0 0 0 1 29.2464
0 0 0 0 1 28.3694
0 0 0 0 1 27.9746
0 0 0 0 0 27.8092
0 0 0 0 0 27.2916
0 0 0 0 1 26.5819
0 0 0 0 1 26.472
0 0 0 0 1 26.035
0 0 0 0 1 25.7378
0 0 0 0 0 25.1958
0 0 0 0 1 25.0425
0 0 0 0 1 24.5006
0 0 0 0 1 24.3281
0 0 0 0 0 23.6591
0 0 0 0 0 23.4665
0 0 0 0 0 23.3505
0 0 0 0 0 23.0234
0 0 0 0 1 22.8524
0 0 0 0 0 22.2084
0 0 0 0 1 21.9279
0 0 0 0 1 21.9944
0 0 0 0 1 21.6647
0 0 0 0 1 21.1755
0 0 0 0 1 20.9033
0 0 0 0 0 20.7039
0 0 0 0 1 20.8223
0 0 0 0 1 20.2606
0 0 0 0 1 20.0586
0 0 0 0 1 19.8366
0 0 0 0 0 19.6636
0 0 0 0 1 19.4902
0 0 0 0 1 19.1812
0 0 0 0 1 18.9694
0 0 0 0 1 18.8059
0 0 0 0 1 18.7351
0 0 0 0 1 18.4401
0 0 0 0 1 18.4871
0 0 0 0 1 18.3482
0 0 0 0 1 17.9121
0 0 0 0 0 17.7844
0 0 0 0 0 17.7531
0 0 0 0 1 17.344
0 0 0 0 1 17.3902
0 0 0 0 1 17.2531
0 0 0 0 0 16.8349
0 0 0 0 0 16.7845
0 0 0 0 1 16.6748
0 0 0 0 0 16.6386
0 0 0 0 0 16.3964
0 0 0 0 1 16.3839
0 0 0 0 1 16.1849
0 0 0 0 1 15.8432
0 0 0 0 0 15.9408
0 0 0 0 1 15.5803
0 0 0 0 0 15.6834
0 0 0 0 1 15.367
0 0 0 0 0 15.2824
0 0 0 0 1 15.1299
0 0 0 0 1 15.0776
0 0 0 0 1 14.9259
0 0 0 0 1 14.9177
0 0 0 0 1 14.6422
0 0 0 0 1 14.648
0 0 0 0 1 14.6087
0 0 0 0 1 14.557
0 0 0 0 1 14.215
0 0 0 0 1 14.1559
0 0 0 0 1 14.2379
0 0 0 0 1 14.0928
0 0 0 0 1 13.8456
0 0 0 0 1 13.9747
0 0 0 0 0 13.8449
0 0 0 0 1 13.5467
0 0 0 0 1 13.6856
0 0 0 0 1 13.5606
0 0 0 0 1 13.3209
0 0 0 0 0 13.3493
0 0 0 0 1 13.147
0 0 0 0 1 13.2616
0 0 0 0 1 13.0916
0 0 0 0 1 12.9701
0 0 0 0 1 12.9605
0 0 0 0 1 12.9294
0 0 0 0 1 12.8343
0 0 0 0 1 12.6638
0 0 0 0 1 12.6742
0 0 0 0 1 12.3929
0 0 0 0 1 12.3582
0 0 0 0 1 12.3604
0 0 0 0 0 12.2883
0 0 0 0 1 12.3018
0 0 0 0 1 12.0235
0 0 0 0 1 12.1699
0 0 0 0 1 11.9862
0 0 0 0 1 12.0545
0 0 0 0 1 11.8053
0 0 0 0 1 11.8493
0 0 0 0 0 11.7045
0 0 0 0 1 11.5725
0 0 0 0 1 11.5344
0 0 0 0 1 11.5194
0 0 0 0 1 11.4352
0 0 0 0 1 11.3285
0 0 0 0 0 11.3212
0 0 0 0 1 11.3739
0 0 0 0 1 11.2342
0 0 0 0 1 11.2264
0 0 0 0 1 11.1662
0 0 0 0 1 11.0546
0 0 0 0 0 10.929
0 0 0 0 0 10.9435
0 0 0 0 1 11.0232
0 0 0 0 1 10.942
0 0 0 0 1 10.9086
0 0 0 0 1 10.7277
0 0 0 0 1 10.7415
0 0 0 0 1 10.7868
0 0 0 0 1 10.6083
0 0 0 0 0 10.5653
0 0 0 0 0 10.5646
0 0 0 0 1 10.4831
0 0 0 0 1 10.5066
0 0 0 0 0 10.308
0 0 0 0 1 10.4352
0 0 0 0 1 10.362
0 0 0 0 0 10.3713
0 0 0 0 0 10.1451
0 0 0 0 1 10.2263
0 0 0 0 1 10.124
0 0 0 0 1 10.0459
0 0 0 0 1 9.98512
0 0 0 0 1 9.93142
0 0 0 0 1 9.92124
0 0 0 0 1 9.88118
0 0 0 0 1 9.85122
0 0 0 0 1 9.89041
0 0 0 0 0 9.88007
0 0 0 0 0 9.76209
0 0 0 0 1 9.83349
0 0 0 0 1 9.68717
0 0 0 0 1 9.63869
0 0 0 0 1 9.56797
0 0 0 0 1 9.64503
0 0 0 0 1 9.53003
0 0 0 0 0 9.46981
0 0 0 0 1 9.41943
0 0 0 0 1 9.49249
0 0 0 0 0 9.39829
0 0 0 0 0 9.31091
0 0 0 0 1 9.29906
0 0 0 0 0 9.37452
0 0 0 0 1 9.36247
0 0 0 0 1 9.25446
0 0 0 0 1 9.28908
0 0 0 0 1 9.28655
0 0 0 0 1 9.25964
0 0 0 0 0 9.07405
0 0 0 0 1 9.06307
0 0 0 0 1 9.17041
0 0 0 0 1 9.05034
0 0 0 0 1 9.09956
0 0 0 0 1 8.92631
0 0 0 0 0 8.89796
0 0 0 0 1 8.98628
0 0 0 0 1 8.95465
0 0 0 0 1 8.97104
0 0 0 0 1 8.94293
0 0 0 0 1 8.8442
0 0 0 0 1 8.89284
0 0 0 0 1 8.74745
0 0 0 0 1 8.7907
0 0 0 0 1 8.70238
0 0 0 0 1 8.79459
0 0 0 0 1 8.71553
0 0 0 0 1 8.62487
0 0 0 0 1 8.61611
0 0 0 0 0 8.65925
0 0 0 0 1 8.66091
0 0 0 0 1 8.63507
0 0 0 0 1 8.60598
0 0 0 0 0 8.62838
0 0 0 0 1 8.46659
0 0 0 0 1 8.4978
0 0 0 0 1 8.53245
0 0 0 0 1 8.50422
0 0 0 0 0 8.48463
0 0 0 0 1 8.45676
0 0 0 0 1 8.42066
0 0 0 0 0 8.42672
0 0 0 0 1 8.34915
0 0 0 0 1 8.32577
0 0 0 0 1 8.29058
0 0 0 0 1 8.36359
0 0 0 0 1 8.20431
0 0 0 0 1 8.22771
0 0 0 0 1 8.20984
0 0 0 0 0 8.29915
0 0 0 0 0 8.28135
0 0 0 0 1 8.27191
0 0 0 0 1 8.13988
0 0 0 0 0 8.19626
0 0 0 0 1 8.19547
0 0 0 0 0 8.13786
0 0 0 0 0 8.09681
0 0 0 0 1 8.08031
0 0 0 0 1 8.1408
0 0 0 0 1 8.04376
0 0 0 0 1 8.01162
0 0 0 0 1 7.99579
0 0 0 0 1 8.10043
0 0 0 0 1 7.98063
0 0 0 0 1 7.96528
0 0 0 0 1 7.91398
0 0 0 0 1 8.03436
0 0 0 0 1 7.87623
0 0 0 0 1 7.8854
0 0 0 0 1 7.91412
0 0 0 0 1 7.9155
0 0 0 0 0 7.93635
0 0 0 0 1 7.87484
0 0 0 0 1 7.79007
0 0 0 0 1 7.89424
0 0 0 0 1 7.78199
0 0 0 0 0 7.76079
0 0 0 0 1 7.86489
0 0 0 0 0 7.75347
0 0 0 0 0 7.76719
0 0 0 0 0 7.71548
0 0 0 0 1 7.72626
0 0 0 0 0 7.83341
0 0 0 0 1 7.6892
0 0 0 0 0 7.73134
