0 0 0 0 1 5.46608
0 0 0 0 1 5.51378
0 0 0 0 1 5.50641
0 0 0 0 1 5.59019
0 0 0 0 1 5.55537
0 0 0 0 1 5.50387
0 0 0 0 1 5.5182
0 0 0 0 0 5.56139
0 0 0 0 1 5.61265
0 0 0 0 1 5.57807
0 0 0 0 1 5.58827
0 0 0 0 1 5.57616
0 0 0 0 1 5.56625
0 0 0 0 1 5.58801
0 0 0 0 1 5.59866
0 0 0 0 1 5.6623
0 0 0 0 1 5.63935
0 0 0 0 1 5.70335
0 0 0 0 0 5.65788
0 0 0 0 1 5.63698
0 0 0 0 1 5.69955
0 0 0 0 0 5.74535
0 0 0 0 1 5.72853
0 0 0 0 1 5.78621
0 0 0 0 1 5.75408
0 0 0 0 0 5.75466
0 0 0 0 1 5.76685
0 0 0 0 1 5.73466
0 0 0 0 0 5.72963
0 0 0 0 0 5.79997
0 0 0 0 1 5.84747
0 0 0 0 1 5.86033
0 0 0 0 1 5.86315
0 0 0 0 0 5.81196
0 0 0 0 1 5.83085
0 0 0 0 1 5.82056
0 0 0 0 1 5.84557
0 0 0 0 1 5.90161
0 0 0 0 1 5.9211
0 0 0 0 0 5.93482
0 0 0 0 1 5.96052
0 0 0 0 1 5.92695
0 0 0 0 1 5.96478
0 0 0 0 0 5.97895
0 0 0 0 1 5.98127
0 0 0 0 1 5.97763
0 0 0 0 1 6.05224
0 0 0 0 0 5.97046
0 0 0 0 1 5.99713
0 0 0 0 1 6.10882
0 0 0 0 0 6.09352
0 0 0 0 0 6.15126
0 0 0 0 1 6.0984
0 0 0 0 0 6.09532
0 0 0 0 1 6.10453
0 0 0 0 1 6.19479
0 0 0 0 0 6.17967
0 0 0 0 1 6.13262
0 0 0 0 0 6.15453
0 0 0 0 1 6.25123
0 0 0 0 0 6.23533
0 0 0 0 1 6.27029
0 0 0 0 1 6.22388
0 0 0 0 1 6.28338
0 0 0 0 1 6.37005
0 0 0 0 0 6.36711
0 0 0 0 0 6.28241
0 0 0 0 1 6.32376
0 0 0 0 1 6.33421
0 0 0 0 1 6.37602
0 0 0 0 1 6.39954
0 0 0 0 1 6.48698
0 0 0 0 1 6.41466
0 0 0 0 1 6.4378
0 0 0 0 1 6.54627
0 0 0 0 1 6.47868
0 0 0 0 0 6.55465
0 0 0 0 1 6.61854
0 0 0 0 1 6.55049
0 0 0 0 1 6.58113
0 0 0 0 1 6.6457
0 0 0 0 1 6.6441
0 0 0 0 1 6.70868
0 0 0 0 1 6.72011
0 0 0 0 1 6.73158
0 0 0 0 1 6.79035
0 0 0 0 1 6.74789
0 0 0 0 0 6.86188
0 0 0 0 1 6.81251
0 0 0 0 1 6.89277
0 0 0 0 1 6.84303
0 0 0 0 1 6.91011
0 0 0 0 1 6.99148
0 0 0 0 1 6.94138
0 0 0 0 1 6.96099
0 0 0 0 0 6.95929
0 0 0 0 0 7.06948
0 0 0 0 1 7.11739
0 0 0 0 1 7.13727
0 0 0 0 0 7.12842
0 0 0 0 1 7.11262
0 0 0 0 1 7.15435
0 0 0 0 1 7.23151
0 0 0 0 1 7.28067
0 0 0 0 1 7.24273
0 0 0 0 1 7.23387
0 0 0 0 1 7.39274
0 0 0 0 1 7.35512
0 0 0 0 1 7.44915
0 0 0 0 1 7.3883
0 0 0 0 0 7.4834
0 0 0 0 1 7.534
0 0 0 0 1 7.48728
0 0 0 0 1 7.58364
0 0 0 0 0 7.58945
0 0 0 0 1 7.67885
0 0 0 0 1 7.5854
0 0 0 0 1 7.65989
0 0 0 0 1 7.75034
0 0 0 0 1 7.75654
0 0 0 0 1 7.8245
0 0 0 0 1 7.76775
0 0 0 0 1 7.88276
0 0 0 0 1 7.82523
0 0 0 0 1 7.94961
0 0 0 0 0 7.90739
0 0 0 0 0 8.04893
0 0 0 0 1 8.1348
0 0 0 0 1 8.18888
0 0 0 0 1 8.17898
0 0 0 0 1 8.25782
0 0 0 0 1 8.27137
0 0 0 0 0 8.25163
0 0 0 0 1 8.39777
0 0 0 0 1 8.33659
0 0 0 0 1 8.38318
0 0 0 0 1 8.46375
0 0 0 0 1 8.45134
0 0 0 0 0 8.63507
0 0 0 0 0 8.64058
0 0 0 0 0 8.69636
0 0 0 0 0 8.65741
0 0 0 0 1 8.73926
0 0 0 0 1 8.7968
0 0 0 0 1 8.85303
0 0 0 0 1 8.90946
0 0 0 0 0 8.86755
0 0 0 0 1 9.01477
0 0 0 0 1 9.02642
0 0 0 0 0 9.11064
0 0 0 0 1 9.25045
0 0 0 0 1 9.16168
0 0 0 0 1 9.321
0 0 0 0 1 9.38729
0 0 0 0 1 9.36081
0 0 0 0 0 9.44703
0 0 0 0 1 9.54211
0 0 0 0 1 9.51301
0 0 0 0 0 9.69667
0 0 0 0 1 9.7544
0 0 0 0 0 9.73385
0 0 0 0 1 9.88976
0 0 0 0 1 9.8783
0 0 0 0 1 10.0958
0 0 0 0 1 10.1128
0 0 0 0 0 10.1307
0 0 0 0 0 10.177
0 0 0 0 1 10.3157
0 0 0 0 1 10.3225
0 0 0 0 1 10.3372
0 0 0 0 1 10.4564
0 0 0 0 0 10.5233
0 0 0 0 1 10.6203
0 0 0 0 1 10.6747
0 0 0 0 1 10.9045
0 0 0 0 1 10.8394
0 0 0 0 1 11.1028
0 0 0 0 1 11.0691
0 0 0 0 1 11.3138
0 0 0 0 1 11.1998
0 0 0 0 1 11.5015
0 0 0 0 0 11.5516
0 0 0 0 1 11.699
0 0 0 0 1 11.7837
0 0 0 0 1 11.8357
0 0 0 0 1 11.9556
0 0 0 0 1 12.1148
0 0 0 0 1 12.0786
0 0 0 0 0 12.2322
0 0 0 0 1 12.4517
0 0 0 0 0 12.3217
0 0 0 0 1 12.5515
0 0 0 0 1 12.5935
0 0 0 0 1 12.839
0 0 0 0 1 12.8211
0 0 0 0 1 12.952
0 0 0 0 1 13.1147
0 0 0 0 1 13.349
0 0 0 0 1 13.4468
0 0 0 0 1 13.6529
0 0 0 0 1 13.7232
0 0 0 0 1 14.0192
0 0 0 0 1 14.1033
0 0 0 0 1 14.2285
0 0 0 0 1 14.3776
0 0 0 0 1 14.3766
0 0 0 0 1 14.6897
0 0 0 0 0 14.962
0 0 0 0 1 15.0717
0 0 0 0 1 15.1232
0 0 0 0 0 15.3007
0 0 0 0 1 15.6029
0 0 0 0 1 15.7856
0 0 0 0 0 16.0319
0 0 0 0 1 15.9891
0 0 0 0 0 16.5059
0 0 0 0 0 16.7329
0 0 0 0 1 16.819
0 0 0 0 0 16.8604
0 0 0 0 1 17.2169
0 0 0 0 1 17.3148
0 0 0 0 1 17.6492
0 0 0 0 1 17.9683
0 0 0 0 1 18.0622
0 0 0 0 1 18.6611
0 0 0 0 0 18.81
0 0 0 0 1 19.0888
0 0 0 0 1 19.1743
0 0 0 0 1 19.5974
0 0 0 0 1 20.0543
0 0 0 0 1 20.13
0 0 0 0 1 20.8163
0 0 0 0 1 21.1044
0 0 0 0 1 21.5287
0 0 0 0 1 21.5525
0 0 0 0 1 22.2792
0 0 0 0 1 22.6129
0 0 0 0 0 22.8723
0 0 0 0 1 23.393
0 0 0 0 1 23.8419
0 0 0 0 1 24.2719
0 0 0 0 1 24.9581
0 0 0 0 1 25.4953
0 0 0 0 1 26.0796
0 0 0 0 1 26.1326
0 0 0 0 1 26.8846
0 0 0 0 0 27.4918
0 0 0 0 1 27.9879
0 0 0 0 1 29.0744
0 0 0 0 1 29.6898
0 0 0 0 1 29.9981
0 0 0 0 0 31.0079
0 0 0 0 1 32.0066
0 0 0 0 1 32.8366
0 0 0 0 1 33.8631
0 0 0 0 1 34.3454
0 0 0 0 1 35.8457
0 0 0 0 1 36.7762
0 0 0 0 1 37.4282
0 0 0 0 1 38.5868
0 0 0 0 1 39.9832
0 0 0 0 1 41.8201
0 0 0 0 1 43.2182
0 0 0 0 0 44.5415
0 0 0 0 1 46.8004
0 0 0 0 0 48.2291
0 0 0 0 1 50.4367
0 0 0 0 1 52.6742
0 0 0 0 1 55.3913
0 0 0 0 1 57.3839
0 0 0 0 0 60.7923
0 0 0 0 1 55.5883
0 0 0 0 1 55.4016
0 0 0 0 1 55.9962
0 0 0 0 1 55.3656
0 0 0 0 1 55.9626
0 0 0 0 1 56.2811
0 0 0 0 0 55.5426
0 0 0 0 1 55.529
0 0 0 0 0 58.7154
0 0 0 0 1 79.8416
0 0 0 0 1 79.5101
0 0 0 0 0 80.74
0 0 0 0 0 4.98996
0 0 0 0 0 4.96491
0 0 0 0 0 5.05509
0 0 0 0 0 5.01501
0 0 0 0 1 87.287
0 0 0 0 1 87.8962
0 0 0 0 1 88.1566
0 0 0 0 0 86.7537
0 0 0 0 1 87.2803
0 0 0 0 1 86.757
0 0 0 0 0 4.96992
0 0 0 0 0 5.04006
0 0 0 0 0 4.98996
0 0 0 0 0 4.99998
0 0 0 0 0 5.05509
0 0 0 0 0 5.0601
0 0 0 0 1 68.8553
0 0 0 0 0 67.6332
0 0 0 0 1 66.7711
0 0 0 0 1 67.8637
0 0 0 0 1 66.9365
0 0 0 0 1 67.6277
0 0 0 0 1 67.5118
0 0 0 0 1 68.1386
0 0 0 0 1 100.062
0 0 0 0 1 93.6591
0 0 0 0 1 89.8994
0 0 0 0 0 84.6473
0 0 0 0 0 81.1217
0 0 0 0 0 77.7578
0 0 0 0 1 74.4575
0 0 0 0 1 70.3738
0 0 0 0 1 67.7748
0 0 0 0 1 65.6302
0 0 0 0 1 62.2792
0 0 0 0 0 60.7222
0 0 0 0 1 58.1175
0 0 0 0 0 56.1307
0 0 0 0 1 54.4409
0 0 0 0 1 53.5002
0 0 0 0 0 51.3174
0 0 0 0 1 50.4677
0 0 0 0 0 48.3114
0 0 0 0 0 47.4937
0 0 0 0 0 46.37
0 0 0 0 1 44.4842
0 0 0 0 1 43.3571
0 0 0 0 1 42.7903
0 0 0 0 1 41.2207
0 0 0 0 1 40.8518
0 0 0 0 1 39.8809
0 0 0 0 1 38.7874
0 0 0 0 1 38.0077
0 0 0 0 1 36.793
0 0 0 0 1 36.5325
0 0 0 0 1 35.4282
0 0 0 0 0 35.0648
0 0 0 0 1 34.4005
0 0 0 0 0 33.6647
0 0 0 0 1 32.5773
0 0 0 0 1 32.3328
0 0 0 0 0 31.5794
0 0 0 0 1 31.3276
0 0 0 0 1 30.6269
0 0 0 0 1 30.0716
0 0 0 0 1 29.2916
0 0 0 0 1 28.7822
0 0 0 0 1 28.6263
0 0 0 0 1 28.0307
0 0 0 0 1 27.9198
0 0 0 0 0 27.346
0 0 0 0 1 26.6087
0 0 0 0 0 26.3136
0 0 0 0 1 25.7489
0 0 0 0 0 25.866
0 0 0 0 1 25.5243
0 0 0 0 1 24.8681
0 0 0 0 1 24.7709
0 0 0 0 1 24.207
0 0 0 0 1 24.1131
0 0 0 0 1 23.8203
0 0 0 0 1 23.1643
0 0 0 0 0 22.8625
0 0 0 0 0 22.7843
0 0 0 0 1 22.5893
0 0 0 0 1 21.9942
0 0 0 0 1 21.8195
0 0 0 0 1 21.8159
0 0 0 0 1 21.3036
0 0 0 0 1 21.051
0 0 0 0 0 20.9958
0 0 0 0 1 20.5749
0 0 0 0 1 20.2199
0 0 0 0 1 20.2199
0 0 0 0 1 19.7568
0 0 0 0 1 19.5256
0 0 0 0 0 19.5487
0 0 0 0 1 19.3935
0 0 0 0 1 18.9312
0 0 0 0 0 19.0894
0 0 0 0 1 18.8287
0 0 0 0 1 18.5884
0 0 0 0 1 18.1753
0 0 0 0 1 18.0939
0 0 0 0 0 17.966
0 0 0 0 1 17.9804
0 0 0 0 1 17.7708
0 0 0 0 1 17.6587
0 0 0 0 1 17.217
0 0 0 0 1 17.2703
0 0 0 0 1 16.8689
0 0 0 0 1 16.7845
0 0 0 0 1 16.5746
0 0 0 0 1 16.4565
0 0 0 0 1 16.2651
0 0 0 0 0 16.1887
0 0 0 0 1 15.9751
0 0 0 0 1 16.1153
0 0 0 0 1 15.7822
0 0 0 0 1 15.8478
0 0 0 0 1 15.699
0 0 0 0 1 15.3515
0 0 0 0 0 15.2671
0 0 0 0 1 15.328
0 0 0 0 0 15.0625
0 0 0 0 1 14.9109
0 0 0 0 0 14.9474
0 0 0 0 1 14.7308
0 0 0 0 1 14.5747
0 0 0 0 1 14.696
0 0 0 0 1 14.4269
0 0 0 0 1 14.3011
0 0 0 0 1 14.1132
0 0 0 0 1 14.2237
0 0 0 0 0 13.9244
0 0 0 0 0 14.0408
0 0 0 0 1 13.9747
0 0 0 0 1 13.7761
0 0 0 0 1 13.5603
0 0 0 0 1 13.4279
0 0 0 0 1 13.5336
0 0 0 0 1 13.4146
0 0 0 0 1 13.2164
0 0 0 0 0 13.266
0 0 0 0 1 13.0646
0 0 0 0 1 12.9482
0 0 0 0 1 13.0089
0 0 0 0 1 12.7931
0 0 0 0 1 12.6734
0 0 0 0 1 12.7453
0 0 0 0 1 12.7649
0 0 0 0 1 12.4605
0 0 0 0 1 12.5053
0 0 0 0 0 12.2961
0 0 0 0 0 12.2863
0 0 0 0 0 12.1901
0 0 0 0 1 12.1676
0 0 0 0 1 12.0113
0 0 0 0 1 11.9528
0 0 0 0 1 12.0702
0 0 0 0 1 11.8994
0 0 0 0 1 11.9714
0 0 0 0 0 11.9201
0 0 0 0 1 11.6928
0 0 0 0 0 11.6076
0 0 0 0 1 11.6738
0 0 0 0 1 11.6349
0 0 0 0 1 11.5271
0 0 0 0 1 11.4543
0 0 0 0 1 11.3325
0 0 0 0 1 11.2381
0 0 0 0 1 11.2005
0 0 0 0 1 11.3048
0 0 0 0 1 11.0548
0 0 0 0 0 11.0879
0 0 0 0 1 10.9511
0 0 0 0 0 10.9435
0 0 0 0 1 11.0232
0 0 0 0 1 10.8442
0 0 0 0 1 10.9303
0 0 0 0 1 10.814
0 0 0 0 1 10.7629
0 0 0 0 1 10.7655
0 0 0 0 1 10.5232
0 0 0 0 1 10.5653
0 0 0 0 1 10.4697
0 0 0 0 1 10.5041
0 0 0 0 1 10.538
0 0 0 0 0 10.412
0 0 0 0 1 10.4249
0 0 0 0 0 10.4135
0 0 0 0 0 10.3507
0 0 0 0 0 10.1963
0 0 0 0 1 10.2874
0 0 0 0 1 10.1848
0 0 0 0 1 10.167
0 0 0 0 1 9.98512
0 0 0 0 0 9.94144
0 0 0 0 1 9.91125
0 0 0 0 1 9.911
0 0 0 0 1 9.89083
0 0 0 0 1 9.95944
0 0 0 0 1 9.84078
0 0 0 0 0 9.85991
0 0 0 0 1 9.68716
0 0 0 0 1 9.65802
0 0 0 0 1 9.74514
0 0 0 0 1 9.61619
0 0 0 0 1 9.57779
0 0 0 0 1 9.65442
0 0 0 0 1 9.5461
0 0 0 0 1 9.47646
0 0 0 0 1 9.54933
0 0 0 0 1 9.46435
0 0 0 0 0 9.49901
0 0 0 0 1 9.3553
0 0 0 0 0 9.28115
0 0 0 0 1 9.22287
0 0 0 0 1 9.2359
0 0 0 0 1 9.29833
0 0 0 0 1 9.26811
0 0 0 0 1 9.24126
0 0 0 0 1 9.11068
0 0 0 0 0 9.18172
0 0 0 0 1 9.07943
0 0 0 0 0 9.0322
0 0 0 0 0 9.05434
0 0 0 0 1 9.08861
0 0 0 0 1 9.05974
0 0 0 0 1 8.97732
0 0 0 0 0 8.87422
0 0 0 0 1 8.95322
0 0 0 0 1 8.92517
0 0 0 0 1 8.92387
0 0 0 0 1 8.78686
0 0 0 0 1 8.72102
0 0 0 0 0 8.76435
0 0 0 0 1 8.79869
0 0 0 0 0 8.70726
0 0 0 0 1 8.77648
0 0 0 0 1 8.69435
0 0 0 0 0 8.746
0 0 0 0 1 8.65925
0 0 0 0 1 8.63506
0 0 0 0 1 8.62648
0 0 0 0 1 8.52027
0 0 0 0 1 8.59418
0 0 0 0 1 8.49217
0 0 0 0 1 8.48079
0 0 0 0 0 8.53245
0 0 0 0 1 8.44499
0 0 0 0 0 8.52684
0 0 0 0 0 8.43149
0 0 0 0 1 8.32822
0 0 0 0 1 8.40995
0 0 0 0 1 8.37425
0 0 0 0 1 8.36748
0 0 0 0 1 8.26561
0 0 0 0 1 8.33867
0 0 0 0 1 8.2706
0 0 0 0 1 8.28559
0 0 0 0 1 8.24284
0 0 0 0 1 8.20858
0 0 0 0 1 8.15812
0 0 0 0 1 8.13254
0 0 0 0 0 8.14807
0 0 0 0 1 8.12279
0 0 0 0 1 8.13844
0 0 0 0 1 8.1216
0 0 0 0 1 8.13737
0 0 0 0 1 8.0884
0 0 0 0 1 8.05995
0 0 0 0 1 8.14057
0 0 0 0 1 8.08409
0 0 0 0 1 8.09222
0 0 0 0 1 7.98814
0 0 0 0 1 7.98864
0 0 0 0 1 7.9493
0 0 0 0 0 7.906
0 0 0 0 1 8.01843
0 0 0 0 1 7.97955
0 0 0 0 0 7.9092
0 0 0 0 1 7.88243
0 0 0 0 1 7.97085
0 0 0 0 1 7.94425
0 0 0 0 1 7.8906
0 0 0 0 0 7.79007
0 0 0 0 1 7.86282
0 0 0 0 1 7.91535
0 0 0 0 1 7.90175
0 0 0 0 1 7.76325
0 0 0 0 1 7.8784
0 0 0 0 1 7.85297
0 0 0 0 0 7.71548
0 0 0 0 1 7.71072
0 0 0 0 1 7.70143
0 0 0 0 0 7.81322
0 0 0 0 1 7.79325
