0 0 0 0 1 5.55985
0 0 0 0 0 5.54693
0 0 0 0 1 5.58942
0 0 0 0 1 5.58465
0 0 0 0 0 5.52762
0 0 0 0 1 5.59282
0 0 0 0 1 5.57939
0 0 0 0 1 5.54468
0 0 0 0 1 5.59591
0 0 0 0 1 5.63396
0 0 0 0 1 5.57147
0 0 0 0 1 5.55933
0 0 0 0 1 5.65051
0 0 0 0 0 5.59363
0 0 0 0 1 5.67196
0 0 0 0 1 5.67359
0 0 0 0 1 5.66198
0 0 0 0 0 5.69769
0 0 0 0 0 5.72597
0 0 0 0 1 5.7279
0 0 0 0 1 5.75079
0 0 0 0 0 5.64836
0 0 0 0 1 5.74568
0 0 0 0 1 5.7461
0 0 0 0 1 5.69671
0 0 0 0 1 5.74316
0 0 0 0 0 5.73228
0 0 0 0 1 5.82696
0 0 0 0 1 5.74119
0 0 0 0 1 5.81156
0 0 0 0 1 5.7894
0 0 0 0 1 5.83705
0 0 0 0 1 5.88064
0 0 0 0 1 5.78275
0 0 0 0 0 5.81329
0 0 0 0 1 5.92618
0 0 0 0 1 5.92791
0 0 0 0 0 5.87216
0 0 0 0 1 5.84435
0 0 0 0 1 5.8934
0 0 0 0 1 5.92494
0 0 0 0 1 5.89128
0 0 0 0 1 5.91115
0 0 0 0 1 5.99687
0 0 0 0 1 5.98127
0 0 0 0 1 6.04965
0 0 0 0 1 6.07631
0 0 0 0 0 6.08504
0 0 0 0 1 5.99108
0 0 0 0 1 6.0664
0 0 0 0 1 6.08744
0 0 0 0 1 6.07209
0 0 0 0 1 6.13506
0 0 0 0 1 6.11982
0 0 0 0 1 6.12295
0 0 0 0 1 6.16403
0 0 0 0 1 6.22901
0 0 0 0 1 6.23163
0 0 0 0 1 6.2538
0 0 0 0 1 6.25123
0 0 0 0 1 6.22285
0 0 0 0 1 6.22648
0 0 0 0 1 6.25525
0 0 0 0 0 6.27078
0 0 0 0 1 6.30067
0 0 0 0 1 6.27218
0 0 0 0 0 6.39029
0 0 0 0 1 6.31739
0 0 0 0 1 6.40445
0 0 0 0 1 6.39524
0 0 0 0 1 6.38669
0 0 0 0 1 6.38381
0 0 0 0 1 6.43404
0 0 0 0 0 6.45077
0 0 0 0 1 6.46176
0 0 0 0 1 6.46564
0 0 0 0 1 6.58739
0 0 0 0 1 6.53318
0 0 0 0 1 6.55049
0 0 0 0 1 6.6605
0 0 0 0 1 6.69876
0 0 0 0 0 6.61085
0 0 0 0 1 6.61523
0 0 0 0 0 6.68661
0 0 0 0 1 6.67778
0 0 0 0 1 6.7161
0 0 0 0 1 6.78854
0 0 0 0 1 6.74638
0 0 0 0 1 6.87388
0 0 0 0 1 6.8517
0 0 0 0 1 6.84991
0 0 0 0 0 6.85494
0 0 0 0 1 6.88072
0 0 0 0 1 6.89969
0 0 0 0 1 6.94009
0 0 0 0 1 6.95929
0 0 0 0 1 7.00624
0 0 0 0 1 7.04685
0 0 0 0 1 7.0523
0 0 0 0 1 7.09996
0 0 0 0 1 7.10548
0 0 0 0 1 7.16867
0 0 0 0 1 7.26029
0 0 0 0 1 7.26622
0 0 0 0 0 7.29353
0 0 0 0 1 7.35771
0 0 0 0 0 7.3415
0 0 0 0 1 7.31107
0 0 0 0 1 7.39752
0 0 0 0 1 7.35866
0 0 0 0 1 7.41645
0 0 0 0 1 7.46673
0 0 0 0 1 7.56238
0 0 0 0 1 7.53087
0 0 0 0 0 7.52886
0 0 0 0 0 7.66363
0 0 0 0 1 7.72304
0 0 0 0 1 7.74441
0 0 0 0 1 7.79666
0 0 0 0 0 7.71779
0 0 0 0 1 7.77001
0 0 0 0 1 7.79122
0 0 0 0 1 7.85129
0 0 0 0 1 7.89637
0 0 0 0 1 8.0052
0 0 0 0 1 8.05101
0 0 0 0 1 8.09703
0 0 0 0 1 8.03805
0 0 0 0 1 8.18078
0 0 0 0 1 8.11387
0 0 0 0 1 8.23327
0 0 0 0 1 8.20553
0 0 0 0 1 8.2599
0 0 0 0 1 8.24796
0 0 0 0 1 8.38676
0 0 0 0 1 8.39158
0 0 0 0 0 8.49757
0 0 0 0 1 8.57037
0 0 0 0 1 8.53247
0 0 0 0 1 8.57187
0 0 0 0 1 8.67042
0 0 0 0 0 8.77041
0 0 0 0 0 8.83549
0 0 0 0 0 8.84074
0 0 0 0 1 8.89726
0 0 0 0 1 8.85606
0 0 0 0 0 8.99295
0 0 0 0 1 8.9157
0 0 0 0 1 9.02642
0 0 0 0 0 9.16536
0 0 0 0 1 9.2321
0 0 0 0 1 9.24472
0 0 0 0 1 9.33028
0 0 0 0 1 9.26574
0 0 0 0 1 9.44548
0 0 0 0 1 9.47543
0 0 0 0 1 9.59931
0 0 0 0 1 9.5514
0 0 0 0 1 9.59043
0 0 0 0 1 9.64742
0 0 0 0 1 9.75344
0 0 0 0 1 9.8799
0 0 0 0 1 9.93787
0 0 0 0 0 9.9459
0 0 0 0 0 10.133
0 0 0 0 1 10.1611
0 0 0 0 1 10.1464
0 0 0 0 1 10.2849
0 0 0 0 1 10.2811
0 0 0 0 0 10.3372
0 0 0 0 1 10.5616
0 0 0 0 1 10.5022
0 0 0 0 1 10.6097
0 0 0 0 1 10.7608
0 0 0 0 1 10.8719
0 0 0 0 1 11.0144
0 0 0 0 1 11.0587
0 0 0 0 1 11.0691
0 0 0 0 1 11.213
0 0 0 0 1 11.1885
0 0 0 0 1 11.4901
0 0 0 0 1 11.5057
0 0 0 0 1 11.5137
0 0 0 0 1 11.585
0 0 0 0 1 11.9064
0 0 0 0 1 11.9318
0 0 0 0 1 12.1028
0 0 0 0 1 12.0181
0 0 0 0 1 12.2567
0 0 0 0 1 12.4517
0 0 0 0 0 12.4586
0 0 0 0 1 12.6646
0 0 0 0 1 12.6442
0 0 0 0 1 12.903
0 0 0 0 1 12.834
0 0 0 0 0 12.952
0 0 0 0 1 13.0619
0 0 0 0 1 13.2957
0 0 0 0 1 13.5411
0 0 0 0 1 13.4761
0 0 0 0 0 13.7782
0 0 0 0 1 13.7552
0 0 0 0 1 13.8928
0 0 0 0 1 14.2427
0 0 0 0 1 14.4493
0 0 0 0 1 14.4636
0 0 0 0 1 14.7191
0 0 0 0 0 14.9323
0 0 0 0 0 14.8766
0 0 0 0 1 15.2904
0 0 0 0 1 15.516
0 0 0 0 1 15.4629
0 0 0 0 0 15.7698
0 0 0 0 1 16.0319
0 0 0 0 1 16.0537
0 0 0 0 1 16.2606
0 0 0 0 1 16.5009
0 0 0 0 1 16.8526
0 0 0 0 1 16.9965
0 0 0 0 1 17.3722
0 0 0 0 1 17.5946
0 0 0 0 1 17.6137
0 0 0 0 1 18.1482
0 0 0 0 0 18.3177
0 0 0 0 1 18.5315
0 0 0 0 0 18.6597
0 0 0 0 0 19.127
0 0 0 0 1 19.2711
0 0 0 0 1 19.8138
0 0 0 0 1 20.1143
0 0 0 0 1 20.1097
0 0 0 0 0 20.7131
0 0 0 0 0 21.0834
0 0 0 0 1 21.2938
0 0 0 0 0 21.835
0 0 0 0 1 22.1907
0 0 0 0 1 22.4102
0 0 0 0 1 22.8494
0 0 0 0 1 23.2528
0 0 0 0 0 23.6513
0 0 0 0 1 24.5149
0 0 0 0 1 24.5863
0 0 0 0 1 25.5206
0 0 0 0 0 25.9764
0 0 0 0 1 26.4754
0 0 0 0 0 27.181
0 0 0 0 1 27.3816
0 0 0 0 1 28.467
0 0 0 0 1 28.959
0 0 0 0 1 29.2466
0 0 0 0 1 30.1192
0 0 0 0 0 31.2252
0 0 0 0 1 31.8792
0 0 0 0 0 32.4441
0 0 0 0 0 33.7287
0 0 0 0 1 34.8637
0 0 0 0 0 35.4189
0 0 0 0 1 36.8494
0 0 0 0 1 37.9569
0 0 0 0 1 38.7427
0 0 0 0 0 39.9832
0 0 0 0 1 41.8617
0 0 0 0 0 43.3907
0 0 0 0 1 44.8993
0 0 0 0 0 46.3825
0 0 0 0 1 48.374
0 0 0 0 1 50.135
0 0 0 0 0 52.7267
0 0 0 0 1 55.2267
0 0 0 0 1 57.1541
0 0 0 0 1 60.0686
0 0 0 0 1 56.1464
0 0 0 0 1 55.4574
0 0 0 0 1 55.9962
0 0 0 0 1 56.2577
0 0 0 0 0 56.0183
0 0 0 0 0 56.1696
0 0 0 0 1 56.1554
0 0 0 0 1 55.3619
0 0 0 0 1 58.834
0 0 0 0 1 79.4448
0 0 0 0 0 78.9546
0 0 0 0 1 80.4173
0 0 0 0 0 4.99998
0 0 0 0 0 4.96992
0 0 0 0 0 5.05509
0 0 0 0 0 5.05008
0 0 0 0 1 88.251
0 0 0 0 0 88.1591
0 0 0 0 1 87.8061
0 0 0 0 1 87.1042
0 0 0 0 1 88.1566
0 0 0 0 1 88.422
0 0 0 0 0 5.0601
0 0 0 0 0 4.97493
0 0 0 0 0 5.02002
0 0 0 0 0 4.98495
0 0 0 0 0 4.98996
0 0 0 0 0 5.05509
0 0 0 0 1 69.1312
0 0 0 0 0 67.5658
0 0 0 0 1 67.2427
0 0 0 0 1 67.9985
0 0 0 0 1 67.2735
0 0 0 0 0 66.8186
0 0 0 0 0 67.5118
0 0 0 0 1 67.1266
0 0 0 0 1 99.7633
0 0 0 0 1 94.4121
0 0 0 0 1 88.7399
0 0 0 0 1 84.9862
0 0 0 0 0 80.0723
0 0 0 0 1 76.2935
0 0 0 0 1 73.5729
0 0 0 0 1 70.1619
0 0 0 0 1 67.4355
0 0 0 0 1 64.8473
0 0 0 0 1 62.6563
0 0 0 0 1 60.9041
0 0 0 0 1 58.5857
0 0 0 0 1 56.8097
0 0 0 0 1 54.5504
0 0 0 0 1 53.2879
0 0 0 0 1 51.0086
0 0 0 0 1 50.1679
0 0 0 0 0 48.2143
0 0 0 0 1 47.5881
0 0 0 0 1 46.3241
0 0 0 0 1 44.5737
0 0 0 0 1 43.1827
0 0 0 0 0 42.8754
0 0 0 0 1 41.2207
0 0 0 0 1 40.6897
0 0 0 0 0 39.8809
0 0 0 0 1 38.3616
0 0 0 0 1 37.5156
0 0 0 0 0 36.793
0 0 0 0 1 36.6414
0 0 0 0 0 35.2505
0 0 0 0 1 34.9603
0 0 0 0 0 33.9227
0 0 0 0 1 33.1962
0 0 0 0 1 33.037
0 0 0 0 1 32.2039
0 0 0 0 1 31.4212
0 0 0 0 1 30.8925
0 0 0 0 1 30.2299
0 0 0 0 1 29.9815
0 0 0 0 1 29.5866
0 0 0 0 1 28.8982
0 0 0 0 1 28.4836
0 0 0 0 1 28.1993
0 0 0 0 0 27.6157
0 0 0 0 1 26.9378
0 0 0 0 1 27.0375
0 0 0 0 0 26.3136
0 0 0 0 1 26.2431
0 0 0 0 1 25.866
0 0 0 0 0 25.0694
0 0 0 0 1 24.9429
0 0 0 0 1 24.3777
0 0 0 0 1 24.4735
0 0 0 0 0 23.6591
0 0 0 0 1 23.7495
0 0 0 0 0 23.3971
0 0 0 0 1 23.0693
0 0 0 0 1 22.8297
0 0 0 0 0 22.5445
0 0 0 0 1 22.0385
0 0 0 0 1 21.8851
0 0 0 0 0 21.3839
0 0 0 0 0 21.5171
0 0 0 0 1 21.0088
0 0 0 0 0 20.9124
0 0 0 0 1 20.7399
0 0 0 0 1 20.3422
0 0 0 0 1 20.2804
0 0 0 0 1 19.7768
0 0 0 0 1 19.8806
0 0 0 0 1 19.6463
0 0 0 0 1 19.3356
0 0 0 0 1 18.9694
0 0 0 0 1 18.9193
0 0 0 0 0 18.8662
0 0 0 0 1 18.4031
0 0 0 0 1 18.4871
0 0 0 0 1 18.2211
0 0 0 0 0 17.8221
0 0 0 0 1 17.9626
0 0 0 0 1 17.5414
0 0 0 0 1 17.5713
0 0 0 0 1 17.4075
0 0 0 0 1 17.3389
0 0 0 0 0 16.8859
0 0 0 0 1 16.8856
0 0 0 0 1 16.5913
0 0 0 0 0 16.5393
0 0 0 0 0 16.2651
0 0 0 0 1 16.1562
0 0 0 0 0 16.2979
0 0 0 0 1 15.8592
0 0 0 0 1 15.7822
0 0 0 0 0 15.8164
0 0 0 0 1 15.6522
0 0 0 0 0 15.336
0 0 0 0 1 15.436
0 0 0 0 1 15.3585
0 0 0 0 1 15.1835
0 0 0 0 0 15.0459
0 0 0 0 0 14.9326
0 0 0 0 1 14.8786
0 0 0 0 1 14.6333
0 0 0 0 1 14.405
0 0 0 0 0 14.3546
0 0 0 0 1 14.4446
0 0 0 0 1 14.2129
0 0 0 0 1 14.2237
0 0 0 0 1 14.0928
0 0 0 0 0 13.999
0 0 0 0 0 13.947
0 0 0 0 1 13.8449
0 0 0 0 1 13.533
0 0 0 0 1 13.6042
0 0 0 0 1 13.5336
0 0 0 0 1 13.2539
0 0 0 0 1 13.3892
0 0 0 0 0 13.1206
0 0 0 0 1 13.1697
0 0 0 0 1 13.0916
0 0 0 0 1 13.0089
0 0 0 0 1 13.0121
0 0 0 0 1 12.891
0 0 0 0 1 12.7453
0 0 0 0 1 12.5248
0 0 0 0 1 12.6114
0 0 0 0 1 12.4054
0 0 0 0 1 12.2961
0 0 0 0 1 12.2863
0 0 0 0 1 12.3128
0 0 0 0 1 12.3263
0 0 0 0 0 12.0356
0 0 0 0 1 12.0493
0 0 0 0 1 12.0462
0 0 0 0 1 12.0068
0 0 0 0 1 11.8171
0 0 0 0 1 11.7666
0 0 0 0 0 11.8336
0 0 0 0 0 11.6076
0 0 0 0 1 11.5112
0 0 0 0 1 11.5194
0 0 0 0 1 11.5616
0 0 0 0 1 11.4086
0 0 0 0 1 11.4122
0 0 0 0 0 11.4191
0 0 0 0 1 11.2005
0 0 0 0 1 11.0919
0 0 0 0 1 11.0771
0 0 0 0 1 11.1656
0 0 0 0 0 11.0836
0 0 0 0 0 11.0314
0 0 0 0 1 10.8373
0 0 0 0 1 10.9856
0 0 0 0 1 10.8653
0 0 0 0 1 10.8571
0 0 0 0 0 10.8058
0 0 0 0 1 10.5732
0 0 0 0 1 10.7146
0 0 0 0 0 10.5123
0 0 0 0 1 10.4802
0 0 0 0 1 10.5461
0 0 0 0 1 10.35
0 0 0 0 1 10.4224
0 0 0 0 1 10.2592
0 0 0 0 0 10.3001
0 0 0 0 1 10.1762
0 0 0 0 1 10.2065
0 0 0 0 1 10.2466
0 0 0 0 1 10.2457
0 0 0 0 1 10.0863
0 0 0 0 1 10.0052
0 0 0 0 1 9.94144
0 0 0 0 0 10.051
0 0 0 0 1 10.0303
0 0 0 0 1 9.88093
0 0 0 0 1 9.78194
0 0 0 0 0 9.88989
0 0 0 0 1 9.85013
0 0 0 0 1 9.69692
0 0 0 0 1 9.78433
0 0 0 0 1 9.68707
0 0 0 0 0 9.703
0 0 0 0 1 9.63543
0 0 0 0 1 9.55874
0 0 0 0 0 9.57471
0 0 0 0 1 9.51448
0 0 0 0 1 9.51144
0 0 0 0 1 9.5304
0 0 0 0 0 9.31091
0 0 0 0 0 9.44904
0 0 0 0 1 9.36518
0 0 0 0 1 9.24148
0 0 0 0 0 9.24518
0 0 0 0 1 9.19656
0 0 0 0 1 9.24967
0 0 0 0 0 9.25045
0 0 0 0 1 9.2114
0 0 0 0 1 9.08132
0 0 0 0 1 9.10672
0 0 0 0 1 9.0322
0 0 0 0 1 9.10861
0 0 0 0 1 9.05254
0 0 0 0 1 8.93391
0 0 0 0 1 9.04899
0 0 0 0 1 8.89209
0 0 0 0 1 8.87304
0 0 0 0 1 8.93405
0 0 0 0 1 8.79993
0 0 0 0 0 8.80453
0 0 0 0 0 8.82673
0 0 0 0 1 8.75557
0 0 0 0 1 8.77242
0 0 0 0 1 8.82079
0 0 0 0 1 8.66329
0 0 0 0 1 8.67698
0 0 0 0 1 8.63343
0 0 0 0 1 8.65062
0 0 0 0 1 8.53165
0 0 0 0 1 8.50619
0 0 0 0 0 8.49455
0 0 0 0 1 8.49156
0 0 0 0 0 8.59448
0 0 0 0 1 8.44677
0 0 0 0 1 8.56637
0 0 0 0 1 8.54653
0 0 0 0 1 8.45086
0 0 0 0 0 8.41464
0 0 0 0 0 8.42907
0 0 0 0 1 8.3261
0 0 0 0 1 8.44954
0 0 0 0 0 8.39251
0 0 0 0 1 8.34052
0 0 0 0 1 8.33037
0 0 0 0 1 8.23745
0 0 0 0 1 8.35175
0 0 0 0 1 8.27584
0 0 0 0 1 8.18388
0 0 0 0 1 8.20741
0 0 0 0 1 8.26371
0 0 0 0 1 8.13988
0 0 0 0 1 8.1881
0 0 0 0 1 8.09771
0 0 0 0 1 8.08908
0 0 0 0 1 8.12115
0 0 0 0 1 8.15317
0 0 0 0 1 8.10846
0 0 0 0 1 8.12444
0 0 0 0 1 8.10824
0 0 0 0 1 8.00383
0 0 0 0 0 7.94002
0 0 0 0 1 7.94862
0 0 0 0 0 7.92533
0 0 0 0 1 7.93791
0 0 0 0 1 7.93084
0 0 0 0 1 7.99545
0 0 0 0 1 7.94887
0 0 0 0 0 7.93789
0 0 0 0 0 7.97876
0 0 0 0 0 7.93635
0 0 0 0 1 7.81966
0 0 0 0 0 7.93957
0 0 0 0 1 7.84711
0 0 0 0 1 7.80552
0 0 0 0 1 7.89392
0 0 0 0 1 7.84925
0 0 0 0 1 7.76909
0 0 0 0 1 7.80618
0 0 0 0 1 7.76219
0 0 0 0 1 7.73404
0 0 0 0 1 7.74801
0 0 0 0 0 7.71246
0 0 0 0 1 7.80099
