0 0 0 0 1 5.52124
0 0 0 0 1 5.48615
0 0 0 0 0 5.55621
0 0 0 0 1 5.58465
0 0 0 0 1 5.51652
0 0 0 0 1 5.59282
0 0 0 0 0 5.52933
0 0 0 0 1 5.61155
0 0 0 0 1 5.56244
0 0 0 0 1 5.53336
0 0 0 0 1 5.57147
0 0 0 0 1 5.55372
0 0 0 0 1 5.66174
0 0 0 0 1 5.57675
0 0 0 0 1 5.59866
0 0 0 0 1 5.66794
0 0 0 0 1 5.64501
0 0 0 0 1 5.64105
0 0 0 0 1 5.64653
0 0 0 0 1 5.62561
0 0 0 0 1 5.67677
0 0 0 0 0 5.71682
0 0 0 0 1 5.69423
0 0 0 0 1 5.67736
0 0 0 0 1 5.68524
0 0 0 0 1 5.76616
0 0 0 0 0 5.8187
0 0 0 0 1 5.7635
0 0 0 0 1 5.74119
0 0 0 0 1 5.74203
0 0 0 0 1 5.76037
0 0 0 0 1 5.83124
0 0 0 0 1 5.82235
0 0 0 0 1 5.80612
0 0 0 0 1 5.79573
0 0 0 0 1 5.8323
0 0 0 0 1 5.88674
0 0 0 0 1 5.94873
0 0 0 0 1 5.95652
0 0 0 0 1 5.88748
0 0 0 0 0 5.96645
0 0 0 0 0 5.89723
0 0 0 0 1 5.94691
0 0 0 0 1 5.95506
0 0 0 0 1 6.01719
0 0 0 0 1 6.01965
0 0 0 0 0 6.06427
0 0 0 0 1 6.07298
0 0 0 0 1 6.06363
0 0 0 0 1 6.12094
0 0 0 0 1 6.12997
0 0 0 0 1 6.066
0 0 0 0 1 6.16562
0 0 0 0 0 6.10144
0 0 0 0 1 6.12295
0 0 0 0 0 6.13327
0 0 0 0 1 6.21667
0 0 0 0 0 6.21306
0 0 0 0 1 6.17315
0 0 0 0 0 6.25745
0 0 0 0 1 6.19788
0 0 0 0 1 6.27654
0 0 0 0 1 6.33681
0 0 0 0 1 6.27708
0 0 0 0 1 6.33221
0 0 0 0 1 6.3418
0 0 0 0 1 6.32049
0 0 0 0 0 6.42565
0 0 0 0 1 6.35337
0 0 0 0 1 6.44651
0 0 0 0 1 6.39311
0 0 0 0 0 6.39026
0 0 0 0 1 6.51802
0 0 0 0 0 6.50264
0 0 0 0 1 6.46176
0 0 0 0 1 6.48521
0 0 0 0 0 6.56774
0 0 0 0 1 6.61854
0 0 0 0 1 6.63616
0 0 0 0 1 6.59436
0 0 0 0 1 6.69213
0 0 0 0 1 6.6707
0 0 0 0 0 6.65528
0 0 0 0 1 6.67321
0 0 0 0 0 6.78538
0 0 0 0 1 6.70935
0 0 0 0 1 6.81564
0 0 0 0 1 6.73959
0 0 0 0 0 6.77841
0 0 0 0 1 6.88592
0 0 0 0 1 6.898
0 0 0 0 1 6.83425
0 0 0 0 1 6.90149
0 0 0 0 0 6.99696
0 0 0 0 1 6.9819
0 0 0 0 0 6.95929
0 0 0 0 1 7.09056
0 0 0 0 1 7.10328
0 0 0 0 1 7.03106
0 0 0 0 0 7.09285
0 0 0 0 0 7.15547
0 0 0 0 1 7.23312
0 0 0 0 1 7.15236
0 0 0 0 0 7.15788
0 0 0 0 1 7.2645
0 0 0 0 1 7.29943
0 0 0 0 1 7.35614
0 0 0 0 1 7.28171
0 0 0 0 1 7.33852
0 0 0 0 1 7.39571
0 0 0 0 0 7.37181
0 0 0 0 1 7.54147
0 0 0 0 0 7.45724
0 0 0 0 0 7.60625
0 0 0 0 1 7.61975
0 0 0 0 1 7.54948
0 0 0 0 1 7.63893
0 0 0 0 1 7.72904
0 0 0 0 1 7.75806
0 0 0 0 0 7.81853
0 0 0 0 1 7.8245
0 0 0 0 1 7.8538
0 0 0 0 1 7.93783
0 0 0 0 0 7.97542
0 0 0 0 1 7.89402
0 0 0 0 1 7.98718
0 0 0 0 1 7.95273
0 0 0 0 1 8.1348
0 0 0 0 1 8.18078
0 0 0 0 1 8.08946
0 0 0 0 1 8.15961
0 0 0 0 1 8.14792
0 0 0 0 1 8.2599
0 0 0 0 1 8.31454
0 0 0 0 0 8.37004
0 0 0 0 1 8.32432
0 0 0 0 1 8.46375
0 0 0 0 1 8.57887
0 0 0 0 0 8.46408
0 0 0 0 0 8.67494
0 0 0 0 1 8.67907
0 0 0 0 1 8.64003
0 0 0 0 1 8.818
0 0 0 0 1 8.75286
0 0 0 0 0 8.80881
0 0 0 0 0 8.85606
0 0 0 0 1 8.93921
0 0 0 0 1 8.99675
0 0 0 0 1 9.07173
0 0 0 0 1 9.14712
0 0 0 0 1 9.12197
0 0 0 0 0 9.26317
0 0 0 0 1 9.26529
0 0 0 0 0 9.27509
0 0 0 0 1 9.45489
0 0 0 0 1 9.55116
0 0 0 0 1 9.59931
0 0 0 0 1 9.6378
0 0 0 0 1 9.60974
0 0 0 0 1 9.68632
0 0 0 0 0 9.85137
0 0 0 0 1 9.88976
0 0 0 0 1 9.86837
0 0 0 0 1 9.90592
0 0 0 0 1 10.0423
0 0 0 0 0 10.0597
0 0 0 0 1 10.1668
0 0 0 0 1 10.3878
0 0 0 0 1 10.3329
0 0 0 0 1 10.4625
0 0 0 0 0 10.5931
0 0 0 0 1 10.6929
0 0 0 0 0 10.7592
0 0 0 0 1 10.8578
0 0 0 0 1 10.8936
0 0 0 0 0 11.0472
0 0 0 0 1 11.0587
0 0 0 0 0 11.1691
0 0 0 0 1 11.2914
0 0 0 0 1 11.3127
0 0 0 0 1 11.4218
0 0 0 0 1 11.5631
0 0 0 0 0 11.4905
0 0 0 0 1 11.772
0 0 0 0 1 11.7532
0 0 0 0 1 11.9674
0 0 0 0 0 12.1148
0 0 0 0 1 12.1633
0 0 0 0 1 12.2567
0 0 0 0 1 12.3161
0 0 0 0 1 12.3217
0 0 0 0 1 12.5515
0 0 0 0 1 12.7203
0 0 0 0 0 12.8518
0 0 0 0 1 12.8858
0 0 0 0 0 13.1217
0 0 0 0 1 13.0883
0 0 0 0 1 13.2158
0 0 0 0 1 13.4468
0 0 0 0 1 13.5441
0 0 0 0 1 13.5996
0 0 0 0 1 13.7969
0 0 0 0 0 14.005
0 0 0 0 0 14.2853
0 0 0 0 0 14.2628
0 0 0 0 1 14.3911
0 0 0 0 0 14.6897
0 0 0 0 1 14.7245
0 0 0 0 1 15.1168
0 0 0 0 1 15.1688
0 0 0 0 0 15.2238
0 0 0 0 1 15.5251
0 0 0 0 1 15.8486
0 0 0 0 1 16.0957
0 0 0 0 1 16.0214
0 0 0 0 1 16.4732
0 0 0 0 1 16.5838
0 0 0 0 0 16.8526
0 0 0 0 1 17.1326
0 0 0 0 1 17.1824
0 0 0 0 1 17.5946
0 0 0 0 1 17.7024
0 0 0 0 1 18.0223
0 0 0 0 1 18.2082
0 0 0 0 1 18.5685
0 0 0 0 1 18.6409
0 0 0 0 1 18.9935
0 0 0 0 1 19.5423
0 0 0 0 1 19.8335
0 0 0 0 1 20.0943
0 0 0 0 1 20.191
0 0 0 0 1 20.4653
0 0 0 0 1 21.0414
0 0 0 0 1 21.5501
0 0 0 0 1 21.8784
0 0 0 0 1 22.3235
0 0 0 0 1 22.3426
0 0 0 0 0 22.8723
0 0 0 0 1 23.6033
0 0 0 0 0 23.9848
0 0 0 0 1 24.1018
0 0 0 0 1 24.6855
0 0 0 0 1 25.1665
0 0 0 0 1 25.5632
0 0 0 0 1 26.4754
0 0 0 0 1 27.154
0 0 0 0 1 27.7672
0 0 0 0 1 28.3825
0 0 0 0 1 28.6994
0 0 0 0 1 29.4239
0 0 0 0 1 30.5429
0 0 0 0 1 31.101
0 0 0 0 1 32.0703
0 0 0 0 1 32.4768
0 0 0 0 1 33.4264
0 0 0 0 1 34.6909
0 0 0 0 1 35.9168
0 0 0 0 1 36.9227
0 0 0 0 1 37.9947
0 0 0 0 1 38.8596
0 0 0 0 1 40.0235
0 0 0 0 1 42.07
0 0 0 0 1 43.2182
0 0 0 0 1 44.4521
0 0 0 0 1 46.2432
0 0 0 0 1 48.7602
0 0 0 0 1 50.0344
0 0 0 0 1 52.9365
0 0 0 0 1 54.2944
0 0 0 0 1 57.3839
0 0 0 0 1 59.767
0 0 0 0 0 56.0906
0 0 0 0 1 55.2901
0 0 0 0 1 56.1635
0 0 0 0 1 55.6444
0 0 0 0 1 56.0741
0 0 0 0 1 56.2811
0 0 0 0 0 55.8768
0 0 0 0 1 55.6404
0 0 0 0 1 59.783
0 0 0 0 0 79.6829
0 0 0 0 1 79.5101
0 0 0 0 1 80.256
0 0 0 0 0 5.05509
0 0 0 0 0 5.01501
0 0 0 0 0 5.04507
0 0 0 0 0 5.05509
0 0 0 0 1 88.5139
0 0 0 0 1 88.5096
0 0 0 0 0 87.1927
0 0 0 0 0 87.9805
0 0 0 0 1 87.8937
0 0 0 0 0 87.458
0 0 0 0 0 5.02002
0 0 0 0 0 5.05008
0 0 0 0 0 5.0601
0 0 0 0 0 5.0601
0 0 0 0 0 5.03004
0 0 0 0 0 5.05008
0 0 0 0 1 68.3723
0 0 0 0 0 67.5658
0 0 0 0 1 66.7037
0 0 0 0 1 67.9311
0 0 0 0 0 67.7454
0 0 0 0 1 66.9534
0 0 0 0 1 68.1188
0 0 0 0 1 66.9917
0 0 0 0 1 98.8663
0 0 0 0 1 94.5063
0 0 0 0 1 89.8102
0 0 0 0 1 84.9862
0 0 0 0 1 81.4445
0 0 0 0 1 76.9101
0 0 0 0 1 72.9831
0 0 0 0 1 70.4445
0 0 0 0 1 68.2497
0 0 0 0 0 65.565
0 0 0 0 1 63.0334
0 0 0 0 1 60.3586
0 0 0 0 0 58.0589
0 0 0 0 0 56.1307
0 0 0 0 1 55.3172
0 0 0 0 1 52.9694
0 0 0 0 1 51.8321
0 0 0 0 1 50.4177
0 0 0 0 1 48.0686
0 0 0 0 0 46.9271
0 0 0 0 1 45.5888
0 0 0 0 1 45.1555
0 0 0 0 1 43.3571
0 0 0 0 1 42.1523
0 0 0 0 1 41.8849
0 0 0 0 0 40.8518
0 0 0 0 1 39.8017
0 0 0 0 0 38.6326
0 0 0 0 1 38.197
0 0 0 0 1 36.9412
0 0 0 0 1 36.3511
0 0 0 0 1 35.7125
0 0 0 0 0 34.9952
0 0 0 0 0 34.4688
0 0 0 0 1 33.5643
0 0 0 0 1 32.6101
0 0 0 0 1 31.946
0 0 0 0 1 31.7692
0 0 0 0 1 31.1411
0 0 0 0 0 30.8406
0 0 0 0 0 29.9815
0 0 0 0 0 29.4686
0 0 0 0 1 29.0723
0 0 0 0 1 28.455
0 0 0 0 1 28.0026
0 0 0 0 1 27.3669
0 0 0 0 1 26.9923
0 0 0 0 0 26.8767
0 0 0 0 0 26.1553
0 0 0 0 1 26.035
0 0 0 0 1 25.3789
0 0 0 0 1 25.0189
0 0 0 0 1 24.9927
0 0 0 0 1 24.7709
0 0 0 0 1 24.4493
0 0 0 0 1 23.6591
0 0 0 0 1 23.7731
0 0 0 0 1 23.2574
0 0 0 0 1 22.8396
0 0 0 0 0 22.5801
0 0 0 0 1 22.6341
0 0 0 0 1 21.95
0 0 0 0 1 22.06
0 0 0 0 0 21.5567
0 0 0 0 1 21.1755
0 0 0 0 1 21.2408
0 0 0 0 1 21.0375
0 0 0 0 1 20.8223
0 0 0 0 1 20.2403
0 0 0 0 1 19.978
0 0 0 0 0 19.7967
0 0 0 0 1 19.782
0 0 0 0 0 19.6853
0 0 0 0 1 19.3742
0 0 0 0 1 19.0076
0 0 0 0 0 18.8815
0 0 0 0 1 18.6603
0 0 0 0 0 18.366
0 0 0 0 1 18.322
0 0 0 0 1 18.0031
0 0 0 0 0 18.0919
0 0 0 0 1 17.9982
0 0 0 0 1 17.612
0 0 0 0 1 17.6238
0 0 0 0 0 17.3382
0 0 0 0 1 17.2531
0 0 0 0 1 16.8519
0 0 0 0 1 16.8351
0 0 0 0 0 16.7249
0 0 0 0 1 16.6718
0 0 0 0 1 16.3636
0 0 0 0 1 16.4327
0 0 0 0 0 16.2011
0 0 0 0 1 15.9232
0 0 0 0 1 15.7346
0 0 0 0 1 15.8951
0 0 0 0 1 15.7146
0 0 0 0 1 15.6303
0 0 0 0 1 15.4514
0 0 0 0 1 15.2975
0 0 0 0 1 15.0927
0 0 0 0 1 15.1059
0 0 0 0 1 14.8432
0 0 0 0 0 14.6569
0 0 0 0 1 14.78
0 0 0 0 1 14.6814
0 0 0 0 1 14.4847
0 0 0 0 1 14.4732
0 0 0 0 0 14.2841
0 0 0 0 1 14.1247
0 0 0 0 0 14.0788
0 0 0 0 1 14.0269
0 0 0 0 1 13.9608
0 0 0 0 1 13.6799
0 0 0 0 0 13.7106
0 0 0 0 1 13.4957
0 0 0 0 0 13.5876
0 0 0 0 1 13.2941
0 0 0 0 1 13.2164
0 0 0 0 0 13.1206
0 0 0 0 0 13.1959
0 0 0 0 1 12.9742
0 0 0 0 1 13.0349
0 0 0 0 0 12.9219
0 0 0 0 1 12.7758
0 0 0 0 1 12.7071
0 0 0 0 1 12.6512
0 0 0 0 0 12.5611
0 0 0 0 1 12.5928
0 0 0 0 0 12.4948
0 0 0 0 1 12.3974
0 0 0 0 1 12.2883
0 0 0 0 1 12.1676
0 0 0 0 0 12.0599
0 0 0 0 1 12.0131
0 0 0 0 1 11.8782
0 0 0 0 0 12.0426
0 0 0 0 1 11.9358
0 0 0 0 1 11.6958
0 0 0 0 1 11.8571
0 0 0 0 0 11.6543
0 0 0 0 1 11.546
0 0 0 0 1 11.4501
0 0 0 0 0 11.5846
0 0 0 0 1 11.4428
0 0 0 0 1 11.2756
0 0 0 0 1 11.2041
0 0 0 0 1 11.2005
0 0 0 0 1 11.1256
0 0 0 0 1 11.0659
0 0 0 0 1 11.1989
0 0 0 0 0 10.9511
0 0 0 0 1 10.8995
0 0 0 0 1 10.9029
0 0 0 0 0 10.7789
0 0 0 0 1 10.7678
0 0 0 0 1 10.6954
0 0 0 0 1 10.6771
0 0 0 0 1 10.5839
0 0 0 0 1 10.7039
0 0 0 0 1 10.6499
0 0 0 0 1 10.533
0 0 0 0 0 10.5986
0 0 0 0 1 10.4335
0 0 0 0 1 10.3184
0 0 0 0 1 10.4042
0 0 0 0 0 10.362
0 0 0 0 1 10.3199
0 0 0 0 1 10.2167
0 0 0 0 1 10.1346
0 0 0 0 1 10.0631
0 0 0 0 0 10.0863
0 0 0 0 1 10.0253
0 0 0 0 0 10.0016
0 0 0 0 1 10.041
0 0 0 0 1 9.87124
0 0 0 0 1 9.88093
0 0 0 0 1 9.83125
0 0 0 0 1 9.74257
0 0 0 0 0 9.69362
0 0 0 0 1 9.853
0 0 0 0 1 9.66773
0 0 0 0 0 9.62901
0 0 0 0 1 9.72229
0 0 0 0 1 9.67385
0 0 0 0 1 9.58744
0 0 0 0 1 9.4412
0 0 0 0 1 9.40992
0 0 0 0 0 9.53986
0 0 0 0 1 9.51153
0 0 0 0 0 9.37675
0 0 0 0 1 9.45842
0 0 0 0 1 9.36518
0 0 0 0 1 9.22287
0 0 0 0 0 9.21733
0 0 0 0 1 9.31683
0 0 0 0 1 9.17589
0 0 0 0 1 9.25045
0 0 0 0 1 9.20224
0 0 0 0 1 9.09957
0 0 0 0 0 9.13402
0 0 0 0 0 9.15916
0 0 0 0 1 9.11765
0 0 0 0 1 9.03451
0 0 0 0 1 9.05974
0 0 0 0 1 8.89668
0 0 0 0 1 8.87422
0 0 0 0 0 8.91758
0 0 0 0 1 8.88965
0 0 0 0 1 8.79993
0 0 0 0 0 8.85751
0 0 0 0 1 8.77388
0 0 0 0 1 8.81704
0 0 0 0 1 8.71114
0 0 0 0 1 8.66359
0 0 0 0 1 8.64588
0 0 0 0 1 8.72909
0 0 0 0 1 8.66806
0 0 0 0 1 8.55565
0 0 0 0 1 8.64368
0 0 0 0 1 8.6007
0 0 0 0 1 8.50312
0 0 0 0 1 8.58563
0 0 0 0 1 8.55185
0 0 0 0 1 8.48079
0 0 0 0 1 8.39674
0 0 0 0 1 8.42807
0 0 0 0 1 8.4593
0 0 0 0 1 8.48203
0 0 0 0 0 8.46268
0 0 0 0 1 8.41833
0 0 0 0 1 8.34079
0 0 0 0 1 8.36748
0 0 0 0 1 8.3322
0 0 0 0 1 8.3885
0 0 0 0 1 8.36176
0 0 0 0 1 8.22771
0 0 0 0 1 8.30885
0 0 0 0 0 8.25798
0 0 0 0 0 8.28957
0 0 0 0 1 8.14074
0 0 0 0 1 8.21351
0 0 0 0 1 8.17177
0 0 0 0 1 8.17917
0 0 0 0 1 8.13786
0 0 0 0 0 8.16171
0 0 0 0 1 8.15317
0 0 0 0 1 8.01145
0 0 0 0 0 8.01955
0 0 0 0 1 8.10824
0 0 0 0 1 8.04401
0 0 0 0 1 7.94002
0 0 0 0 1 7.98864
0 0 0 0 1 7.95729
0 0 0 0 1 7.92196
0 0 0 0 1 7.98658
0 0 0 0 1 7.9875
0 0 0 0 0 7.90127
0 0 0 0 1 7.9775
0 0 0 0 1 7.95504
0 0 0 0 0 7.92056
0 0 0 0 1 7.95367
0 0 0 0 0 7.81367
0 0 0 0 0 7.89424
0 0 0 0 1 7.89181
0 0 0 0 1 7.78428
0 0 0 0 0 7.79453
0 0 0 0 1 7.82375
0 0 0 0 1 7.82178
0 0 0 0 1 7.84005
0 0 0 0 0 7.78067
0 0 0 0 0 7.83341
0 0 0 0 1 7.6892
0 0 0 0 1 7.7236
