0 0 0 0 1 9.47506
0 0 0 0 1 9.53445
0 0 0 0 0 9.51215
0 0 0 0 1 9.45843
0 0 0 0 1 9.38886
0 0 0 0 1 9.59147
0 0 0 0 0 9.57604
0 0 0 0 0 9.5702
0 0 0 0 1 9.55827
0 0 0 0 1 9.64817
0 0 0 0 0 9.63665
0 0 0 0 1 9.53553
0 0 0 0 1 9.63929
0 0 0 0 0 9.64384
0 0 0 0 1 9.54615
0 0 0 0 1 9.74376
0 0 0 0 1 9.74286
0 0 0 0 0 9.74212
0 0 0 0 1 9.68925
0 0 0 0 1 9.76261
0 0 0 0 1 9.66496
0 0 0 0 1 9.651
0 0 0 0 1 9.807
0 0 0 0 1 9.75823
0 0 0 0 1 9.73485
0 0 0 0 1 9.92176
0 0 0 0 1 9.7552
0 0 0 0 1 9.92345
0 0 0 0 1 9.9302
0 0 0 0 0 9.99076
0 0 0 0 0 9.94255
0 0 0 0 0 9.86019
0 0 0 0 0 10.0209
0 0 0 0 1 9.95282
0 0 0 0 1 9.90456
0 0 0 0 1 10.0868
0 0 0 0 1 10.1393
0 0 0 0 1 10.0814
0 0 0 0 1 10.1444
0 0 0 0 1 10.1573
0 0 0 0 1 10.079
0 0 0 0 1 10.1834
0 0 0 0 1 10.141
0 0 0 0 1 10.1441
0 0 0 0 1 10.1882
0 0 0 0 1 10.3146
0 0 0 0 1 10.3746
0 0 0 0 1 10.3785
0 0 0 0 1 10.2276
0 0 0 0 0 10.3971
0 0 0 0 1 10.2817
0 0 0 0 1 10.494
0 0 0 0 1 10.3943
0 0 0 0 1 10.4092
0 0 0 0 1 10.4976
0 0 0 0 1 10.5392
0 0 0 0 1 10.5969
0 0 0 0 1 10.6814
0 0 0 0 1 10.5703
0 0 0 0 1 10.6128
0 0 0 0 1 10.6715
0 0 0 0 1 10.5969
0 0 0 0 1 10.8223
0 0 0 0 1 10.6456
0 0 0 0 1 10.7268
0 0 0 0 1 10.8571
0 0 0 0 0 10.804
0 0 0 0 0 10.9354
0 0 0 0 1 10.942
0 0 0 0 0 10.834
0 0 0 0 1 11.0546
0 0 0 0 0 11.0233
0 0 0 0 1 11.0581
0 0 0 0 1 11.0318
0 0 0 0 1 11.0335
0 0 0 0 1 11.169
0 0 0 0 1 11.1099
0 0 0 0 1 11.2016
0 0 0 0 1 11.2938
0 0 0 0 1 11.2737
0 0 0 0 0 11.3275
0 0 0 0 1 11.2731
0 0 0 0 1 11.4746
0 0 0 0 1 11.3692
0 0 0 0 0 11.5211
0 0 0 0 1 11.4381
0 0 0 0 1 11.5449
0 0 0 0 1 11.589
0 0 0 0 1 11.5517
0 0 0 0 1 11.7066
0 0 0 0 1 11.8102
0 0 0 0 1 11.8256
0 0 0 0 1 11.8593
0 0 0 0 1 11.9881
0 0 0 0 1 11.9986
0 0 0 0 1 11.8895
0 0 0 0 1 12.0676
0 0 0 0 1 11.9456
0 0 0 0 0 12.0161
0 0 0 0 1 12.2693
0 0 0 0 0 12.1584
0 0 0 0 0 12.1689
0 0 0 0 1 12.2722
0 0 0 0 1 12.3817
0 0 0 0 1 12.4121
0 0 0 0 1 12.5102
0 0 0 0 1 12.6285
0 0 0 0 0 12.5899
0 0 0 0 1 12.6586
0 0 0 0 0 12.6517
0 0 0 0 1 12.7011
0 0 0 0 1 12.6754
0 0 0 0 1 12.9629
0 0 0 0 1 12.8402
0 0 0 0 1 12.8644
0 0 0 0 0 12.9737
0 0 0 0 1 13.1563
0 0 0 0 1 13.1886
0 0 0 0 1 13.07
0 0 0 0 1 13.1679
0 0 0 0 0 13.1732
0 0 0 0 1 13.4663
0 0 0 0 1 13.4798
0 0 0 0 1 13.4795
0 0 0 0 1 13.6146
0 0 0 0 1 13.7096
0 0 0 0 1 13.7366
0 0 0 0 1 13.7973
0 0 0 0 1 13.8733
0 0 0 0 1 13.9698
0 0 0 0 1 13.9627
0 0 0 0 1 13.9268
0 0 0 0 0 14.2562
0 0 0 0 1 14.0785
0 0 0 0 1 14.2411
0 0 0 0 0 14.3264
0 0 0 0 1 14.5199
0 0 0 0 1 14.5406
0 0 0 0 0 14.561
0 0 0 0 1 14.7572
0 0 0 0 0 14.6675
0 0 0 0 1 14.8286
0 0 0 0 1 14.8115
0 0 0 0 1 14.9359
0 0 0 0 1 14.9934
0 0 0 0 1 15.1573
0 0 0 0 1 15.2845
0 0 0 0 1 15.5511
0 0 0 0 1 15.6022
0 0 0 0 1 15.7164
0 0 0 0 0 15.7057
0 0 0 0 1 15.8517
0 0 0 0 1 15.9985
0 0 0 0 1 15.8588
0 0 0 0 1 16.239
0 0 0 0 0 16.2347
0 0 0 0 1 16.4411
0 0 0 0 1 16.3455
0 0 0 0 1 16.553
0 0 0 0 1 16.5546
0 0 0 0 1 16.7558
0 0 0 0 1 16.8825
0 0 0 0 1 16.8147
0 0 0 0 1 17.0521
0 0 0 0 1 17.3345
0 0 0 0 1 17.1864
0 0 0 0 1 17.2963
0 0 0 0 1 17.547
0 0 0 0 1 17.8706
0 0 0 0 1 17.7693
0 0 0 0 1 17.961
0 0 0 0 1 18.2446
0 0 0 0 0 18.2934
0 0 0 0 1 18.2123
0 0 0 0 1 18.4706
0 0 0 0 1 18.7222
0 0 0 0 1 18.9936
0 0 0 0 1 19.0114
0 0 0 0 1 19.1806
0 0 0 0 0 19.291
0 0 0 0 1 19.4309
0 0 0 0 1 19.4333
0 0 0 0 1 19.9769
0 0 0 0 1 19.9572
0 0 0 0 1 20.1268
0 0 0 0 1 20.4481
0 0 0 0 0 20.4327
0 0 0 0 0 20.6443
0 0 0 0 1 20.8423
0 0 0 0 1 20.9052
0 0 0 0 1 21.1879
0 0 0 0 1 21.6873
0 0 0 0 1 21.4991
0 0 0 0 0 21.8474
0 0 0 0 1 21.9242
0 0 0 0 1 22.4991
0 0 0 0 1 22.3241
0 0 0 0 1 22.8154
0 0 0 0 0 23.101
0 0 0 0 1 23.016
0 0 0 0 1 23.7327
0 0 0 0 1 23.5008
0 0 0 0 1 23.8776
0 0 0 0 0 24.4029
0 0 0 0 0 24.4043
0 0 0 0 0 24.9458
0 0 0 0 1 25.2869
0 0 0 0 0 25.2997
0 0 0 0 1 25.6916
0 0 0 0 1 25.8714
0 0 0 0 1 26.3809
0 0 0 0 1 26.7113
0 0 0 0 1 26.979
0 0 0 0 0 27.0739
0 0 0 0 0 27.4763
0 0 0 0 1 28.2441
0 0 0 0 1 28.4095
0 0 0 0 0 28.8955
0 0 0 0 1 29.2102
0 0 0 0 1 29.6019
0 0 0 0 1 29.7145
0 0 0 0 1 30.2133
0 0 0 0 1 30.8668
0 0 0 0 1 31.5055
0 0 0 0 1 31.7072
0 0 0 0 1 32.4127
0 0 0 0 1 32.8974
0 0 0 0 1 33.1799
0 0 0 0 1 33.331
0 0 0 0 1 34.3446
0 0 0 0 0 34.3767
0 0 0 0 0 35.1273
0 0 0 0 1 35.5447
0 0 0 0 1 36.8426
0 0 0 0 0 37.1072
0 0 0 0 0 37.4739
0 0 0 0 1 38.1192
0 0 0 0 1 37.4286
0 0 0 0 1 37.3898
0 0 0 0 1 36.7942
0 0 0 0 0 37.4651
0 0 0 0 1 37.2428
0 0 0 0 1 37.0958
0 0 0 0 1 37.0629
0 0 0 0 1 37.1396
0 0 0 0 0 37.0709
0 0 0 0 1 37.1877
0 0 0 0 1 37.0078
0 0 0 0 1 37.0888
0 0 0 0 0 36.6644
0 0 0 0 1 37.3865
0 0 0 0 0 38.8647
0 0 0 0 1 40.1226
0 0 0 0 1 40.8725
0 0 0 0 1 57.5052
0 0 0 0 1 59.6588
0 0 0 0 1 60.3119
0 0 0 0 1 62.3154
0 0 0 0 1 61.3087
0 0 0 0 1 60.9677
0 0 0 0 1 60.8104
0 0 0 0 0 60.1085
0 0 0 0 1 60.9252
0 0 0 0 1 60.1657
0 0 0 0 1 60.0753
0 0 0 0 1 60.6509
0 0 0 0 1 63.0568
0 0 0 0 1 90.4989
0 0 0 0 1 94.4083
0 0 0 0 1 97.4167
0 0 0 0 0 5.05008
0 0 0 0 0 4.97994
0 0 0 0 0 5.02002
0 0 0 0 0 4.98495
0 0 0 0 1 69.1006
0 0 0 0 0 67.9858
0 0 0 0 1 68.514
0 0 0 0 1 67.6766
0 0 0 0 0 68.8222
0 0 0 0 1 67.7821
0 0 0 0 1 67.7002
0 0 0 0 0 4.97493
0 0 0 0 0 5.05509
0 0 0 0 0 5.00499
0 0 0 0 0 5.01501
0 0 0 0 0 5.03004
0 0 0 0 1 47.6778
0 0 0 0 1 47.7704
0 0 0 0 1 47.6244
0 0 0 0 1 47.6709
0 0 0 0 1 47.7663
0 0 0 0 0 47.4314
0 0 0 0 1 48.391
0 0 0 0 0 48.0579
0 0 0 0 1 48.0609
0 0 0 0 0 5.04006
0 0 0 0 0 4.97493
0 0 0 0 0 5.04006
0 0 0 0 0 4.96491
0 0 0 0 1 95.0535
0 0 0 0 1 84.541
0 0 0 0 1 77.1725
0 0 0 0 0 70.3241
0 0 0 0 1 65.2497
0 0 0 0 1 60.1595
0 0 0 0 0 55.9822
0 0 0 0 1 53.0746
0 0 0 0 1 50.3055
0 0 0 0 1 47.0006
0 0 0 0 1 44.9352
0 0 0 0 1 42.1041
0 0 0 0 1 40.4597
0 0 0 0 1 38.7112
0 0 0 0 0 36.9957
0 0 0 0 1 35.1862
0 0 0 0 0 33.6795
0 0 0 0 1 32.7798
0 0 0 0 1 31.7517
0 0 0 0 1 30.295
0 0 0 0 1 29.137
0 0 0 0 1 28.3398
0 0 0 0 1 27.3448
0 0 0 0 1 26.7966
0 0 0 0 1 25.8845
0 0 0 0 1 24.9038
0 0 0 0 1 24.4719
0 0 0 0 1 23.5019
0 0 0 0 0 22.8961
0 0 0 0 1 22.1721
0 0 0 0 1 21.7587
0 0 0 0 1 21.3249
0 0 0 0 1 20.5724
0 0 0 0 1 20.1058
0 0 0 0 0 19.9157
0 0 0 0 1 19.2584
0 0 0 0 0 19.1134
0 0 0 0 1 18.578
0 0 0 0 1 17.9676
0 0 0 0 1 17.8127
0 0 0 0 1 17.582
0 0 0 0 0 17.2101
0 0 0 0 0 16.651
0 0 0 0 1 16.2983
0 0 0 0 1 16.0633
0 0 0 0 1 15.9943
0 0 0 0 1 15.694
0 0 0 0 0 15.2516
0 0 0 0 1 15.0556
0 0 0 0 1 14.9063
0 0 0 0 0 14.6184
0 0 0 0 1 14.1752
0 0 0 0 0 14.0812
0 0 0 0 1 13.7621
0 0 0 0 1 13.5785
0 0 0 0 1 13.448
0 0 0 0 0 13.3381
0 0 0 0 1 12.91
0 0 0 0 1 12.7422
0 0 0 0 1 12.726
0 0 0 0 1 12.3468
0 0 0 0 1 12.186
0 0 0 0 0 12.0281
0 0 0 0 1 11.8796
0 0 0 0 0 11.7073
0 0 0 0 1 11.7547
0 0 0 0 1 11.4961
0 0 0 0 0 11.2427
0 0 0 0 1 11.1135
0 0 0 0 1 10.9826
0 0 0 0 1 10.9082
0 0 0 0 1 10.7985
0 0 0 0 0 10.7206
0 0 0 0 1 10.5876
0 0 0 0 1 10.4238
0 0 0 0 1 10.2199
0 0 0 0 0 10.1192
0 0 0 0 1 10.0991
0 0 0 0 0 10.0466
0 0 0 0 1 9.93509
0 0 0 0 1 9.82269
0 0 0 0 0 9.59471
0 0 0 0 1 9.57034
0 0 0 0 1 9.52542
0 0 0 0 1 9.27373
0 0 0 0 1 9.22919
0 0 0 0 1 9.13805
0 0 0 0 1 9.0015
0 0 0 0 1 9.07313
0 0 0 0 1 8.97238
0 0 0 0 1 8.86376
0 0 0 0 1 8.79896
0 0 0 0 1 8.76076
0 0 0 0 1 8.67858
0 0 0 0 1 8.44337
0 0 0 0 0 8.38037
0 0 0 0 1 8.28337
0 0 0 0 1 8.32003
0 0 0 0 1 8.25641
0 0 0 0 1 8.17651
0 0 0 0 0 8.15343
0 0 0 0 1 7.95443
0 0 0 0 1 7.86813
0 0 0 0 0 7.91706
0 0 0 0 1 7.79245
0 0 0 0 1 7.73099
0 0 0 0 1 7.71473
0 0 0 0 1 7.57693
0 0 0 0 1 7.50209
0 0 0 0 0 7.58427
0 0 0 0 1 7.39615
0 0 0 0 1 7.41842
0 0 0 0 1 7.35163
0 0 0 0 0 7.35669
0 0 0 0 1 7.20326
0 0 0 0 1 7.13756
0 0 0 0 0 7.19341
0 0 0 0 1 7.1346
0 0 0 0 1 7.06198
0 0 0 0 0 6.94243
0 0 0 0 1 6.9404
0 0 0 0 0 6.90339
0 0 0 0 1 6.86633
0 0 0 0 0 6.77657
0 0 0 0 1 6.75498
0 0 0 0 1 6.71817
0 0 0 0 1 6.68303
0 0 0 0 1 6.62637
0 0 0 0 1 6.60628
0 0 0 0 1 6.51249
0 0 0 0 1 6.45674
0 0 0 0 1 6.40297
0 0 0 0 1 6.46656
0 0 0 0 1 6.31075
0 0 0 0 0 6.30839
0 0 0 0 0 6.31197
0 0 0 0 1 6.20445
0 0 0 0 0 6.16447
0 0 0 0 1 6.13259
0 0 0 0 0 6.12972
0 0 0 0 0 6.06119
0 0 0 0 1 6.08851
0 0 0 0 0 6.03255
0 0 0 0 1 5.97694
0 0 0 0 0 5.96351
0 0 0 0 1 5.90838
0 0 0 0 1 5.93445
0 0 0 0 1 5.84439
0 0 0 0 1 5.80179
0 0 0 0 0 5.84856
0 0 0 0 1 5.7462
0 0 0 0 1 5.72715
0 0 0 0 1 5.67377
0 0 0 0 1 5.71747
0 0 0 0 0 5.62469
0 0 0 0 1 5.65284
0 0 0 0 0 5.65819
0 0 0 0 0 5.59437
0 0 0 0 1 5.5588
0 0 0 0 1 5.48476
0 0 0 0 1 5.53218
0 0 0 0 1 5.46249
0 0 0 0 1 5.50392
0 0 0 0 1 5.4309
0 0 0 0 1 5.38732
0 0 0 0 1 5.41195
0 0 0 0 1 5.3419
0 0 0 0 1 5.33432
0 0 0 0 1 5.25624
0 0 0 0 1 5.22257
0 0 0 0 1 5.21714
0 0 0 0 1 5.17849
0 0 0 0 1 5.23555
0 0 0 0 0 5.16248
0 0 0 0 1 5.188
0 0 0 0 1 5.18564
0 0 0 0 0 5.15113
0 0 0 0 1 5.13535
0 0 0 0 0 5.12979
0 0 0 0 0 5.00784
0 0 0 0 0 5.05128
0 0 0 0 1 5.04588
0 0 0 0 0 4.96561
0 0 0 0 1 4.94556
0 0 0 0 0 4.94712
0 0 0 0 0 4.93212
0 0 0 0 1 4.92701
0 0 0 0 1 4.87781
0 0 0 0 1 4.91675
0 0 0 0 0 4.81929
0 0 0 0 1 4.86773
0 0 0 0 1 4.85474
0 0 0 0 1 4.79689
0 0 0 0 1 4.77454
0 0 0 0 0 4.78417
0 0 0 0 0 4.76039
0 0 0 0 1 4.69888
0 0 0 0 0 4.71008
0 0 0 0 1 4.75264
0 0 0 0 1 4.73389
0 0 0 0 1 4.63732
0 0 0 0 0 4.63774
0 0 0 0 1 4.67206
0 0 0 0 1 4.61818
0 0 0 0 1 4.66014
0 0 0 0 0 4.55928
0 0 0 0 1 4.58874
0 0 0 0 1 4.57555
0 0 0 0 1 4.51368
0 0 0 0 1 4.54168
0 0 0 0 1 4.56627
0 0 0 0 1 4.47217
0 0 0 0 1 4.51601
0 0 0 0 0 4.44501
0 0 0 0 1 4.49193
0 0 0 0 1 4.44377
0 0 0 0 1 4.46374
0 0 0 0 1 4.40271
0 0 0 0 1 4.43151
0 0 0 0 1 4.43373
0 0 0 0 1 4.38217
0 0 0 0 1 4.41081
0 0 0 0 1 4.39125
0 0 0 0 1 4.34565
0 0 0 0 1 4.3916
0 0 0 0 1 4.36698
0 0 0 0 1 4.35645
0 0 0 0 1 4.27269
0 0 0 0 1 4.28828
0 0 0 0 1 4.24299
0 0 0 0 1 4.27999
0 0 0 0 1 4.27417
0 0 0 0 0 4.2216
0 0 0 0 1 4.21109
0 0 0 0 0 4.27822
0 0 0 0 0 4.18381
0 0 0 0 1 4.22901
0 0 0 0 1 4.21934
0 0 0 0 0 4.15886
0 0 0 0 1 4.22059
0 0 0 0 1 4.1986
0 0 0 0 1 4.17675
0 0 0 0 1 4.1384
0 0 0 0 1 4.12928
0 0 0 0 1 4.15333
0 0 0 0 1 4.10714
0 0 0 0 1 4.13122
0 0 0 0 1 4.12234
0 0 0 0 0 4.07664
0 0 0 0 1 4.10074
0 0 0 0 0 4.05944
0 0 0 0 0 4.11617
0 0 0 0 1 4.03036
0 0 0 0 0 4.07483
0 0 0 0 0 4.03816
0 0 0 0 1 4.00977
0 0 0 0 1 4.00171
0 0 0 0 1 3.98971
0 0 0 0 1 4.01793
0 0 0 0 1 4.04615
0 0 0 0 1 4.04627
0 0 0 0 1 3.97047
0 0 0 0 1 3.96686
0 0 0 0 1 4.02306
0 0 0 0 1 3.97971
0 0 0 0 1 4.00008
0 0 0 0 0 3.92141
0 0 0 0 0 3.94193
0 0 0 0 1 3.90719
0 0 0 0 1 3.96718
0 0 0 0 1 3.91643
0 0 0 0 1 3.93313
0 0 0 0 1 3.89044
0 0 0 0 1 3.92683
0 0 0 0 1 3.93186
0 0 0 0 0 3.94085
0 0 0 0 0 3.89139
0 0 0 0 1 3.92002
0 0 0 0 1 3.86313
0 0 0 0 1 3.85226
0 0 0 0 1 3.86551
0 0 0 0 1 3.84395
