0 0 0 0 1 5.55985
0 0 0 0 1 5.48063
0 0 0 0 0 5.48427
0 0 0 0 1 5.55695
0 0 0 0 0 5.54427
0 0 0 0 1 5.52054
0 0 0 0 1 5.54602
0 0 0 0 1 5.53353
0 0 0 0 1 5.61265
0 0 0 0 1 5.55012
0 0 0 0 0 5.63306
0 0 0 0 1 5.55372
0 0 0 0 1 5.57749
0 0 0 0 0 5.65553
0 0 0 0 1 5.67196
0 0 0 0 1 5.65101
0 0 0 0 1 5.59976
0 0 0 0 1 5.62973
0 0 0 0 1 5.68058
0 0 0 0 1 5.70517
0 0 0 0 0 5.72233
0 0 0 0 1 5.64836
0 0 0 0 1 5.69423
0 0 0 0 1 5.72319
0 0 0 0 0 5.71392
0 0 0 0 1 5.70292
0 0 0 0 0 5.75532
0 0 0 0 1 5.78658
0 0 0 0 0 5.73541
0 0 0 0 0 5.81156
0 0 0 0 0 5.81263
0 0 0 0 1 5.84869
0 0 0 0 1 5.81653
0 0 0 0 1 5.78859
0 0 0 0 1 5.86013
0 0 0 0 1 5.91444
0 0 0 0 0 5.92202
0 0 0 0 0 5.94873
0 0 0 0 1 5.95652
0 0 0 0 0 5.95257
0 0 0 0 0 5.99018
0 0 0 0 1 5.91506
0 0 0 0 0 5.98266
0 0 0 0 0 5.97895
0 0 0 0 1 6.02318
0 0 0 0 0 5.97763
0 0 0 0 1 6.05224
0 0 0 0 1 6.0187
0 0 0 0 1 6.0999
0 0 0 0 1 6.0058
0 0 0 0 1 6.11175
0 0 0 0 1 6.10254
0 0 0 0 0 6.0984
0 0 0 0 1 6.08306
0 0 0 0 1 6.19665
0 0 0 0 0 6.14557
0 0 0 0 1 6.22284
0 0 0 0 1 6.15737
0 0 0 0 0 6.22278
0 0 0 0 1 6.22635
0 0 0 0 1 6.23533
0 0 0 0 1 6.30783
0 0 0 0 1 6.2427
0 0 0 0 1 6.32745
0 0 0 0 1 6.35744
0 0 0 0 0 6.39243
0 0 0 0 0 6.32049
0 0 0 0 1 6.33013
0 0 0 0 1 6.35975
0 0 0 0 1 6.41447
0 0 0 0 1 6.47664
0 0 0 0 0 6.38381
0 0 0 0 1 6.40174
0 0 0 0 0 6.43132
0 0 0 0 0 6.50727
0 0 0 0 1 6.49173
0 0 0 0 1 6.5612
0 0 0 0 1 6.50692
0 0 0 0 1 6.62957
0 0 0 0 1 6.62743
0 0 0 0 1 6.58601
0 0 0 0 1 6.67735
0 0 0 0 1 6.71536
0 0 0 0 1 6.65311
0 0 0 0 1 6.70468
0 0 0 0 1 6.7971
0 0 0 0 1 6.72079
0 0 0 0 1 6.77356
0 0 0 0 1 6.83296
0 0 0 0 1 6.79009
0 0 0 0 1 6.80868
0 0 0 0 1 6.90321
0 0 0 0 1 6.92918
0 0 0 0 1 6.96917
0 0 0 0 0 6.93312
0 0 0 0 1 6.96628
0 0 0 0 1 7.09056
0 0 0 0 0 7.11034
0 0 0 0 1 7.04522
0 0 0 0 1 7.09285
0 0 0 0 1 7.10548
0 0 0 0 1 7.23312
0 0 0 0 1 7.22432
0 0 0 0 1 7.18677
0 0 0 0 1 7.20644
0 0 0 0 0 7.24115
0 0 0 0 1 7.25367
0 0 0 0 1 7.37714
0 0 0 0 1 7.4344
0 0 0 0 0 7.35125
0 0 0 0 1 7.37925
0 0 0 0 1 7.52652
0 0 0 0 0 7.46475
0 0 0 0 1 7.54595
0 0 0 0 1 7.6349
0 0 0 0 1 7.60275
0 0 0 0 1 7.72304
0 0 0 0 1 7.75977
0 0 0 0 1 7.6963
0 0 0 0 1 7.80303
0 0 0 0 0 7.80115
0 0 0 0 1 7.86945
0 0 0 0 0 7.82769
0 0 0 0 1 7.93589
0 0 0 0 0 7.92579
0 0 0 0 0 8.05101
0 0 0 0 1 7.95273
0 0 0 0 1 7.98162
0 0 0 0 1 8.0997
0 0 0 0 1 8.06504
0 0 0 0 1 8.11869
0 0 0 0 1 8.23845
0 0 0 0 1 8.26818
0 0 0 0 0 8.40609
0 0 0 0 1 8.34495
0 0 0 0 1 8.45885
0 0 0 0 0 8.38765
0 0 0 0 1 8.52786
0 0 0 0 0 8.55812
0 0 0 0 1 8.50315
0 0 0 0 1 8.72229
0 0 0 0 1 8.70956
0 0 0 0 0 8.77426
0 0 0 0 1 8.83195
0 0 0 0 0 8.78228
0 0 0 0 0 8.91836
0 0 0 0 1 8.90338
0 0 0 0 1 8.96073
0 0 0 0 1 9.10798
0 0 0 0 1 9.10152
0 0 0 0 0 9.14033
0 0 0 0 1 9.14323
0 0 0 0 1 9.22816
0 0 0 0 1 9.34054
0 0 0 0 1 9.4737
0 0 0 0 1 9.40917
0 0 0 0 1 9.52305
0 0 0 0 1 9.51301
0 0 0 0 0 9.64837
0 0 0 0 1 9.66687
0 0 0 0 1 9.86116
0 0 0 0 1 9.94892
0 0 0 0 0 9.98751
0 0 0 0 1 10.0559
0 0 0 0 0 10.0524
0 0 0 0 1 10.2017
0 0 0 0 1 10.2281
0 0 0 0 0 10.2231
0 0 0 0 1 10.3018
0 0 0 0 1 10.473
0 0 0 0 1 10.5721
0 0 0 0 1 10.6611
0 0 0 0 1 10.6417
0 0 0 0 1 10.8255
0 0 0 0 1 10.8177
0 0 0 0 1 10.9925
0 0 0 0 1 11.0035
0 0 0 0 1 11.058
0 0 0 0 1 11.269
0 0 0 0 1 11.245
0 0 0 0 1 11.3762
0 0 0 0 1 11.5861
0 0 0 0 1 11.6758
0 0 0 0 1 11.7253
0 0 0 0 1 11.8475
0 0 0 0 1 11.8723
0 0 0 0 1 12.0068
0 0 0 0 1 12.0786
0 0 0 0 1 12.2811
0 0 0 0 1 12.2051
0 0 0 0 1 12.4959
0 0 0 0 1 12.5264
0 0 0 0 1 12.7964
0 0 0 0 1 12.8646
0 0 0 0 1 13.0281
0 0 0 0 0 12.965
0 0 0 0 1 13.2994
0 0 0 0 1 13.2158
0 0 0 0 1 13.5411
0 0 0 0 0 13.5577
0 0 0 0 1 13.6957
0 0 0 0 1 13.7691
0 0 0 0 1 14.1454
0 0 0 0 0 14.2711
0 0 0 0 1 14.3632
0 0 0 0 1 14.5362
0 0 0 0 1 14.7338
0 0 0 0 1 14.769
0 0 0 0 1 15.0717
0 0 0 0 0 15.3208
0 0 0 0 1 15.393
0 0 0 0 1 15.634
0 0 0 0 1 15.8958
0 0 0 0 0 16.0798
0 0 0 0 1 16.2475
0 0 0 0 1 16.2606
0 0 0 0 1 16.6335
0 0 0 0 1 16.8694
0 0 0 0 0 16.9114
0 0 0 0 1 17.0962
0 0 0 0 1 17.4198
0 0 0 0 0 17.862
0 0 0 0 1 18.1662
0 0 0 0 1 18.3359
0 0 0 0 1 18.4204
0 0 0 0 1 18.9039
0 0 0 0 1 18.9744
0 0 0 0 1 19.3098
0 0 0 0 1 19.6171
0 0 0 0 1 19.8743
0 0 0 0 1 20.3738
0 0 0 0 0 20.7957
0 0 0 0 1 20.8734
0 0 0 0 1 21.3365
0 0 0 0 1 21.596
0 0 0 0 1 22.1022
0 0 0 0 1 22.2976
0 0 0 0 1 23.1247
0 0 0 0 1 23.5566
0 0 0 0 1 23.9372
0 0 0 0 1 24.4177
0 0 0 0 1 24.8837
0 0 0 0 1 25.1412
0 0 0 0 1 25.5632
0 0 0 0 0 26.3172
0 0 0 0 1 26.6961
0 0 0 0 0 27.8223
0 0 0 0 1 27.9879
0 0 0 0 1 28.786
0 0 0 0 1 29.3057
0 0 0 0 1 30.0586
0 0 0 0 1 30.7906
0 0 0 0 1 31.8792
0 0 0 0 0 32.6076
0 0 0 0 0 33.5272
0 0 0 0 1 34.3108
0 0 0 0 1 35.9168
0 0 0 0 1 36.9593
0 0 0 0 1 38.0702
0 0 0 0 1 38.5868
0 0 0 0 1 39.9027
0 0 0 0 1 41.7784
0 0 0 0 1 43.0457
0 0 0 0 0 44.4968
0 0 0 0 1 46.7539
0 0 0 0 1 48.7119
0 0 0 0 1 50.0344
0 0 0 0 1 52.7791
0 0 0 0 0 54.2944
0 0 0 0 0 57.6137
0 0 0 0 1 60.3701
0 0 0 0 1 55.8674
0 0 0 0 1 55.4016
0 0 0 0 1 55.55
0 0 0 0 0 55.9789
0 0 0 0 1 56.1856
0 0 0 0 1 55.4452
0 0 0 0 0 55.9882
0 0 0 0 1 55.3619
0 0 0 0 0 59.3678
0 0 0 0 0 79.921
0 0 0 0 1 79.6688
0 0 0 0 1 81.0626
0 0 0 0 0 4.99497
0 0 0 0 0 5.01501
0 0 0 0 0 4.97994
0 0 0 0 0 5.00499
0 0 0 0 1 87.287
0 0 0 0 0 87.458
0 0 0 0 1 86.9298
0 0 0 0 0 87.8053
0 0 0 0 1 86.8421
0 0 0 0 1 88.3344
0 0 0 0 0 4.97994
0 0 0 0 0 5.04507
0 0 0 0 0 4.99998
0 0 0 0 0 4.97994
0 0 0 0 0 5.0601
0 0 0 0 0 5.01501
0 0 0 0 1 69.4072
0 0 0 0 0 66.9596
0 0 0 0 1 67.5796
0 0 0 0 0 67.7963
0 0 0 0 0 67.4757
0 0 0 0 1 67.7625
0 0 0 0 1 67.5792
0 0 0 0 0 67.6663
0 0 0 0 1 100.66
0 0 0 0 1 94.6004
0 0 0 0 1 88.294
0 0 0 0 1 84.8167
0 0 0 0 1 80.4759
0 0 0 0 1 77.5266
0 0 0 0 1 73.6466
0 0 0 0 1 70.0912
0 0 0 0 1 68.4532
0 0 0 0 1 65.4345
0 0 0 0 1 62.2164
0 0 0 0 1 61.0253
0 0 0 0 1 58.1175
0 0 0 0 0 56.6965
0 0 0 0 1 55.0433
0 0 0 0 1 52.7571
0 0 0 0 0 51.7806
0 0 0 0 1 49.5683
0 0 0 0 1 48.2628
0 0 0 0 1 47.3048
0 0 0 0 1 45.6347
0 0 0 0 1 44.5289
0 0 0 0 1 43.3571
0 0 0 0 0 42.8754
0 0 0 0 1 41.3037
0 0 0 0 1 40.6087
0 0 0 0 1 39.9997
0 0 0 0 1 38.439
0 0 0 0 1 37.9699
0 0 0 0 1 37.1636
0 0 0 0 0 36.5325
0 0 0 0 0 35.2505
0 0 0 0 1 34.8907
0 0 0 0 1 33.8204
0 0 0 0 1 33.1293
0 0 0 0 0 32.8728
0 0 0 0 1 32.494
0 0 0 0 0 31.7059
0 0 0 0 1 31.2033
0 0 0 0 0 30.8101
0 0 0 0 1 29.9215
0 0 0 0 1 29.7341
0 0 0 0 1 29.2754
0 0 0 0 1 28.5977
0 0 0 0 1 28.0588
0 0 0 0 1 27.588
0 0 0 0 0 27.2371
0 0 0 0 1 26.7427
0 0 0 0 1 26.2344
0 0 0 0 1 25.8269
0 0 0 0 1 25.8147
0 0 0 0 0 25.12
0 0 0 0 1 24.7186
0 0 0 0 1 24.7955
0 0 0 0 0 24.0373
0 0 0 0 1 23.9459
0 0 0 0 1 23.6316
0 0 0 0 1 23.4669
0 0 0 0 0 22.7936
0 0 0 0 1 22.5347
0 0 0 0 1 22.2532
0 0 0 0 1 22.304
0 0 0 0 1 21.7758
0 0 0 0 0 21.5783
0 0 0 0 1 21.1542
0 0 0 0 0 21.2408
0 0 0 0 0 20.7247
0 0 0 0 1 20.4306
0 0 0 0 1 20.4645
0 0 0 0 1 20.3408
0 0 0 0 0 20.1356
0 0 0 0 1 19.6636
0 0 0 0 1 19.6072
0 0 0 0 1 19.3742
0 0 0 0 0 19.2941
0 0 0 0 1 18.7114
0 0 0 0 1 18.7726
0 0 0 0 0 18.5699
0 0 0 0 1 18.1936
0 0 0 0 1 17.9849
0 0 0 0 1 17.948
0 0 0 0 1 17.7844
0 0 0 0 1 17.5414
0 0 0 0 0 17.5189
0 0 0 0 1 17.1823
0 0 0 0 1 17.2531
0 0 0 0 1 16.9539
0 0 0 0 0 16.9025
0 0 0 0 1 16.8419
0 0 0 0 1 16.5393
0 0 0 0 1 16.3471
0 0 0 0 0 16.3026
0 0 0 0 1 16.072
0 0 0 0 1 16.0673
0 0 0 0 1 15.9566
0 0 0 0 1 15.8478
0 0 0 0 0 15.6678
0 0 0 0 1 15.5529
0 0 0 0 1 15.2671
0 0 0 0 0 15.3128
0 0 0 0 1 14.9717
0 0 0 0 1 15.1359
0 0 0 0 1 14.7688
0 0 0 0 1 14.7604
0 0 0 0 0 14.7213
0 0 0 0 1 14.6087
0 0 0 0 1 14.4124
0 0 0 0 0 14.3728
0 0 0 0 0 14.2983
0 0 0 0 1 14.252
0 0 0 0 1 14.0086
0 0 0 0 0 13.9153
0 0 0 0 0 13.9747
0 0 0 0 0 13.8449
0 0 0 0 1 13.6969
0 0 0 0 1 13.5228
0 0 0 0 1 13.4662
0 0 0 0 0 13.428
0 0 0 0 1 13.1765
0 0 0 0 1 13.2395
0 0 0 0 1 13.0121
0 0 0 0 0 13.1307
0 0 0 0 1 12.8923
0 0 0 0 1 12.8059
0 0 0 0 0 12.7118
0 0 0 0 1 12.7834
0 0 0 0 0 12.6891
0 0 0 0 1 12.5862
0 0 0 0 1 12.4678
0 0 0 0 1 12.4576
0 0 0 0 1 12.4468
0 0 0 0 0 12.3988
0 0 0 0 0 12.1432
0 0 0 0 1 12.254
0 0 0 0 1 12.0493
0 0 0 0 0 11.8902
0 0 0 0 1 11.9233
0 0 0 0 1 11.7578
0 0 0 0 1 11.8965
0 0 0 0 1 11.6223
0 0 0 0 1 11.6893
0 0 0 0 1 11.5228
0 0 0 0 0 11.5425
0 0 0 0 1 11.3777
0 0 0 0 1 11.4086
0 0 0 0 1 11.4008
0 0 0 0 1 11.3286
0 0 0 0 0 11.2455
0 0 0 0 1 11.2488
0 0 0 0 1 11.1216
0 0 0 0 1 11.0324
0 0 0 0 1 10.9732
0 0 0 0 1 10.8776
0 0 0 0 1 10.9248
0 0 0 0 1 10.9638
0 0 0 0 1 10.7353
0 0 0 0 0 10.6846
0 0 0 0 1 10.6234
0 0 0 0 1 10.7655
0 0 0 0 1 10.5658
0 0 0 0 1 10.5758
0 0 0 0 1 10.6278
0 0 0 0 1 10.4831
0 0 0 0 1 10.5484
0 0 0 0 1 10.3808
0 0 0 0 1 10.4559
0 0 0 0 1 10.3413
0 0 0 0 1 10.2378
0 0 0 0 1 10.2065
0 0 0 0 1 10.2466
0 0 0 0 0 10.1848
0 0 0 0 1 10.0055
0 0 0 0 1 9.95496
0 0 0 0 1 9.9214
0 0 0 0 1 10.031
0 0 0 0 1 9.92094
0 0 0 0 0 9.82152
0 0 0 0 1 9.79181
0 0 0 0 1 9.88989
0 0 0 0 1 9.75231
0 0 0 0 1 9.67741
0 0 0 0 1 9.65802
0 0 0 0 0 9.61933
0 0 0 0 1 9.69335
0 0 0 0 1 9.66425
0 0 0 0 0 9.49176
0 0 0 0 1 9.45073
0 0 0 0 1 9.43844
0 0 0 0 0 9.39775
0 0 0 0 1 9.47378
0 0 0 0 1 9.34853
0 0 0 0 1 9.42092
0 0 0 0 1 9.37452
0 0 0 0 1 9.39969
0 0 0 0 1 9.20805
0 0 0 0 1 9.20581
0 0 0 0 0 9.16667
0 0 0 0 1 9.25045
0 0 0 0 1 9.14731
0 0 0 0 1 9.18172
0 0 0 0 0 9.01575
0 0 0 0 1 9.005
0 0 0 0 1 9.00007
0 0 0 0 1 9.07959
0 0 0 0 1 9.07772
0 0 0 0 1 9.04899
0 0 0 0 1 8.94571
0 0 0 0 1 8.99776
0 0 0 0 1 8.90741
0 0 0 0 0 8.8442
0 0 0 0 1 8.85751
0 0 0 0 1 8.84435
0 0 0 0 0 8.85217
0 0 0 0 1 8.83371
0 0 0 0 1 8.67232
0 0 0 0 1 8.75036
0 0 0 0 1 8.65092
0 0 0 0 1 8.68538
0 0 0 0 1 8.57292
0 0 0 0 1 8.5575
0 0 0 0 1 8.54056
0 0 0 0 1 8.65741
0 0 0 0 1 8.49156
0 0 0 0 0 8.48364
0 0 0 0 1 8.4978
0 0 0 0 1 8.54941
0 0 0 0 1 8.41961
0 0 0 0 0 8.39176
0 0 0 0 1 8.41464
0 0 0 0 1 8.33663
0 0 0 0 1 8.42672
0 0 0 0 1 8.37425
0 0 0 0 1 8.35914
0 0 0 0 1 8.35717
0 0 0 0 0 8.29714
0 0 0 0 0 8.3369
0 0 0 0 1 8.33521
0 0 0 0 1 8.32535
0 0 0 0 1 8.24151
0 0 0 0 1 8.17455
0 0 0 0 1 8.17353
0 0 0 0 1 8.12352
0 0 0 0 0 8.1881
0 0 0 0 0 8.08142
0 0 0 0 0 8.1216
0 0 0 0 1 8.19416
0 0 0 0 0 8.1046
0 0 0 0 1 8.15696
0 0 0 0 1 8.11637
0 0 0 0 1 8.1324
0 0 0 0 0 8.10829
0 0 0 0 1 8.09241
0 0 0 0 1 7.98864
0 0 0 0 1 8.0212
0 0 0 0 1 7.98578
0 0 0 0 1 7.93881
0 0 0 0 1 7.93187
0 0 0 0 1 7.99646
0 0 0 0 1 7.84282
0 0 0 0 1 7.97876
0 0 0 0 0 7.97584
0 0 0 0 0 7.91425
0 0 0 0 1 7.79794
0 0 0 0 0 7.92566
0 0 0 0 1 7.77414
0 0 0 0 1 7.76862
0 0 0 0 1 7.87271
0 0 0 0 1 7.74567
0 0 0 0 1 7.83738
0 0 0 0 1 7.83226
0 0 0 0 1 7.84286
0 0 0 0 1 7.74801
0 0 0 0 1 7.72796
0 0 0 0 1 7.67716
