0 0 0 0 1 5.49187
0 0 0 0 1 5.52311
0 0 0 0 1 5.61579
0 0 0 0 0 5.60538
0 0 0 0 1 5.63168
0 0 0 0 1 5.55754
0 0 0 0 0 5.63349
0 0 0 0 1 5.58735
0 0 0 0 1 5.6669
0 0 0 0 1 5.64335
0 0 0 0 0 5.61418
0 0 0 0 1 5.5963
0 0 0 0 1 5.63711
0 0 0 0 1 5.70426
0 0 0 0 1 5.70941
0 0 0 0 0 5.65424
0 0 0 0 1 5.72203
0 0 0 0 1 5.72749
0 0 0 0 0 5.76161
0 0 0 0 1 5.69685
0 0 0 0 1 5.70822
0 0 0 0 1 5.78857
0 0 0 0 1 5.71987
0 0 0 0 1 5.77771
0 0 0 0 1 5.82029
0 0 0 0 1 5.8093
0 0 0 0 1 5.7578
0 0 0 0 0 5.79904
0 0 0 0 1 5.75909
0 0 0 0 1 5.8881
0 0 0 0 1 5.87753
0 0 0 0 1 5.79248
0 0 0 0 1 5.82441
0 0 0 0 1 5.83729
0 0 0 0 1 5.91505
0 0 0 0 1 5.91063
0 0 0 0 1 5.88852
0 0 0 0 1 5.97303
0 0 0 0 1 5.90357
0 0 0 0 1 5.93504
0 0 0 0 1 6.01445
0 0 0 0 1 5.93879
0 0 0 0 1 6.01996
0 0 0 0 0 5.97412
0 0 0 0 1 5.97024
0 0 0 0 0 5.99052
0 0 0 0 1 6.08839
0 0 0 0 1 6.03031
0 0 0 0 1 6.05105
0 0 0 0 0 6.05364
0 0 0 0 1 6.08683
0 0 0 0 0 6.10797
0 0 0 0 1 6.15277
0 0 0 0 0 6.16915
0 0 0 0 1 6.19693
0 0 0 0 0 6.24962
0 0 0 0 0 6.14133
0 0 0 0 1 6.27414
0 0 0 0 1 6.20901
0 0 0 0 1 6.24366
0 0 0 0 1 6.2274
0 0 0 0 1 6.24347
0 0 0 0 0 6.27858
0 0 0 0 1 6.28857
0 0 0 0 1 6.36841
0 0 0 0 1 6.31427
0 0 0 0 1 6.39469
0 0 0 0 1 6.35956
0 0 0 0 1 6.4085
0 0 0 0 1 6.40544
0 0 0 0 1 6.47421
0 0 0 0 1 6.44543
0 0 0 0 1 6.44972
0 0 0 0 1 6.49314
0 0 0 0 1 6.58255
0 0 0 0 1 6.50133
0 0 0 0 1 6.59728
0 0 0 0 1 6.64823
0 0 0 0 1 6.55976
0 0 0 0 1 6.67014
0 0 0 0 0 6.62778
0 0 0 0 1 6.733
0 0 0 0 1 6.7381
0 0 0 0 1 6.66859
0 0 0 0 1 6.69318
0 0 0 0 1 6.76541
0 0 0 0 1 6.83813
0 0 0 0 1 6.85666
0 0 0 0 0 6.92331
0 0 0 0 1 6.93531
0 0 0 0 0 6.96117
0 0 0 0 1 7.00146
0 0 0 0 1 6.95109
0 0 0 0 1 6.99109
0 0 0 0 1 6.94719
0 0 0 0 0 6.99438
0 0 0 0 1 7.11916
0 0 0 0 1 7.07498
0 0 0 0 1 7.0945
0 0 0 0 1 7.07834
0 0 0 0 0 7.11222
0 0 0 0 1 7.21831
0 0 0 0 1 7.25965
0 0 0 0 1 7.22897
0 0 0 0 1 7.29236
0 0 0 0 1 7.27599
0 0 0 0 1 7.3546
0 0 0 0 0 7.44192
0 0 0 0 1 7.39557
0 0 0 0 0 7.51258
0 0 0 0 1 7.53356
0 0 0 0 1 7.56173
0 0 0 0 0 7.6202
0 0 0 0 1 7.56523
0 0 0 0 1 7.56341
0 0 0 0 0 7.72931
0 0 0 0 1 7.73512
0 0 0 0 0 7.8026
0 0 0 0 0 7.80843
0 0 0 0 1 7.78293
0 0 0 0 1 7.89059
0 0 0 0 1 7.80197
0 0 0 0 0 7.88566
0 0 0 0 0 7.88306
0 0 0 0 1 8.05544
0 0 0 0 1 7.97285
0 0 0 0 1 8.1474
0 0 0 0 1 8.15318
0 0 0 0 1 8.0849
0 0 0 0 1 8.11451
0 0 0 0 1 8.25056
0 0 0 0 1 8.32984
0 0 0 0 1 8.34364
0 0 0 0 0 8.32325
0 0 0 0 1 8.39482
0 0 0 0 1 8.433
0 0 0 0 1 8.47976
0 0 0 0 1 8.60365
0 0 0 0 0 8.51436
0 0 0 0 1 8.69087
0 0 0 0 1 8.6771
0 0 0 0 1 8.82086
0 0 0 0 1 8.8684
0 0 0 0 1 8.92639
0 0 0 0 1 8.80525
0 0 0 0 1 8.92371
0 0 0 0 1 8.98911
0 0 0 0 0 9.02761
0 0 0 0 1 9.02153
0 0 0 0 1 9.18808
0 0 0 0 1 9.30083
0 0 0 0 1 9.3123
0 0 0 0 1 9.40849
0 0 0 0 1 9.34344
0 0 0 0 1 9.49562
0 0 0 0 0 9.55278
0 0 0 0 0 9.55247
0 0 0 0 1 9.67825
0 0 0 0 1 9.66772
0 0 0 0 1 9.83242
0 0 0 0 1 9.78194
0 0 0 0 1 10.0091
0 0 0 0 1 9.95628
0 0 0 0 1 10.1346
0 0 0 0 1 10.0802
0 0 0 0 1 10.1889
0 0 0 0 1 10.307
0 0 0 0 1 10.3845
0 0 0 0 1 10.5265
0 0 0 0 1 10.479
0 0 0 0 0 10.5355
0 0 0 0 1 10.6752
0 0 0 0 0 10.7857
0 0 0 0 0 10.884
0 0 0 0 1 10.9282
0 0 0 0 0 11.073
0 0 0 0 0 11.1836
0 0 0 0 1 11.0912
0 0 0 0 1 11.3613
0 0 0 0 0 11.3459
0 0 0 0 1 11.386
0 0 0 0 1 11.5177
0 0 0 0 0 11.6969
0 0 0 0 1 11.6632
0 0 0 0 0 11.7371
0 0 0 0 0 11.8674
0 0 0 0 1 11.9502
0 0 0 0 1 12.1212
0 0 0 0 1 12.2379
0 0 0 0 1 12.3921
0 0 0 0 1 12.5632
0 0 0 0 1 12.5517
0 0 0 0 1 12.864
0 0 0 0 1 12.8124
0 0 0 0 0 13.0566
0 0 0 0 1 13.1194
0 0 0 0 1 13.2037
0 0 0 0 0 13.4253
0 0 0 0 0 13.4282
0 0 0 0 1 13.6473
0 0 0 0 1 13.8914
0 0 0 0 1 13.9982
0 0 0 0 1 14.0338
0 0 0 0 1 14.262
0 0 0 0 1 14.29
0 0 0 0 1 14.5196
0 0 0 0 0 14.6719
0 0 0 0 1 14.9884
0 0 0 0 1 15.0066
0 0 0 0 1 15.2693
0 0 0 0 0 15.3084
0 0 0 0 1 15.5259
0 0 0 0 0 15.8648
0 0 0 0 1 16.1979
0 0 0 0 1 16.1804
0 0 0 0 1 16.3878
0 0 0 0 1 16.762
0 0 0 0 1 17.0491
0 0 0 0 1 17.0665
0 0 0 0 0 17.1902
0 0 0 0 1 17.7604
0 0 0 0 1 17.9754
0 0 0 0 1 18.1088
0 0 0 0 1 18.2206
0 0 0 0 1 18.4498
0 0 0 0 0 18.9901
0 0 0 0 0 14.9056
0 0 0 0 1 14.9764
0 0 0 0 1 15.092
0 0 0 0 1 14.7748
0 0 0 0 1 14.9382
0 0 0 0 1 14.8755
0 0 0 0 1 14.8579
0 0 0 0 1 14.7538
0 0 0 0 1 14.8259
0 0 0 0 1 14.6757
0 0 0 0 1 14.7802
0 0 0 0 1 14.6457
0 0 0 0 1 14.7334
0 0 0 0 1 14.8382
0 0 0 0 1 14.8229
0 0 0 0 1 14.7952
0 0 0 0 0 14.7363
0 0 0 0 1 14.766
0 0 0 0 1 14.6069
0 0 0 0 1 14.7106
0 0 0 0 1 14.6257
0 0 0 0 1 14.5686
0 0 0 0 1 14.6161
0 0 0 0 1 14.545
0 0 0 0 1 14.5492
0 0 0 0 1 14.5519
0 0 0 0 1 14.5127
0 0 0 0 0 14.691
0 0 0 0 0 14.594
0 0 0 0 1 14.4681
0 0 0 0 1 14.6662
0 0 0 0 1 14.9458
0 0 0 0 1 15.4998
0 0 0 0 1 16.1055
0 0 0 0 0 16.7253
0 0 0 0 1 17.1334
0 0 0 0 1 17.7197
0 0 0 0 1 18.3176
0 0 0 0 1 46.5138
0 0 0 0 1 48.0734
0 0 0 0 0 50.7192
0 0 0 0 0 52.3437
0 0 0 0 1 42.7662
0 0 0 0 1 42.4938
0 0 0 0 1 42.6471
0 0 0 0 1 42.7586
0 0 0 0 1 42.9567
0 0 0 0 1 42.2192
0 0 0 0 0 42.9282
0 0 0 0 1 42.1936
0 0 0 0 0 42.4366
0 0 0 0 1 42.2136
0 0 0 0 1 42.7977
0 0 0 0 1 44.6075
0 0 0 0 0 5.04006
0 0 0 0 0 4.99998
0 0 0 0 0 4.9599
0 0 0 0 0 5.03004
0 0 0 0 1 35.0581
0 0 0 0 1 35.6916
0 0 0 0 1 35.3346
0 0 0 0 0 35.3322
0 0 0 0 1 35.72
0 0 0 0 1 35.5065
0 0 0 0 1 35.046
0 0 0 0 1 35.7543
0 0 0 0 1 35.4368
0 0 0 0 1 35.7216
0 0 0 0 0 35.0868
0 0 0 0 1 35.5146
0 0 0 0 1 35.0581
0 0 0 0 0 4.96491
0 0 0 0 0 5.00499
0 0 0 0 0 4.96491
0 0 0 0 0 4.98495
0 0 0 0 0 5.02503
0 0 0 0 0 5.01501
0 0 0 0 0 5.0601
0 0 0 0 0 4.99497
0 0 0 0 0 4.96992
0 0 0 0 0 4.9599
0 0 0 0 1 100.483
0 0 0 0 1 94.7314
0 0 0 0 1 24.7598
0 0 0 0 1 23.7111
0 0 0 0 1 22.5855
0 0 0 0 1 21.5609
0 0 0 0 1 20.4822
0 0 0 0 1 20.635
0 0 0 0 1 20.6857
0 0 0 0 1 20.5931
0 0 0 0 1 20.7062
0 0 0 0 1 20.5321
0 0 0 0 1 20.3992
0 0 0 0 0 20.493
0 0 0 0 1 20.6284
0 0 0 0 1 20.6201
0 0 0 0 1 20.4061
0 0 0 0 0 20.8315
0 0 0 0 1 20.826
0 0 0 0 1 20.7987
0 0 0 0 0 20.6271
0 0 0 0 0 20.4762
0 0 0 0 1 20.8223
0 0 0 0 1 20.5063
0 0 0 0 1 20.8536
0 0 0 0 1 20.685
0 0 0 0 0 20.8677
0 0 0 0 1 20.7392
0 0 0 0 1 20.6941
0 0 0 0 0 37.4274
0 0 0 0 1 36.2471
0 0 0 0 1 35.3528
0 0 0 0 1 35.0366
0 0 0 0 1 33.8612
0 0 0 0 1 33.85
0 0 0 0 1 33.0127
0 0 0 0 1 32.0837
0 0 0 0 1 31.7789
0 0 0 0 1 31.1824
0 0 0 0 0 30.6988
0 0 0 0 0 30.013
0 0 0 0 1 29.4803
0 0 0 0 1 29.0264
0 0 0 0 1 28.4961
0 0 0 0 1 27.9875
0 0 0 0 1 27.9337
0 0 0 0 1 27.1421
0 0 0 0 0 26.9084
0 0 0 0 1 26.3018
0 0 0 0 1 26.0146
0 0 0 0 1 25.5129
0 0 0 0 1 25.2779
0 0 0 0 1 24.9246
0 0 0 0 1 24.7194
0 0 0 0 1 24.4569
0 0 0 0 1 24.0589
0 0 0 0 1 23.7813
0 0 0 0 1 23.3823
0 0 0 0 0 23.0646
0 0 0 0 1 22.7838
0 0 0 0 1 22.3425
0 0 0 0 1 22.3232
0 0 0 0 1 22.0167
0 0 0 0 1 21.8262
0 0 0 0 1 21.454
0 0 0 0 1 21.336
0 0 0 0 1 20.944
0 0 0 0 1 20.8035
0 0 0 0 1 20.2716
0 0 0 0 0 20.2624
0 0 0 0 1 19.868
0 0 0 0 1 19.6266
0 0 0 0 1 19.6585
0 0 0 0 1 19.4058
0 0 0 0 1 19.068
0 0 0 0 1 19.1023
0 0 0 0 1 18.9074
0 0 0 0 1 18.7407
0 0 0 0 1 18.4545
0 0 0 0 1 18.0616
0 0 0 0 1 17.9074
0 0 0 0 1 18.0116
0 0 0 0 1 17.5106
0 0 0 0 0 17.5938
0 0 0 0 1 17.3606
0 0 0 0 0 17.129
0 0 0 0 1 17.0102
0 0 0 0 0 16.7562
0 0 0 0 1 16.6046
0 0 0 0 1 16.5617
0 0 0 0 1 16.468
0 0 0 0 1 16.4065
0 0 0 0 0 16.1823
0 0 0 0 1 15.9936
0 0 0 0 1 15.7496
0 0 0 0 1 15.6882
0 0 0 0 1 15.4958
0 0 0 0 0 15.6285
0 0 0 0 0 15.4585
0 0 0 0 0 15.4115
0 0 0 0 1 15.0242
0 0 0 0 0 14.9782
0 0 0 0 1 14.9164
0 0 0 0 1 14.6643
0 0 0 0 1 14.6409
0 0 0 0 0 14.6748
0 0 0 0 1 14.3827
0 0 0 0 1 14.3952
0 0 0 0 1 14.3778
0 0 0 0 1 14.0762
0 0 0 0 1 14.0308
0 0 0 0 1 13.9096
0 0 0 0 1 13.8361
0 0 0 0 1 13.6607
0 0 0 0 1 13.7518
0 0 0 0 1 13.6672
0 0 0 0 1 13.4531
0 0 0 0 1 13.3213
0 0 0 0 1 13.3633
0 0 0 0 0 13.2931
0 0 0 0 1 13.0784
0 0 0 0 1 13.0746
0 0 0 0 1 13.0701
0 0 0 0 1 12.8456
0 0 0 0 1 12.7337
0 0 0 0 1 12.8693
0 0 0 0 1 12.7619
0 0 0 0 1 12.5247
0 0 0 0 1 12.5818
0 0 0 0 1 12.5295
0 0 0 0 1 12.4814
0 0 0 0 0 12.4129
0 0 0 0 0 12.2427
0 0 0 0 1 12.0859
0 0 0 0 0 12.0712
0 0 0 0 1 12.0441
0 0 0 0 1 11.997
0 0 0 0 1 11.9459
0 0 0 0 1 11.7807
0 0 0 0 1 11.7891
0 0 0 0 1 11.7852
0 0 0 0 1 11.5135
0 0 0 0 1 11.626
0 0 0 0 1 11.4492
0 0 0 0 1 11.3425
0 0 0 0 1 11.3162
0 0 0 0 0 11.4447
0 0 0 0 1 11.3348
0 0 0 0 0 11.1396
0 0 0 0 0 11.1544
0 0 0 0 1 11.0835
0 0 0 0 1 11.0756
0 0 0 0 1 11.0676
0 0 0 0 1 11.0593
0 0 0 0 0 10.9637
0 0 0 0 1 10.8035
0 0 0 0 1 10.9037
0 0 0 0 1 10.6911
0 0 0 0 0 10.6193
0 0 0 0 0 10.5585
0 0 0 0 0 10.7032
0 0 0 0 1 10.621
0 0 0 0 1 10.4973
0 0 0 0 1 10.4895
0 0 0 0 0 10.3949
0 0 0 0 1 10.294
0 0 0 0 1 10.3452
0 0 0 0 1 10.2416
0 0 0 0 1 10.1797
0 0 0 0 0 10.2201
0 0 0 0 0 10.0873
0 0 0 0 1 10.1881
0 0 0 0 1 10.12
0 0 0 0 1 10.0591
0 0 0 0 1 9.89862
0 0 0 0 1 9.86867
0 0 0 0 1 10.0041
0 0 0 0 1 9.9737
0 0 0 0 1 9.79265
0 0 0 0 1 9.73372
0 0 0 0 1 9.75325
0 0 0 0 1 9.68502
0 0 0 0 1 9.64303
0 0 0 0 1 9.67209
0 0 0 0 1 9.65917
0 0 0 0 1 9.52163
0 0 0 0 1 9.49333
0 0 0 0 1 9.50952
0 0 0 0 0 9.41496
0 0 0 0 0 9.43119
0 0 0 0 1 9.37191
0 0 0 0 1 9.33501
0 0 0 0 1 9.26704
0 0 0 0 0 9.36725
0 0 0 0 0 9.21266
0 0 0 0 0 9.27857
0 0 0 0 0 9.22078
0 0 0 0 1 9.13573
0 0 0 0 0 9.25298
0 0 0 0 1 9.13178
0 0 0 0 1 9.06603
0 0 0 0 1 9.09151
0 0 0 0 1 9.11683
0 0 0 0 1 9.09686
0 0 0 0 0 8.92975
0 0 0 0 1 9.03612
0 0 0 0 1 9.04018
0 0 0 0 1 9.01179
0 0 0 0 1 8.90353
0 0 0 0 1 8.89351
0 0 0 0 1 8.85706
0 0 0 0 1 8.89685
0 0 0 0 1 8.72
0 0 0 0 1 8.77211
0 0 0 0 1 8.79099
0 0 0 0 0 8.79909
0 0 0 0 1 8.76033
0 0 0 0 0 8.5951
0 0 0 0 1 8.64364
0 0 0 0 0 8.63502
0 0 0 0 0 8.54558
0 0 0 0 1 8.50309
0 0 0 0 1 8.58573
0 0 0 0 1 8.5776
0 0 0 0 1 8.5235
0 0 0 0 1 8.57164
0 0 0 0 1 8.50943
0 0 0 0 1 8.47293
0 0 0 0 1 8.4029
0 0 0 0 1 8.35375
0 0 0 0 1 8.36842
0 0 0 0 1 8.31608
0 0 0 0 1 8.28076
0 0 0 0 1 8.38739
0 0 0 0 1 8.37254
0 0 0 0 1 8.28779
0 0 0 0 1 8.33593
0 0 0 0 1 8.2893
0 0 0 0 1 8.1807
0 0 0 0 1 8.18786
0 0 0 0 1 8.15401
0 0 0 0 1 8.25148
0 0 0 0 0 8.20146
0 0 0 0 0 8.11092
0 0 0 0 1 8.17558
0 0 0 0 1 8.15066
0 0 0 0 1 8.13406
0 0 0 0 0 8.0205
0 0 0 0 0 8.10134
0 0 0 0 0 8.09329
0 0 0 0 1 8.08131
0 0 0 0 1 8.04138
0 0 0 0 0 8.05783
0 0 0 0 1 7.92229
0 0 0 0 0 7.99504
0 0 0 0 1 8.03953
0 0 0 0 1 7.96872
0 0 0 0 1 7.8983
0 0 0 0 1 7.8917
0 0 0 0 1 7.92484
0 0 0 0 1 7.82715
0 0 0 0 1 7.90787
0 0 0 0 1 7.93328
0 0 0 0 1 7.81271
0 0 0 0 1 7.9204
0 0 0 0 0 7.82051
0 0 0 0 0 7.90903
0 0 0 0 1 7.79413
0 0 0 0 1 7.75319
0 0 0 0 1 7.74047
0 0 0 0 0 7.77461
0 0 0 0 1 7.79636
0 0 0 0 1 7.69089
0 0 0 0 1 7.71287
