0 0 0 0 1 5.57088
0 0 0 0 1 5.46958
0 0 0 0 1 5.56175
0 0 0 0 0 5.57911
0 0 0 0 1 5.53317
0 0 0 0 1 5.59838
0 0 0 0 1 5.58496
0 0 0 0 0 5.57811
0 0 0 0 0 5.55686
0 0 0 0 1 5.62278
0 0 0 0 1 5.54347
0 0 0 0 1 5.58177
0 0 0 0 0 5.59434
0 0 0 0 1 5.61614
0 0 0 0 1 5.58175
0 0 0 0 1 5.63407
0 0 0 0 1 5.71289
0 0 0 0 1 5.68636
0 0 0 0 1 5.64085
0 0 0 0 1 5.65403
0 0 0 0 0 5.7451
0 0 0 0 1 5.72253
0 0 0 0 1 5.68279
0 0 0 0 1 5.78621
0 0 0 0 0 5.74261
0 0 0 0 1 5.73742
0 0 0 0 0 5.76685
0 0 0 0 1 5.7635
0 0 0 0 1 5.73541
0 0 0 0 1 5.75362
0 0 0 0 1 5.7894
0 0 0 0 1 5.82542
0 0 0 0 1 5.81653
0 0 0 0 1 5.87621
0 0 0 0 1 5.89525
0 0 0 0 1 5.8499
0 0 0 0 0 5.8691
0 0 0 0 1 5.83682
0 0 0 0 1 5.927
0 0 0 0 1 5.9289
0 0 0 0 1 5.96052
0 0 0 0 1 5.88534
0 0 0 0 1 6.00054
0 0 0 0 1 5.96701
0 0 0 0 1 5.9633
0 0 0 0 1 6.02565
0 0 0 0 1 5.98005
0 0 0 0 1 6.00061
0 0 0 0 1 6.02736
0 0 0 0 1 6.11488
0 0 0 0 1 6.09352
0 0 0 0 1 6.07818
0 0 0 0 0 6.11673
0 0 0 0 1 6.18108
0 0 0 0 1 6.13523
0 0 0 0 1 6.17018
0 0 0 0 0 6.14883
0 0 0 0 1 6.18212
0 0 0 0 1 6.2538
0 0 0 0 1 6.26367
0 0 0 0 1 6.19788
0 0 0 0 1 6.30783
0 0 0 0 1 6.31172
0 0 0 0 1 6.32115
0 0 0 0 0 6.30067
0 0 0 0 0 6.31015
0 0 0 0 1 6.28876
0 0 0 0 1 6.33013
0 0 0 0 0 6.32783
0 0 0 0 1 6.38243
0 0 0 0 0 6.36099
0 0 0 0 1 6.48054
0 0 0 0 1 6.40174
0 0 0 0 1 6.43132
0 0 0 0 1 6.46176
0 0 0 0 0 6.51131
0 0 0 0 1 6.55465
0 0 0 0 1 6.50035
0 0 0 0 1 6.56367
0 0 0 0 1 6.65389
0 0 0 0 0 6.59264
0 0 0 0 1 6.61085
0 0 0 0 1 6.73538
0 0 0 0 1 6.64641
0 0 0 0 1 6.71141
0 0 0 0 1 6.76335
0 0 0 0 1 6.76144
0 0 0 0 1 6.80753
0 0 0 0 1 6.77841
0 0 0 0 1 6.82432
0 0 0 0 1 6.90487
0 0 0 0 0 6.9377
0 0 0 0 0 6.97763
0 0 0 0 1 6.93443
0 0 0 0 1 7.03067
0 0 0 0 1 6.9523
0 0 0 0 1 7.09056
0 0 0 0 1 7.02569
0 0 0 0 0 7.00982
0 0 0 0 1 7.05016
0 0 0 0 1 7.11262
0 0 0 0 1 7.19015
0 0 0 0 1 7.16675
0 0 0 0 1 7.18677
0 0 0 0 1 7.22822
0 0 0 0 1 7.35771
0 0 0 0 1 7.32686
0 0 0 0 1 7.32576
0 0 0 0 1 7.30164
0 0 0 0 1 7.34384
0 0 0 0 1 7.49827
0 0 0 0 0 7.40693
0 0 0 0 1 7.56989
0 0 0 0 1 7.60625
0 0 0 0 1 7.61218
0 0 0 0 1 7.59514
0 0 0 0 1 7.57776
0 0 0 0 0 7.74441
0 0 0 0 0 7.68858
0 0 0 0 0 7.81853
0 0 0 0 1 7.71551
0 0 0 0 1 7.75211
0 0 0 0 1 7.85129
0 0 0 0 1 7.82523
0 0 0 0 1 7.9099
0 0 0 0 1 8.01111
0 0 0 0 0 7.99281
0 0 0 0 1 8.09449
0 0 0 0 1 8.03483
0 0 0 0 1 8.20339
0 0 0 0 1 8.20871
0 0 0 0 1 8.28783
0 0 0 0 1 8.2599
0 0 0 0 1 8.28125
0 0 0 0 1 8.43693
0 0 0 0 1 8.45885
0 0 0 0 1 8.53139
0 0 0 0 1 8.45134
0 0 0 0 1 8.48118
0 0 0 0 0 8.65776
0 0 0 0 0 8.67907
0 0 0 0 0 8.65741
0 0 0 0 1 8.818
0 0 0 0 0 8.83195
0 0 0 0 1 8.86188
0 0 0 0 1 8.85606
0 0 0 0 1 8.88547
0 0 0 0 1 9.0688
0 0 0 0 1 9.04455
0 0 0 0 1 9.07417
0 0 0 0 1 9.24128
0 0 0 0 1 9.18936
0 0 0 0 1 9.35813
0 0 0 0 1 9.44339
0 0 0 0 1 9.36081
0 0 0 0 0 9.5133
0 0 0 0 1 9.51352
0 0 0 0 1 9.6378
0 0 0 0 1 9.64837
0 0 0 0 1 9.6766
0 0 0 0 1 9.77302
0 0 0 0 1 9.93906
0 0 0 0 1 9.85844
0 0 0 0 1 10.0459
0 0 0 0 1 10.1128
0 0 0 0 1 10.1915
0 0 0 0 1 10.1872
0 0 0 0 1 10.2437
0 0 0 0 1 10.2811
0 0 0 0 1 10.3581
0 0 0 0 1 10.6036
0 0 0 0 1 10.6081
0 0 0 0 1 10.7913
0 0 0 0 1 10.8255
0 0 0 0 1 10.7526
0 0 0 0 0 10.9925
0 0 0 0 1 11.0366
0 0 0 0 1 11.1247
0 0 0 0 1 11.1346
0 0 0 0 1 11.1885
0 0 0 0 1 11.4104
0 0 0 0 0 11.4367
0 0 0 0 0 11.5948
0 0 0 0 1 11.7954
0 0 0 0 1 11.8829
0 0 0 0 0 11.8128
0 0 0 0 1 11.8989
0 0 0 0 1 12.0665
0 0 0 0 1 12.2933
0 0 0 0 0 12.3408
0 0 0 0 1 12.4088
0 0 0 0 1 12.5264
0 0 0 0 0 12.5681
0 0 0 0 1 12.7878
0 0 0 0 1 13.054
0 0 0 0 1 13.0303
0 0 0 0 1 13.2202
0 0 0 0 1 13.3623
0 0 0 0 1 13.4468
0 0 0 0 1 13.5713
0 0 0 0 1 13.7919
0 0 0 0 1 14.0331
0 0 0 0 1 14.1454
0 0 0 0 1 14.3421
0 0 0 0 1 14.3345
0 0 0 0 1 14.5217
0 0 0 0 1 14.7338
0 0 0 0 1 14.8729
0 0 0 0 1 14.9066
0 0 0 0 1 15.2296
0 0 0 0 1 15.2699
0 0 0 0 1 15.5407
0 0 0 0 1 15.8486
0 0 0 0 0 15.7926
0 0 0 0 1 16.1021
0 0 0 0 0 16.4078
0 0 0 0 1 16.4512
0 0 0 0 0 16.8526
0 0 0 0 0 17.0816
0 0 0 0 1 17.355
0 0 0 0 1 17.6646
0 0 0 0 1 17.7733
0 0 0 0 1 17.9144
0 0 0 0 1 18.0987
0 0 0 0 1 18.4389
0 0 0 0 1 18.7724
0 0 0 0 1 18.8791
0 0 0 0 0 19.4454
0 0 0 0 1 19.5187
0 0 0 0 0 20.1742
0 0 0 0 0 20.2316
0 0 0 0 0 20.7131
0 0 0 0 1 21.1674
0 0 0 0 0 21.187
0 0 0 0 1 21.7915
0 0 0 0 1 22.0137
0 0 0 0 1 22.5904
0 0 0 0 1 23.0329
0 0 0 0 1 23.1827
0 0 0 0 0 23.699
0 0 0 0 1 24.442
0 0 0 0 1 24.9085
0 0 0 0 1 25.0906
0 0 0 0 1 25.6149
0 0 0 0 1 26.1326
0 0 0 0 0 26.9116
0 0 0 0 1 27.7121
0 0 0 0 1 28.0724
0 0 0 0 1 29.0744
0 0 0 0 1 29.6307
0 0 0 0 1 30.21
0 0 0 0 0 31.2252
0 0 0 0 0 31.5926
0 0 0 0 1 33.0328
0 0 0 0 1 33.4936
0 0 0 0 1 34.4836
0 0 0 0 1 35.7745
0 0 0 0 1 36.3366
0 0 0 0 1 37.5792
0 0 0 0 1 38.5868
0 0 0 0 1 40.5872
0 0 0 0 0 42.0283
0 0 0 0 1 42.7437
0 0 0 0 0 44.8993
0 0 0 0 1 46.1039
0 0 0 0 1 48.7119
0 0 0 0 1 50.0344
0 0 0 0 1 52.3594
0 0 0 0 1 54.3492
0 0 0 0 1 57.0393
0 0 0 0 1 60.7923
0 0 0 0 1 55.9232
0 0 0 0 1 55.9596
0 0 0 0 1 56.1635
0 0 0 0 1 56.0904
0 0 0 0 0 56.0183
0 0 0 0 1 56.0582
0 0 0 0 1 55.3754
0 0 0 0 1 55.3062
0 0 0 0 1 58.7154
0 0 0 0 1 78.9686
0 0 0 0 1 79.9862
0 0 0 0 1 79.9334
0 0 0 0 0 5.00499
0 0 0 0 0 5.01501
0 0 0 0 0 5.0601
0 0 0 0 0 4.9599
0 0 0 0 1 87.1994
0 0 0 0 1 87.0199
0 0 0 0 1 87.7185
0 0 0 0 1 87.2795
0 0 0 0 0 87.8061
0 0 0 0 1 88.5096
0 0 0 0 0 5.05008
0 0 0 0 0 5.05509
0 0 0 0 0 4.98996
0 0 0 0 0 5.02002
0 0 0 0 0 4.99497
0 0 0 0 0 5.01501
0 0 0 0 1 69.2692
0 0 0 0 0 67.4985
0 0 0 0 1 67.0406
0 0 0 0 1 67.9985
0 0 0 0 1 67.2061
0 0 0 0 1 67.2231
0 0 0 0 1 68.1188
0 0 0 0 1 66.9917
0 0 0 0 0 100.561
0 0 0 0 1 94.2239
0 0 0 0 1 88.8291
0 0 0 0 1 85.5793
0 0 0 0 1 81.2831
0 0 0 0 1 76.9871
0 0 0 0 1 73.4992
0 0 0 0 1 70.5152
0 0 0 0 1 68.3853
0 0 0 0 1 65.3692
0 0 0 0 1 63.2847
0 0 0 0 1 60.4192
0 0 0 0 1 58.7027
0 0 0 0 1 56.0175
0 0 0 0 1 54.9886
0 0 0 0 1 53.341
0 0 0 0 0 51.163
0 0 0 0 1 50.0679
0 0 0 0 1 48.9426
0 0 0 0 0 46.9743
0 0 0 0 1 45.4969
0 0 0 0 0 44.9317
0 0 0 0 1 43.7497
0 0 0 0 0 42.1948
0 0 0 0 1 41.9264
0 0 0 0 1 40.7708
0 0 0 0 1 39.7225
0 0 0 0 0 38.5165
0 0 0 0 1 37.7806
0 0 0 0 1 36.793
0 0 0 0 0 36.0972
0 0 0 0 1 35.748
0 0 0 0 0 34.4728
0 0 0 0 1 34.4688
0 0 0 0 1 33.7651
0 0 0 0 0 32.6758
0 0 0 0 0 32.075
0 0 0 0 1 31.4528
0 0 0 0 1 30.8614
0 0 0 0 1 30.5047
0 0 0 0 1 29.8315
0 0 0 0 1 29.7046
0 0 0 0 0 28.9853
0 0 0 0 1 28.3123
0 0 0 0 1 27.8341
0 0 0 0 1 27.7816
0 0 0 0 0 27.2916
0 0 0 0 1 26.7427
0 0 0 0 1 26.4456
0 0 0 0 1 26.035
0 0 0 0 1 25.5071
0 0 0 0 1 25.1958
0 0 0 0 1 24.893
0 0 0 0 1 24.6235
0 0 0 0 1 24.3524
0 0 0 0 1 23.8742
0 0 0 0 0 23.4665
0 0 0 0 1 23.1876
0 0 0 0 1 23.1383
0 0 0 0 1 22.7389
0 0 0 0 1 22.3428
0 0 0 0 0 21.95
0 0 0 0 0 21.7758
0 0 0 0 1 21.4055
0 0 0 0 1 21.2182
0 0 0 0 1 21.2197
0 0 0 0 1 21.0583
0 0 0 0 1 20.4513
0 0 0 0 1 20.3422
0 0 0 0 1 20.2199
0 0 0 0 1 19.9562
0 0 0 0 1 19.6833
0 0 0 0 1 19.4317
0 0 0 0 0 19.1426
0 0 0 0 0 19.084
0 0 0 0 0 18.9382
0 0 0 0 0 18.5854
0 0 0 0 1 18.6996
0 0 0 0 0 18.1936
0 0 0 0 1 18.0031
0 0 0 0 1 18.038
0 0 0 0 1 17.7666
0 0 0 0 1 17.7355
0 0 0 0 1 17.379
0 0 0 0 1 17.3382
0 0 0 0 1 17.1157
0 0 0 0 1 17.0899
0 0 0 0 1 17.0036
0 0 0 0 1 16.6414
0 0 0 0 0 16.5062
0 0 0 0 0 16.3964
0 0 0 0 1 16.1562
0 0 0 0 1 16.2011
0 0 0 0 1 15.9072
0 0 0 0 1 16.0042
0 0 0 0 1 15.8321
0 0 0 0 1 15.7302
0 0 0 0 1 15.4135
0 0 0 0 1 15.436
0 0 0 0 1 15.2518
0 0 0 0 0 15.1835
0 0 0 0 1 14.8509
0 0 0 0 1 15.0219
0 0 0 0 1 14.6422
0 0 0 0 0 14.736
0 0 0 0 1 14.5359
0 0 0 0 1 14.3257
0 0 0 0 1 14.2581
0 0 0 0 1 14.1844
0 0 0 0 1 13.9975
0 0 0 0 1 13.9384
0 0 0 0 1 13.985
0 0 0 0 0 13.947
0 0 0 0 0 13.8861
0 0 0 0 0 13.6423
0 0 0 0 0 13.4279
0 0 0 0 1 13.4662
0 0 0 0 1 13.5217
0 0 0 0 1 13.2297
0 0 0 0 0 13.2263
0 0 0 0 1 13.0777
0 0 0 0 1 13.0003
0 0 0 0 1 12.9182
0 0 0 0 0 12.9477
0 0 0 0 1 12.8142
0 0 0 0 1 12.5926
0 0 0 0 1 12.6512
0 0 0 0 1 12.5611
0 0 0 0 0 12.5678
0 0 0 0 1 12.5445
0 0 0 0 1 12.3727
0 0 0 0 1 12.3006
0 0 0 0 1 12.2652
0 0 0 0 1 12.2055
0 0 0 0 0 12.1699
0 0 0 0 1 11.9862
0 0 0 0 1 11.9591
0 0 0 0 0 11.9595
0 0 0 0 0 11.684
0 0 0 0 1 11.8219
0 0 0 0 1 11.6543
0 0 0 0 1 11.6738
0 0 0 0 1 11.4847
0 0 0 0 1 11.5501
0 0 0 0 1 11.5343
0 0 0 0 1 11.3439
0 0 0 0 1 11.3739
0 0 0 0 1 11.1442
0 0 0 0 1 11.26
0 0 0 0 1 11.0548
0 0 0 0 1 11.21
0 0 0 0 0 10.9842
0 0 0 0 1 11.0424
0 0 0 0 1 10.8701
0 0 0 0 0 10.8659
0 0 0 0 1 10.7895
0 0 0 0 1 10.7709
0 0 0 0 0 10.8058
0 0 0 0 1 10.6587
0 0 0 0 1 10.6614
0 0 0 0 1 10.4806
0 0 0 0 1 10.5013
0 0 0 0 1 10.4202
0 0 0 0 1 10.5066
0 0 0 0 0 10.3392
0 0 0 0 1 10.4559
0 0 0 0 0 10.3929
0 0 0 0 1 10.2789
0 0 0 0 1 10.1349
0 0 0 0 1 10.0837
0 0 0 0 1 10.0935
0 0 0 0 0 10.1065
0 0 0 0 1 10.1561
0 0 0 0 0 9.96149
0 0 0 0 1 10.0011
0 0 0 0 1 10.0402
0 0 0 0 0 9.89083
0 0 0 0 1 9.91014
0 0 0 0 1 9.89971
0 0 0 0 1 9.73275
0 0 0 0 1 9.70667
0 0 0 0 1 9.6483
0 0 0 0 0 9.74514
0 0 0 0 1 9.63548
0 0 0 0 1 9.62582
0 0 0 0 0 9.62572
0 0 0 0 0 9.57471
0 0 0 0 1 9.562
0 0 0 0 1 9.4546
0 0 0 0 1 9.40773
0 0 0 0 0 9.36734
0 0 0 0 1 9.34593
0 0 0 0 0 9.30916
0 0 0 0 1 9.28801
0 0 0 0 1 9.2359
0 0 0 0 1 9.33534
0 0 0 0 1 9.17589
0 0 0 0 1 9.19533
0 0 0 0 0 9.2114
0 0 0 0 1 9.19997
0 0 0 0 1 9.00665
0 0 0 0 1 9.01407
0 0 0 0 1 8.99102
0 0 0 0 1 9.05254
0 0 0 0 1 8.99683
0 0 0 0 1 8.96836
0 0 0 0 0 8.95465
0 0 0 0 0 8.96213
0 0 0 0 0 8.863
0 0 0 0 0 8.89732
0 0 0 0 1 8.77803
0 0 0 0 1 8.85316
0 0 0 0 1 8.82582
0 0 0 0 0 8.70238
0 0 0 0 1 8.67232
0 0 0 0 1 8.672
0 0 0 0 0 8.70304
0 0 0 0 1 8.67672
0 0 0 0 0 8.59882
0 0 0 0 1 8.60921
0 0 0 0 1 8.61789
0 0 0 0 1 8.49455
0 0 0 0 1 8.49156
0 0 0 0 1 8.5348
0 0 0 0 1 8.52332
0 0 0 0 1 8.4137
0 0 0 0 1 8.52961
0 0 0 0 0 8.50151
0 0 0 0 1 8.39779
0 0 0 0 1 8.43747
0 0 0 0 0 8.44349
0 0 0 0 1 8.33242
0 0 0 0 1 8.27571
0 0 0 0 1 8.39047
0 0 0 0 1 8.2224
0 0 0 0 0 8.20431
0 0 0 0 1 8.29386
0 0 0 0 1 8.3171
0 0 0 0 1 8.24151
0 0 0 0 1 8.27313
0 0 0 0 0 8.28011
0 0 0 0 1 8.1317
0 0 0 0 0 8.24524
0 0 0 0 1 8.09771
0 0 0 0 1 8.14599
0 0 0 0 0 8.16171
0 0 0 0 0 8.16127
0 0 0 0 1 8.04379
0 0 0 0 0 8.11637
0 0 0 0 0 8.10824
0 0 0 0 1 7.96365
0 0 0 0 1 8.06835
0 0 0 0 0 7.94061
0 0 0 0 1 7.90935
0 0 0 0 0 8.01769
0 0 0 0 1 7.94677
0 0 0 0 1 7.99545
0 0 0 0 1 7.86954
0 0 0 0 1 7.93789
0 0 0 0 1 7.94713
0 0 0 0 1 7.92056
0 0 0 0 1 7.85119
0 0 0 0 1 7.93957
0 0 0 0 1 7.79998
0 0 0 0 0 7.78199
0 0 0 0 1 7.82344
0 0 0 0 1 7.88052
0 0 0 0 1 7.80032
0 0 0 0 1 7.85297
0 0 0 0 1 7.85562
0 0 0 0 1 7.79622
0 0 0 0 1 7.6859
0 0 0 0 1 7.6892
0 0 0 0 0 7.75455
