0 0 0 0 0 5.47711
0 0 0 0 1 5.53035
0 0 0 0 1 5.47874
0 0 0 0 1 5.57911
0 0 0 0 0 5.56092
0 0 0 0 1 5.60394
0 0 0 0 1 5.57383
0 0 0 0 0 5.57811
0 0 0 0 1 5.60149
0 0 0 0 1 5.61161
0 0 0 0 1 5.62186
0 0 0 0 1 5.62104
0 0 0 0 1 5.60557
0 0 0 0 0 5.67242
0 0 0 0 1 5.60994
0 0 0 0 1 5.61713
0 0 0 0 1 5.68461
0 0 0 0 0 5.69769
0 0 0 0 1 5.62383
0 0 0 0 1 5.71653
0 0 0 0 0 5.654
0 0 0 0 1 5.74535
0 0 0 0 1 5.67136
0 0 0 0 1 5.78048
0 0 0 0 1 5.6795
0 0 0 0 0 5.70867
0 0 0 0 1 5.72652
0 0 0 0 0 5.80966
0 0 0 0 1 5.81635
0 0 0 0 0 5.74782
0 0 0 0 1 5.85908
0 0 0 0 1 5.87197
0 0 0 0 1 5.86898
0 0 0 0 0 5.85869
0 0 0 0 0 5.83085
0 0 0 0 1 5.88511
0 0 0 0 1 5.82793
0 0 0 0 1 5.87216
0 0 0 0 1 5.87387
0 0 0 0 1 5.97624
0 0 0 0 1 5.87749
0 0 0 0 1 5.89128
0 0 0 0 0 5.95287
0 0 0 0 0 5.93714
0 0 0 0 1 6.0112
0 0 0 0 1 5.95363
0 0 0 0 0 5.98005
0 0 0 0 1 5.97649
0 0 0 0 1 6.02131
0 0 0 0 0 6.04822
0 0 0 0 1 6.03884
0 0 0 0 1 6.05382
0 0 0 0 1 6.1534
0 0 0 0 1 6.08306
0 0 0 0 1 6.17822
0 0 0 0 1 6.13942
0 0 0 0 1 6.2105
0 0 0 0 1 6.16356
0 0 0 0 0 6.26621
0 0 0 0 1 6.21391
0 0 0 0 1 6.2915
0 0 0 0 1 6.21397
0 0 0 0 0 6.25525
0 0 0 0 1 6.2393
0 0 0 0 0 6.30067
0 0 0 0 1 6.36078
0 0 0 0 1 6.32684
0 0 0 0 1 6.40018
0 0 0 0 1 6.35975
0 0 0 0 1 6.45291
0 0 0 0 1 6.36099
0 0 0 0 1 6.49343
0 0 0 0 1 6.48572
0 0 0 0 0 6.5156
0 0 0 0 0 6.52027
0 0 0 0 1 6.49173
0 0 0 0 1 6.49571
0 0 0 0 1 6.62511
0 0 0 0 0 6.56367
0 0 0 0 0 6.60098
0 0 0 0 0 6.69876
0 0 0 0 1 6.69066
0 0 0 0 1 6.6219
0 0 0 0 0 6.64641
0 0 0 0 1 6.77193
0 0 0 0 0 6.81735
0 0 0 0 1 6.76822
0 0 0 0 1 6.82791
0 0 0 0 0 6.77159
0 0 0 0 0 6.79009
0 0 0 0 0 6.87739
0 0 0 0 1 6.88942
0 0 0 0 1 6.97763
0 0 0 0 0 7.00391
0 0 0 0 0 7.0028
0 0 0 0 0 7.03623
0 0 0 0 1 7.06948
0 0 0 0 1 7.10328
0 0 0 0 1 7.03106
0 0 0 0 1 7.17822
0 0 0 0 1 7.14832
0 0 0 0 1 7.14719
0 0 0 0 1 7.20992
0 0 0 0 0 7.24456
0 0 0 0 0 7.27176
0 0 0 0 1 7.21201
0 0 0 0 1 7.28294
0 0 0 0 1 7.32576
0 0 0 0 1 7.39752
0 0 0 0 1 7.48464
0 0 0 0 0 7.38669
0 0 0 0 1 7.48168
0 0 0 0 1 7.53985
0 0 0 0 1 7.60625
0 0 0 0 1 7.54401
0 0 0 0 1 7.67885
0 0 0 0 1 7.66951
0 0 0 0 1 7.65221
0 0 0 0 1 7.71174
0 0 0 0 1 7.81853
0 0 0 0 1 7.84008
0 0 0 0 1 7.75993
0 0 0 0 1 7.87489
0 0 0 0 1 7.95961
0 0 0 0 1 7.96549
0 0 0 0 1 8.02707
0 0 0 0 1 8.00885
0 0 0 0 1 8.10255
0 0 0 0 1 8.16456
0 0 0 0 1 8.0569
0 0 0 0 1 8.15142
0 0 0 0 1 8.23845
0 0 0 0 1 8.31784
0 0 0 0 1 8.35616
0 0 0 0 0 8.39512
0 0 0 0 1 8.34113
0 0 0 0 1 8.48066
0 0 0 0 1 8.52786
0 0 0 0 1 8.59232
0 0 0 0 0 8.52033
0 0 0 0 1 8.705
0 0 0 0 0 8.71826
0 0 0 0 1 8.77426
0 0 0 0 0 8.71771
0 0 0 0 1 8.92379
0 0 0 0 0 8.83826
0 0 0 0 1 8.89443
0 0 0 0 1 8.95172
0 0 0 0 1 9.08986
0 0 0 0 1 9.04681
0 0 0 0 1 9.10362
0 0 0 0 1 9.18014
0 0 0 0 1 9.26529
0 0 0 0 1 9.28444
0 0 0 0 1 9.37962
0 0 0 0 1 9.52276
0 0 0 0 1 9.55165
0 0 0 0 0 9.5706
0 0 0 0 1 9.70632
0 0 0 0 0 9.70577
0 0 0 0 1 9.84157
0 0 0 0 1 9.93906
0 0 0 0 0 10.0272
0 0 0 0 1 10.0659
0 0 0 0 1 10.1027
0 0 0 0 1 10.1307
0 0 0 0 1 10.2077
0 0 0 0 0 10.2643
0 0 0 0 0 10.4676
0 0 0 0 1 10.4208
0 0 0 0 0 10.551
0 0 0 0 0 10.5763
0 0 0 0 1 10.7165
0 0 0 0 1 10.8686
0 0 0 0 1 10.7526
0 0 0 0 1 10.8284
0 0 0 0 1 11.0146
0 0 0 0 1 11.0914
0 0 0 0 1 11.1458
0 0 0 0 1 11.3466
0 0 0 0 1 11.4218
0 0 0 0 1 11.4252
0 0 0 0 1 11.6874
0 0 0 0 0 11.7487
0 0 0 0 0 11.7414
0 0 0 0 0 11.9674
0 0 0 0 1 12.0068
0 0 0 0 0 11.9939
0 0 0 0 0 12.1711
0 0 0 0 1 12.2545
0 0 0 0 1 12.4088
0 0 0 0 1 12.5389
0 0 0 0 1 12.6569
0 0 0 0 1 12.8262
0 0 0 0 1 12.8082
0 0 0 0 1 12.952
0 0 0 0 1 13.0619
0 0 0 0 1 13.2424
0 0 0 0 0 13.393
0 0 0 0 1 13.6393
0 0 0 0 0 13.8606
0 0 0 0 0 13.9636
0 0 0 0 1 13.9349
0 0 0 0 1 14.3137
0 0 0 0 0 14.4637
0 0 0 0 1 14.4346
0 0 0 0 1 14.5283
0 0 0 0 1 14.9472
0 0 0 0 0 15.0868
0 0 0 0 1 15.184
0 0 0 0 1 15.3007
0 0 0 0 0 15.4629
0 0 0 0 0 15.6438
0 0 0 0 1 16.0319
0 0 0 0 0 16.2959
0 0 0 0 0 16.4242
0 0 0 0 1 16.4844
0 0 0 0 1 16.819
0 0 0 0 1 17.1156
0 0 0 0 1 17.2687
0 0 0 0 0 17.5247
0 0 0 0 1 17.8265
0 0 0 0 1 18.1302
0 0 0 0 1 18.3177
0 0 0 0 1 18.3834
0 0 0 0 1 18.81
0 0 0 0 0 19.0507
0 0 0 0 0 19.5229
0 0 0 0 1 19.5974
0 0 0 0 1 20.1343
0 0 0 0 1 20.13
0 0 0 0 0 20.4653
0 0 0 0 1 20.9364
0 0 0 0 0 21.5287
0 0 0 0 0 21.835
0 0 0 0 0 22.3456
0 0 0 0 1 22.5453
0 0 0 0 1 22.8035
0 0 0 0 1 23.5099
0 0 0 0 1 23.699
0 0 0 0 1 24.2233
0 0 0 0 1 24.5863
0 0 0 0 1 25.1159
0 0 0 0 0 25.6923
0 0 0 0 1 26.159
0 0 0 0 1 27.1002
0 0 0 0 1 27.6295
0 0 0 0 1 28.0161
0 0 0 0 1 28.959
0 0 0 0 1 29.6307
0 0 0 0 1 30.5429
0 0 0 0 1 31.101
0 0 0 0 1 32.0703
0 0 0 0 1 32.7712
0 0 0 0 1 33.46
0 0 0 0 1 34.8637
0 0 0 0 0 35.8101
0 0 0 0 1 36.5564
0 0 0 0 1 37.3904
0 0 0 0 0 38.7427
0 0 0 0 1 40.5469
0 0 0 0 0 41.5285
0 0 0 0 1 42.7869
0 0 0 0 1 45.0782
0 0 0 0 1 46.3361
0 0 0 0 1 48.0843
0 0 0 0 1 50.0847
0 0 0 0 0 52.6217
0 0 0 0 1 55.1719
0 0 0 0 1 57.0393
0 0 0 0 1 60.0686
0 0 0 0 1 55.2534
0 0 0 0 0 55.6248
0 0 0 0 1 56.2751
0 0 0 0 1 56.2019
0 0 0 0 1 55.5724
0 0 0 0 1 55.9467
0 0 0 0 1 55.8768
0 0 0 0 1 55.9189
0 0 0 0 1 59.4864
0 0 0 0 0 78.5718
0 0 0 0 1 79.4307
0 0 0 0 1 80.74
0 0 0 0 0 5.05008
0 0 0 0 0 4.9599
0 0 0 0 0 5.00499
0 0 0 0 0 4.99998
0 0 0 0 1 88.0757
0 0 0 0 1 87.8086
0 0 0 0 1 87.2803
0 0 0 0 0 86.8413
0 0 0 0 1 87.2803
0 0 0 0 1 87.3704
0 0 0 0 0 5.0601
0 0 0 0 0 5.0601
0 0 0 0 0 4.98996
0 0 0 0 0 5.00499
0 0 0 0 0 5.0601
0 0 0 0 0 4.98996
0 0 0 0 1 68.5103
0 0 0 0 0 67.0269
0 0 0 0 0 67.7817
0 0 0 0 0 67.5942
0 0 0 0 1 67.3409
0 0 0 0 0 66.7511
0 0 0 0 1 66.8373
0 0 0 0 1 68.1386
0 0 0 0 1 99.9626
0 0 0 0 1 93.7532
0 0 0 0 1 88.9183
0 0 0 0 0 85.1557
0 0 0 0 1 80.6374
0 0 0 0 1 76.2935
0 0 0 0 1 72.9831
0 0 0 0 1 71.2924
0 0 0 0 1 68.4532
0 0 0 0 1 65.304
0 0 0 0 1 62.9077
0 0 0 0 1 59.995
0 0 0 0 1 58.3516
0 0 0 0 1 56.4136
0 0 0 0 1 54.4956
0 0 0 0 1 52.5448
0 0 0 0 1 51.9865
0 0 0 0 1 50.3178
0 0 0 0 1 48.3599
0 0 0 0 1 47.0688
0 0 0 0 1 45.9105
0 0 0 0 1 44.8422
0 0 0 0 1 43.9678
0 0 0 0 1 42.4926
0 0 0 0 0 41.3452
0 0 0 0 1 40.3655
0 0 0 0 1 39.8413
0 0 0 0 1 38.9423
0 0 0 0 1 37.5535
0 0 0 0 1 36.9783
0 0 0 0 1 36.0609
0 0 0 0 1 35.3927
0 0 0 0 1 34.8559
0 0 0 0 0 34.3664
0 0 0 0 1 33.6982
0 0 0 0 1 32.7415
0 0 0 0 0 32.4296
0 0 0 0 1 31.5477
0 0 0 0 0 30.8925
0 0 0 0 1 30.6879
0 0 0 0 1 29.7114
0 0 0 0 1 29.5276
0 0 0 0 1 28.8112
0 0 0 0 0 28.398
0 0 0 0 0 28.0307
0 0 0 0 1 27.3669
0 0 0 0 1 27.4276
0 0 0 0 1 26.6355
0 0 0 0 0 26.6303
0 0 0 0 1 25.957
0 0 0 0 1 25.8916
0 0 0 0 1 25.1958
0 0 0 0 1 24.8432
0 0 0 0 1 24.5006
0 0 0 0 1 24.0131
0 0 0 0 0 24.1131
0 0 0 0 1 23.7731
0 0 0 0 1 23.0712
0 0 0 0 1 22.9544
0 0 0 0 1 22.7616
0 0 0 0 1 22.5445
0 0 0 0 1 22.304
0 0 0 0 1 21.9288
0 0 0 0 1 21.5567
0 0 0 0 1 21.2823
0 0 0 0 1 21.051
0 0 0 0 1 20.8707
0 0 0 0 0 20.41
0 0 0 0 1 20.3218
0 0 0 0 1 20.2804
0 0 0 0 1 19.8565
0 0 0 0 0 19.8411
0 0 0 0 1 19.6267
0 0 0 0 0 19.2777
0 0 0 0 1 19.0649
0 0 0 0 0 18.9949
0 0 0 0 1 18.548
0 0 0 0 0 18.6255
0 0 0 0 1 18.267
0 0 0 0 1 18.3482
0 0 0 0 1 17.8221
0 0 0 0 0 17.7309
0 0 0 0 1 17.8237
0 0 0 0 1 17.6238
0 0 0 0 0 17.2689
0 0 0 0 0 17.1157
0 0 0 0 1 17.1409
0 0 0 0 1 16.9699
0 0 0 0 1 16.5913
0 0 0 0 1 16.6552
0 0 0 0 0 16.4456
0 0 0 0 1 16.3189
0 0 0 0 1 16.0236
0 0 0 0 1 15.8752
0 0 0 0 1 15.7663
0 0 0 0 1 15.6275
0 0 0 0 1 15.4649
0 0 0 0 1 15.4135
0 0 0 0 1 15.2978
0 0 0 0 1 15.1756
0 0 0 0 1 15.2137
0 0 0 0 0 15.1059
0 0 0 0 1 14.9177
0 0 0 0 1 14.9081
0 0 0 0 1 14.5307
0 0 0 0 0 14.4777
0 0 0 0 1 14.4269
0 0 0 0 1 14.2294
0 0 0 0 1 14.1132
0 0 0 0 0 14.1813
0 0 0 0 1 13.9805
0 0 0 0 1 13.999
0 0 0 0 1 13.7115
0 0 0 0 1 13.7349
0 0 0 0 1 13.5877
0 0 0 0 1 13.672
0 0 0 0 1 13.3584
0 0 0 0 0 13.2807
0 0 0 0 0 13.2829
0 0 0 0 1 13.1338
0 0 0 0 0 13.2353
0 0 0 0 1 13.0525
0 0 0 0 1 12.8923
0 0 0 0 1 12.8704
0 0 0 0 1 12.8782
0 0 0 0 1 12.6181
0 0 0 0 0 12.6132
0 0 0 0 0 12.6742
0 0 0 0 1 12.5053
0 0 0 0 1 12.3955
0 0 0 0 0 12.4715
0 0 0 0 0 12.3865
0 0 0 0 1 12.131
0 0 0 0 1 12.0841
0 0 0 0 1 12.0493
0 0 0 0 0 12.1181
0 0 0 0 0 11.9113
0 0 0 0 1 11.9832
0 0 0 0 1 11.7194
0 0 0 0 1 11.8102
0 0 0 0 0 11.7127
0 0 0 0 1 11.6622
0 0 0 0 1 11.4385
0 0 0 0 0 11.4352
0 0 0 0 1 11.34
0 0 0 0 1 11.4236
0 0 0 0 1 11.2041
0 0 0 0 1 11.3243
0 0 0 0 1 11.2824
0 0 0 0 1 11.0436
0 0 0 0 1 11.1323
0 0 0 0 1 11.0284
0 0 0 0 0 10.9325
0 0 0 0 1 10.8482
0 0 0 0 1 10.8985
0 0 0 0 1 10.7678
0 0 0 0 1 10.8571
0 0 0 0 1 10.6449
0 0 0 0 1 10.6053
0 0 0 0 1 10.5764
0 0 0 0 1 10.5123
0 0 0 0 1 10.6489
0 0 0 0 1 10.5566
0 0 0 0 1 10.35
0 0 0 0 1 10.3912
0 0 0 0 1 10.4145
0 0 0 0 1 10.3001
0 0 0 0 1 10.2789
0 0 0 0 1 10.2679
0 0 0 0 1 10.0837
0 0 0 0 0 10.1341
0 0 0 0 1 10.0661
0 0 0 0 1 10.0756
0 0 0 0 1 10.0817
0 0 0 0 1 9.93122
0 0 0 0 1 9.96071
0 0 0 0 1 9.94033
0 0 0 0 1 9.95944
0 0 0 0 1 9.75239
0 0 0 0 1 9.71318
0 0 0 0 0 9.71643
0 0 0 0 0 9.80376
0 0 0 0 1 9.64836
0 0 0 0 1 9.66442
0 0 0 0 1 9.63543
0 0 0 0 1 9.59701
0 0 0 0 1 9.47934
0 0 0 0 1 9.59052
0 0 0 0 0 9.48302
0 0 0 0 1 9.4266
0 0 0 0 1 9.45199
0 0 0 0 1 9.3928
0 0 0 0 0 9.41187
0 0 0 0 1 9.2694
0 0 0 0 0 9.20805
0 0 0 0 1 9.1688
0 0 0 0 1 9.25889
0 0 0 0 0 9.22289
0 0 0 0 1 9.07405
0 0 0 0 1 9.08132
0 0 0 0 1 9.12492
0 0 0 0 0 9.05034
0 0 0 0 1 9.10861
0 0 0 0 1 9.09762
0 0 0 0 1 8.93391
0 0 0 0 1 8.8698
0 0 0 0 1 9.00827
0 0 0 0 1 8.89977
0 0 0 0 0 8.91629
0 0 0 0 1 8.93273
0 0 0 0 1 8.78686
0 0 0 0 1 8.8884
0 0 0 0 1 8.82582
0 0 0 0 0 8.8162
0 0 0 0 1 8.69852
0 0 0 0 0 8.65458
0 0 0 0 1 8.69435
0 0 0 0 1 8.72002
0 0 0 0 0 8.71969
0 0 0 0 1 8.6523
0 0 0 0 1 8.67803
0 0 0 0 1 8.61456
0 0 0 0 0 8.48301
0 0 0 0 0 8.44101
0 0 0 0 0 8.54033
0 0 0 0 1 8.507
0 0 0 0 1 8.4873
0 0 0 0 0 8.5184
0 0 0 0 0 8.38095
0 0 0 0 1 8.48789
0 0 0 0 1 8.30095
0 0 0 0 1 8.29059
0 0 0 0 1 8.42588
0 0 0 0 1 8.39879
0 0 0 0 1 8.23901
0 0 0 0 1 8.21259
0 0 0 0 1 8.31867
0 0 0 0 1 8.3006
0 0 0 0 1 8.24151
0 0 0 0 1 8.16633
0 0 0 0 1 8.27191
0 0 0 0 0 8.22987
0 0 0 0 0 8.20443
0 0 0 0 1 8.17103
0 0 0 0 0 8.09721
0 0 0 0 1 8.06435
0 0 0 0 0 8.1046
0 0 0 0 1 8.04379
0 0 0 0 0 8.14864
0 0 0 0 1 7.97941
0 0 0 0 1 7.98775
0 0 0 0 1 8.00418
0 0 0 0 1 7.98864
0 0 0 0 1 7.96528
0 0 0 0 1 8.02567
0 0 0 0 1 7.93084
0 0 0 0 1 7.93981
0 0 0 0 1 7.92507
0 0 0 0 1 8.00127
0 0 0 0 1 7.86015
0 0 0 0 1 7.94425
0 0 0 0 1 7.85119
0 0 0 0 1 7.9081
0 0 0 0 0 7.8314
0 0 0 0 1 7.9075
0 0 0 0 0 7.78428
0 0 0 0 1 7.88834
0 0 0 0 0 7.83155
0 0 0 0 1 7.82178
0 0 0 0 1 7.77777
0 0 0 0 0 7.74181
0 0 0 0 1 7.82564
0 0 0 0 1 7.76672
0 0 0 0 0 7.81647
