0 0 0 0 0 5.56536
0 0 0 0 1 5.55797
0 0 0 0 1 5.54514
0 0 0 0 1 5.55695
0 0 0 0 1 5.54427
0 0 0 0 1 5.54834
0 0 0 0 0 5.58496
0 0 0 0 1 5.58926
0 0 0 0 1 5.62381
0 0 0 0 1 5.64514
0 0 0 0 0 5.60506
0 0 0 0 1 5.66031
0 0 0 0 1 5.57749
0 0 0 0 0 5.59363
0 0 0 0 0 5.62121
0 0 0 0 1 5.6002
0 0 0 0 1 5.67329
0 0 0 0 1 5.67504
0 0 0 0 1 5.70895
0 0 0 0 1 5.64834
0 0 0 0 1 5.67677
0 0 0 0 1 5.66547
0 0 0 0 1 5.69423
0 0 0 0 1 5.7461
0 0 0 0 1 5.69671
0 0 0 0 1 5.77766
0 0 0 0 1 5.8187
0 0 0 0 1 5.81543
0 0 0 0 0 5.72963
0 0 0 0 1 5.73624
0 0 0 0 1 5.7836
0 0 0 0 1 5.81378
0 0 0 0 0 5.87481
0 0 0 0 1 5.87621
0 0 0 0 0 5.86013
0 0 0 0 1 5.8499
0 0 0 0 0 5.90438
0 0 0 0 0 5.83682
0 0 0 0 1 5.85026
0 0 0 0 1 5.95257
0 0 0 0 1 5.88935
0 0 0 0 0 5.98046
0 0 0 0 1 5.9052
0 0 0 0 1 6.02674
0 0 0 0 1 5.93337
0 0 0 0 1 5.98964
0 0 0 0 1 6.05826
0 0 0 0 1 6.07901
0 0 0 0 1 6.08781
0 0 0 0 1 6.05428
0 0 0 0 1 6.05707
0 0 0 0 0 6.09645
0 0 0 0 1 6.06785
0 0 0 0 1 6.11982
0 0 0 0 1 6.11681
0 0 0 0 0 6.09021
0 0 0 0 1 6.11183
0 0 0 0 1 6.22544
0 0 0 0 0 6.17935
0 0 0 0 1 6.17037
0 0 0 0 1 6.29774
0 0 0 0 1 6.26403
0 0 0 0 1 6.22388
0 0 0 0 1 6.26449
0 0 0 0 1 6.33221
0 0 0 0 1 6.26585
0 0 0 0 1 6.32684
0 0 0 0 1 6.36197
0 0 0 0 0 6.42361
0 0 0 0 1 6.3632
0 0 0 0 1 6.41881
0 0 0 0 0 6.45474
0 0 0 0 1 6.42112
0 0 0 0 1 6.50912
0 0 0 0 1 6.44876
0 0 0 0 1 6.5374
0 0 0 0 1 6.56774
0 0 0 0 1 6.59228
0 0 0 0 0 6.60321
0 0 0 0 1 6.67373
0 0 0 0 1 6.69876
0 0 0 0 0 6.66405
0 0 0 0 1 6.70868
0 0 0 0 1 6.65311
0 0 0 0 1 6.79211
0 0 0 0 1 6.7026
0 0 0 0 1 6.70724
0 0 0 0 1 6.85508
0 0 0 0 1 6.8807
0 0 0 0 1 6.86539
0 0 0 0 0 6.84303
0 0 0 0 1 6.94459
0 0 0 0 1 6.95687
0 0 0 0 0 7.01086
0 0 0 0 1 7.0028
0 0 0 0 1 7.00825
0 0 0 0 1 6.99218
0 0 0 0 1 7.01158
0 0 0 0 1 7.03814
0 0 0 0 1 7.13553
0 0 0 0 0 7.11976
0 0 0 0 0 7.09705
0 0 0 0 1 7.17395
0 0 0 0 1 7.18677
0 0 0 0 1 7.2137
0 0 0 0 1 7.2193
0 0 0 0 0 7.25367
0 0 0 0 1 7.35512
0 0 0 0 1 7.3164
0 0 0 0 1 7.3883
0 0 0 0 0 7.47596
0 0 0 0 0 7.49662
0 0 0 0 1 7.5849
0 0 0 0 1 7.46302
0 0 0 0 1 7.65005
0 0 0 0 1 7.67885
0 0 0 0 0 7.59305
0 0 0 0 0 7.69063
0 0 0 0 1 7.68858
0 0 0 0 1 7.67905
0 0 0 0 1 7.76222
0 0 0 0 0 7.81469
0 0 0 0 1 7.90636
0 0 0 0 1 7.86476
0 0 0 0 0 7.87019
0 0 0 0 1 7.96324
0 0 0 0 1 8.07298
0 0 0 0 1 8.1348
0 0 0 0 1 8.07537
0 0 0 0 1 8.06504
0 0 0 0 0 8.1105
0 0 0 0 1 8.1973
0 0 0 0 1 8.21852
0 0 0 0 1 8.24796
0 0 0 0 1 8.42021
0 0 0 0 1 8.37477
0 0 0 0 1 8.48912
0 0 0 0 1 8.52786
0 0 0 0 1 8.49828
0 0 0 0 1 8.57187
0 0 0 0 1 8.65313
0 0 0 0 1 8.68349
0 0 0 0 0 8.69552
0 0 0 0 1 8.74407
0 0 0 0 0 8.77344
0 0 0 0 1 8.96287
0 0 0 0 1 9.0467
0 0 0 0 0 9.08681
0 0 0 0 1 9.03548
0 0 0 0 1 9.14712
0 0 0 0 1 9.15868
0 0 0 0 1 9.18936
0 0 0 0 1 9.33957
0 0 0 0 0 9.38729
0 0 0 0 1 9.36081
0 0 0 0 0 9.38077
0 0 0 0 1 9.47539
0 0 0 0 1 9.5514
0 0 0 0 0 9.6194
0 0 0 0 1 9.64742
0 0 0 0 1 9.74365
0 0 0 0 1 9.90948
0 0 0 0 1 9.86837
0 0 0 0 1 10.0858
0 0 0 0 1 9.99194
0 0 0 0 0 10.0597
0 0 0 0 1 10.2792
0 0 0 0 1 10.1922
0 0 0 0 1 10.4676
0 0 0 0 1 10.3581
0 0 0 0 1 10.5931
0 0 0 0 0 10.6717
0 0 0 0 1 10.6631
0 0 0 0 1 10.7178
0 0 0 0 1 10.8068
0 0 0 0 0 10.9706
0 0 0 0 0 10.9374
0 0 0 0 0 11.0691
0 0 0 0 1 11.2802
0 0 0 0 1 11.2789
0 0 0 0 1 11.3762
0 0 0 0 1 11.3907
0 0 0 0 1 11.4673
0 0 0 0 1 11.585
0 0 0 0 1 11.8003
0 0 0 0 0 11.9199
0 0 0 0 0 12.0068
0 0 0 0 1 12.0181
0 0 0 0 1 12.1956
0 0 0 0 0 12.2914
0 0 0 0 1 12.359
0 0 0 0 1 12.4384
0 0 0 0 1 12.7964
0 0 0 0 1 12.903
0 0 0 0 1 12.8729
0 0 0 0 1 13.0956
0 0 0 0 1 13.3258
0 0 0 0 1 13.4156
0 0 0 0 1 13.4468
0 0 0 0 1 13.6665
0 0 0 0 1 13.7919
0 0 0 0 1 14.0192
0 0 0 0 1 14.1454
0 0 0 0 1 14.1149
0 0 0 0 1 14.2628
0 0 0 0 1 14.4636
0 0 0 0 1 14.7925
0 0 0 0 1 14.8136
0 0 0 0 1 14.8916
0 0 0 0 0 15.1536
0 0 0 0 1 15.5314
0 0 0 0 0 15.6652
0 0 0 0 1 15.8958
0 0 0 0 0 15.9362
0 0 0 0 1 16.2152
0 0 0 0 0 16.5059
0 0 0 0 1 16.6832
0 0 0 0 1 16.6176
0 0 0 0 1 16.9455
0 0 0 0 0 17.1997
0 0 0 0 1 17.6471
0 0 0 0 1 17.7911
0 0 0 0 1 17.9683
0 0 0 0 1 18.19
0 0 0 0 1 18.6611
0 0 0 0 1 18.8288
0 0 0 0 1 19.1651
0 0 0 0 1 19.3486
0 0 0 0 1 19.7745
0 0 0 0 1 19.8943
0 0 0 0 1 20.2519
0 0 0 0 1 20.5066
0 0 0 0 1 21.0204
0 0 0 0 0 21.5501
0 0 0 0 0 21.5525
0 0 0 0 1 22.0137
0 0 0 0 1 22.4778
0 0 0 0 1 22.7117
0 0 0 0 0 23.3463
0 0 0 0 1 23.7943
0 0 0 0 1 24.1018
0 0 0 0 1 24.9581
0 0 0 0 1 25.4953
0 0 0 0 1 25.8472
0 0 0 0 0 26.2117
0 0 0 0 1 27.154
0 0 0 0 1 27.354
0 0 0 0 1 27.9315
0 0 0 0 1 28.8148
0 0 0 0 1 29.2762
0 0 0 0 0 30.3916
0 0 0 0 1 30.7906
0 0 0 0 0 31.9429
0 0 0 0 0 32.4441
0 0 0 0 1 33.8967
0 0 0 0 1 34.6909
0 0 0 0 0 35.739
0 0 0 0 0 36.4099
0 0 0 0 0 37.7303
0 0 0 0 1 38.5868
0 0 0 0 0 40.0637
0 0 0 0 0 41.7368
0 0 0 0 1 43.3476
0 0 0 0 1 45.1676
0 0 0 0 1 46.4753
0 0 0 0 0 48.1326
0 0 0 0 0 50.135
0 0 0 0 1 52.7791
0 0 0 0 1 55.3364
0 0 0 0 0 56.9818
0 0 0 0 1 59.7067
0 0 0 0 1 56.0906
0 0 0 0 0 56.2385
0 0 0 0 0 56.3309
0 0 0 0 0 55.8116
0 0 0 0 0 56.0183
0 0 0 0 1 55.5009
0 0 0 0 1 55.9325
0 0 0 0 1 55.3062
0 0 0 0 1 59.9016
0 0 0 0 1 78.9686
0 0 0 0 1 78.7959
0 0 0 0 1 80.9819
0 0 0 0 0 5.05008
0 0 0 0 0 4.9599
0 0 0 0 0 5.03004
0 0 0 0 0 5.03505
0 0 0 0 1 87.4623
0 0 0 0 1 87.2828
0 0 0 0 1 87.4556
0 0 0 0 1 86.7537
0 0 0 0 0 88.069
0 0 0 0 1 88.5096
0 0 0 0 0 5.02002
0 0 0 0 0 4.9599
0 0 0 0 0 5.0601
0 0 0 0 0 4.97994
0 0 0 0 0 4.99998
0 0 0 0 0 5.05008
0 0 0 0 1 69.2002
0 0 0 0 1 67.1617
0 0 0 0 1 67.7817
0 0 0 0 1 66.9876
0 0 0 0 1 67.8128
0 0 0 0 1 67.358
0 0 0 0 1 67.7141
0 0 0 0 1 66.7893
0 0 0 0 1 99.0656
0 0 0 0 1 94.5063
0 0 0 0 1 89.8994
0 0 0 0 1 85.0709
0 0 0 0 1 80.9602
0 0 0 0 1 76.9871
0 0 0 0 1 74.1627
0 0 0 0 1 70.0912
0 0 0 0 1 68.3853
0 0 0 0 1 65.6954
0 0 0 0 1 62.2792
0 0 0 0 1 61.2071
0 0 0 0 1 59.0539
0 0 0 0 1 56.0741
0 0 0 0 1 54.5504
0 0 0 0 1 53.394
0 0 0 0 1 51.3689
0 0 0 0 1 49.5683
0 0 0 0 1 48.6998
0 0 0 0 0 47.6825
0 0 0 0 1 46.3241
0 0 0 0 1 44.4842
0 0 0 0 1 43.6625
0 0 0 0 1 42.9605
0 0 0 0 1 41.3037
0 0 0 0 0 40.9329
0 0 0 0 1 39.7621
0 0 0 0 0 38.6713
0 0 0 0 1 37.6292
0 0 0 0 1 36.756
0 0 0 0 1 36.3511
0 0 0 0 1 35.4993
0 0 0 0 1 34.4728
0 0 0 0 1 33.7862
0 0 0 0 1 33.3635
0 0 0 0 1 32.9713
0 0 0 0 1 32.1717
0 0 0 0 1 31.3895
0 0 0 0 1 31.2965
0 0 0 0 1 30.7185
0 0 0 0 1 29.8015
0 0 0 0 1 29.3801
0 0 0 0 1 28.7241
0 0 0 0 1 28.6263
0 0 0 0 1 28.1993
0 0 0 0 1 27.4498
0 0 0 0 1 27.346
0 0 0 0 1 26.9303
0 0 0 0 1 26.6567
0 0 0 0 1 25.8529
0 0 0 0 0 25.5327
0 0 0 0 1 25.1958
0 0 0 0 1 25.1173
0 0 0 0 1 24.5252
0 0 0 0 0 24.3524
0 0 0 0 1 23.9698
0 0 0 0 1 23.7259
0 0 0 0 1 23.4902
0 0 0 0 1 23.0464
0 0 0 0 0 22.5347
0 0 0 0 0 22.3428
0 0 0 0 1 21.95
0 0 0 0 1 21.8414
0 0 0 0 0 21.6863
0 0 0 0 1 21.4317
0 0 0 0 1 21.2197
0 0 0 0 1 20.7456
0 0 0 0 1 20.6368
0 0 0 0 1 20.4237
0 0 0 0 1 20.2804
0 0 0 0 1 19.7768
0 0 0 0 0 19.8609
0 0 0 0 1 19.6267
0 0 0 0 1 19.1233
0 0 0 0 1 19.2368
0 0 0 0 1 19.0327
0 0 0 0 1 18.81
0 0 0 0 1 18.6996
0 0 0 0 0 18.322
0 0 0 0 1 18.1847
0 0 0 0 1 17.8401
0 0 0 0 0 17.9091
0 0 0 0 0 17.559
0 0 0 0 1 17.344
0 0 0 0 1 17.4421
0 0 0 0 1 17.2187
0 0 0 0 1 17.175
0 0 0 0 1 16.7845
0 0 0 0 1 16.6247
0 0 0 0 1 16.4234
0 0 0 0 0 16.2815
0 0 0 0 0 16.1073
0 0 0 0 0 16.1204
0 0 0 0 1 15.9873
0 0 0 0 1 15.7822
0 0 0 0 1 15.6118
0 0 0 0 1 15.7146
0 0 0 0 0 15.5839
0 0 0 0 0 15.4974
0 0 0 0 1 15.1604
0 0 0 0 1 15.1381
0 0 0 0 1 14.9259
0 0 0 0 1 14.7986
0 0 0 0 1 14.6717
0 0 0 0 1 14.5307
0 0 0 0 1 14.4341
0 0 0 0 1 14.3979
0 0 0 0 1 14.4876
0 0 0 0 0 14.3411
0 0 0 0 0 14.0399
0 0 0 0 1 13.9103
0 0 0 0 1 13.9293
0 0 0 0 0 13.9747
0 0 0 0 0 13.8586
0 0 0 0 1 13.5603
0 0 0 0 1 13.5906
0 0 0 0 1 13.5471
0 0 0 0 1 13.2807
0 0 0 0 1 13.2563
0 0 0 0 1 13.1074
0 0 0 0 1 13.104
0 0 0 0 1 13.0264
0 0 0 0 1 13.0349
0 0 0 0 1 12.7802
0 0 0 0 1 12.891
0 0 0 0 1 12.5926
0 0 0 0 1 12.6764
0 0 0 0 1 12.4982
0 0 0 0 1 12.4429
0 0 0 0 1 12.3458
0 0 0 0 1 12.4715
0 0 0 0 1 12.3251
0 0 0 0 1 12.1798
0 0 0 0 0 12.0963
0 0 0 0 1 12.0131
0 0 0 0 1 12.0222
0 0 0 0 1 12.0307
0 0 0 0 1 11.829
0 0 0 0 1 11.8257
0 0 0 0 1 11.8571
0 0 0 0 1 11.6076
0 0 0 0 1 11.546
0 0 0 0 1 11.5887
0 0 0 0 1 11.4122
0 0 0 0 1 11.5
0 0 0 0 1 11.3212
0 0 0 0 0 11.2381
0 0 0 0 1 11.2342
0 0 0 0 1 11.1704
0 0 0 0 1 11.2219
0 0 0 0 0 11.0768
0 0 0 0 1 11.0504
0 0 0 0 1 10.9215
0 0 0 0 1 10.8701
0 0 0 0 1 10.9638
0 0 0 0 1 10.7461
0 0 0 0 1 10.6846
0 0 0 0 1 10.6985
0 0 0 0 0 10.648
0 0 0 0 1 10.5976
0 0 0 0 1 10.5547
0 0 0 0 0 10.4591
0 0 0 0 1 10.5671
0 0 0 0 0 10.4649
0 0 0 0 1 10.36
0 0 0 0 1 10.2489
0 0 0 0 1 10.2073
0 0 0 0 1 10.3302
0 0 0 0 1 10.3292
0 0 0 0 1 10.2364
0 0 0 0 0 10.0428
0 0 0 0 1 10.1569
0 0 0 0 1 10.0253
0 0 0 0 1 10.1218
0 0 0 0 1 9.97114
0 0 0 0 1 9.98059
0 0 0 0 1 9.89083
0 0 0 0 1 9.89041
0 0 0 0 1 9.91935
0 0 0 0 1 9.85991
0 0 0 0 1 9.66765
0 0 0 0 1 9.80376
0 0 0 0 1 9.77417
0 0 0 0 1 9.58726
0 0 0 0 1 9.65464
0 0 0 0 1 9.53003
0 0 0 0 1 9.57471
0 0 0 0 0 9.54299
0 0 0 0 1 9.40723
0 0 0 0 1 9.38886
0 0 0 0 1 9.35794
0 0 0 0 1 9.30843
0 0 0 0 0 9.36518
0 0 0 0 1 9.23217
0 0 0 0 1 9.2359
0 0 0 0 1 9.17805
0 0 0 0 1 9.24044
0 0 0 0 1 9.14022
0 0 0 0 0 9.08321
0 0 0 0 1 9.11783
0 0 0 0 0 9.11582
0 0 0 0 1 9.15009
0 0 0 0 1 9.1267
0 0 0 0 1 9.07959
0 0 0 0 1 9.07772
0 0 0 0 1 8.95044
0 0 0 0 1 8.94571
0 0 0 0 1 8.85522
0 0 0 0 1 8.91629
0 0 0 0 0 8.8619
0 0 0 0 0 8.82219
0 0 0 0 1 8.73864
0 0 0 0 1 8.84339
0 0 0 0 1 8.83371
0 0 0 0 1 8.64612
0 0 0 0 1 8.75907
0 0 0 0 1 8.74647
0 0 0 0 1 8.746
0 0 0 0 1 8.58155
0 0 0 0 0 8.59197
0 0 0 0 1 8.64367
0 0 0 0 1 8.50312
0 0 0 0 1 8.47446
0 0 0 0 1 8.50922
0 0 0 0 1 8.47228
0 0 0 0 1 8.507
0 0 0 0 1 8.47884
0 0 0 0 0 8.4002
0 0 0 0 0 8.34726
0 0 0 0 1 8.39545
0 0 0 0 1 8.46864
0 0 0 0 1 8.29059
0 0 0 0 1 8.26737
0 0 0 0 1 8.27393
0 0 0 0 1 8.33037
0 0 0 0 1 8.23745
0 0 0 0 1 8.33521
0 0 0 0 1 8.25934
0 0 0 0 0 8.20035
0 0 0 0 0 8.15812
0 0 0 0 0 8.21452
0 0 0 0 1 8.18897
0 0 0 0 1 8.13912
0 0 0 0 1 8.16288
0 0 0 0 0 8.2029
0 0 0 0 1 8.08058
0 0 0 0 1 8.12889
0 0 0 0 0 8.05995
0 0 0 0 1 8.1083
0 0 0 0 1 8.09214
0 0 0 0 0 7.99579
0 0 0 0 1 8.00418
0 0 0 0 1 8.04467
0 0 0 0 1 7.9493
0 0 0 0 0 7.89802
0 0 0 0 1 8.03436
0 0 0 0 0 7.91597
0 0 0 0 1 7.87747
0 0 0 0 0 7.94581
0 0 0 0 1 7.93131
0 0 0 0 1 7.84159
0 0 0 0 1 7.94578
0 0 0 0 0 7.83728
0 0 0 0 1 7.79998
0 0 0 0 0 7.86828
0 0 0 0 1 7.79995
0 0 0 0 1 7.84925
0 0 0 0 1 7.85498
0 0 0 0 1 7.83738
0 0 0 0 1 7.80112
0 0 0 0 1 7.82731
0 0 0 0 1 7.74025
0 0 0 0 1 7.70471
0 0 0 0 1 7.71586
