0 0 0 0 0 9.44678
0 0 0 0 0 9.51557
0 0 0 0 0 9.53107
0 0 0 0 1 9.50576
0 0 0 0 1 9.46473
0 0 0 0 1 9.55349
0 0 0 0 1 9.47144
0 0 0 0 0 9.44641
0 0 0 0 0 9.55827
0 0 0 0 1 9.51443
0 0 0 0 1 9.54096
0 0 0 0 0 9.60262
0 0 0 0 0 9.53368
0 0 0 0 1 9.6823
0 0 0 0 1 9.66174
0 0 0 0 1 9.55081
0 0 0 0 1 9.68487
0 0 0 0 1 9.65496
0 0 0 0 1 9.65046
0 0 0 0 0 9.81118
0 0 0 0 1 9.82069
0 0 0 0 1 9.84597
0 0 0 0 1 9.79724
0 0 0 0 1 9.82674
0 0 0 0 1 9.82309
0 0 0 0 1 9.74494
0 0 0 0 1 9.93238
0 0 0 0 1 9.91359
0 0 0 0 1 9.83139
0 0 0 0 1 9.96106
0 0 0 0 1 9.94255
0 0 0 0 0 10.0192
0 0 0 0 1 10.0508
0 0 0 0 1 9.94284
0 0 0 0 1 10.0947
0 0 0 0 0 10.0066
0 0 0 0 1 10.1494
0 0 0 0 1 10.0915
0 0 0 0 1 10.1949
0 0 0 0 0 10.0156
0 0 0 0 1 10.0891
0 0 0 0 1 10.2342
0 0 0 0 1 10.1716
0 0 0 0 1 10.2155
0 0 0 0 1 10.2802
0 0 0 0 1 10.3043
0 0 0 0 0 10.2409
0 0 0 0 1 10.3991
0 0 0 0 1 10.2483
0 0 0 0 1 10.4074
0 0 0 0 1 10.4063
0 0 0 0 1 10.3482
0 0 0 0 1 10.3421
0 0 0 0 1 10.4301
0 0 0 0 1 10.4662
0 0 0 0 1 10.6128
0 0 0 0 1 10.4388
0 0 0 0 1 10.5334
0 0 0 0 1 10.5915
0 0 0 0 1 10.6234
0 0 0 0 1 10.6715
0 0 0 0 1 10.629
0 0 0 0 1 10.7043
0 0 0 0 1 10.8392
0 0 0 0 1 10.7483
0 0 0 0 0 10.7923
0 0 0 0 1 10.9341
0 0 0 0 1 10.8484
0 0 0 0 0 10.8329
0 0 0 0 1 10.8449
0 0 0 0 1 11.0106
0 0 0 0 1 10.9792
0 0 0 0 0 11.0912
0 0 0 0 1 10.9654
0 0 0 0 1 11.0002
0 0 0 0 1 11.0575
0 0 0 0 1 11.2329
0 0 0 0 1 11.2801
0 0 0 0 1 11.2938
0 0 0 0 1 11.2172
0 0 0 0 1 11.3161
0 0 0 0 1 11.3072
0 0 0 0 1 11.3149
0 0 0 0 0 11.5066
0 0 0 0 1 11.3832
0 0 0 0 1 11.5995
0 0 0 0 1 11.5333
0 0 0 0 1 11.7167
0 0 0 0 0 11.7732
0 0 0 0 1 11.6481
0 0 0 0 0 11.7867
0 0 0 0 1 11.6725
0 0 0 0 1 11.8711
0 0 0 0 1 11.8457
0 0 0 0 0 11.8914
0 0 0 0 1 12.033
0 0 0 0 1 12.0916
0 0 0 0 1 11.9938
0 0 0 0 0 12.125
0 0 0 0 0 12.0871
0 0 0 0 0 12.2438
0 0 0 0 0 12.2914
0 0 0 0 0 12.2231
0 0 0 0 1 12.4188
0 0 0 0 0 12.3873
0 0 0 0 1 12.4231
0 0 0 0 0 12.3784
0 0 0 0 1 12.4643
0 0 0 0 1 12.7216
0 0 0 0 1 12.6517
0 0 0 0 1 12.7901
0 0 0 0 1 12.7392
0 0 0 0 1 12.8731
0 0 0 0 0 12.8015
0 0 0 0 0 12.8256
0 0 0 0 0 13.1037
0 0 0 0 1 13.091
0 0 0 0 0 13.1624
0 0 0 0 1 13.1492
0 0 0 0 1 13.2209
0 0 0 0 1 13.3462
0 0 0 0 1 13.3995
0 0 0 0 1 13.3185
0 0 0 0 1 13.4525
0 0 0 0 1 13.7096
0 0 0 0 1 13.6278
0 0 0 0 0 13.7366
0 0 0 0 1 13.7835
0 0 0 0 1 13.901
0 0 0 0 1 13.9003
0 0 0 0 1 14.0606
0 0 0 0 0 13.969
0 0 0 0 1 14.016
0 0 0 0 0 14.2916
0 0 0 0 1 14.3696
0 0 0 0 1 14.4989
0 0 0 0 0 14.5633
0 0 0 0 1 14.5697
0 0 0 0 1 14.6632
0 0 0 0 1 14.6984
0 0 0 0 1 14.8004
0 0 0 0 1 14.7543
0 0 0 0 1 15.0805
0 0 0 0 0 14.8908
0 0 0 0 1 15.2503
0 0 0 0 1 15.0661
0 0 0 0 0 15.3304
0 0 0 0 1 15.5049
0 0 0 0 1 15.5558
0 0 0 0 0 15.7008
0 0 0 0 0 15.7998
0 0 0 0 0 15.7886
0 0 0 0 1 16.0144
0 0 0 0 1 16.1143
0 0 0 0 1 16.2068
0 0 0 0 1 16.2671
0 0 0 0 0 16.3107
0 0 0 0 1 16.4274
0 0 0 0 1 16.6025
0 0 0 0 1 16.5878
0 0 0 0 1 16.6386
0 0 0 0 1 16.7477
0 0 0 0 1 16.8316
0 0 0 0 0 17.035
0 0 0 0 0 17.1452
0 0 0 0 1 17.1691
0 0 0 0 1 17.3312
0 0 0 0 1 17.7404
0 0 0 0 0 17.605
0 0 0 0 0 17.9477
0 0 0 0 0 18.1049
0 0 0 0 1 17.9728
0 0 0 0 0 18.0925
0 0 0 0 1 18.3227
0 0 0 0 1 18.3779
0 0 0 0 0 18.5354
0 0 0 0 1 18.7487
0 0 0 0 1 18.9545
0 0 0 0 0 19.1998
0 0 0 0 1 19.1945
0 0 0 0 0 19.5477
0 0 0 0 1 19.5511
0 0 0 0 1 19.6601
0 0 0 0 1 20.1769
0 0 0 0 0 20.0462
0 0 0 0 1 20.4684
0 0 0 0 1 20.5557
0 0 0 0 1 20.727
0 0 0 0 1 21.0093
0 0 0 0 1 21.0105
0 0 0 0 1 21.1453
0 0 0 0 0 21.6658
0 0 0 0 1 21.7375
0 0 0 0 1 21.7817
0 0 0 0 1 22.3221
0 0 0 0 1 22.4991
0 0 0 0 1 22.527
0 0 0 0 0 22.952
0 0 0 0 1 23.17
0 0 0 0 1 23.3415
0 0 0 0 1 23.3098
0 0 0 0 0 23.7857
0 0 0 0 1 24.2135
0 0 0 0 1 24.1604
0 0 0 0 1 24.6251
0 0 0 0 1 24.6234
0 0 0 0 1 25.0109
0 0 0 0 0 25.5281
0 0 0 0 0 25.4863
0 0 0 0 1 26.2351
0 0 0 0 1 26.2232
0 0 0 0 1 26.3921
0 0 0 0 0 26.8175
0 0 0 0 0 27.4556
0 0 0 0 1 27.5039
0 0 0 0 1 27.8246
0 0 0 0 0 28.2112
0 0 0 0 1 28.5799
0 0 0 0 1 28.8029
0 0 0 0 0 29.543
0 0 0 0 1 30.133
0 0 0 0 0 30.2739
0 0 0 0 1 30.8053
0 0 0 0 1 31.2871
0 0 0 0 1 31.7072
0 0 0 0 1 32.3163
0 0 0 0 1 32.3757
0 0 0 0 0 33.0475
0 0 0 0 1 33.9701
0 0 0 0 1 34.0712
0 0 0 0 0 34.6892
0 0 0 0 1 35.1273
0 0 0 0 1 36.191
0 0 0 0 1 36.3679
0 0 0 0 1 37.2929
0 0 0 0 1 38.0411
0 0 0 0 1 38.8122
0 0 0 0 1 36.9072
0 0 0 0 1 37.5758
0 0 0 0 1 37.203
0 0 0 0 1 37.5022
0 0 0 0 1 36.9832
0 0 0 0 0 37.2441
0 0 0 0 1 36.7667
0 0 0 0 1 37.2875
0 0 0 0 1 36.5905
0 0 0 0 1 36.7445
0 0 0 0 0 36.6019
0 0 0 0 1 36.7201
0 0 0 0 1 36.7012
0 0 0 0 1 37.8019
0 0 0 0 1 38.5551
0 0 0 0 1 39.6062
0 0 0 0 1 40.7094
0 0 0 0 1 57.5627
0 0 0 0 1 58.4775
0 0 0 0 1 60.7375
0 0 0 0 0 62.0649
0 0 0 0 1 61.3087
0 0 0 0 0 60.1783
0 0 0 0 1 60.8104
0 0 0 0 0 60.0478
0 0 0 0 0 61.1677
0 0 0 0 1 60.3474
0 0 0 0 0 61.1654
0 0 0 0 1 60.7719
0 0 0 0 1 62.807
0 0 0 0 0 88.7948
0 0 0 0 1 93.5645
0 0 0 0 0 97.9078
0 0 0 0 0 5.0601
0 0 0 0 0 4.99998
0 0 0 0 0 5.04006
0 0 0 0 0 4.9599
0 0 0 0 1 68.7586
0 0 0 0 0 68.3278
0 0 0 0 1 69.061
0 0 0 0 0 68.4286
0 0 0 0 1 68.5489
0 0 0 0 1 68.5338
0 0 0 0 1 68.1101
0 0 0 0 0 5.01501
0 0 0 0 0 5.03004
0 0 0 0 0 4.98495
0 0 0 0 0 5.03004
0 0 0 0 0 5.02002
0 0 0 0 1 47.6299
0 0 0 0 1 47.5308
0 0 0 0 1 47.4806
0 0 0 0 0 48.3896
0 0 0 0 1 47.7184
0 0 0 0 1 48.2937
0 0 0 0 1 48.0077
0 0 0 0 1 47.6746
0 0 0 0 1 47.438
0 0 0 0 0 4.99497
0 0 0 0 0 5.0601
0 0 0 0 0 4.97994
0 0 0 0 0 4.9599
0 0 0 0 1 94.5829
0 0 0 0 1 85.3034
0 0 0 0 1 77.1725
0 0 0 0 1 70.0416
0 0 0 0 1 65.3801
0 0 0 0 1 60.7647
0 0 0 0 0 57.0556
0 0 0 0 1 53.4454
0 0 0 0 1 50.2556
0 0 0 0 1 46.8593
0 0 0 0 1 44.1766
0 0 0 0 1 42.2313
0 0 0 0 1 40.6616
0 0 0 0 1 38.3642
0 0 0 0 1 36.8113
0 0 0 0 1 35.3984
0 0 0 0 1 34.0869
0 0 0 0 1 32.8451
0 0 0 0 0 31.2487
0 0 0 0 1 30.2647
0 0 0 0 1 29.0784
0 0 0 0 1 28.538
0 0 0 0 1 27.3174
0 0 0 0 0 26.5045
0 0 0 0 1 25.6527
0 0 0 0 0 24.7537
0 0 0 0 1 24.4476
0 0 0 0 0 23.5728
0 0 0 0 1 23.0341
0 0 0 0 1 22.2393
0 0 0 0 1 21.8897
0 0 0 0 1 21.1759
0 0 0 0 1 20.7595
0 0 0 0 1 20.3493
0 0 0 0 1 19.9751
0 0 0 0 0 19.2003
0 0 0 0 1 18.9618
0 0 0 0 1 18.6336
0 0 0 0 0 18.022
0 0 0 0 1 17.955
0 0 0 0 0 17.5994
0 0 0 0 0 17.0906
0 0 0 0 1 16.8185
0 0 0 0 0 16.4133
0 0 0 0 1 16.2084
0 0 0 0 1 15.8676
0 0 0 0 1 15.6785
0 0 0 0 1 15.3127
0 0 0 0 1 14.9656
0 0 0 0 1 14.862
0 0 0 0 1 14.3862
0 0 0 0 1 14.318
0 0 0 0 1 13.9126
0 0 0 0 1 13.8866
0 0 0 0 1 13.6739
0 0 0 0 1 13.3273
0 0 0 0 1 13.3249
0 0 0 0 1 13.0401
0 0 0 0 1 12.9218
0 0 0 0 1 12.7387
0 0 0 0 1 12.5586
0 0 0 0 1 12.3459
0 0 0 0 1 12.2342
0 0 0 0 0 11.8915
0 0 0 0 0 11.8725
0 0 0 0 0 11.743
0 0 0 0 0 11.5537
0 0 0 0 0 11.3108
0 0 0 0 1 11.2369
0 0 0 0 0 11.1599
0 0 0 0 1 10.9629
0 0 0 0 1 10.7445
0 0 0 0 1 10.7633
0 0 0 0 1 10.5243
0 0 0 0 1 10.5073
0 0 0 0 0 10.2921
0 0 0 0 1 10.0988
0 0 0 0 1 10.1596
0 0 0 0 1 9.89684
0 0 0 0 1 9.92523
0 0 0 0 1 9.70552
0 0 0 0 0 9.74931
0 0 0 0 1 9.61814
0 0 0 0 1 9.48754
0 0 0 0 1 9.35803
0 0 0 0 1 9.32195
0 0 0 0 1 9.08301
0 0 0 0 1 9.01969
0 0 0 0 1 8.99212
0 0 0 0 1 8.97238
0 0 0 0 1 8.81074
0 0 0 0 0 8.80771
0 0 0 0 1 8.63932
0 0 0 0 0 8.55828
0 0 0 0 0 8.49444
0 0 0 0 0 8.38881
0 0 0 0 1 8.44218
0 0 0 0 1 8.27031
0 0 0 0 1 8.25641
0 0 0 0 0 8.15208
0 0 0 0 1 8.13728
0 0 0 0 0 7.9304
0 0 0 0 1 8.01104
0 0 0 0 0 7.93281
0 0 0 0 0 7.78463
0 0 0 0 1 7.76977
0 0 0 0 1 7.61483
0 0 0 0 1 7.6684
0 0 0 0 1 7.55508
0 0 0 0 0 7.48665
0 0 0 0 1 7.38125
0 0 0 0 1 7.41842
0 0 0 0 1 7.3957
0 0 0 0 1 7.34941
0 0 0 0 1 7.1671
0 0 0 0 1 7.24527
0 0 0 0 1 7.15063
0 0 0 0 0 7.09213
0 0 0 0 0 7.00576
0 0 0 0 1 6.92846
0 0 0 0 0 6.90574
0 0 0 0 0 6.88963
0 0 0 0 1 6.89366
0 0 0 0 1 6.80373
0 0 0 0 1 6.76173
0 0 0 0 1 6.72487
0 0 0 0 1 6.66972
0 0 0 0 1 6.5603
0 0 0 0 1 6.51425
0 0 0 0 1 6.57781
0 0 0 0 1 6.43729
0 0 0 0 1 6.50604
0 0 0 0 1 6.44092
0 0 0 0 1 6.30438
0 0 0 0 1 6.34636
0 0 0 0 1 6.23025
0 0 0 0 1 6.1982
0 0 0 0 1 6.20176
0 0 0 0 1 6.15732
0 0 0 0 1 6.09287
0 0 0 0 1 6.0673
0 0 0 0 1 6.07637
0 0 0 0 0 6.02047
0 0 0 0 0 6.06103
0 0 0 0 1 5.98143
0 0 0 0 1 5.91433
0 0 0 0 0 5.8636
0 0 0 0 1 5.90312
0 0 0 0 1 5.79595
0 0 0 0 1 5.8311
0 0 0 0 1 5.76932
0 0 0 0 0 5.73865
0 0 0 0 0 5.70237
0 0 0 0 1 5.6492
0 0 0 0 1 5.67562
0 0 0 0 1 5.66974
0 0 0 0 1 5.66381
0 0 0 0 1 5.62229
0 0 0 0 1 5.56436
0 0 0 0 1 5.47924
0 0 0 0 1 5.54317
0 0 0 0 0 5.46249
0 0 0 0 0 5.44397
0 0 0 0 1 5.38754
0 0 0 0 1 5.39272
0 0 0 0 1 5.40658
0 0 0 0 1 5.30981
0 0 0 0 1 5.29177
0 0 0 0 1 5.3358
0 0 0 0 1 5.25949
0 0 0 0 1 5.26968
0 0 0 0 1 5.27778
0 0 0 0 1 5.25637
0 0 0 0 1 5.22986
0 0 0 0 1 5.188
0 0 0 0 1 5.13943
0 0 0 0 1 5.16649
0 0 0 0 1 5.15065
0 0 0 0 1 5.04852
0 0 0 0 1 5.04831
0 0 0 0 1 5.01103
0 0 0 0 1 5.04588
0 0 0 0 1 5.00553
0 0 0 0 1 4.99029
0 0 0 0 1 4.98182
0 0 0 0 1 4.92718
0 0 0 0 0 4.87292
0 0 0 0 1 4.92678
0 0 0 0 1 4.83383
0 0 0 0 1 4.86787
0 0 0 0 0 4.79515
0 0 0 0 0 4.84026
0 0 0 0 0 4.82573
0 0 0 0 1 4.76016
0 0 0 0 1 4.75075
0 0 0 0 0 4.70808
0 0 0 0 1 4.6894
0 0 0 0 1 4.71953
0 0 0 0 1 4.66323
0 0 0 0 1 4.72921
0 0 0 0 1 4.68874
0 0 0 0 1 4.6843
0 0 0 0 1 4.66277
0 0 0 0 1 4.63671
0 0 0 0 1 4.60939
0 0 0 0 1 4.60984
0 0 0 0 1 4.60708
0 0 0 0 1 4.57099
0 0 0 0 1 4.53645
0 0 0 0 1 4.50085
0 0 0 0 1 4.56627
0 0 0 0 1 4.49922
0 0 0 0 1 4.53402
0 0 0 0 1 4.5078
0 0 0 0 1 4.50535
0 0 0 0 1 4.43931
0 0 0 0 0 4.44151
0 0 0 0 1 4.44258
0 0 0 0 0 4.37407
0 0 0 0 1 4.42492
0 0 0 0 1 4.42608
0 0 0 0 1 4.38453
0 0 0 0 1 4.38251
0 0 0 0 1 4.3718
0 0 0 0 1 4.36551
0 0 0 0 1 4.35398
0 0 0 0 1 4.33484
0 0 0 0 1 4.31581
0 0 0 0 1 4.3442
0 0 0 0 1 4.28156
0 0 0 0 0 4.28426
0 0 0 0 1 4.30403
0 0 0 0 1 4.22585
0 0 0 0 0 4.23654
0 0 0 0 1 4.24009
0 0 0 0 1 4.25566
0 0 0 0 1 4.22901
0 0 0 0 1 4.23196
0 0 0 0 1 4.17144
0 0 0 0 1 4.16203
0 0 0 0 1 4.14434
0 0 0 0 0 4.1476
0 0 0 0 1 4.14671
0 0 0 0 1 4.12514
0 0 0 0 1 4.17402
0 0 0 0 0 4.16081
0 0 0 0 1 4.11474
0 0 0 0 1 4.13878
0 0 0 0 1 4.13405
0 0 0 0 1 4.08028
0 0 0 0 0 4.0431
0 0 0 0 1 4.09987
0 0 0 0 0 4.02629
0 0 0 0 1 4.02613
0 0 0 0 1 4.04221
0 0 0 0 0 4.06231
0 0 0 0 1 4.04608
0 0 0 0 1 4.06217
0 0 0 0 1 4.04608
0 0 0 0 1 4.05016
0 0 0 0 1 3.99419
0 0 0 0 1 4.02645
0 0 0 0 0 3.99479
0 0 0 0 1 3.96729
0 0 0 0 1 3.94791
0 0 0 0 1 3.93262
0 0 0 0 1 3.99271
0 0 0 0 1 3.97752
0 0 0 0 0 3.90719
0 0 0 0 1 3.92385
0 0 0 0 1 3.95186
0 0 0 0 1 3.95277
0 0 0 0 1 3.89829
0 0 0 0 0 3.94251
0 0 0 0 1 3.91621
0 0 0 0 1 3.94476
0 0 0 0 0 3.88749
0 0 0 0 1 3.92002
0 0 0 0 1 3.92532
0 0 0 0 0 3.86391
0 0 0 0 1 3.84612
0 0 0 0 1 3.89427
