0 0 0 0 1 9.50334
0 0 0 0 1 9.41173
0 0 0 0 1 9.52161
0 0 0 0 1 9.53417
0 0 0 0 1 9.50266
0 0 0 0 1 9.42054
0 0 0 0 0 9.54751
0 0 0 0 1 9.60829
0 0 0 0 1 9.59643
0 0 0 0 0 9.49533
0 0 0 0 0 9.49311
0 0 0 0 1 9.57387
0 0 0 0 1 9.53368
0 0 0 0 1 9.6823
0 0 0 0 1 9.54615
0 0 0 0 1 9.72446
0 0 0 0 1 9.58821
0 0 0 0 1 9.77117
0 0 0 0 1 9.67956
0 0 0 0 1 9.76261
0 0 0 0 1 9.77202
0 0 0 0 1 9.76798
0 0 0 0 1 9.84608
0 0 0 0 0 9.83653
0 0 0 0 1 9.75446
0 0 0 0 1 9.91194
0 0 0 0 1 9.88317
0 0 0 0 1 9.91359
0 0 0 0 1 9.78199
0 0 0 0 1 9.89174
0 0 0 0 1 9.95247
0 0 0 0 0 9.90988
0 0 0 0 1 10.0408
0 0 0 0 1 10.0127
0 0 0 0 1 9.93458
0 0 0 0 0 9.93641
0 0 0 0 1 10.069
0 0 0 0 0 9.98069
0 0 0 0 1 10.1949
0 0 0 0 1 10.1977
0 0 0 0 0 10.0993
0 0 0 0 1 10.1122
0 0 0 0 1 10.2327
0 0 0 0 0 10.2972
0 0 0 0 1 10.2905
0 0 0 0 1 10.2838
0 0 0 0 1 10.2512
0 0 0 0 1 10.3167
0 0 0 0 1 10.2689
0 0 0 0 1 10.3867
0 0 0 0 1 10.4167
0 0 0 0 1 10.4627
0 0 0 0 1 10.3838
0 0 0 0 0 10.4406
0 0 0 0 1 10.5186
0 0 0 0 1 10.5602
0 0 0 0 0 10.5547
0 0 0 0 1 10.6814
0 0 0 0 0 10.5385
0 0 0 0 1 10.7191
0 0 0 0 1 10.7568
0 0 0 0 1 10.7787
0 0 0 0 0 10.758
0 0 0 0 1 10.7747
0 0 0 0 1 10.8777
0 0 0 0 1 10.8896
0 0 0 0 1 10.9341
0 0 0 0 0 10.8158
0 0 0 0 0 10.8111
0 0 0 0 0 11.0309
0 0 0 0 0 10.9887
0 0 0 0 1 10.9902
0 0 0 0 0 11.036
0 0 0 0 1 10.9654
0 0 0 0 1 11.0335
0 0 0 0 1 11.0463
0 0 0 0 1 11.2777
0 0 0 0 1 11.325
0 0 0 0 1 11.3614
0 0 0 0 1 11.3753
0 0 0 0 1 11.4182
0 0 0 0 1 11.2617
0 0 0 0 1 11.429
0 0 0 0 0 11.3578
0 0 0 0 1 11.4981
0 0 0 0 1 11.5995
0 0 0 0 1 11.6027
0 0 0 0 1 11.7051
0 0 0 0 1 11.7732
0 0 0 0 0 11.7066
0 0 0 0 0 11.7633
0 0 0 0 1 11.7667
0 0 0 0 1 11.7647
0 0 0 0 0 11.9762
0 0 0 0 1 11.8556
0 0 0 0 1 12.0211
0 0 0 0 1 12.0196
0 0 0 0 1 12.1264
0 0 0 0 1 12.0161
0 0 0 0 0 12.1357
0 0 0 0 1 12.2925
0 0 0 0 1 12.1689
0 0 0 0 1 12.1739
0 0 0 0 1 12.2953
0 0 0 0 0 12.3501
0 0 0 0 1 12.3608
0 0 0 0 1 12.4409
0 0 0 0 1 12.615
0 0 0 0 1 12.6964
0 0 0 0 1 12.7024
0 0 0 0 1 12.6629
0 0 0 0 1 12.8031
0 0 0 0 1 12.8987
0 0 0 0 1 12.8402
0 0 0 0 1 13.0585
0 0 0 0 1 13.0907
0 0 0 0 0 13.1302
0 0 0 0 1 13.228
0 0 0 0 1 13.1096
0 0 0 0 1 13.1679
0 0 0 0 0 13.3329
0 0 0 0 0 13.2658
0 0 0 0 1 13.4664
0 0 0 0 1 13.3715
0 0 0 0 1 13.5467
0 0 0 0 1 13.6687
0 0 0 0 1 13.8189
0 0 0 0 1 13.6596
0 0 0 0 1 13.9841
0 0 0 0 1 13.8724
0 0 0 0 0 14.0886
0 0 0 0 1 14.18
0 0 0 0 1 14.0584
0 0 0 0 1 14.1211
0 0 0 0 0 14.4267
0 0 0 0 0 14.427
0 0 0 0 1 14.3321
0 0 0 0 0 14.4244
0 0 0 0 1 14.7362
0 0 0 0 1 14.8012
0 0 0 0 0 14.9186
0 0 0 0 1 14.9772
0 0 0 0 1 15.0058
0 0 0 0 1 14.9209
0 0 0 0 1 15.2352
0 0 0 0 1 15.3549
0 0 0 0 0 15.2233
0 0 0 0 0 15.3817
0 0 0 0 0 15.37
0 0 0 0 1 15.6697
0 0 0 0 1 15.7214
0 0 0 0 1 15.7097
0 0 0 0 0 15.9192
0 0 0 0 0 16.0505
0 0 0 0 0 15.9335
0 0 0 0 0 16.0405
0 0 0 0 1 16.213
0 0 0 0 1 16.493
0 0 0 0 1 16.553
0 0 0 0 1 16.7042
0 0 0 0 1 16.806
0 0 0 0 1 16.6972
0 0 0 0 1 17.1031
0 0 0 0 1 17.1717
0 0 0 0 1 17.0419
0 0 0 0 1 17.1864
0 0 0 0 1 17.3487
0 0 0 0 1 17.4239
0 0 0 0 0 17.5518
0 0 0 0 0 17.8585
0 0 0 0 0 17.8711
0 0 0 0 1 18.0272
0 0 0 0 1 18.1656
0 0 0 0 1 18.2307
0 0 0 0 1 18.6004
0 0 0 0 1 18.498
0 0 0 0 0 18.9371
0 0 0 0 1 18.8595
0 0 0 0 1 19.0467
0 0 0 0 1 19.1365
0 0 0 0 1 19.5087
0 0 0 0 1 19.6493
0 0 0 0 1 19.6403
0 0 0 0 1 19.8972
0 0 0 0 1 20.006
0 0 0 0 1 20.1432
0 0 0 0 1 20.4327
0 0 0 0 1 20.5202
0 0 0 0 1 20.9258
0 0 0 0 1 21.2213
0 0 0 0 0 21.4006
0 0 0 0 1 21.6443
0 0 0 0 1 21.4775
0 0 0 0 1 22.0882
0 0 0 0 1 22.1452
0 0 0 0 1 22.4767
0 0 0 0 1 22.6172
0 0 0 0 1 22.656
0 0 0 0 1 22.9629
0 0 0 0 1 23.109
0 0 0 0 1 23.5682
0 0 0 0 1 23.8331
0 0 0 0 1 24.1175
0 0 0 0 1 24.4757
0 0 0 0 1 24.3798
0 0 0 0 1 25.0202
0 0 0 0 1 25.2869
0 0 0 0 1 25.6042
0 0 0 0 0 25.8456
0 0 0 0 0 25.7675
0 0 0 0 1 26.2495
0 0 0 0 0 26.3921
0 0 0 0 1 26.8444
0 0 0 0 0 27.0194
0 0 0 0 1 27.6972
0 0 0 0 1 28.0763
0 0 0 0 1 28.0979
0 0 0 0 1 28.9816
0 0 0 0 1 29.152
0 0 0 0 0 29.6019
0 0 0 0 0 29.9536
0 0 0 0 1 30.1527
0 0 0 0 1 30.4363
0 0 0 0 1 31.4743
0 0 0 0 1 31.9603
0 0 0 0 1 31.8666
0 0 0 0 1 32.7343
0 0 0 0 1 32.8488
0 0 0 0 1 33.8355
0 0 0 0 0 33.9003
0 0 0 0 0 34.7587
0 0 0 0 0 35.0214
0 0 0 0 1 35.9396
0 0 0 0 1 36.8791
0 0 0 0 1 37.4786
0 0 0 0 1 37.5117
0 0 0 0 1 38.6967
0 0 0 0 1 37.6148
0 0 0 0 0 37.1293
0 0 0 0 1 37.426
0 0 0 0 1 37.3537
0 0 0 0 1 36.7606
0 0 0 0 0 36.7252
0 0 0 0 1 37.248
0 0 0 0 1 36.6587
0 0 0 0 1 37.1079
0 0 0 0 1 37.003
0 0 0 0 1 36.5281
0 0 0 0 1 36.9045
0 0 0 0 1 36.6644
0 0 0 0 1 37.953
0 0 0 0 1 38.826
0 0 0 0 1 39.6062
0 0 0 0 1 41.1173
0 0 0 0 1 57.8499
0 0 0 0 0 58.5956
0 0 0 0 1 60.5551
0 0 0 0 1 62.9417
0 0 0 0 1 60.8226
0 0 0 0 1 60.7856
0 0 0 0 1 60.0821
0 0 0 0 0 60.1085
0 0 0 0 1 61.0465
0 0 0 0 1 60.2868
0 0 0 0 1 59.9542
0 0 0 0 0 60.2877
0 0 0 0 1 62.7446
0 0 0 0 1 90.3195
0 0 0 0 1 93.9395
0 0 0 0 0 98.3006
0 0 0 0 0 4.99497
0 0 0 0 0 4.97493
0 0 0 0 0 5.03505
0 0 0 0 0 5.0601
0 0 0 0 1 68.0744
0 0 0 0 1 67.9175
0 0 0 0 1 68.9243
0 0 0 0 1 68.9071
0 0 0 0 0 68.9589
0 0 0 0 1 68.7387
0 0 0 0 1 68.1101
0 0 0 0 0 5.0601
0 0 0 0 0 4.98495
0 0 0 0 0 5.05008
0 0 0 0 0 4.97493
0 0 0 0 0 5.04507
0 0 0 0 1 48.0611
0 0 0 0 1 48.3454
0 0 0 0 1 47.5285
0 0 0 0 1 47.6709
0 0 0 0 0 48.1495
0 0 0 0 0 47.8146
0 0 0 0 1 47.6244
0 0 0 0 1 48.2495
0 0 0 0 1 47.5818
0 0 0 0 0 4.97994
0 0 0 0 0 4.96491
0 0 0 0 0 4.97493
0 0 0 0 0 4.9599
0 0 0 0 1 94.9594
0 0 0 0 1 84.4563
0 0 0 0 0 76.3253
0 0 0 0 1 70.5359
0 0 0 0 1 65.2497
0 0 0 0 0 60.4015
0 0 0 0 1 56.8861
0 0 0 0 1 52.492
0 0 0 0 1 49.408
0 0 0 0 1 47.5186
0 0 0 0 0 45.0244
0 0 0 0 1 42.0193
0 0 0 0 1 40.1367
0 0 0 0 0 38.21
0 0 0 0 1 36.9957
0 0 0 0 1 35.257
0 0 0 0 1 33.6116
0 0 0 0 1 32.5186
0 0 0 0 1 31.4059
0 0 0 0 1 30.2647
0 0 0 0 1 29.1077
0 0 0 0 1 28.3964
0 0 0 0 1 27.2352
0 0 0 0 1 26.3717
0 0 0 0 1 25.6527
0 0 0 0 1 25.1538
0 0 0 0 0 24.2775
0 0 0 0 1 23.8562
0 0 0 0 1 22.7812
0 0 0 0 1 22.62
0 0 0 0 1 21.8024
0 0 0 0 0 21.1972
0 0 0 0 0 20.8218
0 0 0 0 0 20.3493
0 0 0 0 1 19.6382
0 0 0 0 0 19.2003
0 0 0 0 1 18.8292
0 0 0 0 1 18.6521
0 0 0 0 1 18.2035
0 0 0 0 0 17.9372
0 0 0 0 0 17.5646
0 0 0 0 1 16.9199
0 0 0 0 1 16.7347
0 0 0 0 0 16.3804
0 0 0 0 1 16.1117
0 0 0 0 1 15.9784
0 0 0 0 0 15.5074
0 0 0 0 1 15.4044
0 0 0 0 1 15.0556
0 0 0 0 1 14.6407
0 0 0 0 1 14.5604
0 0 0 0 0 14.3608
0 0 0 0 0 14.1796
0 0 0 0 1 13.9696
0 0 0 0 0 13.6875
0 0 0 0 0 13.515
0 0 0 0 0 13.2456
0 0 0 0 1 13.1442
0 0 0 0 1 12.8705
0 0 0 0 1 12.7513
0 0 0 0 1 12.4964
0 0 0 0 1 12.2475
0 0 0 0 1 12.1009
0 0 0 0 1 11.9513
0 0 0 0 1 11.7899
0 0 0 0 0 11.7197
0 0 0 0 1 11.6112
0 0 0 0 1 11.3221
0 0 0 0 1 11.3266
0 0 0 0 1 11.0159
0 0 0 0 1 10.8426
0 0 0 0 1 10.7229
0 0 0 0 0 10.7099
0 0 0 0 1 10.5982
0 0 0 0 1 10.3612
0 0 0 0 1 10.3953
0 0 0 0 1 10.211
0 0 0 0 1 10.1495
0 0 0 0 1 9.97673
0 0 0 0 1 9.8463
0 0 0 0 1 9.70552
0 0 0 0 1 9.72999
0 0 0 0 1 9.5799
0 0 0 0 1 9.48754
0 0 0 0 1 9.43297
0 0 0 0 1 9.26629
0 0 0 0 0 9.20228
0 0 0 0 1 9.04696
0 0 0 0 1 8.92011
0 0 0 0 0 8.87437
0 0 0 0 1 8.84609
0 0 0 0 0 8.72899
0 0 0 0 0 8.70871
0 0 0 0 1 8.55828
0 0 0 0 1 8.57955
0 0 0 0 1 8.49008
0 0 0 0 1 8.38367
0 0 0 0 1 8.35318
0 0 0 0 0 8.26463
0 0 0 0 1 8.09507
0 0 0 0 1 8.03234
0 0 0 0 1 8.0025
0 0 0 0 1 7.94752
0 0 0 0 1 7.86979
0 0 0 0 0 7.77681
0 0 0 0 0 7.82405
0 0 0 0 1 7.67631
0 0 0 0 1 7.6684
0 0 0 0 1 7.53237
0 0 0 0 1 7.58427
0 0 0 0 1 7.49298
0 0 0 0 1 7.34446
0 0 0 0 1 7.3296
0 0 0 0 1 7.26928
0 0 0 0 1 7.25388
0 0 0 0 1 7.18783
0 0 0 0 1 7.17202
0 0 0 0 1 7.05674
0 0 0 0 1 6.97765
0 0 0 0 1 7.04021
0 0 0 0 0 6.878
0 0 0 0 0 6.8621
0 0 0 0 0 6.85267
0 0 0 0 1 6.79694
0 0 0 0 1 6.78197
0 0 0 0 1 6.69138
0 0 0 0 1 6.69634
0 0 0 0 1 6.63298
0 0 0 0 0 6.63914
0 0 0 0 1 6.55169
0 0 0 0 1 6.42433
0 0 0 0 1 6.42874
0 0 0 0 1 6.43451
0 0 0 0 1 6.41901
0 0 0 0 1 6.35269
0 0 0 0 1 6.33712
0 0 0 0 1 6.20445
0 0 0 0 0 6.2639
0 0 0 0 1 6.18823
0 0 0 0 1 6.16043
0 0 0 0 1 6.13451
0 0 0 0 1 6.05209
0 0 0 0 1 6.06878
0 0 0 0 1 5.98895
0 0 0 0 1 5.93363
0 0 0 0 0 5.94999
0 0 0 0 1 5.87541
0 0 0 0 1 5.91487
0 0 0 0 0 5.79595
0 0 0 0 1 5.7729
0 0 0 0 1 5.79244
0 0 0 0 1 5.80765
0 0 0 0 1 5.68521
0 0 0 0 1 5.66627
0 0 0 0 1 5.636
0 0 0 0 0 5.65847
0 0 0 0 1 5.62451
0 0 0 0 1 5.61112
0 0 0 0 1 5.50883
0 0 0 0 1 5.48476
0 0 0 0 1 5.54866
0 0 0 0 1 5.46249
0 0 0 0 1 5.49847
0 0 0 0 1 5.41464
0 0 0 0 1 5.34954
0 0 0 0 1 5.40658
0 0 0 0 1 5.33655
0 0 0 0 0 5.33432
0 0 0 0 1 5.26155
0 0 0 0 1 5.22784
0 0 0 0 1 5.29595
0 0 0 0 1 5.18372
0 0 0 0 1 5.16269
0 0 0 0 1 5.14693
0 0 0 0 1 5.1467
0 0 0 0 1 5.11889
0 0 0 0 1 5.14089
0 0 0 0 1 5.08946
0 0 0 0 1 5.11963
0 0 0 0 1 5.0129
0 0 0 0 0 5.03618
0 0 0 0 1 5.04588
0 0 0 0 1 4.96062
0 0 0 0 1 4.93562
0 0 0 0 1 4.93225
0 0 0 0 1 4.92718
0 0 0 0 1 4.94176
0 0 0 0 1 4.91699
0 0 0 0 1 4.84846
0 0 0 0 1 4.82901
0 0 0 0 1 4.86773
0 0 0 0 1 4.85474
0 0 0 0 1 4.75844
0 0 0 0 1 4.81768
0 0 0 0 1 4.79372
0 0 0 0 1 4.72235
0 0 0 0 0 4.69414
0 0 0 0 1 4.74788
0 0 0 0 1 4.69617
0 0 0 0 0 4.70109
0 0 0 0 1 4.69342
0 0 0 0 1 4.64239
0 0 0 0 1 4.59775
0 0 0 0 1 4.62281
0 0 0 0 0 4.64168
0 0 0 0 1 4.62363
0 0 0 0 0 4.56124
0 0 0 0 0 4.54816
0 0 0 0 1 4.59566
0 0 0 0 0 4.51446
0 0 0 0 1 4.53459
0 0 0 0 1 4.51275
0 0 0 0 1 4.54752
0 0 0 0 1 4.47192
0 0 0 0 1 4.47851
0 0 0 0 1 4.41257
0 0 0 0 1 4.47707
0 0 0 0 1 4.42486
0 0 0 0 1 4.38733
0 0 0 0 1 4.42933
0 0 0 0 1 4.37339
0 0 0 0 1 4.35825
0 0 0 0 1 4.40436
0 0 0 0 1 4.38924
0 0 0 0 1 4.36551
0 0 0 0 0 4.30633
0 0 0 0 1 4.36077
0 0 0 0 0 4.32443
0 0 0 0 1 4.30979
0 0 0 0 1 4.32442
0 0 0 0 1 4.30992
0 0 0 0 1 4.27844
0 0 0 0 1 4.23437
0 0 0 0 1 4.21533
0 0 0 0 1 4.27398
0 0 0 0 1 4.22185
0 0 0 0 1 4.19528
0 0 0 0 0 4.20251
0 0 0 0 1 4.18401
0 0 0 0 1 4.16621
0 0 0 0 1 4.15269
0 0 0 0 1 4.13927
0 0 0 0 1 4.12178
0 0 0 0 1 4.16659
0 0 0 0 1 4.16574
0 0 0 0 1 4.15668
0 0 0 0 1 4.13533
0 0 0 0 1 4.13056
0 0 0 0 1 4.11765
0 0 0 0 1 4.05572
0 0 0 0 1 4.08803
0 0 0 0 1 4.04281
0 0 0 0 1 4.08323
0 0 0 0 1 4.08295
0 0 0 0 0 4.04221
0 0 0 0 0 4.02998
0 0 0 0 1 4.06625
0 0 0 0 1 4.02191
0 0 0 0 1 4.05815
0 0 0 0 1 4.02608
0 0 0 0 1 4.02223
0 0 0 0 1 3.97447
0 0 0 0 1 4.02672
0 0 0 0 0 3.94738
0 0 0 0 1 4.01152
0 0 0 0 1 3.98024
0 0 0 0 1 3.94122
0 0 0 0 1 3.99333
0 0 0 0 0 3.98612
0 0 0 0 0 3.91597
0 0 0 0 1 3.94399
0 0 0 0 1 3.90955
0 0 0 0 1 3.89437
0 0 0 0 1 3.92291
0 0 0 0 1 3.95142
0 0 0 0 1 3.94476
0 0 0 0 1 3.92649
0 0 0 0 1 3.86163
0 0 0 0 1 3.87091
0 0 0 0 1 3.89109
0 0 0 0 1 3.86163
0 0 0 0 1 3.84395
