0 0 0 0 0 9.45621
0 0 0 0 1 9.45893
0 0 0 0 0 9.39869
0 0 0 0 1 9.51523
0 0 0 0 1 9.41731
0 0 0 0 1 9.45852
0 0 0 0 1 9.44291
0 0 0 0 1 9.50354
0 0 0 0 1 9.46288
0 0 0 0 1 9.52399
0 0 0 0 1 9.51225
0 0 0 0 0 9.53553
0 0 0 0 1 9.63929
0 0 0 0 1 9.64384
0 0 0 0 0 9.60395
0 0 0 0 1 9.69552
0 0 0 0 1 9.68487
0 0 0 0 0 9.71306
0 0 0 0 1 9.60196
0 0 0 0 1 9.81118
0 0 0 0 0 9.63576
0 0 0 0 1 9.6705
0 0 0 0 1 9.7484
0 0 0 0 1 9.72887
0 0 0 0 1 9.73485
0 0 0 0 1 9.89229
0 0 0 0 0 9.78473
0 0 0 0 0 9.80508
0 0 0 0 0 9.87091
0 0 0 0 0 9.97096
0 0 0 0 1 9.86317
0 0 0 0 1 9.86019
0 0 0 0 1 10.0109
0 0 0 0 1 9.94284
0 0 0 0 1 9.90456
0 0 0 0 0 9.92638
0 0 0 0 1 9.97855
0 0 0 0 1 10.162
0 0 0 0 1 10.1848
0 0 0 0 1 10.046
0 0 0 0 0 10.2007
0 0 0 0 1 10.1529
0 0 0 0 1 10.2632
0 0 0 0 1 10.1645
0 0 0 0 1 10.3007
0 0 0 0 1 10.2223
0 0 0 0 1 10.1998
0 0 0 0 1 10.2549
0 0 0 0 0 10.2793
0 0 0 0 0 10.2521
0 0 0 0 0 10.479
0 0 0 0 1 10.4315
0 0 0 0 1 10.4464
0 0 0 0 1 10.4092
0 0 0 0 1 10.4557
0 0 0 0 0 10.5918
0 0 0 0 1 10.4388
0 0 0 0 1 10.6286
0 0 0 0 1 10.7081
0 0 0 0 1 10.5915
0 0 0 0 1 10.5755
0 0 0 0 1 10.768
0 0 0 0 1 10.8223
0 0 0 0 0 10.8392
0 0 0 0 1 10.8777
0 0 0 0 1 10.8031
0 0 0 0 1 10.8799
0 0 0 0 1 10.8484
0 0 0 0 1 11.0184
0 0 0 0 1 10.9324
0 0 0 0 0 11.0436
0 0 0 0 1 11.0233
0 0 0 0 1 10.9586
0 0 0 0 1 11.1537
0 0 0 0 1 11.0113
0 0 0 0 1 11.1355
0 0 0 0 1 11.2777
0 0 0 0 1 11.325
0 0 0 0 1 11.1474
0 0 0 0 0 11.2398
0 0 0 0 1 11.2821
0 0 0 0 1 11.2617
0 0 0 0 1 11.4974
0 0 0 0 1 11.3921
0 0 0 0 0 11.4407
0 0 0 0 1 11.5188
0 0 0 0 1 11.6721
0 0 0 0 1 11.647
0 0 0 0 1 11.5983
0 0 0 0 1 11.7651
0 0 0 0 0 11.7515
0 0 0 0 0 11.7431
0 0 0 0 1 11.8829
0 0 0 0 0 11.8457
0 0 0 0 0 11.9748
0 0 0 0 0 11.9852
0 0 0 0 1 11.8875
0 0 0 0 0 11.9577
0 0 0 0 1 12.1492
0 0 0 0 1 12.0871
0 0 0 0 1 12.2194
0 0 0 0 1 12.2546
0 0 0 0 0 12.3706
0 0 0 0 1 12.3817
0 0 0 0 1 12.5237
0 0 0 0 1 12.5102
0 0 0 0 1 12.4034
0 0 0 0 1 12.6526
0 0 0 0 1 12.6838
0 0 0 0 1 12.791
0 0 0 0 1 12.6502
0 0 0 0 1 12.6881
0 0 0 0 1 12.9372
0 0 0 0 1 12.8273
0 0 0 0 0 12.955
0 0 0 0 0 12.9347
0 0 0 0 0 13.1302
0 0 0 0 1 13.2543
0 0 0 0 1 13.1096
0 0 0 0 0 13.3401
0 0 0 0 0 13.3196
0 0 0 0 0 13.4663
0 0 0 0 1 13.4529
0 0 0 0 1 13.6011
0 0 0 0 1 13.6417
0 0 0 0 1 13.6278
0 0 0 0 1 13.5995
0 0 0 0 0 13.8661
0 0 0 0 1 13.9287
0 0 0 0 1 14.0394
0 0 0 0 1 14.1306
0 0 0 0 1 14.0393
0 0 0 0 1 14.0301
0 0 0 0 0 14.0785
0 0 0 0 1 14.2982
0 0 0 0 1 14.4558
0 0 0 0 0 14.5633
0 0 0 0 1 14.5697
0 0 0 0 0 14.5318
0 0 0 0 1 14.7865
0 0 0 0 0 14.7413
0 0 0 0 1 14.888
0 0 0 0 0 15.0208
0 0 0 0 0 15.0861
0 0 0 0 1 15.2201
0 0 0 0 1 15.2333
0 0 0 0 1 15.1621
0 0 0 0 0 15.3355
0 0 0 0 1 15.3391
0 0 0 0 1 15.4516
0 0 0 0 1 15.69
0 0 0 0 0 15.6466
0 0 0 0 1 15.7763
0 0 0 0 0 16.0505
0 0 0 0 1 15.9978
0 0 0 0 1 16.3318
0 0 0 0 0 16.2781
0 0 0 0 1 16.5586
0 0 0 0 1 16.52
0 0 0 0 1 16.6543
0 0 0 0 1 16.806
0 0 0 0 1 16.7814
0 0 0 0 1 16.9165
0 0 0 0 1 17.0521
0 0 0 0 1 17.0935
0 0 0 0 1 17.4809
0 0 0 0 1 17.5581
0 0 0 0 1 17.6349
0 0 0 0 1 17.8175
0 0 0 0 1 17.8228
0 0 0 0 0 18.015
0 0 0 0 1 18.0453
0 0 0 0 1 18.1108
0 0 0 0 1 18.2491
0 0 0 0 1 18.5077
0 0 0 0 0 18.6101
0 0 0 0 0 19.0313
0 0 0 0 1 19.0874
0 0 0 0 1 19.0275
0 0 0 0 1 19.1365
0 0 0 0 1 19.5477
0 0 0 0 1 19.61
0 0 0 0 1 19.8185
0 0 0 0 1 19.8573
0 0 0 0 0 20.0664
0 0 0 0 1 20.3465
0 0 0 0 0 20.3916
0 0 0 0 1 20.8718
0 0 0 0 0 20.7796
0 0 0 0 1 20.863
0 0 0 0 0 21.0815
0 0 0 0 1 21.3652
0 0 0 0 0 21.4775
0 0 0 0 1 21.6722
0 0 0 0 1 22.2337
0 0 0 0 0 22.5214
0 0 0 0 1 22.6172
0 0 0 0 0 22.9748
0 0 0 0 1 22.8019
0 0 0 0 1 23.4345
0 0 0 0 1 23.3098
0 0 0 0 1 23.6907
0 0 0 0 1 24.0695
0 0 0 0 0 24.2089
0 0 0 0 0 24.6496
0 0 0 0 0 24.9458
0 0 0 0 1 24.8855
0 0 0 0 0 25.249
0 0 0 0 1 25.589
0 0 0 0 1 26.1312
0 0 0 0 1 26.4072
0 0 0 0 1 26.5517
0 0 0 0 0 26.6828
0 0 0 0 0 27.4556
0 0 0 0 1 27.642
0 0 0 0 0 27.8246
0 0 0 0 0 28.0413
0 0 0 0 0 28.6373
0 0 0 0 0 29.3556
0 0 0 0 1 29.2186
0 0 0 0 1 29.834
0 0 0 0 1 30.3951
0 0 0 0 1 31.0512
0 0 0 0 1 31.1623
0 0 0 0 0 31.3591
0 0 0 0 0 32.0915
0 0 0 0 1 32.7669
0 0 0 0 1 32.9812
0 0 0 0 1 33.9701
0 0 0 0 1 34.5154
0 0 0 0 0 34.6892
0 0 0 0 1 35.1626
0 0 0 0 1 36.2628
0 0 0 0 0 36.6235
0 0 0 0 1 36.9215
0 0 0 0 1 37.7386
0 0 0 0 1 38.3502
0 0 0 0 0 37.0562
0 0 0 0 1 37.5014
0 0 0 0 1 36.8686
0 0 0 0 0 37.0566
0 0 0 0 1 37.2428
0 0 0 0 1 37.3182
0 0 0 0 1 37.1369
0 0 0 0 1 36.6957
0 0 0 0 1 36.997
0 0 0 0 1 37.2246
0 0 0 0 1 37.2292
0 0 0 0 1 36.5358
0 0 0 0 0 36.8855
0 0 0 0 1 37.4243
0 0 0 0 1 39.097
0 0 0 0 1 39.8048
0 0 0 0 0 40.9133
0 0 0 0 1 57.2754
0 0 0 0 1 58.95
0 0 0 0 1 60.6159
0 0 0 0 1 62.0023
0 0 0 0 1 60.3973
0 0 0 0 1 60.8463
0 0 0 0 1 61.1138
0 0 0 0 0 60.5331
0 0 0 0 1 60.7434
0 0 0 0 0 61.0745
0 0 0 0 1 60.3781
0 0 0 0 1 60.893
0 0 0 0 1 62.7446
0 0 0 0 0 89.0638
0 0 0 0 1 94.127
0 0 0 0 0 98.6934
0 0 0 0 0 4.98495
0 0 0 0 0 5.0601
0 0 0 0 0 4.96491
0 0 0 0 0 5.04507
0 0 0 0 1 69.1006
0 0 0 0 1 68.9434
0 0 0 0 1 68.7875
0 0 0 0 1 68.9754
0 0 0 0 1 68.0705
0 0 0 0 0 68.8754
0 0 0 0 1 67.6319
0 0 0 0 0 4.96992
0 0 0 0 0 5.04006
0 0 0 0 0 4.97994
0 0 0 0 0 5.03505
0 0 0 0 0 5.04507
0 0 0 0 1 48.2528
0 0 0 0 1 47.7225
0 0 0 0 1 47.9598
0 0 0 0 0 47.4793
0 0 0 0 0 47.8142
0 0 0 0 1 47.9584
0 0 0 0 1 47.816
0 0 0 0 1 48.2016
0 0 0 0 0 47.9651
0 0 0 0 0 5.05509
0 0 0 0 0 5.03505
0 0 0 0 0 5.00499
0 0 0 0 0 5.02503
0 0 0 0 1 93.83
0 0 0 0 1 84.2021
0 0 0 0 1 76.6334
0 0 0 0 0 71.2419
0 0 0 0 1 65.1193
0 0 0 0 1 60.7042
0 0 0 0 1 57.0556
0 0 0 0 1 53.4454
0 0 0 0 1 49.6075
0 0 0 0 1 47.5186
0 0 0 0 1 44.8906
0 0 0 0 0 42.6977
0 0 0 0 1 40.6212
0 0 0 0 1 38.8654
0 0 0 0 0 36.9219
0 0 0 0 1 35.5399
0 0 0 0 0 33.7474
0 0 0 0 1 32.9104
0 0 0 0 0 31.7517
0 0 0 0 1 30.2344
0 0 0 0 0 29.342
0 0 0 0 0 28.2832
0 0 0 0 1 27.4544
0 0 0 0 1 26.5842
0 0 0 0 1 25.936
0 0 0 0 1 25.0288
0 0 0 0 1 24.1803
0 0 0 0 1 23.5964
0 0 0 0 1 23.0111
0 0 0 0 0 22.5081
0 0 0 0 1 21.7369
0 0 0 0 1 21.1546
0 0 0 0 1 20.8634
0 0 0 0 1 20.329
0 0 0 0 1 19.8562
0 0 0 0 1 19.3359
0 0 0 0 1 18.8482
0 0 0 0 1 18.5038
0 0 0 0 1 18.0946
0 0 0 0 1 17.7239
0 0 0 0 1 17.4426
0 0 0 0 1 17.1418
0 0 0 0 1 16.584
0 0 0 0 0 16.479
0 0 0 0 1 16.1762
0 0 0 0 0 15.7092
0 0 0 0 0 15.4607
0 0 0 0 1 15.3433
0 0 0 0 1 15.0256
0 0 0 0 1 14.8178
0 0 0 0 0 14.6475
0 0 0 0 1 14.3751
0 0 0 0 1 14.039
0 0 0 0 0 13.8036
0 0 0 0 1 13.5785
0 0 0 0 1 13.5418
0 0 0 0 1 13.1532
0 0 0 0 0 13.1312
0 0 0 0 1 12.909
0 0 0 0 1 12.7387
0 0 0 0 1 12.5711
0 0 0 0 1 12.3582
0 0 0 0 0 12.1372
0 0 0 0 1 12.0829
0 0 0 0 1 11.8725
0 0 0 0 0 11.6149
0 0 0 0 0 11.4846
0 0 0 0 1 11.2767
0 0 0 0 1 11.2257
0 0 0 0 1 11.1378
0 0 0 0 0 10.9082
0 0 0 0 1 10.7661
0 0 0 0 1 10.6565
0 0 0 0 0 10.5982
0 0 0 0 1 10.3508
0 0 0 0 1 10.2096
0 0 0 0 1 10.2314
0 0 0 0 1 10.1092
0 0 0 0 1 9.96674
0 0 0 0 1 9.8463
0 0 0 0 1 9.67623
0 0 0 0 1 9.75897
0 0 0 0 1 9.52254
0 0 0 0 1 9.47807
0 0 0 0 1 9.3112
0 0 0 0 1 9.29412
0 0 0 0 1 9.24815
0 0 0 0 1 9.08333
0 0 0 0 1 8.95612
0 0 0 0 1 8.9902
0 0 0 0 1 8.76655
0 0 0 0 0 8.79022
0 0 0 0 1 8.63932
0 0 0 0 1 8.54969
0 0 0 0 1 8.59658
0 0 0 0 1 8.38881
0 0 0 0 1 8.30844
0 0 0 0 0 8.2786
0 0 0 0 1 8.14961
0 0 0 0 1 8.07064
0 0 0 0 1 8.14536
0 0 0 0 1 8.01852
0 0 0 0 1 7.89195
0 0 0 0 1 7.94069
0 0 0 0 1 7.80026
0 0 0 0 1 7.80078
0 0 0 0 1 7.6302
0 0 0 0 1 7.69889
0 0 0 0 1 7.50966
0 0 0 0 1 7.5317
0 0 0 0 0 7.52277
0 0 0 0 1 7.43321
0 0 0 0 1 7.33695
0 0 0 0 1 7.27657
0 0 0 0 1 7.30451
0 0 0 0 1 7.16629
0 0 0 0 1 7.05795
0 0 0 0 1 7.04258
0 0 0 0 1 7.07603
0 0 0 0 1 7.01228
0 0 0 0 0 6.94734
0 0 0 0 1 6.94469
0 0 0 0 1 6.82534
0 0 0 0 0 6.77657
0 0 0 0 1 6.80222
0 0 0 0 1 6.65119
0 0 0 0 0 6.62312
0 0 0 0 1 6.5603
0 0 0 0 1 6.52739
0 0 0 0 1 6.52556
0 0 0 0 1 6.49563
0 0 0 0 1 6.49316
0 0 0 0 1 6.46656
0 0 0 0 1 6.43174
0 0 0 0 1 6.31472
0 0 0 0 1 6.26168
0 0 0 0 0 6.22321
0 0 0 0 1 6.2639
0 0 0 0 1 6.22532
0 0 0 0 1 6.185
0 0 0 0 1 6.08563
0 0 0 0 1 6.12493
0 0 0 0 0 6.06878
0 0 0 0 0 5.98895
0 0 0 0 1 6.00534
0 0 0 0 0 5.94999
0 0 0 0 1 5.91674
0 0 0 0 0 5.82677
0 0 0 0 1 5.80179
0 0 0 0 1 5.79618
0 0 0 0 1 5.82135
0 0 0 0 1 5.7674
0 0 0 0 1 5.74241
0 0 0 0 0 5.74591
0 0 0 0 1 5.62469
0 0 0 0 1 5.57957
0 0 0 0 1 5.63574
0 0 0 0 1 5.63346
0 0 0 0 1 5.59212
0 0 0 0 1 5.47924
0 0 0 0 0 5.48274
0 0 0 0 1 5.46797
0 0 0 0 1 5.48757
0 0 0 0 1 5.4038
0 0 0 0 1 5.43051
0 0 0 0 1 5.34752
0 0 0 0 1 5.3419
0 0 0 0 1 5.29177
0 0 0 0 1 5.31989
0 0 0 0 1 5.25949
0 0 0 0 1 5.24867
0 0 0 0 1 5.23597
0 0 0 0 1 5.16789
0 0 0 0 1 5.13138
0 0 0 0 0 5.18284
0 0 0 0 1 5.09322
0 0 0 0 1 5.06921
0 0 0 0 1 5.07926
0 0 0 0 1 5.0536
0 0 0 0 1 5.04325
0 0 0 0 1 4.98587
0 0 0 0 1 4.96571
0 0 0 0 0 4.94565
0 0 0 0 1 5.02012
0 0 0 0 1 4.92729
0 0 0 0 0 4.94199
0 0 0 0 1 4.93684
0 0 0 0 0 4.8876
0 0 0 0 1 4.88748
0 0 0 0 1 4.88245
0 0 0 0 1 4.80967
0 0 0 0 1 4.81613
0 0 0 0 1 4.81131
0 0 0 0 1 4.77454
0 0 0 0 1 4.78894
0 0 0 0 1 4.77466
0 0 0 0 0 4.78414
0 0 0 0 1 4.71481
0 0 0 0 1 4.73382
0 0 0 0 1 4.71983
0 0 0 0 1 4.642
0 0 0 0 1 4.68896
0 0 0 0 1 4.64883
0 0 0 0 1 4.60891
0 0 0 0 1 4.65553
0 0 0 0 0 4.55928
0 0 0 0 1 4.62083
0 0 0 0 0 4.55272
0 0 0 0 1 4.52734
0 0 0 0 1 4.52354
0 0 0 0 1 4.49386
0 0 0 0 0 4.4857
0 0 0 0 1 4.46198
0 0 0 0 1 4.48986
0 0 0 0 1 4.50535
0 0 0 0 1 4.43931
0 0 0 0 1 4.45929
0 0 0 0 1 4.46915
0 0 0 0 1 4.43151
0 0 0 0 1 4.44255
0 0 0 0 1 4.42608
0 0 0 0 0 4.41957
0 0 0 0 1 4.39125
0 0 0 0 0 4.37616
0 0 0 0 1 4.3742
0 0 0 0 1 4.37131
0 0 0 0 1 4.36077
0 0 0 0 1 4.29425
0 0 0 0 1 4.26248
0 0 0 0 1 4.24728
0 0 0 0 0 4.27999
0 0 0 0 1 4.27844
0 0 0 0 1 4.27267
0 0 0 0 1 4.25774
0 0 0 0 1 4.20197
0 0 0 0 0 4.25143
0 0 0 0 1 4.24588
0 0 0 0 0 4.18569
0 0 0 0 1 4.15886
0 0 0 0 1 4.17876
0 0 0 0 1 4.14852
0 0 0 0 1 4.20173
0 0 0 0 1 4.12178
0 0 0 0 1 4.15001
0 0 0 0 1 4.16988
0 0 0 0 1 4.09476
0 0 0 0 1 4.1065
0 0 0 0 1 4.08946
0 0 0 0 0 4.06843
0 0 0 0 1 4.08028
0 0 0 0 1 4.12478
0 0 0 0 1 4.09172
0 0 0 0 1 4.09137
0 0 0 0 1 4.06671
0 0 0 0 1 4.03411
0 0 0 0 0 4.04615
0 0 0 0 1 4.03801
0 0 0 0 1 4.00984
0 0 0 0 1 4.04206
0 0 0 0 1 4.03411
0 0 0 0 1 3.97816
0 0 0 0 1 4.01845
0 0 0 0 1 4.01076
0 0 0 0 1 3.95534
0 0 0 0 1 4.00754
0 0 0 0 1 3.94056
0 0 0 0 1 3.92141
0 0 0 0 0 3.92612
0 0 0 0 0 3.94271
0 0 0 0 1 3.90415
0 0 0 0 1 3.93218
0 0 0 0 1 3.94884
0 0 0 0 0 3.95718
0 0 0 0 1 3.95818
0 0 0 0 0 3.90056
0 0 0 0 1 3.89398
0 0 0 0 1 3.90309
0 0 0 0 1 3.86163
0 0 0 0 1 3.88256
0 0 0 0 1 3.91827
0 0 0 0 1 3.89265
0 0 0 0 1 3.89814
