0 0 0 0 1 5.48263
0 0 0 0 1 5.53035
0 0 0 0 1 5.56728
0 0 0 0 1 5.59573
0 0 0 0 1 5.51097
0 0 0 0 1 5.53722
0 0 0 0 1 5.59052
0 0 0 0 0 5.5391
0 0 0 0 1 5.61823
0 0 0 0 1 5.62278
0 0 0 0 1 5.65546
0 0 0 0 0 5.61543
0 0 0 0 1 5.56064
0 0 0 0 0 5.63302
0 0 0 0 1 5.69451
0 0 0 0 1 5.58891
0 0 0 0 1 5.70157
0 0 0 0 1 5.65238
0 0 0 0 1 5.65788
0 0 0 0 0 5.65971
0 0 0 0 1 5.69955
0 0 0 0 1 5.68259
0 0 0 0 0 5.72281
0 0 0 0 1 5.69454
0 0 0 0 1 5.75408
0 0 0 0 0 5.72017
0 0 0 0 1 5.72652
0 0 0 0 0 5.79235
0 0 0 0 1 5.74697
0 0 0 0 1 5.84633
0 0 0 0 1 5.84166
0 0 0 0 1 5.80214
0 0 0 0 1 5.80487
0 0 0 0 1 5.82948
0 0 0 0 1 5.79573
0 0 0 0 0 5.85577
0 0 0 0 0 5.85145
0 0 0 0 1 5.89572
0 0 0 0 1 5.95062
0 0 0 0 1 5.93482
0 0 0 0 1 5.91901
0 0 0 0 1 5.96857
0 0 0 0 1 5.94095
0 0 0 0 1 6.02674
0 0 0 0 1 5.98127
0 0 0 0 1 5.98964
0 0 0 0 1 5.99208
0 0 0 0 1 6.05489
0 0 0 0 1 6.02131
0 0 0 0 1 6.01792
0 0 0 0 1 6.1239
0 0 0 0 0 6.04773
0 0 0 0 0 6.10451
0 0 0 0 1 6.06469
0 0 0 0 1 6.07996
0 0 0 0 1 6.10866
0 0 0 0 1 6.192
0 0 0 0 1 6.23163
0 0 0 0 0 6.18556
0 0 0 0 1 6.16415
0 0 0 0 0 6.25405
0 0 0 0 1 6.22648
0 0 0 0 0 6.23643
0 0 0 0 0 6.33374
0 0 0 0 1 6.37005
0 0 0 0 1 6.36078
0 0 0 0 1 6.32684
0 0 0 0 1 6.30465
0 0 0 0 0 6.33421
0 0 0 0 1 6.38243
0 0 0 0 0 6.43809
0 0 0 0 1 6.42895
0 0 0 0 1 6.46634
0 0 0 0 0 6.4378
0 0 0 0 1 6.49427
0 0 0 0 1 6.48521
0 0 0 0 1 6.52845
0 0 0 0 0 6.51348
0 0 0 0 0 6.62298
0 0 0 0 0 6.67373
0 0 0 0 1 6.59927
0 0 0 0 1 6.66405
0 0 0 0 1 6.68866
0 0 0 0 1 6.76701
0 0 0 0 0 6.78538
0 0 0 0 1 6.77685
0 0 0 0 1 6.80887
0 0 0 0 1 6.78714
0 0 0 0 1 6.87388
0 0 0 0 0 6.89961
0 0 0 0 1 6.89113
0 0 0 0 1 6.88942
0 0 0 0 1 6.98455
0 0 0 0 1 6.90663
0 0 0 0 1 7.01674
0 0 0 0 1 6.98727
0 0 0 0 0 6.99921
0 0 0 0 1 6.99748
0 0 0 0 1 7.03814
0 0 0 0 0 7.12842
0 0 0 0 1 7.16975
0 0 0 0 0 7.21164
0 0 0 0 1 7.26029
0 0 0 0 0 7.17955
0 0 0 0 1 7.27176
0 0 0 0 0 7.35771
0 0 0 0 1 7.26099
0 0 0 0 0 7.28171
0 0 0 0 0 7.42703
0 0 0 0 1 7.33643
0 0 0 0 1 7.38669
0 0 0 0 1 7.45925
0 0 0 0 1 7.56989
0 0 0 0 0 7.49318
0 0 0 0 0 7.52886
0 0 0 0 1 7.67885
0 0 0 0 1 7.60069
0 0 0 0 1 7.62916
0 0 0 0 1 7.71174
0 0 0 0 1 7.78753
0 0 0 0 1 7.85565
0 0 0 0 1 7.86945
0 0 0 0 1 7.81982
0 0 0 0 1 7.9517
0 0 0 0 1 7.88608
0 0 0 0 0 7.96324
0 0 0 0 0 8.04091
0 0 0 0 1 8.01387
0 0 0 0 0 8.03483
0 0 0 0 0 8.19525
0 0 0 0 1 8.23327
0 0 0 0 1 8.17261
0 0 0 0 0 8.28473
0 0 0 0 1 8.36448
0 0 0 0 1 8.41184
0 0 0 0 1 8.36636
0 0 0 0 1 8.42993
0 0 0 0 1 8.57037
0 0 0 0 1 8.61797
0 0 0 0 1 8.51174
0 0 0 0 1 8.65313
0 0 0 0 1 8.65741
0 0 0 0 1 8.73926
0 0 0 0 1 8.71771
0 0 0 0 1 8.80881
0 0 0 0 1 8.87386
0 0 0 0 1 9.01983
0 0 0 0 1 8.9157
0 0 0 0 1 9.07173
0 0 0 0 0 9.19272
0 0 0 0 1 9.18621
0 0 0 0 1 9.26317
0 0 0 0 0 9.3767
0 0 0 0 1 9.26574
0 0 0 0 0 9.43607
0 0 0 0 1 9.40917
0 0 0 0 1 9.52305
0 0 0 0 1 9.6282
0 0 0 0 1 9.72564
0 0 0 0 1 9.70577
0 0 0 0 0 9.72406
0 0 0 0 0 9.81088
0 0 0 0 1 9.98751
0 0 0 0 1 10.0958
0 0 0 0 1 10.1027
0 0 0 0 1 10.1003
0 0 0 0 0 10.1566
0 0 0 0 1 10.3363
0 0 0 0 1 10.4365
0 0 0 0 1 10.4103
0 0 0 0 1 10.4353
0 0 0 0 1 10.5233
0 0 0 0 1 10.7379
0 0 0 0 1 10.8793
0 0 0 0 1 10.8611
0 0 0 0 1 10.9816
0 0 0 0 1 10.9374
0 0 0 0 1 11.1914
0 0 0 0 1 11.2466
0 0 0 0 0 11.324
0 0 0 0 1 11.5015
0 0 0 0 1 11.5746
0 0 0 0 1 11.4789
0 0 0 0 1 11.7487
0 0 0 0 1 11.7532
0 0 0 0 1 12.0031
0 0 0 0 1 11.9229
0 0 0 0 1 12.0423
0 0 0 0 1 12.2078
0 0 0 0 1 12.3038
0 0 0 0 1 12.5332
0 0 0 0 1 12.6394
0 0 0 0 0 12.7203
0 0 0 0 1 12.775
0 0 0 0 1 12.9117
0 0 0 0 1 13.0303
0 0 0 0 1 13.2994
0 0 0 0 0 13.3357
0 0 0 0 1 13.5276
0 0 0 0 0 13.5169
0 0 0 0 0 13.6683
0 0 0 0 1 13.908
0 0 0 0 0 13.9629
0 0 0 0 0 14.2853
0 0 0 0 1 14.478
0 0 0 0 1 14.4782
0 0 0 0 0 14.8218
0 0 0 0 1 14.8581
0 0 0 0 1 15.0417
0 0 0 0 1 15.336
0 0 0 0 1 15.4083
0 0 0 0 0 15.494
0 0 0 0 1 15.7383
0 0 0 0 1 16.016
0 0 0 0 1 16.0375
0 0 0 0 1 16.3914
0 0 0 0 1 16.6003
0 0 0 0 1 16.9029
0 0 0 0 1 16.8944
0 0 0 0 1 17.2342
0 0 0 0 1 17.5247
0 0 0 0 1 17.6492
0 0 0 0 0 17.8604
0 0 0 0 1 18.2082
0 0 0 0 0 18.3278
0 0 0 0 1 18.7348
0 0 0 0 1 19.1842
0 0 0 0 1 19.4454
0 0 0 0 1 19.7155
0 0 0 0 1 19.9543
0 0 0 0 1 20.3535
0 0 0 0 1 20.8163
0 0 0 0 1 21.2094
0 0 0 0 1 21.2724
0 0 0 0 1 21.9002
0 0 0 0 1 22.2792
0 0 0 0 1 22.3877
0 0 0 0 1 22.8035
0 0 0 0 0 23.5332
0 0 0 0 1 23.7704
0 0 0 0 1 24.0775
0 0 0 0 1 24.8094
0 0 0 0 0 25.3689
0 0 0 0 0 25.6665
0 0 0 0 0 26.5281
0 0 0 0 0 26.6961
0 0 0 0 0 27.8223
0 0 0 0 1 28.467
0 0 0 0 1 28.9879
0 0 0 0 1 29.7193
0 0 0 0 0 30.5127
0 0 0 0 1 30.7285
0 0 0 0 1 31.72
0 0 0 0 1 33.0328
0 0 0 0 1 33.8967
0 0 0 0 1 34.8637
0 0 0 0 1 35.7745
0 0 0 0 1 36.4099
0 0 0 0 1 37.9191
0 0 0 0 1 38.8986
0 0 0 0 0 40.3456
0 0 0 0 1 41.4035
0 0 0 0 1 42.9163
0 0 0 0 1 45.1676
0 0 0 0 1 46.7539
0 0 0 0 1 48.7119
0 0 0 0 1 50.6881
0 0 0 0 1 52.0446
0 0 0 0 1 54.4589
0 0 0 0 0 57.6137
0 0 0 0 1 59.767
0 0 0 0 1 55.9232
0 0 0 0 1 55.9596
0 0 0 0 1 55.55
0 0 0 0 0 55.5886
0 0 0 0 1 56.1298
0 0 0 0 1 55.4452
0 0 0 0 1 56.0997
0 0 0 0 1 55.9189
0 0 0 0 1 59.4271
0 0 0 0 1 79.8416
0 0 0 0 1 78.8753
0 0 0 0 1 80.498
0 0 0 0 0 5.03004
0 0 0 0 0 4.98495
0 0 0 0 0 4.97493
0 0 0 0 0 5.05509
0 0 0 0 1 86.7612
0 0 0 0 1 88.1591
0 0 0 0 0 87.7185
0 0 0 0 1 87.9805
0 0 0 0 0 86.7545
0 0 0 0 1 88.2467
0 0 0 0 0 5.04006
0 0 0 0 0 4.97994
0 0 0 0 0 5.03004
0 0 0 0 0 5.04006
0 0 0 0 0 5.02002
0 0 0 0 0 5.05509
0 0 0 0 1 69.4072
0 0 0 0 1 66.8922
0 0 0 0 0 67.7817
0 0 0 0 1 66.7855
0 0 0 0 1 67.678
0 0 0 0 1 67.1557
0 0 0 0 1 67.5118
0 0 0 0 0 66.9917
0 0 0 0 1 99.265
0 0 0 0 1 93.2826
0 0 0 0 1 89.3642
0 0 0 0 1 85.4946
0 0 0 0 1 80.0723
0 0 0 0 0 77.2183
0 0 0 0 1 73.3517
0 0 0 0 1 71.2924
0 0 0 0 1 67.9104
0 0 0 0 1 65.7607
0 0 0 0 1 62.4678
0 0 0 0 1 60.1768
0 0 0 0 1 58.0004
0 0 0 0 1 56.5268
0 0 0 0 0 54.9338
0 0 0 0 1 52.9694
0 0 0 0 1 51.6262
0 0 0 0 1 50.4677
0 0 0 0 1 48.7969
0 0 0 0 0 46.8799
0 0 0 0 0 46.3241
0 0 0 0 1 45.2002
0 0 0 0 0 43.2263
0 0 0 0 1 42.365
0 0 0 0 1 41.3868
0 0 0 0 1 40.9329
0 0 0 0 1 39.7621
0 0 0 0 1 39.0197
0 0 0 0 1 38.1213
0 0 0 0 1 37.0153
0 0 0 0 0 36.4962
0 0 0 0 1 35.215
0 0 0 0 0 34.5425
0 0 0 0 1 33.9227
0 0 0 0 1 33.3301
0 0 0 0 1 33.0699
0 0 0 0 1 31.946
0 0 0 0 1 31.7692
0 0 0 0 1 31.2343
0 0 0 0 1 30.8101
0 0 0 0 1 29.9215
0 0 0 0 1 29.2916
0 0 0 0 1 29.1593
0 0 0 0 0 28.3123
0 0 0 0 1 28.3116
0 0 0 0 1 27.5604
0 0 0 0 1 26.9378
0 0 0 0 1 26.5819
0 0 0 0 1 26.1553
0 0 0 0 1 25.983
0 0 0 0 0 25.4302
0 0 0 0 1 25.2969
0 0 0 0 1 24.9429
0 0 0 0 1 24.476
0 0 0 0 0 24.3766
0 0 0 0 1 23.8264
0 0 0 0 0 23.8203
0 0 0 0 1 23.0479
0 0 0 0 0 22.8855
0 0 0 0 1 22.512
0 0 0 0 1 22.6341
0 0 0 0 1 22.1049
0 0 0 0 1 21.7539
0 0 0 0 0 21.7511
0 0 0 0 1 21.5598
0 0 0 0 1 21.2619
0 0 0 0 1 20.7247
0 0 0 0 1 20.6986
0 0 0 0 1 20.5256
0 0 0 0 0 19.978
0 0 0 0 1 19.9761
0 0 0 0 1 19.8609
0 0 0 0 1 19.4512
0 0 0 0 1 19.1812
0 0 0 0 1 19.1604
0 0 0 0 0 18.8626
0 0 0 0 1 18.8849
0 0 0 0 1 18.6996
0 0 0 0 1 18.3954
0 0 0 0 1 18.3301
0 0 0 0 1 17.8042
0 0 0 0 1 17.7487
0 0 0 0 1 17.612
0 0 0 0 1 17.5538
0 0 0 0 1 17.217
0 0 0 0 1 17.2531
0 0 0 0 1 16.9539
0 0 0 0 1 16.8182
0 0 0 0 1 16.8753
0 0 0 0 1 16.6055
0 0 0 0 1 16.2487
0 0 0 0 1 16.4002
0 0 0 0 1 15.9751
0 0 0 0 1 15.8432
0 0 0 0 1 16.0042
0 0 0 0 1 15.659
0 0 0 0 1 15.5585
0 0 0 0 1 15.5374
0 0 0 0 0 15.2978
0 0 0 0 1 15.1147
0 0 0 0 0 15.2742
0 0 0 0 1 15.0909
0 0 0 0 0 14.739
0 0 0 0 1 14.6422
0 0 0 0 1 14.5747
0 0 0 0 1 14.4632
0 0 0 0 0 14.4269
0 0 0 0 1 14.4876
0 0 0 0 1 14.1987
0 0 0 0 0 14.1106
0 0 0 0 1 14.0788
0 0 0 0 1 13.9014
0 0 0 0 1 13.9608
0 0 0 0 0 13.7074
0 0 0 0 1 13.6696
0 0 0 0 1 13.4279
0 0 0 0 1 13.4393
0 0 0 0 1 13.4949
0 0 0 0 1 13.3626
0 0 0 0 1 13.2792
0 0 0 0 1 13.1434
0 0 0 0 1 13.1177
0 0 0 0 1 12.8923
0 0 0 0 1 12.9863
0 0 0 0 1 12.9166
0 0 0 0 1 12.6181
0 0 0 0 1 12.5753
0 0 0 0 1 12.6742
0 0 0 0 1 12.3804
0 0 0 0 0 12.3706
0 0 0 0 1 12.2369
0 0 0 0 0 12.3374
0 0 0 0 1 12.3141
0 0 0 0 0 12.0113
0 0 0 0 1 11.9649
0 0 0 0 1 12.0222
0 0 0 0 1 11.971
0 0 0 0 0 11.9595
0 0 0 0 1 11.8611
0 0 0 0 1 11.6576
0 0 0 0 1 11.6076
0 0 0 0 0 11.546
0 0 0 0 1 11.531
0 0 0 0 1 11.5041
0 0 0 0 1 11.4086
0 0 0 0 1 11.3667
0 0 0 0 1 11.2607
0 0 0 0 1 11.1442
0 0 0 0 0 11.1816
0 0 0 0 1 11.0771
0 0 0 0 1 11.1878
0 0 0 0 1 10.929
0 0 0 0 0 10.9325
0 0 0 0 0 10.8263
0 0 0 0 1 10.8985
0 0 0 0 0 10.8761
0 0 0 0 1 10.7709
0 0 0 0 1 10.8166
0 0 0 0 1 10.6373
0 0 0 0 1 10.7039
0 0 0 0 0 10.5441
0 0 0 0 1 10.6384
0 0 0 0 1 10.5986
0 0 0 0 1 10.4753
0 0 0 0 1 10.3184
0 0 0 0 1 10.4042
0 0 0 0 1 10.3516
0 0 0 0 0 10.361
0 0 0 0 1 10.2167
0 0 0 0 1 10.267
0 0 0 0 1 10.1037
0 0 0 0 1 10.1771
0 0 0 0 1 9.96501
0 0 0 0 1 10.0617
0 0 0 0 1 9.89129
0 0 0 0 1 9.84142
0 0 0 0 1 9.97993
0 0 0 0 1 9.93972
0 0 0 0 0 9.8506
0 0 0 0 1 9.82078
0 0 0 0 1 9.67741
0 0 0 0 1 9.73575
0 0 0 0 1 9.5903
0 0 0 0 1 9.73193
0 0 0 0 1 9.55857
0 0 0 0 1 9.64485
0 0 0 0 1 9.50795
0 0 0 0 1 9.51448
0 0 0 0 1 9.53038
0 0 0 0 1 9.36999
0 0 0 0 1 9.4802
0 0 0 0 1 9.32718
0 0 0 0 1 9.27181
0 0 0 0 1 9.26009
0 0 0 0 1 9.25446
0 0 0 0 1 9.17805
0 0 0 0 1 9.18511
0 0 0 0 0 9.13103
0 0 0 0 1 9.19309
0 0 0 0 1 9.21822
0 0 0 0 1 9.02485
0 0 0 0 1 9.02314
0 0 0 0 1 8.96388
0 0 0 0 1 9.07959
0 0 0 0 1 9.04177
0 0 0 0 1 8.90564
0 0 0 0 0 8.9904
0 0 0 0 1 8.97104
0 0 0 0 0 8.863
0 0 0 0 1 8.91502
0 0 0 0 1 8.87517
0 0 0 0 0 8.85316
0 0 0 0 1 8.81704
0 0 0 0 1 8.82495
0 0 0 0 0 8.64612
0 0 0 0 1 8.75907
0 0 0 0 1 8.74647
0 0 0 0 1 8.7027
0 0 0 0 1 8.54702
0 0 0 0 0 8.5575
0 0 0 0 1 8.64367
0 0 0 0 1 8.58884
0 0 0 0 1 8.46591
0 0 0 0 0 8.56038
0 0 0 0 1 8.45527
0 0 0 0 1 8.39674
0 0 0 0 1 8.38576
0 0 0 0 0 8.37488
0 0 0 0 1 8.43149
0 0 0 0 1 8.36184
0 0 0 0 1 8.46026
0 0 0 0 1 8.34079
0 0 0 0 1 8.35079
0 0 0 0 1 8.34885
0 0 0 0 0 8.26392
0 0 0 0 1 8.34519
0 0 0 0 1 8.23598
0 0 0 0 1 8.29235
0 0 0 0 1 8.28268
0 0 0 0 1 8.16633
0 0 0 0 1 8.14074
0 0 0 0 1 8.09898
0 0 0 0 0 8.12279
0 0 0 0 1 8.17917
0 0 0 0 1 8.16225
0 0 0 0 1 8.1536
0 0 0 0 1 8.04792
0 0 0 0 0 8.01145
0 0 0 0 1 8.01149
0 0 0 0 1 8.06799
0 0 0 0 1 8.10829
0 0 0 0 1 8.02824
0 0 0 0 1 8.0847
0 0 0 0 1 7.9493
0 0 0 0 1 7.99376
0 0 0 0 0 7.89899
0 0 0 0 0 7.95571
0 0 0 0 1 7.85367
0 0 0 0 1 7.85867
0 0 0 0 0 7.9155
0 0 0 0 1 7.96794
0 0 0 0 1 7.96155
0 0 0 0 1 7.9317
0 0 0 0 1 7.87853
0 0 0 0 1 7.78199
0 0 0 0 1 7.90175
0 0 0 0 1 7.84925
0 0 0 0 1 7.74567
0 0 0 0 1 7.86857
0 0 0 0 1 7.71548
0 0 0 0 0 7.71849
0 0 0 0 1 7.81788
0 0 0 0 0 7.77447
0 0 0 0 0 7.80873
