0 0 0 0 1 5.52675
0 0 0 0 1 5.51378
0 0 0 0 1 5.55068
0 0 0 0 1 5.55695
0 0 0 0 1 5.52207
0 0 0 0 1 5.53722
0 0 0 0 1 5.52933
0 0 0 0 1 5.59483
0 0 0 0 1 5.53454
0 0 0 0 1 5.60602
0 0 0 0 1 5.59386
0 0 0 0 1 5.55933
0 0 0 0 1 5.60557
0 0 0 0 1 5.57675
0 0 0 0 0 5.58175
0 0 0 0 1 5.68488
0 0 0 0 0 5.69592
0 0 0 0 1 5.61274
0 0 0 0 1 5.7203
0 0 0 0 1 5.70517
0 0 0 0 1 5.69955
0 0 0 0 1 5.65977
0 0 0 0 1 5.76283
0 0 0 0 0 5.69454
0 0 0 0 1 5.74835
0 0 0 0 1 5.76041
0 0 0 0 1 5.79565
0 0 0 0 1 5.7635
0 0 0 0 1 5.79322
0 0 0 0 0 5.81735
0 0 0 0 1 5.85328
0 0 0 0 1 5.78468
0 0 0 0 1 5.81653
0 0 0 0 0 5.88789
0 0 0 0 1 5.81915
0 0 0 0 1 5.87924
0 0 0 0 1 5.89262
0 0 0 0 1 5.94284
0 0 0 0 1 5.85616
0 0 0 0 1 5.86973
0 0 0 0 1 5.95459
0 0 0 0 1 5.90317
0 0 0 0 0 5.98266
0 0 0 0 1 5.91325
0 0 0 0 1 6.01719
0 0 0 0 1 5.94763
0 0 0 0 1 6.00411
0 0 0 0 1 5.98855
0 0 0 0 0 6.00922
0 0 0 0 0 6.10276
0 0 0 0 0 6.05099
0 0 0 0 1 6.03555
0 0 0 0 1 6.12895
0 0 0 0 1 6.17495
0 0 0 0 1 6.18437
0 0 0 0 1 6.20709
0 0 0 0 1 6.13033
0 0 0 0 0 6.22544
0 0 0 0 1 6.19796
0 0 0 0 1 6.20769
0 0 0 0 1 6.2166
0 0 0 0 1 6.22022
0 0 0 0 1 6.2427
0 0 0 0 1 6.28338
0 0 0 0 1 6.26914
0 0 0 0 1 6.31648
0 0 0 0 0 6.36491
0 0 0 0 1 6.3556
0 0 0 0 1 6.33421
0 0 0 0 1 6.35038
0 0 0 0 1 6.46379
0 0 0 0 1 6.4354
0 0 0 0 1 6.43404
0 0 0 0 1 6.4378
0 0 0 0 1 6.51377
0 0 0 0 1 6.51783
0 0 0 0 0 6.58739
0 0 0 0 0 6.52005
0 0 0 0 1 6.6098
0 0 0 0 1 6.5679
0 0 0 0 1 6.69876
0 0 0 0 1 6.6308
0 0 0 0 1 6.73538
0 0 0 0 0 6.65311
0 0 0 0 1 6.77193
0 0 0 0 1 6.7701
0 0 0 0 1 6.70724
0 0 0 0 1 6.73279
0 0 0 0 1 6.76477
0 0 0 0 1 6.89277
0 0 0 0 1 6.84991
0 0 0 0 1 6.9308
0 0 0 0 1 6.9361
0 0 0 0 1 7.01781
0 0 0 0 1 7.03067
0 0 0 0 1 7.0642
0 0 0 0 1 7.0484
0 0 0 0 1 7.08918
0 0 0 0 1 7.05938
0 0 0 0 1 7.09285
0 0 0 0 1 7.07691
0 0 0 0 0 7.16867
0 0 0 0 1 7.14516
0 0 0 0 1 7.25178
0 0 0 0 0 7.19919
0 0 0 0 0 7.314
0 0 0 0 1 7.39274
0 0 0 0 0 7.36246
0 0 0 0 1 7.44915
0 0 0 0 1 7.37348
0 0 0 0 1 7.40901
0 0 0 0 1 7.40693
0 0 0 0 0 7.48728
0 0 0 0 1 7.49318
0 0 0 0 0 7.6046
0 0 0 0 1 7.58753
0 0 0 0 1 7.60834
0 0 0 0 1 7.64453
0 0 0 0 1 7.7735
0 0 0 0 0 7.82627
0 0 0 0 1 7.77779
0 0 0 0 1 7.80687
0 0 0 0 1 7.81196
0 0 0 0 0 7.92009
0 0 0 0 1 7.86225
0 0 0 0 1 7.92334
0 0 0 0 1 8.081
0 0 0 0 1 8.08643
0 0 0 0 0 8.12402
0 0 0 0 1 8.06504
0 0 0 0 1 8.10232
0 0 0 0 1 8.21376
0 0 0 0 1 8.24335
0 0 0 0 1 8.35616
0 0 0 0 1 8.30314
0 0 0 0 1 8.32432
0 0 0 0 1 8.38765
0 0 0 0 0 8.43433
0 0 0 0 1 8.61797
0 0 0 0 1 8.52892
0 0 0 0 0 8.73093
0 0 0 0 0 8.61395
0 0 0 0 0 8.783
0 0 0 0 1 8.85832
0 0 0 0 1 8.89726
0 0 0 0 1 8.88276
0 0 0 0 1 8.90338
0 0 0 0 1 9.09582
0 0 0 0 1 9.0808
0 0 0 0 0 9.138
0 0 0 0 0 9.09444
0 0 0 0 1 9.18936
0 0 0 0 1 9.20031
0 0 0 0 1 9.42469
0 0 0 0 1 9.33259
0 0 0 0 1 9.50383
0 0 0 0 0 9.58024
0 0 0 0 0 9.5802
0 0 0 0 1 9.68701
0 0 0 0 1 9.78358
0 0 0 0 1 9.87095
0 0 0 0 1 9.76158
0 0 0 0 1 9.8783
0 0 0 0 1 10.0659
0 0 0 0 1 9.9718
0 0 0 0 1 10.1814
0 0 0 0 1 10.1361
0 0 0 0 0 10.3878
0 0 0 0 1 10.2707
0 0 0 0 1 10.5043
0 0 0 0 1 10.4353
0 0 0 0 0 10.5657
0 0 0 0 1 10.6524
0 0 0 0 1 10.6639
0 0 0 0 1 10.8828
0 0 0 0 1 10.8612
0 0 0 0 1 11.0476
0 0 0 0 1 11.2025
0 0 0 0 0 11.2242
0 0 0 0 1 11.2111
0 0 0 0 1 11.3421
0 0 0 0 1 11.4597
0 0 0 0 1 11.4789
0 0 0 0 1 11.5733
0 0 0 0 1 11.706
0 0 0 0 1 11.8604
0 0 0 0 1 12.0548
0 0 0 0 1 11.9939
0 0 0 0 1 12.33
0 0 0 0 1 12.2545
0 0 0 0 1 12.5581
0 0 0 0 1 12.6143
0 0 0 0 1 12.7457
0 0 0 0 1 12.8518
0 0 0 0 1 12.9505
0 0 0 0 1 13.1217
0 0 0 0 1 13.0751
0 0 0 0 1 13.1891
0 0 0 0 1 13.4199
0 0 0 0 1 13.5713
0 0 0 0 0 13.6408
0 0 0 0 0 13.9775
0 0 0 0 1 14.1594
0 0 0 0 1 14.1291
0 0 0 0 1 14.3058
0 0 0 0 1 14.4201
0 0 0 0 0 14.543
0 0 0 0 0 14.9472
0 0 0 0 1 14.8916
0 0 0 0 1 15.2752
0 0 0 0 1 15.4545
0 0 0 0 1 15.5407
0 0 0 0 0 15.628
0 0 0 0 1 16.0479
0 0 0 0 1 16.2475
0 0 0 0 1 16.326
0 0 0 0 0 16.4346
0 0 0 0 0 16.9533
0 0 0 0 1 16.8604
0 0 0 0 1 17.0789
0 0 0 0 1 17.5422
0 0 0 0 1 17.8088
0 0 0 0 0 17.8065
0 0 0 0 0 18.2629
0 0 0 0 0 18.4019
0 0 0 0 0 18.7724
0 0 0 0 1 19.1461
0 0 0 0 1 19.3873
0 0 0 0 1 19.7745
0 0 0 0 1 19.8743
0 0 0 0 1 20.13
0 0 0 0 1 20.6924
0 0 0 0 1 20.8734
0 0 0 0 1 21.2938
0 0 0 0 1 21.7481
0 0 0 0 0 22.1907
0 0 0 0 1 22.5003
0 0 0 0 0 22.7806
0 0 0 0 1 23.2061
0 0 0 0 1 23.8419
0 0 0 0 0 24.1747
0 0 0 0 1 24.9085
0 0 0 0 1 25.0654
0 0 0 0 1 26.028
0 0 0 0 0 26.5281
0 0 0 0 1 27.2079
0 0 0 0 1 27.5744
0 0 0 0 1 27.9879
0 0 0 0 0 28.786
0 0 0 0 1 29.2466
0 0 0 0 1 30.1494
0 0 0 0 1 30.7906
0 0 0 0 1 32.0703
0 0 0 0 1 32.3787
0 0 0 0 1 33.8967
0 0 0 0 1 34.3108
0 0 0 0 0 35.2767
0 0 0 0 0 36.5197
0 0 0 0 1 38.0702
0 0 0 0 0 38.8596
0 0 0 0 1 40.5872
0 0 0 0 0 41.6118
0 0 0 0 1 43.0025
0 0 0 0 1 44.8099
0 0 0 0 0 46.8468
0 0 0 0 1 48.6636
0 0 0 0 1 50.2356
0 0 0 0 1 51.9922
0 0 0 0 1 55.3364
0 0 0 0 1 56.9244
0 0 0 0 0 60.8526
0 0 0 0 0 55.5325
0 0 0 0 1 55.6806
0 0 0 0 1 55.8847
0 0 0 0 1 55.1983
0 0 0 0 1 55.9069
0 0 0 0 1 55.7795
0 0 0 0 1 56.0997
0 0 0 0 1 56.1973
0 0 0 0 1 59.6051
0 0 0 0 1 80.1591
0 0 0 0 1 79.1927
0 0 0 0 1 80.9819
0 0 0 0 0 4.96491
0 0 0 0 0 5.03004
0 0 0 0 0 4.9599
0 0 0 0 0 5.03004
0 0 0 0 1 87.4623
0 0 0 0 1 87.0199
0 0 0 0 1 88.069
0 0 0 0 1 87.8053
0 0 0 0 1 88.5071
0 0 0 0 1 87.3704
0 0 0 0 0 4.99497
0 0 0 0 0 5.01501
0 0 0 0 0 4.98495
0 0 0 0 0 5.01501
0 0 0 0 0 5.05008
0 0 0 0 0 5.02002
0 0 0 0 1 68.5103
0 0 0 0 1 66.9596
0 0 0 0 1 67.3101
0 0 0 0 1 67.055
0 0 0 0 1 67.7454
0 0 0 0 1 67.6951
0 0 0 0 1 66.9048
0 0 0 0 1 67.1266
0 0 0 0 1 100.162
0 0 0 0 0 93.565
0 0 0 0 0 90.0777
0 0 0 0 0 83.9694
0 0 0 0 1 81.3638
0 0 0 0 1 77.3724
0 0 0 0 1 74.3838
0 0 0 0 1 70.1619
0 0 0 0 0 68.1818
0 0 0 0 0 65.4997
0 0 0 0 1 62.5934
0 0 0 0 0 60.7222
0 0 0 0 0 58.5857
0 0 0 0 1 56.9228
0 0 0 0 0 54.5504
0 0 0 0 1 53.5002
0 0 0 0 1 51.6777
0 0 0 0 1 50.018
0 0 0 0 0 48.6027
0 0 0 0 1 46.7383
0 0 0 0 1 45.6807
0 0 0 0 1 45.0212
0 0 0 0 1 43.3571
0 0 0 0 1 42.7478
0 0 0 0 1 41.4283
0 0 0 0 1 40.8113
0 0 0 0 1 39.4453
0 0 0 0 1 38.3616
0 0 0 0 1 38.0456
0 0 0 0 1 37.0153
0 0 0 0 1 36.5688
0 0 0 0 1 35.2861
0 0 0 0 0 34.8559
0 0 0 0 1 34.2981
0 0 0 0 1 33.6312
0 0 0 0 0 33.1027
0 0 0 0 0 32.2039
0 0 0 0 1 31.5161
0 0 0 0 1 31.11
0 0 0 0 1 30.8406
0 0 0 0 1 29.8315
0 0 0 0 0 29.4096
0 0 0 0 1 28.7241
0 0 0 0 1 28.455
0 0 0 0 0 28.2554
0 0 0 0 1 27.6157
0 0 0 0 1 26.965
0 0 0 0 1 26.9035
0 0 0 0 1 26.2344
0 0 0 0 1 26.2171
0 0 0 0 0 25.4045
0 0 0 0 1 25.3979
0 0 0 0 1 24.893
0 0 0 0 1 24.6972
0 0 0 0 0 24.1585
0 0 0 0 1 23.8264
0 0 0 0 1 23.3722
0 0 0 0 1 23.2574
0 0 0 0 1 23.1842
0 0 0 0 1 22.6708
0 0 0 0 0 22.3428
0 0 0 0 1 21.9942
0 0 0 0 0 21.9507
0 0 0 0 1 21.6647
0 0 0 0 1 21.4957
0 0 0 0 1 21.0721
0 0 0 0 1 20.8081
0 0 0 0 1 20.5543
0 0 0 0 1 20.2403
0 0 0 0 1 20.0385
0 0 0 0 1 19.9761
0 0 0 0 0 19.6833
0 0 0 0 1 19.6658
0 0 0 0 1 19.2584
0 0 0 0 1 19.0076
0 0 0 0 1 18.8248
0 0 0 0 0 18.7351
0 0 0 0 1 18.6069
0 0 0 0 0 18.3037
0 0 0 0 1 18.3119
0 0 0 0 0 17.966
0 0 0 0 0 17.8378
0 0 0 0 1 17.4884
0 0 0 0 1 17.5189
0 0 0 0 1 17.4941
0 0 0 0 1 16.9956
0 0 0 0 1 16.9369
0 0 0 0 1 16.6834
0 0 0 0 1 16.8753
0 0 0 0 1 16.5062
0 0 0 0 1 16.4785
0 0 0 0 1 16.3026
0 0 0 0 1 16.2333
0 0 0 0 1 15.8912
0 0 0 0 1 15.909
0 0 0 0 1 15.8951
0 0 0 0 1 15.5117
0 0 0 0 1 15.367
0 0 0 0 1 15.436
0 0 0 0 1 15.328
0 0 0 0 1 15.002
0 0 0 0 1 15.1509
0 0 0 0 1 14.7539
0 0 0 0 1 14.9081
0 0 0 0 0 14.736
0 0 0 0 0 14.405
0 0 0 0 1 14.3835
0 0 0 0 1 14.4159
0 0 0 0 1 14.2556
0 0 0 0 1 14.0258
0 0 0 0 1 14.0928
0 0 0 0 1 13.8038
0 0 0 0 0 13.7669
0 0 0 0 1 13.7761
0 0 0 0 1 13.6696
0 0 0 0 1 13.5228
0 0 0 0 1 13.3988
0 0 0 0 0 13.4815
0 0 0 0 0 13.3626
0 0 0 0 1 13.3188
0 0 0 0 1 12.999
0 0 0 0 1 13.1046
0 0 0 0 0 12.8535
0 0 0 0 1 12.8704
0 0 0 0 1 12.7886
0 0 0 0 1 12.6435
0 0 0 0 1 12.6764
0 0 0 0 1 12.5862
0 0 0 0 1 12.5553
0 0 0 0 1 12.3582
0 0 0 0 1 12.2987
0 0 0 0 1 12.2637
0 0 0 0 1 12.2896
0 0 0 0 1 12.254
0 0 0 0 1 12.182
0 0 0 0 1 11.9862
0 0 0 0 1 12.0068
0 0 0 0 1 11.9832
0 0 0 0 1 11.8965
0 0 0 0 0 11.7632
0 0 0 0 1 11.7827
0 0 0 0 1 11.7087
0 0 0 0 1 11.6118
0 0 0 0 1 11.5616
0 0 0 0 0 11.3743
0 0 0 0 1 11.4008
0 0 0 0 1 11.2154
0 0 0 0 1 11.2905
0 0 0 0 1 11.2264
0 0 0 0 1 11.1105
0 0 0 0 1 11.1989
0 0 0 0 1 10.9952
0 0 0 0 0 10.9655
0 0 0 0 1 11.045
0 0 0 0 1 10.9747
0 0 0 0 1 10.822
0 0 0 0 0 10.7601
0 0 0 0 1 10.6878
0 0 0 0 1 10.6693
0 0 0 0 1 10.5658
0 0 0 0 1 10.5653
0 0 0 0 1 10.4908
0 0 0 0 1 10.5461
0 0 0 0 1 10.3395
0 0 0 0 1 10.308
0 0 0 0 1 10.3938
0 0 0 0 1 10.2485
0 0 0 0 0 10.1659
0 0 0 0 1 10.1247
0 0 0 0 1 10.2161
0 0 0 0 1 10.1138
0 0 0 0 1 10.0459
0 0 0 0 1 9.95496
0 0 0 0 1 10.0016
0 0 0 0 1 9.97114
0 0 0 0 0 10.0303
0 0 0 0 1 9.82152
0 0 0 0 1 9.95944
0 0 0 0 1 9.89971
0 0 0 0 1 9.84035
0 0 0 0 1 9.79447
0 0 0 0 0 9.68717
0 0 0 0 1 9.77417
0 0 0 0 1 9.61619
0 0 0 0 1 9.58739
0 0 0 0 1 9.63529
0 0 0 0 1 9.4412
0 0 0 0 0 9.51448
0 0 0 0 1 9.43565
0 0 0 0 1 9.46435
0 0 0 0 1 9.42377
0 0 0 0 1 9.41155
0 0 0 0 1 9.35585
0 0 0 0 0 9.39969
0 0 0 0 1 9.21733
0 0 0 0 1 9.20581
0 0 0 0 1 9.28655
0 0 0 0 1 9.27801
0 0 0 0 1 9.11068
0 0 0 0 1 9.13608
0 0 0 0 1 9.05214
0 0 0 0 0 9.14103
0 0 0 0 0 9.00007
0 0 0 0 0 8.97139
0 0 0 0 1 8.95189
0 0 0 0 1 8.88772
0 0 0 0 0 8.84741
0 0 0 0 1 8.84631
0 0 0 0 1 8.79196
0 0 0 0 0 8.93273
0 0 0 0 1 8.89284
0 0 0 0 1 8.72983
0 0 0 0 0 8.76435
0 0 0 0 1 8.7374
0 0 0 0 1 8.70726
0 0 0 0 1 8.75907
0 0 0 0 1 8.6075
0 0 0 0 1 8.69404
0 0 0 0 1 8.57292
0 0 0 0 1 8.58335
0 0 0 0 0 8.50619
0 0 0 0 1 8.52027
0 0 0 0 1 8.60273
0 0 0 0 0 8.46659
0 0 0 0 1 8.46378
0 0 0 0 1 8.54941
0 0 0 0 1 8.43653
0 0 0 0 1 8.49307
0 0 0 0 1 8.50729
0 0 0 0 1 8.33663
0 0 0 0 0 8.46026
0 0 0 0 0 8.37425
0 0 0 0 0 8.31742
0 0 0 0 1 8.26561
0 0 0 0 1 8.3802
0 0 0 0 1 8.22088
0 0 0 0 1 8.22771
0 0 0 0 0 8.30885
0 0 0 0 1 8.15095
0 0 0 0 1 8.22384
0 0 0 0 0 8.21452
0 0 0 0 1 8.24623
0 0 0 0 1 8.24524
0 0 0 0 1 8.20361
0 0 0 0 0 8.1216
0 0 0 0 0 8.14548
0 0 0 0 1 8.11269
0 0 0 0 1 8.01953
0 0 0 0 0 8.09217
0 0 0 0 1 8.01967
0 0 0 0 1 8.10026
0 0 0 0 0 7.98012
0 0 0 0 1 8.07669
0 0 0 0 1 7.9493
0 0 0 0 1 7.92993
0 0 0 0 1 7.97862
0 0 0 0 0 7.91597
0 0 0 0 1 7.96473
0 0 0 0 1 7.9062
0 0 0 0 1 7.93922
0 0 0 0 1 7.84159
0 0 0 0 0 7.83543
0 0 0 0 1 7.81367
0 0 0 0 1 7.87853
0 0 0 0 1 7.82905
0 0 0 0 1 7.79995
0 0 0 0 0 7.86489
0 0 0 0 1 7.85498
0 0 0 0 1 7.736
0 0 0 0 1 7.83226
0 0 0 0 0 7.82731
0 0 0 0 1 7.84117
0 0 0 0 0 7.81322
0 0 0 0 0 7.76229
