0 0 0 0 1 5.56536
0 0 0 0 1 5.53035
0 0 0 0 1 5.58942
0 0 0 0 1 5.53478
0 0 0 0 1 5.52762
0 0 0 0 1 5.6095
0 0 0 0 1 5.57383
0 0 0 0 1 5.57811
0 0 0 0 1 5.58475
0 0 0 0 0 5.54453
0 0 0 0 1 5.64426
0 0 0 0 1 5.6547
0 0 0 0 1 5.56625
0 0 0 0 0 5.57112
0 0 0 0 1 5.66632
0 0 0 0 1 5.66794
0 0 0 0 1 5.61107
0 0 0 0 1 5.62406
0 0 0 0 1 5.68058
0 0 0 0 1 5.65403
0 0 0 0 1 5.75079
0 0 0 0 1 5.67118
0 0 0 0 1 5.68851
0 0 0 0 1 5.78621
0 0 0 0 1 5.73114
0 0 0 0 1 5.78341
0 0 0 0 1 5.70924
0 0 0 0 1 5.73466
0 0 0 0 1 5.72963
0 0 0 0 1 5.73624
0 0 0 0 1 5.84747
0 0 0 0 1 5.76722
0 0 0 0 1 5.87481
0 0 0 0 0 5.83532
0 0 0 0 1 5.83671
0 0 0 0 1 5.90858
0 0 0 0 1 5.83381
0 0 0 0 1 5.89572
0 0 0 0 1 5.93291
0 0 0 0 1 5.8934
0 0 0 0 0 5.90121
0 0 0 0 0 5.90912
0 0 0 0 0 6.00054
0 0 0 0 1 5.94909
0 0 0 0 1 5.93337
0 0 0 0 1 5.96563
0 0 0 0 1 6.07631
0 0 0 0 1 5.98252
0 0 0 0 1 5.99713
0 0 0 0 0 6.05428
0 0 0 0 0 6.06314
0 0 0 0 1 6.10254
0 0 0 0 1 6.14118
0 0 0 0 1 6.13207
0 0 0 0 1 6.19665
0 0 0 0 0 6.20709
0 0 0 0 1 6.12416
0 0 0 0 1 6.17593
0 0 0 0 1 6.22278
0 0 0 0 0 6.25123
0 0 0 0 1 6.1854
0 0 0 0 1 6.24526
0 0 0 0 0 6.26153
0 0 0 0 1 6.34004
0 0 0 0 1 6.35744
0 0 0 0 1 6.27218
0 0 0 0 1 6.28876
0 0 0 0 1 6.40018
0 0 0 0 1 6.43638
0 0 0 0 0 6.44651
0 0 0 0 1 6.39954
0 0 0 0 1 6.48054
0 0 0 0 1 6.40174
0 0 0 0 1 6.43132
0 0 0 0 0 6.55928
0 0 0 0 0 6.50478
0 0 0 0 1 6.52191
0 0 0 0 1 6.54631
0 0 0 0 1 6.57026
0 0 0 0 0 6.66712
0 0 0 0 1 6.69876
0 0 0 0 1 6.6707
0 0 0 0 0 6.71536
0 0 0 0 0 6.64641
0 0 0 0 1 6.67106
0 0 0 0 0 6.69585
0 0 0 0 0 6.80209
0 0 0 0 1 6.75317
0 0 0 0 1 6.77841
0 0 0 0 1 6.89277
0 0 0 0 1 6.84991
0 0 0 0 1 6.9239
0 0 0 0 1 6.85303
0 0 0 0 1 6.97612
0 0 0 0 1 6.97493
0 0 0 0 1 6.96628
0 0 0 0 0 6.98515
0 0 0 0 0 7.11739
0 0 0 0 0 7.07354
0 0 0 0 0 7.08573
0 0 0 0 1 7.20545
0 0 0 0 0 7.09705
0 0 0 0 1 7.26749
0 0 0 0 1 7.1651
0 0 0 0 1 7.29353
0 0 0 0 0 7.25572
0 0 0 0 1 7.32686
0 0 0 0 0 7.26703
0 0 0 0 1 7.35327
0 0 0 0 1 7.44018
0 0 0 0 1 7.36438
0 0 0 0 1 7.45178
0 0 0 0 0 7.46475
0 0 0 0 1 7.58364
0 0 0 0 1 7.58945
0 0 0 0 1 7.53426
0 0 0 0 1 7.71539
0 0 0 0 0 7.65221
0 0 0 0 1 7.74262
0 0 0 0 0 7.73329
0 0 0 0 1 7.71551
0 0 0 0 1 7.75993
0 0 0 0 1 7.9457
0 0 0 0 1 7.93589
0 0 0 0 1 7.87814
0 0 0 0 1 7.98718
0 0 0 0 1 7.95273
0 0 0 0 1 8.07836
0 0 0 0 0 8.18078
0 0 0 0 0 8.11387
0 0 0 0 1 8.19235
0 0 0 0 1 8.18907
0 0 0 0 1 8.29301
0 0 0 0 1 8.30622
0 0 0 0 1 8.41184
0 0 0 0 0 8.45885
0 0 0 0 1 8.37074
0 0 0 0 1 8.44284
0 0 0 0 1 8.48118
0 0 0 0 1 8.52892
0 0 0 0 1 8.71365
0 0 0 0 1 8.71826
0 0 0 0 1 8.73052
0 0 0 0 1 8.73529
0 0 0 0 1 8.86188
0 0 0 0 1 8.82046
0 0 0 0 1 9.02878
0 0 0 0 1 9.08681
0 0 0 0 1 9.09892
0 0 0 0 1 9.17448
0 0 0 0 0 9.10362
0 0 0 0 0 9.20781
0 0 0 0 1 9.31171
0 0 0 0 0 9.33119
0 0 0 0 1 9.44548
0 0 0 0 1 9.41864
0 0 0 0 0 9.61837
0 0 0 0 1 9.5802
0 0 0 0 1 9.74496
0 0 0 0 1 9.66687
0 0 0 0 0 9.87095
0 0 0 0 1 9.82074
0 0 0 0 1 9.96765
0 0 0 0 0 9.9459
0 0 0 0 1 10.1632
0 0 0 0 1 10.1713
0 0 0 0 1 10.1566
0 0 0 0 0 10.3569
0 0 0 0 1 10.2707
0 0 0 0 1 10.4834
0 0 0 0 1 10.4248
0 0 0 0 0 10.5869
0 0 0 0 0 10.7058
0 0 0 0 0 10.8255
0 0 0 0 1 10.7851
0 0 0 0 1 10.8284
0 0 0 0 1 11.0807
0 0 0 0 1 11.1025
0 0 0 0 1 11.2578
0 0 0 0 1 11.245
0 0 0 0 1 11.2851
0 0 0 0 1 11.4597
0 0 0 0 1 11.5368
0 0 0 0 1 11.6201
0 0 0 0 1 11.8003
0 0 0 0 1 11.8842
0 0 0 0 0 11.9469
0 0 0 0 1 12.006
0 0 0 0 1 12.1589
0 0 0 0 1 12.4024
0 0 0 0 1 12.5457
0 0 0 0 1 12.451
0 0 0 0 1 12.733
0 0 0 0 1 12.8902
0 0 0 0 1 12.9505
0 0 0 0 1 13.1217
0 0 0 0 1 13.1279
0 0 0 0 1 13.4156
0 0 0 0 1 13.5411
0 0 0 0 0 13.5577
0 0 0 0 1 13.6957
0 0 0 0 1 13.8247
0 0 0 0 1 13.9068
0 0 0 0 1 14.1149
0 0 0 0 0 14.3202
0 0 0 0 0 14.4491
0 0 0 0 1 14.6457
0 0 0 0 1 14.9917
0 0 0 0 0 14.9667
0 0 0 0 1 15.1536
0 0 0 0 0 15.3161
0 0 0 0 1 15.4318
0 0 0 0 0 15.8328
0 0 0 0 1 15.9362
0 0 0 0 1 16.2798
0 0 0 0 1 16.326
0 0 0 0 1 16.6169
0 0 0 0 1 16.8526
0 0 0 0 1 17.0646
0 0 0 0 0 17.355
0 0 0 0 1 17.3673
0 0 0 0 0 17.5959
0 0 0 0 1 17.8964
0 0 0 0 1 18.117
0 0 0 0 0 18.587
0 0 0 0 1 18.7536
0 0 0 0 1 19.0507
0 0 0 0 1 19.3873
0 0 0 0 1 19.5974
0 0 0 0 1 20.1742
0 0 0 0 1 20.3332
0 0 0 0 1 20.6305
0 0 0 0 1 20.8944
0 0 0 0 1 21.2511
0 0 0 0 1 21.6829
0 0 0 0 1 22.1465
0 0 0 0 1 22.5453
0 0 0 0 0 22.7576
0 0 0 0 1 23.5566
0 0 0 0 1 23.6037
0 0 0 0 0 24.1018
0 0 0 0 1 24.5367
0 0 0 0 1 25.2677
0 0 0 0 1 25.6407
0 0 0 0 1 26.2117
0 0 0 0 1 26.6961
0 0 0 0 1 27.2989
0 0 0 0 1 28.4106
0 0 0 0 1 28.5552
0 0 0 0 1 29.8375
0 0 0 0 1 30.1192
0 0 0 0 1 31.3183
0 0 0 0 1 31.7518
0 0 0 0 1 32.6076
0 0 0 0 1 33.7959
0 0 0 0 1 34.6564
0 0 0 0 1 35.5256
0 0 0 0 1 36.9593
0 0 0 0 1 37.4659
0 0 0 0 1 39.0155
0 0 0 0 1 40.6677
0 0 0 0 1 41.8617
0 0 0 0 1 43.477
0 0 0 0 0 44.8993
0 0 0 0 1 46.8004
0 0 0 0 1 48.374
0 0 0 0 1 49.9841
0 0 0 0 1 52.307
0 0 0 0 1 55.3913
0 0 0 0 1 57.1541
0 0 0 0 1 60.732
0 0 0 0 1 55.5325
0 0 0 0 1 55.848
0 0 0 0 1 55.6058
0 0 0 0 1 55.8116
0 0 0 0 1 55.238
0 0 0 0 0 55.5009
0 0 0 0 0 55.3197
0 0 0 0 1 56.0859
0 0 0 0 1 59.4864
0 0 0 0 1 79.6829
0 0 0 0 1 78.8753
0 0 0 0 1 80.256
0 0 0 0 0 4.97493
0 0 0 0 0 5.05008
0 0 0 0 0 5.05008
0 0 0 0 0 4.99497
0 0 0 0 1 86.9364
0 0 0 0 1 86.9322
0 0 0 0 1 87.4556
0 0 0 0 1 88.331
0 0 0 0 1 88.2442
0 0 0 0 1 87.0199
0 0 0 0 0 4.97493
0 0 0 0 0 4.96992
0 0 0 0 0 5.03505
0 0 0 0 0 5.02503
0 0 0 0 0 4.98495
0 0 0 0 0 5.03004
0 0 0 0 0 68.9243
0 0 0 0 1 67.7679
0 0 0 0 1 66.9732
0 0 0 0 1 67.5942
0 0 0 0 1 67.2061
0 0 0 0 1 66.9534
0 0 0 0 1 67.1071
0 0 0 0 1 66.7893
0 0 0 0 0 99.265
0 0 0 0 1 94.6945
0 0 0 0 0 89.8994
0 0 0 0 1 84.2236
0 0 0 0 1 80.2338
0 0 0 0 1 76.6018
0 0 0 0 1 73.5729
0 0 0 0 0 70.3738
0 0 0 0 1 68.3175
0 0 0 0 1 64.7169
0 0 0 0 0 63.0334
0 0 0 0 1 60.9041
0 0 0 0 1 58.2345
0 0 0 0 1 56.0175
0 0 0 0 1 55.2624
0 0 0 0 1 53.2348
0 0 0 0 1 51.0086
0 0 0 0 1 50.1679
0 0 0 0 0 49.0397
0 0 0 0 1 47.6353
0 0 0 0 1 46.0024
0 0 0 0 1 45.1555
0 0 0 0 1 43.4444
0 0 0 0 1 42.6627
0 0 0 0 0 41.7604
0 0 0 0 1 40.4871
0 0 0 0 0 39.5245
0 0 0 0 0 38.7487
0 0 0 0 0 37.5913
0 0 0 0 1 37.2747
0 0 0 0 1 36.5325
0 0 0 0 1 35.3216
0 0 0 0 0 34.9952
0 0 0 0 1 34.2299
0 0 0 0 1 33.4305
0 0 0 0 1 32.8071
0 0 0 0 1 32.2684
0 0 0 0 0 31.4528
0 0 0 0 1 30.8925
0 0 0 0 1 30.5047
0 0 0 0 1 29.9515
0 0 0 0 1 29.7341
0 0 0 0 1 28.8112
0 0 0 0 0 28.3409
0 0 0 0 1 28.1712
0 0 0 0 0 27.8921
0 0 0 0 1 27.4004
0 0 0 0 1 26.7159
0 0 0 0 0 26.5248
0 0 0 0 1 25.983
0 0 0 0 1 25.8916
0 0 0 0 1 25.1705
0 0 0 0 0 24.8432
0 0 0 0 0 24.5498
0 0 0 0 1 24.4735
0 0 0 0 1 24.0892
0 0 0 0 1 23.5608
0 0 0 0 1 23.1643
0 0 0 0 1 22.8166
0 0 0 0 1 22.5801
0 0 0 0 1 22.6341
0 0 0 0 0 22.2376
0 0 0 0 1 22.06
0 0 0 0 1 21.6863
0 0 0 0 1 21.2396
0 0 0 0 1 20.9877
0 0 0 0 0 20.7664
0 0 0 0 1 20.5749
0 0 0 0 0 20.1995
0 0 0 0 1 19.9578
0 0 0 0 1 20.0559
0 0 0 0 1 19.8806
0 0 0 0 1 19.4121
0 0 0 0 1 19.3549
0 0 0 0 1 19.1795
0 0 0 0 1 18.9949
0 0 0 0 1 18.679
0 0 0 0 1 18.6996
0 0 0 0 1 18.322
0 0 0 0 1 18.2211
0 0 0 0 0 17.9301
0 0 0 0 1 17.8735
0 0 0 0 1 17.5414
0 0 0 0 1 17.414
0 0 0 0 1 17.4768
0 0 0 0 1 17.1157
0 0 0 0 1 17.175
0 0 0 0 1 16.7508
0 0 0 0 1 16.6581
0 0 0 0 1 16.4069
0 0 0 0 0 16.2651
0 0 0 0 1 16.3026
0 0 0 0 1 16.0236
0 0 0 0 1 15.8432
0 0 0 0 1 15.7346
0 0 0 0 1 15.659
0 0 0 0 0 15.4961
0 0 0 0 1 15.5994
0 0 0 0 1 15.4667
0 0 0 0 1 15.3585
0 0 0 0 1 15.1381
0 0 0 0 0 15.1509
0 0 0 0 1 14.9474
0 0 0 0 1 14.9081
0 0 0 0 1 14.5747
0 0 0 0 1 14.5796
0 0 0 0 1 14.4991
0 0 0 0 1 14.215
0 0 0 0 1 14.2271
0 0 0 0 1 14.2661
0 0 0 0 0 14.163
0 0 0 0 1 13.9014
0 0 0 0 1 13.7808
0 0 0 0 1 13.7349
0 0 0 0 0 13.6969
0 0 0 0 0 13.5499
0 0 0 0 1 13.3719
0 0 0 0 1 13.3476
0 0 0 0 0 13.2297
0 0 0 0 1 13.1206
0 0 0 0 1 13.0252
0 0 0 0 1 13.0916
0 0 0 0 1 12.983
0 0 0 0 1 12.9734
0 0 0 0 0 12.8142
0 0 0 0 1 12.8089
0 0 0 0 1 12.7017
0 0 0 0 1 12.6994
0 0 0 0 1 12.4803
0 0 0 0 1 12.3955
0 0 0 0 1 12.3974
0 0 0 0 1 12.1778
0 0 0 0 1 12.2408
0 0 0 0 1 12.1691
0 0 0 0 1 12.1578
0 0 0 0 0 11.9862
0 0 0 0 0 11.8278
0 0 0 0 1 11.912
0 0 0 0 1 11.8611
0 0 0 0 1 11.7163
0 0 0 0 1 11.7477
0 0 0 0 1 11.697
0 0 0 0 1 11.6234
0 0 0 0 1 11.5271
0 0 0 0 1 11.3857
0 0 0 0 1 11.4349
0 0 0 0 0 11.3965
0 0 0 0 1 11.2117
0 0 0 0 1 11.1592
0 0 0 0 1 11.1328
0 0 0 0 0 11.1101
0 0 0 0 1 11.0725
0 0 0 0 1 10.9984
0 0 0 0 1 11.0013
0 0 0 0 1 10.8659
0 0 0 0 0 10.8111
0 0 0 0 1 10.717
0 0 0 0 0 10.7629
0 0 0 0 0 10.7655
0 0 0 0 1 10.7039
0 0 0 0 1 10.6605
0 0 0 0 1 10.6173
0 0 0 0 0 10.5986
0 0 0 0 1 10.5484
0 0 0 0 1 10.4224
0 0 0 0 1 10.3317
0 0 0 0 0 10.2176
0 0 0 0 1 10.2172
0 0 0 0 0 10.2474
0 0 0 0 0 10.267
0 0 0 0 0 10.1341
0 0 0 0 1 10.0762
0 0 0 0 0 9.98512
0 0 0 0 0 10.1018
0 0 0 0 1 9.95118
0 0 0 0 1 10.0402
0 0 0 0 1 9.98983
0 0 0 0 0 9.83125
0 0 0 0 1 9.90953
0 0 0 0 1 9.77187
0 0 0 0 1 9.84325
0 0 0 0 1 9.63859
0 0 0 0 1 9.61933
0 0 0 0 1 9.54868
0 0 0 0 1 9.597
0 0 0 0 1 9.62572
0 0 0 0 0 9.5461
0 0 0 0 1 9.46695
0 0 0 0 1 9.38828
0 0 0 0 1 9.40773
0 0 0 0 0 9.35794
0 0 0 0 1 9.38342
0 0 0 0 1 9.43054
0 0 0 0 1 9.21356
0 0 0 0 0 9.31944
0 0 0 0 1 9.24282
0 0 0 0 1 9.17589
0 0 0 0 1 9.22289
0 0 0 0 1 9.17478
0 0 0 0 1 9.13608
0 0 0 0 1 9.07943
0 0 0 0 0 9.04127
0 0 0 0 1 9.13574
0 0 0 0 1 9.09762
0 0 0 0 1 8.92493
0 0 0 0 1 8.88772
0 0 0 0 1 8.92784
0 0 0 0 1 8.84631
0 0 0 0 1 8.96069
0 0 0 0 1 8.89732
0 0 0 0 1 8.7692
0 0 0 0 1 8.75626
0 0 0 0 0 8.84339
0 0 0 0 0 8.66736
0 0 0 0 1 8.71599
0 0 0 0 0 8.76777
0 0 0 0 1 8.75515
0 0 0 0 1 8.73734
0 0 0 0 1 8.64199
0 0 0 0 1 8.66953
0 0 0 0 1 8.51478
0 0 0 0 1 8.59741
0 0 0 0 0 8.56852
0 0 0 0 1 8.60301
0 0 0 0 1 8.42125
0 0 0 0 1 8.49852
0 0 0 0 1 8.41961
0 0 0 0 0 8.49307
0 0 0 0 0 8.49887
0 0 0 0 1 8.42907
0 0 0 0 1 8.41833
0 0 0 0 1 8.44118
0 0 0 0 1 8.38416
0 0 0 0 1 8.3322
0 0 0 0 1 8.25562
0 0 0 0 1 8.23745
0 0 0 0 1 8.26079
0 0 0 0 1 8.25934
0 0 0 0 0 8.27445
0 0 0 0 1 8.22384
0 0 0 0 0 8.16534
0 0 0 0 1 8.17261
0 0 0 0 0 8.22075
0 0 0 0 1 8.17103
0 0 0 0 1 8.09721
0 0 0 0 1 8.17794
0 0 0 0 1 8.14508
0 0 0 0 0 8.01145
0 0 0 0 0 8.01149
0 0 0 0 1 8.04383
0 0 0 0 1 8.09222
0 0 0 0 1 8.04429
0 0 0 0 0 7.95662
0 0 0 0 0 7.92533
0 0 0 0 0 7.93791
0 0 0 0 1 8.0264
0 0 0 0 1 7.86828
0 0 0 0 1 7.97267
0 0 0 0 0 8.00127
0 0 0 0 1 7.9155
0 0 0 0 1 7.86528
0 0 0 0 0 7.81966
0 0 0 0 1 7.92384
0 0 0 0 0 7.81569
0 0 0 0 1 7.82905
0 0 0 0 1 7.87826
0 0 0 0 1 7.79453
0 0 0 0 1 7.83155
0 0 0 0 1 7.7204
0 0 0 0 1 7.73105
0 0 0 0 1 7.78845
0 0 0 0 1 7.80235
0 0 0 0 1 7.76672
0 0 0 0 0 7.70812
