0 0 0 0 0 5.03505
0 0 0 0 0 4.96491
0 0 0 0 0 4.96491
0 0 0 0 0 4.97994
0 0 0 0 0 5.00499
0 0 0 0 0 5.05509
0 0 0 0 0 5.0601
0 0 0 0 0 4.98996
0 0 0 0 0 5.02503
0 0 0 0 0 4.9599
0 0 0 0 0 5.02503
0 0 0 0 0 5.05509
0 0 0 0 0 5.02503
0 0 0 0 0 4.9599
0 0 0 0 0 5.05008
0 0 0 0 0 5.04507
0 0 0 0 0 4.96491
0 0 0 0 0 4.99998
0 0 0 0 0 4.9599
0 0 0 0 0 5.02503
0 0 0 0 0 5.00499
0 0 0 0 1 8.74511
0 0 0 0 0 8.55426
0 0 0 0 1 8.43346
0 0 0 0 1 8.47867
0 0 0 0 0 8.55356
0 0 0 0 1 8.44602
0 0 0 0 1 8.47023
0 0 0 0 1 8.53726
0 0 0 0 1 8.49807
0 0 0 0 0 8.49729
0 0 0 0 1 8.5095
0 0 0 0 1 8.60736
0 0 0 0 0 8.51731
0 0 0 0 1 8.58128
0 0 0 0 1 8.57726
0 0 0 0 1 8.65882
0 0 0 0 1 8.62906
0 0 0 0 0 8.52258
0 0 0 0 1 8.51875
0 0 0 0 0 8.58868
0 0 0 0 1 8.55507
0 0 0 0 1 8.58611
0 0 0 0 0 8.65654
0 0 0 0 1 8.71887
0 0 0 0 0 8.72432
0 0 0 0 1 8.64842
0 0 0 0 1 8.7025
0 0 0 0 1 8.60933
0 0 0 0 1 8.75439
0 0 0 0 0 8.71356
0 0 0 0 1 8.73373
0 0 0 0 1 8.64076
0 0 0 0 1 8.80961
0 0 0 0 1 8.73427
0 0 0 0 1 8.81122
0 0 0 0 1 8.84113
0 0 0 0 0 8.76596
0 0 0 0 0 8.76981
0 0 0 0 1 8.86181
0 0 0 0 1 8.89252
0 0 0 0 1 8.82978
0 0 0 0 1 8.87843
0 0 0 0 0 8.83889
0 0 0 0 0 8.84367
0 0 0 0 0 8.78645
0 0 0 0 1 8.95142
0 0 0 0 1 8.94462
0 0 0 0 1 8.86981
0 0 0 0 0 8.92894
0 0 0 0 1 8.99227
0 0 0 0 0 9.03407
0 0 0 0 1 8.95057
0 0 0 0 0 8.97155
0 0 0 0 1 8.99003
0 0 0 0 1 9.09566
0 0 0 0 0 8.99097
0 0 0 0 1 9.06106
0 0 0 0 1 9.15871
0 0 0 0 1 9.17505
0 0 0 0 1 9.00169
0 0 0 0 1 9.10003
0 0 0 0 0 9.04368
0 0 0 0 1 9.15179
0 0 0 0 1 9.1292
0 0 0 0 0 9.1463
0 0 0 0 0 9.17904
0 0 0 0 1 9.24261
0 0 0 0 1 9.2141
0 0 0 0 1 9.31671
0 0 0 0 0 9.30701
0 0 0 0 0 9.31311
0 0 0 0 0 9.27558
0 0 0 0 1 9.30981
0 0 0 0 1 9.36581
0 0 0 0 1 9.37708
0 0 0 0 0 9.43359
0 0 0 0 0 9.35593
0 0 0 0 1 9.39116
0 0 0 0 1 9.48615
0 0 0 0 1 9.45103
0 0 0 0 1 9.40153
0 0 0 0 1 9.56131
0 0 0 0 1 9.61962
0 0 0 0 0 9.54164
0 0 0 0 0 9.53557
0 0 0 0 1 9.53407
0 0 0 0 1 9.61934
0 0 0 0 1 9.57946
0 0 0 0 1 9.71908
0 0 0 0 1 9.6724
0 0 0 0 1 9.75646
0 0 0 0 1 9.70268
0 0 0 0 0 9.87801
0 0 0 0 1 9.72088
0 0 0 0 1 9.75959
0 0 0 0 0 9.94215
0 0 0 0 1 9.92249
0 0 0 0 1 9.96219
0 0 0 0 1 10.0152
0 0 0 0 1 10.028
0 0 0 0 1 9.91595
0 0 0 0 0 10.0697
0 0 0 0 0 10.0401
0 0 0 0 0 10.1691
0 0 0 0 1 10.085
0 0 0 0 1 10.0627
0 0 0 0 1 10.1955
0 0 0 0 1 10.2231
0 0 0 0 1 10.2931
0 0 0 0 1 10.2981
0 0 0 0 1 10.1862
0 0 0 0 1 10.2812
0 0 0 0 1 10.3445
0 0 0 0 1 10.4055
0 0 0 0 1 10.3694
0 0 0 0 1 10.5354
0 0 0 0 1 10.5938
0 0 0 0 1 10.5826
0 0 0 0 1 10.5387
0 0 0 0 1 10.641
0 0 0 0 1 10.5837
0 0 0 0 1 10.604
0 0 0 0 1 10.6318
0 0 0 0 1 10.7247
0 0 0 0 1 10.7208
0 0 0 0 0 10.7523
0 0 0 0 1 10.9518
0 0 0 0 1 10.9348
0 0 0 0 1 10.9453
0 0 0 0 1 10.95
0 0 0 0 1 11.0485
0 0 0 0 1 11.153
0 0 0 0 1 11.003
0 0 0 0 1 11.2555
0 0 0 0 1 11.1968
0 0 0 0 1 11.1656
0 0 0 0 1 11.2634
0 0 0 0 1 11.2234
0 0 0 0 0 11.3308
0 0 0 0 1 11.4844
0 0 0 0 1 11.4899
0 0 0 0 1 11.4727
0 0 0 0 1 11.5822
0 0 0 0 0 11.4956
0 0 0 0 1 11.5816
0 0 0 0 1 11.5958
0 0 0 0 1 11.6602
0 0 0 0 1 11.8866
0 0 0 0 1 11.7954
0 0 0 0 1 11.9883
0 0 0 0 1 12.0515
0 0 0 0 1 11.8633
0 0 0 0 0 12.1514
0 0 0 0 1 11.9977
0 0 0 0 1 12.1111
0 0 0 0 1 12.219
0 0 0 0 0 12.2186
0 0 0 0 0 12.2584
0 0 0 0 1 12.4728
0 0 0 0 1 12.5585
0 0 0 0 1 12.4085
0 0 0 0 1 12.6083
0 0 0 0 1 12.7214
0 0 0 0 1 12.5815
0 0 0 0 1 12.8313
0 0 0 0 1 12.9459
0 0 0 0 0 12.7647
0 0 0 0 0 13.0695
0 0 0 0 1 13.078
0 0 0 0 1 13.0465
0 0 0 0 0 13.1631
0 0 0 0 0 13.1442
0 0 0 0 1 13.333
0 0 0 0 1 13.2513
0 0 0 0 0 13.5355
0 0 0 0 0 13.4488
0 0 0 0 0 13.7089
0 0 0 0 1 13.6032
0 0 0 0 0 13.5912
0 0 0 0 1 13.9242
0 0 0 0 1 13.8525
0 0 0 0 0 13.8872
0 0 0 0 1 13.9532
0 0 0 0 1 14.0628
0 0 0 0 1 14.1069
0 0 0 0 1 14.1459
0 0 0 0 1 14.4276
0 0 0 0 1 14.5492
0 0 0 0 0 14.6526
0 0 0 0 1 14.7462
0 0 0 0 1 14.8106
0 0 0 0 0 14.9491
0 0 0 0 0 14.79
0 0 0 0 1 15.0034
0 0 0 0 1 15.0013
0 0 0 0 0 15.3234
0 0 0 0 1 15.1681
0 0 0 0 1 15.4046
0 0 0 0 1 15.4317
0 0 0 0 1 15.4925
0 0 0 0 1 15.6129
0 0 0 0 1 15.9748
0 0 0 0 0 15.9829
0 0 0 0 0 16.0347
0 0 0 0 1 16.2288
0 0 0 0 1 16.3782
0 0 0 0 0 16.3449
0 0 0 0 1 16.4945
0 0 0 0 1 16.5114
0 0 0 0 1 16.7092
0 0 0 0 1 17.0802
0 0 0 0 0 17.0288
0 0 0 0 1 17.1295
0 0 0 0 1 17.49
0 0 0 0 1 17.4526
0 0 0 0 1 17.7727
0 0 0 0 1 17.6721
0 0 0 0 1 18.007
0 0 0 0 1 17.9722
0 0 0 0 1 18.119
0 0 0 0 1 18.3407
0 0 0 0 1 18.5136
0 0 0 0 1 18.6237
0 0 0 0 1 18.6487
0 0 0 0 1 19.0148
0 0 0 0 1 18.9903
0 0 0 0 1 19.5333
0 0 0 0 1 19.3613
0 0 0 0 1 19.784
0 0 0 0 0 19.822
0 0 0 0 1 20.1707
0 0 0 0 1 20.4292
0 0 0 0 1 20.3033
0 0 0 0 0 20.7367
0 0 0 0 1 20.904
0 0 0 0 1 21.1243
0 0 0 0 1 21.3109
0 0 0 0 1 21.4344
0 0 0 0 1 21.6534
0 0 0 0 1 21.9144
0 0 0 0 1 22.3992
0 0 0 0 1 22.4143
0 0 0 0 1 22.587
0 0 0 0 1 23.0196
0 0 0 0 1 23.1642
0 0 0 0 0 23.579
0 0 0 0 0 23.5201
0 0 0 0 1 23.9326
0 0 0 0 1 24.1504
0 0 0 0 0 24.6125
0 0 0 0 1 24.9549
0 0 0 0 1 25.3039
0 0 0 0 1 25.2919
0 0 0 0 1 25.7771
0 0 0 0 1 26.0999
0 0 0 0 1 26.5126
0 0 0 0 0 26.6622
0 0 0 0 1 27.0784
0 0 0 0 0 27.4514
0 0 0 0 1 28.2059
0 0 0 0 1 28.5017
0 0 0 0 0 28.996
0 0 0 0 1 28.9687
0 0 0 0 1 29.5308
0 0 0 0 1 29.9071
0 0 0 0 0 30.7895
0 0 0 0 0 31.0355
0 0 0 0 1 31.3568
0 0 0 0 0 32.1219
0 0 0 0 1 32.3951
0 0 0 0 1 33.2441
0 0 0 0 0 33.6083
0 0 0 0 1 33.9282
0 0 0 0 1 34.5964
0 0 0 0 1 35.4091
0 0 0 0 1 35.6845
0 0 0 0 1 36.6205
0 0 0 0 1 37.0713
0 0 0 0 0 38.0111
0 0 0 0 1 39.146
0 0 0 0 1 39.4768
0 0 0 0 1 40.264
0 0 0 0 1 41.6277
0 0 0 0 1 41.8336
0 0 0 0 1 43.1179
0 0 0 0 0 43.621
0 0 0 0 0 44.7784
0 0 0 0 1 46.302
0 0 0 0 1 47.401
0 0 0 0 0 48.1119
0 0 0 0 1 49.2205
0 0 0 0 1 50.5076
0 0 0 0 1 52.3992
0 0 0 0 1 53.8987
0 0 0 0 1 55.0524
0 0 0 0 1 56.6545
0 0 0 0 1 55.0921
0 0 0 0 0 55.0052
0 0 0 0 1 54.3729
0 0 0 0 1 54.1706
0 0 0 0 1 54.6877
0 0 0 0 1 54.7143
0 0 0 0 1 54.6327
0 0 0 0 1 54.9338
0 0 0 0 1 55.1382
0 0 0 0 0 57.126
0 0 0 0 1 77.5811
0 0 0 0 1 78.4943
0 0 0 0 0 78.7732
0 0 0 0 1 77.9597
0 0 0 0 1 77.4606
0 0 0 0 1 77.744
0 0 0 0 0 79.5246
0 0 0 0 1 121.292
0 0 0 0 0 4.96992
0 0 0 0 0 5.03004
0 0 0 0 0 5.05509
0 0 0 0 0 4.97994
0 0 0 0 1 86.9437
0 0 0 0 1 86.923
0 0 0 0 0 86.3102
0 0 0 0 1 85.6916
0 0 0 0 0 85.3313
0 0 0 0 1 89.0655
0 0 0 0 0 5.05509
0 0 0 0 0 5.02503
0 0 0 0 0 5.05008
0 0 0 0 0 4.97493
0 0 0 0 1 66.2778
0 0 0 0 1 65.2289
0 0 0 0 1 65.5538
0 0 0 0 1 65.758
0 0 0 0 1 66.3585
0 0 0 0 1 66.0262
0 0 0 0 1 66.1684
0 0 0 0 0 4.97493
0 0 0 0 0 5.04006
0 0 0 0 0 5.01501
0 0 0 0 1 109.149
0 0 0 0 1 98.0932
0 0 0 0 1 88.771
0 0 0 0 1 80.4465
0 0 0 0 1 74.1277
0 0 0 0 1 69.7151
0 0 0 0 0 65.0443
0 0 0 0 0 60.5167
0 0 0 0 1 56.6361
0 0 0 0 0 53.7478
0 0 0 0 1 51.579
0 0 0 0 0 48.7513
0 0 0 0 1 46.5297
0 0 0 0 1 44.6386
0 0 0 0 1 42.2295
0 0 0 0 1 40.8587
0 0 0 0 1 39.2091
0 0 0 0 0 37.3915
0 0 0 0 1 36.3089
0 0 0 0 1 34.5045
0 0 0 0 1 33.7015
0 0 0 0 1 32.1576
0 0 0 0 1 31.3519
0 0 0 0 1 30.3997
0 0 0 0 1 29.775
0 0 0 0 1 28.8904
0 0 0 0 1 27.8871
0 0 0 0 0 26.9841
0 0 0 0 0 26.4511
0 0 0 0 0 25.5539
0 0 0 0 0 25.0137
0 0 0 0 1 24.4668
0 0 0 0 0 23.7206
0 0 0 0 1 23.4633
0 0 0 0 1 22.6339
0 0 0 0 1 21.9965
0 0 0 0 1 21.6001
0 0 0 0 1 21.125
0 0 0 0 1 20.9636
0 0 0 0 1 20.5363
0 0 0 0 1 20.0274
0 0 0 0 1 19.5451
0 0 0 0 1 19.0065
0 0 0 0 1 19.0256
0 0 0 0 1 18.6528
0 0 0 0 1 17.99
0 0 0 0 1 17.8567
0 0 0 0 1 17.6603
0 0 0 0 1 17.2193
0 0 0 0 1 16.9189
0 0 0 0 0 16.6775
0 0 0 0 1 16.5477
0 0 0 0 1 16.0271
0 0 0 0 1 15.8483
0 0 0 0 1 15.7833
0 0 0 0 1 15.2689
0 0 0 0 1 14.9972
0 0 0 0 1 14.8997
0 0 0 0 1 14.7696
0 0 0 0 1 14.6227
0 0 0 0 1 14.2476
0 0 0 0 0 13.946
0 0 0 0 1 14.0111
0 0 0 0 1 13.7543
0 0 0 0 0 13.481
0 0 0 0 1 13.2775
0 0 0 0 1 13.0748
0 0 0 0 1 13.1297
0 0 0 0 0 12.9642
0 0 0 0 1 12.7817
0 0 0 0 1 12.5216
0 0 0 0 1 12.4751
0 0 0 0 1 12.353
0 0 0 0 1 12.1458
0 0 0 0 1 11.9164
0 0 0 0 1 11.723
0 0 0 0 0 11.7164
0 0 0 0 0 11.5798
0 0 0 0 1 11.4426
0 0 0 0 1 11.2501
0 0 0 0 1 11.249
0 0 0 0 1 10.9801
0 0 0 0 1 10.9304
0 0 0 0 1 10.7416
0 0 0 0 0 10.7988
0 0 0 0 1 10.5579
0 0 0 0 0 10.5382
0 0 0 0 1 10.4336
0 0 0 0 1 10.3809
0 0 0 0 0 10.165
0 0 0 0 1 10.2038
0 0 0 0 1 9.98668
0 0 0 0 1 9.86555
0 0 0 0 1 9.80036
0 0 0 0 1 9.74453
0 0 0 0 1 9.67322
0 0 0 0 1 9.56866
0 0 0 0 0 9.412
0 0 0 0 1 9.38681
0 0 0 0 1 9.30213
0 0 0 0 1 9.22041
0 0 0 0 1 9.1298
0 0 0 0 0 9.18958
0 0 0 0 1 8.945
0 0 0 0 1 8.87365
0 0 0 0 1 8.85583
0 0 0 0 1 8.84457
0 0 0 0 0 8.69408
0 0 0 0 1 8.67532
0 0 0 0 1 8.63722
0 0 0 0 1 8.59888
0 0 0 0 0 8.54468
0 0 0 0 1 8.46382
0 0 0 0 1 8.34158
0 0 0 0 1 8.22039
0 0 0 0 1 8.30603
0 0 0 0 1 8.17495
0 0 0 0 1 8.11224
0 0 0 0 1 8.0094
0 0 0 0 1 8.05815
0 0 0 0 1 8.00169
0 0 0 0 1 7.96969
0 0 0 0 1 7.90717
0 0 0 0 1 7.82792
0 0 0 0 1 7.79591
0 0 0 0 1 7.7472
0 0 0 0 0 7.66922
0 0 0 0 0 7.51574
0 0 0 0 1 7.5825
0 0 0 0 1 7.42316
0 0 0 0 0 7.51
0 0 0 0 1 7.35211
0 0 0 0 0 7.31992
0 0 0 0 1 7.25856
0 0 0 0 1 7.19815
0 0 0 0 1 7.19525
0 0 0 0 1 7.16278
0 0 0 0 1 7.18084
0 0 0 0 1 7.14168
0 0 0 0 0 7.02429
0 0 0 0 0 7.04887
0 0 0 0 1 7.04423
0 0 0 0 1 6.94292
0 0 0 0 1 6.89692
0 0 0 0 1 6.81775
0 0 0 0 1 6.79284
0 0 0 0 1 6.71428
0 0 0 0 0 6.68288
0 0 0 0 1 6.6784
0 0 0 0 1 6.6413
0 0 0 0 0 6.65657
0 0 0 0 1 6.57836
0 0 0 0 1 6.51454
0 0 0 0 1 6.47727
0 0 0 0 1 6.43367
0 0 0 0 0 6.47439
0 0 0 0 1 6.49524
0 0 0 0 0 6.37477
0 0 0 0 0 6.3573
0 0 0 0 1 6.3906
0 0 0 0 0 6.35395
0 0 0 0 1 6.28478
0 0 0 0 1 6.3048
0 0 0 0 1 6.2375
0 0 0 0 1 6.18442
0 0 0 0 0 6.15265
0 0 0 0 0 6.16008
0 0 0 0 1 6.12461
0 0 0 0 1 6.10916
0 0 0 0 1 6.04118
0 0 0 0 0 6.0244
0 0 0 0 0 6.04536
0 0 0 0 0 5.94221
0 0 0 0 1 5.99885
0 0 0 0 1 5.88631
0 0 0 0 1 5.91729
0 0 0 0 1 5.93511
0 0 0 0 1 5.8133
0 0 0 0 1 5.87194
0 0 0 0 1 5.75707
0 0 0 0 1 5.72859
0 0 0 0 1 5.73475
0 0 0 0 1 5.77625
0 0 0 0 1 5.76246
0 0 0 0 1 5.72841
0 0 0 0 0 5.7002
0 0 0 0 1 5.60439
0 0 0 0 0 5.66786
0 0 0 0 1 5.62879
0 0 0 0 0 5.58995
0 0 0 0 1 5.51589
0 0 0 0 1 5.57736
0 0 0 0 1 5.52794
0 0 0 0 1 5.52828
0 0 0 0 0 5.46834
0 0 0 0 1 5.47247
0 0 0 0 1 5.44571
0 0 0 0 1 5.47328
0 0 0 0 1 5.34403
0 0 0 0 1 5.4308
0 0 0 0 1 5.36389
0 0 0 0 1 5.30033
0 0 0 0 1 5.29049
0 0 0 0 1 5.35902
0 0 0 0 1 5.33311
0 0 0 0 1 5.25297
0 0 0 0 1 5.21702
0 0 0 0 1 5.21679
0 0 0 0 1 5.23871
0 0 0 0 1 5.18057
0 0 0 0 0 5.22316
0 0 0 0 0 5.22313
0 0 0 0 1 5.20163
0 0 0 0 1 5.13052
0 0 0 0 0 5.10094
0 0 0 0 1 5.07393
0 0 0 0 1 5.07023
0 0 0 0 1 5.1326
0 0 0 0 1 5.0704
0 0 0 0 1 5.02125
0 0 0 0 1 5.07628
0 0 0 0 1 5.00471
