0 0 0 0 1 5.49611
0 0 0 0 1 5.5162
0 0 0 0 1 5.46226
0 0 0 0 1 5.43874
0 0 0 0 0 5.43012
0 0 0 0 1 5.49997
0 0 0 0 1 5.48452
0 0 0 0 1 5.48886
0 0 0 0 1 5.53557
0 0 0 0 1 5.46865
0 0 0 0 1 5.52506
0 0 0 0 1 5.47675
0 0 0 0 1 5.57008
0 0 0 0 0 5.58241
0 0 0 0 0 5.52869
0 0 0 0 1 5.5969
0 0 0 0 1 5.58015
0 0 0 0 1 5.55787
0 0 0 0 0 5.61174
0 0 0 0 1 5.58969
0 0 0 0 1 5.5303
0 0 0 0 0 5.61452
0 0 0 0 0 5.63548
0 0 0 0 1 5.55933
0 0 0 0 1 5.64414
0 0 0 0 1 5.66186
0 0 0 0 0 5.63462
0 0 0 0 1 5.6506
0 0 0 0 1 5.63478
0 0 0 0 1 5.6431
0 0 0 0 1 5.72376
0 0 0 0 1 5.62677
0 0 0 0 0 5.67933
0 0 0 0 1 5.74359
0 0 0 0 1 5.75682
0 0 0 0 1 5.75667
0 0 0 0 0 5.73578
0 0 0 0 0 5.68744
0 0 0 0 1 5.72963
0 0 0 0 1 5.74327
0 0 0 0 0 5.71938
0 0 0 0 0 5.81413
0 0 0 0 1 5.82935
0 0 0 0 1 5.76236
0 0 0 0 1 5.85013
0 0 0 0 1 5.8588
0 0 0 0 1 5.80241
0 0 0 0 1 5.89396
0 0 0 0 1 5.8249
0 0 0 0 1 5.83967
0 0 0 0 0 5.82425
0 0 0 0 0 5.89902
0 0 0 0 1 5.92919
0 0 0 0 1 5.95126
0 0 0 0 0 5.90671
0 0 0 0 1 5.97569
0 0 0 0 1 5.93523
0 0 0 0 1 6.02323
0 0 0 0 1 5.92563
0 0 0 0 1 6.01275
0 0 0 0 1 5.98503
0 0 0 0 0 6.07943
0 0 0 0 1 6.08382
0 0 0 0 0 6.06955
0 0 0 0 1 5.99951
0 0 0 0 0 6.11929
0 0 0 0 1 6.13005
0 0 0 0 1 6.13868
0 0 0 0 0 6.15004
0 0 0 0 1 6.14836
0 0 0 0 1 6.18979
0 0 0 0 0 6.19316
0 0 0 0 0 6.13647
0 0 0 0 1 6.23406
0 0 0 0 1 6.21443
0 0 0 0 1 6.28662
0 0 0 0 0 6.24186
0 0 0 0 1 6.28481
0 0 0 0 1 6.35293
0 0 0 0 0 6.2561
0 0 0 0 1 6.25525
0 0 0 0 1 6.37478
0 0 0 0 1 6.39807
0 0 0 0 1 6.37855
0 0 0 0 1 6.36509
0 0 0 0 0 6.42078
0 0 0 0 1 6.4782
0 0 0 0 1 6.50367
0 0 0 0 1 6.45164
0 0 0 0 0 6.50195
0 0 0 0 1 6.44974
0 0 0 0 1 6.56018
0 0 0 0 0 6.55245
0 0 0 0 0 6.51292
0 0 0 0 0 6.64438
0 0 0 0 1 6.5585
0 0 0 0 1 6.57068
0 0 0 0 1 6.6237
0 0 0 0 1 6.74378
0 0 0 0 1 6.72987
0 0 0 0 0 6.73014
0 0 0 0 1 6.75729
0 0 0 0 0 6.73667
0 0 0 0 0 6.77069
0 0 0 0 0 6.83898
0 0 0 0 0 6.77059
0 0 0 0 0 6.79124
0 0 0 0 1 6.91529
0 0 0 0 1 6.83258
0 0 0 0 1 6.97837
0 0 0 0 1 6.90227
0 0 0 0 0 6.91635
0 0 0 0 0 7.01472
0 0 0 0 0 6.98002
0 0 0 0 1 7.00161
0 0 0 0 1 7.1509
0 0 0 0 0 7.0379
0 0 0 0 1 7.18804
0 0 0 0 1 7.14588
0 0 0 0 0 7.2403
0 0 0 0 1 7.17598
0 0 0 0 0 7.29966
0 0 0 0 1 7.24268
0 0 0 0 1 7.36753
0 0 0 0 1 7.30289
0 0 0 0 0 7.35487
0 0 0 0 1 7.41468
0 0 0 0 1 7.49042
0 0 0 0 1 7.42412
0 0 0 0 1 7.56807
0 0 0 0 0 7.46339
0 0 0 0 1 7.62253
0 0 0 0 1 7.66992
0 0 0 0 1 7.63273
0 0 0 0 1 7.65745
0 0 0 0 1 7.63472
0 0 0 0 0 7.73538
0 0 0 0 1 7.74503
0 0 0 0 1 7.88582
0 0 0 0 1 7.91947
0 0 0 0 0 7.92789
0 0 0 0 1 7.86669
0 0 0 0 1 8.00979
0 0 0 0 0 8.01802
0 0 0 0 1 7.97992
0 0 0 0 0 8.00363
0 0 0 0 0 8.09467
0 0 0 0 1 8.1431
0 0 0 0 1 8.14502
0 0 0 0 1 8.23487
0 0 0 0 1 8.29482
0 0 0 0 0 8.32743
0 0 0 0 1 8.44658
0 0 0 0 1 8.33655
0 0 0 0 0 8.44808
0 0 0 0 1 8.56574
0 0 0 0 0 8.46524
0 0 0 0 1 8.57477
0 0 0 0 0 8.68019
0 0 0 0 1 8.63439
0 0 0 0 1 8.69704
0 0 0 0 1 8.82125
0 0 0 0 1 8.92529
0 0 0 0 1 8.84689
0 0 0 0 1 8.94155
0 0 0 0 1 9.00594
0 0 0 0 0 9.04729
0 0 0 0 1 9.14823
0 0 0 0 1 9.11192
0 0 0 0 1 9.24577
0 0 0 0 1 9.23643
0 0 0 0 1 9.2587
0 0 0 0 1 9.44577
0 0 0 0 0 9.47443
0 0 0 0 1 9.45873
0 0 0 0 1 9.54268
0 0 0 0 1 9.70598
0 0 0 0 0 9.75657
0 0 0 0 1 9.74539
0 0 0 0 1 9.77187
0 0 0 0 1 9.91058
0 0 0 0 1 10.0269
0 0 0 0 1 9.94426
0 0 0 0 1 10.0744
0 0 0 0 1 10.1805
0 0 0 0 0 10.1669
0 0 0 0 1 10.377
0 0 0 0 0 10.3735
0 0 0 0 1 10.4289
0 0 0 0 1 10.507
0 0 0 0 1 10.6264
0 0 0 0 1 10.65
0 0 0 0 1 10.8767
0 0 0 0 1 10.7939
0 0 0 0 1 11.0011
0 0 0 0 1 10.9577
0 0 0 0 1 11.2564
0 0 0 0 1 11.3225
0 0 0 0 0 11.3658
0 0 0 0 0 11.5321
0 0 0 0 1 11.4232
0 0 0 0 1 11.5202
0 0 0 0 1 11.7933
0 0 0 0 1 11.7124
0 0 0 0 1 11.81
0 0 0 0 1 12.1096
0 0 0 0 0 12.1728
0 0 0 0 1 12.147
0 0 0 0 0 12.2796
0 0 0 0 1 12.3941
0 0 0 0 1 12.5781
0 0 0 0 0 12.6553
0 0 0 0 0 12.963
0 0 0 0 0 13.0412
0 0 0 0 1 12.9522
0 0 0 0 0 13.1197
0 0 0 0 1 13.2176
0 0 0 0 0 13.6348
0 0 0 0 1 13.5491
0 0 0 0 0 13.7801
0 0 0 0 1 14.0102
0 0 0 0 1 14.1232
0 0 0 0 1 14.3216
0 0 0 0 1 14.2592
0 0 0 0 1 14.5584
0 0 0 0 1 14.8093
0 0 0 0 1 14.8517
0 0 0 0 1 15.1298
0 0 0 0 1 15.2381
0 0 0 0 1 15.377
0 0 0 0 1 15.5142
0 0 0 0 0 15.6607
0 0 0 0 1 15.8037
0 0 0 0 1 16.174
0 0 0 0 1 16.2094
0 0 0 0 1 16.4329
0 0 0 0 1 16.7338
0 0 0 0 1 17.1053
0 0 0 0 1 17.3876
0 0 0 0 0 17.3647
0 0 0 0 1 17.6542
0 0 0 0 1 17.967
0 0 0 0 1 18.3363
0 0 0 0 1 18.5678
0 0 0 0 0 18.5781
0 0 0 0 0 19.0816
0 0 0 0 1 19.1903
0 0 0 0 1 19.8007
0 0 0 0 1 19.9436
0 0 0 0 1 20.0612
0 0 0 0 1 20.5935
0 0 0 0 1 20.9339
0 0 0 0 1 21.4119
0 0 0 0 1 21.5138
0 0 0 0 1 22.0886
0 0 0 0 1 22.1673
0 0 0 0 1 22.7579
0 0 0 0 0 23.439
0 0 0 0 1 23.7758
0 0 0 0 1 23.9511
0 0 0 0 1 24.3495
0 0 0 0 1 25.2416
0 0 0 0 1 25.6321
0 0 0 0 0 26.4023
0 0 0 0 1 26.5678
0 0 0 0 0 27.3168
0 0 0 0 1 27.7817
0 0 0 0 0 28.2473
0 0 0 0 1 28.922
0 0 0 0 1 29.7165
0 0 0 0 1 30.4627
0 0 0 0 1 31.3748
0 0 0 0 1 32.2617
0 0 0 0 1 33.042
0 0 0 0 0 33.9064
0 0 0 0 1 35.025
0 0 0 0 1 36.0752
0 0 0 0 1 37.4806
0 0 0 0 1 38.5483
0 0 0 0 1 39.2588
0 0 0 0 1 37.0818
0 0 0 0 1 37.5869
0 0 0 0 1 37.5235
0 0 0 0 1 37.3219
0 0 0 0 1 37.4088
0 0 0 0 1 37.1716
0 0 0 0 1 36.9998
0 0 0 0 1 37.2476
0 0 0 0 1 37.4587
0 0 0 0 1 36.9918
0 0 0 0 1 37.3528
0 0 0 0 1 36.8506
0 0 0 0 0 36.8417
0 0 0 0 1 39.329
0 0 0 0 1 41.3701
0 0 0 0 1 60.6122
0 0 0 0 1 60.5885
0 0 0 0 1 60.3329
0 0 0 0 1 61.0507
0 0 0 0 1 61.2732
0 0 0 0 0 5.00499
0 0 0 0 0 5.01501
0 0 0 0 0 4.99497
0 0 0 0 0 5.04006
0 0 0 0 0 5.05008
0 0 0 0 0 5.05008
0 0 0 0 1 68.3868
0 0 0 0 1 68.4475
0 0 0 0 1 69.4854
0 0 0 0 1 69.5487
0 0 0 0 1 69.0613
0 0 0 0 1 69.4821
0 0 0 0 1 69.6183
0 0 0 0 0 5.04006
0 0 0 0 0 5.0601
0 0 0 0 0 4.96491
0 0 0 0 0 4.99497
0 0 0 0 0 4.96992
0 0 0 0 0 4.97994
0 0 0 0 0 5.00499
0 0 0 0 0 5.03004
0 0 0 0 0 5.04006
0 0 0 0 1 49.9869
0 0 0 0 1 49.1337
0 0 0 0 1 49.0471
0 0 0 0 0 48.3776
0 0 0 0 1 48.9268
0 0 0 0 1 48.3548
0 0 0 0 1 48.7711
0 0 0 0 1 49.1772
0 0 0 0 0 49.2425
0 0 0 0 0 48.82
0 0 0 0 0 75.9973
0 0 0 0 1 73.8032
0 0 0 0 1 69.3163
0 0 0 0 1 66.7142
0 0 0 0 1 64.5188
0 0 0 0 0 61.8289
0 0 0 0 1 60.1929
0 0 0 0 1 58.3012
0 0 0 0 1 55.8652
0 0 0 0 1 53.7358
0 0 0 0 1 52.325
0 0 0 0 1 51.4569
0 0 0 0 0 49.7658
0 0 0 0 0 47.7925
0 0 0 0 1 47.2111
0 0 0 0 1 45.6779
0 0 0 0 0 44.7283
0 0 0 0 0 43.5812
0 0 0 0 1 42.3994
0 0 0 0 1 40.7175
0 0 0 0 0 40.423
0 0 0 0 1 39.3116
0 0 0 0 1 38.6907
0 0 0 0 1 37.4066
0 0 0 0 1 36.6856
0 0 0 0 1 35.6578
0 0 0 0 1 35.0826
0 0 0 0 1 34.8024
0 0 0 0 1 33.545
0 0 0 0 1 33.2915
0 0 0 0 1 32.3907
0 0 0 0 1 32.0542
0 0 0 0 0 31.0467
0 0 0 0 0 30.5484
0 0 0 0 1 30.5607
0 0 0 0 0 29.6645
0 0 0 0 0 29.1787
0 0 0 0 0 28.5321
0 0 0 0 0 28.5577
0 0 0 0 1 28.0981
0 0 0 0 0 27.5758
0 0 0 0 0 26.9535
0 0 0 0 1 26.777
0 0 0 0 1 26.0275
0 0 0 0 1 25.9646
0 0 0 0 0 25.2452
0 0 0 0 1 25.1933
0 0 0 0 1 24.763
0 0 0 0 1 24.1591
0 0 0 0 1 24.0914
0 0 0 0 1 23.6799
0 0 0 0 1 23.248
0 0 0 0 1 23.0043
0 0 0 0 1 22.5634
0 0 0 0 0 22.27
0 0 0 0 1 22.1201
0 0 0 0 1 22.0334
0 0 0 0 0 21.8862
0 0 0 0 1 21.3733
0 0 0 0 1 20.9384
0 0 0 0 0 21.0318
0 0 0 0 0 20.4656
0 0 0 0 1 20.2547
0 0 0 0 1 20.3939
0 0 0 0 0 19.7684
0 0 0 0 1 19.5757
0 0 0 0 1 19.7347
0 0 0 0 0 19.4117
0 0 0 0 1 19.0827
0 0 0 0 0 19.0048
0 0 0 0 1 18.8566
0 0 0 0 1 18.4939
0 0 0 0 1 18.3369
0 0 0 0 1 18.0247
0 0 0 0 0 18.0797
0 0 0 0 1 17.8945
0 0 0 0 1 17.5772
0 0 0 0 1 17.5126
0 0 0 0 0 17.1991
0 0 0 0 1 17.2113
0 0 0 0 0 16.8329
0 0 0 0 1 16.9613
0 0 0 0 0 16.7789
0 0 0 0 0 16.5121
0 0 0 0 1 16.4883
0 0 0 0 1 16.1105
0 0 0 0 1 16.1567
0 0 0 0 1 16.0499
0 0 0 0 1 15.7513
0 0 0 0 1 15.8408
0 0 0 0 1 15.4535
0 0 0 0 1 15.4556
0 0 0 0 1 15.2873
0 0 0 0 1 15.1199
0 0 0 0 1 15.1432
0 0 0 0 0 14.8578
0 0 0 0 1 14.939
0 0 0 0 1 14.7307
0 0 0 0 1 14.6186
0 0 0 0 1 14.5503
0 0 0 0 1 14.562
0 0 0 0 0 14.4147
0 0 0 0 1 14.2114
0 0 0 0 1 14.0099
0 0 0 0 1 14.0623
0 0 0 0 1 13.8623
0 0 0 0 1 13.7964
0 0 0 0 1 13.744
0 0 0 0 1 13.6777
0 0 0 0 1 13.6113
0 0 0 0 0 13.343
0 0 0 0 1 13.438
0 0 0 0 1 13.3264
0 0 0 0 1 13.1152
0 0 0 0 1 13.0184
0 0 0 0 1 13.1432
0 0 0 0 0 12.8259
0 0 0 0 0 12.8203
0 0 0 0 1 12.7168
0 0 0 0 1 12.6559
0 0 0 0 1 12.5104
0 0 0 0 1 12.6117
0 0 0 0 0 12.5788
0 0 0 0 0 12.4294
0 0 0 0 1 12.2459
0 0 0 0 1 12.3119
0 0 0 0 0 12.1283
0 0 0 0 1 12.2122
0 0 0 0 1 11.9433
0 0 0 0 1 11.9426
0 0 0 0 1 11.8581
0 0 0 0 1 11.9395
0 0 0 0 0 11.7468
0 0 0 0 0 11.8036
0 0 0 0 1 11.6453
0 0 0 0 1 11.4676
0 0 0 0 1 11.5077
0 0 0 0 1 11.5054
0 0 0 0 0 11.43
0 0 0 0 1 11.233
0 0 0 0 1 11.2111
0 0 0 0 1 11.2971
0 0 0 0 0 11.1557
0 0 0 0 1 11.0042
0 0 0 0 1 11.1001
0 0 0 0 0 10.9895
0 0 0 0 1 10.8401
0 0 0 0 1 10.9958
0 0 0 0 1 10.7386
0 0 0 0 0 10.7061
0 0 0 0 0 10.7628
0 0 0 0 0 10.623
0 0 0 0 1 10.6194
0 0 0 0 1 10.5551
0 0 0 0 1 10.5649
0 0 0 0 1 10.557
0 0 0 0 1 10.5205
0 0 0 0 1 10.3708
0 0 0 0 1 10.2625
0 0 0 0 1 10.3894
0 0 0 0 0 10.2033
0 0 0 0 1 10.3291
0 0 0 0 1 10.2015
0 0 0 0 1 10.2206
0 0 0 0 0 10.1689
0 0 0 0 0 10.0268
0 0 0 0 0 9.94592
0 0 0 0 1 9.97512
0 0 0 0 1 10.024
0 0 0 0 1 9.96937
0 0 0 0 1 9.83432
0 0 0 0 0 9.7904
0 0 0 0 1 9.80952
0 0 0 0 1 9.79495
0 0 0 0 1 9.61968
0 0 0 0 1 9.72173
0 0 0 0 1 9.54789
0 0 0 0 1 9.54373
0 0 0 0 0 9.51508
0 0 0 0 1 9.59528
0 0 0 0 0 9.50143
0 0 0 0 1 9.4069
0 0 0 0 1 9.33693
0 0 0 0 1 9.40325
0 0 0 0 0 9.27749
0 0 0 0 1 9.4236
0 0 0 0 1 9.32627
0 0 0 0 1 9.32681
0 0 0 0 1 9.31886
0 0 0 0 1 9.15381
0 0 0 0 1 9.09066
0 0 0 0 1 9.18402
0 0 0 0 1 9.05743
0 0 0 0 1 9.03215
0 0 0 0 1 8.98439
0 0 0 0 0 9.06255
0 0 0 0 1 9.06905
0 0 0 0 0 9.00767
0 0 0 0 0 8.87547
0 0 0 0 1 8.90026
0 0 0 0 0 8.79094
0 0 0 0 1 8.87784
0 0 0 0 1 8.8094
0 0 0 0 1 8.71965
0 0 0 0 1 8.74863
0 0 0 0 1 8.66839
0 0 0 0 1 8.80222
0 0 0 0 1 8.72624
0 0 0 0 1 8.70764
0 0 0 0 1 8.65453
0 0 0 0 1 8.70917
0 0 0 0 1 8.57032
0 0 0 0 1 8.63842
0 0 0 0 1 8.63277
0 0 0 0 1 8.51244
0 0 0 0 1 8.48174
0 0 0 0 1 8.58348
0 0 0 0 1 8.49831
0 0 0 0 1 8.53985
0 0 0 0 1 8.40051
0 0 0 0 1 8.35024
0 0 0 0 1 8.41714
0 0 0 0 1 8.38397
0 0 0 0 0 8.33786
0 0 0 0 1 8.2802
0 0 0 0 1 8.36421
0 0 0 0 1 8.24797
0 0 0 0 1 8.25732
0 0 0 0 1 8.26674
0 0 0 0 1 8.15166
0 0 0 0 1 8.30112
0 0 0 0 1 8.12198
0 0 0 0 1 8.12272
0 0 0 0 1 8.22255
0 0 0 0 1 8.08577
0 0 0 0 0 8.20053
0 0 0 0 1 8.08896
0 0 0 0 1 8.17577
0 0 0 0 1 8.14893
0 0 0 0 1 8.01764
0 0 0 0 1 8.04454
0 0 0 0 0 8.04594
0 0 0 0 1 8.08891
0 0 0 0 1 8.0743
0 0 0 0 1 7.90178
0 0 0 0 1 8.03591
0 0 0 0 1 7.9756
0 0 0 0 1 8.01726
0 0 0 0 1 7.9605
