0 0 0 0 1 2.15918
0 0 0 0 1 2.1687
0 0 0 0 1 2.17181
0 0 0 0 1 2.15336
0 0 0 0 1 2.17185
0 0 0 0 1 2.14492
0 0 0 0 1 2.17832
0 0 0 0 1 2.14922
0 0 0 0 1 2.14098
0 0 0 0 1 2.14864
0 0 0 0 1 2.14123
0 0 0 0 1 2.15546
0 0 0 0 0 2.14529
0 0 0 0 1 2.14881
0 0 0 0 1 2.1567
0 0 0 0 1 2.17766
0 0 0 0 1 2.1424
0 0 0 0 1 2.14605
0 0 0 0 1 2.18007
0 0 0 0 1 2.16866
0 0 0 0 1 2.1459
0 0 0 0 1 2.19093
0 0 0 0 1 2.16879
0 0 0 0 0 2.15529
0 0 0 0 1 2.17404
0 0 0 0 1 2.16719
0 0 0 0 1 2.19303
0 0 0 0 1 2.18624
0 0 0 0 0 2.17069
0 0 0 0 0 2.16365
0 0 0 0 0 2.1766
0 0 0 0 1 2.20941
0 0 0 0 1 2.1915
0 0 0 0 1 2.17616
0 0 0 0 1 2.18269
0 0 0 0 1 2.18927
0 0 0 0 0 2.20669
0 0 0 0 0 2.18047
0 0 0 0 0 2.21577
0 0 0 0 1 2.19611
0 0 0 0 1 2.19846
0 0 0 0 1 2.22736
0 0 0 0 1 2.2321
0 0 0 0 1 2.21915
0 0 0 0 1 2.20849
0 0 0 0 0 2.19965
0 0 0 0 1 2.20926
0 0 0 0 1 2.21412
0 0 0 0 1 2.1988
0 0 0 0 1 2.23088
0 0 0 0 0 2.2487
0 0 0 0 1 2.21858
0 0 0 0 1 2.24567
0 0 0 0 0 2.23134
0 0 0 0 1 2.22687
0 0 0 0 1 2.24615
0 0 0 0 1 2.25555
0 0 0 0 1 2.26307
0 0 0 0 0 2.27288
0 0 0 0 1 2.227
0 0 0 0 1 2.26159
0 0 0 0 0 2.24216
0 0 0 0 1 2.26203
0 0 0 0 1 2.24464
0 0 0 0 1 2.25917
0 0 0 0 1 2.26241
0 0 0 0 1 2.26896
0 0 0 0 1 2.26756
0 0 0 0 1 2.29142
0 0 0 0 1 2.30398
0 0 0 0 1 2.28564
0 0 0 0 1 2.27064
0 0 0 0 0 2.28214
0 0 0 0 1 2.29716
0 0 0 0 1 2.31207
0 0 0 0 1 2.29035
0 0 0 0 1 2.33688
0 0 0 0 1 2.32897
0 0 0 0 1 2.31306
0 0 0 0 1 2.33305
0 0 0 0 1 2.35547
0 0 0 0 1 2.32801
0 0 0 0 1 2.32948
0 0 0 0 1 2.35907
0 0 0 0 1 2.33008
0 0 0 0 0 2.36373
0 0 0 0 0 2.34416
0 0 0 0 1 2.34254
0 0 0 0 1 2.33489
0 0 0 0 1 2.38784
0 0 0 0 1 2.37529
0 0 0 0 0 2.37696
0 0 0 0 1 2.39013
0 0 0 0 1 2.39906
0 0 0 0 1 2.39059
0 0 0 0 1 2.37831
0 0 0 0 1 2.38488
0 0 0 0 1 2.42946
0 0 0 0 0 2.42892
0 0 0 0 1 2.42579
0 0 0 0 1 2.41313
0 0 0 0 1 2.41255
0 0 0 0 1 2.44366
0 0 0 0 1 2.431
0 0 0 0 1 2.44221
0 0 0 0 0 2.44434
0 0 0 0 1 2.44633
0 0 0 0 1 2.47546
0 0 0 0 1 2.44321
0 0 0 0 1 2.49933
0 0 0 0 1 2.51391
0 0 0 0 1 2.46914
0 0 0 0 1 2.50367
0 0 0 0 1 2.48788
0 0 0 0 1 2.491
0 0 0 0 1 2.53556
0 0 0 0 0 2.5176
0 0 0 0 0 2.50536
0 0 0 0 1 2.54526
0 0 0 0 1 2.53477
0 0 0 0 1 2.56593
0 0 0 0 0 2.53726
0 0 0 0 1 2.57802
0 0 0 0 1 2.5788
0 0 0 0 0 2.59146
0 0 0 0 0 2.60135
0 0 0 0 1 2.58156
0 0 0 0 1 2.62031
0 0 0 0 1 2.6068
0 0 0 0 1 2.60794
0 0 0 0 1 2.61529
0 0 0 0 1 2.66517
0 0 0 0 0 2.65594
0 0 0 0 1 2.66351
0 0 0 0 1 2.65984
0 0 0 0 1 2.67812
0 0 0 0 1 2.69918
0 0 0 0 1 2.70082
0 0 0 0 0 2.71682
0 0 0 0 0 2.69752
0 0 0 0 0 2.69391
0 0 0 0 0 2.70425
0 0 0 0 1 2.71163
0 0 0 0 1 2.75773
0 0 0 0 1 2.75433
0 0 0 0 1 2.73486
0 0 0 0 1 2.78968
0 0 0 0 0 2.7448
0 0 0 0 1 2.81388
0 0 0 0 0 2.79667
0 0 0 0 1 2.83558
0 0 0 0 0 2.8098
0 0 0 0 0 2.8519
0 0 0 0 1 2.85719
0 0 0 0 1 2.82573
0 0 0 0 1 2.85653
0 0 0 0 1 2.85012
0 0 0 0 1 2.85294
0 0 0 0 1 2.86951
0 0 0 0 1 2.87245
0 0 0 0 1 2.93873
0 0 0 0 1 2.94768
0 0 0 0 1 2.92656
0 0 0 0 1 2.93822
0 0 0 0 1 2.94332
0 0 0 0 1 2.99606
0 0 0 0 1 3.00842
0 0 0 0 1 3.0012
0 0 0 0 1 3.04694
0 0 0 0 1 3.05526
0 0 0 0 1 3.0498
0 0 0 0 1 3.07285
0 0 0 0 1 3.04287
0 0 0 0 1 3.06632
0 0 0 0 0 3.09487
0 0 0 0 1 3.0838
0 0 0 0 0 3.09709
0 0 0 0 1 3.11386
0 0 0 0 1 3.17776
0 0 0 0 1 3.15687
0 0 0 0 1 3.20876
0 0 0 0 1 3.2196
0 0 0 0 1 3.20147
0 0 0 0 1 3.2083
0 0 0 0 1 3.26175
0 0 0 0 0 3.2753
0 0 0 0 0 3.29911
0 0 0 0 1 3.27746
0 0 0 0 0 3.30442
0 0 0 0 1 3.33147
0 0 0 0 0 3.34869
0 0 0 0 1 3.39375
0 0 0 0 1 3.3944
0 0 0 0 1 3.41508
0 0 0 0 1 3.44295
0 0 0 0 1 3.41895
0 0 0 0 0 3.44353
0 0 0 0 1 3.43486
0 0 0 0 1 3.46434
0 0 0 0 0 3.52791
0 0 0 0 0 3.50377
0 0 0 0 1 3.54909
0 0 0 0 0 3.58167
0 0 0 0 1 3.54992
0 0 0 0 1 3.64832
0 0 0 0 1 3.66339
0 0 0 0 1 3.64932
0 0 0 0 1 3.65906
0 0 0 0 1 3.71293
0 0 0 0 1 3.68357
0 0 0 0 1 3.76049
0 0 0 0 0 3.77177
0 0 0 0 1 3.79479
0 0 0 0 1 3.82939
0 0 0 0 0 3.84687
0 0 0 0 0 3.85377
0 0 0 0 1 3.86714
0 0 0 0 1 3.89065
0 0 0 0 1 3.94969
0 0 0 0 1 4.00863
0 0 0 0 1 4.00004
0 0 0 0 0 4.00445
0 0 0 0 0 4.03404
0 0 0 0 1 4.11277
0 0 0 0 1 4.07306
0 0 0 0 1 4.15668
0 0 0 0 1 4.12457
0 0 0 0 1 4.17257
0 0 0 0 1 4.25476
0 0 0 0 0 4.29514
0 0 0 0 1 4.31736
0 0 0 0 1 4.36231
0 0 0 0 1 4.38128
0 0 0 0 0 4.41327
0 0 0 0 1 4.47101
0 0 0 0 1 4.47204
0 0 0 0 1 4.47257
0 0 0 0 1 4.55363
0 0 0 0 1 4.56308
0 0 0 0 1 4.609
0 0 0 0 1 4.66029
0 0 0 0 1 4.73995
0 0 0 0 0 4.76342
0 0 0 0 1 4.82248
0 0 0 0 1 4.84049
0 0 0 0 1 4.86358
0 0 0 0 1 4.94027
0 0 0 0 1 4.99577
0 0 0 0 1 4.99375
0 0 0 0 1 5.01579
0 0 0 0 1 5.09687
0 0 0 0 1 5.07315
0 0 0 0 1 5.2285
0 0 0 0 1 5.19656
0 0 0 0 1 5.25987
0 0 0 0 1 5.35321
0 0 0 0 0 5.36275
0 0 0 0 0 5.44168
0 0 0 0 1 5.48761
0 0 0 0 1 5.56755
0 0 0 0 1 5.56146
0 0 0 0 1 5.73261
0 0 0 0 0 5.75159
0 0 0 0 1 5.7884
0 0 0 0 1 5.87311
0 0 0 0 1 5.90008
0 0 0 0 1 5.96531
0 0 0 0 1 6.11133
0 0 0 0 1 6.13687
0 0 0 0 0 6.18388
0 0 0 0 1 6.32057
0 0 0 0 1 6.36755
0 0 0 0 1 6.50463
0 0 0 0 1 6.45252
0 0 0 0 1 6.63564
0 0 0 0 1 6.63122
0 0 0 0 1 6.73493
0 0 0 0 1 6.91277
0 0 0 0 1 6.93844
0 0 0 0 1 7.09452
0 0 0 0 1 7.13958
0 0 0 0 1 7.29168
0 0 0 0 1 7.28327
0 0 0 0 1 7.43611
0 0 0 0 1 7.62818
0 0 0 0 1 7.71552
0 0 0 0 1 7.77903
0 0 0 0 1 7.88895
0 0 0 0 1 7.97409
0 0 0 0 1 8.1827
0 0 0 0 0 8.2253
0 0 0 0 0 8.41629
0 0 0 0 0 8.51748
0 0 0 0 1 8.7978
0 0 0 0 1 8.84355
0 0 0 0 1 8.95179
0 0 0 0 1 9.22071
0 0 0 0 1 9.29064
0 0 0 0 0 9.49757
0 0 0 0 0 9.70772
0 0 0 0 1 9.82015
0 0 0 0 1 10.1923
0 0 0 0 1 10.2415
0 0 0 0 1 10.5887
0 0 0 0 1 10.7263
0 0 0 0 1 10.9816
0 0 0 0 1 11.1697
0 0 0 0 1 11.5705
0 0 0 0 0 11.7425
0 0 0 0 1 11.9628
0 0 0 0 1 12.3242
0 0 0 0 1 12.6098
0 0 0 0 0 13.0183
0 0 0 0 1 13.2599
0 0 0 0 1 13.6911
0 0 0 0 1 14.206
0 0 0 0 0 14.3969
0 0 0 0 1 14.8284
0 0 0 0 0 15.4148
0 0 0 0 1 16.0453
0 0 0 0 1 16.4693
0 0 0 0 1 17.046
0 0 0 0 1 17.6581
0 0 0 0 1 18.0455
0 0 0 0 0 18.8252
0 0 0 0 1 19.7375
0 0 0 0 1 20.6553
0 0 0 0 0 21.6223
0 0 0 0 1 22.5106
0 0 0 0 1 23.384
0 0 0 0 1 24.3412
0 0 0 0 1 26.0533
0 0 0 0 1 27.3236
0 0 0 0 1 28.789
0 0 0 0 1 30.8461
0 0 0 0 1 32.8674
0 0 0 0 1 34.8729
0 0 0 0 1 38.0174
0 0 0 0 0 41.1991
0 0 0 0 1 44.7037
0 0 0 0 1 39.3887
0 0 0 0 1 39.6203
0 0 0 0 1 39.1087
0 0 0 0 1 39.0593
0 0 0 0 1 39.4892
0 0 0 0 1 39.4414
0 0 0 0 1 39.4017
0 0 0 0 1 38.963
0 0 0 0 0 39.0817
0 0 0 0 1 39.0074
0 0 0 0 0 38.9217
0 0 0 0 1 38.8882
0 0 0 0 0 5.05509
0 0 0 0 0 4.97994
0 0 0 0 0 4.97493
0 0 0 0 0 5.03004
0 0 0 0 1 74.0419
0 0 0 0 1 70.9982
0 0 0 0 1 71.9355
0 0 0 0 1 70.664
0 0 0 0 1 70.891
0 0 0 0 0 70.9055
0 0 0 0 1 72.0629
0 0 0 0 0 5.02503
0 0 0 0 0 5.03004
0 0 0 0 0 4.96491
0 0 0 0 0 4.98996
0 0 0 0 0 4.99998
0 0 0 0 0 5.01501
0 0 0 0 0 4.98996
0 0 0 0 0 5.03505
0 0 0 0 0 5.04006
0 0 0 0 0 4.97994
0 0 0 0 0 5.03004
0 0 0 0 1 55.1759
0 0 0 0 1 53.1637
0 0 0 0 1 51.6731
0 0 0 0 1 50.9592
0 0 0 0 1 51.0366
0 0 0 0 1 51.6796
0 0 0 0 1 50.8956
0 0 0 0 1 51.6401
0 0 0 0 1 51.3105
0 0 0 0 0 51.7018
0 0 0 0 1 51.1679
0 0 0 0 1 69.4358
0 0 0 0 1 66.5724
0 0 0 0 1 65.7028
0 0 0 0 1 64.2401
0 0 0 0 1 61.4347
0 0 0 0 1 60.3203
0 0 0 0 1 59.0532
0 0 0 0 0 57.3584
0 0 0 0 1 56.2313
0 0 0 0 1 54.4865
0 0 0 0 1 53.9575
0 0 0 0 1 53.0807
0 0 0 0 1 51.2457
0 0 0 0 1 50.6433
0 0 0 0 1 49.7756
0 0 0 0 1 48.8857
0 0 0 0 1 47.6054
0 0 0 0 1 46.3545
0 0 0 0 1 46.0209
0 0 0 0 1 44.7633
0 0 0 0 1 44.428
0 0 0 0 1 42.9969
0 0 0 0 1 42.4012
0 0 0 0 0 41.7133
0 0 0 0 0 41.614
0 0 0 0 1 40.207
0 0 0 0 1 39.9508
0 0 0 0 1 39.4691
0 0 0 0 1 38.6363
0 0 0 0 1 38.0483
0 0 0 0 1 37.8961
0 0 0 0 1 36.6689
0 0 0 0 1 36.5998
0 0 0 0 0 36.2612
0 0 0 0 1 35.4449
0 0 0 0 1 35.183
0 0 0 0 1 34.4088
0 0 0 0 1 33.7657
0 0 0 0 1 33.46
0 0 0 0 1 33.0191
0 0 0 0 1 32.8894
0 0 0 0 1 32.025
0 0 0 0 1 31.7859
0 0 0 0 0 31.1975
0 0 0 0 0 30.9241
0 0 0 0 1 30.7498
0 0 0 0 1 30.1463
0 0 0 0 1 29.9986
0 0 0 0 1 29.5725
0 0 0 0 1 29.1643
0 0 0 0 0 28.8309
0 0 0 0 0 28.8351
0 0 0 0 0 28.2531
0 0 0 0 1 28.1882
0 0 0 0 0 27.8158
0 0 0 0 0 27.712
0 0 0 0 1 26.9339
0 0 0 0 1 27.1418
0 0 0 0 0 26.3828
0 0 0 0 1 26.4379
0 0 0 0 0 26.116
0 0 0 0 0 26.0162
0 0 0 0 0 25.6405
0 0 0 0 1 25.369
0 0 0 0 1 25.1487
0 0 0 0 1 24.5883
0 0 0 0 1 24.6884
0 0 0 0 1 24.1349
0 0 0 0 1 24.1892
0 0 0 0 0 23.8081
0 0 0 0 1 23.5729
0 0 0 0 0 23.5814
0 0 0 0 0 23.54
0 0 0 0 1 22.918
0 0 0 0 1 22.8539
0 0 0 0 1 22.673
0 0 0 0 1 22.4784
0 0 0 0 0 22.3207
0 0 0 0 1 22.015
0 0 0 0 1 22.0427
0 0 0 0 1 22.0449
0 0 0 0 1 21.4601
0 0 0 0 1 21.4623
0 0 0 0 1 21.4267
0 0 0 0 1 21.2415
0 0 0 0 1 21.0499
0 0 0 0 1 20.6789
0 0 0 0 1 20.725
0 0 0 0 1 20.5637
0 0 0 0 1 20.2596
0 0 0 0 1 20.2482
0 0 0 0 1 20.2092
0 0 0 0 0 19.7502
0 0 0 0 0 19.6198
0 0 0 0 1 19.5673
0 0 0 0 0 19.3783
0 0 0 0 1 19.5786
0 0 0 0 1 19.1965
0 0 0 0 1 19.182
0 0 0 0 1 18.9191
0 0 0 0 1 18.7404
0 0 0 0 1 18.9149
0 0 0 0 1 18.599
0 0 0 0 0 18.3852
0 0 0 0 0 18.2834
0 0 0 0 1 18.3788
0 0 0 0 1 18.3124
0 0 0 0 0 18.0312
0 0 0 0 1 18.1274
0 0 0 0 0 17.7952
0 0 0 0 0 17.8541
0 0 0 0 1 17.8081
0 0 0 0 1 17.5337
0 0 0 0 1 17.5092
0 0 0 0 1 17.3594
0 0 0 0 1 17.383
0 0 0 0 1 17.3027
0 0 0 0 1 17.0611
0 0 0 0 1 16.8492
0 0 0 0 1 17.0101
0 0 0 0 1 16.7018
0 0 0 0 1 16.6072
0 0 0 0 1 16.6242
0 0 0 0 1 16.3482
0 0 0 0 1 16.2911
0 0 0 0 1 16.3837
0 0 0 0 0 16.3991
0 0 0 0 1 16.3273
0 0 0 0 1 16.1752
0 0 0 0 1 16.0778
0 0 0 0 0 16.0389
0 0 0 0 0 15.7817
0 0 0 0 1 15.9013
0 0 0 0 1 15.6641
0 0 0 0 1 15.6297
0 0 0 0 1 15.3951
0 0 0 0 1 15.3151
0 0 0 0 1 15.268
0 0 0 0 0 15.4799
0 0 0 0 1 15.3249
0 0 0 0 1 15.124
0 0 0 0 0 15.2636
0 0 0 0 1 15.1394
0 0 0 0 1 15.0472
0 0 0 0 1 14.8499
0 0 0 0 1 14.7049
0 0 0 0 1 14.7664
0 0 0 0 1 14.8665
0 0 0 0 1 14.5611
0 0 0 0 0 14.6947
0 0 0 0 1 14.3863
0 0 0 0 0 14.5047
0 0 0 0 1 14.2913
0 0 0 0 1 14.2364
0 0 0 0 1 14.339
0 0 0 0 0 14.2697
0 0 0 0 0 14.3008
0 0 0 0 1 14.0766
0 0 0 0 1 14.0931
0 0 0 0 1 13.9412
0 0 0 0 1 14.046
0 0 0 0 1 13.9368
0 0 0 0 1 13.7729
0 0 0 0 1 13.9458
0 0 0 0 0 13.7279
0 0 0 0 0 13.7761
0 0 0 0 0 13.5874
0 0 0 0 1 13.5403
0 0 0 0 1 13.5978
0 0 0 0 0 13.6318
0 0 0 0 1 13.5713
0 0 0 0 1 13.3193
0 0 0 0 1 13.3937
0 0 0 0 1 13.3477
0 0 0 0 1 13.1427
0 0 0 0 1 13.1072
0 0 0 0 1 13.2205
0 0 0 0 1 13.2281
0 0 0 0 1 13.1569
0 0 0 0 0 13.0862
0 0 0 0 1 12.8988
0 0 0 0 0 12.985
0 0 0 0 1 12.9155
0 0 0 0 1 12.9108
0 0 0 0 1 12.7777
0 0 0 0 1 12.9307
0 0 0 0 1 12.6961
0 0 0 0 1 12.7049
0 0 0 0 1 12.7391
0 0 0 0 1 12.6719
0 0 0 0 1 12.6461
0 0 0 0 1 12.63
0 0 0 0 0 12.5135
0 0 0 0 1 12.501
0 0 0 0 1 12.4106
0 0 0 0 0 12.3581
