0 0 0 0 0 5.46608
0 0 0 0 1 5.5414
0 0 0 0 1 5.51747
0 0 0 0 0 5.56249
0 0 0 0 0 5.60532
0 0 0 0 0 5.5539
0 0 0 0 1 5.51264
0 0 0 0 0 5.51681
0 0 0 0 0 5.5736
0 0 0 0 1 5.63955
0 0 0 0 1 5.64986
0 0 0 0 1 5.63226
0 0 0 0 0 5.64489
0 0 0 0 1 5.59926
0 0 0 0 1 5.62685
0 0 0 0 1 5.61149
0 0 0 0 1 5.64501
0 0 0 0 1 5.69203
0 0 0 0 0 5.64085
0 0 0 0 0 5.64834
0 0 0 0 1 5.68247
0 0 0 0 1 5.75676
0 0 0 0 0 5.72853
0 0 0 0 1 5.76902
0 0 0 0 0 5.75408
0 0 0 0 1 5.70867
0 0 0 0 1 5.76685
0 0 0 0 1 5.8212
0 0 0 0 0 5.74697
0 0 0 0 1 5.7768
0 0 0 0 1 5.82424
0 0 0 0 0 5.84869
0 0 0 0 0 5.80487
0 0 0 0 1 5.82948
0 0 0 0 1 5.87183
0 0 0 0 0 5.91444
0 0 0 0 1 5.93967
0 0 0 0 1 5.91339
0 0 0 0 1 5.9211
0 0 0 0 1 5.97032
0 0 0 0 1 5.89528
0 0 0 0 0 5.89723
0 0 0 0 0 5.98266
0 0 0 0 1 5.96103
0 0 0 0 0 6.03515
0 0 0 0 1 5.95363
0 0 0 0 1 6.04623
0 0 0 0 0 5.99458
0 0 0 0 1 6.0999
0 0 0 0 1 6.0664
0 0 0 0 1 6.05099
0 0 0 0 1 6.12081
0 0 0 0 1 6.12895
0 0 0 0 0 6.08306
0 0 0 0 1 6.19051
0 0 0 0 1 6.17633
0 0 0 0 1 6.2105
0 0 0 0 1 6.16975
0 0 0 0 1 6.23519
0 0 0 0 1 6.26367
0 0 0 0 0 6.21036
0 0 0 0 1 6.25151
0 0 0 0 0 6.2678
0 0 0 0 0 6.33374
0 0 0 0 1 6.28175
0 0 0 0 1 6.30382
0 0 0 0 1 6.30145
0 0 0 0 1 6.39381
0 0 0 0 1 6.41722
0 0 0 0 1 6.46573
0 0 0 0 0 6.36099
0 0 0 0 1 6.39026
0 0 0 0 1 6.48572
0 0 0 0 1 6.43132
0 0 0 0 0 6.53327
0 0 0 0 1 6.54393
0 0 0 0 0 6.61358
0 0 0 0 0 6.55288
0 0 0 0 0 6.57685
0 0 0 0 1 6.60098
0 0 0 0 1 6.69876
0 0 0 0 1 6.6175
0 0 0 0 0 6.68198
0 0 0 0 0 6.76031
0 0 0 0 1 6.79211
0 0 0 0 1 6.7971
0 0 0 0 1 6.76822
0 0 0 0 1 6.81432
0 0 0 0 1 6.75113
0 0 0 0 1 6.88592
0 0 0 0 1 6.93235
0 0 0 0 1 6.9308
0 0 0 0 1 6.95687
0 0 0 0 1 7.00391
0 0 0 0 1 6.93312
0 0 0 0 0 7.05022
0 0 0 0 1 7.04137
0 0 0 0 0 7.09623
0 0 0 0 1 7.00982
0 0 0 0 1 7.14265
0 0 0 0 1 7.17689
0 0 0 0 0 7.17583
0 0 0 0 0 7.23871
0 0 0 0 0 7.20844
0 0 0 0 1 7.29353
0 0 0 0 0 7.27758
0 0 0 0 1 7.27563
0 0 0 0 0 7.39182
0 0 0 0 1 7.36802
0 0 0 0 1 7.455
0 0 0 0 1 7.40901
0 0 0 0 0 7.52652
0 0 0 0 1 7.44222
0 0 0 0 1 7.50072
0 0 0 0 0 7.56673
0 0 0 0 1 7.66363
0 0 0 0 1 7.63128
0 0 0 0 1 7.72904
0 0 0 0 1 7.74262
0 0 0 0 1 7.70229
0 0 0 0 1 7.84786
0 0 0 0 1 7.83033
0 0 0 0 1 7.78836
0 0 0 0 1 7.83314
0 0 0 0 1 7.9099
0 0 0 0 1 7.94728
0 0 0 0 1 8.06496
0 0 0 0 1 8.02193
0 0 0 0 1 8.09159
0 0 0 0 1 8.15456
0 0 0 0 1 8.12687
0 0 0 0 1 8.26314
0 0 0 0 1 8.2599
0 0 0 0 1 8.25628
0 0 0 0 1 8.40348
0 0 0 0 1 8.34113
0 0 0 0 0 8.38765
0 0 0 0 1 8.43433
0 0 0 0 1 8.63507
0 0 0 0 1 8.5461
0 0 0 0 1 8.59262
0 0 0 0 0 8.75303
0 0 0 0 1 8.67803
0 0 0 0 0 8.75286
0 0 0 0 1 8.81766
0 0 0 0 1 8.94506
0 0 0 0 1 8.89443
0 0 0 0 1 9.02377
0 0 0 0 1 9.02642
0 0 0 0 1 9.05593
0 0 0 0 1 9.1128
0 0 0 0 1 9.19859
0 0 0 0 1 9.33028
0 0 0 0 1 9.37794
0 0 0 0 1 9.4737
0 0 0 0 0 9.49436
0 0 0 0 1 9.55165
0 0 0 0 1 9.6186
0 0 0 0 1 9.64837
0 0 0 0 1 9.65715
0 0 0 0 1 9.74365
0 0 0 0 1 9.91934
0 0 0 0 1 10.0173
0 0 0 0 1 10.0559
0 0 0 0 1 10.1229
0 0 0 0 1 10.1003
0 0 0 0 0 10.2996
0 0 0 0 1 10.2334
0 0 0 0 0 10.2915
0 0 0 0 1 10.4312
0 0 0 0 1 10.5616
0 0 0 0 1 10.5763
0 0 0 0 1 10.6738
0 0 0 0 1 10.8793
0 0 0 0 1 10.8611
0 0 0 0 1 10.8503
0 0 0 0 1 11.0807
0 0 0 0 1 11.1025
0 0 0 0 1 11.2914
0 0 0 0 1 11.3918
0 0 0 0 1 11.3762
0 0 0 0 1 11.4252
0 0 0 0 1 11.5716
0 0 0 0 1 11.7604
0 0 0 0 1 11.7532
0 0 0 0 1 11.9912
0 0 0 0 1 12.0788
0 0 0 0 0 12.2117
0 0 0 0 1 12.0978
0 0 0 0 1 12.4147
0 0 0 0 1 12.5457
0 0 0 0 1 12.5515
0 0 0 0 1 12.8091
0 0 0 0 1 12.7878
0 0 0 0 0 12.8858
0 0 0 0 0 13.0173
0 0 0 0 0 13.1675
0 0 0 0 1 13.4556
0 0 0 0 1 13.4199
0 0 0 0 1 13.5305
0 0 0 0 1 13.7782
0 0 0 0 0 13.9914
0 0 0 0 1 13.991
0 0 0 0 0 14.3279
0 0 0 0 1 14.2197
0 0 0 0 1 14.3766
0 0 0 0 1 14.6897
0 0 0 0 1 14.962
0 0 0 0 0 15.0717
0 0 0 0 1 15.1536
0 0 0 0 1 15.2699
0 0 0 0 1 15.4163
0 0 0 0 1 15.7068
0 0 0 0 0 15.7926
0 0 0 0 1 16.2959
0 0 0 0 1 16.5223
0 0 0 0 1 16.6666
0 0 0 0 0 16.7519
0 0 0 0 1 16.8944
0 0 0 0 1 17.1824
0 0 0 0 0 17.6471
0 0 0 0 1 17.8975
0 0 0 0 1 18.0043
0 0 0 0 1 18.0622
0 0 0 0 1 18.3464
0 0 0 0 1 18.81
0 0 0 0 1 18.8791
0 0 0 0 1 19.5616
0 0 0 0 1 19.8532
0 0 0 0 1 19.9743
0 0 0 0 1 20.2316
0 0 0 0 1 20.8163
0 0 0 0 1 21.0624
0 0 0 0 1 21.3365
0 0 0 0 0 21.7698
0 0 0 0 0 22.2571
0 0 0 0 1 22.4778
0 0 0 0 1 22.9641
0 0 0 0 0 23.4164
0 0 0 0 1 23.5799
0 0 0 0 1 24.4906
0 0 0 0 1 24.7102
0 0 0 0 1 25.1665
0 0 0 0 0 25.9764
0 0 0 0 1 26.1853
0 0 0 0 1 26.8846
0 0 0 0 1 27.7672
0 0 0 0 1 28.3825
0 0 0 0 1 28.7283
0 0 0 0 1 29.7193
0 0 0 0 1 30.0889
0 0 0 0 1 30.9458
0 0 0 0 1 31.6244
0 0 0 0 0 33.0001
0 0 0 0 1 33.6279
0 0 0 0 1 34.2072
0 0 0 0 1 35.2767
0 0 0 0 1 36.3732
0 0 0 0 1 37.9191
0 0 0 0 1 38.6647
0 0 0 0 1 39.8624
0 0 0 0 1 41.3619
0 0 0 0 0 43.3045
0 0 0 0 1 44.9887
0 0 0 0 1 46.4753
0 0 0 0 1 48.036
0 0 0 0 1 50.6881
0 0 0 0 0 52.202
0 0 0 0 1 55.2816
0 0 0 0 1 56.9818
0 0 0 0 1 60.6717
0 0 0 0 0 55.9232
0 0 0 0 0 55.4574
0 0 0 0 1 55.2712
0 0 0 0 1 55.5328
0 0 0 0 0 55.1822
0 0 0 0 0 55.3895
0 0 0 0 1 55.4311
0 0 0 0 1 56.253
0 0 0 0 1 59.6644
0 0 0 0 0 79.2861
0 0 0 0 0 79.8275
0 0 0 0 1 80.014
0 0 0 0 0 5.05008
0 0 0 0 0 5.05008
0 0 0 0 0 4.96992
0 0 0 0 0 5.01501
0 0 0 0 1 87.0241
0 0 0 0 1 87.5457
0 0 0 0 0 87.5432
0 0 0 0 1 88.4187
0 0 0 0 0 87.2803
0 0 0 0 1 87.1075
0 0 0 0 0 4.96992
0 0 0 0 0 4.9599
0 0 0 0 0 4.96491
0 0 0 0 0 5.05008
0 0 0 0 0 4.97493
0 0 0 0 0 4.9599
0 0 0 0 1 68.9243
0 0 0 0 1 68.0374
0 0 0 0 1 67.647
0 0 0 0 1 67.9311
0 0 0 0 1 66.9365
0 0 0 0 1 67.9648
0 0 0 0 1 67.7816
0 0 0 0 1 67.3965
0 0 0 0 0 99.7633
0 0 0 0 1 94.6004
0 0 0 0 1 89.8102
0 0 0 0 1 84.3083
0 0 0 0 1 80.4759
0 0 0 0 0 77.4495
0 0 0 0 1 74.1627
0 0 0 0 0 70.3032
0 0 0 0 0 68.3853
0 0 0 0 1 65.8912
0 0 0 0 1 63.0334
0 0 0 0 0 60.5404
0 0 0 0 1 57.9419
0 0 0 0 0 56.7531
0 0 0 0 1 54.8243
0 0 0 0 1 52.651
0 0 0 0 1 51.5233
0 0 0 0 0 49.6182
0 0 0 0 1 49.0397
0 0 0 0 1 47.5881
0 0 0 0 1 46.0943
0 0 0 0 1 44.7975
0 0 0 0 0 43.4444
0 0 0 0 1 42.4501
0 0 0 0 1 41.3037
0 0 0 0 1 40.4466
0 0 0 0 1 39.3661
0 0 0 0 0 38.5165
0 0 0 0 1 38.197
0 0 0 0 1 37.3859
0 0 0 0 0 36.3149
0 0 0 0 1 35.6414
0 0 0 0 1 34.6818
0 0 0 0 0 34.4005
0 0 0 0 1 33.3635
0 0 0 0 1 33.1684
0 0 0 0 1 32.4296
0 0 0 0 1 31.8958
0 0 0 0 1 31.3897
0 0 0 0 0 30.4742
0 0 0 0 1 29.9515
0 0 0 0 1 29.3211
0 0 0 0 1 28.8112
0 0 0 0 1 28.8261
0 0 0 0 1 27.806
0 0 0 0 1 27.671
0 0 0 0 1 27.0739
0 0 0 0 1 26.5283
0 0 0 0 1 26.4456
0 0 0 0 1 25.8269
0 0 0 0 1 25.4045
0 0 0 0 0 25.4738
0 0 0 0 0 25.0675
0 0 0 0 1 24.4269
0 0 0 0 1 24.207
0 0 0 0 1 23.7308
0 0 0 0 1 23.4901
0 0 0 0 0 23.0479
0 0 0 0 1 23.0004
0 0 0 0 0 22.7389
0 0 0 0 1 22.5221
0 0 0 0 1 22.0606
0 0 0 0 0 21.9725
0 0 0 0 1 21.4055
0 0 0 0 1 21.1329
0 0 0 0 0 21.051
0 0 0 0 1 21.0166
0 0 0 0 1 20.5956
0 0 0 0 1 20.5052
0 0 0 0 1 20.0183
0 0 0 0 1 19.9761
0 0 0 0 0 19.8609
0 0 0 0 1 19.6072
0 0 0 0 1 19.4514
0 0 0 0 1 18.9312
0 0 0 0 0 19.0705
0 0 0 0 1 18.8662
0 0 0 0 0 18.5699
0 0 0 0 1 18.377
0 0 0 0 1 18.3301
0 0 0 0 1 17.966
0 0 0 0 1 17.7487
0 0 0 0 1 17.4884
0 0 0 0 1 17.6413
0 0 0 0 0 17.3382
0 0 0 0 1 17.3046
0 0 0 0 0 17.0219
0 0 0 0 1 16.7002
0 0 0 0 0 16.6748
0 0 0 0 0 16.4234
0 0 0 0 1 16.462
0 0 0 0 1 16.2375
0 0 0 0 1 16.2817
0 0 0 0 1 16.0673
0 0 0 0 1 15.8139
0 0 0 0 1 15.8951
0 0 0 0 0 15.7614
0 0 0 0 1 15.5529
0 0 0 0 1 15.4974
0 0 0 0 1 15.1909
0 0 0 0 0 15.0322
0 0 0 0 0 14.9259
0 0 0 0 1 14.8581
0 0 0 0 1 14.8786
0 0 0 0 1 14.7066
0 0 0 0 1 14.4923
0 0 0 0 1 14.3835
0 0 0 0 1 14.3872
0 0 0 0 0 14.3838
0 0 0 0 1 14.2803
0 0 0 0 0 13.9946
0 0 0 0 0 13.9293
0 0 0 0 0 13.9608
0 0 0 0 1 13.8724
0 0 0 0 1 13.7652
0 0 0 0 1 13.5228
0 0 0 0 1 13.5202
0 0 0 0 1 13.4949
0 0 0 0 0 13.2829
0 0 0 0 1 13.081
0 0 0 0 0 13.0252
0 0 0 0 1 13.1307
0 0 0 0 1 12.8664
0 0 0 0 1 12.8575
0 0 0 0 0 12.7758
0 0 0 0 1 12.7071
0 0 0 0 0 12.6512
0 0 0 0 0 12.5359
0 0 0 0 1 12.4678
0 0 0 0 1 12.3955
0 0 0 0 1 12.3604
0 0 0 0 1 12.3251
0 0 0 0 1 12.1676
0 0 0 0 0 12.1691
0 0 0 0 0 11.9649
0 0 0 0 1 11.9742
0 0 0 0 1 12.0426
0 0 0 0 1 11.9358
0 0 0 0 0 11.8611
0 0 0 0 1 11.681
0 0 0 0 1 11.771
0 0 0 0 0 11.546
0 0 0 0 1 11.5656
0 0 0 0 1 11.5156
0 0 0 0 1 11.5
0 0 0 0 0 11.3439
0 0 0 0 1 11.2833
0 0 0 0 1 11.2117
0 0 0 0 0 11.1816
0 0 0 0 1 11.0548
0 0 0 0 1 11.0546
0 0 0 0 0 11.1388
0 0 0 0 1 10.8776
0 0 0 0 0 10.9904
0 0 0 0 1 10.8224
0 0 0 0 1 10.8653
0 0 0 0 0 10.8895
0 0 0 0 1 10.8273
0 0 0 0 1 10.6373
0 0 0 0 1 10.7146
0 0 0 0 1 10.5335
0 0 0 0 0 10.5224
0 0 0 0 1 10.4307
0 0 0 0 1 10.4126
0 0 0 0 1 10.4224
0 0 0 0 1 10.3834
0 0 0 0 1 10.2382
0 0 0 0 1 10.3302
0 0 0 0 1 10.1861
0 0 0 0 1 10.0938
0 0 0 0 1 10.0935
0 0 0 0 1 10.1973
0 0 0 0 0 10.0857
0 0 0 0 1 10.0417
0 0 0 0 1 9.97114
0 0 0 0 1 9.98059
0 0 0 0 1 9.94033
0 0 0 0 0 9.79181
0 0 0 0 1 9.76221
0 0 0 0 1 9.74253
0 0 0 0 0 9.67741
0 0 0 0 1 9.7066
0 0 0 0 1 9.60965
0 0 0 0 1 9.61619
0 0 0 0 1 9.52975
0 0 0 0 1 9.61615
0 0 0 0 0 9.4412
0 0 0 0 1 9.40992
0 0 0 0 1 9.51144
0 0 0 0 0 9.44547
0 0 0 0 1 9.34853
0 0 0 0 1 9.30843
0 0 0 0 1 9.37452
0 0 0 0 1 9.33455
0 0 0 0 1 9.20805
0 0 0 0 1 9.28908
0 0 0 0 1 9.12978
0 0 0 0 1 9.22289
0 0 0 0 1 9.18393
0 0 0 0 1 9.19084
0 0 0 0 0 9.1886
0 0 0 0 1 9.10475
0 0 0 0 1 9.03625
0 0 0 0 1 9.06156
0 0 0 0 1 8.90695
0 0 0 0 1 8.98628
0 0 0 0 1 9.02615
0 0 0 0 1 8.86413
0 0 0 0 1 8.83636
0 0 0 0 1 8.94158
0 0 0 0 1 8.74271
0 0 0 0 0 8.84435
0 0 0 0 1 8.74679
0 0 0 0 1 8.70238
0 0 0 0 1 8.79459
0 0 0 0 1 8.74165
0 0 0 0 1 8.71172
0 0 0 0 1 8.69404
0 0 0 0 1 8.68515
0 0 0 0 1 8.56612
0 0 0 0 1 8.61789
0 0 0 0 1 8.52884
0 0 0 0 0 8.50011
0 0 0 0 1 8.56038
0 0 0 0 1 8.51482
0 0 0 0 1 8.45611
0 0 0 0 1 8.39422
0 0 0 0 1 8.47619
0 0 0 0 0 8.45676
0 0 0 0 1 8.36184
0 0 0 0 1 8.35964
0 0 0 0 0 8.29896
0 0 0 0 1 8.37582
0 0 0 0 1 8.35717
0 0 0 0 0 8.35528
0 0 0 0 0 8.35347
0 0 0 0 1 8.26079
0 0 0 0 0 8.32535
0 0 0 0 0 8.26621
0 0 0 0 0 8.22384
0 0 0 0 1 8.18993
0 0 0 0 1 8.2626
0 0 0 0 1 8.12279
0 0 0 0 1 8.15473
0 0 0 0 1 8.1216
0 0 0 0 1 8.1536
0 0 0 0 1 8.13698
0 0 0 0 0 8.12463
0 0 0 0 1 8.12444
0 0 0 0 1 8.1163
0 0 0 0 0 8.07615
0 0 0 0 1 7.95606
0 0 0 0 1 8.01265
0 0 0 0 1 8.0212
0 0 0 0 0 7.98578
0 0 0 0 1 7.97862
0 0 0 0 1 7.9875
0 0 0 0 1 7.91713
0 0 0 0 1 7.85867
0 0 0 0 1 7.89178
0 0 0 0 1 7.84159
0 0 0 0 1 7.83543
0 0 0 0 1 7.82154
0 0 0 0 1 7.88639
0 0 0 0 1 7.8369
0 0 0 0 0 7.8626
0 0 0 0 1 7.84143
0 0 0 0 1 7.76128
0 0 0 0 0 7.75159
0 0 0 0 1 7.80891
0 0 0 0 1 7.84286
0 0 0 0 0 7.70919
0 0 0 0 1 7.79772
0 0 0 0 0 7.73134
