0 0 0 0 1 5.52675
0 0 0 0 1 5.50273
0 0 0 0 1 5.54514
0 0 0 0 1 5.53478
0 0 0 0 1 5.57202
0 0 0 0 1 5.58726
0 0 0 0 1 5.53489
0 0 0 0 0 5.53353
0 0 0 0 1 5.55128
0 0 0 0 0 5.64514
0 0 0 0 1 5.57707
0 0 0 0 1 5.56494
0 0 0 0 1 5.66174
0 0 0 0 1 5.63865
0 0 0 0 1 5.63249
0 0 0 0 0 5.6623
0 0 0 0 1 5.69026
0 0 0 0 1 5.71468
0 0 0 0 0 5.65788
0 0 0 0 1 5.71085
0 0 0 0 1 5.66539
0 0 0 0 1 5.72823
0 0 0 0 1 5.66564
0 0 0 0 0 5.76902
0 0 0 0 0 5.7254
0 0 0 0 1 5.72017
0 0 0 0 1 5.78413
0 0 0 0 1 5.80966
0 0 0 0 1 5.76432
0 0 0 0 1 5.75362
0 0 0 0 1 5.74876
0 0 0 0 1 5.85451
0 0 0 0 1 5.87481
0 0 0 0 0 5.80028
0 0 0 0 1 5.8894
0 0 0 0 1 5.90858
0 0 0 0 0 5.92202
0 0 0 0 1 5.93695
0 0 0 0 1 5.9152
0 0 0 0 1 5.93482
0 0 0 0 1 5.94273
0 0 0 0 0 5.92101
0 0 0 0 1 5.91115
0 0 0 0 1 5.9252
0 0 0 0 1 6.02916
0 0 0 0 1 6.00764
0 0 0 0 0 6.07631
0 0 0 0 1 5.97649
0 0 0 0 1 5.99713
0 0 0 0 0 5.99973
0 0 0 0 1 6.12997
0 0 0 0 1 6.10863
0 0 0 0 1 6.08618
0 0 0 0 1 6.1382
0 0 0 0 1 6.18437
0 0 0 0 1 6.18863
0 0 0 0 0 6.22284
0 0 0 0 0 6.24401
0 0 0 0 1 6.18556
0 0 0 0 1 6.18281
0 0 0 0 1 6.2166
0 0 0 0 1 6.22022
0 0 0 0 0 6.28662
0 0 0 0 1 6.34633
0 0 0 0 0 6.33221
0 0 0 0 1 6.29116
0 0 0 0 1 6.35856
0 0 0 0 0 6.41291
0 0 0 0 1 6.39807
0 0 0 0 1 6.35679
0 0 0 0 1 6.38026
0 0 0 0 1 6.48698
0 0 0 0 1 6.39529
0 0 0 0 1 6.50912
0 0 0 0 0 6.44226
0 0 0 0 1 6.45911
0 0 0 0 1 6.61358
0 0 0 0 0 6.57258
0 0 0 0 1 6.53072
0 0 0 0 1 6.64066
0 0 0 0 0 6.59927
0 0 0 0 1 6.6707
0 0 0 0 1 6.68198
0 0 0 0 1 6.67321
0 0 0 0 1 6.77193
0 0 0 0 1 6.73635
0 0 0 0 1 6.82919
0 0 0 0 1 6.81432
0 0 0 0 1 6.86024
0 0 0 0 1 6.9133
0 0 0 0 1 6.898
0 0 0 0 1 6.90321
0 0 0 0 1 6.94994
0 0 0 0 1 7.01781
0 0 0 0 1 6.99583
0 0 0 0 1 6.98727
0 0 0 0 1 6.9711
0 0 0 0 1 7.01158
0 0 0 0 1 7.10186
0 0 0 0 1 7.10708
0 0 0 0 1 7.09834
0 0 0 0 0 7.11138
0 0 0 0 0 7.26029
0 0 0 0 0 7.18677
0 0 0 0 1 7.19193
0 0 0 0 1 7.22658
0 0 0 0 1 7.29758
0 0 0 0 1 7.37714
0 0 0 0 1 7.3459
0 0 0 0 1 7.33643
0 0 0 0 0 7.4834
0 0 0 0 1 7.54147
0 0 0 0 1 7.5774
0 0 0 0 1 7.60625
0 0 0 0 1 7.6046
0 0 0 0 1 7.53426
0 0 0 0 0 7.57776
0 0 0 0 1 7.62916
0 0 0 0 1 7.79666
0 0 0 0 1 7.75654
0 0 0 0 1 7.77001
0 0 0 0 1 7.76775
0 0 0 0 1 7.81982
0 0 0 0 1 7.93589
0 0 0 0 1 7.87019
0 0 0 0 1 7.91536
0 0 0 0 1 7.93669
0 0 0 0 1 8.03805
0 0 0 0 1 8.05916
0 0 0 0 1 8.13015
0 0 0 0 0 8.2169
0 0 0 0 0 8.29606
0 0 0 0 1 8.26818
0 0 0 0 1 8.3728
0 0 0 0 0 8.32823
0 0 0 0 1 8.46726
0 0 0 0 1 8.3792
0 0 0 0 0 8.55337
0 0 0 0 1 8.54102
0 0 0 0 1 8.64917
0 0 0 0 1 8.58398
0 0 0 0 1 8.65741
0 0 0 0 0 8.66053
0 0 0 0 1 8.80559
0 0 0 0 1 8.81766
0 0 0 0 0 8.93616
0 0 0 0 0 9.02878
0 0 0 0 1 8.97874
0 0 0 0 1 8.98111
0 0 0 0 1 9.14712
0 0 0 0 1 9.25963
0 0 0 0 1 9.134
0 0 0 0 1 9.321
0 0 0 0 1 9.31249
0 0 0 0 0 9.3514
0 0 0 0 1 9.4565
0 0 0 0 0 9.57071
0 0 0 0 1 9.6762
0 0 0 0 1 9.6194
0 0 0 0 0 9.6377
0 0 0 0 1 9.84157
0 0 0 0 1 9.7813
0 0 0 0 1 9.90808
0 0 0 0 1 10.0459
0 0 0 0 1 9.99194
0 0 0 0 1 10.2321
0 0 0 0 1 10.2077
0 0 0 0 1 10.3775
0 0 0 0 1 10.4055
0 0 0 0 1 10.5356
0 0 0 0 1 10.4774
0 0 0 0 1 10.6293
0 0 0 0 1 10.6631
0 0 0 0 1 10.8578
0 0 0 0 1 10.7743
0 0 0 0 1 10.9269
0 0 0 0 1 11.0035
0 0 0 0 1 11.1247
0 0 0 0 0 11.213
0 0 0 0 1 11.3918
0 0 0 0 1 11.3762
0 0 0 0 0 11.4367
0 0 0 0 1 11.6179
0 0 0 0 0 11.7954
0 0 0 0 1 11.8593
0 0 0 0 0 11.9199
0 0 0 0 1 12.0788
0 0 0 0 1 12.1633
0 0 0 0 1 12.2689
0 0 0 0 1 12.4271
0 0 0 0 1 12.5332
0 0 0 0 1 12.6771
0 0 0 0 1 12.771
0 0 0 0 1 12.903
0 0 0 0 1 12.9893
0 0 0 0 1 13.0042
0 0 0 0 1 13.273
0 0 0 0 0 13.4556
0 0 0 0 1 13.3526
0 0 0 0 1 13.7073
0 0 0 0 1 13.7919
0 0 0 0 0 14.0331
0 0 0 0 0 13.9208
0 0 0 0 1 14.3421
0 0 0 0 0 14.4493
0 0 0 0 1 14.4201
0 0 0 0 1 14.5577
0 0 0 0 1 14.9175
0 0 0 0 1 14.8766
0 0 0 0 1 15.1688
0 0 0 0 1 15.4391
0 0 0 0 0 15.5096
0 0 0 0 1 15.9116
0 0 0 0 0 16
0 0 0 0 1 16.2313
0 0 0 0 0 16.1951
0 0 0 0 1 16.6169
0 0 0 0 0 16.9533
0 0 0 0 1 17.0986
0 0 0 0 1 17.1997
0 0 0 0 1 17.6471
0 0 0 0 1 17.6846
0 0 0 0 1 18.0403
0 0 0 0 1 18.3542
0 0 0 0 1 18.6796
0 0 0 0 1 18.6597
0 0 0 0 1 19.1461
0 0 0 0 0 19.2905
0 0 0 0 1 19.4793
0 0 0 0 0 19.8143
0 0 0 0 0 20.4957
0 0 0 0 0 20.7544
0 0 0 0 1 21.1254
0 0 0 0 1 21.3792
0 0 0 0 1 21.7481
0 0 0 0 1 22.1022
0 0 0 0 1 22.7255
0 0 0 0 1 22.7117
0 0 0 0 1 23.2995
0 0 0 0 0 23.6752
0 0 0 0 1 24.0775
0 0 0 0 1 24.6111
0 0 0 0 1 25.1412
0 0 0 0 1 25.7181
0 0 0 0 1 26.3963
0 0 0 0 1 27.1002
0 0 0 0 1 27.7121
0 0 0 0 1 28.0724
0 0 0 0 1 28.8725
0 0 0 0 0 29.2466
0 0 0 0 1 30.1192
0 0 0 0 1 30.9148
0 0 0 0 1 31.9111
0 0 0 0 0 32.4114
0 0 0 0 1 33.7287
0 0 0 0 1 34.4145
0 0 0 0 1 35.8457
0 0 0 0 1 36.9593
0 0 0 0 1 37.8436
0 0 0 0 1 38.5868
0 0 0 0 1 39.9027
0 0 0 0 0 41.6951
0 0 0 0 1 43.0457
0 0 0 0 1 44.9887
0 0 0 0 1 46.1039
0 0 0 0 1 48.5188
0 0 0 0 1 49.783
0 0 0 0 1 52.2545
0 0 0 0 1 55.117
0 0 0 0 1 57.0967
0 0 0 0 1 60.6717
0 0 0 0 0 55.979
0 0 0 0 0 55.5132
0 0 0 0 1 55.7174
0 0 0 0 0 55.7001
0 0 0 0 1 56.297
0 0 0 0 1 55.6681
0 0 0 0 0 55.4869
0 0 0 0 1 55.4733
0 0 0 0 0 59.3678
0 0 0 0 1 78.7305
0 0 0 0 0 80.1449
0 0 0 0 1 81.3852
0 0 0 0 0 5.01501
0 0 0 0 0 4.98996
0 0 0 0 0 5.04507
0 0 0 0 0 4.9599
0 0 0 0 1 87.3746
0 0 0 0 1 88.2467
0 0 0 0 1 88.2442
0 0 0 0 1 86.8413
0 0 0 0 1 88.4195
0 0 0 0 0 87.1951
0 0 0 0 0 5.04006
0 0 0 0 0 5.01501
0 0 0 0 0 4.97994
0 0 0 0 0 4.98495
0 0 0 0 0 4.97994
0 0 0 0 0 4.99497
0 0 0 0 1 68.5103
0 0 0 0 1 67.229
0 0 0 0 1 67.5796
0 0 0 0 1 67.9985
0 0 0 0 1 67.7454
0 0 0 0 1 66.8186
0 0 0 0 1 67.849
0 0 0 0 1 67.3965
0 0 0 0 1 100.262
0 0 0 0 0 94.8828
0 0 0 0 0 89.9885
0 0 0 0 1 85.2404
0 0 0 0 1 81.1217
0 0 0 0 1 77.5266
0 0 0 0 1 74.1627
0 0 0 0 1 70.5858
0 0 0 0 1 67.9783
0 0 0 0 1 65.0431
0 0 0 0 0 63.2219
0 0 0 0 0 60.298
0 0 0 0 1 59.0539
0 0 0 0 1 56.357
0 0 0 0 1 54.3861
0 0 0 0 1 52.8102
0 0 0 0 1 51.8836
0 0 0 0 1 50.2178
0 0 0 0 1 48.3599
0 0 0 0 1 47.0688
0 0 0 0 1 46.416
0 0 0 0 1 44.8422
0 0 0 0 0 43.4008
0 0 0 0 1 42.7478
0 0 0 0 0 41.7188
0 0 0 0 1 40.8924
0 0 0 0 1 39.2473
0 0 0 0 1 38.8648
0 0 0 0 0 37.5913
0 0 0 0 1 36.8671
0 0 0 0 1 36.5688
0 0 0 0 1 35.4993
0 0 0 0 1 34.6469
0 0 0 0 1 34.4005
0 0 0 0 1 33.7986
0 0 0 0 0 33.1684
0 0 0 0 1 32.4296
0 0 0 0 0 31.4844
0 0 0 0 1 30.8614
0 0 0 0 1 30.6269
0 0 0 0 1 29.8015
0 0 0 0 1 29.3801
0 0 0 0 1 29.2754
0 0 0 0 0 28.4265
0 0 0 0 1 28.1431
0 0 0 0 1 27.3945
0 0 0 0 1 27.2371
0 0 0 0 1 26.9571
0 0 0 0 1 26.4192
0 0 0 0 0 26.035
0 0 0 0 1 25.7891
0 0 0 0 0 25.4738
0 0 0 0 1 25.1173
0 0 0 0 1 24.6481
0 0 0 0 1 24.1585
0 0 0 0 1 24.0892
0 0 0 0 1 23.7495
0 0 0 0 1 23.1177
0 0 0 0 1 23.0464
0 0 0 0 1 22.9205
0 0 0 0 0 22.2756
0 0 0 0 1 22.304
0 0 0 0 0 21.9725
0 0 0 0 1 21.6863
0 0 0 0 1 21.2609
0 0 0 0 1 21.1775
0 0 0 0 1 20.8915
0 0 0 0 1 20.7193
0 0 0 0 1 20.2199
0 0 0 0 1 20.3005
0 0 0 0 0 20.0359
0 0 0 0 0 19.5256
0 0 0 0 1 19.4121
0 0 0 0 1 19.1233
0 0 0 0 1 19.2941
0 0 0 0 0 18.7681
0 0 0 0 1 18.9036
0 0 0 0 0 18.3475
0 0 0 0 1 18.4137
0 0 0 0 0 18.2392
0 0 0 0 1 18.002
0 0 0 0 1 17.9982
0 0 0 0 1 17.7002
0 0 0 0 1 17.5713
0 0 0 0 1 17.3036
0 0 0 0 0 17.0986
0 0 0 0 1 17.0559
0 0 0 0 1 16.7508
0 0 0 0 1 16.5411
0 0 0 0 0 16.6552
0 0 0 0 0 16.5277
0 0 0 0 0 16.1073
0 0 0 0 1 16.1849
0 0 0 0 1 16.0353
0 0 0 0 1 15.8932
0 0 0 0 1 15.8478
0 0 0 0 1 15.7614
0 0 0 0 1 15.4445
0 0 0 0 1 15.3899
0 0 0 0 1 15.1909
0 0 0 0 0 15.1986
0 0 0 0 1 14.9709
0 0 0 0 1 14.8135
0 0 0 0 1 14.8933
0 0 0 0 1 14.6187
0 0 0 0 1 14.4486
0 0 0 0 1 14.3112
0 0 0 0 1 14.3298
0 0 0 0 1 14.2129
0 0 0 0 0 14.0399
0 0 0 0 0 14.0226
0 0 0 0 1 13.999
0 0 0 0 1 13.9747
0 0 0 0 1 13.7761
0 0 0 0 0 13.7106
0 0 0 0 1 13.6856
0 0 0 0 1 13.5067
0 0 0 0 1 13.4949
0 0 0 0 0 13.2696
0 0 0 0 0 13.1602
0 0 0 0 1 13.0646
0 0 0 0 1 13.0916
0 0 0 0 1 13.0608
0 0 0 0 1 12.8446
0 0 0 0 1 12.8526
0 0 0 0 1 12.6689
0 0 0 0 1 12.7396
0 0 0 0 1 12.4479
0 0 0 0 1 12.6178
0 0 0 0 1 12.4327
0 0 0 0 1 12.4592
0 0 0 0 1 12.2024
0 0 0 0 1 12.253
0 0 0 0 1 12.0235
0 0 0 0 1 12.0855
0 0 0 0 1 11.9382
0 0 0 0 0 12.0068
0 0 0 0 1 11.8171
0 0 0 0 0 11.6958
0 0 0 0 0 11.7163
0 0 0 0 1 11.6659
0 0 0 0 0 11.6854
0 0 0 0 1 11.4385
0 0 0 0 1 11.5156
0 0 0 0 1 11.34
0 0 0 0 1 11.3212
0 0 0 0 0 11.2154
0 0 0 0 0 11.313
0 0 0 0 1 11.1368
0 0 0 0 1 11.1662
0 0 0 0 1 11.0213
0 0 0 0 1 11.0946
0 0 0 0 1 10.9984
0 0 0 0 1 10.881
0 0 0 0 1 10.9529
0 0 0 0 1 10.9086
0 0 0 0 1 10.8571
0 0 0 0 1 10.6663
0 0 0 0 1 10.7227
0 0 0 0 1 10.6083
0 0 0 0 1 10.5017
0 0 0 0 1 10.5119
0 0 0 0 0 10.4621
0 0 0 0 0 10.4544
0 0 0 0 1 10.4536
0 0 0 0 1 10.4559
0 0 0 0 1 10.3929
0 0 0 0 1 10.3713
0 0 0 0 1 10.1656
0 0 0 0 1 10.1142
0 0 0 0 1 10.2051
0 0 0 0 1 10.1468
0 0 0 0 1 10.0756
0 0 0 0 1 9.97151
0 0 0 0 1 9.91125
0 0 0 0 1 10.0104
0 0 0 0 1 9.91063
0 0 0 0 1 9.79181
0 0 0 0 1 9.89971
0 0 0 0 0 9.71318
0 0 0 0 1 9.76521
0 0 0 0 0 9.61915
0 0 0 0 0 9.71611
0 0 0 0 1 9.71264
0 0 0 0 1 9.65464
0 0 0 0 1 9.5396
0 0 0 0 1 9.4412
0 0 0 0 1 9.46695
0 0 0 0 1 9.4167
0 0 0 0 1 9.37942
0 0 0 0 1 9.32972
0 0 0 0 0 9.38342
0 0 0 0 1 9.43054
0 0 0 0 1 9.37177
0 0 0 0 1 9.27303
0 0 0 0 1 9.23357
0 0 0 0 0 9.27733
0 0 0 0 1 9.15859
0 0 0 0 1 9.19309
0 0 0 0 1 9.09957
0 0 0 0 1 9.1886
0 0 0 0 1 9.005
0 0 0 0 0 9.1267
0 0 0 0 1 9.09762
0 0 0 0 1 8.95189
0 0 0 0 1 9.03107
0 0 0 0 1 8.90997
0 0 0 0 1 8.85522
0 0 0 0 1 8.94293
0 0 0 0 0 8.82649
0 0 0 0 0 8.84868
0 0 0 0 1 8.87959
0 0 0 0 1 8.71166
0 0 0 0 1 8.68487
0 0 0 0 1 8.80333
0 0 0 0 0 8.61976
0 0 0 0 1 8.63355
0 0 0 0 1 8.73734
0 0 0 0 1 8.60745
0 0 0 0 1 8.60059
0 0 0 0 1 8.6007
0 0 0 0 0 8.64027
0 0 0 0 1 8.49156
0 0 0 0 1 8.57743
0 0 0 0 1 8.59137
0 0 0 0 1 8.46459
0 0 0 0 0 8.43653
0 0 0 0 1 8.35799
0 0 0 0 1 8.3641
0 0 0 0 1 8.46268
0 0 0 0 0 8.31772
0 0 0 0 1 8.39935
0 0 0 0 1 8.31742
0 0 0 0 1 8.38214
0 0 0 0 1 8.28884
0 0 0 0 1 8.32861
0 0 0 0 1 8.28559
0 0 0 0 1 8.19333
0 0 0 0 1 8.16741
0 0 0 0 1 8.14168
0 0 0 0 0 8.26371
0 0 0 0 1 8.12352
0 0 0 0 1 8.17994
0 0 0 0 1 8.17917
0 0 0 0 1 8.1216
0 0 0 0 1 8.10492
0 0 0 0 1 8.12079
0 0 0 0 1 8.0357
0 0 0 0 1 8.14057
0 0 0 0 0 8.01967
0 0 0 0 1 8.06008
0 0 0 0 1 8.06835
0 0 0 0 1 8.02866
0 0 0 0 1 7.91734
0 0 0 0 1 7.95387
0 0 0 0 1 7.88307
0 0 0 0 0 7.90802
0 0 0 0 1 7.94887
0 0 0 0 0 8.00127
0 0 0 0 1 7.96294
0 0 0 0 1 7.90476
0 0 0 0 1 7.90637
0 0 0 0 1 7.87662
0 0 0 0 1 7.87068
0 0 0 0 0 7.89181
0 0 0 0 1 7.90958
0 0 0 0 1 7.85707
0 0 0 0 0 7.74567
0 0 0 0 1 7.87637
0 0 0 0 1 7.72327
0 0 0 0 0 7.75736
0 0 0 0 0 7.74801
0 0 0 0 0 7.71246
0 0 0 0 1 7.76229
