0 0 0 0 1 5.55289
0 0 0 0 1 5.50088
0 0 0 0 1 5.56013
0 0 0 0 0 5.5608
0 0 0 0 1 5.54795
0 0 0 0 1 5.64699
0 0 0 0 0 5.56076
0 0 0 0 1 5.64899
0 0 0 0 1 5.65007
0 0 0 0 1 5.5759
0 0 0 0 1 5.57476
0 0 0 0 1 5.65835
0 0 0 0 0 5.59757
0 0 0 0 1 5.70992
0 0 0 0 1 5.64137
0 0 0 0 1 5.6883
0 0 0 0 1 5.74478
0 0 0 0 1 5.642
0 0 0 0 1 5.69309
0 0 0 0 1 5.73113
0 0 0 0 1 5.73112
0 0 0 0 1 5.79431
0 0 0 0 1 5.78886
0 0 0 0 1 5.80651
0 0 0 0 1 5.79721
0 0 0 0 1 5.80352
0 0 0 0 1 5.78676
0 0 0 0 0 5.82806
0 0 0 0 0 5.79399
0 0 0 0 1 5.80648
0 0 0 0 1 5.80742
0 0 0 0 1 5.89195
0 0 0 0 1 5.90058
0 0 0 0 0 5.83142
0 0 0 0 0 5.87385
0 0 0 0 1 5.92832
0 0 0 0 1 5.95355
0 0 0 0 0 5.87229
0 0 0 0 1 5.9095
0 0 0 0 1 5.97076
0 0 0 0 0 5.97268
0 0 0 0 1 6.04046
0 0 0 0 1 6.00199
0 0 0 0 1 6.03416
0 0 0 0 1 5.97024
0 0 0 0 1 5.97242
0 0 0 0 1 5.99761
0 0 0 0 1 6.01818
0 0 0 0 1 6.05105
0 0 0 0 1 6.1207
0 0 0 0 0 6.15406
0 0 0 0 1 6.17536
0 0 0 0 1 6.12204
0 0 0 0 0 6.19993
0 0 0 0 1 6.15989
0 0 0 0 1 6.21868
0 0 0 0 1 6.21577
0 0 0 0 0 6.1621
0 0 0 0 1 6.27765
0 0 0 0 1 6.22489
0 0 0 0 1 6.2839
0 0 0 0 1 6.24347
0 0 0 0 1 6.28489
0 0 0 0 0 6.2949
0 0 0 0 1 6.29863
0 0 0 0 0 6.3461
0 0 0 0 1 6.4266
0 0 0 0 1 6.37237
0 0 0 0 1 6.36998
0 0 0 0 0 6.43122
0 0 0 0 0 6.39667
0 0 0 0 1 6.51027
0 0 0 0 0 6.48223
0 0 0 0 0 6.46054
0 0 0 0 1 6.47796
0 0 0 0 1 6.49477
0 0 0 0 1 6.57753
0 0 0 0 1 6.57561
0 0 0 0 1 6.59289
0 0 0 0 1 6.71004
0 0 0 0 1 6.66783
0 0 0 0 1 6.6326
0 0 0 0 0 6.70455
0 0 0 0 1 6.72921
0 0 0 0 1 6.79459
0 0 0 0 1 6.74505
0 0 0 0 0 6.80408
0 0 0 0 1 6.88401
0 0 0 0 1 6.91645
0 0 0 0 0 6.94909
0 0 0 0 1 6.85748
0 0 0 0 1 6.91134
0 0 0 0 1 6.93718
0 0 0 0 1 6.97712
0 0 0 0 1 6.97523
0 0 0 0 1 7.04363
0 0 0 0 1 7.09088
0 0 0 0 1 7.04659
0 0 0 0 1 7.17997
0 0 0 0 1 7.12124
0 0 0 0 1 7.19116
0 0 0 0 1 7.14627
0 0 0 0 1 7.18003
0 0 0 0 0 7.30889
0 0 0 0 1 7.36535
0 0 0 0 0 7.27599
0 0 0 0 1 7.33988
0 0 0 0 0 7.41239
0 0 0 0 1 7.35848
0 0 0 0 0 7.52004
0 0 0 0 0 7.45126
0 0 0 0 1 7.55421
0 0 0 0 1 7.47671
0 0 0 0 1 7.58041
0 0 0 0 0 7.54056
0 0 0 0 1 7.72931
0 0 0 0 1 7.75819
0 0 0 0 1 7.68672
0 0 0 0 1 7.83948
0 0 0 0 1 7.72054
0 0 0 0 1 7.89059
0 0 0 0 0 7.80984
0 0 0 0 1 7.96476
0 0 0 0 1 7.89101
0 0 0 0 1 8.07142
0 0 0 0 1 8.013
0 0 0 0 1 8.0264
0 0 0 0 1 8.12076
0 0 0 0 1 8.0686
0 0 0 0 1 8.23733
0 0 0 0 1 8.19292
0 0 0 0 0 8.20564
0 0 0 0 0 8.27709
0 0 0 0 1 8.33998
0 0 0 0 1 8.48735
0 0 0 0 1 8.46683
0 0 0 0 1 8.56481
0 0 0 0 1 8.53523
0 0 0 0 1 8.65182
0 0 0 0 1 8.58721
0 0 0 0 1 8.6684
0 0 0 0 1 8.79463
0 0 0 0 1 8.8508
0 0 0 0 1 8.89104
0 0 0 0 1 8.96534
0 0 0 0 1 8.98636
0 0 0 0 1 9.09719
0 0 0 0 1 8.99136
0 0 0 0 0 9.20378
0 0 0 0 1 9.08722
0 0 0 0 1 9.26392
0 0 0 0 1 9.26588
0 0 0 0 1 9.36182
0 0 0 0 1 9.40924
0 0 0 0 1 9.39158
0 0 0 0 1 9.58135
0 0 0 0 0 9.56206
0 0 0 0 1 9.55281
0 0 0 0 1 9.75517
0 0 0 0 1 9.88134
0 0 0 0 1 9.76224
0 0 0 0 0 9.87038
0 0 0 0 1 9.9463
0 0 0 0 1 10.024
0 0 0 0 1 10.0599
0 0 0 0 1 10.1583
0 0 0 0 1 10.2351
0 0 0 0 1 10.3949
0 0 0 0 1 10.3494
0 0 0 0 1 10.395
0 0 0 0 1 10.4932
0 0 0 0 1 10.7392
0 0 0 0 1 10.6568
0 0 0 0 1 10.8191
0 0 0 0 0 10.8299
0 0 0 0 1 11.0401
0 0 0 0 1 10.973
0 0 0 0 0 11.0912
0 0 0 0 1 11.1924
0 0 0 0 1 11.3686
0 0 0 0 1 11.5349
0 0 0 0 1 11.5986
0 0 0 0 0 11.7318
0 0 0 0 0 11.8161
0 0 0 0 1 11.8201
0 0 0 0 1 11.9033
0 0 0 0 0 12.1916
0 0 0 0 1 12.0725
0 0 0 0 1 12.3116
0 0 0 0 1 12.4666
0 0 0 0 0 12.6008
0 0 0 0 1 12.7666
0 0 0 0 1 12.7875
0 0 0 0 1 12.9154
0 0 0 0 1 13.1346
0 0 0 0 1 13.08
0 0 0 0 1 13.4027
0 0 0 0 1 13.3851
0 0 0 0 1 13.4823
0 0 0 0 1 13.6063
0 0 0 0 0 13.7394
0 0 0 0 1 14.0401
0 0 0 0 0 13.9773
0 0 0 0 0 14.1906
0 0 0 0 1 14.5642
0 0 0 0 1 14.5488
0 0 0 0 1 14.6719
0 0 0 0 1 14.7943
0 0 0 0 1 14.9613
0 0 0 0 1 15.2693
0 0 0 0 1 15.5713
0 0 0 0 0 15.5728
0 0 0 0 1 15.9757
0 0 0 0 1 16.1498
0 0 0 0 1 16.2942
0 0 0 0 1 16.4865
0 0 0 0 1 16.8287
0 0 0 0 0 16.9478
0 0 0 0 1 17.2035
0 0 0 0 1 17.4157
0 0 0 0 1 17.4966
0 0 0 0 1 17.7435
0 0 0 0 1 18.0184
0 0 0 0 1 18.294
0 0 0 0 1 18.5057
0 0 0 0 1 18.9712
0 0 0 0 1 14.8457
0 0 0 0 0 14.9315
0 0 0 0 0 14.8828
0 0 0 0 1 14.9091
0 0 0 0 1 14.7742
0 0 0 0 1 14.8457
0 0 0 0 1 14.9917
0 0 0 0 1 14.9619
0 0 0 0 0 14.7666
0 0 0 0 1 14.8092
0 0 0 0 1 14.6617
0 0 0 0 0 14.7049
0 0 0 0 0 14.7925
0 0 0 0 1 14.7792
0 0 0 0 1 14.6164
0 0 0 0 0 14.7215
0 0 0 0 1 14.751
0 0 0 0 1 14.6777
0 0 0 0 0 14.6216
0 0 0 0 1 14.5785
0 0 0 0 0 14.6844
0 0 0 0 1 14.5392
0 0 0 0 0 14.499
0 0 0 0 1 14.7353
0 0 0 0 1 14.6515
0 0 0 0 1 14.4642
0 0 0 0 1 14.7171
0 0 0 0 0 14.4868
0 0 0 0 1 14.5502
0 0 0 0 1 14.7158
0 0 0 0 0 14.6662
0 0 0 0 1 14.9911
0 0 0 0 1 15.4531
0 0 0 0 1 15.8967
0 0 0 0 1 16.5095
0 0 0 0 1 17.3222
0 0 0 0 1 17.5952
0 0 0 0 1 18.3545
0 0 0 0 1 46.4204
0 0 0 0 0 48.7532
0 0 0 0 1 50.618
0 0 0 0 1 52.6603
0 0 0 0 1 42.3829
0 0 0 0 0 42.1532
0 0 0 0 1 42.5194
0 0 0 0 1 42.4182
0 0 0 0 1 42.5739
0 0 0 0 1 42.2617
0 0 0 0 1 42.8857
0 0 0 0 1 42.8735
0 0 0 0 1 42.564
0 0 0 0 1 42.426
0 0 0 0 1 42.3732
0 0 0 0 0 44.6974
0 0 0 0 0 5.01501
0 0 0 0 0 4.97493
0 0 0 0 0 4.96992
0 0 0 0 0 5.03505
0 0 0 0 1 35.0935
0 0 0 0 0 35.5854
0 0 0 0 1 35.0868
0 0 0 0 1 35.1906
0 0 0 0 1 35.5784
0 0 0 0 1 35.6127
0 0 0 0 0 35.4708
0 0 0 0 0 35.6835
0 0 0 0 0 35.6138
0 0 0 0 0 35.6862
0 0 0 0 1 35.6887
0 0 0 0 1 35.2313
0 0 0 0 1 35.306
0 0 0 0 0 4.96992
0 0 0 0 0 5.0601
0 0 0 0 0 5.04006
0 0 0 0 0 5.04006
0 0 0 0 0 5.00499
0 0 0 0 0 4.97994
0 0 0 0 0 4.99998
0 0 0 0 0 4.99998
0 0 0 0 0 5.03505
0 0 0 0 0 5.02002
0 0 0 0 1 100.083
0 0 0 0 1 93.7888
0 0 0 0 0 24.7598
0 0 0 0 1 23.5701
0 0 0 0 1 22.2945
0 0 0 0 1 21.5181
0 0 0 0 1 20.7078
0 0 0 0 1 20.4709
0 0 0 0 1 20.4189
0 0 0 0 0 20.6136
0 0 0 0 1 20.5213
0 0 0 0 1 20.3676
0 0 0 0 1 20.5432
0 0 0 0 1 20.4518
0 0 0 0 0 20.7519
0 0 0 0 1 20.7643
0 0 0 0 1 20.5091
0 0 0 0 0 20.7903
0 0 0 0 1 20.5577
0 0 0 0 1 20.7574
0 0 0 0 1 20.8337
0 0 0 0 1 20.8692
0 0 0 0 1 20.4911
0 0 0 0 1 20.817
0 0 0 0 1 20.522
0 0 0 0 1 20.5813
0 0 0 0 0 20.6393
0 0 0 0 1 20.8847
0 0 0 0 1 20.8397
0 0 0 0 1 37.4645
0 0 0 0 0 36.1745
0 0 0 0 1 35.6729
0 0 0 0 1 34.5485
0 0 0 0 1 34.032
0 0 0 0 1 33.1797
0 0 0 0 1 33.0127
0 0 0 0 0 32.0191
0 0 0 0 1 31.6522
0 0 0 0 1 31.0268
0 0 0 0 1 30.6071
0 0 0 0 1 29.8628
0 0 0 0 1 29.6279
0 0 0 0 1 29.3461
0 0 0 0 1 28.3532
0 0 0 0 1 28.1844
0 0 0 0 1 27.7399
0 0 0 0 1 27.0876
0 0 0 0 1 26.5596
0 0 0 0 0 26.3283
0 0 0 0 1 25.8062
0 0 0 0 1 25.6412
0 0 0 0 0 25.2526
0 0 0 0 1 25.1242
0 0 0 0 1 24.7686
0 0 0 0 1 24.1172
0 0 0 0 1 24.0828
0 0 0 0 1 23.5216
0 0 0 0 0 23.5221
0 0 0 0 1 23.0646
0 0 0 0 1 22.9201
0 0 0 0 1 22.4098
0 0 0 0 1 22.3897
0 0 0 0 0 22.1043
0 0 0 0 0 21.6099
0 0 0 0 1 21.4754
0 0 0 0 1 20.998
0 0 0 0 0 20.7979
0 0 0 0 1 20.5972
0 0 0 0 0 20.5574
0 0 0 0 0 20.2826
0 0 0 0 1 20.0277
0 0 0 0 1 19.7648
0 0 0 0 0 19.3654
0 0 0 0 1 19.3478
0 0 0 0 1 19.2019
0 0 0 0 1 18.7615
0 0 0 0 0 18.9074
0 0 0 0 1 18.5366
0 0 0 0 1 18.4912
0 0 0 0 1 18.3162
0 0 0 0 1 18.0695
0 0 0 0 0 17.9581
0 0 0 0 1 17.8463
0 0 0 0 1 17.4887
0 0 0 0 1 17.3953
0 0 0 0 1 17.0603
0 0 0 0 0 16.9081
0 0 0 0 0 17.0261
0 0 0 0 1 16.8721
0 0 0 0 1 16.6445
0 0 0 0 1 16.2708
0 0 0 0 1 16.1458
0 0 0 0 1 16.0854
0 0 0 0 1 15.9775
0 0 0 0 1 15.7814
0 0 0 0 0 15.7197
0 0 0 0 1 15.5896
0 0 0 0 1 15.427
0 0 0 0 1 15.2739
0 0 0 0 1 15.2742
0 0 0 0 1 15.0393
0 0 0 0 0 15.0683
0 0 0 0 0 14.7674
0 0 0 0 1 14.7531
0 0 0 0 0 14.5528
0 0 0 0 1 14.6165
0 0 0 0 0 14.4984
0 0 0 0 0 14.4814
0 0 0 0 1 14.335
0 0 0 0 1 14.2603
0 0 0 0 1 13.9886
0 0 0 0 0 13.8538
0 0 0 0 1 13.7252
0 0 0 0 1 13.8535
0 0 0 0 1 13.8064
0 0 0 0 0 13.6265
0 0 0 0 1 13.5475
0 0 0 0 1 13.281
0 0 0 0 1 13.4298
0 0 0 0 1 13.2799
0 0 0 0 1 13.1967
0 0 0 0 1 13.1922
0 0 0 0 1 12.9273
0 0 0 0 1 12.7811
0 0 0 0 1 12.8876
0 0 0 0 1 12.8439
0 0 0 0 1 12.5973
0 0 0 0 1 12.638
0 0 0 0 1 12.6194
0 0 0 0 1 12.4299
0 0 0 0 1 12.4443
0 0 0 0 1 12.3638
0 0 0 0 1 12.1571
0 0 0 0 1 12.0374
0 0 0 0 1 12.0349
0 0 0 0 0 11.9359
0 0 0 0 1 11.8895
0 0 0 0 1 11.9578
0 0 0 0 1 11.9225
0 0 0 0 1 11.7773
0 0 0 0 0 11.7151
0 0 0 0 0 11.6182
0 0 0 0 1 11.4756
0 0 0 0 0 11.5873
0 0 0 0 1 11.3311
0 0 0 0 0 11.2707
0 0 0 0 1 11.2407
0 0 0 0 0 11.3122
0 0 0 0 1 11.1059
0 0 0 0 1 11.199
0 0 0 0 1 11.0724
0 0 0 0 1 10.9872
0 0 0 0 1 11.0456
0 0 0 0 1 11.0593
0 0 0 0 1 10.8765
0 0 0 0 1 10.771
0 0 0 0 1 10.8174
0 0 0 0 1 10.7771
0 0 0 0 0 10.7583
0 0 0 0 1 10.7075
0 0 0 0 1 10.682
0 0 0 0 1 10.5365
0 0 0 0 1 10.6128
0 0 0 0 1 10.3849
0 0 0 0 1 10.322
0 0 0 0 1 10.3251
0 0 0 0 1 10.2729
0 0 0 0 0 10.2005
0 0 0 0 0 10.3333
0 0 0 0 1 10.1385
0 0 0 0 0 10.199
0 0 0 0 1 10.0566
0 0 0 0 0 10.1603
0 0 0 0 1 9.9989
0 0 0 0 1 9.92859
0 0 0 0 1 10.0079
0 0 0 0 1 9.95451
0 0 0 0 1 9.8947
0 0 0 0 0 9.93043
0 0 0 0 1 9.85134
0 0 0 0 1 9.70444
0 0 0 0 1 9.67529
0 0 0 0 0 9.60427
0 0 0 0 1 9.55625
0 0 0 0 0 9.68804
0 0 0 0 1 9.61752
0 0 0 0 1 9.50288
0 0 0 0 0 9.56663
0 0 0 0 1 9.52874
0 0 0 0 1 9.49734
0 0 0 0 1 9.49436
0 0 0 0 0 9.41007
0 0 0 0 1 9.37926
0 0 0 0 0 9.24608
0 0 0 0 1 9.34281
0 0 0 0 1 9.27857
0 0 0 0 0 9.29462
0 0 0 0 1 9.21854
0 0 0 0 1 9.17961
0 0 0 0 1 9.0678
0 0 0 0 1 9.18448
0 0 0 0 1 9.14601
0 0 0 0 0 9.13493
0 0 0 0 1 8.98856
0 0 0 0 1 8.96575
0 0 0 0 1 8.90152
0 0 0 0 1 8.87012
0 0 0 0 1 8.94933
0 0 0 0 1 8.80569
0 0 0 0 1 8.95558
0 0 0 0 0 8.91009
0 0 0 0 1 8.82631
0 0 0 0 1 8.84306
0 0 0 0 1 8.67571
0 0 0 0 1 8.71227
0 0 0 0 1 8.73805
0 0 0 0 1 8.62984
0 0 0 0 1 8.60377
0 0 0 0 1 8.7042
0 0 0 0 1 8.59188
0 0 0 0 1 8.58861
0 0 0 0 1 8.53741
0 0 0 0 1 8.62853
0 0 0 0 0 8.48372
0 0 0 0 1 8.49796
0 0 0 0 1 8.55465
0 0 0 0 1 8.39077
0 0 0 0 1 8.54058
0 0 0 0 1 8.4957
0 0 0 0 1 8.37899
0 0 0 0 0 8.32645
0 0 0 0 1 8.35796
0 0 0 0 1 8.42281
0 0 0 0 1 8.28734
0 0 0 0 0 8.28939
0 0 0 0 1 8.22142
0 0 0 0 0 8.23659
0 0 0 0 1 8.27277
0 0 0 0 1 8.3044
0 0 0 0 1 8.19609
0 0 0 0 1 8.24433
0 0 0 0 1 8.12038
0 0 0 0 1 8.11969
0 0 0 0 1 8.18436
0 0 0 0 1 8.18372
0 0 0 0 1 8.11816
0 0 0 0 1 8.04485
0 0 0 0 1 8.16618
0 0 0 0 1 8.09326
0 0 0 0 1 8.07717
0 0 0 0 1 8.02496
0 0 0 0 1 7.96104
0 0 0 0 1 8.03378
0 0 0 0 0 8.04232
0 0 0 0 1 8.05095
0 0 0 0 0 8.0475
0 0 0 0 1 7.88115
0 0 0 0 1 7.91419
0 0 0 0 1 7.85205
0 0 0 0 1 7.96443
0 0 0 0 0 7.91412
0 0 0 0 1 7.82895
0 0 0 0 1 7.9254
0 0 0 0 1 7.90713
0 0 0 0 1 7.84183
0 0 0 0 1 7.78913
0 0 0 0 1 7.82289
0 0 0 0 1 7.88012
0 0 0 0 1 7.77662
0 0 0 0 1 7.81062
0 0 0 0 1 7.70457
0 0 0 0 1 7.78082
0 0 0 0 0 7.71417
0 0 0 0 1 7.82914
