0 0 0 0 1 5.46057
0 0 0 0 1 5.55245
0 0 0 0 1 5.52301
0 0 0 0 1 5.51816
0 0 0 0 0 5.49987
0 0 0 0 1 5.51498
0 0 0 0 1 5.57939
0 0 0 0 1 5.61155
0 0 0 0 1 5.5736
0 0 0 0 1 5.55571
0 0 0 0 0 5.59386
0 0 0 0 1 5.58738
0 0 0 0 1 5.61119
0 0 0 0 1 5.64991
0 0 0 0 1 5.62121
0 0 0 0 0 5.67923
0 0 0 0 0 5.66764
0 0 0 0 1 5.71468
0 0 0 0 1 5.6976
0 0 0 0 1 5.67107
0 0 0 0 0 5.64261
0 0 0 0 1 5.73964
0 0 0 0 1 5.73425
0 0 0 0 1 5.78048
0 0 0 0 1 5.77703
0 0 0 0 1 5.74316
0 0 0 0 1 5.74956
0 0 0 0 0 5.72312
0 0 0 0 1 5.81057
0 0 0 0 1 5.78259
0 0 0 0 1 5.76037
0 0 0 0 1 5.80796
0 0 0 0 1 5.77573
0 0 0 0 1 5.83532
0 0 0 0 1 5.825
0 0 0 0 0 5.87337
0 0 0 0 1 5.8691
0 0 0 0 0 5.92517
0 0 0 0 0 5.93291
0 0 0 0 1 5.88748
0 0 0 0 1 5.87749
0 0 0 0 1 5.9864
0 0 0 0 0 6.00054
0 0 0 0 1 5.93714
0 0 0 0 1 5.93936
0 0 0 0 1 6.04365
0 0 0 0 1 5.962
0 0 0 0 0 5.97649
0 0 0 0 1 6.02736
0 0 0 0 1 6.10276
0 0 0 0 1 6.08137
0 0 0 0 0 6.05991
0 0 0 0 1 6.06174
0 0 0 0 1 6.18108
0 0 0 0 0 6.10453
0 0 0 0 1 6.09021
0 0 0 0 1 6.1735
0 0 0 0 0 6.25019
0 0 0 0 1 6.16694
0 0 0 0 1 6.18903
0 0 0 0 1 6.1854
0 0 0 0 1 6.22022
0 0 0 0 1 6.33054
0 0 0 0 1 6.35893
0 0 0 0 0 6.34482
0 0 0 0 0 6.28483
0 0 0 0 1 6.35222
0 0 0 0 0 6.3556
0 0 0 0 1 6.34698
0 0 0 0 1 6.35038
0 0 0 0 1 6.38026
0 0 0 0 1 6.39026
0 0 0 0 1 6.44696
0 0 0 0 0 6.52209
0 0 0 0 1 6.51377
0 0 0 0 1 6.54393
0 0 0 0 1 6.535
0 0 0 0 1 6.63167
0 0 0 0 1 6.53072
0 0 0 0 1 6.67373
0 0 0 0 1 6.69876
0 0 0 0 1 6.71726
0 0 0 0 1 6.70201
0 0 0 0 1 6.63971
0 0 0 0 0 6.75176
0 0 0 0 1 6.79035
0 0 0 0 0 6.72757
0 0 0 0 1 6.84829
0 0 0 0 1 6.80569
0 0 0 0 1 6.83116
0 0 0 0 1 6.93235
0 0 0 0 1 6.85494
0 0 0 0 1 6.92918
0 0 0 0 1 6.92053
0 0 0 0 0 6.98887
0 0 0 0 0 7.04322
0 0 0 0 0 7.03435
0 0 0 0 1 7.01158
0 0 0 0 1 7.03106
0 0 0 0 1 7.15688
0 0 0 0 1 7.18403
0 0 0 0 1 7.15435
0 0 0 0 1 7.18114
0 0 0 0 1 7.15066
0 0 0 0 1 7.18467
0 0 0 0 1 7.32857
0 0 0 0 0 7.38542
0 0 0 0 1 7.26703
0 0 0 0 1 7.36802
0 0 0 0 0 7.48464
0 0 0 0 1 7.40157
0 0 0 0 1 7.54894
0 0 0 0 1 7.5023
0 0 0 0 0 7.53087
0 0 0 0 1 7.65005
0 0 0 0 1 7.59514
0 0 0 0 0 7.62363
0 0 0 0 0 7.65989
0 0 0 0 0 7.66543
0 0 0 0 1 7.73329
0 0 0 0 1 7.70772
0 0 0 0 0 7.87727
0 0 0 0 1 7.87489
0 0 0 0 1 7.87266
0 0 0 0 1 8.0052
0 0 0 0 1 7.92334
0 0 0 0 1 7.96075
0 0 0 0 1 8.04611
0 0 0 0 1 8.05916
0 0 0 0 1 8.18712
0 0 0 0 1 8.1105
0 0 0 0 0 8.30429
0 0 0 0 1 8.34267
0 0 0 0 1 8.23964
0 0 0 0 0 8.35331
0 0 0 0 1 8.35795
0 0 0 0 1 8.52294
0 0 0 0 1 8.43433
0 0 0 0 1 8.60087
0 0 0 0 1 8.55469
0 0 0 0 1 8.65313
0 0 0 0 0 8.70956
0 0 0 0 1 8.83549
0 0 0 0 1 8.75286
0 0 0 0 1 8.79113
0 0 0 0 1 8.85606
0 0 0 0 0 9.02878
0 0 0 0 0 8.97874
0 0 0 0 0 9.09892
0 0 0 0 1 9.10152
0 0 0 0 1 9.13115
0 0 0 0 0 9.28162
0 0 0 0 1 9.29315
0 0 0 0 1 9.34054
0 0 0 0 1 9.37962
0 0 0 0 0 9.44703
0 0 0 0 1 9.44679
0 0 0 0 1 9.5898
0 0 0 0 1 9.57111
0 0 0 0 0 9.81275
0 0 0 0 1 9.89054
0 0 0 0 1 9.77144
0 0 0 0 0 9.84852
0 0 0 0 0 9.97589
0 0 0 0 0 10.133
0 0 0 0 0 10.0496
0 0 0 0 0 10.1668
0 0 0 0 1 10.2437
0 0 0 0 1 10.2811
0 0 0 0 0 10.5147
0 0 0 0 1 10.4143
0 0 0 0 1 10.5233
0 0 0 0 1 10.5776
0 0 0 0 1 10.8793
0 0 0 0 0 10.8611
0 0 0 0 0 11.0363
0 0 0 0 1 11.1358
0 0 0 0 1 11.1247
0 0 0 0 0 11.2802
0 0 0 0 1 11.3353
0 0 0 0 1 11.3762
0 0 0 0 1 11.4482
0 0 0 0 1 11.56
0 0 0 0 1 11.7487
0 0 0 0 1 11.8121
0 0 0 0 1 11.8009
0 0 0 0 1 12.0668
0 0 0 0 1 12.0544
0 0 0 0 1 12.1956
0 0 0 0 1 12.4517
0 0 0 0 0 12.5706
0 0 0 0 1 12.6771
0 0 0 0 0 12.5681
0 0 0 0 1 12.711
0 0 0 0 0 13.054
0 0 0 0 1 12.965
0 0 0 0 1 13.2334
0 0 0 0 1 13.1891
0 0 0 0 1 13.5411
0 0 0 0 1 13.7073
0 0 0 0 1 13.7095
0 0 0 0 1 13.8802
0 0 0 0 1 14.1734
0 0 0 0 0 14.3279
0 0 0 0 1 14.4493
0 0 0 0 1 14.4346
0 0 0 0 1 14.631
0 0 0 0 1 14.8581
0 0 0 0 0 14.8916
0 0 0 0 0 15.26
0 0 0 0 1 15.393
0 0 0 0 1 15.5718
0 0 0 0 1 15.6123
0 0 0 0 1 15.8405
0 0 0 0 1 16.1344
0 0 0 0 0 16.3751
0 0 0 0 1 16.6666
0 0 0 0 1 16.9533
0 0 0 0 1 17.1496
0 0 0 0 0 17.2169
0 0 0 0 1 17.4372
0 0 0 0 0 17.6669
0 0 0 0 0 17.8065
0 0 0 0 1 18.2082
0 0 0 0 0 18.6981
0 0 0 0 1 18.9791
0 0 0 0 1 19.0507
0 0 0 0 0 19.5035
0 0 0 0 1 19.7745
0 0 0 0 1 19.8743
0 0 0 0 1 20.4144
0 0 0 0 1 20.5272
0 0 0 0 1 21.1884
0 0 0 0 1 21.4646
0 0 0 0 1 21.6394
0 0 0 0 1 22.3235
0 0 0 0 1 22.5003
0 0 0 0 1 22.7117
0 0 0 0 1 23.1593
0 0 0 0 1 23.699
0 0 0 0 0 24.2233
0 0 0 0 0 24.8589
0 0 0 0 1 25.4447
0 0 0 0 1 25.589
0 0 0 0 0 26.6336
0 0 0 0 0 27.0193
0 0 0 0 0 27.7397
0 0 0 0 1 27.9879
0 0 0 0 1 28.9302
0 0 0 0 0 29.6602
0 0 0 0 1 29.9678
0 0 0 0 1 30.8527
0 0 0 0 1 32.0066
0 0 0 0 0 32.9674
0 0 0 0 1 33.8295
0 0 0 0 0 34.7255
0 0 0 0 1 35.5967
0 0 0 0 0 36.8494
0 0 0 0 0 37.5415
0 0 0 0 0 39.2884
0 0 0 0 0 40.0235
0 0 0 0 0 41.3202
0 0 0 0 0 42.83
0 0 0 0 1 44.9887
0 0 0 0 1 46.1039
0 0 0 0 1 47.9395
0 0 0 0 1 50.0847
0 0 0 0 0 52.0446
0 0 0 0 1 55.0074
0 0 0 0 1 57.0967
0 0 0 0 1 60.3701
0 0 0 0 1 55.4767
0 0 0 0 0 55.6806
0 0 0 0 1 55.4943
0 0 0 0 1 55.7001
0 0 0 0 0 56.0183
0 0 0 0 0 55.4452
0 0 0 0 1 55.654
0 0 0 0 1 55.2505
0 0 0 0 1 59.3678
0 0 0 0 1 79.1274
0 0 0 0 1 79.8275
0 0 0 0 1 80.0947
0 0 0 0 0 4.96491
0 0 0 0 0 5.00499
0 0 0 0 0 5.05008
0 0 0 0 0 4.9599
0 0 0 0 1 87.9005
0 0 0 0 1 87.7209
0 0 0 0 1 88.4195
0 0 0 0 1 87.5424
0 0 0 0 0 88.4195
0 0 0 0 1 88.2467
0 0 0 0 0 5.02503
0 0 0 0 0 5.03004
0 0 0 0 0 4.97493
0 0 0 0 0 4.96992
0 0 0 0 0 4.97493
0 0 0 0 0 5.0601
0 0 0 0 1 69.6142
0 0 0 0 1 67.1617
0 0 0 0 0 66.9732
0 0 0 0 0 67.9985
0 0 0 0 1 67.4757
0 0 0 0 1 67.9648
0 0 0 0 0 67.242
0 0 0 0 1 67.329
0 0 0 0 1 99.7633
0 0 0 0 1 93.4708
0 0 0 0 1 89.9885
0 0 0 0 1 85.0709
0 0 0 0 0 79.9916
0 0 0 0 1 76.9101
0 0 0 0 0 74.3838
0 0 0 0 1 70.0206
0 0 0 0 1 67.232
0 0 0 0 1 65.565
0 0 0 0 0 63.2219
0 0 0 0 1 60.9647
0 0 0 0 0 58.6442
0 0 0 0 1 56.9794
0 0 0 0 1 55.0981
0 0 0 0 1 52.7041
0 0 0 0 0 51.2659
0 0 0 0 1 50.018
0 0 0 0 1 48.9426
0 0 0 0 1 47.352
0 0 0 0 1 46.2322
0 0 0 0 1 44.5289
0 0 0 0 1 44.055
0 0 0 0 0 42.9605
0 0 0 0 1 41.4698
0 0 0 0 1 40.7708
0 0 0 0 1 39.3661
0 0 0 0 1 38.5165
0 0 0 0 0 37.8942
0 0 0 0 0 37.3118
0 0 0 0 1 36.4962
0 0 0 0 1 35.7835
0 0 0 0 1 34.4728
0 0 0 0 1 34.1958
0 0 0 0 0 33.6982
0 0 0 0 1 32.7415
0 0 0 0 1 32.0427
0 0 0 0 1 31.5794
0 0 0 0 1 30.7682
0 0 0 0 1 30.2299
0 0 0 0 1 29.7714
0 0 0 0 1 29.2031
0 0 0 0 1 29.1013
0 0 0 0 1 28.3694
0 0 0 0 1 27.9184
0 0 0 0 1 27.9198
0 0 0 0 0 27.0467
0 0 0 0 1 26.9839
0 0 0 0 1 26.4192
0 0 0 0 1 25.983
0 0 0 0 1 25.7891
0 0 0 0 1 25.4232
0 0 0 0 1 24.9927
0 0 0 0 1 24.3777
0 0 0 0 0 24.3281
0 0 0 0 1 24.1131
0 0 0 0 1 23.5372
0 0 0 0 1 23.141
0 0 0 0 1 23.2072
0 0 0 0 0 22.7843
0 0 0 0 1 22.2532
0 0 0 0 0 22.1713
0 0 0 0 1 22.0819
0 0 0 0 1 21.5783
0 0 0 0 1 21.4317
0 0 0 0 1 21.2197
0 0 0 0 1 20.7456
0 0 0 0 1 20.678
0 0 0 0 1 20.3422
0 0 0 0 1 20.0788
0 0 0 0 0 19.7369
0 0 0 0 0 19.565
0 0 0 0 1 19.6853
0 0 0 0 1 19.4128
0 0 0 0 0 19.0076
0 0 0 0 1 18.8815
0 0 0 0 1 18.5854
0 0 0 0 0 18.4216
0 0 0 0 1 18.4137
0 0 0 0 1 18.0394
0 0 0 0 1 17.9301
0 0 0 0 0 17.8735
0 0 0 0 1 17.5061
0 0 0 0 1 17.5538
0 0 0 0 1 17.4595
0 0 0 0 1 17.2874
0 0 0 0 1 17.1579
0 0 0 0 0 16.953
0 0 0 0 1 16.6414
0 0 0 0 1 16.6221
0 0 0 0 1 16.462
0 0 0 0 1 16.2375
0 0 0 0 1 16.1526
0 0 0 0 1 16.0833
0 0 0 0 1 15.7028
0 0 0 0 1 15.8164
0 0 0 0 1 15.621
0 0 0 0 1 15.4754
0 0 0 0 0 15.436
0 0 0 0 1 15.3737
0 0 0 0 1 15.2137
0 0 0 0 1 14.9409
0 0 0 0 1 14.8283
0 0 0 0 1 14.7456
0 0 0 0 1 14.736
0 0 0 0 1 14.5941
0 0 0 0 0 14.4991
0 0 0 0 1 14.4302
0 0 0 0 1 14.1559
0 0 0 0 1 14.0258
0 0 0 0 1 14.177
0 0 0 0 1 14.0129
0 0 0 0 1 13.7669
0 0 0 0 1 13.6936
0 0 0 0 1 13.6286
0 0 0 0 1 13.672
0 0 0 0 1 13.4932
0 0 0 0 1 13.2673
0 0 0 0 1 13.4025
0 0 0 0 1 13.147
0 0 0 0 1 13.2616
0 0 0 0 1 13.0525
0 0 0 0 0 12.8923
0 0 0 0 1 12.7802
0 0 0 0 0 12.9294
0 0 0 0 1 12.6181
0 0 0 0 0 12.6259
0 0 0 0 1 12.5359
0 0 0 0 1 12.4304
0 0 0 0 1 12.3831
0 0 0 0 1 12.4715
0 0 0 0 1 12.3497
0 0 0 0 1 12.192
0 0 0 0 1 12.2297
0 0 0 0 1 11.9649
0 0 0 0 0 12.0702
0 0 0 0 1 11.9949
0 0 0 0 1 11.8527
0 0 0 0 0 11.7194
0 0 0 0 1 11.7867
0 0 0 0 1 11.5725
0 0 0 0 1 11.639
0 0 0 0 1 11.6349
0 0 0 0 1 11.4467
0 0 0 0 1 11.4657
0 0 0 0 1 11.2756
0 0 0 0 1 11.2381
0 0 0 0 1 11.178
0 0 0 0 1 11.1032
0 0 0 0 1 11.1662
0 0 0 0 1 11.0102
0 0 0 0 1 11.1498
0 0 0 0 0 11.0753
0 0 0 0 1 10.8591
0 0 0 0 0 10.8115
0 0 0 0 1 10.8003
0 0 0 0 1 10.6846
0 0 0 0 1 10.6771
0 0 0 0 1 10.7121
0 0 0 0 1 10.6083
0 0 0 0 1 10.6394
0 0 0 0 0 10.6384
0 0 0 0 0 10.4621
0 0 0 0 0 10.35
0 0 0 0 0 10.4536
0 0 0 0 1 10.3938
0 0 0 0 0 10.2485
0 0 0 0 1 10.2172
0 0 0 0 1 10.3292
0 0 0 0 1 10.0938
0 0 0 0 1 10.0834
0 0 0 0 1 10.0055
0 0 0 0 1 10.0957
0 0 0 0 1 10.0617
0 0 0 0 1 10.021
0 0 0 0 1 9.85136
0 0 0 0 1 9.85122
0 0 0 0 1 9.83125
0 0 0 0 1 9.87025
0 0 0 0 1 9.85013
0 0 0 0 0 9.81398
0 0 0 0 1 9.74547
0 0 0 0 1 9.5903
0 0 0 0 1 9.65477
0 0 0 0 1 9.70267
0 0 0 0 1 9.62572
0 0 0 0 1 9.58424
0 0 0 0 1 9.59052
0 0 0 0 1 9.46407
0 0 0 0 0 9.36055
0 0 0 0 0 9.41437
0 0 0 0 0 9.33655
0 0 0 0 1 9.2438
0 0 0 0 1 9.39039
0 0 0 0 1 9.25446
0 0 0 0 0 9.28908
0 0 0 0 1 9.31422
0 0 0 0 1 9.25045
0 0 0 0 0 9.16562
0 0 0 0 1 9.11783
0 0 0 0 1 9.01575
0 0 0 0 1 8.99593
0 0 0 0 1 9.1267
0 0 0 0 1 8.98041
0 0 0 0 0 8.91594
0 0 0 0 1 8.92356
0 0 0 0 1 8.94571
0 0 0 0 1 8.97104
0 0 0 0 1 8.96069
0 0 0 0 1 8.77337
0 0 0 0 1 8.7692
0 0 0 0 1 8.78269
0 0 0 0 1 8.71166
0 0 0 0 1 8.78993
0 0 0 0 1 8.65486
0 0 0 0 1 8.77648
0 0 0 0 1 8.70304
0 0 0 0 1 8.64209
0 0 0 0 0 8.62472
0 0 0 0 1 8.66091
0 0 0 0 1 8.62648
0 0 0 0 1 8.62313
0 0 0 0 0 8.61128
0 0 0 0 1 8.45806
0 0 0 0 1 8.54884
0 0 0 0 1 8.43915
0 0 0 0 1 8.3773
0 0 0 0 1 8.46774
0 0 0 0 1 8.48203
0 0 0 0 1 8.43747
0 0 0 0 0 8.45187
0 0 0 0 1 8.29896
0 0 0 0 1 8.25903
0 0 0 0 1 8.29058
0 0 0 0 0 8.28053
0 0 0 0 1 8.25403
0 0 0 0 0 8.24425
0 0 0 0 1 8.21809
0 0 0 0 1 8.16741
0 0 0 0 1 8.28957
0 0 0 0 1 8.15714
0 0 0 0 0 8.20533
0 0 0 0 1 8.08197
0 0 0 0 1 8.22805
0 0 0 0 1 8.21103
0 0 0 0 0 8.17794
0 0 0 0 0 8.12889
0 0 0 0 1 8.00336
0 0 0 0 1 7.99535
0 0 0 0 1 7.97941
0 0 0 0 0 8.10026
0 0 0 0 1 8.04429
0 0 0 0 1 7.96463
0 0 0 0 1 8.03718
0 0 0 0 0 7.906
0 0 0 0 0 8.00251
0 0 0 0 1 7.90802
0 0 0 0 1 7.9568
0 0 0 0 1 7.92997
0 0 0 0 1 7.93131
0 0 0 0 1 7.94425
0 0 0 0 1 7.94578
0 0 0 0 1 7.9317
0 0 0 0 1 7.87068
0 0 0 0 0 7.88397
0 0 0 0 1 7.89392
0 0 0 0 1 7.88052
0 0 0 0 0 7.85498
0 0 0 0 0 7.86077
0 0 0 0 1 7.80112
0 0 0 0 1 7.80399
0 0 0 0 1 7.73248
0 0 0 0 1 7.82872
0 0 0 0 0 7.6849
