0 0 0 0 0 5.49742
0 0 0 0 1 5.50088
0 0 0 0 1 5.57683
0 0 0 0 1 5.5218
0 0 0 0 1 5.53121
0 0 0 0 1 5.61904
0 0 0 0 1 5.64468
0 0 0 0 1 5.58735
0 0 0 0 1 5.66129
0 0 0 0 1 5.63773
0 0 0 0 0 5.68739
0 0 0 0 1 5.67528
0 0 0 0 1 5.60322
0 0 0 0 1 5.64767
0 0 0 0 1 5.6357
0 0 0 0 0 5.64288
0 0 0 0 1 5.67084
0 0 0 0 1 5.642
0 0 0 0 1 5.69309
0 0 0 0 1 5.66257
0 0 0 0 0 5.75975
0 0 0 0 0 5.76563
0 0 0 0 1 5.71987
0 0 0 0 1 5.80651
0 0 0 0 0 5.7626
0 0 0 0 1 5.79774
0 0 0 0 1 5.78097
0 0 0 0 1 5.83967
0 0 0 0 1 5.79399
0 0 0 0 1 5.82397
0 0 0 0 1 5.89506
0 0 0 0 1 5.85684
0 0 0 0 1 5.87714
0 0 0 0 0 5.8138
0 0 0 0 1 5.89739
0 0 0 0 1 5.94012
0 0 0 0 1 5.95355
0 0 0 0 0 5.90192
0 0 0 0 1 5.93326
0 0 0 0 0 5.92909
0 0 0 0 1 6.02638
0 0 0 0 1 6.0285
0 0 0 0 1 6.01397
0 0 0 0 1 5.96211
0 0 0 0 1 5.98228
0 0 0 0 1 5.97242
0 0 0 0 1 6.00972
0 0 0 0 1 6.12738
0 0 0 0 1 6.13011
0 0 0 0 1 6.13898
0 0 0 0 1 6.09294
0 0 0 0 1 6.16924
0 0 0 0 1 6.20809
0 0 0 0 1 6.19377
0 0 0 0 1 6.12903
0 0 0 0 1 6.20631
0 0 0 0 1 6.23438
0 0 0 0 0 6.19323
0 0 0 0 1 6.17781
0 0 0 0 1 6.22489
0 0 0 0 1 6.22112
0 0 0 0 1 6.28753
0 0 0 0 1 6.3543
0 0 0 0 1 6.36449
0 0 0 0 0 6.38744
0 0 0 0 1 6.32064
0 0 0 0 1 6.31811
0 0 0 0 1 6.37877
0 0 0 0 0 6.38282
0 0 0 0 1 6.41189
0 0 0 0 1 6.42898
0 0 0 0 1 6.54269
0 0 0 0 0 6.54724
0 0 0 0 1 6.45403
0 0 0 0 1 6.49758
0 0 0 0 1 6.55381
0 0 0 0 0 6.56436
0 0 0 0 1 6.61522
0 0 0 0 1 6.57302
0 0 0 0 0 6.61029
0 0 0 0 1 6.64781
0 0 0 0 1 6.73969
0 0 0 0 1 6.77837
0 0 0 0 1 6.74942
0 0 0 0 1 6.73374
0 0 0 0 1 6.72469
0 0 0 0 0 6.78364
0 0 0 0 1 6.81565
0 0 0 0 1 6.87528
0 0 0 0 1 6.95597
0 0 0 0 0 6.87131
0 0 0 0 1 6.91827
0 0 0 0 1 7.01372
0 0 0 0 1 7.01204
0 0 0 0 1 6.94719
0 0 0 0 1 6.96623
0 0 0 0 1 7.10502
0 0 0 0 1 7.13175
0 0 0 0 0 7.0945
0 0 0 0 1 7.21419
0 0 0 0 0 7.15528
0 0 0 0 1 7.17509
0 0 0 0 1 7.30308
0 0 0 0 0 7.19264
0 0 0 0 1 7.27046
0 0 0 0 1 7.39322
0 0 0 0 1 7.33252
0 0 0 0 1 7.36071
0 0 0 0 1 7.44008
0 0 0 0 0 7.51258
0 0 0 0 0 7.45126
0 0 0 0 1 7.57676
0 0 0 0 1 7.58999
0 0 0 0 1 7.6487
0 0 0 0 1 7.57864
0 0 0 0 1 7.61451
0 0 0 0 1 7.70436
0 0 0 0 0 7.68672
0 0 0 0 1 7.74634
0 0 0 0 1 7.84532
0 0 0 0 1 7.81231
0 0 0 0 1 7.94354
0 0 0 0 1 7.86194
0 0 0 0 1 8.00226
0 0 0 0 1 8.03946
0 0 0 0 0 8.06117
0 0 0 0 1 8.1474
0 0 0 0 1 8.17749
0 0 0 0 1 8.07675
0 0 0 0 1 8.16363
0 0 0 0 0 8.24232
0 0 0 0 1 8.23876
0 0 0 0 0 8.40187
0 0 0 0 1 8.42363
0 0 0 0 1 8.37799
0 0 0 0 1 8.42454
0 0 0 0 1 8.58182
0 0 0 0 1 8.56089
0 0 0 0 1 8.60027
0 0 0 0 1 8.57857
0 0 0 0 1 8.65971
0 0 0 0 0 8.78589
0 0 0 0 1 8.78921
0 0 0 0 1 8.76731
0 0 0 0 1 8.81414
0 0 0 0 1 8.98636
0 0 0 0 0 9.07017
0 0 0 0 1 9.15451
0 0 0 0 0 9.15822
0 0 0 0 1 9.2431
0 0 0 0 1 9.19933
0 0 0 0 1 9.27516
0 0 0 0 1 9.39916
0 0 0 0 1 9.38104
0 0 0 0 1 9.40104
0 0 0 0 1 9.48611
0 0 0 0 0 9.56206
0 0 0 0 0 9.74579
0 0 0 0 0 9.78432
0 0 0 0 0 9.76394
0 0 0 0 1 9.75239
0 0 0 0 1 9.90011
0 0 0 0 1 9.89636
0 0 0 0 1 10.0944
0 0 0 0 1 10.1004
0 0 0 0 1 10.1175
0 0 0 0 1 10.2145
0 0 0 0 0 10.4156
0 0 0 0 1 10.3389
0 0 0 0 1 10.5315
0 0 0 0 1 10.4826
0 0 0 0 1 10.7498
0 0 0 0 0 10.7857
0 0 0 0 1 10.8082
0 0 0 0 0 9.25937
0 0 0 0 1 9.33746
0 0 0 0 1 9.34598
0 0 0 0 1 9.16495
0 0 0 0 1 9.27533
0 0 0 0 1 9.2702
0 0 0 0 1 9.15055
0 0 0 0 1 9.1734
0 0 0 0 1 9.09117
0 0 0 0 1 9.08691
0 0 0 0 0 9.05085
0 0 0 0 1 9.13764
0 0 0 0 1 9.08369
0 0 0 0 1 8.99386
0 0 0 0 1 9.07153
0 0 0 0 1 9.03629
0 0 0 0 1 9.03294
0 0 0 0 1 8.8816
0 0 0 0 1 8.86509
0 0 0 0 1 8.97373
0 0 0 0 1 8.93537
0 0 0 0 1 8.93693
0 0 0 0 1 8.95633
0 0 0 0 0 8.87829
0 0 0 0 1 8.82715
0 0 0 0 1 8.86953
0 0 0 0 1 8.83645
0 0 0 0 0 8.81239
0 0 0 0 1 8.74461
0 0 0 0 1 8.72976
0 0 0 0 1 8.67132
0 0 0 0 1 8.65326
0 0 0 0 0 8.74361
0 0 0 0 1 8.69451
0 0 0 0 1 8.75866
0 0 0 0 1 8.70993
0 0 0 0 1 8.61817
0 0 0 0 1 8.69113
0 0 0 0 1 8.57402
0 0 0 0 1 8.64707
0 0 0 0 1 8.68559
0 0 0 0 1 8.58659
0 0 0 0 0 8.52235
0 0 0 0 1 8.52698
0 0 0 0 1 8.60019
0 0 0 0 1 8.51952
0 0 0 0 1 8.519
0 0 0 0 1 8.51559
0 0 0 0 0 8.49837
0 0 0 0 0 8.70864
0 0 0 0 1 8.88627
0 0 0 0 1 9.02151
0 0 0 0 0 9.15693
0 0 0 0 1 9.15441
0 0 0 0 0 9.35384
0 0 0 0 1 9.45996
0 0 0 0 1 9.71009
0 0 0 0 1 9.86502
0 0 0 0 0 10.0298
0 0 0 0 1 10.2045
0 0 0 0 0 10.4001
0 0 0 0 1 10.6478
0 0 0 0 0 10.716
0 0 0 0 1 10.8433
0 0 0 0 1 11.124
0 0 0 0 1 11.4403
0 0 0 0 1 11.5736
0 0 0 0 0 11.9023
0 0 0 0 1 12.1627
0 0 0 0 0 12.2102
0 0 0 0 1 12.5982
0 0 0 0 0 12.9118
0 0 0 0 1 22.5918
0 0 0 0 0 22.6639
0 0 0 0 1 22.5075
0 0 0 0 1 22.4444
0 0 0 0 0 22.427
0 0 0 0 1 22.5685
0 0 0 0 1 22.8006
0 0 0 0 1 22.4452
0 0 0 0 1 22.4294
0 0 0 0 0 22.4367
0 0 0 0 1 22.5797
0 0 0 0 1 22.4975
0 0 0 0 1 22.6876
0 0 0 0 1 22.336
0 0 0 0 1 22.6154
0 0 0 0 1 22.2876
0 0 0 0 0 22.635
0 0 0 0 1 22.6454
0 0 0 0 1 23.3852
0 0 0 0 1 24.2927
0 0 0 0 0 25.3441
0 0 0 0 1 26.2647
0 0 0 0 0 36.6361
0 0 0 0 1 36.5118
0 0 0 0 1 36.7158
0 0 0 0 0 36.6658
0 0 0 0 1 36.2834
0 0 0 0 1 38.7189
0 0 0 0 1 52.0146
0 0 0 0 0 51.6348
0 0 0 0 0 52.5056
0 0 0 0 1 51.6595
0 0 0 0 1 52.3232
0 0 0 0 1 56.3288
0 0 0 0 1 65.2007
0 0 0 0 1 69.9426
0 0 0 0 1 82.3827
0 0 0 0 0 4.98996
0 0 0 0 0 5.03004
0 0 0 0 0 4.96992
0 0 0 0 0 4.9599
0 0 0 0 0 4.97994
0 0 0 0 0 5.03505
0 0 0 0 0 4.9599
0 0 0 0 0 5.0601
0 0 0 0 0 5.02503
0 0 0 0 0 4.96992
0 0 0 0 0 5.0601
0 0 0 0 0 4.9599
0 0 0 0 0 88.4667
0 0 0 0 1 88.3007
0 0 0 0 1 75.22
0 0 0 0 1 64.4774
0 0 0 0 1 60.6475
0 0 0 0 1 60.4165
0 0 0 0 1 60.3678
0 0 0 0 1 51.4676
0 0 0 0 1 48.0351
0 0 0 0 0 47.5195
0 0 0 0 1 39.1956
0 0 0 0 1 36.8566
0 0 0 0 1 35.9888
0 0 0 0 1 35.7871
0 0 0 0 0 35.585
0 0 0 0 1 35.9913
0 0 0 0 1 28.3025
0 0 0 0 1 26.5355
0 0 0 0 1 25.8442
0 0 0 0 0 24.4668
0 0 0 0 1 24.8479
0 0 0 0 1 24.8849
0 0 0 0 0 24.4774
0 0 0 0 1 24.4412
0 0 0 0 0 24.8248
0 0 0 0 0 24.444
0 0 0 0 0 24.5819
0 0 0 0 1 24.7452
0 0 0 0 1 24.5862
0 0 0 0 1 18.3455
0 0 0 0 1 17.5266
0 0 0 0 1 17.3121
0 0 0 0 1 16.7444
0 0 0 0 1 16.3588
0 0 0 0 1 15.7525
0 0 0 0 0 15.4545
0 0 0 0 1 15.0758
0 0 0 0 1 14.7425
0 0 0 0 0 14.2933
0 0 0 0 1 14.2259
0 0 0 0 1 13.9564
0 0 0 0 1 13.8432
0 0 0 0 0 13.897
0 0 0 0 1 13.9511
0 0 0 0 0 13.8801
0 0 0 0 1 14.0624
0 0 0 0 1 14.0058
0 0 0 0 1 14.0891
0 0 0 0 1 14.0748
0 0 0 0 1 14.0771
0 0 0 0 1 14.0352
0 0 0 0 1 14.0777
0 0 0 0 1 14.1907
0 0 0 0 1 14.1941
0 0 0 0 1 14.0545
0 0 0 0 1 14.1685
0 0 0 0 1 14.0316
0 0 0 0 1 14.1463
0 0 0 0 1 14.2897
0 0 0 0 1 14.224
0 0 0 0 0 14.2549
0 0 0 0 1 14.2747
0 0 0 0 1 14.1924
0 0 0 0 1 14.2696
0 0 0 0 0 14.2017
0 0 0 0 1 14.2368
0 0 0 0 1 14.355
0 0 0 0 0 14.4481
0 0 0 0 0 14.2232
0 0 0 0 0 8.84357
0 0 0 0 0 8.79061
0 0 0 0 0 8.54706
0 0 0 0 1 8.51172
0 0 0 0 0 8.35739
0 0 0 0 1 8.37021
0 0 0 0 1 8.15232
0 0 0 0 1 8.16281
0 0 0 0 1 8.02024
0 0 0 0 1 7.85525
0 0 0 0 1 7.88893
0 0 0 0 0 7.70983
0 0 0 0 1 7.69496
0 0 0 0 1 7.61827
0 0 0 0 1 7.45933
0 0 0 0 1 7.40757
0 0 0 0 1 7.36084
0 0 0 0 1 7.26482
0 0 0 0 1 7.21956
0 0 0 0 0 7.16676
0 0 0 0 1 7.09259
0 0 0 0 1 6.93735
0 0 0 0 1 6.85064
0 0 0 0 1 6.80753
0 0 0 0 1 6.77768
0 0 0 0 1 6.68706
0 0 0 0 0 6.65013
0 0 0 0 1 6.52746
0 0 0 0 1 6.44507
0 0 0 0 1 6.39146
0 0 0 0 1 6.41845
0 0 0 0 1 6.33898
0 0 0 0 0 6.31028
0 0 0 0 1 6.20656
0 0 0 0 1 6.17788
0 0 0 0 1 6.17948
0 0 0 0 1 6.07714
0 0 0 0 1 6.02673
0 0 0 0 1 6.00346
0 0 0 0 1 5.92947
0 0 0 0 0 5.88248
0 0 0 0 1 5.82102
0 0 0 0 1 5.74835
0 0 0 0 0 5.71065
0 0 0 0 1 5.72686
0 0 0 0 0 5.62101
0 0 0 0 1 5.63942
0 0 0 0 1 5.57118
0 0 0 0 1 5.53351
0 0 0 0 0 5.51778
0 0 0 0 1 5.40389
0 0 0 0 1 5.34824
0 0 0 0 1 5.37346
0 0 0 0 1 5.29887
0 0 0 0 1 5.27035
0 0 0 0 1 5.25965
0 0 0 0 1 5.26752
0 0 0 0 1 5.22829
0 0 0 0 1 5.11201
0 0 0 0 1 5.1043
0 0 0 0 0 5.1032
0 0 0 0 0 5.02434
0 0 0 0 1 4.98947
0 0 0 0 1 5.01628
0 0 0 0 0 4.93353
0 0 0 0 1 4.9007
0 0 0 0 0 4.91192
0 0 0 0 1 4.9018
0 0 0 0 1 4.86887
0 0 0 0 0 4.78611
0 0 0 0 1 4.87496
0 0 0 0 1 4.86372
0 0 0 0 1 4.86698
0 0 0 0 1 4.89353
0 0 0 0 1 4.84308
0 0 0 0 0 4.87572
0 0 0 0 0 4.96772
0 0 0 0 1 4.98496
0 0 0 0 0 4.97377
0 0 0 0 1 4.94256
0 0 0 0 1 5.00976
0 0 0 0 1 5.04355
0 0 0 0 1 5.05746
0 0 0 0 0 5.00079
0 0 0 0 1 5.04496
0 0 0 0 1 5.04876
0 0 0 0 1 5.1342
0 0 0 0 1 5.1434
0 0 0 0 1 5.14099
0 0 0 0 0 5.1502
0 0 0 0 1 5.22153
0 0 0 0 1 5.23622
0 0 0 0 0 5.16232
0 0 0 0 1 5.26576
0 0 0 0 1 5.21232
0 0 0 0 1 5.25862
0 0 0 0 0 5.30667
0 0 0 0 1 5.26846
0 0 0 0 1 5.31002
0 0 0 0 1 5.34111
0 0 0 0 1 5.35622
0 0 0 0 1 5.42693
0 0 0 0 1 5.37717
0 0 0 0 0 5.40873
0 0 0 0 1 5.47877
0 0 0 0 1 5.51237
0 0 0 0 1 5.56117
0 0 0 0 1 5.53973
0 0 0 0 1 5.51644
0 0 0 0 1 5.60633
0 0 0 0 1 5.63912
0 0 0 0 1 5.66236
0 0 0 0 1 5.66141
0 0 0 0 1 5.6847
0 0 0 0 1 5.71796
0 0 0 0 1 5.7357
0 0 0 0 0 5.75345
0 0 0 0 1 5.82352
0 0 0 0 1 5.78162
0 0 0 0 1 5.91078
0 0 0 0 1 5.89964
0 0 0 0 1 5.88819
0 0 0 0 0 6.01338
0 0 0 0 1 5.94217
0 0 0 0 1 5.96027
0 0 0 0 1 6.08716
0 0 0 0 1 6.09971
0 0 0 0 1 6.15493
0 0 0 0 0 6.15527
0 0 0 0 0 6.18783
0 0 0 0 1 9.60471
0 0 0 0 1 9.56667
0 0 0 0 1 9.37449
0 0 0 0 1 9.40017
0 0 0 0 1 9.47574
0 0 0 0 1 9.41666
0 0 0 0 0 9.29269
0 0 0 0 0 9.35211
0 0 0 0 1 9.17671
0 0 0 0 0 9.32231
0 0 0 0 1 9.21854
0 0 0 0 1 9.21629
0 0 0 0 1 9.17749
0 0 0 0 1 9.02047
0 0 0 0 0 9.03702
0 0 0 0 0 9.03535
0 0 0 0 1 8.98856
0 0 0 0 0 8.97476
0 0 0 0 1 8.93741
0 0 0 0 1 8.98648
0 0 0 0 0 8.89579
0 0 0 0 1 8.88574
0 0 0 0 1 8.94671
0 0 0 0 1 8.81286
0 0 0 0 1 8.80868
0 0 0 0 1 8.81669
0 0 0 0 1 8.71953
0 0 0 0 1 8.76475
0 0 0 0 1 8.68573
0 0 0 0 1 8.78643
0 0 0 0 1 8.69918
0 0 0 0 0 8.6869
0 0 0 0 1 8.65227
0 0 0 0 1 8.64025
0 0 0 0 0 8.54599
0 0 0 0 0 8.47445
0 0 0 0 1 8.51786
0 0 0 0 1 8.57459
0 0 0 0 1 8.45271
0 0 0 0 1 8.49248
0 0 0 0 1 8.41374
0 0 0 0 1 8.47883
0 0 0 0 1 8.47994
0 0 0 0 1 8.46914
0 0 0 0 1 8.32446
0 0 0 0 0 8.29747
0 0 0 0 1 8.37072
0 0 0 0 1 8.39748
0 0 0 0 0 8.24631
0 0 0 0 1 8.33593
0 0 0 0 1 8.3141
0 0 0 0 1 8.3209
0 0 0 0 1 8.25369
0 0 0 0 1 8.22791
0 0 0 0 1 8.15316
0 0 0 0 1 8.12786
0 0 0 0 1 8.11908
0 0 0 0 1 8.15115
0 0 0 0 1 8.07753
0 0 0 0 1 8.10162
0 0 0 0 1 8.02859
0 0 0 0 1 8.06903
0 0 0 0 1 8.0288
0 0 0 0 0 8.1296
0 0 0 0 1 7.99318
0 0 0 0 1 8.09792
0 0 0 0 1 7.93829
0 0 0 0 1 7.96309
0 0 0 0 0 8.03155
0 0 0 0 1 7.97668
0 0 0 0 0 7.9857
0 0 0 0 0 7.96309
0 0 0 0 1 7.89317
0 0 0 0 1 7.98527
0 0 0 0 1 7.89998
0 0 0 0 0 7.91752
0 0 0 0 0 7.78911
0 0 0 0 1 7.80254
0 0 0 0 1 7.77345
0 0 0 0 1 7.84638
0 0 0 0 0 7.80977
0 0 0 0 1 7.83908
0 0 0 0 1 7.86519
0 0 0 0 1 7.86022
0 0 0 0 0 7.83523
0 0 0 0 0 7.7685
0 0 0 0 1 7.77488
