0 0 0 0 1 5.56398
0 0 0 0 1 5.60645
0 0 0 0 1 5.61579
0 0 0 0 1 5.54966
0 0 0 0 1 5.62051
0 0 0 0 0 5.59667
0 0 0 0 1 5.58314
0 0 0 0 1 5.6546
0 0 0 0 1 5.59396
0 0 0 0 1 5.62648
0 0 0 0 1 5.65923
0 0 0 0 1 5.59065
0 0 0 0 1 5.59757
0 0 0 0 0 5.70426
0 0 0 0 1 5.6357
0 0 0 0 1 5.65424
0 0 0 0 1 5.74478
0 0 0 0 1 5.74458
0 0 0 0 1 5.74448
0 0 0 0 1 5.75399
0 0 0 0 1 5.73685
0 0 0 0 0 5.76563
0 0 0 0 1 5.71987
0 0 0 0 0 5.79499
0 0 0 0 1 5.7626
0 0 0 0 1 5.73415
0 0 0 0 1 5.85048
0 0 0 0 1 5.78162
0 0 0 0 1 5.86961
0 0 0 0 1 5.7715
0 0 0 0 1 5.89506
0 0 0 0 0 5.8861
0 0 0 0 1 5.883
0 0 0 0 1 5.81968
0 0 0 0 1 5.91505
0 0 0 0 0 5.89293
0 0 0 0 1 5.96537
0 0 0 0 1 5.86637
0 0 0 0 0 5.91544
0 0 0 0 1 5.97076
0 0 0 0 1 5.92495
0 0 0 0 1 5.99859
0 0 0 0 0 5.97204
0 0 0 0 1 5.9441
0 0 0 0 1 5.97626
0 0 0 0 1 5.97846
0 0 0 0 1 5.99156
0 0 0 0 1 6.12131
0 0 0 0 1 6.05105
0 0 0 0 1 6.07802
0 0 0 0 1 6.11739
0 0 0 0 1 6.14473
0 0 0 0 1 6.20809
0 0 0 0 1 6.2184
0 0 0 0 1 6.21544
0 0 0 0 1 6.21868
0 0 0 0 1 6.25919
0 0 0 0 1 6.27414
0 0 0 0 0 6.28389
0 0 0 0 1 6.21864
0 0 0 0 0 6.24623
0 0 0 0 0 6.23718
0 0 0 0 0 6.36692
0 0 0 0 1 6.37082
0 0 0 0 1 6.34938
0 0 0 0 1 6.31427
0 0 0 0 1 6.33087
0 0 0 0 1 6.39158
0 0 0 0 1 6.36356
0 0 0 0 1 6.42477
0 0 0 0 0 6.40959
0 0 0 0 1 6.42598
0 0 0 0 1 6.43671
0 0 0 0 1 6.48662
0 0 0 0 1 6.56294
0 0 0 0 1 6.55381
0 0 0 0 1 6.63678
0 0 0 0 1 6.58221
0 0 0 0 0 6.66578
0 0 0 0 1 6.66349
0 0 0 0 1 6.62111
0 0 0 0 1 6.70623
0 0 0 0 0 6.65086
0 0 0 0 0 6.68206
0 0 0 0 1 6.75402
0 0 0 0 1 6.74505
0 0 0 0 1 6.85856
0 0 0 0 1 6.82932
0 0 0 0 1 6.93018
0 0 0 0 1 6.83201
0 0 0 0 1 6.95426
0 0 0 0 0 6.89054
0 0 0 0 0 7.00676
0 0 0 0 0 6.91426
0 0 0 0 0 6.94719
0 0 0 0 0 6.9803
0 0 0 0 1 7.04846
0 0 0 0 1 7.08917
0 0 0 0 1 7.06601
0 0 0 0 1 7.22134
0 0 0 0 1 7.20552
0 0 0 0 1 7.17509
0 0 0 0 1 7.21622
0 0 0 0 1 7.32342
0 0 0 0 1 7.24126
0 0 0 0 1 7.34193
0 0 0 0 1 7.4135
0 0 0 0 1 7.43454
0 0 0 0 1 7.48458
0 0 0 0 0 7.42315
0 0 0 0 0 7.53356
0 0 0 0 0 7.46401
0 0 0 0 0 7.52957
0 0 0 0 1 7.53488
0 0 0 0 1 7.64719
0 0 0 0 1 7.72931
0 0 0 0 1 7.7505
0 0 0 0 1 7.77943
0 0 0 0 0 7.82396
0 0 0 0 1 7.79073
0 0 0 0 0 7.80448
0 0 0 0 1 7.82557
0 0 0 0 1 7.90148
0 0 0 0 1 7.87511
0 0 0 0 1 7.93557
0 0 0 0 1 8.08526
0 0 0 0 1 8.099
0 0 0 0 1 8.12076
0 0 0 0 1 8.1175
0 0 0 0 1 8.15545
0 0 0 0 1 8.15998
0 0 0 0 1 8.21392
0 0 0 0 1 8.26045
0 0 0 0 1 8.41527
0 0 0 0 1 8.47893
0 0 0 0 1 8.38225
0 0 0 0 1 8.51378
0 0 0 0 1 8.56944
0 0 0 0 1 8.50577
0 0 0 0 1 8.66496
0 0 0 0 1 8.64232
0 0 0 0 1 8.78589
0 0 0 0 1 8.88599
0 0 0 0 1 8.82918
0 0 0 0 0 8.97424
0 0 0 0 1 9.01321
0 0 0 0 1 9.08818
0 0 0 0 1 8.98229
0 0 0 0 1 9.19467
0 0 0 0 1 9.20642
0 0 0 0 1 9.17165
0 0 0 0 1 9.21017
0 0 0 0 0 9.38982
0 0 0 0 1 9.39044
0 0 0 0 1 9.4105
0 0 0 0 0 9.55278
0 0 0 0 1 9.61002
0 0 0 0 1 9.65895
0 0 0 0 1 9.78432
0 0 0 0 1 9.87156
0 0 0 0 1 9.76224
0 0 0 0 1 9.94966
0 0 0 0 1 9.91634
0 0 0 0 0 10.1547
0 0 0 0 1 10.1714
0 0 0 0 1 10.2807
0 0 0 0 1 10.3687
0 0 0 0 0 10.4259
0 0 0 0 1 10.3598
0 0 0 0 0 10.4265
0 0 0 0 1 10.5461
0 0 0 0 0 10.5685
0 0 0 0 0 10.7213
0 0 0 0 1 10.8407
0 0 0 0 1 9.35243
0 0 0 0 1 9.22608
0 0 0 0 1 9.16999
0 0 0 0 0 9.15571
0 0 0 0 0 9.12781
0 0 0 0 0 9.17824
0 0 0 0 0 9.1689
0 0 0 0 0 9.06354
0 0 0 0 1 9.11858
0 0 0 0 1 9.02311
0 0 0 0 1 9.00537
0 0 0 0 1 9.02875
0 0 0 0 0 9.1018
0 0 0 0 0 8.99386
0 0 0 0 1 9.08957
0 0 0 0 1 8.93729
0 0 0 0 1 8.94315
0 0 0 0 1 9.03396
0 0 0 0 1 8.92771
0 0 0 0 1 8.9648
0 0 0 0 1 8.8552
0 0 0 0 1 8.80354
0 0 0 0 1 8.95633
0 0 0 0 0 8.94031
0 0 0 0 0 8.79177
0 0 0 0 1 8.81658
0 0 0 0 1 8.89812
0 0 0 0 0 8.83877
0 0 0 0 1 8.73583
0 0 0 0 0 8.72976
0 0 0 0 1 8.83757
0 0 0 0 0 8.66199
0 0 0 0 1 8.68258
0 0 0 0 1 8.78155
0 0 0 0 1 8.66308
0 0 0 0 1 8.71861
0 0 0 0 1 8.60951
0 0 0 0 1 8.68248
0 0 0 0 1 8.669
0 0 0 0 0 8.5781
0 0 0 0 1 8.69419
0 0 0 0 1 8.52642
0 0 0 0 0 8.61675
0 0 0 0 0 8.56126
0 0 0 0 1 8.48039
0 0 0 0 1 8.53661
0 0 0 0 1 8.57875
0 0 0 0 0 8.57526
0 0 0 0 1 8.54983
0 0 0 0 1 8.64774
0 0 0 0 0 8.79802
0 0 0 0 1 9.02151
0 0 0 0 1 9.01144
0 0 0 0 0 9.21907
0 0 0 0 1 9.34446
0 0 0 0 1 9.52672
0 0 0 0 1 9.66168
0 0 0 0 1 9.86502
0 0 0 0 0 10.0398
0 0 0 0 1 10.174
0 0 0 0 1 10.2551
0 0 0 0 1 10.5317
0 0 0 0 1 10.8449
0 0 0 0 1 10.898
0 0 0 0 1 11.124
0 0 0 0 1 11.2926
0 0 0 0 0 11.6199
0 0 0 0 1 11.9023
0 0 0 0 1 12.1024
0 0 0 0 1 12.2225
0 0 0 0 1 12.5982
0 0 0 0 1 12.7191
0 0 0 0 1 22.8646
0 0 0 0 1 22.8229
0 0 0 0 1 22.4848
0 0 0 0 1 22.4897
0 0 0 0 1 22.4723
0 0 0 0 1 22.4779
0 0 0 0 1 22.6875
0 0 0 0 1 22.6938
0 0 0 0 0 22.5424
0 0 0 0 1 22.685
0 0 0 0 1 22.6474
0 0 0 0 1 22.6779
0 0 0 0 1 22.62
0 0 0 0 1 22.4036
0 0 0 0 1 22.3454
0 0 0 0 1 22.3776
0 0 0 0 1 22.3428
0 0 0 0 1 22.6678
0 0 0 0 1 23.4084
0 0 0 0 1 24.3409
0 0 0 0 1 24.8669
0 0 0 0 1 26.3433
0 0 0 0 1 36.0899
0 0 0 0 0 36.3298
0 0 0 0 0 36.6794
0 0 0 0 1 36.5566
0 0 0 0 1 36.5745
0 0 0 0 0 38.7189
0 0 0 0 1 52.1188
0 0 0 0 0 52.4676
0 0 0 0 1 52.1934
0 0 0 0 0 52.1278
0 0 0 0 1 51.7511
0 0 0 0 1 56.7799
0 0 0 0 0 65.1352
0 0 0 0 1 69.5246
0 0 0 0 1 81.9736
0 0 0 0 0 4.97994
0 0 0 0 0 4.98996
0 0 0 0 0 5.03505
0 0 0 0 0 5.04507
0 0 0 0 0 5.03004
0 0 0 0 0 5.0601
0 0 0 0 0 5.03505
0 0 0 0 0 5.00499
0 0 0 0 0 4.99497
0 0 0 0 0 5.04507
0 0 0 0 0 5.01501
0 0 0 0 0 5.02002
0 0 0 0 1 87.3281
0 0 0 0 1 87.7751
0 0 0 0 1 75.8212
0 0 0 0 1 64.0943
0 0 0 0 1 59.9212
0 0 0 0 1 60.5981
0 0 0 0 1 60.0651
0 0 0 0 1 51.2613
0 0 0 0 0 47.7952
0 0 0 0 1 48.1435
0 0 0 0 1 39.1956
0 0 0 0 1 36.9671
0 0 0 0 1 35.9175
0 0 0 0 1 35.5016
0 0 0 0 1 36.0133
0 0 0 0 1 35.4558
0 0 0 0 1 28.1621
0 0 0 0 1 26.7767
0 0 0 0 1 25.716
0 0 0 0 0 24.8115
0 0 0 0 1 24.577
0 0 0 0 1 24.4906
0 0 0 0 1 24.5021
0 0 0 0 0 24.8358
0 0 0 0 1 24.7508
0 0 0 0 1 24.7402
0 0 0 0 0 24.7796
0 0 0 0 1 24.77
0 0 0 0 1 24.7099
0 0 0 0 0 18.2909
0 0 0 0 1 17.8626
0 0 0 0 1 17.1058
0 0 0 0 1 16.7444
0 0 0 0 1 16.3913
0 0 0 0 1 15.7842
0 0 0 0 1 15.5474
0 0 0 0 1 15.227
0 0 0 0 1 14.6392
0 0 0 0 1 14.5385
0 0 0 0 1 14.2118
0 0 0 0 0 13.8592
0 0 0 0 1 13.8015
0 0 0 0 1 13.7996
0 0 0 0 0 13.9511
0 0 0 0 1 14.0752
0 0 0 0 1 13.895
0 0 0 0 0 13.9499
0 0 0 0 1 14.1031
0 0 0 0 1 14.0328
0 0 0 0 1 13.937
0 0 0 0 1 14.0913
0 0 0 0 1 14.0215
0 0 0 0 1 14.1064
0 0 0 0 1 13.9409
0 0 0 0 1 14.0404
0 0 0 0 0 14.2249
0 0 0 0 0 14.2574
0 0 0 0 1 14.2593
0 0 0 0 1 14.0209
0 0 0 0 1 14.1532
0 0 0 0 1 14.1698
0 0 0 0 1 14.3173
0 0 0 0 1 14.1071
0 0 0 0 1 14.113
0 0 0 0 0 14.1162
0 0 0 0 1 14.1369
0 0 0 0 1 14.1548
0 0 0 0 1 14.219
0 0 0 0 1 14.3235
0 0 0 0 1 8.91418
0 0 0 0 0 8.79061
0 0 0 0 1 8.55566
0 0 0 0 0 8.52871
0 0 0 0 0 8.35739
0 0 0 0 1 8.33706
0 0 0 0 1 8.21787
0 0 0 0 1 8.02528
0 0 0 0 1 7.92429
0 0 0 0 1 7.89476
0 0 0 0 1 7.84202
0 0 0 0 1 7.76391
0 0 0 0 1 7.56506
0 0 0 0 1 7.57292
0 0 0 0 1 7.43691
0 0 0 0 1 7.45937
0 0 0 0 1 7.35352
0 0 0 0 0 7.26482
0 0 0 0 1 7.19089
0 0 0 0 1 7.12418
0 0 0 0 0 7.07152
0 0 0 0 0 6.96518
0 0 0 0 1 6.89883
0 0 0 0 1 6.77342
0 0 0 0 1 6.68983
0 0 0 0 1 6.72723
0 0 0 0 1 6.5772
0 0 0 0 1 6.54716
0 0 0 0 0 6.54913
0 0 0 0 0 6.38501
0 0 0 0 1 6.36736
0 0 0 0 1 6.31365
0 0 0 0 1 6.31028
0 0 0 0 1 6.28127
0 0 0 0 1 6.23343
0 0 0 0 1 6.13666
0 0 0 0 1 6.00436
0 0 0 0 1 6.06887
0 0 0 0 0 5.98556
0 0 0 0 1 5.90578
0 0 0 0 1 5.859
0 0 0 0 1 5.8385
0 0 0 0 1 5.82353
0 0 0 0 1 5.72787
0 0 0 0 0 5.71548
0 0 0 0 1 5.60972
0 0 0 0 1 5.65063
0 0 0 0 0 5.55449
0 0 0 0 1 5.48933
0 0 0 0 1 5.45751
0 0 0 0 1 5.44194
0 0 0 0 1 5.35364
0 0 0 0 1 5.33588
0 0 0 0 1 5.37342
0 0 0 0 0 5.34443
0 0 0 0 1 5.28065
0 0 0 0 0 5.23622
0 0 0 0 0 5.23348
0 0 0 0 1 5.1429
0 0 0 0 0 5.16056
0 0 0 0 1 5.1032
0 0 0 0 1 4.99914
0 0 0 0 1 5.04463
0 0 0 0 1 5.01129
0 0 0 0 1 4.97806
0 0 0 0 1 4.86629
0 0 0 0 1 4.9168
0 0 0 0 1 4.84836
0 0 0 0 1 4.77719
0 0 0 0 1 4.82944
0 0 0 0 1 4.81222
0 0 0 0 1 4.87826
0 0 0 0 1 4.87184
0 0 0 0 1 4.83504
0 0 0 0 1 4.85287
0 0 0 0 1 4.93464
0 0 0 0 1 4.95294
0 0 0 0 0 4.90097
0 0 0 0 1 4.92418
0 0 0 0 1 4.9326
0 0 0 0 0 4.95487
0 0 0 0 0 4.99347
0 0 0 0 0 5.00719
0 0 0 0 0 5.05125
0 0 0 0 0 5.01964
0 0 0 0 1 5.04367
0 0 0 0 1 5.06785
0 0 0 0 1 5.09217
0 0 0 0 1 5.0845
0 0 0 0 1 5.13474
0 0 0 0 1 5.22153
0 0 0 0 1 5.21544
0 0 0 0 1 5.18839
0 0 0 0 0 5.18725
0 0 0 0 1 5.24384
0 0 0 0 1 5.31663
0 0 0 0 1 5.24835
0 0 0 0 1 5.34828
0 0 0 0 1 5.31002
0 0 0 0 1 5.38401
0 0 0 0 1 5.42081
0 0 0 0 0 5.41611
0 0 0 0 1 5.45321
0 0 0 0 0 5.43054
0 0 0 0 1 5.49519
0 0 0 0 1 5.49586
0 0 0 0 1 5.55564
0 0 0 0 1 5.60079
0 0 0 0 1 5.61117
0 0 0 0 1 5.57833
0 0 0 0 1 5.59976
0 0 0 0 1 5.65671
0 0 0 0 1 5.66709
0 0 0 0 0 5.73602
0 0 0 0 1 5.7523
0 0 0 0 1 5.81049
0 0 0 0 0 5.74188
0 0 0 0 1 5.78865
0 0 0 0 0 5.79328
0 0 0 0 1 5.84042
0 0 0 0 1 5.94089
0 0 0 0 1 5.91188
0 0 0 0 1 5.90025
0 0 0 0 1 6.01997
0 0 0 0 1 6.06251
0 0 0 0 1 6.05694
0 0 0 0 1 6.09971
0 0 0 0 0 6.1244
0 0 0 0 1 6.19822
0 0 0 0 0 6.12607
0 0 0 0 1 9.53808
0 0 0 0 0 9.5477
0 0 0 0 0 9.50679
0 0 0 0 1 9.32482
0 0 0 0 1 9.33501
0 0 0 0 1 9.39796
0 0 0 0 1 9.24608
0 0 0 0 1 9.24985
0 0 0 0 1 9.24153
0 0 0 0 0 9.28539
0 0 0 0 1 9.21854
0 0 0 0 1 9.20712
0 0 0 0 1 9.09522
0 0 0 0 1 9.15714
0 0 0 0 0 9.10968
0 0 0 0 1 9.14399
0 0 0 0 1 8.95246
0 0 0 0 1 8.95675
0 0 0 0 1 8.90152
0 0 0 0 1 9.01333
0 0 0 0 1 8.94933
0 0 0 0 1 8.82348
0 0 0 0 1 8.77824
0 0 0 0 1 8.88357
0 0 0 0 1 8.84395
0 0 0 0 1 8.72879
0 0 0 0 1 8.78087
0 0 0 0 1 8.756
0 0 0 0 1 8.65956
0 0 0 0 0 8.78643
0 0 0 0 1 8.68183
0 0 0 0 1 8.57442
0 0 0 0 1 8.6609
0 0 0 0 0 8.69188
0 0 0 0 1 8.50309
0 0 0 0 1 8.51725
0 0 0 0 1 8.52639
0 0 0 0 1 8.42984
0 0 0 0 1 8.45271
0 0 0 0 0 8.42468
0 0 0 0 1 8.4391
0 0 0 0 1 8.48727
0 0 0 0 0 8.33693
0 0 0 0 1 8.41878
0 0 0 0 0 8.45845
0 0 0 0 0 8.32254
0 0 0 0 1 8.30402
0 0 0 0 1 8.35591
0 0 0 0 1 8.34586
0 0 0 0 1 8.25315
0 0 0 0 1 8.22319
0 0 0 0 1 8.26317
0 0 0 0 1 8.28661
0 0 0 0 1 8.15401
0 0 0 0 1 8.27607
0 0 0 0 0 8.24234
0 0 0 0 1 8.07828
0 0 0 0 1 8.20815
0 0 0 0 1 8.09378
0 0 0 0 0 8.05296
0 0 0 0 1 8.04478
0 0 0 0 1 8.10942
0 0 0 0 1 8.14166
0 0 0 0 1 8.10546
0 0 0 0 1 7.96908
0 0 0 0 1 8.08188
0 0 0 0 1 7.9543
0 0 0 0 1 8.06692
0 0 0 0 1 8.00762
0 0 0 0 0 8.04037
0 0 0 0 1 7.99365
0 0 0 0 1 7.85205
0 0 0 0 1 7.92484
0 0 0 0 1 7.85087
0 0 0 0 1 7.90787
0 0 0 0 1 7.81511
0 0 0 0 1 7.9386
0 0 0 0 1 7.8104
0 0 0 0 1 7.77345
0 0 0 0 1 7.85421
0 0 0 0 1 7.80195
0 0 0 0 0 7.88593
0 0 0 0 1 7.81062
0 0 0 0 1 7.86022
0 0 0 0 1 7.71086
0 0 0 0 0 7.77626
0 0 0 0 1 7.82139
