0 0 0 0 1 5.59727
0 0 0 0 1 5.6009
0 0 0 0 1 5.55457
0 0 0 0 1 5.61652
0 0 0 0 1 5.62051
0 0 0 0 1 5.62463
0 0 0 0 1 5.6167
0 0 0 0 1 5.57053
0 0 0 0 1 5.63885
0 0 0 0 1 5.66583
0 0 0 0 1 5.66486
0 0 0 0 1 5.6922
0 0 0 0 1 5.60322
0 0 0 0 1 5.67031
0 0 0 0 0 5.72641
0 0 0 0 1 5.67127
0 0 0 0 1 5.72203
0 0 0 0 1 5.642
0 0 0 0 1 5.66454
0 0 0 0 1 5.67399
0 0 0 0 1 5.73112
0 0 0 0 1 5.74268
0 0 0 0 1 5.72562
0 0 0 0 1 5.81227
0 0 0 0 1 5.71646
0 0 0 0 1 5.76306
0 0 0 0 1 5.8331
0 0 0 0 1 5.76421
0 0 0 0 1 5.77654
0 0 0 0 1 5.81231
0 0 0 0 0 5.78405
0 0 0 0 1 5.81589
0 0 0 0 0 5.91816
0 0 0 0 1 5.90189
0 0 0 0 1 5.82676
0 0 0 0 1 5.89293
0 0 0 0 1 5.89443
0 0 0 0 1 5.9671
0 0 0 0 1 5.97484
0 0 0 0 0 6.00647
0 0 0 0 1 5.90705
0 0 0 0 1 5.96869
0 0 0 0 1 6.02595
0 0 0 0 1 6.05818
0 0 0 0 1 5.9883
0 0 0 0 1 6.03879
0 0 0 0 1 6.1126
0 0 0 0 0 6.10918
0 0 0 0 1 6.06929
0 0 0 0 1 6.06583
0 0 0 0 1 6.1235
0 0 0 0 1 6.16924
0 0 0 0 1 6.1036
0 0 0 0 1 6.15068
0 0 0 0 0 6.14755
0 0 0 0 1 6.23106
0 0 0 0 1 6.17855
0 0 0 0 1 6.16833
0 0 0 0 1 6.25269
0 0 0 0 1 6.30622
0 0 0 0 0 6.22112
0 0 0 0 1 6.33788
0 0 0 0 1 6.34168
0 0 0 0 1 6.36449
0 0 0 0 1 6.31132
0 0 0 0 0 6.31427
0 0 0 0 1 6.39469
0 0 0 0 1 6.37237
0 0 0 0 1 6.45345
0 0 0 0 1 6.37966
0 0 0 0 1 6.39667
0 0 0 0 1 6.50379
0 0 0 0 1 6.50823
0 0 0 0 1 6.57789
0 0 0 0 1 6.60216
0 0 0 0 1 6.50789
0 0 0 0 1 6.64995
0 0 0 0 1 6.66143
0 0 0 0 1 6.63265
0 0 0 0 1 6.69009
0 0 0 0 1 6.60776
0 0 0 0 0 6.6326
0 0 0 0 0 6.6777
0 0 0 0 1 6.67532
0 0 0 0 0 6.69318
0 0 0 0 0 6.84684
0 0 0 0 0 6.74959
0 0 0 0 1 6.89768
0 0 0 0 0 6.87528
0 0 0 0 0 6.83889
0 0 0 0 1 6.9197
0 0 0 0 1 6.89054
0 0 0 0 0 6.9163
0 0 0 0 0 6.91426
0 0 0 0 1 7.08039
0 0 0 0 0 7.00845
0 0 0 0 0 7.00604
0 0 0 0 1 7.0395
0 0 0 0 1 7.10162
0 0 0 0 0 7.13554
0 0 0 0 1 7.13375
0 0 0 0 1 7.16068
0 0 0 0 1 7.31031
0 0 0 0 1 7.25076
0 0 0 0 1 7.29236
0 0 0 0 1 7.36391
0 0 0 0 1 7.39877
0 0 0 0 1 7.33118
0 0 0 0 0 7.44749
0 0 0 0 1 7.42315
0 0 0 0 1 7.46623
0 0 0 0 1 7.53918
0 0 0 0 0 7.58999
0 0 0 0 1 7.58041
0 0 0 0 0 7.57864
0 0 0 0 1 7.67574
0 0 0 0 1 7.72743
0 0 0 0 0 7.75625
0 0 0 0 1 7.72305
0 0 0 0 1 7.81412
0 0 0 0 1 7.82013
0 0 0 0 1 7.83343
0 0 0 0 1 7.8303
0 0 0 0 1 7.92279
0 0 0 0 1 8.02347
0 0 0 0 1 8.07723
0 0 0 0 1 7.98607
0 0 0 0 1 8.16938
0 0 0 0 0 8.22345
0 0 0 0 0 8.13907
0 0 0 0 1 8.21762
0 0 0 0 1 8.32984
0 0 0 0 1 8.30205
0 0 0 0 1 8.28143
0 0 0 0 1 8.36958
0 0 0 0 1 8.51758
0 0 0 0 1 8.42873
0 0 0 0 1 8.49247
0 0 0 0 0 8.53154
0 0 0 0 0 8.69087
0 0 0 0 1 8.70318
0 0 0 0 0 8.71595
0 0 0 0 1 8.87719
0 0 0 0 1 8.8822
0 0 0 0 0 8.94755
0 0 0 0 1 8.98636
0 0 0 0 0 8.97109
0 0 0 0 0 9.00042
0 0 0 0 1 9.09443
0 0 0 0 1 9.17891
0 0 0 0 1 9.16242
0 0 0 0 1 9.22874
0 0 0 0 0 9.24982
0 0 0 0 1 9.35284
0 0 0 0 1 9.39158
0 0 0 0 1 9.53373
0 0 0 0 0 9.49493
0 0 0 0 1 9.71685
0 0 0 0 1 9.70659
0 0 0 0 1 9.68567
0 0 0 0 1 9.76224
0 0 0 0 1 9.86047
0 0 0 0 1 9.88638
0 0 0 0 1 9.99386
0 0 0 0 0 10.0802
0 0 0 0 1 10.1685
0 0 0 0 1 10.3481
0 0 0 0 1 10.281
0 0 0 0 1 10.3285
0 0 0 0 1 10.521
0 0 0 0 0 10.472
0 0 0 0 1 10.6005
0 0 0 0 1 10.7642
0 0 0 0 1 10.7433
0 0 0 0 1 9.23145
0 0 0 0 1 9.29105
0 0 0 0 1 9.34598
0 0 0 0 0 9.19266
0 0 0 0 0 9.13703
0 0 0 0 0 9.2886
0 0 0 0 0 9.14137
0 0 0 0 1 9.20087
0 0 0 0 1 9.05462
0 0 0 0 1 9.18717
0 0 0 0 0 9.1691
0 0 0 0 1 9.12857
0 0 0 0 1 9.07463
0 0 0 0 1 9.09329
0 0 0 0 1 9.1076
0 0 0 0 1 9.09029
0 0 0 0 1 8.96111
0 0 0 0 1 8.8816
0 0 0 0 1 8.97243
0 0 0 0 1 8.86658
0 0 0 0 1 8.91756
0 0 0 0 1 8.88358
0 0 0 0 1 8.81431
0 0 0 0 1 8.94917
0 0 0 0 1 8.90675
0 0 0 0 1 8.77245
0 0 0 0 0 8.87169
0 0 0 0 0 8.75083
0 0 0 0 1 8.76217
0 0 0 0 0 8.73853
0 0 0 0 1 8.71507
0 0 0 0 1 8.8017
0 0 0 0 1 8.76104
0 0 0 0 1 8.6597
0 0 0 0 0 8.66308
0 0 0 0 1 8.72728
0 0 0 0 0 8.60951
0 0 0 0 1 8.57871
0 0 0 0 0 8.69491
0 0 0 0 1 8.64707
0 0 0 0 1 8.67698
0 0 0 0 1 8.54361
0 0 0 0 1 8.61675
0 0 0 0 0 8.62982
0 0 0 0 1 8.56596
0 0 0 0 0 8.52806
0 0 0 0 1 8.57875
0 0 0 0 0 8.54116
0 0 0 0 1 8.58413
0 0 0 0 0 8.63904
0 0 0 0 1 8.88627
0 0 0 0 1 8.94984
0 0 0 0 1 9.10237
0 0 0 0 1 9.28373
0 0 0 0 1 9.43828
0 0 0 0 1 9.47903
0 0 0 0 1 9.71977
0 0 0 0 1 9.76657
0 0 0 0 1 10.0298
0 0 0 0 0 10.2758
0 0 0 0 1 10.4001
0 0 0 0 1 10.6478
0 0 0 0 0 10.7697
0 0 0 0 1 10.8761
0 0 0 0 1 11.1797
0 0 0 0 1 11.3039
0 0 0 0 1 11.5272
0 0 0 0 1 11.855
0 0 0 0 1 12.1265
0 0 0 0 1 12.4194
0 0 0 0 1 12.4851
0 0 0 0 1 12.9632
0 0 0 0 1 22.8646
0 0 0 0 1 22.8683
0 0 0 0 1 22.9159
0 0 0 0 0 22.7617
0 0 0 0 1 22.88
0 0 0 0 0 22.4553
0 0 0 0 1 22.8006
0 0 0 0 1 22.6712
0 0 0 0 1 22.565
0 0 0 0 1 22.3916
0 0 0 0 0 22.6023
0 0 0 0 1 22.3172
0 0 0 0 1 22.6651
0 0 0 0 0 22.4036
0 0 0 0 1 22.6154
0 0 0 0 1 22.4451
0 0 0 0 0 22.5451
0 0 0 0 0 22.4881
0 0 0 0 0 23.4084
0 0 0 0 1 23.9067
0 0 0 0 0 24.9171
0 0 0 0 0 26.3171
0 0 0 0 1 36.4904
0 0 0 0 1 36.5482
0 0 0 0 1 36.7522
0 0 0 0 1 36.4111
0 0 0 0 1 36.5381
0 0 0 0 0 38.4493
0 0 0 0 1 51.546
0 0 0 0 0 51.843
0 0 0 0 1 52.1413
0 0 0 0 1 51.9197
0 0 0 0 1 52.4793
0 0 0 0 1 56.8362
0 0 0 0 1 65.0697
0 0 0 0 0 68.9673
0 0 0 0 0 82.0554
0 0 0 0 0 4.99998
0 0 0 0 0 5.02503
0 0 0 0 0 4.96992
0 0 0 0 0 4.9599
0 0 0 0 0 5.05008
0 0 0 0 0 5.03505
0 0 0 0 0 5.02503
0 0 0 0 0 5.02503
0 0 0 0 0 4.99497
0 0 0 0 0 5.00499
0 0 0 0 0 5.05008
0 0 0 0 0 5.05509
0 0 0 0 1 86.8901
0 0 0 0 0 87.4247
0 0 0 0 1 74.9195
0 0 0 0 1 63.5198
0 0 0 0 0 60.1633
0 0 0 0 1 60.2954
0 0 0 0 1 60.0651
0 0 0 0 1 51.1066
0 0 0 0 1 48.0831
0 0 0 0 1 48.4315
0 0 0 0 1 39.1564
0 0 0 0 1 36.8934
0 0 0 0 1 35.7748
0 0 0 0 0 35.8941
0 0 0 0 1 35.8706
0 0 0 0 1 35.67
0 0 0 0 1 28.2744
0 0 0 0 1 26.6427
0 0 0 0 1 25.8442
0 0 0 0 1 24.8115
0 0 0 0 1 24.7248
0 0 0 0 1 24.7617
0 0 0 0 1 24.8225
0 0 0 0 0 24.6385
0 0 0 0 0 24.504
0 0 0 0 1 24.6168
0 0 0 0 1 24.5572
0 0 0 0 0 24.6958
0 0 0 0 1 24.7594
0 0 0 0 1 18.1817
0 0 0 0 1 17.5266
0 0 0 0 1 17.0198
0 0 0 0 1 16.5772
0 0 0 0 1 16.1469
0 0 0 0 1 15.8477
0 0 0 0 0 15.6248
0 0 0 0 0 15.0758
0 0 0 0 1 14.8015
0 0 0 0 1 14.524
0 0 0 0 0 14.1836
0 0 0 0 1 13.9009
0 0 0 0 0 13.9683
0 0 0 0 1 14.05
0 0 0 0 0 14.0625
0 0 0 0 0 13.7965
0 0 0 0 1 13.8671
0 0 0 0 0 14.0756
0 0 0 0 1 14.0472
0 0 0 0 1 13.9629
0 0 0 0 1 14.1331
0 0 0 0 1 14.0492
0 0 0 0 1 14.1057
0 0 0 0 1 14.0221
0 0 0 0 1 14.0956
0 0 0 0 1 14.0122
0 0 0 0 1 14.2108
0 0 0 0 0 14.2009
0 0 0 0 0 14.1887
0 0 0 0 0 14.2049
0 0 0 0 1 14.2807
0 0 0 0 1 14.0705
0 0 0 0 1 14.1469
0 0 0 0 1 14.2777
0 0 0 0 1 14.3835
0 0 0 0 1 14.3728
0 0 0 0 1 14.2083
0 0 0 0 0 14.3979
0 0 0 0 1 14.219
0 0 0 0 1 14.3809
0 0 0 0 1 8.8877
0 0 0 0 1 8.70349
0 0 0 0 1 8.61585
0 0 0 0 1 8.5457
0 0 0 0 1 8.349
0 0 0 0 0 8.33706
0 0 0 0 1 8.11955
0 0 0 0 1 8.01719
0 0 0 0 1 7.92429
0 0 0 0 1 7.98169
0 0 0 0 0 7.86548
0 0 0 0 1 7.77936
0 0 0 0 1 7.59562
0 0 0 0 1 7.5049
0 0 0 0 1 7.40701
0 0 0 0 1 7.46677
0 0 0 0 1 7.38279
0 0 0 0 1 7.17066
0 0 0 0 1 7.13353
0 0 0 0 1 7.1029
0 0 0 0 1 7.01534
0 0 0 0 1 6.92343
0 0 0 0 1 6.89883
0 0 0 0 1 6.86892
0 0 0 0 1 6.82498
0 0 0 0 1 6.73392
0 0 0 0 1 6.62361
0 0 0 0 1 6.63252
0 0 0 0 1 6.54913
0 0 0 0 1 6.42371
0 0 0 0 1 6.38013
0 0 0 0 1 6.28832
0 0 0 0 1 6.26633
0 0 0 0 1 6.16299
0 0 0 0 1 6.1964
0 0 0 0 1 6.11218
0 0 0 0 0 6.02256
0 0 0 0 1 6.08091
0 0 0 0 0 5.97959
0 0 0 0 1 5.97686
0 0 0 0 0 5.88248
0 0 0 0 1 5.87346
0 0 0 0 1 5.77726
0 0 0 0 0 5.69343
0 0 0 0 1 5.73823
0 0 0 0 1 5.68309
0 0 0 0 1 5.63382
0 0 0 0 1 5.57675
0 0 0 0 1 5.48933
0 0 0 0 1 5.46847
0 0 0 0 1 5.44738
0 0 0 0 1 5.42387
0 0 0 0 1 5.4164
0 0 0 0 0 5.30952
0 0 0 0 1 5.24918
0 0 0 0 0 5.23865
0 0 0 0 1 5.1945
0 0 0 0 1 5.18684
0 0 0 0 0 5.10686
0 0 0 0 1 5.07361
0 0 0 0 0 5.09812
0 0 0 0 0 5.05457
0 0 0 0 0 5.06468
0 0 0 0 1 5.01628
0 0 0 0 1 4.91373
0 0 0 0 0 4.92528
0 0 0 0 1 4.89239
0 0 0 0 1 4.89694
0 0 0 0 1 4.79166
0 0 0 0 1 4.86315
0 0 0 0 1 4.87496
0 0 0 0 1 4.87826
0 0 0 0 1 4.81836
0 0 0 0 1 4.91303
0 0 0 0 1 4.8969
0 0 0 0 1 4.8659
0 0 0 0 1 4.97758
0 0 0 0 1 4.98002
0 0 0 0 0 4.99856
0 0 0 0 1 4.99731
0 0 0 0 1 4.9399
0 0 0 0 1 4.98345
0 0 0 0 1 4.99713
0 0 0 0 1 5.09162
0 0 0 0 1 5.07536
0 0 0 0 0 5.03351
0 0 0 0 1 5.1393
0 0 0 0 1 5.09729
0 0 0 0 1 5.17694
0 0 0 0 1 5.14505
0 0 0 0 1 5.20601
0 0 0 0 1 5.16869
0 0 0 0 1 5.21968
0 0 0 0 0 5.2553
0 0 0 0 1 5.28588
0 0 0 0 0 5.26916
0 0 0 0 1 5.24835
0 0 0 0 0 5.28442
0 0 0 0 1 5.39549
0 0 0 0 1 5.37864
0 0 0 0 1 5.37775
0 0 0 0 1 5.40529
0 0 0 0 0 5.42605
0 0 0 0 1 5.43599
0 0 0 0 0 5.52803
0 0 0 0 1 5.47386
0 0 0 0 1 5.57221
0 0 0 0 1 5.57858
0 0 0 0 1 5.61117
0 0 0 0 1 5.64554
0 0 0 0 1 5.61101
0 0 0 0 1 5.60585
0 0 0 0 1 5.71247
0 0 0 0 0 5.75882
0 0 0 0 1 5.75802
0 0 0 0 0 5.78172
0 0 0 0 1 5.82862
0 0 0 0 0 5.84095
0 0 0 0 1 5.89246
0 0 0 0 0 5.92251
0 0 0 0 1 5.83481
0 0 0 0 1 5.95335
0 0 0 0 0 5.93598
0 0 0 0 1 5.99005
0 0 0 0 1 5.9723
0 0 0 0 1 6.00858
0 0 0 0 1 6.13616
0 0 0 0 1 6.16103
0 0 0 0 1 6.08162
0 0 0 0 0 6.2187
0 0 0 0 0 9.42385
0 0 0 0 1 9.49082
0 0 0 0 1 9.48789
0 0 0 0 0 9.50378
0 0 0 0 1 9.46636
0 0 0 0 1 9.3138
0 0 0 0 1 9.41386
0 0 0 0 1 9.32422
0 0 0 0 1 9.22301
0 0 0 0 1 9.18386
0 0 0 0 1 9.27374
0 0 0 0 1 9.18878
0 0 0 0 0 9.04952
0 0 0 0 1 9.08425
0 0 0 0 1 9.00977
0 0 0 0 1 9.08967
0 0 0 0 1 9.01564
0 0 0 0 1 9.03777
0 0 0 0 1 8.91049
0 0 0 0 0 8.92382
0 0 0 0 1 8.8601
0 0 0 0 1 8.94801
0 0 0 0 1 8.78711
0 0 0 0 1 8.85706
0 0 0 0 1 8.75577
0 0 0 0 1 8.82548
0 0 0 0 1 8.78963
0 0 0 0 1 8.80849
0 0 0 0 1 8.72933
0 0 0 0 1 8.77773
0 0 0 0 1 8.61245
0 0 0 0 1 8.73881
0 0 0 0 1 8.6609
0 0 0 0 0 8.58001
0 0 0 0 0 8.59747
0 0 0 0 0 8.55149
0 0 0 0 1 8.48372
0 0 0 0 1 8.4639
0 0 0 0 1 8.51218
0 0 0 0 0 8.48401
0 0 0 0 1 8.39682
0 0 0 0 1 8.52101
0 0 0 0 1 8.42105
0 0 0 0 1 8.46914
0 0 0 0 1 8.36633
0 0 0 0 1 8.33925
0 0 0 0 1 8.27067
0 0 0 0 1 8.32265
0 0 0 0 0 8.2629
0 0 0 0 1 8.30282
0 0 0 0 0 8.29757
0 0 0 0 0 8.22194
0 0 0 0 1 8.28661
0 0 0 0 1 8.23612
0 0 0 0 1 8.2351
0 0 0 0 0 8.09516
0 0 0 0 1 8.18436
0 0 0 0 1 8.09415
0 0 0 0 0 8.18317
0 0 0 0 1 8.17461
0 0 0 0 1 8.15808
0 0 0 0 0 8.12557
0 0 0 0 0 8.05299
0 0 0 0 0 8.03301
0 0 0 0 1 7.99318
0 0 0 0 0 8.05783
0 0 0 0 0 8.04232
0 0 0 0 1 7.91517
0 0 0 0 0 7.95977
0 0 0 0 1 8.01649
0 0 0 0 1 7.8983
0 0 0 0 1 7.97102
0 0 0 0 1 7.87734
0 0 0 0 1 7.96946
0 0 0 0 1 7.92365
0 0 0 0 1 7.89389
0 0 0 0 0 7.89926
0 0 0 0 0 7.92826
0 0 0 0 1 7.8362
0 0 0 0 1 7.9012
0 0 0 0 1 7.74722
0 0 0 0 0 7.77662
0 0 0 0 1 7.86519
0 0 0 0 1 7.71236
0 0 0 0 1 7.71086
0 0 0 0 1 7.83834
0 0 0 0 1 7.68961
