0 0 0 0 1 5.60282
0 0 0 0 1 5.52866
0 0 0 0 1 5.549
0 0 0 0 0 5.58866
0 0 0 0 1 5.55354
0 0 0 0 1 5.54635
0 0 0 0 1 5.56076
0 0 0 0 1 5.58735
0 0 0 0 1 5.63885
0 0 0 0 1 5.64897
0 0 0 0 1 5.66486
0 0 0 0 1 5.67528
0 0 0 0 1 5.64276
0 0 0 0 1 5.65333
0 0 0 0 1 5.64704
0 0 0 0 0 5.65991
0 0 0 0 0 5.71634
0 0 0 0 1 5.6534
0 0 0 0 1 5.67025
0 0 0 0 1 5.72542
0 0 0 0 1 5.71395
0 0 0 0 1 5.78284
0 0 0 0 1 5.75437
0 0 0 0 1 5.72586
0 0 0 0 0 5.82029
0 0 0 0 0 5.79774
0 0 0 0 1 5.85048
0 0 0 0 1 5.7526
0 0 0 0 1 5.78236
0 0 0 0 1 5.81814
0 0 0 0 1 5.87753
0 0 0 0 1 5.83344
0 0 0 0 1 5.883
0 0 0 0 0 5.82555
0 0 0 0 1 5.87973
0 0 0 0 1 5.90473
0 0 0 0 1 5.88852
0 0 0 0 0 5.88414
0 0 0 0 1 5.96296
0 0 0 0 0 5.94099
0 0 0 0 1 5.95478
0 0 0 0 1 5.97467
0 0 0 0 1 6.02595
0 0 0 0 1 6.04617
0 0 0 0 1 6.06654
0 0 0 0 0 6.06292
0 0 0 0 1 6.09445
0 0 0 0 1 6.07885
0 0 0 0 1 6.13011
0 0 0 0 1 6.04144
0 0 0 0 0 6.16628
0 0 0 0 1 6.16924
0 0 0 0 1 6.18965
0 0 0 0 0 6.18146
0 0 0 0 1 6.21544
0 0 0 0 1 6.21868
0 0 0 0 1 6.2654
0 0 0 0 0 6.20567
0 0 0 0 1 6.21525
0 0 0 0 0 6.19361
0 0 0 0 0 6.25879
0 0 0 0 1 6.24977
0 0 0 0 1 6.24703
0 0 0 0 1 6.34551
0 0 0 0 1 6.33035
0 0 0 0 1 6.35883
0 0 0 0 1 6.36916
0 0 0 0 1 6.37237
0 0 0 0 1 6.39566
0 0 0 0 1 6.49566
0 0 0 0 0 6.47421
0 0 0 0 1 6.43246
0 0 0 0 1 6.53424
0 0 0 0 1 6.57789
0 0 0 0 1 6.58909
0 0 0 0 1 6.58005
0 0 0 0 1 6.53144
0 0 0 0 0 6.60862
0 0 0 0 1 6.59952
0 0 0 0 1 6.61694
0 0 0 0 1 6.71455
0 0 0 0 0 6.65938
0 0 0 0 0 6.65086
0 0 0 0 1 6.709
0 0 0 0 1 6.72022
0 0 0 0 1 6.77219
0 0 0 0 1 6.86538
0 0 0 0 1 6.88401
0 0 0 0 1 6.84784
0 0 0 0 1 6.82512
0 0 0 0 1 6.94735
0 0 0 0 1 6.88361
0 0 0 0 1 6.93718
0 0 0 0 1 7.04696
0 0 0 0 1 6.94018
0 0 0 0 0 7.09289
0 0 0 0 0 7.07674
0 0 0 0 0 7.11756
0 0 0 0 1 7.05176
0 0 0 0 0 7.10694
0 0 0 0 1 7.11222
0 0 0 0 1 7.21831
0 0 0 0 1 7.25241
0 0 0 0 1 7.32342
0 0 0 0 0 7.27046
0 0 0 0 1 7.36391
0 0 0 0 1 7.29571
0 0 0 0 1 7.31641
0 0 0 0 1 7.38073
0 0 0 0 1 7.46041
0 0 0 0 1 7.54852
0 0 0 0 1 7.58428
0 0 0 0 1 7.49937
0 0 0 0 1 7.60317
0 0 0 0 0 7.57102
0 0 0 0 1 7.62217
0 0 0 0 1 7.76588
0 0 0 0 0 7.74852
0 0 0 0 0 7.83172
0 0 0 0 0 7.80632
0 0 0 0 1 7.77317
0 0 0 0 1 7.84916
0 0 0 0 1 7.93312
0 0 0 0 1 7.91485
0 0 0 0 1 8.04745
0 0 0 0 0 7.96482
0 0 0 0 1 8.01833
0 0 0 0 1 8.06403
0 0 0 0 0 8.199
0 0 0 0 1 8.26189
0 0 0 0 1 8.19292
0 0 0 0 1 8.36296
0 0 0 0 1 8.37691
0 0 0 0 0 8.42363
0 0 0 0 1 8.48735
0 0 0 0 1 8.41608
0 0 0 0 1 8.51378
0 0 0 0 1 8.61221
0 0 0 0 1 8.5745
0 0 0 0 0 8.55265
0 0 0 0 1 8.64232
0 0 0 0 1 8.68973
0 0 0 0 0 8.78921
0 0 0 0 1 8.76731
0 0 0 0 0 8.80525
0 0 0 0 1 8.86105
0 0 0 0 1 9.05216
0 0 0 0 1 9.10012
0 0 0 0 1 9.09443
0 0 0 0 1 9.2431
0 0 0 0 1 9.26392
0 0 0 0 1 9.1916
0 0 0 0 1 9.30582
0 0 0 0 1 9.32464
0 0 0 0 1 9.46724
0 0 0 0 1 9.44801
0 0 0 0 0 9.66756
0 0 0 0 0 9.57211
0 0 0 0 1 9.73574
0 0 0 0 1 9.82264
0 0 0 0 0 9.79179
0 0 0 0 1 9.88029
0 0 0 0 1 9.92632
0 0 0 0 1 10.0642
0 0 0 0 1 10.0802
0 0 0 0 0 10.2501
0 0 0 0 1 10.2043
0 0 0 0 1 10.3224
0 0 0 0 1 10.4744
0 0 0 0 1 10.395
0 0 0 0 1 10.6413
0 0 0 0 0 10.6538
0 0 0 0 1 10.8502
0 0 0 0 1 10.7866
0 0 0 0 1 9.26867
0 0 0 0 0 9.19823
0 0 0 0 1 9.19777
0 0 0 0 1 9.21114
0 0 0 0 1 9.23845
0 0 0 0 1 9.13225
0 0 0 0 0 9.19644
0 0 0 0 1 9.19171
0 0 0 0 1 9.11858
0 0 0 0 1 9.10514
0 0 0 0 1 9.16
0 0 0 0 1 9.02875
0 0 0 0 0 9.0384
0 0 0 0 1 8.97578
0 0 0 0 1 8.93627
0 0 0 0 0 8.93729
0 0 0 0 1 9.03294
0 0 0 0 0 8.99811
0 0 0 0 0 8.85614
0 0 0 0 1 8.86658
0 0 0 0 1 8.89974
0 0 0 0 1 8.80354
0 0 0 0 0 8.96521
0 0 0 0 1 8.82512
0 0 0 0 1 8.75639
0 0 0 0 1 8.80775
0 0 0 0 0 8.88931
0 0 0 0 1 8.70685
0 0 0 0 1 8.80607
0 0 0 0 1 8.68594
0 0 0 0 1 8.74132
0 0 0 0 1 8.79297
0 0 0 0 1 8.68258
0 0 0 0 1 8.72062
0 0 0 0 1 8.77603
0 0 0 0 0 8.64053
0 0 0 0 1 8.57486
0 0 0 0 1 8.72572
0 0 0 0 0 8.58266
0 0 0 0 1 8.5781
0 0 0 0 0 8.62533
0 0 0 0 1 8.68114
0 0 0 0 0 8.55668
0 0 0 0 1 8.59554
0 0 0 0 0 8.4975
0 0 0 0 1 8.62206
0 0 0 0 1 8.52753
0 0 0 0 1 8.56673
0 0 0 0 1 8.4898
0 0 0 0 0 8.61294
0 0 0 0 1 8.89509
0 0 0 0 0 9.04839
0 0 0 0 1 9.12056
0 0 0 0 1 9.32068
0 0 0 0 1 9.39137
0 0 0 0 1 9.62208
0 0 0 0 0 9.73913
0 0 0 0 0 9.83548
0 0 0 0 0 10.0599
0 0 0 0 1 10.0823
0 0 0 0 1 10.4105
0 0 0 0 1 10.5212
0 0 0 0 1 10.6516
0 0 0 0 0 11.0184
0 0 0 0 1 11.2577
0 0 0 0 1 11.4744
0 0 0 0 1 11.5041
0 0 0 0 0 11.7014
0 0 0 0 1 12.0904
0 0 0 0 1 12.2225
0 0 0 0 1 12.4474
0 0 0 0 1 12.7962
0 0 0 0 0 22.9328
0 0 0 0 1 22.9137
0 0 0 0 1 22.8252
0 0 0 0 1 22.4897
0 0 0 0 1 22.6308
0 0 0 0 1 22.8401
0 0 0 0 0 22.8006
0 0 0 0 1 22.5356
0 0 0 0 1 22.6101
0 0 0 0 1 22.5044
0 0 0 0 1 22.4218
0 0 0 0 1 22.3848
0 0 0 0 1 22.7327
0 0 0 0 1 22.4711
0 0 0 0 1 22.4129
0 0 0 0 1 22.4675
0 0 0 0 1 22.635
0 0 0 0 0 22.3533
0 0 0 0 1 23.014
0 0 0 0 1 23.8826
0 0 0 0 1 25.2437
0 0 0 0 1 26.422
0 0 0 0 1 36.7454
0 0 0 0 0 36.2206
0 0 0 0 1 36.352
0 0 0 0 1 36.0474
0 0 0 0 1 36.2106
0 0 0 0 1 38.7575
0 0 0 0 1 52.0146
0 0 0 0 1 52.2073
0 0 0 0 0 52.1934
0 0 0 0 1 52.0757
0 0 0 0 0 52.4793
0 0 0 0 0 56.2724
0 0 0 0 1 65.0043
0 0 0 0 1 70.0819
0 0 0 0 1 82.3827
0 0 0 0 0 5.0601
0 0 0 0 0 4.98495
0 0 0 0 0 5.00499
0 0 0 0 0 5.03505
0 0 0 0 0 4.96491
0 0 0 0 0 4.9599
0 0 0 0 0 4.96992
0 0 0 0 0 4.99497
0 0 0 0 0 4.96491
0 0 0 0 0 4.99497
0 0 0 0 0 4.99998
0 0 0 0 0 5.0601
0 0 0 0 1 87.4156
0 0 0 0 1 87.1619
0 0 0 0 0 74.6189
0 0 0 0 1 63.7751
0 0 0 0 0 60.0422
0 0 0 0 0 61.0219
0 0 0 0 1 60.8522
0 0 0 0 1 51.6739
0 0 0 0 1 47.6992
0 0 0 0 0 48.0955
0 0 0 0 1 38.8814
0 0 0 0 1 37.0407
0 0 0 0 1 35.9532
0 0 0 0 1 35.9298
0 0 0 0 0 35.6564
0 0 0 0 1 35.9199
0 0 0 0 1 27.7971
0 0 0 0 1 26.9911
0 0 0 0 1 25.5622
0 0 0 0 0 24.6884
0 0 0 0 1 24.6016
0 0 0 0 1 24.737
0 0 0 0 1 24.8225
0 0 0 0 1 24.8111
0 0 0 0 1 24.8989
0 0 0 0 0 24.6168
0 0 0 0 1 24.5819
0 0 0 0 1 24.5969
0 0 0 0 0 24.6357
0 0 0 0 0 18.1089
0 0 0 0 0 17.7742
0 0 0 0 1 17.0714
0 0 0 0 1 16.5772
0 0 0 0 1 16.4076
0 0 0 0 1 15.8954
0 0 0 0 1 15.6403
0 0 0 0 1 14.97
0 0 0 0 1 14.6687
0 0 0 0 1 14.4663
0 0 0 0 1 14.1836
0 0 0 0 1 13.9148
0 0 0 0 1 13.9822
0 0 0 0 0 13.9665
0 0 0 0 1 13.8815
0 0 0 0 0 13.894
0 0 0 0 1 14.0485
0 0 0 0 1 13.8662
0 0 0 0 1 14.0472
0 0 0 0 1 14.0888
0 0 0 0 1 13.881
0 0 0 0 1 14.0492
0 0 0 0 0 14.0636
0 0 0 0 1 13.9097
0 0 0 0 0 14.1238
0 0 0 0 1 14.2094
0 0 0 0 1 14.2108
0 0 0 0 1 14.1445
0 0 0 0 0 14.1887
0 0 0 0 0 14.2049
0 0 0 0 1 14.1249
0 0 0 0 1 14.2833
0 0 0 0 0 14.2605
0 0 0 0 1 14.1355
0 0 0 0 1 14.1557
0 0 0 0 1 14.1447
0 0 0 0 1 14.3511
0 0 0 0 0 14.1977
0 0 0 0 1 14.4481
0 0 0 0 1 14.3235
0 0 0 0 1 8.76414
0 0 0 0 1 8.70349
0 0 0 0 1 8.63305
0 0 0 0 1 8.5372
0 0 0 0 1 8.32383
0 0 0 0 1 8.23762
0 0 0 0 1 8.15232
0 0 0 0 0 8.0091
0 0 0 0 1 7.98826
0 0 0 0 1 7.95798
0 0 0 0 1 7.89675
0 0 0 0 1 7.77163
0 0 0 0 1 7.58798
0 0 0 0 1 7.5049
0 0 0 0 1 7.5266
0 0 0 0 1 7.38537
0 0 0 0 1 7.38279
0 0 0 0 1 7.17791
0 0 0 0 1 7.1407
0 0 0 0 0 7.03194
0 0 0 0 1 6.98023
0 0 0 0 1 7.00693
0 0 0 0 1 6.90572
0 0 0 0 0 6.85528
0 0 0 0 1 6.76416
0 0 0 0 0 6.66698
0 0 0 0 0 6.61035
0 0 0 0 0 6.60626
0 0 0 0 1 6.45808
0 0 0 0 1 6.40436
0 0 0 0 1 6.43122
0 0 0 0 1 6.28832
0 0 0 0 1 6.24749
0 0 0 0 1 6.17544
0 0 0 0 1 6.18405
0 0 0 0 0 6.11218
0 0 0 0 1 6.08927
0 0 0 0 1 5.96652
0 0 0 0 1 5.97959
0 0 0 0 0 5.96501
0 0 0 0 1 5.87661
0 0 0 0 1 5.84432
0 0 0 0 1 5.72521
0 0 0 0 1 5.78526
0 0 0 0 1 5.65861
0 0 0 0 1 5.59843
0 0 0 0 1 5.59462
0 0 0 0 1 5.50996
0 0 0 0 0 5.57217
0 0 0 0 1 5.52326
0 0 0 0 0 5.39845
0 0 0 0 0 5.39145
0 0 0 0 0 5.33051
0 0 0 0 1 5.33082
0 0 0 0 1 5.27564
0 0 0 0 1 5.29115
0 0 0 0 0 5.25187
0 0 0 0 1 5.14021
0 0 0 0 0 5.1326
0 0 0 0 1 5.12987
0 0 0 0 0 5.05247
0 0 0 0 1 5.05961
0 0 0 0 1 5.00451
0 0 0 0 1 4.97144
0 0 0 0 1 4.92858
0 0 0 0 1 4.95477
0 0 0 0 0 4.90215
0 0 0 0 1 4.85322
0 0 0 0 0 4.82062
0 0 0 0 1 4.81018
0 0 0 0 1 4.86531
0 0 0 0 0 4.88795
0 0 0 0 0 4.8135
0 0 0 0 1 4.86429
0 0 0 0 1 4.90668
0 0 0 0 1 4.87081
0 0 0 0 1 4.94801
0 0 0 0 1 4.95532
0 0 0 0 1 4.92914
0 0 0 0 1 4.92762
0 0 0 0 1 5.02972
0 0 0 0 1 5.0135
0 0 0 0 1 4.99713
0 0 0 0 1 5.05125
0 0 0 0 1 5.07536
0 0 0 0 1 5.05893
0 0 0 0 1 5.1393
0 0 0 0 1 5.16902
0 0 0 0 1 5.15126
0 0 0 0 1 5.11927
0 0 0 0 1 5.18531
0 0 0 0 1 5.18947
0 0 0 0 1 5.26661
0 0 0 0 0 5.22389
0 0 0 0 1 5.29639
0 0 0 0 1 5.25862
0 0 0 0 1 5.26956
0 0 0 0 1 5.27378
0 0 0 0 1 5.31536
0 0 0 0 0 5.38937
0 0 0 0 1 5.33468
0 0 0 0 0 5.36742
0 0 0 0 1 5.39889
0 0 0 0 1 5.48506
0 0 0 0 1 5.52803
0 0 0 0 0 5.55638
0 0 0 0 1 5.53355
0 0 0 0 1 5.55638
0 0 0 0 1 5.62788
0 0 0 0 1 5.62314
0 0 0 0 1 5.63912
0 0 0 0 0 5.6115
0 0 0 0 0 5.70112
0 0 0 0 1 5.6676
0 0 0 0 1 5.71223
0 0 0 0 1 5.78172
0 0 0 0 1 5.72454
0 0 0 0 1 5.79446
0 0 0 0 1 5.79328
0 0 0 0 1 5.8756
0 0 0 0 0 5.935
0 0 0 0 1 5.92966
0 0 0 0 0 6.00147
0 0 0 0 1 6.01997
0 0 0 0 1 5.95426
0 0 0 0 0 6.00254
0 0 0 0 0 6.08756
0 0 0 0 0 6.16103
0 0 0 0 0 6.08776
0 0 0 0 1 6.20635
0 0 0 0 1 9.53808
0 0 0 0 0 9.47185
0 0 0 0 1 9.51624
0 0 0 0 1 9.33424
0 0 0 0 1 9.2881
0 0 0 0 0 9.32315
0 0 0 0 1 9.36725
0 0 0 0 1 9.28703
0 0 0 0 1 9.29709
0 0 0 0 0 9.32231
0 0 0 0 1 9.10813
0 0 0 0 0 9.20712
0 0 0 0 1 9.22319
0 0 0 0 0 9.19359
0 0 0 0 1 9.10968
0 0 0 0 0 9.07156
0 0 0 0 1 9.00661
0 0 0 0 1 8.98376
0 0 0 0 1 9.02714
0 0 0 0 0 9.04018
0 0 0 0 1 8.84226
0 0 0 0 1 8.91243
0 0 0 0 1 8.90238
0 0 0 0 1 8.76866
0 0 0 0 1 8.74695
0 0 0 0 1 8.82548
0 0 0 0 1 8.72829
0 0 0 0 1 8.65978
0 0 0 0 1 8.80781
0 0 0 0 0 8.74293
0 0 0 0 1 8.74255
0 0 0 0 1 8.62633
0 0 0 0 1 8.54875
0 0 0 0 1 8.65746
0 0 0 0 1 8.56315
0 0 0 0 1 8.62853
0 0 0 0 0 8.47518
0 0 0 0 1 8.48093
0 0 0 0 1 8.50368
0 0 0 0 1 8.44163
0 0 0 0 1 8.47293
0 0 0 0 1 8.47883
0 0 0 0 1 8.47153
0 0 0 0 0 8.34324
0 0 0 0 0 8.4082
0 0 0 0 1 8.34761
0 0 0 0 1 8.32069
0 0 0 0 1 8.39748
0 0 0 0 0 8.23801
0 0 0 0 1 8.36076
0 0 0 0 1 8.33062
0 0 0 0 1 8.26317
0 0 0 0 1 8.26192
0 0 0 0 1 8.14579
0 0 0 0 1 8.21871
0 0 0 0 1 8.11151
0 0 0 0 0 8.20884
0 0 0 0 0 8.11043
0 0 0 0 1 8.15066
0 0 0 0 1 8.0854
0 0 0 0 0 8.0205
0 0 0 0 0 8.15788
0 0 0 0 1 7.98044
0 0 0 0 1 8.12155
0 0 0 0 1 8.06548
0 0 0 0 0 8.00171
0 0 0 0 0 8.04232
0 0 0 0 1 7.91517
0 0 0 0 1 7.91191
0 0 0 0 0 7.9528
0 0 0 0 1 7.90624
0 0 0 0 1 7.95516
0 0 0 0 1 7.90901
0 0 0 0 1 7.85087
0 0 0 0 1 7.93155
0 0 0 0 1 7.89389
0 0 0 0 1 7.93073
0 0 0 0 1 7.88112
0 0 0 0 1 7.7656
0 0 0 0 1 7.77591
0 0 0 0 1 7.86449
0 0 0 0 1 7.83127
0 0 0 0 1 7.80283
0 0 0 0 0 7.83687
0 0 0 0 1 7.81968
0 0 0 0 0 7.77626
0 0 0 0 1 7.67411
