0 0 0 0 1 5.50296
0 0 0 0 0 5.50644
0 0 0 0 1 5.51561
0 0 0 0 0 5.51623
0 0 0 0 1 5.54795
0 0 0 0 0 5.58549
0 0 0 0 1 5.58314
0 0 0 0 1 5.63778
0 0 0 0 1 5.58274
0 0 0 0 1 5.64335
0 0 0 0 1 5.58603
0 0 0 0 1 5.60758
0 0 0 0 1 5.62016
0 0 0 0 1 5.64767
0 0 0 0 1 5.70941
0 0 0 0 1 5.67127
0 0 0 0 1 5.69928
0 0 0 0 1 5.69329
0 0 0 0 1 5.76161
0 0 0 0 1 5.70828
0 0 0 0 1 5.71395
0 0 0 0 0 5.79431
0 0 0 0 1 5.8061
0 0 0 0 0 5.70282
0 0 0 0 1 5.72799
0 0 0 0 0 5.72837
0 0 0 0 1 5.80414
0 0 0 0 1 5.82226
0 0 0 0 1 5.84635
0 0 0 0 1 5.79482
0 0 0 0 1 5.84832
0 0 0 0 1 5.83344
0 0 0 0 1 5.89472
0 0 0 0 0 5.90776
0 0 0 0 1 5.94447
0 0 0 0 0 5.93422
0 0 0 0 0 5.9299
0 0 0 0 1 5.96118
0 0 0 0 0 5.88575
0 0 0 0 1 6.00647
0 0 0 0 1 6.00848
0 0 0 0 1 6.00457
0 0 0 0 0 6.02595
0 0 0 0 1 5.9501
0 0 0 0 0 5.9883
0 0 0 0 0 6.04482
0 0 0 0 0 6.10655
0 0 0 0 1 6.06065
0 0 0 0 1 6.03889
0 0 0 0 1 6.05364
0 0 0 0 1 6.13572
0 0 0 0 1 6.07122
0 0 0 0 1 6.17736
0 0 0 0 0 6.19377
0 0 0 0 1 6.12286
0 0 0 0 0 6.20631
0 0 0 0 1 6.20957
0 0 0 0 1 6.28037
0 0 0 0 1 6.21525
0 0 0 0 1 6.21238
0 0 0 0 1 6.29645
0 0 0 0 1 6.23088
0 0 0 0 1 6.27858
0 0 0 0 1 6.33286
0 0 0 0 0 6.30498
0 0 0 0 1 6.31427
0 0 0 0 1 6.34364
0 0 0 0 1 6.38518
0 0 0 0 0 6.44703
0 0 0 0 0 6.45699
0 0 0 0 1 6.48067
0 0 0 0 1 6.51027
0 0 0 0 1 6.56675
0 0 0 0 1 6.4801
0 0 0 0 1 6.57602
0 0 0 0 0 6.54725
0 0 0 0 1 6.6302
0 0 0 0 1 6.60862
0 0 0 0 1 6.65915
0 0 0 0 1 6.61029
0 0 0 0 1 6.66115
0 0 0 0 1 6.64599
0 0 0 0 1 6.77837
0 0 0 0 1 6.6888
0 0 0 0 1 6.72698
0 0 0 0 1 6.84684
0 0 0 0 1 6.79046
0 0 0 0 1 6.82932
0 0 0 0 0 6.80667
0 0 0 0 1 6.86644
0 0 0 0 0 6.975
0 0 0 0 1 7.00146
0 0 0 0 1 6.95109
0 0 0 0 1 6.96315
0 0 0 0 0 6.94719
0 0 0 0 0 7.00845
0 0 0 0 0 7.03432
0 0 0 0 1 7.08207
0 0 0 0 1 7.08738
0 0 0 0 1 7.13554
0 0 0 0 1 7.16246
0 0 0 0 1 7.22551
0 0 0 0 1 7.27412
0 0 0 0 1 7.27256
0 0 0 0 1 7.33616
0 0 0 0 1 7.27599
0 0 0 0 0 7.42086
0 0 0 0 1 7.35333
0 0 0 0 1 7.35848
0 0 0 0 0 7.39334
0 0 0 0 0 7.53356
0 0 0 0 1 7.59179
0 0 0 0 0 7.54468
0 0 0 0 0 7.56523
0 0 0 0 0 7.60149
0 0 0 0 1 7.57625
0 0 0 0 1 7.69667
0 0 0 0 1 7.70217
0 0 0 0 1 7.77739
0 0 0 0 1 7.83752
0 0 0 0 1 7.85927
0 0 0 0 0 7.80984
0 0 0 0 1 7.86194
0 0 0 0 1 8.0261
0 0 0 0 1 7.96753
0 0 0 0 1 8.04511
0 0 0 0 1 8.099
0 0 0 0 1 8.0235
0 0 0 0 0 8.19085
0 0 0 0 1 8.13088
0 0 0 0 1 8.26702
0 0 0 0 0 8.25532
0 0 0 0 1 8.33532
0 0 0 0 1 8.31489
0 0 0 0 1 8.33594
0 0 0 0 0 8.44992
0 0 0 0 1 8.55631
0 0 0 0 1 8.50102
0 0 0 0 1 8.66042
0 0 0 0 1 8.65632
0 0 0 0 1 8.65101
0 0 0 0 1 8.76841
0 0 0 0 1 8.74522
0 0 0 0 1 8.89988
0 0 0 0 1 8.97424
0 0 0 0 0 8.94161
0 0 0 0 1 9.07918
0 0 0 0 1 9.00042
0 0 0 0 1 9.13088
0 0 0 0 1 9.17891
0 0 0 0 1 9.25469
0 0 0 0 1 9.23803
0 0 0 0 0 9.38049
0 0 0 0 1 9.47504
0 0 0 0 1 9.50507
0 0 0 0 0 9.53373
0 0 0 0 1 9.53329
0 0 0 0 1 9.69755
0 0 0 0 1 9.63858
0 0 0 0 1 9.76394
0 0 0 0 1 9.90015
0 0 0 0 1 10.0091
0 0 0 0 1 9.97625
0 0 0 0 1 10.0642
0 0 0 0 1 10.0599
0 0 0 0 1 10.1277
0 0 0 0 1 10.2967
0 0 0 0 1 10.3638
0 0 0 0 1 10.3494
0 0 0 0 1 10.5945
0 0 0 0 1 10.5989
0 0 0 0 1 10.6752
0 0 0 0 0 10.8179
0 0 0 0 1 10.9057
0 0 0 0 1 9.24075
0 0 0 0 1 9.21679
0 0 0 0 0 9.27188
0 0 0 0 1 9.25734
0 0 0 0 1 9.20157
0 0 0 0 1 9.18743
0 0 0 0 0 9.0863
0 0 0 0 1 9.13678
0 0 0 0 1 9.05462
0 0 0 0 0 9.08691
0 0 0 0 1 9.15091
0 0 0 0 1 9.13764
0 0 0 0 1 9.11086
0 0 0 0 1 9.12944
0 0 0 0 1 8.98136
0 0 0 0 0 8.95529
0 0 0 0 0 9.02397
0 0 0 0 1 8.87264
0 0 0 0 1 9.02611
0 0 0 0 0 8.94694
0 0 0 0 1 8.88192
0 0 0 0 0 8.82133
0 0 0 0 1 8.93858
0 0 0 0 1 8.84284
0 0 0 0 1 8.80946
0 0 0 0 1 8.7548
0 0 0 0 1 8.77478
0 0 0 0 1 8.85636
0 0 0 0 1 8.82363
0 0 0 0 0 8.81741
0 0 0 0 1 8.82007
0 0 0 0 1 8.76678
0 0 0 0 0 8.76976
0 0 0 0 1 8.69451
0 0 0 0 1 8.71521
0 0 0 0 1 8.63185
0 0 0 0 1 8.57486
0 0 0 0 1 8.60465
0 0 0 0 1 8.59993
0 0 0 0 1 8.56948
0 0 0 0 1 8.63394
0 0 0 0 0 8.50923
0 0 0 0 0 8.62534
0 0 0 0 1 8.61268
0 0 0 0 1 8.61731
0 0 0 0 1 8.4597
0 0 0 0 1 8.57021
0 0 0 0 1 8.58378
0 0 0 0 1 8.56698
0 0 0 0 0 8.71734
0 0 0 0 1 8.88627
0 0 0 0 1 8.93192
0 0 0 0 1 9.0569
0 0 0 0 1 9.20059
0 0 0 0 0 9.46643
0 0 0 0 1 9.44089
0 0 0 0 1 9.71009
0 0 0 0 1 9.9044
0 0 0 0 1 10.0198
0 0 0 0 1 10.2453
0 0 0 0 1 10.4416
0 0 0 0 1 10.5951
0 0 0 0 1 10.6409
0 0 0 0 1 11.0512
0 0 0 0 1 11.1017
0 0 0 0 1 11.463
0 0 0 0 1 11.6894
0 0 0 0 1 11.7723
0 0 0 0 1 12.0301
0 0 0 0 1 12.3702
0 0 0 0 1 12.4474
0 0 0 0 1 12.7448
0 0 0 0 1 22.6828
0 0 0 0 1 22.8229
0 0 0 0 1 22.5756
0 0 0 0 1 22.7844
0 0 0 0 0 22.88
0 0 0 0 1 22.4553
0 0 0 0 1 22.6423
0 0 0 0 1 22.4226
0 0 0 0 1 22.6779
0 0 0 0 1 22.5044
0 0 0 0 0 22.7602
0 0 0 0 0 22.4299
0 0 0 0 1 22.3271
0 0 0 0 1 22.3811
0 0 0 0 1 22.7054
0 0 0 0 1 22.2651
0 0 0 0 1 22.6125
0 0 0 0 1 22.3084
0 0 0 0 1 23.014
0 0 0 0 0 23.8826
0 0 0 0 1 25.1934
0 0 0 0 0 26.2385
0 0 0 0 1 36.7454
0 0 0 0 0 36.5118
0 0 0 0 1 36.5339
0 0 0 0 1 36.0838
0 0 0 0 1 36.4653
0 0 0 0 0 38.2566
0 0 0 0 1 52.4312
0 0 0 0 1 51.9991
0 0 0 0 1 52.5576
0 0 0 0 1 52.2318
0 0 0 0 1 52.1152
0 0 0 0 0 56.8362
0 0 0 0 1 65.0697
0 0 0 0 0 70.2212
0 0 0 0 0 81.5646
0 0 0 0 0 5.04507
0 0 0 0 0 4.99998
0 0 0 0 0 5.0601
0 0 0 0 0 5.03505
0 0 0 0 0 4.96992
0 0 0 0 0 4.97493
0 0 0 0 0 5.05008
0 0 0 0 0 5.02002
0 0 0 0 0 4.97493
0 0 0 0 0 5.02503
0 0 0 0 0 4.99998
0 0 0 0 0 5.02503
0 0 0 0 1 87.4156
0 0 0 0 1 87.3371
0 0 0 0 1 74.4686
0 0 0 0 1 63.9666
0 0 0 0 1 61.0106
0 0 0 0 1 61.0219
0 0 0 0 0 60.1862
0 0 0 0 1 51.7254
0 0 0 0 0 47.6512
0 0 0 0 1 47.9515
0 0 0 0 1 39.6669
0 0 0 0 1 36.8934
0 0 0 0 1 35.3112
0 0 0 0 1 35.7514
0 0 0 0 1 35.6207
0 0 0 0 1 36.0628
0 0 0 0 0 27.8252
0 0 0 0 1 26.5623
0 0 0 0 1 25.716
0 0 0 0 1 24.6884
0 0 0 0 1 24.577
0 0 0 0 1 24.6878
0 0 0 0 1 24.6993
0 0 0 0 1 24.5152
0 0 0 0 1 24.7508
0 0 0 0 1 24.7402
0 0 0 0 0 24.7302
0 0 0 0 1 24.8441
0 0 0 0 1 24.9325
0 0 0 0 0 18.0725
0 0 0 0 1 17.7388
0 0 0 0 1 17.0886
0 0 0 0 1 16.7612
0 0 0 0 1 16.1469
0 0 0 0 1 16.0065
0 0 0 0 1 15.3615
0 0 0 0 1 14.9851
0 0 0 0 1 14.7868
0 0 0 0 1 14.3365
0 0 0 0 1 14.1413
0 0 0 0 1 13.9703
0 0 0 0 0 13.8293
0 0 0 0 1 13.9526
0 0 0 0 0 14.0485
0 0 0 0 1 14.0473
0 0 0 0 1 13.9368
0 0 0 0 1 13.8382
0 0 0 0 1 14.117
0 0 0 0 1 14.0189
0 0 0 0 1 14.1471
0 0 0 0 1 13.923
0 0 0 0 1 13.9233
0 0 0 0 1 14.0783
0 0 0 0 0 14.1097
0 0 0 0 1 14.0263
0 0 0 0 1 14.1121
0 0 0 0 0 14.2151
0 0 0 0 1 14.1604
0 0 0 0 1 14.12
0 0 0 0 0 14.2665
0 0 0 0 1 14.1556
0 0 0 0 1 14.2463
0 0 0 0 1 14.1782
0 0 0 0 1 14.1699
0 0 0 0 1 14.159
0 0 0 0 1 14.1797
0 0 0 0 1 14.212
0 0 0 0 0 14.2047
0 0 0 0 1 14.4526
0 0 0 0 1 8.83475
0 0 0 0 1 8.74705
0 0 0 0 1 8.67604
0 0 0 0 1 8.52871
0 0 0 0 1 8.36578
0 0 0 0 0 8.27077
0 0 0 0 0 8.16052
0 0 0 0 1 8.14663
0 0 0 0 1 8.01225
0 0 0 0 1 7.84735
0 0 0 0 0 7.85766
0 0 0 0 1 7.65576
0 0 0 0 1 7.61091
0 0 0 0 1 7.62582
0 0 0 0 1 7.54155
0 0 0 0 0 7.40757
0 0 0 0 1 7.29499
0 0 0 0 1 7.29379
0 0 0 0 1 7.10485
0 0 0 0 1 7.02484
0 0 0 0 1 7.05045
0 0 0 0 1 7.00693
0 0 0 0 1 6.85752
0 0 0 0 0 6.85528
0 0 0 0 0 6.79795
0 0 0 0 1 6.74061
0 0 0 0 1 6.69654
0 0 0 0 0 6.57999
0 0 0 0 1 6.54913
0 0 0 0 1 6.41726
0 0 0 0 1 6.444
0 0 0 0 1 6.28832
0 0 0 0 0 6.31656
0 0 0 0 1 6.28749
0 0 0 0 1 6.22726
0 0 0 0 0 6.17337
0 0 0 0 1 6.08321
0 0 0 0 1 6.01469
0 0 0 0 1 5.95572
0 0 0 0 0 5.88208
0 0 0 0 0 5.859
0 0 0 0 1 5.78606
0 0 0 0 1 5.72521
0 0 0 0 1 5.7623
0 0 0 0 1 5.73823
0 0 0 0 0 5.68309
0 0 0 0 1 5.62262
0 0 0 0 1 5.61014
0 0 0 0 1 5.48381
0 0 0 0 0 5.43559
0 0 0 0 1 5.43107
0 0 0 0 0 5.38605
0 0 0 0 1 5.38956
0 0 0 0 1 5.35212
0 0 0 0 1 5.31268
0 0 0 0 0 5.21766
0 0 0 0 1 5.22579
0 0 0 0 1 5.22311
0 0 0 0 1 5.16349
0 0 0 0 0 5.07873
0 0 0 0 1 5.02203
0 0 0 0 1 5.08481
0 0 0 0 1 4.96439
0 0 0 0 1 4.97144
0 0 0 0 1 4.93848
0 0 0 0 1 4.9646
0 0 0 0 0 4.83868
0 0 0 0 1 4.83379
0 0 0 0 1 4.80132
0 0 0 0 1 4.78611
0 0 0 0 1 4.85083
0 0 0 0 1 4.87341
0 0 0 0 0 4.88643
0 0 0 0 1 4.85941
0 0 0 0 1 4.92625
0 0 0 0 0 4.89045
0 0 0 0 1 4.88394
0 0 0 0 1 4.94544
0 0 0 0 1 4.9936
0 0 0 0 1 4.94753
0 0 0 0 1 4.97483
0 0 0 0 1 5.02352
0 0 0 0 0 5.06751
0 0 0 0 1 5.04116
0 0 0 0 1 5.05003
0 0 0 0 1 5.13519
0 0 0 0 0 5.1291
0 0 0 0 1 5.14852
0 0 0 0 0 5.14613
0 0 0 0 1 5.11411
0 0 0 0 1 5.21636
0 0 0 0 1 5.22063
0 0 0 0 1 5.25618
0 0 0 0 1 5.26576
0 0 0 0 0 5.27537
0 0 0 0 1 5.28499
0 0 0 0 1 5.31197
0 0 0 0 1 5.37489
0 0 0 0 1 5.36344
0 0 0 0 0 5.31429
0 0 0 0 1 5.43696
0 0 0 0 1 5.42152
0 0 0 0 1 5.44235
0 0 0 0 0 5.4469
0 0 0 0 1 5.42951
0 0 0 0 0 5.53987
0 0 0 0 1 5.50594
0 0 0 0 1 5.57303
0 0 0 0 1 5.51644
0 0 0 0 1 5.58953
0 0 0 0 0 5.59414
0 0 0 0 1 5.70757
0 0 0 0 1 5.65574
0 0 0 0 1 5.65049
0 0 0 0 1 5.74085
0 0 0 0 1 5.77597
0 0 0 0 1 5.80549
0 0 0 0 1 5.75959
0 0 0 0 1 5.81079
0 0 0 0 0 5.8756
0 0 0 0 1 5.95268
0 0 0 0 0 5.97705
0 0 0 0 1 5.96575
0 0 0 0 0 5.93021
0 0 0 0 1 5.9723
0 0 0 0 1 6.09925
0 0 0 0 0 6.02681
0 0 0 0 1 6.06334
0 0 0 0 1 6.11231
0 0 0 0 1 6.194
0 0 0 0 0 9.55711
0 0 0 0 0 9.55718
0 0 0 0 1 9.40284
0 0 0 0 1 9.49436
0 0 0 0 1 9.45698
0 0 0 0 1 9.3138
0 0 0 0 0 9.34861
0 0 0 0 0 9.21266
0 0 0 0 1 9.29709
0 0 0 0 1 9.2577
0 0 0 0 1 9.16334
0 0 0 0 1 9.18878
0 0 0 0 1 9.15007
0 0 0 0 1 9.19359
0 0 0 0 1 8.9916
0 0 0 0 1 9.07156
0 0 0 0 0 9.04271
0 0 0 0 1 8.99276
0 0 0 0 1 8.98228
0 0 0 0 1 8.90592
0 0 0 0 1 8.98502
0 0 0 0 1 8.85017
0 0 0 0 1 8.80484
0 0 0 0 1 8.75098
0 0 0 0 1 8.87922
0 0 0 0 1 8.87822
0 0 0 0 1 8.702
0 0 0 0 1 8.69477
0 0 0 0 1 8.77293
0 0 0 0 1 8.78643
0 0 0 0 1 8.75989
0 0 0 0 0 8.64364
0 0 0 0 1 8.54013
0 0 0 0 1 8.64025
0 0 0 0 0 8.57173
0 0 0 0 1 8.64565
0 0 0 0 1 8.49225
0 0 0 0 1 8.60014
0 0 0 0 1 8.4782
0 0 0 0 1 8.49248
0 0 0 0 1 8.52366
0 0 0 0 0 8.46196
0 0 0 0 1 8.37899
0 0 0 0 1 8.45235
0 0 0 0 1 8.41658
0 0 0 0 1 8.38939
0 0 0 0 1 8.40407
0 0 0 0 1 8.24782
0 0 0 0 0 8.2629
0 0 0 0 1 8.36076
0 0 0 0 1 8.27277
0 0 0 0 1 8.27142
0 0 0 0 1 8.26192
0 0 0 0 1 8.26897
0 0 0 0 0 8.2351
0 0 0 0 1 8.12786
0 0 0 0 0 8.24148
0 0 0 0 1 8.12672
0 0 0 0 1 8.05315
0 0 0 0 1 8.19083
0 0 0 0 1 8.10143
0 0 0 0 1 8.1175
0 0 0 0 0 8.05299
0 0 0 0 1 7.97667
0 0 0 0 1 8.06548
0 0 0 0 1 8.00973
0 0 0 0 1 8.04232
0 0 0 0 1 7.94712
0 0 0 0 1 7.91989
0 0 0 0 0 8.00056
0 0 0 0 0 7.86651
0 0 0 0 1 7.85998
0 0 0 0 1 7.84567
0 0 0 0 1 7.87459
0 0 0 0 1 7.82895
0 0 0 0 0 7.81511
0 0 0 0 1 7.9386
0 0 0 0 1 7.89683
0 0 0 0 1 7.88326
0 0 0 0 1 7.84638
0 0 0 0 1 7.76286
0 0 0 0 1 7.79223
0 0 0 0 1 7.71708
0 0 0 0 1 7.79796
0 0 0 0 1 7.843
0 0 0 0 1 7.70641
0 0 0 0 1 7.68186
