0 0 0 0 1 5.58617
0 0 0 0 1 5.53422
0 0 0 0 0 5.55457
0 0 0 0 1 5.58866
0 0 0 0 1 5.53121
0 0 0 0 1 5.60786
0 0 0 0 1 5.63349
0 0 0 0 1 5.56493
0 0 0 0 1 5.63324
0 0 0 0 0 5.56465
0 0 0 0 0 5.62544
0 0 0 0 0 5.65835
0 0 0 0 1 5.62581
0 0 0 0 1 5.61938
0 0 0 0 1 5.70941
0 0 0 0 1 5.68262
0 0 0 0 1 5.72203
0 0 0 0 1 5.69329
0 0 0 0 1 5.72735
0 0 0 0 0 5.69685
0 0 0 0 1 5.67387
0 0 0 0 1 5.69678
0 0 0 0 1 5.72562
0 0 0 0 1 5.7489
0 0 0 0 1 5.81452
0 0 0 0 1 5.78618
0 0 0 0 1 5.8331
0 0 0 0 1 5.84548
0 0 0 0 1 5.80562
0 0 0 0 1 5.81231
0 0 0 0 0 5.78405
0 0 0 0 0 5.90365
0 0 0 0 1 5.83613
0 0 0 0 1 5.93125
0 0 0 0 1 5.9327
0 0 0 0 1 5.95192
0 0 0 0 1 5.8826
0 0 0 0 1 5.89007
0 0 0 0 1 5.99859
0 0 0 0 1 5.95885
0 0 0 0 1 5.93092
0 0 0 0 1 5.99261
0 0 0 0 1 5.98402
0 0 0 0 1 6.04617
0 0 0 0 1 5.97024
0 0 0 0 0 6.00862
0 0 0 0 1 6.03998
0 0 0 0 0 6.00605
0 0 0 0 1 6.14227
0 0 0 0 0 6.1207
0 0 0 0 1 6.0685
0 0 0 0 1 6.1141
0 0 0 0 1 6.13433
0 0 0 0 1 6.09527
0 0 0 0 1 6.1352
0 0 0 0 0 6.19393
0 0 0 0 0 6.15374
0 0 0 0 1 6.2119
0 0 0 0 1 6.24645
0 0 0 0 1 6.29997
0 0 0 0 0 6.29017
0 0 0 0 0 6.26865
0 0 0 0 0 6.34168
0 0 0 0 1 6.28225
0 0 0 0 1 6.33035
0 0 0 0 1 6.33337
0 0 0 0 1 6.43936
0 0 0 0 1 6.44282
0 0 0 0 1 6.45988
0 0 0 0 1 6.50855
0 0 0 0 1 6.43544
0 0 0 0 1 6.43894
0 0 0 0 0 6.47572
0 0 0 0 0 6.48662
0 0 0 0 1 6.58255
0 0 0 0 1 6.49477
0 0 0 0 0 6.53802
0 0 0 0 1 6.60862
0 0 0 0 1 6.63928
0 0 0 0 1 6.63024
0 0 0 0 1 6.73457
0 0 0 0 1 6.65268
0 0 0 0 0 6.74482
0 0 0 0 1 6.72921
0 0 0 0 1 6.73374
0 0 0 0 0 6.84005
0 0 0 0 1 6.74959
0 0 0 0 1 6.82248
0 0 0 0 1 6.92331
0 0 0 0 0 6.84578
0 0 0 0 0 6.89205
0 0 0 0 0 6.88361
0 0 0 0 1 6.95109
0 0 0 0 1 6.99807
0 0 0 0 1 6.97523
0 0 0 0 1 7.05771
0 0 0 0 1 7.04139
0 0 0 0 1 7.11756
0 0 0 0 1 7.17285
0 0 0 0 1 7.12839
0 0 0 0 1 7.20552
0 0 0 0 0 7.26874
0 0 0 0 1 7.18003
0 0 0 0 0 7.31615
0 0 0 0 1 7.36535
0 0 0 0 1 7.34193
0 0 0 0 1 7.31779
0 0 0 0 1 7.3238
0 0 0 0 1 7.43266
0 0 0 0 1 7.50513
0 0 0 0 1 7.45875
0 0 0 0 0 7.56924
0 0 0 0 1 7.51447
0 0 0 0 1 7.56523
0 0 0 0 1 7.65481
0 0 0 0 1 7.63747
0 0 0 0 1 7.72743
0 0 0 0 1 7.7099
0 0 0 0 1 7.82396
0 0 0 0 1 7.81412
0 0 0 0 1 7.87493
0 0 0 0 1 7.91994
0 0 0 0 1 7.9173
0 0 0 0 1 7.88306
0 0 0 0 0 7.96753
0 0 0 0 1 8.09329
0 0 0 0 1 8.0022
0 0 0 0 1 8.16938
0 0 0 0 1 8.22345
0 0 0 0 1 8.13088
0 0 0 0 1 8.29996
0 0 0 0 0 8.31328
0 0 0 0 0 8.35196
0 0 0 0 0 8.28979
0 0 0 0 1 8.4537
0 0 0 0 0 8.44992
0 0 0 0 1 8.57332
0 0 0 0 1 8.54379
0 0 0 0 1 8.66901
0 0 0 0 1 8.64768
0 0 0 0 1 8.77274
0 0 0 0 0 8.69847
0 0 0 0 1 8.8332
0 0 0 0 1 8.82034
0 0 0 0 1 8.84972
0 0 0 0 0 8.92371
0 0 0 0 1 9.01613
0 0 0 0 1 9.03668
0 0 0 0 1 9.08532
0 0 0 0 1 9.08722
0 0 0 0 1 9.26392
0 0 0 0 0 9.29373
0 0 0 0 1 9.24048
0 0 0 0 1 9.41864
0 0 0 0 1 9.49562
0 0 0 0 1 9.50516
0 0 0 0 0 9.50452
0 0 0 0 1 9.72649
0 0 0 0 1 9.74545
0 0 0 0 1 9.83242
0 0 0 0 0 9.75239
0 0 0 0 0 9.99921
0 0 0 0 1 9.93631
0 0 0 0 1 10.1045
0 0 0 0 0 10.0397
0 0 0 0 1 10.2093
0 0 0 0 0 10.2556
0 0 0 0 1 10.3742
0 0 0 0 1 10.5057
0 0 0 0 1 10.605
0 0 0 0 0 10.472
0 0 0 0 1 10.6005
0 0 0 0 0 10.7857
0 0 0 0 0 10.9274
0 0 0 0 0 9.22214
0 0 0 0 1 9.2632
0 0 0 0 1 9.35524
0 0 0 0 0 9.2019
0 0 0 0 0 9.28455
0 0 0 0 1 9.16904
0 0 0 0 0 9.0863
0 0 0 0 1 9.19171
0 0 0 0 1 9.09117
0 0 0 0 1 9.0778
0 0 0 0 1 9.07814
0 0 0 0 0 9.02875
0 0 0 0 1 9.1018
0 0 0 0 1 9.03002
0 0 0 0 0 8.92725
0 0 0 0 1 8.92829
0 0 0 0 1 9.02397
0 0 0 0 0 8.98018
0 0 0 0 0 9.03505
0 0 0 0 1 8.95587
0 0 0 0 1 8.81956
0 0 0 0 1 8.8569
0 0 0 0 0 8.86756
0 0 0 0 1 8.82512
0 0 0 0 1 8.85369
0 0 0 0 1 8.74597
0 0 0 0 0 8.7924
0 0 0 0 1 8.71565
0 0 0 0 0 8.80607
0 0 0 0 1 8.72976
0 0 0 0 1 8.81132
0 0 0 0 1 8.71439
0 0 0 0 1 8.75232
0 0 0 0 1 8.68581
0 0 0 0 1 8.61094
0 0 0 0 0 8.66655
0 0 0 0 1 8.64415
0 0 0 0 1 8.63059
0 0 0 0 1 8.69491
0 0 0 0 0 8.61259
0 0 0 0 1 8.54786
0 0 0 0 1 8.60378
0 0 0 0 1 8.55668
0 0 0 0 1 8.48413
0 0 0 0 0 8.47183
0 0 0 0 1 8.48533
0 0 0 0 0 8.57021
0 0 0 0 1 8.43887
0 0 0 0 1 8.5241
0 0 0 0 1 8.73474
0 0 0 0 1 8.86862
0 0 0 0 1 8.97672
0 0 0 0 1 9.15693
0 0 0 0 1 9.24678
0 0 0 0 1 9.29755
0 0 0 0 1 9.52672
0 0 0 0 0 9.74881
0 0 0 0 1 9.94378
0 0 0 0 0 9.91972
0 0 0 0 1 10.2554
0 0 0 0 1 10.2862
0 0 0 0 1 10.6267
0 0 0 0 1 10.8449
0 0 0 0 1 11.0512
0 0 0 0 1 11.1686
0 0 0 0 1 11.3835
0 0 0 0 1 11.6199
0 0 0 0 1 11.7368
0 0 0 0 1 11.9698
0 0 0 0 1 12.2102
0 0 0 0 1 12.5228
0 0 0 0 0 12.8347
0 0 0 0 1 22.5237
0 0 0 0 1 22.7775
0 0 0 0 0 22.7117
0 0 0 0 1 22.535
0 0 0 0 1 22.6082
0 0 0 0 1 22.5005
0 0 0 0 1 22.8232
0 0 0 0 1 22.5808
0 0 0 0 1 22.5424
0 0 0 0 1 22.5496
0 0 0 0 1 22.7602
0 0 0 0 0 22.6328
0 0 0 0 1 22.62
0 0 0 0 1 22.4936
0 0 0 0 1 22.3454
0 0 0 0 1 22.67
0 0 0 0 1 22.3428
0 0 0 0 1 22.2635
0 0 0 0 1 23.246
0 0 0 0 1 24.1962
0 0 0 0 1 25.3441
0 0 0 0 0 25.9764
0 0 0 0 1 36.5997
0 0 0 0 1 36.7303
0 0 0 0 1 36.7522
0 0 0 0 1 36.2293
0 0 0 0 1 36.247
0 0 0 0 1 38.4878
0 0 0 0 1 52.1708
0 0 0 0 1 52.1553
0 0 0 0 1 51.5169
0 0 0 0 1 51.6595
0 0 0 0 1 51.6471
0 0 0 0 1 56.8362
0 0 0 0 1 64.9388
0 0 0 0 1 70.2212
0 0 0 0 1 81.3191
0 0 0 0 0 5.00499
0 0 0 0 0 4.96491
0 0 0 0 0 4.98495
0 0 0 0 0 4.9599
0 0 0 0 0 4.99998
0 0 0 0 0 4.98495
0 0 0 0 0 4.96491
0 0 0 0 0 5.01501
0 0 0 0 0 4.9599
0 0 0 0 0 4.97994
0 0 0 0 0 4.97994
0 0 0 0 0 5.05008
0 0 0 0 1 86.9777
0 0 0 0 1 88.3883
0 0 0 0 1 75.0698
0 0 0 0 1 63.7751
0 0 0 0 1 60.4054
0 0 0 0 1 60.1138
0 0 0 0 1 60.9733
0 0 0 0 1 51.4676
0 0 0 0 1 47.6033
0 0 0 0 1 48.1915
0 0 0 0 1 38.9207
0 0 0 0 0 36.5989
0 0 0 0 0 35.7748
0 0 0 0 1 35.8941
0 0 0 0 1 35.7635
0 0 0 0 1 35.7771
0 0 0 0 0 28.1621
0 0 0 0 1 26.9375
0 0 0 0 1 25.5879
0 0 0 0 0 24.8115
0 0 0 0 1 24.4539
0 0 0 0 0 24.8849
0 0 0 0 0 24.7239
0 0 0 0 1 24.5645
0 0 0 0 1 24.8001
0 0 0 0 1 24.8637
0 0 0 0 1 24.8784
0 0 0 0 1 24.8688
0 0 0 0 1 24.7099
0 0 0 0 1 18.3091
0 0 0 0 0 17.7388
0 0 0 0 1 17.3293
0 0 0 0 1 16.7612
0 0 0 0 1 16.3588
0 0 0 0 0 16.0065
0 0 0 0 1 15.5319
0 0 0 0 1 15.1363
0 0 0 0 1 14.6244
0 0 0 0 1 14.351
0 0 0 0 1 14.0426
0 0 0 0 1 13.8037
0 0 0 0 1 13.8432
0 0 0 0 1 13.9248
0 0 0 0 1 13.9093
0 0 0 0 1 13.8104
0 0 0 0 1 13.9368
0 0 0 0 1 14.0756
0 0 0 0 1 14.0052
0 0 0 0 1 14.0748
0 0 0 0 1 13.923
0 0 0 0 1 14.0913
0 0 0 0 1 13.9794
0 0 0 0 1 14.0221
0 0 0 0 1 14.0394
0 0 0 0 1 14.1953
0 0 0 0 1 14.1826
0 0 0 0 1 14.2009
0 0 0 0 1 14.118
0 0 0 0 0 14.2897
0 0 0 0 0 14.139
0 0 0 0 1 14.2407
0 0 0 0 1 14.1895
0 0 0 0 1 14.2066
0 0 0 0 1 14.3408
0 0 0 0 1 14.216
0 0 0 0 1 14.1797
0 0 0 0 1 14.3121
0 0 0 0 1 14.3622
0 0 0 0 1 14.2662
0 0 0 0 1 8.78179
0 0 0 0 1 8.7819
0 0 0 0 0 8.66745
0 0 0 0 0 8.47774
0 0 0 0 0 8.33222
0 0 0 0 1 8.2459
0 0 0 0 1 8.15232
0 0 0 0 1 8.01719
0 0 0 0 1 7.93229
0 0 0 0 1 7.93427
0 0 0 0 0 7.82639
0 0 0 0 1 7.69438
0 0 0 0 1 7.67968
0 0 0 0 1 7.57292
0 0 0 0 1 7.48176
0 0 0 0 1 7.42237
0 0 0 0 1 7.28035
0 0 0 0 1 7.22861
0 0 0 0 1 7.14787
0 0 0 0 1 7.15257
0 0 0 0 1 7.07152
0 0 0 0 1 6.94431
0 0 0 0 1 6.87129
0 0 0 0 1 6.84846
0 0 0 0 1 6.77092
0 0 0 0 0 6.70715
0 0 0 0 1 6.59046
0 0 0 0 1 6.63252
0 0 0 0 1 6.56214
0 0 0 0 1 6.4366
0 0 0 0 1 6.3482
0 0 0 0 1 6.36431
0 0 0 0 1 6.3354
0 0 0 0 0 6.18166
0 0 0 0 1 6.11616
0 0 0 0 1 6.12442
0 0 0 0 1 6.07108
0 0 0 0 1 5.9605
0 0 0 0 1 5.90798
0 0 0 0 1 5.97093
0 0 0 0 1 5.86487
0 0 0 0 0 5.85598
0 0 0 0 1 5.79461
0 0 0 0 1 5.791
0 0 0 0 1 5.66999
0 0 0 0 0 5.60408
0 0 0 0 1 5.59462
0 0 0 0 1 5.52109
0 0 0 0 1 5.56112
0 0 0 0 0 5.50682
0 0 0 0 1 5.44194
0 0 0 0 1 5.39145
0 0 0 0 1 5.3842
0 0 0 0 1 5.33615
0 0 0 0 1 5.32326
0 0 0 0 0 5.19666
0 0 0 0 1 5.1945
0 0 0 0 1 5.22311
0 0 0 0 0 5.1532
0 0 0 0 0 5.12987
0 0 0 0 1 5.05247
0 0 0 0 1 5.04449
0 0 0 0 1 5.02457
0 0 0 0 1 5.01129
0 0 0 0 1 4.90384
0 0 0 0 1 4.91053
0 0 0 0 1 4.89727
0 0 0 0 1 4.82407
0 0 0 0 0 4.83509
0 0 0 0 1 4.84389
0 0 0 0 1 4.78326
0 0 0 0 0 4.82981
0 0 0 0 1 4.87184
0 0 0 0 1 4.83017
0 0 0 0 1 4.91157
0 0 0 0 0 4.95919
0 0 0 0 1 4.94801
0 0 0 0 1 4.97014
0 0 0 0 1 4.92418
0 0 0 0 1 4.98735
0 0 0 0 1 5.02473
0 0 0 0 1 5.00348
0 0 0 0 0 5.03232
0 0 0 0 0 5.07144
0 0 0 0 1 5.02977
0 0 0 0 1 5.09452
0 0 0 0 0 5.08827
0 0 0 0 1 5.13828
0 0 0 0 1 5.0845
0 0 0 0 1 5.17082
0 0 0 0 1 5.21636
0 0 0 0 1 5.1531
0 0 0 0 0 5.19882
0 0 0 0 1 5.21342
0 0 0 0 0 5.30164
0 0 0 0 1 5.23752
0 0 0 0 0 5.34378
0 0 0 0 1 5.36425
0 0 0 0 1 5.33673
0 0 0 0 1 5.36792
0 0 0 0 1 5.36698
0 0 0 0 0 5.44317
0 0 0 0 1 5.41519
0 0 0 0 1 5.47961
0 0 0 0 1 5.48425
0 0 0 0 1 5.54537
0 0 0 0 1 5.51146
0 0 0 0 0 5.58413
0 0 0 0 1 5.62231
0 0 0 0 1 5.56153
0 0 0 0 1 5.59976
0 0 0 0 0 5.69627
0 0 0 0 1 5.68978
0 0 0 0 1 5.73602
0 0 0 0 1 5.70651
0 0 0 0 1 5.74145
0 0 0 0 1 5.82284
0 0 0 0 1 5.80608
0 0 0 0 1 5.79912
0 0 0 0 0 5.84042
0 0 0 0 1 5.92321
0 0 0 0 1 5.98297
0 0 0 0 1 6.00742
0 0 0 0 1 5.93021
0 0 0 0 1 6.00838
0 0 0 0 1 6.09925
0 0 0 0 0 6.11794
0 0 0 0 1 6.14272
0 0 0 0 1 6.14299
0 0 0 0 1 6.13225
0 0 0 0 1 9.58567
0 0 0 0 1 9.43393
0 0 0 0 0 9.39339
0 0 0 0 1 9.45668
0 0 0 0 1 9.39131
0 0 0 0 1 9.36991
0 0 0 0 1 9.35793
0 0 0 0 0 9.3707
0 0 0 0 1 9.26931
0 0 0 0 0 9.24847
0 0 0 0 1 9.26454
0 0 0 0 1 9.26215
0 0 0 0 1 9.12264
0 0 0 0 1 9.13892
0 0 0 0 1 9.15509
0 0 0 0 0 9.03535
0 0 0 0 1 9.06978
0 0 0 0 1 9.04677
0 0 0 0 1 9.01817
0 0 0 0 1 8.93277
0 0 0 0 1 8.85118
0 0 0 0 0 8.80569
0 0 0 0 1 8.94671
0 0 0 0 1 8.81286
0 0 0 0 1 8.82631
0 0 0 0 1 8.76395
0 0 0 0 1 8.74582
0 0 0 0 1 8.78225
0 0 0 0 0 8.75549
0 0 0 0 0 8.73423
0 0 0 0 0 8.58643
0 0 0 0 1 8.73881
0 0 0 0 1 8.60914
0 0 0 0 0 8.59722
0 0 0 0 1 8.49451
0 0 0 0 1 8.55149
0 0 0 0 1 8.5776
0 0 0 0 0 8.57459
0 0 0 0 0 8.4697
0 0 0 0 1 8.53486
0 0 0 0 1 8.37146
0 0 0 0 0 8.35228
0 0 0 0 1 8.47994
0 0 0 0 1 8.46075
0 0 0 0 1 8.36633
0 0 0 0 1 8.43952
0 0 0 0 0 8.35404
0 0 0 0 0 8.36422
0 0 0 0 0 8.23801
0 0 0 0 1 8.2697
0 0 0 0 1 8.27277
0 0 0 0 1 8.27966
0 0 0 0 1 8.18786
0 0 0 0 1 8.27718
0 0 0 0 1 8.18593
0 0 0 0 1 8.1851
0 0 0 0 1 8.1354
0 0 0 0 1 8.22443
0 0 0 0 1 8.18317
0 0 0 0 0 8.0854
0 0 0 0 1 8.03668
0 0 0 0 1 8.14173
0 0 0 0 1 8.0288
0 0 0 0 1 8.06521
0 0 0 0 1 8.02531
0 0 0 0 1 8.00171
0 0 0 0 1 7.93029
0 0 0 0 1 8.01101
0 0 0 0 1 8.02357
0 0 0 0 1 7.88115
0 0 0 0 0 7.92214
0 0 0 0 1 7.97895
0 0 0 0 1 7.93276
0 0 0 0 1 7.85087
0 0 0 0 1 7.82106
0 0 0 0 1 7.90177
0 0 0 0 1 7.89926
0 0 0 0 0 7.87326
0 0 0 0 1 7.89111
0 0 0 0 1 7.77591
0 0 0 0 1 7.77068
0 0 0 0 0 7.80004
0 0 0 0 1 7.86519
0 0 0 0 1 7.82909
0 0 0 0 1 7.85077
0 0 0 0 0 7.77626
0 0 0 0 0 7.78263
