0 0 0 0 1 5.49187
0 0 0 0 1 5.53422
0 0 0 0 0 5.51004
0 0 0 0 1 5.6221
0 0 0 0 1 5.53121
0 0 0 0 1 5.59667
0 0 0 0 1 5.55517
0 0 0 0 1 5.61537
0 0 0 0 1 5.6164
0 0 0 0 1 5.604
0 0 0 0 1 5.62544
0 0 0 0 1 5.6922
0 0 0 0 1 5.67665
0 0 0 0 1 5.66465
0 0 0 0 1 5.64704
0 0 0 0 1 5.64856
0 0 0 0 0 5.74478
0 0 0 0 1 5.6648
0 0 0 0 1 5.70451
0 0 0 0 1 5.77113
0 0 0 0 0 5.75403
0 0 0 0 1 5.71399
0 0 0 0 1 5.73712
0 0 0 0 1 5.75466
0 0 0 0 1 5.79144
0 0 0 0 1 5.79774
0 0 0 0 1 5.76359
0 0 0 0 1 5.83967
0 0 0 0 0 5.78817
0 0 0 0 0 5.86478
0 0 0 0 1 5.88337
0 0 0 0 1 5.80418
0 0 0 0 1 5.87128
0 0 0 0 0 5.8138
0 0 0 0 1 5.8915
0 0 0 0 1 5.88703
0 0 0 0 0 5.8826
0 0 0 0 0 5.93747
0 0 0 0 1 5.92732
0 0 0 0 1 5.98266
0 0 0 0 1 6.00848
0 0 0 0 1 5.93879
0 0 0 0 1 6.01397
0 0 0 0 1 5.96812
0 0 0 0 0 5.96422
0 0 0 0 1 6.09308
0 0 0 0 1 6.00972
0 0 0 0 0 6.11525
0 0 0 0 1 6.0328
0 0 0 0 1 6.15118
0 0 0 0 1 6.1235
0 0 0 0 1 6.13248
0 0 0 0 1 6.20809
0 0 0 0 1 6.10758
0 0 0 0 1 6.15372
0 0 0 0 1 6.14443
0 0 0 0 0 6.18475
0 0 0 0 1 6.28037
0 0 0 0 1 6.18405
0 0 0 0 1 6.19987
0 0 0 0 1 6.23995
0 0 0 0 1 6.25606
0 0 0 0 1 6.37323
0 0 0 0 1 6.31388
0 0 0 0 1 6.33035
0 0 0 0 1 6.31427
0 0 0 0 0 6.34364
0 0 0 0 1 6.45562
0 0 0 0 1 6.47914
0 0 0 0 1 6.38611
0 0 0 0 1 6.48067
0 0 0 0 1 6.49082
0 0 0 0 1 6.44321
0 0 0 0 0 6.52574
0 0 0 0 1 6.49758
0 0 0 0 1 6.50133
0 0 0 0 0 6.61045
0 0 0 0 0 6.64823
0 0 0 0 0 6.68566
0 0 0 0 1 6.68344
0 0 0 0 1 6.63446
0 0 0 0 1 6.64599
0 0 0 0 1 6.68441
0 0 0 0 1 6.80331
0 0 0 0 1 6.72698
0 0 0 0 1 6.73148
0 0 0 0 1 6.87219
0 0 0 0 1 6.84299
0 0 0 0 1 6.88901
0 0 0 0 1 6.90777
0 0 0 0 1 6.9197
0 0 0 0 1 6.95293
0 0 0 0 1 6.98589
0 0 0 0 1 6.9422
0 0 0 0 1 6.94719
0 0 0 0 1 7.09289
0 0 0 0 0 7.05553
0 0 0 0 0 7.07498
0 0 0 0 1 7.11587
0 0 0 0 1 7.12124
0 0 0 0 1 7.14093
0 0 0 0 0 7.21831
0 0 0 0 1 7.22346
0 0 0 0 1 7.33795
0 0 0 0 1 7.36535
0 0 0 0 0 7.37124
0 0 0 0 1 7.29571
0 0 0 0 1 7.36071
0 0 0 0 0 7.37332
0 0 0 0 1 7.51258
0 0 0 0 0 7.47371
0 0 0 0 1 7.57676
0 0 0 0 0 7.49181
0 0 0 0 1 7.61076
0 0 0 0 1 7.69289
0 0 0 0 1 7.60686
0 0 0 0 1 7.6121
0 0 0 0 1 7.65582
0 0 0 0 1 7.83172
0 0 0 0 1 7.77513
0 0 0 0 0 7.8671
0 0 0 0 0 7.8177
0 0 0 0 0 7.98058
0 0 0 0 1 8.00226
0 0 0 0 0 7.93557
0 0 0 0 1 7.96482
0 0 0 0 1 8.13127
0 0 0 0 1 8.16938
0 0 0 0 0 8.1338
0 0 0 0 1 8.10632
0 0 0 0 1 8.27526
0 0 0 0 1 8.2222
0 0 0 0 1 8.28541
0 0 0 0 1 8.37344
0 0 0 0 0 8.46211
0 0 0 0 1 8.44992
0 0 0 0 0 8.57332
0 0 0 0 1 8.49247
0 0 0 0 0 8.66901
0 0 0 0 1 8.61312
0 0 0 0 0 8.63363
0 0 0 0 1 8.65476
0 0 0 0 1 8.82441
0 0 0 0 1 8.82918
0 0 0 0 1 8.98313
0 0 0 0 1 9.03111
0 0 0 0 1 8.96208
0 0 0 0 1 9.12731
0 0 0 0 1 9.15822
0 0 0 0 1 9.23393
0 0 0 0 1 9.31928
0 0 0 0 1 9.21946
0 0 0 0 1 9.26848
0 0 0 0 1 9.35284
0 0 0 0 0 9.4767
0 0 0 0 0 9.48611
0 0 0 0 1 9.51411
0 0 0 0 0 9.63965
0 0 0 0 1 9.73574
0 0 0 0 1 9.82264
0 0 0 0 1 9.79179
0 0 0 0 1 9.94966
0 0 0 0 0 10.0561
0 0 0 0 1 10.1547
0 0 0 0 1 10.0295
0 0 0 0 1 10.2807
0 0 0 0 1 10.2351
0 0 0 0 1 10.2913
0 0 0 0 1 10.4327
0 0 0 0 1 10.4055
0 0 0 0 1 10.6095
0 0 0 0 1 10.6325
0 0 0 0 1 10.7965
0 0 0 0 0 10.7974
0 0 0 0 0 9.39895
0 0 0 0 1 9.32818
0 0 0 0 1 9.17925
0 0 0 0 0 9.31277
0 0 0 0 1 9.28455
0 0 0 0 1 9.24261
0 0 0 0 1 9.12301
0 0 0 0 1 9.11847
0 0 0 0 1 9.09117
0 0 0 0 1 9.05045
0 0 0 0 1 9.04175
0 0 0 0 1 9.0469
0 0 0 0 1 9.01123
0 0 0 0 1 9.10233
0 0 0 0 1 9.04448
0 0 0 0 0 9.01829
0 0 0 0 1 9.04192
0 0 0 0 1 8.89952
0 0 0 0 1 8.99927
0 0 0 0 1 9.00944
0 0 0 0 1 8.98883
0 0 0 0 0 8.92804
0 0 0 0 1 8.78768
0 0 0 0 1 8.82512
0 0 0 0 1 8.85369
0 0 0 0 1 8.81658
0 0 0 0 1 8.84526
0 0 0 0 1 8.82998
0 0 0 0 1 8.73583
0 0 0 0 1 8.77359
0 0 0 0 1 8.79382
0 0 0 0 0 8.65326
0 0 0 0 1 8.79591
0 0 0 0 1 8.6597
0 0 0 0 1 8.68045
0 0 0 0 1 8.59715
0 0 0 0 1 8.74809
0 0 0 0 1 8.63059
0 0 0 0 1 8.72081
0 0 0 0 1 8.69018
0 0 0 0 1 8.66837
0 0 0 0 0 8.67254
0 0 0 0 1 8.59959
0 0 0 0 1 8.65553
0 0 0 0 1 8.54029
0 0 0 0 0 8.46824
0 0 0 0 1 8.57021
0 0 0 0 1 8.48149
0 0 0 0 1 8.65273
0 0 0 0 1 8.67384
0 0 0 0 1 8.78037
0 0 0 0 1 8.94984
0 0 0 0 0 9.00234
0 0 0 0 1 9.30221
0 0 0 0 1 9.35384
0 0 0 0 1 9.51718
0 0 0 0 0 9.70041
0 0 0 0 0 9.89456
0 0 0 0 0 10.0699
0 0 0 0 1 10.174
0 0 0 0 0 10.2551
0 0 0 0 1 10.4579
0 0 0 0 1 10.8019
0 0 0 0 1 10.8871
0 0 0 0 1 11.0683
0 0 0 0 0 11.4403
0 0 0 0 0 11.5504
0 0 0 0 0 11.7723
0 0 0 0 0 11.9698
0 0 0 0 1 12.2225
0 0 0 0 0 12.6485
0 0 0 0 1 12.9504
0 0 0 0 1 22.8191
0 0 0 0 1 22.8456
0 0 0 0 1 22.8025
0 0 0 0 1 22.8978
0 0 0 0 0 22.6762
0 0 0 0 1 22.5685
0 0 0 0 0 22.4161
0 0 0 0 1 22.5808
0 0 0 0 1 22.5424
0 0 0 0 1 22.6624
0 0 0 0 0 22.3316
0 0 0 0 1 22.5651
0 0 0 0 1 22.6876
0 0 0 0 1 22.336
0 0 0 0 1 22.3454
0 0 0 0 1 22.3326
0 0 0 0 1 22.5451
0 0 0 0 0 22.5331
0 0 0 0 1 23.0836
0 0 0 0 1 24.3168
0 0 0 0 1 24.9925
0 0 0 0 1 26.4482
0 0 0 0 1 36.709
0 0 0 0 1 36.257
0 0 0 0 1 36.4247
0 0 0 0 1 36.5566
0 0 0 0 0 36.5017
0 0 0 0 1 38.7189
0 0 0 0 0 52.1708
0 0 0 0 1 51.7389
0 0 0 0 0 52.1413
0 0 0 0 1 52.3879
0 0 0 0 0 52.3232
0 0 0 0 1 56.1032
0 0 0 0 1 65.7898
0 0 0 0 1 69.9426
0 0 0 0 1 81.3191
0 0 0 0 0 4.98495
0 0 0 0 0 5.03505
0 0 0 0 0 5.01501
0 0 0 0 0 5.02503
0 0 0 0 0 4.98996
0 0 0 0 0 4.97994
0 0 0 0 0 5.02002
0 0 0 0 0 5.02503
0 0 0 0 0 5.04006
0 0 0 0 0 5.02503
0 0 0 0 0 4.97493
0 0 0 0 0 4.96491
0 0 0 0 1 88.0288
0 0 0 0 0 87.9503
0 0 0 0 0 75.7461
0 0 0 0 1 63.7751
0 0 0 0 1 60.708
0 0 0 0 1 60.0533
0 0 0 0 1 61.0944
0 0 0 0 1 51.1582
0 0 0 0 1 47.8912
0 0 0 0 0 47.6635
0 0 0 0 1 39.6669
0 0 0 0 1 36.783
0 0 0 0 1 35.5965
0 0 0 0 1 35.3232
0 0 0 0 0 35.7992
0 0 0 0 1 35.67
0 0 0 0 1 27.9375
0 0 0 0 0 26.7231
0 0 0 0 1 25.8699
0 0 0 0 1 24.6391
0 0 0 0 1 24.7494
0 0 0 0 0 24.7617
0 0 0 0 1 24.7732
0 0 0 0 1 24.4412
0 0 0 0 0 24.4547
0 0 0 0 0 24.5921
0 0 0 0 1 24.6807
0 0 0 0 1 24.6216
0 0 0 0 1 24.7594
0 0 0 0 1 18.3455
0 0 0 0 0 17.5266
0 0 0 0 0 17.0886
0 0 0 0 1 16.6106
0 0 0 0 1 16.4565
0 0 0 0 1 15.9271
0 0 0 0 1 15.5474
0 0 0 0 1 15.2422
0 0 0 0 1 14.7425
0 0 0 0 1 14.3365
0 0 0 0 1 14.1131
0 0 0 0 1 13.762
0 0 0 0 1 13.9266
0 0 0 0 1 14.05
0 0 0 0 1 13.784
0 0 0 0 1 13.8661
0 0 0 0 0 14.0206
0 0 0 0 1 14.0477
0 0 0 0 1 14.0891
0 0 0 0 0 14.0189
0 0 0 0 1 14.1051
0 0 0 0 1 14.1193
0 0 0 0 0 13.9233
0 0 0 0 1 14.1907
0 0 0 0 1 14.0253
0 0 0 0 0 14.1531
0 0 0 0 0 14.1967
0 0 0 0 1 14.0174
0 0 0 0 1 14.1463
0 0 0 0 0 14.12
0 0 0 0 1 14.1532
0 0 0 0 0 14.1982
0 0 0 0 1 14.0901
0 0 0 0 1 14.292
0 0 0 0 1 14.0987
0 0 0 0 0 14.1162
0 0 0 0 0 14.1511
0 0 0 0 0 14.355
0 0 0 0 1 14.4481
0 0 0 0 1 14.1945
0 0 0 0 0 8.73766
0 0 0 0 1 8.75577
0 0 0 0 1 8.52127
0 0 0 0 0 8.41828
0 0 0 0 0 8.41613
0 0 0 0 1 8.29563
0 0 0 0 0 8.27522
0 0 0 0 0 8.07382
0 0 0 0 1 8.02824
0 0 0 0 1 7.85525
0 0 0 0 1 7.76384
0 0 0 0 0 7.66348
0 0 0 0 1 7.67204
0 0 0 0 1 7.57292
0 0 0 0 0 7.51165
0 0 0 0 0 7.43717
0 0 0 0 0 7.30962
0 0 0 0 1 7.29379
0 0 0 0 1 7.17655
0 0 0 0 1 7.05323
0 0 0 0 1 6.98725
0 0 0 0 1 7.00693
0 0 0 0 1 6.84375
0 0 0 0 1 6.88256
0 0 0 0 1 6.73713
0 0 0 0 1 6.66698
0 0 0 0 1 6.59046
0 0 0 0 0 6.52089
0 0 0 0 1 6.44507
0 0 0 0 1 6.4882
0 0 0 0 1 6.36097
0 0 0 0 1 6.28832
0 0 0 0 1 6.22238
0 0 0 0 1 6.16299
0 0 0 0 1 6.11616
0 0 0 0 1 6.12442
0 0 0 0 0 6.02862
0 0 0 0 1 6.05683
0 0 0 0 1 6.02733
0 0 0 0 1 5.95909
0 0 0 0 1 5.8179
0 0 0 0 0 5.78606
0 0 0 0 1 5.82931
0 0 0 0 1 5.72213
0 0 0 0 1 5.63018
0 0 0 0 1 5.63794
0 0 0 0 1 5.58902
0 0 0 0 1 5.58231
0 0 0 0 1 5.5059
0 0 0 0 1 5.47395
0 0 0 0 0 5.42563
0 0 0 0 1 5.38065
0 0 0 0 1 5.37883
0 0 0 0 1 5.31484
0 0 0 0 1 5.3021
0 0 0 0 0 5.22291
0 0 0 0 1 5.24665
0 0 0 0 1 5.16611
0 0 0 0 0 5.10172
0 0 0 0 1 5.07361
0 0 0 0 0 5.09812
0 0 0 0 1 5.02434
0 0 0 0 0 5.05466
0 0 0 0 1 4.97144
0 0 0 0 1 4.93353
0 0 0 0 1 4.86629
0 0 0 0 1 4.90704
0 0 0 0 1 4.89208
0 0 0 0 1 4.86405
0 0 0 0 0 4.85833
0 0 0 0 1 4.87014
0 0 0 0 1 4.85888
0 0 0 0 1 4.90588
0 0 0 0 1 4.84966
0 0 0 0 1 4.86754
0 0 0 0 0 4.95428
0 0 0 0 1 4.89873
0 0 0 0 0 4.93556
0 0 0 0 1 4.99856
0 0 0 0 0 5.01224
0 0 0 0 0 5.02972
0 0 0 0 1 5.03354
0 0 0 0 1 5.01724
0 0 0 0 1 5.03611
0 0 0 0 1 5.08042
0 0 0 0 1 5.13519
0 0 0 0 1 5.07296
0 0 0 0 1 5.16902
0 0 0 0 1 5.13072
0 0 0 0 1 5.16051
0 0 0 0 0 5.12321
0 0 0 0 1 5.18427
0 0 0 0 1 5.25618
0 0 0 0 1 5.27623
0 0 0 0 0 5.29113
0 0 0 0 1 5.29026
0 0 0 0 0 5.29077
0 0 0 0 1 5.29506
0 0 0 0 0 5.3207
0 0 0 0 1 5.38401
0 0 0 0 1 5.34545
0 0 0 0 1 5.39988
0 0 0 0 1 5.44778
0 0 0 0 1 5.4469
0 0 0 0 0 5.52803
0 0 0 0 1 5.53437
0 0 0 0 1 5.47281
0 0 0 0 0 5.52307
0 0 0 0 1 5.60002
0 0 0 0 1 5.55593
0 0 0 0 1 5.56603
0 0 0 0 1 5.63411
0 0 0 0 1 5.61603
0 0 0 0 1 5.6904
0 0 0 0 1 5.70078
0 0 0 0 1 5.79323
0 0 0 0 1 5.77658
0 0 0 0 1 5.78283
0 0 0 0 1 5.78162
0 0 0 0 1 5.85801
0 0 0 0 1 5.935
0 0 0 0 1 5.9415
0 0 0 0 1 5.91216
0 0 0 0 1 5.97209
0 0 0 0 1 6.02041
0 0 0 0 1 6.09321
0 0 0 0 1 6.13009
0 0 0 0 0 6.13661
0 0 0 0 1 6.19822
0 0 0 0 0 6.18165
0 0 0 0 0 9.52856
0 0 0 0 1 9.53822
0 0 0 0 0 9.47844
0 0 0 0 0 9.38133
0 0 0 0 1 9.47574
0 0 0 0 1 9.26704
0 0 0 0 1 9.30201
0 0 0 0 1 9.24985
0 0 0 0 1 9.20449
0 0 0 0 1 9.15617
0 0 0 0 1 9.11733
0 0 0 0 0 9.07874
0 0 0 0 1 9.07694
0 0 0 0 1 9.07514
0 0 0 0 1 9.16417
0 0 0 0 1 9.13493
0 0 0 0 1 9.06076
0 0 0 0 1 9.03777
0 0 0 0 0 9.03612
0 0 0 0 1 8.87012
0 0 0 0 1 8.90472
0 0 0 0 1 8.85017
0 0 0 0 0 8.79598
0 0 0 0 1 8.92777
0 0 0 0 1 8.85276
0 0 0 0 1 8.86064
0 0 0 0 1 8.73705
0 0 0 0 0 8.80849
0 0 0 0 1 8.80781
0 0 0 0 1 8.75163
0 0 0 0 1 8.66449
0 0 0 0 1 8.6869
0 0 0 0 1 8.60051
0 0 0 0 1 8.62304
0 0 0 0 1 8.54599
0 0 0 0 1 8.64565
0 0 0 0 1 8.44958
0 0 0 0 1 8.47241
0 0 0 0 1 8.51218
0 0 0 0 0 8.53486
0 0 0 0 1 8.51521
0 0 0 0 1 8.41134
0 0 0 0 1 8.35375
0 0 0 0 1 8.41878
0 0 0 0 1 8.30771
0 0 0 0 1 8.2724
0 0 0 0 1 8.39573
0 0 0 0 1 8.29771
0 0 0 0 1 8.31268
0 0 0 0 1 8.30282
0 0 0 0 1 8.2893
0 0 0 0 0 8.27142
0 0 0 0 1 8.23723
0 0 0 0 0 8.22791
0 0 0 0 1 8.18593
0 0 0 0 1 8.22599
0 0 0 0 1 8.22516
0 0 0 0 0 8.11857
0 0 0 0 1 8.17504
0 0 0 0 1 8.15839
0 0 0 0 1 8.17427
0 0 0 0 1 8.06096
0 0 0 0 1 8.03687
0 0 0 0 1 8.10546
0 0 0 0 1 8.08958
0 0 0 0 0 7.9536
0 0 0 0 0 7.9543
0 0 0 0 1 7.92316
0 0 0 0 1 8.02357
0 0 0 0 1 7.93688
0 0 0 0 1 8.00954
0 0 0 0 1 7.99481
0 0 0 0 1 7.95651
0 0 0 0 1 7.95365
0 0 0 0 1 7.83684
0 0 0 0 1 7.89389
0 0 0 0 0 7.83632
0 0 0 0 0 7.8104
0 0 0 0 1 7.88326
0 0 0 0 1 7.76025
0 0 0 0 1 7.84885
0 0 0 0 1 7.80004
0 0 0 0 1 7.73267
0 0 0 0 1 7.75905
0 0 0 0 1 7.69531
0 0 0 0 0 7.82282
0 0 0 0 1 7.70512
