0 0 0 0 1 5.52515
0 0 0 0 1 5.54533
0 0 0 0 1 5.62136
0 0 0 0 1 5.60538
0 0 0 0 1 5.62609
0 0 0 0 0 5.6414
0 0 0 0 1 5.6223
0 0 0 0 1 5.59295
0 0 0 0 1 5.58274
0 0 0 0 1 5.66021
0 0 0 0 1 5.67049
0 0 0 0 1 5.60194
0 0 0 0 0 5.62581
0 0 0 0 1 5.70992
0 0 0 0 1 5.6357
0 0 0 0 1 5.66559
0 0 0 0 1 5.71065
0 0 0 0 1 5.6534
0 0 0 0 0 5.69309
0 0 0 0 1 5.77113
0 0 0 0 1 5.75403
0 0 0 0 0 5.79431
0 0 0 0 1 5.73712
0 0 0 0 0 5.81803
0 0 0 0 1 5.71069
0 0 0 0 1 5.82086
0 0 0 0 1 5.76359
0 0 0 0 1 5.77582
0 0 0 0 1 5.81144
0 0 0 0 1 5.83563
0 0 0 0 0 5.8191
0 0 0 0 1 5.85684
0 0 0 0 0 5.80097
0 0 0 0 0 5.85491
0 0 0 0 0 5.92682
0 0 0 0 1 5.88113
0 0 0 0 1 5.86487
0 0 0 0 1 5.89007
0 0 0 0 1 5.92138
0 0 0 0 1 5.94099
0 0 0 0 1 5.90705
0 0 0 0 1 5.93879
0 0 0 0 1 6.03194
0 0 0 0 1 6.05217
0 0 0 0 1 6.06654
0 0 0 0 1 6.06895
0 0 0 0 1 6.06419
0 0 0 0 1 6.05458
0 0 0 0 1 6.05713
0 0 0 0 1 6.1085
0 0 0 0 1 6.08072
0 0 0 0 0 6.10797
0 0 0 0 1 6.15892
0 0 0 0 1 6.12605
0 0 0 0 1 6.15372
0 0 0 0 0 6.2125
0 0 0 0 1 6.17235
0 0 0 0 1 6.2368
0 0 0 0 1 6.19029
0 0 0 0 1 6.31248
0 0 0 0 1 6.2274
0 0 0 0 0 6.26235
0 0 0 0 0 6.36061
0 0 0 0 0 6.3898
0 0 0 0 1 6.40012
0 0 0 0 1 6.3461
0 0 0 0 1 6.33087
0 0 0 0 1 6.39798
0 0 0 0 0 6.47272
0 0 0 0 0 6.45055
0 0 0 0 1 6.42252
0 0 0 0 1 6.4584
0 0 0 0 1 6.55374
0 0 0 0 1 6.46054
0 0 0 0 1 6.52372
0 0 0 0 1 6.50789
0 0 0 0 1 6.55119
0 0 0 0 1 6.58881
0 0 0 0 1 6.65915
0 0 0 0 1 6.68344
0 0 0 0 0 6.7012
0 0 0 0 1 6.6326
0 0 0 0 1 6.77837
0 0 0 0 0 6.74942
0 0 0 0 1 6.69994
0 0 0 0 1 6.81291
0 0 0 0 0 6.879
0 0 0 0 1 6.8635
0 0 0 0 1 6.90273
0 0 0 0 1 6.92154
0 0 0 0 1 6.84366
0 0 0 0 1 6.86281
0 0 0 0 0 7.01372
0 0 0 0 1 6.96315
0 0 0 0 1 7.05936
0 0 0 0 1 6.99438
0 0 0 0 1 7.09088
0 0 0 0 1 7.0395
0 0 0 0 1 7.13011
0 0 0 0 1 7.08549
0 0 0 0 1 7.20552
0 0 0 0 0 7.16788
0 0 0 0 1 7.27412
0 0 0 0 1 7.25803
0 0 0 0 0 7.26316
0 0 0 0 0 7.37124
0 0 0 0 1 7.39877
0 0 0 0 1 7.34594
0 0 0 0 0 7.34364
0 0 0 0 1 7.42315
0 0 0 0 1 7.45126
0 0 0 0 1 7.47905
0 0 0 0 1 7.52202
0 0 0 0 1 7.55765
0 0 0 0 1 7.65481
0 0 0 0 1 7.59921
0 0 0 0 1 7.65823
0 0 0 0 1 7.66355
0 0 0 0 1 7.83948
0 0 0 0 0 7.87651
0 0 0 0 0 7.74968
0 0 0 0 1 7.84916
0 0 0 0 1 7.95685
0 0 0 0 1 8.00226
0 0 0 0 0 7.9995
0 0 0 0 1 7.98891
0 0 0 0 0 8.099
0 0 0 0 1 8.08023
0 0 0 0 1 8.22345
0 0 0 0 1 8.21276
0 0 0 0 1 8.20939
0 0 0 0 1 8.3464
0 0 0 0 1 8.2355
0 0 0 0 1 8.4069
0 0 0 0 1 8.4537
0 0 0 0 1 8.50067
0 0 0 0 1 8.42022
0 0 0 0 1 8.60365
0 0 0 0 0 8.64323
0 0 0 0 1 8.71679
0 0 0 0 1 8.78143
0 0 0 0 1 8.71595
0 0 0 0 0 8.71003
0 0 0 0 1 8.82918
0 0 0 0 0 8.84972
0 0 0 0 1 8.95951
0 0 0 0 1 8.97109
0 0 0 0 1 9.07293
0 0 0 0 1 9.04887
0 0 0 0 1 9.21559
0 0 0 0 1 9.20856
0 0 0 0 1 9.24731
0 0 0 0 0 9.41782
0 0 0 0 1 9.36224
0 0 0 0 1 9.37267
0 0 0 0 1 9.48611
0 0 0 0 0 9.56206
0 0 0 0 1 9.6107
0 0 0 0 1 9.63858
0 0 0 0 1 9.81286
0 0 0 0 1 9.82135
0 0 0 0 1 10.0091
0 0 0 0 1 10.0462
0 0 0 0 1 10.1346
0 0 0 0 0 10.2017
0 0 0 0 1 10.1583
0 0 0 0 1 10.194
0 0 0 0 1 10.4156
0 0 0 0 1 10.3598
0 0 0 0 1 10.4685
0 0 0 0 1 10.5355
0 0 0 0 1 10.6218
0 0 0 0 0 10.8394
0 0 0 0 1 10.8516
0 0 0 0 0 9.35243
0 0 0 0 1 9.23536
0 0 0 0 1 9.32745
0 0 0 0 1 9.22962
0 0 0 0 1 9.19235
0 0 0 0 0 9.16904
0 0 0 0 1 9.22397
0 0 0 0 1 9.12763
0 0 0 0 0 9.20995
0 0 0 0 1 9.08691
0 0 0 0 1 9.10543
0 0 0 0 1 9.16486
0 0 0 0 1 9.11086
0 0 0 0 1 9.12944
0 0 0 0 1 9.08055
0 0 0 0 1 9.04529
0 0 0 0 1 9.0509
0 0 0 0 0 9.025
0 0 0 0 1 8.96349
0 0 0 0 1 9.00051
0 0 0 0 0 8.83738
0 0 0 0 1 8.92804
0 0 0 0 1 8.84981
0 0 0 0 1 8.94917
0 0 0 0 1 8.82715
0 0 0 0 1 8.7901
0 0 0 0 1 8.8805
0 0 0 0 1 8.81239
0 0 0 0 1 8.70949
0 0 0 0 1 8.73853
0 0 0 0 1 8.83757
0 0 0 0 1 8.65326
0 0 0 0 1 8.63028
0 0 0 0 1 8.69451
0 0 0 0 1 8.7239
0 0 0 0 1 8.70125
0 0 0 0 1 8.60085
0 0 0 0 1 8.69978
0 0 0 0 1 8.55676
0 0 0 0 0 8.56086
0 0 0 0 0 8.5995
0 0 0 0 0 8.5608
0 0 0 0 1 8.60817
0 0 0 0 0 8.62982
0 0 0 0 0 8.57452
0 0 0 0 1 8.58788
0 0 0 0 1 8.55314
0 0 0 0 1 8.51559
0 0 0 0 1 8.64416
0 0 0 0 1 8.72604
0 0 0 0 1 8.89509
0 0 0 0 0 9.04839
0 0 0 0 1 9.14784
0 0 0 0 1 9.28373
0 0 0 0 1 9.28817
0 0 0 0 1 9.48857
0 0 0 0 1 9.58423
0 0 0 0 1 9.78626
0 0 0 0 0 10.0699
0 0 0 0 1 10.2656
0 0 0 0 1 10.3173
0 0 0 0 1 10.5845
0 0 0 0 1 10.7912
0 0 0 0 1 10.9527
0 0 0 0 1 11.2466
0 0 0 0 0 11.4403
0 0 0 0 1 11.5272
0 0 0 0 0 11.7841
0 0 0 0 1 12.1265
0 0 0 0 1 12.2594
0 0 0 0 1 12.6485
0 0 0 0 0 12.8861
0 0 0 0 1 22.6146
0 0 0 0 0 22.4822
0 0 0 0 1 22.5756
0 0 0 0 1 22.8751
0 0 0 0 1 22.8574
0 0 0 0 1 22.7948
0 0 0 0 1 22.6875
0 0 0 0 0 22.4904
0 0 0 0 1 22.7457
0 0 0 0 1 22.685
0 0 0 0 0 22.7827
0 0 0 0 1 22.5651
0 0 0 0 1 22.7327
0 0 0 0 1 22.6963
0 0 0 0 1 22.7279
0 0 0 0 1 22.67
0 0 0 0 1 22.2753
0 0 0 0 1 22.3758
0 0 0 0 0 23.014
0 0 0 0 1 23.9067
0 0 0 0 1 25.0427
0 0 0 0 1 26.0026
0 0 0 0 0 36.3812
0 0 0 0 1 36.4754
0 0 0 0 1 36.0608
0 0 0 0 1 36.593
0 0 0 0 1 36.6473
0 0 0 0 1 38.873
0 0 0 0 0 51.7543
0 0 0 0 1 51.7389
0 0 0 0 1 51.5689
0 0 0 0 0 52.2318
0 0 0 0 1 52.1152
0 0 0 0 0 56.7235
0 0 0 0 1 65.9207
0 0 0 0 1 69.1763
0 0 0 0 0 82.5463
0 0 0 0 0 4.97994
0 0 0 0 0 4.97994
0 0 0 0 0 4.9599
0 0 0 0 0 4.98495
0 0 0 0 0 4.96992
0 0 0 0 0 4.99998
0 0 0 0 0 5.03004
0 0 0 0 0 4.98996
0 0 0 0 0 5.01501
0 0 0 0 0 5.00499
0 0 0 0 0 5.02503
0 0 0 0 0 4.97493
0 0 0 0 0 87.2405
0 0 0 0 1 88.1255
0 0 0 0 1 75.3703
0 0 0 0 1 63.2006
0 0 0 0 1 60.2843
0 0 0 0 1 60.1138
0 0 0 0 0 60.6706
0 0 0 0 1 51.777
0 0 0 0 1 48.1791
0 0 0 0 1 47.5675
0 0 0 0 1 39.392
0 0 0 0 1 36.5989
0 0 0 0 0 35.4895
0 0 0 0 1 36.0368
0 0 0 0 1 35.9777
0 0 0 0 1 35.8842
0 0 0 0 1 28.0217
0 0 0 0 1 26.8571
0 0 0 0 1 25.6904
0 0 0 0 1 24.6884
0 0 0 0 1 24.4046
0 0 0 0 1 24.6631
0 0 0 0 0 24.8965
0 0 0 0 1 24.7125
0 0 0 0 0 24.504
0 0 0 0 1 24.5674
0 0 0 0 1 24.9031
0 0 0 0 1 24.6958
0 0 0 0 1 24.9572
0 0 0 0 0 18.0543
0 0 0 0 1 17.5797
0 0 0 0 1 17.123
0 0 0 0 1 16.7444
0 0 0 0 1 16.1632
0 0 0 0 1 15.943
0 0 0 0 1 15.5783
0 0 0 0 1 15.091
0 0 0 0 1 14.7425
0 0 0 0 1 14.2933
0 0 0 0 0 14.0708
0 0 0 0 1 13.9425
0 0 0 0 1 13.8293
0 0 0 0 1 13.7996
0 0 0 0 1 14.0485
0 0 0 0 1 13.9497
0 0 0 0 1 13.8531
0 0 0 0 1 14.0617
0 0 0 0 1 14.0052
0 0 0 0 1 14.0748
0 0 0 0 1 13.881
0 0 0 0 1 13.909
0 0 0 0 1 13.9373
0 0 0 0 1 14.1907
0 0 0 0 0 13.955
0 0 0 0 0 13.9418
0 0 0 0 1 14.1544
0 0 0 0 1 14.2009
0 0 0 0 1 14.2311
0 0 0 0 1 14.1058
0 0 0 0 1 14.0965
0 0 0 0 1 14.2266
0 0 0 0 1 14.3457
0 0 0 0 1 14.1782
0 0 0 0 0 14.2554
0 0 0 0 1 14.159
0 0 0 0 1 14.4082
0 0 0 0 1 14.4122
0 0 0 0 1 14.4052
0 0 0 0 1 14.3809
0 0 0 0 1 8.89653
0 0 0 0 1 8.76448
0 0 0 0 1 8.52127
0 0 0 0 1 8.5372
0 0 0 0 1 8.42452
0 0 0 0 1 8.29563
0 0 0 0 1 8.1769
0 0 0 0 1 8.13045
0 0 0 0 0 7.94028
0 0 0 0 1 7.82364
0 0 0 0 1 7.81075
0 0 0 0 1 7.74073
0 0 0 0 1 7.7026
0 0 0 0 1 7.61071
0 0 0 0 1 7.45933
0 0 0 0 1 7.32617
0 0 0 0 0 7.2584
0 0 0 0 1 7.22861
0 0 0 0 1 7.16221
0 0 0 0 1 7.16676
0 0 0 0 1 7.05045
0 0 0 0 1 6.92343
0 0 0 0 1 6.95391
0 0 0 0 1 6.8621
0 0 0 0 1 6.71686
0 0 0 0 1 6.73392
0 0 0 0 0 6.5772
0 0 0 0 1 6.54716
0 0 0 0 1 6.43857
0 0 0 0 0 6.4882
0 0 0 0 1 6.36736
0 0 0 0 1 6.34531
0 0 0 0 0 6.25377
0 0 0 0 1 6.26259
0 0 0 0 0 6.21491
0 0 0 0 1 6.09383
0 0 0 0 1 6.11353
0 0 0 0 1 6.00866
0 0 0 0 1 5.97959
0 0 0 0 1 5.9117
0 0 0 0 0 5.88835
0 0 0 0 1 5.78606
0 0 0 0 1 5.7657
0 0 0 0 1 5.75083
0 0 0 0 1 5.73254
0 0 0 0 0 5.60972
0 0 0 0 0 5.57222
0 0 0 0 1 5.58231
0 0 0 0 1 5.53351
0 0 0 0 1 5.44655
0 0 0 0 1 5.45825
0 0 0 0 1 5.45628
0 0 0 0 1 5.31978
0 0 0 0 1 5.33615
0 0 0 0 1 5.32855
0 0 0 0 0 5.20191
0 0 0 0 1 5.23622
0 0 0 0 1 5.19202
0 0 0 0 1 5.13775
0 0 0 0 1 5.07873
0 0 0 0 1 5.09305
0 0 0 0 0 4.9941
0 0 0 0 1 4.96439
0 0 0 0 1 5.01628
0 0 0 0 1 4.90384
0 0 0 0 1 4.87612
0 0 0 0 0 4.9168
0 0 0 0 1 4.8435
0 0 0 0 0 4.86405
0 0 0 0 0 4.83426
0 0 0 0 1 4.846
0 0 0 0 1 4.86372
0 0 0 0 1 4.82808
0 0 0 0 0 4.82529
0 0 0 0 1 4.87244
0 0 0 0 1 4.95919
0 0 0 0 1 4.93815
0 0 0 0 1 4.9652
0 0 0 0 1 4.9341
0 0 0 0 1 5.00229
0 0 0 0 0 5.0397
0 0 0 0 0 4.98345
0 0 0 0 1 4.98205
0 0 0 0 0 5.0563
0 0 0 0 1 5.0399
0 0 0 0 1 5.11485
0 0 0 0 0 5.08316
0 0 0 0 1 5.11779
0 0 0 0 1 5.0845
0 0 0 0 1 5.16051
0 0 0 0 1 5.14391
0 0 0 0 1 5.16869
0 0 0 0 1 5.20403
0 0 0 0 1 5.22389
0 0 0 0 0 5.21757
0 0 0 0 1 5.25862
0 0 0 0 1 5.30667
0 0 0 0 1 5.3536
0 0 0 0 1 5.28865
0 0 0 0 0 5.38937
0 0 0 0 1 5.3616
0 0 0 0 1 5.40529
0 0 0 0 0 5.48037
0 0 0 0 1 5.49597
0 0 0 0 1 5.50067
0 0 0 0 1 5.52337
0 0 0 0 1 5.55564
0 0 0 0 1 5.53418
0 0 0 0 1 5.56659
0 0 0 0 1 5.58393
0 0 0 0 0 5.64474
0 0 0 0 1 5.63411
0 0 0 0 0 5.62738
0 0 0 0 0 5.72461
0 0 0 0 1 5.76947
0 0 0 0 1 5.7357
0 0 0 0 1 5.75345
0 0 0 0 1 5.75959
0 0 0 0 1 5.80495
0 0 0 0 1 5.84042
0 0 0 0 1 5.9291
0 0 0 0 1 5.98297
0 0 0 0 0 5.95979
0 0 0 0 1 5.97808
0 0 0 0 0 6.00237
0 0 0 0 1 6.03276
0 0 0 0 0 6.03288
0 0 0 0 1 6.08165
0 0 0 0 1 6.14913
0 0 0 0 1 6.1199
0 0 0 0 1 9.49048
0 0 0 0 1 9.52874
0 0 0 0 1 9.50679
0 0 0 0 1 9.49436
0 0 0 0 1 9.31625
0 0 0 0 1 9.41666
0 0 0 0 1 9.28337
0 0 0 0 1 9.30562
0 0 0 0 1 9.19523
0 0 0 0 1 9.31308
0 0 0 0 1 9.20934
0 0 0 0 1 9.17961
0 0 0 0 0 9.22319
0 0 0 0 1 9.08425
0 0 0 0 1 8.9916
0 0 0 0 0 8.99008
0 0 0 0 0 8.95246
0 0 0 0 1 8.98376
0 0 0 0 1 8.93741
0 0 0 0 1 8.92382
0 0 0 0 0 9.01179
0 0 0 0 0 8.94801
0 0 0 0 1 8.94671
0 0 0 0 1 8.81286
0 0 0 0 0 8.87922
0 0 0 0 1 8.75516
0 0 0 0 1 8.81592
0 0 0 0 1 8.67728
0 0 0 0 1 8.78165
0 0 0 0 1 8.76033
0 0 0 0 0 8.70785
0 0 0 0 1 8.60903
0 0 0 0 1 8.60051
0 0 0 0 1 8.55419
0 0 0 0 1 8.60605
0 0 0 0 1 8.54293
0 0 0 0 1 8.61174
0 0 0 0 1 8.43835
0 0 0 0 1 8.45271
0 0 0 0 1 8.48401
0 0 0 0 1 8.38837
0 0 0 0 1 8.36915
0 0 0 0 1 8.34534
0 0 0 0 1 8.40199
0 0 0 0 0 8.42495
0 0 0 0 1 8.32254
0 0 0 0 0 8.37905
0 0 0 0 1 8.35591
0 0 0 0 1 8.33756
0 0 0 0 1 8.30282
0 0 0 0 1 8.33889
0 0 0 0 0 8.22194
0 0 0 0 1 8.27838
0 0 0 0 1 8.22791
0 0 0 0 1 8.12038
0 0 0 0 1 8.16875
0 0 0 0 1 8.11908
0 0 0 0 0 8.11043
0 0 0 0 1 8.08565
0 0 0 0 1 8.18272
0 0 0 0 1 8.11762
0 0 0 0 1 8.15788
0 0 0 0 0 7.99656
0 0 0 0 1 7.98472
0 0 0 0 0 7.96104
0 0 0 0 1 8.03378
0 0 0 0 1 8.01832
0 0 0 0 0 8.019
0 0 0 0 1 7.99167
0 0 0 0 1 8.00852
0 0 0 0 1 7.93008
0 0 0 0 1 7.98688
0 0 0 0 1 7.90901
0 0 0 0 1 7.98527
0 0 0 0 0 7.86052
0 0 0 0 1 7.90177
0 0 0 0 1 7.78911
0 0 0 0 1 7.84969
0 0 0 0 1 7.92248
0 0 0 0 1 7.75241
0 0 0 0 1 7.75504
0 0 0 0 1 7.72977
0 0 0 0 1 7.72488
0 0 0 0 1 7.79796
0 0 0 0 1 7.80414
0 0 0 0 1 7.77626
0 0 0 0 1 7.80589
