0 0 0 0 1 5.58063
0 0 0 0 0 5.56756
0 0 0 0 1 5.51561
0 0 0 0 1 5.54966
0 0 0 0 1 5.59819
0 0 0 0 1 5.56872
0 0 0 0 1 5.65027
0 0 0 0 1 5.57053
0 0 0 0 0 5.62763
0 0 0 0 1 5.5759
0 0 0 0 1 5.6536
0 0 0 0 1 5.61322
0 0 0 0 1 5.68795
0 0 0 0 1 5.63636
0 0 0 0 1 5.68673
0 0 0 0 1 5.63153
0 0 0 0 1 5.64808
0 0 0 0 1 5.72179
0 0 0 0 1 5.73306
0 0 0 0 0 5.71971
0 0 0 0 1 5.69677
0 0 0 0 1 5.69105
0 0 0 0 1 5.76586
0 0 0 0 1 5.70282
0 0 0 0 1 5.82029
0 0 0 0 1 5.76306
0 0 0 0 1 5.74622
0 0 0 0 1 5.83387
0 0 0 0 1 5.86961
0 0 0 0 1 5.83563
0 0 0 0 0 5.84832
0 0 0 0 1 5.83344
0 0 0 0 1 5.85371
0 0 0 0 1 5.89602
0 0 0 0 1 5.92682
0 0 0 0 1 5.86344
0 0 0 0 1 5.91808
0 0 0 0 1 5.94932
0 0 0 0 1 5.87981
0 0 0 0 1 5.91718
0 0 0 0 1 5.99655
0 0 0 0 1 6.02252
0 0 0 0 1 6.01996
0 0 0 0 1 5.95611
0 0 0 0 1 5.96422
0 0 0 0 0 6.05688
0 0 0 0 1 6.10655
0 0 0 0 1 6.00605
0 0 0 0 1 6.07537
0 0 0 0 1 6.15118
0 0 0 0 0 6.09905
0 0 0 0 0 6.10185
0 0 0 0 0 6.09131
0 0 0 0 0 6.20609
0 0 0 0 0 6.22161
0 0 0 0 0 6.16299
0 0 0 0 0 6.15374
0 0 0 0 1 6.17455
0 0 0 0 1 6.23397
0 0 0 0 1 6.26869
0 0 0 0 1 6.23368
0 0 0 0 1 6.24347
0 0 0 0 0 6.27858
0 0 0 0 0 6.35184
0 0 0 0 1 6.31766
0 0 0 0 1 6.30791
0 0 0 0 1 6.40746
0 0 0 0 1 6.36596
0 0 0 0 0 6.4085
0 0 0 0 1 6.45055
0 0 0 0 1 6.40313
0 0 0 0 0 6.49082
0 0 0 0 1 6.53424
0 0 0 0 1 6.47358
0 0 0 0 1 6.51065
0 0 0 0 1 6.53413
0 0 0 0 1 6.59069
0 0 0 0 1 6.5558
0 0 0 0 0 6.57302
0 0 0 0 1 6.59699
0 0 0 0 1 6.64113
0 0 0 0 0 6.65938
0 0 0 0 1 6.65757
0 0 0 0 1 6.68206
0 0 0 0 1 6.81487
0 0 0 0 1 6.77898
0 0 0 0 1 6.879
0 0 0 0 1 6.87033
0 0 0 0 0 6.84784
0 0 0 0 1 6.88022
0 0 0 0 1 6.85748
0 0 0 0 1 6.86975
0 0 0 0 1 6.95109
0 0 0 0 1 6.99109
0 0 0 0 1 6.98925
0 0 0 0 1 7.04363
0 0 0 0 1 7.03432
0 0 0 0 1 7.0324
0 0 0 0 1 7.19422
0 0 0 0 1 7.10694
0 0 0 0 1 7.21269
0 0 0 0 1 7.15347
0 0 0 0 1 7.16556
0 0 0 0 1 7.23623
0 0 0 0 1 7.27776
0 0 0 0 1 7.28331
0 0 0 0 1 7.43558
0 0 0 0 1 7.43454
0 0 0 0 0 7.38073
0 0 0 0 1 7.37843
0 0 0 0 1 7.40638
0 0 0 0 1 7.50911
0 0 0 0 1 7.6202
0 0 0 0 1 7.60317
0 0 0 0 1 7.62434
0 0 0 0 1 7.57625
0 0 0 0 1 7.65823
0 0 0 0 0 7.7099
0 0 0 0 1 7.76962
0 0 0 0 1 7.78293
0 0 0 0 1 7.85927
0 0 0 0 1 7.80197
0 0 0 0 1 7.89357
0 0 0 0 1 8.00226
0 0 0 0 1 8.03946
0 0 0 0 1 7.95679
0 0 0 0 1 8.13933
0 0 0 0 0 8.12076
0 0 0 0 1 8.19085
0 0 0 0 1 8.12269
0 0 0 0 1 8.17645
0 0 0 0 1 8.3464
0 0 0 0 1 8.37691
0 0 0 0 1 8.39854
0 0 0 0 1 8.36117
0 0 0 0 1 8.433
0 0 0 0 1 8.51378
0 0 0 0 1 8.46682
0 0 0 0 1 8.50577
0 0 0 0 0 8.68223
0 0 0 0 1 8.72926
0 0 0 0 1 8.68098
0 0 0 0 1 8.82441
0 0 0 0 1 8.78499
0 0 0 0 1 8.84082
0 0 0 0 1 8.92371
0 0 0 0 1 8.92606
0 0 0 0 1 9.00042
0 0 0 0 1 9.12177
0 0 0 0 0 9.14223
0 0 0 0 1 9.26392
0 0 0 0 1 9.37729
0 0 0 0 1 9.24048
0 0 0 0 0 9.44684
0 0 0 0 1 9.42941
0 0 0 0 1 9.51468
0 0 0 0 1 9.66756
0 0 0 0 1 9.65895
0 0 0 0 1 9.76489
0 0 0 0 1 9.74437
0 0 0 0 0 9.91
0 0 0 0 1 9.86047
0 0 0 0 1 9.95628
0 0 0 0 1 9.99386
0 0 0 0 1 10.2119
0 0 0 0 1 10.2501
0 0 0 0 1 10.2659
0 0 0 0 1 10.4156
0 0 0 0 1 10.5265
0 0 0 0 1 10.437
0 0 0 0 1 10.6624
0 0 0 0 0 10.6432
0 0 0 0 1 10.7105
0 0 0 0 1 10.7866
0 0 0 0 0 9.34312
0 0 0 0 1 9.35602
0 0 0 0 1 9.22556
0 0 0 0 1 9.31277
0 0 0 0 1 9.20157
0 0 0 0 1 9.12306
0 0 0 0 1 9.26986
0 0 0 0 1 9.14594
0 0 0 0 1 9.10944
0 0 0 0 1 9.13248
0 0 0 0 1 9.02356
0 0 0 0 1 9.11949
0 0 0 0 1 9.09274
0 0 0 0 1 9.03002
0 0 0 0 0 9.09858
0 0 0 0 1 9.03629
0 0 0 0 1 8.90724
0 0 0 0 1 9.05188
0 0 0 0 1 8.95454
0 0 0 0 1 8.92015
0 0 0 0 0 8.88192
0 0 0 0 1 8.83911
0 0 0 0 1 8.95633
0 0 0 0 1 8.94031
0 0 0 0 1 8.88906
0 0 0 0 1 8.88718
0 0 0 0 1 8.73073
0 0 0 0 0 8.88275
0 0 0 0 0 8.74461
0 0 0 0 1 8.75606
0 0 0 0 1 8.79382
0 0 0 0 1 8.70565
0 0 0 0 0 8.639
0 0 0 0 0 8.72062
0 0 0 0 1 8.74997
0 0 0 0 1 8.74463
0 0 0 0 0 8.67014
0 0 0 0 0 8.57006
0 0 0 0 1 8.54812
0 0 0 0 1 8.53499
0 0 0 0 1 8.5995
0 0 0 0 1 8.58659
0 0 0 0 1 8.61675
0 0 0 0 1 8.50984
0 0 0 0 1 8.63442
0 0 0 0 1 8.4597
0 0 0 0 0 8.51046
0 0 0 0 1 8.60935
0 0 0 0 1 8.50695
0 0 0 0 1 8.69124
0 0 0 0 1 8.77155
0 0 0 0 1 8.86921
0 0 0 0 1 9.02053
0 0 0 0 1 9.15441
0 0 0 0 0 9.29755
0 0 0 0 1 9.61254
0 0 0 0 1 9.77785
0 0 0 0 1 9.7961
0 0 0 0 0 9.95976
0 0 0 0 1 10.1638
0 0 0 0 0 10.4416
0 0 0 0 0 10.4579
0 0 0 0 1 10.7912
0 0 0 0 0 10.8542
0 0 0 0 1 11.0348
0 0 0 0 1 11.2699
0 0 0 0 0 11.5968
0 0 0 0 1 11.7487
0 0 0 0 1 11.9578
0 0 0 0 1 12.3333
0 0 0 0 0 12.5102
0 0 0 0 1 12.9118
0 0 0 0 1 22.7737
0 0 0 0 1 22.7775
0 0 0 0 1 22.5529
0 0 0 0 1 22.8298
0 0 0 0 0 22.88
0 0 0 0 1 22.5005
0 0 0 0 1 22.7101
0 0 0 0 1 22.7164
0 0 0 0 1 22.7005
0 0 0 0 1 22.685
0 0 0 0 1 22.6474
0 0 0 0 1 22.5651
0 0 0 0 0 22.62
0 0 0 0 1 22.6513
0 0 0 0 0 22.4354
0 0 0 0 1 22.625
0 0 0 0 0 22.59
0 0 0 0 1 22.5106
0 0 0 0 1 23.2228
0 0 0 0 1 24.172
0 0 0 0 0 25.1683
0 0 0 0 1 26.3433
0 0 0 0 0 36.5633
0 0 0 0 1 36.1114
0 0 0 0 1 36.2428
0 0 0 0 0 36.2293
0 0 0 0 1 36.247
0 0 0 0 1 38.4878
0 0 0 0 1 51.546
0 0 0 0 1 52.3114
0 0 0 0 0 51.9332
0 0 0 0 1 51.8156
0 0 0 0 0 52.2192
0 0 0 0 1 56.8362
0 0 0 0 0 65.2007
0 0 0 0 1 70.0122
0 0 0 0 1 81.401
0 0 0 0 0 5.04006
0 0 0 0 0 5.0601
0 0 0 0 0 4.9599
0 0 0 0 0 4.9599
0 0 0 0 0 4.97493
0 0 0 0 0 4.99998
0 0 0 0 0 5.01501
0 0 0 0 0 5.02002
0 0 0 0 0 4.99998
0 0 0 0 0 5.01501
0 0 0 0 0 5.03505
0 0 0 0 0 5.02503
0 0 0 0 1 88.1164
0 0 0 0 0 87.8627
0 0 0 0 1 74.5437
0 0 0 0 1 64.0943
0 0 0 0 1 60.2238
0 0 0 0 1 61.143
0 0 0 0 1 61.155
0 0 0 0 1 51.3129
0 0 0 0 1 48.371
0 0 0 0 1 48.2395
0 0 0 0 1 39.2349
0 0 0 0 1 36.7093
0 0 0 0 0 35.5608
0 0 0 0 1 35.8228
0 0 0 0 1 35.8706
0 0 0 0 1 35.3486
0 0 0 0 1 27.8532
0 0 0 0 1 26.6159
0 0 0 0 1 25.7417
0 0 0 0 1 24.4176
0 0 0 0 1 24.4046
0 0 0 0 1 24.4167
0 0 0 0 1 24.6253
0 0 0 0 1 24.7618
0 0 0 0 1 24.8248
0 0 0 0 0 24.7402
0 0 0 0 1 24.6807
0 0 0 0 1 24.6216
0 0 0 0 1 24.982
0 0 0 0 1 18.1271
0 0 0 0 1 17.6504
0 0 0 0 1 17.2605
0 0 0 0 0 16.7946
0 0 0 0 1 16.2447
0 0 0 0 1 15.9113
0 0 0 0 0 15.3461
0 0 0 0 0 15.1666
0 0 0 0 1 14.6982
0 0 0 0 1 14.5385
0 0 0 0 1 14.1554
0 0 0 0 1 13.8176
0 0 0 0 1 13.9405
0 0 0 0 1 13.8831
0 0 0 0 1 13.8536
0 0 0 0 1 13.8383
0 0 0 0 1 13.9368
0 0 0 0 0 13.8522
0 0 0 0 0 13.8794
0 0 0 0 1 14.0748
0 0 0 0 1 13.881
0 0 0 0 1 14.0492
0 0 0 0 0 14.1338
0 0 0 0 0 14.0221
0 0 0 0 0 13.955
0 0 0 0 1 14.2235
0 0 0 0 1 14.1544
0 0 0 0 1 14.2433
0 0 0 0 1 14.2735
0 0 0 0 1 14.2897
0 0 0 0 1 14.2949
0 0 0 0 1 14.1415
0 0 0 0 0 14.1611
0 0 0 0 1 14.2493
0 0 0 0 1 14.1699
0 0 0 0 1 14.216
0 0 0 0 1 14.2939
0 0 0 0 1 14.4408
0 0 0 0 0 14.3336
0 0 0 0 1 14.2232
0 0 0 0 1 8.80827
0 0 0 0 0 8.66864
0 0 0 0 0 8.55566
0 0 0 0 0 8.52021
0 0 0 0 1 8.41613
0 0 0 0 1 8.21275
0 0 0 0 1 8.1851
0 0 0 0 1 8.15472
0 0 0 0 1 8.06023
0 0 0 0 1 7.83154
0 0 0 0 0 7.74038
0 0 0 0 1 7.70211
0 0 0 0 1 7.67968
0 0 0 0 1 7.56536
0 0 0 0 1 7.48923
0 0 0 0 0 7.44457
0 0 0 0 0 7.36084
0 0 0 0 1 7.19963
0 0 0 0 1 7.17655
0 0 0 0 1 7.04613
0 0 0 0 1 7.02939
0 0 0 0 0 6.99302
0 0 0 0 1 6.94703
0 0 0 0 1 6.82799
0 0 0 0 0 6.77092
0 0 0 0 0 6.66698
0 0 0 0 1 6.61035
0 0 0 0 1 6.63252
0 0 0 0 0 6.52962
0 0 0 0 0 6.514
0 0 0 0 1 6.40568
0 0 0 0 1 6.37697
0 0 0 0 1 6.31656
0 0 0 0 1 6.25014
0 0 0 0 0 6.12851
0 0 0 0 1 6.16113
0 0 0 0 1 6.09534
0 0 0 0 1 5.9605
0 0 0 0 0 5.96169
0 0 0 0 1 5.97093
0 0 0 0 0 5.92358
0 0 0 0 1 5.79771
0 0 0 0 0 5.83509
0 0 0 0 0 5.77378
0 0 0 0 1 5.72117
0 0 0 0 1 5.62101
0 0 0 0 1 5.57782
0 0 0 0 1 5.59901
0 0 0 0 0 5.55008
0 0 0 0 1 5.4849
0 0 0 0 1 5.45825
0 0 0 0 1 5.34824
0 0 0 0 1 5.31978
0 0 0 0 1 5.36277
0 0 0 0 1 5.25976
0 0 0 0 1 5.2859
0 0 0 0 0 5.18929
0 0 0 0 1 5.18684
0 0 0 0 1 5.17894
0 0 0 0 1 5.13499
0 0 0 0 0 5.04232
0 0 0 0 1 5.06969
0 0 0 0 1 5.05967
0 0 0 0 1 4.99137
0 0 0 0 0 4.90879
0 0 0 0 1 4.87612
0 0 0 0 1 4.9168
0 0 0 0 1 4.9018
0 0 0 0 1 4.80132
0 0 0 0 1 4.78129
0 0 0 0 1 4.85566
0 0 0 0 1 4.80075
0 0 0 0 1 4.87671
0 0 0 0 1 4.82529
0 0 0 0 1 4.88711
0 0 0 0 1 4.94446
0 0 0 0 1 4.97265
0 0 0 0 1 4.9652
0 0 0 0 1 4.92914
0 0 0 0 1 4.96247
0 0 0 0 1 4.97982
0 0 0 0 0 4.96342
0 0 0 0 1 5.02227
0 0 0 0 1 5.05125
0 0 0 0 1 5.0399
0 0 0 0 1 5.04876
0 0 0 0 0 5.08827
0 0 0 0 1 5.0768
0 0 0 0 1 5.09477
0 0 0 0 1 5.13989
0 0 0 0 1 5.19048
0 0 0 0 1 5.24661
0 0 0 0 1 5.19882
0 0 0 0 0 5.18201
0 0 0 0 1 5.23859
0 0 0 0 1 5.22169
0 0 0 0 1 5.31197
0 0 0 0 1 5.34828
0 0 0 0 0 5.29933
0 0 0 0 1 5.32502
0 0 0 0 1 5.37775
0 0 0 0 1 5.43235
0 0 0 0 1 5.38803
0 0 0 0 1 5.48506
0 0 0 0 1 5.51161
0 0 0 0 1 5.49586
0 0 0 0 1 5.57221
0 0 0 0 0 5.58968
0 0 0 0 0 5.58331
0 0 0 0 1 5.65114
0 0 0 0 0 5.65036
0 0 0 0 1 5.69627
0 0 0 0 1 5.63872
0 0 0 0 1 5.71891
0 0 0 0 1 5.78092
0 0 0 0 1 5.77021
0 0 0 0 1 5.8344
0 0 0 0 1 5.7654
0 0 0 0 1 5.85746
0 0 0 0 1 5.80523
0 0 0 0 1 5.87606
0 0 0 0 0 5.93558
0 0 0 0 1 5.90621
0 0 0 0 1 5.94217
0 0 0 0 1 6.05049
0 0 0 0 0 5.99045
0 0 0 0 1 6.03288
0 0 0 0 0 6.08776
0 0 0 0 1 6.19822
0 0 0 0 1 6.23723
0 0 0 0 1 9.58567
0 0 0 0 0 9.44341
0 0 0 0 0 9.50679
0 0 0 0 1 9.43785
0 0 0 0 0 9.42883
0 0 0 0 1 9.38861
0 0 0 0 1 9.41386
0 0 0 0 1 9.37999
0 0 0 0 1 9.21375
0 0 0 0 1 9.26693
0 0 0 0 0 9.11733
0 0 0 0 1 9.22546
0 0 0 0 1 9.21405
0 0 0 0 1 9.07514
0 0 0 0 1 9.16417
0 0 0 0 1 8.96292
0 0 0 0 1 9.04271
0 0 0 0 1 9.06477
0 0 0 0 1 9.06304
0 0 0 0 1 8.87012
0 0 0 0 1 8.90472
0 0 0 0 1 8.92132
0 0 0 0 0 8.84031
0 0 0 0 1 8.83054
0 0 0 0 1 8.75577
0 0 0 0 1 8.79911
0 0 0 0 1 8.82469
0 0 0 0 1 8.83473
0 0 0 0 1 8.73805
0 0 0 0 1 8.74293
0 0 0 0 1 8.58643
0 0 0 0 0 8.58307
0 0 0 0 1 8.6954
0 0 0 0 1 8.66606
0 0 0 0 1 8.64037
0 0 0 0 0 8.55149
0 0 0 0 1 8.48372
0 0 0 0 1 8.59162
0 0 0 0 0 8.41024
0 0 0 0 1 8.51791
0 0 0 0 0 8.38837
0 0 0 0 1 8.4957
0 0 0 0 1 8.42946
0 0 0 0 1 8.47753
0 0 0 0 1 8.39983
0 0 0 0 1 8.33089
0 0 0 0 1 8.4124
0 0 0 0 1 8.35591
0 0 0 0 1 8.35416
0 0 0 0 1 8.32765
0 0 0 0 1 8.24798
0 0 0 0 1 8.18895
0 0 0 0 1 8.14671
0 0 0 0 1 8.27718
0 0 0 0 1 8.21871
0 0 0 0 1 8.09516
0 0 0 0 1 8.08644
0 0 0 0 0 8.07786
0 0 0 0 1 8.17504
0 0 0 0 1 8.06918
0 0 0 0 1 8.02859
0 0 0 0 1 7.99634
0 0 0 0 0 8.11748
0 0 0 0 1 7.99277
0 0 0 0 0 7.95301
0 0 0 0 1 7.99369
0 0 0 0 1 7.93829
0 0 0 0 1 7.90718
0 0 0 0 1 7.99167
0 0 0 0 1 8.02445
0 0 0 0 1 7.99365
0 0 0 0 1 7.90757
0 0 0 0 1 7.87734
0 0 0 0 1 7.83506
0 0 0 0 1 7.97101
0 0 0 0 1 7.83874
0 0 0 0 1 7.90713
0 0 0 0 1 7.9204
0 0 0 0 0 7.8362
0 0 0 0 0 7.83855
0 0 0 0 1 7.79413
0 0 0 0 1 7.83908
0 0 0 0 1 7.85739
0 0 0 0 1 7.7357
0 0 0 0 1 7.81191
0 0 0 0 1 7.7685
0 0 0 0 0 7.72837
