0 0 0 0 1 5.5196
0 0 0 0 1 5.55089
0 0 0 0 0 5.5824
0 0 0 0 1 5.58866
0 0 0 0 1 5.59261
0 0 0 0 1 5.56313
0 0 0 0 1 5.55517
0 0 0 0 0 5.63218
0 0 0 0 1 5.6164
0 0 0 0 1 5.66021
0 0 0 0 0 5.67049
0 0 0 0 1 5.66963
0 0 0 0 1 5.70489
0 0 0 0 1 5.69861
0 0 0 0 1 5.62436
0 0 0 0 0 5.62018
0 0 0 0 1 5.6424
0 0 0 0 1 5.73319
0 0 0 0 0 5.71593
0 0 0 0 1 5.77113
0 0 0 0 1 5.69105
0 0 0 0 1 5.71973
0 0 0 0 1 5.79461
0 0 0 0 1 5.81227
0 0 0 0 1 5.77991
0 0 0 0 1 5.73994
0 0 0 0 1 5.82152
0 0 0 0 1 5.82226
0 0 0 0 1 5.82889
0 0 0 0 0 5.82397
0 0 0 0 1 5.87753
0 0 0 0 1 5.81003
0 0 0 0 1 5.87128
0 0 0 0 1 5.91364
0 0 0 0 0 5.89739
0 0 0 0 1 5.90473
0 0 0 0 0 5.97129
0 0 0 0 0 5.96118
0 0 0 0 1 5.9689
0 0 0 0 1 5.98266
0 0 0 0 1 5.93688
0 0 0 0 0 5.92085
0 0 0 0 1 5.94209
0 0 0 0 1 5.96211
0 0 0 0 0 6.04848
0 0 0 0 1 6.03879
0 0 0 0 0 6.05813
0 0 0 0 1 6.01818
0 0 0 0 1 6.12403
0 0 0 0 1 6.15727
0 0 0 0 1 6.13572
0 0 0 0 1 6.18149
0 0 0 0 1 6.09745
0 0 0 0 1 6.11989
0 0 0 0 1 6.1352
0 0 0 0 1 6.13206
0 0 0 0 1 6.19096
0 0 0 0 0 6.1621
0 0 0 0 1 6.20901
0 0 0 0 1 6.26869
0 0 0 0 1 6.23368
0 0 0 0 1 6.28753
0 0 0 0 1 6.37323
0 0 0 0 1 6.36449
0 0 0 0 0 6.29863
0 0 0 0 0 6.40339
0 0 0 0 0 6.36916
0 0 0 0 1 6.46203
0 0 0 0 1 6.43419
0 0 0 0 1 6.38611
0 0 0 0 1 6.46775
0 0 0 0 1 6.51027
0 0 0 0 1 6.44321
0 0 0 0 1 6.5127
0 0 0 0 0 6.52372
0 0 0 0 1 6.56693
0 0 0 0 0 6.55777
0 0 0 0 1 6.53599
0 0 0 0 0 6.57302
0 0 0 0 1 6.61029
0 0 0 0 1 6.64781
0 0 0 0 0 6.733
0 0 0 0 1 6.77837
0 0 0 0 1 6.709
0 0 0 0 1 6.79459
0 0 0 0 1 6.84684
0 0 0 0 1 6.76321
0 0 0 0 0 6.82248
0 0 0 0 1 6.86842
0 0 0 0 1 6.91465
0 0 0 0 1 6.85748
0 0 0 0 1 6.946
0 0 0 0 1 6.9163
0 0 0 0 1 6.94918
0 0 0 0 1 6.94719
0 0 0 0 1 6.96623
0 0 0 0 1 7.10502
0 0 0 0 1 7.08207
0 0 0 0 1 7.08738
0 0 0 0 1 7.11409
0 0 0 0 1 7.24858
0 0 0 0 1 7.17509
0 0 0 0 0 7.17279
0 0 0 0 1 7.21444
0 0 0 0 1 7.24126
0 0 0 0 1 7.3053
0 0 0 0 1 7.31779
0 0 0 0 1 7.4493
0 0 0 0 1 7.44749
0 0 0 0 0 7.51258
0 0 0 0 1 7.49615
0 0 0 0 1 7.47905
0 0 0 0 1 7.49181
0 0 0 0 1 7.51971
0 0 0 0 1 7.69289
0 0 0 0 1 7.5839
0 0 0 0 0 7.71205
0 0 0 0 1 7.75625
0 0 0 0 1 7.69201
0 0 0 0 0 7.82192
0 0 0 0 1 7.74968
0 0 0 0 1 7.91994
0 0 0 0 1 7.86194
0 0 0 0 1 7.92279
0 0 0 0 0 8.03946
0 0 0 0 1 8.10131
0 0 0 0 1 8.01027
0 0 0 0 1 8.13697
0 0 0 0 0 8.12565
0 0 0 0 1 8.13088
0 0 0 0 1 8.25056
0 0 0 0 0 8.28844
0 0 0 0 1 8.29373
0 0 0 0 1 8.34835
0 0 0 0 1 8.4537
0 0 0 0 1 8.39917
0 0 0 0 1 8.47125
0 0 0 0 1 8.62931
0 0 0 0 1 8.62605
0 0 0 0 1 8.70815
0 0 0 0 1 8.74665
0 0 0 0 1 8.78589
0 0 0 0 1 8.88599
0 0 0 0 1 8.82034
0 0 0 0 0 8.83193
0 0 0 0 1 9.00426
0 0 0 0 0 8.93506
0 0 0 0 1 9.00948
0 0 0 0 1 9.15822
0 0 0 0 1 9.19725
0 0 0 0 1 9.1901
0 0 0 0 1 9.20089
0 0 0 0 0 9.27782
0 0 0 0 1 9.46564
0 0 0 0 1 9.55236
0 0 0 0 1 9.43849
0 0 0 0 0 9.6292
0 0 0 0 0 9.63965
0 0 0 0 1 9.79404
0 0 0 0 1 9.82264
0 0 0 0 0 9.78194
0 0 0 0 1 9.92984
0 0 0 0 1 9.93631
0 0 0 0 1 10.0341
0 0 0 0 1 10.1714
0 0 0 0 1 10.1175
0 0 0 0 0 10.2865
0 0 0 0 1 10.2706
0 0 0 0 1 10.4744
0 0 0 0 1 10.437
0 0 0 0 1 10.5566
0 0 0 0 1 10.7392
0 0 0 0 1 10.6568
0 0 0 0 1 10.8407
0 0 0 0 1 9.27798
0 0 0 0 0 9.35602
0 0 0 0 1 9.29966
0 0 0 0 0 9.16495
0 0 0 0 1 9.27533
0 0 0 0 1 9.18743
0 0 0 0 1 9.09548
0 0 0 0 1 9.10932
0 0 0 0 1 9.20081
0 0 0 0 1 9.2054
0 0 0 0 1 9.15091
0 0 0 0 1 9.0469
0 0 0 0 1 8.96595
0 0 0 0 0 9.05713
0 0 0 0 1 9.00841
0 0 0 0 1 8.96429
0 0 0 0 1 8.90724
0 0 0 0 1 8.90849
0 0 0 0 1 8.91876
0 0 0 0 1 8.88444
0 0 0 0 1 8.92646
0 0 0 0 1 8.9725
0 0 0 0 1 8.84093
0 0 0 0 1 8.94031
0 0 0 0 1 8.88022
0 0 0 0 0 8.91365
0 0 0 0 1 8.75716
0 0 0 0 1 8.82118
0 0 0 0 1 8.85875
0 0 0 0 1 8.79112
0 0 0 0 1 8.72382
0 0 0 0 1 8.79297
0 0 0 0 1 8.639
0 0 0 0 1 8.6597
0 0 0 0 1 8.7239
0 0 0 0 1 8.66655
0 0 0 0 1 8.60951
0 0 0 0 1 8.57006
0 0 0 0 1 8.58266
0 0 0 0 1 8.60396
0 0 0 0 1 8.62533
0 0 0 0 1 8.65535
0 0 0 0 1 8.62534
0 0 0 0 1 8.59554
0 0 0 0 1 8.4975
0 0 0 0 1 8.49388
0 0 0 0 1 8.58729
0 0 0 0 1 8.54116
0 0 0 0 1 8.54983
0 0 0 0 0 8.67384
0 0 0 0 1 8.88627
0 0 0 0 1 8.90505
0 0 0 0 1 9.08418
0 0 0 0 1 9.28373
0 0 0 0 1 9.47581
0 0 0 0 1 9.49811
0 0 0 0 1 9.70041
0 0 0 0 1 9.77641
0 0 0 0 1 9.95976
0 0 0 0 0 10.1638
0 0 0 0 1 10.4208
0 0 0 0 1 10.4684
0 0 0 0 1 10.6516
0 0 0 0 1 11.0512
0 0 0 0 1 11.0794
0 0 0 0 1 11.3948
0 0 0 0 1 11.5272
0 0 0 0 1 11.7368
0 0 0 0 1 12.1386
0 0 0 0 1 12.2963
0 0 0 0 1 12.6108
0 0 0 0 1 12.9247
0 0 0 0 1 22.5464
0 0 0 0 1 22.7547
0 0 0 0 1 22.5756
0 0 0 0 1 22.7391
0 0 0 0 1 22.6762
0 0 0 0 1 22.7722
0 0 0 0 0 22.8232
0 0 0 0 1 22.7842
0 0 0 0 1 22.7908
0 0 0 0 0 22.7076
0 0 0 0 0 22.512
0 0 0 0 1 22.7455
0 0 0 0 1 22.6425
0 0 0 0 0 22.6287
0 0 0 0 0 22.6829
0 0 0 0 1 22.3551
0 0 0 0 1 22.3428
0 0 0 0 1 22.4881
0 0 0 0 1 23.3388
0 0 0 0 1 24.0032
0 0 0 0 0 24.892
0 0 0 0 0 26.0812
0 0 0 0 1 36.5997
0 0 0 0 1 36.5846
0 0 0 0 1 36.6067
0 0 0 0 1 36.2293
0 0 0 0 1 36.5745
0 0 0 0 1 38.7575
0 0 0 0 0 52.0146
0 0 0 0 1 52.1032
0 0 0 0 1 52.1413
0 0 0 0 1 51.9717
0 0 0 0 1 51.8551
0 0 0 0 1 55.8213
0 0 0 0 1 65.8553
0 0 0 0 1 69.5942
0 0 0 0 1 80.9919
0 0 0 0 0 4.9599
0 0 0 0 0 4.99497
0 0 0 0 0 5.00499
0 0 0 0 0 5.03505
0 0 0 0 0 5.03505
0 0 0 0 0 5.04006
0 0 0 0 0 5.05008
0 0 0 0 0 5.05008
0 0 0 0 0 5.02503
0 0 0 0 0 5.04006
0 0 0 0 0 5.01501
0 0 0 0 0 5.03505
0 0 0 0 1 88.0288
0 0 0 0 1 87.5123
0 0 0 0 1 74.9946
0 0 0 0 1 63.3282
0 0 0 0 1 60.708
0 0 0 0 1 60.9008
0 0 0 0 1 60.3678
0 0 0 0 1 51.4676
0 0 0 0 1 47.5553
0 0 0 0 0 47.6155
0 0 0 0 1 39.4313
0 0 0 0 1 37.188
0 0 0 0 1 35.7035
0 0 0 0 1 35.5016
0 0 0 0 1 35.5494
0 0 0 0 1 35.5629
0 0 0 0 1 27.9656
0 0 0 0 1 26.5891
0 0 0 0 1 25.4853
0 0 0 0 1 24.5407
0 0 0 0 1 24.6755
0 0 0 0 1 24.8109
0 0 0 0 0 24.7732
0 0 0 0 1 24.8111
0 0 0 0 0 24.5781
0 0 0 0 1 24.518
0 0 0 0 1 24.9278
0 0 0 0 0 24.6464
0 0 0 0 1 24.883
0 0 0 0 1 18.1089
0 0 0 0 1 17.8096
0 0 0 0 1 17.2433
0 0 0 0 1 16.8448
0 0 0 0 1 16.3262
0 0 0 0 1 15.7842
0 0 0 0 1 15.3306
0 0 0 0 1 15.091
0 0 0 0 1 14.6982
0 0 0 0 1 14.3221
0 0 0 0 0 14.0426
0 0 0 0 1 13.8731
0 0 0 0 1 13.9127
0 0 0 0 1 14.0083
0 0 0 0 1 14.0485
0 0 0 0 1 13.8661
0 0 0 0 0 14.0624
0 0 0 0 1 13.8243
0 0 0 0 1 14.0611
0 0 0 0 1 14.0748
0 0 0 0 0 13.965
0 0 0 0 1 13.9791
0 0 0 0 1 14.1619
0 0 0 0 1 14.1204
0 0 0 0 0 14.0816
0 0 0 0 1 14.0404
0 0 0 0 1 14.1544
0 0 0 0 0 14.088
0 0 0 0 1 14.2311
0 0 0 0 1 14.0068
0 0 0 0 1 14.1815
0 0 0 0 1 14.2124
0 0 0 0 1 14.2605
0 0 0 0 1 14.1213
0 0 0 0 0 14.0987
0 0 0 0 1 14.216
0 0 0 0 1 14.3511
0 0 0 0 1 14.3979
0 0 0 0 1 14.4338
0 0 0 0 1 14.2805
0 0 0 0 1 8.8171
0 0 0 0 1 8.75577
0 0 0 0 1 8.65025
0 0 0 0 0 8.52021
0 0 0 0 0 8.35739
0 0 0 0 1 8.37021
0 0 0 0 1 8.24245
0 0 0 0 1 8.16281
0 0 0 0 0 7.91629
0 0 0 0 1 7.94218
0 0 0 0 0 7.7482
0 0 0 0 1 7.67121
0 0 0 0 1 7.64911
0 0 0 0 1 7.48223
0 0 0 0 1 7.48176
0 0 0 0 1 7.35577
0 0 0 0 1 7.36816
0 0 0 0 0 7.30104
0 0 0 0 1 7.1407
0 0 0 0 1 7.14547
0 0 0 0 1 7.03641
0 0 0 0 1 6.99302
0 0 0 0 1 6.89883
0 0 0 0 1 6.77342
0 0 0 0 1 6.71686
0 0 0 0 0 6.7607
0 0 0 0 1 6.56394
0 0 0 0 0 6.59312
0 0 0 0 1 6.54913
0 0 0 0 1 6.4882
0 0 0 0 1 6.43122
0 0 0 0 1 6.35798
0 0 0 0 1 6.22865
0 0 0 0 1 6.26882
0 0 0 0 1 6.14702
0 0 0 0 1 6.13054
0 0 0 0 1 6.12566
0 0 0 0 0 5.9906
0 0 0 0 0 5.93782
0 0 0 0 1 5.94132
0 0 0 0 1 5.85313
0 0 0 0 0 5.84432
0 0 0 0 0 5.7657
0 0 0 0 1 5.72213
0 0 0 0 1 5.69273
0 0 0 0 1 5.59279
0 0 0 0 1 5.61702
0 0 0 0 1 5.61571
0 0 0 0 1 5.55008
0 0 0 0 0 5.46299
0 0 0 0 1 5.40932
0 0 0 0 1 5.34824
0 0 0 0 1 5.39493
0 0 0 0 1 5.33615
0 0 0 0 1 5.31268
0 0 0 0 1 5.25965
0 0 0 0 1 5.20493
0 0 0 0 1 5.15575
0 0 0 0 1 5.12746
0 0 0 0 0 5.15033
0 0 0 0 0 5.11334
0 0 0 0 1 5.06969
0 0 0 0 1 5.0346
0 0 0 0 1 4.97642
0 0 0 0 1 4.95827
0 0 0 0 0 4.89578
0 0 0 0 1 4.84844
0 0 0 0 1 4.80949
0 0 0 0 1 4.77719
0 0 0 0 1 4.77166
0 0 0 0 1 4.85083
0 0 0 0 1 4.86372
0 0 0 0 1 4.83295
0 0 0 0 0 4.85941
0 0 0 0 1 4.91646
0 0 0 0 1 4.94937
0 0 0 0 0 4.97265
0 0 0 0 1 4.93556
0 0 0 0 0 4.98864
0 0 0 0 1 4.94753
0 0 0 0 1 4.97982
0 0 0 0 1 5.02853
0 0 0 0 1 5.07254
0 0 0 0 1 5.07144
0 0 0 0 1 5.06016
0 0 0 0 1 5.09452
0 0 0 0 0 5.11378
0 0 0 0 1 5.11779
0 0 0 0 1 5.17181
0 0 0 0 1 5.1502
0 0 0 0 0 5.14391
0 0 0 0 1 5.21544
0 0 0 0 1 5.18839
0 0 0 0 1 5.18201
0 0 0 0 1 5.30689
0 0 0 0 1 5.26389
0 0 0 0 1 5.33318
0 0 0 0 0 5.31103
0 0 0 0 1 5.29399
0 0 0 0 1 5.40009
0 0 0 0 1 5.34545
0 0 0 0 1 5.42693
0 0 0 0 1 5.47493
0 0 0 0 1 5.43599
0 0 0 0 0 5.42404
0 0 0 0 0 5.50686
0 0 0 0 1 5.46728
0 0 0 0 1 5.54528
0 0 0 0 1 5.51644
0 0 0 0 0 5.58393
0 0 0 0 1 5.59976
0 0 0 0 1 5.6115
0 0 0 0 1 5.68978
0 0 0 0 1 5.73602
0 0 0 0 0 5.76374
0 0 0 0 0 5.79323
0 0 0 0 1 5.78814
0 0 0 0 1 5.8177
0 0 0 0 0 5.87496
0 0 0 0 1 5.92251
0 0 0 0 1 5.8407
0 0 0 0 1 5.91781
0 0 0 0 1 5.91216
0 0 0 0 0 6.02595
0 0 0 0 0 6.0565
0 0 0 0 1 6.08716
0 0 0 0 1 6.06326
0 0 0 0 1 6.07555
0 0 0 0 1 6.15527
0 0 0 0 1 6.11372
0 0 0 0 1 9.46192
0 0 0 0 1 9.41496
0 0 0 0 1 9.53514
0 0 0 0 1 9.49436
0 0 0 0 0 9.45698
0 0 0 0 0 9.36991
0 0 0 0 0 9.22744
0 0 0 0 1 9.20336
0 0 0 0 1 9.22301
0 0 0 0 0 9.1654
0 0 0 0 0 9.28294
0 0 0 0 1 9.23463
0 0 0 0 1 9.20491
0 0 0 0 1 9.07514
0 0 0 0 0 9.0461
0 0 0 0 1 9.08061
0 0 0 0 0 8.93441
0 0 0 0 1 8.95675
0 0 0 0 0 8.98228
0 0 0 0 1 8.92382
0 0 0 0 1 8.88687
0 0 0 0 1 8.90353
0 0 0 0 0 8.90238
0 0 0 0 1 8.79518
0 0 0 0 1 8.8704
0 0 0 0 1 8.74637
0 0 0 0 1 8.85098
0 0 0 0 1 8.71227
0 0 0 0 0 8.65084
0 0 0 0 1 8.62984
0 0 0 0 1 8.69918
0 0 0 0 1 8.7042
0 0 0 0 0 8.70403
0 0 0 0 1 8.67467
0 0 0 0 1 8.52025
0 0 0 0 1 8.47445
0 0 0 0 0 8.46665
0 0 0 0 1 8.5235
0 0 0 0 0 8.42723
0 0 0 0 1 8.51791
0 0 0 0 1 8.51521
0 0 0 0 1 8.52101
0 0 0 0 1 8.46312
0 0 0 0 1 8.34324
0 0 0 0 1 8.35796
0 0 0 0 1 8.36432
0 0 0 0 1 8.37905
0 0 0 0 1 8.36422
0 0 0 0 0 8.35416
0 0 0 0 1 8.36076
0 0 0 0 0 8.32236
0 0 0 0 0 8.31265
0 0 0 0 1 8.15494
0 0 0 0 1 8.26075
0 0 0 0 1 8.13677
0 0 0 0 0 8.19328
0 0 0 0 0 8.16804
0 0 0 0 1 8.10229
0 0 0 0 1 8.08565
0 0 0 0 1 8.12595
0 0 0 0 1 8.17427
0 0 0 0 1 8.10134
0 0 0 0 0 8.14166
0 0 0 0 1 7.98472
0 0 0 0 1 8.00121
0 0 0 0 1 8.07387
0 0 0 0 1 7.93829
0 0 0 0 1 7.96309
0 0 0 0 1 7.94382
0 0 0 0 0 8.02445
0 0 0 0 1 7.93803
0 0 0 0 1 8.01068
0 0 0 0 1 7.89317
0 0 0 0 0 7.97737
0 0 0 0 1 7.86841
0 0 0 0 1 7.90177
0 0 0 0 1 7.82058
0 0 0 0 1 7.8104
0 0 0 0 1 7.78129
0 0 0 0 1 7.89337
0 0 0 0 1 7.76286
0 0 0 0 1 7.83127
0 0 0 0 0 7.83401
0 0 0 0 0 7.71236
0 0 0 0 1 7.7264
0 0 0 0 1 7.69865
0 0 0 0 1 7.82139
