0 0 0 0 1 5.54179
0 0 0 0 0 5.562
0 0 0 0 1 5.52674
0 0 0 0 1 5.53294
0 0 0 0 0 5.57028
0 0 0 0 0 5.6414
0 0 0 0 1 5.58873
0 0 0 0 1 5.62658
0 0 0 0 1 5.62763
0 0 0 0 1 5.66021
0 0 0 0 1 5.58603
0 0 0 0 1 5.60758
0 0 0 0 0 5.63711
0 0 0 0 1 5.71558
0 0 0 0 1 5.66405
0 0 0 0 1 5.65991
0 0 0 0 1 5.69928
0 0 0 0 0 5.6705
0 0 0 0 1 5.69309
0 0 0 0 1 5.65685
0 0 0 0 1 5.7483
0 0 0 0 1 5.71399
0 0 0 0 1 5.75437
0 0 0 0 1 5.77195
0 0 0 0 1 5.82605
0 0 0 0 1 5.7515
0 0 0 0 1 5.80993
0 0 0 0 1 5.85709
0 0 0 0 1 5.75909
0 0 0 0 1 5.85895
0 0 0 0 0 5.80742
0 0 0 0 1 5.9095
0 0 0 0 1 5.87714
0 0 0 0 1 5.93125
0 0 0 0 1 5.83853
0 0 0 0 0 5.83984
0 0 0 0 1 5.87669
0 0 0 0 1 5.87822
0 0 0 0 1 5.87981
0 0 0 0 0 5.91718
0 0 0 0 1 5.99655
0 0 0 0 1 5.99261
0 0 0 0 0 6.00798
0 0 0 0 1 5.99814
0 0 0 0 0 6.04848
0 0 0 0 1 5.99656
0 0 0 0 0 6.09445
0 0 0 0 0 6.06065
0 0 0 0 1 6.10578
0 0 0 0 1 6.1085
0 0 0 0 1 6.11739
0 0 0 0 1 6.08959
0 0 0 0 1 6.14048
0 0 0 0 1 6.20609
0 0 0 0 1 6.22779
0 0 0 0 1 6.15681
0 0 0 0 1 6.19096
0 0 0 0 1 6.21812
0 0 0 0 0 6.26517
0 0 0 0 1 6.20612
0 0 0 0 1 6.2274
0 0 0 0 1 6.27494
0 0 0 0 1 6.29751
0 0 0 0 1 6.38347
0 0 0 0 1 6.32401
0 0 0 0 1 6.3461
0 0 0 0 1 6.42022
0 0 0 0 0 6.46843
0 0 0 0 0 6.48556
0 0 0 0 1 6.37966
0 0 0 0 1 6.49359
0 0 0 0 1 6.4973
0 0 0 0 1 6.44321
0 0 0 0 1 6.58441
0 0 0 0 1 6.58255
0 0 0 0 0 6.57349
0 0 0 0 0 6.54461
0 0 0 0 1 6.66143
0 0 0 0 1 6.68566
0 0 0 0 0 6.59699
0 0 0 0 1 6.73457
0 0 0 0 0 6.67276
0 0 0 0 0 6.66428
0 0 0 0 0 6.76289
0 0 0 0 1 6.81487
0 0 0 0 1 6.81291
0 0 0 0 1 6.78364
0 0 0 0 0 6.76779
0 0 0 0 1 6.82039
0 0 0 0 1 6.91465
0 0 0 0 1 6.90587
0 0 0 0 1 6.89054
0 0 0 0 1 6.96501
0 0 0 0 1 6.92125
0 0 0 0 1 7.07338
0 0 0 0 0 7.01549
0 0 0 0 1 7.11209
0 0 0 0 1 7.10336
0 0 0 0 1 7.05176
0 0 0 0 0 7.16414
0 0 0 0 1 7.19834
0 0 0 0 1 7.23272
0 0 0 0 1 7.29584
0 0 0 0 1 7.30162
0 0 0 0 1 7.27046
0 0 0 0 1 7.3053
0 0 0 0 1 7.37669
0 0 0 0 1 7.44192
0 0 0 0 1 7.492
0 0 0 0 1 7.37843
0 0 0 0 1 7.42134
0 0 0 0 1 7.44146
0 0 0 0 1 7.57489
0 0 0 0 1 7.60317
0 0 0 0 1 7.66243
0 0 0 0 1 7.69869
0 0 0 0 1 7.66592
0 0 0 0 1 7.76397
0 0 0 0 1 7.71529
0 0 0 0 1 7.77513
0 0 0 0 1 7.88276
0 0 0 0 1 7.90421
0 0 0 0 0 7.97267
0 0 0 0 1 7.93869
0 0 0 0 1 7.9995
0 0 0 0 1 8.10131
0 0 0 0 0 8.10707
0 0 0 0 1 8.16938
0 0 0 0 1 8.1175
0 0 0 0 1 8.13907
0 0 0 0 1 8.18468
0 0 0 0 0 8.32984
0 0 0 0 0 8.24382
0 0 0 0 1 8.31489
0 0 0 0 1 8.40323
0 0 0 0 1 8.44992
0 0 0 0 1 8.45424
0 0 0 0 1 8.56944
0 0 0 0 0 8.61746
0 0 0 0 1 8.55265
0 0 0 0 1 8.74665
0 0 0 0 1 8.68098
0 0 0 0 1 8.75402
0 0 0 0 1 8.74963
0 0 0 0 1 8.83193
0 0 0 0 1 8.96846
0 0 0 0 1 8.98911
0 0 0 0 1 9.14544
0 0 0 0 1 9.12177
0 0 0 0 0 9.17891
0 0 0 0 1 9.18087
0 0 0 0 0 9.21017
0 0 0 0 1 9.24982
0 0 0 0 0 9.42804
0 0 0 0 1 9.49562
0 0 0 0 0 9.53373
0 0 0 0 1 9.55247
0 0 0 0 1 9.74579
0 0 0 0 1 9.75517
0 0 0 0 0 9.76394
0 0 0 0 1 9.78194
0 0 0 0 1 9.9893
0 0 0 0 1 9.90635
0 0 0 0 1 9.9637
0 0 0 0 1 10.1612
0 0 0 0 0 10.2807
0 0 0 0 1 10.379
0 0 0 0 1 10.3431
0 0 0 0 0 10.5161
0 0 0 0 1 10.605
0 0 0 0 1 10.6095
0 0 0 0 1 10.6538
0 0 0 0 1 10.6568
0 0 0 0 1 10.7866
0 0 0 0 0 9.21284
0 0 0 0 1 9.23536
0 0 0 0 1 9.2904
0 0 0 0 0 9.28505
0 0 0 0 1 9.26611
0 0 0 0 1 9.2702
0 0 0 0 1 9.18726
0 0 0 0 1 9.19171
0 0 0 0 1 9.05462
0 0 0 0 0 9.0778
0 0 0 0 1 9.13271
0 0 0 0 1 9.0832
0 0 0 0 0 9.11991
0 0 0 0 1 9.10233
0 0 0 0 1 9.09858
0 0 0 0 0 8.91029
0 0 0 0 1 8.89826
0 0 0 0 1 8.94434
0 0 0 0 0 8.92771
0 0 0 0 1 8.89337
0 0 0 0 1 8.9621
0 0 0 0 1 8.91915
0 0 0 0 0 8.90307
0 0 0 0 1 8.92259
0 0 0 0 0 8.90675
0 0 0 0 1 8.84305
0 0 0 0 1 8.82764
0 0 0 0 1 8.786
0 0 0 0 0 8.71827
0 0 0 0 1 8.78235
0 0 0 0 1 8.82882
0 0 0 0 1 8.79297
0 0 0 0 1 8.73489
0 0 0 0 1 8.63359
0 0 0 0 0 8.61963
0 0 0 0 0 8.75331
0 0 0 0 1 8.59219
0 0 0 0 1 8.596
0 0 0 0 0 8.56539
0 0 0 0 1 8.59534
0 0 0 0 0 8.56507
0 0 0 0 1 8.60378
0 0 0 0 1 8.52235
0 0 0 0 1 8.50984
0 0 0 0 1 8.61731
0 0 0 0 1 8.59642
0 0 0 0 1 8.50193
0 0 0 0 1 8.46444
0 0 0 0 1 8.5927
0 0 0 0 1 8.76954
0 0 0 0 1 8.81567
0 0 0 0 1 8.93192
0 0 0 0 1 9.07509
0 0 0 0 1 9.32992
0 0 0 0 1 9.41013
0 0 0 0 1 9.4695
0 0 0 0 1 9.72945
0 0 0 0 1 9.86502
0 0 0 0 1 9.94975
0 0 0 0 1 10.2249
0 0 0 0 1 10.3794
0 0 0 0 1 10.6373
0 0 0 0 1 10.716
0 0 0 0 1 10.898
0 0 0 0 1 11.124
0 0 0 0 1 11.2812
0 0 0 0 1 11.5041
0 0 0 0 0 11.7132
0 0 0 0 1 12.1265
0 0 0 0 1 12.284
0 0 0 0 1 12.5857
0 0 0 0 1 12.809
0 0 0 0 1 22.8191
0 0 0 0 1 22.6185
0 0 0 0 1 22.7117
0 0 0 0 1 22.7391
0 0 0 0 1 22.7668
0 0 0 0 1 22.5911
0 0 0 0 1 22.8459
0 0 0 0 1 22.5356
0 0 0 0 1 22.3843
0 0 0 0 0 22.4367
0 0 0 0 0 22.3541
0 0 0 0 1 22.5651
0 0 0 0 0 22.3046
0 0 0 0 1 22.4711
0 0 0 0 0 22.5479
0 0 0 0 1 22.4001
0 0 0 0 0 22.4102
0 0 0 0 1 22.4207
0 0 0 0 1 23.014
0 0 0 0 1 24.365
0 0 0 0 1 24.9422
0 0 0 0 1 26.1074
0 0 0 0 1 36.454
0 0 0 0 1 36.3662
0 0 0 0 1 36.4975
0 0 0 0 1 36.4839
0 0 0 0 1 36.7565
0 0 0 0 1 38.1796
0 0 0 0 1 52.2229
0 0 0 0 1 52.2594
0 0 0 0 0 52.2454
0 0 0 0 1 51.7636
0 0 0 0 1 51.9071
0 0 0 0 1 56.6671
0 0 0 0 1 66.0517
0 0 0 0 1 70.1516
0 0 0 0 1 82.6281
0 0 0 0 0 4.97493
0 0 0 0 0 4.96992
0 0 0 0 0 5.05008
0 0 0 0 0 4.97493
0 0 0 0 0 5.04006
0 0 0 0 0 4.98996
0 0 0 0 0 5.01501
0 0 0 0 0 5.03505
0 0 0 0 0 5.00499
0 0 0 0 0 4.99998
0 0 0 0 0 4.99497
0 0 0 0 0 5.00499
0 0 0 0 1 88.0288
0 0 0 0 1 87.0743
0 0 0 0 1 75.2952
0 0 0 0 1 63.7751
0 0 0 0 1 61.0712
0 0 0 0 1 60.2954
0 0 0 0 1 60.7917
0 0 0 0 1 51.8286
0 0 0 0 0 48.419
0 0 0 0 0 47.7595
0 0 0 0 1 38.9207
0 0 0 0 0 36.783
0 0 0 0 0 35.7748
0 0 0 0 1 35.8584
0 0 0 0 1 35.9777
0 0 0 0 1 35.4201
0 0 0 0 1 27.8532
0 0 0 0 0 26.6963
0 0 0 0 1 25.4597
0 0 0 0 1 24.6638
0 0 0 0 0 24.6509
0 0 0 0 1 24.7863
0 0 0 0 1 24.576
0 0 0 0 1 24.6385
0 0 0 0 1 24.7508
0 0 0 0 1 24.518
0 0 0 0 1 24.7549
0 0 0 0 1 24.6464
0 0 0 0 1 24.6357
0 0 0 0 1 18.3455
0 0 0 0 0 17.5089
0 0 0 0 0 17.2261
0 0 0 0 1 16.7779
0 0 0 0 0 16.4076
0 0 0 0 1 15.943
0 0 0 0 1 15.5009
0 0 0 0 1 15.1968
0 0 0 0 1 14.8458
0 0 0 0 1 14.3942
0 0 0 0 1 14.1413
0 0 0 0 0 13.8592
0 0 0 0 1 13.8849
0 0 0 0 1 13.7718
0 0 0 0 0 13.784
0 0 0 0 1 14.0612
0 0 0 0 1 13.895
0 0 0 0 1 13.8243
0 0 0 0 1 14.0611
0 0 0 0 1 14.1168
0 0 0 0 1 14.0211
0 0 0 0 1 13.909
0 0 0 0 0 14.1619
0 0 0 0 1 14.0361
0 0 0 0 1 14.1519
0 0 0 0 1 14.1671
0 0 0 0 1 14.1685
0 0 0 0 0 13.9751
0 0 0 0 1 14.1604
0 0 0 0 1 14.0634
0 0 0 0 1 14.1107
0 0 0 0 0 14.2549
0 0 0 0 1 14.3315
0 0 0 0 1 14.3204
0 0 0 0 1 14.1984
0 0 0 0 1 14.3586
0 0 0 0 1 14.3796
0 0 0 0 0 14.4408
0 0 0 0 1 14.2047
0 0 0 0 1 14.4096
0 0 0 0 1 8.76414
0 0 0 0 1 8.72963
0 0 0 0 0 8.65885
0 0 0 0 1 8.46075
0 0 0 0 1 8.34061
0 0 0 0 1 8.35364
0 0 0 0 1 8.27522
0 0 0 0 0 8.07382
0 0 0 0 1 8.05223
0 0 0 0 1 7.92637
0 0 0 0 1 7.8733
0 0 0 0 1 7.71756
0 0 0 0 0 7.65676
0 0 0 0 1 7.54269
0 0 0 0 1 7.5266
0 0 0 0 1 7.45937
0 0 0 0 1 7.27304
0 0 0 0 1 7.25034
0 0 0 0 1 7.19806
0 0 0 0 1 7.13128
0 0 0 0 0 7.02939
0 0 0 0 1 7.01389
0 0 0 0 1 6.81621
0 0 0 0 1 6.8621
0 0 0 0 1 6.79119
0 0 0 0 1 6.63351
0 0 0 0 1 6.68328
0 0 0 0 1 6.52746
0 0 0 0 1 6.54913
0 0 0 0 1 6.46885
0 0 0 0 1 6.41206
0 0 0 0 0 6.35164
0 0 0 0 1 6.26005
0 0 0 0 1 6.25637
0 0 0 0 1 6.10999
0 0 0 0 1 6.08159
0 0 0 0 0 6.05895
0 0 0 0 1 6.04479
0 0 0 0 1 6.0154
0 0 0 0 0 5.93539
0 0 0 0 1 5.91771
0 0 0 0 1 5.83267
0 0 0 0 1 5.78883
0 0 0 0 1 5.71639
0 0 0 0 1 5.69273
0 0 0 0 1 5.59279
0 0 0 0 1 5.58342
0 0 0 0 1 5.57118
0 0 0 0 0 5.48381
0 0 0 0 1 5.46847
0 0 0 0 0 5.49087
0 0 0 0 1 5.42387
0 0 0 0 1 5.41104
0 0 0 0 1 5.36277
0 0 0 0 1 5.32326
0 0 0 0 1 5.30164
0 0 0 0 0 5.2623
0 0 0 0 1 5.12984
0 0 0 0 1 5.1326
0 0 0 0 1 5.10941
0 0 0 0 1 5.11334
0 0 0 0 1 4.9941
0 0 0 0 1 4.98947
0 0 0 0 1 4.93159
0 0 0 0 1 4.99786
0 0 0 0 0 4.94494
0 0 0 0 0 4.89727
0 0 0 0 1 4.86293
0 0 0 0 0 4.83992
0 0 0 0 1 4.85833
0 0 0 0 0 4.78326
0 0 0 0 1 4.7959
0 0 0 0 1 4.83295
0 0 0 0 1 4.84966
0 0 0 0 1 4.92136
0 0 0 0 1 4.87572
0 0 0 0 1 4.87901
0 0 0 0 1 4.97014
0 0 0 0 1 4.99856
0 0 0 0 1 4.98735
0 0 0 0 1 4.99479
0 0 0 0 1 4.98345
0 0 0 0 0 5.06249
0 0 0 0 1 5.07648
0 0 0 0 0 5.06016
0 0 0 0 1 5.10977
0 0 0 0 1 5.08827
0 0 0 0 1 5.13316
0 0 0 0 1 5.11531
0 0 0 0 1 5.16051
0 0 0 0 0 5.20083
0 0 0 0 1 5.22063
0 0 0 0 1 5.16232
0 0 0 0 0 5.2553
0 0 0 0 1 5.29113
0 0 0 0 1 5.28499
0 0 0 0 1 5.31727
0 0 0 0 1 5.31103
0 0 0 0 1 5.34741
0 0 0 0 0 5.38401
0 0 0 0 1 5.43158
0 0 0 0 1 5.38906
0 0 0 0 1 5.4858
0 0 0 0 1 5.44144
0 0 0 0 1 5.50614
0 0 0 0 1 5.46285
0 0 0 0 1 5.46728
0 0 0 0 1 5.59524
0 0 0 0 1 5.6056
0 0 0 0 1 5.61753
0 0 0 0 1 5.67285
0 0 0 0 1 5.60585
0 0 0 0 1 5.70112
0 0 0 0 1 5.74742
0 0 0 0 1 5.71223
0 0 0 0 1 5.70118
0 0 0 0 1 5.75923
0 0 0 0 0 5.87001
0 0 0 0 0 5.78745
0 0 0 0 1 5.84042
0 0 0 0 1 5.87017
0 0 0 0 0 5.88227
0 0 0 0 1 5.90621
0 0 0 0 1 5.94816
0 0 0 0 1 6.0565
0 0 0 0 0 6.0388
0 0 0 0 1 6.13009
0 0 0 0 1 6.08776
0 0 0 0 1 6.15527
0 0 0 0 0 6.20018
0 0 0 0 1 9.44289
0 0 0 0 0 9.41496
0 0 0 0 1 9.48789
0 0 0 0 1 9.39075
0 0 0 0 1 9.41007
0 0 0 0 1 9.38861
0 0 0 0 1 9.31133
0 0 0 0 0 9.27773
0 0 0 0 0 9.16745
0 0 0 0 1 9.30385
0 0 0 0 1 9.19094
0 0 0 0 1 9.08791
0 0 0 0 1 9.08608
0 0 0 0 1 9.07514
0 0 0 0 0 9.13692
0 0 0 0 1 8.99913
0 0 0 0 1 8.97954
0 0 0 0 1 9.05577
0 0 0 0 1 8.90152
0 0 0 0 1 8.98648
0 0 0 0 1 8.87795
0 0 0 0 0 8.82348
0 0 0 0 0 8.92898
0 0 0 0 0 8.84822
0 0 0 0 1 8.72932
0 0 0 0 0 8.85185
0 0 0 0 1 8.69324
0 0 0 0 1 8.82598
0 0 0 0 0 8.64212
0 0 0 0 1 8.65594
0 0 0 0 1 8.63847
0 0 0 0 0 8.61768
0 0 0 0 1 8.56601
0 0 0 0 1 8.61443
0 0 0 0 1 8.52883
0 0 0 0 1 8.54293
0 0 0 0 0 8.50079
0 0 0 0 1 8.48093
0 0 0 0 1 8.48669
0 0 0 0 0 8.40773
0 0 0 0 1 8.43065
0 0 0 0 1 8.46196
0 0 0 0 1 8.49677
0 0 0 0 1 8.37681
0 0 0 0 1 8.45008
0 0 0 0 1 8.43952
0 0 0 0 1 8.31236
0 0 0 0 1 8.23119
0 0 0 0 1 8.22971
0 0 0 0 1 8.22004
0 0 0 0 1 8.20666
0 0 0 0 1 8.1807
0 0 0 0 0 8.27015
0 0 0 0 1 8.13758
0 0 0 0 1 8.13677
0 0 0 0 1 8.16057
0 0 0 0 1 8.08644
0 0 0 0 1 8.11043
0 0 0 0 1 8.19942
0 0 0 0 1 8.15028
0 0 0 0 1 8.07715
0 0 0 0 0 8.12557
0 0 0 0 1 8.0288
0 0 0 0 1 7.96862
0 0 0 0 1 7.97711
0 0 0 0 1 8.03378
0 0 0 0 0 8.06633
0 0 0 0 1 7.97906
0 0 0 0 1 7.9837
0 0 0 0 1 8.00852
0 0 0 0 1 7.87446
0 0 0 0 1 7.86791
0 0 0 0 1 7.94859
0 0 0 0 0 7.85087
0 0 0 0 1 7.97101
0 0 0 0 1 7.79935
0 0 0 0 1 7.85205
0 0 0 0 1 7.81826
0 0 0 0 1 7.82051
0 0 0 0 1 7.80723
0 0 0 0 1 7.79413
0 0 0 0 0 7.74539
0 0 0 0 1 7.86519
0 0 0 0 1 7.86022
0 0 0 0 1 7.74972
0 0 0 0 1 7.73745
0 0 0 0 0 7.76713
