0 0 0 0 1 5.49742
0 0 0 0 1 5.512
0 0 0 0 1 5.5824
0 0 0 0 1 5.54966
0 0 0 0 1 5.52563
0 0 0 0 1 5.55194
0 0 0 0 0 5.58314
0 0 0 0 1 5.6546
0 0 0 0 1 5.62201
0 0 0 0 1 5.65459
0 0 0 0 1 5.67612
0 0 0 0 1 5.6245
0 0 0 0 0 5.63146
0 0 0 0 1 5.66465
0 0 0 0 0 5.72075
0 0 0 0 1 5.71668
0 0 0 0 1 5.63102
0 0 0 0 1 5.75598
0 0 0 0 1 5.70451
0 0 0 0 1 5.74828
0 0 0 0 1 5.68532
0 0 0 0 1 5.72547
0 0 0 0 0 5.69688
0 0 0 0 1 5.81803
0 0 0 0 0 5.80875
0 0 0 0 1 5.82664
0 0 0 0 1 5.78097
0 0 0 0 1 5.76421
0 0 0 0 0 5.77072
0 0 0 0 1 5.85312
0 0 0 0 1 5.78989
0 0 0 0 1 5.89195
0 0 0 0 0 5.85371
0 0 0 0 1 5.8784
0 0 0 0 1 5.94447
0 0 0 0 0 5.84574
0 0 0 0 1 5.94764
0 0 0 0 1 5.91377
0 0 0 0 1 5.98077
0 0 0 0 1 5.92909
0 0 0 0 1 5.91898
0 0 0 0 1 5.93879
0 0 0 0 1 5.95407
0 0 0 0 1 5.97412
0 0 0 0 1 6.06654
0 0 0 0 0 6.05085
0 0 0 0 1 6.08839
0 0 0 0 1 6.02425
0 0 0 0 1 6.11794
0 0 0 0 1 6.07802
0 0 0 0 1 6.0685
0 0 0 0 1 6.07734
0 0 0 0 1 6.17121
0 0 0 0 1 6.2184
0 0 0 0 0 6.16606
0 0 0 0 0 6.24344
0 0 0 0 1 6.14753
0 0 0 0 1 6.18078
0 0 0 0 1 6.27141
0 0 0 0 1 6.29371
0 0 0 0 0 6.29645
0 0 0 0 1 6.28123
0 0 0 0 1 6.34168
0 0 0 0 1 6.27592
0 0 0 0 1 6.29863
0 0 0 0 0 6.30154
0 0 0 0 1 6.42022
0 0 0 0 1 6.41079
0 0 0 0 1 6.36998
0 0 0 0 1 6.48921
0 0 0 0 0 6.44836
0 0 0 0 1 6.49082
0 0 0 0 1 6.48873
0 0 0 0 0 6.53226
0 0 0 0 1 6.51719
0 0 0 0 1 6.61942
0 0 0 0 1 6.53144
0 0 0 0 1 6.59541
0 0 0 0 1 6.69228
0 0 0 0 0 6.67679
0 0 0 0 0 6.64113
0 0 0 0 1 6.67945
0 0 0 0 1 6.71797
0 0 0 0 0 6.6888
0 0 0 0 1 6.82839
0 0 0 0 0 6.85362
0 0 0 0 1 6.86538
0 0 0 0 1 6.84299
0 0 0 0 1 6.89587
0 0 0 0 1 6.81823
0 0 0 0 1 6.92661
0 0 0 0 0 6.91827
0 0 0 0 1 6.92326
0 0 0 0 0 6.94918
0 0 0 0 0 6.94018
0 0 0 0 1 7.04363
0 0 0 0 0 7.02018
0 0 0 0 1 7.06079
0 0 0 0 1 7.08738
0 0 0 0 0 7.19274
0 0 0 0 1 7.11222
0 0 0 0 1 7.21111
0 0 0 0 1 7.18727
0 0 0 0 1 7.2217
0 0 0 0 1 7.37265
0 0 0 0 1 7.36391
0 0 0 0 0 7.40613
0 0 0 0 1 7.40501
0 0 0 0 1 7.47717
0 0 0 0 0 7.43805
0 0 0 0 1 7.48867
0 0 0 0 1 7.57676
0 0 0 0 1 7.61265
0 0 0 0 1 7.58041
0 0 0 0 1 7.56341
0 0 0 0 1 7.62982
0 0 0 0 1 7.76588
0 0 0 0 1 7.67127
0 0 0 0 1 7.79291
0 0 0 0 1 7.87651
0 0 0 0 1 7.83579
0 0 0 0 1 7.78624
0 0 0 0 1 7.93312
0 0 0 0 0 7.86717
0 0 0 0 0 7.93557
0 0 0 0 1 8.0692
0 0 0 0 1 8.0506
0 0 0 0 0 8.16938
0 0 0 0 1 8.12565
0 0 0 0 1 8.22914
0 0 0 0 0 8.29996
0 0 0 0 1 8.305
0 0 0 0 1 8.40187
0 0 0 0 1 8.42363
0 0 0 0 1 8.48735
0 0 0 0 0 8.39917
0 0 0 0 0 8.55631
0 0 0 0 1 8.56944
0 0 0 0 1 8.66042
0 0 0 0 1 8.59584
0 0 0 0 1 8.74665
0 0 0 0 1 8.75092
0 0 0 0 1 8.73643
0 0 0 0 1 8.8822
0 0 0 0 0 8.92977
0 0 0 0 1 8.93266
0 0 0 0 0 9.03414
0 0 0 0 1 9.01855
0 0 0 0 1 9.15822
0 0 0 0 1 9.18808
0 0 0 0 1 9.19933
0 0 0 0 1 9.36801
0 0 0 0 1 9.40849
0 0 0 0 0 9.47504
0 0 0 0 1 9.51453
0 0 0 0 1 9.51468
0 0 0 0 0 9.66756
0 0 0 0 0 9.74579
0 0 0 0 1 9.75517
0 0 0 0 1 9.83242
0 0 0 0 0 9.92971
0 0 0 0 1 10.0091
0 0 0 0 1 9.91634
0 0 0 0 1 10.1447
0 0 0 0 1 10.1106
0 0 0 0 1 10.1481
0 0 0 0 1 10.3481
0 0 0 0 1 10.3845
0 0 0 0 1 10.4015
0 0 0 0 1 10.4265
0 0 0 0 0 10.6518
0 0 0 0 1 10.6325
0 0 0 0 0 10.6675
0 0 0 0 1 10.8732
0 0 0 0 0 9.23145
0 0 0 0 1 9.20751
0 0 0 0 1 9.29966
0 0 0 0 1 9.2481
0 0 0 0 1 9.21079
0 0 0 0 1 9.17824
0 0 0 0 1 9.09548
0 0 0 0 1 9.1734
0 0 0 0 1 9.21909
0 0 0 0 1 9.10514
0 0 0 0 1 9.14181
0 0 0 0 1 9.00153
0 0 0 0 1 9.08369
0 0 0 0 0 9.08425
0 0 0 0 1 9.09858
0 0 0 0 1 9.05429
0 0 0 0 1 8.99703
0 0 0 0 0 8.92641
0 0 0 0 1 8.91876
0 0 0 0 0 8.9648
0 0 0 0 1 8.97992
0 0 0 0 1 8.83911
0 0 0 0 1 8.84981
0 0 0 0 1 8.94031
0 0 0 0 1 8.89791
0 0 0 0 1 8.77245
0 0 0 0 0 8.86288
0 0 0 0 1 8.81239
0 0 0 0 0 8.86753
0 0 0 0 1 8.71223
0 0 0 0 1 8.81132
0 0 0 0 1 8.67073
0 0 0 0 1 8.77848
0 0 0 0 1 8.72933
0 0 0 0 0 8.73259
0 0 0 0 1 8.64053
0 0 0 0 1 8.6788
0 0 0 0 0 8.63924
0 0 0 0 1 8.70354
0 0 0 0 1 8.69018
0 0 0 0 1 8.66837
0 0 0 0 1 8.62957
0 0 0 0 0 8.60817
0 0 0 0 1 8.48413
0 0 0 0 1 8.53173
0 0 0 0 1 8.59642
0 0 0 0 1 8.45071
0 0 0 0 1 8.47297
0 0 0 0 0 8.62701
0 0 0 0 1 8.73474
0 0 0 0 1 8.85097
0 0 0 0 1 8.94088
0 0 0 0 1 9.02962
0 0 0 0 0 9.22831
0 0 0 0 1 9.3257
0 0 0 0 1 9.62208
0 0 0 0 1 9.72945
0 0 0 0 1 9.81579
0 0 0 0 0 10.0599
0 0 0 0 1 10.1027
0 0 0 0 0 10.3898
0 0 0 0 1 10.5106
0 0 0 0 1 10.7268
0 0 0 0 1 10.8652
0 0 0 0 1 11.2466
0 0 0 0 1 11.463
0 0 0 0 1 11.562
0 0 0 0 0 11.7132
0 0 0 0 1 12.0301
0 0 0 0 1 12.4317
0 0 0 0 1 12.6988
0 0 0 0 1 12.9632
0 0 0 0 1 22.7737
0 0 0 0 0 22.7547
0 0 0 0 0 22.7344
0 0 0 0 0 22.7164
0 0 0 0 1 22.427
0 0 0 0 1 22.5458
0 0 0 0 0 22.6875
0 0 0 0 1 22.4
0 0 0 0 1 22.7457
0 0 0 0 1 22.6398
0 0 0 0 1 22.6474
0 0 0 0 0 22.4975
0 0 0 0 0 22.4623
0 0 0 0 0 22.6963
0 0 0 0 1 22.3904
0 0 0 0 1 22.2876
0 0 0 0 0 22.3428
0 0 0 0 1 22.2859
0 0 0 0 1 23.0604
0 0 0 0 1 24.0755
0 0 0 0 0 24.8669
0 0 0 0 1 26.2647
0 0 0 0 1 36.5633
0 0 0 0 1 36.621
0 0 0 0 0 36.4611
0 0 0 0 1 36.4111
0 0 0 0 0 36.1378
0 0 0 0 1 38.3337
0 0 0 0 1 52.4312
0 0 0 0 1 51.6348
0 0 0 0 0 51.9852
0 0 0 0 1 52.3879
0 0 0 0 1 51.6991
0 0 0 0 1 56.4979
0 0 0 0 1 65.9862
0 0 0 0 1 69.8729
0 0 0 0 1 82.5463
0 0 0 0 0 5.05509
0 0 0 0 0 4.9599
0 0 0 0 0 5.03004
0 0 0 0 0 4.9599
0 0 0 0 0 4.97994
0 0 0 0 0 5.02503
0 0 0 0 0 5.02503
0 0 0 0 0 5.03505
0 0 0 0 0 5.04507
0 0 0 0 0 4.98996
0 0 0 0 0 5.03505
0 0 0 0 0 4.97994
0 0 0 0 1 86.7149
0 0 0 0 1 87.3371
0 0 0 0 1 75.22
0 0 0 0 0 64.0305
0 0 0 0 1 60.8291
0 0 0 0 1 60.9614
0 0 0 0 1 60.61
0 0 0 0 1 51.9833
0 0 0 0 0 48.1311
0 0 0 0 1 47.5195
0 0 0 0 1 39.4313
0 0 0 0 1 37.0039
0 0 0 0 1 35.5965
0 0 0 0 1 35.3946
0 0 0 0 1 35.3709
0 0 0 0 1 35.3486
0 0 0 0 1 27.8532
0 0 0 0 1 27.0715
0 0 0 0 1 25.5622
0 0 0 0 1 24.6638
0 0 0 0 0 24.774
0 0 0 0 1 24.7124
0 0 0 0 1 24.4774
0 0 0 0 0 24.6878
0 0 0 0 1 24.504
0 0 0 0 1 24.7156
0 0 0 0 1 24.5819
0 0 0 0 1 24.8441
0 0 0 0 1 24.9572
0 0 0 0 0 18.0361
0 0 0 0 1 17.7565
0 0 0 0 1 17.1746
0 0 0 0 1 16.6608
0 0 0 0 0 16.1795
0 0 0 0 1 15.8954
0 0 0 0 1 15.5319
0 0 0 0 1 15.1363
0 0 0 0 1 14.6687
0 0 0 0 1 14.3221
0 0 0 0 1 14.0567
0 0 0 0 1 13.9009
0 0 0 0 1 13.7598
0 0 0 0 1 13.9248
0 0 0 0 1 13.8954
0 0 0 0 1 13.7965
0 0 0 0 1 13.9368
0 0 0 0 1 13.8522
0 0 0 0 1 13.9493
0 0 0 0 1 13.851
0 0 0 0 1 13.867
0 0 0 0 1 14.1614
0 0 0 0 1 13.9092
0 0 0 0 1 14.0361
0 0 0 0 1 14.1941
0 0 0 0 1 14.1531
0 0 0 0 0 14.2249
0 0 0 0 1 14.088
0 0 0 0 1 14.2735
0 0 0 0 1 14.219
0 0 0 0 0 14.0399
0 0 0 0 0 14.3258
0 0 0 0 1 14.2463
0 0 0 0 1 14.3488
0 0 0 0 0 14.3123
0 0 0 0 1 14.159
0 0 0 0 1 14.1797
0 0 0 0 1 14.4265
0 0 0 0 1 14.262
0 0 0 0 1 14.1945
0 0 0 0 1 8.83475
0 0 0 0 1 8.67736
0 0 0 0 0 8.52987
0 0 0 0 0 8.52871
0 0 0 0 1 8.41613
0 0 0 0 1 8.22104
0 0 0 0 1 8.11955
0 0 0 0 0 8.1709
0 0 0 0 1 7.97227
0 0 0 0 1 7.92637
0 0 0 0 1 7.84202
0 0 0 0 1 7.66348
0 0 0 0 1 7.6644
0 0 0 0 0 7.59559
0 0 0 0 1 7.50418
0 0 0 0 1 7.33357
0 0 0 0 1 7.37547
0 0 0 0 1 7.17791
0 0 0 0 1 7.11919
0 0 0 0 1 7.03904
0 0 0 0 1 6.95916
0 0 0 0 1 6.8956
0 0 0 0 1 6.83687
0 0 0 0 0 6.78025
0 0 0 0 1 6.79795
0 0 0 0 0 6.68037
0 0 0 0 1 6.67665
0 0 0 0 0 6.54716
0 0 0 0 1 6.46459
0 0 0 0 0 6.46885
0 0 0 0 1 6.39929
0 0 0 0 1 6.37064
0 0 0 0 1 6.22865
0 0 0 0 1 6.26259
0 0 0 0 1 6.20257
0 0 0 0 1 6.08159
0 0 0 0 1 6.01043
0 0 0 0 1 6.05081
0 0 0 0 1 5.96169
0 0 0 0 1 5.94132
0 0 0 0 0 5.86487
0 0 0 0 1 5.8385
0 0 0 0 1 5.7657
0 0 0 0 1 5.71639
0 0 0 0 1 5.66999
0 0 0 0 0 5.70002
0 0 0 0 1 5.64502
0 0 0 0 1 5.59901
0 0 0 0 0 5.54455
0 0 0 0 1 5.51778
0 0 0 0 1 5.40932
0 0 0 0 1 5.42387
0 0 0 0 1 5.34125
0 0 0 0 1 5.37875
0 0 0 0 1 5.28622
0 0 0 0 1 5.29115
0 0 0 0 1 5.16321
0 0 0 0 1 5.14021
0 0 0 0 1 5.19438
0 0 0 0 1 5.15544
0 0 0 0 1 5.08798
0 0 0 0 1 5.04449
0 0 0 0 1 5.02958
0 0 0 0 1 5.00631
0 0 0 0 1 4.96322
0 0 0 0 1 4.9007
0 0 0 0 1 4.8875
0 0 0 0 1 4.82407
0 0 0 0 1 4.81579
0 0 0 0 1 4.77648
0 0 0 0 1 4.77843
0 0 0 0 1 4.81528
0 0 0 0 0 4.85239
0 0 0 0 1 4.86916
0 0 0 0 1 4.85287
0 0 0 0 0 4.94446
0 0 0 0 1 4.97265
0 0 0 0 1 4.95038
0 0 0 0 1 4.94897
0 0 0 0 0 4.95749
0 0 0 0 0 5.00976
0 0 0 0 1 5.04355
0 0 0 0 1 5.02227
0 0 0 0 1 5.00584
0 0 0 0 1 5.05003
0 0 0 0 0 5.07418
0 0 0 0 0 5.1342
0 0 0 0 1 5.09217
0 0 0 0 1 5.18721
0 0 0 0 1 5.16567
0 0 0 0 1 5.13873
0 0 0 0 1 5.17908
0 0 0 0 1 5.1936
0 0 0 0 1 5.2553
0 0 0 0 0 5.27537
0 0 0 0 1 5.32718
0 0 0 0 1 5.28016
0 0 0 0 1 5.35892
0 0 0 0 1 5.29399
0 0 0 0 1 5.30893
0 0 0 0 0 5.37775
0 0 0 0 1 5.39988
0 0 0 0 0 5.39346
0 0 0 0 1 5.4578
0 0 0 0 1 5.45688
0 0 0 0 1 5.50686
0 0 0 0 1 5.4949
0 0 0 0 1 5.52307
0 0 0 0 1 5.61674
0 0 0 0 1 5.58393
0 0 0 0 0 5.62787
0 0 0 0 0 5.62281
0 0 0 0 1 5.65574
0 0 0 0 1 5.66189
0 0 0 0 1 5.68361
0 0 0 0 1 5.74145
0 0 0 0 1 5.81706
0 0 0 0 1 5.84676
0 0 0 0 1 5.78745
0 0 0 0 1 5.88146
0 0 0 0 1 5.89964
0 0 0 0 1 5.86449
0 0 0 0 1 5.94789
0 0 0 0 1 6.0439
0 0 0 0 1 6.02643
0 0 0 0 1 5.9844
0 0 0 0 1 6.10579
0 0 0 0 1 6.09997
0 0 0 0 0 6.10003
0 0 0 0 1 6.13225
0 0 0 0 0 9.45241
0 0 0 0 1 9.51926
0 0 0 0 1 9.47844
0 0 0 0 1 9.40959
0 0 0 0 1 9.42883
0 0 0 0 1 9.34185
0 0 0 0 1 9.33929
0 0 0 0 1 9.31492
0 0 0 0 1 9.23227
0 0 0 0 1 9.31308
0 0 0 0 1 9.20934
0 0 0 0 1 9.17961
0 0 0 0 1 9.16835
0 0 0 0 0 9.14803
0 0 0 0 1 9.14601
0 0 0 0 1 8.96292
0 0 0 0 1 9.09686
0 0 0 0 1 9.05577
0 0 0 0 1 8.99125
0 0 0 0 1 9.00438
0 0 0 0 0 8.85118
0 0 0 0 1 8.87685
0 0 0 0 1 8.93785
0 0 0 0 1 8.80402
0 0 0 0 1 8.72932
0 0 0 0 1 8.86943
0 0 0 0 1 8.82469
0 0 0 0 0 8.71227
0 0 0 0 0 8.79909
0 0 0 0 1 8.62984
0 0 0 0 1 8.75989
0 0 0 0 0 8.64364
0 0 0 0 0 8.55738
0 0 0 0 0 8.62304
0 0 0 0 1 8.55457
0 0 0 0 0 8.49157
0 0 0 0 0 8.61174
0 0 0 0 0 8.42984
0 0 0 0 1 8.41873
0 0 0 0 1 8.50943
0 0 0 0 1 8.44756
0 0 0 0 1 8.47883
0 0 0 0 1 8.36216
0 0 0 0 1 8.46075
0 0 0 0 0 8.42495
0 0 0 0 1 8.41445
0 0 0 0 1 8.4124
0 0 0 0 1 8.29771
0 0 0 0 1 8.32097
0 0 0 0 1 8.23659
0 0 0 0 0 8.22319
0 0 0 0 1 8.32914
0 0 0 0 1 8.22077
0 0 0 0 1 8.18685
0 0 0 0 1 8.2351
0 0 0 0 1 8.25869
0 0 0 0 0 8.20068
0 0 0 0 0 8.13486
0 0 0 0 1 8.05315
0 0 0 0 1 8.09351
0 0 0 0 1 8.03668
0 0 0 0 1 8.09326
0 0 0 0 1 8.04493
0 0 0 0 1 8.01692
0 0 0 0 0 8.02531
0 0 0 0 1 8.0418
0 0 0 0 1 8.01031
0 0 0 0 1 8.019
0 0 0 0 1 7.96774
0 0 0 0 1 7.97668
0 0 0 0 1 7.95392
0 0 0 0 1 7.85205
0 0 0 0 1 7.94068
0 0 0 0 0 7.84296
0 0 0 0 1 7.85262
0 0 0 0 1 7.93328
0 0 0 0 1 7.90713
0 0 0 0 1 7.81826
0 0 0 0 1 7.77345
0 0 0 0 1 7.85421
0 0 0 0 1 7.89576
0 0 0 0 1 7.8547
0 0 0 0 1 7.80283
0 0 0 0 1 7.75127
0 0 0 0 1 7.74972
0 0 0 0 1 7.69865
0 0 0 0 1 7.77488
