0 0 0 0 1 5.51406
0 0 0 0 1 5.59534
0 0 0 0 1 5.5323
0 0 0 0 1 5.61095
0 0 0 0 1 5.63726
0 0 0 0 1 5.61904
0 0 0 0 1 5.55517
0 0 0 0 1 5.59856
0 0 0 0 1 5.63885
0 0 0 0 1 5.5759
0 0 0 0 1 5.60855
0 0 0 0 0 5.60758
0 0 0 0 0 5.70489
0 0 0 0 1 5.68163
0 0 0 0 1 5.70374
0 0 0 0 1 5.72804
0 0 0 0 1 5.72203
0 0 0 0 0 5.71609
0 0 0 0 0 5.73306
0 0 0 0 1 5.69685
0 0 0 0 1 5.75975
0 0 0 0 0 5.68531
0 0 0 0 1 5.80035
0 0 0 0 0 5.75466
0 0 0 0 0 5.73376
0 0 0 0 1 5.73994
0 0 0 0 1 5.81573
0 0 0 0 0 5.86289
0 0 0 0 1 5.79981
0 0 0 0 1 5.83563
0 0 0 0 0 5.82495
0 0 0 0 1 5.80418
0 0 0 0 0 5.81269
0 0 0 0 1 5.86078
0 0 0 0 1 5.92093
0 0 0 0 0 5.87524
0 0 0 0 1 5.95946
0 0 0 0 1 5.89007
0 0 0 0 0 5.92732
0 0 0 0 0 5.91718
0 0 0 0 1 6.02042
0 0 0 0 1 5.95673
0 0 0 0 1 6.03793
0 0 0 0 1 6.01014
0 0 0 0 1 5.98228
0 0 0 0 1 6.04482
0 0 0 0 1 6.03393
0 0 0 0 1 6.01818
0 0 0 0 1 6.13619
0 0 0 0 1 6.03535
0 0 0 0 1 6.08683
0 0 0 0 1 6.07734
0 0 0 0 1 6.1958
0 0 0 0 1 6.18146
0 0 0 0 1 6.11051
0 0 0 0 1 6.19393
0 0 0 0 0 6.18475
0 0 0 0 1 6.24302
0 0 0 0 1 6.25269
0 0 0 0 0 6.23115
0 0 0 0 1 6.31528
0 0 0 0 0 6.24977
0 0 0 0 1 6.32275
0 0 0 0 1 6.26327
0 0 0 0 1 6.35572
0 0 0 0 1 6.33337
0 0 0 0 1 6.3564
0 0 0 0 0 6.36596
0 0 0 0 1 6.36356
0 0 0 0 1 6.46988
0 0 0 0 1 6.40313
0 0 0 0 1 6.47137
0 0 0 0 1 6.54074
0 0 0 0 0 6.46706
0 0 0 0 1 6.54987
0 0 0 0 1 6.53413
0 0 0 0 0 6.60386
0 0 0 0 1 6.5558
0 0 0 0 1 6.69228
0 0 0 0 1 6.62359
0 0 0 0 1 6.61443
0 0 0 0 1 6.75977
0 0 0 0 1 6.70455
0 0 0 0 1 6.71574
0 0 0 0 1 6.82839
0 0 0 0 1 6.77898
0 0 0 0 1 6.74959
0 0 0 0 1 6.79514
0 0 0 0 0 6.89587
0 0 0 0 1 6.95597
0 0 0 0 1 6.95426
0 0 0 0 1 6.87668
0 0 0 0 1 6.94414
0 0 0 0 1 7.00506
0 0 0 0 0 6.9542
0 0 0 0 0 7.01549
0 0 0 0 1 7.12622
0 0 0 0 1 7.08917
0 0 0 0 0 7.0945
0 0 0 0 1 7.20704
0 0 0 0 0 7.10504
0 0 0 0 0 7.24713
0 0 0 0 0 7.17279
0 0 0 0 0 7.22897
0 0 0 0 1 7.32156
0 0 0 0 1 7.29797
0 0 0 0 1 7.36933
0 0 0 0 1 7.4493
0 0 0 0 1 7.41041
0 0 0 0 1 7.46787
0 0 0 0 0 7.45875
0 0 0 0 0 7.56924
0 0 0 0 1 7.48426
0 0 0 0 0 7.57282
0 0 0 0 1 7.63196
0 0 0 0 1 7.64512
0 0 0 0 1 7.73512
0 0 0 0 1 7.78715
0 0 0 0 1 7.79291
0 0 0 0 1 7.75173
0 0 0 0 1 7.77317
0 0 0 0 0 7.84916
0 0 0 0 0 7.97267
0 0 0 0 1 7.89895
0 0 0 0 1 7.92758
0 0 0 0 0 7.97285
0 0 0 0 1 8.09093
0 0 0 0 1 8.07213
0 0 0 0 1 8.1664
0 0 0 0 1 8.11451
0 0 0 0 1 8.18468
0 0 0 0 1 8.35468
0 0 0 0 1 8.27709
0 0 0 0 0 8.39854
0 0 0 0 1 8.33594
0 0 0 0 0 8.39917
0 0 0 0 1 8.42873
0 0 0 0 1 8.62931
0 0 0 0 1 8.63464
0 0 0 0 1 8.69951
0 0 0 0 1 8.61624
0 0 0 0 0 8.73344
0 0 0 0 1 8.8332
0 0 0 0 1 8.80266
0 0 0 0 1 8.84972
0 0 0 0 1 8.87
0 0 0 0 0 8.93506
0 0 0 0 1 9.01855
0 0 0 0 1 9.19467
0 0 0 0 0 9.19725
0 0 0 0 1 9.30083
0 0 0 0 0 9.34016
0 0 0 0 1 9.37116
0 0 0 0 1 9.33404
0 0 0 0 1 9.36321
0 0 0 0 1 9.58135
0 0 0 0 1 9.5237
0 0 0 0 0 9.63965
0 0 0 0 1 9.61914
0 0 0 0 1 9.84221
0 0 0 0 0 9.78194
0 0 0 0 1 9.91993
0 0 0 0 0 9.92632
0 0 0 0 1 10.1045
0 0 0 0 1 10.0802
0 0 0 0 1 10.2195
0 0 0 0 1 10.2145
0 0 0 0 0 10.2913
0 0 0 0 1 10.5265
0 0 0 0 1 10.416
0 0 0 0 0 10.5566
0 0 0 0 1 10.7072
0 0 0 0 1 10.7105
0 0 0 0 1 10.7541
0 0 0 0 1 9.22214
0 0 0 0 1 9.22608
0 0 0 0 1 9.33671
0 0 0 0 1 9.22038
0 0 0 0 1 9.24767
0 0 0 0 1 9.10466
0 0 0 0 0 9.14137
0 0 0 0 1 9.21002
0 0 0 0 1 9.14599
0 0 0 0 0 9.12337
0 0 0 0 0 9.13271
0 0 0 0 1 9.0832
0 0 0 0 0 8.98406
0 0 0 0 1 8.94866
0 0 0 0 1 8.99038
0 0 0 0 1 9.01829
0 0 0 0 1 8.94315
0 0 0 0 1 9.03396
0 0 0 0 1 8.99032
0 0 0 0 1 8.91122
0 0 0 0 1 8.93537
0 0 0 0 1 8.86579
0 0 0 0 1 8.93858
0 0 0 0 1 8.77196
0 0 0 0 1 8.80062
0 0 0 0 1 8.7901
0 0 0 0 1 8.85407
0 0 0 0 1 8.72444
0 0 0 0 1 8.76217
0 0 0 0 1 8.80865
0 0 0 0 0 8.81132
0 0 0 0 1 8.66199
0 0 0 0 1 8.6913
0 0 0 0 1 8.61619
0 0 0 0 1 8.66308
0 0 0 0 1 8.72728
0 0 0 0 1 8.69612
0 0 0 0 0 8.596
0 0 0 0 1 8.69491
0 0 0 0 1 8.68155
0 0 0 0 1 8.67698
0 0 0 0 0 8.66395
0 0 0 0 1 8.61675
0 0 0 0 1 8.50984
0 0 0 0 1 8.50606
0 0 0 0 0 8.57933
0 0 0 0 1 8.50193
0 0 0 0 1 8.53264
0 0 0 0 1 8.66131
0 0 0 0 0 8.77824
0 0 0 0 1 8.74507
0 0 0 0 1 8.98568
0 0 0 0 1 9.07509
0 0 0 0 1 9.16364
0 0 0 0 0 9.36322
0 0 0 0 1 9.58393
0 0 0 0 1 9.71009
0 0 0 0 1 9.92409
0 0 0 0 1 10.0298
0 0 0 0 1 10.2453
0 0 0 0 1 10.3276
0 0 0 0 1 10.5423
0 0 0 0 1 10.7482
0 0 0 0 1 10.9527
0 0 0 0 1 11.1017
0 0 0 0 1 11.3153
0 0 0 0 1 11.4925
0 0 0 0 1 11.7368
0 0 0 0 1 12.0783
0 0 0 0 1 12.2717
0 0 0 0 1 12.5479
0 0 0 0 0 12.9247
0 0 0 0 0 22.7509
0 0 0 0 0 22.8002
0 0 0 0 1 22.5075
0 0 0 0 1 22.4444
0 0 0 0 1 22.7894
0 0 0 0 1 22.8627
0 0 0 0 0 22.3935
0 0 0 0 1 22.626
0 0 0 0 1 22.5424
0 0 0 0 0 22.7979
0 0 0 0 1 22.6248
0 0 0 0 1 22.7455
0 0 0 0 1 22.3046
0 0 0 0 1 22.3586
0 0 0 0 1 22.6154
0 0 0 0 1 22.3101
0 0 0 0 1 22.2529
0 0 0 0 1 22.3309
0 0 0 0 1 23.2228
0 0 0 0 1 24.3168
0 0 0 0 1 25.3692
0 0 0 0 1 26.2909
0 0 0 0 1 36.0899
0 0 0 0 0 36.1842
0 0 0 0 1 36.5703
0 0 0 0 0 36.1201
0 0 0 0 1 36.6473
0 0 0 0 1 38.873
0 0 0 0 1 52.3791
0 0 0 0 1 51.5827
0 0 0 0 1 52.3495
0 0 0 0 1 52.0757
0 0 0 0 1 52.1152
0 0 0 0 1 56.949
0 0 0 0 1 65.8553
0 0 0 0 1 69.1763
0 0 0 0 1 81.0737
0 0 0 0 0 5.0601
0 0 0 0 0 4.98495
0 0 0 0 0 5.0601
0 0 0 0 0 5.04006
0 0 0 0 0 5.0601
0 0 0 0 0 5.04006
0 0 0 0 0 5.02503
0 0 0 0 0 5.05008
0 0 0 0 0 4.97994
0 0 0 0 0 4.99998
0 0 0 0 0 4.99497
0 0 0 0 0 5.05008
0 0 0 0 1 86.8901
0 0 0 0 0 86.8991
0 0 0 0 0 75.6709
0 0 0 0 1 64.222
0 0 0 0 1 60.3448
0 0 0 0 1 61.0824
0 0 0 0 1 60.3678
0 0 0 0 1 51.3129
0 0 0 0 1 47.6033
0 0 0 0 1 48.2875
0 0 0 0 1 39.0778
0 0 0 0 1 36.9303
0 0 0 0 1 35.8818
0 0 0 0 1 35.5373
0 0 0 0 1 35.7635
0 0 0 0 0 36.0628
0 0 0 0 1 28.2744
0 0 0 0 1 26.8839
0 0 0 0 1 25.3827
0 0 0 0 1 24.7622
0 0 0 0 1 24.5278
0 0 0 0 1 24.4414
0 0 0 0 1 24.7979
0 0 0 0 1 24.4658
0 0 0 0 1 24.6274
0 0 0 0 0 24.8143
0 0 0 0 1 24.6807
0 0 0 0 1 24.6464
0 0 0 0 1 24.9325
0 0 0 0 1 18.3455
0 0 0 0 1 17.615
0 0 0 0 0 17.1402
0 0 0 0 1 16.7946
0 0 0 0 1 16.2284
0 0 0 0 1 15.7525
0 0 0 0 1 15.4235
0 0 0 0 1 15.0002
0 0 0 0 0 14.6982
0 0 0 0 1 14.5385
0 0 0 0 0 14.1836
0 0 0 0 1 13.8176
0 0 0 0 1 13.8849
0 0 0 0 1 13.9944
0 0 0 0 0 13.8258
0 0 0 0 0 13.8383
0 0 0 0 0 14.0903
0 0 0 0 1 13.8941
0 0 0 0 1 13.9493
0 0 0 0 1 14.0189
0 0 0 0 1 13.937
0 0 0 0 1 13.923
0 0 0 0 1 13.9654
0 0 0 0 1 13.994
0 0 0 0 1 14.0394
0 0 0 0 1 14.0263
0 0 0 0 0 13.9993
0 0 0 0 1 13.9892
0 0 0 0 1 14.0191
0 0 0 0 1 14.1624
0 0 0 0 1 14.2949
0 0 0 0 1 14.3117
0 0 0 0 1 14.2889
0 0 0 0 0 14.1924
0 0 0 0 1 14.2696
0 0 0 0 1 14.4014
0 0 0 0 0 14.3368
0 0 0 0 0 14.3979
0 0 0 0 1 14.2047
0 0 0 0 1 14.1945
0 0 0 0 1 8.91418
0 0 0 0 1 8.73834
0 0 0 0 1 8.56426
0 0 0 0 1 8.46924
0 0 0 0 1 8.44969
0 0 0 0 1 8.27905
0 0 0 0 0 8.20148
0 0 0 0 1 8.10618
0 0 0 0 1 7.97227
0 0 0 0 1 7.91847
0 0 0 0 1 7.86548
0 0 0 0 1 7.74846
0 0 0 0 1 7.58798
0 0 0 0 1 7.51246
0 0 0 0 1 7.39954
0 0 0 0 1 7.35577
0 0 0 0 1 7.34621
0 0 0 0 0 7.19963
0 0 0 0 1 7.11919
0 0 0 0 1 7.13838
0 0 0 0 1 6.98023
0 0 0 0 1 6.8956
0 0 0 0 1 6.87818
0 0 0 0 1 6.87574
0 0 0 0 1 6.79795
0 0 0 0 0 6.66698
0 0 0 0 1 6.66339
0 0 0 0 1 6.55372
0 0 0 0 1 6.4971
0 0 0 0 1 6.41726
0 0 0 0 1 6.3929
0 0 0 0 1 6.28832
0 0 0 0 1 6.27261
0 0 0 0 0 6.23769
0 0 0 0 1 6.1964
0 0 0 0 1 6.07547
0 0 0 0 1 6.01649
0 0 0 0 0 6.06887
0 0 0 0 1 5.95572
0 0 0 0 0 5.86431
0 0 0 0 1 5.82965
0 0 0 0 0 5.8618
0 0 0 0 1 5.80039
0 0 0 0 1 5.72787
0 0 0 0 1 5.67567
0 0 0 0 1 5.62101
0 0 0 0 1 5.60582
0 0 0 0 1 5.50996
0 0 0 0 1 5.56664
0 0 0 0 1 5.42463
0 0 0 0 1 5.42563
0 0 0 0 1 5.40766
0 0 0 0 1 5.4164
0 0 0 0 0 5.30952
0 0 0 0 0 5.31268
0 0 0 0 1 5.20191
0 0 0 0 1 5.2623
0 0 0 0 0 5.12984
0 0 0 0 1 5.17379
0 0 0 0 1 5.09918
0 0 0 0 0 5.08291
0 0 0 0 1 5.02938
0 0 0 0 1 4.96439
0 0 0 0 0 4.94155
0 0 0 0 1 4.98796
0 0 0 0 1 4.94494
0 0 0 0 1 4.84356
0 0 0 0 0 4.86293
0 0 0 0 1 4.84474
0 0 0 0 1 4.77648
0 0 0 0 1 4.85566
0 0 0 0 0 4.83466
0 0 0 0 1 4.85726
0 0 0 0 1 4.9179
0 0 0 0 1 4.86754
0 0 0 0 1 4.92973
0 0 0 0 1 4.88887
0 0 0 0 1 4.89603
0 0 0 0 1 4.9936
0 0 0 0 1 4.92762
0 0 0 0 0 5.02473
0 0 0 0 1 4.96842
0 0 0 0 1 4.98205
0 0 0 0 1 5.01593
0 0 0 0 1 5.05003
0 0 0 0 0 5.11485
0 0 0 0 1 5.11378
0 0 0 0 1 5.1434
0 0 0 0 1 5.17181
0 0 0 0 1 5.14505
0 0 0 0 1 5.21118
0 0 0 0 0 5.1531
0 0 0 0 1 5.24053
0 0 0 0 1 5.20295
0 0 0 0 1 5.29639
0 0 0 0 1 5.26389
0 0 0 0 1 5.31727
0 0 0 0 1 5.2791
0 0 0 0 1 5.30467
0 0 0 0 1 5.33574
0 0 0 0 1 5.34545
0 0 0 0 1 5.43235
0 0 0 0 0 5.45864
0 0 0 0 1 5.39782
0 0 0 0 0 5.47877
0 0 0 0 1 5.49036
0 0 0 0 1 5.48937
0 0 0 0 1 5.58413
0 0 0 0 1 5.61117
0 0 0 0 1 5.63994
0 0 0 0 1 5.66723
0 0 0 0 1 5.62846
0 0 0 0 1 5.63305
0 0 0 0 1 5.72461
0 0 0 0 1 5.74657
0 0 0 0 1 5.7472
0 0 0 0 0 5.7361
0 0 0 0 1 5.87001
0 0 0 0 1 5.89246
0 0 0 0 1 5.89319
0 0 0 0 1 5.935
0 0 0 0 1 5.88819
0 0 0 0 1 5.94789
0 0 0 0 0 5.96611
0 0 0 0 0 6.02041
0 0 0 0 1 6.0388
0 0 0 0 0 6.11186
0 0 0 0 1 6.11219
0 0 0 0 1 6.13072
0 0 0 0 0 6.13225
0 0 0 0 1 9.5476
0 0 0 0 1 9.42445
0 0 0 0 1 9.36504
0 0 0 0 1 9.33424
0 0 0 0 0 9.42883
0 0 0 0 0 9.42601
0 0 0 0 0 9.31133
0 0 0 0 1 9.28703
0 0 0 0 1 9.30635
0 0 0 0 0 9.31308
0 0 0 0 1 9.29214
0 0 0 0 1 9.11542
0 0 0 0 1 9.23233
0 0 0 0 0 9.1207
0 0 0 0 1 9.11876
0 0 0 0 0 9.0444
0 0 0 0 1 9.06978
0 0 0 0 1 9.02877
0 0 0 0 1 9.0092
0 0 0 0 1 8.96858
0 0 0 0 1 8.86903
0 0 0 0 1 8.97469
0 0 0 0 1 8.90238
0 0 0 0 1 8.87474
0 0 0 0 0 8.86158
0 0 0 0 1 8.82548
0 0 0 0 1 8.78963
0 0 0 0 1 8.73851
0 0 0 0 1 8.76421
0 0 0 0 1 8.62984
0 0 0 0 1 8.7252
0 0 0 0 1 8.6869
0 0 0 0 1 8.66952
0 0 0 0 1 8.51977
0 0 0 0 1 8.50309
0 0 0 0 1 8.54293
0 0 0 0 1 8.52639
0 0 0 0 0 8.47241
0 0 0 0 1 8.44422
0 0 0 0 1 8.56028
0 0 0 0 1 8.50675
0 0 0 0 0 8.37759
0 0 0 0 1 8.37058
0 0 0 0 0 8.34324
0 0 0 0 1 8.30771
0 0 0 0 1 8.42281
0 0 0 0 1 8.40407
0 0 0 0 0 8.39748
0 0 0 0 1 8.22971
0 0 0 0 1 8.21176
0 0 0 0 1 8.28104
0 0 0 0 1 8.27142
0 0 0 0 1 8.24546
0 0 0 0 1 8.19506
0 0 0 0 1 8.12038
0 0 0 0 1 8.24234
0 0 0 0 1 8.08644
0 0 0 0 1 8.06157
0 0 0 0 1 8.20755
0 0 0 0 0 8.05296
0 0 0 0 0 8.1338
0 0 0 0 1 8.06096
0 0 0 0 1 8.06911
0 0 0 0 1 8.05716
0 0 0 0 0 8.10564
0 0 0 0 0 7.9536
0 0 0 0 1 7.9543
0 0 0 0 1 8.05894
0 0 0 0 1 8.03953
0 0 0 0 1 7.97668
0 0 0 0 0 8.0016
0 0 0 0 1 7.89964
0 0 0 0 0 7.86151
0 0 0 0 1 7.91412
0 0 0 0 1 7.89998
0 0 0 0 1 7.83087
0 0 0 0 0 7.92286
0 0 0 0 1 7.78683
0 0 0 0 0 7.86757
0 0 0 0 1 7.76025
0 0 0 0 1 7.84104
0 0 0 0 1 7.74539
0 0 0 0 1 7.71708
0 0 0 0 0 7.72792
0 0 0 0 0 7.81191
0 0 0 0 1 7.72969
0 0 0 0 1 7.74387
