0 0 0 0 0 5.49187
0 0 0 0 1 5.57312
0 0 0 0 1 5.52674
0 0 0 0 1 5.59981
0 0 0 0 1 5.57586
0 0 0 0 1 5.60226
0 0 0 0 0 5.62789
0 0 0 0 0 5.62658
0 0 0 0 1 5.65007
0 0 0 0 1 5.59276
0 0 0 0 1 5.67049
0 0 0 0 1 5.66399
0 0 0 0 1 5.69359
0 0 0 0 1 5.6024
0 0 0 0 1 5.6357
0 0 0 0 0 5.6883
0 0 0 0 1 5.63102
0 0 0 0 0 5.73319
0 0 0 0 1 5.67596
0 0 0 0 0 5.67399
0 0 0 0 1 5.66815
0 0 0 0 1 5.70826
0 0 0 0 1 5.76586
0 0 0 0 1 5.70282
0 0 0 0 0 5.73376
0 0 0 0 1 5.80352
0 0 0 0 1 5.82731
0 0 0 0 1 5.79323
0 0 0 0 1 5.83471
0 0 0 0 1 5.78899
0 0 0 0 0 5.86584
0 0 0 0 1 5.80418
0 0 0 0 1 5.80683
0 0 0 0 0 5.89602
0 0 0 0 1 5.84442
0 0 0 0 0 5.88703
0 0 0 0 1 5.97129
0 0 0 0 0 5.87229
0 0 0 0 1 5.93326
0 0 0 0 1 5.97076
0 0 0 0 1 5.94882
0 0 0 0 1 6.02252
0 0 0 0 1 6.04991
0 0 0 0 1 6.06418
0 0 0 0 1 6.06654
0 0 0 0 1 6.08705
0 0 0 0 0 5.99761
0 0 0 0 1 6.04245
0 0 0 0 1 6.07537
0 0 0 0 1 6.05364
0 0 0 0 1 6.05016
0 0 0 0 1 6.18762
0 0 0 0 0 6.12204
0 0 0 0 0 6.16915
0 0 0 0 1 6.11051
0 0 0 0 1 6.18156
0 0 0 0 1 6.15994
0 0 0 0 1 6.26792
0 0 0 0 1 6.25269
0 0 0 0 1 6.21238
0 0 0 0 0 6.30901
0 0 0 0 0 6.26235
0 0 0 0 1 6.32275
0 0 0 0 1 6.30123
0 0 0 0 1 6.27961
0 0 0 0 0 6.3461
0 0 0 0 0 6.33725
0 0 0 0 1 6.44922
0 0 0 0 1 6.36998
0 0 0 0 1 6.43122
0 0 0 0 1 6.44836
0 0 0 0 1 6.47137
0 0 0 0 1 6.55374
0 0 0 0 0 6.5127
0 0 0 0 1 6.58909
0 0 0 0 0 6.61942
0 0 0 0 1 6.64995
0 0 0 0 1 6.58881
0 0 0 0 0 6.67903
0 0 0 0 1 6.59034
0 0 0 0 0 6.74125
0 0 0 0 1 6.74638
0 0 0 0 1 6.65757
0 0 0 0 1 6.6888
0 0 0 0 1 6.81487
0 0 0 0 0 6.84005
0 0 0 0 1 6.87219
0 0 0 0 1 6.77463
0 0 0 0 1 6.90273
0 0 0 0 0 6.89399
0 0 0 0 1 6.89896
0 0 0 0 1 6.95293
0 0 0 0 1 6.88847
0 0 0 0 1 6.95617
0 0 0 0 1 6.94719
0 0 0 0 1 7.08585
0 0 0 0 1 7.11209
0 0 0 0 0 7.0324
0 0 0 0 1 7.17997
0 0 0 0 1 7.11409
0 0 0 0 1 7.23422
0 0 0 0 1 7.13186
0 0 0 0 1 7.25241
0 0 0 0 1 7.30162
0 0 0 0 1 7.36535
0 0 0 0 1 7.34926
0 0 0 0 1 7.31779
0 0 0 0 1 7.45669
0 0 0 0 1 7.38815
0 0 0 0 1 7.37843
0 0 0 0 0 7.52608
0 0 0 0 1 7.59179
0 0 0 0 1 7.52957
0 0 0 0 1 7.58041
0 0 0 0 1 7.64719
0 0 0 0 1 7.69869
0 0 0 0 1 7.67361
0 0 0 0 1 7.76397
0 0 0 0 1 7.74634
0 0 0 0 1 7.76733
0 0 0 0 1 7.8671
0 0 0 0 1 7.82557
0 0 0 0 1 7.83821
0 0 0 0 1 8.01021
0 0 0 0 1 7.96753
0 0 0 0 1 8.07723
0 0 0 0 1 8.04253
0 0 0 0 1 8.03971
0 0 0 0 1 8.1827
0 0 0 0 1 8.23733
0 0 0 0 1 8.24232
0 0 0 0 1 8.36296
0 0 0 0 1 8.37691
0 0 0 0 1 8.28979
0 0 0 0 1 8.40323
0 0 0 0 1 8.44146
0 0 0 0 1 8.45424
0 0 0 0 1 8.63786
0 0 0 0 1 8.56591
0 0 0 0 1 8.72543
0 0 0 0 1 8.65971
0 0 0 0 1 8.8296
0 0 0 0 1 8.87719
0 0 0 0 1 8.87337
0 0 0 0 1 8.94755
0 0 0 0 1 8.86105
0 0 0 0 1 9.01613
0 0 0 0 0 9.0548
0 0 0 0 1 9.05798
0 0 0 0 1 9.09639
0 0 0 0 0 9.23624
0 0 0 0 0 9.21946
0 0 0 0 1 9.31515
0 0 0 0 1 9.45624
0 0 0 0 1 9.40104
0 0 0 0 1 9.59088
0 0 0 0 1 9.55247
0 0 0 0 1 9.58176
0 0 0 0 1 9.80375
0 0 0 0 1 9.77372
0 0 0 0 1 9.84105
0 0 0 0 1 9.83074
0 0 0 0 1 10.0162
0 0 0 0 1 10.024
0 0 0 0 1 10.0498
0 0 0 0 1 10.1073
0 0 0 0 0 10.1837
0 0 0 0 1 10.312
0 0 0 0 0 10.4536
0 0 0 0 1 10.5105
0 0 0 0 1 10.673
0 0 0 0 0 10.7072
0 0 0 0 0 10.7642
0 0 0 0 1 10.8949
0 0 0 0 1 9.22214
0 0 0 0 0 9.34674
0 0 0 0 1 9.34598
0 0 0 0 1 9.16495
0 0 0 0 1 9.20157
0 0 0 0 1 9.2886
0 0 0 0 1 9.25151
0 0 0 0 1 9.24664
0 0 0 0 1 9.05462
0 0 0 0 1 9.2054
0 0 0 0 1 9.1782
0 0 0 0 1 9.05597
0 0 0 0 1 8.99312
0 0 0 0 1 9.12041
0 0 0 0 1 9.04448
0 0 0 0 1 8.98229
0 0 0 0 0 9.01499
0 0 0 0 1 8.94434
0 0 0 0 1 8.97243
0 0 0 0 1 8.92015
0 0 0 0 1 8.8552
0 0 0 0 0 8.96361
0 0 0 0 1 8.91195
0 0 0 0 1 8.93145
0 0 0 0 1 8.90675
0 0 0 0 1 8.74597
0 0 0 0 0 8.77478
0 0 0 0 1 8.82118
0 0 0 0 1 8.72705
0 0 0 0 1 8.74729
0 0 0 0 1 8.66257
0 0 0 0 0 8.76678
0 0 0 0 0 8.63028
0 0 0 0 1 8.75544
0 0 0 0 0 8.65439
0 0 0 0 1 8.65788
0 0 0 0 0 8.63549
0 0 0 0 1 8.596
0 0 0 0 1 8.72081
0 0 0 0 1 8.59534
0 0 0 0 1 8.52203
0 0 0 0 1 8.63816
0 0 0 0 1 8.62534
0 0 0 0 0 8.50984
0 0 0 0 1 8.64298
0 0 0 0 1 8.61351
0 0 0 0 0 8.54461
0 0 0 0 1 8.47297
0 0 0 0 0 8.51552
0 0 0 0 1 8.67384
0 0 0 0 1 8.73625
0 0 0 0 0 8.94984
0 0 0 0 1 9.12056
0 0 0 0 1 9.27449
0 0 0 0 1 9.28817
0 0 0 0 1 9.61254
0 0 0 0 0 9.58423
0 0 0 0 1 9.91425
0 0 0 0 1 10.0599
0 0 0 0 1 10.0925
0 0 0 0 1 10.3794
0 0 0 0 0 10.5317
0 0 0 0 1 10.6731
0 0 0 0 1 10.9746
0 0 0 0 1 11.046
0 0 0 0 0 11.4516
0 0 0 0 1 11.6083
0 0 0 0 1 11.8787
0 0 0 0 1 12.0783
0 0 0 0 1 12.2594
0 0 0 0 1 12.6485
0 0 0 0 0 12.7705
0 0 0 0 1 22.5009
0 0 0 0 1 22.6185
0 0 0 0 1 22.5529
0 0 0 0 0 22.8751
0 0 0 0 1 22.4949
0 0 0 0 1 22.5685
0 0 0 0 0 22.5292
0 0 0 0 1 22.7616
0 0 0 0 1 22.4972
0 0 0 0 1 22.685
0 0 0 0 0 22.4895
0 0 0 0 1 22.7229
0 0 0 0 1 22.7327
0 0 0 0 1 22.6062
0 0 0 0 0 22.5479
0 0 0 0 1 22.535
0 0 0 0 1 22.4327
0 0 0 0 1 22.6454
0 0 0 0 0 23.1532
0 0 0 0 0 24.0997
0 0 0 0 0 25.1934
0 0 0 0 1 25.9502
0 0 0 0 1 36.1263
0 0 0 0 0 36.5118
0 0 0 0 1 36.5703
0 0 0 0 0 36.2656
0 0 0 0 1 36.5381
0 0 0 0 0 38.796
0 0 0 0 0 51.7022
0 0 0 0 1 52.1032
0 0 0 0 1 52.1413
0 0 0 0 1 51.9197
0 0 0 0 1 51.7511
0 0 0 0 1 56.1032
0 0 0 0 0 65.3316
0 0 0 0 1 69.3852
0 0 0 0 1 81.5646
0 0 0 0 0 5.0601
0 0 0 0 0 4.98495
0 0 0 0 0 5.01501
0 0 0 0 0 5.0601
0 0 0 0 0 4.98996
0 0 0 0 0 5.04507
0 0 0 0 0 5.04006
0 0 0 0 0 5.01501
0 0 0 0 0 4.99497
0 0 0 0 0 5.0601
0 0 0 0 0 5.05509
0 0 0 0 0 5.01501
0 0 0 0 1 87.1529
0 0 0 0 0 86.9867
0 0 0 0 0 75.8212
0 0 0 0 1 64.4135
0 0 0 0 0 60.0422
0 0 0 0 1 61.143
0 0 0 0 1 60.2467
0 0 0 0 1 51.3129
0 0 0 0 1 48.1791
0 0 0 0 1 47.5195
0 0 0 0 1 39.0778
0 0 0 0 1 37.0039
0 0 0 0 0 35.7748
0 0 0 0 1 35.9655
0 0 0 0 1 35.8706
0 0 0 0 1 35.4201
0 0 0 0 1 28.3025
0 0 0 0 1 27.0715
0 0 0 0 0 25.434
0 0 0 0 1 24.713
0 0 0 0 0 24.5524
0 0 0 0 0 24.4414
0 0 0 0 1 24.8225
0 0 0 0 1 24.4658
0 0 0 0 1 24.5287
0 0 0 0 1 24.4933
0 0 0 0 1 24.8537
0 0 0 0 1 24.943
0 0 0 0 0 24.5615
0 0 0 0 1 18.0907
0 0 0 0 1 17.5266
0 0 0 0 1 17.0542
0 0 0 0 0 16.6441
0 0 0 0 1 16.3588
0 0 0 0 1 15.7366
0 0 0 0 1 15.439
0 0 0 0 1 15.2724
0 0 0 0 1 14.8015
0 0 0 0 0 14.5385
0 0 0 0 1 14.0003
0 0 0 0 1 13.8453
0 0 0 0 0 13.8432
0 0 0 0 1 13.897
0 0 0 0 0 14.0485
0 0 0 0 1 13.8383
0 0 0 0 1 13.8531
0 0 0 0 1 13.9918
0 0 0 0 1 13.8934
0 0 0 0 0 14.0328
0 0 0 0 1 14.1471
0 0 0 0 1 14.0492
0 0 0 0 1 14.0075
0 0 0 0 1 13.9097
0 0 0 0 1 14.0394
0 0 0 0 0 13.9981
0 0 0 0 1 14.1967
0 0 0 0 1 14.0457
0 0 0 0 1 14.2311
0 0 0 0 1 14.2614
0 0 0 0 1 14.054
0 0 0 0 1 14.2549
0 0 0 0 1 14.1043
0 0 0 0 1 14.2493
0 0 0 0 1 14.2981
0 0 0 0 1 14.1305
0 0 0 0 1 14.2225
0 0 0 0 0 14.3407
0 0 0 0 1 14.4624
0 0 0 0 1 14.2949
0 0 0 0 1 8.8524
0 0 0 0 1 8.65993
0 0 0 0 1 8.52127
0 0 0 0 1 8.51172
0 0 0 0 1 8.349
0 0 0 0 1 8.21275
0 0 0 0 0 8.27522
0 0 0 0 1 8.04955
0 0 0 0 1 8.03624
0 0 0 0 1 7.86315
0 0 0 0 1 7.81075
0 0 0 0 0 7.71756
0 0 0 0 1 7.58034
0 0 0 0 1 7.63338
0 0 0 0 0 7.48923
0 0 0 0 1 7.38537
0 0 0 0 1 7.36816
0 0 0 0 1 7.27931
0 0 0 0 1 7.17655
0 0 0 0 1 7.07451
0 0 0 0 1 6.96619
0 0 0 0 0 6.92343
0 0 0 0 1 6.95391
0 0 0 0 1 6.88256
0 0 0 0 1 6.71686
0 0 0 0 0 6.71384
0 0 0 0 1 6.5772
0 0 0 0 1 6.53402
0 0 0 0 1 6.45158
0 0 0 0 1 6.39146
0 0 0 0 1 6.34181
0 0 0 0 1 6.31998
0 0 0 0 1 6.24749
0 0 0 0 1 6.16299
0 0 0 0 0 6.20874
0 0 0 0 1 6.17948
0 0 0 0 1 6.07108
0 0 0 0 1 6.08091
0 0 0 0 1 5.97959
0 0 0 0 0 5.97686
0 0 0 0 1 5.90009
0 0 0 0 0 5.85015
0 0 0 0 0 5.80618
0 0 0 0 1 5.77952
0 0 0 0 1 5.63586
0 0 0 0 1 5.64922
0 0 0 0 1 5.57782
0 0 0 0 1 5.59901
0 0 0 0 1 5.5059
0 0 0 0 1 5.45203
0 0 0 0 1 5.39301
0 0 0 0 1 5.34824
0 0 0 0 0 5.40567
0 0 0 0 1 5.37875
0 0 0 0 1 5.3021
0 0 0 0 1 5.2649
0 0 0 0 1 5.21015
0 0 0 0 1 5.1972
0 0 0 0 1 5.12746
0 0 0 0 0 5.06338
0 0 0 0 1 5.07783
0 0 0 0 1 5.05457
0 0 0 0 0 5.01955
0 0 0 0 1 5.02126
0 0 0 0 1 4.91868
0 0 0 0 0 4.89578
0 0 0 0 1 4.87286
0 0 0 0 0 4.80949
0 0 0 0 1 4.86887
0 0 0 0 1 4.80537
0 0 0 0 0 4.79774
0 0 0 0 0 4.87341
0 0 0 0 1 4.90102
0 0 0 0 1 4.85941
0 0 0 0 1 4.8969
0 0 0 0 1 4.90027
0 0 0 0 1 4.89873
0 0 0 0 1 4.97014
0 0 0 0 1 4.91922
0 0 0 0 1 4.99731
0 0 0 0 1 4.97483
0 0 0 0 1 5.05357
0 0 0 0 1 5.00719
0 0 0 0 1 5.01593
0 0 0 0 1 5.03483
0 0 0 0 0 5.0996
0 0 0 0 1 5.07806
0 0 0 0 1 5.11779
0 0 0 0 1 5.15126
0 0 0 0 1 5.20175
0 0 0 0 1 5.19566
0 0 0 0 1 5.19986
0 0 0 0 0 5.20925
0 0 0 0 0 5.26576
0 0 0 0 0 5.22808
0 0 0 0 1 5.27971
0 0 0 0 1 5.34908
0 0 0 0 1 5.3536
0 0 0 0 1 5.38481
0 0 0 0 1 5.33038
0 0 0 0 0 5.39928
0 0 0 0 1 5.43776
0 0 0 0 1 5.4695
0 0 0 0 0 5.42509
0 0 0 0 0 5.46783
0 0 0 0 0 5.49036
0 0 0 0 1 5.48385
0 0 0 0 1 5.56193
0 0 0 0 1 5.5443
0 0 0 0 1 5.60633
0 0 0 0 1 5.57165
0 0 0 0 1 5.6115
0 0 0 0 1 5.6217
0 0 0 0 1 5.65619
0 0 0 0 1 5.76374
0 0 0 0 0 5.71269
0 0 0 0 1 5.75345
0 0 0 0 0 5.8177
0 0 0 0 0 5.86329
0 0 0 0 1 5.82283
0 0 0 0 1 5.88785
0 0 0 0 0 5.87634
0 0 0 0 0 5.90621
0 0 0 0 1 5.94217
0 0 0 0 1 5.97831
0 0 0 0 1 6.02671
0 0 0 0 0 6.11186
0 0 0 0 1 6.16714
0 0 0 0 0 6.16754
0 0 0 0 0 6.16312
0 0 0 0 0 9.47144
0 0 0 0 0 9.46237
0 0 0 0 1 9.50679
0 0 0 0 1 9.38133
0 0 0 0 1 9.45698
0 0 0 0 1 9.3138
0 0 0 0 1 9.33929
0 0 0 0 1 9.20336
0 0 0 0 0 9.24153
0 0 0 0 1 9.13771
0 0 0 0 1 9.13573
0 0 0 0 1 9.16127
0 0 0 0 1 9.22319
0 0 0 0 0 9.10247
0 0 0 0 1 9.13692
0 0 0 0 1 9.0444
0 0 0 0 1 9.04271
0 0 0 0 0 9.04677
0 0 0 0 1 8.88357
0 0 0 0 1 9.01333
0 0 0 0 1 8.85118
0 0 0 0 1 8.80569
0 0 0 0 1 8.80484
0 0 0 0 0 8.75098
0 0 0 0 0 8.86158
0 0 0 0 1 8.87822
0 0 0 0 0 8.83345
0 0 0 0 1 8.79974
0 0 0 0 1 8.69445
0 0 0 0 1 8.71684
0 0 0 0 1 8.5951
0 0 0 0 1 8.7042
0 0 0 0 1 8.55738
0 0 0 0 1 8.69188
0 0 0 0 1 8.53741
0 0 0 0 1 8.58573
0 0 0 0 1 8.49225
0 0 0 0 0 8.45538
0 0 0 0 1 8.44422
0 0 0 0 1 8.54333
0 0 0 0 1 8.48138
0 0 0 0 1 8.38603
0 0 0 0 1 8.42105
0 0 0 0 1 8.46075
0 0 0 0 1 8.45008
0 0 0 0 0 8.37267
0 0 0 0 1 8.37905
0 0 0 0 1 8.28108
0 0 0 0 1 8.37075
0 0 0 0 1 8.24487
0 0 0 0 1 8.21492
0 0 0 0 1 8.26317
0 0 0 0 1 8.27838
0 0 0 0 1 8.12937
0 0 0 0 0 8.27607
0 0 0 0 1 8.13604
0 0 0 0 0 8.14356
0 0 0 0 1 8.086
0 0 0 0 1 8.07753
0 0 0 0 1 8.11784
0 0 0 0 1 8.05287
0 0 0 0 1 8.12557
0 0 0 0 1 8.1336
0 0 0 0 1 8.00082
0 0 0 0 1 8.06548
0 0 0 0 0 7.94558
0 0 0 0 0 8.04232
0 0 0 0 1 8.02699
0 0 0 0 1 7.89596
0 0 0 0 1 7.93688
0 0 0 0 1 7.90624
0 0 0 0 1 8.00274
0 0 0 0 1 7.98026
0 0 0 0 0 7.94574
0 0 0 0 1 7.88419
0 0 0 0 1 7.90177
0 0 0 0 0 7.915
0 0 0 0 1 7.88897
0 0 0 0 1 7.91464
0 0 0 0 1 7.85421
0 0 0 0 1 7.8254
0 0 0 0 1 7.87031
0 0 0 0 1 7.8418
0 0 0 0 0 7.80574
0 0 0 0 1 7.85077
0 0 0 0 1 7.72193
0 0 0 0 0 7.78263
