0 0 0 0 1 5.56398
0 0 0 0 1 5.58979
0 0 0 0 1 5.57126
0 0 0 0 1 5.58866
0 0 0 0 1 5.53121
0 0 0 0 1 5.63581
0 0 0 0 1 5.56636
0 0 0 0 1 5.56493
0 0 0 0 1 5.57713
0 0 0 0 1 5.62648
0 0 0 0 1 5.63671
0 0 0 0 1 5.60758
0 0 0 0 0 5.60887
0 0 0 0 0 5.70426
0 0 0 0 0 5.72075
0 0 0 0 0 5.71668
0 0 0 0 1 5.74478
0 0 0 0 1 5.70469
0 0 0 0 0 5.67025
0 0 0 0 1 5.68542
0 0 0 0 1 5.75975
0 0 0 0 1 5.70826
0 0 0 0 1 5.73712
0 0 0 0 1 5.75466
0 0 0 0 1 5.7626
0 0 0 0 1 5.76306
0 0 0 0 1 5.80993
0 0 0 0 0 5.77582
0 0 0 0 0 5.78236
0 0 0 0 0 5.82397
0 0 0 0 1 5.86
0 0 0 0 1 5.79248
0 0 0 0 1 5.9123
0 0 0 0 1 5.90189
0 0 0 0 1 5.92093
0 0 0 0 0 5.86934
0 0 0 0 1 5.86487
0 0 0 0 1 5.97895
0 0 0 0 1 5.88575
0 0 0 0 1 5.89932
0 0 0 0 1 5.94285
0 0 0 0 1 6.00457
0 0 0 0 1 6.04991
0 0 0 0 1 5.97412
0 0 0 0 1 6.02441
0 0 0 0 0 6.08101
0 0 0 0 0 6.1126
0 0 0 0 1 6.11525
0 0 0 0 1 6.10578
0 0 0 0 1 6.13289
0 0 0 0 1 6.15406
0 0 0 0 1 6.08347
0 0 0 0 0 6.1036
0 0 0 0 1 6.14452
0 0 0 0 1 6.15372
0 0 0 0 1 6.20012
0 0 0 0 0 6.21577
0 0 0 0 1 6.20567
0 0 0 0 1 6.20901
0 0 0 0 1 6.26243
0 0 0 0 1 6.29645
0 0 0 0 0 6.32529
0 0 0 0 1 6.34799
0 0 0 0 1 6.35816
0 0 0 0 1 6.38744
0 0 0 0 0 6.30791
0 0 0 0 1 6.33725
0 0 0 0 1 6.34675
0 0 0 0 0 6.45345
0 0 0 0 1 6.45055
0 0 0 0 1 6.40313
0 0 0 0 1 6.4584
0 0 0 0 1 6.44972
0 0 0 0 1 6.49966
0 0 0 0 1 6.50411
0 0 0 0 1 6.59318
0 0 0 0 1 6.59728
0 0 0 0 1 6.64823
0 0 0 0 1 6.67903
0 0 0 0 1 6.64354
0 0 0 0 1 6.61443
0 0 0 0 1 6.65938
0 0 0 0 1 6.73139
0 0 0 0 1 6.78984
0 0 0 0 1 6.80135
0 0 0 0 0 6.83326
0 0 0 0 1 6.85856
0 0 0 0 0 6.88401
0 0 0 0 1 6.79294
0 0 0 0 1 6.86644
0 0 0 0 1 6.87131
0 0 0 0 1 6.9668
0 0 0 0 1 7.00676
0 0 0 0 1 6.95617
0 0 0 0 1 7.03833
0 0 0 0 0 7.06474
0 0 0 0 0 7.0626
0 0 0 0 1 7.07498
0 0 0 0 1 7.13724
0 0 0 0 0 7.08549
0 0 0 0 1 7.24858
0 0 0 0 1 7.13186
0 0 0 0 1 7.20175
0 0 0 0 0 7.29436
0 0 0 0 1 7.22666
0 0 0 0 0 7.36391
0 0 0 0 1 7.42086
0 0 0 0 0 7.39762
0 0 0 0 1 7.44008
0 0 0 0 1 7.52749
0 0 0 0 1 7.5186
0 0 0 0 1 7.46401
0 0 0 0 1 7.54468
0 0 0 0 1 7.61076
0 0 0 0 1 7.55579
0 0 0 0 1 7.67574
0 0 0 0 1 7.63516
0 0 0 0 1 7.68672
0 0 0 0 0 7.72305
0 0 0 0 1 7.72834
0 0 0 0 1 7.82013
0 0 0 0 1 7.82557
0 0 0 0 1 7.97267
0 0 0 0 1 8.0261
0 0 0 0 1 7.91958
0 0 0 0 1 7.99694
0 0 0 0 0 7.99413
0 0 0 0 1 8.08834
0 0 0 0 1 8.199
0 0 0 0 1 8.21276
0 0 0 0 1 8.20939
0 0 0 0 1 8.2222
0 0 0 0 0 8.35196
0 0 0 0 1 8.28143
0 0 0 0 0 8.39482
0 0 0 0 1 8.39071
0 0 0 0 1 8.46275
0 0 0 0 0 8.62076
0 0 0 0 0 8.55732
0 0 0 0 1 8.55265
0 0 0 0 1 8.78143
0 0 0 0 1 8.79463
0 0 0 0 0 8.73643
0 0 0 0 0 8.8115
0 0 0 0 1 8.96534
0 0 0 0 1 8.86105
0 0 0 0 1 8.91705
0 0 0 0 0 9.10012
0 0 0 0 1 9.03064
0 0 0 0 0 9.25227
0 0 0 0 1 9.18087
0 0 0 0 1 9.24731
0 0 0 0 1 9.29648
0 0 0 0 1 9.44684
0 0 0 0 1 9.43887
0 0 0 0 0 9.6004
0 0 0 0 1 9.51411
0 0 0 0 0 9.63965
0 0 0 0 1 9.64829
0 0 0 0 1 9.79329
0 0 0 0 1 9.94941
0 0 0 0 1 9.87038
0 0 0 0 1 10.0761
0 0 0 0 1 10.1447
0 0 0 0 0 10.1916
0 0 0 0 1 10.1685
0 0 0 0 1 10.2248
0 0 0 0 1 10.3328
0 0 0 0 1 10.3389
0 0 0 0 1 10.395
0 0 0 0 1 10.472
0 0 0 0 0 10.7178
0 0 0 0 1 10.689
0 0 0 0 1 10.7649
0 0 0 0 1 9.34312
0 0 0 0 1 9.34674
0 0 0 0 1 9.19777
0 0 0 0 1 9.32201
0 0 0 0 1 9.20157
0 0 0 0 0 9.24261
0 0 0 0 1 9.22397
0 0 0 0 0 9.1734
0 0 0 0 1 9.18254
0 0 0 0 1 9.15071
0 0 0 0 1 9.03265
0 0 0 0 1 8.98338
0 0 0 0 1 9.0384
0 0 0 0 1 9.11137
0 0 0 0 1 8.99939
0 0 0 0 1 8.94629
0 0 0 0 1 8.91622
0 0 0 0 1 8.97122
0 0 0 0 1 8.97243
0 0 0 0 0 8.97373
0 0 0 0 0 8.93537
0 0 0 0 0 8.83022
0 0 0 0 0 8.80543
0 0 0 0 1 8.90487
0 0 0 0 1 8.88906
0 0 0 0 0 8.81658
0 0 0 0 0 8.77478
0 0 0 0 1 8.82118
0 0 0 0 1 8.81485
0 0 0 0 1 8.68594
0 0 0 0 1 8.67132
0 0 0 0 1 8.69692
0 0 0 0 1 8.74361
0 0 0 0 1 8.72062
0 0 0 0 1 8.69783
0 0 0 0 1 8.75331
0 0 0 0 1 8.71345
0 0 0 0 1 8.68248
0 0 0 0 1 8.59993
0 0 0 0 1 8.66431
0 0 0 0 1 8.68559
0 0 0 0 0 8.5608
0 0 0 0 1 8.57384
0 0 0 0 1 8.54412
0 0 0 0 0 8.47183
0 0 0 0 1 8.52806
0 0 0 0 0 8.60436
0 0 0 0 1 8.56673
0 0 0 0 1 8.54983
0 0 0 0 1 8.63904
0 0 0 0 1 8.7539
0 0 0 0 1 9.01255
0 0 0 0 1 9.13874
0 0 0 0 1 9.26526
0 0 0 0 1 9.34446
0 0 0 0 1 9.60301
0 0 0 0 1 9.77785
0 0 0 0 0 9.93394
0 0 0 0 1 9.90971
0 0 0 0 1 10.1536
0 0 0 0 1 10.4519
0 0 0 0 1 10.6373
0 0 0 0 1 10.7804
0 0 0 0 1 10.9527
0 0 0 0 1 11.046
0 0 0 0 1 11.4744
0 0 0 0 1 11.5504
0 0 0 0 1 11.7841
0 0 0 0 1 12.1386
0 0 0 0 1 12.3825
0 0 0 0 1 12.6988
0 0 0 0 1 12.8604
0 0 0 0 1 22.5009
0 0 0 0 1 22.6639
0 0 0 0 1 22.7117
0 0 0 0 1 22.467
0 0 0 0 1 22.4949
0 0 0 0 1 22.6137
0 0 0 0 1 22.5518
0 0 0 0 1 22.5808
0 0 0 0 1 22.7005
0 0 0 0 1 22.6398
0 0 0 0 1 22.5346
0 0 0 0 1 22.6102
0 0 0 0 1 22.5074
0 0 0 0 1 22.4711
0 0 0 0 1 22.4579
0 0 0 0 0 22.67
0 0 0 0 1 22.59
0 0 0 0 1 22.3084
0 0 0 0 1 23.1532
0 0 0 0 0 24.0032
0 0 0 0 0 25.2939
0 0 0 0 1 26.4744
0 0 0 0 1 36.7454
0 0 0 0 1 36.439
0 0 0 0 1 36.1336
0 0 0 0 1 36.3384
0 0 0 0 1 36.1378
0 0 0 0 1 38.141
0 0 0 0 1 52.1188
0 0 0 0 1 51.6868
0 0 0 0 1 51.9852
0 0 0 0 1 52.0757
0 0 0 0 1 52.4273
0 0 0 0 1 56.7235
0 0 0 0 1 65.5934
0 0 0 0 1 69.8032
0 0 0 0 0 81.1555
0 0 0 0 0 4.98996
0 0 0 0 0 5.03004
0 0 0 0 0 4.97994
0 0 0 0 0 4.96491
0 0 0 0 0 4.99497
0 0 0 0 0 4.97493
0 0 0 0 0 5.03004
0 0 0 0 0 4.99497
0 0 0 0 0 4.97994
0 0 0 0 0 5.05509
0 0 0 0 0 5.05008
0 0 0 0 0 4.98996
0 0 0 0 1 87.8536
0 0 0 0 1 87.4247
0 0 0 0 1 74.7692
0 0 0 0 1 64.4774
0 0 0 0 0 59.9817
0 0 0 0 1 60.1138
0 0 0 0 1 60.4284
0 0 0 0 1 51.8286
0 0 0 0 1 47.8432
0 0 0 0 0 47.5195
0 0 0 0 1 39.2349
0 0 0 0 1 36.4516
0 0 0 0 1 35.3112
0 0 0 0 1 35.3946
0 0 0 0 1 35.3352
0 0 0 0 1 35.3843
0 0 0 0 1 27.7971
0 0 0 0 1 26.7231
0 0 0 0 1 25.6135
0 0 0 0 0 24.7376
0 0 0 0 1 24.4293
0 0 0 0 1 24.8849
0 0 0 0 1 24.4035
0 0 0 0 1 24.5398
0 0 0 0 0 24.7261
0 0 0 0 1 24.9378
0 0 0 0 1 24.5325
0 0 0 0 1 24.9183
0 0 0 0 1 24.7594
0 0 0 0 1 18.3819
0 0 0 0 0 17.6681
0 0 0 0 1 17.2949
0 0 0 0 1 16.895
0 0 0 0 0 16.3588
0 0 0 0 1 15.816
0 0 0 0 1 15.3925
0 0 0 0 1 15.0305
0 0 0 0 1 14.7425
0 0 0 0 1 14.3798
0 0 0 0 1 14.1836
0 0 0 0 1 14.0259
0 0 0 0 1 13.8154
0 0 0 0 1 13.9526
0 0 0 0 1 13.8954
0 0 0 0 1 14.0752
0 0 0 0 1 13.8252
0 0 0 0 1 13.8941
0 0 0 0 0 13.9493
0 0 0 0 1 13.8789
0 0 0 0 1 14.1331
0 0 0 0 1 13.909
0 0 0 0 1 14.0777
0 0 0 0 1 14.0642
0 0 0 0 1 14.1378
0 0 0 0 1 13.9418
0 0 0 0 1 13.9993
0 0 0 0 1 14.1021
0 0 0 0 1 14.0615
0 0 0 0 1 14.2473
0 0 0 0 1 14.0682
0 0 0 0 1 14.2975
0 0 0 0 1 14.3457
0 0 0 0 0 14.3062
0 0 0 0 1 14.2696
0 0 0 0 1 14.159
0 0 0 0 1 14.4082
0 0 0 0 1 14.4265
0 0 0 0 1 14.4338
0 0 0 0 1 14.3952
0 0 0 0 0 8.83475
0 0 0 0 1 8.62508
0 0 0 0 1 8.65885
0 0 0 0 1 8.48623
0 0 0 0 1 8.349
0 0 0 0 1 8.27077
0 0 0 0 1 8.1851
0 0 0 0 0 8.07382
0 0 0 0 0 8.01225
0 0 0 0 1 7.91057
0 0 0 0 1 7.88112
0 0 0 0 1 7.68666
0 0 0 0 1 7.63383
0 0 0 0 0 7.60315
0 0 0 0 1 7.49671
0 0 0 0 1 7.43717
0 0 0 0 1 7.33889
0 0 0 0 1 7.27931
0 0 0 0 0 7.11919
0 0 0 0 1 7.08871
0 0 0 0 1 6.98725
0 0 0 0 0 6.93735
0 0 0 0 1 6.95391
0 0 0 0 1 6.77342
0 0 0 0 1 6.68983
0 0 0 0 1 6.68706
0 0 0 0 1 6.68328
0 0 0 0 1 6.57342
0 0 0 0 1 6.52962
0 0 0 0 1 6.45595
0 0 0 0 1 6.38013
0 0 0 0 0 6.28832
0 0 0 0 1 6.3354
0 0 0 0 1 6.24391
0 0 0 0 1 6.14085
0 0 0 0 1 6.09383
0 0 0 0 1 6.11353
0 0 0 0 1 6.05081
0 0 0 0 1 5.97959
0 0 0 0 1 5.97093
0 0 0 0 1 5.82965
0 0 0 0 0 5.78023
0 0 0 0 1 5.75991
0 0 0 0 1 5.70491
0 0 0 0 1 5.66999
0 0 0 0 1 5.6718
0 0 0 0 1 5.56102
0 0 0 0 0 5.57675
0 0 0 0 0 5.48933
0 0 0 0 1 5.51778
0 0 0 0 1 5.41476
0 0 0 0 0 5.41847
0 0 0 0 0 5.32515
0 0 0 0 0 5.32017
0 0 0 0 1 5.26505
0 0 0 0 0 5.2439
0 0 0 0 1 5.1945
0 0 0 0 0 5.1972
0 0 0 0 1 5.1326
0 0 0 0 1 5.13499
0 0 0 0 1 5.05247
0 0 0 0 1 5.08481
0 0 0 0 1 4.96941
0 0 0 0 1 4.94155
0 0 0 0 1 4.91373
0 0 0 0 1 4.9646
0 0 0 0 1 4.86797
0 0 0 0 1 4.83379
0 0 0 0 0 4.79166
0 0 0 0 1 4.85352
0 0 0 0 1 4.83635
0 0 0 0 1 4.89279
0 0 0 0 1 4.89615
0 0 0 0 1 4.86916
0 0 0 0 1 4.86754
0 0 0 0 0 4.89045
0 0 0 0 1 4.91351
0 0 0 0 0 4.92073
0 0 0 0 1 4.97377
0 0 0 0 1 4.95251
0 0 0 0 0 5.01475
0 0 0 0 0 4.99848
0 0 0 0 1 4.99713
0 0 0 0 1 5.08153
0 0 0 0 0 5.10575
0 0 0 0 1 5.03859
0 0 0 0 0 5.07296
0 0 0 0 1 5.10754
0 0 0 0 1 5.0845
0 0 0 0 1 5.13474
0 0 0 0 0 5.20601
0 0 0 0 0 5.17388
0 0 0 0 1 5.1936
0 0 0 0 1 5.19772
0 0 0 0 1 5.30689
0 0 0 0 1 5.31663
0 0 0 0 1 5.28016
0 0 0 0 1 5.31635
0 0 0 0 1 5.28865
0 0 0 0 0 5.38401
0 0 0 0 1 5.3293
0 0 0 0 0 5.37283
0 0 0 0 1 5.47493
0 0 0 0 1 5.4578
0 0 0 0 1 5.45141
0 0 0 0 1 5.47936
0 0 0 0 0 5.56669
0 0 0 0 1 5.58968
0 0 0 0 0 5.54987
0 0 0 0 1 5.63434
0 0 0 0 1 5.61101
0 0 0 0 1 5.64541
0 0 0 0 1 5.69545
0 0 0 0 1 5.65619
0 0 0 0 0 5.76374
0 0 0 0 0 5.72994
0 0 0 0 1 5.80549
0 0 0 0 1 5.78865
0 0 0 0 0 5.87496
0 0 0 0 0 5.85214
0 0 0 0 1 5.92321
0 0 0 0 0 5.98297
0 0 0 0 1 5.9717
0 0 0 0 1 5.97808
0 0 0 0 1 5.97831
0 0 0 0 1 6.06298
0 0 0 0 1 6.06933
0 0 0 0 1 6.08165
0 0 0 0 1 6.07549
0 0 0 0 1 6.1693
0 0 0 0 1 9.48096
0 0 0 0 0 9.52874
0 0 0 0 1 9.46899
0 0 0 0 1 9.48494
0 0 0 0 1 9.30687
0 0 0 0 1 9.25769
0 0 0 0 1 9.24608
0 0 0 0 1 9.31492
0 0 0 0 1 9.28783
0 0 0 0 0 9.24847
0 0 0 0 1 9.18174
0 0 0 0 1 9.12459
0 0 0 0 1 9.13178
0 0 0 0 0 9.02958
0 0 0 0 1 9.06426
0 0 0 0 1 9.14399
0 0 0 0 1 9.09686
0 0 0 0 1 8.94775
0 0 0 0 1 8.95536
0 0 0 0 1 8.86117
0 0 0 0 1 8.94933
0 0 0 0 0 8.93911
0 0 0 0 0 8.92898
0 0 0 0 1 8.91893
0 0 0 0 1 8.87922
0 0 0 0 1 8.77274
0 0 0 0 0 8.78087
0 0 0 0 0 8.68603
0 0 0 0 0 8.74677
0 0 0 0 1 8.75163
0 0 0 0 0 8.69051
0 0 0 0 1 8.67825
0 0 0 0 1 8.63502
0 0 0 0 0 8.51977
0 0 0 0 0 8.51167
0 0 0 0 1 8.59429
0 0 0 0 1 8.60321
0 0 0 0 0 8.58311
0 0 0 0 1 8.57164
0 0 0 0 1 8.44163
0 0 0 0 1 8.46447
0 0 0 0 1 8.37759
0 0 0 0 1 8.36216
0 0 0 0 1 8.46075
0 0 0 0 0 8.4082
0 0 0 0 1 8.29747
0 0 0 0 1 8.39573
0 0 0 0 0 8.39748
0 0 0 0 0 8.33756
0 0 0 0 1 8.24487
0 0 0 0 1 8.19839
0 0 0 0 1 8.17246
0 0 0 0 1 8.27838
0 0 0 0 1 8.19506
0 0 0 0 1 8.12857
0 0 0 0 1 8.16057
0 0 0 0 1 8.11908
0 0 0 0 0 8.20815
0 0 0 0 1 8.0694
0 0 0 0 1 8.15839
0 0 0 0 1 8.10952
0 0 0 0 1 8.14173
0 0 0 0 1 8.01268
0 0 0 0 1 8.1135
0 0 0 0 0 8.00121
0 0 0 0 1 8.03378
0 0 0 0 1 7.9463
0 0 0 0 1 8.05095
0 0 0 0 1 7.9837
0 0 0 0 1 7.913
0 0 0 0 1 7.8983
0 0 0 0 0 7.97102
0 0 0 0 1 7.98818
0 0 0 0 1 7.88249
0 0 0 0 1 7.96311
0 0 0 0 1 7.93328
0 0 0 0 1 7.92286
0 0 0 0 0 7.82611
0 0 0 0 0 7.91464
0 0 0 0 1 7.77591
0 0 0 0 1 7.85667
0 0 0 0 1 7.88593
0 0 0 0 0 7.77165
0 0 0 0 1 7.72014
0 0 0 0 0 7.7264
0 0 0 0 1 7.75297
0 0 0 0 1 7.67411
