0 0 0 0 1 5.56398
0 0 0 0 0 5.58423
0 0 0 0 1 5.61579
0 0 0 0 1 5.57752
0 0 0 0 1 5.53121
0 0 0 0 1 5.61345
0 0 0 0 1 5.59992
0 0 0 0 1 5.64339
0 0 0 0 1 5.62763
0 0 0 0 1 5.58714
0 0 0 0 1 5.59166
0 0 0 0 1 5.5963
0 0 0 0 1 5.62581
0 0 0 0 1 5.61372
0 0 0 0 0 5.70941
0 0 0 0 1 5.63721
0 0 0 0 1 5.68221
0 0 0 0 1 5.642
0 0 0 0 1 5.68738
0 0 0 0 1 5.67971
0 0 0 0 1 5.7025
0 0 0 0 0 5.7771
0 0 0 0 0 5.80035
0 0 0 0 1 5.72586
0 0 0 0 1 5.73376
0 0 0 0 0 5.79774
0 0 0 0 1 5.82731
0 0 0 0 0 5.84548
0 0 0 0 1 5.77072
0 0 0 0 1 5.85895
0 0 0 0 0 5.78989
0 0 0 0 1 5.81589
0 0 0 0 1 5.85371
0 0 0 0 1 5.88427
0 0 0 0 1 5.89739
0 0 0 0 1 5.95192
0 0 0 0 1 5.87078
0 0 0 0 1 5.88414
0 0 0 0 1 5.89763
0 0 0 0 1 5.94099
0 0 0 0 0 5.92495
0 0 0 0 0 6.04046
0 0 0 0 1 5.996
0 0 0 0 1 6.05217
0 0 0 0 0 5.98228
0 0 0 0 1 6.08705
0 0 0 0 1 6.06419
0 0 0 0 1 6.08491
0 0 0 0 1 6.12403
0 0 0 0 0 6.1207
0 0 0 0 1 6.13572
0 0 0 0 1 6.15086
0 0 0 0 1 6.20194
0 0 0 0 1 6.10142
0 0 0 0 1 6.12286
0 0 0 0 1 6.16299
0 0 0 0 1 6.25919
0 0 0 0 1 6.2119
0 0 0 0 1 6.19029
0 0 0 0 1 6.2812
0 0 0 0 1 6.21484
0 0 0 0 1 6.27494
0 0 0 0 1 6.25334
0 0 0 0 1 6.26327
0 0 0 0 0 6.34938
0 0 0 0 1 6.30154
0 0 0 0 0 6.31811
0 0 0 0 1 6.35956
0 0 0 0 1 6.47914
0 0 0 0 1 6.45699
0 0 0 0 1 6.45482
0 0 0 0 1 6.47785
0 0 0 0 0 6.44972
0 0 0 0 1 6.46706
0 0 0 0 1 6.52372
0 0 0 0 1 6.59318
0 0 0 0 0 6.55119
0 0 0 0 1 6.569
0 0 0 0 1 6.56639
0 0 0 0 1 6.67679
0 0 0 0 1 6.71455
0 0 0 0 1 6.71961
0 0 0 0 1 6.66428
0 0 0 0 1 6.74942
0 0 0 0 1 6.82163
0 0 0 0 1 6.81291
0 0 0 0 0 6.82451
0 0 0 0 1 6.80881
0 0 0 0 0 6.80667
0 0 0 0 1 6.92154
0 0 0 0 1 6.84366
0 0 0 0 0 6.91134
0 0 0 0 1 6.9163
0 0 0 0 1 7.03998
0 0 0 0 1 7.08039
0 0 0 0 1 7.05067
0 0 0 0 1 7.04846
0 0 0 0 1 7.12465
0 0 0 0 0 7.10162
0 0 0 0 1 7.10694
0 0 0 0 1 7.2414
0 0 0 0 1 7.25433
0 0 0 0 1 7.25241
0 0 0 0 1 7.2217
0 0 0 0 1 7.27046
0 0 0 0 1 7.3859
0 0 0 0 1 7.31779
0 0 0 0 1 7.39024
0 0 0 0 0 7.34364
0 0 0 0 0 7.46041
0 0 0 0 1 7.556
0 0 0 0 1 7.53166
0 0 0 0 0 7.55978
0 0 0 0 1 7.53488
0 0 0 0 1 7.62434
0 0 0 0 1 7.67574
0 0 0 0 1 7.62747
0 0 0 0 0 7.65582
0 0 0 0 0 7.83172
0 0 0 0 1 7.83752
0 0 0 0 1 7.87493
0 0 0 0 0 7.84916
0 0 0 0 1 7.88566
0 0 0 0 1 7.86717
0 0 0 0 1 8.06343
0 0 0 0 0 8.10934
0 0 0 0 1 8.099
0 0 0 0 1 8.14507
0 0 0 0 1 8.09305
0 0 0 0 1 8.16363
0 0 0 0 1 8.31643
0 0 0 0 0 8.20564
0 0 0 0 0 8.35196
0 0 0 0 0 8.30652
0 0 0 0 0 8.35276
0 0 0 0 0 8.50067
0 0 0 0 0 8.42873
0 0 0 0 1 8.46682
0 0 0 0 1 8.55732
0 0 0 0 1 8.56993
0 0 0 0 1 8.63363
0 0 0 0 1 8.73344
0 0 0 0 1 8.842
0 0 0 0 1 8.77615
0 0 0 0 1 8.84082
0 0 0 0 1 8.93266
0 0 0 0 1 9.09719
0 0 0 0 1 8.99136
0 0 0 0 1 9.16733
0 0 0 0 1 9.13306
0 0 0 0 0 9.16242
0 0 0 0 1 9.2566
0 0 0 0 1 9.32449
0 0 0 0 1 9.46564
0 0 0 0 1 9.36321
0 0 0 0 1 9.42896
0 0 0 0 1 9.66756
0 0 0 0 1 9.60105
0 0 0 0 0 9.62886
0 0 0 0 1 9.83242
0 0 0 0 1 9.88045
0 0 0 0 1 10.0091
0 0 0 0 0 9.89636
0 0 0 0 1 9.9637
0 0 0 0 1 10.2321
0 0 0 0 0 10.1685
0 0 0 0 1 10.2145
0 0 0 0 1 10.3431
0 0 0 0 0 10.391
0 0 0 0 0 10.4055
0 0 0 0 1 10.6413
0 0 0 0 1 10.6325
0 0 0 0 1 10.6568
0 0 0 0 1 10.7433
0 0 0 0 1 9.3152
0 0 0 0 1 9.30961
0 0 0 0 1 9.31819
0 0 0 0 1 9.2481
0 0 0 0 0 9.27533
0 0 0 0 1 9.15065
0 0 0 0 1 9.20562
0 0 0 0 1 9.21918
0 0 0 0 1 9.10944
0 0 0 0 1 9.02311
0 0 0 0 1 9.04175
0 0 0 0 1 9.0469
0 0 0 0 0 8.98406
0 0 0 0 0 9.0029
0 0 0 0 0 9.0535
0 0 0 0 1 9.09029
0 0 0 0 1 9.00601
0 0 0 0 1 8.9533
0 0 0 0 0 8.93665
0 0 0 0 0 8.95587
0 0 0 0 0 8.81956
0 0 0 0 1 8.82133
0 0 0 0 1 8.86756
0 0 0 0 1 8.93145
0 0 0 0 1 8.78293
0 0 0 0 1 8.84305
0 0 0 0 1 8.78359
0 0 0 0 1 8.73324
0 0 0 0 1 8.81485
0 0 0 0 1 8.79988
0 0 0 0 0 8.70632
0 0 0 0 1 8.74058
0 0 0 0 1 8.68258
0 0 0 0 0 8.79025
0 0 0 0 0 8.71521
0 0 0 0 0 8.72728
0 0 0 0 1 8.73943
0 0 0 0 1 8.57006
0 0 0 0 0 8.69491
0 0 0 0 0 8.59534
0 0 0 0 0 8.62533
0 0 0 0 1 8.64676
0 0 0 0 1 8.57384
0 0 0 0 1 8.52698
0 0 0 0 1 8.54885
0 0 0 0 0 8.59642
0 0 0 0 1 8.59582
0 0 0 0 0 8.54116
0 0 0 0 1 8.66131
0 0 0 0 1 8.73474
0 0 0 0 1 8.87744
0 0 0 0 0 8.87817
0 0 0 0 1 9.08418
0 0 0 0 1 9.24678
0 0 0 0 1 9.45704
0 0 0 0 1 9.44089
0 0 0 0 1 9.70041
0 0 0 0 1 9.7961
0 0 0 0 1 10.0899
0 0 0 0 1 10.2045
0 0 0 0 1 10.3276
0 0 0 0 1 10.479
0 0 0 0 1 10.7053
0 0 0 0 0 10.8871
0 0 0 0 0 11.1574
0 0 0 0 1 11.4175
0 0 0 0 1 11.5388
0 0 0 0 1 11.7605
0 0 0 0 0 12.1748
0 0 0 0 1 12.2594
0 0 0 0 1 12.6611
0 0 0 0 0 12.9504
0 0 0 0 1 22.8873
0 0 0 0 1 22.891
0 0 0 0 1 22.8933
0 0 0 0 1 22.8524
0 0 0 0 1 22.6988
0 0 0 0 0 22.8401
0 0 0 0 0 22.5518
0 0 0 0 1 22.6938
0 0 0 0 1 22.4972
0 0 0 0 0 22.6624
0 0 0 0 1 22.6248
0 0 0 0 1 22.475
0 0 0 0 1 22.5074
0 0 0 0 1 22.3811
0 0 0 0 1 22.7054
0 0 0 0 1 22.4226
0 0 0 0 1 22.4327
0 0 0 0 1 22.4881
0 0 0 0 1 23.13
0 0 0 0 0 24.2203
0 0 0 0 0 25.0929
0 0 0 0 1 26.0812
0 0 0 0 1 36.3448
0 0 0 0 1 36.439
0 0 0 0 0 36.6794
0 0 0 0 1 36.2656
0 0 0 0 1 36.6109
0 0 0 0 1 38.7575
0 0 0 0 1 51.7022
0 0 0 0 1 52.4676
0 0 0 0 1 52.2454
0 0 0 0 1 52.2838
0 0 0 0 1 52.3232
0 0 0 0 0 56.4979
0 0 0 0 1 64.9388
0 0 0 0 1 70.2212
0 0 0 0 1 81.0737
0 0 0 0 0 4.99497
0 0 0 0 0 5.0601
0 0 0 0 0 5.01501
0 0 0 0 0 5.05008
0 0 0 0 0 5.02503
0 0 0 0 0 5.05008
0 0 0 0 0 5.01501
0 0 0 0 0 4.99998
0 0 0 0 0 5.02002
0 0 0 0 0 5.0601
0 0 0 0 0 5.00499
0 0 0 0 0 5.00499
0 0 0 0 1 87.766
0 0 0 0 1 88.3883
0 0 0 0 1 75.22
0 0 0 0 1 63.7751
0 0 0 0 1 61.0106
0 0 0 0 1 60.356
0 0 0 0 1 60.9128
0 0 0 0 1 51.055
0 0 0 0 0 48.0351
0 0 0 0 1 48.4315
0 0 0 0 1 39.6669
0 0 0 0 0 37.1144
0 0 0 0 0 35.6322
0 0 0 0 0 35.573
0 0 0 0 0 35.7635
0 0 0 0 1 35.5629
0 0 0 0 1 28.1902
0 0 0 0 1 26.6159
0 0 0 0 0 25.4597
0 0 0 0 1 24.5899
0 0 0 0 1 24.5278
0 0 0 0 1 24.8109
0 0 0 0 1 24.7979
0 0 0 0 0 24.6878
0 0 0 0 1 24.7014
0 0 0 0 1 24.4686
0 0 0 0 0 24.9525
0 0 0 0 0 24.7947
0 0 0 0 1 24.8583
0 0 0 0 0 18.1817
0 0 0 0 1 17.7211
0 0 0 0 1 17.3293
0 0 0 0 0 16.7779
0 0 0 0 1 16.4076
0 0 0 0 0 16.0383
0 0 0 0 1 15.5009
0 0 0 0 1 15.2119
0 0 0 0 1 14.8753
0 0 0 0 1 14.5385
0 0 0 0 1 14.24
0 0 0 0 1 13.8731
0 0 0 0 1 13.9127
0 0 0 0 0 13.7857
0 0 0 0 0 13.8258
0 0 0 0 1 14.0752
0 0 0 0 1 13.8671
0 0 0 0 1 13.9918
0 0 0 0 1 14.0052
0 0 0 0 1 13.9349
0 0 0 0 0 13.993
0 0 0 0 1 13.881
0 0 0 0 0 14.0075
0 0 0 0 1 14.0923
0 0 0 0 1 14.1238
0 0 0 0 1 14.0122
0 0 0 0 1 14.2108
0 0 0 0 1 14.0457
0 0 0 0 1 14.1039
0 0 0 0 1 14.219
0 0 0 0 0 14.2665
0 0 0 0 1 14.0422
0 0 0 0 1 14.2889
0 0 0 0 0 14.2777
0 0 0 0 1 14.1699
0 0 0 0 1 14.3871
0 0 0 0 1 14.194
0 0 0 0 0 14.1977
0 0 0 0 1 14.3049
0 0 0 0 0 14.2662
0 0 0 0 0 8.74649
0 0 0 0 1 8.73834
0 0 0 0 0 8.65885
0 0 0 0 1 8.48623
0 0 0 0 1 8.33222
0 0 0 0 1 8.21275
0 0 0 0 1 8.27522
0 0 0 0 1 8.09809
0 0 0 0 1 7.92429
0 0 0 0 1 7.86315
0 0 0 0 1 7.80293
0 0 0 0 1 7.67893
0 0 0 0 0 7.62619
0 0 0 0 0 7.53513
0 0 0 0 1 7.44439
0 0 0 0 1 7.46677
0 0 0 0 1 7.30962
0 0 0 0 1 7.23585
0 0 0 0 1 7.19806
0 0 0 0 1 7.1029
0 0 0 0 1 7.0645
0 0 0 0 1 6.8956
0 0 0 0 1 6.81621
0 0 0 0 1 6.78707
0 0 0 0 0 6.81822
0 0 0 0 0 6.754
0 0 0 0 0 6.65013
0 0 0 0 1 6.52089
0 0 0 0 1 6.54913
0 0 0 0 1 6.39791
0 0 0 0 0 6.41206
0 0 0 0 0 6.30098
0 0 0 0 1 6.29772
0 0 0 0 1 6.23769
0 0 0 0 0 6.20874
0 0 0 0 0 6.12442
0 0 0 0 1 6.01649
0 0 0 0 1 5.98458
0 0 0 0 0 5.94378
0 0 0 0 0 5.91762
0 0 0 0 1 5.88835
0 0 0 0 1 5.84432
0 0 0 0 1 5.83509
0 0 0 0 0 5.791
0 0 0 0 1 5.66999
0 0 0 0 1 5.62665
0 0 0 0 1 5.56102
0 0 0 0 1 5.59901
0 0 0 0 1 5.49485
0 0 0 0 1 5.46299
0 0 0 0 1 5.40389
0 0 0 0 1 5.34824
0 0 0 0 1 5.35735
0 0 0 0 1 5.29887
0 0 0 0 1 5.33914
0 0 0 0 1 5.29639
0 0 0 0 1 5.23101
0 0 0 0 0 5.1713
0 0 0 0 1 5.13775
0 0 0 0 0 5.1401
0 0 0 0 1 5.03725
0 0 0 0 1 5.05457
0 0 0 0 1 4.96439
0 0 0 0 1 4.95152
0 0 0 0 1 4.90879
0 0 0 0 1 4.9646
0 0 0 0 0 4.90215
0 0 0 0 1 4.81435
0 0 0 0 1 4.77719
0 0 0 0 1 4.80537
0 0 0 0 1 4.80256
0 0 0 0 0 4.82981
0 0 0 0 1 4.91074
0 0 0 0 1 4.8984
0 0 0 0 1 4.87244
0 0 0 0 1 4.93464
0 0 0 0 1 4.8938
0 0 0 0 1 4.89109
0 0 0 0 1 4.91922
0 0 0 0 1 5.01224
0 0 0 0 1 5.02972
0 0 0 0 1 4.98846
0 0 0 0 1 5.06751
0 0 0 0 0 5.07144
0 0 0 0 1 5.06016
0 0 0 0 1 5.06401
0 0 0 0 1 5.08316
0 0 0 0 1 5.08705
0 0 0 0 1 5.14099
0 0 0 0 0 5.1966
0 0 0 0 1 5.22671
0 0 0 0 1 5.14271
0 0 0 0 1 5.26661
0 0 0 0 1 5.2553
0 0 0 0 1 5.22808
0 0 0 0 1 5.29554
0 0 0 0 1 5.34378
0 0 0 0 1 5.33764
0 0 0 0 1 5.37412
0 0 0 0 1 5.41082
0 0 0 0 0 5.37775
0 0 0 0 1 5.46481
0 0 0 0 1 5.42062
0 0 0 0 1 5.44144
0 0 0 0 1 5.42951
0 0 0 0 1 5.46836
0 0 0 0 1 5.57773
0 0 0 0 1 5.58968
0 0 0 0 1 5.51644
0 0 0 0 0 5.57273
0 0 0 0 1 5.59414
0 0 0 0 1 5.62846
0 0 0 0 1 5.68978
0 0 0 0 1 5.6961
0 0 0 0 1 5.74085
0 0 0 0 1 5.7472
0 0 0 0 1 5.73032
0 0 0 0 1 5.79446
0 0 0 0 1 5.79328
0 0 0 0 1 5.83455
0 0 0 0 1 5.88785
0 0 0 0 1 5.98297
0 0 0 0 1 6.00742
0 0 0 0 1 5.99005
0 0 0 0 1 5.9723
0 0 0 0 0 6.02067
0 0 0 0 1 6.03896
0 0 0 0 1 6.1305
0 0 0 0 1 6.18595
0 0 0 0 1 6.21253
0 0 0 0 1 9.48096
0 0 0 0 1 9.50978
0 0 0 0 1 9.52569
0 0 0 0 1 9.34366
0 0 0 0 0 9.35378
0 0 0 0 1 9.39796
0 0 0 0 1 9.38589
0 0 0 0 1 9.20336
0 0 0 0 1 9.26931
0 0 0 0 1 9.13771
0 0 0 0 1 9.15414
0 0 0 0 0 9.11542
0 0 0 0 1 9.04952
0 0 0 0 1 9.1207
0 0 0 0 0 9.16417
0 0 0 0 0 9.14399
0 0 0 0 1 9.01564
0 0 0 0 1 9.05577
0 0 0 0 0 9.01817
0 0 0 0 1 8.87012
0 0 0 0 1 8.86903
0 0 0 0 1 8.94801
0 0 0 0 1 8.84918
0 0 0 0 1 8.75098
0 0 0 0 1 8.74695
0 0 0 0 1 8.81669
0 0 0 0 0 8.77211
0 0 0 0 1 8.81723
0 0 0 0 1 8.79909
0 0 0 0 1 8.73423
0 0 0 0 1 8.60377
0 0 0 0 0 8.67825
0 0 0 0 1 8.68677
0 0 0 0 1 8.56279
0 0 0 0 1 8.53741
0 0 0 0 1 8.54293
0 0 0 0 1 8.51786
0 0 0 0 1 8.5235
0 0 0 0 1 8.54616
0 0 0 0 1 8.50096
0 0 0 0 1 8.37991
0 0 0 0 1 8.41977
0 0 0 0 1 8.4547
0 0 0 0 0 8.46914
0 0 0 0 1 8.42495
0 0 0 0 1 8.28911
0 0 0 0 0 8.30402
0 0 0 0 1 8.27277
0 0 0 0 1 8.35416
0 0 0 0 1 8.32765
0 0 0 0 1 8.24798
0 0 0 0 0 8.32914
0 0 0 0 1 8.27838
0 0 0 0 1 8.25254
0 0 0 0 1 8.21871
0 0 0 0 0 8.11151
0 0 0 0 0 8.20884
0 0 0 0 1 8.18372
0 0 0 0 1 8.17504
0 0 0 0 1 8.07729
0 0 0 0 1 8.16618
0 0 0 0 1 8.10942
0 0 0 0 0 8.02074
0 0 0 0 1 8.1135
0 0 0 0 1 8.09761
0 0 0 0 1 8.00973
0 0 0 0 1 8.05833
0 0 0 0 1 7.96309
0 0 0 0 0 8.0156
0 0 0 0 1 7.9528
0 0 0 0 1 7.91419
0 0 0 0 1 7.98688
0 0 0 0 1 7.98818
0 0 0 0 0 7.85878
0 0 0 0 1 7.94733
0 0 0 0 0 7.82299
0 0 0 0 1 7.80485
0 0 0 0 0 7.87326
0 0 0 0 1 7.86757
0 0 0 0 0 7.89337
0 0 0 0 1 7.77068
0 0 0 0 1 7.78443
0 0 0 0 1 7.75606
0 0 0 0 1 7.74348
0 0 0 0 1 7.76527
0 0 0 0 1 7.79954
0 0 0 0 1 7.70512
