0 0 0 0 1 5.55844
0 0 0 0 1 5.59534
0 0 0 0 1 5.60466
0 0 0 0 1 5.52737
0 0 0 0 1 5.55354
0 0 0 0 0 5.63581
0 0 0 0 1 5.55517
0 0 0 0 0 5.60976
0 0 0 0 1 5.58274
0 0 0 0 0 5.63773
0 0 0 0 1 5.61418
0 0 0 0 0 5.65271
0 0 0 0 1 5.6597
0 0 0 0 1 5.61372
0 0 0 0 1 5.72075
0 0 0 0 0 5.66559
0 0 0 0 1 5.72203
0 0 0 0 1 5.74458
0 0 0 0 0 5.65312
0 0 0 0 1 5.66828
0 0 0 0 1 5.74258
0 0 0 0 0 5.68531
0 0 0 0 1 5.73137
0 0 0 0 1 5.81803
0 0 0 0 1 5.80875
0 0 0 0 1 5.8382
0 0 0 0 1 5.7578
0 0 0 0 1 5.85128
0 0 0 0 1 5.78236
0 0 0 0 1 5.8881
0 0 0 0 0 5.88921
0 0 0 0 1 5.79248
0 0 0 0 1 5.83027
0 0 0 0 1 5.8784
0 0 0 0 1 5.90916
0 0 0 0 1 5.88703
0 0 0 0 1 5.91808
0 0 0 0 1 5.91377
0 0 0 0 1 5.9095
0 0 0 0 0 5.98862
0 0 0 0 1 5.90705
0 0 0 0 1 6.0285
0 0 0 0 0 6.01996
0 0 0 0 1 5.9441
0 0 0 0 1 6.06052
0 0 0 0 1 6.03879
0 0 0 0 1 6.07629
0 0 0 0 1 6.02425
0 0 0 0 1 6.0997
0 0 0 0 1 6.06583
0 0 0 0 1 6.11739
0 0 0 0 1 6.14473
0 0 0 0 1 6.20809
0 0 0 0 1 6.20609
0 0 0 0 0 6.18458
0 0 0 0 0 6.22487
0 0 0 0 0 6.18475
0 0 0 0 1 6.187
0 0 0 0 1 6.18405
0 0 0 0 1 6.24366
0 0 0 0 1 6.30273
0 0 0 0 0 6.30012
0 0 0 0 1 6.27227
0 0 0 0 0 6.33918
0 0 0 0 0 6.35572
0 0 0 0 1 6.3461
0 0 0 0 1 6.3564
0 0 0 0 1 6.44922
0 0 0 0 1 6.4663
0 0 0 0 1 6.39255
0 0 0 0 1 6.42252
0 0 0 0 1 6.46488
0 0 0 0 1 6.53424
0 0 0 0 1 6.45403
0 0 0 0 0 6.58255
0 0 0 0 1 6.54725
0 0 0 0 1 6.64337
0 0 0 0 0 6.64823
0 0 0 0 1 6.57302
0 0 0 0 1 6.66349
0 0 0 0 1 6.65448
0 0 0 0 1 6.64599
0 0 0 0 0 6.67099
0 0 0 0 1 6.66859
0 0 0 0 0 6.71346
0 0 0 0 1 6.79255
0 0 0 0 1 6.85856
0 0 0 0 1 6.77463
0 0 0 0 1 6.86842
0 0 0 0 1 6.83889
0 0 0 0 1 6.96117
0 0 0 0 1 6.9668
0 0 0 0 1 6.96501
0 0 0 0 1 6.94918
0 0 0 0 1 6.9542
0 0 0 0 0 7.02252
0 0 0 0 1 7.01311
0 0 0 0 1 7.07498
0 0 0 0 1 7.14436
0 0 0 0 1 7.20704
0 0 0 0 1 7.21987
0 0 0 0 1 7.23272
0 0 0 0 1 7.27412
0 0 0 0 0 7.22897
0 0 0 0 1 7.31426
0 0 0 0 0 7.29797
0 0 0 0 0 7.39877
0 0 0 0 1 7.39024
0 0 0 0 1 7.44749
0 0 0 0 0 7.38588
0 0 0 0 1 7.54852
0 0 0 0 1 7.57676
0 0 0 0 1 7.58999
0 0 0 0 1 7.63353
0 0 0 0 1 7.69289
0 0 0 0 1 7.61451
0 0 0 0 0 7.66592
0 0 0 0 1 7.7099
0 0 0 0 0 7.82396
0 0 0 0 1 7.74394
0 0 0 0 1 7.78882
0 0 0 0 1 7.80197
0 0 0 0 0 7.89357
0 0 0 0 1 7.99431
0 0 0 0 1 7.93557
0 0 0 0 1 8.06117
0 0 0 0 1 8.1474
0 0 0 0 1 8.08834
0 0 0 0 1 8.1338
0 0 0 0 0 8.12269
0 0 0 0 1 8.27526
0 0 0 0 0 8.20564
0 0 0 0 1 8.25213
0 0 0 0 1 8.39854
0 0 0 0 1 8.46211
0 0 0 0 1 8.433
0 0 0 0 1 8.42022
0 0 0 0 1 8.578
0 0 0 0 0 8.58309
0 0 0 0 0 8.55265
0 0 0 0 1 8.61624
0 0 0 0 1 8.70721
0 0 0 0 1 8.8684
0 0 0 0 1 8.8115
0 0 0 0 1 8.82304
0 0 0 0 1 8.86105
0 0 0 0 1 8.97109
0 0 0 0 1 9.00948
0 0 0 0 0 9.07621
0 0 0 0 1 9.26144
0 0 0 0 0 9.24546
0 0 0 0 1 9.34016
0 0 0 0 0 9.31515
0 0 0 0 0 9.30584
0 0 0 0 1 9.39158
0 0 0 0 1 9.53373
0 0 0 0 1 9.53329
0 0 0 0 1 9.65895
0 0 0 0 1 9.70659
0 0 0 0 1 9.88134
0 0 0 0 1 9.8706
0 0 0 0 0 9.88029
0 0 0 0 1 10.0362
0 0 0 0 1 10.0039
0 0 0 0 0 10.0599
0 0 0 0 0 10.1073
0 0 0 0 1 10.2454
0 0 0 0 1 10.2499
0 0 0 0 1 10.4744
0 0 0 0 1 10.395
0 0 0 0 1 10.6095
0 0 0 0 1 10.7072
0 0 0 0 1 10.6675
0 0 0 0 1 10.7974
0 0 0 0 1 9.29659
0 0 0 0 1 9.25392
0 0 0 0 1 9.20704
0 0 0 0 1 9.28505
0 0 0 0 0 9.27533
0 0 0 0 1 9.23342
0 0 0 0 0 9.22397
0 0 0 0 1 9.09101
0 0 0 0 0 9.16426
0 0 0 0 1 9.13248
0 0 0 0 0 9.1782
0 0 0 0 1 9.12857
0 0 0 0 1 8.99312
0 0 0 0 1 8.9577
0 0 0 0 1 9.00841
0 0 0 0 1 9.07229
0 0 0 0 1 9.04192
0 0 0 0 1 8.97122
0 0 0 0 1 8.99032
0 0 0 0 1 8.92015
0 0 0 0 1 8.84629
0 0 0 0 1 8.93693
0 0 0 0 1 8.93858
0 0 0 0 1 8.91373
0 0 0 0 1 8.9156
0 0 0 0 1 8.79892
0 0 0 0 1 8.72192
0 0 0 0 1 8.88275
0 0 0 0 1 8.84997
0 0 0 0 0 8.72976
0 0 0 0 1 8.66257
0 0 0 0 1 8.78424
0 0 0 0 0 8.76976
0 0 0 0 1 8.62489
0 0 0 0 1 8.74128
0 0 0 0 1 8.6145
0 0 0 0 1 8.68746
0 0 0 0 1 8.56141
0 0 0 0 1 8.68627
0 0 0 0 0 8.59534
0 0 0 0 0 8.57368
0 0 0 0 1 8.63816
0 0 0 0 0 8.52235
0 0 0 0 1 8.55269
0 0 0 0 1 8.58308
0 0 0 0 0 8.56224
0 0 0 0 1 8.54461
0 0 0 0 1 8.45592
0 0 0 0 1 8.63558
0 0 0 0 1 8.72604
0 0 0 0 1 8.78037
0 0 0 0 1 8.87817
0 0 0 0 0 9.02962
0 0 0 0 1 9.14517
0 0 0 0 1 9.29755
0 0 0 0 1 9.55532
0 0 0 0 1 9.76817
0 0 0 0 1 9.89456
0 0 0 0 1 10.0999
0 0 0 0 1 10.2758
0 0 0 0 1 10.4519
0 0 0 0 1 10.6478
0 0 0 0 1 10.8234
0 0 0 0 1 10.8433
0 0 0 0 0 11.202
0 0 0 0 0 11.2585
0 0 0 0 1 11.701
0 0 0 0 1 11.9141
0 0 0 0 1 11.9939
0 0 0 0 0 12.2348
0 0 0 0 0 12.5228
0 0 0 0 1 12.8219
0 0 0 0 0 22.8419
0 0 0 0 1 22.7775
0 0 0 0 1 22.5529
0 0 0 0 1 22.4444
0 0 0 0 1 22.7441
0 0 0 0 0 22.4326
0 0 0 0 1 22.7328
0 0 0 0 1 22.3774
0 0 0 0 1 22.6327
0 0 0 0 0 22.5496
0 0 0 0 0 22.6248
0 0 0 0 0 22.6553
0 0 0 0 1 22.3046
0 0 0 0 1 22.4036
0 0 0 0 1 22.5704
0 0 0 0 0 22.58
0 0 0 0 1 22.59
0 0 0 0 1 22.3983
0 0 0 0 0 23.4316
0 0 0 0 1 24.172
0 0 0 0 1 25.3441
0 0 0 0 0 26.0026
0 0 0 0 1 36.7454
0 0 0 0 0 36.6939
0 0 0 0 0 36.2792
0 0 0 0 1 36.5566
0 0 0 0 1 36.4653
0 0 0 0 1 38.2566
0 0 0 0 0 52.5353
0 0 0 0 1 51.9991
0 0 0 0 0 51.9332
0 0 0 0 1 51.9197
0 0 0 0 0 51.9592
0 0 0 0 1 55.9905
0 0 0 0 1 64.9388
0 0 0 0 1 69.7336
0 0 0 0 0 81.6464
0 0 0 0 0 4.9599
0 0 0 0 0 5.02503
0 0 0 0 0 4.98495
0 0 0 0 0 4.99497
0 0 0 0 0 5.03004
0 0 0 0 0 4.97493
0 0 0 0 0 4.96992
0 0 0 0 0 5.05509
0 0 0 0 0 4.96491
0 0 0 0 0 5.01501
0 0 0 0 0 4.98495
0 0 0 0 0 5.00499
0 0 0 0 1 87.3281
0 0 0 0 1 87.6875
0 0 0 0 1 75.22
0 0 0 0 1 63.3282
0 0 0 0 1 60.4659
0 0 0 0 1 60.4165
0 0 0 0 0 61.0944
0 0 0 0 0 51.8286
0 0 0 0 0 48.3231
0 0 0 0 0 48.1435
0 0 0 0 1 39.6276
0 0 0 0 1 36.4884
0 0 0 0 1 35.5252
0 0 0 0 1 35.7514
0 0 0 0 1 35.7992
0 0 0 0 0 35.4915
0 0 0 0 1 28.2463
0 0 0 0 1 26.9643
0 0 0 0 1 25.716
0 0 0 0 1 24.7622
0 0 0 0 1 24.7001
0 0 0 0 1 24.6878
0 0 0 0 1 24.8472
0 0 0 0 1 24.6138
0 0 0 0 1 24.4793
0 0 0 0 1 24.5921
0 0 0 0 1 24.9278
0 0 0 0 1 24.77
0 0 0 0 0 24.7594
0 0 0 0 0 18.1817
0 0 0 0 1 17.5443
0 0 0 0 0 17.3465
0 0 0 0 1 16.5772
0 0 0 0 1 16.1307
0 0 0 0 1 15.9748
0 0 0 0 1 15.5319
0 0 0 0 1 15.1363
0 0 0 0 1 14.7277
0 0 0 0 0 14.5385
0 0 0 0 0 14.1977
0 0 0 0 1 13.9287
0 0 0 0 0 13.9405
0 0 0 0 1 13.9944
0 0 0 0 0 13.8397
0 0 0 0 1 13.9916
0 0 0 0 0 13.881
0 0 0 0 1 13.936
0 0 0 0 1 13.8794
0 0 0 0 1 14.1308
0 0 0 0 1 13.881
0 0 0 0 1 13.923
0 0 0 0 0 13.8952
0 0 0 0 1 14.1485
0 0 0 0 1 13.969
0 0 0 0 0 14.0122
0 0 0 0 1 13.9993
0 0 0 0 1 14.0457
0 0 0 0 1 14.0615
0 0 0 0 1 14.1907
0 0 0 0 1 14.1957
0 0 0 0 1 14.1273
0 0 0 0 1 14.3457
0 0 0 0 0 14.2777
0 0 0 0 1 14.0987
0 0 0 0 1 14.159
0 0 0 0 1 14.2654
0 0 0 0 1 14.3693
0 0 0 0 1 14.3336
0 0 0 0 0 14.4813
0 0 0 0 0 8.75531
0 0 0 0 1 8.7819
0 0 0 0 1 8.51267
0 0 0 0 1 8.43526
0 0 0 0 1 8.4413
0 0 0 0 1 8.29563
0 0 0 0 1 8.24245
0 0 0 0 1 8.14663
0 0 0 0 1 7.95627
0 0 0 0 1 7.95008
0 0 0 0 1 7.79511
0 0 0 0 1 7.75618
0 0 0 0 1 7.62619
0 0 0 0 1 7.63338
0 0 0 0 1 7.45186
0 0 0 0 1 7.38537
0 0 0 0 1 7.38279
0 0 0 0 1 7.26482
0 0 0 0 0 7.22673
0 0 0 0 1 7.16676
0 0 0 0 1 7.02939
0 0 0 0 1 6.93039
0 0 0 0 0 6.85064
0 0 0 0 0 6.87574
0 0 0 0 1 6.79119
0 0 0 0 0 6.68706
0 0 0 0 1 6.58383
0 0 0 0 0 6.59969
0 0 0 0 1 6.43857
0 0 0 0 0 6.44305
0 0 0 0 1 6.34181
0 0 0 0 1 6.27565
0 0 0 0 1 6.25377
0 0 0 0 1 6.23146
0 0 0 0 1 6.18405
0 0 0 0 1 6.17948
0 0 0 0 1 6.02256
0 0 0 0 0 5.97254
0 0 0 0 1 5.98556
0 0 0 0 1 5.94724
0 0 0 0 1 5.91184
0 0 0 0 0 5.88511
0 0 0 0 1 5.77148
0 0 0 0 1 5.69917
0 0 0 0 1 5.72117
0 0 0 0 1 5.69437
0 0 0 0 1 5.60582
0 0 0 0 1 5.51553
0 0 0 0 1 5.54455
0 0 0 0 1 5.43011
0 0 0 0 1 5.4202
0 0 0 0 1 5.35364
0 0 0 0 0 5.37346
0 0 0 0 1 5.34147
0 0 0 0 1 5.27035
0 0 0 0 1 5.29115
0 0 0 0 0 5.25187
0 0 0 0 1 5.22829
0 0 0 0 0 5.10686
0 0 0 0 1 5.08896
0 0 0 0 1 5.02203
0 0 0 0 0 5.00418
0 0 0 0 1 4.97442
0 0 0 0 1 4.95152
0 0 0 0 1 4.96817
0 0 0 0 0 4.91053
0 0 0 0 1 4.93145
0 0 0 0 1 4.88237
0 0 0 0 1 4.78201
0 0 0 0 1 4.79574
0 0 0 0 1 4.81222
0 0 0 0 1 4.82013
0 0 0 0 1 4.90102
0 0 0 0 1 4.84966
0 0 0 0 1 4.91646
0 0 0 0 1 4.90518
0 0 0 0 0 4.96279
0 0 0 0 1 4.98496
0 0 0 0 0 4.91426
0 0 0 0 1 5.01722
0 0 0 0 1 4.97982
0 0 0 0 1 4.96342
0 0 0 0 1 5.07757
0 0 0 0 1 5.07144
0 0 0 0 0 5.10068
0 0 0 0 0 5.03859
0 0 0 0 0 5.05764
0 0 0 0 0 5.09217
0 0 0 0 0 5.0845
0 0 0 0 1 5.1038
0 0 0 0 0 5.18013
0 0 0 0 1 5.22583
0 0 0 0 1 5.16753
0 0 0 0 0 5.2867
0 0 0 0 0 5.29113
0 0 0 0 1 5.29026
0 0 0 0 1 5.34378
0 0 0 0 1 5.31635
0 0 0 0 1 5.38481
0 0 0 0 1 5.41082
0 0 0 0 1 5.43696
0 0 0 0 1 5.46481
0 0 0 0 1 5.43691
0 0 0 0 0 5.41418
0 0 0 0 1 5.46235
0 0 0 0 1 5.53987
0 0 0 0 1 5.46728
0 0 0 0 1 5.52307
0 0 0 0 0 5.53316
0 0 0 0 0 5.56153
0 0 0 0 1 5.67285
0 0 0 0 1 5.67367
0 0 0 0 1 5.68978
0 0 0 0 1 5.71891
0 0 0 0 1 5.71796
0 0 0 0 1 5.78172
0 0 0 0 0 5.77658
0 0 0 0 1 5.87001
0 0 0 0 1 5.87496
0 0 0 0 1 5.92251
0 0 0 0 1 5.91732
0 0 0 0 0 5.87634
0 0 0 0 1 5.98956
0 0 0 0 1 5.99603
0 0 0 0 1 6.03244
0 0 0 0 0 6.00858
0 0 0 0 0 6.03896
0 0 0 0 1 6.11829
0 0 0 0 1 6.1614
0 0 0 0 1 6.18165
0 0 0 0 1 9.46192
0 0 0 0 1 9.51926
0 0 0 0 1 9.54459
0 0 0 0 1 9.32482
0 0 0 0 1 9.32563
0 0 0 0 1 9.40731
0 0 0 0 1 9.31133
0 0 0 0 1 9.38929
0 0 0 0 1 9.32487
0 0 0 0 1 9.32231
0 0 0 0 1 9.13573
0 0 0 0 1 9.22546
0 0 0 0 1 9.10436
0 0 0 0 1 9.08425
0 0 0 0 1 9.14601
0 0 0 0 0 8.97197
0 0 0 0 0 9.00661
0 0 0 0 1 9.09178
0 0 0 0 1 8.99125
0 0 0 0 0 8.98648
0 0 0 0 1 9.00286
0 0 0 0 1 8.86795
0 0 0 0 0 8.77824
0 0 0 0 1 8.76866
0 0 0 0 0 8.90567
0 0 0 0 1 8.86943
0 0 0 0 1 8.67571
0 0 0 0 0 8.82598
0 0 0 0 1 8.78165
0 0 0 0 1 8.63854
0 0 0 0 1 8.69918
0 0 0 0 0 8.73881
0 0 0 0 0 8.54013
0 0 0 0 1 8.64025
0 0 0 0 1 8.53741
0 0 0 0 1 8.59429
0 0 0 0 1 8.44958
0 0 0 0 1 8.48944
0 0 0 0 1 8.46121
0 0 0 0 1 8.39925
0 0 0 0 1 8.54058
0 0 0 0 1 8.39446
0 0 0 0 0 8.49677
0 0 0 0 0 8.31806
0 0 0 0 1 8.30771
0 0 0 0 1 8.31418
0 0 0 0 1 8.38739
0 0 0 0 1 8.39748
0 0 0 0 1 8.32927
0 0 0 0 1 8.36076
0 0 0 0 1 8.23971
0 0 0 0 1 8.20544
0 0 0 0 1 8.29484
0 0 0 0 1 8.2197
0 0 0 0 1 8.20232
0 0 0 0 1 8.24234
0 0 0 0 0 8.15172
0 0 0 0 1 8.10229
0 0 0 0 1 8.14254
0 0 0 0 0 8.07729
0 0 0 0 1 8.14999
0 0 0 0 1 8.09326
0 0 0 0 1 8.07717
0 0 0 0 0 8.09741
0 0 0 0 1 7.96104
0 0 0 0 1 8.07387
0 0 0 0 0 8.08234
0 0 0 0 1 8.01101
0 0 0 0 0 7.99965
0 0 0 0 1 7.89707
0 0 0 0 1 7.8983
0 0 0 0 1 7.86791
0 0 0 0 1 7.92484
0 0 0 0 1 7.8904
0 0 0 0 1 7.90787
0 0 0 0 1 7.94904
0 0 0 0 1 7.81271
0 0 0 0 1 7.81826
0 0 0 0 1 7.82835
0 0 0 0 1 7.83855
0 0 0 0 1 7.77849
0 0 0 0 1 7.77662
0 0 0 0 0 7.74047
0 0 0 0 0 7.86022
0 0 0 0 1 7.71863
0 0 0 0 1 7.69865
0 0 0 0 0 7.68961
