0 0 0 0 1 5.52515
0 0 0 0 1 5.51755
0 0 0 0 1 5.57126
0 0 0 0 1 5.59424
0 0 0 0 1 5.62609
0 0 0 0 1 5.62463
0 0 0 0 0 5.60552
0 0 0 0 1 5.6546
0 0 0 0 1 5.57713
0 0 0 0 0 5.6321
0 0 0 0 1 5.58039
0 0 0 0 0 5.58501
0 0 0 0 1 5.6823
0 0 0 0 1 5.61938
0 0 0 0 1 5.70941
0 0 0 0 1 5.69965
0 0 0 0 1 5.67084
0 0 0 0 1 5.73319
0 0 0 0 1 5.68738
0 0 0 0 1 5.66257
0 0 0 0 1 5.69677
0 0 0 0 0 5.70252
0 0 0 0 0 5.8061
0 0 0 0 0 5.70282
0 0 0 0 1 5.72222
0 0 0 0 1 5.80352
0 0 0 0 0 5.76939
0 0 0 0 1 5.81645
0 0 0 0 0 5.80562
0 0 0 0 1 5.82397
0 0 0 0 1 5.78989
0 0 0 0 1 5.81003
0 0 0 0 1 5.883
0 0 0 0 1 5.82555
0 0 0 0 1 5.9327
0 0 0 0 0 5.91063
0 0 0 0 0 5.90034
0 0 0 0 0 5.9434
0 0 0 0 1 5.95702
0 0 0 0 1 5.9648
0 0 0 0 1 6.01445
0 0 0 0 1 5.99859
0 0 0 0 1 6.00199
0 0 0 0 0 5.96211
0 0 0 0 0 6.00033
0 0 0 0 1 6.09308
0 0 0 0 1 6.03998
0 0 0 0 1 6.12738
0 0 0 0 0 6.0997
0 0 0 0 1 6.05973
0 0 0 0 0 6.08072
0 0 0 0 1 6.06509
0 0 0 0 1 6.12204
0 0 0 0 1 6.10758
0 0 0 0 0 6.14138
0 0 0 0 1 6.2125
0 0 0 0 1 6.15994
0 0 0 0 1 6.24302
0 0 0 0 1 6.25269
0 0 0 0 1 6.20612
0 0 0 0 0 6.22112
0 0 0 0 0 6.24977
0 0 0 0 1 6.37323
0 0 0 0 1 6.3202
0 0 0 0 1 6.39378
0 0 0 0 0 6.35883
0 0 0 0 1 6.37555
0 0 0 0 0 6.34675
0 0 0 0 1 6.42777
0 0 0 0 1 6.40544
0 0 0 0 1 6.45482
0 0 0 0 1 6.45191
0 0 0 0 0 6.44321
0 0 0 0 1 6.47358
0 0 0 0 1 6.58255
0 0 0 0 1 6.56693
0 0 0 0 0 6.61703
0 0 0 0 1 6.64163
0 0 0 0 0 6.65253
0 0 0 0 1 6.63024
0 0 0 0 1 6.72123
0 0 0 0 1 6.71961
0 0 0 0 1 6.72468
0 0 0 0 1 6.77636
0 0 0 0 1 6.78783
0 0 0 0 1 6.80612
0 0 0 0 1 6.77002
0 0 0 0 1 6.84299
0 0 0 0 1 6.84097
0 0 0 0 1 6.86644
0 0 0 0 1 6.975
0 0 0 0 1 6.86975
0 0 0 0 1 6.97197
0 0 0 0 1 6.92125
0 0 0 0 1 7.06637
0 0 0 0 0 7.05067
0 0 0 0 1 7.02018
0 0 0 0 1 7.14594
0 0 0 0 1 7.14436
0 0 0 0 1 7.17844
0 0 0 0 1 7.2414
0 0 0 0 1 7.14627
0 0 0 0 0 7.27412
0 0 0 0 1 7.19264
0 0 0 0 1 7.36535
0 0 0 0 1 7.40055
0 0 0 0 1 7.37669
0 0 0 0 1 7.36809
0 0 0 0 1 7.39557
0 0 0 0 0 7.46787
0 0 0 0 1 7.48867
0 0 0 0 1 7.47153
0 0 0 0 1 7.56734
0 0 0 0 1 7.57282
0 0 0 0 1 7.60911
0 0 0 0 0 7.69104
0 0 0 0 1 7.64285
0 0 0 0 1 7.8026
0 0 0 0 1 7.83172
0 0 0 0 0 7.75173
0 0 0 0 1 7.87493
0 0 0 0 0 7.8413
0 0 0 0 0 7.9173
0 0 0 0 1 8.0261
0 0 0 0 1 7.9995
0 0 0 0 1 8.03708
0 0 0 0 0 8.04253
0 0 0 0 1 8.05592
0 0 0 0 0 8.09305
0 0 0 0 1 8.2537
0 0 0 0 1 8.16821
0 0 0 0 1 8.28844
0 0 0 0 1 8.39355
0 0 0 0 1 8.33162
0 0 0 0 0 8.35276
0 0 0 0 0 8.433
0 0 0 0 1 8.45424
0 0 0 0 1 8.62931
0 0 0 0 1 8.64323
0 0 0 0 1 8.56129
0 0 0 0 1 8.78143
0 0 0 0 1 8.67224
0 0 0 0 1 8.76282
0 0 0 0 1 8.79382
0 0 0 0 1 8.82304
0 0 0 0 0 8.87
0 0 0 0 0 9.09719
0 0 0 0 1 8.98229
0 0 0 0 1 9.13088
0 0 0 0 1 9.19725
0 0 0 0 1 9.1901
0 0 0 0 1 9.35872
0 0 0 0 1 9.25915
0 0 0 0 1 9.45624
0 0 0 0 0 9.44833
0 0 0 0 1 9.47658
0 0 0 0 1 9.63879
0 0 0 0 1 9.73614
0 0 0 0 1 9.70659
0 0 0 0 0 9.85199
0 0 0 0 1 9.80164
0 0 0 0 1 9.94966
0 0 0 0 0 10.0462
0 0 0 0 1 9.99386
0 0 0 0 1 10.1106
0 0 0 0 1 10.1175
0 0 0 0 1 10.2659
0 0 0 0 1 10.3949
0 0 0 0 1 10.5057
0 0 0 0 1 10.584
0 0 0 0 0 10.6413
0 0 0 0 1 10.7712
0 0 0 0 1 10.689
0 0 0 0 1 10.9274
0 0 0 0 1 9.26867
0 0 0 0 1 9.29105
0 0 0 0 0 9.2163
0 0 0 0 1 9.33125
0 0 0 0 1 9.12781
0 0 0 0 1 9.18743
0 0 0 0 1 9.22397
0 0 0 0 1 9.08185
0 0 0 0 1 9.10031
0 0 0 0 1 9.15982
0 0 0 0 1 9.05994
0 0 0 0 1 9.11949
0 0 0 0 1 9.06557
0 0 0 0 1 8.98482
0 0 0 0 1 9.02644
0 0 0 0 1 8.94629
0 0 0 0 1 8.89826
0 0 0 0 0 8.98915
0 0 0 0 1 8.89192
0 0 0 0 0 8.92015
0 0 0 0 1 8.95319
0 0 0 0 0 8.88358
0 0 0 0 1 8.84093
0 0 0 0 0 8.94917
0 0 0 0 1 8.77408
0 0 0 0 1 8.83423
0 0 0 0 1 8.86288
0 0 0 0 0 8.86516
0 0 0 0 0 8.70949
0 0 0 0 1 8.73853
0 0 0 0 0 8.68007
0 0 0 0 1 8.69692
0 0 0 0 1 8.65643
0 0 0 0 1 8.74673
0 0 0 0 1 8.62832
0 0 0 0 0 8.73596
0 0 0 0 1 8.64415
0 0 0 0 0 8.63059
0 0 0 0 1 8.68627
0 0 0 0 1 8.65569
0 0 0 0 1 8.62533
0 0 0 0 1 8.52642
0 0 0 0 1 8.59959
0 0 0 0 0 8.64696
0 0 0 0 1 8.53173
0 0 0 0 1 8.48533
0 0 0 0 1 8.55314
0 0 0 0 1 8.54969
0 0 0 0 0 8.5584
0 0 0 0 0 8.70864
0 0 0 0 1 8.77155
0 0 0 0 1 8.94088
0 0 0 0 0 9.17512
0 0 0 0 1 9.32068
0 0 0 0 1 9.44766
0 0 0 0 1 9.62208
0 0 0 0 0 9.73913
0 0 0 0 1 9.89456
0 0 0 0 1 9.95976
0 0 0 0 0 10.123
0 0 0 0 1 10.2758
0 0 0 0 1 10.5951
0 0 0 0 0 10.8234
0 0 0 0 1 10.909
0 0 0 0 1 11.046
0 0 0 0 1 11.3153
0 0 0 0 1 11.6083
0 0 0 0 0 11.9141
0 0 0 0 0 12.0904
0 0 0 0 1 12.2348
0 0 0 0 1 12.4725
0 0 0 0 0 12.8861
0 0 0 0 1 22.5691
0 0 0 0 1 22.5504
0 0 0 0 1 22.4848
0 0 0 0 1 22.8978
0 0 0 0 1 22.7441
0 0 0 0 1 22.5005
0 0 0 0 1 22.778
0 0 0 0 1 22.5582
0 0 0 0 1 22.5424
0 0 0 0 0 22.527
0 0 0 0 1 22.4218
0 0 0 0 1 22.5651
0 0 0 0 1 22.6651
0 0 0 0 1 22.4936
0 0 0 0 0 22.7279
0 0 0 0 1 22.4451
0 0 0 0 1 22.2753
0 0 0 0 1 22.2859
0 0 0 0 1 23.2924
0 0 0 0 1 24.1962
0 0 0 0 0 25.0678
0 0 0 0 1 26.0026
0 0 0 0 1 36.454
0 0 0 0 0 36.5482
0 0 0 0 1 36.0245
0 0 0 0 1 36.7385
0 0 0 0 1 36.7565
0 0 0 0 0 38.796
0 0 0 0 1 51.7543
0 0 0 0 0 51.6348
0 0 0 0 1 52.2974
0 0 0 0 1 52.1798
0 0 0 0 1 52.5313
0 0 0 0 1 56.0469
0 0 0 0 1 66.1171
0 0 0 0 0 69.1066
0 0 0 0 1 81.9736
0 0 0 0 0 5.05008
0 0 0 0 0 4.96992
0 0 0 0 0 5.04507
0 0 0 0 0 4.97493
0 0 0 0 0 5.02503
0 0 0 0 0 4.99998
0 0 0 0 0 4.96491
0 0 0 0 0 5.02002
0 0 0 0 0 4.97994
0 0 0 0 0 5.01501
0 0 0 0 0 4.96491
0 0 0 0 0 5.03505
0 0 0 0 1 86.7149
0 0 0 0 1 88.4759
0 0 0 0 1 75.8212
0 0 0 0 1 64.222
0 0 0 0 1 60.6475
0 0 0 0 1 60.2349
0 0 0 0 1 60.3073
0 0 0 0 0 51.9317
0 0 0 0 1 47.5073
0 0 0 0 1 47.9035
0 0 0 0 1 39.5098
0 0 0 0 1 36.7093
0 0 0 0 1 35.3468
0 0 0 0 1 35.8228
0 0 0 0 1 35.8706
0 0 0 0 0 36.0271
0 0 0 0 0 27.7971
0 0 0 0 1 26.9107
0 0 0 0 1 25.6135
0 0 0 0 1 24.7376
0 0 0 0 0 24.6509
0 0 0 0 0 24.737
0 0 0 0 0 24.8472
0 0 0 0 1 24.4412
0 0 0 0 1 24.4547
0 0 0 0 1 24.8884
0 0 0 0 1 24.6807
0 0 0 0 1 24.5722
0 0 0 0 1 24.4873
0 0 0 0 1 18.1635
0 0 0 0 1 17.8626
0 0 0 0 0 17.037
0 0 0 0 0 16.7612
0 0 0 0 1 16.4076
0 0 0 0 1 15.943
0 0 0 0 1 15.4545
0 0 0 0 1 15.0002
0 0 0 0 1 14.8458
0 0 0 0 1 14.4086
0 0 0 0 0 14.1554
0 0 0 0 1 13.7481
0 0 0 0 0 13.8432
0 0 0 0 1 14.0222
0 0 0 0 1 13.9789
0 0 0 0 1 14.0194
0 0 0 0 1 13.8113
0 0 0 0 0 13.9918
0 0 0 0 1 13.8934
0 0 0 0 0 13.9069
0 0 0 0 1 14.0351
0 0 0 0 0 14.0492
0 0 0 0 1 13.9233
0 0 0 0 0 14.0923
0 0 0 0 0 13.9831
0 0 0 0 0 14.1531
0 0 0 0 1 14.239
0 0 0 0 1 14.0033
0 0 0 0 1 14.1745
0 0 0 0 0 14.0634
0 0 0 0 1 14.1957
0 0 0 0 1 14.0422
0 0 0 0 1 14.2747
0 0 0 0 1 14.0929
0 0 0 0 1 14.3408
0 0 0 0 1 14.3728
0 0 0 0 1 14.2225
0 0 0 0 1 14.1548
0 0 0 0 1 14.2333
0 0 0 0 1 14.4096
0 0 0 0 1 8.73766
0 0 0 0 1 8.69478
0 0 0 0 0 8.54706
0 0 0 0 1 8.48623
0 0 0 0 1 8.34061
0 0 0 0 1 8.33706
0 0 0 0 1 8.13594
0 0 0 0 0 8.01719
0 0 0 0 1 8.02024
0 0 0 0 0 7.96589
0 0 0 0 1 7.81075
0 0 0 0 0 7.65576
0 0 0 0 1 7.64911
0 0 0 0 1 7.56536
0 0 0 0 1 7.54155
0 0 0 0 0 7.35577
0 0 0 0 0 7.25109
0 0 0 0 1 7.17066
0 0 0 0 1 7.13353
0 0 0 0 1 7.15257
0 0 0 0 0 7.05045
0 0 0 0 1 7.00693
0 0 0 0 0 6.94014
0 0 0 0 1 6.81435
0 0 0 0 1 6.7101
0 0 0 0 0 6.63351
0 0 0 0 1 6.60372
0 0 0 0 1 6.63252
0 0 0 0 0 6.54263
0 0 0 0 1 6.39791
0 0 0 0 1 6.444
0 0 0 0 1 6.31998
0 0 0 0 1 6.32912
0 0 0 0 1 6.21279
0 0 0 0 1 6.12234
0 0 0 0 1 6.06324
0 0 0 0 1 6.08927
0 0 0 0 0 6.07489
0 0 0 0 1 5.90798
0 0 0 0 1 5.94132
0 0 0 0 0 5.91184
0 0 0 0 1 5.88511
0 0 0 0 1 5.75991
0 0 0 0 1 5.79674
0 0 0 0 1 5.72686
0 0 0 0 1 5.68309
0 0 0 0 0 5.62822
0 0 0 0 1 5.61571
0 0 0 0 1 5.56664
0 0 0 0 0 5.52326
0 0 0 0 1 5.40389
0 0 0 0 1 5.43467
0 0 0 0 1 5.3842
0 0 0 0 1 5.31484
0 0 0 0 1 5.28622
0 0 0 0 1 5.29115
0 0 0 0 1 5.23101
0 0 0 0 1 5.15057
0 0 0 0 1 5.16349
0 0 0 0 1 5.16056
0 0 0 0 0 5.06769
0 0 0 0 1 5.07977
0 0 0 0 1 5.00451
0 0 0 0 0 5.03122
0 0 0 0 1 4.92363
0 0 0 0 1 4.94494
0 0 0 0 0 4.86309
0 0 0 0 1 4.86293
0 0 0 0 1 4.84957
0 0 0 0 0 4.81018
0 0 0 0 1 4.77843
0 0 0 0 1 4.86857
0 0 0 0 1 4.85726
0 0 0 0 1 4.88866
0 0 0 0 1 4.93114
0 0 0 0 1 4.89045
0 0 0 0 0 4.97265
0 0 0 0 1 4.9899
0 0 0 0 1 4.94897
0 0 0 0 1 4.95749
0 0 0 0 0 5.02473
0 0 0 0 0 5.03354
0 0 0 0 0 5.05746
0 0 0 0 1 5.09162
0 0 0 0 1 5.07029
0 0 0 0 1 5.06401
0 0 0 0 1 5.1342
0 0 0 0 1 5.07168
0 0 0 0 0 5.15126
0 0 0 0 0 5.19144
0 0 0 0 1 5.19566
0 0 0 0 1 5.21544
0 0 0 0 1 5.1936
0 0 0 0 1 5.20819
0 0 0 0 1 5.30689
0 0 0 0 1 5.25334
0 0 0 0 1 5.35438
0 0 0 0 1 5.28974
0 0 0 0 1 5.33138
0 0 0 0 0 5.35719
0 0 0 0 1 5.42081
0 0 0 0 0 5.4594
0 0 0 0 1 5.41519
0 0 0 0 0 5.44144
0 0 0 0 1 5.50614
0 0 0 0 1 5.46836
0 0 0 0 1 5.48937
0 0 0 0 1 5.58968
0 0 0 0 1 5.52759
0 0 0 0 1 5.61193
0 0 0 0 1 5.63349
0 0 0 0 1 5.70192
0 0 0 0 0 5.70112
0 0 0 0 1 5.65619
0 0 0 0 0 5.68934
0 0 0 0 1 5.81049
0 0 0 0 1 5.75345
0 0 0 0 1 5.77702
0 0 0 0 1 5.89246
0 0 0 0 1 5.84628
0 0 0 0 1 5.94679
0 0 0 0 1 5.9415
0 0 0 0 1 5.94789
0 0 0 0 0 6.008
0 0 0 0 1 5.96027
0 0 0 0 1 6.01462
0 0 0 0 1 6.03896
0 0 0 0 1 6.1244
0 0 0 0 1 6.12458
0 0 0 0 1 6.2187
0 0 0 0 1 9.58567
0 0 0 0 0 9.57615
0 0 0 0 0 9.41229
0 0 0 0 1 9.45668
0 0 0 0 0 9.41007
0 0 0 0 1 9.37926
0 0 0 0 1 9.34861
0 0 0 0 0 9.3707
0 0 0 0 1 9.20449
0 0 0 0 1 9.15617
0 0 0 0 0 9.17254
0 0 0 0 1 9.20712
0 0 0 0 1 9.15921
0 0 0 0 1 9.03869
0 0 0 0 1 9.00069
0 0 0 0 1 9.09872
0 0 0 0 1 9.06978
0 0 0 0 1 8.99276
0 0 0 0 1 9.00022
0 0 0 0 0 9.03123
0 0 0 0 0 9.01179
0 0 0 0 1 8.82348
0 0 0 0 1 8.90238
0 0 0 0 1 8.8217
0 0 0 0 1 8.82631
0 0 0 0 0 8.81669
0 0 0 0 1 8.75458
0 0 0 0 1 8.72101
0 0 0 0 1 8.64212
0 0 0 0 1 8.64724
0 0 0 0 1 8.73387
0 0 0 0 1 8.73881
0 0 0 0 1 8.58326
0 0 0 0 1 8.54558
0 0 0 0 1 8.49451
0 0 0 0 0 8.61997
0 0 0 0 1 8.61174
0 0 0 0 1 8.53202
0 0 0 0 1 8.4697
0 0 0 0 1 8.54333
0 0 0 0 1 8.50675
0 0 0 0 0 8.36915
0 0 0 0 1 8.49677
0 0 0 0 1 8.41878
0 0 0 0 1 8.33283
0 0 0 0 1 8.30583
0 0 0 0 0 8.31236
0 0 0 0 1 8.38917
0 0 0 0 0 8.22971
0 0 0 0 1 8.31109
0 0 0 0 1 8.29757
0 0 0 0 1 8.18895
0 0 0 0 0 8.26192
0 0 0 0 1 8.26897
0 0 0 0 1 8.11218
0 0 0 0 1 8.20146
0 0 0 0 1 8.24148
0 0 0 0 1 8.13486
0 0 0 0 1 8.14254
0 0 0 0 1 8.03674
0 0 0 0 1 8.10143
0 0 0 0 1 8.06096
0 0 0 0 1 8.12554
0 0 0 0 0 8.06521
0 0 0 0 1 8.01728
0 0 0 0 1 7.94558
0 0 0 0 1 8.08234
0 0 0 0 1 7.91517
0 0 0 0 1 8.02357
0 0 0 0 1 7.9528
0 0 0 0 1 7.93008
0 0 0 0 1 7.8917
0 0 0 0 1 7.92484
0 0 0 0 1 7.85087
0 0 0 0 1 7.88419
0 0 0 0 1 7.83874
0 0 0 0 1 7.9386
0 0 0 0 0 7.88897
0 0 0 0 1 7.91464
0 0 0 0 1 7.85421
0 0 0 0 1 7.73941
0 0 0 0 1 7.84689
0 0 0 0 1 7.80283
0 0 0 0 1 7.83687
0 0 0 0 1 7.74972
0 0 0 0 1 7.71417
0 0 0 0 1 7.69736
