0 0 0 0 1 5.49187
0 0 0 0 1 5.55089
0 0 0 0 1 5.549
0 0 0 0 0 5.54966
0 0 0 0 1 5.62609
0 0 0 0 1 5.54076
0 0 0 0 1 5.56076
0 0 0 0 0 5.64899
0 0 0 0 1 5.59396
0 0 0 0 0 5.64335
0 0 0 0 1 5.62544
0 0 0 0 1 5.60194
0 0 0 0 1 5.70489
0 0 0 0 1 5.65333
0 0 0 0 1 5.67539
0 0 0 0 1 5.72804
0 0 0 0 1 5.70496
0 0 0 0 0 5.6762
0 0 0 0 1 5.72735
0 0 0 0 1 5.65685
0 0 0 0 0 5.70822
0 0 0 0 1 5.68531
0 0 0 0 1 5.71413
0 0 0 0 1 5.73162
0 0 0 0 1 5.81452
0 0 0 0 1 5.80352
0 0 0 0 1 5.81573
0 0 0 0 0 5.76421
0 0 0 0 1 5.75909
0 0 0 0 0 5.80648
0 0 0 0 1 5.81326
0 0 0 0 1 5.79833
0 0 0 0 1 5.80683
0 0 0 0 1 5.84904
0 0 0 0 1 5.85619
0 0 0 0 1 5.90473
0 0 0 0 0 5.93581
0 0 0 0 1 5.97895
0 0 0 0 1 5.91544
0 0 0 0 1 5.91718
0 0 0 0 1 5.91898
0 0 0 0 0 5.92085
0 0 0 0 1 5.93011
0 0 0 0 0 6.02215
0 0 0 0 1 6.04246
0 0 0 0 1 6.08101
0 0 0 0 1 6.07024
0 0 0 0 0 6.09098
0 0 0 0 1 6.02064
0 0 0 0 1 6.14508
0 0 0 0 1 6.06239
0 0 0 0 1 6.13861
0 0 0 0 1 6.08516
0 0 0 0 1 6.13836
0 0 0 0 1 6.18458
0 0 0 0 1 6.14443
0 0 0 0 1 6.22197
0 0 0 0 0 6.20567
0 0 0 0 1 6.27141
0 0 0 0 1 6.21864
0 0 0 0 0 6.29645
0 0 0 0 1 6.28753
0 0 0 0 1 6.26596
0 0 0 0 1 6.3202
0 0 0 0 1 6.38744
0 0 0 0 1 6.37156
0 0 0 0 1 6.39469
0 0 0 0 1 6.43001
0 0 0 0 1 6.36356
0 0 0 0 1 6.49566
0 0 0 0 1 6.40959
0 0 0 0 1 6.44543
0 0 0 0 0 6.46922
0 0 0 0 1 6.50618
0 0 0 0 1 6.60216
0 0 0 0 1 6.59974
0 0 0 0 1 6.54461
0 0 0 0 1 6.60862
0 0 0 0 0 6.67903
0 0 0 0 1 6.60364
0 0 0 0 1 6.72123
0 0 0 0 1 6.65268
0 0 0 0 1 6.69113
0 0 0 0 1 6.76963
0 0 0 0 0 6.82839
0 0 0 0 1 6.75184
0 0 0 0 1 6.83813
0 0 0 0 0 6.84299
0 0 0 0 0 6.84784
0 0 0 0 0 6.95597
0 0 0 0 1 6.92661
0 0 0 0 1 6.91827
0 0 0 0 1 6.88847
0 0 0 0 1 6.95617
0 0 0 0 1 6.97523
0 0 0 0 0 7.02252
0 0 0 0 1 7.10502
0 0 0 0 1 7.04659
0 0 0 0 0 7.14436
0 0 0 0 1 7.08549
0 0 0 0 1 7.1481
0 0 0 0 0 7.22551
0 0 0 0 1 7.2886
0 0 0 0 1 7.20717
0 0 0 0 1 7.23396
0 0 0 0 1 7.31995
0 0 0 0 1 7.29571
0 0 0 0 1 7.36809
0 0 0 0 1 7.37332
0 0 0 0 1 7.49022
0 0 0 0 1 7.40638
0 0 0 0 1 7.47905
0 0 0 0 1 7.48426
0 0 0 0 1 7.57282
0 0 0 0 0 7.57102
0 0 0 0 1 7.66043
0 0 0 0 1 7.74281
0 0 0 0 1 7.7408
0 0 0 0 1 7.69201
0 0 0 0 1 7.79073
0 0 0 0 1 7.75751
0 0 0 0 1 7.83343
0 0 0 0 1 7.89357
0 0 0 0 1 7.93869
0 0 0 0 1 8.03946
0 0 0 0 1 8.07723
0 0 0 0 0 8.1474
0 0 0 0 0 8.05592
0 0 0 0 1 8.12565
0 0 0 0 1 8.10632
0 0 0 0 1 8.31643
0 0 0 0 1 8.24704
0 0 0 0 1 8.3686
0 0 0 0 1 8.4069
0 0 0 0 1 8.32752
0 0 0 0 1 8.37379
0 0 0 0 1 8.5393
0 0 0 0 1 8.58655
0 0 0 0 1 8.66901
0 0 0 0 0 8.56129
0 0 0 0 1 8.75535
0 0 0 0 1 8.69847
0 0 0 0 1 8.8596
0 0 0 0 1 8.8115
0 0 0 0 1 8.94755
0 0 0 0 0 8.94161
0 0 0 0 1 8.97109
0 0 0 0 1 9.12731
0 0 0 0 1 9.09443
0 0 0 0 0 9.08722
0 0 0 0 1 9.14397
0 0 0 0 0 9.1916
0 0 0 0 1 9.24982
0 0 0 0 1 9.33404
0 0 0 0 1 9.49562
0 0 0 0 1 9.44801
0 0 0 0 1 9.60043
0 0 0 0 0 9.7072
0 0 0 0 1 9.67744
0 0 0 0 1 9.81286
0 0 0 0 1 9.91
0 0 0 0 1 9.92984
0 0 0 0 1 10.0462
0 0 0 0 0 10.014
0 0 0 0 1 10.141
0 0 0 0 0 10.1379
0 0 0 0 1 10.2967
0 0 0 0 1 10.3431
0 0 0 0 1 10.3181
0 0 0 0 1 10.4265
0 0 0 0 1 10.5566
0 0 0 0 1 10.6965
0 0 0 0 1 10.8072
0 0 0 0 1 10.7541
0 0 0 0 0 9.24075
0 0 0 0 1 9.22608
0 0 0 0 1 9.2904
0 0 0 0 1 9.26657
0 0 0 0 1 9.24767
0 0 0 0 1 9.25181
0 0 0 0 1 9.24233
0 0 0 0 1 9.24664
0 0 0 0 1 9.19168
0 0 0 0 1 9.13248
0 0 0 0 1 9.14181
0 0 0 0 1 9.03783
0 0 0 0 0 9.02029
0 0 0 0 1 9.07521
0 0 0 0 1 9.06251
0 0 0 0 1 8.92829
0 0 0 0 1 9.06886
0 0 0 0 1 8.9533
0 0 0 0 1 8.87403
0 0 0 0 1 9.00051
0 0 0 0 1 8.94428
0 0 0 0 0 8.95472
0 0 0 0 1 8.84981
0 0 0 0 1 8.90487
0 0 0 0 1 8.79177
0 0 0 0 0 8.87835
0 0 0 0 1 8.80121
0 0 0 0 1 8.84757
0 0 0 0 1 8.74461
0 0 0 0 1 8.75606
0 0 0 0 1 8.79382
0 0 0 0 1 8.74058
0 0 0 0 1 8.64771
0 0 0 0 1 8.6423
0 0 0 0 1 8.71521
0 0 0 0 1 8.62318
0 0 0 0 0 8.60951
0 0 0 0 0 8.72572
0 0 0 0 1 8.57402
0 0 0 0 1 8.58672
0 0 0 0 1 8.63394
0 0 0 0 1 8.67254
0 0 0 0 1 8.54809
0 0 0 0 0 8.52698
0 0 0 0 0 8.54885
0 0 0 0 0 8.51097
0 0 0 0 1 8.62143
0 0 0 0 1 8.47297
0 0 0 0 1 8.4898
0 0 0 0 0 8.75214
0 0 0 0 1 8.85979
0 0 0 0 0 8.96776
0 0 0 0 1 9.00234
0 0 0 0 1 9.15441
0 0 0 0 1 9.47581
0 0 0 0 1 9.51718
0 0 0 0 1 9.75849
0 0 0 0 1 9.83548
0 0 0 0 1 10.0599
0 0 0 0 1 10.1129
0 0 0 0 1 10.4208
0 0 0 0 1 10.5317
0 0 0 0 1 10.7804
0 0 0 0 1 10.8542
0 0 0 0 0 11.1686
0 0 0 0 1 11.3721
0 0 0 0 1 11.4693
0 0 0 0 1 11.7368
0 0 0 0 1 12.0422
0 0 0 0 0 12.3333
0 0 0 0 1 12.5228
0 0 0 0 1 12.7576
0 0 0 0 1 22.8191
0 0 0 0 1 22.5277
0 0 0 0 1 22.9159
0 0 0 0 1 22.5124
0 0 0 0 0 22.88
0 0 0 0 1 22.6816
0 0 0 0 1 22.4839
0 0 0 0 1 22.739
0 0 0 0 1 22.4746
0 0 0 0 1 22.5496
0 0 0 0 0 22.5346
0 0 0 0 1 22.768
0 0 0 0 1 22.4398
0 0 0 0 1 22.3586
0 0 0 0 1 22.7054
0 0 0 0 1 22.2876
0 0 0 0 1 22.6574
0 0 0 0 1 22.6903
0 0 0 0 1 23.2924
0 0 0 0 1 24.2927
0 0 0 0 1 25.3692
0 0 0 0 1 26.055
0 0 0 0 1 36.5633
0 0 0 0 0 36.6939
0 0 0 0 1 36.6431
0 0 0 0 1 36.2293
0 0 0 0 1 36.5745
0 0 0 0 1 38.4107
0 0 0 0 1 52.0146
0 0 0 0 1 51.5307
0 0 0 0 1 51.621
0 0 0 0 1 52.5439
0 0 0 0 1 52.1672
0 0 0 0 1 56.0469
0 0 0 0 1 65.0043
0 0 0 0 1 69.0369
0 0 0 0 1 81.0737
0 0 0 0 0 4.96491
0 0 0 0 0 4.97493
0 0 0 0 0 4.98495
0 0 0 0 0 4.97493
0 0 0 0 0 5.05509
0 0 0 0 0 5.04507
0 0 0 0 0 4.97994
0 0 0 0 0 4.97994
0 0 0 0 0 5.01501
0 0 0 0 0 5.05008
0 0 0 0 0 5.04006
0 0 0 0 0 5.04507
0 0 0 0 1 87.4156
0 0 0 0 1 87.2495
0 0 0 0 0 74.8443
0 0 0 0 1 63.9028
0 0 0 0 0 61.0712
0 0 0 0 1 60.7797
0 0 0 0 1 61.0944
0 0 0 0 1 52.0864
0 0 0 0 1 48.419
0 0 0 0 0 48.2395
0 0 0 0 1 39.0778
0 0 0 0 1 36.6357
0 0 0 0 1 35.9175
0 0 0 0 0 36.0012
0 0 0 0 1 35.4066
0 0 0 0 1 35.8842
0 0 0 0 0 27.7971
0 0 0 0 1 26.8303
0 0 0 0 1 25.6904
0 0 0 0 0 24.8607
0 0 0 0 1 24.6755
0 0 0 0 1 24.7617
0 0 0 0 1 24.7239
0 0 0 0 1 24.4658
0 0 0 0 1 24.8001
0 0 0 0 1 24.4933
0 0 0 0 0 24.7549
0 0 0 0 0 24.7452
0 0 0 0 1 24.982
0 0 0 0 1 18.1635
0 0 0 0 1 17.7565
0 0 0 0 0 17.0542
0 0 0 0 1 16.6943
0 0 0 0 0 16.4076
0 0 0 0 1 15.7525
0 0 0 0 1 15.5009
0 0 0 0 0 15.091
0 0 0 0 0 14.6097
0 0 0 0 1 14.3365
0 0 0 0 0 14.2259
0 0 0 0 1 13.8453
0 0 0 0 1 13.9683
0 0 0 0 1 13.8692
0 0 0 0 1 14.0625
0 0 0 0 1 13.8661
0 0 0 0 1 13.9648
0 0 0 0 1 13.8243
0 0 0 0 1 14.0472
0 0 0 0 1 13.851
0 0 0 0 1 13.979
0 0 0 0 0 14.1193
0 0 0 0 0 14.0777
0 0 0 0 1 14.1204
0 0 0 0 1 13.9409
0 0 0 0 1 14.0686
0 0 0 0 0 14.1967
0 0 0 0 1 14.0316
0 0 0 0 1 14.0332
0 0 0 0 1 14.0492
0 0 0 0 1 14.1957
0 0 0 0 1 14.2549
0 0 0 0 1 14.2747
0 0 0 0 1 14.2777
0 0 0 0 1 14.113
0 0 0 0 1 14.1732
0 0 0 0 1 14.3225
0 0 0 0 1 14.2263
0 0 0 0 1 14.4481
0 0 0 0 0 14.4813
0 0 0 0 1 8.73766
0 0 0 0 1 8.72092
0 0 0 0 1 8.61585
0 0 0 0 0 8.48623
0 0 0 0 1 8.37417
0 0 0 0 1 8.3122
0 0 0 0 1 8.25884
0 0 0 0 1 8.09809
0 0 0 0 1 8.06822
0 0 0 0 0 7.93427
0 0 0 0 0 7.79511
0 0 0 0 0 7.66348
0 0 0 0 1 7.58034
0 0 0 0 1 7.53513
0 0 0 0 1 7.54903
0 0 0 0 0 7.46677
0 0 0 0 0 7.32426
0 0 0 0 1 7.25034
0 0 0 0 1 7.24107
0 0 0 0 1 7.10999
0 0 0 0 1 7.07152
0 0 0 0 1 6.92343
0 0 0 0 0 6.90572
0 0 0 0 1 6.78707
0 0 0 0 1 6.78443
0 0 0 0 1 6.68037
0 0 0 0 1 6.61698
0 0 0 0 1 6.50775
0 0 0 0 1 6.47109
0 0 0 0 1 6.45595
0 0 0 0 1 6.3482
0 0 0 0 0 6.30731
0 0 0 0 1 6.2161
0 0 0 0 1 6.17544
0 0 0 0 0 6.10999
0 0 0 0 1 6.16725
0 0 0 0 1 6.04075
0 0 0 0 1 5.99662
0 0 0 0 1 5.97959
0 0 0 0 1 5.96501
0 0 0 0 1 5.87661
0 0 0 0 1 5.76857
0 0 0 0 1 5.84087
0 0 0 0 1 5.68195
0 0 0 0 1 5.69273
0 0 0 0 0 5.67744
0 0 0 0 1 5.59462
0 0 0 0 1 5.62127
0 0 0 0 0 5.51142
0 0 0 0 1 5.43011
0 0 0 0 1 5.41476
0 0 0 0 1 5.37525
0 0 0 0 1 5.4003
0 0 0 0 1 5.30419
0 0 0 0 0 5.32326
0 0 0 0 1 5.23865
0 0 0 0 0 5.22058
0 0 0 0 0 5.14539
0 0 0 0 1 5.18923
0 0 0 0 1 5.0685
0 0 0 0 1 5.12349
0 0 0 0 1 4.98906
0 0 0 0 0 5.02457
0 0 0 0 1 4.94654
0 0 0 0 0 4.95827
0 0 0 0 0 4.87121
0 0 0 0 1 4.93145
0 0 0 0 1 4.88722
0 0 0 0 1 4.79166
0 0 0 0 1 4.85352
0 0 0 0 1 4.81704
0 0 0 0 1 4.81044
0 0 0 0 1 4.89615
0 0 0 0 1 4.84966
0 0 0 0 0 4.92136
0 0 0 0 1 4.94446
0 0 0 0 1 4.96279
0 0 0 0 0 4.91085
0 0 0 0 1 4.92914
0 0 0 0 0 5.0222
0 0 0 0 1 5.00976
0 0 0 0 0 5.03854
0 0 0 0 1 5.05243
0 0 0 0 0 5.03107
0 0 0 0 0 5.10068
0 0 0 0 1 5.08943
0 0 0 0 0 5.05254
0 0 0 0 1 5.13828
0 0 0 0 0 5.12558
0 0 0 0 0 5.13474
0 0 0 0 0 5.20601
0 0 0 0 0 5.19986
0 0 0 0 1 5.24575
0 0 0 0 1 5.28147
0 0 0 0 1 5.2596
0 0 0 0 0 5.26916
0 0 0 0 0 5.32787
0 0 0 0 1 5.34828
0 0 0 0 0 5.37412
0 0 0 0 0 5.33038
0 0 0 0 1 5.40466
0 0 0 0 1 5.39447
0 0 0 0 1 5.4695
0 0 0 0 1 5.47961
0 0 0 0 1 5.46235
0 0 0 0 1 5.47386
0 0 0 0 1 5.47281
0 0 0 0 1 5.56748
0 0 0 0 0 5.51644
0 0 0 0 0 5.64554
0 0 0 0 1 5.65036
0 0 0 0 1 5.67932
0 0 0 0 1 5.63872
0 0 0 0 1 5.679
0 0 0 0 1 5.77519
0 0 0 0 0 5.75871
0 0 0 0 1 5.79393
0 0 0 0 1 5.8177
0 0 0 0 1 5.89246
0 0 0 0 1 5.82869
0 0 0 0 1 5.83481
0 0 0 0 1 5.86449
0 0 0 0 1 5.99552
0 0 0 0 0 5.92422
0 0 0 0 0 5.98433
0 0 0 0 1 6.07507
0 0 0 0 1 6.05111
0 0 0 0 1 6.08165
0 0 0 0 0 6.12458
0 0 0 0 1 6.20635
0 0 0 0 1 9.58567
0 0 0 0 1 9.44341
0 0 0 0 1 9.35559
0 0 0 0 1 9.33424
0 0 0 0 1 9.29749
0 0 0 0 1 9.32315
0 0 0 0 1 9.2554
0 0 0 0 1 9.38929
0 0 0 0 1 9.24153
0 0 0 0 0 9.17463
0 0 0 0 0 9.10813
0 0 0 0 1 9.22546
0 0 0 0 1 9.15007
0 0 0 0 1 9.16626
0 0 0 0 1 9.16417
0 0 0 0 1 8.96292
0 0 0 0 1 8.99759
0 0 0 0 1 9.06477
0 0 0 0 1 8.91947
0 0 0 0 1 9.03123
0 0 0 0 0 8.90472
0 0 0 0 0 8.83238
0 0 0 0 1 8.84031
0 0 0 0 0 8.88357
0 0 0 0 1 8.86158
0 0 0 0 0 8.86943
0 0 0 0 1 8.77211
0 0 0 0 0 8.81723
0 0 0 0 1 8.79909
0 0 0 0 1 8.72554
0 0 0 0 1 8.65581
0 0 0 0 1 8.67825
0 0 0 0 1 8.65227
0 0 0 0 1 8.68328
0 0 0 0 1 8.58889
0 0 0 0 1 8.56861
0 0 0 0 0 8.54346
0 0 0 0 1 8.43835
0 0 0 0 1 8.54616
0 0 0 0 1 8.49248
0 0 0 0 1 8.39682
0 0 0 0 0 8.38603
0 0 0 0 1 8.47994
0 0 0 0 1 8.44396
0 0 0 0 1 8.38308
0 0 0 0 1 8.30583
0 0 0 0 1 8.32069
0 0 0 0 0 8.32265
0 0 0 0 0 8.2629
0 0 0 0 1 8.30282
0 0 0 0 1 8.28104
0 0 0 0 1 8.26317
0 0 0 0 1 8.16317
0 0 0 0 0 8.26075
0 0 0 0 1 8.25968
0 0 0 0 1 8.19328
0 0 0 0 1 8.11092
0 0 0 0 1 8.17558
0 0 0 0 1 8.11816
0 0 0 0 1 8.04485
0 0 0 0 1 8.0205
0 0 0 0 0 8.13365
0 0 0 0 1 8.03687
0 0 0 0 1 8.08131
0 0 0 0 1 8.08154
0 0 0 0 1 8.00973
0 0 0 0 0 8.04232
0 0 0 0 0 7.99504
0 0 0 0 1 8.02357
0 0 0 0 1 7.9528
0 0 0 0 1 8.02543
0 0 0 0 1 7.93929
0 0 0 0 1 7.98026
0 0 0 0 0 7.8904
0 0 0 0 1 7.95522
0 0 0 0 1 7.9254
0 0 0 0 1 7.89139
0 0 0 0 0 7.89683
0 0 0 0 0 7.77345
0 0 0 0 1 7.86204
0 0 0 0 1 7.80977
0 0 0 0 1 7.79223
0 0 0 0 1 7.73267
0 0 0 0 1 7.84466
0 0 0 0 0 7.69531
0 0 0 0 1 7.69089
0 0 0 0 1 7.73612
