0 0 0 0 1 5.51406
0 0 0 0 1 5.58979
0 0 0 0 1 5.51004
0 0 0 0 1 5.51623
0 0 0 0 0 5.60935
0 0 0 0 1 5.60226
0 0 0 0 1 5.64468
0 0 0 0 0 5.57614
0 0 0 0 1 5.58835
0 0 0 0 1 5.66021
0 0 0 0 0 5.60292
0 0 0 0 1 5.69784
0 0 0 0 0 5.63146
0 0 0 0 1 5.70426
0 0 0 0 1 5.72075
0 0 0 0 1 5.62585
0 0 0 0 1 5.63671
0 0 0 0 1 5.6591
0 0 0 0 1 5.67025
0 0 0 0 0 5.68542
0 0 0 0 1 5.67387
0 0 0 0 0 5.67957
0 0 0 0 1 5.71413
0 0 0 0 1 5.80651
0 0 0 0 1 5.73376
0 0 0 0 1 5.72837
0 0 0 0 1 5.78097
0 0 0 0 0 5.79323
0 0 0 0 0 5.80562
0 0 0 0 1 5.78316
0 0 0 0 1 5.88337
0 0 0 0 1 5.80418
0 0 0 0 1 5.883
0 0 0 0 1 5.82555
0 0 0 0 1 5.89739
0 0 0 0 1 5.94012
0 0 0 0 1 5.94764
0 0 0 0 0 5.87822
0 0 0 0 0 5.88575
0 0 0 0 1 5.97076
0 0 0 0 1 5.91898
0 0 0 0 1 6.01056
0 0 0 0 1 6.03793
0 0 0 0 0 5.9501
0 0 0 0 1 6.06052
0 0 0 0 0 6.09308
0 0 0 0 1 6.08839
0 0 0 0 1 6.01211
0 0 0 0 1 6.06321
0 0 0 0 1 6.13289
0 0 0 0 1 6.08683
0 0 0 0 1 6.08959
0 0 0 0 1 6.17736
0 0 0 0 1 6.16915
0 0 0 0 1 6.22161
0 0 0 0 0 6.12587
0 0 0 0 0 6.15374
0 0 0 0 1 6.19323
0 0 0 0 1 6.22149
0 0 0 0 0 6.21864
0 0 0 0 0 6.2839
0 0 0 0 1 6.25606
0 0 0 0 1 6.2912
0 0 0 0 1 6.31388
0 0 0 0 1 6.36841
0 0 0 0 1 6.35246
0 0 0 0 1 6.37555
0 0 0 0 1 6.35956
0 0 0 0 1 6.36356
0 0 0 0 1 6.39255
0 0 0 0 0 6.42252
0 0 0 0 1 6.47137
0 0 0 0 1 6.43671
0 0 0 0 0 6.53878
0 0 0 0 1 6.56948
0 0 0 0 1 6.51445
0 0 0 0 1 6.53802
0 0 0 0 1 6.58221
0 0 0 0 1 6.59289
0 0 0 0 1 6.63024
0 0 0 0 1 6.71455
0 0 0 0 1 6.7263
0 0 0 0 1 6.70455
0 0 0 0 0 6.76289
0 0 0 0 1 6.81487
0 0 0 0 0 6.79934
0 0 0 0 1 6.86538
0 0 0 0 1 6.84983
0 0 0 0 1 6.91645
0 0 0 0 1 6.88022
0 0 0 0 1 6.95426
0 0 0 0 1 6.97373
0 0 0 0 1 6.93718
0 0 0 0 1 7.01902
0 0 0 0 1 6.99626
0 0 0 0 1 7.09289
0 0 0 0 1 7.01311
0 0 0 0 1 7.12465
0 0 0 0 0 7.13724
0 0 0 0 1 7.17844
0 0 0 0 1 7.22705
0 0 0 0 1 7.15347
0 0 0 0 1 7.18003
0 0 0 0 1 7.25803
0 0 0 0 1 7.37265
0 0 0 0 0 7.26866
0 0 0 0 0 7.38405
0 0 0 0 1 7.36809
0 0 0 0 1 7.44008
0 0 0 0 1 7.49022
0 0 0 0 0 7.5186
0 0 0 0 1 7.59179
0 0 0 0 1 7.53713
0 0 0 0 1 7.55006
0 0 0 0 1 7.69289
0 0 0 0 0 7.57625
0 0 0 0 1 7.71974
0 0 0 0 0 7.7099
0 0 0 0 1 7.73858
0 0 0 0 1 7.73614
0 0 0 0 1 7.78099
0 0 0 0 1 7.91994
0 0 0 0 1 7.94103
0 0 0 0 0 7.95458
0 0 0 0 0 7.96753
0 0 0 0 1 7.98891
0 0 0 0 1 8.09093
0 0 0 0 1 8.07213
0 0 0 0 0 8.1012
0 0 0 0 1 8.2537
0 0 0 0 1 8.18468
0 0 0 0 1 8.21392
0 0 0 0 1 8.3686
0 0 0 0 1 8.32325
0 0 0 0 1 8.36117
0 0 0 0 1 8.40762
0 0 0 0 1 8.46275
0 0 0 0 1 8.50958
0 0 0 0 0 8.60887
0 0 0 0 1 8.59584
0 0 0 0 1 8.6771
0 0 0 0 1 8.79463
0 0 0 0 1 8.71003
0 0 0 0 1 8.82034
0 0 0 0 0 8.98313
0 0 0 0 1 8.96846
0 0 0 0 0 9.09719
0 0 0 0 1 8.98229
0 0 0 0 1 9.13088
0 0 0 0 0 9.17891
0 0 0 0 1 9.1901
0 0 0 0 0 9.1916
0 0 0 0 0 9.35249
0 0 0 0 1 9.37164
0 0 0 0 0 9.52399
0 0 0 0 1 9.47658
0 0 0 0 1 9.61961
0 0 0 0 0 9.6879
0 0 0 0 1 9.68716
0 0 0 0 1 9.82264
0 0 0 0 1 9.78194
0 0 0 0 1 9.9893
0 0 0 0 1 9.9463
0 0 0 0 1 10.1547
0 0 0 0 0 10.2017
0 0 0 0 1 10.2603
0 0 0 0 1 10.307
0 0 0 0 1 10.3949
0 0 0 0 1 10.4953
0 0 0 0 0 10.4895
0 0 0 0 1 10.5566
0 0 0 0 1 10.6858
0 0 0 0 1 10.6675
0 0 0 0 1 10.7433
0 0 0 0 1 9.25937
0 0 0 0 1 9.3653
0 0 0 0 1 9.22556
0 0 0 0 1 9.30353
0 0 0 0 1 9.13703
0 0 0 0 1 9.18743
0 0 0 0 1 9.15055
0 0 0 0 1 9.16425
0 0 0 0 1 9.19168
0 0 0 0 1 9.02311
0 0 0 0 1 9.05085
0 0 0 0 0 9.15579
0 0 0 0 0 8.98406
0 0 0 0 0 8.99386
0 0 0 0 1 8.96332
0 0 0 0 1 9.00929
0 0 0 0 1 9.05988
0 0 0 0 0 9.00707
0 0 0 0 1 8.89192
0 0 0 0 1 8.85765
0 0 0 0 0 8.81956
0 0 0 0 1 8.90136
0 0 0 0 0 8.83206
0 0 0 0 0 8.79854
0 0 0 0 1 8.77408
0 0 0 0 0 8.7548
0 0 0 0 1 8.73954
0 0 0 0 1 8.72444
0 0 0 0 0 8.70071
0 0 0 0 1 8.77359
0 0 0 0 1 8.83757
0 0 0 0 1 8.81917
0 0 0 0 1 8.80463
0 0 0 0 1 8.74673
0 0 0 0 1 8.6457
0 0 0 0 1 8.71861
0 0 0 0 1 8.59219
0 0 0 0 1 8.68248
0 0 0 0 1 8.71218
0 0 0 0 0 8.55224
0 0 0 0 1 8.69419
0 0 0 0 0 8.50923
0 0 0 0 1 8.50518
0 0 0 0 0 8.55269
0 0 0 0 0 8.47183
0 0 0 0 1 8.51097
0 0 0 0 0 8.54461
0 0 0 0 1 8.45592
0 0 0 0 1 8.56698
0 0 0 0 1 8.62164
0 0 0 0 1 8.87744
0 0 0 0 1 8.90505
0 0 0 0 1 9.08418
0 0 0 0 0 9.28373
0 0 0 0 1 9.43828
0 0 0 0 0 9.45043
0 0 0 0 1 9.64232
0 0 0 0 1 9.94378
0 0 0 0 1 9.9998
0 0 0 0 1 10.1129
0 0 0 0 1 10.4001
0 0 0 0 1 10.4684
0 0 0 0 1 10.6301
0 0 0 0 1 10.9308
0 0 0 0 1 11.2132
0 0 0 0 1 11.463
0 0 0 0 1 11.6663
0 0 0 0 1 11.7132
0 0 0 0 1 11.9698
0 0 0 0 1 12.1979
0 0 0 0 0 12.6737
0 0 0 0 1 12.7319
0 0 0 0 1 22.6146
0 0 0 0 0 22.6639
0 0 0 0 0 22.7571
0 0 0 0 1 22.8751
0 0 0 0 1 22.5629
0 0 0 0 1 22.4326
0 0 0 0 0 22.5518
0 0 0 0 1 22.3774
0 0 0 0 0 22.7682
0 0 0 0 0 22.3464
0 0 0 0 1 22.4444
0 0 0 0 0 22.6553
0 0 0 0 0 22.4398
0 0 0 0 1 22.3586
0 0 0 0 1 22.6604
0 0 0 0 1 22.535
0 0 0 0 0 22.3203
0 0 0 0 1 22.5106
0 0 0 0 1 23.13
0 0 0 0 1 24.2203
0 0 0 0 1 24.9171
0 0 0 0 1 26.1336
0 0 0 0 1 36.5269
0 0 0 0 1 36.7303
0 0 0 0 1 36.4975
0 0 0 0 1 36.2656
0 0 0 0 0 36.1378
0 0 0 0 1 38.5648
0 0 0 0 0 51.7543
0 0 0 0 0 52.5717
0 0 0 0 1 51.5169
0 0 0 0 1 52.3358
0 0 0 0 1 52.3753
0 0 0 0 1 56.8926
0 0 0 0 1 65.0043
0 0 0 0 1 69.2459
0 0 0 0 1 82.3827
0 0 0 0 0 5.03004
0 0 0 0 0 5.03004
0 0 0 0 0 4.9599
0 0 0 0 0 4.98996
0 0 0 0 0 4.9599
0 0 0 0 0 4.97493
0 0 0 0 0 4.97994
0 0 0 0 0 4.97994
0 0 0 0 0 4.97493
0 0 0 0 0 5.05008
0 0 0 0 0 4.99497
0 0 0 0 0 4.97493
0 0 0 0 1 88.1164
0 0 0 0 1 86.8115
0 0 0 0 0 75.2952
0 0 0 0 1 63.9028
0 0 0 0 1 60.8896
0 0 0 0 0 60.7192
0 0 0 0 1 61.155
0 0 0 0 1 52.0864
0 0 0 0 1 47.5553
0 0 0 0 1 48.2395
0 0 0 0 0 38.8814
0 0 0 0 1 36.783
0 0 0 0 1 35.7748
0 0 0 0 0 35.3946
0 0 0 0 0 35.8349
0 0 0 0 1 36.0628
0 0 0 0 0 27.9094
0 0 0 0 1 27.0447
0 0 0 0 1 25.8186
0 0 0 0 0 24.4668
0 0 0 0 1 24.8233
0 0 0 0 1 24.7617
0 0 0 0 0 24.8472
0 0 0 0 0 24.4658
0 0 0 0 1 24.4793
0 0 0 0 1 24.8884
0 0 0 0 1 24.5078
0 0 0 0 1 24.5722
0 0 0 0 1 24.6852
0 0 0 0 0 18.1271
0 0 0 0 1 17.7742
0 0 0 0 1 17.2949
0 0 0 0 0 16.6775
0 0 0 0 1 16.4402
0 0 0 0 1 15.7842
0 0 0 0 1 15.3306
0 0 0 0 1 15.1666
0 0 0 0 1 14.6539
0 0 0 0 1 14.5529
0 0 0 0 1 14.0708
0 0 0 0 1 13.762
0 0 0 0 0 14.0239
0 0 0 0 0 14.0222
0 0 0 0 1 13.8675
0 0 0 0 1 14.0473
0 0 0 0 1 13.9089
0 0 0 0 1 13.8522
0 0 0 0 1 14.0052
0 0 0 0 1 14.0468
0 0 0 0 1 13.895
0 0 0 0 0 13.9791
0 0 0 0 1 13.9233
0 0 0 0 1 14.1204
0 0 0 0 1 13.9972
0 0 0 0 1 14.1531
0 0 0 0 1 14.1826
0 0 0 0 1 14.1445
0 0 0 0 0 14.0756
0 0 0 0 0 14.2332
0 0 0 0 0 14.1249
0 0 0 0 1 14.0563
0 0 0 0 0 14.0901
0 0 0 0 1 14.1355
0 0 0 0 1 14.1414
0 0 0 0 1 14.273
0 0 0 0 1 14.2654
0 0 0 0 0 14.4122
0 0 0 0 1 14.2763
0 0 0 0 1 14.4382
0 0 0 0 1 8.77297
0 0 0 0 0 8.68607
0 0 0 0 1 8.63305
0 0 0 0 0 8.48623
0 0 0 0 1 8.39934
0 0 0 0 1 8.36193
0 0 0 0 1 8.20968
0 0 0 0 0 8.06573
0 0 0 0 1 7.98826
0 0 0 0 1 7.84735
0 0 0 0 0 7.86548
0 0 0 0 1 7.77163
0 0 0 0 1 7.62619
0 0 0 0 0 7.48223
0 0 0 0 1 7.44439
0 0 0 0 1 7.38537
0 0 0 0 1 7.2584
0 0 0 0 1 7.17791
0 0 0 0 1 7.22673
0 0 0 0 1 7.13838
0 0 0 0 1 7.02939
0 0 0 0 1 6.90256
0 0 0 0 1 6.90572
0 0 0 0 1 6.79389
0 0 0 0 1 6.82498
0 0 0 0 0 6.64021
0 0 0 0 1 6.67002
0 0 0 0 0 6.50775
0 0 0 0 1 6.51661
0 0 0 0 0 6.38501
0 0 0 0 1 6.32904
0 0 0 0 0 6.36431
0 0 0 0 1 6.2161
0 0 0 0 1 6.27504
0 0 0 0 0 6.15319
0 0 0 0 0 6.09383
0 0 0 0 0 6.07108
0 0 0 0 1 6.06285
0 0 0 0 1 5.92588
0 0 0 0 0 5.86431
0 0 0 0 1 5.859
0 0 0 0 1 5.79188
0 0 0 0 1 5.78883
0 0 0 0 0 5.77378
0 0 0 0 1 5.70979
0 0 0 0 1 5.60972
0 0 0 0 1 5.55542
0 0 0 0 0 5.56005
0 0 0 0 1 5.48381
0 0 0 0 1 5.53422
0 0 0 0 0 5.48543
0 0 0 0 1 5.37525
0 0 0 0 1 5.33051
0 0 0 0 1 5.35745
0 0 0 0 0 5.32855
0 0 0 0 1 5.22291
0 0 0 0 1 5.23622
0 0 0 0 1 5.18684
0 0 0 0 1 5.17894
0 0 0 0 1 5.1043
0 0 0 0 0 5.1032
0 0 0 0 0 5.08985
0 0 0 0 1 5.04463
0 0 0 0 1 5.01129
0 0 0 0 0 4.98796
0 0 0 0 1 4.94494
0 0 0 0 1 4.89727
0 0 0 0 1 4.9018
0 0 0 0 0 4.79649
0 0 0 0 1 4.78129
0 0 0 0 0 4.84118
0 0 0 0 1 4.87826
0 0 0 0 1 4.85239
0 0 0 0 1 4.90328
0 0 0 0 1 4.94092
0 0 0 0 1 4.87081
0 0 0 0 1 4.92337
0 0 0 0 1 4.96026
0 0 0 0 1 4.92418
0 0 0 0 1 4.96744
0 0 0 0 1 4.97483
0 0 0 0 0 4.98345
0 0 0 0 0 4.98708
0 0 0 0 1 5.07144
0 0 0 0 1 5.02977
0 0 0 0 1 5.05893
0 0 0 0 1 5.09337
0 0 0 0 0 5.1434
0 0 0 0 1 5.08963
0 0 0 0 1 5.18629
0 0 0 0 0 5.21636
0 0 0 0 1 5.19986
0 0 0 0 1 5.18839
0 0 0 0 1 5.28147
0 0 0 0 1 5.2596
0 0 0 0 1 5.30608
0 0 0 0 0 5.29607
0 0 0 0 1 5.32699
0 0 0 0 1 5.3581
0 0 0 0 0 5.39473
0 0 0 0 1 5.35083
0 0 0 0 1 5.36201
0 0 0 0 1 5.39346
0 0 0 0 1 5.41963
0 0 0 0 1 5.48972
0 0 0 0 1 5.47386
0 0 0 0 1 5.53355
0 0 0 0 1 5.58413
0 0 0 0 1 5.62231
0 0 0 0 1 5.58953
0 0 0 0 0 5.59976
0 0 0 0 1 5.6002
0 0 0 0 1 5.65574
0 0 0 0 0 5.6961
0 0 0 0 1 5.71796
0 0 0 0 0 5.74145
0 0 0 0 1 5.7361
0 0 0 0 1 5.82933
0 0 0 0 1 5.89246
0 0 0 0 1 5.82869
0 0 0 0 1 5.935
0 0 0 0 1 5.93558
0 0 0 0 1 5.95979
0 0 0 0 1 6.0439
0 0 0 0 1 6.06853
0 0 0 0 1 5.99649
0 0 0 0 1 6.06933
0 0 0 0 1 6.08776
0 0 0 0 1 6.19822
0 0 0 0 1 6.12607
0 0 0 0 1 9.49048
0 0 0 0 0 9.55718
0 0 0 0 1 9.52569
0 0 0 0 1 9.36249
0 0 0 0 1 9.47574
0 0 0 0 1 9.3138
0 0 0 0 1 9.27405
0 0 0 0 1 9.25914
0 0 0 0 0 9.29709
0 0 0 0 1 9.18386
0 0 0 0 1 9.29214
0 0 0 0 1 9.1521
0 0 0 0 1 9.15007
0 0 0 0 1 9.02958
0 0 0 0 1 9.14601
0 0 0 0 0 9.12588
0 0 0 0 1 9.05173
0 0 0 0 1 9.01076
0 0 0 0 1 8.92844
0 0 0 0 1 9.00438
0 0 0 0 0 8.83334
0 0 0 0 1 8.86795
0 0 0 0 1 8.80484
0 0 0 0 0 8.87474
0 0 0 0 1 8.88803
0 0 0 0 1 8.76395
0 0 0 0 1 8.67571
0 0 0 0 1 8.73851
0 0 0 0 1 8.65084
0 0 0 0 1 8.61244
0 0 0 0 1 8.75122
0 0 0 0 0 8.7042
0 0 0 0 1 8.64364
0 0 0 0 1 8.62304
0 0 0 0 0 8.56315
0 0 0 0 1 8.58573
0 0 0 0 0 8.44958
0 0 0 0 0 8.60014
0 0 0 0 1 8.45271
0 0 0 0 1 8.40773
0 0 0 0 1 8.39682
0 0 0 0 0 8.45352
0 0 0 0 0 8.4547
0 0 0 0 1 8.34324
0 0 0 0 1 8.43333
0 0 0 0 0 8.37267
0 0 0 0 1 8.25399
0 0 0 0 1 8.33097
0 0 0 0 1 8.31268
0 0 0 0 1 8.30282
0 0 0 0 1 8.29757
0 0 0 0 1 8.18895
0 0 0 0 1 8.20432
0 0 0 0 0 8.27718
0 0 0 0 1 8.21871
0 0 0 0 1 8.25869
0 0 0 0 0 8.11092
0 0 0 0 1 8.15929
0 0 0 0 1 8.06127
0 0 0 0 1 8.14217
0 0 0 0 1 8.02859
0 0 0 0 1 8.06096
0 0 0 0 0 8.03687
0 0 0 0 1 8.01692
0 0 0 0 1 8.00121
0 0 0 0 1 8.08188
0 0 0 0 0 7.9463
0 0 0 0 1 8.00303
0 0 0 0 1 7.93584
0 0 0 0 0 8.04037
0 0 0 0 1 7.92214
0 0 0 0 1 7.96309
0 0 0 0 0 7.88526
0 0 0 0 1 7.91412
0 0 0 0 1 7.88419
0 0 0 0 1 7.95692
0 0 0 0 1 7.87566
0 0 0 0 0 7.8654
0 0 0 0 1 7.89895
0 0 0 0 0 7.76025
0 0 0 0 1 7.88012
0 0 0 0 0 7.80004
0 0 0 0 1 7.81842
0 0 0 0 1 7.84466
0 0 0 0 1 7.80414
0 0 0 0 1 7.78402
0 0 0 0 1 7.79814
