0 0 0 0 1 5.56953
0 0 0 0 1 5.51755
0 0 0 0 1 5.55457
0 0 0 0 1 5.60538
0 0 0 0 1 5.61493
0 0 0 0 1 5.55194
0 0 0 0 1 5.53838
0 0 0 0 0 5.59295
0 0 0 0 1 5.6164
0 0 0 0 1 5.5759
0 0 0 0 1 5.64234
0 0 0 0 1 5.65271
0 0 0 0 1 5.671
0 0 0 0 1 5.60806
0 0 0 0 1 5.6924
0 0 0 0 1 5.63153
0 0 0 0 1 5.73909
0 0 0 0 1 5.72179
0 0 0 0 1 5.72735
0 0 0 0 1 5.68542
0 0 0 0 0 5.76548
0 0 0 0 1 5.67957
0 0 0 0 1 5.73137
0 0 0 0 1 5.7201
0 0 0 0 1 5.82605
0 0 0 0 1 5.73415
0 0 0 0 1 5.8331
0 0 0 0 1 5.78162
0 0 0 0 0 5.77654
0 0 0 0 1 5.83563
0 0 0 0 0 5.9009
0 0 0 0 1 5.81003
0 0 0 0 1 5.84785
0 0 0 0 1 5.89602
0 0 0 0 1 5.86208
0 0 0 0 1 5.86344
0 0 0 0 1 5.8826
0 0 0 0 1 5.94932
0 0 0 0 1 5.96296
0 0 0 0 1 6.01243
0 0 0 0 1 5.93092
0 0 0 0 1 6.01056
0 0 0 0 1 5.98402
0 0 0 0 1 5.96211
0 0 0 0 1 6.03043
0 0 0 0 0 5.98449
0 0 0 0 1 6.07629
0 0 0 0 1 6.05458
0 0 0 0 1 6.04497
0 0 0 0 0 6.15727
0 0 0 0 0 6.05016
0 0 0 0 1 6.1141
0 0 0 0 1 6.18965
0 0 0 0 1 6.19377
0 0 0 0 1 6.12286
0 0 0 0 1 6.2125
0 0 0 0 1 6.22197
0 0 0 0 1 6.18078
0 0 0 0 1 6.28389
0 0 0 0 1 6.21238
0 0 0 0 1 6.32156
0 0 0 0 1 6.34417
0 0 0 0 1 6.3543
0 0 0 0 1 6.28225
0 0 0 0 1 6.36206
0 0 0 0 0 6.32064
0 0 0 0 1 6.33725
0 0 0 0 0 6.45562
0 0 0 0 0 6.42777
0 0 0 0 1 6.46344
0 0 0 0 1 6.42898
0 0 0 0 0 6.51027
0 0 0 0 1 6.52124
0 0 0 0 0 6.48662
0 0 0 0 1 6.4845
0 0 0 0 1 6.49477
0 0 0 0 0 6.57094
0 0 0 0 1 6.65483
0 0 0 0 1 6.56639
0 0 0 0 1 6.58369
0 0 0 0 0 6.63446
0 0 0 0 1 6.71961
0 0 0 0 0 6.76495
0 0 0 0 1 6.76289
0 0 0 0 1 6.82163
0 0 0 0 0 6.75862
0 0 0 0 1 6.8177
0 0 0 0 1 6.90452
0 0 0 0 1 6.89587
0 0 0 0 1 6.81823
0 0 0 0 1 6.90587
0 0 0 0 0 6.98759
0 0 0 0 1 6.90239
0 0 0 0 0 7.05394
0 0 0 0 1 7.00328
0 0 0 0 1 7.04363
0 0 0 0 1 7.08381
0 0 0 0 0 7.0324
0 0 0 0 1 7.07313
0 0 0 0 1 7.13554
0 0 0 0 1 7.16246
0 0 0 0 0 7.15347
0 0 0 0 1 7.31031
0 0 0 0 1 7.25076
0 0 0 0 1 7.35076
0 0 0 0 0 7.3859
0 0 0 0 1 7.3546
0 0 0 0 1 7.37548
0 0 0 0 1 7.46975
0 0 0 0 0 7.4306
0 0 0 0 1 7.51111
0 0 0 0 0 7.47905
0 0 0 0 1 7.55978
0 0 0 0 1 7.54247
0 0 0 0 1 7.55579
0 0 0 0 0 7.69869
0 0 0 0 1 7.71205
0 0 0 0 1 7.71762
0 0 0 0 0 7.69201
0 0 0 0 1 7.76733
0 0 0 0 1 7.77317
0 0 0 0 1 7.79411
0 0 0 0 1 7.97267
0 0 0 0 1 7.9069
0 0 0 0 0 8.01548
0 0 0 0 1 7.95679
0 0 0 0 1 8.01027
0 0 0 0 1 8.08834
0 0 0 0 0 8.07675
0 0 0 0 1 8.13088
0 0 0 0 0 8.17645
0 0 0 0 1 8.24704
0 0 0 0 1 8.28541
0 0 0 0 1 8.31489
0 0 0 0 0 8.38641
0 0 0 0 1 8.47529
0 0 0 0 0 8.52229
0 0 0 0 1 8.51813
0 0 0 0 1 8.50577
0 0 0 0 1 8.58721
0 0 0 0 0 8.61624
0 0 0 0 1 8.6635
0 0 0 0 1 8.8332
0 0 0 0 1 8.76731
0 0 0 0 1 8.85861
0 0 0 0 1 9.03111
0 0 0 0 1 9.04315
0 0 0 0 1 9.0548
0 0 0 0 1 9.03975
0 0 0 0 1 9.26144
0 0 0 0 1 9.27314
0 0 0 0 1 9.23803
0 0 0 0 1 9.40849
0 0 0 0 1 9.47504
0 0 0 0 1 9.4105
0 0 0 0 1 9.60992
0 0 0 0 1 9.50452
0 0 0 0 0 9.67825
0 0 0 0 1 9.61914
0 0 0 0 1 9.87156
0 0 0 0 1 9.77209
0 0 0 0 1 9.8902
0 0 0 0 1 10.0661
0 0 0 0 0 10.1447
0 0 0 0 1 10.1612
0 0 0 0 1 10.2297
0 0 0 0 1 10.2556
0 0 0 0 1 10.3224
0 0 0 0 1 10.5265
0 0 0 0 0 10.5315
0 0 0 0 1 10.673
0 0 0 0 1 10.5899
0 0 0 0 1 10.6675
0 0 0 0 1 10.7974
0 0 0 0 1 9.29659
0 0 0 0 1 9.18895
0 0 0 0 0 9.22556
0 0 0 0 1 9.21114
0 0 0 0 1 9.25689
0 0 0 0 1 9.2886
0 0 0 0 1 9.23315
0 0 0 0 1 9.14594
0 0 0 0 0 9.05462
0 0 0 0 1 9.03222
0 0 0 0 1 9.1782
0 0 0 0 1 9.0106
0 0 0 0 1 9.04746
0 0 0 0 1 8.94866
0 0 0 0 1 9.1076
0 0 0 0 1 9.07229
0 0 0 0 1 8.93417
0 0 0 0 0 8.8816
0 0 0 0 0 8.97243
0 0 0 0 1 8.94694
0 0 0 0 1 8.97101
0 0 0 0 0 8.82133
0 0 0 0 1 8.85869
0 0 0 0 1 8.91373
0 0 0 0 1 8.88022
0 0 0 0 1 8.76362
0 0 0 0 1 8.74835
0 0 0 0 0 8.76842
0 0 0 0 1 8.76217
0 0 0 0 0 8.81741
0 0 0 0 1 8.77632
0 0 0 0 1 8.78424
0 0 0 0 1 8.64771
0 0 0 0 0 8.61619
0 0 0 0 1 8.75866
0 0 0 0 1 8.62318
0 0 0 0 1 8.64415
0 0 0 0 1 8.60465
0 0 0 0 0 8.58266
0 0 0 0 1 8.67293
0 0 0 0 1 8.63394
0 0 0 0 1 8.67254
0 0 0 0 1 8.4966
0 0 0 0 1 8.50127
0 0 0 0 1 8.59164
0 0 0 0 0 8.46824
0 0 0 0 0 8.519
0 0 0 0 1 8.46444
0 0 0 0 0 8.62701
0 0 0 0 1 8.68254
0 0 0 0 1 8.79802
0 0 0 0 1 8.94984
0 0 0 0 1 9.10237
0 0 0 0 1 9.32068
0 0 0 0 1 9.29755
0 0 0 0 0 9.59347
0 0 0 0 1 9.60359
0 0 0 0 1 9.86502
0 0 0 0 0 9.90971
0 0 0 0 1 10.2758
0 0 0 0 1 10.3691
0 0 0 0 1 10.4473
0 0 0 0 1 10.7053
0 0 0 0 1 10.8324
0 0 0 0 1 11.046
0 0 0 0 1 11.463
0 0 0 0 0 11.5157
0 0 0 0 1 11.855
0 0 0 0 1 12.1024
0 0 0 0 1 12.3579
0 0 0 0 0 12.6988
0 0 0 0 1 12.7962
0 0 0 0 0 22.5691
0 0 0 0 1 22.9137
0 0 0 0 0 22.9159
0 0 0 0 1 22.603
0 0 0 0 1 22.8347
0 0 0 0 1 22.4326
0 0 0 0 1 22.6875
0 0 0 0 0 22.7164
0 0 0 0 0 22.3843
0 0 0 0 1 22.369
0 0 0 0 1 22.512
0 0 0 0 1 22.4524
0 0 0 0 1 22.5524
0 0 0 0 1 22.6287
0 0 0 0 1 22.4579
0 0 0 0 1 22.3326
0 0 0 0 1 22.3877
0 0 0 0 0 22.5555
0 0 0 0 0 23.3156
0 0 0 0 1 24.3409
0 0 0 0 1 25.2185
0 0 0 0 0 26.0812
0 0 0 0 0 36.1627
0 0 0 0 1 36.2206
0 0 0 0 1 36.4975
0 0 0 0 1 36.3384
0 0 0 0 0 36.4653
0 0 0 0 1 38.873
0 0 0 0 1 52.4312
0 0 0 0 1 51.7389
0 0 0 0 0 52.4536
0 0 0 0 1 52.1798
0 0 0 0 1 52.4793
0 0 0 0 1 55.8777
0 0 0 0 0 65.2007
0 0 0 0 1 69.5942
0 0 0 0 1 81.401
0 0 0 0 0 5.0601
0 0 0 0 0 4.96491
0 0 0 0 0 5.03505
0 0 0 0 0 5.04507
0 0 0 0 0 5.00499
0 0 0 0 0 5.02503
0 0 0 0 0 5.0601
0 0 0 0 0 4.9599
0 0 0 0 0 4.96992
0 0 0 0 0 5.03004
0 0 0 0 0 5.05509
0 0 0 0 0 5.03004
0 0 0 0 1 87.766
0 0 0 0 0 87.2495
0 0 0 0 1 75.4455
0 0 0 0 1 64.4774
0 0 0 0 1 60.8896
0 0 0 0 1 60.6587
0 0 0 0 1 60.4889
0 0 0 0 1 52.0349
0 0 0 0 1 47.8432
0 0 0 0 0 47.6155
0 0 0 0 1 39.5884
0 0 0 0 1 37.0039
0 0 0 0 1 35.6322
0 0 0 0 1 35.8228
0 0 0 0 0 35.8349
0 0 0 0 1 35.4915
0 0 0 0 1 28.2463
0 0 0 0 0 26.9375
0 0 0 0 0 25.793
0 0 0 0 1 24.7376
0 0 0 0 1 24.5031
0 0 0 0 1 24.3921
0 0 0 0 1 24.7979
0 0 0 0 1 24.6138
0 0 0 0 1 24.5287
0 0 0 0 0 24.8143
0 0 0 0 0 24.6313
0 0 0 0 1 24.6216
0 0 0 0 1 24.982
0 0 0 0 1 18.3819
0 0 0 0 0 17.7742
0 0 0 0 1 17.3121
0 0 0 0 1 16.5604
0 0 0 0 0 16.4076
0 0 0 0 1 15.8954
0 0 0 0 1 15.6248
0 0 0 0 1 15.1061
0 0 0 0 0 14.9048
0 0 0 0 0 14.3654
0 0 0 0 1 14.24
0 0 0 0 1 13.9564
0 0 0 0 0 13.9683
0 0 0 0 1 13.8135
0 0 0 0 1 13.784
0 0 0 0 1 14.0612
0 0 0 0 1 13.9927
0 0 0 0 1 14.0198
0 0 0 0 0 13.9633
0 0 0 0 1 14.0888
0 0 0 0 0 14.0211
0 0 0 0 1 14.0773
0 0 0 0 1 14.0917
0 0 0 0 0 14.1064
0 0 0 0 1 13.9972
0 0 0 0 1 14.1108
0 0 0 0 1 14.239
0 0 0 0 1 14.0033
0 0 0 0 1 14.0332
0 0 0 0 1 14.1766
0 0 0 0 0 14.224
0 0 0 0 1 14.1556
0 0 0 0 0 14.3457
0 0 0 0 1 14.0929
0 0 0 0 1 14.2696
0 0 0 0 1 14.2303
0 0 0 0 1 14.1511
0 0 0 0 0 14.3121
0 0 0 0 1 14.4624
0 0 0 0 0 14.2662
0 0 0 0 1 8.80827
0 0 0 0 1 8.72092
0 0 0 0 1 8.52987
0 0 0 0 1 8.41828
0 0 0 0 1 8.31543
0 0 0 0 1 8.34535
0 0 0 0 1 8.16871
0 0 0 0 0 8.08191
0 0 0 0 1 7.96427
0 0 0 0 0 7.86315
0 0 0 0 1 7.8733
0 0 0 0 1 7.69438
0 0 0 0 0 7.71025
0 0 0 0 1 7.61071
0 0 0 0 0 7.48923
0 0 0 0 1 7.35577
0 0 0 0 1 7.29499
0 0 0 0 1 7.22136
0 0 0 0 0 7.21956
0 0 0 0 1 7.15257
0 0 0 0 1 7.08557
0 0 0 0 1 6.92343
0 0 0 0 1 6.82998
0 0 0 0 1 6.88256
0 0 0 0 1 6.73713
0 0 0 0 1 6.6469
0 0 0 0 1 6.62361
0 0 0 0 1 6.54059
0 0 0 0 1 6.43857
0 0 0 0 1 6.4753
0 0 0 0 1 6.34181
0 0 0 0 1 6.28832
0 0 0 0 1 6.32284
0 0 0 0 1 6.26259
0 0 0 0 1 6.15319
0 0 0 0 1 6.06935
0 0 0 0 1 6.02862
0 0 0 0 1 5.9906
0 0 0 0 1 5.99153
0 0 0 0 1 5.95909
0 0 0 0 1 5.91771
0 0 0 0 1 5.8618
0 0 0 0 1 5.81774
0 0 0 0 1 5.70491
0 0 0 0 1 5.72117
0 0 0 0 1 5.60972
0 0 0 0 0 5.62262
0 0 0 0 1 5.58788
0 0 0 0 1 5.47828
0 0 0 0 0 5.45203
0 0 0 0 0 5.44738
0 0 0 0 1 5.38065
0 0 0 0 0 5.3842
0 0 0 0 1 5.33615
0 0 0 0 1 5.27564
0 0 0 0 0 5.29115
0 0 0 0 1 5.18407
0 0 0 0 1 5.22311
0 0 0 0 1 5.09657
0 0 0 0 1 5.11964
0 0 0 0 0 5.04232
0 0 0 0 1 5.05457
0 0 0 0 1 5.05466
0 0 0 0 1 4.98639
0 0 0 0 0 4.97312
0 0 0 0 0 4.93511
0 0 0 0 1 4.84844
0 0 0 0 1 4.86779
0 0 0 0 1 4.81579
0 0 0 0 1 4.76685
0 0 0 0 1 4.85083
0 0 0 0 1 4.82013
0 0 0 0 1 4.88643
0 0 0 0 1 4.88866
0 0 0 0 1 4.85287
0 0 0 0 1 4.915
0 0 0 0 1 4.88394
0 0 0 0 1 4.98496
0 0 0 0 1 4.93906
0 0 0 0 1 4.99731
0 0 0 0 0 4.99978
0 0 0 0 1 5.0135
0 0 0 0 1 4.98205
0 0 0 0 1 5.02602
0 0 0 0 1 5.06016
0 0 0 0 1 5.05893
0 0 0 0 0 5.15461
0 0 0 0 1 5.14852
0 0 0 0 1 5.17181
0 0 0 0 1 5.11927
0 0 0 0 1 5.21118
0 0 0 0 1 5.19986
0 0 0 0 1 5.2301
0 0 0 0 1 5.2867
0 0 0 0 1 5.29113
0 0 0 0 1 5.29026
0 0 0 0 1 5.26426
0 0 0 0 1 5.28442
0 0 0 0 1 5.33138
0 0 0 0 0 5.32502
0 0 0 0 1 5.37236
0 0 0 0 1 5.46481
0 0 0 0 1 5.45864
0 0 0 0 1 5.46871
0 0 0 0 0 5.47877
0 0 0 0 1 5.51787
0 0 0 0 1 5.51699
0 0 0 0 1 5.52307
0 0 0 0 1 5.53873
0 0 0 0 1 5.56713
0 0 0 0 1 5.63349
0 0 0 0 1 5.63411
0 0 0 0 1 5.6841
0 0 0 0 1 5.75312
0 0 0 0 1 5.74657
0 0 0 0 1 5.75871
0 0 0 0 1 5.81706
0 0 0 0 1 5.84676
0 0 0 0 0 5.80495
0 0 0 0 1 5.86974
0 0 0 0 0 5.88195
0 0 0 0 1 5.95927
0 0 0 0 1 5.94789
0 0 0 0 1 5.96013
0 0 0 0 1 5.98433
0 0 0 0 1 5.9844
0 0 0 0 1 6.13616
0 0 0 0 1 6.06944
0 0 0 0 0 6.1614
0 0 0 0 1 6.20635
0 0 0 0 1 9.42385
0 0 0 0 1 9.40548
0 0 0 0 1 9.44064
0 0 0 0 1 9.44726
0 0 0 0 1 9.2881
0 0 0 0 0 9.42601
0 0 0 0 1 9.29269
0 0 0 0 0 9.35211
0 0 0 0 1 9.18597
0 0 0 0 1 9.17463
0 0 0 0 0 9.27374
0 0 0 0 1 9.23463
0 0 0 0 1 9.15921
0 0 0 0 1 9.03869
0 0 0 0 1 9.14601
0 0 0 0 1 9.11683
0 0 0 0 0 9.07881
0 0 0 0 1 8.96575
0 0 0 0 0 9.06304
0 0 0 0 0 9.02228
0 0 0 0 1 8.85118
0 0 0 0 0 8.85017
0 0 0 0 1 8.83144
0 0 0 0 1 8.89241
0 0 0 0 0 8.87922
0 0 0 0 0 8.70242
0 0 0 0 1 8.81592
0 0 0 0 1 8.69477
0 0 0 0 1 8.76421
0 0 0 0 1 8.62984
0 0 0 0 1 8.58643
0 0 0 0 1 8.56577
0 0 0 0 1 8.59188
0 0 0 0 0 8.67467
0 0 0 0 1 8.59747
0 0 0 0 1 8.49157
0 0 0 0 0 8.552
0 0 0 0 1 8.42984
0 0 0 0 1 8.43572
0 0 0 0 1 8.55181
0 0 0 0 1 8.48984
0 0 0 0 0 8.42821
0 0 0 0 1 8.47153
0 0 0 0 1 8.41878
0 0 0 0 1 8.31608
0 0 0 0 1 8.4061
0 0 0 0 1 8.4124
0 0 0 0 0 8.30602
0 0 0 0 0 8.2546
0 0 0 0 1 8.26143
0 0 0 0 1 8.34715
0 0 0 0 1 8.1972
0 0 0 0 1 8.18786
0 0 0 0 1 8.2197
0 0 0 0 0 8.20232
0 0 0 0 1 8.15239
0 0 0 0 1 8.12724
0 0 0 0 1 8.13486
0 0 0 0 0 8.11816
0 0 0 0 0 8.15839
0 0 0 0 0 8.14999
0 0 0 0 1 8.06903
0 0 0 0 1 7.9885
0 0 0 0 1 8.12155
0 0 0 0 1 8.07351
0 0 0 0 1 8.03378
0 0 0 0 0 7.93029
0 0 0 0 1 8.05095
0 0 0 0 0 8.05548
0 0 0 0 1 7.93688
0 0 0 0 1 8.00954
0 0 0 0 1 7.99481
0 0 0 0 1 7.87734
0 0 0 0 1 7.82715
0 0 0 0 0 7.8763
0 0 0 0 1 7.80723
0 0 0 0 1 7.82058
0 0 0 0 1 7.88112
0 0 0 0 0 7.85973
0 0 0 0 1 7.86988
0 0 0 0 1 7.77849
0 0 0 0 0 7.8625
0 0 0 0 1 7.81842
0 0 0 0 1 7.72792
0 0 0 0 1 7.79636
0 0 0 0 0 7.83058
0 0 0 0 1 7.72837
