0 0 0 0 1 5.52515
0 0 0 0 1 5.50644
0 0 0 0 1 5.59909
0 0 0 0 1 5.61095
0 0 0 0 1 5.52563
0 0 0 0 1 5.64699
0 0 0 0 1 5.62789
0 0 0 0 1 5.63218
0 0 0 0 1 5.58274
0 0 0 0 1 5.57028
0 0 0 0 1 5.58603
0 0 0 0 1 5.61322
0 0 0 0 1 5.6597
0 0 0 0 1 5.65333
0 0 0 0 0 5.67539
0 0 0 0 0 5.63721
0 0 0 0 1 5.70496
0 0 0 0 0 5.72749
0 0 0 0 1 5.75019
0 0 0 0 1 5.74256
0 0 0 0 1 5.73685
0 0 0 0 1 5.7771
0 0 0 0 1 5.69688
0 0 0 0 0 5.7201
0 0 0 0 1 5.77414
0 0 0 0 1 5.83242
0 0 0 0 1 5.77518
0 0 0 0 1 5.77582
0 0 0 0 0 5.78817
0 0 0 0 1 5.85895
0 0 0 0 0 5.8191
0 0 0 0 1 5.9095
0 0 0 0 1 5.86542
0 0 0 0 1 5.89015
0 0 0 0 1 5.85619
0 0 0 0 1 5.86344
0 0 0 0 0 5.85896
0 0 0 0 1 5.95525
0 0 0 0 1 5.96296
0 0 0 0 1 5.89932
0 0 0 0 1 6.02638
0 0 0 0 0 5.96271
0 0 0 0 1 5.96605
0 0 0 0 1 5.97412
0 0 0 0 0 6.00635
0 0 0 0 1 6.05085
0 0 0 0 0 6.09445
0 0 0 0 1 6.09705
0 0 0 0 1 6.11186
0 0 0 0 0 6.15118
0 0 0 0 0 6.10517
0 0 0 0 1 6.13248
0 0 0 0 1 6.13433
0 0 0 0 1 6.10758
0 0 0 0 0 6.21544
0 0 0 0 1 6.20631
0 0 0 0 1 6.22197
0 0 0 0 0 6.25547
0 0 0 0 1 6.24645
0 0 0 0 1 6.20612
0 0 0 0 1 6.22112
0 0 0 0 0 6.23718
0 0 0 0 1 6.36692
0 0 0 0 1 6.31388
0 0 0 0 1 6.29229
0 0 0 0 1 6.33973
0 0 0 0 1 6.35002
0 0 0 0 1 6.46843
0 0 0 0 1 6.45345
0 0 0 0 1 6.41833
0 0 0 0 1 6.4419
0 0 0 0 0 6.43894
0 0 0 0 1 6.46922
0 0 0 0 1 6.50618
0 0 0 0 1 6.56294
0 0 0 0 1 6.53413
0 0 0 0 1 6.54461
0 0 0 0 0 6.58221
0 0 0 0 1 6.60615
0 0 0 0 1 6.71004
0 0 0 0 1 6.65448
0 0 0 0 0 6.65938
0 0 0 0 0 6.66428
0 0 0 0 0 6.78984
0 0 0 0 1 6.82163
0 0 0 0 1 6.75184
0 0 0 0 0 6.87219
0 0 0 0 1 6.87033
0 0 0 0 1 6.8547
0 0 0 0 1 6.86644
0 0 0 0 0 6.92661
0 0 0 0 1 6.95986
0 0 0 0 0 6.89543
0 0 0 0 0 7.02601
0 0 0 0 1 6.94719
0 0 0 0 1 7.00141
0 0 0 0 1 7.00604
0 0 0 0 1 7.06079
0 0 0 0 1 7.08025
0 0 0 0 0 7.16414
0 0 0 0 1 7.1481
0 0 0 0 1 7.21831
0 0 0 0 1 7.25241
0 0 0 0 0 7.25803
0 0 0 0 1 7.29236
0 0 0 0 1 7.26866
0 0 0 0 1 7.33988
0 0 0 0 0 7.44192
0 0 0 0 0 7.39557
0 0 0 0 0 7.46041
0 0 0 0 1 7.49615
0 0 0 0 1 7.50159
0 0 0 0 1 7.49181
0 0 0 0 1 7.56523
0 0 0 0 1 7.54056
0 0 0 0 1 7.69104
0 0 0 0 0 7.7505
0 0 0 0 1 7.74852
0 0 0 0 1 7.76962
0 0 0 0 1 7.86871
0 0 0 0 1 7.84362
0 0 0 0 0 7.79411
0 0 0 0 0 7.94894
0 0 0 0 1 7.93869
0 0 0 0 1 8.07142
0 0 0 0 1 8.00497
0 0 0 0 1 8.099
0 0 0 0 1 8.05592
0 0 0 0 1 8.12565
0 0 0 0 1 8.12269
0 0 0 0 1 8.30819
0 0 0 0 1 8.32984
0 0 0 0 1 8.33532
0 0 0 0 1 8.34835
0 0 0 0 1 8.44529
0 0 0 0 1 8.47529
0 0 0 0 1 8.47976
0 0 0 0 1 8.53523
0 0 0 0 1 8.56591
0 0 0 0 0 8.58721
0 0 0 0 1 8.64232
0 0 0 0 1 8.82086
0 0 0 0 1 8.8684
0 0 0 0 0 8.77615
0 0 0 0 1 8.85861
0 0 0 0 1 9.01321
0 0 0 0 1 8.99811
0 0 0 0 1 9.12731
0 0 0 0 1 9.15822
0 0 0 0 1 9.10556
0 0 0 0 0 9.25469
0 0 0 0 1 9.32159
0 0 0 0 1 9.35249
0 0 0 0 1 9.47504
0 0 0 0 1 9.50507
0 0 0 0 1 9.5623
0 0 0 0 1 9.65797
0 0 0 0 1 9.58176
0 0 0 0 1 9.68716
0 0 0 0 1 9.86177
0 0 0 0 1 9.92971
0 0 0 0 1 9.95957
0 0 0 0 1 9.95628
0 0 0 0 1 10.1346
0 0 0 0 1 10.0599
0 0 0 0 1 10.2093
0 0 0 0 0 10.2967
0 0 0 0 1 10.3431
0 0 0 0 0 10.4119
0 0 0 0 1 10.542
0 0 0 0 1 10.6836
0 0 0 0 1 10.7072
0 0 0 0 1 10.775
0 0 0 0 1 10.7324
0 0 0 0 1 9.21284
0 0 0 0 1 9.21679
0 0 0 0 1 9.28114
0 0 0 0 1 9.28505
0 0 0 0 1 9.23845
0 0 0 0 0 9.2886
0 0 0 0 1 9.14137
0 0 0 0 1 9.22833
0 0 0 0 1 9.20081
0 0 0 0 1 9.15982
0 0 0 0 1 9.1691
0 0 0 0 1 9.10134
0 0 0 0 1 9.01123
0 0 0 0 1 9.11137
0 0 0 0 1 8.96332
0 0 0 0 1 9.05429
0 0 0 0 1 8.98805
0 0 0 0 1 8.89056
0 0 0 0 1 8.97243
0 0 0 0 1 9.01837
0 0 0 0 1 8.8552
0 0 0 0 1 8.81244
0 0 0 0 1 8.86756
0 0 0 0 0 8.89601
0 0 0 0 1 8.79177
0 0 0 0 1 8.91365
0 0 0 0 1 8.80121
0 0 0 0 1 8.85636
0 0 0 0 0 8.79729
0 0 0 0 0 8.6947
0 0 0 0 1 8.66257
0 0 0 0 1 8.70565
0 0 0 0 1 8.67387
0 0 0 0 1 8.72062
0 0 0 0 1 8.74997
0 0 0 0 1 8.63185
0 0 0 0 1 8.68746
0 0 0 0 1 8.70843
0 0 0 0 0 8.58266
0 0 0 0 1 8.69018
0 0 0 0 0 8.68559
0 0 0 0 1 8.64676
0 0 0 0 1 8.53951
0 0 0 0 1 8.63839
0 0 0 0 0 8.63442
0 0 0 0 1 8.47679
0 0 0 0 0 8.50193
0 0 0 0 1 8.46444
0 0 0 0 1 8.54125
0 0 0 0 1 8.77824
0 0 0 0 1 8.78037
0 0 0 0 1 8.99464
0 0 0 0 1 9.00234
0 0 0 0 1 9.24678
0 0 0 0 1 9.41013
0 0 0 0 1 9.51718
0 0 0 0 1 9.59391
0 0 0 0 1 9.80595
0 0 0 0 0 10.0398
0 0 0 0 1 10.174
0 0 0 0 1 10.338
0 0 0 0 1 10.6373
0 0 0 0 1 10.7697
0 0 0 0 0 10.9527
0 0 0 0 1 11.2243
0 0 0 0 1 11.2812
0 0 0 0 1 11.5041
0 0 0 0 1 11.8314
0 0 0 0 1 11.9578
0 0 0 0 0 12.284
0 0 0 0 0 12.6234
0 0 0 0 1 12.8219
0 0 0 0 1 22.5918
0 0 0 0 1 22.5958
0 0 0 0 1 22.7798
0 0 0 0 1 22.8298
0 0 0 0 1 22.5629
0 0 0 0 1 22.4326
0 0 0 0 1 22.8006
0 0 0 0 1 22.6486
0 0 0 0 0 22.4746
0 0 0 0 1 22.369
0 0 0 0 1 22.7602
0 0 0 0 0 22.6779
0 0 0 0 0 22.5749
0 0 0 0 1 22.7188
0 0 0 0 1 22.2779
0 0 0 0 1 22.3551
0 0 0 0 0 22.635
0 0 0 0 1 22.241
0 0 0 0 1 23.13
0 0 0 0 1 24.1479
0 0 0 0 0 25.1432
0 0 0 0 1 26.3433
0 0 0 0 1 36.1263
0 0 0 0 1 36.5482
0 0 0 0 1 36.0245
0 0 0 0 1 36.6294
0 0 0 0 1 36.6473
0 0 0 0 0 38.2566
0 0 0 0 1 51.7022
0 0 0 0 1 51.7389
0 0 0 0 1 51.7771
0 0 0 0 0 52.3879
0 0 0 0 0 51.8551
0 0 0 0 1 56.3288
0 0 0 0 1 65.6589
0 0 0 0 1 70.3605
0 0 0 0 0 81.6464
0 0 0 0 0 5.04507
0 0 0 0 0 5.00499
0 0 0 0 0 4.99497
0 0 0 0 0 4.96992
0 0 0 0 0 5.03505
0 0 0 0 0 4.96491
0 0 0 0 0 4.97493
0 0 0 0 0 5.05008
0 0 0 0 0 5.03004
0 0 0 0 0 5.0601
0 0 0 0 0 5.02002
0 0 0 0 0 5.03004
0 0 0 0 1 87.6784
0 0 0 0 0 87.2495
0 0 0 0 1 75.8964
0 0 0 0 0 63.2006
0 0 0 0 1 60.1027
0 0 0 0 1 60.2349
0 0 0 0 1 60.7311
0 0 0 0 1 51.1582
0 0 0 0 1 48.3231
0 0 0 0 1 48.3355
0 0 0 0 0 39.4705
0 0 0 0 1 36.783
0 0 0 0 1 35.7035
0 0 0 0 0 35.7157
0 0 0 0 1 36.049
0 0 0 0 0 36.0628
0 0 0 0 1 28.1621
0 0 0 0 1 26.7767
0 0 0 0 1 25.8955
0 0 0 0 1 24.6884
0 0 0 0 1 24.6509
0 0 0 0 0 24.4906
0 0 0 0 1 24.4282
0 0 0 0 1 24.7371
0 0 0 0 1 24.5287
0 0 0 0 1 24.7402
0 0 0 0 1 24.5819
0 0 0 0 1 24.6958
0 0 0 0 1 24.6357
0 0 0 0 0 18.1271
0 0 0 0 1 17.562
0 0 0 0 1 17.2433
0 0 0 0 1 16.8615
0 0 0 0 1 16.3425
0 0 0 0 1 15.816
0 0 0 0 1 15.439
0 0 0 0 1 15.0607
0 0 0 0 1 14.8753
0 0 0 0 0 14.3942
0 0 0 0 0 14.2118
0 0 0 0 0 13.9981
0 0 0 0 1 13.9822
0 0 0 0 0 13.9944
0 0 0 0 0 13.9929
0 0 0 0 1 13.8522
0 0 0 0 1 14.0624
0 0 0 0 1 13.9499
0 0 0 0 1 14.0891
0 0 0 0 0 13.9769
0 0 0 0 1 14.0491
0 0 0 0 1 14.0492
0 0 0 0 1 14.0075
0 0 0 0 1 13.9378
0 0 0 0 1 14.0394
0 0 0 0 1 14.1531
0 0 0 0 1 14.0416
0 0 0 0 1 13.9751
0 0 0 0 0 14.2735
0 0 0 0 0 14.1341
0 0 0 0 1 14.139
0 0 0 0 1 14.2124
0 0 0 0 1 14.1895
0 0 0 0 1 14.2066
0 0 0 0 1 14.2839
0 0 0 0 0 14.3586
0 0 0 0 1 14.1369
0 0 0 0 1 14.3264
0 0 0 0 1 14.1761
0 0 0 0 1 14.2088
0 0 0 0 1 8.8524
0 0 0 0 1 8.64251
0 0 0 0 1 8.56426
0 0 0 0 1 8.5457
0 0 0 0 1 8.41613
0 0 0 0 1 8.32878
0 0 0 0 0 8.21787
0 0 0 0 1 8.07382
0 0 0 0 1 7.98826
0 0 0 0 1 7.83154
0 0 0 0 1 7.74038
0 0 0 0 0 7.74073
0 0 0 0 1 7.62619
0 0 0 0 1 7.48978
0 0 0 0 1 7.46681
0 0 0 0 1 7.37797
0 0 0 0 1 7.38279
0 0 0 0 1 7.21412
0 0 0 0 1 7.11919
0 0 0 0 0 7.02484
0 0 0 0 1 7.08557
0 0 0 0 1 6.97214
0 0 0 0 1 6.82998
0 0 0 0 0 6.75296
0 0 0 0 1 6.80471
0 0 0 0 1 6.72723
0 0 0 0 0 6.69654
0 0 0 0 1 6.59969
0 0 0 0 1 6.56864
0 0 0 0 1 6.40436
0 0 0 0 1 6.36097
0 0 0 0 1 6.29465
0 0 0 0 1 6.34167
0 0 0 0 1 6.16299
0 0 0 0 1 6.14702
0 0 0 0 1 6.09383
0 0 0 0 1 6.1014
0 0 0 0 1 6.05683
0 0 0 0 0 5.96169
0 0 0 0 1 5.90578
0 0 0 0 1 5.86487
0 0 0 0 1 5.8618
0 0 0 0 1 5.7657
0 0 0 0 1 5.75083
0 0 0 0 1 5.63586
0 0 0 0 1 5.70002
0 0 0 0 1 5.62822
0 0 0 0 1 5.53222
0 0 0 0 1 5.48933
0 0 0 0 1 5.46299
0 0 0 0 1 5.39301
0 0 0 0 1 5.35904
0 0 0 0 1 5.33051
0 0 0 0 1 5.35745
0 0 0 0 1 5.34443
0 0 0 0 1 5.20191
0 0 0 0 1 5.2623
0 0 0 0 1 5.13503
0 0 0 0 0 5.11201
0 0 0 0 1 5.0685
0 0 0 0 1 5.05754
0 0 0 0 1 5.04953
0 0 0 0 0 5.0346
0 0 0 0 1 4.95152
0 0 0 0 1 4.92858
0 0 0 0 0 4.87121
0 0 0 0 1 4.84844
0 0 0 0 1 4.87751
0 0 0 0 1 4.84957
0 0 0 0 1 4.83426
0 0 0 0 0 4.87496
0 0 0 0 1 4.81044
0 0 0 0 1 4.86698
0 0 0 0 0 4.91303
0 0 0 0 0 4.86754
0 0 0 0 1 4.89045
0 0 0 0 1 4.89873
0 0 0 0 1 4.96026
0 0 0 0 1 5.00352
0 0 0 0 0 5.00726
0 0 0 0 0 4.9399
0 0 0 0 1 4.96342
0 0 0 0 1 5.03735
0 0 0 0 1 5.01593
0 0 0 0 1 5.0247
0 0 0 0 1 5.05893
0 0 0 0 0 5.14951
0 0 0 0 1 5.09217
0 0 0 0 1 5.18721
0 0 0 0 1 5.12958
0 0 0 0 0 5.19048
0 0 0 0 1 5.16869
0 0 0 0 0 5.24053
0 0 0 0 1 5.22389
0 0 0 0 0 5.29113
0 0 0 0 1 5.28499
0 0 0 0 0 5.27486
0 0 0 0 1 5.34828
0 0 0 0 1 5.37946
0 0 0 0 1 5.37328
0 0 0 0 1 5.34007
0 0 0 0 1 5.39988
0 0 0 0 1 5.41519
0 0 0 0 1 5.4578
0 0 0 0 0 5.51161
0 0 0 0 1 5.46836
0 0 0 0 1 5.55564
0 0 0 0 1 5.60634
0 0 0 0 1 5.61674
0 0 0 0 1 5.55033
0 0 0 0 0 5.67847
0 0 0 0 1 5.66802
0 0 0 0 0 5.7068
0 0 0 0 1 5.64479
0 0 0 0 1 5.68934
0 0 0 0 0 5.81049
0 0 0 0 1 5.82284
0 0 0 0 1 5.77702
0 0 0 0 0 5.85746
0 0 0 0 1 5.8756
0 0 0 0 1 5.85249
0 0 0 0 1 5.93558
0 0 0 0 1 5.93598
0 0 0 0 0 5.94816
0 0 0 0 1 6.06251
0 0 0 0 1 5.9844
0 0 0 0 1 6.05718
0 0 0 0 1 6.16714
0 0 0 0 1 6.19209
0 0 0 0 1 6.13842
0 0 0 0 1 9.47144
0 0 0 0 1 9.56667
0 0 0 0 0 9.47844
0 0 0 0 1 9.32482
0 0 0 0 1 9.46636
0 0 0 0 1 9.44472
0 0 0 0 0 9.40453
0 0 0 0 0 9.28703
0 0 0 0 1 9.34339
0 0 0 0 1 9.15617
0 0 0 0 1 9.16334
0 0 0 0 1 9.14293
0 0 0 0 1 9.10436
0 0 0 0 1 9.14803
0 0 0 0 1 9.11876
0 0 0 0 1 9.14399
0 0 0 0 0 9.07881
0 0 0 0 0 8.96575
0 0 0 0 1 8.95536
0 0 0 0 1 8.90592
0 0 0 0 1 8.95825
0 0 0 0 1 8.9569
0 0 0 0 0 8.92898
0 0 0 0 1 8.75098
0 0 0 0 1 8.75577
0 0 0 0 1 8.87822
0 0 0 0 1 8.68447
0 0 0 0 1 8.79974
0 0 0 0 0 8.76421
0 0 0 0 1 8.70814
0 0 0 0 1 8.71653
0 0 0 0 1 8.71285
0 0 0 0 0 8.54875
0 0 0 0 1 8.62304
0 0 0 0 0 8.50309
0 0 0 0 1 8.60285
0 0 0 0 1 8.552
0 0 0 0 0 8.44687
0 0 0 0 1 8.41873
0 0 0 0 1 8.39077
0 0 0 0 1 8.44756
0 0 0 0 1 8.37759
0 0 0 0 1 8.42105
0 0 0 0 1 8.32645
0 0 0 0 1 8.35796
0 0 0 0 1 8.33089
0 0 0 0 1 8.38739
0 0 0 0 1 8.34759
0 0 0 0 1 8.31268
0 0 0 0 1 8.25315
0 0 0 0 1 8.24798
0 0 0 0 1 8.23843
0 0 0 0 1 8.31129
0 0 0 0 1 8.15401
0 0 0 0 1 8.27607
0 0 0 0 1 8.11151
0 0 0 0 1 8.24148
0 0 0 0 1 8.10229
0 0 0 0 1 8.04502
0 0 0 0 1 8.04485
0 0 0 0 1 8.10143
0 0 0 0 0 8.0448
0 0 0 0 1 8.06911
0 0 0 0 0 8.01692
0 0 0 0 1 8.07351
0 0 0 0 1 8.00171
0 0 0 0 1 8.08234
0 0 0 0 0 8.00303
0 0 0 0 0 8.02357
0 0 0 0 1 7.92892
0 0 0 0 1 7.93803
0 0 0 0 1 7.95516
0 0 0 0 0 7.86151
0 0 0 0 1 7.93784
0 0 0 0 1 7.91576
0 0 0 0 1 7.81511
0 0 0 0 1 7.85992
0 0 0 0 1 7.91255
0 0 0 0 0 7.82835
0 0 0 0 0 7.90903
0 0 0 0 1 7.79413
0 0 0 0 1 7.761
0 0 0 0 0 7.73267
0 0 0 0 1 7.79796
0 0 0 0 1 7.81968
0 0 0 0 0 7.83058
0 0 0 0 1 7.82139
