0 0 0 0 1 5.58063
0 0 0 0 0 5.54533
0 0 0 0 1 5.62136
0 0 0 0 1 5.54409
0 0 0 0 1 5.59261
0 0 0 0 1 5.63581
0 0 0 0 1 5.58314
0 0 0 0 0 5.57053
0 0 0 0 1 5.66129
0 0 0 0 0 5.67145
0 0 0 0 1 5.58039
0 0 0 0 1 5.61886
0 0 0 0 0 5.68795
0 0 0 0 1 5.70992
0 0 0 0 1 5.68106
0 0 0 0 1 5.64288
0 0 0 0 1 5.70496
0 0 0 0 1 5.6648
0 0 0 0 1 5.66454
0 0 0 0 1 5.77113
0 0 0 0 1 5.73685
0 0 0 0 0 5.69678
0 0 0 0 1 5.76586
0 0 0 0 1 5.78923
0 0 0 0 0 5.80298
0 0 0 0 1 5.77462
0 0 0 0 1 5.76359
0 0 0 0 1 5.78743
0 0 0 0 1 5.85216
0 0 0 0 1 5.80648
0 0 0 0 1 5.81326
0 0 0 0 0 5.83344
0 0 0 0 0 5.83613
0 0 0 0 1 5.91364
0 0 0 0 1 5.84442
0 0 0 0 1 5.86344
0 0 0 0 0 5.90625
0 0 0 0 1 5.97303
0 0 0 0 0 5.87981
0 0 0 0 1 5.91718
0 0 0 0 0 5.93688
0 0 0 0 1 5.93879
0 0 0 0 0 5.96006
0 0 0 0 1 5.99814
0 0 0 0 1 5.9582
0 0 0 0 1 6.06895
0 0 0 0 1 6.07629
0 0 0 0 1 6.12131
0 0 0 0 0 6.0328
0 0 0 0 1 6.13289
0 0 0 0 0 6.14183
0 0 0 0 1 6.15698
0 0 0 0 1 6.1958
0 0 0 0 1 6.19377
0 0 0 0 0 6.14755
0 0 0 0 0 6.23106
0 0 0 0 1 6.25919
0 0 0 0 1 6.25547
0 0 0 0 1 6.27765
0 0 0 0 0 6.21238
0 0 0 0 1 6.23368
0 0 0 0 1 6.33788
0 0 0 0 0 6.30382
0 0 0 0 1 6.35184
0 0 0 0 1 6.35572
0 0 0 0 1 6.38429
0 0 0 0 1 6.39469
0 0 0 0 1 6.41079
0 0 0 0 0 6.36356
0 0 0 0 0 6.48921
0 0 0 0 1 6.47421
0 0 0 0 1 6.53621
0 0 0 0 0 6.50823
0 0 0 0 1 6.45403
0 0 0 0 1 6.52372
0 0 0 0 1 6.52101
0 0 0 0 0 6.59728
0 0 0 0 1 6.58221
0 0 0 0 1 6.57302
0 0 0 0 0 6.67014
0 0 0 0 1 6.62778
0 0 0 0 1 6.67945
0 0 0 0 1 6.6777
0 0 0 0 0 6.76963
0 0 0 0 1 6.69994
0 0 0 0 1 6.73826
0 0 0 0 1 6.8177
0 0 0 0 0 6.77463
0 0 0 0 0 6.88901
0 0 0 0 1 6.90777
0 0 0 0 1 6.88513
0 0 0 0 1 6.95293
0 0 0 0 1 7.01372
0 0 0 0 1 6.97014
0 0 0 0 1 6.96822
0 0 0 0 1 6.98734
0 0 0 0 0 7.10502
0 0 0 0 0 7.13175
0 0 0 0 1 7.08738
0 0 0 0 1 7.10694
0 0 0 0 1 7.22705
0 0 0 0 1 7.1967
0 0 0 0 0 7.27412
0 0 0 0 1 7.2217
0 0 0 0 1 7.34346
0 0 0 0 1 7.34193
0 0 0 0 1 7.29571
0 0 0 0 1 7.31641
0 0 0 0 1 7.46975
0 0 0 0 0 7.39334
0 0 0 0 1 7.4363
0 0 0 0 1 7.58428
0 0 0 0 0 7.61265
0 0 0 0 1 7.58041
0 0 0 0 1 7.69289
0 0 0 0 1 7.69104
0 0 0 0 0 7.72743
0 0 0 0 1 7.79488
0 0 0 0 0 7.80067
0 0 0 0 1 7.73614
0 0 0 0 1 7.85927
0 0 0 0 0 7.91208
0 0 0 0 1 7.93312
0 0 0 0 0 8.0261
0 0 0 0 1 8.02347
0 0 0 0 0 8.04511
0 0 0 0 1 8.099
0 0 0 0 1 8.08023
0 0 0 0 1 8.12565
0 0 0 0 1 8.22095
0 0 0 0 1 8.30819
0 0 0 0 1 8.23876
0 0 0 0 1 8.27709
0 0 0 0 1 8.42363
0 0 0 0 1 8.42846
0 0 0 0 1 8.37379
0 0 0 0 0 8.53079
0 0 0 0 1 8.47537
0 0 0 0 1 8.52295
0 0 0 0 1 8.56993
0 0 0 0 1 8.64232
0 0 0 0 0 8.68098
0 0 0 0 1 8.8332
0 0 0 0 1 8.87337
0 0 0 0 0 8.82304
0 0 0 0 1 9.00426
0 0 0 0 1 9.04315
0 0 0 0 1 9.13638
0 0 0 0 1 9.06709
0 0 0 0 1 9.17891
0 0 0 0 1 9.15319
0 0 0 0 0 9.34016
0 0 0 0 1 9.29648
0 0 0 0 0 9.38104
0 0 0 0 1 9.49562
0 0 0 0 1 9.49563
0 0 0 0 1 9.58124
0 0 0 0 1 9.72649
0 0 0 0 1 9.72602
0 0 0 0 1 9.80307
0 0 0 0 1 9.79179
0 0 0 0 0 9.94966
0 0 0 0 0 9.90635
0 0 0 0 0 9.97375
0 0 0 0 1 10.222
0 0 0 0 1 10.1787
0 0 0 0 1 10.2454
0 0 0 0 1 10.457
0 0 0 0 1 10.4848
0 0 0 0 1 10.437
0 0 0 0 1 10.6836
0 0 0 0 0 10.6325
0 0 0 0 1 10.6353
0 0 0 0 1 10.9382
0 0 0 0 1 9.38034
0 0 0 0 1 9.19823
0 0 0 0 0 9.2904
0 0 0 0 1 9.14647
0 0 0 0 1 9.22923
0 0 0 0 0 9.18743
0 0 0 0 1 9.12301
0 0 0 0 1 9.06354
0 0 0 0 1 9.1734
0 0 0 0 1 9.13248
0 0 0 0 0 9.00537
0 0 0 0 1 9.15579
0 0 0 0 1 9.11991
0 0 0 0 1 9.02098
0 0 0 0 1 8.99038
0 0 0 0 0 8.98229
0 0 0 0 1 8.88928
0 0 0 0 1 8.99811
0 0 0 0 1 8.89192
0 0 0 0 1 9.00051
0 0 0 0 0 8.88192
0 0 0 0 1 8.91915
0 0 0 0 1 8.93858
0 0 0 0 1 8.83398
0 0 0 0 1 8.77408
0 0 0 0 1 8.74597
0 0 0 0 0 8.82764
0 0 0 0 1 8.71565
0 0 0 0 0 8.79729
0 0 0 0 1 8.74729
0 0 0 0 0 8.73257
0 0 0 0 1 8.66199
0 0 0 0 1 8.79591
0 0 0 0 0 8.78155
0 0 0 0 1 8.61094
0 0 0 0 1 8.60583
0 0 0 0 1 8.74809
0 0 0 0 1 8.72572
0 0 0 0 1 8.58266
0 0 0 0 1 8.56948
0 0 0 0 1 8.68559
0 0 0 0 1 8.52642
0 0 0 0 1 8.55668
0 0 0 0 1 8.50127
0 0 0 0 1 8.47183
0 0 0 0 1 8.53661
0 0 0 0 1 8.56168
0 0 0 0 1 8.56673
0 0 0 0 1 8.5927
0 0 0 0 1 8.61294
0 0 0 0 1 8.7539
0 0 0 0 1 9.02151
0 0 0 0 1 9.12056
0 0 0 0 1 9.24678
0 0 0 0 1 9.31631
0 0 0 0 1 9.4695
0 0 0 0 1 9.76817
0 0 0 0 1 9.89456
0 0 0 0 1 9.93974
0 0 0 0 1 10.2554
0 0 0 0 1 10.4105
0 0 0 0 1 10.6373
0 0 0 0 1 10.7482
0 0 0 0 1 10.8761
0 0 0 0 1 11.1128
0 0 0 0 1 11.2699
0 0 0 0 1 11.562
0 0 0 0 1 11.8669
0 0 0 0 1 12.1024
0 0 0 0 1 12.3948
0 0 0 0 1 12.6737
0 0 0 0 1 12.7576
0 0 0 0 1 22.6373
0 0 0 0 1 22.9364
0 0 0 0 1 22.7571
0 0 0 0 1 22.535
0 0 0 0 1 22.88
0 0 0 0 1 22.7948
0 0 0 0 1 22.4839
0 0 0 0 1 22.7164
0 0 0 0 1 22.3843
0 0 0 0 0 22.685
0 0 0 0 1 22.3316
0 0 0 0 1 22.7229
0 0 0 0 1 22.7327
0 0 0 0 1 22.4486
0 0 0 0 1 22.3679
0 0 0 0 1 22.3326
0 0 0 0 1 22.5451
0 0 0 0 1 22.5106
0 0 0 0 0 22.9676
0 0 0 0 1 24.0997
0 0 0 0 1 25.2185
0 0 0 0 1 25.9764
0 0 0 0 1 36.3812
0 0 0 0 1 36.5482
0 0 0 0 1 36.2064
0 0 0 0 1 36.0838
0 0 0 0 0 36.1742
0 0 0 0 1 38.7189
0 0 0 0 1 51.546
0 0 0 0 1 51.6348
0 0 0 0 1 52.0893
0 0 0 0 1 52.5439
0 0 0 0 1 52.2192
0 0 0 0 1 55.8777
0 0 0 0 0 65.2661
0 0 0 0 1 69.5246
0 0 0 0 1 82.3009
0 0 0 0 0 5.04507
0 0 0 0 0 5.0601
0 0 0 0 0 5.03505
0 0 0 0 0 5.02002
0 0 0 0 0 5.05509
0 0 0 0 0 5.02503
0 0 0 0 0 4.98495
0 0 0 0 0 5.05509
0 0 0 0 0 4.99497
0 0 0 0 0 5.01501
0 0 0 0 0 4.98495
0 0 0 0 0 4.98996
0 0 0 0 1 87.2405
0 0 0 0 1 88.4759
0 0 0 0 0 74.694
0 0 0 0 1 63.5198
0 0 0 0 1 60.8896
0 0 0 0 1 60.7192
0 0 0 0 1 60.9733
0 0 0 0 1 51.1582
0 0 0 0 1 48.467
0 0 0 0 1 48.2875
0 0 0 0 1 39.1564
0 0 0 0 0 36.5621
0 0 0 0 1 35.9175
0 0 0 0 1 35.4303
0 0 0 0 1 35.942
0 0 0 0 1 35.5629
0 0 0 0 1 28.0217
0 0 0 0 1 26.7231
0 0 0 0 0 25.8186
0 0 0 0 1 24.7622
0 0 0 0 1 24.774
0 0 0 0 1 24.7124
0 0 0 0 1 24.4035
0 0 0 0 1 24.4165
0 0 0 0 1 24.5781
0 0 0 0 1 24.518
0 0 0 0 1 24.8537
0 0 0 0 0 24.7452
0 0 0 0 1 24.512
0 0 0 0 1 18.2181
0 0 0 0 1 17.6504
0 0 0 0 0 17.3293
0 0 0 0 1 16.6106
0 0 0 0 1 16.4239
0 0 0 0 1 15.8319
0 0 0 0 0 15.5164
0 0 0 0 1 15.0607
0 0 0 0 1 14.7425
0 0 0 0 1 14.5385
0 0 0 0 1 14.2259
0 0 0 0 1 13.9981
0 0 0 0 0 13.8849
0 0 0 0 1 13.8692
0 0 0 0 1 13.8815
0 0 0 0 1 13.8383
0 0 0 0 1 13.9927
0 0 0 0 1 14.0477
0 0 0 0 1 14.117
0 0 0 0 1 14.0328
0 0 0 0 0 14.1051
0 0 0 0 1 13.937
0 0 0 0 1 13.9654
0 0 0 0 1 13.9097
0 0 0 0 0 14.0534
0 0 0 0 1 14.0122
0 0 0 0 1 14.239
0 0 0 0 1 13.9751
0 0 0 0 1 14.2028
0 0 0 0 0 14.1766
0 0 0 0 1 14.2524
0 0 0 0 1 14.1131
0 0 0 0 1 14.2321
0 0 0 0 1 14.1071
0 0 0 0 0 14.113
0 0 0 0 1 14.1732
0 0 0 0 1 14.2225
0 0 0 0 1 14.3121
0 0 0 0 0 14.3622
0 0 0 0 0 14.2805
0 0 0 0 0 8.83475
0 0 0 0 1 8.62508
0 0 0 0 0 8.63305
0 0 0 0 1 8.41828
0 0 0 0 1 8.4413
0 0 0 0 1 8.27905
0 0 0 0 1 8.26703
0 0 0 0 1 8.12236
0 0 0 0 1 8.00425
0 0 0 0 1 7.91057
0 0 0 0 1 7.8733
0 0 0 0 1 7.69438
0 0 0 0 0 7.63383
0 0 0 0 1 7.52757
0 0 0 0 1 7.54903
0 0 0 0 1 7.43717
0 0 0 0 1 7.24377
0 0 0 0 1 7.30828
0 0 0 0 1 7.10485
0 0 0 0 1 7.06032
0 0 0 0 1 7.00832
0 0 0 0 1 6.98606
0 0 0 0 1 6.84375
0 0 0 0 1 6.82799
0 0 0 0 1 6.73037
0 0 0 0 1 6.68706
0 0 0 0 0 6.65676
0 0 0 0 1 6.61939
0 0 0 0 1 6.4906
0 0 0 0 1 6.42371
0 0 0 0 1 6.41206
0 0 0 0 1 6.28198
0 0 0 0 1 6.29144
0 0 0 0 1 6.23769
0 0 0 0 0 6.20874
0 0 0 0 1 6.17337
0 0 0 0 0 6.02256
0 0 0 0 1 6.05683
0 0 0 0 1 5.97959
0 0 0 0 1 5.87616
0 0 0 0 1 5.88248
0 0 0 0 1 5.80936
0 0 0 0 1 5.80618
0 0 0 0 1 5.71639
0 0 0 0 0 5.69842
0 0 0 0 1 5.66615
0 0 0 0 1 5.57782
0 0 0 0 1 5.61014
0 0 0 0 1 5.51142
0 0 0 0 1 5.49586
0 0 0 0 1 5.38758
0 0 0 0 1 5.42927
0 0 0 0 1 5.36272
0 0 0 0 0 5.3468
0 0 0 0 1 5.25447
0 0 0 0 1 5.2649
0 0 0 0 1 5.22579
0 0 0 0 0 5.17648
0 0 0 0 1 5.16864
0 0 0 0 1 5.08896
0 0 0 0 1 5.06769
0 0 0 0 1 5.02938
0 0 0 0 0 4.96941
0 0 0 0 1 4.97144
0 0 0 0 0 4.92858
0 0 0 0 1 4.94985
0 0 0 0 1 4.86797
0 0 0 0 0 4.89694
0 0 0 0 1 4.78201
0 0 0 0 1 4.77166
0 0 0 0 0 4.81222
0 0 0 0 1 4.87341
0 0 0 0 1 4.82322
0 0 0 0 0 4.90328
0 0 0 0 1 4.87244
0 0 0 0 1 4.89045
0 0 0 0 1 4.96279
0 0 0 0 1 4.89109
0 0 0 0 1 4.95393
0 0 0 0 1 4.9326
0 0 0 0 1 4.99978
0 0 0 0 0 4.96342
0 0 0 0 1 4.97702
0 0 0 0 1 5.0563
0 0 0 0 0 5.03483
0 0 0 0 1 5.08943
0 0 0 0 1 5.07296
0 0 0 0 1 5.17414
0 0 0 0 0 5.18208
0 0 0 0 1 5.20691
0 0 0 0 0 5.13356
0 0 0 0 1 5.17388
0 0 0 0 1 5.16753
0 0 0 0 1 5.26053
0 0 0 0 1 5.27537
0 0 0 0 1 5.32191
0 0 0 0 0 5.25366
0 0 0 0 1 5.28974
0 0 0 0 0 5.29399
0 0 0 0 1 5.32502
0 0 0 0 0 5.43158
0 0 0 0 1 5.3566
0 0 0 0 0 5.41519
0 0 0 0 1 5.4469
0 0 0 0 0 5.52803
0 0 0 0 1 5.49586
0 0 0 0 1 5.50042
0 0 0 0 1 5.53418
0 0 0 0 1 5.52201
0 0 0 0 0 5.54472
0 0 0 0 0 5.61663
0 0 0 0 1 5.66236
0 0 0 0 1 5.66709
0 0 0 0 1 5.6961
0 0 0 0 1 5.74657
0 0 0 0 1 5.78747
0 0 0 0 1 5.8344
0 0 0 0 1 5.87001
0 0 0 0 1 5.77578
0 0 0 0 1 5.89906
0 0 0 0 1 5.94089
0 0 0 0 1 5.89411
0 0 0 0 1 6.00147
0 0 0 0 1 6.03792
0 0 0 0 1 5.96027
0 0 0 0 1 6.06298
0 0 0 0 1 6.12401
0 0 0 0 0 6.08165
0 0 0 0 0 6.17368
0 0 0 0 1 6.1446
0 0 0 0 0 9.57615
0 0 0 0 1 9.49082
0 0 0 0 1 9.39339
0 0 0 0 1 9.42843
0 0 0 0 1 9.41945
0 0 0 0 1 9.38861
0 0 0 0 1 9.37657
0 0 0 0 1 9.27773
0 0 0 0 1 9.18597
0 0 0 0 0 9.13771
0 0 0 0 1 9.21854
0 0 0 0 1 9.17961
0 0 0 0 1 9.15921
0 0 0 0 1 9.15714
0 0 0 0 0 9.15509
0 0 0 0 1 8.98102
0 0 0 0 1 9.09686
0 0 0 0 1 9.07378
0 0 0 0 1 8.91947
0 0 0 0 1 8.92382
0 0 0 0 1 8.94933
0 0 0 0 1 8.9569
0 0 0 0 1 8.83144
0 0 0 0 1 8.7775
0 0 0 0 1 8.78222
0 0 0 0 1 8.82548
0 0 0 0 1 8.702
0 0 0 0 1 8.79974
0 0 0 0 1 8.64212
0 0 0 0 1 8.76903
0 0 0 0 1 8.73387
0 0 0 0 1 8.67825
0 0 0 0 1 8.59188
0 0 0 0 1 8.61443
0 0 0 0 1 8.53741
0 0 0 0 1 8.61141
0 0 0 0 1 8.61174
0 0 0 0 1 8.48093
0 0 0 0 1 8.42723
0 0 0 0 1 8.50096
0 0 0 0 1 8.4983
0 0 0 0 1 8.44508
0 0 0 0 0 8.47153
0 0 0 0 1 8.46075
0 0 0 0 1 8.39146
0 0 0 0 1 8.33089
0 0 0 0 0 8.30402
0 0 0 0 1 8.30602
0 0 0 0 1 8.37075
0 0 0 0 1 8.34421
0 0 0 0 1 8.19839
0 0 0 0 1 8.1972
0 0 0 0 1 8.1714
0 0 0 0 0 8.19506
0 0 0 0 1 8.2351
0 0 0 0 1 8.23416
0 0 0 0 1 8.15172
0 0 0 0 1 8.07786
0 0 0 0 1 8.19942
0 0 0 0 1 8.05296
0 0 0 0 1 8.03668
0 0 0 0 1 8.15788
0 0 0 0 1 8.09329
0 0 0 0 1 7.98472
0 0 0 0 1 7.95301
0 0 0 0 1 8.06585
0 0 0 0 1 8.01031
0 0 0 0 0 7.94712
0 0 0 0 1 7.95179
0 0 0 0 1 7.98464
0 0 0 0 0 8.00954
0 0 0 0 1 7.8917
0 0 0 0 1 7.93276
0 0 0 0 0 7.85087
0 0 0 0 1 7.88419
0 0 0 0 1 7.90177
0 0 0 0 1 7.9386
0 0 0 0 0 7.82611
0 0 0 0 0 7.80482
0 0 0 0 1 7.77591
0 0 0 0 1 7.84104
0 0 0 0 0 7.8547
0 0 0 0 1 7.72488
0 0 0 0 1 7.81353
0 0 0 0 1 7.78082
0 0 0 0 0 7.79178
0 0 0 0 1 7.71287
