0 0 0 0 1 5.59172
0 0 0 0 1 5.58423
0 0 0 0 0 5.61022
0 0 0 0 1 5.54966
0 0 0 0 1 5.61493
0 0 0 0 0 5.55194
0 0 0 0 1 5.62789
0 0 0 0 1 5.64339
0 0 0 0 1 5.58835
0 0 0 0 1 5.58152
0 0 0 0 1 5.61418
0 0 0 0 1 5.59065
0 0 0 0 1 5.68795
0 0 0 0 0 5.6024
0 0 0 0 1 5.65838
0 0 0 0 1 5.64856
0 0 0 0 1 5.74478
0 0 0 0 1 5.71039
0 0 0 0 1 5.73877
0 0 0 0 1 5.7597
0 0 0 0 1 5.76548
0 0 0 0 1 5.75415
0 0 0 0 0 5.8061
0 0 0 0 0 5.77195
0 0 0 0 1 5.75107
0 0 0 0 1 5.8093
0 0 0 0 0 5.73463
0 0 0 0 1 5.86289
0 0 0 0 1 5.78817
0 0 0 0 1 5.84729
0 0 0 0 1 5.88921
0 0 0 0 1 5.86269
0 0 0 0 0 5.85371
0 0 0 0 1 5.86078
0 0 0 0 1 5.83265
0 0 0 0 1 5.95782
0 0 0 0 1 5.89443
0 0 0 0 0 5.9434
0 0 0 0 0 5.94514
0 0 0 0 0 5.91718
0 0 0 0 0 5.97268
0 0 0 0 1 5.96271
0 0 0 0 1 6.01397
0 0 0 0 1 5.9501
0 0 0 0 0 6.01237
0 0 0 0 0 6.04482
0 0 0 0 1 6.08234
0 0 0 0 1 6.08491
0 0 0 0 1 6.02672
0 0 0 0 1 6.13289
0 0 0 0 1 6.14183
0 0 0 0 1 6.17536
0 0 0 0 0 6.17121
0 0 0 0 1 6.20609
0 0 0 0 1 6.12903
0 0 0 0 1 6.24962
0 0 0 0 1 6.24058
0 0 0 0 0 6.1621
0 0 0 0 1 6.19653
0 0 0 0 1 6.26243
0 0 0 0 0 6.23995
0 0 0 0 1 6.35047
0 0 0 0 1 6.2912
0 0 0 0 1 6.3898
0 0 0 0 1 6.34938
0 0 0 0 1 6.327
0 0 0 0 1 6.42022
0 0 0 0 1 6.37237
0 0 0 0 1 6.38282
0 0 0 0 0 6.50855
0 0 0 0 1 6.43544
0 0 0 0 1 6.41949
0 0 0 0 1 6.50823
0 0 0 0 1 6.49966
0 0 0 0 0 6.56294
0 0 0 0 1 6.49477
0 0 0 0 1 6.54461
0 0 0 0 0 6.57561
0 0 0 0 0 6.66578
0 0 0 0 1 6.70339
0 0 0 0 0 6.62111
0 0 0 0 0 6.69953
0 0 0 0 1 6.7381
0 0 0 0 1 6.76289
0 0 0 0 1 6.80135
0 0 0 0 1 6.77219
0 0 0 0 1 6.86538
0 0 0 0 0 6.89768
0 0 0 0 1 6.79981
0 0 0 0 1 6.84578
0 0 0 0 1 6.96117
0 0 0 0 0 6.93907
0 0 0 0 1 6.90935
0 0 0 0 1 6.95617
0 0 0 0 0 7.05936
0 0 0 0 1 7.00845
0 0 0 0 1 7.09088
0 0 0 0 1 7.08207
0 0 0 0 0 7.07313
0 0 0 0 1 7.16414
0 0 0 0 1 7.1194
0 0 0 0 1 7.13907
0 0 0 0 1 7.20175
0 0 0 0 0 7.32342
0 0 0 0 1 7.30696
0 0 0 0 1 7.31995
0 0 0 0 0 7.32515
0 0 0 0 1 7.40501
0 0 0 0 1 7.38073
0 0 0 0 1 7.46787
0 0 0 0 1 7.48867
0 0 0 0 1 7.56924
0 0 0 0 1 7.58999
0 0 0 0 0 7.55006
0 0 0 0 1 7.63958
0 0 0 0 0 7.714
0 0 0 0 0 7.62747
0 0 0 0 0 7.69445
0 0 0 0 1 7.7541
0 0 0 0 1 7.75953
0 0 0 0 0 7.75751
0 0 0 0 1 7.94354
0 0 0 0 1 7.94103
0 0 0 0 0 7.97047
0 0 0 0 0 8.02347
0 0 0 0 0 8.013
0 0 0 0 1 8.03447
0 0 0 0 1 8.11265
0 0 0 0 1 8.2153
0 0 0 0 0 8.10632
0 0 0 0 1 8.15175
0 0 0 0 1 8.33812
0 0 0 0 1 8.26045
0 0 0 0 1 8.41527
0 0 0 0 1 8.37799
0 0 0 0 0 8.54296
0 0 0 0 1 8.43723
0 0 0 0 0 8.58655
0 0 0 0 1 8.52295
0 0 0 0 1 8.64768
0 0 0 0 1 8.70318
0 0 0 0 1 8.75966
0 0 0 0 1 8.76282
0 0 0 0 1 8.84685
0 0 0 0 1 8.84972
0 0 0 0 1 8.91476
0 0 0 0 1 9.06116
0 0 0 0 1 9.10919
0 0 0 0 1 9.03975
0 0 0 0 1 9.11473
0 0 0 0 0 9.24546
0 0 0 0 0 9.21017
0 0 0 0 1 9.28715
0 0 0 0 1 9.35284
0 0 0 0 1 9.4767
0 0 0 0 0 9.45754
0 0 0 0 1 9.65797
0 0 0 0 1 9.6107
0 0 0 0 1 9.80375
0 0 0 0 1 9.75416
0 0 0 0 1 9.91
0 0 0 0 1 9.81092
0 0 0 0 1 9.97625
0 0 0 0 0 10.1246
0 0 0 0 1 10.1106
0 0 0 0 1 10.2093
0 0 0 0 1 10.307
0 0 0 0 1 10.2913
0 0 0 0 1 10.464
0 0 0 0 1 10.563
0 0 0 0 1 10.5672
0 0 0 0 1 10.6752
0 0 0 0 0 10.7642
0 0 0 0 1 10.8949
0 0 0 0 1 9.25937
0 0 0 0 1 9.30961
0 0 0 0 0 9.35524
0 0 0 0 1 9.16495
0 0 0 0 0 9.25689
0 0 0 0 1 9.16904
0 0 0 0 1 9.19644
0 0 0 0 1 9.19171
0 0 0 0 1 9.06376
0 0 0 0 1 9.05957
0 0 0 0 1 9.04175
0 0 0 0 1 9.14672
0 0 0 0 1 9.02935
0 0 0 0 1 9.10233
0 0 0 0 1 8.99939
0 0 0 0 1 8.98229
0 0 0 0 1 9.02397
0 0 0 0 1 8.87264
0 0 0 0 0 8.99927
0 0 0 0 1 8.87551
0 0 0 0 1 8.95319
0 0 0 0 1 8.83911
0 0 0 0 1 8.86756
0 0 0 0 1 8.87829
0 0 0 0 1 8.77408
0 0 0 0 1 8.73715
0 0 0 0 1 8.74835
0 0 0 0 0 8.71565
0 0 0 0 1 8.85875
0 0 0 0 0 8.70347
0 0 0 0 1 8.68882
0 0 0 0 1 8.67073
0 0 0 0 1 8.6913
0 0 0 0 1 8.79025
0 0 0 0 1 8.68045
0 0 0 0 1 8.63185
0 0 0 0 0 8.59219
0 0 0 0 1 8.65654
0 0 0 0 1 8.71218
0 0 0 0 1 8.6988
0 0 0 0 0 8.65976
0 0 0 0 1 8.65535
0 0 0 0 0 8.63392
0 0 0 0 1 8.5784
0 0 0 0 0 8.60875
0 0 0 0 1 8.58788
0 0 0 0 1 8.519
0 0 0 0 1 8.60083
0 0 0 0 0 8.60128
0 0 0 0 1 8.73474
0 0 0 0 1 8.86862
0 0 0 0 1 9.02151
0 0 0 0 1 9.01144
0 0 0 0 1 9.15441
0 0 0 0 1 9.39137
0 0 0 0 1 9.54579
0 0 0 0 1 9.59391
0 0 0 0 0 9.91425
0 0 0 0 1 10.0398
0 0 0 0 1 10.1332
0 0 0 0 1 10.3483
0 0 0 0 1 10.6267
0 0 0 0 1 10.7697
0 0 0 0 1 10.909
0 0 0 0 1 11.1128
0 0 0 0 1 11.2812
0 0 0 0 1 11.4693
0 0 0 0 0 11.7132
0 0 0 0 1 11.9578
0 0 0 0 1 12.3456
0 0 0 0 1 12.6737
0 0 0 0 1 12.9504
0 0 0 0 0 22.5237
0 0 0 0 1 22.5277
0 0 0 0 0 22.5075
0 0 0 0 1 22.603
0 0 0 0 0 22.6762
0 0 0 0 1 22.5458
0 0 0 0 1 22.8459
0 0 0 0 1 22.6712
0 0 0 0 1 22.7231
0 0 0 0 1 22.3916
0 0 0 0 0 22.7827
0 0 0 0 1 22.3623
0 0 0 0 1 22.7101
0 0 0 0 0 22.7413
0 0 0 0 1 22.3679
0 0 0 0 0 22.58
0 0 0 0 1 22.59
0 0 0 0 1 22.6004
0 0 0 0 1 23.3852
0 0 0 0 1 24.0032
0 0 0 0 1 25.1432
0 0 0 0 1 26.3695
0 0 0 0 1 36.2719
0 0 0 0 0 36.3662
0 0 0 0 1 36.4975
0 0 0 0 1 36.7385
0 0 0 0 1 36.4289
0 0 0 0 1 38.3337
0 0 0 0 0 52.1708
0 0 0 0 1 52.3114
0 0 0 0 0 52.3495
0 0 0 0 0 51.5035
0 0 0 0 1 51.5951
0 0 0 0 1 56.1596
0 0 0 0 1 64.8079
0 0 0 0 1 70.0122
0 0 0 0 0 82.3009
0 0 0 0 0 5.0601
0 0 0 0 0 5.05008
0 0 0 0 0 5.02002
0 0 0 0 0 5.01501
0 0 0 0 0 5.04006
0 0 0 0 0 4.98495
0 0 0 0 0 5.00499
0 0 0 0 0 5.02002
0 0 0 0 0 4.97994
0 0 0 0 0 4.99998
0 0 0 0 0 5.03505
0 0 0 0 0 5.03505
0 0 0 0 0 88.4667
0 0 0 0 0 87.9503
0 0 0 0 0 74.9195
0 0 0 0 1 64.0943
0 0 0 0 0 60.8896
0 0 0 0 1 60.5981
0 0 0 0 1 60.7311
0 0 0 0 1 51.2613
0 0 0 0 1 47.6512
0 0 0 0 0 47.5675
0 0 0 0 1 39.3135
0 0 0 0 1 36.5989
0 0 0 0 1 35.5608
0 0 0 0 1 36.0368
0 0 0 0 0 35.4423
0 0 0 0 1 35.3486
0 0 0 0 1 28.1902
0 0 0 0 0 26.5355
0 0 0 0 0 25.8442
0 0 0 0 1 24.8607
0 0 0 0 1 24.8479
0 0 0 0 1 24.4167
0 0 0 0 1 24.8718
0 0 0 0 1 24.4905
0 0 0 0 1 24.6274
0 0 0 0 1 24.8143
0 0 0 0 1 24.9031
0 0 0 0 1 24.6958
0 0 0 0 1 24.8583
0 0 0 0 1 18.1635
0 0 0 0 1 17.615
0 0 0 0 1 17.1746
0 0 0 0 0 16.6273
0 0 0 0 1 16.2284
0 0 0 0 1 15.8477
0 0 0 0 1 15.3306
0 0 0 0 1 15.1817
0 0 0 0 1 14.8458
0 0 0 0 1 14.2788
0 0 0 0 1 14.1695
0 0 0 0 0 13.8731
0 0 0 0 1 13.8154
0 0 0 0 0 13.8135
0 0 0 0 0 13.9511
0 0 0 0 0 13.8522
0 0 0 0 1 14.0764
0 0 0 0 1 13.9918
0 0 0 0 1 13.8515
0 0 0 0 1 14.1168
0 0 0 0 1 14.0211
0 0 0 0 1 14.1053
0 0 0 0 1 13.8952
0 0 0 0 0 14.008
0 0 0 0 1 14.1941
0 0 0 0 0 14.1812
0 0 0 0 1 14.1685
0 0 0 0 1 14.0457
0 0 0 0 1 14.2169
0 0 0 0 0 14.2473
0 0 0 0 1 14.2807
0 0 0 0 1 14.0847
0 0 0 0 1 14.0901
0 0 0 0 1 14.1782
0 0 0 0 1 14.1699
0 0 0 0 1 14.2303
0 0 0 0 1 14.2368
0 0 0 0 1 14.1548
0 0 0 0 0 14.2333
0 0 0 0 1 14.2232
0 0 0 0 1 8.76414
0 0 0 0 1 8.65122
0 0 0 0 1 8.68464
0 0 0 0 1 8.50322
0 0 0 0 1 8.46647
0 0 0 0 1 8.25419
0 0 0 0 1 8.27522
0 0 0 0 1 8.01719
0 0 0 0 1 7.95627
0 0 0 0 0 7.93427
0 0 0 0 1 7.77166
0 0 0 0 1 7.67893
0 0 0 0 0 7.59562
0 0 0 0 0 7.48223
0 0 0 0 1 7.42944
0 0 0 0 1 7.46677
0 0 0 0 0 7.29499
0 0 0 0 0 7.26482
0 0 0 0 0 7.21956
0 0 0 0 0 7.15257
0 0 0 0 1 6.98725
0 0 0 0 1 7.01389
0 0 0 0 1 6.87818
0 0 0 0 0 6.85528
0 0 0 0 1 6.78443
0 0 0 0 1 6.70045
0 0 0 0 0 6.63687
0 0 0 0 1 6.58656
0 0 0 0 1 6.45158
0 0 0 0 1 6.46885
0 0 0 0 1 6.43761
0 0 0 0 1 6.28198
0 0 0 0 1 6.26005
0 0 0 0 1 6.21279
0 0 0 0 0 6.23343
0 0 0 0 0 6.10606
0 0 0 0 1 6.05895
0 0 0 0 1 6.01469
0 0 0 0 1 5.90798
0 0 0 0 0 5.90578
0 0 0 0 1 5.89422
0 0 0 0 1 5.8385
0 0 0 0 1 5.79461
0 0 0 0 1 5.79674
0 0 0 0 1 5.64724
0 0 0 0 1 5.70002
0 0 0 0 1 5.62262
0 0 0 0 1 5.52666
0 0 0 0 1 5.57769
0 0 0 0 1 5.4849
0 0 0 0 1 5.46369
0 0 0 0 1 5.34824
0 0 0 0 1 5.37346
0 0 0 0 1 5.27224
0 0 0 0 1 5.30739
0 0 0 0 0 5.22816
0 0 0 0 1 5.24665
0 0 0 0 1 5.22829
0 0 0 0 1 5.17894
0 0 0 0 0 5.15033
0 0 0 0 1 5.06262
0 0 0 0 1 5.05457
0 0 0 0 1 4.97944
0 0 0 0 1 4.98639
0 0 0 0 0 4.93353
0 0 0 0 0 4.93511
0 0 0 0 1 4.83868
0 0 0 0 0 4.83864
0 0 0 0 1 4.85922
0 0 0 0 1 4.82463
0 0 0 0 1 4.83635
0 0 0 0 0 4.86857
0 0 0 0 1 4.8135
0 0 0 0 1 4.85941
0 0 0 0 1 4.88711
0 0 0 0 1 4.92482
0 0 0 0 1 4.88887
0 0 0 0 1 4.98496
0 0 0 0 1 4.92914
0 0 0 0 1 5.02717
0 0 0 0 1 4.9399
0 0 0 0 1 5.00348
0 0 0 0 0 5.0474
0 0 0 0 1 5.00079
0 0 0 0 1 5.0247
0 0 0 0 1 5.07418
0 0 0 0 1 5.1342
0 0 0 0 1 5.09217
0 0 0 0 1 5.14613
0 0 0 0 1 5.16567
0 0 0 0 0 5.16461
0 0 0 0 1 5.18427
0 0 0 0 1 5.18317
0 0 0 0 0 5.21342
0 0 0 0 1 5.28588
0 0 0 0 1 5.30081
0 0 0 0 1 5.27486
0 0 0 0 1 5.33764
0 0 0 0 0 5.29933
0 0 0 0 1 5.34111
0 0 0 0 0 5.3939
0 0 0 0 1 5.36201
0 0 0 0 1 5.39346
0 0 0 0 1 5.49051
0 0 0 0 0 5.48972
0 0 0 0 0 5.53987
0 0 0 0 1 5.53355
0 0 0 0 1 5.56193
0 0 0 0 1 5.51644
0 0 0 0 1 5.61753
0 0 0 0 1 5.66723
0 0 0 0 1 5.69627
0 0 0 0 1 5.68978
0 0 0 0 1 5.65619
0 0 0 0 1 5.70078
0 0 0 0 1 5.80473
0 0 0 0 0 5.74188
0 0 0 0 0 5.8642
0 0 0 0 1 5.78745
0 0 0 0 0 5.85801
0 0 0 0 1 5.935
0 0 0 0 1 5.9415
0 0 0 0 1 5.96575
0 0 0 0 1 6.00201
0 0 0 0 0 5.96628
0 0 0 0 1 6.02671
0 0 0 0 0 6.05111
0 0 0 0 0 6.07555
0 0 0 0 1 6.19822
0 0 0 0 0 6.20635
0 0 0 0 1 9.56663
0 0 0 0 1 9.45289
0 0 0 0 0 9.51624
0 0 0 0 1 9.35307
0 0 0 0 1 9.4476
0 0 0 0 1 9.38861
0 0 0 0 1 9.31133
0 0 0 0 1 9.34281
0 0 0 0 1 9.23227
0 0 0 0 1 9.21155
0 0 0 0 0 9.11733
0 0 0 0 1 9.12459
0 0 0 0 0 9.15007
0 0 0 0 1 9.16626
0 0 0 0 1 8.9916
0 0 0 0 0 9.12588
0 0 0 0 1 9.07881
0 0 0 0 1 9.05577
0 0 0 0 1 8.95536
0 0 0 0 1 8.99543
0 0 0 0 1 8.98502
0 0 0 0 1 8.90353
0 0 0 0 1 8.87578
0 0 0 0 1 8.81286
0 0 0 0 1 8.85276
0 0 0 0 1 8.74637
0 0 0 0 0 8.77211
0 0 0 0 1 8.72101
0 0 0 0 1 8.79909
0 0 0 0 1 8.78643
0 0 0 0 1 8.58643
0 0 0 0 1 8.60037
0 0 0 0 1 8.71265
0 0 0 0 1 8.62304
0 0 0 0 1 8.52025
0 0 0 0 1 8.52581
0 0 0 0 1 8.48372
0 0 0 0 1 8.54053
0 0 0 0 1 8.52917
0 0 0 0 1 8.46705
0 0 0 0 0 8.4983
0 0 0 0 0 8.38603
0 0 0 0 1 8.35375
0 0 0 0 1 8.41878
0 0 0 0 1 8.43333
0 0 0 0 1 8.34761
0 0 0 0 1 8.37072
0 0 0 0 1 8.38085
0 0 0 0 1 8.31268
0 0 0 0 0 8.32765
0 0 0 0 1 8.19839
0 0 0 0 1 8.27142
0 0 0 0 0 8.25369
0 0 0 0 1 8.2936
0 0 0 0 1 8.14496
0 0 0 0 1 8.11969
0 0 0 0 1 8.19252
0 0 0 0 0 8.11857
0 0 0 0 0 8.09378
0 0 0 0 1 8.15028
0 0 0 0 1 8.03668
0 0 0 0 0 8.08519
0 0 0 0 1 8.06911
0 0 0 0 1 8.05716
0 0 0 0 1 8.01728
0 0 0 0 1 7.93757
0 0 0 0 1 8.08234
0 0 0 0 1 7.93114
0 0 0 0 1 7.99965
0 0 0 0 1 8.00056
0 0 0 0 1 7.8983
0 0 0 0 0 7.90757
0 0 0 0 1 7.86151
0 0 0 0 1 7.83506
0 0 0 0 1 7.91576
0 0 0 0 1 7.83087
0 0 0 0 1 7.93073
0 0 0 0 0 7.90469
0 0 0 0 1 7.87542
0 0 0 0 0 7.90903
0 0 0 0 1 7.77849
0 0 0 0 1 7.73758
0 0 0 0 1 7.85739
0 0 0 0 1 7.80574
0 0 0 0 0 7.80414
0 0 0 0 1 7.83834
0 0 0 0 0 7.69736
