0 0 0 0 0 5.58063
0 0 0 0 1 5.58423
0 0 0 0 1 5.58796
0 0 0 0 0 5.5218
0 0 0 0 1 5.53121
0 0 0 0 1 5.6414
0 0 0 0 1 5.6223
0 0 0 0 0 5.57053
0 0 0 0 1 5.59957
0 0 0 0 0 5.56465
0 0 0 0 1 5.68175
0 0 0 0 1 5.58501
0 0 0 0 1 5.65406
0 0 0 0 1 5.68163
0 0 0 0 1 5.64137
0 0 0 0 1 5.64856
0 0 0 0 1 5.63671
0 0 0 0 0 5.642
0 0 0 0 0 5.7559
0 0 0 0 1 5.73113
0 0 0 0 1 5.73112
0 0 0 0 1 5.71399
0 0 0 0 0 5.70838
0 0 0 0 1 5.78347
0 0 0 0 1 5.82605
0 0 0 0 1 5.72837
0 0 0 0 1 5.74042
0 0 0 0 1 5.82806
0 0 0 0 1 5.81144
0 0 0 0 0 5.77733
0 0 0 0 0 5.83079
0 0 0 0 1 5.89195
0 0 0 0 1 5.80097
0 0 0 0 1 5.90189
0 0 0 0 0 5.86796
0 0 0 0 1 5.90473
0 0 0 0 1 5.96537
0 0 0 0 1 5.93747
0 0 0 0 1 5.99265
0 0 0 0 0 6.01243
0 0 0 0 0 6.00848
0 0 0 0 1 6.0285
0 0 0 0 1 6.01397
0 0 0 0 1 6.04017
0 0 0 0 1 6.07255
0 0 0 0 1 6.05688
0 0 0 0 1 6.05813
0 0 0 0 0 6.10311
0 0 0 0 1 6.14227
0 0 0 0 0 6.08412
0 0 0 0 1 6.1235
0 0 0 0 1 6.10185
0 0 0 0 1 6.15892
0 0 0 0 0 6.15068
0 0 0 0 1 6.22161
0 0 0 0 0 6.16918
0 0 0 0 1 6.23438
0 0 0 0 0 6.2119
0 0 0 0 1 6.22149
0 0 0 0 0 6.29997
0 0 0 0 1 6.29017
0 0 0 0 1 6.28753
0 0 0 0 1 6.32906
0 0 0 0 1 6.28857
0 0 0 0 1 6.38109
0 0 0 0 1 6.40975
0 0 0 0 1 6.43936
0 0 0 0 1 6.34035
0 0 0 0 0 6.38924
0 0 0 0 1 6.43766
0 0 0 0 0 6.40313
0 0 0 0 1 6.42598
0 0 0 0 1 6.45622
0 0 0 0 1 6.58441
0 0 0 0 0 6.51065
0 0 0 0 1 6.55381
0 0 0 0 1 6.56436
0 0 0 0 1 6.60862
0 0 0 0 1 6.66578
0 0 0 0 1 6.69674
0 0 0 0 1 6.62111
0 0 0 0 1 6.64599
0 0 0 0 1 6.69113
0 0 0 0 1 6.7831
0 0 0 0 1 6.81487
0 0 0 0 0 6.84684
0 0 0 0 1 6.86538
0 0 0 0 1 6.81565
0 0 0 0 1 6.88901
0 0 0 0 1 6.86644
0 0 0 0 1 6.975
0 0 0 0 1 6.93907
0 0 0 0 1 6.92326
0 0 0 0 0 6.92125
0 0 0 0 1 7.08039
0 0 0 0 1 7.07178
0 0 0 0 1 7.14036
0 0 0 0 1 7.11756
0 0 0 0 0 7.08025
0 0 0 0 1 7.10694
0 0 0 0 0 7.18399
0 0 0 0 1 7.23992
0 0 0 0 1 7.22346
0 0 0 0 1 7.23623
0 0 0 0 1 7.24856
0 0 0 0 0 7.26133
0 0 0 0 0 7.34724
0 0 0 0 1 7.34594
0 0 0 0 1 7.43266
0 0 0 0 0 7.38588
0 0 0 0 1 7.5186
0 0 0 0 0 7.55421
0 0 0 0 1 7.49181
0 0 0 0 1 7.65629
0 0 0 0 1 7.63196
0 0 0 0 1 7.72931
0 0 0 0 1 7.76588
0 0 0 0 1 7.73307
0 0 0 0 0 7.81619
0 0 0 0 1 7.82192
0 0 0 0 1 7.84362
0 0 0 0 1 7.87276
0 0 0 0 1 7.86194
0 0 0 0 1 7.89101
0 0 0 0 1 8.06343
0 0 0 0 1 8.07723
0 0 0 0 1 8.0022
0 0 0 0 1 8.12076
0 0 0 0 1 8.19085
0 0 0 0 1 8.11451
0 0 0 0 1 8.24232
0 0 0 0 1 8.305
0 0 0 0 1 8.327
0 0 0 0 1 8.41527
0 0 0 0 1 8.42005
0 0 0 0 1 8.50067
0 0 0 0 1 8.43723
0 0 0 0 1 8.54379
0 0 0 0 1 8.51436
0 0 0 0 1 8.60448
0 0 0 0 0 8.62493
0 0 0 0 1 8.69847
0 0 0 0 1 8.8684
0 0 0 0 1 8.74963
0 0 0 0 1 8.84082
0 0 0 0 0 8.94161
0 0 0 0 1 8.98911
0 0 0 0 1 9.0548
0 0 0 0 1 9.03064
0 0 0 0 1 9.20642
0 0 0 0 0 9.13474
0 0 0 0 1 9.21017
0 0 0 0 0 9.24048
0 0 0 0 1 9.40924
0 0 0 0 1 9.36321
0 0 0 0 1 9.48611
0 0 0 0 1 9.61961
0 0 0 0 1 9.6879
0 0 0 0 1 9.81347
0 0 0 0 0 9.85199
0 0 0 0 1 9.82135
0 0 0 0 1 9.97939
0 0 0 0 1 10.0561
0 0 0 0 0 10.0642
0 0 0 0 1 10.0802
0 0 0 0 0 10.2093
0 0 0 0 1 10.3379
0 0 0 0 0 10.4259
0 0 0 0 1 10.3598
0 0 0 0 1 10.4055
0 0 0 0 0 10.5672
0 0 0 0 1 10.6538
0 0 0 0 1 10.7642
0 0 0 0 1 10.8949
0 0 0 0 1 9.32451
0 0 0 0 1 9.34674
0 0 0 0 1 9.27188
0 0 0 0 1 9.32201
0 0 0 0 0 9.31221
0 0 0 0 1 9.25181
0 0 0 0 1 9.0863
0 0 0 0 0 9.10932
0 0 0 0 1 9.19168
0 0 0 0 1 9.16894
0 0 0 0 1 9.04175
0 0 0 0 0 9.05597
0 0 0 0 1 9.13803
0 0 0 0 1 9.05713
0 0 0 0 0 8.99939
0 0 0 0 1 9.01829
0 0 0 0 0 8.91622
0 0 0 0 1 9.03396
0 0 0 0 1 8.90087
0 0 0 0 1 8.87551
0 0 0 0 1 8.98883
0 0 0 0 1 8.87468
0 0 0 0 1 8.84093
0 0 0 0 1 8.83398
0 0 0 0 0 8.90675
0 0 0 0 1 8.85188
0 0 0 0 0 8.8805
0 0 0 0 1 8.73324
0 0 0 0 0 8.70949
0 0 0 0 1 8.80865
0 0 0 0 1 8.70632
0 0 0 0 1 8.79297
0 0 0 0 1 8.70002
0 0 0 0 1 8.6597
0 0 0 0 1 8.67176
0 0 0 0 0 8.62318
0 0 0 0 0 8.73077
0 0 0 0 1 8.70843
0 0 0 0 1 8.68627
0 0 0 0 1 8.67293
0 0 0 0 1 8.5909
0 0 0 0 0 8.58659
0 0 0 0 1 8.61675
0 0 0 0 0 8.55269
0 0 0 0 1 8.61731
0 0 0 0 1 8.52806
0 0 0 0 1 8.45071
0 0 0 0 1 8.46444
0 0 0 0 0 8.64416
0 0 0 0 1 8.71734
0 0 0 0 0 8.78037
0 0 0 0 1 9.03047
0 0 0 0 1 9.00234
0 0 0 0 1 9.31144
0 0 0 0 1 9.36322
0 0 0 0 1 9.63161
0 0 0 0 1 9.72945
0 0 0 0 1 9.9044
0 0 0 0 1 10.0699
0 0 0 0 1 10.0925
0 0 0 0 1 10.2655
0 0 0 0 1 10.6584
0 0 0 0 0 10.6409
0 0 0 0 0 10.9527
0 0 0 0 0 11.0348
0 0 0 0 1 11.463
0 0 0 0 1 11.5504
0 0 0 0 0 11.926
0 0 0 0 0 11.9698
0 0 0 0 0 12.2963
0 0 0 0 1 12.5102
0 0 0 0 1 12.8733
0 0 0 0 1 22.8191
0 0 0 0 1 22.5958
0 0 0 0 1 22.8025
0 0 0 0 1 22.7844
0 0 0 0 1 22.4723
0 0 0 0 1 22.5685
0 0 0 0 1 22.8232
0 0 0 0 1 22.6938
0 0 0 0 1 22.7908
0 0 0 0 1 22.7979
0 0 0 0 1 22.4669
0 0 0 0 1 22.3172
0 0 0 0 1 22.3271
0 0 0 0 0 22.291
0 0 0 0 1 22.4129
0 0 0 0 1 22.2876
0 0 0 0 1 22.2529
0 0 0 0 1 22.5106
0 0 0 0 1 23.3156
0 0 0 0 1 23.9067
0 0 0 0 1 25.1934
0 0 0 0 0 26.055
0 0 0 0 1 36.3812
0 0 0 0 0 36.6574
0 0 0 0 1 36.3156
0 0 0 0 1 36.302
0 0 0 0 0 36.1742
0 0 0 0 1 38.5648
0 0 0 0 1 52.5353
0 0 0 0 1 51.9471
0 0 0 0 1 51.673
0 0 0 0 1 52.3358
0 0 0 0 1 52.0632
0 0 0 0 1 56.8926
0 0 0 0 0 65.0697
0 0 0 0 1 70.2212
0 0 0 0 1 81.7282
0 0 0 0 0 4.97994
0 0 0 0 0 4.96491
0 0 0 0 0 4.97493
0 0 0 0 0 4.97493
0 0 0 0 0 4.99497
0 0 0 0 0 4.98996
0 0 0 0 0 4.97493
0 0 0 0 0 5.03004
0 0 0 0 0 5.04507
0 0 0 0 0 5.04507
0 0 0 0 0 5.03505
0 0 0 0 0 5.03505
0 0 0 0 1 87.4156
0 0 0 0 0 86.9867
0 0 0 0 1 75.5206
0 0 0 0 1 63.9028
0 0 0 0 0 60.9501
0 0 0 0 1 60.356
0 0 0 0 1 61.0944
0 0 0 0 1 51.8802
0 0 0 0 1 47.8912
0 0 0 0 1 47.7595
0 0 0 0 1 39.5491
0 0 0 0 1 36.7462
0 0 0 0 1 35.5608
0 0 0 0 0 35.5016
0 0 0 0 1 35.9777
0 0 0 0 1 36.0628
0 0 0 0 1 27.9375
0 0 0 0 1 26.8571
0 0 0 0 1 25.7673
0 0 0 0 1 24.713
0 0 0 0 1 24.8233
0 0 0 0 1 24.5646
0 0 0 0 1 24.8965
0 0 0 0 0 24.7125
0 0 0 0 1 24.6027
0 0 0 0 1 24.4686
0 0 0 0 0 24.6066
0 0 0 0 1 24.8688
0 0 0 0 1 24.6604
0 0 0 0 1 18.2545
0 0 0 0 1 17.8449
0 0 0 0 1 17.2261
0 0 0 0 1 16.6608
0 0 0 0 1 16.3425
0 0 0 0 0 15.9589
0 0 0 0 0 15.6093
0 0 0 0 1 15.1666
0 0 0 0 1 14.713
0 0 0 0 1 14.4375
0 0 0 0 1 14.24
0 0 0 0 1 13.9564
0 0 0 0 1 13.8015
0 0 0 0 1 13.9248
0 0 0 0 0 13.8258
0 0 0 0 1 13.8522
0 0 0 0 1 13.8252
0 0 0 0 1 13.8662
0 0 0 0 1 13.9493
0 0 0 0 1 14.0049
0 0 0 0 1 13.951
0 0 0 0 1 14.0072
0 0 0 0 1 13.9233
0 0 0 0 1 14.1204
0 0 0 0 1 14.1378
0 0 0 0 0 13.9841
0 0 0 0 0 14.0275
0 0 0 0 1 14.0174
0 0 0 0 0 13.9908
0 0 0 0 1 14.0351
0 0 0 0 1 14.054
0 0 0 0 1 14.0422
0 0 0 0 1 14.2889
0 0 0 0 1 14.2351
0 0 0 0 0 14.1842
0 0 0 0 1 14.1162
0 0 0 0 1 14.1797
0 0 0 0 1 14.4408
0 0 0 0 1 14.2763
0 0 0 0 0 14.3522
0 0 0 0 0 8.8524
0 0 0 0 1 8.64251
0 0 0 0 0 8.63305
0 0 0 0 1 8.44376
0 0 0 0 1 8.43291
0 0 0 0 1 8.21275
0 0 0 0 1 8.20148
0 0 0 0 1 8.06573
0 0 0 0 1 8.01225
0 0 0 0 1 7.91057
0 0 0 0 0 7.88893
0 0 0 0 0 7.74073
0 0 0 0 1 7.62619
0 0 0 0 1 7.61071
0 0 0 0 1 7.54155
0 0 0 0 0 7.47417
0 0 0 0 0 7.39011
0 0 0 0 1 7.30828
0 0 0 0 1 7.19089
0 0 0 0 1 7.16676
0 0 0 0 0 7.03641
0 0 0 0 1 7.00693
0 0 0 0 1 6.87129
0 0 0 0 1 6.7666
0 0 0 0 0 6.72362
0 0 0 0 1 6.73392
0 0 0 0 1 6.6435
0 0 0 0 1 6.58656
0 0 0 0 1 6.45808
0 0 0 0 1 6.48175
0 0 0 0 1 6.36736
0 0 0 0 1 6.26932
0 0 0 0 1 6.31656
0 0 0 0 1 6.18789
0 0 0 0 1 6.14085
0 0 0 0 1 6.06324
0 0 0 0 1 6.1014
0 0 0 0 1 5.97254
0 0 0 0 1 5.91395
0 0 0 0 1 5.89985
0 0 0 0 0 5.859
0 0 0 0 1 5.84432
0 0 0 0 1 5.72521
0 0 0 0 1 5.7623
0 0 0 0 1 5.70411
0 0 0 0 1 5.67744
0 0 0 0 1 5.54422
0 0 0 0 1 5.61014
0 0 0 0 1 5.51694
0 0 0 0 0 5.53422
0 0 0 0 1 5.40389
0 0 0 0 0 5.38065
0 0 0 0 0 5.4003
0 0 0 0 1 5.36277
0 0 0 0 0 5.31268
0 0 0 0 1 5.19666
0 0 0 0 1 5.23622
0 0 0 0 1 5.14021
0 0 0 0 0 5.1326
0 0 0 0 1 5.16056
0 0 0 0 1 5.06769
0 0 0 0 1 5.05457
0 0 0 0 1 4.9995
0 0 0 0 1 4.97144
0 0 0 0 1 4.93848
0 0 0 0 1 4.94985
0 0 0 0 1 4.93145
0 0 0 0 1 4.84836
0 0 0 0 0 4.81097
0 0 0 0 1 4.76685
0 0 0 0 1 4.78808
0 0 0 0 1 4.85404
0 0 0 0 1 4.88157
0 0 0 0 0 4.85454
0 0 0 0 1 4.8969
0 0 0 0 1 4.88554
0 0 0 0 0 4.94308
0 0 0 0 1 4.92567
0 0 0 0 0 4.9341
0 0 0 0 1 4.98238
0 0 0 0 1 4.95487
0 0 0 0 1 5.03854
0 0 0 0 1 5.05746
0 0 0 0 0 5.03611
0 0 0 0 1 5.10068
0 0 0 0 1 5.12502
0 0 0 0 1 5.09847
0 0 0 0 1 5.09217
0 0 0 0 1 5.11531
0 0 0 0 1 5.11411
0 0 0 0 1 5.20601
0 0 0 0 1 5.17908
0 0 0 0 0 5.21968
0 0 0 0 0 5.22912
0 0 0 0 1 5.30164
0 0 0 0 1 5.26389
0 0 0 0 1 5.28016
0 0 0 0 0 5.27378
0 0 0 0 1 5.35275
0 0 0 0 1 5.33038
0 0 0 0 1 5.43696
0 0 0 0 1 5.39988
0 0 0 0 1 5.41519
0 0 0 0 0 5.40873
0 0 0 0 1 5.45688
0 0 0 0 0 5.45185
0 0 0 0 1 5.57773
0 0 0 0 1 5.56193
0 0 0 0 1 5.52201
0 0 0 0 1 5.57273
0 0 0 0 1 5.63912
0 0 0 0 1 5.59455
0 0 0 0 1 5.66709
0 0 0 0 1 5.70751
0 0 0 0 1 5.74085
0 0 0 0 1 5.79323
0 0 0 0 0 5.8344
0 0 0 0 1 5.75959
0 0 0 0 1 5.81079
0 0 0 0 1 5.83455
0 0 0 0 1 5.86427
0 0 0 0 1 5.97112
0 0 0 0 1 5.99552
0 0 0 0 0 6.008
0 0 0 0 1 5.95426
0 0 0 0 1 6.00254
0 0 0 0 1 6.04503
0 0 0 0 1 6.05112
0 0 0 0 0 6.16754
0 0 0 0 1 6.11372
0 0 0 0 1 9.43337
0 0 0 0 0 9.49082
0 0 0 0 1 9.53514
0 0 0 0 1 9.36249
0 0 0 0 1 9.36316
0 0 0 0 1 9.30445
0 0 0 0 1 9.24608
0 0 0 0 0 9.22196
0 0 0 0 1 9.35265
0 0 0 0 1 9.20232
0 0 0 0 1 9.29214
0 0 0 0 1 9.21629
0 0 0 0 1 9.04952
0 0 0 0 1 9.13892
0 0 0 0 1 9.05518
0 0 0 0 1 8.97197
0 0 0 0 0 8.97954
0 0 0 0 1 9.02877
0 0 0 0 0 9.03612
0 0 0 0 1 9.01333
0 0 0 0 1 8.8601
0 0 0 0 1 8.81459
0 0 0 0 1 8.81371
0 0 0 0 1 8.75098
0 0 0 0 1 8.75577
0 0 0 0 0 8.72879
0 0 0 0 0 8.69324
0 0 0 0 1 8.70352
0 0 0 0 1 8.68573
0 0 0 0 1 8.74293
0 0 0 0 0 8.7252
0 0 0 0 1 8.56577
0 0 0 0 0 8.66952
0 0 0 0 1 8.66606
0 0 0 0 1 8.64037
0 0 0 0 1 8.64565
0 0 0 0 0 8.45811
0 0 0 0 1 8.48093
0 0 0 0 1 8.4782
0 0 0 0 1 8.40773
0 0 0 0 1 8.54058
0 0 0 0 1 8.41134
0 0 0 0 0 8.32851
0 0 0 0 1 8.38521
0 0 0 0 0 8.4417
0 0 0 0 0 8.29747
0 0 0 0 1 8.30402
0 0 0 0 1 8.38917
0 0 0 0 1 8.21312
0 0 0 0 1 8.31937
0 0 0 0 0 8.3141
0 0 0 0 1 8.29616
0 0 0 0 0 8.16317
0 0 0 0 0 8.17043
0 0 0 0 1 8.27607
0 0 0 0 1 8.25052
0 0 0 0 1 8.07828
0 0 0 0 1 8.11043
0 0 0 0 1 8.20755
0 0 0 0 1 8.17461
0 0 0 0 1 8.0124
0 0 0 0 1 8.10134
0 0 0 0 1 7.99656
0 0 0 0 0 8.12155
0 0 0 0 1 7.97711
0 0 0 0 1 7.98567
0 0 0 0 1 7.97831
0 0 0 0 0 8.00303
0 0 0 0 0 7.94382
0 0 0 0 1 8.00056
0 0 0 0 1 7.87446
0 0 0 0 1 7.86791
0 0 0 0 1 7.94859
0 0 0 0 1 7.98527
0 0 0 0 0 7.8763
0 0 0 0 1 7.88601
0 0 0 0 1 7.84419
0 0 0 0 1 7.88112
0 0 0 0 1 7.91464
0 0 0 0 1 7.90903
0 0 0 0 1 7.83322
0 0 0 0 1 7.80004
0 0 0 0 1 7.8418
0 0 0 0 1 7.77461
0 0 0 0 1 7.78082
0 0 0 0 1 7.79954
0 0 0 0 1 7.77488
