0 0 0 0 1 5.52515
0 0 0 0 0 5.58423
0 0 0 0 0 5.56013
0 0 0 0 1 5.59424
0 0 0 0 0 5.52563
0 0 0 0 1 5.55194
0 0 0 0 1 5.63908
0 0 0 0 1 5.6546
0 0 0 0 0 5.57152
0 0 0 0 1 5.57028
0 0 0 0 1 5.57476
0 0 0 0 1 5.63579
0 0 0 0 1 5.62016
0 0 0 0 1 5.64767
0 0 0 0 1 5.67539
0 0 0 0 1 5.66559
0 0 0 0 1 5.7334
0 0 0 0 0 5.72179
0 0 0 0 1 5.75019
0 0 0 0 1 5.76542
0 0 0 0 0 5.7712
0 0 0 0 1 5.77136
0 0 0 0 1 5.77161
0 0 0 0 1 5.70282
0 0 0 0 1 5.80875
0 0 0 0 1 5.77462
0 0 0 0 1 5.8389
0 0 0 0 1 5.79904
0 0 0 0 1 5.83471
0 0 0 0 1 5.85895
0 0 0 0 1 5.8191
0 0 0 0 1 5.83929
0 0 0 0 1 5.9123
0 0 0 0 1 5.84317
0 0 0 0 1 5.82676
0 0 0 0 1 5.84574
0 0 0 0 1 5.86487
0 0 0 0 1 5.90192
0 0 0 0 1 5.9689
0 0 0 0 1 5.9648
0 0 0 0 1 5.90705
0 0 0 0 1 5.97467
0 0 0 0 1 5.96006
0 0 0 0 1 5.9441
0 0 0 0 1 5.9883
0 0 0 0 1 5.99656
0 0 0 0 1 6.03393
0 0 0 0 1 6.09705
0 0 0 0 0 6.0328
0 0 0 0 0 6.15727
0 0 0 0 1 6.0685
0 0 0 0 0 6.12023
0 0 0 0 0 6.10975
0 0 0 0 1 6.19993
0 0 0 0 1 6.17841
0 0 0 0 1 6.12587
0 0 0 0 1 6.17855
0 0 0 0 1 6.23057
0 0 0 0 1 6.22149
0 0 0 0 1 6.23115
0 0 0 0 1 6.27134
0 0 0 0 1 6.25606
0 0 0 0 1 6.30382
0 0 0 0 0 6.28857
0 0 0 0 1 6.31766
0 0 0 0 1 6.30154
0 0 0 0 1 6.40107
0 0 0 0 1 6.44922
0 0 0 0 1 6.36356
0 0 0 0 0 6.47633
0 0 0 0 1 6.48713
0 0 0 0 1 6.45191
0 0 0 0 1 6.48873
0 0 0 0 1 6.48662
0 0 0 0 1 6.58255
0 0 0 0 0 6.58005
0 0 0 0 1 6.59069
0 0 0 0 1 6.60862
0 0 0 0 1 6.60615
0 0 0 0 1 6.63024
0 0 0 0 1 6.65448
0 0 0 0 1 6.64599
0 0 0 0 1 6.69784
0 0 0 0 1 6.71574
0 0 0 0 1 6.80135
0 0 0 0 0 6.81291
0 0 0 0 1 6.84494
0 0 0 0 1 6.89084
0 0 0 0 1 6.87528
0 0 0 0 1 6.95597
0 0 0 0 1 6.975
0 0 0 0 1 6.86281
0 0 0 0 1 6.97197
0 0 0 0 1 6.91426
0 0 0 0 1 7.03833
0 0 0 0 1 6.98734
0 0 0 0 1 7.14036
0 0 0 0 0 7.04659
0 0 0 0 1 7.15148
0 0 0 0 1 7.12839
0 0 0 0 1 7.12657
0 0 0 0 1 7.18949
0 0 0 0 1 7.31031
0 0 0 0 1 7.20717
0 0 0 0 1 7.30696
0 0 0 0 0 7.37124
0 0 0 0 1 7.32515
0 0 0 0 1 7.39762
0 0 0 0 0 7.3659
0 0 0 0 1 7.48277
0 0 0 0 0 7.51111
0 0 0 0 1 7.50911
0 0 0 0 1 7.52957
0 0 0 0 1 7.60317
0 0 0 0 1 7.63958
0 0 0 0 0 7.66043
0 0 0 0 1 7.71974
0 0 0 0 0 7.69445
0 0 0 0 1 7.83948
0 0 0 0 1 7.75953
0 0 0 0 1 7.89059
0 0 0 0 1 7.92781
0 0 0 0 0 7.94894
0 0 0 0 1 7.91485
0 0 0 0 0 7.97552
0 0 0 0 1 8.07723
0 0 0 0 0 8.04253
0 0 0 0 1 8.0235
0 0 0 0 1 8.20715
0 0 0 0 1 8.12269
0 0 0 0 1 8.28349
0 0 0 0 0 8.27188
0 0 0 0 1 8.35196
0 0 0 0 1 8.31489
0 0 0 0 1 8.47052
0 0 0 0 1 8.39917
0 0 0 0 1 8.47976
0 0 0 0 1 8.54379
0 0 0 0 1 8.5745
0 0 0 0 1 8.6736
0 0 0 0 0 8.65971
0 0 0 0 1 8.73344
0 0 0 0 1 8.88599
0 0 0 0 1 8.82034
0 0 0 0 1 8.82304
0 0 0 0 1 8.95951
0 0 0 0 1 9.05216
0 0 0 0 0 9.082
0 0 0 0 0 9.14911
0 0 0 0 1 9.11473
0 0 0 0 1 9.13474
0 0 0 0 1 9.22874
0 0 0 0 1 9.42716
0 0 0 0 1 9.33404
0 0 0 0 1 9.43887
0 0 0 0 1 9.48611
0 0 0 0 0 9.63879
0 0 0 0 0 9.60105
0 0 0 0 1 9.73574
0 0 0 0 1 9.82264
0 0 0 0 0 9.77209
0 0 0 0 0 9.91993
0 0 0 0 1 9.93631
0 0 0 0 1 10.024
0 0 0 0 1 10.1714
0 0 0 0 1 10.2093
0 0 0 0 0 10.307
0 0 0 0 1 10.3949
0 0 0 0 1 10.464
0 0 0 0 1 10.437
0 0 0 0 0 10.5989
0 0 0 0 0 10.7712
0 0 0 0 1 10.6568
0 0 0 0 0 10.7433
0 0 0 0 1 9.33381
0 0 0 0 1 9.3653
0 0 0 0 1 9.33671
0 0 0 0 1 9.18343
0 0 0 0 0 9.20157
0 0 0 0 1 9.23342
0 0 0 0 1 9.12301
0 0 0 0 1 9.21918
0 0 0 0 1 9.06376
0 0 0 0 0 9.08691
0 0 0 0 1 9.07814
0 0 0 0 1 9.0106
0 0 0 0 1 9.02935
0 0 0 0 1 9.10233
0 0 0 0 1 9.03546
0 0 0 0 1 8.91029
0 0 0 0 1 9.03294
0 0 0 0 1 8.9533
0 0 0 0 1 8.98138
0 0 0 0 1 8.95587
0 0 0 0 1 8.82847
0 0 0 0 0 8.92804
0 0 0 0 0 8.89419
0 0 0 0 1 8.91373
0 0 0 0 1 8.76524
0 0 0 0 0 8.90483
0 0 0 0 0 8.74835
0 0 0 0 0 8.88275
0 0 0 0 1 8.73583
0 0 0 0 1 8.85247
0 0 0 0 1 8.79382
0 0 0 0 0 8.69692
0 0 0 0 0 8.77848
0 0 0 0 1 8.71192
0 0 0 0 1 8.7239
0 0 0 0 1 8.74463
0 0 0 0 1 8.73077
0 0 0 0 1 8.65654
0 0 0 0 1 8.69491
0 0 0 0 1 8.54362
0 0 0 0 0 8.58229
0 0 0 0 0 8.62097
0 0 0 0 1 8.61675
0 0 0 0 1 8.63839
0 0 0 0 1 8.50606
0 0 0 0 1 8.62206
0 0 0 0 1 8.51046
0 0 0 0 1 8.60083
0 0 0 0 1 8.61843
0 0 0 0 1 8.76084
0 0 0 0 0 8.89509
0 0 0 0 1 9.01255
0 0 0 0 1 9.03872
0 0 0 0 1 9.15441
0 0 0 0 1 9.41952
0 0 0 0 1 9.62208
0 0 0 0 0 9.70041
0 0 0 0 1 9.81579
0 0 0 0 1 9.98979
0 0 0 0 1 10.174
0 0 0 0 1 10.3691
0 0 0 0 1 10.4473
0 0 0 0 1 10.8127
0 0 0 0 1 10.9855
0 0 0 0 1 11.046
0 0 0 0 1 11.4062
0 0 0 0 1 11.4693
0 0 0 0 1 11.7841
0 0 0 0 1 11.9698
0 0 0 0 1 12.2594
0 0 0 0 1 12.4851
0 0 0 0 1 12.9375
0 0 0 0 1 22.5009
0 0 0 0 1 22.8456
0 0 0 0 0 22.8252
0 0 0 0 1 22.4444
0 0 0 0 1 22.6308
0 0 0 0 1 22.4779
0 0 0 0 0 22.8006
0 0 0 0 1 22.4678
0 0 0 0 1 22.3843
0 0 0 0 1 22.4367
0 0 0 0 1 22.512
0 0 0 0 0 22.6328
0 0 0 0 1 22.5749
0 0 0 0 1 22.4936
0 0 0 0 1 22.3229
0 0 0 0 1 22.3551
0 0 0 0 1 22.5001
0 0 0 0 1 22.4881
0 0 0 0 0 23.246
0 0 0 0 1 24.0514
0 0 0 0 0 25.2437
0 0 0 0 0 26.422
0 0 0 0 1 36.3448
0 0 0 0 1 36.1478
0 0 0 0 1 36.0608
0 0 0 0 1 36.7021
0 0 0 0 1 36.7565
0 0 0 0 0 38.1796
0 0 0 0 1 52.5353
0 0 0 0 0 52.5717
0 0 0 0 0 52.4015
0 0 0 0 1 51.5035
0 0 0 0 0 52.2192
0 0 0 0 1 55.8213
0 0 0 0 1 65.1352
0 0 0 0 1 70.2909
0 0 0 0 1 81.5646
0 0 0 0 0 5.05509
0 0 0 0 0 4.97493
0 0 0 0 0 5.02503
0 0 0 0 0 5.05008
0 0 0 0 0 4.96491
0 0 0 0 0 4.97994
0 0 0 0 0 5.02503
0 0 0 0 0 4.97994
0 0 0 0 0 4.96992
0 0 0 0 0 4.96491
0 0 0 0 0 4.99998
0 0 0 0 0 5.00499
0 0 0 0 1 87.0653
0 0 0 0 1 87.3371
0 0 0 0 1 75.4455
0 0 0 0 1 64.222
0 0 0 0 1 60.7685
0 0 0 0 1 60.4165
0 0 0 0 1 60.7917
0 0 0 0 1 51.6223
0 0 0 0 1 48.419
0 0 0 0 1 48.4315
0 0 0 0 1 39.6276
0 0 0 0 1 37.1512
0 0 0 0 0 35.3825
0 0 0 0 0 35.466
0 0 0 0 0 35.7278
0 0 0 0 0 35.4915
0 0 0 0 1 27.8813
0 0 0 0 1 26.7231
0 0 0 0 1 25.3827
0 0 0 0 1 24.4176
0 0 0 0 0 24.577
0 0 0 0 1 24.5399
0 0 0 0 1 24.5021
0 0 0 0 1 24.8851
0 0 0 0 1 24.43
0 0 0 0 1 24.7896
0 0 0 0 1 24.5325
0 0 0 0 0 24.6464
0 0 0 0 1 24.8336
0 0 0 0 1 18.0543
0 0 0 0 1 17.8273
0 0 0 0 1 17.1746
0 0 0 0 1 16.8615
0 0 0 0 1 16.2121
0 0 0 0 1 15.9748
0 0 0 0 1 15.6093
0 0 0 0 1 15.2724
0 0 0 0 1 14.772
0 0 0 0 1 14.2933
0 0 0 0 1 14.1836
0 0 0 0 1 14.0259
0 0 0 0 1 13.9127
0 0 0 0 1 13.897
0 0 0 0 1 13.8119
0 0 0 0 1 14.0334
0 0 0 0 1 13.8113
0 0 0 0 1 13.8662
0 0 0 0 1 13.9353
0 0 0 0 1 13.851
0 0 0 0 1 14.1331
0 0 0 0 1 14.1614
0 0 0 0 1 14.0636
0 0 0 0 1 14.0642
0 0 0 0 1 14.1519
0 0 0 0 1 14.1108
0 0 0 0 1 14.1826
0 0 0 0 0 14.2151
0 0 0 0 1 14.1463
0 0 0 0 1 14.2049
0 0 0 0 0 14.2949
0 0 0 0 1 14.1273
0 0 0 0 1 14.2747
0 0 0 0 0 14.1355
0 0 0 0 1 14.2981
0 0 0 0 0 14.1732
0 0 0 0 0 14.2368
0 0 0 0 1 14.1977
0 0 0 0 1 14.3908
0 0 0 0 1 14.2088
0 0 0 0 1 8.84357
0 0 0 0 1 8.67736
0 0 0 0 1 8.52127
0 0 0 0 1 8.41828
0 0 0 0 1 8.41613
0 0 0 0 0 8.27077
0 0 0 0 0 8.1851
0 0 0 0 1 8.15472
0 0 0 0 1 8.05223
0 0 0 0 1 7.86315
0 0 0 0 0 7.84984
0 0 0 0 1 7.69438
0 0 0 0 1 7.59562
0 0 0 0 1 7.48978
0 0 0 0 1 7.5266
0 0 0 0 1 7.36317
0 0 0 0 1 7.2584
0 0 0 0 1 7.19239
0 0 0 0 1 7.14787
0 0 0 0 1 7.04613
0 0 0 0 1 7.03641
0 0 0 0 1 6.88864
0 0 0 0 1 6.9126
0 0 0 0 1 6.88256
0 0 0 0 1 6.81822
0 0 0 0 1 6.67368
0 0 0 0 1 6.6435
0 0 0 0 1 6.54059
0 0 0 0 1 6.4841
0 0 0 0 0 6.41081
0 0 0 0 1 6.37374
0 0 0 0 0 6.37064
0 0 0 0 1 6.32284
0 0 0 0 0 6.28127
0 0 0 0 1 6.22726
0 0 0 0 0 6.17948
0 0 0 0 0 6.10747
0 0 0 0 1 6.01469
0 0 0 0 1 6.02136
0 0 0 0 1 5.91762
0 0 0 0 0 5.91184
0 0 0 0 1 5.80354
0 0 0 0 1 5.80039
0 0 0 0 1 5.75656
0 0 0 0 1 5.69273
0 0 0 0 1 5.62101
0 0 0 0 1 5.59462
0 0 0 0 1 5.60458
0 0 0 0 1 5.53351
0 0 0 0 0 5.43559
0 0 0 0 1 5.40932
0 0 0 0 1 5.39145
0 0 0 0 0 5.35199
0 0 0 0 1 5.33615
0 0 0 0 1 5.32855
0 0 0 0 1 5.2439
0 0 0 0 1 5.1945
0 0 0 0 1 5.17648
0 0 0 0 1 5.17894
0 0 0 0 1 5.16567
0 0 0 0 1 5.08291
0 0 0 0 1 5.04449
0 0 0 0 0 5.02958
0 0 0 0 1 4.93159
0 0 0 0 0 4.92858
0 0 0 0 1 4.87121
0 0 0 0 1 4.87286
0 0 0 0 1 4.84836
0 0 0 0 0 4.86405
0 0 0 0 0 4.79574
0 0 0 0 1 4.83635
0 0 0 0 1 4.86857
0 0 0 0 1 4.85726
0 0 0 0 0 4.88378
0 0 0 0 1 4.91157
0 0 0 0 0 4.92482
0 0 0 0 0 4.94801
0 0 0 0 1 4.89603
0 0 0 0 1 4.97377
0 0 0 0 1 5.02717
0 0 0 0 0 4.95986
0 0 0 0 1 4.96342
0 0 0 0 1 5.0474
0 0 0 0 1 5.04116
0 0 0 0 1 5.05003
0 0 0 0 1 5.03351
0 0 0 0 1 5.06785
0 0 0 0 0 5.11266
0 0 0 0 1 5.11018
0 0 0 0 1 5.16051
0 0 0 0 1 5.16978
0 0 0 0 1 5.23622
0 0 0 0 1 5.20403
0 0 0 0 1 5.19772
0 0 0 0 1 5.27011
0 0 0 0 1 5.25334
0 0 0 0 1 5.24835
0 0 0 0 1 5.33232
0 0 0 0 1 5.3581
0 0 0 0 1 5.40546
0 0 0 0 1 5.41543
0 0 0 0 1 5.36201
0 0 0 0 0 5.4858
0 0 0 0 0 5.46325
0 0 0 0 0 5.50614
0 0 0 0 1 5.48486
0 0 0 0 0 5.47833
0 0 0 0 0 5.60079
0 0 0 0 1 5.6056
0 0 0 0 0 5.61193
0 0 0 0 1 5.59976
0 0 0 0 0 5.63976
0 0 0 0 1 5.68978
0 0 0 0 1 5.64479
0 0 0 0 1 5.68361
0 0 0 0 1 5.70693
0 0 0 0 0 5.84018
0 0 0 0 1 5.84095
0 0 0 0 1 5.77578
0 0 0 0 1 5.85801
0 0 0 0 0 5.90553
0 0 0 0 1 5.91781
0 0 0 0 1 5.90025
0 0 0 0 1 6.03792
0 0 0 0 1 6.0565
0 0 0 0 1 5.99649
0 0 0 0 1 6.04503
0 0 0 0 0 6.05112
0 0 0 0 1 6.15527
0 0 0 0 1 6.23105
0 0 0 0 1 9.59519
0 0 0 0 1 9.51926
0 0 0 0 1 9.50679
0 0 0 0 1 9.39075
0 0 0 0 0 9.31625
0 0 0 0 0 9.39796
0 0 0 0 1 9.40453
0 0 0 0 0 9.35211
0 0 0 0 1 9.18597
0 0 0 0 0 9.22078
0 0 0 0 0 9.15414
0 0 0 0 1 9.21629
0 0 0 0 1 9.10436
0 0 0 0 1 9.09336
0 0 0 0 0 9.17325
0 0 0 0 1 9.12588
0 0 0 0 1 9.01564
0 0 0 0 1 9.08278
0 0 0 0 0 8.99125
0 0 0 0 1 8.96858
0 0 0 0 0 8.98502
0 0 0 0 1 8.94801
0 0 0 0 1 8.94671
0 0 0 0 1 8.75098
0 0 0 0 1 8.86158
0 0 0 0 1 8.8079
0 0 0 0 1 8.83345
0 0 0 0 1 8.76475
0 0 0 0 0 8.71189
0 0 0 0 0 8.76903
0 0 0 0 1 8.64714
0 0 0 0 1 8.71285
0 0 0 0 0 8.70403
0 0 0 0 1 8.65746
0 0 0 0 0 8.58889
0 0 0 0 1 8.56861
0 0 0 0 1 8.46665
0 0 0 0 1 8.54905
0 0 0 0 1 8.53766
0 0 0 0 1 8.4162
0 0 0 0 0 8.48984
0 0 0 0 1 8.52101
0 0 0 0 1 8.47994
0 0 0 0 1 8.35163
0 0 0 0 0 8.35796
0 0 0 0 0 8.28076
0 0 0 0 1 8.28734
0 0 0 0 1 8.32265
0 0 0 0 1 8.35416
0 0 0 0 1 8.30282
0 0 0 0 0 8.25624
0 0 0 0 1 8.25492
0 0 0 0 1 8.27838
0 0 0 0 1 8.26897
0 0 0 0 1 8.2269
0 0 0 0 0 8.20146
0 0 0 0 1 8.1354
0 0 0 0 1 8.07786
0 0 0 0 1 8.09378
0 0 0 0 1 8.13406
0 0 0 0 0 8.14999
0 0 0 0 0 8.0448
0 0 0 0 1 8.09329
0 0 0 0 0 8.08131
0 0 0 0 1 8.11368
0 0 0 0 1 8.04981
0 0 0 0 0 7.93029
0 0 0 0 1 8.00303
0 0 0 0 1 7.89596
0 0 0 0 1 7.93688
0 0 0 0 1 7.96981
0 0 0 0 1 7.8917
0 0 0 0 1 7.87734
0 0 0 0 1 7.92993
0 0 0 0 0 7.82106
0 0 0 0 1 7.95692
0 0 0 0 1 7.80485
0 0 0 0 1 7.91255
0 0 0 0 1 7.92248
0 0 0 0 1 7.85421
0 0 0 0 1 7.75504
0 0 0 0 1 7.74539
0 0 0 0 1 7.76385
0 0 0 0 1 7.79018
0 0 0 0 1 7.83523
0 0 0 0 0 7.83834
0 0 0 0 1 7.67411
