0 0 0 0 1 5.50851
0 0 0 0 1 5.562
0 0 0 0 1 5.54344
0 0 0 0 0 5.58866
0 0 0 0 1 5.60377
0 0 0 0 1 5.57431
0 0 0 0 1 5.53838
0 0 0 0 1 5.55372
0 0 0 0 1 5.58274
0 0 0 0 1 5.66021
0 0 0 0 1 5.68739
0 0 0 0 1 5.63014
0 0 0 0 1 5.6597
0 0 0 0 1 5.68729
0 0 0 0 1 5.65271
0 0 0 0 1 5.71668
0 0 0 0 1 5.63671
0 0 0 0 1 5.73888
0 0 0 0 1 5.71593
0 0 0 0 1 5.77113
0 0 0 0 1 5.68532
0 0 0 0 1 5.7771
0 0 0 0 1 5.71987
0 0 0 0 1 5.74314
0 0 0 0 1 5.72222
0 0 0 0 1 5.7515
0 0 0 0 1 5.78676
0 0 0 0 1 5.84548
0 0 0 0 1 5.83471
0 0 0 0 0 5.84729
0 0 0 0 1 5.89506
0 0 0 0 0 5.85684
0 0 0 0 1 5.89472
0 0 0 0 1 5.89015
0 0 0 0 1 5.89739
0 0 0 0 1 5.94012
0 0 0 0 1 5.91808
0 0 0 0 0 5.9671
0 0 0 0 1 5.9689
0 0 0 0 1 5.91123
0 0 0 0 1 5.94882
0 0 0 0 0 5.93281
0 0 0 0 1 5.9361
0 0 0 0 1 5.98613
0 0 0 0 1 6.07857
0 0 0 0 0 6.09308
0 0 0 0 1 6.05813
0 0 0 0 0 6.03638
0 0 0 0 1 6.05105
0 0 0 0 0 6.05364
0 0 0 0 1 6.05016
0 0 0 0 1 6.06509
0 0 0 0 1 6.09745
0 0 0 0 1 6.10142
0 0 0 0 1 6.17841
0 0 0 0 1 6.24344
0 0 0 0 1 6.22818
0 0 0 0 0 6.28659
0 0 0 0 1 6.22773
0 0 0 0 1 6.23115
0 0 0 0 0 6.23368
0 0 0 0 1 6.3127
0 0 0 0 1 6.29751
0 0 0 0 1 6.26327
0 0 0 0 1 6.36206
0 0 0 0 1 6.37792
0 0 0 0 1 6.36916
0 0 0 0 1 6.43641
0 0 0 0 1 6.47914
0 0 0 0 1 6.39255
0 0 0 0 1 6.39667
0 0 0 0 1 6.54269
0 0 0 0 1 6.48223
0 0 0 0 0 6.54529
0 0 0 0 0 6.51719
0 0 0 0 1 6.61942
0 0 0 0 0 6.53802
0 0 0 0 0 6.57561
0 0 0 0 1 6.57302
0 0 0 0 1 6.64354
0 0 0 0 1 6.7012
0 0 0 0 1 6.69953
0 0 0 0 1 6.66428
0 0 0 0 0 6.74942
0 0 0 0 1 6.77431
0 0 0 0 0 6.84005
0 0 0 0 1 6.879
0 0 0 0 0 6.82932
0 0 0 0 1 6.83411
0 0 0 0 1 6.87333
0 0 0 0 1 6.96809
0 0 0 0 1 6.93907
0 0 0 0 1 6.98589
0 0 0 0 1 7.05394
0 0 0 0 1 6.96121
0 0 0 0 1 7.09289
0 0 0 0 1 7.01311
0 0 0 0 1 7.13884
0 0 0 0 1 7.06601
0 0 0 0 1 7.11409
0 0 0 0 1 7.19116
0 0 0 0 0 7.21111
0 0 0 0 1 7.30308
0 0 0 0 1 7.2435
0 0 0 0 1 7.27046
0 0 0 0 1 7.37124
0 0 0 0 1 7.29571
0 0 0 0 0 7.44192
0 0 0 0 1 7.40299
0 0 0 0 1 7.49022
0 0 0 0 1 7.47371
0 0 0 0 1 7.50911
0 0 0 0 1 7.48426
0 0 0 0 1 7.57282
0 0 0 0 0 7.64719
0 0 0 0 1 7.62217
0 0 0 0 1 7.69667
0 0 0 0 1 7.67127
0 0 0 0 1 7.82396
0 0 0 0 0 7.76733
0 0 0 0 1 7.80448
0 0 0 0 1 7.83343
0 0 0 0 1 7.83821
0 0 0 0 1 8.0261
0 0 0 0 1 7.95954
0 0 0 0 1 8.03708
0 0 0 0 1 8.03447
0 0 0 0 0 8.03971
0 0 0 0 1 8.1338
0 0 0 0 1 8.27008
0 0 0 0 1 8.29173
0 0 0 0 1 8.36296
0 0 0 0 1 8.35196
0 0 0 0 1 8.32325
0 0 0 0 0 8.42846
0 0 0 0 1 8.37379
0 0 0 0 1 8.5478
0 0 0 0 1 8.49247
0 0 0 0 1 8.64323
0 0 0 0 1 8.56993
0 0 0 0 1 8.65971
0 0 0 0 0 8.65476
0 0 0 0 0 8.8684
0 0 0 0 1 8.91756
0 0 0 0 1 8.85861
0 0 0 0 0 8.8879
0 0 0 0 1 8.99811
0 0 0 0 1 9.13638
0 0 0 0 0 9.04887
0 0 0 0 0 9.22476
0 0 0 0 1 9.13474
0 0 0 0 1 9.36801
0 0 0 0 1 9.31515
0 0 0 0 1 9.42804
0 0 0 0 0 9.4105
0 0 0 0 0 9.49563
0 0 0 0 0 9.53329
0 0 0 0 0 9.73614
0 0 0 0 1 9.75517
0 0 0 0 0 9.70524
0 0 0 0 0 9.88045
0 0 0 0 1 9.84065
0 0 0 0 0 10.0661
0 0 0 0 1 10.0843
0 0 0 0 1 10.0903
0 0 0 0 0 10.1481
0 0 0 0 1 10.3173
0 0 0 0 1 10.4259
0 0 0 0 1 10.3806
0 0 0 0 1 10.437
0 0 0 0 1 10.5143
0 0 0 0 1 10.6325
0 0 0 0 1 10.7213
0 0 0 0 1 10.7541
0 0 0 0 1 9.38965
0 0 0 0 1 9.29105
0 0 0 0 0 9.17925
0 0 0 0 1 9.26657
0 0 0 0 1 9.19235
0 0 0 0 1 9.26101
0 0 0 0 1 9.09548
0 0 0 0 1 9.22833
0 0 0 0 1 9.06376
0 0 0 0 1 9.0778
0 0 0 0 1 9.04175
0 0 0 0 1 9.01968
0 0 0 0 1 8.98406
0 0 0 0 1 8.96674
0 0 0 0 1 9.08055
0 0 0 0 1 9.03629
0 0 0 0 0 9.01499
0 0 0 0 1 8.92641
0 0 0 0 1 8.98138
0 0 0 0 1 8.95587
0 0 0 0 0 8.87301
0 0 0 0 0 8.80354
0 0 0 0 1 8.94745
0 0 0 0 1 8.83398
0 0 0 0 1 8.75639
0 0 0 0 1 8.7548
0 0 0 0 1 8.88931
0 0 0 0 1 8.72444
0 0 0 0 0 8.82363
0 0 0 0 1 8.80865
0 0 0 0 1 8.73257
0 0 0 0 1 8.71439
0 0 0 0 0 8.77848
0 0 0 0 1 8.74673
0 0 0 0 1 8.70652
0 0 0 0 0 8.58848
0 0 0 0 1 8.61817
0 0 0 0 0 8.72572
0 0 0 0 0 8.72081
0 0 0 0 1 8.58672
0 0 0 0 1 8.68559
0 0 0 0 0 8.50923
0 0 0 0 1 8.54809
0 0 0 0 0 8.64696
0 0 0 0 1 8.54029
0 0 0 0 1 8.51097
0 0 0 0 1 8.46778
0 0 0 0 1 8.58378
0 0 0 0 1 8.54125
0 0 0 0 1 8.74344
0 0 0 0 1 8.85097
0 0 0 0 1 8.94984
0 0 0 0 1 9.11146
0 0 0 0 0 9.27449
0 0 0 0 0 9.46643
0 0 0 0 1 9.45996
0 0 0 0 0 9.58423
0 0 0 0 1 9.81579
0 0 0 0 0 9.95976
0 0 0 0 1 10.0823
0 0 0 0 1 10.2965
0 0 0 0 1 10.4895
0 0 0 0 1 10.7482
0 0 0 0 1 10.8433
0 0 0 0 1 11.2243
0 0 0 0 1 11.2926
0 0 0 0 1 11.6431
0 0 0 0 1 11.8314
0 0 0 0 1 12.0904
0 0 0 0 1 12.4317
0 0 0 0 1 12.4599
0 0 0 0 1 12.9504
0 0 0 0 0 22.5237
0 0 0 0 1 22.6412
0 0 0 0 1 22.4848
0 0 0 0 1 22.4444
0 0 0 0 1 22.6082
0 0 0 0 1 22.6137
0 0 0 0 1 22.6875
0 0 0 0 1 22.4452
0 0 0 0 1 22.5198
0 0 0 0 0 22.685
0 0 0 0 1 22.6925
0 0 0 0 1 22.4073
0 0 0 0 1 22.4848
0 0 0 0 1 22.4711
0 0 0 0 1 22.6604
0 0 0 0 1 22.58
0 0 0 0 1 22.4551
0 0 0 0 1 22.3084
0 0 0 0 1 23.2924
0 0 0 0 1 24.1479
0 0 0 0 1 24.892
0 0 0 0 1 26.3171
0 0 0 0 0 36.4904
0 0 0 0 1 36.2934
0 0 0 0 1 36.2428
0 0 0 0 1 36.0838
0 0 0 0 1 36.1742
0 0 0 0 1 38.4107
0 0 0 0 0 52.3791
0 0 0 0 1 52.4155
0 0 0 0 0 52.3495
0 0 0 0 1 51.5555
0 0 0 0 1 51.5431
0 0 0 0 1 55.9341
0 0 0 0 1 65.397
0 0 0 0 1 70.0122
0 0 0 0 1 81.2373
0 0 0 0 0 5.02503
0 0 0 0 0 4.96491
0 0 0 0 0 5.05008
0 0 0 0 0 4.96992
0 0 0 0 0 4.98996
0 0 0 0 0 5.05008
0 0 0 0 0 4.96992
0 0 0 0 0 4.9599
0 0 0 0 0 5.05509
0 0 0 0 0 4.96491
0 0 0 0 0 4.96992
0 0 0 0 0 5.0601
0 0 0 0 1 86.8901
0 0 0 0 1 87.2495
0 0 0 0 1 75.7461
0 0 0 0 1 64.222
0 0 0 0 1 60.8291
0 0 0 0 1 60.2349
0 0 0 0 1 60.3678
0 0 0 0 0 51.9317
0 0 0 0 0 48.3231
0 0 0 0 1 47.7595
0 0 0 0 1 38.8814
0 0 0 0 0 37.0039
0 0 0 0 1 35.9175
0 0 0 0 0 35.3946
0 0 0 0 0 35.942
0 0 0 0 1 35.7414
0 0 0 0 1 28.1902
0 0 0 0 0 27.0715
0 0 0 0 1 25.7673
0 0 0 0 1 24.3684
0 0 0 0 0 24.774
0 0 0 0 1 24.7863
0 0 0 0 1 24.8472
0 0 0 0 1 24.7865
0 0 0 0 1 24.8248
0 0 0 0 1 24.9378
0 0 0 0 1 24.656
0 0 0 0 1 24.7452
0 0 0 0 0 24.7594
0 0 0 0 0 18.0179
0 0 0 0 1 17.8626
0 0 0 0 1 17.0714
0 0 0 0 1 16.895
0 0 0 0 0 16.2284
0 0 0 0 1 16.0224
0 0 0 0 1 15.3306
0 0 0 0 1 15.1363
0 0 0 0 0 14.6392
0 0 0 0 1 14.3654
0 0 0 0 0 14.0003
0 0 0 0 1 13.9564
0 0 0 0 1 13.9405
0 0 0 0 1 13.9248
0 0 0 0 1 13.8815
0 0 0 0 1 13.8104
0 0 0 0 1 13.881
0 0 0 0 0 13.922
0 0 0 0 1 14.0891
0 0 0 0 0 13.865
0 0 0 0 1 14.1471
0 0 0 0 1 14.1053
0 0 0 0 1 14.1619
0 0 0 0 1 13.9659
0 0 0 0 0 13.9972
0 0 0 0 1 14.0263
0 0 0 0 1 13.9852
0 0 0 0 1 14.2292
0 0 0 0 0 14.1039
0 0 0 0 1 14.1058
0 0 0 0 1 14.0965
0 0 0 0 1 14.2833
0 0 0 0 1 14.2889
0 0 0 0 0 14.1782
0 0 0 0 1 14.3551
0 0 0 0 1 14.2303
0 0 0 0 0 14.1511
0 0 0 0 1 14.3979
0 0 0 0 1 14.2333
0 0 0 0 1 14.4382
0 0 0 0 1 8.89653
0 0 0 0 0 8.69478
0 0 0 0 1 8.60726
0 0 0 0 1 8.57118
0 0 0 0 1 8.47486
0 0 0 0 1 8.25419
0 0 0 0 1 8.16871
0 0 0 0 0 8.09809
0 0 0 0 1 7.98826
0 0 0 0 1 7.88686
0 0 0 0 1 7.82639
0 0 0 0 1 7.70983
0 0 0 0 1 7.58034
0 0 0 0 1 7.62582
0 0 0 0 1 7.45933
0 0 0 0 1 7.40757
0 0 0 0 1 7.30231
0 0 0 0 1 7.19239
0 0 0 0 1 7.10485
0 0 0 0 1 7.12418
0 0 0 0 1 7.0645
0 0 0 0 1 6.90256
0 0 0 0 0 6.94703
0 0 0 0 1 6.84846
0 0 0 0 1 6.76416
0 0 0 0 1 6.72053
0 0 0 0 1 6.59046
0 0 0 0 0 6.56029
0 0 0 0 1 6.4906
0 0 0 0 1 6.41081
0 0 0 0 1 6.3929
0 0 0 0 1 6.30098
0 0 0 0 1 6.3354
0 0 0 0 1 6.20034
0 0 0 0 1 6.10999
0 0 0 0 1 6.08159
0 0 0 0 1 6.11353
0 0 0 0 1 6.06285
0 0 0 0 1 6.02136
0 0 0 0 1 5.91762
0 0 0 0 1 5.84726
0 0 0 0 1 5.82102
0 0 0 0 1 5.80039
0 0 0 0 1 5.70491
0 0 0 0 1 5.67567
0 0 0 0 0 5.66615
0 0 0 0 1 5.55542
0 0 0 0 0 5.57118
0 0 0 0 0 5.57217
0 0 0 0 1 5.49038
0 0 0 0 0 5.40932
0 0 0 0 1 5.42387
0 0 0 0 1 5.39493
0 0 0 0 0 5.27757
0 0 0 0 1 5.2968
0 0 0 0 1 5.20716
0 0 0 0 1 5.16842
0 0 0 0 1 5.14021
0 0 0 0 1 5.11716
0 0 0 0 1 5.08896
0 0 0 0 1 5.02203
0 0 0 0 0 5.07977
0 0 0 0 1 5.05967
0 0 0 0 0 5.01129
0 0 0 0 1 4.93848
0 0 0 0 0 4.95477
0 0 0 0 1 4.84356
0 0 0 0 1 4.90666
0 0 0 0 1 4.82062
0 0 0 0 0 4.81018
0 0 0 0 1 4.87496
0 0 0 0 1 4.86857
0 0 0 0 0 4.88157
0 0 0 0 0 4.86916
0 0 0 0 1 4.85776
0 0 0 0 1 4.94937
0 0 0 0 0 4.91351
0 0 0 0 0 4.97508
0 0 0 0 1 4.96881
0 0 0 0 1 5.00726
0 0 0 0 1 4.96984
0 0 0 0 1 5.05357
0 0 0 0 1 5.00216
0 0 0 0 1 5.02602
0 0 0 0 1 5.06016
0 0 0 0 1 5.10469
0 0 0 0 1 5.07806
0 0 0 0 1 5.0768
0 0 0 0 1 5.17181
0 0 0 0 1 5.16567
0 0 0 0 1 5.16461
0 0 0 0 1 5.16869
0 0 0 0 1 5.20925
0 0 0 0 1 5.19248
0 0 0 0 1 5.2491
0 0 0 0 1 5.23752
0 0 0 0 0 5.24835
0 0 0 0 1 5.28442
0 0 0 0 1 5.33138
0 0 0 0 1 5.35719
0 0 0 0 0 5.42081
0 0 0 0 1 5.41611
0 0 0 0 1 5.4695
0 0 0 0 0 5.39782
0 0 0 0 1 5.45141
0 0 0 0 1 5.49586
0 0 0 0 1 5.53908
0 0 0 0 1 5.53418
0 0 0 0 1 5.60002
0 0 0 0 1 5.65674
0 0 0 0 1 5.67285
0 0 0 0 0 5.62846
0 0 0 0 1 5.65574
0 0 0 0 1 5.70751
0 0 0 0 1 5.74085
0 0 0 0 1 5.81049
0 0 0 0 1 5.84018
0 0 0 0 1 5.84095
0 0 0 0 0 5.85746
0 0 0 0 1 5.84628
0 0 0 0 1 5.8407
0 0 0 0 1 5.9415
0 0 0 0 1 5.90025
0 0 0 0 1 5.93021
0 0 0 0 1 6.07454
0 0 0 0 1 6.01462
0 0 0 0 1 6.12401
0 0 0 0 1 6.16103
0 0 0 0 0 6.07549
0 0 0 0 0 6.23105
0 0 0 0 0 9.58567
0 0 0 0 1 9.5003
0 0 0 0 0 9.52569
0 0 0 0 1 9.33424
0 0 0 0 1 9.45698
0 0 0 0 1 9.42601
0 0 0 0 1 9.29269
0 0 0 0 1 9.34281
0 0 0 0 1 9.20449
0 0 0 0 1 9.21155
0 0 0 0 0 9.17254
0 0 0 0 1 9.07874
0 0 0 0 1 9.17749
0 0 0 0 1 9.13892
0 0 0 0 1 9.13692
0 0 0 0 1 8.99913
0 0 0 0 1 9.07881
0 0 0 0 1 9.01076
0 0 0 0 0 9.06304
0 0 0 0 0 8.93277
0 0 0 0 1 8.88687
0 0 0 0 1 8.94801
0 0 0 0 1 8.94671
0 0 0 0 0 8.84822
0 0 0 0 1 8.78222
0 0 0 0 1 8.83427
0 0 0 0 1 8.74582
0 0 0 0 1 8.66853
0 0 0 0 1 8.65956
0 0 0 0 1 8.77773
0 0 0 0 1 8.58643
0 0 0 0 0 8.72151
0 0 0 0 1 8.66952
0 0 0 0 0 8.58861
0 0 0 0 0 8.61463
0 0 0 0 1 8.56861
0 0 0 0 1 8.50079
0 0 0 0 0 8.47241
0 0 0 0 1 8.41873
0 0 0 0 1 8.49248
0 0 0 0 1 8.39682
0 0 0 0 1 8.4957
0 0 0 0 1 8.3874
0 0 0 0 1 8.43557
0 0 0 0 0 8.34958
0 0 0 0 1 8.2724
0 0 0 0 1 8.36238
0 0 0 0 1 8.37254
0 0 0 0 1 8.32927
0 0 0 0 1 8.25315
0 0 0 0 1 8.33889
0 0 0 0 1 8.27966
0 0 0 0 1 8.27838
0 0 0 0 0 8.20327
0 0 0 0 1 8.16954
0 0 0 0 0 8.20146
0 0 0 0 1 8.217
0 0 0 0 1 8.07786
0 0 0 0 1 8.15066
0 0 0 0 1 8.02863
0 0 0 0 1 8.03668
0 0 0 0 1 8.12557
0 0 0 0 1 8.04493
0 0 0 0 1 8.08936
0 0 0 0 1 8.11368
0 0 0 0 1 8.06585
0 0 0 0 1 7.99431
0 0 0 0 1 8.00303
0 0 0 0 1 7.99965
0 0 0 0 1 7.9528
0 0 0 0 1 7.90624
0 0 0 0 1 8.00274
0 0 0 0 1 7.94859
0 0 0 0 1 7.95365
0 0 0 0 0 7.88419
0 0 0 0 1 7.88601
0 0 0 0 1 7.81271
0 0 0 0 1 7.88112
0 0 0 0 1 7.87542
0 0 0 0 1 7.88554
0 0 0 0 1 7.78631
0 0 0 0 1 7.74539
0 0 0 0 1 7.86519
0 0 0 0 1 7.75127
0 0 0 0 1 7.71863
0 0 0 0 1 7.82282
0 0 0 0 1 7.82139
