0 0 0 0 1 5.58063
0 0 0 0 1 5.50644
0 0 0 0 1 5.57683
0 0 0 0 1 5.57752
0 0 0 0 1 5.54237
0 0 0 0 1 5.54076
0 0 0 0 0 5.58873
0 0 0 0 0 5.57614
0 0 0 0 1 5.59957
0 0 0 0 1 5.59838
0 0 0 0 1 5.66486
0 0 0 0 1 5.64707
0 0 0 0 1 5.70489
0 0 0 0 1 5.69861
0 0 0 0 1 5.67539
0 0 0 0 1 5.6883
0 0 0 0 1 5.67084
0 0 0 0 0 5.68189
0 0 0 0 1 5.76732
0 0 0 0 0 5.69685
0 0 0 0 0 5.74258
0 0 0 0 1 5.75415
0 0 0 0 1 5.71413
0 0 0 0 1 5.75466
0 0 0 0 1 5.71069
0 0 0 0 1 5.81508
0 0 0 0 1 5.82152
0 0 0 0 1 5.76421
0 0 0 0 0 5.8638
0 0 0 0 1 5.85312
0 0 0 0 0 5.87753
0 0 0 0 1 5.8978
0 0 0 0 1 5.9123
0 0 0 0 1 5.8784
0 0 0 0 0 5.82676
0 0 0 0 0 5.84574
0 0 0 0 1 5.85304
0 0 0 0 1 5.91377
0 0 0 0 1 5.92138
0 0 0 0 0 5.97671
0 0 0 0 1 6.00252
0 0 0 0 1 5.93879
0 0 0 0 1 5.94808
0 0 0 0 1 5.98012
0 0 0 0 1 6.0545
0 0 0 0 1 6.00862
0 0 0 0 1 6.10655
0 0 0 0 1 6.04245
0 0 0 0 1 6.06321
0 0 0 0 0 6.05364
0 0 0 0 1 6.14794
0 0 0 0 1 6.15698
0 0 0 0 0 6.17736
0 0 0 0 1 6.18146
0 0 0 0 1 6.14755
0 0 0 0 1 6.21868
0 0 0 0 1 6.21577
0 0 0 0 1 6.2368
0 0 0 0 1 6.25269
0 0 0 0 1 6.20612
0 0 0 0 0 6.32156
0 0 0 0 1 6.33159
0 0 0 0 1 6.37323
0 0 0 0 1 6.28225
0 0 0 0 1 6.33669
0 0 0 0 1 6.30791
0 0 0 0 0 6.36278
0 0 0 0 1 6.46843
0 0 0 0 1 6.38282
0 0 0 0 1 6.50855
0 0 0 0 0 6.5259
0 0 0 0 0 6.42598
0 0 0 0 0 6.44321
0 0 0 0 1 6.50618
0 0 0 0 1 6.49104
0 0 0 0 0 6.61942
0 0 0 0 1 6.59069
0 0 0 0 1 6.62842
0 0 0 0 1 6.55976
0 0 0 0 1 6.69674
0 0 0 0 1 6.61443
0 0 0 0 1 6.66607
0 0 0 0 1 6.67099
0 0 0 0 1 6.80331
0 0 0 0 0 6.82163
0 0 0 0 1 6.73826
0 0 0 0 1 6.74278
0 0 0 0 1 6.84299
0 0 0 0 1 6.8547
0 0 0 0 0 6.86644
0 0 0 0 1 6.89896
0 0 0 0 1 6.93907
0 0 0 0 0 7.01372
0 0 0 0 1 6.92125
0 0 0 0 1 6.9542
0 0 0 0 1 7.09993
0 0 0 0 1 7.05553
0 0 0 0 1 7.15304
0 0 0 0 1 7.13011
0 0 0 0 0 7.12124
0 0 0 0 1 7.24858
0 0 0 0 1 7.24713
0 0 0 0 1 7.20898
0 0 0 0 1 7.25076
0 0 0 0 1 7.32156
0 0 0 0 1 7.29797
0 0 0 0 1 7.39877
0 0 0 0 1 7.33856
0 0 0 0 1 7.40299
0 0 0 0 1 7.46787
0 0 0 0 1 7.44378
0 0 0 0 1 7.57676
0 0 0 0 1 7.52202
0 0 0 0 1 7.61835
0 0 0 0 1 7.64719
0 0 0 0 1 7.68339
0 0 0 0 1 7.70436
0 0 0 0 0 7.7717
0 0 0 0 0 7.69201
0 0 0 0 1 7.74394
0 0 0 0 1 7.76534
0 0 0 0 1 7.89635
0 0 0 0 0 7.88566
0 0 0 0 0 7.97047
0 0 0 0 1 7.92758
0 0 0 0 1 7.99694
0 0 0 0 1 8.13127
0 0 0 0 0 8.06403
0 0 0 0 1 8.0686
0 0 0 0 1 8.14726
0 0 0 0 0 8.25879
0 0 0 0 1 8.25532
0 0 0 0 1 8.33532
0 0 0 0 0 8.39017
0 0 0 0 1 8.33594
0 0 0 0 1 8.47529
0 0 0 0 1 8.42873
0 0 0 0 0 8.54379
0 0 0 0 1 8.66042
0 0 0 0 1 8.71679
0 0 0 0 1 8.70318
0 0 0 0 1 8.81212
0 0 0 0 1 8.73643
0 0 0 0 1 8.82034
0 0 0 0 1 8.80525
0 0 0 0 1 8.90581
0 0 0 0 1 8.98911
0 0 0 0 1 9.04574
0 0 0 0 0 9.14911
0 0 0 0 1 9.20642
0 0 0 0 1 9.25469
0 0 0 0 0 9.36801
0 0 0 0 0 9.34315
0 0 0 0 1 9.33404
0 0 0 0 1 9.55236
0 0 0 0 1 9.45754
0 0 0 0 1 9.68674
0 0 0 0 1 9.6686
0 0 0 0 0 9.69687
0 0 0 0 1 9.75416
0 0 0 0 1 9.8312
0 0 0 0 0 9.82083
0 0 0 0 1 9.89636
0 0 0 0 1 10.024
0 0 0 0 1 10.1916
0 0 0 0 1 10.1583
0 0 0 0 1 10.3687
0 0 0 0 1 10.3431
0 0 0 0 0 10.4432
0 0 0 0 1 10.4055
0 0 0 0 1 10.6095
0 0 0 0 1 10.7072
0 0 0 0 1 10.775
0 0 0 0 1 10.7866
0 0 0 0 0 9.32451
0 0 0 0 1 9.19823
0 0 0 0 0 9.31819
0 0 0 0 0 9.31277
0 0 0 0 1 9.14625
0 0 0 0 1 9.12306
0 0 0 0 1 9.12301
0 0 0 0 1 9.13678
0 0 0 0 1 9.06376
0 0 0 0 1 9.15071
0 0 0 0 1 9.01446
0 0 0 0 1 9.03783
0 0 0 0 0 9.07463
0 0 0 0 1 9.11137
0 0 0 0 1 9.00841
0 0 0 0 1 9.04529
0 0 0 0 1 8.95213
0 0 0 0 1 9.03396
0 0 0 0 0 8.86509
0 0 0 0 0 9.00051
0 0 0 0 0 8.89083
0 0 0 0 1 8.92804
0 0 0 0 1 8.84981
0 0 0 0 1 8.78968
0 0 0 0 0 8.81831
0 0 0 0 0 8.73715
0 0 0 0 0 8.76597
0 0 0 0 1 8.83877
0 0 0 0 0 8.77095
0 0 0 0 1 8.77359
0 0 0 0 1 8.68882
0 0 0 0 1 8.72312
0 0 0 0 1 8.70874
0 0 0 0 1 8.76414
0 0 0 0 1 8.75866
0 0 0 0 1 8.6145
0 0 0 0 0 8.73943
0 0 0 0 1 8.69113
0 0 0 0 1 8.54812
0 0 0 0 1 8.61259
0 0 0 0 1 8.57368
0 0 0 0 1 8.5608
0 0 0 0 1 8.65108
0 0 0 0 1 8.63839
0 0 0 0 0 8.64298
0 0 0 0 1 8.57933
0 0 0 0 1 8.46778
0 0 0 0 1 8.49002
0 0 0 0 1 8.49837
0 0 0 0 1 8.63904
0 0 0 0 1 8.85097
0 0 0 0 0 8.97672
0 0 0 0 1 9.04781
0 0 0 0 0 9.32992
0 0 0 0 1 9.35384
0 0 0 0 1 9.60301
0 0 0 0 0 9.652
0 0 0 0 1 9.91425
0 0 0 0 0 10.1099
0 0 0 0 1 10.2554
0 0 0 0 1 10.2758
0 0 0 0 1 10.6584
0 0 0 0 0 10.7053
0 0 0 0 1 11.0293
0 0 0 0 1 11.202
0 0 0 0 1 11.3948
0 0 0 0 0 11.5041
0 0 0 0 1 11.725
0 0 0 0 0 12.0783
0 0 0 0 0 12.3333
0 0 0 0 1 12.4599
0 0 0 0 1 12.7833
0 0 0 0 1 22.6373
0 0 0 0 1 22.8683
0 0 0 0 1 22.6664
0 0 0 0 1 22.6484
0 0 0 0 0 22.5176
0 0 0 0 0 22.5685
0 0 0 0 1 22.6875
0 0 0 0 1 22.8294
0 0 0 0 1 22.7908
0 0 0 0 0 22.6624
0 0 0 0 1 22.3541
0 0 0 0 1 22.3848
0 0 0 0 1 22.5074
0 0 0 0 1 22.4486
0 0 0 0 0 22.7279
0 0 0 0 1 22.5575
0 0 0 0 1 22.5675
0 0 0 0 1 22.2859
0 0 0 0 1 23.362
0 0 0 0 1 23.979
0 0 0 0 1 24.9171
0 0 0 0 0 26.3433
0 0 0 0 0 36.5633
0 0 0 0 1 36.5118
0 0 0 0 0 36.2064
0 0 0 0 1 36.1929
0 0 0 0 1 36.5017
0 0 0 0 1 38.141
0 0 0 0 1 51.5981
0 0 0 0 1 51.5307
0 0 0 0 1 52.2974
0 0 0 0 1 52.3879
0 0 0 0 0 52.4273
0 0 0 0 1 56.7235
0 0 0 0 1 65.6589
0 0 0 0 1 70.0819
0 0 0 0 1 82.3827
0 0 0 0 0 5.04507
0 0 0 0 0 5.02002
0 0 0 0 0 5.05008
0 0 0 0 0 4.97994
0 0 0 0 0 5.01501
0 0 0 0 0 4.99497
0 0 0 0 0 4.99497
0 0 0 0 0 4.99998
0 0 0 0 0 4.96992
0 0 0 0 0 5.03004
0 0 0 0 0 4.96992
0 0 0 0 0 5.0601
0 0 0 0 1 88.0288
0 0 0 0 1 87.7751
0 0 0 0 1 74.5437
0 0 0 0 1 63.3921
0 0 0 0 1 60.2238
0 0 0 0 1 60.1744
0 0 0 0 1 60.0045
0 0 0 0 0 51.6223
0 0 0 0 1 48.2751
0 0 0 0 0 47.6155
0 0 0 0 0 39.1171
0 0 0 0 1 37.1144
0 0 0 0 1 35.8462
0 0 0 0 1 35.7871
0 0 0 0 0 35.7635
0 0 0 0 1 35.7414
0 0 0 0 1 28.2183
0 0 0 0 1 26.8571
0 0 0 0 1 25.6135
0 0 0 0 1 24.8115
0 0 0 0 1 24.8233
0 0 0 0 1 24.4167
0 0 0 0 1 24.576
0 0 0 0 1 24.4412
0 0 0 0 1 24.8248
0 0 0 0 0 24.7156
0 0 0 0 1 24.5572
0 0 0 0 0 24.9677
0 0 0 0 1 24.6357
0 0 0 0 1 18.2363
0 0 0 0 1 17.6681
0 0 0 0 0 17.1402
0 0 0 0 1 16.5604
0 0 0 0 0 16.261
0 0 0 0 1 15.9589
0 0 0 0 1 15.5783
0 0 0 0 1 15.1514
0 0 0 0 1 14.7425
0 0 0 0 1 14.4663
0 0 0 0 1 14.1413
0 0 0 0 1 13.9009
0 0 0 0 1 14.0239
0 0 0 0 1 13.7996
0 0 0 0 0 14.0625
0 0 0 0 0 13.8104
0 0 0 0 1 14.0345
0 0 0 0 1 14.0896
0 0 0 0 1 14.0611
0 0 0 0 0 13.8929
0 0 0 0 0 13.937
0 0 0 0 1 13.923
0 0 0 0 0 14.1759
0 0 0 0 1 13.9659
0 0 0 0 1 14.1378
0 0 0 0 0 14.2094
0 0 0 0 1 14.1403
0 0 0 0 1 14.2009
0 0 0 0 0 14.2169
0 0 0 0 0 14.1766
0 0 0 0 1 14.1957
0 0 0 0 1 14.2549
0 0 0 0 1 14.2605
0 0 0 0 1 14.164
0 0 0 0 0 14.2127
0 0 0 0 1 14.3158
0 0 0 0 0 14.3368
0 0 0 0 1 14.1834
0 0 0 0 0 14.4624
0 0 0 0 0 14.3092
0 0 0 0 1 8.77297
0 0 0 0 0 8.66864
0 0 0 0 1 8.61585
0 0 0 0 1 8.46075
0 0 0 0 0 8.37417
0 0 0 0 0 8.34535
0 0 0 0 1 8.25884
0 0 0 0 1 8.05764
0 0 0 0 1 8.01225
0 0 0 0 1 7.96589
0 0 0 0 1 7.78729
0 0 0 0 1 7.65576
0 0 0 0 1 7.6644
0 0 0 0 1 7.5049
0 0 0 0 1 7.50418
0 0 0 0 1 7.37057
0 0 0 0 0 7.33889
0 0 0 0 1 7.27931
0 0 0 0 1 7.11919
0 0 0 0 1 7.12418
0 0 0 0 1 6.96619
0 0 0 0 1 6.95127
0 0 0 0 1 6.89195
0 0 0 0 0 6.88256
0 0 0 0 1 6.75065
0 0 0 0 1 6.63351
0 0 0 0 1 6.59046
0 0 0 0 1 6.57342
0 0 0 0 0 6.56214
0 0 0 0 0 6.46885
0 0 0 0 1 6.3482
0 0 0 0 0 6.30731
0 0 0 0 1 6.29144
0 0 0 0 1 6.24391
0 0 0 0 1 6.22726
0 0 0 0 1 6.14889
0 0 0 0 1 6.05288
0 0 0 0 1 6.01469
0 0 0 0 1 6.00943
0 0 0 0 1 5.94132
0 0 0 0 1 5.90009
0 0 0 0 1 5.78606
0 0 0 0 1 5.83509
0 0 0 0 1 5.791
0 0 0 0 1 5.64724
0 0 0 0 1 5.62101
0 0 0 0 0 5.65063
0 0 0 0 1 5.56005
0 0 0 0 0 5.51694
0 0 0 0 0 5.52874
0 0 0 0 1 5.49087
0 0 0 0 1 5.41847
0 0 0 0 1 5.4164
0 0 0 0 1 5.37342
0 0 0 0 1 5.26505
0 0 0 0 0 5.2544
0 0 0 0 1 5.19972
0 0 0 0 1 5.17648
0 0 0 0 1 5.10172
0 0 0 0 0 5.16056
0 0 0 0 1 5.06262
0 0 0 0 1 5.06969
0 0 0 0 0 5.0346
0 0 0 0 1 5.01628
0 0 0 0 1 4.99291
0 0 0 0 1 4.89578
0 0 0 0 1 4.86309
0 0 0 0 0 4.80949
0 0 0 0 1 4.80614
0 0 0 0 1 4.78129
0 0 0 0 1 4.85566
0 0 0 0 1 4.82981
0 0 0 0 1 4.91074
0 0 0 0 0 4.90815
0 0 0 0 0 4.85287
0 0 0 0 1 4.91991
0 0 0 0 1 4.87901
0 0 0 0 0 4.93061
0 0 0 0 1 4.97873
0 0 0 0 1 4.98238
0 0 0 0 0 5.02972
0 0 0 0 1 5.04856
0 0 0 0 1 5.00216
0 0 0 0 1 5.07144
0 0 0 0 0 5.06016
0 0 0 0 1 5.11485
0 0 0 0 1 5.11889
0 0 0 0 1 5.10242
0 0 0 0 1 5.08963
0 0 0 0 1 5.11411
0 0 0 0 0 5.18531
0 0 0 0 1 5.21544
0 0 0 0 1 5.25618
0 0 0 0 0 5.19772
0 0 0 0 0 5.20181
0 0 0 0 1 5.30081
0 0 0 0 0 5.34908
0 0 0 0 0 5.28974
0 0 0 0 1 5.33138
0 0 0 0 1 5.40546
0 0 0 0 1 5.41543
0 0 0 0 1 5.38906
0 0 0 0 1 5.47493
0 0 0 0 1 5.46325
0 0 0 0 1 5.52256
0 0 0 0 1 5.52337
0 0 0 0 1 5.46728
0 0 0 0 1 5.60634
0 0 0 0 1 5.53873
0 0 0 0 0 5.54472
0 0 0 0 1 5.64474
0 0 0 0 1 5.6115
0 0 0 0 1 5.71814
0 0 0 0 0 5.64479
0 0 0 0 1 5.66644
0 0 0 0 1 5.79898
0 0 0 0 0 5.8344
0 0 0 0 1 5.78283
0 0 0 0 1 5.88663
0 0 0 0 1 5.8111
0 0 0 0 0 5.9291
0 0 0 0 0 5.9415
0 0 0 0 1 5.93598
0 0 0 0 1 6.00201
0 0 0 0 1 6.00237
0 0 0 0 1 6.09321
0 0 0 0 1 6.11794
0 0 0 0 1 6.11219
0 0 0 0 1 6.14299
0 0 0 0 1 6.18783
0 0 0 0 1 9.52856
0 0 0 0 1 9.5477
0 0 0 0 1 9.50679
0 0 0 0 1 9.5132
0 0 0 0 1 9.3444
0 0 0 0 1 9.43536
0 0 0 0 0 9.26473
0 0 0 0 1 9.24985
0 0 0 0 1 9.17671
0 0 0 0 0 9.22078
0 0 0 0 1 9.16334
0 0 0 0 1 9.17961
0 0 0 0 0 9.04952
0 0 0 0 1 9.18448
0 0 0 0 1 9.01885
0 0 0 0 1 9.10777
0 0 0 0 0 8.99759
0 0 0 0 1 8.94775
0 0 0 0 1 8.88357
0 0 0 0 1 8.97753
0 0 0 0 1 8.86903
0 0 0 0 1 8.84127
0 0 0 0 1 8.82258
0 0 0 0 1 8.89241
0 0 0 0 1 8.83513
0 0 0 0 1 8.77274
0 0 0 0 1 8.83345
0 0 0 0 1 8.71227
0 0 0 0 1 8.73805
0 0 0 0 1 8.70814
0 0 0 0 1 8.69918
0 0 0 0 1 8.63498
0 0 0 0 1 8.6609
0 0 0 0 1 8.55419
0 0 0 0 0 8.65753
0 0 0 0 0 8.51725
0 0 0 0 1 8.47518
0 0 0 0 0 8.58311
0 0 0 0 0 8.53766
0 0 0 0 0 8.52638
0 0 0 0 1 8.51521
0 0 0 0 1 8.47883
0 0 0 0 1 8.36216
0 0 0 0 1 8.31806
0 0 0 0 1 8.34958
0 0 0 0 1 8.32254
0 0 0 0 1 8.35404
0 0 0 0 0 8.26445
0 0 0 0 1 8.2546
0 0 0 0 0 8.34421
0 0 0 0 1 8.27277
0 0 0 0 0 8.18895
0 0 0 0 1 8.26192
0 0 0 0 1 8.15401
0 0 0 0 1 8.18593
0 0 0 0 0 8.11969
0 0 0 0 0 8.22516
0 0 0 0 0 8.10229
0 0 0 0 1 8.04502
0 0 0 0 1 8.06918
0 0 0 0 1 8.06096
0 0 0 0 0 8.14173
0 0 0 0 1 7.9885
0 0 0 0 1 8.03301
0 0 0 0 1 7.98514
0 0 0 0 0 8.08188
0 0 0 0 1 7.9703
0 0 0 0 1 8.00303
0 0 0 0 1 7.90394
0 0 0 0 1 7.9528
0 0 0 0 1 7.97776
0 0 0 0 1 7.88377
0 0 0 0 1 7.90901
0 0 0 0 0 7.85087
0 0 0 0 0 7.93155
0 0 0 0 1 7.83874
0 0 0 0 0 7.915
0 0 0 0 1 7.80254
0 0 0 0 1 7.89895
0 0 0 0 1 7.90903
0 0 0 0 0 7.78631
0 0 0 0 1 7.83127
0 0 0 0 1 7.81842
0 0 0 0 0 7.79018
0 0 0 0 1 7.85077
0 0 0 0 1 7.70641
0 0 0 0 1 7.79038
