0 0 0 0 1 5.58063
0 0 0 0 1 5.57867
0 0 0 0 1 5.52674
0 0 0 0 0 5.58866
0 0 0 0 1 5.63168
0 0 0 0 1 5.5799
0 0 0 0 1 5.59992
0 0 0 0 1 5.6602
0 0 0 0 1 5.62201
0 0 0 0 1 5.60962
0 0 0 0 1 5.6536
0 0 0 0 1 5.65835
0 0 0 0 1 5.69924
0 0 0 0 1 5.66465
0 0 0 0 1 5.67539
0 0 0 0 0 5.73371
0 0 0 0 1 5.71634
0 0 0 0 1 5.6762
0 0 0 0 1 5.76161
0 0 0 0 1 5.68542
0 0 0 0 0 5.68532
0 0 0 0 0 5.70826
0 0 0 0 1 5.76586
0 0 0 0 1 5.78347
0 0 0 0 1 5.80875
0 0 0 0 1 5.74572
0 0 0 0 1 5.76359
0 0 0 0 0 5.83387
0 0 0 0 1 5.75909
0 0 0 0 1 5.81231
0 0 0 0 1 5.80158
0 0 0 0 1 5.9095
0 0 0 0 1 5.883
0 0 0 0 1 5.83142
0 0 0 0 1 5.89739
0 0 0 0 1 5.84574
0 0 0 0 1 5.85304
0 0 0 0 0 5.88414
0 0 0 0 1 5.9689
0 0 0 0 0 5.94695
0 0 0 0 0 5.93688
0 0 0 0 1 5.99859
0 0 0 0 1 5.94808
0 0 0 0 1 5.99814
0 0 0 0 1 6.01237
0 0 0 0 0 6.00259
0 0 0 0 1 6.1005
0 0 0 0 0 6.10311
0 0 0 0 1 6.05105
0 0 0 0 1 6.05973
0 0 0 0 1 6.05627
0 0 0 0 1 6.08959
0 0 0 0 1 6.09131
0 0 0 0 1 6.14452
0 0 0 0 1 6.18458
0 0 0 0 1 6.20631
0 0 0 0 0 6.16614
0 0 0 0 1 6.23057
0 0 0 0 1 6.27765
0 0 0 0 1 6.24992
0 0 0 0 0 6.23368
0 0 0 0 1 6.26865
0 0 0 0 1 6.25334
0 0 0 0 1 6.38347
0 0 0 0 1 6.34938
0 0 0 0 1 6.40975
0 0 0 0 0 6.41384
0 0 0 0 1 6.45562
0 0 0 0 1 6.42777
0 0 0 0 1 6.45699
0 0 0 0 0 6.51944
0 0 0 0 0 6.41949
0 0 0 0 0 6.53424
0 0 0 0 1 6.53878
0 0 0 0 1 6.55641
0 0 0 0 1 6.59974
0 0 0 0 1 6.64995
0 0 0 0 1 6.58881
0 0 0 0 1 6.66578
0 0 0 0 1 6.58369
0 0 0 0 1 6.74125
0 0 0 0 1 6.67945
0 0 0 0 0 6.75824
0 0 0 0 1 6.79657
0 0 0 0 1 6.78107
0 0 0 0 1 6.71791
0 0 0 0 1 6.85856
0 0 0 0 1 6.78146
0 0 0 0 1 6.81353
0 0 0 0 0 6.89399
0 0 0 0 0 6.84366
0 0 0 0 0 6.95293
0 0 0 0 1 6.98589
0 0 0 0 1 6.91426
0 0 0 0 0 6.98925
0 0 0 0 0 7.01549
0 0 0 0 1 7.01311
0 0 0 0 0 7.11046
0 0 0 0 1 7.05176
0 0 0 0 0 7.07834
0 0 0 0 1 7.16246
0 0 0 0 1 7.18229
0 0 0 0 0 7.28136
0 0 0 0 1 7.19991
0 0 0 0 1 7.24126
0 0 0 0 1 7.31995
0 0 0 0 0 7.42822
0 0 0 0 1 7.31641
0 0 0 0 1 7.46975
0 0 0 0 0 7.4306
0 0 0 0 1 7.54104
0 0 0 0 1 7.56924
0 0 0 0 1 7.6202
0 0 0 0 0 7.64111
0 0 0 0 1 7.60911
0 0 0 0 1 7.63747
0 0 0 0 1 7.70436
0 0 0 0 1 7.73307
0 0 0 0 1 7.80067
0 0 0 0 1 7.82192
0 0 0 0 0 7.77317
0 0 0 0 1 7.78624
0 0 0 0 1 7.8303
0 0 0 0 0 7.97842
0 0 0 0 1 8.06343
0 0 0 0 1 8.02102
0 0 0 0 0 7.98607
0 0 0 0 1 8.04782
0 0 0 0 1 8.14195
0 0 0 0 1 8.13088
0 0 0 0 1 8.21762
0 0 0 0 0 8.36296
0 0 0 0 1 8.327
0 0 0 0 1 8.33162
0 0 0 0 1 8.35276
0 0 0 0 1 8.44992
0 0 0 0 1 8.47125
0 0 0 0 1 8.50958
0 0 0 0 1 8.54013
0 0 0 0 1 8.64768
0 0 0 0 0 8.64232
0 0 0 0 0 8.79463
0 0 0 0 1 8.80681
0 0 0 0 1 8.76731
0 0 0 0 0 8.94755
0 0 0 0 1 8.99531
0 0 0 0 1 8.92606
0 0 0 0 0 9.07293
0 0 0 0 1 9.10354
0 0 0 0 0 9.14223
0 0 0 0 1 9.27314
0 0 0 0 0 9.30302
0 0 0 0 1 9.37116
0 0 0 0 1 9.39044
0 0 0 0 1 9.51453
0 0 0 0 1 9.60992
0 0 0 0 0 9.58124
0 0 0 0 1 9.56246
0 0 0 0 1 9.74545
0 0 0 0 1 9.84221
0 0 0 0 1 9.82135
0 0 0 0 0 9.97939
0 0 0 0 1 9.89636
0 0 0 0 1 9.9637
0 0 0 0 0 10.1511
0 0 0 0 0 10.2501
0 0 0 0 0 10.1734
0 0 0 0 1 10.2499
0 0 0 0 1 10.4432
0 0 0 0 1 10.4055
0 0 0 0 1 10.5143
0 0 0 0 1 10.5792
0 0 0 0 0 10.8502
0 0 0 0 1 10.8732
0 0 0 0 1 9.22214
0 0 0 0 1 9.30033
0 0 0 0 0 9.19777
0 0 0 0 1 9.31277
0 0 0 0 1 9.25689
0 0 0 0 1 9.25181
0 0 0 0 0 9.12301
0 0 0 0 1 9.19171
0 0 0 0 0 9.09117
0 0 0 0 1 9.04134
0 0 0 0 1 9.06904
0 0 0 0 1 9.11949
0 0 0 0 1 9.01123
0 0 0 0 0 9.07521
0 0 0 0 1 8.98136
0 0 0 0 1 8.93729
0 0 0 0 1 9.06886
0 0 0 0 0 9.01603
0 0 0 0 0 8.96349
0 0 0 0 0 9.00944
0 0 0 0 0 8.93537
0 0 0 0 1 8.87468
0 0 0 0 1 8.82318
0 0 0 0 1 8.94031
0 0 0 0 0 8.92444
0 0 0 0 1 8.91365
0 0 0 0 1 8.8805
0 0 0 0 1 8.75962
0 0 0 0 1 8.80607
0 0 0 0 1 8.80865
0 0 0 0 0 8.81132
0 0 0 0 1 8.79297
0 0 0 0 1 8.67387
0 0 0 0 1 8.61619
0 0 0 0 0 8.68045
0 0 0 0 1 8.6839
0 0 0 0 1 8.60951
0 0 0 0 1 8.69113
0 0 0 0 1 8.62583
0 0 0 0 1 8.54362
0 0 0 0 1 8.68559
0 0 0 0 1 8.62097
0 0 0 0 0 8.6425
0 0 0 0 0 8.62982
0 0 0 0 1 8.61731
0 0 0 0 1 8.5537
0 0 0 0 1 8.6129
0 0 0 0 1 8.59231
0 0 0 0 0 8.53267
0 0 0 0 1 8.67384
0 0 0 0 1 8.73625
0 0 0 0 0 9.03943
0 0 0 0 1 9.11146
0 0 0 0 1 9.14517
0 0 0 0 1 9.31631
0 0 0 0 1 9.47903
0 0 0 0 1 9.73913
0 0 0 0 1 9.81579
0 0 0 0 1 10.0498
0 0 0 0 1 10.286
0 0 0 0 1 10.4519
0 0 0 0 1 10.6267
0 0 0 0 1 10.7053
0 0 0 0 1 10.9199
0 0 0 0 1 11.124
0 0 0 0 1 11.4403
0 0 0 0 1 11.4925
0 0 0 0 0 11.9378
0 0 0 0 1 12.0301
0 0 0 0 1 12.3456
0 0 0 0 0 12.5354
0 0 0 0 1 12.8347
0 0 0 0 1 22.5009
0 0 0 0 0 22.891
0 0 0 0 1 22.5756
0 0 0 0 1 22.8298
0 0 0 0 0 22.5629
0 0 0 0 1 22.4553
0 0 0 0 1 22.7328
0 0 0 0 1 22.8294
0 0 0 0 1 22.7908
0 0 0 0 1 22.7301
0 0 0 0 1 22.3767
0 0 0 0 0 22.4975
0 0 0 0 0 22.3271
0 0 0 0 1 22.3135
0 0 0 0 1 22.3904
0 0 0 0 1 22.58
0 0 0 0 0 22.7024
0 0 0 0 1 22.6903
0 0 0 0 0 23.246
0 0 0 0 1 23.9067
0 0 0 0 0 25.2437
0 0 0 0 1 26.0026
0 0 0 0 1 36.6361
0 0 0 0 1 36.5482
0 0 0 0 0 36.6794
0 0 0 0 1 36.5203
0 0 0 0 1 36.247
0 0 0 0 0 38.1796
0 0 0 0 1 52.2229
0 0 0 0 1 52.4155
0 0 0 0 0 51.8811
0 0 0 0 0 52.3879
0 0 0 0 1 51.8551
0 0 0 0 0 56.5543
0 0 0 0 1 65.1352
0 0 0 0 1 69.9426
0 0 0 0 1 81.1555
0 0 0 0 0 4.99998
0 0 0 0 0 5.03505
0 0 0 0 0 5.04006
0 0 0 0 0 5.03505
0 0 0 0 0 5.04006
0 0 0 0 0 5.02002
0 0 0 0 0 4.99998
0 0 0 0 0 4.97994
0 0 0 0 0 5.05509
0 0 0 0 0 5.01501
0 0 0 0 0 4.99998
0 0 0 0 0 4.9599
0 0 0 0 1 87.766
0 0 0 0 1 86.8991
0 0 0 0 1 74.4686
0 0 0 0 0 64.222
0 0 0 0 1 59.9212
0 0 0 0 1 60.6587
0 0 0 0 1 60.2467
0 0 0 0 0 51.055
0 0 0 0 1 47.5073
0 0 0 0 1 48.1915
0 0 0 0 0 38.9993
0 0 0 0 0 36.783
0 0 0 0 1 35.6322
0 0 0 0 1 35.3946
0 0 0 0 1 35.7635
0 0 0 0 1 35.6343
0 0 0 0 1 28.3306
0 0 0 0 1 26.7767
0 0 0 0 1 25.716
0 0 0 0 0 24.7376
0 0 0 0 0 24.774
0 0 0 0 1 24.8109
0 0 0 0 1 24.8718
0 0 0 0 1 24.7618
0 0 0 0 1 24.4547
0 0 0 0 1 24.7402
0 0 0 0 0 24.9031
0 0 0 0 1 24.6958
0 0 0 0 0 24.4873
0 0 0 0 0 18.1453
0 0 0 0 1 17.5266
0 0 0 0 1 17.1574
0 0 0 0 1 16.711
0 0 0 0 0 16.1795
0 0 0 0 1 15.816
0 0 0 0 1 15.5319
0 0 0 0 1 15.0153
0 0 0 0 0 14.6244
0 0 0 0 1 14.4519
0 0 0 0 1 14.1272
0 0 0 0 1 13.7898
0 0 0 0 0 13.9127
0 0 0 0 1 13.8274
0 0 0 0 1 13.8675
0 0 0 0 1 13.9916
0 0 0 0 0 13.8671
0 0 0 0 1 13.922
0 0 0 0 0 13.9493
0 0 0 0 1 14.0328
0 0 0 0 1 13.965
0 0 0 0 1 13.9791
0 0 0 0 0 13.9934
0 0 0 0 1 14.1485
0 0 0 0 1 14.1941
0 0 0 0 0 13.9418
0 0 0 0 0 14.1262
0 0 0 0 1 14.2009
0 0 0 0 1 14.2735
0 0 0 0 0 14.2332
0 0 0 0 1 14.309
0 0 0 0 1 14.3258
0 0 0 0 1 14.2179
0 0 0 0 1 14.3062
0 0 0 0 1 14.2269
0 0 0 0 0 14.2873
0 0 0 0 1 14.2654
0 0 0 0 1 14.3407
0 0 0 0 1 14.262
0 0 0 0 1 14.2949
0 0 0 0 1 8.87005
0 0 0 0 1 8.64251
0 0 0 0 1 8.61585
0 0 0 0 1 8.44376
0 0 0 0 1 8.41613
0 0 0 0 0 8.20447
0 0 0 0 1 8.11136
0 0 0 0 1 8.10618
0 0 0 0 1 7.95627
0 0 0 0 1 7.86315
0 0 0 0 1 7.80293
0 0 0 0 0 7.70211
0 0 0 0 1 7.7026
0 0 0 0 1 7.49734
0 0 0 0 1 7.45186
0 0 0 0 1 7.40757
0 0 0 0 1 7.33889
0 0 0 0 1 7.17066
0 0 0 0 0 7.10485
0 0 0 0 1 7.02484
0 0 0 0 0 7.02939
0 0 0 0 1 6.95127
0 0 0 0 0 6.89883
0 0 0 0 1 6.79389
0 0 0 0 1 6.73713
0 0 0 0 0 6.62682
0 0 0 0 1 6.68328
0 0 0 0 1 6.50775
0 0 0 0 1 6.4906
0 0 0 0 1 6.4882
0 0 0 0 1 6.444
0 0 0 0 1 6.32631
0 0 0 0 1 6.3354
0 0 0 0 1 6.25014
0 0 0 0 0 6.20257
0 0 0 0 1 6.09995
0 0 0 0 1 6.02862
0 0 0 0 0 5.98458
0 0 0 0 1 5.97959
0 0 0 0 0 5.89985
0 0 0 0 1 5.88248
0 0 0 0 1 5.83267
0 0 0 0 1 5.7657
0 0 0 0 1 5.76804
0 0 0 0 0 5.64155
0 0 0 0 1 5.61536
0 0 0 0 1 5.62262
0 0 0 0 1 5.54892
0 0 0 0 1 5.57769
0 0 0 0 0 5.47395
0 0 0 0 1 5.44738
0 0 0 0 1 5.41847
0 0 0 0 1 5.3842
0 0 0 0 0 5.27757
0 0 0 0 1 5.3021
0 0 0 0 0 5.27015
0 0 0 0 1 5.16842
0 0 0 0 1 5.13503
0 0 0 0 1 5.18923
0 0 0 0 1 5.07361
0 0 0 0 1 5.08291
0 0 0 0 1 5.06969
0 0 0 0 0 4.97944
0 0 0 0 1 4.95152
0 0 0 0 0 4.91868
0 0 0 0 1 4.94002
0 0 0 0 0 4.8875
0 0 0 0 1 4.8435
0 0 0 0 1 4.8544
0 0 0 0 1 4.80055
0 0 0 0 1 4.85083
0 0 0 0 0 4.81044
0 0 0 0 0 4.82322
0 0 0 0 0 4.92277
0 0 0 0 1 4.8969
0 0 0 0 0 4.95919
0 0 0 0 1 4.93322
0 0 0 0 1 4.98002
0 0 0 0 1 4.97377
0 0 0 0 0 5.01722
0 0 0 0 0 5.01475
0 0 0 0 1 5.03854
0 0 0 0 1 5.00719
0 0 0 0 0 5.02602
0 0 0 0 1 5.04496
0 0 0 0 1 5.11994
0 0 0 0 0 5.14951
0 0 0 0 1 5.09217
0 0 0 0 1 5.14613
0 0 0 0 1 5.1038
0 0 0 0 1 5.20083
0 0 0 0 0 5.16869
0 0 0 0 1 5.26139
0 0 0 0 1 5.22389
0 0 0 0 0 5.30164
0 0 0 0 1 5.31663
0 0 0 0 1 5.32787
0 0 0 0 0 5.34828
0 0 0 0 1 5.29933
0 0 0 0 0 5.41082
0 0 0 0 1 5.4262
0 0 0 0 1 5.42693
0 0 0 0 1 5.42062
0 0 0 0 0 5.50142
0 0 0 0 1 5.50614
0 0 0 0 0 5.50686
0 0 0 0 0 5.56117
0 0 0 0 1 5.56748
0 0 0 0 1 5.53873
0 0 0 0 1 5.55033
0 0 0 0 0 5.60538
0 0 0 0 0 5.62846
0 0 0 0 0 5.71247
0 0 0 0 1 5.75312
0 0 0 0 1 5.70651
0 0 0 0 1 5.72419
0 0 0 0 1 5.84018
0 0 0 0 1 5.85839
0 0 0 0 1 5.79912
0 0 0 0 1 5.88146
0 0 0 0 0 5.91732
0 0 0 0 0 5.92966
0 0 0 0 1 6.00742
0 0 0 0 1 5.93021
0 0 0 0 1 5.95426
0 0 0 0 1 6.01462
0 0 0 0 0 6.08148
0 0 0 0 1 6.1305
0 0 0 0 0 6.08776
0 0 0 0 1 6.1693
0 0 0 0 1 9.5
0 0 0 0 1 9.396
0 0 0 0 1 9.41229
0 0 0 0 0 9.40959
0 0 0 0 1 9.47574
0 0 0 0 1 9.32315
0 0 0 0 1 9.28337
0 0 0 0 0 9.21266
0 0 0 0 0 9.28783
0 0 0 0 1 9.29462
0 0 0 0 1 9.13573
0 0 0 0 1 9.13376
0 0 0 0 1 9.04952
0 0 0 0 1 9.0478
0 0 0 0 1 9.12784
0 0 0 0 1 9.09872
0 0 0 0 1 9.05173
0 0 0 0 1 9.01076
0 0 0 0 1 8.99125
0 0 0 0 1 9.03123
0 0 0 0 1 8.93148
0 0 0 0 1 8.87685
0 0 0 0 1 8.92011
0 0 0 0 1 8.83054
0 0 0 0 0 8.75577
0 0 0 0 1 8.75516
0 0 0 0 1 8.68447
0 0 0 0 1 8.78225
0 0 0 0 1 8.70317
0 0 0 0 1 8.74293
0 0 0 0 1 8.75122
0 0 0 0 1 8.56577
0 0 0 0 1 8.67815
0 0 0 0 1 8.54558
0 0 0 0 1 8.50309
0 0 0 0 1 8.63709
0 0 0 0 1 8.62028
0 0 0 0 1 8.48093
0 0 0 0 1 8.52067
0 0 0 0 1 8.55181
0 0 0 0 1 8.40528
0 0 0 0 1 8.4957
0 0 0 0 1 8.3874
0 0 0 0 0 8.41039
0 0 0 0 1 8.41658
0 0 0 0 1 8.4061
0 0 0 0 0 8.26233
0 0 0 0 1 8.38085
0 0 0 0 1 8.35416
0 0 0 0 1 8.31109
0 0 0 0 1 8.28104
0 0 0 0 1 8.3209
0 0 0 0 0 8.29484
0 0 0 0 1 8.17043
0 0 0 0 1 8.16135
0 0 0 0 0 8.25052
0 0 0 0 1 8.217
0 0 0 0 1 8.19186
0 0 0 0 1 8.20755
0 0 0 0 1 8.0854
0 0 0 0 1 8.1338
0 0 0 0 1 8.15788
0 0 0 0 1 8.01268
0 0 0 0 1 8.1296
0 0 0 0 1 7.96908
0 0 0 0 1 8.02576
0 0 0 0 0 8.02632
0 0 0 0 1 8.05095
0 0 0 0 1 7.91989
0 0 0 0 1 7.92096
0 0 0 0 1 7.86651
0 0 0 0 1 7.93929
0 0 0 0 1 7.89317
0 0 0 0 1 7.82715
0 0 0 0 1 7.90787
0 0 0 0 1 7.93328
0 0 0 0 1 7.9386
0 0 0 0 1 7.9204
0 0 0 0 1 7.86757
0 0 0 0 1 7.90903
0 0 0 0 1 7.75504
0 0 0 0 1 7.77662
0 0 0 0 1 7.71708
0 0 0 0 1 7.76683
0 0 0 0 1 7.843
0 0 0 0 1 7.83834
0 0 0 0 1 7.82139
