0 0 0 0 1 5.5307
0 0 0 0 1 5.58423
0 0 0 0 1 5.58796
0 0 0 0 1 5.56638
0 0 0 0 1 5.54237
0 0 0 0 0 5.61345
0 0 0 0 0 5.56076
0 0 0 0 1 5.59856
0 0 0 0 0 5.60518
0 0 0 0 1 5.64897
0 0 0 0 0 5.64797
0 0 0 0 1 5.63014
0 0 0 0 1 5.70489
0 0 0 0 1 5.68163
0 0 0 0 1 5.72641
0 0 0 0 1 5.72804
0 0 0 0 1 5.67652
0 0 0 0 1 5.6648
0 0 0 0 1 5.67596
0 0 0 0 1 5.65685
0 0 0 0 1 5.71395
0 0 0 0 1 5.69678
0 0 0 0 1 5.76011
0 0 0 0 0 5.7201
0 0 0 0 1 5.80875
0 0 0 0 1 5.8382
0 0 0 0 0 5.78676
0 0 0 0 1 5.85128
0 0 0 0 1 5.7649
0 0 0 0 1 5.85312
0 0 0 0 1 5.89506
0 0 0 0 1 5.88025
0 0 0 0 0 5.80683
0 0 0 0 1 5.83729
0 0 0 0 0 5.89739
0 0 0 0 1 5.84574
0 0 0 0 1 5.85304
0 0 0 0 1 5.93747
0 0 0 0 1 5.98077
0 0 0 0 1 5.98266
0 0 0 0 1 6.02638
0 0 0 0 1 6.0285
0 0 0 0 1 6.03194
0 0 0 0 1 5.9441
0 0 0 0 1 6.02441
0 0 0 0 0 6.08705
0 0 0 0 1 6.04603
0 0 0 0 1 6.04245
0 0 0 0 0 6.0328
0 0 0 0 1 6.08412
0 0 0 0 1 6.06239
0 0 0 0 0 6.15698
0 0 0 0 1 6.15277
0 0 0 0 1 6.14452
0 0 0 0 1 6.16606
0 0 0 0 0 6.24344
0 0 0 0 1 6.20957
0 0 0 0 0 6.19945
0 0 0 0 0 6.29637
0 0 0 0 1 6.26243
0 0 0 0 0 6.26506
0 0 0 0 0 6.35676
0 0 0 0 1 6.31644
0 0 0 0 1 6.2949
0 0 0 0 1 6.29863
0 0 0 0 0 6.31427
0 0 0 0 1 6.43298
0 0 0 0 1 6.35956
0 0 0 0 1 6.35713
0 0 0 0 1 6.43766
0 0 0 0 0 6.51944
0 0 0 0 1 6.41949
0 0 0 0 1 6.45622
0 0 0 0 1 6.5127
0 0 0 0 1 6.49104
0 0 0 0 1 6.59974
0 0 0 0 1 6.62361
0 0 0 0 0 6.66803
0 0 0 0 0 6.69228
0 0 0 0 1 6.67014
0 0 0 0 1 6.71455
0 0 0 0 1 6.71292
0 0 0 0 1 6.74482
0 0 0 0 0 6.78984
0 0 0 0 0 6.82839
0 0 0 0 1 6.84684
0 0 0 0 1 6.78364
0 0 0 0 1 6.87717
0 0 0 0 1 6.79294
0 0 0 0 0 6.93531
0 0 0 0 1 6.87822
0 0 0 0 1 6.87668
0 0 0 0 1 6.93718
0 0 0 0 1 7.01902
0 0 0 0 1 7.05235
0 0 0 0 1 7.07178
0 0 0 0 1 7.03432
0 0 0 0 0 7.14594
0 0 0 0 1 7.05176
0 0 0 0 1 7.22134
0 0 0 0 1 7.2414
0 0 0 0 1 7.13186
0 0 0 0 1 7.16556
0 0 0 0 1 7.31615
0 0 0 0 1 7.29236
0 0 0 0 1 7.31995
0 0 0 0 1 7.32515
0 0 0 0 1 7.30903
0 0 0 0 1 7.45491
0 0 0 0 0 7.37843
0 0 0 0 1 7.556
0 0 0 0 1 7.4565
0 0 0 0 1 7.53713
0 0 0 0 1 7.57282
0 0 0 0 1 7.68528
0 0 0 0 1 7.66808
0 0 0 0 1 7.75819
0 0 0 0 1 7.76397
0 0 0 0 0 7.78515
0 0 0 0 1 7.75173
0 0 0 0 0 7.90624
0 0 0 0 1 7.79411
0 0 0 0 0 7.92521
0 0 0 0 0 7.91485
0 0 0 0 0 7.94356
0 0 0 0 1 8.03708
0 0 0 0 1 8.01027
0 0 0 0 1 8.07213
0 0 0 0 1 8.0686
0 0 0 0 1 8.18001
0 0 0 0 1 8.31643
0 0 0 0 1 8.23876
0 0 0 0 1 8.3686
0 0 0 0 0 8.33998
0 0 0 0 0 8.37799
0 0 0 0 1 8.433
0 0 0 0 1 8.45424
0 0 0 0 1 8.52668
0 0 0 0 1 8.60027
0 0 0 0 0 8.69087
0 0 0 0 1 8.63363
0 0 0 0 1 8.71595
0 0 0 0 1 8.82441
0 0 0 0 1 8.90872
0 0 0 0 1 8.97424
0 0 0 0 1 9.03111
0 0 0 0 1 8.95308
0 0 0 0 1 9.07293
0 0 0 0 1 9.20378
0 0 0 0 1 9.25227
0 0 0 0 0 9.25469
0 0 0 0 1 9.26588
0 0 0 0 1 9.26848
0 0 0 0 0 9.37164
0 0 0 0 1 9.41995
0 0 0 0 1 9.49563
0 0 0 0 1 9.6292
0 0 0 0 0 9.7072
0 0 0 0 0 9.62886
0 0 0 0 1 9.84221
0 0 0 0 1 9.93956
0 0 0 0 1 9.84065
0 0 0 0 1 9.9463
0 0 0 0 0 9.99386
0 0 0 0 1 10.0802
0 0 0 0 1 10.1379
0 0 0 0 1 10.2454
0 0 0 0 1 10.4466
0 0 0 0 1 10.5265
0 0 0 0 1 10.4475
0 0 0 0 1 10.6836
0 0 0 0 1 10.7178
0 0 0 0 0 10.7213
0 0 0 0 1 10.8949
0 0 0 0 0 9.25937
0 0 0 0 1 9.34674
0 0 0 0 0 9.29966
0 0 0 0 0 9.16495
0 0 0 0 1 9.30299
0 0 0 0 1 9.20583
0 0 0 0 1 9.26986
0 0 0 0 1 9.24664
0 0 0 0 1 9.15513
0 0 0 0 1 9.0778
0 0 0 0 1 9.01446
0 0 0 0 1 9.0832
0 0 0 0 1 9.02029
0 0 0 0 1 9.06617
0 0 0 0 1 9.04448
0 0 0 0 1 8.93729
0 0 0 0 1 9.04192
0 0 0 0 1 8.98018
0 0 0 0 1 8.85614
0 0 0 0 1 8.88444
0 0 0 0 1 8.89083
0 0 0 0 1 8.83911
0 0 0 0 1 8.85869
0 0 0 0 1 8.81626
0 0 0 0 1 8.86253
0 0 0 0 1 8.8607
0 0 0 0 1 8.86288
0 0 0 0 1 8.73324
0 0 0 0 1 8.83241
0 0 0 0 0 8.75606
0 0 0 0 1 8.79382
0 0 0 0 1 8.65326
0 0 0 0 1 8.73489
0 0 0 0 1 8.78155
0 0 0 0 1 8.62832
0 0 0 0 1 8.62318
0 0 0 0 1 8.73077
0 0 0 0 0 8.62195
0 0 0 0 1 8.67764
0 0 0 0 1 8.64707
0 0 0 0 1 8.64254
0 0 0 0 1 8.62957
0 0 0 0 0 8.52235
0 0 0 0 1 8.51841
0 0 0 0 1 8.52318
0 0 0 0 1 8.49388
0 0 0 0 1 8.58729
0 0 0 0 0 8.55821
0 0 0 0 1 8.65273
0 0 0 0 1 8.74344
0 0 0 0 0 8.78037
0 0 0 0 1 8.94088
0 0 0 0 1 9.066
0 0 0 0 1 9.14517
0 0 0 0 1 9.46643
0 0 0 0 0 9.51718
0 0 0 0 1 9.72945
0 0 0 0 0 9.85517
0 0 0 0 1 10.1099
0 0 0 0 1 10.2351
0 0 0 0 1 10.3794
0 0 0 0 1 10.5423
0 0 0 0 0 10.7053
0 0 0 0 1 10.8433
0 0 0 0 0 11.0794
0 0 0 0 0 11.4744
0 0 0 0 0 11.6894
0 0 0 0 1 11.9141
0 0 0 0 1 12.0181
0 0 0 0 0 12.4071
0 0 0 0 1 12.4976
0 0 0 0 0 12.7191
0 0 0 0 1 22.6146
0 0 0 0 1 22.891
0 0 0 0 1 22.621
0 0 0 0 1 22.8751
0 0 0 0 1 22.4949
0 0 0 0 1 22.7495
0 0 0 0 1 22.8459
0 0 0 0 1 22.4226
0 0 0 0 1 22.7005
0 0 0 0 1 22.7301
0 0 0 0 0 22.6248
0 0 0 0 1 22.3172
0 0 0 0 1 22.4398
0 0 0 0 1 22.3586
0 0 0 0 1 22.2779
0 0 0 0 1 22.5125
0 0 0 0 1 22.3652
0 0 0 0 1 22.3533
0 0 0 0 1 23.0836
0 0 0 0 1 24.3409
0 0 0 0 1 25.2437
0 0 0 0 0 26.1598
0 0 0 0 1 36.2719
0 0 0 0 0 36.075
0 0 0 0 0 36.6431
0 0 0 0 1 36.6294
0 0 0 0 0 36.6837
0 0 0 0 0 38.3722
0 0 0 0 1 51.8064
0 0 0 0 1 51.843
0 0 0 0 0 51.7771
0 0 0 0 1 51.8156
0 0 0 0 0 52.3232
0 0 0 0 0 56.6671
0 0 0 0 1 66.0517
0 0 0 0 1 70.0819
0 0 0 0 0 80.9919
0 0 0 0 0 4.99497
0 0 0 0 0 4.98495
0 0 0 0 0 4.99497
0 0 0 0 0 5.03505
0 0 0 0 0 4.98996
0 0 0 0 0 4.99998
0 0 0 0 0 5.04006
0 0 0 0 0 5.04006
0 0 0 0 0 4.96992
0 0 0 0 0 5.05509
0 0 0 0 0 4.98495
0 0 0 0 0 5.04006
0 0 0 0 1 86.8025
0 0 0 0 0 87.2495
0 0 0 0 1 74.4686
0 0 0 0 0 63.5198
0 0 0 0 1 59.9212
0 0 0 0 1 60.6587
0 0 0 0 1 60.1256
0 0 0 0 0 51.9833
0 0 0 0 1 47.6512
0 0 0 0 1 48.1435
0 0 0 0 1 39.1956
0 0 0 0 1 36.9303
0 0 0 0 0 35.9175
0 0 0 0 1 35.5373
0 0 0 0 0 36.049
0 0 0 0 1 35.6343
0 0 0 0 1 28.2183
0 0 0 0 1 26.6963
0 0 0 0 1 25.5622
0 0 0 0 1 24.4668
0 0 0 0 0 24.4539
0 0 0 0 1 24.4906
0 0 0 0 0 24.4774
0 0 0 0 0 24.5645
0 0 0 0 1 24.8989
0 0 0 0 1 24.4686
0 0 0 0 1 24.8043
0 0 0 0 1 24.6958
0 0 0 0 1 24.5368
0 0 0 0 1 18.3455
0 0 0 0 1 17.7035
0 0 0 0 1 17.1574
0 0 0 0 1 16.5604
0 0 0 0 1 16.4565
0 0 0 0 1 15.7207
0 0 0 0 1 15.439
0 0 0 0 1 15.227
0 0 0 0 1 14.831
0 0 0 0 0 14.4519
0 0 0 0 1 13.9862
0 0 0 0 1 13.8314
0 0 0 0 1 13.9266
0 0 0 0 1 13.7996
0 0 0 0 1 13.8258
0 0 0 0 1 13.9916
0 0 0 0 1 13.9368
0 0 0 0 1 13.8522
0 0 0 0 1 13.9493
0 0 0 0 0 13.8789
0 0 0 0 1 14.1191
0 0 0 0 1 13.923
0 0 0 0 1 14.1198
0 0 0 0 1 13.9378
0 0 0 0 1 14.0956
0 0 0 0 1 14.0686
0 0 0 0 1 13.9711
0 0 0 0 1 14.2574
0 0 0 0 1 14.0897
0 0 0 0 1 14.2756
0 0 0 0 1 14.1107
0 0 0 0 1 14.2833
0 0 0 0 1 14.1753
0 0 0 0 1 14.3631
0 0 0 0 1 14.0987
0 0 0 0 1 14.3016
0 0 0 0 1 14.2939
0 0 0 0 0 14.1977
0 0 0 0 1 14.219
0 0 0 0 0 14.2662
0 0 0 0 1 8.86123
0 0 0 0 0 8.73834
0 0 0 0 0 8.57286
0 0 0 0 1 8.55419
0 0 0 0 1 8.40774
0 0 0 0 0 8.33706
0 0 0 0 1 8.23426
0 0 0 0 0 8.15472
0 0 0 0 1 8.04423
0 0 0 0 1 7.92637
0 0 0 0 1 7.78729
0 0 0 0 0 7.77936
0 0 0 0 1 7.64911
0 0 0 0 1 7.56536
0 0 0 0 1 7.49671
0 0 0 0 1 7.38537
0 0 0 0 1 7.26572
0 0 0 0 0 7.31552
0 0 0 0 0 7.21956
0 0 0 0 1 7.10999
0 0 0 0 1 6.99427
0 0 0 0 0 6.90256
0 0 0 0 1 6.83687
0 0 0 0 1 6.87574
0 0 0 0 0 6.81822
0 0 0 0 0 6.68706
0 0 0 0 1 6.67002
0 0 0 0 1 6.51432
0 0 0 0 1 6.4841
0 0 0 0 1 6.50755
0 0 0 0 1 6.43122
0 0 0 0 0 6.31365
0 0 0 0 1 6.2161
0 0 0 0 1 6.23769
0 0 0 0 0 6.15319
0 0 0 0 0 6.08159
0 0 0 0 1 6.03469
0 0 0 0 1 6.05683
0 0 0 0 0 5.91395
0 0 0 0 1 5.87023
0 0 0 0 1 5.86487
0 0 0 0 0 5.7744
0 0 0 0 1 5.82353
0 0 0 0 0 5.72787
0 0 0 0 0 5.74392
0 0 0 0 1 5.59843
0 0 0 0 1 5.56662
0 0 0 0 1 5.59345
0 0 0 0 1 5.51142
0 0 0 0 1 5.44107
0 0 0 0 1 5.38758
0 0 0 0 1 5.37525
0 0 0 0 0 5.37883
0 0 0 0 0 5.27224
0 0 0 0 1 5.27564
0 0 0 0 1 5.28065
0 0 0 0 1 5.19972
0 0 0 0 1 5.14539
0 0 0 0 1 5.16864
0 0 0 0 0 5.15033
0 0 0 0 1 5.1032
0 0 0 0 1 5.07977
0 0 0 0 1 5.05967
0 0 0 0 1 4.94654
0 0 0 0 1 4.93353
0 0 0 0 1 4.94002
0 0 0 0 0 4.89239
0 0 0 0 1 4.87751
0 0 0 0 0 4.80132
0 0 0 0 1 4.77648
0 0 0 0 1 4.78326
0 0 0 0 1 4.85888
0 0 0 0 1 4.90102
0 0 0 0 0 4.9179
0 0 0 0 1 4.88711
0 0 0 0 1 4.89536
0 0 0 0 1 4.97758
0 0 0 0 1 4.93556
0 0 0 0 1 4.9093
0 0 0 0 1 5.01722
0 0 0 0 0 4.97483
0 0 0 0 1 4.99848
0 0 0 0 1 5.06751
0 0 0 0 1 5.01088
0 0 0 0 1 5.0247
0 0 0 0 1 5.08943
0 0 0 0 1 5.07806
0 0 0 0 1 5.13316
0 0 0 0 1 5.08963
0 0 0 0 1 5.13989
0 0 0 0 1 5.13873
0 0 0 0 1 5.24141
0 0 0 0 1 5.1936
0 0 0 0 1 5.20819
0 0 0 0 1 5.27537
0 0 0 0 1 5.31663
0 0 0 0 1 5.30667
0 0 0 0 1 5.34828
0 0 0 0 1 5.3581
0 0 0 0 0 5.40546
0 0 0 0 1 5.38851
0 0 0 0 0 5.4594
0 0 0 0 1 5.46407
0 0 0 0 1 5.4578
0 0 0 0 1 5.45688
0 0 0 0 1 5.47936
0 0 0 0 1 5.48937
0 0 0 0 1 5.53418
0 0 0 0 1 5.56102
0 0 0 0 1 5.56713
0 0 0 0 1 5.58852
0 0 0 0 1 5.64541
0 0 0 0 1 5.6444
0 0 0 0 1 5.6847
0 0 0 0 1 5.70078
0 0 0 0 1 5.71269
0 0 0 0 1 5.78814
0 0 0 0 1 5.82352
0 0 0 0 1 5.88663
0 0 0 0 0 5.83455
0 0 0 0 1 5.88195
0 0 0 0 1 5.91781
0 0 0 0 0 5.91812
0 0 0 0 1 5.97808
0 0 0 0 1 5.97831
0 0 0 0 1 6.03276
0 0 0 0 1 6.03288
0 0 0 0 1 6.13661
0 0 0 0 1 6.14913
0 0 0 0 1 6.22488
0 0 0 0 1 9.55711
0 0 0 0 1 9.55718
0 0 0 0 1 9.42174
0 0 0 0 1 9.42843
0 0 0 0 1 9.32563
0 0 0 0 1 9.43536
0 0 0 0 1 9.28337
0 0 0 0 1 9.24055
0 0 0 0 1 9.35265
0 0 0 0 1 9.29462
0 0 0 0 1 9.17254
0 0 0 0 0 9.11542
0 0 0 0 1 9.0678
0 0 0 0 1 9.02958
0 0 0 0 1 9.12784
0 0 0 0 0 9.06251
0 0 0 0 1 8.97954
0 0 0 0 0 8.95675
0 0 0 0 1 9.03612
0 0 0 0 1 8.87907
0 0 0 0 1 8.88687
0 0 0 0 1 8.9658
0 0 0 0 1 8.85804
0 0 0 0 1 8.91009
0 0 0 0 0 8.84395
0 0 0 0 1 8.70242
0 0 0 0 0 8.74582
0 0 0 0 1 8.80849
0 0 0 0 1 8.78165
0 0 0 0 1 8.62114
0 0 0 0 1 8.74255
0 0 0 0 0 8.56577
0 0 0 0 1 8.60051
0 0 0 0 1 8.52837
0 0 0 0 0 8.55457
0 0 0 0 1 8.64565
0 0 0 0 0 8.52639
0 0 0 0 0 8.43835
0 0 0 0 0 8.58014
0 0 0 0 0 8.51791
0 0 0 0 1 8.54058
0 0 0 0 1 8.36072
0 0 0 0 1 8.32851
0 0 0 0 1 8.38521
0 0 0 0 1 8.29933
0 0 0 0 0 8.32254
0 0 0 0 1 8.27067
0 0 0 0 0 8.28108
0 0 0 0 1 8.23801
0 0 0 0 1 8.22004
0 0 0 0 1 8.19013
0 0 0 0 1 8.1972
0 0 0 0 1 8.31129
0 0 0 0 1 8.28539
0 0 0 0 1 8.21871
0 0 0 0 0 8.20963
0 0 0 0 1 8.1354
0 0 0 0 1 8.18372
0 0 0 0 1 8.14254
0 0 0 0 1 8.15028
0 0 0 0 1 8.10952
0 0 0 0 1 8.0448
0 0 0 0 1 7.99656
0 0 0 0 0 8.04106
0 0 0 0 0 7.95301
0 0 0 0 0 8.02576
0 0 0 0 1 7.97831
0 0 0 0 1 7.91517
0 0 0 0 0 8.0475
0 0 0 0 1 7.913
0 0 0 0 1 7.95392
0 0 0 0 0 7.99481
0 0 0 0 1 7.90901
0 0 0 0 1 7.87459
0 0 0 0 1 7.94733
0 0 0 0 1 7.82299
0 0 0 0 0 7.85205
0 0 0 0 1 7.78683
0 0 0 0 0 7.82051
0 0 0 0 1 7.90903
0 0 0 0 1 7.88012
0 0 0 0 1 7.76881
0 0 0 0 1 7.8418
0 0 0 0 1 7.75127
0 0 0 0 0 7.73418
0 0 0 0 0 7.73745
0 0 0 0 1 7.77488
