0 0 0 0 1 5.59172
0 0 0 0 1 5.52311
0 0 0 0 1 5.51561
0 0 0 0 1 5.58309
0 0 0 0 0 5.58702
0 0 0 0 1 5.57431
0 0 0 0 1 5.6223
0 0 0 0 1 5.54812
0 0 0 0 1 5.62763
0 0 0 0 1 5.63773
0 0 0 0 1 5.68739
0 0 0 0 0 5.59065
0 0 0 0 0 5.64276
0 0 0 0 1 5.61938
0 0 0 0 1 5.61302
0 0 0 0 0 5.63153
0 0 0 0 1 5.68221
0 0 0 0 0 5.71609
0 0 0 0 1 5.75019
0 0 0 0 1 5.74256
0 0 0 0 1 5.69105
0 0 0 0 1 5.71399
0 0 0 0 1 5.79461
0 0 0 0 1 5.76619
0 0 0 0 1 5.75107
0 0 0 0 0 5.7515
0 0 0 0 0 5.73463
0 0 0 0 1 5.79904
0 0 0 0 1 5.87543
0 0 0 0 0 5.8881
0 0 0 0 1 5.79573
0 0 0 0 1 5.8744
0 0 0 0 1 5.88886
0 0 0 0 1 5.91364
0 0 0 0 1 5.8503
0 0 0 0 1 5.83984
0 0 0 0 0 5.9299
0 0 0 0 0 5.9197
0 0 0 0 1 5.95702
0 0 0 0 1 5.95885
0 0 0 0 1 5.91898
0 0 0 0 1 6.01056
0 0 0 0 1 5.97204
0 0 0 0 1 5.99213
0 0 0 0 0 6.02441
0 0 0 0 1 5.98449
0 0 0 0 0 6.07024
0 0 0 0 1 6.09098
0 0 0 0 1 6.13011
0 0 0 0 1 6.10241
0 0 0 0 1 6.09905
0 0 0 0 1 6.14473
0 0 0 0 1 6.15277
0 0 0 0 1 6.1753
0 0 0 0 1 6.22161
0 0 0 0 1 6.16918
0 0 0 0 1 6.19096
0 0 0 0 1 6.24924
0 0 0 0 1 6.24645
0 0 0 0 1 6.26243
0 0 0 0 1 6.23995
0 0 0 0 1 6.26235
0 0 0 0 1 6.32906
0 0 0 0 0 6.35184
0 0 0 0 1 6.31766
0 0 0 0 1 6.30154
0 0 0 0 1 6.38831
0 0 0 0 1 6.37877
0 0 0 0 1 6.3764
0 0 0 0 1 6.399
0 0 0 0 1 6.5259
0 0 0 0 1 6.52324
0 0 0 0 1 6.44321
0 0 0 0 1 6.54529
0 0 0 0 1 6.53026
0 0 0 0 1 6.52101
0 0 0 0 0 6.57094
0 0 0 0 1 6.64823
0 0 0 0 1 6.63265
0 0 0 0 1 6.69009
0 0 0 0 0 6.68785
0 0 0 0 0 6.68615
0 0 0 0 1 6.77166
0 0 0 0 1 6.70227
0 0 0 0 1 6.72698
0 0 0 0 1 6.79934
0 0 0 0 0 6.82451
0 0 0 0 1 6.89084
0 0 0 0 1 6.88214
0 0 0 0 1 6.82512
0 0 0 0 1 6.94735
0 0 0 0 1 6.87668
0 0 0 0 1 6.92326
0 0 0 0 1 6.9422
0 0 0 0 0 6.9542
0 0 0 0 0 7.01549
0 0 0 0 0 7.11916
0 0 0 0 1 7.0395
0 0 0 0 1 7.16573
0 0 0 0 1 7.19989
0 0 0 0 0 7.19116
0 0 0 0 1 7.13186
0 0 0 0 1 7.27412
0 0 0 0 0 7.20717
0 0 0 0 1 7.27046
0 0 0 0 1 7.31262
0 0 0 0 1 7.3546
0 0 0 0 1 7.39762
0 0 0 0 1 7.39557
0 0 0 0 1 7.48277
0 0 0 0 1 7.40638
0 0 0 0 1 7.48656
0 0 0 0 1 7.50692
0 0 0 0 1 7.6487
0 0 0 0 1 7.59387
0 0 0 0 0 7.714
0 0 0 0 1 7.65054
0 0 0 0 1 7.76397
0 0 0 0 1 7.80067
0 0 0 0 1 7.77513
0 0 0 0 1 7.78882
0 0 0 0 1 7.93567
0 0 0 0 1 7.9173
0 0 0 0 1 7.88306
0 0 0 0 1 7.95155
0 0 0 0 1 8.05314
0 0 0 0 1 8.08287
0 0 0 0 1 8.18559
0 0 0 0 0 8.0849
0 0 0 0 1 8.13907
0 0 0 0 0 8.17645
0 0 0 0 1 8.19736
0 0 0 0 0 8.2355
0 0 0 0 1 8.42363
0 0 0 0 0 8.39482
0 0 0 0 0 8.37379
0 0 0 0 0 8.58182
0 0 0 0 1 8.56944
0 0 0 0 1 8.5745
0 0 0 0 1 8.64768
0 0 0 0 0 8.73796
0 0 0 0 1 8.73344
0 0 0 0 1 8.842
0 0 0 0 1 8.82918
0 0 0 0 0 8.98313
0 0 0 0 1 8.93266
0 0 0 0 1 8.94407
0 0 0 0 1 9.07293
0 0 0 0 1 9.03064
0 0 0 0 0 9.19725
0 0 0 0 1 9.31005
0 0 0 0 1 9.1916
0 0 0 0 1 9.28715
0 0 0 0 0 9.36224
0 0 0 0 0 9.39158
0 0 0 0 1 9.58135
0 0 0 0 1 9.65797
0 0 0 0 1 9.74579
0 0 0 0 1 9.64829
0 0 0 0 0 9.73459
0 0 0 0 1 9.93956
0 0 0 0 1 9.82083
0 0 0 0 0 9.93631
0 0 0 0 1 10.1145
0 0 0 0 1 10.0295
0 0 0 0 1 10.2297
0 0 0 0 1 10.1734
0 0 0 0 1 10.3742
0 0 0 0 1 10.5265
0 0 0 0 1 10.563
0 0 0 0 1 10.5461
0 0 0 0 1 10.6112
0 0 0 0 1 10.6568
0 0 0 0 1 10.8516
0 0 0 0 1 9.25937
0 0 0 0 1 9.24464
0 0 0 0 1 9.16999
0 0 0 0 1 9.2481
0 0 0 0 1 9.20157
0 0 0 0 1 9.2702
0 0 0 0 0 9.24233
0 0 0 0 1 9.10932
0 0 0 0 1 9.16426
0 0 0 0 1 9.05045
0 0 0 0 0 9.10543
0 0 0 0 0 9.05597
0 0 0 0 1 8.99312
0 0 0 0 1 9.0029
0 0 0 0 1 9.03546
0 0 0 0 1 9.07229
0 0 0 0 1 9.02397
0 0 0 0 1 8.92641
0 0 0 0 0 8.91876
0 0 0 0 1 9.00051
0 0 0 0 1 8.94428
0 0 0 0 1 8.88358
0 0 0 0 1 8.92082
0 0 0 0 1 8.84284
0 0 0 0 1 8.80062
0 0 0 0 0 8.85188
0 0 0 0 1 8.82764
0 0 0 0 1 8.77721
0 0 0 0 1 8.75339
0 0 0 0 1 8.83494
0 0 0 0 1 8.71507
0 0 0 0 1 8.77551
0 0 0 0 0 8.74361
0 0 0 0 1 8.61619
0 0 0 0 1 8.74128
0 0 0 0 1 8.72728
0 0 0 0 1 8.62683
0 0 0 0 1 8.66519
0 0 0 0 1 8.72081
0 0 0 0 1 8.68155
0 0 0 0 1 8.53925
0 0 0 0 1 8.63816
0 0 0 0 1 8.66825
0 0 0 0 1 8.53555
0 0 0 0 1 8.47183
0 0 0 0 1 8.5537
0 0 0 0 0 8.519
0 0 0 0 0 8.49854
0 0 0 0 1 8.58413
0 0 0 0 1 8.73474
0 0 0 0 0 8.88627
0 0 0 0 1 9.02151
0 0 0 0 1 9.0569
0 0 0 0 1 9.27449
0 0 0 0 1 9.31631
0 0 0 0 1 9.47903
0 0 0 0 1 9.59391
0 0 0 0 1 9.83548
0 0 0 0 1 9.9998
0 0 0 0 1 10.1943
0 0 0 0 1 10.2862
0 0 0 0 1 10.4684
0 0 0 0 1 10.6731
0 0 0 0 1 10.9746
0 0 0 0 1 11.1797
0 0 0 0 1 11.4744
0 0 0 0 1 11.6199
0 0 0 0 1 11.8669
0 0 0 0 1 11.9698
0 0 0 0 1 12.2717
0 0 0 0 1 12.4599
0 0 0 0 1 12.8219
0 0 0 0 1 22.91
0 0 0 0 1 22.5277
0 0 0 0 1 22.621
0 0 0 0 1 22.8298
0 0 0 0 1 22.8121
0 0 0 0 0 22.4326
0 0 0 0 1 22.5066
0 0 0 0 1 22.7164
0 0 0 0 0 22.7005
0 0 0 0 1 22.6398
0 0 0 0 1 22.4218
0 0 0 0 1 22.3623
0 0 0 0 1 22.3947
0 0 0 0 1 22.4261
0 0 0 0 1 22.2779
0 0 0 0 1 22.2651
0 0 0 0 1 22.4551
0 0 0 0 1 22.5106
0 0 0 0 1 23.2692
0 0 0 0 1 23.979
0 0 0 0 1 25.319
0 0 0 0 1 26.0812
0 0 0 0 1 36.1263
0 0 0 0 1 36.5118
0 0 0 0 1 36.1336
0 0 0 0 1 36.5566
0 0 0 0 0 36.7565
0 0 0 0 1 38.2566
0 0 0 0 1 52.0146
0 0 0 0 1 51.6348
0 0 0 0 0 52.2974
0 0 0 0 1 52.4399
0 0 0 0 1 51.7511
0 0 0 0 1 55.8213
0 0 0 0 1 64.8079
0 0 0 0 1 69.8729
0 0 0 0 1 81.3191
0 0 0 0 0 5.00499
0 0 0 0 0 4.97493
0 0 0 0 0 4.97994
0 0 0 0 0 5.04006
0 0 0 0 0 5.04006
0 0 0 0 0 5.02002
0 0 0 0 0 4.97493
0 0 0 0 0 5.05509
0 0 0 0 0 4.9599
0 0 0 0 0 5.02002
0 0 0 0 0 5.03505
0 0 0 0 0 5.03004
0 0 0 0 0 88.204
0 0 0 0 1 86.7239
0 0 0 0 1 75.8964
0 0 0 0 1 63.7113
0 0 0 0 1 60.9501
0 0 0 0 1 60.2954
0 0 0 0 0 60.4284
0 0 0 0 1 51.6223
0 0 0 0 1 47.7952
0 0 0 0 1 47.9515
0 0 0 0 1 39.2349
0 0 0 0 1 37.1512
0 0 0 0 1 35.3825
0 0 0 0 0 35.5373
0 0 0 0 1 35.3709
0 0 0 0 0 35.67
0 0 0 0 0 28.1902
0 0 0 0 1 26.6427
0 0 0 0 1 25.716
0 0 0 0 1 24.5407
0 0 0 0 1 24.6016
0 0 0 0 1 24.466
0 0 0 0 0 24.6746
0 0 0 0 0 24.8111
0 0 0 0 1 24.8495
0 0 0 0 0 24.8637
0 0 0 0 0 24.4831
0 0 0 0 1 24.498
0 0 0 0 0 24.5862
0 0 0 0 1 18.1271
0 0 0 0 1 17.7565
0 0 0 0 1 17.2777
0 0 0 0 0 16.8113
0 0 0 0 1 16.2121
0 0 0 0 1 15.7525
0 0 0 0 1 15.439
0 0 0 0 0 15.0607
0 0 0 0 1 14.7277
0 0 0 0 1 14.4375
0 0 0 0 1 14.1695
0 0 0 0 1 13.8176
0 0 0 0 1 13.8849
0 0 0 0 1 13.897
0 0 0 0 0 14.0207
0 0 0 0 1 13.9079
0 0 0 0 1 13.8671
0 0 0 0 1 14.0896
0 0 0 0 1 13.9353
0 0 0 0 1 13.9069
0 0 0 0 0 13.979
0 0 0 0 0 13.9651
0 0 0 0 1 14.0215
0 0 0 0 1 14.1204
0 0 0 0 1 14.0956
0 0 0 0 1 14.0967
0 0 0 0 1 13.9852
0 0 0 0 1 14.2433
0 0 0 0 1 14.2169
0 0 0 0 1 14.0775
0 0 0 0 0 14.2099
0 0 0 0 1 14.0847
0 0 0 0 1 14.1043
0 0 0 0 0 14.1213
0 0 0 0 1 14.2696
0 0 0 0 1 14.3728
0 0 0 0 1 14.2225
0 0 0 0 0 14.2692
0 0 0 0 1 14.4195
0 0 0 0 1 14.4669
0 0 0 0 1 8.8171
0 0 0 0 1 8.65122
0 0 0 0 1 8.56426
0 0 0 0 1 8.40978
0 0 0 0 1 8.34061
0 0 0 0 1 8.30391
0 0 0 0 1 8.20148
0 0 0 0 1 8.08191
0 0 0 0 1 8.03624
0 0 0 0 1 7.92637
0 0 0 0 0 7.85766
0 0 0 0 1 7.77163
0 0 0 0 0 7.71789
0 0 0 0 1 7.5049
0 0 0 0 1 7.48923
0 0 0 0 1 7.45937
0 0 0 0 0 7.36084
0 0 0 0 1 7.26482
0 0 0 0 1 7.11202
0 0 0 0 0 7.05323
0 0 0 0 1 6.99427
0 0 0 0 0 6.99997
0 0 0 0 1 6.94014
0 0 0 0 1 6.8621
0 0 0 0 1 6.7101
0 0 0 0 1 6.71384
0 0 0 0 0 6.65013
0 0 0 0 1 6.63252
0 0 0 0 1 6.4906
0 0 0 0 1 6.4753
0 0 0 0 1 6.41206
0 0 0 0 0 6.30731
0 0 0 0 1 6.26633
0 0 0 0 1 6.24391
0 0 0 0 1 6.1964
0 0 0 0 1 6.09995
0 0 0 0 1 6.04075
0 0 0 0 1 5.97856
0 0 0 0 0 6.0154
0 0 0 0 1 5.888
0 0 0 0 1 5.87661
0 0 0 0 0 5.83267
0 0 0 0 1 5.731
0 0 0 0 1 5.75083
0 0 0 0 1 5.65292
0 0 0 0 1 5.59843
0 0 0 0 1 5.58902
0 0 0 0 0 5.55449
0 0 0 0 1 5.5556
0 0 0 0 1 5.51778
0 0 0 0 1 5.45825
0 0 0 0 0 5.45628
0 0 0 0 1 5.36272
0 0 0 0 1 5.36277
0 0 0 0 0 5.30739
0 0 0 0 1 5.21241
0 0 0 0 1 5.25708
0 0 0 0 1 5.20239
0 0 0 0 1 5.13775
0 0 0 0 1 5.0685
0 0 0 0 1 5.0474
0 0 0 0 1 5.07977
0 0 0 0 1 5.06468
0 0 0 0 1 4.96148
0 0 0 0 1 4.91868
0 0 0 0 1 4.87612
0 0 0 0 1 4.86309
0 0 0 0 1 4.89208
0 0 0 0 1 4.84474
0 0 0 0 1 4.83426
0 0 0 0 1 4.846
0 0 0 0 1 4.82497
0 0 0 0 1 4.90102
0 0 0 0 1 4.89353
0 0 0 0 1 4.88222
0 0 0 0 1 4.91991
0 0 0 0 1 4.92337
0 0 0 0 1 4.89109
0 0 0 0 0 5.00352
0 0 0 0 0 4.98238
0 0 0 0 1 4.95487
0 0 0 0 0 5.03354
0 0 0 0 1 5.03735
0 0 0 0 1 5.03107
0 0 0 0 1 5.07536
0 0 0 0 1 5.10469
0 0 0 0 1 5.11378
0 0 0 0 0 5.07168
0 0 0 0 1 5.16153
0 0 0 0 1 5.1966
0 0 0 0 0 5.18531
0 0 0 0 1 5.22063
0 0 0 0 0 5.19882
0 0 0 0 1 5.271
0 0 0 0 1 5.20706
0 0 0 0 0 5.31663
0 0 0 0 1 5.25366
0 0 0 0 0 5.36957
0 0 0 0 1 5.33138
0 0 0 0 1 5.37328
0 0 0 0 1 5.35622
0 0 0 0 1 5.38906
0 0 0 0 1 5.44235
0 0 0 0 0 5.47416
0 0 0 0 0 5.50614
0 0 0 0 1 5.46285
0 0 0 0 1 5.55564
0 0 0 0 0 5.59524
0 0 0 0 1 5.51644
0 0 0 0 1 5.62314
0 0 0 0 1 5.65598
0 0 0 0 1 5.59455
0 0 0 0 1 5.66141
0 0 0 0 1 5.70751
0 0 0 0 1 5.69506
0 0 0 0 1 5.69543
0 0 0 0 0 5.81706
0 0 0 0 1 5.77702
0 0 0 0 1 5.77578
0 0 0 0 1 5.89906
0 0 0 0 1 5.8407
0 0 0 0 1 5.94743
0 0 0 0 1 5.98956
0 0 0 0 1 6.01997
0 0 0 0 0 5.97831
0 0 0 0 1 6.06298
0 0 0 0 1 6.05111
0 0 0 0 1 6.1244
0 0 0 0 0 6.17981
0 0 0 0 1 6.1446
0 0 0 0 1 9.5476
0 0 0 0 1 9.43393
0 0 0 0 1 9.49734
0 0 0 0 1 9.4661
0 0 0 0 0 9.30687
0 0 0 0 1 9.32315
0 0 0 0 1 9.35793
0 0 0 0 1 9.32422
0 0 0 0 1 9.28783
0 0 0 0 1 9.19309
0 0 0 0 0 9.17254
0 0 0 0 1 9.11542
0 0 0 0 1 9.0678
0 0 0 0 0 9.05692
0 0 0 0 1 9.16417
0 0 0 0 0 9.08967
0 0 0 0 1 9.09686
0 0 0 0 1 9.07378
0 0 0 0 1 9.05406
0 0 0 0 0 8.98648
0 0 0 0 1 8.98502
0 0 0 0 1 8.81459
0 0 0 0 1 8.92898
0 0 0 0 0 8.81286
0 0 0 0 1 8.76459
0 0 0 0 0 8.81669
0 0 0 0 0 8.71076
0 0 0 0 0 8.82598
0 0 0 0 1 8.677
0 0 0 0 1 8.71684
0 0 0 0 0 8.74255
0 0 0 0 0 8.6869
0 0 0 0 0 8.6609
0 0 0 0 1 8.54558
0 0 0 0 1 8.60605
0 0 0 0 1 8.47445
0 0 0 0 1 8.56907
0 0 0 0 0 8.58311
0 0 0 0 0 8.53766
0 0 0 0 1 8.55181
0 0 0 0 1 8.43065
0 0 0 0 1 8.46196
0 0 0 0 1 8.37899
0 0 0 0 1 8.42717
0 0 0 0 1 8.4417
0 0 0 0 0 8.29747
0 0 0 0 1 8.38739
0 0 0 0 1 8.28939
0 0 0 0 1 8.23801
0 0 0 0 1 8.36076
0 0 0 0 1 8.2893
0 0 0 0 1 8.27966
0 0 0 0 1 8.20432
0 0 0 0 1 8.27718
0 0 0 0 1 8.26787
0 0 0 0 1 8.22599
0 0 0 0 1 8.14356
0 0 0 0 1 8.11043
0 0 0 0 1 8.19129
0 0 0 0 1 8.10162
0 0 0 0 1 8.05287
0 0 0 0 1 8.1498
0 0 0 0 0 7.99656
0 0 0 0 1 8.10546
0 0 0 0 0 8.01728
0 0 0 0 1 8.07387
0 0 0 0 1 7.99431
0 0 0 0 1 7.90718
0 0 0 0 1 7.9837
0 0 0 0 1 8.03241
0 0 0 0 1 7.96187
0 0 0 0 1 7.97895
0 0 0 0 1 7.88526
0 0 0 0 1 7.84296
0 0 0 0 1 7.89998
0 0 0 0 1 7.84662
0 0 0 0 0 7.78911
0 0 0 0 0 7.9204
0 0 0 0 0 7.91464
0 0 0 0 1 7.79157
0 0 0 0 1 7.84104
0 0 0 0 1 7.87031
0 0 0 0 1 7.76385
0 0 0 0 1 7.82909
0 0 0 0 1 7.843
0 0 0 0 1 7.69089
0 0 0 0 1 7.79038
