0 0 0 0 1 5.54179
0 0 0 0 1 5.50088
0 0 0 0 1 5.56013
0 0 0 0 1 5.58866
0 0 0 0 1 5.54237
0 0 0 0 1 5.61345
0 0 0 0 1 5.63908
0 0 0 0 1 5.62658
0 0 0 0 1 5.62763
0 0 0 0 1 5.64897
0 0 0 0 1 5.57476
0 0 0 0 1 5.66963
0 0 0 0 1 5.64276
0 0 0 0 0 5.61372
0 0 0 0 0 5.72641
0 0 0 0 1 5.64288
0 0 0 0 1 5.66515
0 0 0 0 0 5.73319
0 0 0 0 1 5.74448
0 0 0 0 1 5.72542
0 0 0 0 1 5.71967
0 0 0 0 1 5.70826
0 0 0 0 1 5.76586
0 0 0 0 0 5.75466
0 0 0 0 0 5.79144
0 0 0 0 1 5.76884
0 0 0 0 0 5.78676
0 0 0 0 1 5.82226
0 0 0 0 1 5.84053
0 0 0 0 1 5.77733
0 0 0 0 1 5.80158
0 0 0 0 1 5.83344
0 0 0 0 1 5.83613
0 0 0 0 1 5.84904
0 0 0 0 1 5.83853
0 0 0 0 0 5.92832
0 0 0 0 1 5.88852
0 0 0 0 1 5.86637
0 0 0 0 0 5.92732
0 0 0 0 0 5.90528
0 0 0 0 1 5.95478
0 0 0 0 1 5.96271
0 0 0 0 1 5.996
0 0 0 0 0 5.98613
0 0 0 0 0 6.07857
0 0 0 0 1 6.05688
0 0 0 0 1 6.08839
0 0 0 0 1 6.02425
0 0 0 0 1 6.12403
0 0 0 0 1 6.05973
0 0 0 0 0 6.09294
0 0 0 0 0 6.06509
0 0 0 0 1 6.12204
0 0 0 0 1 6.19993
0 0 0 0 1 6.11051
0 0 0 0 1 6.19393
0 0 0 0 1 6.14753
0 0 0 0 1 6.1621
0 0 0 0 1 6.20901
0 0 0 0 1 6.29371
0 0 0 0 1 6.30901
0 0 0 0 0 6.319
0 0 0 0 1 6.25334
0 0 0 0 1 6.3202
0 0 0 0 1 6.39378
0 0 0 0 0 6.40975
0 0 0 0 1 6.36278
0 0 0 0 1 6.46843
0 0 0 0 1 6.47914
0 0 0 0 1 6.42477
0 0 0 0 0 6.44836
0 0 0 0 1 6.50379
0 0 0 0 1 6.53424
0 0 0 0 1 6.55181
0 0 0 0 1 6.57602
0 0 0 0 1 6.56693
0 0 0 0 1 6.59069
0 0 0 0 1 6.58221
0 0 0 0 0 6.59952
0 0 0 0 0 6.62359
0 0 0 0 1 6.65448
0 0 0 0 0 6.65938
0 0 0 0 1 6.69113
0 0 0 0 1 6.67532
0 0 0 0 1 6.82163
0 0 0 0 1 6.81969
0 0 0 0 1 6.85856
0 0 0 0 1 6.80881
0 0 0 0 0 6.86842
0 0 0 0 1 6.83201
0 0 0 0 1 6.87131
0 0 0 0 1 6.95293
0 0 0 0 1 7.02763
0 0 0 0 1 7.04696
0 0 0 0 1 7.05235
0 0 0 0 1 6.9803
0 0 0 0 1 7.00604
0 0 0 0 1 7.13175
0 0 0 0 1 7.15861
0 0 0 0 1 7.19989
0 0 0 0 0 7.10504
0 0 0 0 1 7.13186
0 0 0 0 1 7.2886
0 0 0 0 0 7.25803
0 0 0 0 1 7.30696
0 0 0 0 1 7.3859
0 0 0 0 1 7.42822
0 0 0 0 1 7.36809
0 0 0 0 0 7.37332
0 0 0 0 1 7.46787
0 0 0 0 1 7.41386
0 0 0 0 1 7.53166
0 0 0 0 0 7.52202
0 0 0 0 1 7.58041
0 0 0 0 1 7.54817
0 0 0 0 1 7.714
0 0 0 0 0 7.64285
0 0 0 0 1 7.74852
0 0 0 0 1 7.74634
0 0 0 0 1 7.72834
0 0 0 0 0 7.79665
0 0 0 0 0 7.89635
0 0 0 0 1 7.87776
0 0 0 0 1 7.87511
0 0 0 0 1 7.95155
0 0 0 0 1 8.09329
0 0 0 0 1 8.03447
0 0 0 0 1 8.14507
0 0 0 0 1 8.10935
0 0 0 0 1 8.18001
0 0 0 0 1 8.16821
0 0 0 0 1 8.35468
0 0 0 0 1 8.27709
0 0 0 0 0 8.33162
0 0 0 0 1 8.37799
0 0 0 0 1 8.51758
0 0 0 0 1 8.47976
0 0 0 0 1 8.56089
0 0 0 0 1 8.60887
0 0 0 0 1 8.64768
0 0 0 0 1 8.6684
0 0 0 0 1 8.70721
0 0 0 0 1 8.73643
0 0 0 0 1 8.8822
0 0 0 0 0 8.98313
0 0 0 0 1 9.04006
0 0 0 0 1 9.04315
0 0 0 0 1 9.12731
0 0 0 0 1 9.09443
0 0 0 0 1 9.1514
0 0 0 0 1 9.16242
0 0 0 0 1 9.20089
0 0 0 0 1 9.28715
0 0 0 0 1 9.32464
0 0 0 0 1 9.51453
0 0 0 0 0 9.60992
0 0 0 0 1 9.50452
0 0 0 0 0 9.60105
0 0 0 0 0 9.70659
0 0 0 0 1 9.87156
0 0 0 0 1 9.88045
0 0 0 0 1 9.81092
0 0 0 0 1 9.90635
0 0 0 0 1 10.0944
0 0 0 0 1 10.141
0 0 0 0 0 10.2603
0 0 0 0 1 10.2865
0 0 0 0 1 10.4156
0 0 0 0 1 10.4744
0 0 0 0 1 10.4265
0 0 0 0 1 10.4826
0 0 0 0 0 10.7178
0 0 0 0 1 10.7213
0 0 0 0 0 10.8732
0 0 0 0 1 9.22214
0 0 0 0 1 9.30033
0 0 0 0 1 9.30893
0 0 0 0 1 9.15571
0 0 0 0 1 9.29377
0 0 0 0 1 9.2886
0 0 0 0 0 9.19644
0 0 0 0 1 9.24664
0 0 0 0 1 9.12772
0 0 0 0 1 9.06868
0 0 0 0 1 9.04175
0 0 0 0 1 9.11042
0 0 0 0 1 9.01123
0 0 0 0 1 8.9577
0 0 0 0 1 9.03546
0 0 0 0 1 9.06329
0 0 0 0 1 8.88928
0 0 0 0 1 9.025
0 0 0 0 1 8.87403
0 0 0 0 1 8.86658
0 0 0 0 1 8.93537
0 0 0 0 1 8.83911
0 0 0 0 0 8.86756
0 0 0 0 1 8.84284
0 0 0 0 1 8.86253
0 0 0 0 0 8.7548
0 0 0 0 1 8.86288
0 0 0 0 1 8.74203
0 0 0 0 1 8.81485
0 0 0 0 1 8.79112
0 0 0 0 1 8.77632
0 0 0 0 0 8.66199
0 0 0 0 1 8.79591
0 0 0 0 1 8.69451
0 0 0 0 0 8.7239
0 0 0 0 1 8.73596
0 0 0 0 1 8.57486
0 0 0 0 1 8.68248
0 0 0 0 1 8.669
0 0 0 0 1 8.68155
0 0 0 0 1 8.61672
0 0 0 0 1 8.60378
0 0 0 0 0 8.66825
0 0 0 0 1 8.65553
0 0 0 0 0 8.60019
0 0 0 0 0 8.58788
0 0 0 0 0 8.49339
0 0 0 0 1 8.43887
0 0 0 0 1 8.60985
0 0 0 0 1 8.73474
0 0 0 0 1 8.91274
0 0 0 0 1 8.91401
0 0 0 0 1 9.11146
0 0 0 0 1 9.15441
0 0 0 0 1 9.3257
0 0 0 0 1 9.49811
0 0 0 0 1 9.66168
0 0 0 0 0 9.77641
0 0 0 0 1 10.0498
0 0 0 0 1 10.0823
0 0 0 0 1 10.3898
0 0 0 0 1 10.6584
0 0 0 0 1 10.8127
0 0 0 0 1 11.0074
0 0 0 0 0 11.1017
0 0 0 0 1 11.463
0 0 0 0 1 11.4809
0 0 0 0 1 11.855
0 0 0 0 1 11.9578
0 0 0 0 1 12.2717
0 0 0 0 1 12.5479
0 0 0 0 1 12.9118
0 0 0 0 1 22.5237
0 0 0 0 0 22.8229
0 0 0 0 1 22.5302
0 0 0 0 1 22.5577
0 0 0 0 1 22.5176
0 0 0 0 1 22.5005
0 0 0 0 1 22.6875
0 0 0 0 0 22.5582
0 0 0 0 0 22.7457
0 0 0 0 1 22.5947
0 0 0 0 1 22.4444
0 0 0 0 1 22.4975
0 0 0 0 1 22.4398
0 0 0 0 1 22.4261
0 0 0 0 1 22.2779
0 0 0 0 1 22.67
0 0 0 0 1 22.5001
0 0 0 0 1 22.4207
0 0 0 0 1 23.1532
0 0 0 0 1 24.2203
0 0 0 0 1 25.2939
0 0 0 0 1 26.2909
0 0 0 0 0 36.2355
0 0 0 0 1 36.1842
0 0 0 0 1 36.6794
0 0 0 0 1 36.0474
0 0 0 0 1 36.247
0 0 0 0 1 38.8345
0 0 0 0 1 51.7022
0 0 0 0 1 52.2073
0 0 0 0 1 51.5169
0 0 0 0 1 51.6075
0 0 0 0 1 51.9592
0 0 0 0 1 56.7799
0 0 0 0 1 65.528
0 0 0 0 0 70.1516
0 0 0 0 1 80.9919
0 0 0 0 0 5.02503
0 0 0 0 0 4.96992
0 0 0 0 0 5.01501
0 0 0 0 0 4.98495
0 0 0 0 0 4.9599
0 0 0 0 0 5.05509
0 0 0 0 0 4.99497
0 0 0 0 0 5.00499
0 0 0 0 0 4.9599
0 0 0 0 0 5.01501
0 0 0 0 0 5.00499
0 0 0 0 0 4.96491
0 0 0 0 1 87.0653
0 0 0 0 1 88.4759
0 0 0 0 0 75.3703
0 0 0 0 0 64.2858
0 0 0 0 1 60.708
0 0 0 0 0 60.356
0 0 0 0 0 60.1256
0 0 0 0 1 51.2097
0 0 0 0 1 48.467
0 0 0 0 1 48.3835
0 0 0 0 1 39.1564
0 0 0 0 1 36.7093
0 0 0 0 0 35.5608
0 0 0 0 1 35.6087
0 0 0 0 1 35.3709
0 0 0 0 1 35.9199
0 0 0 0 1 28.2183
0 0 0 0 1 26.6695
0 0 0 0 1 25.8699
0 0 0 0 1 24.5899
0 0 0 0 0 24.4293
0 0 0 0 0 24.5892
0 0 0 0 1 24.576
0 0 0 0 1 24.8851
0 0 0 0 0 24.43
0 0 0 0 1 24.9131
0 0 0 0 1 24.8043
0 0 0 0 1 24.77
0 0 0 0 0 24.7594
0 0 0 0 1 18.0543
0 0 0 0 1 17.8273
0 0 0 0 1 17.0886
0 0 0 0 1 16.6775
0 0 0 0 0 16.2121
0 0 0 0 0 15.7525
0 0 0 0 1 15.439
0 0 0 0 1 15.0153
0 0 0 0 0 14.8163
0 0 0 0 1 14.4808
0 0 0 0 1 14.0144
0 0 0 0 1 13.9842
0 0 0 0 1 13.9127
0 0 0 0 1 14.0222
0 0 0 0 1 13.9789
0 0 0 0 1 13.8243
0 0 0 0 1 13.9229
0 0 0 0 0 13.9499
0 0 0 0 0 13.9493
0 0 0 0 0 14.1028
0 0 0 0 1 13.909
0 0 0 0 1 13.9511
0 0 0 0 0 14.1198
0 0 0 0 1 14.0361
0 0 0 0 1 14.166
0 0 0 0 1 14.2235
0 0 0 0 1 13.957
0 0 0 0 1 14.2433
0 0 0 0 1 14.0191
0 0 0 0 1 14.2897
0 0 0 0 1 14.224
0 0 0 0 1 14.2124
0 0 0 0 1 14.0759
0 0 0 0 1 14.2777
0 0 0 0 1 14.3123
0 0 0 0 1 14.2303
0 0 0 0 0 14.2225
0 0 0 0 1 14.2692
0 0 0 0 1 14.262
0 0 0 0 1 14.3809
0 0 0 0 1 8.79062
0 0 0 0 1 8.72963
0 0 0 0 1 8.55566
0 0 0 0 0 8.52871
0 0 0 0 1 8.45808
0 0 0 0 0 8.29563
0 0 0 0 1 8.1851
0 0 0 0 1 8.09809
0 0 0 0 0 7.97227
0 0 0 0 1 7.82364
0 0 0 0 0 7.76384
0 0 0 0 1 7.74846
0 0 0 0 0 7.65676
0 0 0 0 0 7.60315
0 0 0 0 1 7.46681
0 0 0 0 1 7.37057
0 0 0 0 1 7.30962
0 0 0 0 1 7.19963
0 0 0 0 1 7.10485
0 0 0 0 1 7.04613
0 0 0 0 1 6.95214
0 0 0 0 1 6.93735
0 0 0 0 0 6.95391
0 0 0 0 1 6.82799
0 0 0 0 1 6.81822
0 0 0 0 0 6.63351
0 0 0 0 0 6.59709
0 0 0 0 1 6.57999
0 0 0 0 1 6.44507
0 0 0 0 1 6.41726
0 0 0 0 1 6.45038
0 0 0 0 1 6.39597
0 0 0 0 0 6.31656
0 0 0 0 1 6.25014
0 0 0 0 0 6.12234
0 0 0 0 0 6.06324
0 0 0 0 1 6.05895
0 0 0 0 1 6.03275
0 0 0 0 0 5.91395
0 0 0 0 1 5.888
0 0 0 0 0 5.89422
0 0 0 0 0 5.83267
0 0 0 0 1 5.7657
0 0 0 0 1 5.77378
0 0 0 0 1 5.69842
0 0 0 0 1 5.69437
0 0 0 0 1 5.62822
0 0 0 0 1 5.55449
0 0 0 0 1 5.51142
0 0 0 0 1 5.43559
0 0 0 0 0 5.45825
0 0 0 0 1 5.40766
0 0 0 0 1 5.39493
0 0 0 0 1 5.29887
0 0 0 0 1 5.3021
0 0 0 0 1 5.20191
0 0 0 0 1 5.20493
0 0 0 0 1 5.20757
0 0 0 0 0 5.12746
0 0 0 0 0 5.1401
0 0 0 0 1 5.05754
0 0 0 0 1 4.98906
0 0 0 0 1 5.04463
0 0 0 0 1 5.01129
0 0 0 0 0 4.92858
0 0 0 0 1 4.9007
0 0 0 0 1 4.9168
0 0 0 0 1 4.86293
0 0 0 0 0 4.84957
0 0 0 0 1 4.85833
0 0 0 0 0 4.86531
0 0 0 0 0 4.80075
0 0 0 0 1 4.87184
0 0 0 0 1 4.87891
0 0 0 0 0 4.88222
0 0 0 0 1 4.91991
0 0 0 0 1 4.96279
0 0 0 0 1 4.9899
0 0 0 0 1 4.97873
0 0 0 0 1 4.96247
0 0 0 0 0 4.99978
0 0 0 0 1 5.04355
0 0 0 0 1 5.06751
0 0 0 0 1 5.06135
0 0 0 0 1 5.05509
0 0 0 0 1 5.09452
0 0 0 0 1 5.1393
0 0 0 0 1 5.07168
0 0 0 0 1 5.09477
0 0 0 0 1 5.13989
0 0 0 0 0 5.18013
0 0 0 0 1 5.24141
0 0 0 0 1 5.23532
0 0 0 0 1 5.2553
0 0 0 0 1 5.22808
0 0 0 0 0 5.32718
0 0 0 0 1 5.27486
0 0 0 0 1 5.35892
0 0 0 0 1 5.31002
0 0 0 0 1 5.33574
0 0 0 0 1 5.35083
0 0 0 0 1 5.45399
0 0 0 0 1 5.38803
0 0 0 0 1 5.50687
0 0 0 0 1 5.51709
0 0 0 0 1 5.45185
0 0 0 0 1 5.47833
0 0 0 0 0 5.52307
0 0 0 0 1 5.53873
0 0 0 0 1 5.55033
0 0 0 0 1 5.59976
0 0 0 0 1 5.67932
0 0 0 0 1 5.62738
0 0 0 0 1 5.6961
0 0 0 0 1 5.75802
0 0 0 0 1 5.78172
0 0 0 0 1 5.8344
0 0 0 0 1 5.84676
0 0 0 0 0 5.81662
0 0 0 0 1 5.8111
0 0 0 0 1 5.94089
0 0 0 0 1 5.87634
0 0 0 0 1 5.9717
0 0 0 0 1 6.008
0 0 0 0 1 5.99034
0 0 0 0 1 6.0388
0 0 0 0 1 6.10579
0 0 0 0 1 6.05112
0 0 0 0 1 6.08162
0 0 0 0 1 6.13842
0 0 0 0 1 9.50952
0 0 0 0 1 9.51926
0 0 0 0 0 9.35559
0 0 0 0 1 9.42843
0 0 0 0 1 9.43822
0 0 0 0 1 9.36991
0 0 0 0 1 9.41386
0 0 0 0 1 9.3707
0 0 0 0 1 9.22301
0 0 0 0 0 9.31308
0 0 0 0 0 9.24614
0 0 0 0 1 9.13376
0 0 0 0 0 9.15007
0 0 0 0 1 9.0478
0 0 0 0 1 9.10059
0 0 0 0 1 9.07156
0 0 0 0 1 8.99759
0 0 0 0 1 9.01976
0 0 0 0 1 8.90152
0 0 0 0 0 8.96858
0 0 0 0 1 8.95825
0 0 0 0 1 8.88574
0 0 0 0 0 8.85804
0 0 0 0 1 8.83054
0 0 0 0 1 8.90567
0 0 0 0 1 8.85185
0 0 0 0 1 8.78963
0 0 0 0 1 8.72976
0 0 0 0 0 8.76421
0 0 0 0 0 8.64724
0 0 0 0 1 8.62112
0 0 0 0 1 8.62633
0 0 0 0 0 8.54013
0 0 0 0 0 8.52837
0 0 0 0 1 8.64037
0 0 0 0 1 8.61997
0 0 0 0 1 8.58614
0 0 0 0 1 8.55756
0 0 0 0 1 8.54616
0 0 0 0 1 8.55181
0 0 0 0 1 8.39682
0 0 0 0 1 8.47039
0 0 0 0 1 8.37058
0 0 0 0 1 8.30966
0 0 0 0 0 8.43333
0 0 0 0 1 8.43117
0 0 0 0 1 8.4124
0 0 0 0 1 8.35591
0 0 0 0 1 8.24631
0 0 0 0 1 8.22004
0 0 0 0 1 8.23145
0 0 0 0 1 8.28791
0 0 0 0 0 8.27838
0 0 0 0 1 8.13758
0 0 0 0 0 8.11218
0 0 0 0 0 8.20963
0 0 0 0 1 8.22516
0 0 0 0 1 8.17558
0 0 0 0 1 8.19129
0 0 0 0 1 8.14217
0 0 0 0 0 8.0205
0 0 0 0 1 8.00442
0 0 0 0 1 8.11748
0 0 0 0 0 8.06521
0 0 0 0 1 8.00121
0 0 0 0 1 8.09792
0 0 0 0 1 8.08234
0 0 0 0 0 7.94712
0 0 0 0 1 8.00762
0 0 0 0 1 7.96872
0 0 0 0 1 7.99365
0 0 0 0 0 7.97895
0 0 0 0 1 7.88526
0 0 0 0 1 7.96156
0 0 0 0 1 7.86052
0 0 0 0 1 7.84662
0 0 0 0 1 7.92286
0 0 0 0 1 7.78683
0 0 0 0 1 7.91464
0 0 0 0 0 7.9012
0 0 0 0 1 7.79413
0 0 0 0 1 7.74539
0 0 0 0 1 7.8418
0 0 0 0 1 7.84466
0 0 0 0 1 7.71086
0 0 0 0 0 7.75297
0 0 0 0 1 7.72062
