0 0 0 0 1 5.49742
0 0 0 0 1 5.52311
0 0 0 0 1 5.52117
0 0 0 0 1 5.54966
0 0 0 0 1 5.58702
0 0 0 0 1 5.53517
0 0 0 0 1 5.54957
0 0 0 0 1 5.58174
0 0 0 0 0 5.6669
0 0 0 0 1 5.64897
0 0 0 0 1 5.65923
0 0 0 0 1 5.64707
0 0 0 0 1 5.63711
0 0 0 0 1 5.69861
0 0 0 0 0 5.6924
0 0 0 0 1 5.72804
0 0 0 0 1 5.6424
0 0 0 0 1 5.72179
0 0 0 0 1 5.76161
0 0 0 0 1 5.72542
0 0 0 0 0 5.7483
0 0 0 0 1 5.76563
0 0 0 0 1 5.76586
0 0 0 0 1 5.81803
0 0 0 0 1 5.82605
0 0 0 0 1 5.8382
0 0 0 0 1 5.77518
0 0 0 0 1 5.78162
0 0 0 0 1 5.7649
0 0 0 0 1 5.84146
0 0 0 0 0 5.87169
0 0 0 0 0 5.85684
0 0 0 0 1 5.87128
0 0 0 0 1 5.89015
0 0 0 0 0 5.83853
0 0 0 0 0 5.95192
0 0 0 0 1 5.93581
0 0 0 0 1 5.90192
0 0 0 0 1 5.96296
0 0 0 0 1 5.89337
0 0 0 0 1 5.95478
0 0 0 0 1 5.95075
0 0 0 0 1 6.01996
0 0 0 0 0 5.99814
0 0 0 0 0 6.06654
0 0 0 0 0 6.08101
0 0 0 0 1 6.08234
0 0 0 0 0 6.02425
0 0 0 0 1 6.12403
0 0 0 0 1 6.14508
0 0 0 0 0 6.05016
0 0 0 0 1 6.08347
0 0 0 0 1 6.09131
0 0 0 0 1 6.13836
0 0 0 0 1 6.19693
0 0 0 0 1 6.18156
0 0 0 0 1 6.24058
0 0 0 0 1 6.28659
0 0 0 0 1 6.20277
0 0 0 0 1 6.29371
0 0 0 0 1 6.21484
0 0 0 0 1 6.26865
0 0 0 0 1 6.26596
0 0 0 0 0 6.35184
0 0 0 0 1 6.31766
0 0 0 0 1 6.42885
0 0 0 0 1 6.36916
0 0 0 0 1 6.4172
0 0 0 0 0 6.38924
0 0 0 0 1 6.48277
0 0 0 0 1 6.42898
0 0 0 0 0 6.43894
0 0 0 0 0 6.43671
0 0 0 0 1 6.57137
0 0 0 0 1 6.56948
0 0 0 0 1 6.54069
0 0 0 0 1 6.64337
0 0 0 0 1 6.60862
0 0 0 0 1 6.63928
0 0 0 0 0 6.63024
0 0 0 0 0 6.73457
0 0 0 0 1 6.69953
0 0 0 0 1 6.65086
0 0 0 0 1 6.67532
0 0 0 0 0 6.71346
0 0 0 0 1 6.73826
0 0 0 0 1 6.74278
0 0 0 0 0 6.80197
0 0 0 0 1 6.92331
0 0 0 0 1 6.94909
0 0 0 0 0 6.94735
0 0 0 0 1 6.95986
0 0 0 0 1 6.97197
0 0 0 0 1 6.96315
0 0 0 0 1 6.98224
0 0 0 0 1 6.98734
0 0 0 0 1 7.09088
0 0 0 0 1 7.14594
0 0 0 0 1 7.17285
0 0 0 0 0 7.15699
0 0 0 0 0 7.1194
0 0 0 0 1 7.26874
0 0 0 0 1 7.19451
0 0 0 0 1 7.31615
0 0 0 0 1 7.22666
0 0 0 0 0 7.31995
0 0 0 0 1 7.39141
0 0 0 0 1 7.43454
0 0 0 0 1 7.45491
0 0 0 0 1 7.40079
0 0 0 0 0 7.52608
0 0 0 0 1 7.59179
0 0 0 0 1 7.47671
0 0 0 0 1 7.52729
0 0 0 0 1 7.68528
0 0 0 0 1 7.69104
0 0 0 0 1 7.6121
0 0 0 0 1 7.74852
0 0 0 0 1 7.77739
0 0 0 0 1 7.82192
0 0 0 0 1 7.78882
0 0 0 0 1 7.82557
0 0 0 0 1 7.95685
0 0 0 0 0 7.87511
0 0 0 0 0 8.00749
0 0 0 0 1 8.06117
0 0 0 0 0 8.04253
0 0 0 0 0 8.06403
0 0 0 0 1 8.1338
0 0 0 0 1 8.13088
0 0 0 0 1 8.19292
0 0 0 0 1 8.20564
0 0 0 0 1 8.38523
0 0 0 0 1 8.44036
0 0 0 0 1 8.35276
0 0 0 0 1 8.44992
0 0 0 0 1 8.47125
0 0 0 0 1 8.5951
0 0 0 0 1 8.52295
0 0 0 0 1 8.60448
0 0 0 0 1 8.70318
0 0 0 0 1 8.82086
0 0 0 0 0 8.77162
0 0 0 0 1 8.75847
0 0 0 0 0 8.97424
0 0 0 0 1 8.98636
0 0 0 0 0 8.98911
0 0 0 0 1 8.99136
0 0 0 0 1 9.12177
0 0 0 0 1 9.07805
0 0 0 0 1 9.27314
0 0 0 0 0 9.34016
0 0 0 0 1 9.30582
0 0 0 0 1 9.33404
0 0 0 0 1 9.4105
0 0 0 0 1 9.60992
0 0 0 0 1 9.56206
0 0 0 0 1 9.65895
0 0 0 0 0 9.70659
0 0 0 0 1 9.81286
0 0 0 0 0 9.80164
0 0 0 0 1 9.91993
0 0 0 0 1 9.97625
0 0 0 0 0 9.99386
0 0 0 0 1 10.1207
0 0 0 0 0 10.1481
0 0 0 0 1 10.1734
0 0 0 0 0 10.4259
0 0 0 0 1 10.4432
0 0 0 0 1 10.5525
0 0 0 0 1 10.673
0 0 0 0 0 10.7178
0 0 0 0 1 10.732
0 0 0 0 0 10.884
0 0 0 0 1 9.3152
0 0 0 0 1 9.3653
0 0 0 0 1 9.22556
0 0 0 0 0 9.17419
0 0 0 0 0 9.27533
0 0 0 0 1 9.15984
0 0 0 0 1 9.0863
0 0 0 0 1 9.13678
0 0 0 0 1 9.1734
0 0 0 0 0 9.19628
0 0 0 0 0 9.03265
0 0 0 0 1 9.05597
0 0 0 0 0 8.97501
0 0 0 0 0 9.02098
0 0 0 0 0 9.06251
0 0 0 0 1 9.07229
0 0 0 0 1 8.95213
0 0 0 0 1 8.8816
0 0 0 0 0 8.96349
0 0 0 0 1 9.01837
0 0 0 0 1 8.87301
0 0 0 0 1 8.98139
0 0 0 0 1 8.96521
0 0 0 0 1 8.81626
0 0 0 0 1 8.836
0 0 0 0 1 8.79892
0 0 0 0 0 8.76597
0 0 0 0 1 8.73324
0 0 0 0 1 8.84997
0 0 0 0 0 8.721
0 0 0 0 1 8.71507
0 0 0 0 0 8.81044
0 0 0 0 0 8.67387
0 0 0 0 1 8.63359
0 0 0 0 0 8.74128
0 0 0 0 1 8.69258
0 0 0 0 1 8.64415
0 0 0 0 1 8.58735
0 0 0 0 1 8.70354
0 0 0 0 1 8.55224
0 0 0 0 1 8.67698
0 0 0 0 1 8.58659
0 0 0 0 0 8.53093
0 0 0 0 1 8.61268
0 0 0 0 1 8.58308
0 0 0 0 1 8.4597
0 0 0 0 1 8.60436
0 0 0 0 1 8.49854
0 0 0 0 1 8.61843
0 0 0 0 1 8.76084
0 0 0 0 1 8.7539
0 0 0 0 0 8.92296
0 0 0 0 0 9.12965
0 0 0 0 1 9.16364
0 0 0 0 1 9.34446
0 0 0 0 0 9.5744
0 0 0 0 0 9.76817
0 0 0 0 1 9.9044
0 0 0 0 0 10.0398
0 0 0 0 1 10.1027
0 0 0 0 1 10.4105
0 0 0 0 1 10.4473
0 0 0 0 1 10.8449
0 0 0 0 1 10.9308
0 0 0 0 1 11.0906
0 0 0 0 1 11.4062
0 0 0 0 1 11.5968
0 0 0 0 1 11.8078
0 0 0 0 1 12.0301
0 0 0 0 1 12.2102
0 0 0 0 1 12.5354
0 0 0 0 1 12.976
0 0 0 0 1 22.8419
0 0 0 0 1 22.9364
0 0 0 0 1 22.7117
0 0 0 0 1 22.603
0 0 0 0 1 22.5629
0 0 0 0 1 22.41
0 0 0 0 1 22.778
0 0 0 0 1 22.5808
0 0 0 0 1 22.4068
0 0 0 0 1 22.685
0 0 0 0 1 22.3541
0 0 0 0 1 22.5651
0 0 0 0 1 22.5074
0 0 0 0 1 22.4486
0 0 0 0 1 22.5479
0 0 0 0 1 22.3101
0 0 0 0 1 22.3428
0 0 0 0 1 22.4207
0 0 0 0 0 23.2692
0 0 0 0 1 23.979
0 0 0 0 1 24.8669
0 0 0 0 1 26.055
0 0 0 0 0 36.2719
0 0 0 0 1 36.3298
0 0 0 0 1 36.7158
0 0 0 0 1 36.0474
0 0 0 0 0 36.5017
0 0 0 0 0 38.9116
0 0 0 0 0 52.1708
0 0 0 0 1 51.9991
0 0 0 0 1 52.4015
0 0 0 0 1 51.6595
0 0 0 0 1 51.5951
0 0 0 0 1 56.7235
0 0 0 0 1 65.528
0 0 0 0 1 70.2212
0 0 0 0 1 82.3009
0 0 0 0 0 5.00499
0 0 0 0 0 5.0601
0 0 0 0 0 4.99998
0 0 0 0 0 5.02503
0 0 0 0 0 4.98495
0 0 0 0 0 4.96491
0 0 0 0 0 5.02002
0 0 0 0 0 4.96491
0 0 0 0 0 5.00499
0 0 0 0 0 4.96491
0 0 0 0 0 5.03004
0 0 0 0 0 5.03004
0 0 0 0 1 87.2405
0 0 0 0 0 86.7239
0 0 0 0 0 74.3935
0 0 0 0 0 64.2858
0 0 0 0 1 59.9817
0 0 0 0 1 60.1138
0 0 0 0 1 60.61
0 0 0 0 1 51.416
0 0 0 0 1 47.8432
0 0 0 0 1 48.4795
0 0 0 0 0 39.0385
0 0 0 0 1 36.4516
0 0 0 0 0 35.8105
0 0 0 0 1 35.3946
0 0 0 0 1 35.5137
0 0 0 0 0 35.9556
0 0 0 0 1 28.1059
0 0 0 0 1 26.9375
0 0 0 0 1 25.8442
0 0 0 0 1 24.5407
0 0 0 0 1 24.7248
0 0 0 0 1 24.8356
0 0 0 0 1 24.576
0 0 0 0 1 24.7371
0 0 0 0 1 24.4547
0 0 0 0 1 24.6415
0 0 0 0 1 24.656
0 0 0 0 1 24.498
0 0 0 0 1 24.883
0 0 0 0 1 18.1089
0 0 0 0 1 17.8626
0 0 0 0 1 17.123
0 0 0 0 1 16.8448
0 0 0 0 1 16.4565
0 0 0 0 0 15.8954
0 0 0 0 1 15.6248
0 0 0 0 1 15.0758
0 0 0 0 1 14.7425
0 0 0 0 0 14.5529
0 0 0 0 0 14.2259
0 0 0 0 1 14.0259
0 0 0 0 1 13.8571
0 0 0 0 1 13.8414
0 0 0 0 1 13.9093
0 0 0 0 1 13.8104
0 0 0 0 1 13.8113
0 0 0 0 0 14.0756
0 0 0 0 1 14.0751
0 0 0 0 1 14.1168
0 0 0 0 1 14.1331
0 0 0 0 1 14.1333
0 0 0 0 1 14.0496
0 0 0 0 1 13.9518
0 0 0 0 1 13.9409
0 0 0 0 0 14.0686
0 0 0 0 0 14.0416
0 0 0 0 1 14.2009
0 0 0 0 0 14.1604
0 0 0 0 1 14.0068
0 0 0 0 1 14.1249
0 0 0 0 1 14.3117
0 0 0 0 1 14.1327
0 0 0 0 1 14.1071
0 0 0 0 1 14.2127
0 0 0 0 1 14.2303
0 0 0 0 1 14.4082
0 0 0 0 0 14.2692
0 0 0 0 0 14.3765
0 0 0 0 1 14.2662
0 0 0 0 1 8.76414
0 0 0 0 1 8.79061
0 0 0 0 1 8.68464
0 0 0 0 1 8.43526
0 0 0 0 1 8.36578
0 0 0 0 1 8.37021
0 0 0 0 1 8.24245
0 0 0 0 1 8.06573
0 0 0 0 1 8.06023
0 0 0 0 1 7.96589
0 0 0 0 1 7.78729
0 0 0 0 1 7.69438
0 0 0 0 0 7.61855
0 0 0 0 1 7.5049
0 0 0 0 1 7.41449
0 0 0 0 1 7.34097
0 0 0 0 0 7.36816
0 0 0 0 1 7.25034
0 0 0 0 1 7.14787
0 0 0 0 1 7.15966
0 0 0 0 0 6.96619
0 0 0 0 1 6.9791
0 0 0 0 1 6.85064
0 0 0 0 1 6.7666
0 0 0 0 1 6.81822
0 0 0 0 1 6.70045
0 0 0 0 1 6.68328
0 0 0 0 1 6.63252
0 0 0 0 1 6.53612
0 0 0 0 1 6.39791
0 0 0 0 1 6.42484
0 0 0 0 1 6.34531
0 0 0 0 1 6.34167
0 0 0 0 1 6.18166
0 0 0 0 1 6.16554
0 0 0 0 1 6.09383
0 0 0 0 1 6.10747
0 0 0 0 1 6.06285
0 0 0 0 0 5.99749
0 0 0 0 1 5.90578
0 0 0 0 1 5.90597
0 0 0 0 1 5.80354
0 0 0 0 1 5.74835
0 0 0 0 1 5.69917
0 0 0 0 0 5.65861
0 0 0 0 1 5.59843
0 0 0 0 1 5.57782
0 0 0 0 1 5.61571
0 0 0 0 1 5.53903
0 0 0 0 1 5.53422
0 0 0 0 1 5.38214
0 0 0 0 0 5.35904
0 0 0 0 0 5.37883
0 0 0 0 1 5.33615
0 0 0 0 0 5.2968
0 0 0 0 1 5.23865
0 0 0 0 0 5.22058
0 0 0 0 0 5.20239
0 0 0 0 1 5.16864
0 0 0 0 1 5.13499
0 0 0 0 1 5.06262
0 0 0 0 0 5.06465
0 0 0 0 1 4.98947
0 0 0 0 1 4.96646
0 0 0 0 0 4.92363
0 0 0 0 0 4.92528
0 0 0 0 1 4.92168
0 0 0 0 1 4.87265
0 0 0 0 1 4.82062
0 0 0 0 0 4.86315
0 0 0 0 1 4.77843
0 0 0 0 1 4.84919
0 0 0 0 0 4.88643
0 0 0 0 0 4.83017
0 0 0 0 0 4.84308
0 0 0 0 0 4.91991
0 0 0 0 1 4.95294
0 0 0 0 1 4.96026
0 0 0 0 0 4.92914
0 0 0 0 1 4.99233
0 0 0 0 1 5.0397
0 0 0 0 1 5.01851
0 0 0 0 1 5.07757
0 0 0 0 0 5.08153
0 0 0 0 1 5.06016
0 0 0 0 1 5.05384
0 0 0 0 1 5.08827
0 0 0 0 1 5.1434
0 0 0 0 0 5.11531
0 0 0 0 1 5.20175
0 0 0 0 1 5.12838
0 0 0 0 0 5.19986
0 0 0 0 1 5.25096
0 0 0 0 1 5.2553
0 0 0 0 1 5.28062
0 0 0 0 1 5.25334
0 0 0 0 1 5.30667
0 0 0 0 1 5.28442
0 0 0 0 1 5.31536
0 0 0 0 0 5.35183
0 0 0 0 1 5.36698
0 0 0 0 1 5.38365
0 0 0 0 1 5.42062
0 0 0 0 1 5.49051
0 0 0 0 1 5.48972
0 0 0 0 1 5.53987
0 0 0 0 1 5.5446
0 0 0 0 1 5.52307
0 0 0 0 1 5.53316
0 0 0 0 1 5.62314
0 0 0 0 1 5.56603
0 0 0 0 1 5.62846
0 0 0 0 1 5.61603
0 0 0 0 1 5.6676
0 0 0 0 1 5.71223
0 0 0 0 1 5.72419
0 0 0 0 1 5.80549
0 0 0 0 1 5.82933
0 0 0 0 1 5.78745
0 0 0 0 1 5.86974
0 0 0 0 0 5.90553
0 0 0 0 1 5.91781
0 0 0 0 1 6.00147
0 0 0 0 1 5.99603
0 0 0 0 0 5.97831
0 0 0 0 1 6.00254
0 0 0 0 1 6.11794
0 0 0 0 0 6.15493
0 0 0 0 1 6.08776
0 0 0 0 1 6.1446
0 0 0 0 1 9.59519
0 0 0 0 1 9.50978
0 0 0 0 1 9.51624
0 0 0 0 1 9.34366
0 0 0 0 1 9.45698
0 0 0 0 1 9.41666
0 0 0 0 1 9.36725
0 0 0 0 1 9.32422
0 0 0 0 1 9.18597
0 0 0 0 1 9.18386
0 0 0 0 1 9.19094
0 0 0 0 1 9.12459
0 0 0 0 0 9.13178
0 0 0 0 1 9.02047
0 0 0 0 0 9.14601
0 0 0 0 1 9.09872
0 0 0 0 1 8.97051
0 0 0 0 1 8.92975
0 0 0 0 1 9.00022
0 0 0 0 1 9.03123
0 0 0 0 1 8.9761
0 0 0 0 1 8.98359
0 0 0 0 1 8.94671
0 0 0 0 1 8.89241
0 0 0 0 1 8.84395
0 0 0 0 1 8.81669
0 0 0 0 0 8.702
0 0 0 0 1 8.756
0 0 0 0 0 8.71189
0 0 0 0 1 8.61244
0 0 0 0 0 8.73387
0 0 0 0 1 8.61768
0 0 0 0 1 8.66952
0 0 0 0 1 8.56279
0 0 0 0 1 8.52025
0 0 0 0 1 8.52581
0 0 0 0 1 8.59467
0 0 0 0 1 8.57459
0 0 0 0 1 8.51218
0 0 0 0 1 8.4162
0 0 0 0 1 8.37146
0 0 0 0 1 8.50414
0 0 0 0 1 8.33693
0 0 0 0 0 8.37681
0 0 0 0 0 8.4417
0 0 0 0 1 8.33089
0 0 0 0 1 8.32069
0 0 0 0 1 8.33928
0 0 0 0 1 8.28779
0 0 0 0 1 8.24487
0 0 0 0 0 8.30583
0 0 0 0 1 8.22194
0 0 0 0 1 8.31129
0 0 0 0 1 8.17864
0 0 0 0 1 8.17774
0 0 0 0 1 8.11151
0 0 0 0 1 8.20068
0 0 0 0 1 8.22443
0 0 0 0 1 8.08565
0 0 0 0 1 8.13406
0 0 0 0 0 8.11762
0 0 0 0 1 8.09326
0 0 0 0 0 8.11748
0 0 0 0 1 7.99277
0 0 0 0 0 8.00121
0 0 0 0 1 8.03378
0 0 0 0 1 8.04232
0 0 0 0 1 8.00303
0 0 0 0 1 8.03953
0 0 0 0 1 8.02445
0 0 0 0 0 8.00954
0 0 0 0 1 7.99481
0 0 0 0 1 7.95651
0 0 0 0 1 7.96946
0 0 0 0 1 7.95522
0 0 0 0 1 7.84662
0 0 0 0 1 7.85992
0 0 0 0 0 7.91255
0 0 0 0 1 7.78129
0 0 0 0 1 7.87771
0 0 0 0 1 7.84885
0 0 0 0 1 7.74539
0 0 0 0 1 7.72488
0 0 0 0 1 7.71236
0 0 0 0 0 7.79636
0 0 0 0 1 7.77626
0 0 0 0 1 7.79814
