0 0 0 0 1 5.5307
0 0 0 0 1 5.54533
0 0 0 0 1 5.62136
0 0 0 0 1 5.52737
0 0 0 0 0 5.63168
0 0 0 0 1 5.64699
0 0 0 0 1 5.57754
0 0 0 0 0 5.60976
0 0 0 0 0 5.59396
0 0 0 0 1 5.67707
0 0 0 0 1 5.65923
0 0 0 0 1 5.63014
0 0 0 0 1 5.59192
0 0 0 0 1 5.66465
0 0 0 0 1 5.70374
0 0 0 0 1 5.63153
0 0 0 0 1 5.65377
0 0 0 0 0 5.75028
0 0 0 0 1 5.73306
0 0 0 0 0 5.67971
0 0 0 0 1 5.69677
0 0 0 0 1 5.69678
0 0 0 0 1 5.8061
0 0 0 0 1 5.76619
0 0 0 0 1 5.79721
0 0 0 0 1 5.72259
0 0 0 0 1 5.74622
0 0 0 0 1 5.76421
0 0 0 0 1 5.79399
0 0 0 0 1 5.87644
0 0 0 0 1 5.88337
0 0 0 0 1 5.88025
0 0 0 0 1 5.883
0 0 0 0 1 5.88427
0 0 0 0 1 5.89739
0 0 0 0 1 5.85164
0 0 0 0 1 5.8826
0 0 0 0 1 5.90192
0 0 0 0 0 5.98671
0 0 0 0 0 5.95885
0 0 0 0 1 5.98462
0 0 0 0 1 5.93281
0 0 0 0 1 6.03793
0 0 0 0 1 5.98012
0 0 0 0 1 6.07857
0 0 0 0 1 6.06895
0 0 0 0 0 6.09445
0 0 0 0 0 6.01818
0 0 0 0 1 6.13011
0 0 0 0 1 6.10241
0 0 0 0 1 6.08683
0 0 0 0 1 6.15086
0 0 0 0 1 6.12819
0 0 0 0 1 6.13221
0 0 0 0 1 6.20927
0 0 0 0 1 6.15681
0 0 0 0 0 6.20957
0 0 0 0 1 6.20567
0 0 0 0 1 6.28389
0 0 0 0 1 6.19987
0 0 0 0 1 6.32156
0 0 0 0 0 6.23718
0 0 0 0 1 6.30382
0 0 0 0 1 6.3898
0 0 0 0 1 6.30498
0 0 0 0 1 6.38429
0 0 0 0 0 6.41384
0 0 0 0 1 6.39158
0 0 0 0 0 6.38924
0 0 0 0 1 6.42477
0 0 0 0 1 6.50005
0 0 0 0 1 6.4973
0 0 0 0 1 6.46272
0 0 0 0 0 6.55181
0 0 0 0 1 6.4845
0 0 0 0 1 6.49477
0 0 0 0 1 6.56436
0 0 0 0 1 6.61522
0 0 0 0 1 6.65253
0 0 0 0 1 6.71669
0 0 0 0 0 6.73457
0 0 0 0 0 6.6393
0 0 0 0 1 6.77837
0 0 0 0 0 6.6888
0 0 0 0 1 6.80135
0 0 0 0 0 6.84684
0 0 0 0 0 6.83132
0 0 0 0 1 6.76779
0 0 0 0 1 6.82039
0 0 0 0 0 6.92843
0 0 0 0 0 6.96809
0 0 0 0 1 6.89054
0 0 0 0 1 6.93718
0 0 0 0 1 6.97014
0 0 0 0 1 7.05235
0 0 0 0 1 7.09993
0 0 0 0 1 7.09088
0 0 0 0 0 7.13175
0 0 0 0 1 7.0945
0 0 0 0 1 7.21419
0 0 0 0 1 7.10504
0 0 0 0 1 7.21111
0 0 0 0 1 7.24517
0 0 0 0 1 7.19264
0 0 0 0 1 7.26316
0 0 0 0 1 7.3053
0 0 0 0 0 7.29571
0 0 0 0 1 7.36071
0 0 0 0 1 7.34364
0 0 0 0 1 7.44551
0 0 0 0 0 7.53356
0 0 0 0 1 7.50911
0 0 0 0 1 7.49937
0 0 0 0 1 7.64111
0 0 0 0 1 7.62434
0 0 0 0 1 7.66043
0 0 0 0 0 7.75819
0 0 0 0 1 7.69445
0 0 0 0 1 7.82396
0 0 0 0 1 7.75173
0 0 0 0 0 7.80448
0 0 0 0 1 7.80197
0 0 0 0 1 7.86985
0 0 0 0 0 7.86717
0 0 0 0 1 7.9995
0 0 0 0 0 8.09329
0 0 0 0 0 8.10707
0 0 0 0 0 8.04782
0 0 0 0 1 8.1664
0 0 0 0 1 8.12269
0 0 0 0 1 8.22585
0 0 0 0 0 8.21392
0 0 0 0 0 8.25213
0 0 0 0 0 8.44036
0 0 0 0 1 8.44529
0 0 0 0 1 8.38225
0 0 0 0 1 8.58182
0 0 0 0 1 8.56944
0 0 0 0 0 8.55732
0 0 0 0 1 8.59584
0 0 0 0 1 8.6771
0 0 0 0 1 8.80337
0 0 0 0 1 8.8596
0 0 0 0 1 8.85569
0 0 0 0 1 8.83193
0 0 0 0 1 8.92371
0 0 0 0 1 8.98911
0 0 0 0 1 9.01855
0 0 0 0 1 9.17644
0 0 0 0 1 9.20642
0 0 0 0 1 9.19933
0 0 0 0 1 9.21946
0 0 0 0 1 9.38049
0 0 0 0 0 9.36224
0 0 0 0 1 9.43887
0 0 0 0 1 9.43849
0 0 0 0 1 9.65797
0 0 0 0 0 9.57211
0 0 0 0 0 9.70659
0 0 0 0 1 9.86177
0 0 0 0 1 9.91985
0 0 0 0 0 9.81092
0 0 0 0 1 9.93631
0 0 0 0 1 10.0642
0 0 0 0 1 10.0903
0 0 0 0 1 10.2195
0 0 0 0 1 10.379
0 0 0 0 1 10.457
0 0 0 0 1 10.4744
0 0 0 0 0 10.437
0 0 0 0 1 10.5461
0 0 0 0 1 10.7178
0 0 0 0 1 10.7213
0 0 0 0 1 10.7433
0 0 0 0 1 9.25006
0 0 0 0 0 9.33746
0 0 0 0 1 9.18851
0 0 0 0 1 9.31277
0 0 0 0 1 9.30299
0 0 0 0 1 9.22422
0 0 0 0 1 9.26069
0 0 0 0 1 9.16425
0 0 0 0 1 9.21909
0 0 0 0 0 9.02311
0 0 0 0 1 9.05994
0 0 0 0 1 9.11042
0 0 0 0 1 9.09274
0 0 0 0 1 8.97578
0 0 0 0 1 9.00841
0 0 0 0 1 8.91029
0 0 0 0 1 9.00601
0 0 0 0 0 9.01603
0 0 0 0 1 8.87403
0 0 0 0 1 9.00944
0 0 0 0 0 8.87301
0 0 0 0 1 8.91915
0 0 0 0 1 8.83206
0 0 0 0 0 8.8517
0 0 0 0 1 8.82715
0 0 0 0 1 8.83423
0 0 0 0 1 8.85407
0 0 0 0 1 8.72444
0 0 0 0 1 8.70071
0 0 0 0 1 8.71223
0 0 0 0 1 8.82007
0 0 0 0 1 8.74931
0 0 0 0 0 8.75232
0 0 0 0 1 8.72062
0 0 0 0 0 8.66308
0 0 0 0 0 8.72728
0 0 0 0 1 8.72211
0 0 0 0 1 8.73437
0 0 0 0 1 8.72081
0 0 0 0 1 8.56948
0 0 0 0 1 8.53064
0 0 0 0 0 8.66395
0 0 0 0 0 8.54809
0 0 0 0 1 8.50984
0 0 0 0 1 8.51462
0 0 0 0 1 8.62206
0 0 0 0 1 8.60436
0 0 0 0 0 8.4474
0 0 0 0 1 8.60128
0 0 0 0 1 8.61294
0 0 0 0 1 8.73625
0 0 0 0 1 8.99464
0 0 0 0 1 9.16602
0 0 0 0 0 9.29297
0 0 0 0 1 9.40075
0 0 0 0 1 9.59347
0 0 0 0 1 9.74881
0 0 0 0 1 9.85517
0 0 0 0 1 10.0999
0 0 0 0 1 10.2758
0 0 0 0 1 10.3173
0 0 0 0 1 10.6267
0 0 0 0 1 10.6731
0 0 0 0 1 10.8433
0 0 0 0 1 11.1909
0 0 0 0 0 11.2812
0 0 0 0 1 11.5504
0 0 0 0 1 11.7014
0 0 0 0 1 11.9337
0 0 0 0 0 12.4317
0 0 0 0 1 12.4474
0 0 0 0 1 12.899
0 0 0 0 1 22.5918
0 0 0 0 1 22.5958
0 0 0 0 1 22.7344
0 0 0 0 1 22.8978
0 0 0 0 1 22.7668
0 0 0 0 1 22.41
0 0 0 0 1 22.5744
0 0 0 0 1 22.6712
0 0 0 0 0 22.4972
0 0 0 0 1 22.7076
0 0 0 0 1 22.6925
0 0 0 0 1 22.7455
0 0 0 0 1 22.4623
0 0 0 0 1 22.5387
0 0 0 0 1 22.2779
0 0 0 0 1 22.58
0 0 0 0 0 22.2978
0 0 0 0 0 22.2859
0 0 0 0 1 23.3388
0 0 0 0 1 24.3168
0 0 0 0 1 24.9422
0 0 0 0 1 26.1598
0 0 0 0 1 36.5269
0 0 0 0 1 36.439
0 0 0 0 1 36.3156
0 0 0 0 1 36.5203
0 0 0 0 0 36.1742
0 0 0 0 1 38.1796
0 0 0 0 1 52.1708
0 0 0 0 1 51.843
0 0 0 0 1 51.9852
0 0 0 0 0 52.0757
0 0 0 0 1 52.3232
0 0 0 0 1 56.4979
0 0 0 0 1 64.9388
0 0 0 0 1 70.1516
0 0 0 0 1 81.4828
0 0 0 0 0 5.02002
0 0 0 0 0 5.05509
0 0 0 0 0 5.00499
0 0 0 0 0 5.04507
0 0 0 0 0 4.97994
0 0 0 0 0 5.02503
0 0 0 0 0 4.96491
0 0 0 0 0 5.05008
0 0 0 0 0 4.9599
0 0 0 0 0 4.97493
0 0 0 0 0 5.04507
0 0 0 0 0 5.0601
0 0 0 0 0 88.0288
0 0 0 0 1 87.1619
0 0 0 0 1 74.694
0 0 0 0 1 63.3921
0 0 0 0 1 60.708
0 0 0 0 1 60.356
0 0 0 0 1 60.4889
0 0 0 0 1 51.777
0 0 0 0 0 47.5073
0 0 0 0 1 48.1435
0 0 0 0 1 39.3527
0 0 0 0 0 37.0407
0 0 0 0 1 35.9888
0 0 0 0 1 35.7514
0 0 0 0 0 35.4423
0 0 0 0 1 35.3843
0 0 0 0 1 28.2463
0 0 0 0 0 26.6963
0 0 0 0 1 25.4853
0 0 0 0 1 24.4915
0 0 0 0 1 24.4293
0 0 0 0 1 24.6631
0 0 0 0 1 24.6746
0 0 0 0 1 24.4165
0 0 0 0 1 24.6274
0 0 0 0 0 24.444
0 0 0 0 1 24.7796
0 0 0 0 1 24.498
0 0 0 0 0 24.6604
0 0 0 0 1 18.0179
0 0 0 0 1 17.7388
0 0 0 0 1 17.123
0 0 0 0 1 16.711
0 0 0 0 1 16.4402
0 0 0 0 1 15.9907
0 0 0 0 1 15.3306
0 0 0 0 1 14.97
0 0 0 0 1 14.772
0 0 0 0 1 14.524
0 0 0 0 1 14.0144
0 0 0 0 1 13.8314
0 0 0 0 1 13.871
0 0 0 0 0 13.7996
0 0 0 0 1 14.0485
0 0 0 0 1 14.0473
0 0 0 0 1 13.895
0 0 0 0 1 13.8941
0 0 0 0 1 13.8794
0 0 0 0 0 13.9489
0 0 0 0 0 13.979
0 0 0 0 1 14.1053
0 0 0 0 1 14.1198
0 0 0 0 1 14.0221
0 0 0 0 1 14.0394
0 0 0 0 1 14.2235
0 0 0 0 1 14.1826
0 0 0 0 1 14.1586
0 0 0 0 1 14.1604
0 0 0 0 1 14.2049
0 0 0 0 1 14.1532
0 0 0 0 0 14.1273
0 0 0 0 0 14.2889
0 0 0 0 1 14.3631
0 0 0 0 1 14.113
0 0 0 0 1 14.4014
0 0 0 0 1 14.2939
0 0 0 0 1 14.355
0 0 0 0 1 14.219
0 0 0 0 1 14.3952
0 0 0 0 0 8.84357
0 0 0 0 1 8.65993
0 0 0 0 0 8.58146
0 0 0 0 0 8.57968
0 0 0 0 1 8.39934
0 0 0 0 1 8.29563
0 0 0 0 1 8.26703
0 0 0 0 1 8.0091
0 0 0 0 1 7.93229
0 0 0 0 1 7.91057
0 0 0 0 1 7.88112
0 0 0 0 1 7.70211
0 0 0 0 1 7.67204
0 0 0 0 1 7.61827
0 0 0 0 1 7.50418
0 0 0 0 1 7.45937
0 0 0 0 1 7.25109
0 0 0 0 1 7.28655
0 0 0 0 0 7.2339
0 0 0 0 1 7.13128
0 0 0 0 1 6.98725
0 0 0 0 0 6.93735
0 0 0 0 0 6.89195
0 0 0 0 0 6.86892
0 0 0 0 0 6.70334
0 0 0 0 1 6.74061
0 0 0 0 0 6.68991
0 0 0 0 1 6.51432
0 0 0 0 1 6.54913
0 0 0 0 0 6.4753
0 0 0 0 1 6.40568
0 0 0 0 0 6.38331
0 0 0 0 0 6.31656
0 0 0 0 1 6.28749
0 0 0 0 1 6.23343
0 0 0 0 0 6.15501
0 0 0 0 1 6.04682
0 0 0 0 0 6.08091
0 0 0 0 1 5.93185
0 0 0 0 1 5.94724
0 0 0 0 1 5.88835
0 0 0 0 0 5.8385
0 0 0 0 0 5.75991
0 0 0 0 1 5.7623
0 0 0 0 0 5.74392
0 0 0 0 1 5.61536
0 0 0 0 1 5.55542
0 0 0 0 0 5.61571
0 0 0 0 1 5.5059
0 0 0 0 0 5.4849
0 0 0 0 0 5.48543
0 0 0 0 1 5.42387
0 0 0 0 1 5.32515
0 0 0 0 1 5.33615
0 0 0 0 1 5.33384
0 0 0 0 1 5.30164
0 0 0 0 1 5.18407
0 0 0 0 1 5.22311
0 0 0 0 1 5.16864
0 0 0 0 1 5.16056
0 0 0 0 0 5.12349
0 0 0 0 1 5.03441
0 0 0 0 1 4.97442
0 0 0 0 1 4.99137
0 0 0 0 0 4.92858
0 0 0 0 0 4.87612
0 0 0 0 0 4.92657
0 0 0 0 1 4.87265
0 0 0 0 1 4.80132
0 0 0 0 0 4.78129
0 0 0 0 1 4.79774
0 0 0 0 1 4.82981
0 0 0 0 1 4.88643
0 0 0 0 0 4.89353
0 0 0 0 1 4.87244
0 0 0 0 1 4.92482
0 0 0 0 0 4.97265
0 0 0 0 1 4.89603
0 0 0 0 1 4.94401
0 0 0 0 1 4.97242
0 0 0 0 0 5.03471
0 0 0 0 1 4.97343
0 0 0 0 1 4.9921
0 0 0 0 1 5.08153
0 0 0 0 1 5.01457
0 0 0 0 1 5.04367
0 0 0 0 1 5.08316
0 0 0 0 0 5.13316
0 0 0 0 1 5.16667
0 0 0 0 1 5.20175
0 0 0 0 1 5.15426
0 0 0 0 1 5.1583
0 0 0 0 0 5.16232
0 0 0 0 0 5.21342
0 0 0 0 1 5.30689
0 0 0 0 1 5.29026
0 0 0 0 1 5.24835
0 0 0 0 1 5.32699
0 0 0 0 1 5.39015
0 0 0 0 0 5.37328
0 0 0 0 1 5.37236
0 0 0 0 0 5.3566
0 0 0 0 1 5.46407
0 0 0 0 1 5.40328
0 0 0 0 1 5.52256
0 0 0 0 1 5.49586
0 0 0 0 1 5.56669
0 0 0 0 1 5.60634
0 0 0 0 0 5.54987
0 0 0 0 1 5.63434
0 0 0 0 1 5.59414
0 0 0 0 1 5.63976
0 0 0 0 1 5.68978
0 0 0 0 0 5.74742
0 0 0 0 0 5.74085
0 0 0 0 1 5.71269
0 0 0 0 1 5.78814
0 0 0 0 1 5.75959
0 0 0 0 1 5.82246
0 0 0 0 1 5.90492
0 0 0 0 0 5.91732
0 0 0 0 1 5.90004
0 0 0 0 1 5.93598
0 0 0 0 1 6.008
0 0 0 0 0 6.02041
0 0 0 0 1 6.06298
0 0 0 0 0 6.11186
0 0 0 0 1 6.15493
0 0 0 0 1 6.15527
0 0 0 0 1 6.23105
0 0 0 0 1 9.50952
0 0 0 0 1 9.55718
0 0 0 0 1 9.42174
0 0 0 0 1 9.43785
0 0 0 0 0 9.41945
0 0 0 0 1 9.39796
0 0 0 0 1 9.23676
0 0 0 0 1 9.31492
0 0 0 0 1 9.23227
0 0 0 0 1 9.14694
0 0 0 0 0 9.19094
0 0 0 0 1 9.10625
0 0 0 0 0 9.08608
0 0 0 0 1 9.12981
0 0 0 0 1 9.0461
0 0 0 0 1 9.10777
0 0 0 0 1 9.05173
0 0 0 0 1 8.92075
0 0 0 0 1 8.94638
0 0 0 0 1 8.86117
0 0 0 0 0 8.95825
0 0 0 0 1 8.92132
0 0 0 0 1 8.80484
0 0 0 0 1 8.84822
0 0 0 0 1 8.90567
0 0 0 0 1 8.75516
0 0 0 0 1 8.71953
0 0 0 0 1 8.73851
0 0 0 0 0 8.74677
0 0 0 0 1 8.61244
0 0 0 0 1 8.62112
0 0 0 0 0 8.58307
0 0 0 0 1 8.55738
0 0 0 0 0 8.55419
0 0 0 0 1 8.66611
0 0 0 0 1 8.48301
0 0 0 0 1 8.44958
0 0 0 0 1 8.55756
0 0 0 0 1 8.52067
0 0 0 0 0 8.39077
0 0 0 0 1 8.48984
0 0 0 0 1 8.38603
0 0 0 0 1 8.47994
0 0 0 0 1 8.47753
0 0 0 0 1 8.33283
0 0 0 0 1 8.33925
0 0 0 0 1 8.25399
0 0 0 0 1 8.25614
0 0 0 0 0 8.22971
0 0 0 0 1 8.26143
0 0 0 0 1 8.29757
0 0 0 0 1 8.22194
0 0 0 0 1 8.23723
0 0 0 0 1 8.17864
0 0 0 0 1 8.24329
0 0 0 0 1 8.12786
0 0 0 0 0 8.217
0 0 0 0 0 8.18372
0 0 0 0 1 8.04502
0 0 0 0 1 8.19083
0 0 0 0 1 8.10143
0 0 0 0 1 8.08519
0 0 0 0 1 8.1336
0 0 0 0 1 8.04106
0 0 0 0 1 7.98514
0 0 0 0 1 8.04981
0 0 0 0 1 8.03432
0 0 0 0 0 7.9551
0 0 0 0 1 8.00762
0 0 0 0 0 8.04037
0 0 0 0 1 8.01749
0 0 0 0 1 7.99481
0 0 0 0 1 7.99609
0 0 0 0 1 7.82715
0 0 0 0 1 7.93944
0 0 0 0 1 7.82299
0 0 0 0 1 7.88352
0 0 0 0 1 7.77897
0 0 0 0 1 7.92248
0 0 0 0 1 7.9012
0 0 0 0 1 7.8254
0 0 0 0 1 7.74539
0 0 0 0 0 7.76385
0 0 0 0 1 7.79018
0 0 0 0 1 7.73418
0 0 0 0 1 7.69089
0 0 0 0 1 7.76713
