0 0 0 0 1 5.54179
0 0 0 0 1 5.51755
0 0 0 0 1 5.57683
0 0 0 0 1 5.61652
0 0 0 0 1 5.61493
0 0 0 0 1 5.55754
0 0 0 0 1 5.56636
0 0 0 0 1 5.57053
0 0 0 0 0 5.65568
0 0 0 0 1 5.61524
0 0 0 0 0 5.57476
0 0 0 0 1 5.63579
0 0 0 0 0 5.62016
0 0 0 0 1 5.70426
0 0 0 0 1 5.65271
0 0 0 0 1 5.72804
0 0 0 0 1 5.7334
0 0 0 0 1 5.70469
0 0 0 0 1 5.6988
0 0 0 0 1 5.67971
0 0 0 0 0 5.75975
0 0 0 0 1 5.79431
0 0 0 0 1 5.75437
0 0 0 0 1 5.70282
0 0 0 0 1 5.7626
0 0 0 0 1 5.82086
0 0 0 0 1 5.76939
0 0 0 0 0 5.74679
0 0 0 0 1 5.86961
0 0 0 0 1 5.80648
0 0 0 0 1 5.87753
0 0 0 0 1 5.90365
0 0 0 0 1 5.89472
0 0 0 0 0 5.85491
0 0 0 0 0 5.92682
0 0 0 0 1 5.92243
0 0 0 0 1 5.90625
0 0 0 0 1 5.87229
0 0 0 0 1 5.90357
0 0 0 0 1 6.00647
0 0 0 0 1 5.97268
0 0 0 0 1 5.98663
0 0 0 0 1 5.94209
0 0 0 0 1 5.96812
0 0 0 0 1 5.96422
0 0 0 0 1 6.01465
0 0 0 0 1 5.99761
0 0 0 0 1 6.00605
0 0 0 0 0 6.14227
0 0 0 0 1 6.1085
0 0 0 0 1 6.0685
0 0 0 0 1 6.08347
0 0 0 0 0 6.15892
0 0 0 0 1 6.13221
0 0 0 0 1 6.19693
0 0 0 0 1 6.20012
0 0 0 0 0 6.25919
0 0 0 0 1 6.17455
0 0 0 0 1 6.22773
0 0 0 0 0 6.28745
0 0 0 0 1 6.32784
0 0 0 0 1 6.319
0 0 0 0 0 6.2912
0 0 0 0 0 6.33918
0 0 0 0 1 6.38744
0 0 0 0 1 6.35883
0 0 0 0 1 6.31811
0 0 0 0 0 6.45562
0 0 0 0 1 6.41493
0 0 0 0 0 6.48277
0 0 0 0 1 6.39667
0 0 0 0 0 6.4584
0 0 0 0 1 6.43671
0 0 0 0 0 6.48662
0 0 0 0 1 6.51065
0 0 0 0 1 6.50133
0 0 0 0 0 6.51827
0 0 0 0 1 6.60862
0 0 0 0 1 6.68566
0 0 0 0 1 6.62359
0 0 0 0 1 6.73457
0 0 0 0 1 6.67945
0 0 0 0 1 6.77837
0 0 0 0 1 6.76289
0 0 0 0 1 6.77431
0 0 0 0 1 6.80612
0 0 0 0 1 6.78364
0 0 0 0 0 6.84299
0 0 0 0 1 6.91645
0 0 0 0 1 6.86644
0 0 0 0 1 6.9197
0 0 0 0 1 6.89747
0 0 0 0 1 6.9998
0 0 0 0 1 6.93521
0 0 0 0 0 6.99626
0 0 0 0 0 6.97327
0 0 0 0 0 7.02018
0 0 0 0 1 7.0324
0 0 0 0 1 7.13724
0 0 0 0 1 7.21419
0 0 0 0 0 7.20552
0 0 0 0 1 7.16068
0 0 0 0 1 7.24517
0 0 0 0 1 7.30889
0 0 0 0 1 7.22666
0 0 0 0 1 7.3053
0 0 0 0 1 7.4135
0 0 0 0 1 7.39024
0 0 0 0 1 7.48458
0 0 0 0 1 7.49022
0 0 0 0 1 7.42134
0 0 0 0 1 7.54669
0 0 0 0 1 7.50692
0 0 0 0 0 7.59559
0 0 0 0 0 7.54817
0 0 0 0 1 7.60686
0 0 0 0 1 7.62747
0 0 0 0 1 7.64809
0 0 0 0 1 7.72305
0 0 0 0 1 7.85312
0 0 0 0 1 7.74968
0 0 0 0 1 7.80984
0 0 0 0 1 7.92521
0 0 0 0 1 7.88306
0 0 0 0 1 7.95155
0 0 0 0 1 8.06117
0 0 0 0 0 8.099
0 0 0 0 1 8.07213
0 0 0 0 1 8.1175
0 0 0 0 1 8.13088
0 0 0 0 1 8.22585
0 0 0 0 1 8.27188
0 0 0 0 1 8.27709
0 0 0 0 1 8.44873
0 0 0 0 1 8.35276
0 0 0 0 0 8.48375
0 0 0 0 1 8.47125
0 0 0 0 1 8.51813
0 0 0 0 1 8.61746
0 0 0 0 1 8.59584
0 0 0 0 1 8.61624
0 0 0 0 1 8.8296
0 0 0 0 1 8.87719
0 0 0 0 1 8.80266
0 0 0 0 1 8.85861
0 0 0 0 1 8.97741
0 0 0 0 0 8.99811
0 0 0 0 1 9.082
0 0 0 0 1 9.08532
0 0 0 0 1 9.14223
0 0 0 0 1 9.17165
0 0 0 0 1 9.24731
0 0 0 0 1 9.26848
0 0 0 0 1 9.43744
0 0 0 0 0 9.48616
0 0 0 0 1 9.53373
0 0 0 0 1 9.60043
0 0 0 0 1 9.55281
0 0 0 0 1 9.63858
0 0 0 0 1 9.84221
0 0 0 0 1 9.79179
0 0 0 0 1 9.93975
0 0 0 0 1 9.9463
0 0 0 0 1 10.1447
0 0 0 0 1 10.1916
0 0 0 0 1 10.1889
0 0 0 0 0 10.2556
0 0 0 0 1 10.457
0 0 0 0 0 10.5265
0 0 0 0 1 10.416
0 0 0 0 1 10.5143
0 0 0 0 1 10.5899
0 0 0 0 1 10.8394
0 0 0 0 0 10.9382
0 0 0 0 1 9.24075
0 0 0 0 1 9.37458
0 0 0 0 1 9.19777
0 0 0 0 1 9.31277
0 0 0 0 1 9.25689
0 0 0 0 1 9.12306
0 0 0 0 1 9.11384
0 0 0 0 1 9.11847
0 0 0 0 1 9.10031
0 0 0 0 1 9.03222
0 0 0 0 1 9.03265
0 0 0 0 0 9.12857
0 0 0 0 1 9.12897
0 0 0 0 0 9.07521
0 0 0 0 1 8.99038
0 0 0 0 1 9.03629
0 0 0 0 1 9.00601
0 0 0 0 1 8.90849
0 0 0 0 1 8.99032
0 0 0 0 1 8.99159
0 0 0 0 1 8.98883
0 0 0 0 0 8.98139
0 0 0 0 1 8.81431
0 0 0 0 1 8.88715
0 0 0 0 0 8.9156
0 0 0 0 0 8.73715
0 0 0 0 0 8.73954
0 0 0 0 1 8.82118
0 0 0 0 1 8.82363
0 0 0 0 1 8.71223
0 0 0 0 1 8.68882
0 0 0 0 1 8.76678
0 0 0 0 1 8.639
0 0 0 0 1 8.62489
0 0 0 0 1 8.77603
0 0 0 0 1 8.6145
0 0 0 0 1 8.73943
0 0 0 0 1 8.73437
0 0 0 0 1 8.57402
0 0 0 0 1 8.62983
0 0 0 0 1 8.56507
0 0 0 0 1 8.60378
0 0 0 0 1 8.65967
0 0 0 0 1 8.63839
0 0 0 0 1 8.54885
0 0 0 0 1 8.52806
0 0 0 0 1 8.48485
0 0 0 0 0 8.54116
0 0 0 0 1 8.63558
0 0 0 0 1 8.64774
0 0 0 0 1 8.76272
0 0 0 0 1 8.89609
0 0 0 0 1 9.18421
0 0 0 0 0 9.17288
0 0 0 0 0 9.3257
0 0 0 0 1 9.49811
0 0 0 0 1 9.75849
0 0 0 0 1 9.75672
0 0 0 0 1 9.90971
0 0 0 0 1 10.1332
0 0 0 0 1 10.2551
0 0 0 0 0 10.5317
0 0 0 0 1 10.8234
0 0 0 0 0 11.0074
0 0 0 0 1 11.1128
0 0 0 0 1 11.4289
0 0 0 0 1 11.4925
0 0 0 0 1 11.855
0 0 0 0 1 12.0422
0 0 0 0 1 12.3333
0 0 0 0 1 12.4725
0 0 0 0 1 12.976
0 0 0 0 0 22.7737
0 0 0 0 0 22.5731
0 0 0 0 1 22.5756
0 0 0 0 1 22.8298
0 0 0 0 1 22.6762
0 0 0 0 1 22.7722
0 0 0 0 0 22.6423
0 0 0 0 1 22.4904
0 0 0 0 1 22.6327
0 0 0 0 1 22.3464
0 0 0 0 0 22.3541
0 0 0 0 1 22.7004
0 0 0 0 1 22.7552
0 0 0 0 0 22.3811
0 0 0 0 0 22.3229
0 0 0 0 1 22.4451
0 0 0 0 1 22.2753
0 0 0 0 1 22.241
0 0 0 0 1 23.0372
0 0 0 0 1 24.1962
0 0 0 0 1 25.1432
0 0 0 0 1 26.4744
0 0 0 0 1 36.5997
0 0 0 0 0 36.1114
0 0 0 0 1 36.6431
0 0 0 0 1 36.302
0 0 0 0 1 36.2834
0 0 0 0 0 38.3722
0 0 0 0 1 51.7543
0 0 0 0 1 51.5307
0 0 0 0 1 52.5576
0 0 0 0 1 51.8156
0 0 0 0 1 52.2712
0 0 0 0 1 55.8777
0 0 0 0 1 65.0697
0 0 0 0 1 69.1763
0 0 0 0 1 81.1555
0 0 0 0 0 5.00499
0 0 0 0 0 4.98996
0 0 0 0 0 5.01501
0 0 0 0 0 4.97493
0 0 0 0 0 5.01501
0 0 0 0 0 5.03505
0 0 0 0 0 5.01501
0 0 0 0 0 4.98495
0 0 0 0 0 4.98996
0 0 0 0 0 5.02002
0 0 0 0 0 4.96491
0 0 0 0 0 5.03004
0 0 0 0 1 87.8536
0 0 0 0 0 87.3371
0 0 0 0 0 75.4455
0 0 0 0 0 64.0943
0 0 0 0 1 60.4659
0 0 0 0 1 59.9322
0 0 0 0 1 60.6706
0 0 0 0 0 51.2613
0 0 0 0 1 48.371
0 0 0 0 1 47.7115
0 0 0 0 1 39.4313
0 0 0 0 1 36.8566
0 0 0 0 1 35.4895
0 0 0 0 1 35.573
0 0 0 0 0 35.6207
0 0 0 0 1 35.7414
0 0 0 0 1 27.9936
0 0 0 0 1 26.9911
0 0 0 0 1 25.5622
0 0 0 0 1 24.7622
0 0 0 0 0 24.774
0 0 0 0 1 24.8109
0 0 0 0 1 24.8225
0 0 0 0 1 24.6138
0 0 0 0 1 24.8989
0 0 0 0 1 24.518
0 0 0 0 0 24.656
0 0 0 0 1 24.8936
0 0 0 0 1 24.8583
0 0 0 0 1 18.0361
0 0 0 0 1 17.7035
0 0 0 0 1 17.123
0 0 0 0 1 16.6943
0 0 0 0 1 16.1469
0 0 0 0 1 15.7842
0 0 0 0 0 15.408
0 0 0 0 1 15.2573
0 0 0 0 1 14.6244
0 0 0 0 1 14.3798
0 0 0 0 1 13.9721
0 0 0 0 1 13.8592
0 0 0 0 1 14.0239
0 0 0 0 1 14.05
0 0 0 0 1 14.0485
0 0 0 0 1 14.0752
0 0 0 0 1 14.0206
0 0 0 0 0 13.8941
0 0 0 0 1 13.9214
0 0 0 0 0 13.851
0 0 0 0 1 13.895
0 0 0 0 1 13.881
0 0 0 0 1 13.9654
0 0 0 0 1 14.0642
0 0 0 0 0 14.0253
0 0 0 0 1 14.1249
0 0 0 0 0 14.1403
0 0 0 0 1 14.0174
0 0 0 0 1 14.2593
0 0 0 0 1 14.2756
0 0 0 0 1 14.0257
0 0 0 0 1 14.3117
0 0 0 0 1 14.2889
0 0 0 0 1 14.3488
0 0 0 0 1 14.2554
0 0 0 0 0 14.3871
0 0 0 0 1 14.4082
0 0 0 0 1 14.1691
0 0 0 0 0 14.1904
0 0 0 0 0 14.4813
0 0 0 0 1 8.74649
0 0 0 0 1 8.62508
0 0 0 0 1 8.65025
0 0 0 0 1 8.48623
0 0 0 0 1 8.37417
0 0 0 0 0 8.26248
0 0 0 0 1 8.25884
0 0 0 0 1 8.1709
0 0 0 0 0 7.96427
0 0 0 0 1 7.95798
0 0 0 0 1 7.89675
0 0 0 0 1 7.66348
0 0 0 0 1 7.67204
0 0 0 0 0 7.55025
0 0 0 0 1 7.49671
0 0 0 0 1 7.39277
0 0 0 0 1 7.38279
0 0 0 0 1 7.19963
0 0 0 0 1 7.17655
0 0 0 0 1 7.12418
0 0 0 0 1 7.0013
0 0 0 0 1 6.8956
0 0 0 0 0 6.95391
0 0 0 0 1 6.88938
0 0 0 0 1 6.78443
0 0 0 0 1 6.64021
0 0 0 0 1 6.59709
0 0 0 0 1 6.57342
0 0 0 0 0 6.56214
0 0 0 0 1 6.39791
0 0 0 0 1 6.34181
0 0 0 0 1 6.37064
0 0 0 0 0 6.25377
0 0 0 0 1 6.28749
0 0 0 0 0 6.15319
0 0 0 0 1 6.16725
0 0 0 0 0 6.02256
0 0 0 0 1 5.96652
0 0 0 0 1 5.96169
0 0 0 0 1 5.9117
0 0 0 0 1 5.82965
0 0 0 0 0 5.87346
0 0 0 0 1 5.78883
0 0 0 0 1 5.73361
0 0 0 0 1 5.63018
0 0 0 0 1 5.58714
0 0 0 0 0 5.56102
0 0 0 0 1 5.59345
0 0 0 0 1 5.53903
0 0 0 0 1 5.51778
0 0 0 0 1 5.46913
0 0 0 0 1 5.39145
0 0 0 0 0 5.35735
0 0 0 0 1 5.27757
0 0 0 0 0 5.34443
0 0 0 0 1 5.19666
0 0 0 0 0 5.21015
0 0 0 0 1 5.20239
0 0 0 0 1 5.17379
0 0 0 0 1 5.11964
0 0 0 0 1 5.08798
0 0 0 0 1 4.9941
0 0 0 0 1 5.01955
0 0 0 0 1 5.00631
0 0 0 0 1 4.96817
0 0 0 0 1 4.88104
0 0 0 0 1 4.85333
0 0 0 0 1 4.88237
0 0 0 0 1 4.86405
0 0 0 0 1 4.79574
0 0 0 0 1 4.79291
0 0 0 0 1 4.85888
0 0 0 0 1 4.86698
0 0 0 0 0 4.87891
0 0 0 0 1 4.86754
0 0 0 0 1 4.86099
0 0 0 0 1 4.96279
0 0 0 0 1 4.90591
0 0 0 0 1 4.96881
0 0 0 0 1 4.94753
0 0 0 0 0 4.96984
0 0 0 0 1 4.97844
0 0 0 0 1 5.00216
0 0 0 0 1 5.04116
0 0 0 0 1 5.04496
0 0 0 0 0 5.11994
0 0 0 0 0 5.1291
0 0 0 0 1 5.10242
0 0 0 0 1 5.15126
0 0 0 0 0 5.20691
0 0 0 0 0 5.12838
0 0 0 0 1 5.19986
0 0 0 0 1 5.24053
0 0 0 0 1 5.26053
0 0 0 0 1 5.28588
0 0 0 0 0 5.27971
0 0 0 0 1 5.32787
0 0 0 0 1 5.27378
0 0 0 0 1 5.35275
0 0 0 0 1 5.31429
0 0 0 0 1 5.38851
0 0 0 0 0 5.45399
0 0 0 0 1 5.47493
0 0 0 0 1 5.50142
0 0 0 0 1 5.43499
0 0 0 0 1 5.54537
0 0 0 0 1 5.52803
0 0 0 0 0 5.57303
0 0 0 0 1 5.60002
0 0 0 0 1 5.64554
0 0 0 0 1 5.65036
0 0 0 0 1 5.63411
0 0 0 0 1 5.63872
0 0 0 0 1 5.6904
0 0 0 0 0 5.71223
0 0 0 0 0 5.80473
0 0 0 0 0 5.73032
0 0 0 0 1 5.8177
0 0 0 0 1 5.81662
0 0 0 0 0 5.8756
0 0 0 0 1 5.94679
0 0 0 0 0 5.98297
0 0 0 0 1 5.90025
0 0 0 0 1 5.92422
0 0 0 0 1 6.02041
0 0 0 0 1 6.02067
0 0 0 0 1 6.05111
0 0 0 0 1 6.07555
0 0 0 0 1 6.10003
0 0 0 0 0 6.22488
0 0 0 0 0 9.47144
0 0 0 0 0 9.55718
0 0 0 0 1 9.45954
0 0 0 0 0 9.49436
0 0 0 0 1 9.42883
0 0 0 0 0 9.3325
0 0 0 0 0 9.34861
0 0 0 0 1 9.31492
0 0 0 0 1 9.28783
0 0 0 0 1 9.20232
0 0 0 0 1 9.28294
0 0 0 0 0 9.13376
0 0 0 0 1 9.12264
0 0 0 0 0 9.1207
0 0 0 0 0 9.10059
0 0 0 0 1 8.99008
0 0 0 0 1 9.08783
0 0 0 0 1 8.98376
0 0 0 0 0 8.95536
0 0 0 0 0 9.04018
0 0 0 0 0 9.00286
0 0 0 0 1 8.88574
0 0 0 0 0 8.89351
0 0 0 0 1 8.79518
0 0 0 0 1 8.88803
0 0 0 0 1 8.8079
0 0 0 0 1 8.74582
0 0 0 0 1 8.79099
0 0 0 0 1 8.70317
0 0 0 0 1 8.77773
0 0 0 0 1 8.5951
0 0 0 0 1 8.60037
0 0 0 0 1 8.56601
0 0 0 0 1 8.64025
0 0 0 0 1 8.54599
0 0 0 0 1 8.51725
0 0 0 0 1 8.61174
0 0 0 0 1 8.43835
0 0 0 0 1 8.52917
0 0 0 0 1 8.50943
0 0 0 0 1 8.38837
0 0 0 0 1 8.48727
0 0 0 0 1 8.3874
0 0 0 0 1 8.47753
0 0 0 0 0 8.39983
0 0 0 0 1 8.37267
0 0 0 0 1 8.37072
0 0 0 0 1 8.24782
0 0 0 0 1 8.33756
0 0 0 0 0 8.22004
0 0 0 0 0 8.22319
0 0 0 0 1 8.31265
0 0 0 0 1 8.29484
0 0 0 0 0 8.26075
0 0 0 0 0 8.26787
0 0 0 0 1 8.14422
0 0 0 0 1 8.19252
0 0 0 0 0 8.11857
0 0 0 0 0 8.14254
0 0 0 0 1 8.14217
0 0 0 0 1 8.10143
0 0 0 0 1 8.10134
0 0 0 0 0 8.0288
0 0 0 0 1 8.07326
0 0 0 0 0 8.07351
0 0 0 0 1 7.99369
0 0 0 0 1 8.03432
0 0 0 0 1 8.05095
0 0 0 0 1 7.93584
0 0 0 0 1 8.03241
0 0 0 0 1 7.92214
0 0 0 0 1 7.88377
0 0 0 0 0 7.94068
0 0 0 0 1 7.95365
0 0 0 0 1 7.95522
0 0 0 0 1 7.89389
0 0 0 0 1 7.85205
0 0 0 0 1 7.78683
0 0 0 0 1 7.78913
0 0 0 0 1 7.76808
0 0 0 0 1 7.74722
0 0 0 0 1 7.8625
0 0 0 0 1 7.73267
0 0 0 0 1 7.79018
0 0 0 0 1 7.79636
0 0 0 0 0 7.74521
0 0 0 0 0 7.77488
