0 0 0 0 1 5.51406
0 0 0 0 1 5.6009
0 0 0 0 1 5.549
0 0 0 0 0 5.58866
0 0 0 0 1 5.54237
0 0 0 0 1 5.53517
0 0 0 0 1 5.54957
0 0 0 0 1 5.63218
0 0 0 0 1 5.5603
0 0 0 0 1 5.66583
0 0 0 0 1 5.62544
0 0 0 0 1 5.69784
0 0 0 0 1 5.671
0 0 0 0 1 5.6307
0 0 0 0 0 5.65271
0 0 0 0 0 5.72236
0 0 0 0 1 5.71634
0 0 0 0 1 5.74458
0 0 0 0 1 5.68167
0 0 0 0 0 5.74828
0 0 0 0 1 5.75403
0 0 0 0 1 5.75989
0 0 0 0 1 5.73712
0 0 0 0 1 5.73162
0 0 0 0 1 5.71646
0 0 0 0 1 5.83242
0 0 0 0 0 5.8331
0 0 0 0 0 5.76421
0 0 0 0 1 5.85216
0 0 0 0 1 5.79482
0 0 0 0 1 5.80158
0 0 0 0 0 5.8978
0 0 0 0 1 5.9123
0 0 0 0 1 5.91364
0 0 0 0 1 5.8915
0 0 0 0 1 5.91653
0 0 0 0 1 5.95355
0 0 0 0 1 5.98488
0 0 0 0 1 5.88575
0 0 0 0 1 5.93504
0 0 0 0 1 5.96075
0 0 0 0 1 5.97467
0 0 0 0 1 5.97204
0 0 0 0 0 5.96812
0 0 0 0 1 5.9582
0 0 0 0 0 5.97242
0 0 0 0 1 6.08234
0 0 0 0 1 6.00605
0 0 0 0 1 6.06929
0 0 0 0 1 6.15727
0 0 0 0 1 6.16628
0 0 0 0 0 6.16924
0 0 0 0 1 6.12204
0 0 0 0 1 6.20609
0 0 0 0 1 6.11669
0 0 0 0 1 6.23106
0 0 0 0 0 6.19096
0 0 0 0 1 6.2368
0 0 0 0 1 6.22149
0 0 0 0 1 6.24366
0 0 0 0 1 6.25251
0 0 0 0 1 6.24347
0 0 0 0 1 6.33537
0 0 0 0 1 6.27592
0 0 0 0 1 6.27961
0 0 0 0 1 6.31427
0 0 0 0 0 6.42022
0 0 0 0 1 6.39158
0 0 0 0 1 6.38282
0 0 0 0 1 6.39255
0 0 0 0 1 6.47421
0 0 0 0 1 6.43894
0 0 0 0 0 6.53424
0 0 0 0 1 6.45403
0 0 0 0 1 6.60216
0 0 0 0 1 6.54725
0 0 0 0 0 6.63678
0 0 0 0 1 6.5624
0 0 0 0 1 6.63928
0 0 0 0 1 6.71669
0 0 0 0 1 6.66115
0 0 0 0 1 6.65268
0 0 0 0 1 6.70455
0 0 0 0 0 6.80331
0 0 0 0 1 6.69994
0 0 0 0 1 6.73148
0 0 0 0 1 6.85175
0 0 0 0 1 6.84983
0 0 0 0 0 6.79294
0 0 0 0 1 6.90088
0 0 0 0 1 6.89205
0 0 0 0 1 7.00146
0 0 0 0 1 6.90239
0 0 0 0 1 7.02601
0 0 0 0 1 7.03132
0 0 0 0 0 6.9803
0 0 0 0 1 6.99897
0 0 0 0 0 7.13175
0 0 0 0 0 7.10874
0 0 0 0 0 7.21419
0 0 0 0 1 7.21269
0 0 0 0 0 7.21111
0 0 0 0 1 7.2307
0 0 0 0 1 7.27982
0 0 0 0 1 7.32886
0 0 0 0 0 7.37124
0 0 0 0 1 7.3546
0 0 0 0 1 7.34594
0 0 0 0 1 7.47717
0 0 0 0 1 7.40079
0 0 0 0 1 7.42882
0 0 0 0 0 7.58428
0 0 0 0 1 7.61265
0 0 0 0 0 7.54247
0 0 0 0 0 7.63196
0 0 0 0 0 7.69869
0 0 0 0 0 7.73512
0 0 0 0 0 7.78715
0 0 0 0 1 7.70753
0 0 0 0 1 7.72054
0 0 0 0 1 7.81231
0 0 0 0 1 7.80197
0 0 0 0 0 7.94894
0 0 0 0 0 7.91485
0 0 0 0 1 7.91958
0 0 0 0 1 8.05314
0 0 0 0 1 8.01833
0 0 0 0 1 8.17749
0 0 0 0 1 8.199
0 0 0 0 0 8.10632
0 0 0 0 0 8.25879
0 0 0 0 0 8.3464
0 0 0 0 1 8.3686
0 0 0 0 1 8.37344
0 0 0 0 1 8.42005
0 0 0 0 1 8.50067
0 0 0 0 1 8.46275
0 0 0 0 0 8.52668
0 0 0 0 1 8.63464
0 0 0 0 1 8.56993
0 0 0 0 1 8.64232
0 0 0 0 1 8.76841
0 0 0 0 1 8.78921
0 0 0 0 1 8.84685
0 0 0 0 1 8.98313
0 0 0 0 1 9.00426
0 0 0 0 1 8.91705
0 0 0 0 1 9.03668
0 0 0 0 1 9.03975
0 0 0 0 1 9.23393
0 0 0 0 1 9.25469
0 0 0 0 0 9.37729
0 0 0 0 0 9.37116
0 0 0 0 0 9.39044
0 0 0 0 1 9.49562
0 0 0 0 0 9.49563
0 0 0 0 1 9.61002
0 0 0 0 0 9.6107
0 0 0 0 1 9.74545
0 0 0 0 1 9.80307
0 0 0 0 1 9.8706
0 0 0 0 1 9.90011
0 0 0 0 1 10.0162
0 0 0 0 1 10.024
0 0 0 0 1 10.2017
0 0 0 0 1 10.2399
0 0 0 0 1 10.1734
0 0 0 0 0 10.3431
0 0 0 0 1 10.3285
0 0 0 0 1 10.605
0 0 0 0 1 10.673
0 0 0 0 1 10.7285
0 0 0 0 1 10.775
0 0 0 0 1 10.9274
0 0 0 0 1 9.37104
0 0 0 0 1 9.20751
0 0 0 0 1 9.17925
0 0 0 0 1 9.18343
0 0 0 0 0 9.17391
0 0 0 0 1 9.15065
0 0 0 0 1 9.1689
0 0 0 0 1 9.21002
0 0 0 0 0 9.21909
0 0 0 0 0 9.18717
0 0 0 0 1 9.1782
0 0 0 0 1 8.99246
0 0 0 0 1 9.06557
0 0 0 0 0 8.97578
0 0 0 0 1 9.02644
0 0 0 0 0 9.06329
0 0 0 0 1 9.01499
0 0 0 0 1 8.8816
0 0 0 0 1 9.01716
0 0 0 0 1 8.84872
0 0 0 0 1 8.91756
0 0 0 0 1 8.91025
0 0 0 0 0 8.96521
0 0 0 0 1 8.94917
0 0 0 0 1 8.93329
0 0 0 0 1 8.86953
0 0 0 0 1 8.85407
0 0 0 0 1 8.82998
0 0 0 0 1 8.74461
0 0 0 0 1 8.68594
0 0 0 0 0 8.68007
0 0 0 0 1 8.65326
0 0 0 0 0 8.80463
0 0 0 0 0 8.79025
0 0 0 0 0 8.65439
0 0 0 0 1 8.65788
0 0 0 0 1 8.72211
0 0 0 0 1 8.57006
0 0 0 0 0 8.669
0 0 0 0 1 8.63845
0 0 0 0 0 8.63394
0 0 0 0 1 8.61238
0 0 0 0 1 8.55668
0 0 0 0 1 8.62125
0 0 0 0 1 8.50606
0 0 0 0 1 8.57079
0 0 0 0 1 8.58729
0 0 0 0 1 8.43887
0 0 0 0 1 8.60128
0 0 0 0 0 8.70864
0 0 0 0 1 8.88627
0 0 0 0 1 8.87817
0 0 0 0 1 9.11146
0 0 0 0 1 9.20059
0 0 0 0 1 9.46643
0 0 0 0 1 9.59347
0 0 0 0 1 9.75849
0 0 0 0 1 9.83548
0 0 0 0 1 10.1099
0 0 0 0 1 10.2656
0 0 0 0 1 10.4208
0 0 0 0 1 10.6373
0 0 0 0 1 10.6945
0 0 0 0 1 10.9746
0 0 0 0 1 11.2355
0 0 0 0 1 11.4403
0 0 0 0 1 11.5041
0 0 0 0 1 11.8314
0 0 0 0 1 12.0181
0 0 0 0 1 12.2717
0 0 0 0 1 12.6611
0 0 0 0 1 12.7833
0 0 0 0 0 22.7509
0 0 0 0 1 22.5277
0 0 0 0 1 22.7571
0 0 0 0 0 22.8751
0 0 0 0 1 22.88
0 0 0 0 1 22.5685
0 0 0 0 1 22.5744
0 0 0 0 1 22.4678
0 0 0 0 1 22.7908
0 0 0 0 1 22.7301
0 0 0 0 1 22.6925
0 0 0 0 0 22.3172
0 0 0 0 1 22.3947
0 0 0 0 1 22.3135
0 0 0 0 0 22.6604
0 0 0 0 1 22.6025
0 0 0 0 0 22.2753
0 0 0 0 1 22.6229
0 0 0 0 1 23.362
0 0 0 0 1 24.2685
0 0 0 0 1 25.3441
0 0 0 0 0 26.1074
0 0 0 0 1 36.454
0 0 0 0 0 36.439
0 0 0 0 1 36.7522
0 0 0 0 1 36.1929
0 0 0 0 0 36.1378
0 0 0 0 1 38.4493
0 0 0 0 1 51.546
0 0 0 0 0 52.5717
0 0 0 0 1 52.4536
0 0 0 0 1 52.3358
0 0 0 0 1 52.1672
0 0 0 0 1 55.8777
0 0 0 0 1 65.8553
0 0 0 0 0 69.8032
0 0 0 0 1 81.0737
0 0 0 0 0 4.96491
0 0 0 0 0 4.97994
0 0 0 0 0 4.96491
0 0 0 0 0 5.02503
0 0 0 0 0 5.04507
0 0 0 0 0 5.0601
0 0 0 0 0 5.04006
0 0 0 0 0 4.99497
0 0 0 0 0 4.9599
0 0 0 0 0 4.96992
0 0 0 0 0 5.03004
0 0 0 0 0 4.99998
0 0 0 0 1 88.3791
0 0 0 0 1 88.2131
0 0 0 0 1 74.5437
0 0 0 0 1 63.5836
0 0 0 0 1 60.9501
0 0 0 0 0 60.4165
0 0 0 0 0 60.9733
0 0 0 0 1 51.1066
0 0 0 0 1 48.3231
0 0 0 0 1 47.8075
0 0 0 0 1 39.1564
0 0 0 0 1 37.1144
0 0 0 0 1 35.3112
0 0 0 0 0 35.8941
0 0 0 0 1 35.7278
0 0 0 0 1 35.8128
0 0 0 0 1 28.1059
0 0 0 0 0 26.7767
0 0 0 0 1 25.4597
0 0 0 0 1 24.7868
0 0 0 0 1 24.4293
0 0 0 0 0 24.6631
0 0 0 0 0 24.5268
0 0 0 0 1 24.5398
0 0 0 0 1 24.6521
0 0 0 0 1 24.444
0 0 0 0 0 24.4831
0 0 0 0 0 24.5228
0 0 0 0 1 24.9325
0 0 0 0 1 18.3091
0 0 0 0 1 17.5266
0 0 0 0 0 17.0714
0 0 0 0 1 16.6775
0 0 0 0 1 16.261
0 0 0 0 1 15.7207
0 0 0 0 1 15.5009
0 0 0 0 1 15.0607
0 0 0 0 1 14.9048
0 0 0 0 1 14.3654
0 0 0 0 1 14.0426
0 0 0 0 0 13.8176
0 0 0 0 1 13.8849
0 0 0 0 0 14.0361
0 0 0 0 1 13.8954
0 0 0 0 0 14.0055
0 0 0 0 1 14.0624
0 0 0 0 0 13.8522
0 0 0 0 1 14.0052
0 0 0 0 0 13.9069
0 0 0 0 1 14.0631
0 0 0 0 1 13.937
0 0 0 0 1 13.9092
0 0 0 0 1 13.9518
0 0 0 0 0 14.0534
0 0 0 0 0 13.9559
0 0 0 0 1 14.0698
0 0 0 0 1 14.1586
0 0 0 0 1 14.0615
0 0 0 0 0 14.1907
0 0 0 0 0 14.1107
0 0 0 0 1 14.0422
0 0 0 0 1 14.1327
0 0 0 0 1 14.1782
0 0 0 0 1 14.113
0 0 0 0 1 14.3443
0 0 0 0 0 14.2368
0 0 0 0 1 14.1548
0 0 0 0 1 14.3765
0 0 0 0 1 14.3522
0 0 0 0 0 8.75531
0 0 0 0 1 8.66864
0 0 0 0 0 8.52987
0 0 0 0 1 8.48623
0 0 0 0 1 8.46647
0 0 0 0 1 8.20447
0 0 0 0 1 8.16052
0 0 0 0 1 8.05764
0 0 0 0 1 8.05223
0 0 0 0 1 7.95008
0 0 0 0 1 7.77947
0 0 0 0 1 7.78709
0 0 0 0 1 7.60327
0 0 0 0 0 7.63338
0 0 0 0 1 7.50418
0 0 0 0 1 7.34837
0 0 0 0 0 7.2584
0 0 0 0 1 7.31552
0 0 0 0 1 7.10485
0 0 0 0 1 7.13838
0 0 0 0 1 7.07152
0 0 0 0 1 6.90952
0 0 0 0 1 6.84375
0 0 0 0 0 6.78025
0 0 0 0 1 6.79119
0 0 0 0 1 6.74731
0 0 0 0 1 6.67002
0 0 0 0 1 6.50119
0 0 0 0 1 6.45158
0 0 0 0 0 6.40436
0 0 0 0 0 6.36736
0 0 0 0 1 6.27565
0 0 0 0 1 6.22238
0 0 0 0 1 6.23146
0 0 0 0 1 6.20874
0 0 0 0 1 6.14277
0 0 0 0 0 6.04075
0 0 0 0 0 6.05081
0 0 0 0 1 5.92588
0 0 0 0 1 5.87023
0 0 0 0 1 5.82378
0 0 0 0 1 5.7744
0 0 0 0 1 5.77726
0 0 0 0 1 5.72213
0 0 0 0 1 5.70411
0 0 0 0 1 5.59843
0 0 0 0 0 5.58342
0 0 0 0 1 5.56005
0 0 0 0 1 5.47828
0 0 0 0 0 5.44107
0 0 0 0 1 5.49087
0 0 0 0 0 5.35364
0 0 0 0 1 5.35199
0 0 0 0 1 5.32017
0 0 0 0 1 5.25447
0 0 0 0 0 5.27015
0 0 0 0 1 5.1945
0 0 0 0 1 5.16093
0 0 0 0 1 5.1532
0 0 0 0 0 5.14522
0 0 0 0 1 5.0474
0 0 0 0 1 5.08985
0 0 0 0 1 5.02958
0 0 0 0 1 4.97642
0 0 0 0 1 4.90879
0 0 0 0 0 4.94494
0 0 0 0 1 4.87286
0 0 0 0 1 4.86293
0 0 0 0 0 4.85922
0 0 0 0 0 4.77648
0 0 0 0 1 4.81704
0 0 0 0 1 4.89279
0 0 0 0 1 4.87184
0 0 0 0 1 4.84479
0 0 0 0 1 4.94092
0 0 0 0 1 4.90027
0 0 0 0 0 4.94801
0 0 0 0 1 4.9652
0 0 0 0 1 4.94401
0 0 0 0 1 4.98238
0 0 0 0 1 4.94988
0 0 0 0 1 4.98345
0 0 0 0 1 5.06751
0 0 0 0 1 5.0563
0 0 0 0 1 5.01457
0 0 0 0 1 5.05384
0 0 0 0 1 5.1291
0 0 0 0 1 5.13316
0 0 0 0 1 5.0845
0 0 0 0 1 5.1502
0 0 0 0 1 5.18531
0 0 0 0 1 5.23102
0 0 0 0 1 5.16753
0 0 0 0 0 5.26576
0 0 0 0 0 5.23333
0 0 0 0 1 5.32718
0 0 0 0 1 5.34908
0 0 0 0 1 5.29506
0 0 0 0 1 5.39549
0 0 0 0 1 5.41618
0 0 0 0 1 5.3616
0 0 0 0 1 5.37283
0 0 0 0 1 5.38803
0 0 0 0 1 5.40328
0 0 0 0 1 5.52803
0 0 0 0 1 5.45735
0 0 0 0 1 5.47833
0 0 0 0 1 5.54528
0 0 0 0 1 5.54987
0 0 0 0 0 5.65674
0 0 0 0 1 5.61663
0 0 0 0 0 5.68497
0 0 0 0 1 5.6217
0 0 0 0 1 5.65049
0 0 0 0 0 5.68934
0 0 0 0 1 5.75871
0 0 0 0 0 5.84018
0 0 0 0 1 5.85258
0 0 0 0 1 5.81079
0 0 0 0 1 5.80523
0 0 0 0 1 5.84659
0 0 0 0 1 5.92966
0 0 0 0 1 5.93002
0 0 0 0 1 5.94217
0 0 0 0 0 6.06853
0 0 0 0 1 6.09925
0 0 0 0 1 6.08756
0 0 0 0 1 6.15493
0 0 0 0 1 6.07549
0 0 0 0 0 6.23723
0 0 0 0 1 9.56663
0 0 0 0 1 9.5003
0 0 0 0 1 9.38394
0 0 0 0 1 9.32482
0 0 0 0 1 9.31625
0 0 0 0 0 9.37926
0 0 0 0 1 9.30201
0 0 0 0 1 9.35211
0 0 0 0 1 9.21375
0 0 0 0 1 9.2577
0 0 0 0 1 9.28294
0 0 0 0 1 9.25298
0 0 0 0 1 9.22319
0 0 0 0 1 9.07514
0 0 0 0 1 9.02793
0 0 0 0 1 8.96292
0 0 0 0 0 9.07881
0 0 0 0 1 8.93875
0 0 0 0 1 9.03612
0 0 0 0 1 9.03123
0 0 0 0 1 8.84226
0 0 0 0 0 8.81459
0 0 0 0 1 8.82258
0 0 0 0 1 8.76866
0 0 0 0 1 8.88803
0 0 0 0 1 8.76395
0 0 0 0 1 8.74582
0 0 0 0 1 8.67728
0 0 0 0 1 8.80781
0 0 0 0 1 8.76903
0 0 0 0 1 8.68183
0 0 0 0 1 8.61768
0 0 0 0 1 8.54013
0 0 0 0 0 8.64885
0 0 0 0 1 8.64895
0 0 0 0 0 8.62853
0 0 0 0 1 8.50079
0 0 0 0 1 8.48944
0 0 0 0 1 8.57164
0 0 0 0 1 8.42468
0 0 0 0 0 8.44756
0 0 0 0 1 8.37759
0 0 0 0 1 8.42946
0 0 0 0 1 8.30966
0 0 0 0 1 8.41658
0 0 0 0 1 8.28911
0 0 0 0 0 8.37905
0 0 0 0 1 8.28108
0 0 0 0 1 8.2546
0 0 0 0 1 8.26143
0 0 0 0 0 8.23145
0 0 0 0 1 8.23843
0 0 0 0 1 8.20432
0 0 0 0 0 8.24433
0 0 0 0 0 8.21871
0 0 0 0 1 8.16875
0 0 0 0 1 8.0946
0 0 0 0 0 8.20815
0 0 0 0 1 8.11816
0 0 0 0 1 8.14217
0 0 0 0 1 8.02859
0 0 0 0 1 8.05288
0 0 0 0 1 7.98044
0 0 0 0 0 8.00887
0 0 0 0 1 7.97711
0 0 0 0 1 8.05783
0 0 0 0 1 7.93829
0 0 0 0 1 8.06692
0 0 0 0 1 7.92787
0 0 0 0 0 8.04037
0 0 0 0 0 7.89035
0 0 0 0 1 8.00274
0 0 0 0 0 7.83776
0 0 0 0 0 7.89831
0 0 0 0 1 7.89998
0 0 0 0 1 7.91752
0 0 0 0 1 7.85992
0 0 0 0 1 7.88112
0 0 0 0 1 7.77345
0 0 0 0 0 7.76025
0 0 0 0 1 7.75504
0 0 0 0 1 7.73758
0 0 0 0 1 7.75606
0 0 0 0 1 7.72792
0 0 0 0 1 7.79636
0 0 0 0 1 7.79954
0 0 0 0 1 7.79038
