0 0 0 0 1 5.53625
0 0 0 0 1 5.55089
0 0 0 0 1 5.59353
0 0 0 0 0 5.58309
0 0 0 0 1 5.53121
0 0 0 0 1 5.61345
0 0 0 0 1 5.58873
0 0 0 0 1 5.64339
0 0 0 0 1 5.56591
0 0 0 0 1 5.67707
0 0 0 0 1 5.59729
0 0 0 0 1 5.6245
0 0 0 0 1 5.66535
0 0 0 0 1 5.61938
0 0 0 0 1 5.70941
0 0 0 0 1 5.67127
0 0 0 0 1 5.6424
0 0 0 0 0 5.73888
0 0 0 0 0 5.6988
0 0 0 0 1 5.74256
0 0 0 0 1 5.67387
0 0 0 0 0 5.72547
0 0 0 0 1 5.71413
0 0 0 0 1 5.72586
0 0 0 0 1 5.79721
0 0 0 0 0 5.82086
0 0 0 0 0 5.76359
0 0 0 0 1 5.86289
0 0 0 0 1 5.7649
0 0 0 0 1 5.78316
0 0 0 0 1 5.86584
0 0 0 0 0 5.79833
0 0 0 0 1 5.88886
0 0 0 0 1 5.89015
0 0 0 0 1 5.94447
0 0 0 0 0 5.91063
0 0 0 0 1 5.87078
0 0 0 0 1 5.94932
0 0 0 0 1 5.99859
0 0 0 0 1 5.92909
0 0 0 0 1 5.92495
0 0 0 0 0 5.94477
0 0 0 0 1 5.97803
0 0 0 0 1 6.01014
0 0 0 0 1 5.97024
0 0 0 0 1 5.97242
0 0 0 0 1 5.99761
0 0 0 0 0 6.07278
0 0 0 0 0 6.0328
0 0 0 0 1 6.14508
0 0 0 0 1 6.16017
0 0 0 0 1 6.08347
0 0 0 0 1 6.10975
0 0 0 0 1 6.13221
0 0 0 0 1 6.20927
0 0 0 0 1 6.14443
0 0 0 0 1 6.17235
0 0 0 0 1 6.26169
0 0 0 0 1 6.17781
0 0 0 0 1 6.28745
0 0 0 0 1 6.22112
0 0 0 0 1 6.23718
0 0 0 0 1 6.33537
0 0 0 0 1 6.37082
0 0 0 0 1 6.32401
0 0 0 0 1 6.35883
0 0 0 0 1 6.3564
0 0 0 0 1 6.46843
0 0 0 0 1 6.39566
0 0 0 0 1 6.46344
0 0 0 0 1 6.47421
0 0 0 0 1 6.42598
0 0 0 0 1 6.56025
0 0 0 0 1 6.55181
0 0 0 0 1 6.54333
0 0 0 0 1 6.58661
0 0 0 0 1 6.56436
0 0 0 0 1 6.59541
0 0 0 0 0 6.65915
0 0 0 0 0 6.69009
0 0 0 0 1 6.66783
0 0 0 0 1 6.733
0 0 0 0 1 6.77166
0 0 0 0 1 6.69553
0 0 0 0 1 6.69318
0 0 0 0 1 6.71791
0 0 0 0 1 6.78364
0 0 0 0 1 6.7883
0 0 0 0 0 6.89587
0 0 0 0 1 6.82512
0 0 0 0 1 6.89205
0 0 0 0 0 6.98759
0 0 0 0 1 6.92326
0 0 0 0 0 7.01902
0 0 0 0 1 7.05235
0 0 0 0 1 7.02252
0 0 0 0 1 7.04846
0 0 0 0 1 7.04659
0 0 0 0 0 7.10162
0 0 0 0 1 7.12124
0 0 0 0 0 7.11222
0 0 0 0 1 7.23272
0 0 0 0 1 7.25241
0 0 0 0 1 7.27256
0 0 0 0 1 7.24856
0 0 0 0 1 7.36391
0 0 0 0 1 7.31043
0 0 0 0 1 7.33118
0 0 0 0 1 7.46233
0 0 0 0 1 7.37843
0 0 0 0 0 7.42882
0 0 0 0 0 7.54669
0 0 0 0 0 7.49181
0 0 0 0 0 7.61076
0 0 0 0 1 7.68528
0 0 0 0 1 7.72931
0 0 0 0 1 7.74281
0 0 0 0 1 7.76397
0 0 0 0 0 7.82396
0 0 0 0 1 7.76733
0 0 0 0 0 7.76534
0 0 0 0 0 7.91208
0 0 0 0 1 7.97267
0 0 0 0 1 7.99431
0 0 0 0 0 8.04745
0 0 0 0 1 7.99694
0 0 0 0 1 7.99413
0 0 0 0 0 8.0235
0 0 0 0 1 8.0686
0 0 0 0 1 8.22095
0 0 0 0 1 8.19292
0 0 0 0 0 8.32156
0 0 0 0 1 8.35196
0 0 0 0 1 8.33998
0 0 0 0 1 8.36117
0 0 0 0 1 8.5345
0 0 0 0 1 8.43723
0 0 0 0 1 8.61221
0 0 0 0 1 8.54013
0 0 0 0 1 8.55265
0 0 0 0 0 8.61624
0 0 0 0 1 8.7247
0 0 0 0 1 8.81561
0 0 0 0 1 8.74963
0 0 0 0 1 8.92977
0 0 0 0 1 9.02216
0 0 0 0 1 8.99811
0 0 0 0 0 9.14544
0 0 0 0 0 9.02153
0 0 0 0 0 9.07805
0 0 0 0 1 9.1901
0 0 0 0 1 9.34944
0 0 0 0 1 9.31515
0 0 0 0 1 9.43744
0 0 0 0 1 9.55236
0 0 0 0 1 9.44801
0 0 0 0 0 9.49493
0 0 0 0 1 9.73614
0 0 0 0 1 9.69687
0 0 0 0 0 9.80307
0 0 0 0 1 9.76224
0 0 0 0 0 9.93975
0 0 0 0 0 9.90635
0 0 0 0 0 10.014
0 0 0 0 1 10.2321
0 0 0 0 1 10.2909
0 0 0 0 1 10.2659
0 0 0 0 1 10.2913
0 0 0 0 1 10.4015
0 0 0 0 1 10.5525
0 0 0 0 1 10.6095
0 0 0 0 1 10.5792
0 0 0 0 1 10.8394
0 0 0 0 1 10.7974
0 0 0 0 1 9.37104
0 0 0 0 0 9.30961
0 0 0 0 0 9.31819
0 0 0 0 1 9.26657
0 0 0 0 1 9.17391
0 0 0 0 1 9.18743
0 0 0 0 1 9.26986
0 0 0 0 1 9.06354
0 0 0 0 1 9.05462
0 0 0 0 1 9.17805
0 0 0 0 1 9.15091
0 0 0 0 1 9.0832
0 0 0 0 1 8.97501
0 0 0 0 0 9.03002
0 0 0 0 1 8.98136
0 0 0 0 1 8.98229
0 0 0 0 1 8.9252
0 0 0 0 0 9.04292
0 0 0 0 0 8.85614
0 0 0 0 1 8.85765
0 0 0 0 1 8.99773
0 0 0 0 1 8.88358
0 0 0 0 1 8.83206
0 0 0 0 0 8.93145
0 0 0 0 1 8.836
0 0 0 0 1 8.87835
0 0 0 0 1 8.73073
0 0 0 0 1 8.75962
0 0 0 0 1 8.86753
0 0 0 0 1 8.721
0 0 0 0 1 8.77632
0 0 0 0 1 8.81917
0 0 0 0 1 8.72617
0 0 0 0 1 8.72062
0 0 0 0 0 8.73259
0 0 0 0 1 8.63185
0 0 0 0 1 8.64415
0 0 0 0 0 8.69978
0 0 0 0 0 8.65173
0 0 0 0 1 8.67293
0 0 0 0 0 8.57368
0 0 0 0 1 8.64676
0 0 0 0 1 8.59101
0 0 0 0 1 8.4927
0 0 0 0 1 8.59164
0 0 0 0 0 8.60497
0 0 0 0 1 8.519
0 0 0 0 0 8.48149
0 0 0 0 1 8.62701
0 0 0 0 1 8.70864
0 0 0 0 0 8.81567
0 0 0 0 1 8.99464
0 0 0 0 0 9.00234
0 0 0 0 1 9.16364
0 0 0 0 0 9.35384
0 0 0 0 1 9.45043
0 0 0 0 0 9.74881
0 0 0 0 0 9.94378
0 0 0 0 0 10.0298
0 0 0 0 1 10.1943
0 0 0 0 1 10.3898
0 0 0 0 0 10.5106
0 0 0 0 1 10.6945
0 0 0 0 1 10.9746
0 0 0 0 0 11.1128
0 0 0 0 1 11.338
0 0 0 0 0 11.5968
0 0 0 0 0 11.7723
0 0 0 0 1 12.1627
0 0 0 0 1 12.3948
0 0 0 0 1 12.636
0 0 0 0 1 12.7576
0 0 0 0 1 22.7737
0 0 0 0 1 22.5277
0 0 0 0 1 22.5529
0 0 0 0 1 22.4444
0 0 0 0 1 22.4723
0 0 0 0 1 22.7269
0 0 0 0 1 22.6649
0 0 0 0 0 22.7842
0 0 0 0 0 22.6327
0 0 0 0 1 22.7527
0 0 0 0 1 22.6925
0 0 0 0 1 22.3172
0 0 0 0 1 22.6876
0 0 0 0 1 22.4486
0 0 0 0 1 22.5704
0 0 0 0 1 22.7149
0 0 0 0 1 22.4551
0 0 0 0 1 22.6678
0 0 0 0 1 23.2924
0 0 0 0 1 23.8826
0 0 0 0 1 25.1934
0 0 0 0 1 26.0026
0 0 0 0 1 36.1263
0 0 0 0 1 36.2206
0 0 0 0 1 36.2428
0 0 0 0 1 36.5566
0 0 0 0 1 36.4289
0 0 0 0 1 38.6804
0 0 0 0 1 51.5981
0 0 0 0 1 51.5827
0 0 0 0 1 51.8291
0 0 0 0 1 52.3879
0 0 0 0 1 52.1672
0 0 0 0 1 56.4415
0 0 0 0 1 66.1171
0 0 0 0 1 70.2909
0 0 0 0 1 81.5646
0 0 0 0 0 5.00499
0 0 0 0 0 5.04006
0 0 0 0 0 5.02503
0 0 0 0 0 4.97493
0 0 0 0 0 4.98996
0 0 0 0 0 5.03004
0 0 0 0 0 5.00499
0 0 0 0 0 4.98996
0 0 0 0 0 5.05509
0 0 0 0 0 4.98996
0 0 0 0 0 4.96992
0 0 0 0 0 5.05509
0 0 0 0 0 87.766
0 0 0 0 0 86.8115
0 0 0 0 1 74.4686
0 0 0 0 1 63.2006
0 0 0 0 0 61.0106
0 0 0 0 1 59.9322
0 0 0 0 1 60.3678
0 0 0 0 1 51.5192
0 0 0 0 1 47.6992
0 0 0 0 0 48.0955
0 0 0 0 1 39.1956
0 0 0 0 1 36.6357
0 0 0 0 0 35.3825
0 0 0 0 0 35.3946
0 0 0 0 0 35.7635
0 0 0 0 1 35.7771
0 0 0 0 1 28.3025
0 0 0 0 1 27.0715
0 0 0 0 1 25.6135
0 0 0 0 1 24.8361
0 0 0 0 1 24.5031
0 0 0 0 1 24.3921
0 0 0 0 1 24.7732
0 0 0 0 1 24.7125
0 0 0 0 1 24.5287
0 0 0 0 1 24.9131
0 0 0 0 0 24.9525
0 0 0 0 1 24.4733
0 0 0 0 1 24.5862
0 0 0 0 1 18.1271
0 0 0 0 1 17.5089
0 0 0 0 0 17.3637
0 0 0 0 0 16.8281
0 0 0 0 1 16.3751
0 0 0 0 1 15.8477
0 0 0 0 1 15.5319
0 0 0 0 1 15.0002
0 0 0 0 1 14.831
0 0 0 0 1 14.3077
0 0 0 0 1 13.958
0 0 0 0 1 13.9842
0 0 0 0 1 13.871
0 0 0 0 0 13.9665
0 0 0 0 0 13.784
0 0 0 0 0 13.9916
0 0 0 0 1 13.9927
0 0 0 0 1 14.0477
0 0 0 0 1 14.0472
0 0 0 0 1 13.865
0 0 0 0 1 14.1191
0 0 0 0 1 14.0492
0 0 0 0 1 14.1338
0 0 0 0 1 14.0361
0 0 0 0 1 14.2082
0 0 0 0 1 14.2094
0 0 0 0 1 14.1544
0 0 0 0 1 14.088
0 0 0 0 1 14.2169
0 0 0 0 0 14.2049
0 0 0 0 1 14.0965
0 0 0 0 1 14.1698
0 0 0 0 1 14.1327
0 0 0 0 1 14.1924
0 0 0 0 1 14.2839
0 0 0 0 0 14.3728
0 0 0 0 1 14.2083
0 0 0 0 1 14.3407
0 0 0 0 1 14.3479
0 0 0 0 1 14.2519
0 0 0 0 1 8.77297
0 0 0 0 1 8.79933
0 0 0 0 1 8.63305
0 0 0 0 1 8.47774
0 0 0 0 1 8.46647
0 0 0 0 1 8.27077
0 0 0 0 1 8.11955
0 0 0 0 1 8.0091
0 0 0 0 1 8.01225
0 0 0 0 1 7.82364
0 0 0 0 1 7.77166
0 0 0 0 1 7.75618
0 0 0 0 1 7.56506
0 0 0 0 1 7.48223
0 0 0 0 0 7.44439
0 0 0 0 0 7.43717
0 0 0 0 0 7.30231
0 0 0 0 1 7.25758
0 0 0 0 1 7.14787
0 0 0 0 0 7.08871
0 0 0 0 0 7.04343
0 0 0 0 1 6.93039
0 0 0 0 1 6.94014
0 0 0 0 0 6.77342
0 0 0 0 1 6.80471
0 0 0 0 0 6.74061
0 0 0 0 0 6.6435
0 0 0 0 0 6.55372
0 0 0 0 1 6.43857
0 0 0 0 1 6.39146
0 0 0 0 1 6.35458
0 0 0 0 1 6.30098
0 0 0 0 1 6.32284
0 0 0 0 0 6.16921
0 0 0 0 0 6.16554
0 0 0 0 1 6.11218
0 0 0 0 1 6.03469
0 0 0 0 1 6.07489
0 0 0 0 1 5.93782
0 0 0 0 1 5.89393
0 0 0 0 1 5.91184
0 0 0 0 0 5.8385
0 0 0 0 0 5.83509
0 0 0 0 1 5.74509
0 0 0 0 0 5.72686
0 0 0 0 1 5.63229
0 0 0 0 1 5.55542
0 0 0 0 0 5.57675
0 0 0 0 0 5.53903
0 0 0 0 1 5.50682
0 0 0 0 1 5.46913
0 0 0 0 1 5.39145
0 0 0 0 1 5.32515
0 0 0 0 1 5.30419
0 0 0 0 1 5.28622
0 0 0 0 1 5.2544
0 0 0 0 1 5.21015
0 0 0 0 0 5.18684
0 0 0 0 0 5.13775
0 0 0 0 1 5.07873
0 0 0 0 1 5.1032
0 0 0 0 1 5.04449
0 0 0 0 1 4.96941
0 0 0 0 0 5.02126
0 0 0 0 1 4.92363
0 0 0 0 1 4.86629
0 0 0 0 1 4.85333
0 0 0 0 1 4.82407
0 0 0 0 1 4.83027
0 0 0 0 1 4.85352
0 0 0 0 1 4.78808
0 0 0 0 1 4.8395
0 0 0 0 1 4.82322
0 0 0 0 1 4.83017
0 0 0 0 1 4.88222
0 0 0 0 1 4.94446
0 0 0 0 1 4.94308
0 0 0 0 1 4.98002
0 0 0 0 1 4.91922
0 0 0 0 0 5.00726
0 0 0 0 1 5.00976
0 0 0 0 1 5.02352
0 0 0 0 1 5.05746
0 0 0 0 1 5.05125
0 0 0 0 1 5.07029
0 0 0 0 1 5.12502
0 0 0 0 1 5.09337
0 0 0 0 0 5.15877
0 0 0 0 1 5.13072
0 0 0 0 0 5.20175
0 0 0 0 1 5.14908
0 0 0 0 0 5.1531
0 0 0 0 1 5.24575
0 0 0 0 1 5.24483
0 0 0 0 1 5.23333
0 0 0 0 0 5.30608
0 0 0 0 1 5.24835
0 0 0 0 0 5.31635
0 0 0 0 1 5.38481
0 0 0 0 1 5.41618
0 0 0 0 1 5.4262
0 0 0 0 1 5.4594
0 0 0 0 0 5.39889
0 0 0 0 1 5.49051
0 0 0 0 1 5.41857
0 0 0 0 1 5.51237
0 0 0 0 1 5.57773
0 0 0 0 1 5.57858
0 0 0 0 1 5.53873
0 0 0 0 1 5.54472
0 0 0 0 1 5.66723
0 0 0 0 0 5.6002
0 0 0 0 1 5.72381
0 0 0 0 1 5.74172
0 0 0 0 1 5.78092
0 0 0 0 0 5.7472
0 0 0 0 1 5.82284
0 0 0 0 1 5.80608
0 0 0 0 1 5.89246
0 0 0 0 1 5.81696
0 0 0 0 1 5.91142
0 0 0 0 1 5.91188
0 0 0 0 1 5.93598
0 0 0 0 1 5.97808
0 0 0 0 1 6.06853
0 0 0 0 0 6.06903
0 0 0 0 0 6.08756
0 0 0 0 1 6.05112
0 0 0 0 0 6.14299
0 0 0 0 1 6.20018
0 0 0 0 0 9.60471
0 0 0 0 1 9.44341
0 0 0 0 1 9.46899
0 0 0 0 1 9.47552
0 0 0 0 1 9.41007
0 0 0 0 1 9.30445
0 0 0 0 0 9.36725
0 0 0 0 1 9.32422
0 0 0 0 1 9.21375
0 0 0 0 1 9.28539
0 0 0 0 1 9.12653
0 0 0 0 1 9.23463
0 0 0 0 1 9.10436
0 0 0 0 1 9.17537
0 0 0 0 1 9.10968
0 0 0 0 1 9.08061
0 0 0 0 1 8.97051
0 0 0 0 1 8.98376
0 0 0 0 1 9.00022
0 0 0 0 1 8.90592
0 0 0 0 1 8.94041
0 0 0 0 1 8.91243
0 0 0 0 1 8.82258
0 0 0 0 0 8.90125
0 0 0 0 1 8.85276
0 0 0 0 1 8.83427
0 0 0 0 0 8.74582
0 0 0 0 1 8.67728
0 0 0 0 1 8.68573
0 0 0 0 1 8.61244
0 0 0 0 0 8.75989
0 0 0 0 1 8.62633
0 0 0 0 1 8.6609
0 0 0 0 0 8.64885
0 0 0 0 1 8.58889
0 0 0 0 1 8.60285
0 0 0 0 1 8.45811
0 0 0 0 1 8.53202
0 0 0 0 0 8.54616
0 0 0 0 1 8.43315
0 0 0 0 0 8.46447
0 0 0 0 1 8.36915
0 0 0 0 1 8.46312
0 0 0 0 0 8.46914
0 0 0 0 0 8.39983
0 0 0 0 1 8.34761
0 0 0 0 1 8.28734
0 0 0 0 0 8.33928
0 0 0 0 0 8.37075
0 0 0 0 1 8.29454
0 0 0 0 1 8.28104
0 0 0 0 0 8.1972
0 0 0 0 0 8.22077
0 0 0 0 1 8.18685
0 0 0 0 0 8.2351
0 0 0 0 1 8.21781
0 0 0 0 0 8.10276
0 0 0 0 1 8.12672
0 0 0 0 1 8.05315
0 0 0 0 1 8.03674
0 0 0 0 0 8.15808
0 0 0 0 1 7.99634
0 0 0 0 1 8.14166
0 0 0 0 1 8.08936
0 0 0 0 0 8.08958
0 0 0 0 0 8.00171
0 0 0 0 1 7.98631
0 0 0 0 1 8.04296
0 0 0 0 1 7.89596
0 0 0 0 1 7.913
0 0 0 0 1 8.02543
0 0 0 0 1 7.90757
0 0 0 0 1 7.96443
0 0 0 0 1 7.92203
0 0 0 0 1 7.92365
0 0 0 0 1 7.90177
0 0 0 0 1 7.79698
0 0 0 0 1 7.78683
0 0 0 0 1 7.78913
0 0 0 0 1 7.90903
0 0 0 0 1 7.74722
0 0 0 0 0 7.73758
0 0 0 0 1 7.74826
0 0 0 0 1 7.85244
0 0 0 0 1 7.74195
0 0 0 0 1 7.70641
0 0 0 0 1 7.74387
