0 0 0 0 1 5.50296
0 0 0 0 1 5.58423
0 0 0 0 1 5.5323
0 0 0 0 1 5.55523
0 0 0 0 1 5.53679
0 0 0 0 1 5.56313
0 0 0 0 1 5.55517
0 0 0 0 1 5.55933
0 0 0 0 1 5.60518
0 0 0 0 1 5.62648
0 0 0 0 1 5.61981
0 0 0 0 0 5.6245
0 0 0 0 1 5.69924
0 0 0 0 1 5.66465
0 0 0 0 0 5.61869
0 0 0 0 1 5.64288
0 0 0 0 1 5.64808
0 0 0 0 1 5.6648
0 0 0 0 1 5.69309
0 0 0 0 1 5.65685
0 0 0 0 1 5.75403
0 0 0 0 0 5.78857
0 0 0 0 1 5.74287
0 0 0 0 1 5.7201
0 0 0 0 0 5.72222
0 0 0 0 1 5.76306
0 0 0 0 1 5.78097
0 0 0 0 1 5.83387
0 0 0 0 0 5.78817
0 0 0 0 1 5.83563
0 0 0 0 1 5.88921
0 0 0 0 1 5.84514
0 0 0 0 1 5.80097
0 0 0 0 0 5.90776
0 0 0 0 0 5.84442
0 0 0 0 1 5.85164
0 0 0 0 1 5.94173
0 0 0 0 1 5.9671
0 0 0 0 1 5.92732
0 0 0 0 0 5.90528
0 0 0 0 1 5.91302
0 0 0 0 1 5.94477
0 0 0 0 0 5.97204
0 0 0 0 1 6.04617
0 0 0 0 1 5.99431
0 0 0 0 1 6.09308
0 0 0 0 1 6.04603
0 0 0 0 1 6.03638
0 0 0 0 0 6.12403
0 0 0 0 0 6.08412
0 0 0 0 1 6.11739
0 0 0 0 1 6.07734
0 0 0 0 1 6.12204
0 0 0 0 1 6.21225
0 0 0 0 1 6.11669
0 0 0 0 1 6.21868
0 0 0 0 1 6.15994
0 0 0 0 1 6.17455
0 0 0 0 0 6.22149
0 0 0 0 1 6.21238
0 0 0 0 1 6.26506
0 0 0 0 1 6.33788
0 0 0 0 1 6.31644
0 0 0 0 1 6.36449
0 0 0 0 1 6.29863
0 0 0 0 1 6.33973
0 0 0 0 1 6.38831
0 0 0 0 1 6.35956
0 0 0 0 1 6.35713
0 0 0 0 1 6.45699
0 0 0 0 0 6.40959
0 0 0 0 1 6.54918
0 0 0 0 1 6.52774
0 0 0 0 1 6.50618
0 0 0 0 1 6.54987
0 0 0 0 0 6.50789
0 0 0 0 0 6.52485
0 0 0 0 1 6.66143
0 0 0 0 0 6.56639
0 0 0 0 1 6.69674
0 0 0 0 0 6.60776
0 0 0 0 0 6.7263
0 0 0 0 1 6.70455
0 0 0 0 1 6.70227
0 0 0 0 1 6.78783
0 0 0 0 1 6.73826
0 0 0 0 1 6.74278
0 0 0 0 1 6.81565
0 0 0 0 1 6.80667
0 0 0 0 1 6.90777
0 0 0 0 1 6.88513
0 0 0 0 1 6.91134
0 0 0 0 1 6.95109
0 0 0 0 1 6.9422
0 0 0 0 1 7.04534
0 0 0 0 0 7.09289
0 0 0 0 1 7.11916
0 0 0 0 0 7.13884
0 0 0 0 1 7.11587
0 0 0 0 0 7.14269
0 0 0 0 1 7.19834
0 0 0 0 1 7.26874
0 0 0 0 0 7.28136
0 0 0 0 1 7.23623
0 0 0 0 1 7.35805
0 0 0 0 1 7.26133
0 0 0 0 1 7.33252
0 0 0 0 1 7.39762
0 0 0 0 0 7.43266
0 0 0 0 1 7.43805
0 0 0 0 1 7.40638
0 0 0 0 1 7.46401
0 0 0 0 1 7.58999
0 0 0 0 0 7.65629
0 0 0 0 1 7.60911
0 0 0 0 1 7.72165
0 0 0 0 1 7.63516
0 0 0 0 1 7.77943
0 0 0 0 1 7.73858
0 0 0 0 1 7.72054
0 0 0 0 1 7.85927
0 0 0 0 1 7.94354
0 0 0 0 1 7.98058
0 0 0 0 1 7.95458
0 0 0 0 1 7.95954
0 0 0 0 1 7.99694
0 0 0 0 1 7.98607
0 0 0 0 0 8.16938
0 0 0 0 1 8.1827
0 0 0 0 0 8.11451
0 0 0 0 1 8.20115
0 0 0 0 1 8.305
0 0 0 0 0 8.33532
0 0 0 0 1 8.432
0 0 0 0 1 8.47893
0 0 0 0 1 8.39071
0 0 0 0 1 8.44574
0 0 0 0 1 8.62076
0 0 0 0 1 8.53154
0 0 0 0 0 8.6304
0 0 0 0 0 8.74665
0 0 0 0 1 8.75092
0 0 0 0 1 8.78921
0 0 0 0 1 8.82034
0 0 0 0 1 8.95645
0 0 0 0 1 8.89686
0 0 0 0 1 8.91705
0 0 0 0 1 9.082
0 0 0 0 1 9.10354
0 0 0 0 0 9.08722
0 0 0 0 1 9.2916
0 0 0 0 1 9.37729
0 0 0 0 1 9.39916
0 0 0 0 0 9.45624
0 0 0 0 1 9.55236
0 0 0 0 1 9.53373
0 0 0 0 0 9.53329
0 0 0 0 0 9.7072
0 0 0 0 1 9.80375
0 0 0 0 0 9.84221
0 0 0 0 1 9.94941
0 0 0 0 1 9.87038
0 0 0 0 1 9.99623
0 0 0 0 1 9.95364
0 0 0 0 1 10.1511
0 0 0 0 1 10.2195
0 0 0 0 1 10.2659
0 0 0 0 1 10.3845
0 0 0 0 0 10.4953
0 0 0 0 1 10.5945
0 0 0 0 1 10.5461
0 0 0 0 1 10.6965
0 0 0 0 0 10.7642
0 0 0 0 0 10.8949
0 0 0 0 1 9.26867
0 0 0 0 0 9.3653
0 0 0 0 0 9.27188
0 0 0 0 1 9.17419
0 0 0 0 1 9.12781
0 0 0 0 1 9.21502
0 0 0 0 0 9.24233
0 0 0 0 1 9.21918
0 0 0 0 1 9.06376
0 0 0 0 1 9.04134
0 0 0 0 0 9.13271
0 0 0 0 1 9.11949
0 0 0 0 0 9.06557
0 0 0 0 1 9.11137
0 0 0 0 1 8.96332
0 0 0 0 1 9.08129
0 0 0 0 0 9.0509
0 0 0 0 1 8.98915
0 0 0 0 1 8.99032
0 0 0 0 1 8.86658
0 0 0 0 1 8.81956
0 0 0 0 1 8.86579
0 0 0 0 1 8.89419
0 0 0 0 0 8.78968
0 0 0 0 0 8.86253
0 0 0 0 1 8.8607
0 0 0 0 0 8.77478
0 0 0 0 1 8.75083
0 0 0 0 0 8.85875
0 0 0 0 1 8.83494
0 0 0 0 1 8.75882
0 0 0 0 1 8.81044
0 0 0 0 0 8.70002
0 0 0 0 1 8.79025
0 0 0 0 1 8.61094
0 0 0 0 0 8.58848
0 0 0 0 1 8.73077
0 0 0 0 0 8.70843
0 0 0 0 1 8.68627
0 0 0 0 1 8.62983
0 0 0 0 1 8.65115
0 0 0 0 1 8.58659
0 0 0 0 1 8.63392
0 0 0 0 1 8.64696
0 0 0 0 1 8.63442
0 0 0 0 1 8.57079
0 0 0 0 0 8.52753
0 0 0 0 1 8.54116
0 0 0 0 1 8.49837
0 0 0 0 1 8.65644
0 0 0 0 0 8.89509
0 0 0 0 1 9.03943
0 0 0 0 0 9.08418
0 0 0 0 1 9.30221
0 0 0 0 1 9.41013
0 0 0 0 0 9.5744
0 0 0 0 1 9.64232
0 0 0 0 1 9.92409
0 0 0 0 1 10.1099
0 0 0 0 0 10.2045
0 0 0 0 0 10.2655
0 0 0 0 1 10.4684
0 0 0 0 1 10.6731
0 0 0 0 1 11.0074
0 0 0 0 1 11.2466
0 0 0 0 1 11.3153
0 0 0 0 1 11.5736
0 0 0 0 1 11.8314
0 0 0 0 1 11.9578
0 0 0 0 1 12.1979
0 0 0 0 0 12.5102
0 0 0 0 1 12.8604
0 0 0 0 1 22.7509
0 0 0 0 1 22.5277
0 0 0 0 1 22.7117
0 0 0 0 1 22.4444
0 0 0 0 0 22.4723
0 0 0 0 1 22.7722
0 0 0 0 1 22.4161
0 0 0 0 1 22.7164
0 0 0 0 1 22.7682
0 0 0 0 1 22.6398
0 0 0 0 1 22.4444
0 0 0 0 1 22.5877
0 0 0 0 1 22.5524
0 0 0 0 1 22.3811
0 0 0 0 1 22.5479
0 0 0 0 1 22.4675
0 0 0 0 0 22.3877
0 0 0 0 0 22.2635
0 0 0 0 1 23.3388
0 0 0 0 1 23.9067
0 0 0 0 1 24.9674
0 0 0 0 1 26.4744
0 0 0 0 0 36.0899
0 0 0 0 1 36.7667
0 0 0 0 1 36.0972
0 0 0 0 0 36.5203
0 0 0 0 0 36.3562
0 0 0 0 1 38.4493
0 0 0 0 0 52.2229
0 0 0 0 0 52.1553
0 0 0 0 1 52.4015
0 0 0 0 1 51.7116
0 0 0 0 1 51.5951
0 0 0 0 0 55.9341
0 0 0 0 1 66.1171
0 0 0 0 1 69.3156
0 0 0 0 1 81.7282
0 0 0 0 0 5.0601
0 0 0 0 0 5.0601
0 0 0 0 0 5.03505
0 0 0 0 0 4.96491
0 0 0 0 0 4.98996
0 0 0 0 0 5.0601
0 0 0 0 0 4.9599
0 0 0 0 0 5.04006
0 0 0 0 0 4.96491
0 0 0 0 0 5.05509
0 0 0 0 0 4.99998
0 0 0 0 0 4.9599
0 0 0 0 1 88.2916
0 0 0 0 0 88.3007
0 0 0 0 0 74.6189
0 0 0 0 1 63.2644
0 0 0 0 1 60.9501
0 0 0 0 1 60.356
0 0 0 0 0 60.3073
0 0 0 0 0 51.055
0 0 0 0 1 48.467
0 0 0 0 0 47.9035
0 0 0 0 0 38.9993
0 0 0 0 1 37.1144
0 0 0 0 1 35.8462
0 0 0 0 1 35.7157
0 0 0 0 1 35.6564
0 0 0 0 1 35.5629
0 0 0 0 1 27.8252
0 0 0 0 0 27.0179
0 0 0 0 1 25.4853
0 0 0 0 1 24.7622
0 0 0 0 1 24.8725
0 0 0 0 1 24.5153
0 0 0 0 1 24.4282
0 0 0 0 1 24.6138
0 0 0 0 1 24.8248
0 0 0 0 0 24.6415
0 0 0 0 1 24.5325
0 0 0 0 1 24.6464
0 0 0 0 1 24.982
0 0 0 0 0 18.0361
0 0 0 0 1 17.8273
0 0 0 0 1 17.2777
0 0 0 0 1 16.5772
0 0 0 0 1 16.4239
0 0 0 0 1 15.8636
0 0 0 0 1 15.4545
0 0 0 0 1 14.97
0 0 0 0 1 14.6835
0 0 0 0 1 14.3942
0 0 0 0 1 14.0144
0 0 0 0 0 13.9703
0 0 0 0 0 13.9266
0 0 0 0 1 14.0083
0 0 0 0 1 13.8536
0 0 0 0 0 14.0194
0 0 0 0 1 13.895
0 0 0 0 1 13.9779
0 0 0 0 1 13.8934
0 0 0 0 1 14.1168
0 0 0 0 1 13.937
0 0 0 0 1 14.0492
0 0 0 0 1 14.1619
0 0 0 0 1 14.0923
0 0 0 0 1 14.0816
0 0 0 0 0 14.2235
0 0 0 0 0 14.0698
0 0 0 0 1 13.9751
0 0 0 0 1 14.1887
0 0 0 0 1 14.1907
0 0 0 0 1 14.0399
0 0 0 0 1 14.2124
0 0 0 0 1 14.3031
0 0 0 0 1 14.3631
0 0 0 0 1 14.2554
0 0 0 0 1 14.3871
0 0 0 0 1 14.2225
0 0 0 0 0 14.1548
0 0 0 0 1 14.4195
0 0 0 0 1 14.4813
0 0 0 0 1 8.80827
0 0 0 0 1 8.7819
0 0 0 0 1 8.63305
0 0 0 0 1 8.45225
0 0 0 0 1 8.44969
0 0 0 0 1 8.32878
0 0 0 0 1 8.25064
0 0 0 0 1 8.02528
0 0 0 0 1 7.93229
0 0 0 0 1 7.92637
0 0 0 0 0 7.79511
0 0 0 0 1 7.75618
0 0 0 0 0 7.71789
0 0 0 0 1 7.61071
0 0 0 0 1 7.39954
0 0 0 0 1 7.39277
0 0 0 0 1 7.2584
0 0 0 0 0 7.21412
0 0 0 0 1 7.24107
0 0 0 0 1 7.15257
0 0 0 0 0 7.05748
0 0 0 0 1 6.90256
0 0 0 0 1 6.94014
0 0 0 0 1 6.78707
0 0 0 0 1 6.80471
0 0 0 0 1 6.72053
0 0 0 0 1 6.67665
0 0 0 0 0 6.50119
0 0 0 0 1 6.43857
0 0 0 0 1 6.50755
0 0 0 0 0 6.41206
0 0 0 0 0 6.28198
0 0 0 0 1 6.32912
0 0 0 0 1 6.23146
0 0 0 0 1 6.12234
0 0 0 0 1 6.16725
0 0 0 0 1 6.09534
0 0 0 0 0 6.06887
0 0 0 0 1 5.92588
0 0 0 0 1 5.88208
0 0 0 0 1 5.92945
0 0 0 0 0 5.8385
0 0 0 0 1 5.75413
0 0 0 0 1 5.75083
0 0 0 0 1 5.64155
0 0 0 0 1 5.66615
0 0 0 0 1 5.61142
0 0 0 0 1 5.50996
0 0 0 0 1 5.47276
0 0 0 0 1 5.45751
0 0 0 0 1 5.49087
0 0 0 0 1 5.40766
0 0 0 0 0 5.41104
0 0 0 0 1 5.29354
0 0 0 0 1 5.2386
0 0 0 0 1 5.2859
0 0 0 0 1 5.16321
0 0 0 0 1 5.17648
0 0 0 0 1 5.11716
0 0 0 0 1 5.08384
0 0 0 0 0 5.12349
0 0 0 0 0 5.02434
0 0 0 0 1 5.06468
0 0 0 0 1 4.99635
0 0 0 0 0 4.94343
0 0 0 0 0 4.91053
0 0 0 0 1 4.87286
0 0 0 0 1 4.81435
0 0 0 0 1 4.86887
0 0 0 0 0 4.81018
0 0 0 0 1 4.86048
0 0 0 0 1 4.82981
0 0 0 0 1 4.90102
0 0 0 0 1 4.9179
0 0 0 0 0 4.93114
0 0 0 0 0 4.92482
0 0 0 0 1 4.88394
0 0 0 0 1 4.9899
0 0 0 0 1 4.97377
0 0 0 0 0 4.98238
0 0 0 0 1 5.01974
0 0 0 0 1 5.00348
0 0 0 0 1 5.0474
0 0 0 0 1 5.08153
0 0 0 0 1 5.04496
0 0 0 0 0 5.05384
0 0 0 0 1 5.14441
0 0 0 0 0 5.09217
0 0 0 0 1 5.16667
0 0 0 0 1 5.18113
0 0 0 0 1 5.15943
0 0 0 0 1 5.23102
0 0 0 0 0 5.16232
0 0 0 0 1 5.20819
0 0 0 0 0 5.23333
0 0 0 0 1 5.32191
0 0 0 0 1 5.24835
0 0 0 0 1 5.33232
0 0 0 0 1 5.33673
0 0 0 0 1 5.32502
0 0 0 0 0 5.43696
0 0 0 0 0 5.4594
0 0 0 0 0 5.40432
0 0 0 0 0 5.41418
0 0 0 0 0 5.43499
0 0 0 0 1 5.45185
0 0 0 0 1 5.57221
0 0 0 0 1 5.56748
0 0 0 0 0 5.60002
0 0 0 0 1 5.56713
0 0 0 0 1 5.67847
0 0 0 0 1 5.66236
0 0 0 0 1 5.65007
0 0 0 0 0 5.6904
0 0 0 0 1 5.71223
0 0 0 0 1 5.70118
0 0 0 0 0 5.82862
0 0 0 0 1 5.87001
0 0 0 0 1 5.8808
0 0 0 0 1 5.8111
0 0 0 0 1 5.94089
0 0 0 0 1 5.87634
0 0 0 0 1 5.98361
0 0 0 0 0 5.93619
0 0 0 0 1 5.97831
0 0 0 0 1 6.03276
0 0 0 0 1 6.09971
0 0 0 0 1 6.06944
0 0 0 0 1 6.10003
0 0 0 0 0 6.16312
0 0 0 0 0 9.59519
0 0 0 0 1 9.40548
0 0 0 0 0 9.38394
0 0 0 0 1 9.43785
0 0 0 0 1 9.39131
0 0 0 0 1 9.34185
0 0 0 0 1 9.28337
0 0 0 0 0 9.34281
0 0 0 0 0 9.16745
0 0 0 0 1 9.20232
0 0 0 0 1 9.20934
0 0 0 0 0 9.14293
0 0 0 0 0 9.04952
0 0 0 0 0 9.17537
0 0 0 0 0 9.02793
0 0 0 0 1 8.99008
0 0 0 0 1 9.11491
0 0 0 0 1 8.96575
0 0 0 0 0 8.98228
0 0 0 0 1 9.02228
0 0 0 0 1 8.94933
0 0 0 0 1 8.83238
0 0 0 0 1 8.91124
0 0 0 0 1 8.88357
0 0 0 0 1 8.80868
0 0 0 0 0 8.78153
0 0 0 0 0 8.83345
0 0 0 0 1 8.79099
0 0 0 0 1 8.79909
0 0 0 0 0 8.73423
0 0 0 0 0 8.7252
0 0 0 0 1 8.63498
0 0 0 0 1 8.61776
0 0 0 0 1 8.67467
0 0 0 0 0 8.64895
0 0 0 0 1 8.63709
0 0 0 0 1 8.56907
0 0 0 0 1 8.60014
0 0 0 0 1 8.41873
0 0 0 0 1 8.49248
0 0 0 0 1 8.41374
0 0 0 0 1 8.36915
0 0 0 0 0 8.37899
0 0 0 0 1 8.42717
0 0 0 0 1 8.34121
0 0 0 0 1 8.28911
0 0 0 0 1 8.38739
0 0 0 0 1 8.38085
0 0 0 0 1 8.33756
0 0 0 0 1 8.24487
0 0 0 0 0 8.32236
0 0 0 0 1 8.16421
0 0 0 0 1 8.25369
0 0 0 0 1 8.28539
0 0 0 0 1 8.15316
0 0 0 0 1 8.1851
0 0 0 0 1 8.0946
0 0 0 0 1 8.09415
0 0 0 0 1 8.11816
0 0 0 0 1 8.15028
0 0 0 0 1 8.03668
0 0 0 0 1 8.12557
0 0 0 0 1 8.03687
0 0 0 0 1 7.96862
0 0 0 0 0 8.00121
0 0 0 0 0 7.99369
0 0 0 0 1 8.05033
0 0 0 0 1 7.92316
0 0 0 0 1 8.03953
0 0 0 0 1 7.9926
0 0 0 0 1 7.96981
0 0 0 0 0 7.98688
0 0 0 0 1 7.98818
0 0 0 0 1 7.97737
0 0 0 0 0 7.86841
0 0 0 0 1 7.83087
0 0 0 0 1 7.89139
0 0 0 0 1 7.89683
0 0 0 0 1 7.77345
0 0 0 0 1 7.89337
0 0 0 0 1 7.75504
0 0 0 0 1 7.77662
0 0 0 0 1 7.86519
0 0 0 0 0 7.82131
0 0 0 0 1 7.80414
0 0 0 0 1 7.69865
0 0 0 0 1 7.82139
