0 0 0 0 0 5.54179
0 0 0 0 1 5.61201
0 0 0 0 1 5.61579
0 0 0 0 1 5.58866
0 0 0 0 1 5.61493
0 0 0 0 1 5.56872
0 0 0 0 0 5.63349
0 0 0 0 1 5.6546
0 0 0 0 1 5.66129
0 0 0 0 1 5.63773
0 0 0 0 1 5.59166
0 0 0 0 1 5.69784
0 0 0 0 1 5.70489
0 0 0 0 1 5.68163
0 0 0 0 1 5.64137
0 0 0 0 1 5.71101
0 0 0 0 1 5.67652
0 0 0 0 0 5.6477
0 0 0 0 1 5.71593
0 0 0 0 1 5.73685
0 0 0 0 0 5.7712
0 0 0 0 1 5.69105
0 0 0 0 1 5.79461
0 0 0 0 1 5.71434
0 0 0 0 1 5.71069
0 0 0 0 1 5.73994
0 0 0 0 1 5.82731
0 0 0 0 1 5.78162
0 0 0 0 1 5.78236
0 0 0 0 1 5.85895
0 0 0 0 0 5.82495
0 0 0 0 1 5.81589
0 0 0 0 0 5.9123
0 0 0 0 1 5.83729
0 0 0 0 1 5.85619
0 0 0 0 1 5.85754
0 0 0 0 0 5.85304
0 0 0 0 1 5.95525
0 0 0 0 1 5.92732
0 0 0 0 1 5.93504
0 0 0 0 1 6.01445
0 0 0 0 0 5.93879
0 0 0 0 1 5.94209
0 0 0 0 1 6.06418
0 0 0 0 1 5.96422
0 0 0 0 0 5.99052
0 0 0 0 1 6.1126
0 0 0 0 0 6.08491
0 0 0 0 1 6.05713
0 0 0 0 1 6.07193
0 0 0 0 1 6.0685
0 0 0 0 1 6.1141
0 0 0 0 1 6.1958
0 0 0 0 1 6.09527
0 0 0 0 0 6.17841
0 0 0 0 1 6.24962
0 0 0 0 0 6.17855
0 0 0 0 1 6.28037
0 0 0 0 1 6.17781
0 0 0 0 1 6.2812
0 0 0 0 1 6.3404
0 0 0 0 1 6.33788
0 0 0 0 1 6.27227
0 0 0 0 0 6.33286
0 0 0 0 1 6.30498
0 0 0 0 1 6.40975
0 0 0 0 1 6.36916
0 0 0 0 0 6.46843
0 0 0 0 1 6.38924
0 0 0 0 1 6.45055
0 0 0 0 0 6.41606
0 0 0 0 1 6.45191
0 0 0 0 1 6.56025
0 0 0 0 0 6.46706
0 0 0 0 1 6.55641
0 0 0 0 1 6.49477
0 0 0 0 1 6.6302
0 0 0 0 1 6.64823
0 0 0 0 1 6.65253
0 0 0 0 1 6.71669
0 0 0 0 1 6.73457
0 0 0 0 1 6.75308
0 0 0 0 1 6.74482
0 0 0 0 1 6.66859
0 0 0 0 1 6.82163
0 0 0 0 1 6.77219
0 0 0 0 0 6.74959
0 0 0 0 1 6.8635
0 0 0 0 1 6.82039
0 0 0 0 1 6.92843
0 0 0 0 1 6.96809
0 0 0 0 1 6.9252
0 0 0 0 1 6.94414
0 0 0 0 1 7.02601
0 0 0 0 0 6.97523
0 0 0 0 1 7.08585
0 0 0 0 1 7.11916
0 0 0 0 1 7.0253
0 0 0 0 1 7.17285
0 0 0 0 1 7.17129
0 0 0 0 1 7.1194
0 0 0 0 1 7.1967
0 0 0 0 1 7.28136
0 0 0 0 1 7.27982
0 0 0 0 1 7.35805
0 0 0 0 0 7.3859
0 0 0 0 1 7.36933
0 0 0 0 1 7.34594
0 0 0 0 1 7.35848
0 0 0 0 0 7.40824
0 0 0 0 0 7.42882
0 0 0 0 1 7.50911
0 0 0 0 1 7.59754
0 0 0 0 1 7.52729
0 0 0 0 0 7.57102
0 0 0 0 1 7.66808
0 0 0 0 1 7.71974
0 0 0 0 0 7.70217
0 0 0 0 1 7.77739
0 0 0 0 0 7.74394
0 0 0 0 1 7.77317
0 0 0 0 1 7.92781
0 0 0 0 1 7.83821
0 0 0 0 1 7.98637
0 0 0 0 1 8.06343
0 0 0 0 1 7.95679
0 0 0 0 1 8.1232
0 0 0 0 0 8.12886
0 0 0 0 1 8.199
0 0 0 0 1 8.22095
0 0 0 0 1 8.15175
0 0 0 0 1 8.29672
0 0 0 0 0 8.40187
0 0 0 0 1 8.39854
0 0 0 0 1 8.43688
0 0 0 0 0 8.41608
0 0 0 0 1 8.42873
0 0 0 0 1 8.48392
0 0 0 0 1 8.53154
0 0 0 0 1 8.66496
0 0 0 0 1 8.64232
0 0 0 0 0 8.75966
0 0 0 0 0 8.78042
0 0 0 0 1 8.8115
0 0 0 0 0 8.88529
0 0 0 0 1 8.89686
0 0 0 0 1 8.92606
0 0 0 0 1 9.11825
0 0 0 0 1 9.19467
0 0 0 0 1 9.09639
0 0 0 0 1 9.27314
0 0 0 0 1 9.22874
0 0 0 0 1 9.27782
0 0 0 0 1 9.33404
0 0 0 0 1 9.40104
0 0 0 0 1 9.6004
0 0 0 0 1 9.64838
0 0 0 0 1 9.7072
0 0 0 0 1 9.75517
0 0 0 0 0 9.75416
0 0 0 0 1 9.94941
0 0 0 0 0 9.85056
0 0 0 0 1 9.90635
0 0 0 0 1 10.0441
0 0 0 0 1 10.1916
0 0 0 0 1 10.1073
0 0 0 0 1 10.2865
0 0 0 0 1 10.3017
0 0 0 0 1 10.3389
0 0 0 0 1 10.4265
0 0 0 0 1 10.6413
0 0 0 0 1 10.6538
0 0 0 0 1 10.6998
0 0 0 0 1 10.7541
0 0 0 0 1 9.28728
0 0 0 0 1 9.27249
0 0 0 0 1 9.25335
0 0 0 0 1 9.14647
0 0 0 0 1 9.15547
0 0 0 0 1 9.10466
0 0 0 0 0 9.0863
0 0 0 0 1 9.14594
0 0 0 0 1 9.14599
0 0 0 0 1 9.15071
0 0 0 0 0 9.02356
0 0 0 0 1 8.98338
0 0 0 0 0 9.00218
0 0 0 0 1 9.06617
0 0 0 0 1 9.09858
0 0 0 0 1 9.08129
0 0 0 0 1 8.95213
0 0 0 0 1 9.025
0 0 0 0 1 8.95454
0 0 0 0 0 8.86658
0 0 0 0 1 8.84629
0 0 0 0 1 8.94582
0 0 0 0 1 8.83206
0 0 0 0 0 8.82512
0 0 0 0 0 8.93329
0 0 0 0 1 8.91365
0 0 0 0 1 8.76597
0 0 0 0 1 8.73324
0 0 0 0 1 8.76217
0 0 0 0 0 8.68594
0 0 0 0 0 8.66257
0 0 0 0 1 8.78424
0 0 0 0 1 8.79591
0 0 0 0 1 8.76414
0 0 0 0 1 8.66308
0 0 0 0 0 8.63185
0 0 0 0 1 8.65282
0 0 0 0 1 8.6133
0 0 0 0 1 8.68627
0 0 0 0 1 8.54362
0 0 0 0 1 8.66837
0 0 0 0 1 8.52642
0 0 0 0 1 8.55668
0 0 0 0 1 8.62982
0 0 0 0 1 8.57452
0 0 0 0 1 8.56224
0 0 0 0 0 8.519
0 0 0 0 0 8.60083
0 0 0 0 1 8.58413
0 0 0 0 1 8.71734
0 0 0 0 1 8.89509
0 0 0 0 1 9.04839
0 0 0 0 0 9.15693
0 0 0 0 0 9.27449
0 0 0 0 1 9.43828
0 0 0 0 1 9.50764
0 0 0 0 0 9.72945
0 0 0 0 1 9.78626
0 0 0 0 0 9.97978
0 0 0 0 1 10.2554
0 0 0 0 1 10.338
0 0 0 0 1 10.5634
0 0 0 0 1 10.6623
0 0 0 0 1 11.0293
0 0 0 0 1 11.2466
0 0 0 0 1 11.4289
0 0 0 0 0 11.5968
0 0 0 0 1 11.7605
0 0 0 0 1 12.0181
0 0 0 0 1 12.4317
0 0 0 0 1 12.4851
0 0 0 0 0 12.809
0 0 0 0 1 22.8191
0 0 0 0 0 22.6185
0 0 0 0 1 22.621
0 0 0 0 1 22.6257
0 0 0 0 1 22.5855
0 0 0 0 0 22.4779
0 0 0 0 1 22.8006
0 0 0 0 1 22.513
0 0 0 0 1 22.4068
0 0 0 0 1 22.369
0 0 0 0 1 22.6699
0 0 0 0 1 22.3848
0 0 0 0 1 22.7101
0 0 0 0 1 22.3586
0 0 0 0 1 22.3679
0 0 0 0 0 22.4226
0 0 0 0 0 22.5451
0 0 0 0 0 22.6229
0 0 0 0 1 23.014
0 0 0 0 1 24.0514
0 0 0 0 0 25.0176
0 0 0 0 1 26.1336
0 0 0 0 1 36.3084
0 0 0 0 1 36.0386
0 0 0 0 1 36.5703
0 0 0 0 1 36.011
0 0 0 0 1 36.0286
0 0 0 0 1 38.2181
0 0 0 0 1 52.327
0 0 0 0 1 52.4155
0 0 0 0 0 51.5689
0 0 0 0 1 51.5035
0 0 0 0 0 52.5313
0 0 0 0 1 55.8777
0 0 0 0 1 65.5934
0 0 0 0 0 69.1763
0 0 0 0 1 82.3827
0 0 0 0 0 5.03004
0 0 0 0 0 5.02002
0 0 0 0 0 5.02002
0 0 0 0 0 5.05509
0 0 0 0 0 5.03004
0 0 0 0 0 5.01501
0 0 0 0 0 5.00499
0 0 0 0 0 4.98996
0 0 0 0 0 5.00499
0 0 0 0 0 4.97994
0 0 0 0 0 4.98996
0 0 0 0 0 4.99497
0 0 0 0 0 88.2916
0 0 0 0 1 87.9503
0 0 0 0 1 74.6189
0 0 0 0 1 64.0305
0 0 0 0 1 60.3448
0 0 0 0 1 60.5981
0 0 0 0 0 60.7311
0 0 0 0 1 52.0349
0 0 0 0 0 48.2271
0 0 0 0 1 48.0475
0 0 0 0 1 38.8814
0 0 0 0 1 36.9303
0 0 0 0 0 35.5965
0 0 0 0 1 35.5373
0 0 0 0 0 35.6207
0 0 0 0 1 35.5986
0 0 0 0 1 27.8813
0 0 0 0 1 26.9375
0 0 0 0 1 25.8186
0 0 0 0 1 24.713
0 0 0 0 1 24.4539
0 0 0 0 1 24.4906
0 0 0 0 1 24.4774
0 0 0 0 1 24.8358
0 0 0 0 1 24.4547
0 0 0 0 1 24.5427
0 0 0 0 1 24.9031
0 0 0 0 1 24.8936
0 0 0 0 1 24.7594
0 0 0 0 1 18.0907
0 0 0 0 1 17.6504
0 0 0 0 1 17.2089
0 0 0 0 1 16.6441
0 0 0 0 0 16.2773
0 0 0 0 1 15.8001
0 0 0 0 1 15.408
0 0 0 0 1 15.2119
0 0 0 0 1 14.7277
0 0 0 0 1 14.3077
0 0 0 0 1 14.0426
0 0 0 0 1 13.9703
0 0 0 0 1 14.0239
0 0 0 0 1 13.9665
0 0 0 0 1 13.9929
0 0 0 0 1 14.0055
0 0 0 0 1 13.8671
0 0 0 0 1 14.1035
0 0 0 0 1 13.8934
0 0 0 0 1 13.9629
0 0 0 0 1 14.1471
0 0 0 0 0 13.895
0 0 0 0 1 13.9794
0 0 0 0 1 14.0783
0 0 0 0 0 14.0816
0 0 0 0 0 14.0122
0 0 0 0 1 14.1826
0 0 0 0 1 13.9892
0 0 0 0 1 14.1039
0 0 0 0 1 14.2049
0 0 0 0 0 14.0965
0 0 0 0 0 14.0422
0 0 0 0 1 14.2747
0 0 0 0 1 14.3488
0 0 0 0 1 14.2981
0 0 0 0 1 14.3301
0 0 0 0 1 14.3368
0 0 0 0 1 14.4122
0 0 0 0 0 14.2906
0 0 0 0 1 14.2088
0 0 0 0 1 8.78179
0 0 0 0 1 8.63379
0 0 0 0 1 8.57286
0 0 0 0 1 8.41828
0 0 0 0 1 8.39934
0 0 0 0 0 8.22933
0 0 0 0 1 8.24245
0 0 0 0 1 8.01719
0 0 0 0 1 7.95627
0 0 0 0 1 7.82364
0 0 0 0 0 7.77947
0 0 0 0 1 7.70983
0 0 0 0 0 7.5727
0 0 0 0 1 7.63338
0 0 0 0 1 7.53408
0 0 0 0 1 7.42237
0 0 0 0 1 7.34621
0 0 0 0 1 7.29379
0 0 0 0 1 7.22673
0 0 0 0 1 7.12418
0 0 0 0 1 7.05748
0 0 0 0 1 6.8956
0 0 0 0 1 6.86441
0 0 0 0 1 6.77342
0 0 0 0 1 6.80471
0 0 0 0 1 6.68706
0 0 0 0 1 6.69654
0 0 0 0 1 6.57342
0 0 0 0 1 6.51661
0 0 0 0 0 6.41726
0 0 0 0 0 6.3482
0 0 0 0 1 6.36431
0 0 0 0 1 6.32284
0 0 0 0 1 6.18789
0 0 0 0 1 6.16554
0 0 0 0 1 6.08159
0 0 0 0 1 6.02256
0 0 0 0 1 5.97254
0 0 0 0 1 5.97362
0 0 0 0 1 5.93539
0 0 0 0 1 5.82965
0 0 0 0 1 5.80354
0 0 0 0 1 5.79461
0 0 0 0 1 5.72213
0 0 0 0 1 5.65292
0 0 0 0 1 5.59279
0 0 0 0 0 5.58342
0 0 0 0 1 5.60458
0 0 0 0 1 5.51142
0 0 0 0 1 5.49038
0 0 0 0 1 5.48
0 0 0 0 1 5.36985
0 0 0 0 1 5.33588
0 0 0 0 0 5.27757
0 0 0 0 1 5.24918
0 0 0 0 1 5.22291
0 0 0 0 1 5.18929
0 0 0 0 1 5.14539
0 0 0 0 1 5.16349
0 0 0 0 1 5.09407
0 0 0 0 1 5.09305
0 0 0 0 1 5.04953
0 0 0 0 1 4.9995
0 0 0 0 1 4.93159
0 0 0 0 1 4.95827
0 0 0 0 1 4.9646
0 0 0 0 1 4.87286
0 0 0 0 1 4.84836
0 0 0 0 1 4.86887
0 0 0 0 1 4.78129
0 0 0 0 1 4.81222
0 0 0 0 1 4.88795
0 0 0 0 1 4.89129
0 0 0 0 1 4.89353
0 0 0 0 1 4.88711
0 0 0 0 1 4.92973
0 0 0 0 1 4.88394
0 0 0 0 1 4.9652
0 0 0 0 1 4.97377
0 0 0 0 0 5.01722
0 0 0 0 1 4.97982
0 0 0 0 1 4.98846
0 0 0 0 1 5.06751
0 0 0 0 1 5.06135
0 0 0 0 1 5.08042
0 0 0 0 1 5.08943
0 0 0 0 1 5.15461
0 0 0 0 1 5.13828
0 0 0 0 1 5.1564
0 0 0 0 1 5.16051
0 0 0 0 0 5.16461
0 0 0 0 1 5.19986
0 0 0 0 1 5.21968
0 0 0 0 1 5.25006
0 0 0 0 1 5.30689
0 0 0 0 1 5.27971
0 0 0 0 1 5.25366
0 0 0 0 1 5.30571
0 0 0 0 1 5.29933
0 0 0 0 1 5.35719
0 0 0 0 1 5.42081
0 0 0 0 1 5.42693
0 0 0 0 1 5.45864
0 0 0 0 0 5.40328
0 0 0 0 0 5.48425
0 0 0 0 0 5.47386
0 0 0 0 0 5.47833
0 0 0 0 1 5.58968
0 0 0 0 1 5.54987
0 0 0 0 1 5.58953
0 0 0 0 1 5.57165
0 0 0 0 1 5.61716
0 0 0 0 0 5.67843
0 0 0 0 1 5.71891
0 0 0 0 1 5.73513
0 0 0 0 0 5.77021
0 0 0 0 1 5.74188
0 0 0 0 0 5.82933
0 0 0 0 1 5.79912
0 0 0 0 1 5.90492
0 0 0 0 0 5.95268
0 0 0 0 1 5.87634
0 0 0 0 1 5.9717
0 0 0 0 1 6.008
0 0 0 0 0 6.03846
0 0 0 0 1 6.08112
0 0 0 0 1 6.08756
0 0 0 0 0 6.16103
0 0 0 0 1 6.14913
0 0 0 0 1 6.23723
0 0 0 0 1 9.5476
0 0 0 0 0 9.46237
0 0 0 0 0 9.51624
0 0 0 0 0 9.38133
0 0 0 0 0 9.41945
0 0 0 0 0 9.36055
0 0 0 0 1 9.2554
0 0 0 0 1 9.28703
0 0 0 0 0 9.21375
0 0 0 0 1 9.30385
0 0 0 0 1 9.28294
0 0 0 0 1 9.07874
0 0 0 0 1 9.15921
0 0 0 0 1 9.0478
0 0 0 0 1 9.15509
0 0 0 0 1 9.11683
0 0 0 0 1 9.09686
0 0 0 0 1 9.06477
0 0 0 0 1 9.04509
0 0 0 0 1 9.02228
0 0 0 0 1 8.95825
0 0 0 0 1 8.85906
0 0 0 0 0 8.84031
0 0 0 0 1 8.75982
0 0 0 0 0 8.89685
0 0 0 0 1 8.74637
0 0 0 0 0 8.78963
0 0 0 0 1 8.81723
0 0 0 0 0 8.77293
0 0 0 0 1 8.62114
0 0 0 0 1 8.7252
0 0 0 0 1 8.69555
0 0 0 0 1 8.64364
0 0 0 0 0 8.55419
0 0 0 0 1 8.54599
0 0 0 0 1 8.50013
0 0 0 0 1 8.59467
0 0 0 0 1 8.48093
0 0 0 0 1 8.52917
0 0 0 0 1 8.40773
0 0 0 0 1 8.46447
0 0 0 0 1 8.44508
0 0 0 0 1 8.32851
0 0 0 0 0 8.46075
0 0 0 0 1 8.33283
0 0 0 0 1 8.28911
0 0 0 0 0 8.30402
0 0 0 0 1 8.34759
0 0 0 0 1 8.32097
0 0 0 0 0 8.2697
0 0 0 0 0 8.32236
0 0 0 0 1 8.27142
0 0 0 0 1 8.19609
0 0 0 0 1 8.18685
0 0 0 0 1 8.18593
0 0 0 0 1 8.22599
0 0 0 0 1 8.1762
0 0 0 0 1 8.12672
0 0 0 0 1 8.0694
0 0 0 0 0 8.02863
0 0 0 0 1 8.0124
0 0 0 0 0 8.12557
0 0 0 0 1 8.04493
0 0 0 0 1 7.98472
0 0 0 0 1 8.04138
0 0 0 0 1 7.99369
0 0 0 0 1 8.01832
0 0 0 0 1 8.04296
0 0 0 0 1 8.0475
0 0 0 0 1 7.92096
0 0 0 0 1 7.93803
0 0 0 0 1 8.01068
0 0 0 0 1 7.90109
0 0 0 0 1 7.96156
0 0 0 0 1 7.8763
0 0 0 0 1 7.84662
0 0 0 0 1 7.9386
0 0 0 0 1 7.92826
0 0 0 0 0 7.8362
0 0 0 0 1 7.79157
0 0 0 0 1 7.77849
0 0 0 0 1 7.8625
0 0 0 0 1 7.75606
0 0 0 0 1 7.82131
0 0 0 0 1 7.71863
0 0 0 0 0 7.79954
0 0 0 0 1 7.79038
