0 0 0 0 1 5.53625
0 0 0 0 1 5.58979
0 0 0 0 1 5.51004
0 0 0 0 1 5.61652
0 0 0 0 1 5.58702
0 0 0 0 1 5.6414
0 0 0 0 1 5.56636
0 0 0 0 1 5.6602
0 0 0 0 1 5.55469
0 0 0 0 1 5.5759
0 0 0 0 0 5.67049
0 0 0 0 1 5.6922
0 0 0 0 1 5.59192
0 0 0 0 1 5.64767
0 0 0 0 1 5.62436
0 0 0 0 1 5.67127
0 0 0 0 0 5.71634
0 0 0 0 1 5.6648
0 0 0 0 1 5.6988
0 0 0 0 0 5.73685
0 0 0 0 1 5.73112
0 0 0 0 1 5.78284
0 0 0 0 0 5.77161
0 0 0 0 0 5.72586
0 0 0 0 1 5.77991
0 0 0 0 1 5.8093
0 0 0 0 1 5.79835
0 0 0 0 1 5.7526
0 0 0 0 0 5.87543
0 0 0 0 1 5.83563
0 0 0 0 1 5.87169
0 0 0 0 1 5.79248
0 0 0 0 1 5.883
0 0 0 0 0 5.84904
0 0 0 0 0 5.85619
0 0 0 0 1 5.88113
0 0 0 0 1 5.97129
0 0 0 0 1 5.93747
0 0 0 0 0 5.99265
0 0 0 0 1 6.00647
0 0 0 0 1 5.98462
0 0 0 0 1 5.93879
0 0 0 0 0 6.04392
0 0 0 0 1 6.01615
0 0 0 0 0 6.07255
0 0 0 0 0 6.08101
0 0 0 0 1 6.1005
0 0 0 0 1 6.03638
0 0 0 0 1 6.05105
0 0 0 0 1 6.15118
0 0 0 0 1 6.11739
0 0 0 0 1 6.14473
0 0 0 0 1 6.12204
0 0 0 0 1 6.21225
0 0 0 0 1 6.15989
0 0 0 0 1 6.24344
0 0 0 0 1 6.17855
0 0 0 0 1 6.18078
0 0 0 0 1 6.29637
0 0 0 0 1 6.31873
0 0 0 0 1 6.32784
0 0 0 0 0 6.319
0 0 0 0 1 6.34168
0 0 0 0 1 6.35816
0 0 0 0 0 6.30498
0 0 0 0 1 6.327
0 0 0 0 1 6.41384
0 0 0 0 1 6.45562
0 0 0 0 1 6.45345
0 0 0 0 1 6.40544
0 0 0 0 0 6.4419
0 0 0 0 1 6.52324
0 0 0 0 1 6.53424
0 0 0 0 0 6.55833
0 0 0 0 0 6.49104
0 0 0 0 1 6.58005
0 0 0 0 1 6.53802
0 0 0 0 1 6.61522
0 0 0 0 1 6.69228
0 0 0 0 0 6.64354
0 0 0 0 0 6.62778
0 0 0 0 1 6.64599
0 0 0 0 0 6.68441
0 0 0 0 1 6.72248
0 0 0 0 1 6.75402
0 0 0 0 0 6.77219
0 0 0 0 1 6.76321
0 0 0 0 1 6.7883
0 0 0 0 1 6.88214
0 0 0 0 1 6.85267
0 0 0 0 1 6.8644
0 0 0 0 1 6.91134
0 0 0 0 1 6.9998
0 0 0 0 1 6.96315
0 0 0 0 1 6.96822
0 0 0 0 1 7.04363
0 0 0 0 1 7.10502
0 0 0 0 1 7.06788
0 0 0 0 1 7.07313
0 0 0 0 1 7.09264
0 0 0 0 1 7.12657
0 0 0 0 1 7.18949
0 0 0 0 0 7.20898
0 0 0 0 1 7.20717
0 0 0 0 0 7.35805
0 0 0 0 0 7.34193
0 0 0 0 1 7.33252
0 0 0 0 1 7.39024
0 0 0 0 1 7.46233
0 0 0 0 1 7.38588
0 0 0 0 1 7.41386
0 0 0 0 1 7.47153
0 0 0 0 1 7.59754
0 0 0 0 1 7.56523
0 0 0 0 1 7.67766
0 0 0 0 1 7.60686
0 0 0 0 1 7.71974
0 0 0 0 1 7.70217
0 0 0 0 1 7.80843
0 0 0 0 1 7.80632
0 0 0 0 0 7.82013
0 0 0 0 0 7.88062
0 0 0 0 0 7.90148
0 0 0 0 1 7.86717
0 0 0 0 1 7.93557
0 0 0 0 1 8.06117
0 0 0 0 0 8.0264
0 0 0 0 1 8.03161
0 0 0 0 1 8.20715
0 0 0 0 0 8.10632
0 0 0 0 1 8.22585
0 0 0 0 1 8.305
0 0 0 0 1 8.34364
0 0 0 0 1 8.34835
0 0 0 0 1 8.42005
0 0 0 0 1 8.433
0 0 0 0 1 8.47976
0 0 0 0 1 8.61221
0 0 0 0 0 8.60887
0 0 0 0 1 8.56129
0 0 0 0 1 8.65971
0 0 0 0 1 8.77715
0 0 0 0 0 8.8684
0 0 0 0 0 8.84685
0 0 0 0 1 8.91198
0 0 0 0 1 8.90581
0 0 0 0 1 8.9801
0 0 0 0 1 9.02761
0 0 0 0 1 9.05798
0 0 0 0 1 9.08722
0 0 0 0 1 9.31928
0 0 0 0 1 9.33087
0 0 0 0 1 9.29648
0 0 0 0 1 9.35284
0 0 0 0 1 9.49562
0 0 0 0 1 9.54325
0 0 0 0 1 9.49493
0 0 0 0 1 9.73614
0 0 0 0 1 9.70659
0 0 0 0 1 9.76394
0 0 0 0 1 9.86075
0 0 0 0 0 9.84065
0 0 0 0 1 10.0561
0 0 0 0 1 10.0843
0 0 0 0 1 10.0498
0 0 0 0 1 10.2297
0 0 0 0 0 10.2865
0 0 0 0 0 10.457
0 0 0 0 0 10.3806
0 0 0 0 0 10.5525
0 0 0 0 0 10.5461
0 0 0 0 1 10.6325
0 0 0 0 1 10.6675
0 0 0 0 1 10.8949
0 0 0 0 1 9.21284
0 0 0 0 1 9.27249
0 0 0 0 1 9.2904
0 0 0 0 1 9.22038
0 0 0 0 1 9.23845
0 0 0 0 1 9.12306
0 0 0 0 1 9.09548
0 0 0 0 1 9.10016
0 0 0 0 1 9.1734
0 0 0 0 1 9.05957
0 0 0 0 1 9.1691
0 0 0 0 1 9.11042
0 0 0 0 0 8.99312
0 0 0 0 1 9.11137
0 0 0 0 1 8.98136
0 0 0 0 1 9.01829
0 0 0 0 1 8.89826
0 0 0 0 0 8.97122
0 0 0 0 1 8.92771
0 0 0 0 1 8.91122
0 0 0 0 1 8.91756
0 0 0 0 1 8.88358
0 0 0 0 1 8.86756
0 0 0 0 1 8.91373
0 0 0 0 1 8.80062
0 0 0 0 1 8.84305
0 0 0 0 1 8.80121
0 0 0 0 1 8.73324
0 0 0 0 1 8.78851
0 0 0 0 1 8.79988
0 0 0 0 1 8.75882
0 0 0 0 1 8.76678
0 0 0 0 1 8.74361
0 0 0 0 0 8.62489
0 0 0 0 1 8.74997
0 0 0 0 1 8.64053
0 0 0 0 1 8.73943
0 0 0 0 1 8.68248
0 0 0 0 1 8.72081
0 0 0 0 1 8.5781
0 0 0 0 1 8.5995
0 0 0 0 1 8.51783
0 0 0 0 1 8.56526
0 0 0 0 1 8.48413
0 0 0 0 1 8.47183
0 0 0 0 1 8.51097
0 0 0 0 1 8.47632
0 0 0 0 1 8.4474
0 0 0 0 0 8.64416
0 0 0 0 1 8.72604
0 0 0 0 1 8.81567
0 0 0 0 1 8.89609
0 0 0 0 0 9.11146
0 0 0 0 0 9.29297
0 0 0 0 1 9.29755
0 0 0 0 1 9.58393
0 0 0 0 0 9.73913
0 0 0 0 1 9.87486
0 0 0 0 1 10.0699
0 0 0 0 1 10.2147
0 0 0 0 1 10.3483
0 0 0 0 0 10.5423
0 0 0 0 1 10.7912
0 0 0 0 1 10.8433
0 0 0 0 1 11.1574
0 0 0 0 1 11.4516
0 0 0 0 1 11.5272
0 0 0 0 1 11.8314
0 0 0 0 0 11.9578
0 0 0 0 1 12.2717
0 0 0 0 1 12.4725
0 0 0 0 1 12.7962
0 0 0 0 1 22.5237
0 0 0 0 1 22.5049
0 0 0 0 1 22.7344
0 0 0 0 1 22.5577
0 0 0 0 1 22.8121
0 0 0 0 1 22.7269
0 0 0 0 1 22.5066
0 0 0 0 1 22.8068
0 0 0 0 1 22.3843
0 0 0 0 1 22.7076
0 0 0 0 1 22.6925
0 0 0 0 1 22.768
0 0 0 0 1 22.3722
0 0 0 0 1 22.4486
0 0 0 0 1 22.3454
0 0 0 0 0 22.2876
0 0 0 0 1 22.2978
0 0 0 0 1 22.6229
0 0 0 0 1 23.3852
0 0 0 0 1 23.979
0 0 0 0 0 25.3441
0 0 0 0 1 26.4744
0 0 0 0 1 36.454
0 0 0 0 1 36.257
0 0 0 0 1 36.1336
0 0 0 0 1 36.1929
0 0 0 0 0 36.6837
0 0 0 0 0 38.7189
0 0 0 0 1 51.9626
0 0 0 0 1 51.9471
0 0 0 0 1 51.8291
0 0 0 0 0 52.3358
0 0 0 0 1 52.2712
0 0 0 0 1 56.2724
0 0 0 0 1 65.0697
0 0 0 0 1 69.4549
0 0 0 0 1 82.2191
0 0 0 0 0 5.04507
0 0 0 0 0 5.02503
0 0 0 0 0 5.05008
0 0 0 0 0 4.99497
0 0 0 0 0 4.96491
0 0 0 0 0 4.97493
0 0 0 0 0 5.04507
0 0 0 0 0 5.0601
0 0 0 0 0 5.05008
0 0 0 0 0 4.96491
0 0 0 0 0 5.04507
0 0 0 0 0 4.96491
0 0 0 0 0 87.2405
0 0 0 0 1 87.0743
0 0 0 0 0 74.8443
0 0 0 0 1 64.0943
0 0 0 0 1 60.1633
0 0 0 0 0 60.1744
0 0 0 0 0 60.7917
0 0 0 0 1 51.2097
0 0 0 0 1 47.7472
0 0 0 0 1 47.7115
0 0 0 0 1 39.0385
0 0 0 0 1 36.9671
0 0 0 0 0 35.5608
0 0 0 0 1 35.8584
0 0 0 0 1 35.6564
0 0 0 0 1 35.9199
0 0 0 0 0 27.9375
0 0 0 0 1 26.7231
0 0 0 0 1 25.793
0 0 0 0 1 24.4668
0 0 0 0 0 24.8479
0 0 0 0 1 24.4167
0 0 0 0 1 24.7239
0 0 0 0 1 24.6878
0 0 0 0 1 24.7755
0 0 0 0 0 24.7896
0 0 0 0 1 24.8784
0 0 0 0 1 24.4733
0 0 0 0 1 24.883
0 0 0 0 1 18.1817
0 0 0 0 1 17.7035
0 0 0 0 1 17.3637
0 0 0 0 1 16.8448
0 0 0 0 1 16.4565
0 0 0 0 0 15.7525
0 0 0 0 1 15.5629
0 0 0 0 0 15.0002
0 0 0 0 0 14.8901
0 0 0 0 1 14.3365
0 0 0 0 1 14.1977
0 0 0 0 1 13.9703
0 0 0 0 1 13.7876
0 0 0 0 1 13.7857
0 0 0 0 1 13.965
0 0 0 0 1 13.9916
0 0 0 0 1 13.9927
0 0 0 0 0 13.8801
0 0 0 0 1 13.8515
0 0 0 0 1 13.8789
0 0 0 0 1 13.993
0 0 0 0 1 14.1614
0 0 0 0 1 13.9794
0 0 0 0 1 14.1204
0 0 0 0 1 14.0816
0 0 0 0 0 14.1671
0 0 0 0 0 14.1403
0 0 0 0 1 14.0033
0 0 0 0 1 14.2028
0 0 0 0 0 14.0492
0 0 0 0 1 14.0257
0 0 0 0 1 14.2549
0 0 0 0 1 14.1185
0 0 0 0 0 14.2066
0 0 0 0 1 14.1557
0 0 0 0 1 14.3301
0 0 0 0 1 14.2368
0 0 0 0 1 14.3979
0 0 0 0 0 14.3049
0 0 0 0 1 14.2375
0 0 0 0 0 8.84357
0 0 0 0 1 8.69478
0 0 0 0 1 8.61585
0 0 0 0 0 8.57968
0 0 0 0 1 8.349
0 0 0 0 1 8.3122
0 0 0 0 1 8.20148
0 0 0 0 1 8.14663
0 0 0 0 1 8.06023
0 0 0 0 1 7.85525
0 0 0 0 1 7.88893
0 0 0 0 1 7.67893
0 0 0 0 1 7.7026
0 0 0 0 1 7.55025
0 0 0 0 1 7.42196
0 0 0 0 0 7.46677
0 0 0 0 1 7.39011
0 0 0 0 1 7.31552
0 0 0 0 1 7.17655
0 0 0 0 1 7.08161
0 0 0 0 1 6.98725
0 0 0 0 1 6.99997
0 0 0 0 1 6.91949
0 0 0 0 1 6.82799
0 0 0 0 1 6.77092
0 0 0 0 1 6.72053
0 0 0 0 1 6.6435
0 0 0 0 1 6.55372
0 0 0 0 1 6.46459
0 0 0 0 1 6.49465
0 0 0 0 1 6.39929
0 0 0 0 1 6.37064
0 0 0 0 1 6.34167
0 0 0 0 0 6.18789
0 0 0 0 1 6.19022
0 0 0 0 1 6.09383
0 0 0 0 0 6.01649
0 0 0 0 1 6.05081
0 0 0 0 1 5.91395
0 0 0 0 1 5.91762
0 0 0 0 1 5.92358
0 0 0 0 1 5.78606
0 0 0 0 1 5.74256
0 0 0 0 1 5.7623
0 0 0 0 0 5.69273
0 0 0 0 1 5.61536
0 0 0 0 1 5.61142
0 0 0 0 1 5.59345
0 0 0 0 0 5.51694
0 0 0 0 1 5.44655
0 0 0 0 1 5.39845
0 0 0 0 1 5.39145
0 0 0 0 0 5.41104
0 0 0 0 1 5.28289
0 0 0 0 1 5.26505
0 0 0 0 1 5.23865
0 0 0 0 1 5.16321
0 0 0 0 0 5.15575
0 0 0 0 1 5.10686
0 0 0 0 1 5.14522
0 0 0 0 1 5.05247
0 0 0 0 1 5.05457
0 0 0 0 1 5.02958
0 0 0 0 1 4.96646
0 0 0 0 1 4.94343
0 0 0 0 1 4.88595
0 0 0 0 1 4.89727
0 0 0 0 1 4.86779
0 0 0 0 0 4.86887
0 0 0 0 1 4.77166
0 0 0 0 1 4.85566
0 0 0 0 1 4.8831
0 0 0 0 1 4.84753
0 0 0 0 1 4.83992
0 0 0 0 1 4.84308
0 0 0 0 1 4.95428
0 0 0 0 1 4.87901
0 0 0 0 0 4.97014
0 0 0 0 1 5.00352
0 0 0 0 0 4.96247
0 0 0 0 1 5.01475
0 0 0 0 1 4.95841
0 0 0 0 0 5.04238
0 0 0 0 1 5.09162
0 0 0 0 1 5.01964
0 0 0 0 0 5.04367
0 0 0 0 0 5.07296
0 0 0 0 1 5.15365
0 0 0 0 0 5.15126
0 0 0 0 1 5.13989
0 0 0 0 0 5.13873
0 0 0 0 1 5.21544
0 0 0 0 1 5.20403
0 0 0 0 1 5.22912
0 0 0 0 1 5.29639
0 0 0 0 0 5.26916
0 0 0 0 1 5.34378
0 0 0 0 1 5.31635
0 0 0 0 0 5.3207
0 0 0 0 1 5.34111
0 0 0 0 0 5.34007
0 0 0 0 1 5.43776
0 0 0 0 0 5.44235
0 0 0 0 1 5.46871
0 0 0 0 1 5.44593
0 0 0 0 0 5.46285
0 0 0 0 1 5.46728
0 0 0 0 1 5.52307
0 0 0 0 1 5.60002
0 0 0 0 0 5.59513
0 0 0 0 0 5.66723
0 0 0 0 1 5.70757
0 0 0 0 1 5.71247
0 0 0 0 1 5.72461
0 0 0 0 1 5.77519
0 0 0 0 1 5.76446
0 0 0 0 1 5.84018
0 0 0 0 1 5.83514
0 0 0 0 1 5.78162
0 0 0 0 1 5.82869
0 0 0 0 1 5.94679
0 0 0 0 1 5.88227
0 0 0 0 1 5.93598
0 0 0 0 1 6.03792
0 0 0 0 1 5.9723
0 0 0 0 0 6.1053
0 0 0 0 0 6.03896
0 0 0 0 1 6.05723
0 0 0 0 1 6.10617
0 0 0 0 1 6.20635
0 0 0 0 1 9.5476
0 0 0 0 1 9.47185
0 0 0 0 1 9.42174
0 0 0 0 1 9.33424
0 0 0 0 1 9.31625
0 0 0 0 1 9.26704
0 0 0 0 1 9.36725
0 0 0 0 1 9.3707
0 0 0 0 1 9.34339
0 0 0 0 1 9.2577
0 0 0 0 1 9.21854
0 0 0 0 0 9.11542
0 0 0 0 0 9.10436
0 0 0 0 0 9.08425
0 0 0 0 0 8.9916
0 0 0 0 1 9.14399
0 0 0 0 1 9.07881
0 0 0 0 1 9.07378
0 0 0 0 0 8.99125
0 0 0 0 1 8.98648
0 0 0 0 1 8.91364
0 0 0 0 1 8.90353
0 0 0 0 1 8.90238
0 0 0 0 1 8.92777
0 0 0 0 0 8.79104
0 0 0 0 0 8.74637
0 0 0 0 1 8.83345
0 0 0 0 1 8.68603
0 0 0 0 1 8.74677
0 0 0 0 1 8.61244
0 0 0 0 1 8.65581
0 0 0 0 0 8.60037
0 0 0 0 1 8.70403
0 0 0 0 1 8.66606
0 0 0 0 1 8.64037
0 0 0 0 1 8.61997
0 0 0 0 1 8.59467
0 0 0 0 1 8.53202
0 0 0 0 0 8.4782
0 0 0 0 1 8.48401
0 0 0 0 1 8.4983
0 0 0 0 1 8.4029
0 0 0 0 1 8.33693
0 0 0 0 0 8.37681
0 0 0 0 1 8.31608
0 0 0 0 1 8.39774
0 0 0 0 1 8.37072
0 0 0 0 1 8.30602
0 0 0 0 1 8.30438
0 0 0 0 1 8.28626
0 0 0 0 1 8.34715
0 0 0 0 1 8.32914
0 0 0 0 1 8.26192
0 0 0 0 1 8.18685
0 0 0 0 0 8.27607
0 0 0 0 1 8.24234
0 0 0 0 1 8.15172
0 0 0 0 1 8.06157
0 0 0 0 1 8.17504
0 0 0 0 1 8.19083
0 0 0 0 0 8.03668
0 0 0 0 1 8.10942
0 0 0 0 0 8.0288
0 0 0 0 1 8.12155
0 0 0 0 1 7.99318
0 0 0 0 1 8.02576
0 0 0 0 1 8.05033
0 0 0 0 1 7.9551
0 0 0 0 1 7.99167
0 0 0 0 1 7.88911
0 0 0 0 0 7.9857
0 0 0 0 1 7.86791
0 0 0 0 0 7.92484
0 0 0 0 1 7.87459
0 0 0 0 1 7.81316
0 0 0 0 1 7.82299
0 0 0 0 1 7.92286
0 0 0 0 1 7.8104
0 0 0 0 0 7.86757
0 0 0 0 1 7.9012
0 0 0 0 1 7.89576
0 0 0 0 1 7.80004
0 0 0 0 0 7.73267
0 0 0 0 0 7.76683
0 0 0 0 1 7.81968
0 0 0 0 1 7.75297
0 0 0 0 1 7.70512
