0 0 0 0 1 5.51406
0 0 0 0 0 5.56756
0 0 0 0 1 5.55457
0 0 0 0 1 5.58309
0 0 0 0 1 5.60935
0 0 0 0 0 5.61904
0 0 0 0 1 5.6223
0 0 0 0 0 5.61537
0 0 0 0 0 5.62201
0 0 0 0 0 5.60962
0 0 0 0 1 5.63671
0 0 0 0 1 5.60194
0 0 0 0 1 5.66535
0 0 0 0 1 5.69295
0 0 0 0 1 5.70941
0 0 0 0 0 5.64288
0 0 0 0 1 5.63102
0 0 0 0 1 5.6477
0 0 0 0 1 5.72735
0 0 0 0 1 5.68542
0 0 0 0 1 5.6796
0 0 0 0 0 5.68531
0 0 0 0 1 5.77161
0 0 0 0 1 5.70858
0 0 0 0 1 5.7626
0 0 0 0 1 5.73994
0 0 0 0 1 5.82152
0 0 0 0 0 5.83387
0 0 0 0 1 5.83471
0 0 0 0 1 5.80065
0 0 0 0 1 5.88921
0 0 0 0 1 5.81003
0 0 0 0 1 5.90058
0 0 0 0 1 5.93125
0 0 0 0 1 5.9327
0 0 0 0 1 5.92832
0 0 0 0 1 5.90625
0 0 0 0 1 5.88414
0 0 0 0 1 5.89763
0 0 0 0 0 5.9648
0 0 0 0 1 5.91898
0 0 0 0 0 5.97467
0 0 0 0 1 5.93011
0 0 0 0 1 6.06418
0 0 0 0 1 5.97024
0 0 0 0 1 6.09308
0 0 0 0 0 6.08234
0 0 0 0 1 6.12738
0 0 0 0 1 6.13619
0 0 0 0 1 6.09021
0 0 0 0 0 6.08072
0 0 0 0 0 6.07734
0 0 0 0 1 6.17121
0 0 0 0 0 6.14452
0 0 0 0 1 6.18458
0 0 0 0 1 6.14443
0 0 0 0 1 6.19716
0 0 0 0 0 6.19945
0 0 0 0 1 6.19653
0 0 0 0 0 6.21864
0 0 0 0 0 6.23368
0 0 0 0 1 6.30012
0 0 0 0 0 6.28489
0 0 0 0 0 6.27592
0 0 0 0 1 6.36206
0 0 0 0 1 6.42885
0 0 0 0 1 6.40107
0 0 0 0 0 6.37877
0 0 0 0 1 6.41493
0 0 0 0 1 6.39255
0 0 0 0 1 6.39667
0 0 0 0 1 6.44543
0 0 0 0 1 6.46272
0 0 0 0 1 6.52574
0 0 0 0 1 6.54987
0 0 0 0 1 6.50789
0 0 0 0 1 6.52485
0 0 0 0 1 6.5492
0 0 0 0 1 6.6194
0 0 0 0 1 6.71669
0 0 0 0 0 6.68118
0 0 0 0 1 6.65268
0 0 0 0 0 6.68441
0 0 0 0 0 6.72921
0 0 0 0 1 6.72022
0 0 0 0 0 6.79934
0 0 0 0 1 6.87219
0 0 0 0 1 6.80881
0 0 0 0 0 6.82725
0 0 0 0 1 6.92843
0 0 0 0 1 6.95426
0 0 0 0 1 6.86975
0 0 0 0 1 6.95109
0 0 0 0 0 6.96315
0 0 0 0 1 6.98224
0 0 0 0 1 7.07882
0 0 0 0 0 7.00604
0 0 0 0 1 7.15304
0 0 0 0 1 7.15861
0 0 0 0 1 7.12124
0 0 0 0 1 7.24858
0 0 0 0 1 7.14627
0 0 0 0 0 7.22346
0 0 0 0 1 7.27982
0 0 0 0 1 7.25586
0 0 0 0 1 7.31995
0 0 0 0 0 7.32515
0 0 0 0 1 7.41239
0 0 0 0 1 7.47717
0 0 0 0 1 7.44551
0 0 0 0 0 7.53356
0 0 0 0 0 7.50159
0 0 0 0 1 7.62775
0 0 0 0 1 7.54247
0 0 0 0 1 7.59387
0 0 0 0 1 7.64512
0 0 0 0 1 7.61978
0 0 0 0 1 7.76397
0 0 0 0 0 7.77739
0 0 0 0 1 7.82972
0 0 0 0 0 7.89841
0 0 0 0 0 7.8413
0 0 0 0 1 7.88566
0 0 0 0 1 7.97047
0 0 0 0 1 8.06343
0 0 0 0 1 8.00497
0 0 0 0 1 7.99413
0 0 0 0 1 8.17749
0 0 0 0 1 8.0686
0 0 0 0 0 8.12269
0 0 0 0 1 8.18468
0 0 0 0 1 8.2222
0 0 0 0 1 8.24382
0 0 0 0 1 8.30652
0 0 0 0 0 8.35276
0 0 0 0 1 8.44992
0 0 0 0 1 8.44574
0 0 0 0 1 8.47537
0 0 0 0 1 8.62605
0 0 0 0 1 8.56129
0 0 0 0 1 8.72926
0 0 0 0 0 8.73344
0 0 0 0 0 8.74522
0 0 0 0 1 8.82918
0 0 0 0 1 8.84972
0 0 0 0 1 8.87
0 0 0 0 1 8.96208
0 0 0 0 1 9.02761
0 0 0 0 1 9.10354
0 0 0 0 1 9.10556
0 0 0 0 1 9.2916
0 0 0 0 0 9.29373
0 0 0 0 0 9.30582
0 0 0 0 1 9.35284
0 0 0 0 0 9.55236
0 0 0 0 0 9.53373
0 0 0 0 1 9.53329
0 0 0 0 1 9.7072
0 0 0 0 1 9.80375
0 0 0 0 1 9.73459
0 0 0 0 1 9.84105
0 0 0 0 1 9.93975
0 0 0 0 1 10.0561
0 0 0 0 1 10.014
0 0 0 0 1 10.141
0 0 0 0 1 10.2399
0 0 0 0 1 10.2556
0 0 0 0 1 10.281
0 0 0 0 1 10.3806
0 0 0 0 1 10.4265
0 0 0 0 1 10.5143
0 0 0 0 1 10.7285
0 0 0 0 1 10.8287
0 0 0 0 1 10.7541
0 0 0 0 0 9.28728
0 0 0 0 1 9.2632
0 0 0 0 1 9.30893
0 0 0 0 0 9.30353
0 0 0 0 1 9.19235
0 0 0 0 1 9.15065
0 0 0 0 1 9.26069
0 0 0 0 1 9.21002
0 0 0 0 1 9.09117
0 0 0 0 1 9.02311
0 0 0 0 1 9.16
0 0 0 0 1 9.0106
0 0 0 0 1 9.12897
0 0 0 0 0 9.09329
0 0 0 0 1 9.09858
0 0 0 0 1 8.97329
0 0 0 0 1 8.9252
0 0 0 0 1 9.01603
0 0 0 0 1 8.86509
0 0 0 0 1 8.94694
0 0 0 0 1 8.84629
0 0 0 0 1 8.8569
0 0 0 0 1 8.85869
0 0 0 0 1 8.94031
0 0 0 0 1 8.87137
0 0 0 0 1 8.91365
0 0 0 0 1 8.84526
0 0 0 0 1 8.786
0 0 0 0 1 8.85875
0 0 0 0 1 8.721
0 0 0 0 1 8.69757
0 0 0 0 0 8.77551
0 0 0 0 0 8.70002
0 0 0 0 1 8.651
0 0 0 0 1 8.71521
0 0 0 0 1 8.6145
0 0 0 0 1 8.69612
0 0 0 0 0 8.67383
0 0 0 0 0 8.6431
0 0 0 0 1 8.58672
0 0 0 0 0 8.69419
0 0 0 0 0 8.61238
0 0 0 0 1 8.56526
0 0 0 0 1 8.5784
0 0 0 0 1 8.59164
0 0 0 0 1 8.53661
0 0 0 0 1 8.57021
0 0 0 0 1 8.60083
0 0 0 0 0 8.61843
0 0 0 0 0 8.61294
0 0 0 0 0 8.88627
0 0 0 0 1 8.94088
0 0 0 0 1 9.01144
0 0 0 0 1 9.14517
0 0 0 0 1 9.41013
0 0 0 0 1 9.49811
0 0 0 0 1 9.69072
0 0 0 0 1 9.85517
0 0 0 0 1 9.97978
0 0 0 0 1 10.2554
0 0 0 0 1 10.2551
0 0 0 0 0 10.6056
0 0 0 0 0 10.8234
0 0 0 0 1 10.9308
0 0 0 0 0 11.1574
0 0 0 0 1 11.2585
0 0 0 0 0 11.5272
0 0 0 0 1 11.7014
0 0 0 0 0 12.1507
0 0 0 0 1 12.4317
0 0 0 0 1 12.4725
0 0 0 0 1 12.8861
0 0 0 0 1 22.5691
0 0 0 0 1 22.6412
0 0 0 0 1 22.4848
0 0 0 0 1 22.7844
0 0 0 0 0 22.7894
0 0 0 0 1 22.8401
0 0 0 0 1 22.5066
0 0 0 0 1 22.7616
0 0 0 0 1 22.3617
0 0 0 0 1 22.7527
0 0 0 0 0 22.715
0 0 0 0 0 22.4299
0 0 0 0 0 22.4848
0 0 0 0 1 22.4711
0 0 0 0 1 22.4579
0 0 0 0 1 22.2651
0 0 0 0 1 22.2753
0 0 0 0 1 22.241
0 0 0 0 1 23.3156
0 0 0 0 1 23.8826
0 0 0 0 0 24.8669
0 0 0 0 1 26.3695
0 0 0 0 1 36.0534
0 0 0 0 1 36.0386
0 0 0 0 1 36.7522
0 0 0 0 1 36.5566
0 0 0 0 1 36.4289
0 0 0 0 1 38.4107
0 0 0 0 1 51.8064
0 0 0 0 1 52.5717
0 0 0 0 1 51.5689
0 0 0 0 0 52.1278
0 0 0 0 1 51.5431
0 0 0 0 1 56.1032
0 0 0 0 1 65.528
0 0 0 0 1 70.0122
0 0 0 0 1 82.0554
0 0 0 0 0 4.99998
0 0 0 0 0 4.96992
0 0 0 0 0 4.96491
0 0 0 0 0 5.02503
0 0 0 0 0 4.97994
0 0 0 0 0 5.05008
0 0 0 0 0 4.96491
0 0 0 0 0 4.97994
0 0 0 0 0 5.04006
0 0 0 0 0 5.04507
0 0 0 0 0 4.99998
0 0 0 0 0 5.04006
0 0 0 0 0 87.9412
0 0 0 0 1 88.4759
0 0 0 0 1 75.4455
0 0 0 0 1 64.0943
0 0 0 0 1 61.0106
0 0 0 0 1 60.2954
0 0 0 0 1 60.2467
0 0 0 0 1 51.416
0 0 0 0 1 48.419
0 0 0 0 0 48.2875
0 0 0 0 1 39.2349
0 0 0 0 0 36.8934
0 0 0 0 1 35.4182
0 0 0 0 1 35.7514
0 0 0 0 0 35.7992
0 0 0 0 1 35.4558
0 0 0 0 0 27.8813
0 0 0 0 1 26.7231
0 0 0 0 1 25.8186
0 0 0 0 1 24.5407
0 0 0 0 1 24.5278
0 0 0 0 1 24.737
0 0 0 0 1 24.5514
0 0 0 0 1 24.9098
0 0 0 0 1 24.504
0 0 0 0 1 24.5674
0 0 0 0 1 24.6807
0 0 0 0 1 24.8194
0 0 0 0 1 24.9572
0 0 0 0 1 18.3091
0 0 0 0 0 17.6681
0 0 0 0 1 17.1746
0 0 0 0 0 16.7612
0 0 0 0 1 16.1795
0 0 0 0 1 15.816
0 0 0 0 1 15.4545
0 0 0 0 1 15.1666
0 0 0 0 1 14.6982
0 0 0 0 1 14.4663
0 0 0 0 1 14.0144
0 0 0 0 1 13.8592
0 0 0 0 1 13.8015
0 0 0 0 1 14.05
0 0 0 0 1 13.784
0 0 0 0 1 14.0473
0 0 0 0 1 13.9787
0 0 0 0 1 14.0337
0 0 0 0 1 13.8654
0 0 0 0 1 13.9349
0 0 0 0 1 14.1331
0 0 0 0 1 14.1333
0 0 0 0 1 14.1478
0 0 0 0 0 13.9518
0 0 0 0 1 14.0112
0 0 0 0 1 14.1953
0 0 0 0 1 14.1544
0 0 0 0 1 14.2574
0 0 0 0 1 14.0191
0 0 0 0 1 14.2614
0 0 0 0 1 14.2382
0 0 0 0 0 14.2124
0 0 0 0 1 14.1611
0 0 0 0 1 14.1497
0 0 0 0 1 14.1984
0 0 0 0 0 14.2873
0 0 0 0 1 14.1511
0 0 0 0 1 14.3407
0 0 0 0 1 14.2906
0 0 0 0 1 14.4382
0 0 0 0 1 8.83475
0 0 0 0 1 8.69478
0 0 0 0 1 8.68464
0 0 0 0 1 8.55419
0 0 0 0 1 8.39934
0 0 0 0 1 8.29563
0 0 0 0 0 8.26703
0 0 0 0 1 8.04955
0 0 0 0 0 8.03624
0 0 0 0 0 7.83944
0 0 0 0 1 7.7482
0 0 0 0 1 7.76391
0 0 0 0 0 7.59562
0 0 0 0 1 7.48978
0 0 0 0 1 7.50418
0 0 0 0 1 7.42977
0 0 0 0 1 7.36084
0 0 0 0 1 7.19239
0 0 0 0 0 7.11919
0 0 0 0 1 7.1029
0 0 0 0 1 7.08557
0 0 0 0 1 7.02085
0 0 0 0 1 6.87818
0 0 0 0 0 6.78025
0 0 0 0 0 6.74389
0 0 0 0 0 6.7607
0 0 0 0 1 6.58383
0 0 0 0 1 6.52746
0 0 0 0 1 6.4906
0 0 0 0 1 6.4624
0 0 0 0 1 6.42484
0 0 0 0 1 6.39597
0 0 0 0 0 6.29772
0 0 0 0 0 6.18789
0 0 0 0 1 6.12234
0 0 0 0 0 6.16725
0 0 0 0 1 6.00436
0 0 0 0 1 6.03275
0 0 0 0 1 5.96169
0 0 0 0 1 5.90578
0 0 0 0 1 5.90597
0 0 0 0 1 5.87346
0 0 0 0 1 5.82931
0 0 0 0 1 5.791
0 0 0 0 0 5.67567
0 0 0 0 1 5.64922
0 0 0 0 1 5.65063
0 0 0 0 0 5.56005
0 0 0 0 1 5.48933
0 0 0 0 0 5.46847
0 0 0 0 1 5.48
0 0 0 0 1 5.42387
0 0 0 0 0 5.35735
0 0 0 0 1 5.27757
0 0 0 0 1 5.34443
0 0 0 0 0 5.25965
0 0 0 0 1 5.22058
0 0 0 0 1 5.14021
0 0 0 0 1 5.16864
0 0 0 0 1 5.08384
0 0 0 0 0 5.0474
0 0 0 0 1 5.07473
0 0 0 0 1 4.99448
0 0 0 0 1 4.93159
0 0 0 0 0 4.93848
0 0 0 0 1 4.92036
0 0 0 0 1 4.89239
0 0 0 0 1 4.82893
0 0 0 0 1 4.8544
0 0 0 0 1 4.80055
0 0 0 0 1 4.77843
0 0 0 0 1 4.83466
0 0 0 0 1 4.91074
0 0 0 0 1 4.91303
0 0 0 0 1 4.84308
0 0 0 0 1 4.89045
0 0 0 0 1 4.90858
0 0 0 0 1 4.97508
0 0 0 0 1 4.96881
0 0 0 0 1 5.01722
0 0 0 0 1 4.94489
0 0 0 0 1 5.01851
0 0 0 0 1 5.02227
0 0 0 0 0 5.08658
0 0 0 0 1 5.07029
0 0 0 0 1 5.07926
0 0 0 0 1 5.1393
0 0 0 0 1 5.14852
0 0 0 0 1 5.0845
0 0 0 0 1 5.10896
0 0 0 0 1 5.15426
0 0 0 0 0 5.16869
0 0 0 0 1 5.18839
0 0 0 0 1 5.23959
0 0 0 0 1 5.30164
0 0 0 0 0 5.29554
0 0 0 0 1 5.25366
0 0 0 0 1 5.31103
0 0 0 0 1 5.36344
0 0 0 0 1 5.41618
0 0 0 0 1 5.37236
0 0 0 0 1 5.43776
0 0 0 0 1 5.48037
0 0 0 0 1 5.46871
0 0 0 0 1 5.43499
0 0 0 0 1 5.55638
0 0 0 0 0 5.56669
0 0 0 0 1 5.52307
0 0 0 0 1 5.61117
0 0 0 0 1 5.54472
0 0 0 0 0 5.57165
0 0 0 0 1 5.6115
0 0 0 0 0 5.66141
0 0 0 0 1 5.64479
0 0 0 0 1 5.74657
0 0 0 0 1 5.69543
0 0 0 0 1 5.81706
0 0 0 0 1 5.8642
0 0 0 0 1 5.80495
0 0 0 0 0 5.89906
0 0 0 0 1 5.84659
0 0 0 0 1 5.88227
0 0 0 0 1 6.00742
0 0 0 0 0 5.94217
0 0 0 0 1 6.00237
0 0 0 0 0 6.05089
0 0 0 0 1 6.06933
0 0 0 0 1 6.16714
0 0 0 0 1 6.14299
0 0 0 0 1 6.1446
0 0 0 0 1 9.53808
0 0 0 0 1 9.396
0 0 0 0 1 9.39339
0 0 0 0 1 9.33424
0 0 0 0 1 9.4476
0 0 0 0 1 9.41666
0 0 0 0 1 9.33929
0 0 0 0 1 9.23125
0 0 0 0 1 9.21375
0 0 0 0 1 9.29462
0 0 0 0 1 9.10813
0 0 0 0 1 9.22546
0 0 0 0 1 9.07694
0 0 0 0 1 9.18448
0 0 0 0 1 9.15509
0 0 0 0 1 9.13493
0 0 0 0 1 9.07881
0 0 0 0 1 9.01976
0 0 0 0 1 9.02714
0 0 0 0 1 8.96858
0 0 0 0 1 8.84226
0 0 0 0 0 8.91243
0 0 0 0 1 8.85804
0 0 0 0 1 8.90125
0 0 0 0 1 8.77341
0 0 0 0 1 8.84306
0 0 0 0 1 8.73705
0 0 0 0 0 8.79974
0 0 0 0 1 8.78165
0 0 0 0 0 8.66464
0 0 0 0 1 8.61245
0 0 0 0 1 8.60037
0 0 0 0 0 8.54013
0 0 0 0 0 8.55419
0 0 0 0 1 8.52883
0 0 0 0 1 8.54293
0 0 0 0 1 8.50079
0 0 0 0 1 8.54053
0 0 0 0 1 8.53766
0 0 0 0 1 8.52638
0 0 0 0 0 8.48984
0 0 0 0 0 8.42821
0 0 0 0 1 8.42105
0 0 0 0 1 8.36842
0 0 0 0 1 8.4082
0 0 0 0 1 8.37267
0 0 0 0 1 8.27901
0 0 0 0 1 8.37254
0 0 0 0 1 8.31268
0 0 0 0 1 8.34421
0 0 0 0 1 8.19839
0 0 0 0 0 8.23018
0 0 0 0 1 8.20432
0 0 0 0 1 8.14579
0 0 0 0 1 8.12038
0 0 0 0 1 8.1851
0 0 0 0 1 8.10276
0 0 0 0 1 8.12672
0 0 0 0 1 8.20755
0 0 0 0 1 8.03674
0 0 0 0 1 8.1419
0 0 0 0 1 8.03672
0 0 0 0 1 8.02074
0 0 0 0 0 8.07326
0 0 0 0 1 7.95301
0 0 0 0 1 7.96162
0 0 0 0 0 8.01832
0 0 0 0 1 7.9551
0 0 0 0 1 7.9837
0 0 0 0 1 8.02445
0 0 0 0 0 7.87446
0 0 0 0 0 8.00274
0 0 0 0 1 7.99609
0 0 0 0 0 7.91412
0 0 0 0 1 7.92365
0 0 0 0 0 7.9254
0 0 0 0 0 7.81271
0 0 0 0 0 7.82611
0 0 0 0 1 7.80482
0 0 0 0 1 7.85421
0 0 0 0 1 7.79413
0 0 0 0 1 7.761
0 0 0 0 1 7.81842
0 0 0 0 1 7.85244
0 0 0 0 1 7.78082
0 0 0 0 1 7.68313
0 0 0 0 1 7.72062
