0 0 0 0 1 5.52515
0 0 0 0 1 5.59534
0 0 0 0 1 5.51004
0 0 0 0 1 5.54409
0 0 0 0 1 5.62051
0 0 0 0 1 5.64699
0 0 0 0 1 5.54398
0 0 0 0 1 5.61537
0 0 0 0 1 5.58835
0 0 0 0 1 5.62648
0 0 0 0 1 5.60292
0 0 0 0 1 5.65271
0 0 0 0 1 5.61452
0 0 0 0 1 5.65333
0 0 0 0 1 5.70941
0 0 0 0 1 5.64288
0 0 0 0 1 5.65946
0 0 0 0 1 5.72749
0 0 0 0 1 5.6988
0 0 0 0 1 5.75399
0 0 0 0 1 5.74258
0 0 0 0 0 5.74268
0 0 0 0 1 5.70263
0 0 0 0 1 5.79499
0 0 0 0 1 5.78568
0 0 0 0 1 5.72259
0 0 0 0 1 5.80993
0 0 0 0 1 5.82806
0 0 0 0 1 5.78236
0 0 0 0 1 5.77733
0 0 0 0 1 5.78989
0 0 0 0 1 5.81003
0 0 0 0 1 5.83027
0 0 0 0 1 5.93125
0 0 0 0 1 5.9327
0 0 0 0 0 5.95192
0 0 0 0 1 5.97129
0 0 0 0 1 5.93747
0 0 0 0 1 5.89763
0 0 0 0 1 5.90528
0 0 0 0 1 5.96075
0 0 0 0 1 6.03448
0 0 0 0 1 6.01397
0 0 0 0 1 5.98613
0 0 0 0 1 5.97024
0 0 0 0 1 5.99656
0 0 0 0 1 6.03998
0 0 0 0 1 6.10311
0 0 0 0 1 6.13619
0 0 0 0 0 6.07193
0 0 0 0 1 6.05016
0 0 0 0 1 6.08347
0 0 0 0 1 6.1835
0 0 0 0 0 6.11374
0 0 0 0 1 6.21544
0 0 0 0 1 6.14443
0 0 0 0 1 6.21577
0 0 0 0 1 6.19323
0 0 0 0 0 6.19029
0 0 0 0 1 6.20612
0 0 0 0 1 6.33412
0 0 0 0 1 6.319
0 0 0 0 1 6.28489
0 0 0 0 1 6.30755
0 0 0 0 1 6.35572
0 0 0 0 1 6.42885
0 0 0 0 1 6.42022
0 0 0 0 0 6.4172
0 0 0 0 1 6.3764
0 0 0 0 1 6.43766
0 0 0 0 1 6.4419
0 0 0 0 1 6.52324
0 0 0 0 1 6.46272
0 0 0 0 1 6.47358
0 0 0 0 1 6.56294
0 0 0 0 0 6.53413
0 0 0 0 1 6.59728
0 0 0 0 1 6.59541
0 0 0 0 1 6.56639
0 0 0 0 1 6.63689
0 0 0 0 1 6.71455
0 0 0 0 1 6.67945
0 0 0 0 1 6.7381
0 0 0 0 1 6.80331
0 0 0 0 1 6.72022
0 0 0 0 1 6.79934
0 0 0 0 1 6.79046
0 0 0 0 1 6.84299
0 0 0 0 1 6.88901
0 0 0 0 1 6.83889
0 0 0 0 1 6.90587
0 0 0 0 1 6.946
0 0 0 0 1 6.92326
0 0 0 0 1 7.00506
0 0 0 0 1 7.03833
0 0 0 0 1 7.00845
0 0 0 0 1 7.01311
0 0 0 0 1 7.08207
0 0 0 0 1 7.17285
0 0 0 0 0 7.20704
0 0 0 0 1 7.18399
0 0 0 0 1 7.26153
0 0 0 0 1 7.2886
0 0 0 0 1 7.33068
0 0 0 0 1 7.26316
0 0 0 0 1 7.3859
0 0 0 0 1 7.37669
0 0 0 0 1 7.30903
0 0 0 0 1 7.37332
0 0 0 0 1 7.49022
0 0 0 0 1 7.40638
0 0 0 0 1 7.53166
0 0 0 0 1 7.6202
0 0 0 0 1 7.63353
0 0 0 0 0 7.56341
0 0 0 0 1 7.70635
0 0 0 0 1 7.61978
0 0 0 0 0 7.76397
0 0 0 0 1 7.70753
0 0 0 0 0 7.72054
0 0 0 0 1 7.80448
0 0 0 0 0 7.88849
0 0 0 0 1 7.94103
0 0 0 0 1 7.93074
0 0 0 0 1 8.06343
0 0 0 0 0 8.10131
0 0 0 0 1 8.01027
0 0 0 0 1 8.09644
0 0 0 0 1 8.1664
0 0 0 0 1 8.10632
0 0 0 0 0 8.15998
0 0 0 0 1 8.2636
0 0 0 0 0 8.40187
0 0 0 0 1 8.28979
0 0 0 0 1 8.4537
0 0 0 0 1 8.49221
0 0 0 0 0 8.5478
0 0 0 0 1 8.47537
0 0 0 0 1 8.6776
0 0 0 0 1 8.56129
0 0 0 0 1 8.63363
0 0 0 0 1 8.75092
0 0 0 0 1 8.74522
0 0 0 0 0 8.76731
0 0 0 0 1 8.92087
0 0 0 0 1 8.86105
0 0 0 0 1 8.96208
0 0 0 0 1 8.97323
0 0 0 0 1 9.20378
0 0 0 0 1 9.1514
0 0 0 0 0 9.16242
0 0 0 0 1 9.29373
0 0 0 0 0 9.28715
0 0 0 0 1 9.36224
0 0 0 0 1 9.36321
0 0 0 0 1 9.53373
0 0 0 0 1 9.49493
0 0 0 0 1 9.6686
0 0 0 0 0 9.63858
0 0 0 0 1 9.77372
0 0 0 0 1 9.82135
0 0 0 0 1 9.8902
0 0 0 0 1 9.88638
0 0 0 0 1 9.97375
0 0 0 0 1 10.1815
0 0 0 0 1 10.1481
0 0 0 0 1 10.307
0 0 0 0 1 10.312
0 0 0 0 1 10.5161
0 0 0 0 1 10.5525
0 0 0 0 1 10.5143
0 0 0 0 1 10.7178
0 0 0 0 1 10.6675
0 0 0 0 1 10.9057
0 0 0 0 1 9.28728
0 0 0 0 1 9.22608
0 0 0 0 0 9.28114
0 0 0 0 1 9.22038
0 0 0 0 1 9.20157
0 0 0 0 1 9.14145
0 0 0 0 1 9.26986
0 0 0 0 1 9.24664
0 0 0 0 0 9.14599
0 0 0 0 1 9.06868
0 0 0 0 1 9.18729
0 0 0 0 0 9.0469
0 0 0 0 1 8.98406
0 0 0 0 0 9.09329
0 0 0 0 0 8.96332
0 0 0 0 1 9.06329
0 0 0 0 1 8.90724
0 0 0 0 1 8.92641
0 0 0 0 0 8.89192
0 0 0 0 1 8.92015
0 0 0 0 0 8.89083
0 0 0 0 1 8.88358
0 0 0 0 0 8.83206
0 0 0 0 1 8.90487
0 0 0 0 1 8.93329
0 0 0 0 0 8.87835
0 0 0 0 0 8.80121
0 0 0 0 1 8.70685
0 0 0 0 1 8.84997
0 0 0 0 0 8.80865
0 0 0 0 0 8.81132
0 0 0 0 1 8.79297
0 0 0 0 1 8.80463
0 0 0 0 1 8.69451
0 0 0 0 1 8.7239
0 0 0 0 0 8.6145
0 0 0 0 1 8.72211
0 0 0 0 1 8.596
0 0 0 0 1 8.66037
0 0 0 0 1 8.64707
0 0 0 0 1 8.65115
0 0 0 0 0 8.55221
0 0 0 0 1 8.59101
0 0 0 0 1 8.51841
0 0 0 0 1 8.59164
0 0 0 0 1 8.57079
0 0 0 0 1 8.6129
0 0 0 0 1 8.55821
0 0 0 0 1 8.65273
0 0 0 0 1 8.72604
0 0 0 0 1 8.88627
0 0 0 0 1 8.98568
0 0 0 0 1 9.066
0 0 0 0 0 9.24678
0 0 0 0 1 9.34446
0 0 0 0 0 9.52672
0 0 0 0 1 9.58423
0 0 0 0 1 9.76657
0 0 0 0 1 9.90971
0 0 0 0 1 10.2758
0 0 0 0 1 10.4105
0 0 0 0 1 10.6056
0 0 0 0 1 10.6623
0 0 0 0 0 10.8433
0 0 0 0 1 11.1909
0 0 0 0 1 11.4175
0 0 0 0 1 11.4693
0 0 0 0 1 11.8787
0 0 0 0 1 11.9939
0 0 0 0 1 12.2225
0 0 0 0 1 12.5982
0 0 0 0 1 12.9247
0 0 0 0 1 22.6373
0 0 0 0 1 22.5731
0 0 0 0 0 22.8479
0 0 0 0 1 22.7617
0 0 0 0 1 22.8574
0 0 0 0 1 22.659
0 0 0 0 1 22.5292
0 0 0 0 1 22.4226
0 0 0 0 1 22.7908
0 0 0 0 1 22.369
0 0 0 0 1 22.4444
0 0 0 0 1 22.7229
0 0 0 0 1 22.3046
0 0 0 0 0 22.5837
0 0 0 0 1 22.3004
0 0 0 0 0 22.3101
0 0 0 0 1 22.6799
0 0 0 0 1 22.6454
0 0 0 0 0 23.4084
0 0 0 0 1 24.0273
0 0 0 0 1 25.0678
0 0 0 0 1 26.422
0 0 0 0 1 36.0534
0 0 0 0 0 36.3662
0 0 0 0 1 36.7522
0 0 0 0 1 36.2293
0 0 0 0 1 36.3198
0 0 0 0 1 38.7189
0 0 0 0 0 51.9105
0 0 0 0 0 52.3114
0 0 0 0 0 51.9332
0 0 0 0 1 52.2838
0 0 0 0 1 51.4911
0 0 0 0 1 56.1596
0 0 0 0 0 65.0697
0 0 0 0 1 69.8032
0 0 0 0 0 81.4828
0 0 0 0 0 5.02503
0 0 0 0 0 4.98996
0 0 0 0 0 5.03004
0 0 0 0 0 5.01501
0 0 0 0 0 5.02002
0 0 0 0 0 5.0601
0 0 0 0 0 5.0601
0 0 0 0 0 4.96992
0 0 0 0 0 4.97994
0 0 0 0 0 5.01501
0 0 0 0 0 4.99497
0 0 0 0 0 5.02002
0 0 0 0 1 87.766
0 0 0 0 1 87.2495
0 0 0 0 1 75.5958
0 0 0 0 1 64.3497
0 0 0 0 1 59.9212
0 0 0 0 1 60.356
0 0 0 0 1 60.6706
0 0 0 0 1 51.3644
0 0 0 0 1 48.2751
0 0 0 0 0 48.4315
0 0 0 0 0 38.9993
0 0 0 0 1 36.8566
0 0 0 0 1 35.4538
0 0 0 0 1 35.573
0 0 0 0 0 35.9777
0 0 0 0 1 35.5629
0 0 0 0 1 28.1621
0 0 0 0 1 26.8839
0 0 0 0 1 25.5879
0 0 0 0 1 24.5407
0 0 0 0 1 24.7248
0 0 0 0 1 24.7617
0 0 0 0 0 24.576
0 0 0 0 1 24.7865
0 0 0 0 1 24.5534
0 0 0 0 0 24.9378
0 0 0 0 1 24.7796
0 0 0 0 0 24.8688
0 0 0 0 1 24.9572
0 0 0 0 1 18.3273
0 0 0 0 0 17.6327
0 0 0 0 1 17.3293
0 0 0 0 0 16.8448
0 0 0 0 1 16.3913
0 0 0 0 0 15.8636
0 0 0 0 0 15.5319
0 0 0 0 1 15.0305
0 0 0 0 1 14.8458
0 0 0 0 1 14.4375
0 0 0 0 1 14.1272
0 0 0 0 1 13.9703
0 0 0 0 1 13.9127
0 0 0 0 1 14.0222
0 0 0 0 1 13.9093
0 0 0 0 1 13.8383
0 0 0 0 1 13.9368
0 0 0 0 1 14.0756
0 0 0 0 1 13.9214
0 0 0 0 1 13.8929
0 0 0 0 1 13.951
0 0 0 0 0 14.1053
0 0 0 0 1 13.9233
0 0 0 0 1 14.1345
0 0 0 0 1 14.1378
0 0 0 0 1 14.2094
0 0 0 0 0 14.1544
0 0 0 0 1 14.0598
0 0 0 0 1 14.2452
0 0 0 0 1 14.219
0 0 0 0 0 14.1249
0 0 0 0 1 14.3258
0 0 0 0 1 14.3031
0 0 0 0 1 14.1497
0 0 0 0 1 14.0987
0 0 0 0 1 14.1305
0 0 0 0 1 14.4224
0 0 0 0 0 14.1548
0 0 0 0 1 14.3336
0 0 0 0 1 14.3666
0 0 0 0 1 8.84357
0 0 0 0 0 8.76448
0 0 0 0 1 8.66745
0 0 0 0 1 8.41828
0 0 0 0 1 8.45808
0 0 0 0 1 8.2459
0 0 0 0 1 8.24245
0 0 0 0 1 8.08191
0 0 0 0 1 7.97227
0 0 0 0 1 7.87896
0 0 0 0 1 7.8733
0 0 0 0 1 7.74073
0 0 0 0 0 7.56506
0 0 0 0 1 7.55025
0 0 0 0 1 7.48923
0 0 0 0 1 7.36317
0 0 0 0 1 7.37547
0 0 0 0 0 7.25034
0 0 0 0 1 7.19089
0 0 0 0 1 7.06742
0 0 0 0 0 7.00832
0 0 0 0 0 7.01389
0 0 0 0 1 6.85064
0 0 0 0 1 6.78025
0 0 0 0 1 6.82498
0 0 0 0 0 6.72053
0 0 0 0 1 6.68328
0 0 0 0 1 6.59312
0 0 0 0 0 6.55564
0 0 0 0 1 6.42371
0 0 0 0 1 6.34181
0 0 0 0 0 6.36431
0 0 0 0 1 6.22865
0 0 0 0 1 6.24391
0 0 0 0 1 6.15937
0 0 0 0 0 6.11218
0 0 0 0 1 6.11353
0 0 0 0 1 5.98458
0 0 0 0 0 6.0154
0 0 0 0 1 5.96501
0 0 0 0 1 5.91771
0 0 0 0 0 5.86763
0 0 0 0 0 5.73678
0 0 0 0 1 5.69343
0 0 0 0 1 5.69842
0 0 0 0 0 5.60408
0 0 0 0 1 5.62262
0 0 0 0 1 5.61014
0 0 0 0 1 5.51142
0 0 0 0 1 5.44107
0 0 0 0 1 5.46913
0 0 0 0 0 5.43467
0 0 0 0 1 5.37346
0 0 0 0 1 5.28289
0 0 0 0 0 5.3021
0 0 0 0 1 5.27015
0 0 0 0 1 5.2623
0 0 0 0 1 5.16611
0 0 0 0 1 5.19438
0 0 0 0 1 5.16056
0 0 0 0 1 5.09305
0 0 0 0 1 5.0193
0 0 0 0 1 4.9995
0 0 0 0 1 5.02126
0 0 0 0 1 4.93353
0 0 0 0 1 4.9646
0 0 0 0 1 4.92168
0 0 0 0 1 4.89694
0 0 0 0 1 4.80132
0 0 0 0 1 4.78611
0 0 0 0 1 4.78326
0 0 0 0 1 4.85888
0 0 0 0 1 4.82808
0 0 0 0 0 4.90815
0 0 0 0 1 4.87244
0 0 0 0 1 4.95428
0 0 0 0 1 4.87901
0 0 0 0 1 4.89109
0 0 0 0 1 4.95393
0 0 0 0 1 4.9326
0 0 0 0 1 4.96984
0 0 0 0 0 5.03354
0 0 0 0 1 5.04238
0 0 0 0 1 5.07648
0 0 0 0 1 5.02977
0 0 0 0 0 5.0996
0 0 0 0 1 5.07296
0 0 0 0 1 5.10242
0 0 0 0 1 5.12558
0 0 0 0 1 5.1038
0 0 0 0 1 5.21118
0 0 0 0 1 5.22063
0 0 0 0 1 5.19882
0 0 0 0 0 5.25006
0 0 0 0 1 5.28062
0 0 0 0 1 5.29554
0 0 0 0 1 5.26426
0 0 0 0 1 5.28974
0 0 0 0 1 5.39015
0 0 0 0 1 5.37328
0 0 0 0 1 5.3939
0 0 0 0 0 5.45399
0 0 0 0 1 5.41519
0 0 0 0 0 5.43599
0 0 0 0 1 5.45141
0 0 0 0 1 5.47936
0 0 0 0 0 5.47281
0 0 0 0 1 5.60079
0 0 0 0 1 5.61674
0 0 0 0 1 5.57833
0 0 0 0 1 5.65036
0 0 0 0 0 5.60585
0 0 0 0 1 5.63305
0 0 0 0 1 5.6733
0 0 0 0 1 5.67217
0 0 0 0 1 5.79898
0 0 0 0 1 5.72454
0 0 0 0 0 5.77121
0 0 0 0 1 5.89246
0 0 0 0 1 5.83455
0 0 0 0 0 5.94089
0 0 0 0 0 5.91781
0 0 0 0 0 5.93598
0 0 0 0 1 6.00201
0 0 0 0 0 6.02041
0 0 0 0 0 6.00858
0 0 0 0 1 6.13009
0 0 0 0 1 6.05723
0 0 0 0 1 6.14913
0 0 0 0 1 6.2187
0 0 0 0 1 9.58567
0 0 0 0 1 9.53822
0 0 0 0 0 9.45954
0 0 0 0 1 9.48494
0 0 0 0 0 9.45698
0 0 0 0 0 9.36991
0 0 0 0 1 9.41386
0 0 0 0 1 9.35211
0 0 0 0 1 9.24153
0 0 0 0 1 9.26693
0 0 0 0 1 9.27374
0 0 0 0 0 9.08791
0 0 0 0 1 9.10436
0 0 0 0 1 9.16626
0 0 0 0 0 9.03702
0 0 0 0 0 9.11683
0 0 0 0 1 9.05173
0 0 0 0 0 8.92075
0 0 0 0 1 8.88357
0 0 0 0 0 9.03123
0 0 0 0 1 8.90472
0 0 0 0 1 8.83238
0 0 0 0 1 8.90238
0 0 0 0 0 8.90125
0 0 0 0 0 8.90567
0 0 0 0 1 8.75516
0 0 0 0 0 8.702
0 0 0 0 1 8.68603
0 0 0 0 0 8.677
0 0 0 0 1 8.67334
0 0 0 0 0 8.7252
0 0 0 0 1 8.63498
0 0 0 0 1 8.67815
0 0 0 0 1 8.69188
0 0 0 0 1 8.52883
0 0 0 0 1 8.61997
0 0 0 0 1 8.60321
0 0 0 0 1 8.42984
0 0 0 0 0 8.43572
0 0 0 0 1 8.4501
0 0 0 0 1 8.48138
0 0 0 0 0 8.4029
0 0 0 0 0 8.44629
0 0 0 0 1 8.31806
0 0 0 0 1 8.43333
0 0 0 0 0 8.33925
0 0 0 0 1 8.42074
0 0 0 0 1 8.38085
0 0 0 0 1 8.37904
0 0 0 0 1 8.28626
0 0 0 0 1 8.34715
0 0 0 0 0 8.32914
0 0 0 0 1 8.18786
0 0 0 0 1 8.12937
0 0 0 0 0 8.15316
0 0 0 0 1 8.23416
0 0 0 0 0 8.14356
0 0 0 0 1 8.19186
0 0 0 0 0 8.19942
0 0 0 0 1 8.15028
0 0 0 0 1 8.02859
0 0 0 0 0 8.08519
0 0 0 0 1 8.06911
0 0 0 0 1 8.10546
0 0 0 0 1 8.04941
0 0 0 0 1 8.0418
0 0 0 0 1 7.9623
0 0 0 0 0 7.94712
0 0 0 0 0 7.94382
0 0 0 0 1 7.88115
0 0 0 0 1 8.00954
0 0 0 0 1 7.85998
0 0 0 0 0 7.84567
0 0 0 0 1 7.89831
0 0 0 0 1 7.85262
0 0 0 0 1 7.80723
0 0 0 0 0 7.83632
0 0 0 0 0 7.93612
0 0 0 0 1 7.79698
0 0 0 0 1 7.75241
0 0 0 0 1 7.86449
0 0 0 0 0 7.83127
0 0 0 0 1 7.81062
0 0 0 0 1 7.83687
0 0 0 0 1 7.78859
0 0 0 0 1 7.83058
0 0 0 0 1 7.68961
