0 0 0 0 0 5.53625
0 0 0 0 1 5.6009
0 0 0 0 1 5.60466
0 0 0 0 1 5.51623
0 0 0 0 0 5.57586
0 0 0 0 1 5.6414
0 0 0 0 1 5.56636
0 0 0 0 1 5.60976
0 0 0 0 1 5.6669
0 0 0 0 1 5.66021
0 0 0 0 0 5.58039
0 0 0 0 1 5.6245
0 0 0 0 0 5.64276
0 0 0 0 1 5.61938
0 0 0 0 1 5.64137
0 0 0 0 1 5.6883
0 0 0 0 1 5.71065
0 0 0 0 0 5.75028
0 0 0 0 0 5.7559
0 0 0 0 1 5.73685
0 0 0 0 1 5.7712
0 0 0 0 0 5.7771
0 0 0 0 1 5.69688
0 0 0 0 1 5.72586
0 0 0 0 1 5.7453
0 0 0 0 1 5.80352
0 0 0 0 0 5.75201
0 0 0 0 1 5.79904
0 0 0 0 1 5.75909
0 0 0 0 1 5.87061
0 0 0 0 1 5.79573
0 0 0 0 1 5.8978
0 0 0 0 1 5.883
0 0 0 0 0 5.90189
0 0 0 0 0 5.87973
0 0 0 0 1 5.91063
0 0 0 0 1 5.92399
0 0 0 0 1 5.90785
0 0 0 0 1 5.99859
0 0 0 0 1 6.00647
0 0 0 0 1 6.02638
0 0 0 0 1 5.95075
0 0 0 0 1 5.97204
0 0 0 0 1 5.96211
0 0 0 0 1 5.9883
0 0 0 0 0 6.00862
0 0 0 0 1 6.07024
0 0 0 0 1 6.00605
0 0 0 0 0 6.13619
0 0 0 0 1 6.10241
0 0 0 0 1 6.16628
0 0 0 0 1 6.18762
0 0 0 0 0 6.17121
0 0 0 0 0 6.2184
0 0 0 0 1 6.23396
0 0 0 0 1 6.21868
0 0 0 0 1 6.22818
0 0 0 0 1 6.18078
0 0 0 0 1 6.21525
0 0 0 0 1 6.19987
0 0 0 0 1 6.2839
0 0 0 0 1 6.26865
0 0 0 0 1 6.2912
0 0 0 0 1 6.35816
0 0 0 0 1 6.33035
0 0 0 0 1 6.327
0 0 0 0 0 6.3564
0 0 0 0 1 6.37877
0 0 0 0 1 6.41493
0 0 0 0 1 6.39255
0 0 0 0 1 6.44836
0 0 0 0 0 6.50379
0 0 0 0 1 6.56025
0 0 0 0 0 6.53226
0 0 0 0 1 6.58909
0 0 0 0 1 6.52757
0 0 0 0 1 6.54461
0 0 0 0 1 6.64823
0 0 0 0 1 6.65915
0 0 0 0 0 6.59034
0 0 0 0 1 6.69453
0 0 0 0 0 6.7263
0 0 0 0 1 6.75824
0 0 0 0 0 6.71574
0 0 0 0 1 6.78783
0 0 0 0 1 6.73826
0 0 0 0 1 6.87219
0 0 0 0 1 6.85666
0 0 0 0 1 6.93018
0 0 0 0 0 6.95597
0 0 0 0 1 6.89205
0 0 0 0 1 6.9252
0 0 0 0 1 6.95109
0 0 0 0 1 6.95617
0 0 0 0 1 7.05235
0 0 0 0 1 7.05067
0 0 0 0 1 7.04139
0 0 0 0 1 7.0253
0 0 0 0 1 7.13011
0 0 0 0 1 7.21419
0 0 0 0 0 7.20552
0 0 0 0 1 7.25433
0 0 0 0 1 7.30308
0 0 0 0 0 7.20717
0 0 0 0 1 7.22666
0 0 0 0 1 7.3859
0 0 0 0 1 7.29571
0 0 0 0 0 7.44192
0 0 0 0 1 7.43266
0 0 0 0 1 7.49022
0 0 0 0 1 7.54104
0 0 0 0 1 7.55421
0 0 0 0 1 7.56734
0 0 0 0 1 7.55006
0 0 0 0 1 7.54056
0 0 0 0 0 7.714
0 0 0 0 0 7.73512
0 0 0 0 1 7.68672
0 0 0 0 1 7.81619
0 0 0 0 0 7.77513
0 0 0 0 1 7.83579
0 0 0 0 0 7.82557
0 0 0 0 1 7.98849
0 0 0 0 0 7.93074
0 0 0 0 1 7.9995
0 0 0 0 1 8.10934
0 0 0 0 0 8.03447
0 0 0 0 1 8.07213
0 0 0 0 1 8.17455
0 0 0 0 1 8.26189
0 0 0 0 1 8.25879
0 0 0 0 1 8.33812
0 0 0 0 1 8.31037
0 0 0 0 1 8.35671
0 0 0 0 0 8.34435
0 0 0 0 1 8.44992
0 0 0 0 1 8.58182
0 0 0 0 0 8.56089
0 0 0 0 1 8.63464
0 0 0 0 1 8.55265
0 0 0 0 1 8.64232
0 0 0 0 0 8.68098
0 0 0 0 1 8.78042
0 0 0 0 1 8.85569
0 0 0 0 1 8.86751
0 0 0 0 1 8.99531
0 0 0 0 0 9.04315
0 0 0 0 1 9.14544
0 0 0 0 1 9.13088
0 0 0 0 1 9.19725
0 0 0 0 1 9.20856
0 0 0 0 1 9.27516
0 0 0 0 1 9.37116
0 0 0 0 1 9.37164
0 0 0 0 1 9.38212
0 0 0 0 1 9.43849
0 0 0 0 1 9.60043
0 0 0 0 1 9.7072
0 0 0 0 1 9.79404
0 0 0 0 1 9.81286
0 0 0 0 1 9.76224
0 0 0 0 0 9.92984
0 0 0 0 1 9.92632
0 0 0 0 0 9.9637
0 0 0 0 1 10.1916
0 0 0 0 1 10.2399
0 0 0 0 1 10.3687
0 0 0 0 0 10.312
0 0 0 0 1 10.5265
0 0 0 0 1 10.4895
0 0 0 0 1 10.5566
0 0 0 0 1 10.7285
0 0 0 0 1 10.7535
0 0 0 0 1 10.9382
0 0 0 0 1 9.25006
0 0 0 0 1 9.27249
0 0 0 0 1 9.22556
0 0 0 0 1 9.27581
0 0 0 0 1 9.18313
0 0 0 0 1 9.26101
0 0 0 0 0 9.1689
0 0 0 0 1 9.1734
0 0 0 0 1 9.20081
0 0 0 0 1 9.15982
0 0 0 0 1 9.04175
0 0 0 0 1 9.0106
0 0 0 0 1 9.06557
0 0 0 0 1 9.09329
0 0 0 0 1 8.94529
0 0 0 0 1 9.07229
0 0 0 0 1 9.00601
0 0 0 0 1 8.8816
0 0 0 0 1 8.96349
0 0 0 0 1 8.9648
0 0 0 0 1 8.82847
0 0 0 0 0 8.83911
0 0 0 0 1 8.78768
0 0 0 0 1 8.78968
0 0 0 0 0 8.88906
0 0 0 0 1 8.81658
0 0 0 0 1 8.86288
0 0 0 0 1 8.85636
0 0 0 0 0 8.70949
0 0 0 0 1 8.83494
0 0 0 0 1 8.77632
0 0 0 0 1 8.71439
0 0 0 0 1 8.75232
0 0 0 0 0 8.63359
0 0 0 0 1 8.75866
0 0 0 0 1 8.6839
0 0 0 0 0 8.72211
0 0 0 0 1 8.67383
0 0 0 0 0 8.60856
0 0 0 0 1 8.67293
0 0 0 0 1 8.67698
0 0 0 0 1 8.68114
0 0 0 0 1 8.52235
0 0 0 0 1 8.59554
0 0 0 0 0 8.60875
0 0 0 0 1 8.58788
0 0 0 0 1 8.45925
0 0 0 0 0 8.48149
0 0 0 0 1 8.49837
0 0 0 0 1 8.71734
0 0 0 0 0 8.78037
0 0 0 0 1 9.03047
0 0 0 0 0 9.02053
0 0 0 0 1 9.16364
0 0 0 0 1 9.47581
0 0 0 0 1 9.48857
0 0 0 0 1 9.67136
0 0 0 0 1 9.7961
0 0 0 0 1 9.94975
0 0 0 0 1 10.1129
0 0 0 0 1 10.2551
0 0 0 0 1 10.6478
0 0 0 0 1 10.759
0 0 0 0 0 10.8761
0 0 0 0 1 11.2577
0 0 0 0 1 11.4516
0 0 0 0 1 11.6315
0 0 0 0 0 11.8905
0 0 0 0 0 11.9578
0 0 0 0 1 12.3333
0 0 0 0 1 12.5354
0 0 0 0 1 12.8219
0 0 0 0 1 22.5691
0 0 0 0 1 22.8683
0 0 0 0 1 22.5529
0 0 0 0 1 22.4897
0 0 0 0 1 22.7441
0 0 0 0 1 22.8175
0 0 0 0 1 22.3935
0 0 0 0 1 22.4452
0 0 0 0 0 22.5424
0 0 0 0 1 22.369
0 0 0 0 1 22.3316
0 0 0 0 1 22.3397
0 0 0 0 0 22.6876
0 0 0 0 1 22.4486
0 0 0 0 1 22.5704
0 0 0 0 0 22.2651
0 0 0 0 0 22.3428
0 0 0 0 1 22.2635
0 0 0 0 0 23.0372
0 0 0 0 1 23.8826
0 0 0 0 0 25.2939
0 0 0 0 0 25.9502
0 0 0 0 1 36.2719
0 0 0 0 0 36.3662
0 0 0 0 1 36.0972
0 0 0 0 0 36.7021
0 0 0 0 1 36.4653
0 0 0 0 1 38.6804
0 0 0 0 1 51.6502
0 0 0 0 1 52.4155
0 0 0 0 1 52.1934
0 0 0 0 1 51.7116
0 0 0 0 1 52.0632
0 0 0 0 1 56.216
0 0 0 0 1 65.5934
0 0 0 0 1 69.8729
0 0 0 0 1 82.1372
0 0 0 0 0 4.99998
0 0 0 0 0 5.00499
0 0 0 0 0 4.97994
0 0 0 0 0 5.04507
0 0 0 0 0 5.04507
0 0 0 0 0 4.9599
0 0 0 0 0 5.00499
0 0 0 0 0 4.97994
0 0 0 0 0 5.05509
0 0 0 0 0 5.05509
0 0 0 0 0 5.00499
0 0 0 0 0 5.03004
0 0 0 0 0 87.8536
0 0 0 0 1 86.8115
0 0 0 0 0 74.3935
0 0 0 0 0 63.4559
0 0 0 0 1 60.8291
0 0 0 0 1 60.1744
0 0 0 0 1 60.0045
0 0 0 0 1 51.5192
0 0 0 0 0 47.5553
0 0 0 0 1 48.2395
0 0 0 0 1 39.5491
0 0 0 0 0 37.0407
0 0 0 0 0 35.3112
0 0 0 0 1 35.5373
0 0 0 0 1 35.3709
0 0 0 0 1 36.0271
0 0 0 0 1 28.3586
0 0 0 0 1 26.6159
0 0 0 0 0 25.5622
0 0 0 0 1 24.6391
0 0 0 0 0 24.6755
0 0 0 0 1 24.5646
0 0 0 0 0 24.8225
0 0 0 0 1 24.5398
0 0 0 0 1 24.5534
0 0 0 0 1 24.7896
0 0 0 0 1 24.5819
0 0 0 0 0 24.4733
0 0 0 0 1 24.6852
0 0 0 0 1 18.1635
0 0 0 0 1 17.5797
0 0 0 0 1 17.0714
0 0 0 0 0 16.6775
0 0 0 0 0 16.1958
0 0 0 0 1 15.8319
0 0 0 0 1 15.6093
0 0 0 0 0 15.1363
0 0 0 0 0 14.8901
0 0 0 0 1 14.3798
0 0 0 0 1 14.0285
0 0 0 0 1 14.012
0 0 0 0 1 13.9405
0 0 0 0 1 13.9387
0 0 0 0 1 14.0207
0 0 0 0 1 13.9497
0 0 0 0 1 13.9787
0 0 0 0 1 14.0896
0 0 0 0 1 14.0192
0 0 0 0 1 14.1308
0 0 0 0 1 14.0491
0 0 0 0 1 14.0773
0 0 0 0 1 13.9513
0 0 0 0 0 14.0783
0 0 0 0 1 14.2082
0 0 0 0 0 14.0404
0 0 0 0 1 14.1967
0 0 0 0 1 14.1727
0 0 0 0 1 14.1039
0 0 0 0 1 14.2614
0 0 0 0 1 14.2524
0 0 0 0 1 14.0989
0 0 0 0 1 14.3315
0 0 0 0 1 14.2066
0 0 0 0 1 14.2127
0 0 0 0 1 14.1875
0 0 0 0 1 14.1511
0 0 0 0 1 14.3264
0 0 0 0 0 14.4338
0 0 0 0 0 14.2949
0 0 0 0 0 8.8524
0 0 0 0 1 8.69478
0 0 0 0 0 8.53847
0 0 0 0 1 8.47774
0 0 0 0 1 8.45808
0 0 0 0 0 8.33706
0 0 0 0 1 8.21787
0 0 0 0 0 8.07382
0 0 0 0 1 8.02824
0 0 0 0 1 7.98169
0 0 0 0 1 7.82639
0 0 0 0 1 7.77936
0 0 0 0 1 7.67968
0 0 0 0 1 7.56536
0 0 0 0 1 7.41449
0 0 0 0 1 7.42977
0 0 0 0 1 7.28035
0 0 0 0 1 7.29379
0 0 0 0 1 7.1407
0 0 0 0 1 7.16676
0 0 0 0 1 7.03641
0 0 0 0 1 6.9791
0 0 0 0 1 6.9126
0 0 0 0 0 6.81435
0 0 0 0 1 6.78443
0 0 0 0 1 6.64021
0 0 0 0 1 6.68328
0 0 0 0 1 6.63252
0 0 0 0 0 6.46459
0 0 0 0 0 6.48175
0 0 0 0 1 6.32265
0 0 0 0 1 6.28832
0 0 0 0 1 6.304
0 0 0 0 1 6.23146
0 0 0 0 1 6.16554
0 0 0 0 0 6.13054
0 0 0 0 1 6.12566
0 0 0 0 1 5.97254
0 0 0 0 1 6.02136
0 0 0 0 0 5.97093
0 0 0 0 1 5.89422
0 0 0 0 1 5.86763
0 0 0 0 1 5.74256
0 0 0 0 1 5.79674
0 0 0 0 1 5.72117
0 0 0 0 1 5.62101
0 0 0 0 1 5.63942
0 0 0 0 1 5.54892
0 0 0 0 0 5.50037
0 0 0 0 1 5.51778
0 0 0 0 1 5.4202
0 0 0 0 1 5.39686
0 0 0 0 1 5.34125
0 0 0 0 0 5.28289
0 0 0 0 1 5.31268
0 0 0 0 1 5.22816
0 0 0 0 0 5.26752
0 0 0 0 1 5.22311
0 0 0 0 1 5.1532
0 0 0 0 1 5.16567
0 0 0 0 1 5.05754
0 0 0 0 1 5.02434
0 0 0 0 1 5.02457
0 0 0 0 0 4.94155
0 0 0 0 1 4.93848
0 0 0 0 1 4.93511
0 0 0 0 1 4.87774
0 0 0 0 0 4.82407
0 0 0 0 0 4.80132
0 0 0 0 1 4.82463
0 0 0 0 0 4.78326
0 0 0 0 0 4.81528
0 0 0 0 1 4.83781
0 0 0 0 0 4.87891
0 0 0 0 1 4.85776
0 0 0 0 0 4.88063
0 0 0 0 0 4.89873
0 0 0 0 1 4.89109
0 0 0 0 0 4.92914
0 0 0 0 0 4.94256
0 0 0 0 1 4.97982
0 0 0 0 1 5.02853
0 0 0 0 1 5.03232
0 0 0 0 0 5.03107
0 0 0 0 1 5.04496
0 0 0 0 1 5.03351
0 0 0 0 1 5.12399
0 0 0 0 1 5.08705
0 0 0 0 1 5.08963
0 0 0 0 1 5.1038
0 0 0 0 1 5.22671
0 0 0 0 1 5.21544
0 0 0 0 1 5.23532
0 0 0 0 1 5.20819
0 0 0 0 0 5.27537
0 0 0 0 1 5.22169
0 0 0 0 0 5.28016
0 0 0 0 1 5.26846
0 0 0 0 0 5.28865
0 0 0 0 1 5.41082
0 0 0 0 1 5.35622
0 0 0 0 1 5.46481
0 0 0 0 1 5.4695
0 0 0 0 1 5.48506
0 0 0 0 0 5.43499
0 0 0 0 1 5.46285
0 0 0 0 1 5.53355
0 0 0 0 0 5.55638
0 0 0 0 1 5.56102
0 0 0 0 1 5.57273
0 0 0 0 1 5.65598
0 0 0 0 1 5.6002
0 0 0 0 1 5.6444
0 0 0 0 0 5.6961
0 0 0 0 1 5.70078
0 0 0 0 1 5.7357
0 0 0 0 0 5.75923
0 0 0 0 1 5.79446
0 0 0 0 1 5.8808
0 0 0 0 0 5.89319
0 0 0 0 1 5.83481
0 0 0 0 1 5.98297
0 0 0 0 1 6.00742
0 0 0 0 0 6.01398
0 0 0 0 1 6.02643
0 0 0 0 0 6.06298
0 0 0 0 1 6.06933
0 0 0 0 1 6.05723
0 0 0 0 1 6.1614
0 0 0 0 1 6.20018
0 0 0 0 1 9.5476
0 0 0 0 1 9.396
0 0 0 0 1 9.38394
0 0 0 0 1 9.34366
0 0 0 0 0 9.43822
0 0 0 0 1 9.41666
0 0 0 0 0 9.32997
0 0 0 0 1 9.22196
0 0 0 0 1 9.33413
0 0 0 0 1 9.28539
0 0 0 0 1 9.25534
0 0 0 0 1 9.13376
0 0 0 0 1 9.07694
0 0 0 0 1 9.15714
0 0 0 0 1 9.12784
0 0 0 0 1 9.08967
0 0 0 0 1 9.07881
0 0 0 0 1 9.05577
0 0 0 0 1 8.95536
0 0 0 0 1 9.01333
0 0 0 0 1 8.86903
0 0 0 0 1 8.93911
0 0 0 0 1 8.92898
0 0 0 0 1 8.75098
0 0 0 0 1 8.72932
0 0 0 0 1 8.73758
0 0 0 0 1 8.78087
0 0 0 0 1 8.81723
0 0 0 0 1 8.6334
0 0 0 0 0 8.74293
0 0 0 0 1 8.62112
0 0 0 0 1 8.58307
0 0 0 0 1 8.54013
0 0 0 0 0 8.53698
0 0 0 0 1 8.66611
0 0 0 0 1 8.51725
0 0 0 0 1 8.44958
0 0 0 0 1 8.54905
0 0 0 0 1 8.41873
0 0 0 0 0 8.45858
0 0 0 0 1 8.52366
0 0 0 0 1 8.39446
0 0 0 0 1 8.46312
0 0 0 0 1 8.44396
0 0 0 0 0 8.34121
0 0 0 0 1 8.43952
0 0 0 0 0 8.29568
0 0 0 0 0 8.35591
0 0 0 0 1 8.31268
0 0 0 0 1 8.25315
0 0 0 0 0 8.29757
0 0 0 0 1 8.23018
0 0 0 0 1 8.30306
0 0 0 0 1 8.15401
0 0 0 0 1 8.21051
0 0 0 0 0 8.11969
0 0 0 0 0 8.0946
0 0 0 0 1 8.10229
0 0 0 0 0 8.18317
0 0 0 0 1 8.05296
0 0 0 0 0 8.14999
0 0 0 0 0 8.02057
0 0 0 0 1 8.10941
0 0 0 0 1 8.06521
0 0 0 0 1 8.00924
0 0 0 0 0 7.9536
0 0 0 0 1 8.05833
0 0 0 0 1 8.01101
0 0 0 0 0 8.03155
0 0 0 0 0 7.98464
0 0 0 0 1 7.8983
0 0 0 0 1 7.9155
0 0 0 0 1 7.98026
0 0 0 0 0 7.85087
0 0 0 0 1 7.82895
0 0 0 0 0 7.86238
0 0 0 0 1 7.85205
0 0 0 0 0 7.81826
0 0 0 0 1 7.82051
0 0 0 0 1 7.89337
0 0 0 0 1 7.76286
0 0 0 0 1 7.87812
0 0 0 0 0 7.78724
0 0 0 0 1 7.77461
0 0 0 0 1 7.81191
0 0 0 0 0 7.71417
0 0 0 0 1 7.78263
