0 0 0 0 1 5.55844
0 0 0 0 1 5.56756
0 0 0 0 1 5.60466
0 0 0 0 1 5.58309
0 0 0 0 0 5.57586
0 0 0 0 1 5.53517
0 0 0 0 1 5.65027
0 0 0 0 1 5.62097
0 0 0 0 0 5.63324
0 0 0 0 1 5.604
0 0 0 0 1 5.64234
0 0 0 0 1 5.65835
0 0 0 0 1 5.69924
0 0 0 0 1 5.67031
0 0 0 0 1 5.68673
0 0 0 0 1 5.62585
0 0 0 0 0 5.63671
0 0 0 0 1 5.6762
0 0 0 0 1 5.72735
0 0 0 0 1 5.73685
0 0 0 0 1 5.70822
0 0 0 0 0 5.67957
0 0 0 0 0 5.70838
0 0 0 0 1 5.77195
0 0 0 0 0 5.73953
0 0 0 0 1 5.74572
0 0 0 0 1 5.80993
0 0 0 0 1 5.7526
0 0 0 0 1 5.86961
0 0 0 0 1 5.82397
0 0 0 0 0 5.78405
0 0 0 0 1 5.84514
0 0 0 0 1 5.84199
0 0 0 0 0 5.91364
0 0 0 0 1 5.90327
0 0 0 0 1 5.88113
0 0 0 0 1 5.8826
0 0 0 0 1 5.93155
0 0 0 0 1 5.9689
0 0 0 0 0 5.9648
0 0 0 0 1 5.97865
0 0 0 0 1 6.0285
0 0 0 0 0 5.96605
0 0 0 0 1 5.95611
0 0 0 0 1 6.00033
0 0 0 0 1 6.01465
0 0 0 0 1 6.00972
0 0 0 0 1 6.05458
0 0 0 0 0 6.06321
0 0 0 0 1 6.13289
0 0 0 0 0 6.10517
0 0 0 0 0 6.13861
0 0 0 0 1 6.08516
0 0 0 0 1 6.16299
0 0 0 0 0 6.12286
0 0 0 0 1 6.13206
0 0 0 0 1 6.16614
0 0 0 0 1 6.25547
0 0 0 0 0 6.27765
0 0 0 0 1 6.23115
0 0 0 0 0 6.24623
0 0 0 0 1 6.24347
0 0 0 0 1 6.32275
0 0 0 0 1 6.35184
0 0 0 0 1 6.40647
0 0 0 0 1 6.37792
0 0 0 0 0 6.35002
0 0 0 0 1 6.37237
0 0 0 0 1 6.47914
0 0 0 0 1 6.41189
0 0 0 0 1 6.49359
0 0 0 0 1 6.47137
0 0 0 0 1 6.51473
0 0 0 0 1 6.45403
0 0 0 0 1 6.57602
0 0 0 0 0 6.54725
0 0 0 0 0 6.61045
0 0 0 0 1 6.65483
0 0 0 0 0 6.67241
0 0 0 0 1 6.69009
0 0 0 0 1 6.62778
0 0 0 0 1 6.70623
0 0 0 0 1 6.67099
0 0 0 0 1 6.77636
0 0 0 0 1 6.77431
0 0 0 0 1 6.75184
0 0 0 0 1 6.80408
0 0 0 0 1 6.88401
0 0 0 0 1 6.79294
0 0 0 0 1 6.91465
0 0 0 0 0 6.94044
0 0 0 0 1 6.89054
0 0 0 0 1 7.00676
0 0 0 0 1 6.99807
0 0 0 0 1 6.94018
0 0 0 0 1 7.06474
0 0 0 0 0 7.12622
0 0 0 0 1 7.06079
0 0 0 0 1 7.14436
0 0 0 0 1 7.09264
0 0 0 0 1 7.21987
0 0 0 0 1 7.16788
0 0 0 0 1 7.26689
0 0 0 0 1 7.20717
0 0 0 0 1 7.32156
0 0 0 0 1 7.26133
0 0 0 0 1 7.39877
0 0 0 0 1 7.44192
0 0 0 0 0 7.47717
0 0 0 0 0 7.43805
0 0 0 0 1 7.44378
0 0 0 0 1 7.47905
0 0 0 0 1 7.57489
0 0 0 0 1 7.51971
0 0 0 0 1 7.57102
0 0 0 0 0 7.57625
0 0 0 0 1 7.70436
0 0 0 0 1 7.679
0 0 0 0 1 7.83948
0 0 0 0 1 7.77513
0 0 0 0 0 7.76534
0 0 0 0 1 7.8413
0 0 0 0 1 7.8303
0 0 0 0 1 7.96253
0 0 0 0 1 7.94356
0 0 0 0 1 8.05314
0 0 0 0 1 8.0748
0 0 0 0 0 8.08023
0 0 0 0 1 8.1012
0 0 0 0 1 8.15545
0 0 0 0 1 8.20939
0 0 0 0 1 8.2636
0 0 0 0 1 8.36028
0 0 0 0 1 8.29816
0 0 0 0 1 8.4537
0 0 0 0 1 8.47529
0 0 0 0 0 8.45424
0 0 0 0 0 8.54379
0 0 0 0 0 8.66042
0 0 0 0 1 8.60448
0 0 0 0 1 8.71188
0 0 0 0 1 8.68973
0 0 0 0 1 8.81561
0 0 0 0 1 8.79382
0 0 0 0 1 8.8764
0 0 0 0 1 8.96846
0 0 0 0 1 9.09719
0 0 0 0 1 9.082
0 0 0 0 1 9.15822
0 0 0 0 0 9.07805
0 0 0 0 0 9.15319
0 0 0 0 1 9.36801
0 0 0 0 1 9.38049
0 0 0 0 1 9.44684
0 0 0 0 1 9.43887
0 0 0 0 1 9.43849
0 0 0 0 1 9.6292
0 0 0 0 1 9.60105
0 0 0 0 0 9.7746
0 0 0 0 1 9.74437
0 0 0 0 1 9.86075
0 0 0 0 1 9.81092
0 0 0 0 1 9.90635
0 0 0 0 0 9.9838
0 0 0 0 0 10.1916
0 0 0 0 1 10.1889
0 0 0 0 0 10.3173
0 0 0 0 0 10.281
0 0 0 0 0 10.4848
0 0 0 0 0 10.584
0 0 0 0 1 10.673
0 0 0 0 1 10.5899
0 0 0 0 1 10.6461
0 0 0 0 1 10.8082
0 0 0 0 1 9.23145
0 0 0 0 1 9.27249
0 0 0 0 1 9.2904
0 0 0 0 1 9.19266
0 0 0 0 1 9.28455
0 0 0 0 1 9.25181
0 0 0 0 1 9.20562
0 0 0 0 1 9.1734
0 0 0 0 1 9.09117
0 0 0 0 1 9.16894
0 0 0 0 1 9.18729
0 0 0 0 1 9.11949
0 0 0 0 1 9.09274
0 0 0 0 1 9.11137
0 0 0 0 1 9.09858
0 0 0 0 1 8.91929
0 0 0 0 1 9.01499
0 0 0 0 1 8.92641
0 0 0 0 1 9.03505
0 0 0 0 0 8.84872
0 0 0 0 1 8.97992
0 0 0 0 1 8.95472
0 0 0 0 1 8.85869
0 0 0 0 1 8.8517
0 0 0 0 1 8.75639
0 0 0 0 1 8.76362
0 0 0 0 1 8.8805
0 0 0 0 0 8.75083
0 0 0 0 1 8.80607
0 0 0 0 1 8.79112
0 0 0 0 1 8.68007
0 0 0 0 1 8.68819
0 0 0 0 1 8.68258
0 0 0 0 1 8.67711
0 0 0 0 1 8.65439
0 0 0 0 1 8.64053
0 0 0 0 1 8.74809
0 0 0 0 1 8.69978
0 0 0 0 1 8.669
0 0 0 0 1 8.6988
0 0 0 0 1 8.69419
0 0 0 0 1 8.62097
0 0 0 0 1 8.53093
0 0 0 0 1 8.5784
0 0 0 0 1 8.50606
0 0 0 0 1 8.5537
0 0 0 0 1 8.50193
0 0 0 0 1 8.60935
0 0 0 0 1 8.4898
0 0 0 0 1 8.63904
0 0 0 0 1 8.7539
0 0 0 0 1 8.92296
0 0 0 0 0 9.18421
0 0 0 0 1 9.31144
0 0 0 0 0 9.30693
0 0 0 0 0 9.50764
0 0 0 0 1 9.74881
0 0 0 0 0 9.75672
0 0 0 0 1 10.0398
0 0 0 0 1 10.123
0 0 0 0 1 10.4416
0 0 0 0 1 10.4473
0 0 0 0 1 10.759
0 0 0 0 1 10.909
0 0 0 0 1 11.0906
0 0 0 0 1 11.3267
0 0 0 0 0 11.4925
0 0 0 0 1 11.8432
0 0 0 0 1 12.1627
0 0 0 0 1 12.2594
0 0 0 0 1 12.6485
0 0 0 0 1 12.7962
0 0 0 0 0 22.66
0 0 0 0 0 22.5049
0 0 0 0 1 22.7798
0 0 0 0 0 22.8071
0 0 0 0 0 22.7215
0 0 0 0 1 22.5685
0 0 0 0 0 22.5518
0 0 0 0 0 22.7164
0 0 0 0 1 22.7005
0 0 0 0 1 22.5496
0 0 0 0 0 22.3541
0 0 0 0 0 22.3623
0 0 0 0 0 22.3947
0 0 0 0 1 22.6062
0 0 0 0 1 22.5929
0 0 0 0 1 22.5575
0 0 0 0 1 22.2529
0 0 0 0 1 22.2635
0 0 0 0 1 23.3156
0 0 0 0 0 24.2927
0 0 0 0 1 25.2185
0 0 0 0 1 26.0026
0 0 0 0 1 36.1627
0 0 0 0 1 36.439
0 0 0 0 1 36.6431
0 0 0 0 1 36.4111
0 0 0 0 1 36.1742
0 0 0 0 1 38.2181
0 0 0 0 1 52.275
0 0 0 0 1 52.1032
0 0 0 0 1 51.9852
0 0 0 0 1 51.9717
0 0 0 0 1 51.6471
0 0 0 0 1 56.8362
0 0 0 0 0 65.9862
0 0 0 0 0 70.2909
0 0 0 0 1 81.3191
0 0 0 0 0 4.96992
0 0 0 0 0 5.01501
0 0 0 0 0 5.05509
0 0 0 0 0 5.00499
0 0 0 0 0 4.97493
0 0 0 0 0 4.99497
0 0 0 0 0 4.99497
0 0 0 0 0 4.96491
0 0 0 0 0 4.96992
0 0 0 0 0 4.96992
0 0 0 0 0 4.98996
0 0 0 0 0 4.96992
0 0 0 0 1 88.0288
0 0 0 0 0 86.7239
0 0 0 0 1 75.8212
0 0 0 0 1 64.4774
0 0 0 0 0 60.5869
0 0 0 0 1 60.9614
0 0 0 0 1 60.4889
0 0 0 0 1 51.777
0 0 0 0 1 47.9392
0 0 0 0 1 48.3355
0 0 0 0 1 39.4313
0 0 0 0 1 36.4516
0 0 0 0 1 35.4182
0 0 0 0 1 35.5373
0 0 0 0 1 35.3709
0 0 0 0 0 35.67
0 0 0 0 1 27.7971
0 0 0 0 1 27.0179
0 0 0 0 1 25.716
0 0 0 0 1 24.713
0 0 0 0 0 24.5031
0 0 0 0 0 24.466
0 0 0 0 1 24.576
0 0 0 0 1 24.4412
0 0 0 0 0 24.6521
0 0 0 0 0 24.518
0 0 0 0 1 24.7302
0 0 0 0 0 24.9183
0 0 0 0 1 24.9572
0 0 0 0 0 18.1271
0 0 0 0 1 17.5797
0 0 0 0 1 17.0198
0 0 0 0 1 16.7946
0 0 0 0 1 16.3913
0 0 0 0 1 16.0224
0 0 0 0 0 15.439
0 0 0 0 1 15.0305
0 0 0 0 1 14.8605
0 0 0 0 1 14.3798
0 0 0 0 1 14.1413
0 0 0 0 1 13.9564
0 0 0 0 0 13.8571
0 0 0 0 1 14.0083
0 0 0 0 1 13.8536
0 0 0 0 1 13.9079
0 0 0 0 1 14.0624
0 0 0 0 1 13.922
0 0 0 0 1 13.8375
0 0 0 0 1 13.9209
0 0 0 0 1 14.0631
0 0 0 0 1 14.1614
0 0 0 0 1 14.1478
0 0 0 0 0 14.0783
0 0 0 0 1 14.18
0 0 0 0 1 14.0263
0 0 0 0 0 14.0416
0 0 0 0 1 14.0598
0 0 0 0 1 14.2169
0 0 0 0 1 14.0068
0 0 0 0 1 14.1815
0 0 0 0 1 14.0989
0 0 0 0 1 14.2321
0 0 0 0 1 14.3346
0 0 0 0 1 14.113
0 0 0 0 1 14.273
0 0 0 0 1 14.4082
0 0 0 0 1 14.1834
0 0 0 0 1 14.2476
0 0 0 0 1 14.4239
0 0 0 0 1 8.87005
0 0 0 0 0 8.72963
0 0 0 0 1 8.55566
0 0 0 0 1 8.46075
0 0 0 0 0 8.31543
0 0 0 0 0 8.25419
0 0 0 0 1 8.1769
0 0 0 0 1 8.16281
0 0 0 0 0 8.00425
0 0 0 0 1 7.83154
0 0 0 0 0 7.8342
0 0 0 0 1 7.71756
0 0 0 0 1 7.60327
0 0 0 0 1 7.63338
0 0 0 0 1 7.39954
0 0 0 0 0 7.47417
0 0 0 0 1 7.26572
0 0 0 0 1 7.28655
0 0 0 0 1 7.17655
0 0 0 0 1 7.16676
0 0 0 0 0 7.03641
0 0 0 0 1 7.00693
0 0 0 0 1 6.9126
0 0 0 0 1 6.80071
0 0 0 0 0 6.78443
0 0 0 0 1 6.66029
0 0 0 0 1 6.63687
0 0 0 0 1 6.51432
0 0 0 0 1 6.47759
0 0 0 0 1 6.48175
0 0 0 0 0 6.32904
0 0 0 0 0 6.26932
0 0 0 0 1 6.3354
0 0 0 0 1 6.24391
0 0 0 0 1 6.13468
0 0 0 0 1 6.17337
0 0 0 0 1 6.08321
0 0 0 0 1 5.99662
0 0 0 0 0 6.02733
0 0 0 0 1 5.89985
0 0 0 0 1 5.85313
0 0 0 0 1 5.82102
0 0 0 0 1 5.72521
0 0 0 0 1 5.69917
0 0 0 0 1 5.69273
0 0 0 0 1 5.66615
0 0 0 0 1 5.58342
0 0 0 0 1 5.61014
0 0 0 0 1 5.54455
0 0 0 0 1 5.46299
0 0 0 0 1 5.41476
0 0 0 0 1 5.34824
0 0 0 0 1 5.4003
0 0 0 0 1 5.27757
0 0 0 0 1 5.24918
0 0 0 0 1 5.29115
0 0 0 0 1 5.22579
0 0 0 0 1 5.14021
0 0 0 0 1 5.10172
0 0 0 0 0 5.10941
0 0 0 0 1 5.07783
0 0 0 0 1 5.00418
0 0 0 0 1 5.06468
0 0 0 0 1 4.94654
0 0 0 0 0 4.97806
0 0 0 0 1 4.87121
0 0 0 0 0 4.8338
0 0 0 0 1 4.88722
0 0 0 0 0 4.8544
0 0 0 0 1 4.85833
0 0 0 0 1 4.86531
0 0 0 0 1 4.82013
0 0 0 0 0 4.88157
0 0 0 0 1 4.8984
0 0 0 0 1 4.87733
0 0 0 0 1 4.92973
0 0 0 0 1 4.90365
0 0 0 0 1 4.95038
0 0 0 0 0 4.98864
0 0 0 0 1 5.00229
0 0 0 0 1 5.03471
0 0 0 0 1 5.03854
0 0 0 0 1 5.03232
0 0 0 0 0 5.08658
0 0 0 0 1 5.10068
0 0 0 0 1 5.05384
0 0 0 0 1 5.10868
0 0 0 0 1 5.09217
0 0 0 0 1 5.17694
0 0 0 0 0 5.11411
0 0 0 0 1 5.15426
0 0 0 0 1 5.24141
0 0 0 0 0 5.25618
0 0 0 0 1 5.24483
0 0 0 0 1 5.28062
0 0 0 0 1 5.24279
0 0 0 0 1 5.27486
0 0 0 0 0 5.36957
0 0 0 0 1 5.37946
0 0 0 0 0 5.34111
0 0 0 0 0 5.38851
0 0 0 0 1 5.42152
0 0 0 0 0 5.40432
0 0 0 0 1 5.47961
0 0 0 0 1 5.50614
0 0 0 0 1 5.51787
0 0 0 0 1 5.56669
0 0 0 0 1 5.59524
0 0 0 0 0 5.54987
0 0 0 0 1 5.62314
0 0 0 0 0 5.64474
0 0 0 0 1 5.69627
0 0 0 0 1 5.71247
0 0 0 0 1 5.6904
0 0 0 0 1 5.76374
0 0 0 0 1 5.77597
0 0 0 0 0 5.7361
0 0 0 0 1 5.87001
0 0 0 0 0 5.86329
0 0 0 0 1 5.85214
0 0 0 0 1 5.88785
0 0 0 0 1 5.9415
0 0 0 0 1 5.94789
0 0 0 0 1 5.99603
0 0 0 0 1 6.05049
0 0 0 0 1 6.08716
0 0 0 0 1 6.03896
0 0 0 0 1 6.13661
0 0 0 0 1 6.1614
0 0 0 0 1 6.1693
0 0 0 0 1 9.42385
0 0 0 0 0 9.51926
0 0 0 0 1 9.45954
0 0 0 0 1 9.40959
0 0 0 0 1 9.43822
0 0 0 0 0 9.3138
0 0 0 0 1 9.38589
0 0 0 0 1 9.3614
0 0 0 0 1 9.34339
0 0 0 0 0 9.23924
0 0 0 0 0 9.14494
0 0 0 0 0 9.25298
0 0 0 0 1 9.21405
0 0 0 0 1 9.09336
0 0 0 0 0 9.11876
0 0 0 0 1 8.97197
0 0 0 0 1 9.01564
0 0 0 0 0 9.02877
0 0 0 0 1 9.06304
0 0 0 0 1 9.02228
0 0 0 0 0 8.93148
0 0 0 0 0 8.90353
0 0 0 0 0 8.80484
0 0 0 0 1 8.79518
0 0 0 0 1 8.88803
0 0 0 0 1 8.86064
0 0 0 0 1 8.81592
0 0 0 0 1 8.79099
0 0 0 0 1 8.71189
0 0 0 0 1 8.77773
0 0 0 0 1 8.58643
0 0 0 0 0 8.60903
0 0 0 0 1 8.57463
0 0 0 0 1 8.66606
0 0 0 0 1 8.53741
0 0 0 0 1 8.56861
0 0 0 0 1 8.48372
0 0 0 0 1 8.4639
0 0 0 0 1 8.48669
0 0 0 0 1 8.46705
0 0 0 0 1 8.4983
0 0 0 0 1 8.37759
0 0 0 0 1 8.48835
0 0 0 0 1 8.46075
0 0 0 0 0 8.32446
0 0 0 0 0 8.2724
0 0 0 0 0 8.37072
0 0 0 0 1 8.36422
0 0 0 0 1 8.31268
0 0 0 0 1 8.22004
0 0 0 0 1 8.22319
0 0 0 0 1 8.23843
0 0 0 0 1 8.27015
0 0 0 0 0 8.18685
0 0 0 0 1 8.20232
0 0 0 0 1 8.09516
0 0 0 0 1 8.11908
0 0 0 0 1 8.18372
0 0 0 0 0 8.11003
0 0 0 0 0 8.10162
0 0 0 0 1 8.02859
0 0 0 0 1 8.02057
0 0 0 0 0 8.04493
0 0 0 0 1 8.12155
0 0 0 0 1 8.05744
0 0 0 0 1 7.99369
0 0 0 0 1 7.93029
0 0 0 0 1 8.05095
0 0 0 0 1 7.93584
0 0 0 0 1 7.93688
0 0 0 0 1 7.9857
0 0 0 0 1 7.90757
0 0 0 0 1 7.94068
0 0 0 0 1 7.97737
0 0 0 0 1 7.92365
0 0 0 0 1 7.93328
0 0 0 0 1 7.89139
0 0 0 0 0 7.87326
0 0 0 0 1 7.89895
0 0 0 0 1 7.89337
0 0 0 0 0 7.85667
0 0 0 0 1 7.83127
0 0 0 0 1 7.87298
0 0 0 0 1 7.80574
0 0 0 0 1 7.79636
0 0 0 0 1 7.77626
0 0 0 0 1 7.75938
