0 0 0 0 1 5.53625
0 0 0 0 0 5.55089
0 0 0 0 1 5.57126
0 0 0 0 0 5.52737
0 0 0 0 1 5.60935
0 0 0 0 1 5.57431
0 0 0 0 1 5.64468
0 0 0 0 0 5.59295
0 0 0 0 1 5.6669
0 0 0 0 1 5.59276
0 0 0 0 1 5.67049
0 0 0 0 1 5.6245
0 0 0 0 1 5.59757
0 0 0 0 1 5.70426
0 0 0 0 1 5.70941
0 0 0 0 1 5.69398
0 0 0 0 0 5.71065
0 0 0 0 1 5.73888
0 0 0 0 0 5.65312
0 0 0 0 1 5.65685
0 0 0 0 0 5.68532
0 0 0 0 0 5.69678
0 0 0 0 1 5.77736
0 0 0 0 1 5.75466
0 0 0 0 1 5.72222
0 0 0 0 1 5.7515
0 0 0 0 1 5.84469
0 0 0 0 1 5.83967
0 0 0 0 1 5.7649
0 0 0 0 1 5.83563
0 0 0 0 1 5.83663
0 0 0 0 1 5.81003
0 0 0 0 0 5.88886
0 0 0 0 1 5.8784
0 0 0 0 1 5.86796
0 0 0 0 1 5.93422
0 0 0 0 1 5.92399
0 0 0 0 0 5.91377
0 0 0 0 1 5.89763
0 0 0 0 1 5.91123
0 0 0 0 1 5.92495
0 0 0 0 0 6.01056
0 0 0 0 1 6.01397
0 0 0 0 1 5.98012
0 0 0 0 1 5.99431
0 0 0 0 0 6.09308
0 0 0 0 1 6.01577
0 0 0 0 1 6.01818
0 0 0 0 1 6.06321
0 0 0 0 0 6.04754
0 0 0 0 1 6.08072
0 0 0 0 1 6.18762
0 0 0 0 1 6.13433
0 0 0 0 0 6.13221
0 0 0 0 1 6.19693
0 0 0 0 1 6.2125
0 0 0 0 1 6.18475
0 0 0 0 1 6.23057
0 0 0 0 1 6.24645
0 0 0 0 1 6.29997
0 0 0 0 1 6.30901
0 0 0 0 0 6.30012
0 0 0 0 1 6.25334
0 0 0 0 1 6.37714
0 0 0 0 1 6.31132
0 0 0 0 1 6.40339
0 0 0 0 1 6.42022
0 0 0 0 0 6.44282
0 0 0 0 0 6.45345
0 0 0 0 1 6.48277
0 0 0 0 1 6.49359
0 0 0 0 1 6.45191
0 0 0 0 1 6.44972
0 0 0 0 1 6.53226
0 0 0 0 1 6.59563
0 0 0 0 1 6.53413
0 0 0 0 1 6.63678
0 0 0 0 0 6.5426
0 0 0 0 1 6.6194
0 0 0 0 1 6.71669
0 0 0 0 1 6.64113
0 0 0 0 0 6.64599
0 0 0 0 0 6.64415
0 0 0 0 1 6.74268
0 0 0 0 1 6.82163
0 0 0 0 1 6.82648
0 0 0 0 1 6.76321
0 0 0 0 1 6.81565
0 0 0 0 1 6.80667
0 0 0 0 1 6.86644
0 0 0 0 1 6.88513
0 0 0 0 0 6.89054
0 0 0 0 1 6.98589
0 0 0 0 1 6.99807
0 0 0 0 1 7.03132
0 0 0 0 0 7.09993
0 0 0 0 1 7.10502
0 0 0 0 0 7.13884
0 0 0 0 1 7.05888
0 0 0 0 0 7.15699
0 0 0 0 1 7.12657
0 0 0 0 1 7.27594
0 0 0 0 1 7.18003
0 0 0 0 1 7.33795
0 0 0 0 1 7.36535
0 0 0 0 0 7.35659
0 0 0 0 1 7.4135
0 0 0 0 1 7.37548
0 0 0 0 1 7.38815
0 0 0 0 1 7.50513
0 0 0 0 0 7.54104
0 0 0 0 1 7.46401
0 0 0 0 1 7.49181
0 0 0 0 1 7.60317
0 0 0 0 1 7.60911
0 0 0 0 1 7.67574
0 0 0 0 1 7.74281
0 0 0 0 1 7.67127
0 0 0 0 0 7.81619
0 0 0 0 1 7.83752
0 0 0 0 1 7.78099
0 0 0 0 1 7.8413
0 0 0 0 1 7.93312
0 0 0 0 0 7.87511
0 0 0 0 1 7.95954
0 0 0 0 1 8.013
0 0 0 0 1 8.04253
0 0 0 0 1 8.16128
0 0 0 0 1 8.19085
0 0 0 0 1 8.22914
0 0 0 0 1 8.15998
0 0 0 0 1 8.23876
0 0 0 0 0 8.30205
0 0 0 0 1 8.28979
0 0 0 0 1 8.47893
0 0 0 0 1 8.39071
0 0 0 0 1 8.47125
0 0 0 0 0 8.54379
0 0 0 0 1 8.55732
0 0 0 0 1 8.58721
0 0 0 0 1 8.68579
0 0 0 0 1 8.8296
0 0 0 0 0 8.71883
0 0 0 0 1 8.89988
0 0 0 0 1 8.86751
0 0 0 0 1 8.95951
0 0 0 0 1 8.96208
0 0 0 0 1 8.97323
0 0 0 0 1 9.16733
0 0 0 0 0 9.16057
0 0 0 0 1 9.14397
0 0 0 0 0 9.34944
0 0 0 0 1 9.39916
0 0 0 0 1 9.42804
0 0 0 0 1 9.50507
0 0 0 0 0 9.6004
0 0 0 0 1 9.56206
0 0 0 0 0 9.6686
0 0 0 0 0 9.76489
0 0 0 0 0 9.86177
0 0 0 0 1 9.81149
0 0 0 0 0 9.87038
0 0 0 0 1 10.0362
0 0 0 0 0 10.1145
0 0 0 0 1 10.0599
0 0 0 0 1 10.2501
0 0 0 0 1 10.2659
0 0 0 0 1 10.4156
0 0 0 0 1 10.391
0 0 0 0 1 10.5525
0 0 0 0 0 10.472
0 0 0 0 1 10.7285
0 0 0 0 1 10.7965
0 0 0 0 1 10.9057
0 0 0 0 0 9.37104
0 0 0 0 1 9.29105
0 0 0 0 1 9.18851
0 0 0 0 1 9.26657
0 0 0 0 1 9.28455
0 0 0 0 0 9.2794
0 0 0 0 1 9.25151
0 0 0 0 1 9.09101
0 0 0 0 1 9.06376
0 0 0 0 1 9.06868
0 0 0 0 1 9.16
0 0 0 0 1 9.15579
0 0 0 0 1 9.0384
0 0 0 0 1 8.96674
0 0 0 0 1 8.95431
0 0 0 0 1 8.92829
0 0 0 0 1 9.0509
0 0 0 0 0 8.97122
0 0 0 0 1 8.96349
0 0 0 0 1 8.98266
0 0 0 0 1 8.97101
0 0 0 0 1 8.93693
0 0 0 0 0 8.78768
0 0 0 0 1 8.94917
0 0 0 0 1 8.88022
0 0 0 0 1 8.80775
0 0 0 0 1 8.78359
0 0 0 0 1 8.71565
0 0 0 0 1 8.84119
0 0 0 0 1 8.75606
0 0 0 0 1 8.74132
0 0 0 0 1 8.68819
0 0 0 0 1 8.6913
0 0 0 0 1 8.73803
0 0 0 0 1 8.60225
0 0 0 0 1 8.75331
0 0 0 0 1 8.67014
0 0 0 0 0 8.66519
0 0 0 0 1 8.65173
0 0 0 0 1 8.69018
0 0 0 0 1 8.57368
0 0 0 0 0 8.52642
0 0 0 0 1 8.51376
0 0 0 0 1 8.62982
0 0 0 0 1 8.57452
0 0 0 0 1 8.6306
0 0 0 0 1 8.60436
0 0 0 0 1 8.46444
0 0 0 0 1 8.54125
0 0 0 0 1 8.73474
0 0 0 0 0 8.79802
0 0 0 0 1 9.03943
0 0 0 0 1 9.13874
0 0 0 0 0 9.24678
0 0 0 0 1 9.28817
0 0 0 0 1 9.56486
0 0 0 0 1 9.73913
0 0 0 0 1 9.91425
0 0 0 0 1 9.93974
0 0 0 0 1 10.2045
0 0 0 0 1 10.3483
0 0 0 0 1 10.4473
0 0 0 0 1 10.6409
0 0 0 0 1 10.8871
0 0 0 0 1 11.2132
0 0 0 0 1 11.4289
0 0 0 0 1 11.6199
0 0 0 0 1 11.9141
0 0 0 0 1 12.0783
0 0 0 0 1 12.1979
0 0 0 0 0 12.6485
0 0 0 0 1 12.7576
0 0 0 0 0 22.8873
0 0 0 0 1 22.732
0 0 0 0 1 22.4622
0 0 0 0 1 22.6937
0 0 0 0 0 22.7894
0 0 0 0 1 22.8627
0 0 0 0 1 22.597
0 0 0 0 1 22.5582
0 0 0 0 1 22.6101
0 0 0 0 1 22.7301
0 0 0 0 0 22.512
0 0 0 0 1 22.3623
0 0 0 0 1 22.7327
0 0 0 0 1 22.6062
0 0 0 0 0 22.6604
0 0 0 0 1 22.3776
0 0 0 0 0 22.6125
0 0 0 0 1 22.3758
0 0 0 0 1 23.0836
0 0 0 0 1 24.2685
0 0 0 0 1 25.0678
0 0 0 0 0 26.4482
0 0 0 0 1 36.5269
0 0 0 0 0 36.439
0 0 0 0 1 36.6794
0 0 0 0 1 36.0474
0 0 0 0 1 36.6837
0 0 0 0 1 38.9116
0 0 0 0 1 52.275
0 0 0 0 1 51.7909
0 0 0 0 1 51.8291
0 0 0 0 1 51.6595
0 0 0 0 0 52.2192
0 0 0 0 1 56.7235
0 0 0 0 1 65.8553
0 0 0 0 1 70.3605
0 0 0 0 1 81.401
0 0 0 0 0 4.96992
0 0 0 0 0 4.96992
0 0 0 0 0 4.97994
0 0 0 0 0 4.96992
0 0 0 0 0 5.05008
0 0 0 0 0 4.96491
0 0 0 0 0 4.98996
0 0 0 0 0 4.99998
0 0 0 0 0 4.98996
0 0 0 0 0 4.96992
0 0 0 0 0 4.99497
0 0 0 0 0 5.01501
0 0 0 0 0 87.5032
0 0 0 0 1 88.3007
0 0 0 0 0 75.5206
0 0 0 0 1 63.7751
0 0 0 0 0 60.0422
0 0 0 0 1 60.2954
0 0 0 0 0 60.0045
0 0 0 0 1 51.416
0 0 0 0 0 47.5073
0 0 0 0 1 48.1435
0 0 0 0 1 39.5884
0 0 0 0 0 36.4884
0 0 0 0 1 35.9532
0 0 0 0 1 35.8228
0 0 0 0 1 35.8706
0 0 0 0 0 35.5272
0 0 0 0 1 27.8532
0 0 0 0 1 26.8303
0 0 0 0 1 25.6135
0 0 0 0 1 24.5407
0 0 0 0 0 24.4785
0 0 0 0 1 24.4414
0 0 0 0 0 24.7979
0 0 0 0 1 24.4658
0 0 0 0 1 24.8989
0 0 0 0 1 24.7896
0 0 0 0 0 24.5819
0 0 0 0 1 24.7947
0 0 0 0 1 24.7594
0 0 0 0 1 18.1635
0 0 0 0 1 17.8096
0 0 0 0 1 17.0886
0 0 0 0 1 16.6106
0 0 0 0 1 16.3751
0 0 0 0 1 15.943
0 0 0 0 0 15.439
0 0 0 0 1 15.1666
0 0 0 0 1 14.8163
0 0 0 0 0 14.2788
0 0 0 0 1 14.1413
0 0 0 0 0 14.0259
0 0 0 0 1 13.8015
0 0 0 0 0 13.8274
0 0 0 0 1 13.8119
0 0 0 0 1 13.8243
0 0 0 0 1 13.8113
0 0 0 0 0 13.9499
0 0 0 0 0 13.8654
0 0 0 0 1 14.0049
0 0 0 0 1 14.0491
0 0 0 0 1 13.9511
0 0 0 0 1 14.0075
0 0 0 0 1 14.1345
0 0 0 0 0 13.9268
0 0 0 0 0 14.0263
0 0 0 0 1 14.1685
0 0 0 0 1 14.2292
0 0 0 0 1 14.118
0 0 0 0 1 14.0775
0 0 0 0 0 14.1249
0 0 0 0 1 14.1273
0 0 0 0 1 14.0617
0 0 0 0 1 14.2635
0 0 0 0 1 14.2554
0 0 0 0 1 14.159
0 0 0 0 0 14.1511
0 0 0 0 0 14.3979
0 0 0 0 1 14.3622
0 0 0 0 1 14.3666
0 0 0 0 1 8.89653
0 0 0 0 1 8.70349
0 0 0 0 1 8.57286
0 0 0 0 1 8.40978
0 0 0 0 1 8.34061
0 0 0 0 1 8.27077
0 0 0 0 1 8.16871
0 0 0 0 1 8.07382
0 0 0 0 1 8.00425
0 0 0 0 1 7.87105
0 0 0 0 1 7.8733
0 0 0 0 0 7.79481
0 0 0 0 1 7.56506
0 0 0 0 1 7.60315
0 0 0 0 0 7.42944
0 0 0 0 1 7.40757
0 0 0 0 1 7.36084
0 0 0 0 1 7.26482
0 0 0 0 1 7.2124
0 0 0 0 1 7.08161
0 0 0 0 1 6.95916
0 0 0 0 0 7.01389
0 0 0 0 0 6.85752
0 0 0 0 1 6.86892
0 0 0 0 0 6.76416
0 0 0 0 0 6.72053
0 0 0 0 1 6.66339
0 0 0 0 0 6.59312
0 0 0 0 1 6.47759
0 0 0 0 1 6.50755
0 0 0 0 0 6.37374
0 0 0 0 1 6.35798
0 0 0 0 0 6.26633
0 0 0 0 1 6.23146
0 0 0 0 1 6.23343
0 0 0 0 1 6.08159
0 0 0 0 1 6.00436
0 0 0 0 1 5.98458
0 0 0 0 1 6.00346
0 0 0 0 1 5.89985
0 0 0 0 0 5.92358
0 0 0 0 1 5.83267
0 0 0 0 1 5.72521
0 0 0 0 1 5.71065
0 0 0 0 1 5.70979
0 0 0 0 1 5.64922
0 0 0 0 1 5.55542
0 0 0 0 1 5.57675
0 0 0 0 0 5.56664
0 0 0 0 1 5.42463
0 0 0 0 1 5.39845
0 0 0 0 1 5.41847
0 0 0 0 0 5.35735
0 0 0 0 0 5.37342
0 0 0 0 1 5.27035
0 0 0 0 1 5.21766
0 0 0 0 0 5.16321
0 0 0 0 1 5.18684
0 0 0 0 1 5.11716
0 0 0 0 1 5.1401
0 0 0 0 0 5.06769
0 0 0 0 1 5.02434
0 0 0 0 1 5.06468
0 0 0 0 1 5.02624
0 0 0 0 0 4.92363
0 0 0 0 1 4.94494
0 0 0 0 1 4.92168
0 0 0 0 1 4.86779
0 0 0 0 1 4.8544
0 0 0 0 1 4.83907
0 0 0 0 0 4.846
0 0 0 0 1 4.83466
0 0 0 0 1 4.91074
0 0 0 0 1 4.86916
0 0 0 0 0 4.88711
0 0 0 0 1 4.93464
0 0 0 0 0 4.91844
0 0 0 0 0 4.95038
0 0 0 0 1 4.99856
0 0 0 0 1 4.98238
0 0 0 0 1 5.02473
0 0 0 0 0 4.98345
0 0 0 0 0 5.03232
0 0 0 0 0 5.01593
0 0 0 0 0 5.0247
0 0 0 0 1 5.08943
0 0 0 0 1 5.08316
0 0 0 0 1 5.13828
0 0 0 0 1 5.18721
0 0 0 0 1 5.17598
0 0 0 0 1 5.21118
0 0 0 0 1 5.21544
0 0 0 0 1 5.22489
0 0 0 0 1 5.19248
0 0 0 0 1 5.29639
0 0 0 0 1 5.24279
0 0 0 0 1 5.30667
0 0 0 0 1 5.36425
0 0 0 0 0 5.3581
0 0 0 0 1 5.30893
0 0 0 0 1 5.41005
0 0 0 0 1 5.39447
0 0 0 0 1 5.45864
0 0 0 0 1 5.46871
0 0 0 0 1 5.44046
0 0 0 0 1 5.46836
0 0 0 0 0 5.50594
0 0 0 0 1 5.51752
0 0 0 0 1 5.52201
0 0 0 0 1 5.65674
0 0 0 0 0 5.61663
0 0 0 0 0 5.60585
0 0 0 0 1 5.72381
0 0 0 0 0 5.71321
0 0 0 0 1 5.68934
0 0 0 0 0 5.71269
0 0 0 0 0 5.74767
0 0 0 0 1 5.75377
0 0 0 0 0 5.82829
0 0 0 0 1 5.92251
0 0 0 0 1 5.94679
0 0 0 0 1 5.92966
0 0 0 0 1 5.99552
0 0 0 0 1 5.92422
0 0 0 0 1 6.06853
0 0 0 0 0 6.05694
0 0 0 0 0 6.04503
0 0 0 0 1 6.15493
0 0 0 0 1 6.11231
0 0 0 0 1 6.194
0 0 0 0 1 9.59519
0 0 0 0 1 9.49082
0 0 0 0 1 9.45954
0 0 0 0 1 9.35307
0 0 0 0 1 9.29749
0 0 0 0 1 9.41666
0 0 0 0 1 9.32997
0 0 0 0 0 9.30562
0 0 0 0 1 9.20449
0 0 0 0 1 9.21155
0 0 0 0 1 9.10813
0 0 0 0 0 9.1521
0 0 0 0 1 9.10436
0 0 0 0 1 9.16626
0 0 0 0 1 9.10059
0 0 0 0 1 9.11683
0 0 0 0 0 9.09686
0 0 0 0 1 9.09178
0 0 0 0 0 8.91049
0 0 0 0 1 8.89697
0 0 0 0 1 9.01179
0 0 0 0 1 8.83238
0 0 0 0 1 8.78711
0 0 0 0 1 8.85706
0 0 0 0 1 8.80868
0 0 0 0 1 8.76395
0 0 0 0 1 8.68447
0 0 0 0 1 8.79974
0 0 0 0 1 8.73805
0 0 0 0 1 8.61244
0 0 0 0 0 8.69051
0 0 0 0 1 8.66094
0 0 0 0 0 8.6609
0 0 0 0 1 8.56279
0 0 0 0 1 8.51167
0 0 0 0 0 8.60285
0 0 0 0 1 8.552
0 0 0 0 1 8.43835
0 0 0 0 1 8.56315
0 0 0 0 1 8.40773
0 0 0 0 1 8.46447
0 0 0 0 1 8.48727
0 0 0 0 1 8.34534
0 0 0 0 0 8.40199
0 0 0 0 1 8.35796
0 0 0 0 0 8.33925
0 0 0 0 0 8.4124
0 0 0 0 1 8.23119
0 0 0 0 1 8.36245
0 0 0 0 1 8.22004
0 0 0 0 1 8.29757
0 0 0 0 1 8.1807
0 0 0 0 1 8.28661
0 0 0 0 1 8.13758
0 0 0 0 1 8.25148
0 0 0 0 0 8.09516
0 0 0 0 1 8.16804
0 0 0 0 1 8.06157
0 0 0 0 0 8.09378
0 0 0 0 1 8.07729
0 0 0 0 1 8.08524
0 0 0 0 1 8.12557
0 0 0 0 1 8.05299
0 0 0 0 1 8.03301
0 0 0 0 1 8.11368
0 0 0 0 0 7.9536
0 0 0 0 1 7.93829
0 0 0 0 1 8.03497
0 0 0 0 1 8.03953
0 0 0 0 1 7.913
0 0 0 0 0 7.88241
0 0 0 0 1 7.90757
0 0 0 0 1 7.85359
0 0 0 0 1 7.92993
0 0 0 0 1 7.81316
0 0 0 0 1 7.89389
0 0 0 0 1 7.81271
0 0 0 0 1 7.8104
0 0 0 0 1 7.92248
0 0 0 0 1 7.78374
0 0 0 0 1 7.8254
0 0 0 0 1 7.87812
0 0 0 0 1 7.86519
0 0 0 0 1 7.79018
0 0 0 0 1 7.85077
0 0 0 0 1 7.70641
0 0 0 0 1 7.72837
