0 0 0 0 1 5.50851
0 0 0 0 1 5.53422
0 0 0 0 1 5.5323
0 0 0 0 1 5.59981
0 0 0 0 1 5.61493
0 0 0 0 1 5.62463
0 0 0 0 1 5.62789
0 0 0 0 1 5.57614
0 0 0 0 1 5.56591
0 0 0 0 1 5.6321
0 0 0 0 1 5.67612
0 0 0 0 1 5.63014
0 0 0 0 0 5.67665
0 0 0 0 0 5.70426
0 0 0 0 1 5.68673
0 0 0 0 1 5.65424
0 0 0 0 0 5.72771
0 0 0 0 1 5.74458
0 0 0 0 1 5.74448
0 0 0 0 1 5.70828
0 0 0 0 0 5.77693
0 0 0 0 1 5.72547
0 0 0 0 1 5.79461
0 0 0 0 1 5.7201
0 0 0 0 1 5.71069
0 0 0 0 1 5.76306
0 0 0 0 1 5.76359
0 0 0 0 1 5.81645
0 0 0 0 1 5.78817
0 0 0 0 1 5.84729
0 0 0 0 1 5.88337
0 0 0 0 1 5.83929
0 0 0 0 1 5.85371
0 0 0 0 1 5.84904
0 0 0 0 0 5.8915
0 0 0 0 1 5.95782
0 0 0 0 0 5.97129
0 0 0 0 1 5.89599
0 0 0 0 1 5.99265
0 0 0 0 1 5.98266
0 0 0 0 0 5.97865
0 0 0 0 1 5.97467
0 0 0 0 1 6.04991
0 0 0 0 1 5.95611
0 0 0 0 1 5.99431
0 0 0 0 1 5.99052
0 0 0 0 1 6.07629
0 0 0 0 1 6.07278
0 0 0 0 0 6.11794
0 0 0 0 1 6.1146
0 0 0 0 1 6.15406
0 0 0 0 1 6.15086
0 0 0 0 0 6.11589
0 0 0 0 1 6.18762
0 0 0 0 1 6.12286
0 0 0 0 1 6.21868
0 0 0 0 1 6.19096
0 0 0 0 1 6.28659
0 0 0 0 1 6.20277
0 0 0 0 0 6.24366
0 0 0 0 1 6.24623
0 0 0 0 1 6.35047
0 0 0 0 0 6.36061
0 0 0 0 1 6.35184
0 0 0 0 0 6.36206
0 0 0 0 1 6.39066
0 0 0 0 1 6.33725
0 0 0 0 1 6.43641
0 0 0 0 0 6.48556
0 0 0 0 0 6.43122
0 0 0 0 1 6.40959
0 0 0 0 0 6.42598
0 0 0 0 1 6.45622
0 0 0 0 1 6.53878
0 0 0 0 1 6.54987
0 0 0 0 1 6.49477
0 0 0 0 1 6.57094
0 0 0 0 1 6.569
0 0 0 0 1 6.68566
0 0 0 0 1 6.67014
0 0 0 0 1 6.61443
0 0 0 0 1 6.69953
0 0 0 0 1 6.75153
0 0 0 0 1 6.67532
0 0 0 0 0 6.79459
0 0 0 0 0 6.77219
0 0 0 0 1 6.77002
0 0 0 0 1 6.77463
0 0 0 0 1 6.87528
0 0 0 0 1 6.94909
0 0 0 0 1 6.89205
0 0 0 0 1 6.86281
0 0 0 0 1 6.9163
0 0 0 0 1 6.91426
0 0 0 0 1 6.94018
0 0 0 0 0 7.05771
0 0 0 0 1 7.02725
0 0 0 0 1 7.13884
0 0 0 0 1 7.05888
0 0 0 0 1 7.12839
0 0 0 0 0 7.16246
0 0 0 0 1 7.13907
0 0 0 0 0 7.31031
0 0 0 0 1 7.33795
0 0 0 0 1 7.28506
0 0 0 0 0 7.26133
0 0 0 0 1 7.36933
0 0 0 0 1 7.4493
0 0 0 0 1 7.47717
0 0 0 0 1 7.49022
0 0 0 0 0 7.40638
0 0 0 0 1 7.47905
0 0 0 0 1 7.6051
0 0 0 0 1 7.52729
0 0 0 0 1 7.64719
0 0 0 0 1 7.62982
0 0 0 0 0 7.67361
0 0 0 0 1 7.77943
0 0 0 0 1 7.72305
0 0 0 0 1 7.72834
0 0 0 0 1 7.77317
0 0 0 0 1 7.84916
0 0 0 0 1 7.85403
0 0 0 0 1 7.89895
0 0 0 0 1 7.9995
0 0 0 0 1 8.03708
0 0 0 0 0 8.0022
0 0 0 0 0 8.03161
0 0 0 0 1 8.14195
0 0 0 0 1 8.15545
0 0 0 0 0 8.25056
0 0 0 0 1 8.23048
0 0 0 0 1 8.37691
0 0 0 0 1 8.30652
0 0 0 0 0 8.38641
0 0 0 0 1 8.44992
0 0 0 0 1 8.42873
0 0 0 0 1 8.46682
0 0 0 0 0 8.63464
0 0 0 0 1 8.56129
0 0 0 0 1 8.63363
0 0 0 0 1 8.76841
0 0 0 0 1 8.87719
0 0 0 0 1 8.87337
0 0 0 0 0 8.83193
0 0 0 0 0 8.87
0 0 0 0 1 9.07017
0 0 0 0 1 8.98229
0 0 0 0 1 9.08532
0 0 0 0 1 9.13306
0 0 0 0 0 9.15319
0 0 0 0 1 9.24731
0 0 0 0 0 9.38049
0 0 0 0 0 9.31524
0 0 0 0 1 9.46724
0 0 0 0 1 9.58135
0 0 0 0 1 9.61961
0 0 0 0 1 9.72649
0 0 0 0 1 9.68716
0 0 0 0 1 9.86177
0 0 0 0 1 9.76224
0 0 0 0 1 9.85056
0 0 0 0 0 9.92632
0 0 0 0 1 10.1145
0 0 0 0 0 10.1916
0 0 0 0 1 10.1685
0 0 0 0 1 10.2248
0 0 0 0 1 10.4156
0 0 0 0 0 10.3285
0 0 0 0 1 10.5735
0 0 0 0 1 10.5884
0 0 0 0 0 10.5899
0 0 0 0 0 10.8072
0 0 0 0 1 10.8516
0 0 0 0 1 9.25937
0 0 0 0 1 9.2632
0 0 0 0 1 9.32745
0 0 0 0 1 9.22038
0 0 0 0 1 9.31221
0 0 0 0 1 9.23342
0 0 0 0 1 9.22397
0 0 0 0 1 9.21918
0 0 0 0 0 9.21909
0 0 0 0 1 9.09602
0 0 0 0 0 9.06904
0 0 0 0 1 9.03783
0 0 0 0 1 9.0384
0 0 0 0 1 9.12944
0 0 0 0 0 8.99038
0 0 0 0 1 9.08129
0 0 0 0 1 8.93417
0 0 0 0 1 8.8816
0 0 0 0 1 9.01716
0 0 0 0 1 8.86658
0 0 0 0 1 8.88192
0 0 0 0 1 8.88358
0 0 0 0 1 8.94745
0 0 0 0 1 8.79854
0 0 0 0 0 8.81831
0 0 0 0 1 8.77245
0 0 0 0 1 8.84526
0 0 0 0 0 8.83877
0 0 0 0 1 8.76217
0 0 0 0 0 8.82618
0 0 0 0 1 8.79382
0 0 0 0 1 8.64453
0 0 0 0 1 8.75232
0 0 0 0 1 8.74673
0 0 0 0 1 8.63701
0 0 0 0 1 8.73596
0 0 0 0 1 8.73943
0 0 0 0 0 8.66519
0 0 0 0 0 8.55676
0 0 0 0 0 8.64707
0 0 0 0 1 8.65115
0 0 0 0 0 8.58659
0 0 0 0 1 8.54809
0 0 0 0 1 8.50984
0 0 0 0 0 8.63442
0 0 0 0 1 8.60497
0 0 0 0 1 8.45925
0 0 0 0 1 8.60083
0 0 0 0 0 8.63558
0 0 0 0 0 8.71734
0 0 0 0 1 8.89509
0 0 0 0 1 8.97672
0 0 0 0 0 9.08418
0 0 0 0 0 9.29297
0 0 0 0 1 9.43828
0 0 0 0 1 9.5744
0 0 0 0 1 9.71009
0 0 0 0 0 9.86502
0 0 0 0 1 9.98979
0 0 0 0 0 10.2656
0 0 0 0 1 10.4208
0 0 0 0 1 10.5423
0 0 0 0 0 10.716
0 0 0 0 1 11.0074
0 0 0 0 1 11.0794
0 0 0 0 1 11.463
0 0 0 0 1 11.5388
0 0 0 0 0 11.9023
0 0 0 0 1 12.0422
0 0 0 0 1 12.3579
0 0 0 0 0 12.4725
0 0 0 0 0 12.7319
0 0 0 0 0 22.5918
0 0 0 0 1 22.8229
0 0 0 0 1 22.6664
0 0 0 0 1 22.5804
0 0 0 0 1 22.5629
0 0 0 0 1 22.4779
0 0 0 0 1 22.6649
0 0 0 0 0 22.4
0 0 0 0 1 22.5424
0 0 0 0 1 22.4593
0 0 0 0 1 22.6699
0 0 0 0 1 22.7455
0 0 0 0 1 22.6651
0 0 0 0 1 22.4711
0 0 0 0 1 22.7279
0 0 0 0 1 22.3776
0 0 0 0 0 22.6574
0 0 0 0 1 22.2859
0 0 0 0 1 23.3852
0 0 0 0 0 24.1479
0 0 0 0 0 25.2688
0 0 0 0 1 26.2385
0 0 0 0 1 36.6725
0 0 0 0 1 36.2206
0 0 0 0 1 36.4247
0 0 0 0 1 36.302
0 0 0 0 1 36.5745
0 0 0 0 1 38.4107
0 0 0 0 0 51.7022
0 0 0 0 1 51.6348
0 0 0 0 1 52.2974
0 0 0 0 1 52.0757
0 0 0 0 1 52.2712
0 0 0 0 1 56.6671
0 0 0 0 1 65.9207
0 0 0 0 1 69.5246
0 0 0 0 1 81.6464
0 0 0 0 0 4.97493
0 0 0 0 0 5.03505
0 0 0 0 0 5.03004
0 0 0 0 0 5.04006
0 0 0 0 0 5.01501
0 0 0 0 0 4.99497
0 0 0 0 0 5.02503
0 0 0 0 0 5.04507
0 0 0 0 0 5.05509
0 0 0 0 0 5.03505
0 0 0 0 0 5.04006
0 0 0 0 0 5.02002
0 0 0 0 1 87.2405
0 0 0 0 1 88.0379
0 0 0 0 1 75.2952
0 0 0 0 1 63.5198
0 0 0 0 1 61.1317
0 0 0 0 1 60.356
0 0 0 0 1 60.8522
0 0 0 0 1 52.0864
0 0 0 0 1 48.2751
0 0 0 0 1 47.7595
0 0 0 0 1 39.5491
0 0 0 0 1 36.5252
0 0 0 0 1 36.0245
0 0 0 0 1 35.9655
0 0 0 0 1 35.3709
0 0 0 0 1 35.3486
0 0 0 0 1 27.8252
0 0 0 0 1 26.8571
0 0 0 0 1 25.4084
0 0 0 0 1 24.5653
0 0 0 0 1 24.4539
0 0 0 0 1 24.4414
0 0 0 0 1 24.7979
0 0 0 0 1 24.4658
0 0 0 0 0 24.4547
0 0 0 0 1 24.8637
0 0 0 0 0 24.829
0 0 0 0 1 24.5722
0 0 0 0 1 24.611
0 0 0 0 1 18.1817
0 0 0 0 1 17.615
0 0 0 0 1 17.2261
0 0 0 0 1 16.6943
0 0 0 0 1 16.1795
0 0 0 0 1 15.7683
0 0 0 0 1 15.3461
0 0 0 0 1 14.9851
0 0 0 0 1 14.8605
0 0 0 0 1 14.2788
0 0 0 0 1 14.0285
0 0 0 0 1 13.9981
0 0 0 0 1 13.8571
0 0 0 0 1 14.0361
0 0 0 0 1 14.0207
0 0 0 0 1 14.0194
0 0 0 0 1 14.0066
0 0 0 0 1 13.9918
0 0 0 0 1 14.0891
0 0 0 0 1 13.9209
0 0 0 0 1 13.965
0 0 0 0 0 14.0492
0 0 0 0 1 14.0075
0 0 0 0 1 13.9097
0 0 0 0 1 14.0253
0 0 0 0 1 14.2235
0 0 0 0 1 14.1403
0 0 0 0 0 14.0033
0 0 0 0 1 14.2593
0 0 0 0 0 14.12
0 0 0 0 1 14.139
0 0 0 0 1 14.2266
0 0 0 0 1 14.0901
0 0 0 0 1 14.0929
0 0 0 0 1 14.1699
0 0 0 0 0 14.1875
0 0 0 0 1 14.1797
0 0 0 0 0 14.1834
0 0 0 0 1 14.2333
0 0 0 0 0 14.4813
0 0 0 0 1 8.8877
0 0 0 0 1 8.76448
0 0 0 0 1 8.51267
0 0 0 0 1 8.45225
0 0 0 0 1 8.46647
0 0 0 0 1 8.30391
0 0 0 0 0 8.26703
0 0 0 0 0 8.04146
0 0 0 0 1 7.96427
0 0 0 0 1 7.92637
0 0 0 0 1 7.86548
0 0 0 0 1 7.65576
0 0 0 0 1 7.63383
0 0 0 0 1 7.52757
0 0 0 0 1 7.46681
0 0 0 0 0 7.39277
0 0 0 0 1 7.2584
0 0 0 0 1 7.27207
0 0 0 0 1 7.09769
0 0 0 0 1 7.06032
0 0 0 0 0 7.07152
0 0 0 0 1 6.98606
0 0 0 0 1 6.84375
0 0 0 0 1 6.84164
0 0 0 0 1 6.72362
0 0 0 0 1 6.66029
0 0 0 0 0 6.63687
0 0 0 0 1 6.62596
0 0 0 0 1 6.47109
0 0 0 0 1 6.40436
0 0 0 0 1 6.36097
0 0 0 0 0 6.35164
0 0 0 0 1 6.3354
0 0 0 0 1 6.25014
0 0 0 0 0 6.23343
0 0 0 0 1 6.05712
0 0 0 0 0 6.04075
0 0 0 0 1 6.00866
0 0 0 0 1 5.96169
0 0 0 0 1 5.88208
0 0 0 0 0 5.859
0 0 0 0 0 5.80354
0 0 0 0 1 5.731
0 0 0 0 0 5.73361
0 0 0 0 1 5.70979
0 0 0 0 0 5.60408
0 0 0 0 1 5.62262
0 0 0 0 1 5.55449
0 0 0 0 1 5.48933
0 0 0 0 0 5.5123
0 0 0 0 1 5.40389
0 0 0 0 1 5.42927
0 0 0 0 1 5.38956
0 0 0 0 1 5.33082
0 0 0 0 1 5.24918
0 0 0 0 1 5.2334
0 0 0 0 1 5.2623
0 0 0 0 1 5.22311
0 0 0 0 1 5.13775
0 0 0 0 1 5.13499
0 0 0 0 1 5.06262
0 0 0 0 1 5.05457
0 0 0 0 1 4.99448
0 0 0 0 1 4.93657
0 0 0 0 0 4.94343
0 0 0 0 0 4.87121
0 0 0 0 0 4.86309
0 0 0 0 1 4.81435
0 0 0 0 0 4.84957
0 0 0 0 1 4.77166
0 0 0 0 1 4.846
0 0 0 0 1 4.87826
0 0 0 0 1 4.81836
0 0 0 0 1 4.91303
0 0 0 0 1 4.8969
0 0 0 0 1 4.94446
0 0 0 0 1 4.91351
0 0 0 0 1 4.97014
0 0 0 0 1 5.00352
0 0 0 0 1 5.0222
0 0 0 0 1 4.94489
0 0 0 0 0 4.96342
0 0 0 0 1 5.00719
0 0 0 0 1 5.06135
0 0 0 0 1 5.05509
0 0 0 0 1 5.07418
0 0 0 0 1 5.05764
0 0 0 0 1 5.15877
0 0 0 0 0 5.15126
0 0 0 0 1 5.11411
0 0 0 0 1 5.14908
0 0 0 0 0 5.16349
0 0 0 0 1 5.23532
0 0 0 0 1 5.2553
0 0 0 0 1 5.21232
0 0 0 0 1 5.28499
0 0 0 0 1 5.29077
0 0 0 0 1 5.27378
0 0 0 0 1 5.39549
0 0 0 0 0 5.33574
0 0 0 0 1 5.43696
0 0 0 0 1 5.36742
0 0 0 0 1 5.48037
0 0 0 0 0 5.41418
0 0 0 0 0 5.50614
0 0 0 0 0 5.51787
0 0 0 0 1 5.50042
0 0 0 0 1 5.52307
0 0 0 0 1 5.56659
0 0 0 0 1 5.59513
0 0 0 0 1 5.65036
0 0 0 0 1 5.63411
0 0 0 0 0 5.68978
0 0 0 0 1 5.75882
0 0 0 0 1 5.70078
0 0 0 0 0 5.72419
0 0 0 0 1 5.8344
0 0 0 0 1 5.84095
0 0 0 0 1 5.86329
0 0 0 0 0 5.8111
0 0 0 0 1 5.86427
0 0 0 0 1 5.98297
0 0 0 0 0 6.00742
0 0 0 0 1 6.01398
0 0 0 0 1 5.98433
0 0 0 0 0 6.00254
0 0 0 0 1 6.01466
0 0 0 0 1 6.09387
0 0 0 0 1 6.17368
0 0 0 0 0 6.22488
0 0 0 0 0 9.59519
0 0 0 0 1 9.396
0 0 0 0 0 9.38394
0 0 0 0 1 9.38133
0 0 0 0 0 9.32563
0 0 0 0 0 9.44472
0 0 0 0 0 9.26473
0 0 0 0 1 9.30562
0 0 0 0 1 9.17671
0 0 0 0 1 9.27616
0 0 0 0 1 9.14494
0 0 0 0 1 9.20712
0 0 0 0 1 9.20491
0 0 0 0 0 9.12981
0 0 0 0 1 9.01885
0 0 0 0 1 8.97197
0 0 0 0 1 9.11491
0 0 0 0 1 8.99276
0 0 0 0 0 8.93741
0 0 0 0 1 8.87012
0 0 0 0 1 8.85118
0 0 0 0 0 8.93911
0 0 0 0 0 8.84031
0 0 0 0 1 8.87474
0 0 0 0 1 8.85276
0 0 0 0 1 8.78153
0 0 0 0 1 8.82469
0 0 0 0 1 8.79974
0 0 0 0 1 8.6334
0 0 0 0 1 8.66464
0 0 0 0 1 8.60377
0 0 0 0 1 8.59172
0 0 0 0 0 8.54013
0 0 0 0 1 8.66606
0 0 0 0 1 8.58889
0 0 0 0 1 8.64565
0 0 0 0 1 8.50079
0 0 0 0 0 8.53202
0 0 0 0 1 8.4782
0 0 0 0 0 8.51791
0 0 0 0 1 8.52366
0 0 0 0 1 8.4957
0 0 0 0 1 8.37058
0 0 0 0 1 8.47753
0 0 0 0 1 8.41658
0 0 0 0 1 8.30583
0 0 0 0 1 8.32903
0 0 0 0 1 8.35591
0 0 0 0 0 8.31268
0 0 0 0 0 8.31109
0 0 0 0 0 8.23145
0 0 0 0 1 8.23018
0 0 0 0 1 8.19609
0 0 0 0 1 8.24433
0 0 0 0 1 8.17774
0 0 0 0 1 8.25052
0 0 0 0 1 8.14356
0 0 0 0 1 8.07786
0 0 0 0 1 8.07753
0 0 0 0 1 8.15028
0 0 0 0 1 8.02859
0 0 0 0 1 8.12557
0 0 0 0 1 8.02074
0 0 0 0 1 8.08936
0 0 0 0 1 8.05744
0 0 0 0 1 8.0899
0 0 0 0 0 7.9703
0 0 0 0 1 7.9551
0 0 0 0 1 8.03953
0 0 0 0 1 7.96872
0 0 0 0 1 8.01749
0 0 0 0 0 7.87584
0 0 0 0 0 7.95651
0 0 0 0 0 7.98527
0 0 0 0 1 7.97101
0 0 0 0 0 7.79935
0 0 0 0 1 7.92286
0 0 0 0 1 7.81826
0 0 0 0 1 7.80482
0 0 0 0 1 7.80723
0 0 0 0 1 7.89576
0 0 0 0 0 7.81566
0 0 0 0 1 7.74047
0 0 0 0 0 7.82131
0 0 0 0 1 7.7264
0 0 0 0 0 7.81506
0 0 0 0 1 7.77488
