0 0 0 0 1 5.60282
0 0 0 0 1 5.52311
0 0 0 0 1 5.56013
0 0 0 0 1 5.5608
0 0 0 0 0 5.53679
0 0 0 0 1 5.63581
0 0 0 0 1 5.56636
0 0 0 0 1 5.6602
0 0 0 0 0 5.57152
0 0 0 0 1 5.58714
0 0 0 0 1 5.6536
0 0 0 0 1 5.60758
0 0 0 0 1 5.63146
0 0 0 0 0 5.70426
0 0 0 0 1 5.65838
0 0 0 0 1 5.6883
0 0 0 0 1 5.71065
0 0 0 0 1 5.68189
0 0 0 0 1 5.7559
0 0 0 0 0 5.67971
0 0 0 0 1 5.78265
0 0 0 0 1 5.68531
0 0 0 0 0 5.74287
0 0 0 0 1 5.74314
0 0 0 0 1 5.78568
0 0 0 0 1 5.75728
0 0 0 0 1 5.80993
0 0 0 0 0 5.79904
0 0 0 0 1 5.82308
0 0 0 0 1 5.80648
0 0 0 0 0 5.86584
0 0 0 0 1 5.86269
0 0 0 0 1 5.85371
0 0 0 0 1 5.84317
0 0 0 0 1 5.90916
0 0 0 0 1 5.85754
0 0 0 0 1 5.90034
0 0 0 0 1 5.88414
0 0 0 0 1 5.99859
0 0 0 0 1 5.91718
0 0 0 0 1 6.00252
0 0 0 0 1 5.92683
0 0 0 0 0 6.02595
0 0 0 0 0 6.05217
0 0 0 0 1 5.97024
0 0 0 0 1 6.01465
0 0 0 0 1 5.99156
0 0 0 0 1 6.04851
0 0 0 0 1 6.0997
0 0 0 0 1 6.07802
0 0 0 0 0 6.13572
0 0 0 0 0 6.18149
0 0 0 0 1 6.11589
0 0 0 0 1 6.11374
0 0 0 0 1 6.2031
0 0 0 0 1 6.14443
0 0 0 0 1 6.22818
0 0 0 0 0 6.28659
0 0 0 0 1 6.18405
0 0 0 0 0 6.20612
0 0 0 0 1 6.30273
0 0 0 0 1 6.30012
0 0 0 0 1 6.33537
0 0 0 0 0 6.34551
0 0 0 0 1 6.31766
0 0 0 0 1 6.35246
0 0 0 0 1 6.42022
0 0 0 0 1 6.44282
0 0 0 0 0 6.43419
0 0 0 0 1 6.41189
0 0 0 0 1 6.50005
0 0 0 0 1 6.52324
0 0 0 0 1 6.50823
0 0 0 0 1 6.58441
0 0 0 0 1 6.47143
0 0 0 0 0 6.61942
0 0 0 0 1 6.57094
0 0 0 0 1 6.66803
0 0 0 0 1 6.59952
0 0 0 0 1 6.58369
0 0 0 0 1 6.7279
0 0 0 0 1 6.65268
0 0 0 0 0 6.66428
0 0 0 0 0 6.67532
0 0 0 0 1 6.82163
0 0 0 0 1 6.84684
0 0 0 0 1 6.80408
0 0 0 0 1 6.87033
0 0 0 0 1 6.89587
0 0 0 0 1 6.88022
0 0 0 0 1 6.85057
0 0 0 0 1 6.946
0 0 0 0 0 6.99284
0 0 0 0 0 7.03299
0 0 0 0 1 6.98224
0 0 0 0 1 7.02252
0 0 0 0 1 7.11916
0 0 0 0 0 7.16723
0 0 0 0 0 7.14436
0 0 0 0 1 7.17129
0 0 0 0 1 7.18399
0 0 0 0 0 7.23272
0 0 0 0 0 7.31031
0 0 0 0 1 7.19991
0 0 0 0 1 7.30696
0 0 0 0 1 7.26133
0 0 0 0 0 7.31043
0 0 0 0 1 7.36809
0 0 0 0 0 7.35848
0 0 0 0 1 7.41569
0 0 0 0 1 7.40638
0 0 0 0 1 7.48656
0 0 0 0 1 7.62775
0 0 0 0 1 7.6487
0 0 0 0 1 7.54817
0 0 0 0 1 7.57625
0 0 0 0 1 7.6813
0 0 0 0 1 7.7408
0 0 0 0 1 7.69201
0 0 0 0 1 7.72054
0 0 0 0 1 7.78882
0 0 0 0 1 7.88849
0 0 0 0 1 7.86194
0 0 0 0 1 8.0261
0 0 0 0 1 8.01548
0 0 0 0 1 8.02102
0 0 0 0 1 8.0748
0 0 0 0 1 8.05592
0 0 0 0 1 8.12565
0 0 0 0 0 8.13088
0 0 0 0 0 8.15998
0 0 0 0 1 8.25532
0 0 0 0 1 8.33532
0 0 0 0 1 8.31489
0 0 0 0 1 8.40323
0 0 0 0 1 8.41608
0 0 0 0 1 8.5393
0 0 0 0 1 8.51813
0 0 0 0 1 8.66042
0 0 0 0 1 8.6736
0 0 0 0 1 8.74665
0 0 0 0 1 8.80337
0 0 0 0 0 8.72763
0 0 0 0 1 8.92639
0 0 0 0 0 8.8764
0 0 0 0 1 8.94161
0 0 0 0 1 9.07918
0 0 0 0 1 9.12731
0 0 0 0 1 9.06709
0 0 0 0 1 9.20642
0 0 0 0 1 9.18087
0 0 0 0 1 9.26588
0 0 0 0 1 9.24982
0 0 0 0 1 9.42804
0 0 0 0 1 9.40104
0 0 0 0 1 9.43849
0 0 0 0 1 9.57165
0 0 0 0 0 9.63965
0 0 0 0 1 9.63858
0 0 0 0 1 9.70524
0 0 0 0 1 9.78194
0 0 0 0 1 9.86047
0 0 0 0 1 9.9463
0 0 0 0 1 10.1547
0 0 0 0 0 10.07
0 0 0 0 1 10.1685
0 0 0 0 1 10.3687
0 0 0 0 1 10.4156
0 0 0 0 1 10.3389
0 0 0 0 1 10.521
0 0 0 0 0 10.6095
0 0 0 0 1 10.7285
0 0 0 0 0 10.8287
0 0 0 0 1 10.7649
0 0 0 0 0 9.34312
0 0 0 0 1 9.20751
0 0 0 0 0 9.22556
0 0 0 0 1 9.32201
0 0 0 0 1 9.21079
0 0 0 0 1 9.21502
0 0 0 0 1 9.26069
0 0 0 0 0 9.09101
0 0 0 0 1 9.10031
0 0 0 0 1 9.16894
0 0 0 0 1 9.06904
0 0 0 0 1 9.09227
0 0 0 0 1 9.06557
0 0 0 0 1 9.07521
0 0 0 0 0 9.08957
0 0 0 0 1 9.03629
0 0 0 0 1 9.0509
0 0 0 0 0 9.01603
0 0 0 0 1 8.97243
0 0 0 0 1 8.92015
0 0 0 0 1 8.93537
0 0 0 0 0 8.84801
0 0 0 0 1 8.95633
0 0 0 0 1 8.83398
0 0 0 0 1 8.88022
0 0 0 0 1 8.81658
0 0 0 0 0 8.78359
0 0 0 0 1 8.84757
0 0 0 0 1 8.84997
0 0 0 0 0 8.79112
0 0 0 0 1 8.83757
0 0 0 0 0 8.67946
0 0 0 0 1 8.65643
0 0 0 0 1 8.76414
0 0 0 0 0 8.63701
0 0 0 0 1 8.72728
0 0 0 0 1 8.74809
0 0 0 0 1 8.72572
0 0 0 0 1 8.55676
0 0 0 0 0 8.5781
0 0 0 0 1 8.56507
0 0 0 0 0 8.66395
0 0 0 0 1 8.65967
0 0 0 0 0 8.65553
0 0 0 0 1 8.54029
0 0 0 0 1 8.59642
0 0 0 0 1 8.519
0 0 0 0 1 8.50706
0 0 0 0 1 8.58413
0 0 0 0 1 8.70864
0 0 0 0 1 8.85979
0 0 0 0 1 8.92296
0 0 0 0 1 9.02962
0 0 0 0 1 9.32992
0 0 0 0 1 9.45704
0 0 0 0 1 9.47903
0 0 0 0 1 9.73913
0 0 0 0 1 9.75672
0 0 0 0 1 9.95976
0 0 0 0 1 10.1129
0 0 0 0 1 10.3691
0 0 0 0 1 10.4473
0 0 0 0 1 10.6838
0 0 0 0 1 11.0074
0 0 0 0 1 11.0683
0 0 0 0 1 11.2812
0 0 0 0 0 11.6779
0 0 0 0 1 11.855
0 0 0 0 1 12.1627
0 0 0 0 0 12.3825
0 0 0 0 1 12.6988
0 0 0 0 1 12.7833
0 0 0 0 1 22.8646
0 0 0 0 1 22.5277
0 0 0 0 1 22.5302
0 0 0 0 1 22.5124
0 0 0 0 1 22.7668
0 0 0 0 1 22.41
0 0 0 0 0 22.4613
0 0 0 0 1 22.513
0 0 0 0 1 22.6553
0 0 0 0 1 22.5496
0 0 0 0 0 22.7602
0 0 0 0 1 22.4073
0 0 0 0 1 22.4623
0 0 0 0 0 22.3811
0 0 0 0 1 22.4354
0 0 0 0 0 22.6475
0 0 0 0 1 22.7024
0 0 0 0 1 22.3758
0 0 0 0 1 22.9908
0 0 0 0 0 23.9549
0 0 0 0 1 25.2688
0 0 0 0 1 26.1598
0 0 0 0 1 36.1263
0 0 0 0 1 36.5846
0 0 0 0 0 36.6067
0 0 0 0 1 36.7385
0 0 0 0 0 36.3562
0 0 0 0 1 38.8345
0 0 0 0 1 52.4312
0 0 0 0 1 51.5827
0 0 0 0 1 52.4536
0 0 0 0 1 52.2318
0 0 0 0 0 51.4911
0 0 0 0 1 56.1032
0 0 0 0 1 65.9207
0 0 0 0 1 70.1516
0 0 0 0 1 82.6281
0 0 0 0 0 4.9599
0 0 0 0 0 5.02503
0 0 0 0 0 4.97493
0 0 0 0 0 5.00499
0 0 0 0 0 4.96491
0 0 0 0 0 5.03505
0 0 0 0 0 4.98495
0 0 0 0 0 5.01501
0 0 0 0 0 4.98495
0 0 0 0 0 4.97994
0 0 0 0 0 4.97493
0 0 0 0 0 4.99497
0 0 0 0 1 87.5032
0 0 0 0 1 86.7239
0 0 0 0 0 74.4686
0 0 0 0 1 63.4559
0 0 0 0 1 60.1027
0 0 0 0 0 60.7192
0 0 0 0 1 60.9733
0 0 0 0 1 51.777
0 0 0 0 1 48.467
0 0 0 0 1 47.9035
0 0 0 0 1 38.9993
0 0 0 0 1 37.0407
0 0 0 0 1 35.7035
0 0 0 0 1 36.0012
0 0 0 0 1 35.9063
0 0 0 0 1 35.7771
0 0 0 0 1 27.9094
0 0 0 0 1 27.0715
0 0 0 0 1 25.434
0 0 0 0 1 24.8607
0 0 0 0 1 24.4539
0 0 0 0 1 24.7124
0 0 0 0 0 24.6993
0 0 0 0 1 24.8604
0 0 0 0 1 24.7508
0 0 0 0 1 24.5921
0 0 0 0 1 24.9031
0 0 0 0 1 24.6464
0 0 0 0 1 24.7594
0 0 0 0 1 18.3091
0 0 0 0 1 17.8273
0 0 0 0 1 17.3465
0 0 0 0 1 16.8615
0 0 0 0 1 16.1958
0 0 0 0 0 15.7683
0 0 0 0 1 15.6248
0 0 0 0 1 15.0607
0 0 0 0 1 14.7277
0 0 0 0 1 14.351
0 0 0 0 1 14.0708
0 0 0 0 1 13.9842
0 0 0 0 1 14.0378
0 0 0 0 1 13.8831
0 0 0 0 1 14.0625
0 0 0 0 1 14.0334
0 0 0 0 1 13.9648
0 0 0 0 1 13.9779
0 0 0 0 1 13.8794
0 0 0 0 1 13.851
0 0 0 0 1 14.0351
0 0 0 0 1 13.895
0 0 0 0 0 14.1057
0 0 0 0 1 14.1204
0 0 0 0 1 13.9268
0 0 0 0 1 13.97
0 0 0 0 1 14.0698
0 0 0 0 1 14.0174
0 0 0 0 1 14.1463
0 0 0 0 1 14.0634
0 0 0 0 0 14.2382
0 0 0 0 1 14.3258
0 0 0 0 1 14.2605
0 0 0 0 1 14.0929
0 0 0 0 1 14.3693
0 0 0 0 1 14.1305
0 0 0 0 1 14.3082
0 0 0 0 1 14.1548
0 0 0 0 1 14.2047
0 0 0 0 0 14.4096
0 0 0 0 1 8.90536
0 0 0 0 1 8.62508
0 0 0 0 1 8.65885
0 0 0 0 1 8.43526
0 0 0 0 0 8.33222
0 0 0 0 0 8.25419
0 0 0 0 0 8.24245
0 0 0 0 1 8.09809
0 0 0 0 1 7.95627
0 0 0 0 1 7.87105
0 0 0 0 1 7.7482
0 0 0 0 0 7.79481
0 0 0 0 0 7.7026
0 0 0 0 1 7.48978
0 0 0 0 1 7.40701
0 0 0 0 1 7.43717
0 0 0 0 1 7.2584
0 0 0 0 1 7.30104
0 0 0 0 1 7.18372
0 0 0 0 1 7.13838
0 0 0 0 1 7.03641
0 0 0 0 0 6.88864
0 0 0 0 0 6.92637
0 0 0 0 1 6.84164
0 0 0 0 1 6.72362
0 0 0 0 1 6.63351
0 0 0 0 1 6.63687
0 0 0 0 1 6.50775
0 0 0 0 1 6.56864
0 0 0 0 1 6.46885
0 0 0 0 1 6.36736
0 0 0 0 1 6.38964
0 0 0 0 0 6.26633
0 0 0 0 1 6.26882
0 0 0 0 1 6.20874
0 0 0 0 1 6.12442
0 0 0 0 0 6.11353
0 0 0 0 1 6.01469
0 0 0 0 1 5.98556
0 0 0 0 1 5.86431
0 0 0 0 0 5.84139
0 0 0 0 0 5.82102
0 0 0 0 1 5.80039
0 0 0 0 1 5.72787
0 0 0 0 1 5.72686
0 0 0 0 0 5.60972
0 0 0 0 1 5.64502
0 0 0 0 1 5.59345
0 0 0 0 0 5.5556
0 0 0 0 1 5.45203
0 0 0 0 1 5.38758
0 0 0 0 1 5.35904
0 0 0 0 1 5.34662
0 0 0 0 1 5.31484
0 0 0 0 1 5.27035
0 0 0 0 1 5.21766
0 0 0 0 1 5.24665
0 0 0 0 1 5.21793
0 0 0 0 1 5.11716
0 0 0 0 0 5.15544
0 0 0 0 1 5.08798
0 0 0 0 1 5.02434
0 0 0 0 1 5.06468
0 0 0 0 1 5.00133
0 0 0 0 1 4.93848
0 0 0 0 1 4.92036
0 0 0 0 1 4.86797
0 0 0 0 1 4.8435
0 0 0 0 1 4.84957
0 0 0 0 1 4.8487
0 0 0 0 1 4.83635
0 0 0 0 1 4.86372
0 0 0 0 1 4.84267
0 0 0 0 1 4.90328
0 0 0 0 0 4.88711
0 0 0 0 1 4.93955
0 0 0 0 1 4.96279
0 0 0 0 0 4.9652
0 0 0 0 1 5.00848
0 0 0 0 1 4.97242
0 0 0 0 1 5.00976
0 0 0 0 1 4.96842
0 0 0 0 1 5.07757
0 0 0 0 0 5.07648
0 0 0 0 1 5.11081
0 0 0 0 1 5.07418
0 0 0 0 1 5.07806
0 0 0 0 1 5.08193
0 0 0 0 1 5.15126
0 0 0 0 1 5.17598
0 0 0 0 1 5.13356
0 0 0 0 1 5.21024
0 0 0 0 1 5.25618
0 0 0 0 1 5.20819
0 0 0 0 1 5.30164
0 0 0 0 1 5.26389
0 0 0 0 1 5.26956
0 0 0 0 1 5.33764
0 0 0 0 1 5.29933
0 0 0 0 0 5.39473
0 0 0 0 0 5.40466
0 0 0 0 1 5.43776
0 0 0 0 1 5.42605
0 0 0 0 1 5.41418
0 0 0 0 1 5.51161
0 0 0 0 0 5.47386
0 0 0 0 1 5.50042
0 0 0 0 1 5.53973
0 0 0 0 1 5.58888
0 0 0 0 1 5.55593
0 0 0 0 0 5.66723
0 0 0 0 1 5.60585
0 0 0 0 1 5.62738
0 0 0 0 1 5.6733
0 0 0 0 1 5.77519
0 0 0 0 1 5.78172
0 0 0 0 1 5.7361
0 0 0 0 1 5.84676
0 0 0 0 1 5.81662
0 0 0 0 1 5.89906
0 0 0 0 1 5.85838
0 0 0 0 1 5.94743
0 0 0 0 1 5.9717
0 0 0 0 1 6.0439
0 0 0 0 1 6.02643
0 0 0 0 1 5.99045
0 0 0 0 1 6.09364
0 0 0 0 1 6.04502
0 0 0 0 1 6.12458
0 0 0 0 1 6.22488
0 0 0 0 1 9.57615
0 0 0 0 1 9.396
0 0 0 0 1 9.42174
0 0 0 0 1 9.50378
0 0 0 0 1 9.39131
0 0 0 0 1 9.37926
0 0 0 0 0 9.34861
0 0 0 0 0 9.31492
0 0 0 0 1 9.17671
0 0 0 0 1 9.27616
0 0 0 0 0 9.19094
0 0 0 0 0 9.18878
0 0 0 0 1 9.15007
0 0 0 0 0 9.1207
0 0 0 0 1 9.10968
0 0 0 0 1 9.07156
0 0 0 0 0 8.99759
0 0 0 0 1 9.04677
0 0 0 0 1 9.02714
0 0 0 0 1 8.89697
0 0 0 0 1 8.91364
0 0 0 0 1 8.9569
0 0 0 0 0 8.78711
0 0 0 0 1 8.75982
0 0 0 0 1 8.72932
0 0 0 0 0 8.81669
0 0 0 0 1 8.77211
0 0 0 0 1 8.72976
0 0 0 0 1 8.74677
0 0 0 0 1 8.61244
0 0 0 0 1 8.62112
0 0 0 0 0 8.59172
0 0 0 0 0 8.54875
0 0 0 0 1 8.53698
0 0 0 0 1 8.56315
0 0 0 0 1 8.54293
0 0 0 0 0 8.52639
0 0 0 0 1 8.53202
0 0 0 0 1 8.56315
0 0 0 0 1 8.40773
0 0 0 0 1 8.40528
0 0 0 0 1 8.4029
0 0 0 0 1 8.47994
0 0 0 0 1 8.36842
0 0 0 0 0 8.31608
0 0 0 0 0 8.42281
0 0 0 0 1 8.42074
0 0 0 0 0 8.27277
0 0 0 0 1 8.30438
0 0 0 0 0 8.29454
0 0 0 0 1 8.23971
0 0 0 0 1 8.18895
0 0 0 0 1 8.29484
0 0 0 0 0 8.26897
0 0 0 0 1 8.16135
0 0 0 0 0 8.24234
0 0 0 0 0 8.15172
0 0 0 0 1 8.06972
0 0 0 0 1 8.04502
0 0 0 0 0 8.17461
0 0 0 0 1 8.05287
0 0 0 0 0 8.01249
0 0 0 0 1 8.07717
0 0 0 0 1 8.09741
0 0 0 0 1 8.05744
0 0 0 0 1 7.93757
0 0 0 0 0 7.98631
0 0 0 0 1 7.97906
0 0 0 0 1 8.05548
0 0 0 0 1 8.01649
0 0 0 0 1 8.02543
0 0 0 0 1 7.97895
0 0 0 0 1 7.83776
0 0 0 0 1 7.97737
0 0 0 0 1 7.84473
0 0 0 0 1 7.94116
0 0 0 0 1 7.915
0 0 0 0 1 7.89683
0 0 0 0 1 7.89895
0 0 0 0 1 7.90903
0 0 0 0 1 7.77068
0 0 0 0 1 7.74539
0 0 0 0 1 7.82621
0 0 0 0 1 7.76683
0 0 0 0 0 7.83523
0 0 0 0 1 7.68313
0 0 0 0 1 7.77488
