0 0 0 0 1 5.50296
0 0 0 0 1 5.51755
0 0 0 0 1 5.52674
0 0 0 0 1 5.59424
0 0 0 0 0 5.63726
0 0 0 0 1 5.56313
0 0 0 0 0 5.57754
0 0 0 0 1 5.61537
0 0 0 0 1 5.63324
0 0 0 0 1 5.67707
0 0 0 0 1 5.58603
0 0 0 0 1 5.65271
0 0 0 0 1 5.70489
0 0 0 0 1 5.71558
0 0 0 0 1 5.63003
0 0 0 0 1 5.64856
0 0 0 0 1 5.65946
0 0 0 0 1 5.68759
0 0 0 0 1 5.75019
0 0 0 0 1 5.70256
0 0 0 0 1 5.73685
0 0 0 0 1 5.69678
0 0 0 0 1 5.8061
0 0 0 0 1 5.70858
0 0 0 0 1 5.81452
0 0 0 0 1 5.8093
0 0 0 0 1 5.8331
0 0 0 0 1 5.77001
0 0 0 0 1 5.81144
0 0 0 0 1 5.84146
0 0 0 0 1 5.85416
0 0 0 0 1 5.9095
0 0 0 0 1 5.87128
0 0 0 0 0 5.92538
0 0 0 0 1 5.85619
0 0 0 0 1 5.95192
0 0 0 0 1 5.95946
0 0 0 0 1 5.90192
0 0 0 0 1 5.99265
0 0 0 0 1 5.90528
0 0 0 0 1 5.97865
0 0 0 0 1 5.94477
0 0 0 0 1 6.01996
0 0 0 0 1 6.06418
0 0 0 0 1 6.07255
0 0 0 0 1 6.01465
0 0 0 0 1 6.08839
0 0 0 0 1 6.04245
0 0 0 0 1 6.13011
0 0 0 0 1 6.07193
0 0 0 0 1 6.13572
0 0 0 0 1 6.12023
0 0 0 0 0 6.15892
0 0 0 0 1 6.11374
0 0 0 0 1 6.1352
0 0 0 0 1 6.16299
0 0 0 0 1 6.2654
0 0 0 0 1 6.1621
0 0 0 0 1 6.29637
0 0 0 0 1 6.19361
0 0 0 0 0 6.25251
0 0 0 0 0 6.28123
0 0 0 0 1 6.3543
0 0 0 0 1 6.27592
0 0 0 0 0 6.39378
0 0 0 0 1 6.33337
0 0 0 0 1 6.35002
0 0 0 0 1 6.4172
0 0 0 0 0 6.44061
0 0 0 0 1 6.46988
0 0 0 0 1 6.42252
0 0 0 0 1 6.4973
0 0 0 0 1 6.45622
0 0 0 0 1 6.55833
0 0 0 0 1 6.52372
0 0 0 0 1 6.55381
0 0 0 0 1 6.52485
0 0 0 0 0 6.60862
0 0 0 0 1 6.61277
0 0 0 0 1 6.69674
0 0 0 0 1 6.64113
0 0 0 0 1 6.6326
0 0 0 0 1 6.65757
0 0 0 0 1 6.80331
0 0 0 0 1 6.7067
0 0 0 0 1 6.84684
0 0 0 0 1 6.85856
0 0 0 0 1 6.87033
0 0 0 0 1 6.81353
0 0 0 0 0 6.9422
0 0 0 0 0 6.92661
0 0 0 0 1 6.87668
0 0 0 0 1 6.99284
0 0 0 0 1 6.96315
0 0 0 0 1 7.07338
0 0 0 0 1 7.10696
0 0 0 0 1 7.04846
0 0 0 0 1 7.06788
0 0 0 0 1 7.10162
0 0 0 0 1 7.19274
0 0 0 0 1 7.13375
0 0 0 0 1 7.21111
0 0 0 0 1 7.21622
0 0 0 0 1 7.19264
0 0 0 0 0 7.24126
0 0 0 0 1 7.3859
0 0 0 0 1 7.37669
0 0 0 0 1 7.44192
0 0 0 0 1 7.47717
0 0 0 0 1 7.46041
0 0 0 0 1 7.42134
0 0 0 0 1 7.49408
0 0 0 0 1 7.59754
0 0 0 0 1 7.54247
0 0 0 0 1 7.63196
0 0 0 0 1 7.5839
0 0 0 0 1 7.76588
0 0 0 0 1 7.7408
0 0 0 0 0 7.70753
0 0 0 0 1 7.75953
0 0 0 0 1 7.81231
0 0 0 0 0 7.8413
0 0 0 0 1 7.87776
0 0 0 0 1 7.97047
0 0 0 0 1 8.07142
0 0 0 0 1 8.07723
0 0 0 0 1 7.99413
0 0 0 0 1 8.06403
0 0 0 0 0 8.07675
0 0 0 0 0 8.10632
0 0 0 0 1 8.28349
0 0 0 0 1 8.24704
0 0 0 0 0 8.36028
0 0 0 0 1 8.35671
0 0 0 0 0 8.4537
0 0 0 0 0 8.42454
0 0 0 0 1 8.45424
0 0 0 0 1 8.578
0 0 0 0 1 8.61746
0 0 0 0 1 8.61312
0 0 0 0 1 8.74665
0 0 0 0 1 8.73344
0 0 0 0 0 8.87719
0 0 0 0 1 8.89104
0 0 0 0 1 8.86751
0 0 0 0 0 9.03111
0 0 0 0 1 8.96208
0 0 0 0 1 9.0548
0 0 0 0 1 9.03064
0 0 0 0 1 9.23393
0 0 0 0 1 9.15319
0 0 0 0 1 9.34944
0 0 0 0 1 9.36182
0 0 0 0 1 9.35284
0 0 0 0 1 9.50507
0 0 0 0 1 9.53373
0 0 0 0 1 9.67715
0 0 0 0 1 9.71685
0 0 0 0 0 9.74545
0 0 0 0 1 9.73459
0 0 0 0 1 9.8706
0 0 0 0 1 9.99921
0 0 0 0 1 9.95628
0 0 0 0 1 9.99386
0 0 0 0 1 10.1612
0 0 0 0 1 10.2705
0 0 0 0 1 10.2865
0 0 0 0 0 10.4156
0 0 0 0 1 10.5161
0 0 0 0 1 10.416
0 0 0 0 1 10.673
0 0 0 0 1 10.7072
0 0 0 0 0 10.6783
0 0 0 0 0 10.8624
0 0 0 0 1 9.34312
0 0 0 0 0 9.27249
0 0 0 0 0 9.25335
0 0 0 0 1 9.25734
0 0 0 0 1 9.22923
0 0 0 0 1 9.2886
0 0 0 0 1 9.21479
0 0 0 0 1 9.13678
0 0 0 0 0 9.22822
0 0 0 0 1 9.12337
0 0 0 0 1 9.06904
0 0 0 0 1 9.05597
0 0 0 0 1 9.00218
0 0 0 0 1 8.97578
0 0 0 0 1 8.94529
0 0 0 0 0 9.05429
0 0 0 0 1 9.01499
0 0 0 0 0 8.91745
0 0 0 0 1 9.02611
0 0 0 0 0 8.85765
0 0 0 0 1 8.89083
0 0 0 0 0 8.88358
0 0 0 0 1 8.92082
0 0 0 0 1 8.83398
0 0 0 0 1 8.86253
0 0 0 0 0 8.81658
0 0 0 0 1 8.81883
0 0 0 0 1 8.86516
0 0 0 0 1 8.82363
0 0 0 0 1 8.68594
0 0 0 0 0 8.76757
0 0 0 0 1 8.71439
0 0 0 0 1 8.68258
0 0 0 0 1 8.61619
0 0 0 0 0 8.76734
0 0 0 0 0 8.62318
0 0 0 0 1 8.62683
0 0 0 0 1 8.56141
0 0 0 0 1 8.6172
0 0 0 0 1 8.62983
0 0 0 0 1 8.53064
0 0 0 0 1 8.65535
0 0 0 0 0 8.50518
0 0 0 0 1 8.55269
0 0 0 0 1 8.47183
0 0 0 0 1 8.57933
0 0 0 0 1 8.45925
0 0 0 0 0 8.54116
0 0 0 0 0 8.51552
0 0 0 0 0 8.72604
0 0 0 0 1 8.90391
0 0 0 0 1 8.98568
0 0 0 0 0 9.10237
0 0 0 0 1 9.19136
0 0 0 0 1 9.44766
0 0 0 0 1 9.54579
0 0 0 0 0 9.73913
0 0 0 0 0 9.78626
0 0 0 0 1 9.94975
0 0 0 0 0 10.1332
0 0 0 0 0 10.4416
0 0 0 0 1 10.6584
0 0 0 0 1 10.6945
0 0 0 0 0 10.9199
0 0 0 0 1 11.1909
0 0 0 0 1 11.4744
0 0 0 0 1 11.5504
0 0 0 0 1 11.7959
0 0 0 0 1 12.0904
0 0 0 0 0 12.3209
0 0 0 0 1 12.6108
0 0 0 0 1 12.8347
0 0 0 0 1 22.7509
0 0 0 0 0 22.5958
0 0 0 0 0 22.7571
0 0 0 0 1 22.5804
0 0 0 0 1 22.5855
0 0 0 0 1 22.5911
0 0 0 0 0 22.5744
0 0 0 0 1 22.4
0 0 0 0 1 22.7682
0 0 0 0 1 22.7076
0 0 0 0 1 22.7602
0 0 0 0 1 22.7004
0 0 0 0 1 22.6876
0 0 0 0 0 22.6062
0 0 0 0 1 22.6829
0 0 0 0 1 22.3101
0 0 0 0 1 22.3203
0 0 0 0 1 22.3533
0 0 0 0 1 23.3388
0 0 0 0 0 23.9067
0 0 0 0 1 25.0176
0 0 0 0 1 26.055
0 0 0 0 1 36.3812
0 0 0 0 1 36.6939
0 0 0 0 0 36.1336
0 0 0 0 1 36.2293
0 0 0 0 1 36.0286
0 0 0 0 1 38.141
0 0 0 0 1 52.1708
0 0 0 0 1 52.1553
0 0 0 0 1 51.5169
0 0 0 0 0 51.6075
0 0 0 0 1 51.8031
0 0 0 0 1 56.7799
0 0 0 0 0 65.6589
0 0 0 0 1 69.9426
0 0 0 0 0 81.5646
0 0 0 0 0 4.99497
0 0 0 0 0 4.98996
0 0 0 0 0 4.99998
0 0 0 0 0 4.98996
0 0 0 0 0 5.04006
0 0 0 0 0 5.04507
0 0 0 0 0 5.02002
0 0 0 0 0 5.03505
0 0 0 0 0 5.04006
0 0 0 0 0 5.05509
0 0 0 0 0 5.04006
0 0 0 0 0 5.03505
0 0 0 0 1 86.8025
0 0 0 0 1 88.3883
0 0 0 0 1 75.22
0 0 0 0 1 63.6474
0 0 0 0 1 59.9817
0 0 0 0 1 60.9008
0 0 0 0 1 60.1256
0 0 0 0 1 51.7254
0 0 0 0 1 47.9392
0 0 0 0 1 48.0955
0 0 0 0 1 39.3135
0 0 0 0 1 36.6357
0 0 0 0 1 35.6322
0 0 0 0 0 35.7514
0 0 0 0 0 36.049
0 0 0 0 1 35.5986
0 0 0 0 1 27.9936
0 0 0 0 1 26.5623
0 0 0 0 1 25.4597
0 0 0 0 1 24.5899
0 0 0 0 1 24.5278
0 0 0 0 1 24.6631
0 0 0 0 1 24.8472
0 0 0 0 1 24.7371
0 0 0 0 1 24.5534
0 0 0 0 1 24.444
0 0 0 0 0 24.6807
0 0 0 0 1 24.6958
0 0 0 0 1 24.7594
0 0 0 0 1 18.2181
0 0 0 0 1 17.5089
0 0 0 0 1 17.0886
0 0 0 0 1 16.8448
0 0 0 0 1 16.1958
0 0 0 0 1 15.7525
0 0 0 0 1 15.5009
0 0 0 0 1 14.97
0 0 0 0 1 14.6244
0 0 0 0 1 14.351
0 0 0 0 1 13.958
0 0 0 0 1 13.9148
0 0 0 0 1 13.9683
0 0 0 0 1 13.9805
0 0 0 0 1 13.8536
0 0 0 0 1 13.9776
0 0 0 0 1 14.0345
0 0 0 0 1 13.8243
0 0 0 0 1 13.9633
0 0 0 0 1 14.1308
0 0 0 0 1 13.951
0 0 0 0 1 14.0632
0 0 0 0 1 13.8952
0 0 0 0 1 13.9237
0 0 0 0 1 13.9831
0 0 0 0 0 14.1812
0 0 0 0 0 13.9993
0 0 0 0 1 14.1727
0 0 0 0 1 14.1745
0 0 0 0 1 14.0068
0 0 0 0 0 14.1957
0 0 0 0 0 14.2833
0 0 0 0 1 14.1327
0 0 0 0 1 14.2777
0 0 0 0 1 14.0987
0 0 0 0 0 14.4014
0 0 0 0 0 14.3225
0 0 0 0 1 14.1691
0 0 0 0 1 14.1904
0 0 0 0 1 14.3522
0 0 0 0 0 8.83475
0 0 0 0 1 8.79933
0 0 0 0 1 8.60726
0 0 0 0 1 8.44376
0 0 0 0 1 8.4413
0 0 0 0 1 8.20447
0 0 0 0 1 8.13594
0 0 0 0 1 8.02528
0 0 0 0 1 7.94828
0 0 0 0 1 7.88686
0 0 0 0 1 7.76384
0 0 0 0 1 7.68666
0 0 0 0 0 7.58034
0 0 0 0 1 7.49734
0 0 0 0 1 7.51165
0 0 0 0 1 7.36317
0 0 0 0 1 7.28035
0 0 0 0 1 7.27931
0 0 0 0 1 7.11202
0 0 0 0 1 7.05323
0 0 0 0 1 7.01534
0 0 0 0 1 6.92343
0 0 0 0 1 6.89883
0 0 0 0 1 6.83482
0 0 0 0 1 6.79795
0 0 0 0 1 6.74061
0 0 0 0 1 6.60372
0 0 0 0 1 6.56029
0 0 0 0 0 6.54263
0 0 0 0 1 6.44305
0 0 0 0 1 6.32265
0 0 0 0 1 6.31998
0 0 0 0 0 6.304
0 0 0 0 1 6.18166
0 0 0 0 1 6.21491
0 0 0 0 1 6.13666
0 0 0 0 1 6.00436
0 0 0 0 0 5.9605
0 0 0 0 1 6.00346
0 0 0 0 0 5.97686
0 0 0 0 1 5.91771
0 0 0 0 1 5.82102
0 0 0 0 1 5.77148
0 0 0 0 1 5.72213
0 0 0 0 0 5.64155
0 0 0 0 1 5.61536
0 0 0 0 0 5.55542
0 0 0 0 1 5.62127
0 0 0 0 1 5.51694
0 0 0 0 0 5.50682
0 0 0 0 1 5.43107
0 0 0 0 1 5.43467
0 0 0 0 1 5.31441
0 0 0 0 1 5.27757
0 0 0 0 1 5.2386
0 0 0 0 1 5.21241
0 0 0 0 1 5.26752
0 0 0 0 1 5.1972
0 0 0 0 1 5.17894
0 0 0 0 1 5.16056
0 0 0 0 0 5.12349
0 0 0 0 0 5.08481
0 0 0 0 1 5.00952
0 0 0 0 1 4.94654
0 0 0 0 1 4.98301
0 0 0 0 1 4.88595
0 0 0 0 0 4.9168
0 0 0 0 1 4.90666
0 0 0 0 1 4.80614
0 0 0 0 1 4.86315
0 0 0 0 1 4.81704
0 0 0 0 1 4.7959
0 0 0 0 0 4.87671
0 0 0 0 1 4.89353
0 0 0 0 1 4.85287
0 0 0 0 1 4.91991
0 0 0 0 1 4.93322
0 0 0 0 1 4.93556
0 0 0 0 1 4.96881
0 0 0 0 1 4.93758
0 0 0 0 1 5.00477
0 0 0 0 1 4.96342
0 0 0 0 1 5.01221
0 0 0 0 1 5.03611
0 0 0 0 1 5.11588
0 0 0 0 1 5.08943
0 0 0 0 0 5.1342
0 0 0 0 1 5.15365
0 0 0 0 0 5.13072
0 0 0 0 0 5.20691
0 0 0 0 1 5.19048
0 0 0 0 1 5.24141
0 0 0 0 1 5.25618
0 0 0 0 1 5.24483
0 0 0 0 1 5.20181
0 0 0 0 0 5.24807
0 0 0 0 1 5.34378
0 0 0 0 1 5.30571
0 0 0 0 1 5.29399
0 0 0 0 1 5.41082
0 0 0 0 1 5.41543
0 0 0 0 1 5.40529
0 0 0 0 1 5.44235
0 0 0 0 1 5.4578
0 0 0 0 1 5.43499
0 0 0 0 1 5.46836
0 0 0 0 1 5.57773
0 0 0 0 1 5.53418
0 0 0 0 0 5.55545
0 0 0 0 1 5.58393
0 0 0 0 0 5.61101
0 0 0 0 1 5.59455
0 0 0 0 0 5.71247
0 0 0 0 1 5.73602
0 0 0 0 1 5.76947
0 0 0 0 0 5.71844
0 0 0 0 1 5.81706
0 0 0 0 0 5.8642
0 0 0 0 1 5.8808
0 0 0 0 1 5.88146
0 0 0 0 1 5.85838
0 0 0 0 1 5.97112
0 0 0 0 0 5.8943
0 0 0 0 1 6.03792
0 0 0 0 1 6.06251
0 0 0 0 1 5.99649
0 0 0 0 1 6.05718
0 0 0 0 1 6.06944
0 0 0 0 0 6.10003
0 0 0 0 0 6.1446
0 0 0 0 0 9.61423
0 0 0 0 1 9.41496
0 0 0 0 1 9.46899
0 0 0 0 0 9.40017
0 0 0 0 0 9.46636
0 0 0 0 1 9.3138
0 0 0 0 1 9.39521
0 0 0 0 1 9.24985
0 0 0 0 1 9.30635
0 0 0 0 1 9.27616
0 0 0 0 1 9.13573
0 0 0 0 1 9.14293
0 0 0 0 0 9.23233
0 0 0 0 1 9.03869
0 0 0 0 1 9.10968
0 0 0 0 1 9.0444
0 0 0 0 1 9.10588
0 0 0 0 1 9.05577
0 0 0 0 1 8.96433
0 0 0 0 1 8.91487
0 0 0 0 1 8.8601
0 0 0 0 1 8.82348
0 0 0 0 0 8.81371
0 0 0 0 1 8.91893
0 0 0 0 1 8.88803
0 0 0 0 1 8.87822
0 0 0 0 1 8.7984
0 0 0 0 1 8.72976
0 0 0 0 0 8.71189
0 0 0 0 1 8.78643
0 0 0 0 1 8.66449
0 0 0 0 1 8.6869
0 0 0 0 1 8.56601
0 0 0 0 1 8.51977
0 0 0 0 1 8.63179
0 0 0 0 1 8.52581
0 0 0 0 0 8.45811
0 0 0 0 1 8.56608
0 0 0 0 1 8.51218
0 0 0 0 1 8.56028
0 0 0 0 1 8.52366
0 0 0 0 1 8.41134
0 0 0 0 1 8.37058
0 0 0 0 1 8.36002
0 0 0 0 1 8.38308
0 0 0 0 1 8.28911
0 0 0 0 0 8.37905
0 0 0 0 1 8.23951
0 0 0 0 1 8.37075
0 0 0 0 1 8.21176
0 0 0 0 1 8.33889
0 0 0 0 0 8.18895
0 0 0 0 0 8.22077
0 0 0 0 1 8.26075
0 0 0 0 1 8.21871
0 0 0 0 1 8.25052
0 0 0 0 1 8.20884
0 0 0 0 1 8.21629
0 0 0 0 1 8.18317
0 0 0 0 0 8.15028
0 0 0 0 1 8.11762
0 0 0 0 1 8.08519
0 0 0 0 1 8.04493
0 0 0 0 1 8.09741
0 0 0 0 1 8.11368
0 0 0 0 1 8.0418
0 0 0 0 0 8.01031
0 0 0 0 1 8.04296
0 0 0 0 1 7.94382
0 0 0 0 1 7.90503
0 0 0 0 1 7.93803
0 0 0 0 0 7.89964
0 0 0 0 1 7.84567
0 0 0 0 1 7.98527
0 0 0 0 1 7.90787
0 0 0 0 0 7.94116
0 0 0 0 1 7.90713
0 0 0 0 1 7.80254
0 0 0 0 1 7.89111
0 0 0 0 0 7.9012
0 0 0 0 1 7.83322
0 0 0 0 1 7.80004
0 0 0 0 1 7.75606
0 0 0 0 1 7.79018
0 0 0 0 0 7.78859
0 0 0 0 1 7.68313
0 0 0 0 1 7.82139
