0 0 0 0 0 5.56398
0 0 0 0 1 5.54533
0 0 0 0 0 5.55457
0 0 0 0 1 5.62767
0 0 0 0 1 5.62051
0 0 0 0 1 5.62463
0 0 0 0 1 5.58873
0 0 0 0 1 5.6602
0 0 0 0 1 5.57713
0 0 0 0 1 5.65459
0 0 0 0 0 5.67612
0 0 0 0 1 5.5963
0 0 0 0 1 5.6823
0 0 0 0 1 5.71558
0 0 0 0 1 5.70374
0 0 0 0 1 5.67127
0 0 0 0 1 5.63102
0 0 0 0 1 5.74458
0 0 0 0 0 5.67596
0 0 0 0 1 5.74256
0 0 0 0 1 5.78265
0 0 0 0 1 5.70826
0 0 0 0 1 5.74287
0 0 0 0 1 5.77195
0 0 0 0 1 5.7453
0 0 0 0 1 5.79196
0 0 0 0 0 5.78097
0 0 0 0 0 5.82226
0 0 0 0 0 5.80562
0 0 0 0 1 5.77733
0 0 0 0 1 5.81326
0 0 0 0 1 5.83929
0 0 0 0 1 5.81855
0 0 0 0 1 5.83729
0 0 0 0 1 5.90916
0 0 0 0 1 5.85754
0 0 0 0 1 5.85896
0 0 0 0 1 5.90785
0 0 0 0 0 5.98671
0 0 0 0 1 5.9648
0 0 0 0 1 6.02638
0 0 0 0 1 5.93281
0 0 0 0 1 6.03194
0 0 0 0 1 5.99213
0 0 0 0 0 6.00635
0 0 0 0 1 6.00259
0 0 0 0 0 5.99156
0 0 0 0 1 6.01818
0 0 0 0 0 6.05713
0 0 0 0 1 6.15118
0 0 0 0 1 6.08683
0 0 0 0 1 6.08347
0 0 0 0 1 6.09745
0 0 0 0 1 6.13836
0 0 0 0 1 6.21544
0 0 0 0 1 6.22487
0 0 0 0 1 6.25919
0 0 0 0 0 6.16833
0 0 0 0 1 6.24645
0 0 0 0 1 6.2812
0 0 0 0 0 6.27134
0 0 0 0 1 6.26865
0 0 0 0 0 6.34168
0 0 0 0 1 6.30755
0 0 0 0 0 6.32401
0 0 0 0 1 6.37792
0 0 0 0 1 6.43936
0 0 0 0 1 6.45562
0 0 0 0 1 6.45988
0 0 0 0 1 6.45699
0 0 0 0 1 6.51297
0 0 0 0 1 6.4584
0 0 0 0 1 6.44972
0 0 0 0 1 6.45403
0 0 0 0 0 6.56948
0 0 0 0 1 6.55381
0 0 0 0 1 6.54461
0 0 0 0 1 6.60862
0 0 0 0 1 6.63265
0 0 0 0 1 6.63024
0 0 0 0 1 6.69453
0 0 0 0 1 6.64599
0 0 0 0 1 6.77166
0 0 0 0 1 6.74268
0 0 0 0 0 6.78107
0 0 0 0 1 6.80612
0 0 0 0 1 6.78364
0 0 0 0 1 6.82932
0 0 0 0 1 6.90959
0 0 0 0 0 6.92843
0 0 0 0 0 6.93352
0 0 0 0 1 6.98066
0 0 0 0 1 6.95109
0 0 0 0 1 6.97014
0 0 0 0 1 7.02431
0 0 0 0 1 7.10696
0 0 0 0 0 7.10502
0 0 0 0 1 7.16013
0 0 0 0 1 7.17285
0 0 0 0 1 7.13554
0 0 0 0 1 7.1194
0 0 0 0 0 7.1967
0 0 0 0 1 7.28136
0 0 0 0 1 7.2435
0 0 0 0 1 7.36535
0 0 0 0 1 7.40055
0 0 0 0 0 7.42086
0 0 0 0 0 7.39024
0 0 0 0 1 7.35848
0 0 0 0 1 7.48277
0 0 0 0 1 7.41386
0 0 0 0 1 7.44146
0 0 0 0 1 7.54468
0 0 0 0 1 7.55006
0 0 0 0 0 7.69289
0 0 0 0 0 7.57625
0 0 0 0 1 7.62747
0 0 0 0 1 7.64809
0 0 0 0 0 7.82396
0 0 0 0 1 7.75173
0 0 0 0 1 7.82013
0 0 0 0 1 7.79411
0 0 0 0 1 7.88566
0 0 0 0 1 7.88306
0 0 0 0 0 7.93557
0 0 0 0 1 8.10934
0 0 0 0 0 7.98607
0 0 0 0 1 8.09644
0 0 0 0 1 8.1827
0 0 0 0 1 8.17182
0 0 0 0 1 8.31643
0 0 0 0 1 8.32156
0 0 0 0 1 8.38523
0 0 0 0 1 8.30652
0 0 0 0 1 8.39482
0 0 0 0 0 8.38225
0 0 0 0 1 8.52229
0 0 0 0 1 8.50958
0 0 0 0 1 8.64323
0 0 0 0 0 8.60448
0 0 0 0 1 8.6771
0 0 0 0 1 8.7247
0 0 0 0 1 8.80681
0 0 0 0 1 8.86453
0 0 0 0 1 8.8764
0 0 0 0 1 8.8879
0 0 0 0 1 9.09719
0 0 0 0 1 9.14544
0 0 0 0 1 9.07621
0 0 0 0 1 9.20642
0 0 0 0 0 9.17165
0 0 0 0 1 9.1916
0 0 0 0 1 9.29648
0 0 0 0 1 9.34344
0 0 0 0 1 9.39158
0 0 0 0 1 9.51468
0 0 0 0 0 9.61961
0 0 0 0 1 9.65895
0 0 0 0 1 9.61914
0 0 0 0 1 9.85199
0 0 0 0 1 9.91
0 0 0 0 1 9.84065
0 0 0 0 0 10.0262
0 0 0 0 1 9.95364
0 0 0 0 1 10.2017
0 0 0 0 1 10.2195
0 0 0 0 1 10.1734
0 0 0 0 1 10.2706
0 0 0 0 0 10.4744
0 0 0 0 1 10.584
0 0 0 0 0 10.5461
0 0 0 0 1 10.6325
0 0 0 0 1 10.8072
0 0 0 0 1 10.7649
0 0 0 0 1 9.25006
0 0 0 0 1 9.20751
0 0 0 0 1 9.33671
0 0 0 0 0 9.18343
0 0 0 0 0 9.16469
0 0 0 0 0 9.14145
0 0 0 0 1 9.1689
0 0 0 0 1 9.06354
0 0 0 0 1 9.04549
0 0 0 0 0 9.18717
0 0 0 0 0 9.03265
0 0 0 0 1 9.11042
0 0 0 0 1 9.02935
0 0 0 0 1 9.0029
0 0 0 0 1 9.02644
0 0 0 0 0 8.96429
0 0 0 0 1 8.9252
0 0 0 0 1 9.03396
0 0 0 0 1 8.97243
0 0 0 0 1 8.85765
0 0 0 0 1 8.89974
0 0 0 0 1 8.80354
0 0 0 0 1 8.84093
0 0 0 0 1 8.79854
0 0 0 0 1 8.80946
0 0 0 0 1 8.84305
0 0 0 0 0 8.72192
0 0 0 0 1 8.76842
0 0 0 0 1 8.76217
0 0 0 0 1 8.80865
0 0 0 0 1 8.82882
0 0 0 0 0 8.81044
0 0 0 0 1 8.70002
0 0 0 0 1 8.6423
0 0 0 0 0 8.71521
0 0 0 0 1 8.6839
0 0 0 0 1 8.64415
0 0 0 0 1 8.60465
0 0 0 0 1 8.71218
0 0 0 0 0 8.6988
0 0 0 0 1 8.61672
0 0 0 0 1 8.60378
0 0 0 0 1 8.56526
0 0 0 0 1 8.64696
0 0 0 0 1 8.60875
0 0 0 0 1 8.57079
0 0 0 0 1 8.48485
0 0 0 0 0 8.50706
0 0 0 0 1 8.63558
0 0 0 0 1 8.72604
0 0 0 0 0 8.85097
0 0 0 0 1 9.01255
0 0 0 0 1 9.00234
0 0 0 0 1 9.20059
0 0 0 0 1 9.45704
0 0 0 0 1 9.52672
0 0 0 0 1 9.73913
0 0 0 0 0 9.83548
0 0 0 0 1 10.0899
0 0 0 0 1 10.2758
0 0 0 0 1 10.3794
0 0 0 0 1 10.5106
0 0 0 0 1 10.8341
0 0 0 0 1 10.8871
0 0 0 0 1 11.2577
0 0 0 0 0 11.3153
0 0 0 0 0 11.6083
0 0 0 0 1 11.8669
0 0 0 0 1 11.9819
0 0 0 0 1 12.3825
0 0 0 0 1 12.5228
0 0 0 0 1 12.8733
0 0 0 0 0 22.7509
0 0 0 0 1 22.4822
0 0 0 0 0 22.9159
0 0 0 0 1 22.8524
0 0 0 0 1 22.5855
0 0 0 0 1 22.8175
0 0 0 0 0 22.5744
0 0 0 0 1 22.8294
0 0 0 0 1 22.8134
0 0 0 0 1 22.4818
0 0 0 0 1 22.4218
0 0 0 0 1 22.7004
0 0 0 0 1 22.5975
0 0 0 0 1 22.3135
0 0 0 0 1 22.2779
0 0 0 0 1 22.4675
0 0 0 0 1 22.7024
0 0 0 0 1 22.3309
0 0 0 0 1 23.1764
0 0 0 0 1 24.2685
0 0 0 0 1 25.0176
0 0 0 0 1 26.055
0 0 0 0 1 36.7454
0 0 0 0 1 36.7667
0 0 0 0 1 36.17
0 0 0 0 1 36.0838
0 0 0 0 1 36.065
0 0 0 0 1 38.873
0 0 0 0 1 51.546
0 0 0 0 1 52.4676
0 0 0 0 1 52.4536
0 0 0 0 0 51.6075
0 0 0 0 1 51.9592
0 0 0 0 1 56.0469
0 0 0 0 1 65.5934
0 0 0 0 1 69.7336
0 0 0 0 1 82.1372
0 0 0 0 0 5.0601
0 0 0 0 0 4.99998
0 0 0 0 0 5.00499
0 0 0 0 0 4.99497
0 0 0 0 0 4.9599
0 0 0 0 0 4.96491
0 0 0 0 0 5.03004
0 0 0 0 0 5.04006
0 0 0 0 0 4.9599
0 0 0 0 0 4.9599
0 0 0 0 0 5.03004
0 0 0 0 0 5.00499
0 0 0 0 1 87.9412
0 0 0 0 1 87.5123
0 0 0 0 1 74.9946
0 0 0 0 1 63.5836
0 0 0 0 0 60.1027
0 0 0 0 0 60.1138
0 0 0 0 0 59.944
0 0 0 0 1 51.7254
0 0 0 0 1 47.7952
0 0 0 0 1 47.7115
0 0 0 0 1 39.3135
0 0 0 0 1 36.8566
0 0 0 0 0 35.5965
0 0 0 0 1 35.4303
0 0 0 0 1 35.5137
0 0 0 0 1 35.3486
0 0 0 0 1 28.1621
0 0 0 0 1 26.8571
0 0 0 0 1 25.4084
0 0 0 0 1 24.8361
0 0 0 0 1 24.774
0 0 0 0 1 24.7617
0 0 0 0 0 24.8225
0 0 0 0 1 24.8358
0 0 0 0 1 24.8989
0 0 0 0 0 24.5427
0 0 0 0 1 24.9278
0 0 0 0 1 24.4733
0 0 0 0 1 24.982
0 0 0 0 1 18.2545
0 0 0 0 1 17.615
0 0 0 0 1 17.3637
0 0 0 0 1 16.7946
0 0 0 0 1 16.1469
0 0 0 0 1 15.8001
0 0 0 0 1 15.5164
0 0 0 0 1 15.2422
0 0 0 0 1 14.6097
0 0 0 0 1 14.3654
0 0 0 0 1 14.0285
0 0 0 0 1 13.9981
0 0 0 0 1 13.871
0 0 0 0 1 13.7857
0 0 0 0 1 13.8954
0 0 0 0 1 13.8243
0 0 0 0 1 13.9927
0 0 0 0 1 14.0617
0 0 0 0 1 13.9214
0 0 0 0 0 14.1028
0 0 0 0 0 13.923
0 0 0 0 1 14.0492
0 0 0 0 1 13.9092
0 0 0 0 1 14.0221
0 0 0 0 1 14.0816
0 0 0 0 1 14.0263
0 0 0 0 1 14.1262
0 0 0 0 1 14.2433
0 0 0 0 1 14.1745
0 0 0 0 1 14.0634
0 0 0 0 1 14.2665
0 0 0 0 0 14.3258
0 0 0 0 1 14.2889
0 0 0 0 1 14.0929
0 0 0 0 1 14.2839
0 0 0 0 1 14.2017
0 0 0 0 1 14.4082
0 0 0 0 1 14.3121
0 0 0 0 1 14.219
0 0 0 0 1 14.4239
0 0 0 0 1 8.78179
0 0 0 0 1 8.7819
0 0 0 0 1 8.61585
0 0 0 0 1 8.56269
0 0 0 0 1 8.43291
0 0 0 0 0 8.2459
0 0 0 0 1 8.15232
0 0 0 0 0 8.09809
0 0 0 0 1 8.06023
0 0 0 0 1 7.82364
0 0 0 0 1 7.88112
0 0 0 0 1 7.68666
0 0 0 0 1 7.59562
0 0 0 0 1 7.59559
0 0 0 0 1 7.5266
0 0 0 0 1 7.42977
0 0 0 0 1 7.24377
0 0 0 0 1 7.17791
0 0 0 0 1 7.21956
0 0 0 0 1 7.08161
0 0 0 0 1 7.05045
0 0 0 0 0 6.99997
0 0 0 0 1 6.86441
0 0 0 0 1 6.84846
0 0 0 0 1 6.81822
0 0 0 0 1 6.70715
0 0 0 0 0 6.59046
0 0 0 0 1 6.50119
0 0 0 0 1 6.45808
0 0 0 0 1 6.46885
0 0 0 0 1 6.36736
0 0 0 0 1 6.37697
0 0 0 0 1 6.22238
0 0 0 0 1 6.25637
0 0 0 0 1 6.23343
0 0 0 0 1 6.13666
0 0 0 0 0 6.01649
0 0 0 0 1 6.03275
0 0 0 0 1 5.98556
0 0 0 0 1 5.98278
0 0 0 0 1 5.90597
0 0 0 0 0 5.85015
0 0 0 0 1 5.79461
0 0 0 0 1 5.77952
0 0 0 0 0 5.74392
0 0 0 0 0 5.64922
0 0 0 0 1 5.59462
0 0 0 0 1 5.54892
0 0 0 0 1 5.5059
0 0 0 0 1 5.49038
0 0 0 0 0 5.38214
0 0 0 0 1 5.39145
0 0 0 0 0 5.37883
0 0 0 0 1 5.3681
0 0 0 0 0 5.33914
0 0 0 0 0 5.30164
0 0 0 0 1 5.16842
0 0 0 0 1 5.16611
0 0 0 0 1 5.16349
0 0 0 0 1 5.08896
0 0 0 0 1 5.07783
0 0 0 0 1 5.00418
0 0 0 0 1 4.97944
0 0 0 0 1 4.99137
0 0 0 0 1 4.92858
0 0 0 0 1 4.94494
0 0 0 0 1 4.8875
0 0 0 0 1 4.88722
0 0 0 0 0 4.80614
0 0 0 0 1 4.77166
0 0 0 0 1 4.77843
0 0 0 0 1 4.87341
0 0 0 0 0 4.88643
0 0 0 0 1 4.84479
0 0 0 0 0 4.8969
0 0 0 0 1 4.86099
0 0 0 0 1 4.8938
0 0 0 0 0 4.93061
0 0 0 0 1 4.99856
0 0 0 0 1 5.02717
0 0 0 0 1 5.03471
0 0 0 0 1 4.96842
0 0 0 0 1 4.98708
0 0 0 0 1 5.03611
0 0 0 0 1 5.0247
0 0 0 0 0 5.11994
0 0 0 0 1 5.07296
0 0 0 0 0 5.1434
0 0 0 0 1 5.11018
0 0 0 0 1 5.13989
0 0 0 0 1 5.16461
0 0 0 0 0 5.21544
0 0 0 0 1 5.26139
0 0 0 0 1 5.22912
0 0 0 0 1 5.2596
0 0 0 0 1 5.24807
0 0 0 0 0 5.32787
0 0 0 0 1 5.29506
0 0 0 0 1 5.28865
0 0 0 0 1 5.35719
0 0 0 0 1 5.3293
0 0 0 0 1 5.44317
0 0 0 0 1 5.40976
0 0 0 0 1 5.4469
0 0 0 0 1 5.48972
0 0 0 0 1 5.55638
0 0 0 0 0 5.55564
0 0 0 0 0 5.58413
0 0 0 0 0 5.55545
0 0 0 0 0 5.63994
0 0 0 0 1 5.58289
0 0 0 0 1 5.63411
0 0 0 0 1 5.68978
0 0 0 0 1 5.73032
0 0 0 0 1 5.71223
0 0 0 0 1 5.78172
0 0 0 0 1 5.73032
0 0 0 0 0 5.8642
0 0 0 0 0 5.8808
0 0 0 0 0 5.80523
0 0 0 0 1 5.88785
0 0 0 0 0 5.9652
0 0 0 0 0 5.99552
0 0 0 0 1 5.99005
0 0 0 0 0 6.06251
0 0 0 0 1 6.08716
0 0 0 0 1 6.09971
0 0 0 0 0 6.13661
0 0 0 0 0 6.17368
0 0 0 0 1 6.13842
0 0 0 0 1 9.48096
0 0 0 0 1 9.5477
0 0 0 0 1 9.52569
0 0 0 0 1 9.40959
0 0 0 0 1 9.46636
0 0 0 0 1 9.39796
0 0 0 0 1 9.30201
0 0 0 0 0 9.30562
0 0 0 0 1 9.25079
0 0 0 0 1 9.28539
0 0 0 0 1 9.23694
0 0 0 0 1 9.20712
0 0 0 0 0 9.20491
0 0 0 0 1 9.19359
0 0 0 0 1 9.11876
0 0 0 0 1 9.09872
0 0 0 0 1 8.95246
0 0 0 0 1 8.97476
0 0 0 0 1 8.90152
0 0 0 0 1 9.03123
0 0 0 0 0 8.91364
0 0 0 0 1 8.93022
0 0 0 0 1 8.87578
0 0 0 0 1 8.87474
0 0 0 0 1 8.84395
0 0 0 0 1 8.83427
0 0 0 0 1 8.68447
0 0 0 0 0 8.80849
0 0 0 0 0 8.66828
0 0 0 0 1 8.67334
0 0 0 0 1 8.69051
0 0 0 0 1 8.56577
0 0 0 0 0 8.60914
0 0 0 0 0 8.55419
0 0 0 0 0 8.52883
0 0 0 0 0 8.62853
0 0 0 0 1 8.552
0 0 0 0 1 8.54053
0 0 0 0 1 8.41873
0 0 0 0 1 8.42468
0 0 0 0 0 8.43065
0 0 0 0 1 8.47883
0 0 0 0 1 8.36216
0 0 0 0 1 8.37681
0 0 0 0 0 8.4082
0 0 0 0 0 8.31418
0 0 0 0 1 8.34571
0 0 0 0 1 8.24782
0 0 0 0 0 8.22142
0 0 0 0 1 8.28626
0 0 0 0 1 8.20666
0 0 0 0 1 8.1972
0 0 0 0 1 8.25369
0 0 0 0 1 8.12937
0 0 0 0 0 8.11218
0 0 0 0 1 8.14422
0 0 0 0 1 8.18436
0 0 0 0 1 8.13486
0 0 0 0 1 8.06127
0 0 0 0 0 8.03674
0 0 0 0 1 8.02859
0 0 0 0 0 8.15788
0 0 0 0 1 8.06911
0 0 0 0 0 8.09741
0 0 0 0 1 7.95301
0 0 0 0 1 8.09792
0 0 0 0 1 8.04232
0 0 0 0 1 8.05095
0 0 0 0 1 7.89596
0 0 0 0 1 7.93688
0 0 0 0 1 8.01749
0 0 0 0 0 7.8917
0 0 0 0 0 7.90901
0 0 0 0 1 7.84296
0 0 0 0 1 7.91576
0 0 0 0 0 7.82299
0 0 0 0 1 7.9386
0 0 0 0 1 7.8104
0 0 0 0 1 7.91464
0 0 0 0 1 7.84638
0 0 0 0 1 7.84885
0 0 0 0 1 7.83127
0 0 0 0 1 7.81842
0 0 0 0 1 7.7357
0 0 0 0 0 7.81191
0 0 0 0 1 7.81506
0 0 0 0 1 7.80589
