0 0 0 0 1 5.53625
0 0 0 0 1 5.55089
0 0 0 0 1 5.61579
0 0 0 0 1 5.57752
0 0 0 0 1 5.59819
0 0 0 0 1 5.54635
0 0 0 0 1 5.65027
0 0 0 0 1 5.57614
0 0 0 0 1 5.64446
0 0 0 0 1 5.61524
0 0 0 0 1 5.64234
0 0 0 0 1 5.66963
0 0 0 0 1 5.69359
0 0 0 0 1 5.66465
0 0 0 0 1 5.66405
0 0 0 0 1 5.71668
0 0 0 0 1 5.67084
0 0 0 0 1 5.68759
0 0 0 0 0 5.68738
0 0 0 0 0 5.65685
0 0 0 0 0 5.76548
0 0 0 0 1 5.75415
0 0 0 0 1 5.71413
0 0 0 0 1 5.70858
0 0 0 0 1 5.72222
0 0 0 0 1 5.77462
0 0 0 0 0 5.80993
0 0 0 0 1 5.79323
0 0 0 0 1 5.83471
0 0 0 0 0 5.80648
0 0 0 0 1 5.85416
0 0 0 0 1 5.8744
0 0 0 0 1 5.81269
0 0 0 0 1 5.91951
0 0 0 0 1 5.86796
0 0 0 0 1 5.88703
0 0 0 0 1 5.85304
0 0 0 0 1 5.93155
0 0 0 0 1 5.9095
0 0 0 0 1 5.98862
0 0 0 0 1 5.93092
0 0 0 0 1 6.01654
0 0 0 0 1 6.02595
0 0 0 0 1 5.96211
0 0 0 0 1 5.96422
0 0 0 0 0 6.07498
0 0 0 0 0 6.03393
0 0 0 0 0 6.10918
0 0 0 0 0 6.0997
0 0 0 0 0 6.07193
0 0 0 0 1 6.1235
0 0 0 0 1 6.13248
0 0 0 0 1 6.09745
0 0 0 0 1 6.12605
0 0 0 0 0 6.16606
0 0 0 0 1 6.15681
0 0 0 0 0 6.24679
0 0 0 0 0 6.2368
0 0 0 0 1 6.29637
0 0 0 0 1 6.22489
0 0 0 0 0 6.25879
0 0 0 0 1 6.26235
0 0 0 0 1 6.34799
0 0 0 0 1 6.34551
0 0 0 0 1 6.38744
0 0 0 0 1 6.42885
0 0 0 0 1 6.36278
0 0 0 0 1 6.44922
0 0 0 0 0 6.44703
0 0 0 0 1 6.39255
0 0 0 0 0 6.41606
0 0 0 0 1 6.43894
0 0 0 0 1 6.51473
0 0 0 0 1 6.52574
0 0 0 0 1 6.4845
0 0 0 0 1 6.58661
0 0 0 0 0 6.6302
0 0 0 0 1 6.5624
0 0 0 0 1 6.6459
0 0 0 0 1 6.70339
0 0 0 0 1 6.71455
0 0 0 0 1 6.71961
0 0 0 0 1 6.70455
0 0 0 0 1 6.71574
0 0 0 0 1 6.80135
0 0 0 0 1 6.84684
0 0 0 0 1 6.82451
0 0 0 0 1 6.78146
0 0 0 0 1 6.79294
0 0 0 0 1 6.81823
0 0 0 0 1 6.975
0 0 0 0 0 6.9668
0 0 0 0 1 7.01372
0 0 0 0 1 7.04696
0 0 0 0 1 6.99626
0 0 0 0 0 7.09289
0 0 0 0 1 7.05553
0 0 0 0 1 7.13175
0 0 0 0 1 7.15148
0 0 0 0 0 7.12124
0 0 0 0 0 7.1481
0 0 0 0 0 7.18949
0 0 0 0 1 7.20898
0 0 0 0 1 7.2435
0 0 0 0 1 7.36535
0 0 0 0 1 7.40055
0 0 0 0 1 7.28834
0 0 0 0 0 7.31641
0 0 0 0 1 7.44749
0 0 0 0 1 7.42315
0 0 0 0 1 7.49615
0 0 0 0 1 7.53166
0 0 0 0 0 7.47671
0 0 0 0 0 7.55765
0 0 0 0 0 7.54056
0 0 0 0 1 7.66043
0 0 0 0 1 7.61978
0 0 0 0 1 7.68672
0 0 0 0 1 7.70753
0 0 0 0 1 7.83752
0 0 0 0 0 7.89059
0 0 0 0 1 7.80984
0 0 0 0 0 7.92521
0 0 0 0 1 7.88306
0 0 0 0 1 7.91159
0 0 0 0 1 8.02102
0 0 0 0 0 8.08287
0 0 0 0 1 8.18559
0 0 0 0 1 8.17455
0 0 0 0 1 8.15545
0 0 0 0 1 8.29996
0 0 0 0 1 8.36296
0 0 0 0 1 8.2355
0 0 0 0 1 8.42363
0 0 0 0 1 8.32752
0 0 0 0 1 8.46683
0 0 0 0 1 8.43723
0 0 0 0 0 8.56944
0 0 0 0 1 8.60887
0 0 0 0 1 8.69087
0 0 0 0 1 8.6684
0 0 0 0 1 8.8296
0 0 0 0 1 8.88599
0 0 0 0 1 8.90872
0 0 0 0 1 8.84972
0 0 0 0 1 8.8879
0 0 0 0 1 8.93506
0 0 0 0 1 9.15451
0 0 0 0 1 9.05798
0 0 0 0 1 9.19725
0 0 0 0 0 9.30083
0 0 0 0 1 9.1916
0 0 0 0 0 9.26848
0 0 0 0 1 9.47504
0 0 0 0 1 9.50507
0 0 0 0 1 9.43849
0 0 0 0 1 9.65797
0 0 0 0 1 9.7072
0 0 0 0 0 9.67744
0 0 0 0 1 9.73459
0 0 0 0 1 9.91
0 0 0 0 0 9.86047
0 0 0 0 0 9.95628
0 0 0 0 0 10.0642
0 0 0 0 1 10.0802
0 0 0 0 1 10.1379
0 0 0 0 1 10.2043
0 0 0 0 1 10.3742
0 0 0 0 1 10.3598
0 0 0 0 1 10.521
0 0 0 0 1 10.5672
0 0 0 0 0 10.5685
0 0 0 0 1 10.6568
0 0 0 0 0 10.7541
0 0 0 0 1 9.34312
0 0 0 0 1 9.22608
0 0 0 0 1 9.16999
0 0 0 0 0 9.26657
0 0 0 0 1 9.14625
0 0 0 0 0 9.2886
0 0 0 0 1 9.26069
0 0 0 0 1 9.21002
0 0 0 0 1 9.15513
0 0 0 0 0 9.12337
0 0 0 0 1 9.05994
0 0 0 0 1 9.13764
0 0 0 0 1 9.00218
0 0 0 0 1 9.05713
0 0 0 0 1 8.95431
0 0 0 0 1 9.05429
0 0 0 0 1 9.02397
0 0 0 0 1 8.97122
0 0 0 0 1 8.87403
0 0 0 0 1 8.92015
0 0 0 0 1 8.81956
0 0 0 0 0 8.81244
0 0 0 0 0 8.81431
0 0 0 0 0 8.94917
0 0 0 0 1 8.92444
0 0 0 0 1 8.78127
0 0 0 0 1 8.78359
0 0 0 0 1 8.80359
0 0 0 0 1 8.74461
0 0 0 0 1 8.72976
0 0 0 0 1 8.79382
0 0 0 0 0 8.75805
0 0 0 0 1 8.65643
0 0 0 0 1 8.74673
0 0 0 0 1 8.75866
0 0 0 0 1 8.75331
0 0 0 0 1 8.60085
0 0 0 0 1 8.57006
0 0 0 0 1 8.669
0 0 0 0 1 8.5781
0 0 0 0 1 8.5995
0 0 0 0 0 8.68114
0 0 0 0 1 8.65108
0 0 0 0 1 8.58697
0 0 0 0 0 8.53173
0 0 0 0 1 8.53661
0 0 0 0 0 8.45071
0 0 0 0 0 8.56673
0 0 0 0 1 8.49837
0 0 0 0 1 8.77824
0 0 0 0 1 8.86862
0 0 0 0 1 8.88713
0 0 0 0 1 9.02962
0 0 0 0 1 9.32992
0 0 0 0 1 9.30693
0 0 0 0 1 9.44089
0 0 0 0 1 9.74881
0 0 0 0 0 9.92409
0 0 0 0 1 10.0198
0 0 0 0 0 10.1943
0 0 0 0 1 10.3898
0 0 0 0 1 10.6267
0 0 0 0 1 10.7697
0 0 0 0 1 10.9965
0 0 0 0 1 11.046
0 0 0 0 1 11.3835
0 0 0 0 1 11.6315
0 0 0 0 0 11.7723
0 0 0 0 1 11.9457
0 0 0 0 1 12.2348
0 0 0 0 1 12.4851
0 0 0 0 1 12.9247
0 0 0 0 1 22.7737
0 0 0 0 1 22.8002
0 0 0 0 1 22.8252
0 0 0 0 1 22.8298
0 0 0 0 1 22.5855
0 0 0 0 1 22.659
0 0 0 0 1 22.7101
0 0 0 0 0 22.513
0 0 0 0 1 22.4068
0 0 0 0 1 22.527
0 0 0 0 0 22.7827
0 0 0 0 1 22.6779
0 0 0 0 1 22.3722
0 0 0 0 0 22.4036
0 0 0 0 0 22.6379
0 0 0 0 1 22.67
0 0 0 0 1 22.4551
0 0 0 0 1 22.5331
0 0 0 0 0 23.362
0 0 0 0 1 24.0514
0 0 0 0 1 25.1432
0 0 0 0 1 26.3433
0 0 0 0 1 36.6725
0 0 0 0 0 36.6574
0 0 0 0 1 36.1336
0 0 0 0 0 36.302
0 0 0 0 1 36.2106
0 0 0 0 0 38.2181
0 0 0 0 0 51.9105
0 0 0 0 0 52.5717
0 0 0 0 1 52.3495
0 0 0 0 1 52.4919
0 0 0 0 0 51.6471
0 0 0 0 1 56.1032
0 0 0 0 1 64.8733
0 0 0 0 1 70.0122
0 0 0 0 1 81.7282
0 0 0 0 0 5.03004
0 0 0 0 0 4.98996
0 0 0 0 0 5.03004
0 0 0 0 0 4.97493
0 0 0 0 0 5.04507
0 0 0 0 0 5.05008
0 0 0 0 0 5.03505
0 0 0 0 0 4.9599
0 0 0 0 0 5.05008
0 0 0 0 0 4.99497
0 0 0 0 0 4.99998
0 0 0 0 0 4.98495
0 0 0 0 1 86.7149
0 0 0 0 1 86.8115
0 0 0 0 1 75.5206
0 0 0 0 0 63.3921
0 0 0 0 1 60.3448
0 0 0 0 1 61.0824
0 0 0 0 0 60.8522
0 0 0 0 1 51.2097
0 0 0 0 0 47.5553
0 0 0 0 1 47.8555
0 0 0 0 1 39.0385
0 0 0 0 1 36.5252
0 0 0 0 1 35.3825
0 0 0 0 1 35.3589
0 0 0 0 1 35.942
0 0 0 0 1 35.8128
0 0 0 0 1 28.3306
0 0 0 0 1 26.5623
0 0 0 0 0 25.434
0 0 0 0 1 24.8115
0 0 0 0 1 24.5524
0 0 0 0 1 24.7617
0 0 0 0 1 24.5021
0 0 0 0 1 24.5891
0 0 0 0 1 24.5287
0 0 0 0 0 24.518
0 0 0 0 1 24.8537
0 0 0 0 0 24.8194
0 0 0 0 1 24.6357
0 0 0 0 1 18.3819
0 0 0 0 1 17.8449
0 0 0 0 1 17.1402
0 0 0 0 1 16.7612
0 0 0 0 1 16.4565
0 0 0 0 1 15.8477
0 0 0 0 1 15.5629
0 0 0 0 1 14.9851
0 0 0 0 1 14.6687
0 0 0 0 1 14.5385
0 0 0 0 1 14.1272
0 0 0 0 0 13.9287
0 0 0 0 1 14.01
0 0 0 0 1 13.9387
0 0 0 0 0 13.8397
0 0 0 0 1 14.0473
0 0 0 0 0 13.9787
0 0 0 0 1 14.0198
0 0 0 0 0 13.9493
0 0 0 0 1 14.1028
0 0 0 0 1 13.881
0 0 0 0 1 13.895
0 0 0 0 1 14.1198
0 0 0 0 1 13.9097
0 0 0 0 1 14.1097
0 0 0 0 1 14.0404
0 0 0 0 0 14.239
0 0 0 0 1 14.1727
0 0 0 0 1 14.0332
0 0 0 0 0 14.2473
0 0 0 0 0 14.2382
0 0 0 0 1 14.2691
0 0 0 0 1 14.2889
0 0 0 0 0 14.0786
0 0 0 0 1 14.0987
0 0 0 0 1 14.216
0 0 0 0 1 14.2225
0 0 0 0 0 14.4265
0 0 0 0 1 14.3479
0 0 0 0 0 14.2805
0 0 0 0 0 8.73766
0 0 0 0 0 8.69478
0 0 0 0 1 8.63305
0 0 0 0 1 8.44376
0 0 0 0 1 8.33222
0 0 0 0 1 8.22933
0 0 0 0 0 8.26703
0 0 0 0 1 8.14663
0 0 0 0 1 8.06023
0 0 0 0 0 7.83154
0 0 0 0 0 7.84984
0 0 0 0 1 7.66348
0 0 0 0 1 7.63383
0 0 0 0 1 7.57292
0 0 0 0 1 7.53408
0 0 0 0 1 7.42237
0 0 0 0 1 7.24377
0 0 0 0 1 7.23585
0 0 0 0 1 7.10485
0 0 0 0 1 7.07451
0 0 0 0 1 7.08557
0 0 0 0 1 6.93039
0 0 0 0 1 6.9126
0 0 0 0 0 6.79389
0 0 0 0 1 6.80471
0 0 0 0 1 6.754
0 0 0 0 1 6.59046
0 0 0 0 1 6.54059
0 0 0 0 1 6.51011
0 0 0 0 1 6.514
0 0 0 0 1 6.35458
0 0 0 0 1 6.36431
0 0 0 0 1 6.25377
0 0 0 0 1 6.19411
0 0 0 0 1 6.13468
0 0 0 0 1 6.10606
0 0 0 0 0 6.08321
0 0 0 0 0 5.97856
0 0 0 0 1 5.97362
0 0 0 0 1 5.89393
0 0 0 0 1 5.82965
0 0 0 0 1 5.80936
0 0 0 0 1 5.77148
0 0 0 0 0 5.72213
0 0 0 0 1 5.69273
0 0 0 0 0 5.58714
0 0 0 0 1 5.63382
0 0 0 0 1 5.61571
0 0 0 0 1 5.57217
0 0 0 0 1 5.51778
0 0 0 0 1 5.46369
0 0 0 0 1 5.36444
0 0 0 0 0 5.41104
0 0 0 0 1 5.37875
0 0 0 0 0 5.31797
0 0 0 0 1 5.22291
0 0 0 0 1 5.18929
0 0 0 0 1 5.12984
0 0 0 0 1 5.11716
0 0 0 0 1 5.12987
0 0 0 0 1 5.12349
0 0 0 0 1 5.02434
0 0 0 0 1 5.05967
0 0 0 0 1 4.97144
0 0 0 0 0 4.99786
0 0 0 0 1 4.94494
0 0 0 0 1 4.90215
0 0 0 0 1 4.81435
0 0 0 0 1 4.80132
0 0 0 0 1 4.79574
0 0 0 0 1 4.77843
0 0 0 0 1 4.82981
0 0 0 0 1 4.82808
0 0 0 0 1 4.86916
0 0 0 0 0 4.8969
0 0 0 0 1 4.88554
0 0 0 0 0 4.95294
0 0 0 0 1 4.97508
0 0 0 0 1 5.00352
0 0 0 0 1 4.95749
0 0 0 0 1 5.01974
0 0 0 0 1 4.99848
0 0 0 0 1 4.9921
0 0 0 0 1 5.01593
0 0 0 0 1 5.07536
0 0 0 0 1 5.10469
0 0 0 0 1 5.1342
0 0 0 0 0 5.1434
0 0 0 0 1 5.17181
0 0 0 0 1 5.16567
0 0 0 0 1 5.14391
0 0 0 0 1 5.21024
0 0 0 0 0 5.19882
0 0 0 0 1 5.24483
0 0 0 0 1 5.23333
0 0 0 0 0 5.26389
0 0 0 0 1 5.34908
0 0 0 0 1 5.31635
0 0 0 0 1 5.37412
0 0 0 0 1 5.31429
0 0 0 0 1 5.41005
0 0 0 0 1 5.38906
0 0 0 0 1 5.3826
0 0 0 0 0 5.49597
0 0 0 0 1 5.50067
0 0 0 0 1 5.49036
0 0 0 0 1 5.51699
0 0 0 0 1 5.53973
0 0 0 0 1 5.5443
0 0 0 0 0 5.56713
0 0 0 0 1 5.59976
0 0 0 0 0 5.69062
0 0 0 0 1 5.71247
0 0 0 0 0 5.6961
0 0 0 0 1 5.74657
0 0 0 0 1 5.70693
0 0 0 0 1 5.72454
0 0 0 0 1 5.82933
0 0 0 0 0 5.81662
0 0 0 0 1 5.89319
0 0 0 0 1 5.91732
0 0 0 0 1 5.95335
0 0 0 0 1 5.95979
0 0 0 0 1 6.03193
0 0 0 0 1 5.96027
0 0 0 0 1 6.00858
0 0 0 0 1 6.08756
0 0 0 0 1 6.05112
0 0 0 0 1 6.12458
0 0 0 0 1 6.15695
0 0 0 0 0 9.46192
0 0 0 0 0 9.44341
0 0 0 0 1 9.39339
0 0 0 0 1 9.40959
0 0 0 0 1 9.2881
0 0 0 0 1 9.43536
0 0 0 0 1 9.38589
0 0 0 0 0 9.3707
0 0 0 0 1 9.21375
0 0 0 0 0 9.1654
0 0 0 0 0 9.26454
0 0 0 0 0 9.20712
0 0 0 0 1 9.04952
0 0 0 0 1 9.02958
0 0 0 0 1 9.10968
0 0 0 0 0 9.10777
0 0 0 0 1 8.95246
0 0 0 0 1 9.07378
0 0 0 0 1 9.0092
0 0 0 0 1 8.89697
0 0 0 0 1 8.84226
0 0 0 0 1 8.88574
0 0 0 0 0 8.90238
0 0 0 0 1 8.75982
0 0 0 0 1 8.72932
0 0 0 0 1 8.79911
0 0 0 0 1 8.84221
0 0 0 0 0 8.66853
0 0 0 0 1 8.65956
0 0 0 0 1 8.76903
0 0 0 0 1 8.70785
0 0 0 0 1 8.56577
0 0 0 0 1 8.63502
0 0 0 0 1 8.64025
0 0 0 0 1 8.50309
0 0 0 0 1 8.49157
0 0 0 0 0 8.46665
0 0 0 0 1 8.44687
0 0 0 0 1 8.55465
0 0 0 0 0 8.39077
0 0 0 0 1 8.4983
0 0 0 0 1 8.51258
0 0 0 0 1 8.46312
0 0 0 0 1 8.45235
0 0 0 0 0 8.45845
0 0 0 0 1 8.28911
0 0 0 0 1 8.39573
0 0 0 0 1 8.27277
0 0 0 0 0 8.30438
0 0 0 0 1 8.26143
0 0 0 0 1 8.28104
0 0 0 0 1 8.3044
0 0 0 0 1 8.20432
0 0 0 0 1 8.28539
0 0 0 0 0 8.13677
0 0 0 0 1 8.24234
0 0 0 0 0 8.24148
0 0 0 0 1 8.17558
0 0 0 0 1 8.11003
0 0 0 0 1 8.17461
0 0 0 0 1 8.05287
0 0 0 0 1 8.0448
0 0 0 0 1 8.01268
0 0 0 0 1 8.08131
0 0 0 0 1 8.09761
0 0 0 0 1 7.98567
0 0 0 0 1 8.02632
0 0 0 0 1 7.93114
0 0 0 0 1 7.96774
0 0 0 0 0 7.98464
0 0 0 0 1 7.96981
0 0 0 0 1 7.97895
0 0 0 0 1 7.83776
0 0 0 0 1 7.98527
0 0 0 0 0 7.93944
0 0 0 0 0 7.83087
0 0 0 0 0 7.81271
0 0 0 0 1 7.8104
0 0 0 0 0 7.89895
0 0 0 0 1 7.85421
0 0 0 0 1 7.87231
0 0 0 0 1 7.74539
0 0 0 0 0 7.8418
0 0 0 0 1 7.74348
0 0 0 0 1 7.85077
0 0 0 0 1 7.75297
0 0 0 0 0 7.81364
