0 0 0 0 0 5.56398
0 0 0 0 1 5.50644
0 0 0 0 0 5.51561
0 0 0 0 1 5.52737
0 0 0 0 1 5.61493
0 0 0 0 1 5.56313
0 0 0 0 1 5.60552
0 0 0 0 1 5.62097
0 0 0 0 1 5.6669
0 0 0 0 1 5.57028
0 0 0 0 0 5.60855
0 0 0 0 0 5.67528
0 0 0 0 1 5.70489
0 0 0 0 1 5.6024
0 0 0 0 0 5.69807
0 0 0 0 0 5.69398
0 0 0 0 1 5.69928
0 0 0 0 1 5.74458
0 0 0 0 1 5.74448
0 0 0 0 1 5.73685
0 0 0 0 1 5.71395
0 0 0 0 1 5.68531
0 0 0 0 0 5.77161
0 0 0 0 1 5.7489
0 0 0 0 1 5.79721
0 0 0 0 0 5.79196
0 0 0 0 1 5.74622
0 0 0 0 1 5.83967
0 0 0 0 1 5.75909
0 0 0 0 0 5.86478
0 0 0 0 1 5.80158
0 0 0 0 1 5.82174
0 0 0 0 1 5.83613
0 0 0 0 0 5.91364
0 0 0 0 1 5.94447
0 0 0 0 1 5.83984
0 0 0 0 1 5.90034
0 0 0 0 1 5.9671
0 0 0 0 1 5.87981
0 0 0 0 0 5.95885
0 0 0 0 0 5.91898
0 0 0 0 1 5.93281
0 0 0 0 1 5.96006
0 0 0 0 1 5.95611
0 0 0 0 1 6.06654
0 0 0 0 1 5.97242
0 0 0 0 1 6.00367
0 0 0 0 1 6.04851
0 0 0 0 1 6.11794
0 0 0 0 1 6.07193
0 0 0 0 0 6.15406
0 0 0 0 1 6.07734
0 0 0 0 0 6.20809
0 0 0 0 1 6.14452
0 0 0 0 0 6.22779
0 0 0 0 1 6.22487
0 0 0 0 1 6.18475
0 0 0 0 1 6.19945
0 0 0 0 1 6.22773
0 0 0 0 0 6.29371
0 0 0 0 1 6.31528
0 0 0 0 1 6.24347
0 0 0 0 0 6.25334
0 0 0 0 1 6.38347
0 0 0 0 0 6.27961
0 0 0 0 1 6.42248
0 0 0 0 0 6.43936
0 0 0 0 1 6.39798
0 0 0 0 1 6.43419
0 0 0 0 1 6.43122
0 0 0 0 1 6.44836
0 0 0 0 1 6.49082
0 0 0 0 0 6.54724
0 0 0 0 1 6.4801
0 0 0 0 0 6.57602
0 0 0 0 1 6.59318
0 0 0 0 1 6.55119
0 0 0 0 1 6.59541
0 0 0 0 0 6.63265
0 0 0 0 1 6.63689
0 0 0 0 0 6.70788
0 0 0 0 0 6.62591
0 0 0 0 1 6.6777
0 0 0 0 1 6.66859
0 0 0 0 1 6.81487
0 0 0 0 0 6.84684
0 0 0 0 1 6.85175
0 0 0 0 1 6.87033
0 0 0 0 0 6.90959
0 0 0 0 0 6.85267
0 0 0 0 1 6.96117
0 0 0 0 0 6.88361
0 0 0 0 1 6.90239
0 0 0 0 1 7.03299
0 0 0 0 1 6.99626
0 0 0 0 0 6.99438
0 0 0 0 1 7.04139
0 0 0 0 1 7.0324
0 0 0 0 1 7.05888
0 0 0 0 1 7.08549
0 0 0 0 1 7.15528
0 0 0 0 0 7.18949
0 0 0 0 0 7.18003
0 0 0 0 1 7.20717
0 0 0 0 1 7.22666
0 0 0 0 0 7.34926
0 0 0 0 1 7.3546
0 0 0 0 1 7.45669
0 0 0 0 1 7.47717
0 0 0 0 1 7.46041
0 0 0 0 0 7.53356
0 0 0 0 1 7.54669
0 0 0 0 1 7.54468
0 0 0 0 1 7.61835
0 0 0 0 1 7.60149
0 0 0 0 1 7.61451
0 0 0 0 1 7.6121
0 0 0 0 0 7.76397
0 0 0 0 1 7.73081
0 0 0 0 1 7.75953
0 0 0 0 1 7.88276
0 0 0 0 1 7.84916
0 0 0 0 0 7.9173
0 0 0 0 1 7.88306
0 0 0 0 0 7.95155
0 0 0 0 1 8.00497
0 0 0 0 1 8.11513
0 0 0 0 1 8.17749
0 0 0 0 0 8.1338
0 0 0 0 1 8.15545
0 0 0 0 0 8.25879
0 0 0 0 1 8.24704
0 0 0 0 0 8.2355
0 0 0 0 1 8.39854
0 0 0 0 0 8.4537
0 0 0 0 0 8.50912
0 0 0 0 1 8.49677
0 0 0 0 0 8.62076
0 0 0 0 0 8.52295
0 0 0 0 1 8.70815
0 0 0 0 1 8.72057
0 0 0 0 0 8.79463
0 0 0 0 0 8.76282
0 0 0 0 1 8.82918
0 0 0 0 1 8.81414
0 0 0 0 1 8.93266
0 0 0 0 0 8.97109
0 0 0 0 0 9.04574
0 0 0 0 0 9.14911
0 0 0 0 1 9.17891
0 0 0 0 1 9.23624
0 0 0 0 1 9.1916
0 0 0 0 1 9.32449
0 0 0 0 1 9.38104
0 0 0 0 1 9.41995
0 0 0 0 1 9.48611
0 0 0 0 1 9.67715
0 0 0 0 1 9.57211
0 0 0 0 1 9.72602
0 0 0 0 1 9.69545
0 0 0 0 1 9.80164
0 0 0 0 1 9.87038
0 0 0 0 0 9.88638
0 0 0 0 0 10.0341
0 0 0 0 0 10.222
0 0 0 0 1 10.1787
0 0 0 0 1 10.1837
0 0 0 0 1 10.3328
0 0 0 0 1 10.3181
0 0 0 0 1 10.4265
0 0 0 0 1 10.5249
0 0 0 0 1 10.7285
0 0 0 0 1 10.7105
0 0 0 0 1 10.7541
0 0 0 0 1 9.25937
0 0 0 0 1 9.34674
0 0 0 0 1 9.31819
0 0 0 0 1 9.19266
0 0 0 0 1 9.30299
0 0 0 0 1 9.22422
0 0 0 0 0 9.23315
0 0 0 0 0 9.11847
0 0 0 0 1 9.20995
0 0 0 0 1 9.19628
0 0 0 0 1 9.16
0 0 0 0 0 9.10134
0 0 0 0 1 8.98406
0 0 0 0 0 9.04809
0 0 0 0 1 9.1076
0 0 0 0 1 9.00929
0 0 0 0 1 9.0509
0 0 0 0 0 8.87264
0 0 0 0 1 8.87403
0 0 0 0 0 8.87551
0 0 0 0 0 8.89083
0 0 0 0 1 8.96361
0 0 0 0 1 8.83206
0 0 0 0 0 8.8517
0 0 0 0 1 8.90675
0 0 0 0 1 8.86953
0 0 0 0 0 8.73073
0 0 0 0 1 8.74203
0 0 0 0 1 8.78851
0 0 0 0 1 8.6947
0 0 0 0 1 8.77632
0 0 0 0 1 8.69692
0 0 0 0 1 8.64771
0 0 0 0 1 8.63359
0 0 0 0 1 8.65439
0 0 0 0 1 8.70125
0 0 0 0 1 8.72211
0 0 0 0 1 8.58735
0 0 0 0 0 8.57402
0 0 0 0 0 8.64707
0 0 0 0 0 8.56507
0 0 0 0 1 8.60378
0 0 0 0 1 8.55668
0 0 0 0 0 8.65553
0 0 0 0 1 8.54029
0 0 0 0 1 8.4597
0 0 0 0 0 8.58729
0 0 0 0 0 8.57526
0 0 0 0 1 8.66131
0 0 0 0 1 8.77824
0 0 0 0 1 8.87744
0 0 0 0 0 8.99464
0 0 0 0 0 9.11146
0 0 0 0 1 9.27449
0 0 0 0 0 9.36322
0 0 0 0 1 9.63161
0 0 0 0 1 9.62296
0 0 0 0 0 9.9044
0 0 0 0 1 9.9998
0 0 0 0 1 10.0823
0 0 0 0 0 10.4623
0 0 0 0 0 10.479
0 0 0 0 0 10.7804
0 0 0 0 1 10.9199
0 0 0 0 1 11.202
0 0 0 0 0 11.4516
0 0 0 0 1 11.5388
0 0 0 0 1 11.926
0 0 0 0 1 12.0904
0 0 0 0 0 12.284
0 0 0 0 1 12.4725
0 0 0 0 1 12.7576
0 0 0 0 1 22.7737
0 0 0 0 1 22.5731
0 0 0 0 1 22.5302
0 0 0 0 0 22.4444
0 0 0 0 1 22.7894
0 0 0 0 1 22.6137
0 0 0 0 0 22.4387
0 0 0 0 1 22.5808
0 0 0 0 1 22.6779
0 0 0 0 1 22.369
0 0 0 0 1 22.6699
0 0 0 0 1 22.3623
0 0 0 0 1 22.5074
0 0 0 0 1 22.6963
0 0 0 0 1 22.3679
0 0 0 0 1 22.7149
0 0 0 0 1 22.2529
0 0 0 0 1 22.3983
0 0 0 0 1 23.4316
0 0 0 0 1 24.0755
0 0 0 0 1 24.9925
0 0 0 0 1 26.2647
0 0 0 0 1 36.6361
0 0 0 0 0 36.7667
0 0 0 0 1 36.17
0 0 0 0 1 36.1929
0 0 0 0 0 36.4289
0 0 0 0 1 38.796
0 0 0 0 1 51.9105
0 0 0 0 1 52.5717
0 0 0 0 1 51.621
0 0 0 0 1 52.2318
0 0 0 0 1 51.5431
0 0 0 0 1 56.6671
0 0 0 0 0 65.0043
0 0 0 0 1 70.1516
0 0 0 0 1 82.4645
0 0 0 0 0 4.96992
0 0 0 0 0 4.99998
0 0 0 0 0 5.04006
0 0 0 0 0 5.03004
0 0 0 0 0 4.97493
0 0 0 0 0 5.04507
0 0 0 0 0 5.00499
0 0 0 0 0 4.96992
0 0 0 0 0 5.05509
0 0 0 0 0 5.01501
0 0 0 0 0 4.99998
0 0 0 0 0 5.0601
0 0 0 0 1 88.4667
0 0 0 0 0 87.3371
0 0 0 0 1 74.9946
0 0 0 0 1 64.4135
0 0 0 0 1 60.6475
0 0 0 0 1 61.0219
0 0 0 0 1 61.0944
0 0 0 0 1 52.0349
0 0 0 0 0 47.5553
0 0 0 0 1 48.2395
0 0 0 0 1 39.5098
0 0 0 0 1 36.9303
0 0 0 0 1 35.5252
0 0 0 0 1 35.5016
0 0 0 0 1 35.8349
0 0 0 0 0 36.0271
0 0 0 0 1 28.2744
0 0 0 0 1 26.9375
0 0 0 0 1 25.8699
0 0 0 0 1 24.4915
0 0 0 0 1 24.7001
0 0 0 0 0 24.8356
0 0 0 0 0 24.4774
0 0 0 0 1 24.8851
0 0 0 0 0 24.504
0 0 0 0 0 24.6662
0 0 0 0 1 24.4831
0 0 0 0 1 24.6711
0 0 0 0 1 24.7841
0 0 0 0 1 18.2909
0 0 0 0 1 17.7211
0 0 0 0 1 17.1746
0 0 0 0 1 16.8615
0 0 0 0 1 16.3425
0 0 0 0 1 15.9748
0 0 0 0 1 15.4699
0 0 0 0 0 15.0758
0 0 0 0 1 14.8163
0 0 0 0 1 14.2788
0 0 0 0 1 14.1836
0 0 0 0 1 13.8453
0 0 0 0 0 13.7598
0 0 0 0 1 14.05
0 0 0 0 1 13.9511
0 0 0 0 1 14.0473
0 0 0 0 1 14.0764
0 0 0 0 1 13.8662
0 0 0 0 1 14.0751
0 0 0 0 1 14.0608
0 0 0 0 0 13.993
0 0 0 0 0 13.909
0 0 0 0 1 14.1759
0 0 0 0 1 13.9799
0 0 0 0 1 14.0253
0 0 0 0 1 14.0967
0 0 0 0 0 14.1826
0 0 0 0 1 14.1304
0 0 0 0 1 14.2452
0 0 0 0 1 14.0917
0 0 0 0 0 14.054
0 0 0 0 1 14.2124
0 0 0 0 0 14.0759
0 0 0 0 1 14.2351
0 0 0 0 0 14.3123
0 0 0 0 1 14.3158
0 0 0 0 1 14.194
0 0 0 0 1 14.1691
0 0 0 0 1 14.4195
0 0 0 0 1 14.2519
0 0 0 0 0 8.77297
0 0 0 0 1 8.72963
0 0 0 0 1 8.68464
0 0 0 0 1 8.40978
0 0 0 0 1 8.349
0 0 0 0 0 8.29563
0 0 0 0 1 8.16871
0 0 0 0 1 8.02528
0 0 0 0 0 7.96427
0 0 0 0 1 7.95008
0 0 0 0 1 7.78729
0 0 0 0 0 7.77163
0 0 0 0 1 7.71025
0 0 0 0 1 7.52001
0 0 0 0 1 7.40701
0 0 0 0 1 7.42237
0 0 0 0 0 7.32426
0 0 0 0 1 7.20688
0 0 0 0 0 7.2339
0 0 0 0 1 7.1029
0 0 0 0 0 6.98023
0 0 0 0 1 6.90256
0 0 0 0 1 6.85752
0 0 0 0 1 6.80071
0 0 0 0 0 6.78443
0 0 0 0 1 6.71384
0 0 0 0 0 6.67665
0 0 0 0 1 6.62596
0 0 0 0 1 6.45808
0 0 0 0 1 6.4366
0 0 0 0 0 6.43122
0 0 0 0 1 6.39597
0 0 0 0 1 6.2161
0 0 0 0 1 6.16299
0 0 0 0 1 6.18405
0 0 0 0 1 6.16725
0 0 0 0 0 6.07714
0 0 0 0 1 6.04479
0 0 0 0 1 5.99749
0 0 0 0 1 5.96501
0 0 0 0 1 5.91771
0 0 0 0 1 5.80936
0 0 0 0 0 5.82353
0 0 0 0 1 5.73361
0 0 0 0 1 5.73823
0 0 0 0 1 5.66051
0 0 0 0 1 5.58902
0 0 0 0 1 5.61014
0 0 0 0 1 5.5556
0 0 0 0 0 5.53422
0 0 0 0 1 5.39845
0 0 0 0 1 5.42927
0 0 0 0 1 5.42177
0 0 0 0 1 5.33082
0 0 0 0 1 5.34443
0 0 0 0 1 5.28065
0 0 0 0 1 5.16842
0 0 0 0 1 5.17648
0 0 0 0 1 5.16864
0 0 0 0 1 5.14522
0 0 0 0 0 5.11334
0 0 0 0 1 5.06969
0 0 0 0 1 5.00952
0 0 0 0 1 4.97642
0 0 0 0 1 4.98301
0 0 0 0 1 4.9007
0 0 0 0 1 4.85333
0 0 0 0 1 4.82407
0 0 0 0 1 4.8737
0 0 0 0 1 4.80537
0 0 0 0 0 4.83152
0 0 0 0 1 4.86857
0 0 0 0 1 4.91074
0 0 0 0 1 4.92277
0 0 0 0 1 4.93603
0 0 0 0 1 4.87081
0 0 0 0 1 4.96772
0 0 0 0 1 4.89109
0 0 0 0 1 4.98369
0 0 0 0 1 4.94256
0 0 0 0 1 4.94988
0 0 0 0 1 5.02853
0 0 0 0 1 4.9921
0 0 0 0 0 5.03611
0 0 0 0 1 5.02977
0 0 0 0 1 5.0996
0 0 0 0 1 5.07806
0 0 0 0 1 5.10754
0 0 0 0 1 5.0999
0 0 0 0 0 5.14505
0 0 0 0 1 5.20083
0 0 0 0 1 5.14271
0 0 0 0 1 5.18317
0 0 0 0 1 5.23959
0 0 0 0 1 5.28062
0 0 0 0 1 5.27971
0 0 0 0 1 5.33318
0 0 0 0 1 5.32699
0 0 0 0 0 5.35275
0 0 0 0 1 5.31965
0 0 0 0 0 5.37236
0 0 0 0 1 5.37283
0 0 0 0 1 5.46407
0 0 0 0 1 5.39782
0 0 0 0 1 5.45141
0 0 0 0 1 5.47386
0 0 0 0 1 5.51699
0 0 0 0 1 5.50087
0 0 0 0 1 5.54987
0 0 0 0 1 5.64554
0 0 0 0 0 5.67285
0 0 0 0 1 5.67367
0 0 0 0 1 5.62738
0 0 0 0 1 5.66189
0 0 0 0 0 5.74657
0 0 0 0 0 5.77021
0 0 0 0 1 5.79393
0 0 0 0 1 5.79446
0 0 0 0 1 5.89246
0 0 0 0 1 5.8111
0 0 0 0 1 5.86427
0 0 0 0 1 5.91781
0 0 0 0 0 6.00742
0 0 0 0 1 5.99603
0 0 0 0 1 5.99034
0 0 0 0 1 6.09321
0 0 0 0 1 6.05111
0 0 0 0 1 6.08776
0 0 0 0 1 6.1614
0 0 0 0 1 6.1693
0 0 0 0 1 9.49048
0 0 0 0 1 9.45289
0 0 0 0 1 9.38394
0 0 0 0 1 9.43785
0 0 0 0 0 9.29749
0 0 0 0 0 9.36991
0 0 0 0 1 9.35793
0 0 0 0 1 9.3614
0 0 0 0 0 9.17671
0 0 0 0 0 9.1654
0 0 0 0 1 9.14494
0 0 0 0 1 9.07874
0 0 0 0 1 9.16835
0 0 0 0 1 9.02047
0 0 0 0 1 9.10059
0 0 0 0 0 8.96292
0 0 0 0 1 9.04271
0 0 0 0 0 9.04677
0 0 0 0 1 9.03612
0 0 0 0 1 8.90592
0 0 0 0 0 8.99394
0 0 0 0 0 8.85906
0 0 0 0 1 8.89351
0 0 0 0 1 8.81286
0 0 0 0 1 8.8704
0 0 0 0 0 8.76395
0 0 0 0 1 8.81592
0 0 0 0 1 8.67728
0 0 0 0 1 8.64212
0 0 0 0 1 8.66464
0 0 0 0 1 8.62979
0 0 0 0 1 8.71285
0 0 0 0 0 8.68677
0 0 0 0 0 8.67467
0 0 0 0 1 8.55457
0 0 0 0 0 8.62853
0 0 0 0 1 8.46665
0 0 0 0 1 8.48093
0 0 0 0 0 8.43572
0 0 0 0 0 8.46705
0 0 0 0 1 8.40528
0 0 0 0 0 8.36915
0 0 0 0 1 8.32851
0 0 0 0 1 8.41039
0 0 0 0 1 8.31608
0 0 0 0 0 8.4061
0 0 0 0 1 8.26233
0 0 0 0 1 8.37254
0 0 0 0 1 8.36245
0 0 0 0 1 8.22004
0 0 0 0 1 8.34715
0 0 0 0 1 8.1972
0 0 0 0 1 8.29484
0 0 0 0 1 8.19506
0 0 0 0 1 8.27607
0 0 0 0 0 8.12786
0 0 0 0 0 8.11908
0 0 0 0 1 8.11043
0 0 0 0 1 8.14254
0 0 0 0 1 8.15839
0 0 0 0 1 8.17427
0 0 0 0 1 8.0448
0 0 0 0 1 8.06911
0 0 0 0 1 8.05716
0 0 0 0 1 8.01728
0 0 0 0 1 8.0418
0 0 0 0 1 8.05833
0 0 0 0 1 7.91517
0 0 0 0 1 8.0156
0 0 0 0 1 7.9528
0 0 0 0 1 8.00954
0 0 0 0 1 7.95516
0 0 0 0 0 7.94068
0 0 0 0 0 7.97737
0 0 0 0 1 7.84473
0 0 0 0 1 7.83874
0 0 0 0 0 7.79698
0 0 0 0 0 7.87326
0 0 0 0 1 7.92248
0 0 0 0 1 7.87771
0 0 0 0 0 7.85667
0 0 0 0 1 7.8625
0 0 0 0 1 7.86519
0 0 0 0 1 7.72014
0 0 0 0 1 7.78082
0 0 0 0 1 7.7685
0 0 0 0 0 7.75938
