0 0 0 0 1 5.56953
0 0 0 0 1 5.53422
0 0 0 0 0 5.56013
0 0 0 0 1 5.59981
0 0 0 0 0 5.62051
0 0 0 0 1 5.57431
0 0 0 0 1 5.56636
0 0 0 0 1 5.61537
0 0 0 0 1 5.56591
0 0 0 0 1 5.64335
0 0 0 0 0 5.58039
0 0 0 0 0 5.60194
0 0 0 0 1 5.62016
0 0 0 0 0 5.62504
0 0 0 0 1 5.65838
0 0 0 0 1 5.71668
0 0 0 0 0 5.69359
0 0 0 0 1 5.6591
0 0 0 0 1 5.7559
0 0 0 0 1 5.74256
0 0 0 0 1 5.76548
0 0 0 0 0 5.78857
0 0 0 0 1 5.78311
0 0 0 0 1 5.70282
0 0 0 0 1 5.82605
0 0 0 0 0 5.8382
0 0 0 0 1 5.8389
0 0 0 0 0 5.74679
0 0 0 0 1 5.84053
0 0 0 0 1 5.8881
0 0 0 0 1 5.88337
0 0 0 0 1 5.82759
0 0 0 0 1 5.89472
0 0 0 0 1 5.81968
0 0 0 0 1 5.86796
0 0 0 0 1 5.90473
0 0 0 0 1 5.85304
0 0 0 0 1 5.98488
0 0 0 0 0 5.9095
0 0 0 0 1 5.97671
0 0 0 0 1 6.02042
0 0 0 0 1 5.99261
0 0 0 0 1 5.94808
0 0 0 0 0 5.9441
0 0 0 0 1 5.97024
0 0 0 0 1 6.01465
0 0 0 0 0 6.05813
0 0 0 0 1 6.09705
0 0 0 0 1 6.0997
0 0 0 0 1 6.08412
0 0 0 0 1 6.13572
0 0 0 0 1 6.1141
0 0 0 0 0 6.14048
0 0 0 0 1 6.10758
0 0 0 0 1 6.19075
0 0 0 0 1 6.22487
0 0 0 0 1 6.2654
0 0 0 0 1 6.2119
0 0 0 0 1 6.23397
0 0 0 0 1 6.2374
0 0 0 0 0 6.33412
0 0 0 0 1 6.28123
0 0 0 0 1 6.32275
0 0 0 0 1 6.26327
0 0 0 0 1 6.29229
0 0 0 0 1 6.37156
0 0 0 0 1 6.32449
0 0 0 0 1 6.4172
0 0 0 0 1 6.47272
0 0 0 0 1 6.41189
0 0 0 0 1 6.42898
0 0 0 0 0 6.52324
0 0 0 0 0 6.48223
0 0 0 0 0 6.53878
0 0 0 0 1 6.52372
0 0 0 0 1 6.58005
0 0 0 0 1 6.63678
0 0 0 0 0 6.5426
0 0 0 0 1 6.69228
0 0 0 0 1 6.69009
0 0 0 0 1 6.62778
0 0 0 0 1 6.74638
0 0 0 0 1 6.68441
0 0 0 0 1 6.72248
0 0 0 0 1 6.79459
0 0 0 0 0 6.84684
0 0 0 0 1 6.84494
0 0 0 0 0 6.89084
0 0 0 0 1 6.88214
0 0 0 0 1 6.83889
0 0 0 0 1 6.8644
0 0 0 0 1 6.86975
0 0 0 0 0 6.9998
0 0 0 0 1 6.92125
0 0 0 0 1 6.94719
0 0 0 0 1 7.04363
0 0 0 0 0 7.13329
0 0 0 0 0 7.0324
0 0 0 0 1 7.08025
0 0 0 0 0 7.11409
0 0 0 0 0 7.1481
0 0 0 0 0 7.16788
0 0 0 0 1 7.29584
0 0 0 0 1 7.29436
0 0 0 0 1 7.36535
0 0 0 0 1 7.29064
0 0 0 0 1 7.34724
0 0 0 0 0 7.34594
0 0 0 0 0 7.48458
0 0 0 0 1 7.42315
0 0 0 0 1 7.53356
0 0 0 0 1 7.50159
0 0 0 0 1 7.56734
0 0 0 0 0 7.52729
0 0 0 0 0 7.59387
0 0 0 0 1 7.61451
0 0 0 0 1 7.61978
0 0 0 0 1 7.68672
0 0 0 0 1 7.70753
0 0 0 0 0 7.85312
0 0 0 0 1 7.89059
0 0 0 0 1 7.83343
0 0 0 0 0 7.95685
0 0 0 0 1 8.01815
0 0 0 0 1 8.03946
0 0 0 0 1 8.0692
0 0 0 0 1 8.04253
0 0 0 0 1 8.07213
0 0 0 0 1 8.12565
0 0 0 0 1 8.13088
0 0 0 0 1 8.21762
0 0 0 0 1 8.36296
0 0 0 0 1 8.26877
0 0 0 0 1 8.28979
0 0 0 0 1 8.37799
0 0 0 0 0 8.39071
0 0 0 0 0 8.42873
0 0 0 0 1 8.61221
0 0 0 0 1 8.6776
0 0 0 0 1 8.60448
0 0 0 0 1 8.72926
0 0 0 0 1 8.68973
0 0 0 0 0 8.80681
0 0 0 0 1 8.89104
0 0 0 0 1 8.88529
0 0 0 0 0 8.87895
0 0 0 0 0 8.94407
0 0 0 0 1 8.98229
0 0 0 0 1 9.18556
0 0 0 0 0 9.18808
0 0 0 0 1 9.14397
0 0 0 0 1 9.34016
0 0 0 0 0 9.27782
0 0 0 0 1 9.45624
0 0 0 0 0 9.52399
0 0 0 0 1 9.53373
0 0 0 0 1 9.64838
0 0 0 0 1 9.69755
0 0 0 0 1 9.68716
0 0 0 0 1 9.77372
0 0 0 0 1 9.76224
0 0 0 0 0 9.83074
0 0 0 0 1 10.0362
0 0 0 0 1 10.0642
0 0 0 0 1 10.1511
0 0 0 0 1 10.2399
0 0 0 0 1 10.2043
0 0 0 0 1 10.2603
0 0 0 0 0 10.5161
0 0 0 0 1 10.542
0 0 0 0 1 10.5672
0 0 0 0 0 10.6752
0 0 0 0 1 10.689
0 0 0 0 1 10.8191
0 0 0 0 1 9.26867
0 0 0 0 0 9.3653
0 0 0 0 1 9.28114
0 0 0 0 1 9.2481
0 0 0 0 1 9.24767
0 0 0 0 0 9.26101
0 0 0 0 1 9.23315
0 0 0 0 1 9.23749
0 0 0 0 0 9.11858
0 0 0 0 1 9.09602
0 0 0 0 1 9.05994
0 0 0 0 1 9.01968
0 0 0 0 1 9.12897
0 0 0 0 1 9.10233
0 0 0 0 1 9.08957
0 0 0 0 1 8.94629
0 0 0 0 1 9.00601
0 0 0 0 1 9.025
0 0 0 0 1 8.87403
0 0 0 0 0 9.00944
0 0 0 0 0 8.89083
0 0 0 0 1 8.82133
0 0 0 0 1 8.91195
0 0 0 0 0 8.91373
0 0 0 0 1 8.79177
0 0 0 0 1 8.88718
0 0 0 0 1 8.76597
0 0 0 0 1 8.77721
0 0 0 0 0 8.84997
0 0 0 0 1 8.84371
0 0 0 0 1 8.71507
0 0 0 0 1 8.79297
0 0 0 0 0 8.73489
0 0 0 0 0 8.651
0 0 0 0 1 8.7239
0 0 0 0 1 8.76198
0 0 0 0 1 8.72211
0 0 0 0 1 8.6133
0 0 0 0 0 8.57402
0 0 0 0 0 8.54362
0 0 0 0 1 8.64254
0 0 0 0 1 8.62097
0 0 0 0 1 8.55668
0 0 0 0 1 8.58697
0 0 0 0 1 8.62587
0 0 0 0 1 8.46824
0 0 0 0 0 8.519
0 0 0 0 1 8.59231
0 0 0 0 1 8.51552
0 0 0 0 0 8.68254
0 0 0 0 1 8.88627
0 0 0 0 1 9.03047
0 0 0 0 1 9.16602
0 0 0 0 1 9.14517
0 0 0 0 0 9.36322
0 0 0 0 1 9.45043
0 0 0 0 1 9.75849
0 0 0 0 1 9.89456
0 0 0 0 1 10.0298
0 0 0 0 1 10.0925
0 0 0 0 1 10.338
0 0 0 0 1 10.5951
0 0 0 0 1 10.7912
0 0 0 0 1 10.898
0 0 0 0 1 11.2355
0 0 0 0 1 11.4289
0 0 0 0 1 11.6431
0 0 0 0 1 11.8314
0 0 0 0 1 12.0422
0 0 0 0 0 12.2102
0 0 0 0 1 12.6234
0 0 0 0 0 12.8219
0 0 0 0 1 22.6373
0 0 0 0 1 22.8002
0 0 0 0 1 22.5983
0 0 0 0 0 22.7164
0 0 0 0 1 22.5176
0 0 0 0 0 22.4553
0 0 0 0 1 22.5066
0 0 0 0 1 22.4904
0 0 0 0 1 22.6327
0 0 0 0 1 22.5496
0 0 0 0 1 22.3541
0 0 0 0 1 22.7455
0 0 0 0 1 22.3947
0 0 0 0 0 22.6287
0 0 0 0 1 22.4354
0 0 0 0 1 22.3101
0 0 0 0 0 22.3428
0 0 0 0 1 22.6903
0 0 0 0 1 23.0604
0 0 0 0 1 23.9549
0 0 0 0 0 24.9171
0 0 0 0 1 26.1861
0 0 0 0 0 36.3812
0 0 0 0 1 36.1478
0 0 0 0 1 36.1336
0 0 0 0 1 36.4839
0 0 0 0 1 36.0286
0 0 0 0 1 38.7189
0 0 0 0 0 51.6502
0 0 0 0 1 51.5307
0 0 0 0 1 52.3495
0 0 0 0 0 52.4919
0 0 0 0 0 52.2192
0 0 0 0 1 56.4979
0 0 0 0 1 65.0697
0 0 0 0 1 69.4549
0 0 0 0 1 82.6281
0 0 0 0 0 5.05509
0 0 0 0 0 5.05008
0 0 0 0 0 4.9599
0 0 0 0 0 4.9599
0 0 0 0 0 5.04006
0 0 0 0 0 5.03505
0 0 0 0 0 5.01501
0 0 0 0 0 5.03004
0 0 0 0 0 4.97994
0 0 0 0 0 4.97493
0 0 0 0 0 4.96992
0 0 0 0 0 5.05509
0 0 0 0 1 88.4667
0 0 0 0 1 88.0379
0 0 0 0 1 74.9195
0 0 0 0 0 64.1582
0 0 0 0 1 60.7685
0 0 0 0 1 60.4165
0 0 0 0 0 60.7917
0 0 0 0 1 51.3644
0 0 0 0 1 48.467
0 0 0 0 1 48.0955
0 0 0 0 1 39.0385
0 0 0 0 1 36.6357
0 0 0 0 1 35.9888
0 0 0 0 0 36.0368
0 0 0 0 1 35.478
0 0 0 0 1 35.7771
0 0 0 0 0 28.3025
0 0 0 0 1 26.5355
0 0 0 0 0 25.8955
0 0 0 0 1 24.7868
0 0 0 0 1 24.38
0 0 0 0 1 24.5892
0 0 0 0 0 24.576
0 0 0 0 0 24.4165
0 0 0 0 0 24.9235
0 0 0 0 1 24.4933
0 0 0 0 1 24.5572
0 0 0 0 1 24.9677
0 0 0 0 1 24.5862
0 0 0 0 1 18.1453
0 0 0 0 1 17.8449
0 0 0 0 1 17.1402
0 0 0 0 1 16.6943
0 0 0 0 1 16.4565
0 0 0 0 0 15.9271
0 0 0 0 1 15.408
0 0 0 0 1 14.97
0 0 0 0 1 14.7868
0 0 0 0 1 14.3654
0 0 0 0 0 14.0003
0 0 0 0 1 13.8314
0 0 0 0 1 13.8849
0 0 0 0 1 13.7996
0 0 0 0 1 14.0625
0 0 0 0 1 13.9079
0 0 0 0 0 13.895
0 0 0 0 1 14.0756
0 0 0 0 0 13.9493
0 0 0 0 0 14.0608
0 0 0 0 1 14.1191
0 0 0 0 1 13.923
0 0 0 0 1 13.9794
0 0 0 0 1 13.9659
0 0 0 0 0 14.0956
0 0 0 0 1 14.1812
0 0 0 0 0 14.0134
0 0 0 0 1 14.2151
0 0 0 0 0 14.0756
0 0 0 0 1 14.0351
0 0 0 0 1 14.224
0 0 0 0 0 14.2691
0 0 0 0 1 14.2321
0 0 0 0 1 14.1924
0 0 0 0 1 14.2839
0 0 0 0 1 14.273
0 0 0 0 1 14.2654
0 0 0 0 1 14.1977
0 0 0 0 1 14.4624
0 0 0 0 1 14.2949
0 0 0 0 1 8.83475
0 0 0 0 1 8.62508
0 0 0 0 0 8.66745
0 0 0 0 1 8.5372
0 0 0 0 1 8.44969
0 0 0 0 1 8.34535
0 0 0 0 1 8.22606
0 0 0 0 1 8.14663
0 0 0 0 1 7.97227
0 0 0 0 1 7.89476
0 0 0 0 0 7.76384
0 0 0 0 1 7.74073
0 0 0 0 1 7.64911
0 0 0 0 1 7.63338
0 0 0 0 1 7.51913
0 0 0 0 0 7.34097
0 0 0 0 1 7.36084
0 0 0 0 1 7.20688
0 0 0 0 1 7.1407
0 0 0 0 1 7.12418
0 0 0 0 0 7.07152
0 0 0 0 0 6.98606
0 0 0 0 1 6.90572
0 0 0 0 1 6.78707
0 0 0 0 1 6.79119
0 0 0 0 0 6.72723
0 0 0 0 0 6.59709
0 0 0 0 1 6.54716
0 0 0 0 1 6.52312
0 0 0 0 1 6.5011
0 0 0 0 1 6.41206
0 0 0 0 1 6.32631
0 0 0 0 0 6.2161
0 0 0 0 1 6.23769
0 0 0 0 0 6.22726
0 0 0 0 1 6.14277
0 0 0 0 1 6.1014
0 0 0 0 0 5.97254
0 0 0 0 1 5.94378
0 0 0 0 0 5.97686
0 0 0 0 0 5.81203
0 0 0 0 1 5.84432
0 0 0 0 1 5.7657
0 0 0 0 1 5.70491
0 0 0 0 1 5.6643
0 0 0 0 1 5.69437
0 0 0 0 1 5.61702
0 0 0 0 0 5.51553
0 0 0 0 1 5.48933
0 0 0 0 1 5.45203
0 0 0 0 1 5.49087
0 0 0 0 0 5.39686
0 0 0 0 1 5.31978
0 0 0 0 1 5.32017
0 0 0 0 1 5.34443
0 0 0 0 1 5.27015
0 0 0 0 0 5.25187
0 0 0 0 0 5.20239
0 0 0 0 1 5.18408
0 0 0 0 0 5.12476
0 0 0 0 1 5.05754
0 0 0 0 1 5.06969
0 0 0 0 1 5.02457
0 0 0 0 1 5.02126
0 0 0 0 1 4.90384
0 0 0 0 1 4.94494
0 0 0 0 1 4.93145
0 0 0 0 1 4.90666
0 0 0 0 1 4.84474
0 0 0 0 1 4.84389
0 0 0 0 1 4.846
0 0 0 0 1 4.80075
0 0 0 0 1 4.88643
0 0 0 0 1 4.84966
0 0 0 0 0 4.85776
0 0 0 0 1 4.92973
0 0 0 0 1 4.95787
0 0 0 0 1 4.90591
0 0 0 0 1 4.98369
0 0 0 0 1 4.94256
0 0 0 0 1 5.03471
0 0 0 0 1 5.05858
0 0 0 0 0 5.03735
0 0 0 0 0 5.07144
0 0 0 0 1 5.11081
0 0 0 0 1 5.05893
0 0 0 0 1 5.12399
0 0 0 0 1 5.15877
0 0 0 0 1 5.12558
0 0 0 0 0 5.13989
0 0 0 0 0 5.12838
0 0 0 0 1 5.17388
0 0 0 0 1 5.2301
0 0 0 0 1 5.22912
0 0 0 0 1 5.24384
0 0 0 0 1 5.32191
0 0 0 0 1 5.26426
0 0 0 0 1 5.28442
0 0 0 0 1 5.28865
0 0 0 0 1 5.32502
0 0 0 0 1 5.42081
0 0 0 0 1 5.40529
0 0 0 0 1 5.47493
0 0 0 0 0 5.47416
0 0 0 0 1 5.44046
0 0 0 0 1 5.46836
0 0 0 0 1 5.57773
0 0 0 0 1 5.55638
0 0 0 0 1 5.52759
0 0 0 0 0 5.58393
0 0 0 0 1 5.65598
0 0 0 0 1 5.68497
0 0 0 0 1 5.66709
0 0 0 0 1 5.73602
0 0 0 0 1 5.76374
0 0 0 0 0 5.71269
0 0 0 0 0 5.82284
0 0 0 0 1 5.83514
0 0 0 0 1 5.85746
0 0 0 0 1 5.91665
0 0 0 0 1 5.91142
0 0 0 0 1 5.90004
0 0 0 0 1 5.90621
0 0 0 0 1 5.94816
0 0 0 0 1 5.95426
0 0 0 0 0 6.0388
0 0 0 0 0 6.08756
0 0 0 0 1 6.06944
0 0 0 0 1 6.16754
0 0 0 0 1 6.12607
0 0 0 0 1 9.42385
0 0 0 0 1 9.47185
0 0 0 0 1 9.53514
0 0 0 0 1 9.37191
0 0 0 0 1 9.35378
0 0 0 0 1 9.28574
0 0 0 0 1 9.37657
0 0 0 0 0 9.23125
0 0 0 0 1 9.24153
0 0 0 0 1 9.32231
0 0 0 0 1 9.25534
0 0 0 0 1 9.22546
0 0 0 0 0 9.09522
0 0 0 0 1 9.07514
0 0 0 0 1 9.07335
0 0 0 0 1 9.07156
0 0 0 0 1 8.97051
0 0 0 0 1 8.93875
0 0 0 0 0 8.96433
0 0 0 0 1 9.04018
0 0 0 0 1 8.89579
0 0 0 0 0 8.85906
0 0 0 0 1 8.79598
0 0 0 0 1 8.92777
0 0 0 0 1 8.89685
0 0 0 0 1 8.77274
0 0 0 0 1 8.75458
0 0 0 0 0 8.68603
0 0 0 0 1 8.65956
0 0 0 0 0 8.76033
0 0 0 0 1 8.69918
0 0 0 0 1 8.69555
0 0 0 0 1 8.54875
0 0 0 0 1 8.68328
0 0 0 0 1 8.52883
0 0 0 0 1 8.63709
0 0 0 0 1 8.50932
0 0 0 0 1 8.45538
0 0 0 0 0 8.53766
0 0 0 0 1 8.49248
0 0 0 0 0 8.50675
0 0 0 0 1 8.4029
0 0 0 0 1 8.37058
0 0 0 0 1 8.46914
0 0 0 0 1 8.33283
0 0 0 0 1 8.33089
0 0 0 0 1 8.28734
0 0 0 0 1 8.23951
0 0 0 0 1 8.28779
0 0 0 0 0 8.28626
0 0 0 0 0 8.21492
0 0 0 0 1 8.22194
0 0 0 0 1 8.1714
0 0 0 0 1 8.17043
0 0 0 0 1 8.12038
0 0 0 0 1 8.24234
0 0 0 0 0 8.1354
0 0 0 0 0 8.19186
0 0 0 0 1 8.17504
0 0 0 0 1 8.15839
0 0 0 0 1 8.04478
0 0 0 0 1 8.15788
0 0 0 0 0 8.1336
0 0 0 0 1 7.97667
0 0 0 0 1 8.00121
0 0 0 0 0 8.0418
0 0 0 0 1 7.9543
0 0 0 0 1 8.01101
0 0 0 0 1 7.94382
0 0 0 0 1 7.92892
0 0 0 0 1 7.9857
0 0 0 0 1 7.9155
0 0 0 0 1 7.99609
0 0 0 0 0 7.94574
0 0 0 0 1 7.94733
0 0 0 0 1 7.94116
0 0 0 0 1 7.89139
0 0 0 0 1 7.8654
0 0 0 0 1 7.89111
0 0 0 0 1 7.7994
0 0 0 0 1 7.79413
0 0 0 0 1 7.87812
0 0 0 0 1 7.74047
0 0 0 0 1 7.83687
0 0 0 0 1 7.78082
0 0 0 0 0 7.73745
0 0 0 0 0 7.75938
