0 0 0 0 1 5.49187
0 0 0 0 1 5.61201
0 0 0 0 0 5.57683
0 0 0 0 1 5.54966
0 0 0 0 1 5.53679
0 0 0 0 1 5.54635
0 0 0 0 1 5.54957
0 0 0 0 1 5.62097
0 0 0 0 1 5.55469
0 0 0 0 1 5.67145
0 0 0 0 1 5.66486
0 0 0 0 0 5.59065
0 0 0 0 1 5.67665
0 0 0 0 1 5.61938
0 0 0 0 1 5.6357
0 0 0 0 0 5.69398
0 0 0 0 1 5.63102
0 0 0 0 1 5.6477
0 0 0 0 0 5.68167
0 0 0 0 1 5.70828
0 0 0 0 1 5.77693
0 0 0 0 1 5.69105
0 0 0 0 1 5.70838
0 0 0 0 1 5.80651
0 0 0 0 1 5.71069
0 0 0 0 1 5.75728
0 0 0 0 1 5.81573
0 0 0 0 1 5.86289
0 0 0 0 1 5.85798
0 0 0 0 1 5.82397
0 0 0 0 1 5.78989
0 0 0 0 0 5.90365
0 0 0 0 1 5.83613
0 0 0 0 0 5.89015
0 0 0 0 1 5.85619
0 0 0 0 1 5.94012
0 0 0 0 1 5.85896
0 0 0 0 1 5.9434
0 0 0 0 1 5.89763
0 0 0 0 0 5.89337
0 0 0 0 0 5.91898
0 0 0 0 0 5.99261
0 0 0 0 1 5.93011
0 0 0 0 1 5.96211
0 0 0 0 1 6.04246
0 0 0 0 1 6.04482
0 0 0 0 0 6.05813
0 0 0 0 0 6.10918
0 0 0 0 1 6.0328
0 0 0 0 1 6.1146
0 0 0 0 1 6.05016
0 0 0 0 1 6.1141
0 0 0 0 1 6.17736
0 0 0 0 1 6.19377
0 0 0 0 0 6.19693
0 0 0 0 1 6.16918
0 0 0 0 1 6.19096
0 0 0 0 1 6.18078
0 0 0 0 1 6.19653
0 0 0 0 1 6.23115
0 0 0 0 1 6.24623
0 0 0 0 1 6.35676
0 0 0 0 1 6.31644
0 0 0 0 1 6.26959
0 0 0 0 1 6.38109
0 0 0 0 1 6.35246
0 0 0 0 0 6.42022
0 0 0 0 1 6.41079
0 0 0 0 1 6.45345
0 0 0 0 1 6.41833
0 0 0 0 0 6.42898
0 0 0 0 1 6.47785
0 0 0 0 1 6.44321
0 0 0 0 0 6.48662
0 0 0 0 1 6.47143
0 0 0 0 1 6.57349
0 0 0 0 1 6.55777
0 0 0 0 1 6.569
0 0 0 0 0 6.65915
0 0 0 0 1 6.58369
0 0 0 0 0 6.63446
0 0 0 0 1 6.71961
0 0 0 0 1 6.74482
0 0 0 0 1 6.76963
0 0 0 0 1 6.69994
0 0 0 0 0 6.80612
0 0 0 0 1 6.86538
0 0 0 0 1 6.89768
0 0 0 0 0 6.93018
0 0 0 0 1 6.94909
0 0 0 0 1 6.90587
0 0 0 0 1 6.86975
0 0 0 0 1 6.90935
0 0 0 0 1 7.00506
0 0 0 0 0 7.05936
0 0 0 0 0 7.09289
0 0 0 0 1 7.14036
0 0 0 0 1 7.12465
0 0 0 0 1 7.07313
0 0 0 0 1 7.15699
0 0 0 0 1 7.18399
0 0 0 0 1 7.27594
0 0 0 0 0 7.25965
0 0 0 0 1 7.30889
0 0 0 0 1 7.33616
0 0 0 0 1 7.25401
0 0 0 0 0 7.39141
0 0 0 0 1 7.39762
0 0 0 0 1 7.46975
0 0 0 0 1 7.41569
0 0 0 0 1 7.41386
0 0 0 0 1 7.55421
0 0 0 0 0 7.51447
0 0 0 0 1 7.65629
0 0 0 0 1 7.62434
0 0 0 0 0 7.57625
0 0 0 0 1 7.6121
0 0 0 0 0 7.7408
0 0 0 0 1 7.79291
0 0 0 0 1 7.85312
0 0 0 0 1 7.88276
0 0 0 0 1 7.94354
0 0 0 0 1 7.92521
0 0 0 0 1 7.93869
0 0 0 0 1 7.93557
0 0 0 0 1 8.05314
0 0 0 0 1 8.04253
0 0 0 0 1 8.16938
0 0 0 0 1 8.19085
0 0 0 0 1 8.26189
0 0 0 0 1 8.20939
0 0 0 0 0 8.33812
0 0 0 0 1 8.34364
0 0 0 0 1 8.37344
0 0 0 0 1 8.40323
0 0 0 0 1 8.42454
0 0 0 0 1 8.47976
0 0 0 0 1 8.5951
0 0 0 0 0 8.66901
0 0 0 0 1 8.64768
0 0 0 0 1 8.76404
0 0 0 0 1 8.67224
0 0 0 0 1 8.72763
0 0 0 0 1 8.92639
0 0 0 0 0 8.90308
0 0 0 0 1 8.8879
0 0 0 0 0 8.9801
0 0 0 0 1 8.97323
0 0 0 0 1 9.15822
0 0 0 0 1 9.22476
0 0 0 0 1 9.16242
0 0 0 0 1 9.30302
0 0 0 0 1 9.34315
0 0 0 0 1 9.34344
0 0 0 0 1 9.37267
0 0 0 0 1 9.46706
0 0 0 0 1 9.61961
0 0 0 0 0 9.55281
0 0 0 0 0 9.62886
0 0 0 0 1 9.73459
0 0 0 0 1 9.81149
0 0 0 0 1 9.86047
0 0 0 0 1 9.9463
0 0 0 0 1 10.0944
0 0 0 0 1 10.0498
0 0 0 0 0 10.2603
0 0 0 0 1 10.2659
0 0 0 0 1 10.4466
0 0 0 0 0 10.4432
0 0 0 0 1 10.5105
0 0 0 0 1 10.6413
0 0 0 0 1 10.7285
0 0 0 0 1 10.8502
0 0 0 0 1 10.7541
0 0 0 0 1 9.34312
0 0 0 0 1 9.22608
0 0 0 0 1 9.33671
0 0 0 0 1 9.26657
0 0 0 0 1 9.20157
0 0 0 0 1 9.21502
0 0 0 0 1 9.12301
0 0 0 0 1 9.20087
0 0 0 0 1 9.20081
0 0 0 0 1 9.15071
0 0 0 0 1 9.13271
0 0 0 0 1 9.03783
0 0 0 0 1 9.06557
0 0 0 0 1 9.12041
0 0 0 0 0 8.92725
0 0 0 0 1 8.98229
0 0 0 0 1 8.99703
0 0 0 0 1 8.98915
0 0 0 0 1 8.92771
0 0 0 0 1 8.95587
0 0 0 0 1 8.89974
0 0 0 0 1 8.94582
0 0 0 0 1 8.92082
0 0 0 0 1 8.93145
0 0 0 0 1 8.80946
0 0 0 0 0 8.7901
0 0 0 0 1 8.84526
0 0 0 0 1 8.73324
0 0 0 0 1 8.79729
0 0 0 0 1 8.81741
0 0 0 0 1 8.83757
0 0 0 0 0 8.69692
0 0 0 0 1 8.76104
0 0 0 0 1 8.61619
0 0 0 0 1 8.73259
0 0 0 0 1 8.62318
0 0 0 0 1 8.67014
0 0 0 0 1 8.62195
0 0 0 0 1 8.6431
0 0 0 0 1 8.68155
0 0 0 0 0 8.53925
0 0 0 0 1 8.67254
0 0 0 0 1 8.59101
0 0 0 0 1 8.64696
0 0 0 0 0 8.62587
0 0 0 0 1 8.53661
0 0 0 0 0 8.51046
0 0 0 0 1 8.50706
0 0 0 0 1 8.61843
0 0 0 0 1 8.77824
0 0 0 0 0 8.91274
0 0 0 0 1 9.03943
0 0 0 0 0 9.04781
0 0 0 0 0 9.15441
0 0 0 0 1 9.40075
0 0 0 0 1 9.56486
0 0 0 0 1 9.76817
0 0 0 0 1 9.77641
0 0 0 0 0 9.90971
0 0 0 0 1 10.1332
0 0 0 0 1 10.3069
0 0 0 0 1 10.5212
0 0 0 0 0 10.7268
0 0 0 0 1 10.9637
0 0 0 0 1 11.124
0 0 0 0 1 11.3494
0 0 0 0 1 11.6779
0 0 0 0 1 11.8787
0 0 0 0 1 12.006
0 0 0 0 1 12.4194
0 0 0 0 1 12.6108
0 0 0 0 1 12.7448
0 0 0 0 0 22.6373
0 0 0 0 1 22.7775
0 0 0 0 1 22.6664
0 0 0 0 0 22.6484
0 0 0 0 1 22.6988
0 0 0 0 1 22.7722
0 0 0 0 0 22.597
0 0 0 0 1 22.4452
0 0 0 0 1 22.5198
0 0 0 0 0 22.6398
0 0 0 0 1 22.6248
0 0 0 0 1 22.5877
0 0 0 0 1 22.7101
0 0 0 0 1 22.6062
0 0 0 0 1 22.4354
0 0 0 0 1 22.4001
0 0 0 0 1 22.4102
0 0 0 0 0 22.3758
0 0 0 0 1 23.014
0 0 0 0 1 24.0997
0 0 0 0 1 25.1432
0 0 0 0 0 26.1074
0 0 0 0 1 36.1627
0 0 0 0 0 36.7303
0 0 0 0 1 36.4611
0 0 0 0 0 36.5566
0 0 0 0 1 36.6109
0 0 0 0 1 38.3337
0 0 0 0 1 52.1708
0 0 0 0 0 52.1553
0 0 0 0 1 52.1413
0 0 0 0 1 52.3358
0 0 0 0 0 52.5313
0 0 0 0 1 56.8926
0 0 0 0 0 64.8733
0 0 0 0 1 70.3605
0 0 0 0 1 81.2373
0 0 0 0 0 4.96992
0 0 0 0 0 5.04507
0 0 0 0 0 5.05509
0 0 0 0 0 4.98495
0 0 0 0 0 4.9599
0 0 0 0 0 4.96992
0 0 0 0 0 5.03004
0 0 0 0 0 4.96992
0 0 0 0 0 4.97493
0 0 0 0 0 4.99998
0 0 0 0 0 5.04507
0 0 0 0 0 5.05509
0 0 0 0 1 87.5032
0 0 0 0 0 88.2131
0 0 0 0 1 75.6709
0 0 0 0 1 64.4774
0 0 0 0 1 60.9501
0 0 0 0 1 60.8403
0 0 0 0 1 59.944
0 0 0 0 1 51.3129
0 0 0 0 1 48.2751
0 0 0 0 1 48.2395
0 0 0 0 0 39.4705
0 0 0 0 1 36.783
0 0 0 0 1 35.3112
0 0 0 0 1 35.8228
0 0 0 0 1 35.9063
0 0 0 0 1 36.0271
0 0 0 0 1 28.1902
0 0 0 0 0 26.9911
0 0 0 0 1 25.434
0 0 0 0 0 24.7868
0 0 0 0 1 24.7248
0 0 0 0 1 24.8109
0 0 0 0 1 24.5268
0 0 0 0 1 24.4658
0 0 0 0 1 24.7755
0 0 0 0 1 24.4686
0 0 0 0 0 24.9525
0 0 0 0 1 24.7947
0 0 0 0 0 24.6357
0 0 0 0 0 18.2909
0 0 0 0 1 17.6681
0 0 0 0 1 17.0886
0 0 0 0 1 16.6943
0 0 0 0 0 16.3751
0 0 0 0 1 15.816
0 0 0 0 1 15.3461
0 0 0 0 0 15.1363
0 0 0 0 1 14.8163
0 0 0 0 0 14.5673
0 0 0 0 1 14.1836
0 0 0 0 1 13.9981
0 0 0 0 1 13.871
0 0 0 0 1 14.0222
0 0 0 0 1 13.8536
0 0 0 0 1 14.0612
0 0 0 0 1 14.0206
0 0 0 0 1 14.0337
0 0 0 0 1 13.9633
0 0 0 0 1 14.0189
0 0 0 0 0 14.0771
0 0 0 0 1 13.881
0 0 0 0 1 14.1478
0 0 0 0 1 14.1766
0 0 0 0 1 14.166
0 0 0 0 1 14.1249
0 0 0 0 1 13.957
0 0 0 0 1 14.0033
0 0 0 0 0 14.0191
0 0 0 0 1 14.1907
0 0 0 0 1 14.0965
0 0 0 0 1 14.2124
0 0 0 0 1 14.1469
0 0 0 0 0 14.164
0 0 0 0 1 14.3835
0 0 0 0 1 14.2873
0 0 0 0 0 14.1369
0 0 0 0 1 14.1691
0 0 0 0 1 14.3336
0 0 0 0 1 14.3666
0 0 0 0 1 8.8524
0 0 0 0 1 8.62508
0 0 0 0 1 8.61585
0 0 0 0 1 8.41828
0 0 0 0 1 8.38256
0 0 0 0 0 8.32049
0 0 0 0 1 8.16052
0 0 0 0 1 8.08191
0 0 0 0 1 8.04423
0 0 0 0 1 7.86315
0 0 0 0 1 7.75602
0 0 0 0 1 7.65576
0 0 0 0 1 7.71025
0 0 0 0 0 7.58804
0 0 0 0 1 7.51165
0 0 0 0 1 7.33357
0 0 0 0 1 7.37547
0 0 0 0 0 7.27931
0 0 0 0 1 7.16221
0 0 0 0 1 7.15966
0 0 0 0 0 6.95916
0 0 0 0 1 7.02085
0 0 0 0 1 6.94014
0 0 0 0 1 6.78707
0 0 0 0 0 6.69659
0 0 0 0 1 6.6469
0 0 0 0 1 6.65013
0 0 0 0 1 6.53402
0 0 0 0 1 6.4841
0 0 0 0 1 6.40436
0 0 0 0 1 6.36736
0 0 0 0 1 6.38964
0 0 0 0 1 6.26633
0 0 0 0 1 6.16921
0 0 0 0 1 6.23343
0 0 0 0 1 6.16113
0 0 0 0 0 6.07108
0 0 0 0 1 6.06887
0 0 0 0 1 5.91991
0 0 0 0 0 5.88208
0 0 0 0 1 5.86487
0 0 0 0 1 5.78023
0 0 0 0 1 5.81196
0 0 0 0 1 5.71639
0 0 0 0 1 5.73254
0 0 0 0 1 5.70002
0 0 0 0 1 5.61142
0 0 0 0 0 5.50996
0 0 0 0 1 5.51142
0 0 0 0 1 5.43559
0 0 0 0 1 5.48543
0 0 0 0 1 5.38065
0 0 0 0 0 5.31441
0 0 0 0 0 5.29354
0 0 0 0 1 5.34443
0 0 0 0 1 5.23865
0 0 0 0 1 5.24144
0 0 0 0 1 5.20757
0 0 0 0 0 5.10172
0 0 0 0 0 5.0685
0 0 0 0 1 5.06769
0 0 0 0 1 5.04449
0 0 0 0 1 4.98445
0 0 0 0 0 5.02126
0 0 0 0 1 4.90879
0 0 0 0 1 4.93019
0 0 0 0 1 4.8875
0 0 0 0 1 4.8435
0 0 0 0 1 4.78684
0 0 0 0 1 4.83426
0 0 0 0 1 4.83152
0 0 0 0 1 4.81044
0 0 0 0 0 4.87671
0 0 0 0 0 4.84479
0 0 0 0 1 4.92136
0 0 0 0 1 4.91991
0 0 0 0 0 4.95294
0 0 0 0 0 4.90097
0 0 0 0 1 4.99856
0 0 0 0 1 4.97242
0 0 0 0 1 5.01475
0 0 0 0 0 5.04856
0 0 0 0 1 5.00216
0 0 0 0 1 5.07144
0 0 0 0 1 5.05003
0 0 0 0 1 5.10469
0 0 0 0 1 5.07806
0 0 0 0 0 5.14852
0 0 0 0 1 5.16153
0 0 0 0 1 5.20175
0 0 0 0 1 5.19048
0 0 0 0 1 5.14271
0 0 0 0 1 5.21968
0 0 0 0 1 5.25006
0 0 0 0 0 5.2596
0 0 0 0 1 5.31663
0 0 0 0 1 5.31197
0 0 0 0 0 5.34828
0 0 0 0 1 5.34741
0 0 0 0 1 5.40009
0 0 0 0 1 5.43696
0 0 0 0 1 5.3566
0 0 0 0 0 5.40976
0 0 0 0 1 5.41418
0 0 0 0 0 5.45141
0 0 0 0 1 5.50686
0 0 0 0 1 5.51699
0 0 0 0 0 5.56193
0 0 0 0 0 5.61674
0 0 0 0 1 5.65114
0 0 0 0 1 5.67285
0 0 0 0 0 5.60585
0 0 0 0 1 5.72949
0 0 0 0 1 5.6733
0 0 0 0 0 5.76374
0 0 0 0 0 5.77021
0 0 0 0 1 5.81127
0 0 0 0 0 5.80608
0 0 0 0 0 5.83996
0 0 0 0 0 5.89319
0 0 0 0 1 5.95268
0 0 0 0 1 5.98297
0 0 0 0 1 5.92407
0 0 0 0 1 6.02595
0 0 0 0 0 6.06853
0 0 0 0 1 6.05089
0 0 0 0 1 6.06933
0 0 0 0 1 6.09387
0 0 0 0 0 6.08162
0 0 0 0 1 6.11372
0 0 0 0 0 9.57615
0 0 0 0 0 9.56667
0 0 0 0 1 9.48789
0 0 0 0 1 9.50378
0 0 0 0 1 9.40069
0 0 0 0 1 9.3325
0 0 0 0 1 9.27405
0 0 0 0 1 9.31492
0 0 0 0 1 9.23227
0 0 0 0 0 9.27616
0 0 0 0 0 9.17254
0 0 0 0 1 9.16127
0 0 0 0 1 9.20491
0 0 0 0 1 9.05692
0 0 0 0 1 9.17325
0 0 0 0 1 9.10777
0 0 0 0 1 9.10588
0 0 0 0 1 8.94775
0 0 0 0 1 8.91049
0 0 0 0 1 8.98648
0 0 0 0 1 8.95825
0 0 0 0 1 8.94801
0 0 0 0 1 8.79598
0 0 0 0 1 8.92777
0 0 0 0 1 8.83513
0 0 0 0 0 8.72879
0 0 0 0 1 8.72829
0 0 0 0 1 8.7735
0 0 0 0 1 8.79037
0 0 0 0 1 8.62114
0 0 0 0 1 8.61245
0 0 0 0 1 8.69555
0 0 0 0 1 8.58326
0 0 0 0 1 8.52837
0 0 0 0 1 8.66611
0 0 0 0 0 8.61997
0 0 0 0 1 8.49225
0 0 0 0 1 8.50647
0 0 0 0 1 8.4697
0 0 0 0 0 8.4501
0 0 0 0 1 8.48138
0 0 0 0 0 8.45352
0 0 0 0 0 8.32851
0 0 0 0 1 8.33484
0 0 0 0 1 8.43333
0 0 0 0 0 8.33925
0 0 0 0 1 8.27901
0 0 0 0 1 8.23119
0 0 0 0 0 8.22971
0 0 0 0 1 8.33593
0 0 0 0 1 8.34715
0 0 0 0 1 8.23018
0 0 0 0 0 8.27838
0 0 0 0 1 8.25254
0 0 0 0 1 8.24329
0 0 0 0 1 8.14422
0 0 0 0 0 8.1354
0 0 0 0 1 8.22443
0 0 0 0 1 8.06127
0 0 0 0 1 8.0854
0 0 0 0 1 8.0205
0 0 0 0 1 8.09326
0 0 0 0 1 8.00462
0 0 0 0 1 8.12155
0 0 0 0 1 7.95301
0 0 0 0 1 7.96964
0 0 0 0 1 7.9543
0 0 0 0 0 7.92316
0 0 0 0 1 8.0475
0 0 0 0 1 8.00056
0 0 0 0 1 7.90624
0 0 0 0 1 7.98688
0 0 0 0 1 7.99609
0 0 0 0 1 7.85087
0 0 0 0 1 7.90787
0 0 0 0 1 7.84662
0 0 0 0 1 7.89926
0 0 0 0 1 7.84969
0 0 0 0 1 7.85973
0 0 0 0 1 7.86988
0 0 0 0 1 7.88012
0 0 0 0 1 7.82346
0 0 0 0 0 7.8418
0 0 0 0 1 7.85244
0 0 0 0 0 7.71863
0 0 0 0 1 7.8073
0 0 0 0 1 7.82914
