0 0 0 0 0 5.53625
0 0 0 0 0 5.61201
0 0 0 0 1 5.56013
0 0 0 0 1 5.59424
0 0 0 0 0 5.53679
0 0 0 0 1 5.58549
0 0 0 0 1 5.65027
0 0 0 0 1 5.62658
0 0 0 0 1 5.66129
0 0 0 0 0 5.59838
0 0 0 0 1 5.60292
0 0 0 0 1 5.66399
0 0 0 0 0 5.64276
0 0 0 0 1 5.68729
0 0 0 0 1 5.68106
0 0 0 0 1 5.71101
0 0 0 0 1 5.69928
0 0 0 0 1 5.642
0 0 0 0 1 5.65312
0 0 0 0 1 5.71971
0 0 0 0 1 5.73685
0 0 0 0 1 5.7771
0 0 0 0 1 5.76586
0 0 0 0 0 5.76619
0 0 0 0 1 5.7626
0 0 0 0 1 5.72837
0 0 0 0 1 5.82731
0 0 0 0 1 5.83387
0 0 0 0 1 5.79399
0 0 0 0 0 5.78899
0 0 0 0 0 5.88921
0 0 0 0 1 5.88025
0 0 0 0 1 5.87714
0 0 0 0 1 5.8138
0 0 0 0 1 5.82676
0 0 0 0 1 5.92832
0 0 0 0 1 5.8826
0 0 0 0 1 5.87229
0 0 0 0 1 5.9095
0 0 0 0 1 5.89932
0 0 0 0 0 5.99655
0 0 0 0 0 5.98663
0 0 0 0 1 6.01996
0 0 0 0 1 5.98613
0 0 0 0 1 6.07857
0 0 0 0 0 6.07498
0 0 0 0 1 6.02182
0 0 0 0 1 6.00605
0 0 0 0 0 6.0328
0 0 0 0 1 6.05973
0 0 0 0 1 6.16017
0 0 0 0 1 6.13861
0 0 0 0 1 6.15892
0 0 0 0 1 6.1753
0 0 0 0 0 6.11051
0 0 0 0 1 6.21868
0 0 0 0 1 6.25299
0 0 0 0 0 6.2119
0 0 0 0 1 6.27141
0 0 0 0 1 6.24366
0 0 0 0 1 6.2839
0 0 0 0 1 6.33788
0 0 0 0 0 6.25965
0 0 0 0 1 6.26959
0 0 0 0 1 6.36841
0 0 0 0 1 6.42885
0 0 0 0 1 6.33087
0 0 0 0 1 6.37877
0 0 0 0 1 6.36998
0 0 0 0 1 6.41833
0 0 0 0 1 6.4419
0 0 0 0 1 6.52324
0 0 0 0 1 6.49523
0 0 0 0 0 6.47358
0 0 0 0 1 6.60216
0 0 0 0 1 6.62598
0 0 0 0 0 6.53802
0 0 0 0 1 6.58221
0 0 0 0 1 6.63265
0 0 0 0 0 6.70339
0 0 0 0 1 6.73457
0 0 0 0 1 6.67945
0 0 0 0 0 6.69113
0 0 0 0 1 6.72921
0 0 0 0 1 6.7067
0 0 0 0 1 6.84684
0 0 0 0 0 6.76321
0 0 0 0 1 6.7883
0 0 0 0 0 6.88901
0 0 0 0 1 6.86644
0 0 0 0 0 6.96809
0 0 0 0 1 6.88361
0 0 0 0 1 6.93022
0 0 0 0 1 6.94918
0 0 0 0 1 6.96822
0 0 0 0 1 6.98734
0 0 0 0 0 7.04846
0 0 0 0 1 7.05369
0 0 0 0 0 7.17997
0 0 0 0 1 7.19274
0 0 0 0 1 7.14093
0 0 0 0 1 7.26874
0 0 0 0 0 7.20898
0 0 0 0 0 7.19991
0 0 0 0 1 7.31426
0 0 0 0 1 7.31262
0 0 0 0 1 7.29571
0 0 0 0 1 7.39762
0 0 0 0 0 7.42524
0 0 0 0 0 7.37843
0 0 0 0 1 7.53356
0 0 0 0 0 7.56924
0 0 0 0 1 7.49937
0 0 0 0 1 7.51971
0 0 0 0 1 7.58626
0 0 0 0 1 7.72165
0 0 0 0 1 7.73512
0 0 0 0 0 7.65582
0 0 0 0 1 7.70753
0 0 0 0 0 7.87651
0 0 0 0 0 7.87493
0 0 0 0 1 7.91994
0 0 0 0 1 7.96476
0 0 0 0 1 7.9069
0 0 0 0 1 7.9995
0 0 0 0 1 7.97285
0 0 0 0 1 8.1474
0 0 0 0 1 8.03971
0 0 0 0 1 8.1338
0 0 0 0 0 8.22095
0 0 0 0 1 8.17645
0 0 0 0 1 8.35468
0 0 0 0 1 8.327
0 0 0 0 1 8.33998
0 0 0 0 1 8.36958
0 0 0 0 1 8.42454
0 0 0 0 1 8.44574
0 0 0 0 1 8.60365
0 0 0 0 1 8.5745
0 0 0 0 1 8.57857
0 0 0 0 1 8.6771
0 0 0 0 0 8.77715
0 0 0 0 0 8.8596
0 0 0 0 1 8.85569
0 0 0 0 0 8.97424
0 0 0 0 1 8.93266
0 0 0 0 0 9.07918
0 0 0 0 1 9.00948
0 0 0 0 1 9.16733
0 0 0 0 1 9.1514
0 0 0 0 0 9.27314
0 0 0 0 1 9.2566
0 0 0 0 0 9.32449
0 0 0 0 1 9.31524
0 0 0 0 0 9.44833
0 0 0 0 1 9.61945
0 0 0 0 1 9.67715
0 0 0 0 0 9.63
0 0 0 0 1 9.65801
0 0 0 0 0 9.83242
0 0 0 0 1 9.8312
0 0 0 0 1 9.87038
0 0 0 0 0 9.96627
0 0 0 0 1 10.0944
0 0 0 0 0 10.1714
0 0 0 0 1 10.1175
0 0 0 0 1 10.2454
0 0 0 0 1 10.457
0 0 0 0 1 10.5265
0 0 0 0 1 10.5315
0 0 0 0 1 10.6836
0 0 0 0 1 10.5579
0 0 0 0 1 10.8502
0 0 0 0 1 10.7433
0 0 0 0 1 9.25937
0 0 0 0 1 9.30033
0 0 0 0 1 9.35524
0 0 0 0 1 9.25734
0 0 0 0 1 9.12781
0 0 0 0 1 9.15984
0 0 0 0 0 9.22397
0 0 0 0 1 9.10932
0 0 0 0 1 9.15513
0 0 0 0 1 9.0778
0 0 0 0 1 9.08723
0 0 0 0 1 9.12857
0 0 0 0 1 9.13803
0 0 0 0 0 8.98482
0 0 0 0 1 9.06251
0 0 0 0 1 8.93729
0 0 0 0 0 8.93417
0 0 0 0 1 8.91745
0 0 0 0 1 8.90981
0 0 0 0 1 8.98266
0 0 0 0 1 8.89083
0 0 0 0 1 8.9725
0 0 0 0 1 8.93858
0 0 0 0 1 8.8074
0 0 0 0 1 8.90675
0 0 0 0 0 8.90483
0 0 0 0 1 8.8805
0 0 0 0 0 8.71565
0 0 0 0 1 8.82363
0 0 0 0 0 8.721
0 0 0 0 1 8.83757
0 0 0 0 1 8.81917
0 0 0 0 1 8.72617
0 0 0 0 1 8.76414
0 0 0 0 1 8.73259
0 0 0 0 1 8.69258
0 0 0 0 0 8.61817
0 0 0 0 1 8.69978
0 0 0 0 0 8.669
0 0 0 0 1 8.69018
0 0 0 0 1 8.62533
0 0 0 0 1 8.53502
0 0 0 0 0 8.56526
0 0 0 0 1 8.52698
0 0 0 0 1 8.54885
0 0 0 0 1 8.57933
0 0 0 0 1 8.59582
0 0 0 0 1 8.4474
0 0 0 0 1 8.51552
0 0 0 0 1 8.75214
0 0 0 0 1 8.74507
0 0 0 0 0 9.02151
0 0 0 0 0 9.066
0 0 0 0 1 9.15441
0 0 0 0 1 9.41013
0 0 0 0 1 9.50764
0 0 0 0 1 9.60359
0 0 0 0 0 9.77641
0 0 0 0 1 9.92973
0 0 0 0 1 10.2554
0 0 0 0 1 10.4623
0 0 0 0 0 10.5106
0 0 0 0 0 10.716
0 0 0 0 1 10.9199
0 0 0 0 1 11.1909
0 0 0 0 1 11.4062
0 0 0 0 0 11.5736
0 0 0 0 0 11.7605
0 0 0 0 1 12.1748
0 0 0 0 1 12.284
0 0 0 0 1 12.6737
0 0 0 0 0 12.9632
0 0 0 0 1 22.5918
0 0 0 0 1 22.6639
0 0 0 0 1 22.9159
0 0 0 0 1 22.6937
0 0 0 0 1 22.6988
0 0 0 0 1 22.4553
0 0 0 0 1 22.8232
0 0 0 0 1 22.513
0 0 0 0 1 22.4068
0 0 0 0 1 22.527
0 0 0 0 1 22.7827
0 0 0 0 1 22.3397
0 0 0 0 1 22.62
0 0 0 0 0 22.6062
0 0 0 0 1 22.7054
0 0 0 0 1 22.2651
0 0 0 0 1 22.4551
0 0 0 0 1 22.6004
0 0 0 0 1 23.2228
0 0 0 0 1 24.0273
0 0 0 0 0 24.892
0 0 0 0 1 26.1336
0 0 0 0 1 36.5269
0 0 0 0 1 36.075
0 0 0 0 1 36.352
0 0 0 0 1 36.5566
0 0 0 0 1 36.5745
0 0 0 0 1 38.9116
0 0 0 0 0 52.275
0 0 0 0 1 51.9991
0 0 0 0 1 52.2974
0 0 0 0 1 52.1278
0 0 0 0 1 51.9592
0 0 0 0 1 56.0469
0 0 0 0 1 64.8733
0 0 0 0 1 70.3605
0 0 0 0 1 82.3009
0 0 0 0 0 4.99998
0 0 0 0 0 4.99998
0 0 0 0 0 4.98495
0 0 0 0 0 5.04006
0 0 0 0 0 4.97493
0 0 0 0 0 4.97493
0 0 0 0 0 4.9599
0 0 0 0 0 4.98996
0 0 0 0 0 4.97994
0 0 0 0 0 4.99497
0 0 0 0 0 4.99998
0 0 0 0 0 5.05509
0 0 0 0 1 87.766
0 0 0 0 1 87.3371
0 0 0 0 1 74.694
0 0 0 0 1 63.5836
0 0 0 0 1 60.6475
0 0 0 0 0 59.9322
0 0 0 0 0 60.4889
0 0 0 0 0 51.9317
0 0 0 0 0 48.467
0 0 0 0 0 47.5195
0 0 0 0 0 39.3135
0 0 0 0 1 37.0775
0 0 0 0 0 35.8462
0 0 0 0 1 35.6444
0 0 0 0 1 35.8349
0 0 0 0 1 35.5272
0 0 0 0 1 27.9094
0 0 0 0 1 26.8303
0 0 0 0 1 25.5366
0 0 0 0 1 24.8361
0 0 0 0 1 24.4539
0 0 0 0 0 24.4414
0 0 0 0 1 24.4282
0 0 0 0 0 24.6878
0 0 0 0 1 24.43
0 0 0 0 0 24.5427
0 0 0 0 1 24.8537
0 0 0 0 1 24.5228
0 0 0 0 0 24.9078
0 0 0 0 1 18.3819
0 0 0 0 1 17.7388
0 0 0 0 1 17.0714
0 0 0 0 1 16.7444
0 0 0 0 0 16.3751
0 0 0 0 0 15.7525
0 0 0 0 0 15.5629
0 0 0 0 1 15.091
0 0 0 0 1 14.772
0 0 0 0 1 14.3942
0 0 0 0 1 14.1272
0 0 0 0 1 13.8314
0 0 0 0 1 13.7876
0 0 0 0 1 13.8414
0 0 0 0 1 14.0068
0 0 0 0 1 13.8801
0 0 0 0 1 13.8671
0 0 0 0 1 14.0198
0 0 0 0 1 13.9074
0 0 0 0 1 14.0049
0 0 0 0 1 13.951
0 0 0 0 0 13.937
0 0 0 0 0 14.0917
0 0 0 0 1 14.1485
0 0 0 0 0 13.9268
0 0 0 0 1 14.1812
0 0 0 0 1 13.9993
0 0 0 0 1 14.1727
0 0 0 0 0 14.0615
0 0 0 0 1 14.0634
0 0 0 0 0 14.2665
0 0 0 0 1 14.0422
0 0 0 0 1 14.1753
0 0 0 0 1 14.1497
0 0 0 0 1 14.3693
0 0 0 0 0 14.1305
0 0 0 0 1 14.2225
0 0 0 0 1 14.4408
0 0 0 0 1 14.4195
0 0 0 0 0 14.4526
0 0 0 0 1 8.86123
0 0 0 0 1 8.64251
0 0 0 0 1 8.57286
0 0 0 0 1 8.41828
0 0 0 0 0 8.37417
0 0 0 0 1 8.32049
0 0 0 0 1 8.16052
0 0 0 0 1 8.15472
0 0 0 0 1 8.03624
0 0 0 0 1 7.84735
0 0 0 0 1 7.88112
0 0 0 0 1 7.77936
0 0 0 0 1 7.7026
0 0 0 0 1 7.61071
0 0 0 0 1 7.45933
0 0 0 0 0 7.38537
0 0 0 0 1 7.33889
0 0 0 0 1 7.20688
0 0 0 0 1 7.11919
0 0 0 0 1 7.03904
0 0 0 0 0 7.00832
0 0 0 0 1 6.90952
0 0 0 0 1 6.91949
0 0 0 0 1 6.85528
0 0 0 0 1 6.71686
0 0 0 0 1 6.72723
0 0 0 0 1 6.63687
0 0 0 0 1 6.54716
0 0 0 0 1 6.44507
0 0 0 0 1 6.50755
0 0 0 0 1 6.32904
0 0 0 0 1 6.29465
0 0 0 0 1 6.31028
0 0 0 0 1 6.28749
0 0 0 0 1 6.15319
0 0 0 0 0 6.05712
0 0 0 0 1 6.05895
0 0 0 0 1 6.07489
0 0 0 0 1 5.98556
0 0 0 0 0 5.95316
0 0 0 0 1 5.90597
0 0 0 0 1 5.83267
0 0 0 0 1 5.81774
0 0 0 0 0 5.72787
0 0 0 0 1 5.65861
0 0 0 0 1 5.67744
0 0 0 0 1 5.63942
0 0 0 0 1 5.58231
0 0 0 0 0 5.57217
0 0 0 0 1 5.47395
0 0 0 0 1 5.48
0 0 0 0 0 5.38605
0 0 0 0 1 5.38956
0 0 0 0 1 5.36277
0 0 0 0 1 5.31797
0 0 0 0 0 5.2859
0 0 0 0 1 5.25708
0 0 0 0 1 5.22311
0 0 0 0 0 5.18923
0 0 0 0 0 5.16567
0 0 0 0 1 5.06262
0 0 0 0 1 5.01426
0 0 0 0 1 5.01955
0 0 0 0 0 5.03122
0 0 0 0 0 4.98301
0 0 0 0 1 4.91053
0 0 0 0 1 4.92657
0 0 0 0 1 4.84836
0 0 0 0 1 4.77719
0 0 0 0 1 4.84389
0 0 0 0 0 4.80739
0 0 0 0 1 4.7959
0 0 0 0 1 4.83781
0 0 0 0 1 4.91303
0 0 0 0 1 4.85287
0 0 0 0 0 4.89045
0 0 0 0 1 4.88887
0 0 0 0 1 4.95038
0 0 0 0 1 4.96881
0 0 0 0 1 4.95749
0 0 0 0 1 4.96984
0 0 0 0 1 5.03354
0 0 0 0 1 5.06249
0 0 0 0 1 5.08153
0 0 0 0 1 5.06016
0 0 0 0 1 5.09452
0 0 0 0 0 5.10868
0 0 0 0 0 5.11779
0 0 0 0 1 5.1564
0 0 0 0 1 5.12958
0 0 0 0 1 5.13356
0 0 0 0 1 5.18947
0 0 0 0 1 5.16232
0 0 0 0 1 5.27623
0 0 0 0 1 5.27537
0 0 0 0 0 5.25862
0 0 0 0 1 5.25366
0 0 0 0 1 5.31103
0 0 0 0 0 5.28865
0 0 0 0 1 5.31429
0 0 0 0 0 5.4262
0 0 0 0 1 5.45399
0 0 0 0 1 5.45321
0 0 0 0 1 5.41963
0 0 0 0 1 5.47877
0 0 0 0 1 5.45185
0 0 0 0 1 5.50042
0 0 0 0 1 5.58413
0 0 0 0 1 5.54987
0 0 0 0 1 5.58393
0 0 0 0 1 5.58289
0 0 0 0 1 5.65671
0 0 0 0 1 5.6217
0 0 0 0 1 5.6904
0 0 0 0 1 5.69506
0 0 0 0 1 5.69543
0 0 0 0 1 5.84018
0 0 0 0 0 5.78283
0 0 0 0 1 5.86913
0 0 0 0 1 5.8111
0 0 0 0 1 5.85838
0 0 0 0 1 5.97705
0 0 0 0 1 5.98956
0 0 0 0 1 5.95414
0 0 0 0 0 6.02041
0 0 0 0 1 6.0388
0 0 0 0 1 6.08756
0 0 0 0 0 6.16714
0 0 0 0 1 6.08776
0 0 0 0 0 6.12607
0 0 0 0 1 9.46192
0 0 0 0 1 9.43393
0 0 0 0 1 9.52569
0 0 0 0 1 9.40017
0 0 0 0 1 9.36316
0 0 0 0 1 9.30445
0 0 0 0 0 9.28337
0 0 0 0 1 9.38929
0 0 0 0 1 9.23227
0 0 0 0 1 9.24847
0 0 0 0 1 9.27374
0 0 0 0 0 9.23463
0 0 0 0 1 9.05866
0 0 0 0 1 9.0478
0 0 0 0 1 9.09151
0 0 0 0 1 9.12588
0 0 0 0 1 8.97954
0 0 0 0 0 8.93875
0 0 0 0 1 8.91049
0 0 0 0 1 8.98648
0 0 0 0 1 8.96717
0 0 0 0 1 8.94801
0 0 0 0 1 8.80484
0 0 0 0 1 8.80402
0 0 0 0 1 8.80868
0 0 0 0 1 8.81669
0 0 0 0 0 8.82469
0 0 0 0 1 8.79099
0 0 0 0 1 8.6334
0 0 0 0 1 8.76903
0 0 0 0 1 8.75989
0 0 0 0 1 8.63498
0 0 0 0 0 8.55738
0 0 0 0 1 8.53698
0 0 0 0 1 8.49451
0 0 0 0 1 8.48301
0 0 0 0 1 8.44958
0 0 0 0 1 8.44687
0 0 0 0 1 8.41873
0 0 0 0 1 8.55181
0 0 0 0 0 8.41374
0 0 0 0 1 8.37759
0 0 0 0 0 8.48835
0 0 0 0 1 8.31806
0 0 0 0 0 8.39983
0 0 0 0 1 8.38103
0 0 0 0 1 8.38739
0 0 0 0 1 8.24782
0 0 0 0 1 8.24631
0 0 0 0 1 8.28626
0 0 0 0 0 8.29757
0 0 0 0 1 8.27142
0 0 0 0 1 8.22077
0 0 0 0 1 8.15401
0 0 0 0 1 8.25148
0 0 0 0 1 8.23416
0 0 0 0 1 8.20884
0 0 0 0 0 8.07786
0 0 0 0 1 8.17504
0 0 0 0 1 8.06107
0 0 0 0 0 8.16618
0 0 0 0 1 8.10134
0 0 0 0 1 8.10135
0 0 0 0 1 8.08131
0 0 0 0 1 8.04138
0 0 0 0 0 7.99369
0 0 0 0 1 8.01031
0 0 0 0 1 7.94712
0 0 0 0 1 8.00762
0 0 0 0 1 7.92096
0 0 0 0 1 7.95392
0 0 0 0 1 7.94722
0 0 0 0 1 7.85359
0 0 0 0 0 7.92993
0 0 0 0 1 7.81316
0 0 0 0 1 7.83087
0 0 0 0 0 7.84419
0 0 0 0 1 7.9204
0 0 0 0 1 7.77345
0 0 0 0 0 7.82289
0 0 0 0 0 7.77068
0 0 0 0 1 7.84689
0 0 0 0 1 7.74826
0 0 0 0 1 7.71236
0 0 0 0 1 7.843
0 0 0 0 1 7.74521
0 0 0 0 1 7.82914
