0 0 0 0 1 5.55844
0 0 0 0 1 5.53422
0 0 0 0 1 5.57126
0 0 0 0 1 5.55523
0 0 0 0 1 5.54795
0 0 0 0 1 5.6414
0 0 0 0 1 5.53838
0 0 0 0 1 5.59295
0 0 0 0 1 5.58835
0 0 0 0 1 5.5759
0 0 0 0 0 5.61418
0 0 0 0 0 5.64707
0 0 0 0 1 5.65406
0 0 0 0 1 5.70992
0 0 0 0 1 5.64137
0 0 0 0 1 5.65424
0 0 0 0 1 5.73909
0 0 0 0 0 5.72749
0 0 0 0 0 5.68167
0 0 0 0 1 5.76542
0 0 0 0 1 5.76548
0 0 0 0 1 5.77136
0 0 0 0 0 5.80035
0 0 0 0 1 5.81227
0 0 0 0 1 5.82029
0 0 0 0 0 5.82664
0 0 0 0 0 5.80993
0 0 0 0 1 5.82226
0 0 0 0 1 5.78236
0 0 0 0 1 5.79482
0 0 0 0 1 5.80742
0 0 0 0 1 5.8744
0 0 0 0 1 5.88886
0 0 0 0 1 5.89015
0 0 0 0 1 5.9327
0 0 0 0 1 5.85164
0 0 0 0 0 5.9299
0 0 0 0 1 5.9434
0 0 0 0 1 5.90357
0 0 0 0 1 5.95885
0 0 0 0 1 5.96075
0 0 0 0 1 5.99261
0 0 0 0 1 6.00199
0 0 0 0 1 6.01014
0 0 0 0 0 6.07255
0 0 0 0 1 6.02672
0 0 0 0 1 6.03998
0 0 0 0 1 6.05458
0 0 0 0 1 6.11794
0 0 0 0 1 6.13898
0 0 0 0 1 6.11739
0 0 0 0 1 6.08959
0 0 0 0 1 6.17736
0 0 0 0 1 6.16915
0 0 0 0 1 6.11669
0 0 0 0 1 6.14443
0 0 0 0 1 6.19716
0 0 0 0 1 6.26792
0 0 0 0 1 6.19653
0 0 0 0 1 6.29371
0 0 0 0 1 6.29645
0 0 0 0 1 6.28123
0 0 0 0 1 6.25965
0 0 0 0 1 6.28857
0 0 0 0 0 6.29229
0 0 0 0 0 6.33973
0 0 0 0 1 6.36278
0 0 0 0 1 6.35956
0 0 0 0 1 6.42777
0 0 0 0 1 6.43122
0 0 0 0 1 6.41606
0 0 0 0 0 6.4973
0 0 0 0 1 6.54724
0 0 0 0 1 6.5127
0 0 0 0 1 6.59563
0 0 0 0 1 6.59318
0 0 0 0 1 6.62361
0 0 0 0 1 6.66803
0 0 0 0 1 6.63928
0 0 0 0 1 6.69674
0 0 0 0 1 6.7012
0 0 0 0 1 6.67276
0 0 0 0 1 6.69784
0 0 0 0 1 6.75616
0 0 0 0 1 6.82163
0 0 0 0 1 6.71791
0 0 0 0 0 6.83813
0 0 0 0 1 6.76779
0 0 0 0 1 6.84784
0 0 0 0 1 6.85956
0 0 0 0 1 6.95426
0 0 0 0 1 6.95986
0 0 0 0 1 6.88847
0 0 0 0 1 7.03299
0 0 0 0 0 7.04534
0 0 0 0 1 6.9803
0 0 0 0 0 7.11209
0 0 0 0 1 7.06079
0 0 0 0 0 7.05176
0 0 0 0 1 7.18559
0 0 0 0 0 7.10504
0 0 0 0 1 7.23992
0 0 0 0 1 7.24517
0 0 0 0 0 7.30162
0 0 0 0 0 7.35805
0 0 0 0 1 7.26866
0 0 0 0 0 7.36933
0 0 0 0 1 7.35333
0 0 0 0 1 7.46233
0 0 0 0 1 7.52749
0 0 0 0 1 7.51111
0 0 0 0 1 7.53166
0 0 0 0 1 7.6051
0 0 0 0 1 7.60317
0 0 0 0 1 7.54817
0 0 0 0 0 7.59156
0 0 0 0 0 7.6121
0 0 0 0 0 7.78715
0 0 0 0 0 7.79291
0 0 0 0 1 7.72054
0 0 0 0 1 7.75751
0 0 0 0 1 7.91208
0 0 0 0 1 7.95685
0 0 0 0 1 7.86717
0 0 0 0 1 7.96753
0 0 0 0 1 8.02102
0 0 0 0 1 8.099
0 0 0 0 0 8.03161
0 0 0 0 1 8.22345
0 0 0 0 1 8.14726
0 0 0 0 1 8.20939
0 0 0 0 1 8.305
0 0 0 0 1 8.39355
0 0 0 0 0 8.33998
0 0 0 0 1 8.32752
0 0 0 0 1 8.41608
0 0 0 0 1 8.44574
0 0 0 0 0 8.48392
0 0 0 0 1 8.56591
0 0 0 0 1 8.69951
0 0 0 0 1 8.72926
0 0 0 0 1 8.81212
0 0 0 0 1 8.78042
0 0 0 0 1 8.74963
0 0 0 0 0 8.95645
0 0 0 0 1 8.97741
0 0 0 0 1 9.02513
0 0 0 0 1 9.14544
0 0 0 0 1 9.12177
0 0 0 0 1 9.1514
0 0 0 0 1 9.25469
0 0 0 0 1 9.2566
0 0 0 0 0 9.39916
0 0 0 0 1 9.42804
0 0 0 0 1 9.53345
0 0 0 0 1 9.6004
0 0 0 0 0 9.60043
0 0 0 0 1 9.6879
0 0 0 0 1 9.80375
0 0 0 0 0 9.77372
0 0 0 0 1 9.93956
0 0 0 0 1 9.95957
0 0 0 0 0 10.0062
0 0 0 0 1 10.0441
0 0 0 0 1 10.1511
0 0 0 0 0 10.1175
0 0 0 0 0 10.2865
0 0 0 0 1 10.2706
0 0 0 0 1 10.5265
0 0 0 0 0 10.605
0 0 0 0 0 10.6095
0 0 0 0 1 10.7285
0 0 0 0 1 10.689
0 0 0 0 1 10.7757
0 0 0 0 1 9.35243
0 0 0 0 1 9.24464
0 0 0 0 0 9.35524
0 0 0 0 1 9.14647
0 0 0 0 0 9.19235
0 0 0 0 1 9.2794
0 0 0 0 1 9.19644
0 0 0 0 0 9.10016
0 0 0 0 1 9.11858
0 0 0 0 1 9.19628
0 0 0 0 1 9.1691
0 0 0 0 1 9.00153
0 0 0 0 1 9.11086
0 0 0 0 1 8.98482
0 0 0 0 1 8.99939
0 0 0 0 0 9.00929
0 0 0 0 0 8.91622
0 0 0 0 1 8.90849
0 0 0 0 1 8.97243
0 0 0 0 0 8.95587
0 0 0 0 1 8.8641
0 0 0 0 1 8.91025
0 0 0 0 1 8.85869
0 0 0 0 1 8.88715
0 0 0 0 0 8.76524
0 0 0 0 1 8.77245
0 0 0 0 1 8.73073
0 0 0 0 1 8.73324
0 0 0 0 0 8.70071
0 0 0 0 1 8.67717
0 0 0 0 1 8.71507
0 0 0 0 1 8.67073
0 0 0 0 0 8.75232
0 0 0 0 1 8.67711
0 0 0 0 1 8.65439
0 0 0 0 0 8.6839
0 0 0 0 1 8.71345
0 0 0 0 1 8.69113
0 0 0 0 1 8.54812
0 0 0 0 1 8.70742
0 0 0 0 1 8.65115
0 0 0 0 1 8.68114
0 0 0 0 1 8.65108
0 0 0 0 1 8.65553
0 0 0 0 1 8.48895
0 0 0 0 1 8.53661
0 0 0 0 1 8.62143
0 0 0 0 1 8.54969
0 0 0 0 1 8.49837
0 0 0 0 1 8.76084
0 0 0 0 1 8.85097
0 0 0 0 1 8.92296
0 0 0 0 1 9.10237
0 0 0 0 1 9.29297
0 0 0 0 1 9.36322
0 0 0 0 1 9.4695
0 0 0 0 1 9.76817
0 0 0 0 0 9.80595
0 0 0 0 1 9.9998
0 0 0 0 0 10.0823
0 0 0 0 1 10.2655
0 0 0 0 0 10.5317
0 0 0 0 1 10.7268
0 0 0 0 1 10.9965
0 0 0 0 1 11.1686
0 0 0 0 1 11.3948
0 0 0 0 1 11.5968
0 0 0 0 1 11.7959
0 0 0 0 1 12.1748
0 0 0 0 1 12.2471
0 0 0 0 1 12.4725
0 0 0 0 1 12.8219
0 0 0 0 1 22.5918
0 0 0 0 1 22.9364
0 0 0 0 1 22.5756
0 0 0 0 1 22.8751
0 0 0 0 1 22.7215
0 0 0 0 1 22.5458
0 0 0 0 1 22.6649
0 0 0 0 1 22.5356
0 0 0 0 1 22.7005
0 0 0 0 0 22.5496
0 0 0 0 1 22.715
0 0 0 0 1 22.6553
0 0 0 0 1 22.5524
0 0 0 0 1 22.6513
0 0 0 0 0 22.6379
0 0 0 0 1 22.6025
0 0 0 0 1 22.4102
0 0 0 0 0 22.3983
0 0 0 0 1 23.1068
0 0 0 0 1 23.9308
0 0 0 0 1 25.0427
0 0 0 0 0 26.2909
0 0 0 0 1 36.6361
0 0 0 0 0 36.7667
0 0 0 0 0 36.0972
0 0 0 0 0 36.593
0 0 0 0 1 36.4289
0 0 0 0 1 38.7575
0 0 0 0 1 52.327
0 0 0 0 1 51.6868
0 0 0 0 1 51.8811
0 0 0 0 0 52.1798
0 0 0 0 1 51.8551
0 0 0 0 0 56.4415
0 0 0 0 1 65.9207
0 0 0 0 1 69.3852
0 0 0 0 0 81.3191
0 0 0 0 0 5.03505
0 0 0 0 0 5.04507
0 0 0 0 0 4.96992
0 0 0 0 0 4.99497
0 0 0 0 0 4.99998
0 0 0 0 0 5.04507
0 0 0 0 0 4.97994
0 0 0 0 0 4.96992
0 0 0 0 0 4.9599
0 0 0 0 0 5.03505
0 0 0 0 0 5.00499
0 0 0 0 0 4.98996
0 0 0 0 1 87.9412
0 0 0 0 0 87.3371
0 0 0 0 1 75.6709
0 0 0 0 1 64.3497
0 0 0 0 1 60.5869
0 0 0 0 1 60.7192
0 0 0 0 1 61.0339
0 0 0 0 1 51.4676
0 0 0 0 0 47.5553
0 0 0 0 1 48.3355
0 0 0 0 1 38.96
0 0 0 0 0 36.4884
0 0 0 0 1 35.3825
0 0 0 0 1 35.8941
0 0 0 0 1 35.9063
0 0 0 0 0 35.3843
0 0 0 0 1 28.2744
0 0 0 0 1 26.8303
0 0 0 0 0 25.8186
0 0 0 0 1 24.713
0 0 0 0 1 24.4046
0 0 0 0 0 24.4167
0 0 0 0 1 24.8472
0 0 0 0 1 24.5891
0 0 0 0 1 24.7261
0 0 0 0 1 24.7649
0 0 0 0 1 24.656
0 0 0 0 1 24.4733
0 0 0 0 1 24.883
0 0 0 0 1 18.0361
0 0 0 0 1 17.5797
0 0 0 0 1 17.0542
0 0 0 0 1 16.711
0 0 0 0 1 16.1469
0 0 0 0 1 15.9748
0 0 0 0 0 15.4545
0 0 0 0 0 15.1968
0 0 0 0 0 14.7425
0 0 0 0 1 14.4808
0 0 0 0 0 14.1272
0 0 0 0 1 13.9287
0 0 0 0 1 13.8432
0 0 0 0 1 13.8414
0 0 0 0 1 13.8536
0 0 0 0 1 14.0473
0 0 0 0 1 13.9927
0 0 0 0 1 14.0617
0 0 0 0 1 14.1031
0 0 0 0 1 13.8929
0 0 0 0 0 14.0491
0 0 0 0 1 14.1053
0 0 0 0 1 13.9233
0 0 0 0 0 13.994
0 0 0 0 0 13.955
0 0 0 0 0 13.97
0 0 0 0 1 14.0839
0 0 0 0 1 14.0174
0 0 0 0 1 14.118
0 0 0 0 1 14.0068
0 0 0 0 1 14.0257
0 0 0 0 1 14.1415
0 0 0 0 1 14.2605
0 0 0 0 1 14.1924
0 0 0 0 1 14.3408
0 0 0 0 0 14.1305
0 0 0 0 1 14.2225
0 0 0 0 1 14.2692
0 0 0 0 1 14.3336
0 0 0 0 1 14.2949
0 0 0 0 1 8.90536
0 0 0 0 0 8.74705
0 0 0 0 1 8.52987
0 0 0 0 1 8.42677
0 0 0 0 1 8.32383
0 0 0 0 1 8.27077
0 0 0 0 1 8.20148
0 0 0 0 1 8.06573
0 0 0 0 1 7.91629
0 0 0 0 1 7.83944
0 0 0 0 1 7.77947
0 0 0 0 1 7.79481
0 0 0 0 1 7.58034
0 0 0 0 1 7.59559
0 0 0 0 0 7.45186
0 0 0 0 1 7.39277
0 0 0 0 0 7.27304
0 0 0 0 1 7.17066
0 0 0 0 1 7.2339
0 0 0 0 0 7.13838
0 0 0 0 1 7.09259
0 0 0 0 1 7.02781
0 0 0 0 1 6.95391
0 0 0 0 1 6.85528
0 0 0 0 1 6.79119
0 0 0 0 1 6.70715
0 0 0 0 1 6.6435
0 0 0 0 1 6.50775
0 0 0 0 1 6.47759
0 0 0 0 1 6.42371
0 0 0 0 1 6.444
0 0 0 0 1 6.29465
0 0 0 0 1 6.26633
0 0 0 0 1 6.20656
0 0 0 0 1 6.10999
0 0 0 0 1 6.06324
0 0 0 0 1 6.08927
0 0 0 0 1 6.05081
0 0 0 0 1 5.93185
0 0 0 0 1 5.87023
0 0 0 0 0 5.82965
0 0 0 0 0 5.83267
0 0 0 0 1 5.74835
0 0 0 0 1 5.75083
0 0 0 0 0 5.64724
0 0 0 0 1 5.63794
0 0 0 0 0 5.65063
0 0 0 0 1 5.59901
0 0 0 0 1 5.50037
0 0 0 0 1 5.49038
0 0 0 0 1 5.46913
0 0 0 0 1 5.42927
0 0 0 0 1 5.35735
0 0 0 0 1 5.3468
0 0 0 0 1 5.33914
0 0 0 0 1 5.2439
0 0 0 0 1 5.21015
0 0 0 0 1 5.1713
0 0 0 0 1 5.16864
0 0 0 0 1 5.0685
0 0 0 0 1 5.08798
0 0 0 0 0 5.06969
0 0 0 0 1 5.00952
0 0 0 0 1 5.00631
0 0 0 0 1 4.89889
0 0 0 0 1 4.89087
0 0 0 0 0 4.92168
0 0 0 0 1 4.82893
0 0 0 0 1 4.81097
0 0 0 0 1 4.78129
0 0 0 0 1 4.79291
0 0 0 0 1 4.84919
0 0 0 0 1 4.81836
0 0 0 0 0 4.84966
0 0 0 0 1 4.87244
0 0 0 0 1 4.89536
0 0 0 0 1 4.91844
0 0 0 0 1 4.9899
0 0 0 0 1 4.92418
0 0 0 0 1 4.94753
0 0 0 0 1 4.95986
0 0 0 0 1 5.05858
0 0 0 0 0 5.05746
0 0 0 0 1 5.05125
0 0 0 0 1 5.01457
0 0 0 0 1 5.12502
0 0 0 0 1 5.05764
0 0 0 0 1 5.13828
0 0 0 0 1 5.10504
0 0 0 0 1 5.1966
0 0 0 0 1 5.16978
0 0 0 0 1 5.22583
0 0 0 0 1 5.26661
0 0 0 0 1 5.26053
0 0 0 0 1 5.23333
0 0 0 0 1 5.26916
0 0 0 0 1 5.26956
0 0 0 0 1 5.33232
0 0 0 0 1 5.33673
0 0 0 0 1 5.41618
0 0 0 0 1 5.39928
0 0 0 0 1 5.39988
0 0 0 0 1 5.39346
0 0 0 0 0 5.43054
0 0 0 0 1 5.47877
0 0 0 0 1 5.51237
0 0 0 0 1 5.46728
0 0 0 0 1 5.58413
0 0 0 0 1 5.59445
0 0 0 0 0 5.55593
0 0 0 0 0 5.59414
0 0 0 0 1 5.64541
0 0 0 0 1 5.62738
0 0 0 0 1 5.75882
0 0 0 0 1 5.7294
0 0 0 0 1 5.70118
0 0 0 0 1 5.79971
0 0 0 0 1 5.82352
0 0 0 0 0 5.78162
0 0 0 0 1 5.85801
0 0 0 0 1 5.88195
0 0 0 0 0 5.88819
0 0 0 0 1 5.99552
0 0 0 0 1 5.92422
0 0 0 0 0 6.0565
0 0 0 0 1 6.06298
0 0 0 0 1 6.02681
0 0 0 0 1 6.15493
0 0 0 0 1 6.16754
0 0 0 0 1 6.23105
0 0 0 0 1 9.42385
0 0 0 0 1 9.46237
0 0 0 0 1 9.38394
0 0 0 0 1 9.40959
0 0 0 0 0 9.2881
0 0 0 0 1 9.38861
0 0 0 0 1 9.29269
0 0 0 0 0 9.38929
0 0 0 0 1 9.32487
0 0 0 0 1 9.22078
0 0 0 0 1 9.26454
0 0 0 0 1 9.13376
0 0 0 0 1 9.22319
0 0 0 0 1 9.13892
0 0 0 0 1 9.06426
0 0 0 0 1 9.07156
0 0 0 0 1 8.95246
0 0 0 0 1 9.04677
0 0 0 0 1 9.02714
0 0 0 0 1 8.86117
0 0 0 0 1 8.87795
0 0 0 0 1 8.9569
0 0 0 0 1 8.87578
0 0 0 0 1 8.8217
0 0 0 0 0 8.83513
0 0 0 0 0 8.86943
0 0 0 0 0 8.702
0 0 0 0 1 8.71227
0 0 0 0 1 8.75549
0 0 0 0 1 8.65594
0 0 0 0 1 8.69918
0 0 0 0 1 8.73881
0 0 0 0 1 8.56601
0 0 0 0 1 8.69188
0 0 0 0 1 8.57173
0 0 0 0 1 8.56861
0 0 0 0 0 8.56907
0 0 0 0 0 8.47241
0 0 0 0 1 8.52067
0 0 0 0 1 8.42468
0 0 0 0 1 8.38837
0 0 0 0 1 8.48727
0 0 0 0 1 8.42105
0 0 0 0 1 8.32645
0 0 0 0 1 8.41658
0 0 0 0 0 8.43952
0 0 0 0 1 8.26233
0 0 0 0 1 8.25614
0 0 0 0 1 8.2712
0 0 0 0 1 8.32765
0 0 0 0 1 8.24798
0 0 0 0 1 8.25492
0 0 0 0 1 8.14671
0 0 0 0 1 8.27718
0 0 0 0 1 8.11218
0 0 0 0 1 8.22599
0 0 0 0 1 8.217
0 0 0 0 0 8.16743
0 0 0 0 1 8.15879
0 0 0 0 1 8.1665
0 0 0 0 1 8.05287
0 0 0 0 1 8.10942
0 0 0 0 1 7.9885
0 0 0 0 1 8.06521
0 0 0 0 1 8.01728
0 0 0 0 1 8.09792
0 0 0 0 1 8.08234
0 0 0 0 1 7.96309
0 0 0 0 0 8.0156
0 0 0 0 1 8.04037
0 0 0 0 1 7.90624
0 0 0 0 0 7.98688
0 0 0 0 1 7.93276
0 0 0 0 1 7.91412
0 0 0 0 1 7.88419
0 0 0 0 1 7.89389
0 0 0 0 1 7.81271
0 0 0 0 1 7.88897
0 0 0 0 0 7.88326
0 0 0 0 1 7.80723
0 0 0 0 1 7.86449
0 0 0 0 1 7.8625
0 0 0 0 1 7.73267
0 0 0 0 1 7.72014
0 0 0 0 1 7.7264
0 0 0 0 1 7.78402
0 0 0 0 1 7.71287
