0 0 0 0 1 5.58617
0 0 0 0 0 5.55089
0 0 0 0 1 5.60466
0 0 0 0 1 5.55523
0 0 0 0 1 5.63726
0 0 0 0 1 5.60786
0 0 0 0 1 5.58314
0 0 0 0 0 5.63778
0 0 0 0 1 5.58274
0 0 0 0 0 5.58714
0 0 0 0 1 5.58039
0 0 0 0 1 5.61322
0 0 0 0 1 5.67665
0 0 0 0 1 5.67597
0 0 0 0 1 5.66405
0 0 0 0 1 5.65424
0 0 0 0 1 5.70496
0 0 0 0 1 5.69329
0 0 0 0 1 5.68167
0 0 0 0 1 5.70256
0 0 0 0 1 5.69677
0 0 0 0 1 5.70252
0 0 0 0 1 5.77161
0 0 0 0 1 5.77195
0 0 0 0 1 5.82605
0 0 0 0 1 5.72837
0 0 0 0 1 5.78676
0 0 0 0 1 5.7526
0 0 0 0 0 5.86961
0 0 0 0 1 5.81231
0 0 0 0 1 5.80158
0 0 0 0 1 5.8978
0 0 0 0 1 5.91816
0 0 0 0 0 5.83729
0 0 0 0 1 5.94447
0 0 0 0 1 5.90473
0 0 0 0 1 5.91808
0 0 0 0 0 5.94932
0 0 0 0 1 5.9689
0 0 0 0 1 6.00647
0 0 0 0 1 5.93688
0 0 0 0 1 6.04046
0 0 0 0 1 5.9361
0 0 0 0 1 5.99814
0 0 0 0 1 6.06654
0 0 0 0 0 6.08101
0 0 0 0 0 6.10655
0 0 0 0 1 6.04851
0 0 0 0 0 6.13619
0 0 0 0 1 6.13289
0 0 0 0 0 6.09294
0 0 0 0 1 6.16311
0 0 0 0 1 6.15277
0 0 0 0 1 6.1753
0 0 0 0 1 6.14138
0 0 0 0 0 6.20012
0 0 0 0 1 6.15374
0 0 0 0 1 6.21812
0 0 0 0 0 6.22773
0 0 0 0 1 6.31873
0 0 0 0 1 6.29645
0 0 0 0 1 6.27494
0 0 0 0 0 6.34799
0 0 0 0 1 6.38347
0 0 0 0 1 6.32401
0 0 0 0 0 6.38429
0 0 0 0 1 6.38831
0 0 0 0 1 6.46203
0 0 0 0 1 6.41493
0 0 0 0 1 6.50855
0 0 0 0 1 6.42252
0 0 0 0 1 6.45191
0 0 0 0 0 6.54074
0 0 0 0 1 6.57789
0 0 0 0 1 6.57602
0 0 0 0 1 6.53413
0 0 0 0 1 6.57753
0 0 0 0 0 6.5492
0 0 0 0 1 6.56639
0 0 0 0 1 6.67679
0 0 0 0 1 6.71455
0 0 0 0 1 6.69953
0 0 0 0 1 6.68441
0 0 0 0 0 6.67532
0 0 0 0 1 6.71346
0 0 0 0 1 6.80612
0 0 0 0 1 6.82451
0 0 0 0 1 6.81565
0 0 0 0 0 6.82725
0 0 0 0 1 6.94909
0 0 0 0 1 6.85057
0 0 0 0 1 6.89747
0 0 0 0 1 6.97893
0 0 0 0 1 7.02601
0 0 0 0 1 7.07338
0 0 0 0 1 7.04363
0 0 0 0 1 7.10502
0 0 0 0 1 7.11756
0 0 0 0 1 7.16573
0 0 0 0 0 7.16414
0 0 0 0 0 7.16963
0 0 0 0 1 7.13907
0 0 0 0 1 7.31031
0 0 0 0 1 7.19991
0 0 0 0 1 7.24856
0 0 0 0 1 7.26133
0 0 0 0 1 7.30307
0 0 0 0 1 7.42716
0 0 0 0 1 7.35848
0 0 0 0 0 7.48277
0 0 0 0 1 7.54852
0 0 0 0 1 7.56173
0 0 0 0 1 7.48426
0 0 0 0 1 7.61835
0 0 0 0 1 7.66243
0 0 0 0 1 7.62982
0 0 0 0 1 7.70436
0 0 0 0 1 7.7408
0 0 0 0 0 7.70753
0 0 0 0 1 7.79073
0 0 0 0 1 7.78882
0 0 0 0 1 7.8177
0 0 0 0 1 7.8303
0 0 0 0 1 7.95458
0 0 0 0 0 7.93557
0 0 0 0 0 8.0692
0 0 0 0 1 8.0264
0 0 0 0 1 8.07213
0 0 0 0 1 8.1175
0 0 0 0 1 8.22914
0 0 0 0 1 8.29173
0 0 0 0 1 8.2636
0 0 0 0 1 8.31037
0 0 0 0 1 8.35671
0 0 0 0 0 8.40323
0 0 0 0 1 8.44992
0 0 0 0 1 8.51378
0 0 0 0 1 8.47537
0 0 0 0 1 8.51436
0 0 0 0 1 8.62176
0 0 0 0 1 8.65101
0 0 0 0 0 8.78589
0 0 0 0 1 8.74522
0 0 0 0 0 8.80266
0 0 0 0 1 8.8764
0 0 0 0 0 8.98636
0 0 0 0 0 9.05216
0 0 0 0 1 9.11825
0 0 0 0 1 9.07621
0 0 0 0 1 9.2431
0 0 0 0 1 9.16242
0 0 0 0 1 9.27516
0 0 0 0 1 9.39916
0 0 0 0 1 9.49384
0 0 0 0 1 9.37267
0 0 0 0 1 9.6004
0 0 0 0 1 9.64838
0 0 0 0 0 9.58176
0 0 0 0 1 9.72602
0 0 0 0 1 9.72481
0 0 0 0 1 9.77209
0 0 0 0 1 9.90011
0 0 0 0 1 10.0661
0 0 0 0 1 10.0039
0 0 0 0 1 10.0498
0 0 0 0 1 10.2195
0 0 0 0 1 10.3379
0 0 0 0 1 10.3949
0 0 0 0 1 10.4432
0 0 0 0 1 10.5105
0 0 0 0 1 10.5143
0 0 0 0 1 10.5899
0 0 0 0 0 10.6998
0 0 0 0 1 10.8191
0 0 0 0 1 9.28728
0 0 0 0 1 9.30033
0 0 0 0 1 9.16999
0 0 0 0 1 9.2019
0 0 0 0 1 9.29377
0 0 0 0 1 9.26101
0 0 0 0 1 9.18726
0 0 0 0 1 9.21002
0 0 0 0 0 9.14599
0 0 0 0 1 9.15982
0 0 0 0 1 9.08723
0 0 0 0 0 9.10134
0 0 0 0 1 9.07463
0 0 0 0 1 8.99386
0 0 0 0 1 9.02644
0 0 0 0 1 9.05429
0 0 0 0 1 8.95213
0 0 0 0 1 9.025
0 0 0 0 1 9.01716
0 0 0 0 1 9.00944
0 0 0 0 0 8.91756
0 0 0 0 1 8.91025
0 0 0 0 0 8.83206
0 0 0 0 0 8.78968
0 0 0 0 1 8.836
0 0 0 0 1 8.76362
0 0 0 0 1 8.7924
0 0 0 0 1 8.71565
0 0 0 0 1 8.73583
0 0 0 0 1 8.71223
0 0 0 0 0 8.71507
0 0 0 0 0 8.64453
0 0 0 0 1 8.66515
0 0 0 0 0 8.71192
0 0 0 0 1 8.75866
0 0 0 0 1 8.74463
0 0 0 0 1 8.60951
0 0 0 0 1 8.60465
0 0 0 0 0 8.6172
0 0 0 0 0 8.66431
0 0 0 0 0 8.5909
0 0 0 0 1 8.51783
0 0 0 0 0 8.61675
0 0 0 0 1 8.50984
0 0 0 0 0 8.57452
0 0 0 0 1 8.56224
0 0 0 0 1 8.519
0 0 0 0 1 8.47297
0 0 0 0 0 8.58413
0 0 0 0 1 8.63904
0 0 0 0 1 8.85979
0 0 0 0 1 8.97672
0 0 0 0 1 9.01144
0 0 0 0 0 9.17288
0 0 0 0 1 9.31631
0 0 0 0 1 9.56486
0 0 0 0 1 9.69072
0 0 0 0 1 9.80595
0 0 0 0 1 9.90971
0 0 0 0 0 10.2249
0 0 0 0 0 10.3483
0 0 0 0 0 10.6267
0 0 0 0 1 10.7053
0 0 0 0 1 10.8871
0 0 0 0 1 11.1017
0 0 0 0 1 11.2812
0 0 0 0 1 11.6199
0 0 0 0 1 11.8078
0 0 0 0 1 12.1024
0 0 0 0 0 12.2348
0 0 0 0 1 12.6988
0 0 0 0 1 12.9375
0 0 0 0 1 22.5237
0 0 0 0 1 22.4822
0 0 0 0 0 22.8706
0 0 0 0 1 22.5577
0 0 0 0 1 22.5629
0 0 0 0 1 22.7722
0 0 0 0 1 22.5066
0 0 0 0 1 22.739
0 0 0 0 1 22.4972
0 0 0 0 1 22.4818
0 0 0 0 1 22.3316
0 0 0 0 1 22.4975
0 0 0 0 0 22.6651
0 0 0 0 0 22.7188
0 0 0 0 1 22.5929
0 0 0 0 0 22.4001
0 0 0 0 0 22.3877
0 0 0 0 1 22.6004
0 0 0 0 1 23.0836
0 0 0 0 1 23.9308
0 0 0 0 1 25.2939
0 0 0 0 1 26.3171
0 0 0 0 1 36.1627
0 0 0 0 1 36.1842
0 0 0 0 1 36.7522
0 0 0 0 1 36.2656
0 0 0 0 1 36.065
0 0 0 0 1 38.873
0 0 0 0 1 52.1708
0 0 0 0 0 52.4155
0 0 0 0 1 52.4536
0 0 0 0 1 52.4399
0 0 0 0 1 52.2712
0 0 0 0 0 56.2724
0 0 0 0 1 64.8079
0 0 0 0 1 69.0369
0 0 0 0 0 82.6281
0 0 0 0 0 5.03004
0 0 0 0 0 5.04006
0 0 0 0 0 5.02002
0 0 0 0 0 5.01501
0 0 0 0 0 5.04006
0 0 0 0 0 5.02002
0 0 0 0 0 4.9599
0 0 0 0 0 4.99497
0 0 0 0 0 4.98996
0 0 0 0 0 4.98996
0 0 0 0 0 4.9599
0 0 0 0 0 4.98996
0 0 0 0 1 87.1529
0 0 0 0 0 87.1619
0 0 0 0 1 75.7461
0 0 0 0 1 63.5198
0 0 0 0 1 61.0106
0 0 0 0 1 60.2349
0 0 0 0 1 60.7917
0 0 0 0 0 51.3644
0 0 0 0 1 47.5073
0 0 0 0 1 48.2875
0 0 0 0 1 39.1171
0 0 0 0 0 36.4516
0 0 0 0 0 35.7392
0 0 0 0 1 35.3589
0 0 0 0 1 35.942
0 0 0 0 1 36.0628
0 0 0 0 1 28.2744
0 0 0 0 1 26.5623
0 0 0 0 1 25.8442
0 0 0 0 1 24.4422
0 0 0 0 1 24.8233
0 0 0 0 0 24.8602
0 0 0 0 1 24.4282
0 0 0 0 1 24.5645
0 0 0 0 0 24.6027
0 0 0 0 1 24.9378
0 0 0 0 0 24.8537
0 0 0 0 1 24.6711
0 0 0 0 1 24.7594
0 0 0 0 1 18.3637
0 0 0 0 1 17.5973
0 0 0 0 1 17.2777
0 0 0 0 1 16.7444
0 0 0 0 0 16.2121
0 0 0 0 1 15.8477
0 0 0 0 1 15.3461
0 0 0 0 0 15.2573
0 0 0 0 1 14.6392
0 0 0 0 0 14.4086
0 0 0 0 1 14.24
0 0 0 0 1 13.9981
0 0 0 0 1 13.8849
0 0 0 0 1 13.7857
0 0 0 0 1 13.8815
0 0 0 0 1 13.8104
0 0 0 0 1 13.8252
0 0 0 0 1 13.8522
0 0 0 0 0 14.0751
0 0 0 0 0 14.0189
0 0 0 0 1 14.0771
0 0 0 0 1 13.895
0 0 0 0 1 13.9654
0 0 0 0 1 14.008
0 0 0 0 1 13.9409
0 0 0 0 1 13.97
0 0 0 0 1 14.0839
0 0 0 0 1 14.1445
0 0 0 0 1 14.0473
0 0 0 0 1 14.2049
0 0 0 0 1 14.1815
0 0 0 0 1 14.2266
0 0 0 0 1 14.0759
0 0 0 0 1 14.1924
0 0 0 0 1 14.1557
0 0 0 0 1 14.3301
0 0 0 0 0 14.3225
0 0 0 0 0 14.212
0 0 0 0 1 14.4052
0 0 0 0 1 14.4813
0 0 0 0 1 8.90536
0 0 0 0 1 8.66864
0 0 0 0 1 8.53847
0 0 0 0 1 8.52021
0 0 0 0 0 8.44969
0 0 0 0 0 8.34535
0 0 0 0 1 8.23426
0 0 0 0 0 8.01719
0 0 0 0 1 7.93229
0 0 0 0 1 7.98169
0 0 0 0 0 7.85766
0 0 0 0 0 7.79481
0 0 0 0 1 7.6644
0 0 0 0 1 7.62582
0 0 0 0 1 7.48176
0 0 0 0 1 7.47417
0 0 0 0 1 7.37547
0 0 0 0 0 7.25034
0 0 0 0 1 7.10485
0 0 0 0 1 7.15966
0 0 0 0 0 7.04343
0 0 0 0 1 6.90952
0 0 0 0 1 6.8231
0 0 0 0 1 6.88256
0 0 0 0 0 6.76416
0 0 0 0 1 6.63351
0 0 0 0 1 6.67665
0 0 0 0 1 6.50119
0 0 0 0 1 6.4841
0 0 0 0 1 6.41726
0 0 0 0 1 6.40568
0 0 0 0 0 6.38964
0 0 0 0 1 6.24749
0 0 0 0 1 6.21901
0 0 0 0 0 6.14085
0 0 0 0 0 6.12442
0 0 0 0 1 6.07108
0 0 0 0 1 6.00264
0 0 0 0 1 5.94975
0 0 0 0 1 5.9117
0 0 0 0 1 5.88835
0 0 0 0 1 5.85598
0 0 0 0 1 5.80039
0 0 0 0 1 5.791
0 0 0 0 1 5.68136
0 0 0 0 1 5.62101
0 0 0 0 1 5.58342
0 0 0 0 0 5.50996
0 0 0 0 1 5.53903
0 0 0 0 1 5.46299
0 0 0 0 1 5.40932
0 0 0 0 1 5.36985
0 0 0 0 0 5.35735
0 0 0 0 1 5.33082
0 0 0 0 1 5.31268
0 0 0 0 1 5.2334
0 0 0 0 1 5.1945
0 0 0 0 1 5.15575
0 0 0 0 1 5.10172
0 0 0 0 1 5.07873
0 0 0 0 1 5.05754
0 0 0 0 1 5.05457
0 0 0 0 1 5.02958
0 0 0 0 1 4.98639
0 0 0 0 1 4.92363
0 0 0 0 0 4.86629
0 0 0 0 1 4.93145
0 0 0 0 1 4.82893
0 0 0 0 1 4.78684
0 0 0 0 1 4.79574
0 0 0 0 1 4.81704
0 0 0 0 1 4.81528
0 0 0 0 1 4.88643
0 0 0 0 1 4.90815
0 0 0 0 1 4.91646
0 0 0 0 0 4.95428
0 0 0 0 1 4.91844
0 0 0 0 1 4.9899
0 0 0 0 1 4.94897
0 0 0 0 1 4.98238
0 0 0 0 1 4.94988
0 0 0 0 0 4.97343
0 0 0 0 1 4.98708
0 0 0 0 1 5.03611
0 0 0 0 1 5.07029
0 0 0 0 0 5.13519
0 0 0 0 1 5.05254
0 0 0 0 1 5.09729
0 0 0 0 1 5.1564
0 0 0 0 1 5.18113
0 0 0 0 1 5.16461
0 0 0 0 1 5.22063
0 0 0 0 1 5.19882
0 0 0 0 1 5.22389
0 0 0 0 0 5.23859
0 0 0 0 1 5.26916
0 0 0 0 1 5.33318
0 0 0 0 0 5.36957
0 0 0 0 0 5.31536
0 0 0 0 0 5.33574
0 0 0 0 1 5.38851
0 0 0 0 1 5.44317
0 0 0 0 0 5.38803
0 0 0 0 0 5.50142
0 0 0 0 1 5.47877
0 0 0 0 1 5.51787
0 0 0 0 1 5.47281
0 0 0 0 1 5.50087
0 0 0 0 1 5.53316
0 0 0 0 1 5.65674
0 0 0 0 1 5.63912
0 0 0 0 1 5.63411
0 0 0 0 1 5.65574
0 0 0 0 1 5.6676
0 0 0 0 1 5.69506
0 0 0 0 0 5.77021
0 0 0 0 1 5.80549
0 0 0 0 1 5.84095
0 0 0 0 1 5.86913
0 0 0 0 1 5.84042
0 0 0 0 1 5.91142
0 0 0 0 1 5.95927
0 0 0 0 1 5.98956
0 0 0 0 1 6.03193
0 0 0 0 1 6.03244
0 0 0 0 0 6.06903
0 0 0 0 1 6.08148
0 0 0 0 0 6.16714
0 0 0 0 1 6.0939
0 0 0 0 0 6.18165
0 0 0 0 1 9.48096
0 0 0 0 1 9.5477
0 0 0 0 1 9.35559
0 0 0 0 0 9.48494
0 0 0 0 1 9.40069
0 0 0 0 1 9.36991
0 0 0 0 1 9.34861
0 0 0 0 1 9.26844
0 0 0 0 0 9.24153
0 0 0 0 0 9.26693
0 0 0 0 0 9.15414
0 0 0 0 1 9.13376
0 0 0 0 1 9.18663
0 0 0 0 0 9.13892
0 0 0 0 1 9.10059
0 0 0 0 0 8.96292
0 0 0 0 1 9.11491
0 0 0 0 1 9.06477
0 0 0 0 1 9.00022
0 0 0 0 1 8.87907
0 0 0 0 1 8.88687
0 0 0 0 1 8.87685
0 0 0 0 1 8.85804
0 0 0 0 0 8.78634
0 0 0 0 1 8.8704
0 0 0 0 1 8.74637
0 0 0 0 1 8.69324
0 0 0 0 1 8.70352
0 0 0 0 0 8.79909
0 0 0 0 1 8.65594
0 0 0 0 1 8.7252
0 0 0 0 1 8.59172
0 0 0 0 1 8.61776
0 0 0 0 1 8.63164
0 0 0 0 0 8.52883
0 0 0 0 1 8.52581
0 0 0 0 1 8.62028
0 0 0 0 1 8.44687
0 0 0 0 1 8.48669
0 0 0 0 1 8.46705
0 0 0 0 0 8.46447
0 0 0 0 1 8.50414
0 0 0 0 0 8.37058
0 0 0 0 1 8.34324
0 0 0 0 1 8.43333
0 0 0 0 0 8.29747
0 0 0 0 0 8.42074
0 0 0 0 1 8.23119
0 0 0 0 1 8.22142
0 0 0 0 1 8.20348
0 0 0 0 1 8.27277
0 0 0 0 1 8.1972
0 0 0 0 1 8.28661
0 0 0 0 1 8.16222
0 0 0 0 0 8.27607
0 0 0 0 1 8.19328
0 0 0 0 0 8.1354
0 0 0 0 1 8.086
0 0 0 0 1 8.11816
0 0 0 0 1 8.15028
0 0 0 0 1 8.11762
0 0 0 0 1 8.09326
0 0 0 0 1 8.14166
0 0 0 0 1 8.12155
0 0 0 0 1 7.96104
0 0 0 0 1 8.00973
0 0 0 0 1 7.9543
0 0 0 0 1 7.91517
0 0 0 0 1 7.93584
0 0 0 0 1 7.88911
0 0 0 0 0 7.87446
0 0 0 0 1 7.98688
0 0 0 0 1 7.90901
0 0 0 0 1 7.85878
0 0 0 0 1 7.94733
0 0 0 0 1 7.9254
0 0 0 0 1 7.80485
0 0 0 0 1 7.87326
0 0 0 0 1 7.86757
0 0 0 0 1 7.87771
0 0 0 0 1 7.83322
0 0 0 0 1 7.83127
0 0 0 0 0 7.85739
0 0 0 0 1 7.76683
0 0 0 0 1 7.79636
0 0 0 0 1 7.69865
0 0 0 0 1 7.79814
