0 0 0 0 1 5.50296
0 0 0 0 1 5.58423
0 0 0 0 1 5.53787
0 0 0 0 1 5.59981
0 0 0 0 1 5.55354
0 0 0 0 1 5.55194
0 0 0 0 1 5.58873
0 0 0 0 1 5.57053
0 0 0 0 1 5.6669
0 0 0 0 1 5.60962
0 0 0 0 1 5.58603
0 0 0 0 1 5.60194
0 0 0 0 0 5.60322
0 0 0 0 1 5.63636
0 0 0 0 1 5.6357
0 0 0 0 1 5.67127
0 0 0 0 1 5.7334
0 0 0 0 1 5.68189
0 0 0 0 0 5.71593
0 0 0 0 1 5.67399
0 0 0 0 1 5.73685
0 0 0 0 0 5.72547
0 0 0 0 0 5.78886
0 0 0 0 1 5.70282
0 0 0 0 1 5.80875
0 0 0 0 1 5.81508
0 0 0 0 1 5.85048
0 0 0 0 1 5.85128
0 0 0 0 1 5.87543
0 0 0 0 0 5.85312
0 0 0 0 1 5.88337
0 0 0 0 1 5.82174
0 0 0 0 1 5.82441
0 0 0 0 1 5.90776
0 0 0 0 1 5.84442
0 0 0 0 1 5.95192
0 0 0 0 1 5.8826
0 0 0 0 1 5.97303
0 0 0 0 0 5.95702
0 0 0 0 1 5.89337
0 0 0 0 1 5.94285
0 0 0 0 1 6.03448
0 0 0 0 1 5.95407
0 0 0 0 1 6.01615
0 0 0 0 1 6.00635
0 0 0 0 1 6.02069
0 0 0 0 1 6.02787
0 0 0 0 0 6.10311
0 0 0 0 1 6.10578
0 0 0 0 0 6.12679
0 0 0 0 1 6.05627
0 0 0 0 1 6.07122
0 0 0 0 0 6.1835
0 0 0 0 1 6.09527
0 0 0 0 1 6.17841
0 0 0 0 1 6.22487
0 0 0 0 1 6.14133
0 0 0 0 1 6.25547
0 0 0 0 1 6.19029
0 0 0 0 1 6.24992
0 0 0 0 1 6.30901
0 0 0 0 0 6.34417
0 0 0 0 0 6.27858
0 0 0 0 1 6.34551
0 0 0 0 1 6.39378
0 0 0 0 1 6.33337
0 0 0 0 0 6.34364
0 0 0 0 1 6.37237
0 0 0 0 1 6.47914
0 0 0 0 1 6.37966
0 0 0 0 1 6.4419
0 0 0 0 1 6.51676
0 0 0 0 1 6.43671
0 0 0 0 1 6.46054
0 0 0 0 1 6.58255
0 0 0 0 1 6.57349
0 0 0 0 1 6.51827
0 0 0 0 1 6.58881
0 0 0 0 1 6.56639
0 0 0 0 1 6.65684
0 0 0 0 1 6.7279
0 0 0 0 1 6.67276
0 0 0 0 1 6.76495
0 0 0 0 1 6.79657
0 0 0 0 1 6.79459
0 0 0 0 1 6.77898
0 0 0 0 1 6.86538
0 0 0 0 0 6.78146
0 0 0 0 1 6.90959
0 0 0 0 0 6.90088
0 0 0 0 1 6.88513
0 0 0 0 0 6.99452
0 0 0 0 1 6.9163
0 0 0 0 1 6.91426
0 0 0 0 1 6.96121
0 0 0 0 1 7.05067
0 0 0 0 1 7.03432
0 0 0 0 1 7.14594
0 0 0 0 1 7.08025
0 0 0 0 1 7.22134
0 0 0 0 1 7.10504
0 0 0 0 1 7.27594
0 0 0 0 1 7.21622
0 0 0 0 1 7.33795
0 0 0 0 0 7.37265
0 0 0 0 1 7.39322
0 0 0 0 1 7.42822
0 0 0 0 1 7.40501
0 0 0 0 1 7.35106
0 0 0 0 1 7.40824
0 0 0 0 1 7.556
0 0 0 0 1 7.46401
0 0 0 0 1 7.6202
0 0 0 0 1 7.55006
0 0 0 0 1 7.65481
0 0 0 0 1 7.69869
0 0 0 0 1 7.63516
0 0 0 0 1 7.67127
0 0 0 0 1 7.74634
0 0 0 0 1 7.86871
0 0 0 0 1 7.80448
0 0 0 0 0 7.90421
0 0 0 0 1 7.94894
0 0 0 0 1 7.93074
0 0 0 0 1 7.96753
0 0 0 0 1 8.10934
0 0 0 0 1 8.04253
0 0 0 0 0 8.0235
0 0 0 0 0 8.1827
0 0 0 0 1 8.20458
0 0 0 0 1 8.25879
0 0 0 0 1 8.28844
0 0 0 0 1 8.327
0 0 0 0 1 8.44036
0 0 0 0 1 8.46211
0 0 0 0 1 8.44992
0 0 0 0 1 8.5478
0 0 0 0 1 8.50958
0 0 0 0 1 8.63464
0 0 0 0 1 8.61312
0 0 0 0 1 8.65971
0 0 0 0 1 8.73344
0 0 0 0 1 8.81561
0 0 0 0 0 8.87337
0 0 0 0 1 8.84082
0 0 0 0 1 8.93266
0 0 0 0 0 8.93506
0 0 0 0 1 9.02761
0 0 0 0 0 9.05798
0 0 0 0 0 9.1239
0 0 0 0 0 9.31005
0 0 0 0 1 9.24731
0 0 0 0 1 9.34315
0 0 0 0 1 9.31524
0 0 0 0 1 9.51453
0 0 0 0 1 9.42896
0 0 0 0 1 9.58124
0 0 0 0 1 9.67825
0 0 0 0 1 9.76489
0 0 0 0 0 9.88134
0 0 0 0 1 9.8312
0 0 0 0 1 9.92984
0 0 0 0 1 10.0861
0 0 0 0 1 10.1547
0 0 0 0 1 10.07
0 0 0 0 1 10.1073
0 0 0 0 1 10.1837
0 0 0 0 1 10.4466
0 0 0 0 1 10.4744
0 0 0 0 1 10.605
0 0 0 0 1 10.4932
0 0 0 0 1 10.6752
0 0 0 0 1 10.6998
0 0 0 0 1 10.8949
0 0 0 0 1 9.34312
0 0 0 0 0 9.32818
0 0 0 0 1 9.31819
0 0 0 0 1 9.25734
0 0 0 0 1 9.15547
0 0 0 0 0 9.24261
0 0 0 0 1 9.14137
0 0 0 0 1 9.13678
0 0 0 0 1 9.16426
0 0 0 0 1 9.03222
0 0 0 0 1 9.1782
0 0 0 0 1 9.12857
0 0 0 0 0 9.07463
0 0 0 0 1 9.03002
0 0 0 0 1 8.99038
0 0 0 0 1 8.95529
0 0 0 0 1 9.04192
0 0 0 0 1 8.87264
0 0 0 0 1 8.88298
0 0 0 0 1 8.93801
0 0 0 0 1 8.97101
0 0 0 0 1 8.84801
0 0 0 0 1 8.81431
0 0 0 0 1 8.8517
0 0 0 0 1 8.88022
0 0 0 0 0 8.88718
0 0 0 0 1 8.85407
0 0 0 0 1 8.72444
0 0 0 0 1 8.86753
0 0 0 0 1 8.79112
0 0 0 0 1 8.76757
0 0 0 0 0 8.68819
0 0 0 0 1 8.68258
0 0 0 0 1 8.62489
0 0 0 0 1 8.69783
0 0 0 0 1 8.70993
0 0 0 0 1 8.59219
0 0 0 0 1 8.67383
0 0 0 0 1 8.6172
0 0 0 0 0 8.60396
0 0 0 0 1 8.53064
0 0 0 0 1 8.5608
0 0 0 0 1 8.59101
0 0 0 0 1 8.51841
0 0 0 0 1 8.54885
0 0 0 0 1 8.61351
0 0 0 0 0 8.51046
0 0 0 0 1 8.49002
0 0 0 0 1 8.54125
0 0 0 0 1 8.75214
0 0 0 0 1 8.7539
0 0 0 0 0 8.97672
0 0 0 0 1 9.15693
0 0 0 0 1 9.15441
0 0 0 0 1 9.28817
0 0 0 0 1 9.55532
0 0 0 0 1 9.63264
0 0 0 0 1 9.87486
0 0 0 0 1 9.98979
0 0 0 0 1 10.1536
0 0 0 0 1 10.3691
0 0 0 0 1 10.479
0 0 0 0 1 10.7804
0 0 0 0 1 11.0293
0 0 0 0 0 11.0571
0 0 0 0 1 11.4062
0 0 0 0 1 11.5736
0 0 0 0 1 11.7368
0 0 0 0 1 12.1507
0 0 0 0 1 12.3333
0 0 0 0 1 12.4976
0 0 0 0 1 12.7705
0 0 0 0 1 22.8873
0 0 0 0 1 22.6866
0 0 0 0 0 22.8025
0 0 0 0 1 22.4444
0 0 0 0 1 22.7441
0 0 0 0 1 22.7722
0 0 0 0 1 22.5066
0 0 0 0 1 22.5808
0 0 0 0 1 22.6101
0 0 0 0 1 22.7301
0 0 0 0 1 22.715
0 0 0 0 1 22.3623
0 0 0 0 1 22.3046
0 0 0 0 1 22.5837
0 0 0 0 1 22.2779
0 0 0 0 0 22.58
0 0 0 0 0 22.2753
0 0 0 0 0 22.3309
0 0 0 0 1 23.4084
0 0 0 0 1 24.365
0 0 0 0 1 25.319
0 0 0 0 1 26.0812
0 0 0 0 1 36.709
0 0 0 0 1 36.1478
0 0 0 0 0 36.5703
0 0 0 0 0 36.2656
0 0 0 0 1 36.065
0 0 0 0 1 38.141
0 0 0 0 1 51.9626
0 0 0 0 1 51.6348
0 0 0 0 1 52.1934
0 0 0 0 0 52.4399
0 0 0 0 1 51.4911
0 0 0 0 1 56.7799
0 0 0 0 1 66.1171
0 0 0 0 1 69.8729
0 0 0 0 1 81.0737
0 0 0 0 0 5.0601
0 0 0 0 0 5.0601
0 0 0 0 0 4.97493
0 0 0 0 0 5.00499
0 0 0 0 0 5.00499
0 0 0 0 0 4.96992
0 0 0 0 0 5.0601
0 0 0 0 0 4.99998
0 0 0 0 0 5.04006
0 0 0 0 0 5.00499
0 0 0 0 0 5.0601
0 0 0 0 0 4.98495
0 0 0 0 1 86.8025
0 0 0 0 1 88.1255
0 0 0 0 1 74.5437
0 0 0 0 1 63.2644
0 0 0 0 1 59.9817
0 0 0 0 0 60.5981
0 0 0 0 1 60.4284
0 0 0 0 1 51.9833
0 0 0 0 0 48.419
0 0 0 0 1 48.0955
0 0 0 0 1 39.1564
0 0 0 0 1 37.0039
0 0 0 0 1 35.4895
0 0 0 0 1 35.8941
0 0 0 0 1 36.0133
0 0 0 0 1 35.67
0 0 0 0 1 28.3306
0 0 0 0 1 27.0715
0 0 0 0 1 25.716
0 0 0 0 1 24.393
0 0 0 0 1 24.5031
0 0 0 0 1 24.4414
0 0 0 0 1 24.5514
0 0 0 0 1 24.7125
0 0 0 0 1 24.43
0 0 0 0 1 24.5427
0 0 0 0 1 24.5819
0 0 0 0 1 24.8688
0 0 0 0 1 24.7841
0 0 0 0 1 18.3091
0 0 0 0 1 17.6327
0 0 0 0 0 17.3637
0 0 0 0 1 16.8281
0 0 0 0 1 16.1795
0 0 0 0 1 15.8319
0 0 0 0 1 15.5938
0 0 0 0 1 15.0607
0 0 0 0 0 14.8901
0 0 0 0 1 14.4375
0 0 0 0 1 13.958
0 0 0 0 1 13.8037
0 0 0 0 1 13.9544
0 0 0 0 1 13.7996
0 0 0 0 1 13.9929
0 0 0 0 0 14.0752
0 0 0 0 1 14.0903
0 0 0 0 1 13.9779
0 0 0 0 1 14.0751
0 0 0 0 1 13.9489
0 0 0 0 1 14.1331
0 0 0 0 1 13.937
0 0 0 0 1 14.1338
0 0 0 0 1 14.1766
0 0 0 0 1 14.0816
0 0 0 0 0 14.0686
0 0 0 0 0 14.0275
0 0 0 0 1 14.0598
0 0 0 0 1 14.0191
0 0 0 0 1 14.2756
0 0 0 0 1 14.1815
0 0 0 0 1 14.1698
0 0 0 0 0 14.0759
0 0 0 0 1 14.1071
0 0 0 0 1 14.1984
0 0 0 0 0 14.2303
0 0 0 0 1 14.1369
0 0 0 0 1 14.2835
0 0 0 0 1 14.3479
0 0 0 0 0 14.3666
0 0 0 0 0 8.91418
0 0 0 0 1 8.79061
0 0 0 0 1 8.65885
0 0 0 0 1 8.45225
0 0 0 0 1 8.36578
0 0 0 0 0 8.34535
0 0 0 0 1 8.1769
0 0 0 0 1 8.10618
0 0 0 0 1 7.92429
0 0 0 0 1 7.96589
0 0 0 0 0 7.78729
0 0 0 0 1 7.67121
0 0 0 0 1 7.67204
0 0 0 0 1 7.62582
0 0 0 0 1 7.50418
0 0 0 0 1 7.34097
0 0 0 0 1 7.36816
0 0 0 0 0 7.17066
0 0 0 0 1 7.11919
0 0 0 0 1 7.13128
0 0 0 0 0 7.00832
0 0 0 0 1 6.94431
0 0 0 0 1 6.93326
0 0 0 0 1 6.84164
0 0 0 0 1 6.76416
0 0 0 0 1 6.67368
0 0 0 0 1 6.62361
0 0 0 0 0 6.60626
0 0 0 0 1 6.54913
0 0 0 0 1 6.45595
0 0 0 0 1 6.34181
0 0 0 0 1 6.35798
0 0 0 0 0 6.31028
0 0 0 0 1 6.25637
0 0 0 0 1 6.18405
0 0 0 0 1 6.06935
0 0 0 0 1 6.05895
0 0 0 0 1 6.04479
0 0 0 0 1 5.90798
0 0 0 0 0 5.88208
0 0 0 0 1 5.84139
0 0 0 0 1 5.86763
0 0 0 0 1 5.84087
0 0 0 0 1 5.74509
0 0 0 0 1 5.65861
0 0 0 0 0 5.58714
0 0 0 0 1 5.58342
0 0 0 0 1 5.57118
0 0 0 0 1 5.56112
0 0 0 0 0 5.50134
0 0 0 0 1 5.46913
0 0 0 0 0 5.45088
0 0 0 0 1 5.38956
0 0 0 0 1 5.35745
0 0 0 0 1 5.32855
0 0 0 0 1 5.19666
0 0 0 0 1 5.17885
0 0 0 0 1 5.22829
0 0 0 0 1 5.15834
0 0 0 0 1 5.08896
0 0 0 0 0 5.1032
0 0 0 0 1 5.01426
0 0 0 0 1 5.04463
0 0 0 0 1 4.96646
0 0 0 0 1 4.93353
0 0 0 0 0 4.89087
0 0 0 0 0 4.86309
0 0 0 0 1 4.83864
0 0 0 0 1 4.84474
0 0 0 0 1 4.83907
0 0 0 0 1 4.82187
0 0 0 0 1 4.89279
0 0 0 0 1 4.82808
0 0 0 0 1 4.82529
0 0 0 0 1 4.86754
0 0 0 0 1 4.92973
0 0 0 0 1 4.89873
0 0 0 0 1 4.98002
0 0 0 0 1 4.9936
0 0 0 0 0 4.99233
0 0 0 0 1 4.95487
0 0 0 0 1 5.04856
0 0 0 0 0 5.0474
0 0 0 0 1 5.09667
0 0 0 0 1 5.07029
0 0 0 0 0 5.04367
0 0 0 0 0 5.14951
0 0 0 0 1 5.11266
0 0 0 0 1 5.10504
0 0 0 0 1 5.12442
0 0 0 0 1 5.15943
0 0 0 0 1 5.17388
0 0 0 0 1 5.24053
0 0 0 0 1 5.22389
0 0 0 0 1 5.22808
0 0 0 0 1 5.27971
0 0 0 0 0 5.32257
0 0 0 0 0 5.35892
0 0 0 0 1 5.31002
0 0 0 0 1 5.37864
0 0 0 0 1 5.41543
0 0 0 0 0 5.44858
0 0 0 0 0 5.46407
0 0 0 0 1 5.40873
0 0 0 0 1 5.44593
0 0 0 0 1 5.50686
0 0 0 0 0 5.50594
0 0 0 0 1 5.56748
0 0 0 0 0 5.54987
0 0 0 0 0 5.55033
0 0 0 0 1 5.61101
0 0 0 0 1 5.59455
0 0 0 0 1 5.69545
0 0 0 0 1 5.6733
0 0 0 0 0 5.70651
0 0 0 0 0 5.7472
0 0 0 0 1 5.80549
0 0 0 0 1 5.84095
0 0 0 0 1 5.81662
0 0 0 0 1 5.82869
0 0 0 0 0 5.84659
0 0 0 0 1 5.92966
0 0 0 0 1 5.96575
0 0 0 0 1 6.00201
0 0 0 0 0 6.0565
0 0 0 0 1 6.09925
0 0 0 0 1 6.13616
0 0 0 0 1 6.16103
0 0 0 0 1 6.07549
0 0 0 0 1 6.23723
0 0 0 0 0 9.49048
0 0 0 0 1 9.42445
0 0 0 0 1 9.52569
0 0 0 0 1 9.39075
0 0 0 0 1 9.2881
0 0 0 0 1 9.2951
0 0 0 0 1 9.32997
0 0 0 0 1 9.35211
0 0 0 0 1 9.17671
0 0 0 0 1 9.22078
0 0 0 0 1 9.19094
0 0 0 0 1 9.14293
0 0 0 0 1 9.17749
0 0 0 0 1 9.13892
0 0 0 0 0 9.03702
0 0 0 0 1 9.03535
0 0 0 0 0 8.97954
0 0 0 0 1 9.01076
0 0 0 0 1 8.91049
0 0 0 0 1 8.86117
0 0 0 0 1 8.89579
0 0 0 0 1 8.88574
0 0 0 0 1 8.93785
0 0 0 0 1 8.88357
0 0 0 0 1 8.86158
0 0 0 0 1 8.86064
0 0 0 0 1 8.83345
0 0 0 0 1 8.72976
0 0 0 0 0 8.677
0 0 0 0 1 8.75163
0 0 0 0 1 8.7252
0 0 0 0 1 8.63498
0 0 0 0 1 8.67815
0 0 0 0 1 8.66606
0 0 0 0 1 8.57173
0 0 0 0 1 8.61997
0 0 0 0 1 8.51786
0 0 0 0 1 8.56608
0 0 0 0 1 8.56315
0 0 0 0 1 8.54333
0 0 0 0 1 8.42219
0 0 0 0 1 8.45352
0 0 0 0 1 8.39581
0 0 0 0 1 8.30966
0 0 0 0 1 8.29933
0 0 0 0 1 8.33089
0 0 0 0 1 8.39573
0 0 0 0 0 8.36422
0 0 0 0 1 8.2712
0 0 0 0 1 8.24487
0 0 0 0 1 8.33062
0 0 0 0 1 8.26317
0 0 0 0 1 8.17963
0 0 0 0 1 8.2936
0 0 0 0 1 8.25148
0 0 0 0 0 8.16057
0 0 0 0 1 8.12724
0 0 0 0 1 8.22443
0 0 0 0 0 8.15879
0 0 0 0 1 8.02863
0 0 0 0 1 8.10952
0 0 0 0 1 8.1498
0 0 0 0 1 8.04493
0 0 0 0 1 8.08131
0 0 0 0 1 8.07351
0 0 0 0 1 7.96162
0 0 0 0 0 8.04232
0 0 0 0 1 8.06692
0 0 0 0 1 7.95179
0 0 0 0 1 8.04037
0 0 0 0 1 7.96981
0 0 0 0 0 7.95516
0 0 0 0 1 7.87734
0 0 0 0 1 7.91412
0 0 0 0 0 7.81316
0 0 0 0 1 7.8545
0 0 0 0 0 7.78911
0 0 0 0 1 7.8654
0 0 0 0 1 7.86757
0 0 0 0 1 7.76808
0 0 0 0 0 7.80977
0 0 0 0 1 7.87031
0 0 0 0 1 7.81842
0 0 0 0 1 7.80574
0 0 0 0 0 7.76527
0 0 0 0 1 7.83834
0 0 0 0 1 7.69736
