0 0 0 0 1 5.55844
0 0 0 0 1 5.59534
0 0 0 0 1 5.61579
0 0 0 0 1 5.57752
0 0 0 0 1 5.52563
0 0 0 0 1 5.63022
0 0 0 0 0 5.57754
0 0 0 0 1 5.55933
0 0 0 0 1 5.65568
0 0 0 0 1 5.66583
0 0 0 0 1 5.59166
0 0 0 0 0 5.69784
0 0 0 0 1 5.68795
0 0 0 0 1 5.60806
0 0 0 0 1 5.67539
0 0 0 0 1 5.6883
0 0 0 0 1 5.6424
0 0 0 0 1 5.74458
0 0 0 0 1 5.73306
0 0 0 0 0 5.67971
0 0 0 0 1 5.67387
0 0 0 0 1 5.74842
0 0 0 0 1 5.78311
0 0 0 0 0 5.73162
0 0 0 0 1 5.75107
0 0 0 0 0 5.77462
0 0 0 0 1 5.82152
0 0 0 0 1 5.78743
0 0 0 0 0 5.79981
0 0 0 0 1 5.84729
0 0 0 0 0 5.85416
0 0 0 0 1 5.9095
0 0 0 0 1 5.83613
0 0 0 0 1 5.89602
0 0 0 0 1 5.89739
0 0 0 0 1 5.85754
0 0 0 0 1 5.86487
0 0 0 0 1 5.90192
0 0 0 0 1 5.89169
0 0 0 0 1 5.99457
0 0 0 0 1 5.91898
0 0 0 0 1 6.02252
0 0 0 0 1 6.01397
0 0 0 0 1 5.9441
0 0 0 0 1 5.9582
0 0 0 0 1 5.98449
0 0 0 0 1 6.09445
0 0 0 0 1 6.10918
0 0 0 0 1 6.06321
0 0 0 0 1 6.1085
0 0 0 0 0 6.0685
0 0 0 0 1 6.13861
0 0 0 0 0 6.10975
0 0 0 0 1 6.21225
0 0 0 0 1 6.11051
0 0 0 0 1 6.24344
0 0 0 0 1 6.22818
0 0 0 0 1 6.28037
0 0 0 0 1 6.17781
0 0 0 0 1 6.31873
0 0 0 0 1 6.3404
0 0 0 0 0 6.33788
0 0 0 0 1 6.25965
0 0 0 0 1 6.26959
0 0 0 0 1 6.32401
0 0 0 0 1 6.33337
0 0 0 0 1 6.3564
0 0 0 0 1 6.37877
0 0 0 0 1 6.40208
0 0 0 0 0 6.50855
0 0 0 0 1 6.4419
0 0 0 0 1 6.4973
0 0 0 0 1 6.43671
0 0 0 0 1 6.4801
0 0 0 0 1 6.58255
0 0 0 0 1 6.58661
0 0 0 0 0 6.55777
0 0 0 0 1 6.62842
0 0 0 0 1 6.63928
0 0 0 0 1 6.69674
0 0 0 0 1 6.71455
0 0 0 0 1 6.66607
0 0 0 0 1 6.71797
0 0 0 0 0 6.68206
0 0 0 0 1 6.69318
0 0 0 0 1 6.84005
0 0 0 0 1 6.77683
0 0 0 0 1 6.77463
0 0 0 0 1 6.90273
0 0 0 0 1 6.90777
0 0 0 0 1 6.90587
0 0 0 0 0 7.00146
0 0 0 0 1 7.00676
0 0 0 0 0 7.00506
0 0 0 0 1 6.98925
0 0 0 0 1 6.99438
0 0 0 0 1 7.04139
0 0 0 0 1 7.07498
0 0 0 0 1 7.08025
0 0 0 0 1 7.10694
0 0 0 0 1 7.18399
0 0 0 0 0 7.15347
0 0 0 0 1 7.18727
0 0 0 0 1 7.2217
0 0 0 0 1 7.26316
0 0 0 0 1 7.34193
0 0 0 0 1 7.42086
0 0 0 0 1 7.44192
0 0 0 0 1 7.3659
0 0 0 0 1 7.48277
0 0 0 0 1 7.53356
0 0 0 0 1 7.56924
0 0 0 0 1 7.58244
0 0 0 0 1 7.52729
0 0 0 0 1 7.58626
0 0 0 0 1 7.68339
0 0 0 0 1 7.67361
0 0 0 0 1 7.66355
0 0 0 0 1 7.71529
0 0 0 0 1 7.80632
0 0 0 0 1 7.78099
0 0 0 0 1 7.8177
0 0 0 0 1 7.98849
0 0 0 0 1 7.89895
0 0 0 0 1 8.04745
0 0 0 0 1 7.97285
0 0 0 0 1 8.1474
0 0 0 0 0 8.0235
0 0 0 0 1 8.07675
0 0 0 0 1 8.11451
0 0 0 0 1 8.30819
0 0 0 0 1 8.24704
0 0 0 0 1 8.38523
0 0 0 0 1 8.28143
0 0 0 0 1 8.4537
0 0 0 0 1 8.54296
0 0 0 0 1 8.43723
0 0 0 0 1 8.578
0 0 0 0 1 8.6776
0 0 0 0 0 8.6304
0 0 0 0 0 8.6771
0 0 0 0 0 8.8296
0 0 0 0 1 8.75402
0 0 0 0 0 8.78499
0 0 0 0 1 8.84082
0 0 0 0 1 9.00426
0 0 0 0 1 8.98911
0 0 0 0 1 9.09106
0 0 0 0 0 9.10354
0 0 0 0 1 9.25227
0 0 0 0 0 9.21778
0 0 0 0 1 9.37729
0 0 0 0 1 9.36182
0 0 0 0 1 9.42804
0 0 0 0 0 9.40104
0 0 0 0 0 9.59088
0 0 0 0 1 9.51411
0 0 0 0 0 9.6879
0 0 0 0 1 9.7746
0 0 0 0 1 9.73459
0 0 0 0 1 9.77209
0 0 0 0 0 9.88029
0 0 0 0 0 9.91634
0 0 0 0 1 10.1246
0 0 0 0 1 10.0295
0 0 0 0 0 10.1583
0 0 0 0 0 10.379
0 0 0 0 1 10.3949
0 0 0 0 1 10.391
0 0 0 0 1 10.458
0 0 0 0 0 10.5884
0 0 0 0 1 10.6752
0 0 0 0 1 10.8394
0 0 0 0 1 10.9274
0 0 0 0 1 9.25937
0 0 0 0 1 9.24464
0 0 0 0 1 9.2904
0 0 0 0 1 9.14647
0 0 0 0 1 9.20157
0 0 0 0 1 9.26101
0 0 0 0 1 9.26069
0 0 0 0 0 9.10932
0 0 0 0 1 9.05462
0 0 0 0 1 9.08691
0 0 0 0 1 9.12362
0 0 0 0 1 9.05597
0 0 0 0 0 8.96595
0 0 0 0 1 9.07521
0 0 0 0 0 8.94529
0 0 0 0 1 9.08129
0 0 0 0 1 9.05988
0 0 0 0 0 9.025
0 0 0 0 1 8.99032
0 0 0 0 1 8.95587
0 0 0 0 1 8.97992
0 0 0 0 0 8.95472
0 0 0 0 0 8.79655
0 0 0 0 1 8.88715
0 0 0 0 1 8.86253
0 0 0 0 1 8.91365
0 0 0 0 0 8.82764
0 0 0 0 1 8.86516
0 0 0 0 1 8.77095
0 0 0 0 1 8.75606
0 0 0 0 1 8.82007
0 0 0 0 1 8.79297
0 0 0 0 1 8.72617
0 0 0 0 1 8.651
0 0 0 0 0 8.70652
0 0 0 0 1 8.58848
0 0 0 0 1 8.57486
0 0 0 0 0 8.71707
0 0 0 0 1 8.65173
0 0 0 0 1 8.55224
0 0 0 0 1 8.69419
0 0 0 0 0 8.68114
0 0 0 0 1 8.4966
0 0 0 0 0 8.5784
0 0 0 0 1 8.52318
0 0 0 0 0 8.5537
0 0 0 0 1 8.46778
0 0 0 0 1 8.49002
0 0 0 0 0 8.60128
0 0 0 0 1 8.63904
0 0 0 0 1 8.7892
0 0 0 0 1 9.00359
0 0 0 0 0 9.02962
0 0 0 0 1 9.31144
0 0 0 0 0 9.3257
0 0 0 0 1 9.45996
0 0 0 0 1 9.74881
0 0 0 0 1 9.82564
0 0 0 0 1 10.0498
0 0 0 0 1 10.2249
0 0 0 0 0 10.3276
0 0 0 0 1 10.4684
0 0 0 0 1 10.6516
0 0 0 0 1 10.9199
0 0 0 0 1 11.2466
0 0 0 0 1 11.338
0 0 0 0 1 11.701
0 0 0 0 0 11.7605
0 0 0 0 1 12.006
0 0 0 0 1 12.3333
0 0 0 0 1 12.6611
0 0 0 0 1 12.7833
0 0 0 0 1 22.7509
0 0 0 0 1 22.6412
0 0 0 0 1 22.6437
0 0 0 0 1 22.6937
0 0 0 0 1 22.7441
0 0 0 0 1 22.7948
0 0 0 0 0 22.6875
0 0 0 0 0 22.4452
0 0 0 0 1 22.4746
0 0 0 0 1 22.5947
0 0 0 0 0 22.5797
0 0 0 0 0 22.5877
0 0 0 0 1 22.4623
0 0 0 0 0 22.3135
0 0 0 0 1 22.5479
0 0 0 0 1 22.3776
0 0 0 0 1 22.4102
0 0 0 0 1 22.3983
0 0 0 0 1 23.014
0 0 0 0 1 24.0514
0 0 0 0 1 25.2185
0 0 0 0 1 25.9502
0 0 0 0 1 36.454
0 0 0 0 1 36.439
0 0 0 0 1 36.0972
0 0 0 0 1 36.4475
0 0 0 0 1 36.7201
0 0 0 0 1 38.3722
0 0 0 0 0 52.5353
0 0 0 0 1 52.5717
0 0 0 0 1 51.7771
0 0 0 0 0 51.8156
0 0 0 0 1 51.5431
0 0 0 0 1 56.216
0 0 0 0 0 65.8553
0 0 0 0 1 69.2459
0 0 0 0 0 82.3009
0 0 0 0 0 5.02503
0 0 0 0 0 4.97493
0 0 0 0 0 4.96992
0 0 0 0 0 4.96491
0 0 0 0 0 5.05008
0 0 0 0 0 5.01501
0 0 0 0 0 4.98495
0 0 0 0 0 4.96992
0 0 0 0 0 5.04006
0 0 0 0 0 5.03505
0 0 0 0 0 5.0601
0 0 0 0 0 4.96992
0 0 0 0 0 88.2916
0 0 0 0 1 87.5123
0 0 0 0 0 75.5206
0 0 0 0 1 63.9666
0 0 0 0 1 61.1317
0 0 0 0 1 60.8403
0 0 0 0 0 60.0045
0 0 0 0 1 51.7254
0 0 0 0 1 48.371
0 0 0 0 1 47.6635
0 0 0 0 1 39.4705
0 0 0 0 1 37.0407
0 0 0 0 1 36.0245
0 0 0 0 1 35.6087
0 0 0 0 1 35.7635
0 0 0 0 1 35.3486
0 0 0 0 0 28.0498
0 0 0 0 1 27.0447
0 0 0 0 0 25.5366
0 0 0 0 1 24.3684
0 0 0 0 1 24.6016
0 0 0 0 1 24.4906
0 0 0 0 0 24.8225
0 0 0 0 1 24.8358
0 0 0 0 1 24.5534
0 0 0 0 1 24.9378
0 0 0 0 0 24.7549
0 0 0 0 0 24.8936
0 0 0 0 1 24.512
0 0 0 0 1 18.0543
0 0 0 0 0 17.6681
0 0 0 0 0 17.2777
0 0 0 0 1 16.7612
0 0 0 0 1 16.1632
0 0 0 0 0 15.8319
0 0 0 0 1 15.6403
0 0 0 0 1 15.091
0 0 0 0 1 14.7425
0 0 0 0 1 14.3798
0 0 0 0 1 14.1131
0 0 0 0 1 13.9842
0 0 0 0 1 13.9822
0 0 0 0 1 13.7718
0 0 0 0 0 13.8675
0 0 0 0 1 13.8383
0 0 0 0 0 14.0485
0 0 0 0 1 14.0477
0 0 0 0 0 14.117
0 0 0 0 1 13.9349
0 0 0 0 1 13.937
0 0 0 0 1 14.0632
0 0 0 0 1 13.8952
0 0 0 0 1 14.0923
0 0 0 0 1 14.166
0 0 0 0 0 14.1249
0 0 0 0 1 14.1403
0 0 0 0 1 13.9751
0 0 0 0 1 14.0615
0 0 0 0 0 14.1907
0 0 0 0 1 14.2524
0 0 0 0 1 14.0705
0 0 0 0 1 14.2463
0 0 0 0 1 14.2493
0 0 0 0 1 14.2696
0 0 0 0 1 14.3586
0 0 0 0 0 14.3225
0 0 0 0 0 14.2835
0 0 0 0 1 14.4481
0 0 0 0 1 14.3809
0 0 0 0 1 8.78179
0 0 0 0 1 8.76448
0 0 0 0 1 8.53847
0 0 0 0 1 8.50322
0 0 0 0 1 8.30704
0 0 0 0 1 8.35364
0 0 0 0 1 8.26703
0 0 0 0 1 8.13854
0 0 0 0 1 7.91629
0 0 0 0 1 7.87896
0 0 0 0 1 7.89675
0 0 0 0 1 7.68666
0 0 0 0 1 7.61855
0 0 0 0 0 7.5049
0 0 0 0 1 7.5266
0 0 0 0 1 7.32617
0 0 0 0 0 7.39011
0 0 0 0 1 7.22861
0 0 0 0 1 7.21956
0 0 0 0 0 7.03904
0 0 0 0 1 7.07152
0 0 0 0 1 6.9791
0 0 0 0 1 6.87129
0 0 0 0 1 6.78707
0 0 0 0 1 6.69659
0 0 0 0 1 6.70715
0 0 0 0 1 6.67002
0 0 0 0 1 6.54059
0 0 0 0 1 6.4841
0 0 0 0 1 6.41081
0 0 0 0 1 6.36736
0 0 0 0 1 6.26932
0 0 0 0 1 6.304
0 0 0 0 1 6.24391
0 0 0 0 0 6.12851
0 0 0 0 1 6.17948
0 0 0 0 1 6.08321
0 0 0 0 1 5.99662
0 0 0 0 1 5.94975
0 0 0 0 1 5.92947
0 0 0 0 0 5.88248
0 0 0 0 0 5.78023
0 0 0 0 1 5.7657
0 0 0 0 1 5.72213
0 0 0 0 1 5.66999
0 0 0 0 1 5.69437
0 0 0 0 1 5.57222
0 0 0 0 1 5.59901
0 0 0 0 1 5.57769
0 0 0 0 1 5.49038
0 0 0 0 1 5.42563
0 0 0 0 1 5.42387
0 0 0 0 1 5.33051
0 0 0 0 1 5.29354
0 0 0 0 1 5.28093
0 0 0 0 1 5.19666
0 0 0 0 1 5.23101
0 0 0 0 0 5.12984
0 0 0 0 0 5.15834
0 0 0 0 1 5.08896
0 0 0 0 1 5.08291
0 0 0 0 1 5.04449
0 0 0 0 0 5.05967
0 0 0 0 0 4.97144
0 0 0 0 0 4.96817
0 0 0 0 0 4.91053
0 0 0 0 0 4.89727
0 0 0 0 1 4.83379
0 0 0 0 1 4.8737
0 0 0 0 0 4.86315
0 0 0 0 1 4.86048
0 0 0 0 0 4.85888
0 0 0 0 0 4.89615
0 0 0 0 1 4.89353
0 0 0 0 1 4.86265
0 0 0 0 1 4.88554
0 0 0 0 1 4.91351
0 0 0 0 1 4.92073
0 0 0 0 1 4.98864
0 0 0 0 1 4.94256
0 0 0 0 1 5.0397
0 0 0 0 1 5.04355
0 0 0 0 0 5.04238
0 0 0 0 0 5.06135
0 0 0 0 0 5.02977
0 0 0 0 1 5.06401
0 0 0 0 1 5.12399
0 0 0 0 1 5.0768
0 0 0 0 0 5.17694
0 0 0 0 0 5.19144
0 0 0 0 1 5.19048
0 0 0 0 1 5.22583
0 0 0 0 1 5.20403
0 0 0 0 1 5.22389
0 0 0 0 1 5.2491
0 0 0 0 1 5.32191
0 0 0 0 1 5.30667
0 0 0 0 1 5.36957
0 0 0 0 1 5.38481
0 0 0 0 1 5.36792
0 0 0 0 1 5.41543
0 0 0 0 1 5.3566
0 0 0 0 1 5.45864
0 0 0 0 1 5.50687
0 0 0 0 1 5.51709
0 0 0 0 0 5.53437
0 0 0 0 1 5.56117
0 0 0 0 1 5.52863
0 0 0 0 1 5.59445
0 0 0 0 1 5.65674
0 0 0 0 1 5.60538
0 0 0 0 0 5.70192
0 0 0 0 1 5.63872
0 0 0 0 1 5.75882
0 0 0 0 1 5.7294
0 0 0 0 0 5.71269
0 0 0 0 1 5.75923
0 0 0 0 1 5.80027
0 0 0 0 1 5.83996
0 0 0 0 1 5.84042
0 0 0 0 1 5.88785
0 0 0 0 1 5.91188
0 0 0 0 1 5.90621
0 0 0 0 1 6.008
0 0 0 0 0 6.02041
0 0 0 0 1 6.05694
0 0 0 0 1 6.05111
0 0 0 0 1 6.11219
0 0 0 0 0 6.08162
0 0 0 0 1 6.18783
0 0 0 0 1 9.59519
0 0 0 0 0 9.43393
0 0 0 0 0 9.43119
0 0 0 0 0 9.45668
0 0 0 0 1 9.2881
0 0 0 0 1 9.37926
0 0 0 0 1 9.2554
0 0 0 0 0 9.23125
0 0 0 0 1 9.25079
0 0 0 0 1 9.32231
0 0 0 0 0 9.25534
0 0 0 0 1 9.19795
0 0 0 0 1 9.0678
0 0 0 0 1 9.0478
0 0 0 0 0 9.09151
0 0 0 0 1 8.98102
0 0 0 0 1 8.94344
0 0 0 0 1 8.95675
0 0 0 0 0 8.91947
0 0 0 0 1 9.01333
0 0 0 0 1 8.93148
0 0 0 0 1 8.9658
0 0 0 0 1 8.83144
0 0 0 0 0 8.78634
0 0 0 0 1 8.72932
0 0 0 0 1 8.81669
0 0 0 0 1 8.67571
0 0 0 0 1 8.71227
0 0 0 0 1 8.78165
0 0 0 0 1 8.77773
0 0 0 0 0 8.75989
0 0 0 0 1 8.56577
0 0 0 0 1 8.61776
0 0 0 0 1 8.68328
0 0 0 0 0 8.53741
0 0 0 0 0 8.58573
0 0 0 0 1 8.51786
0 0 0 0 0 8.53202
0 0 0 0 1 8.48669
0 0 0 0 1 8.4162
0 0 0 0 1 8.48984
0 0 0 0 1 8.38603
0 0 0 0 1 8.33693
0 0 0 0 1 8.46075
0 0 0 0 1 8.41658
0 0 0 0 1 8.4061
0 0 0 0 1 8.35404
0 0 0 0 1 8.30602
0 0 0 0 1 8.23801
0 0 0 0 0 8.22004
0 0 0 0 0 8.30583
0 0 0 0 1 8.20544
0 0 0 0 1 8.18786
0 0 0 0 1 8.28539
0 0 0 0 1 8.2269
0 0 0 0 1 8.16057
0 0 0 0 1 8.1354
0 0 0 0 1 8.07786
0 0 0 0 1 8.08565
0 0 0 0 1 8.03674
0 0 0 0 0 8.10952
0 0 0 0 1 8.08519
0 0 0 0 1 8.11748
0 0 0 0 1 8.05716
0 0 0 0 1 8.01728
0 0 0 0 1 7.96964
0 0 0 0 1 7.9543
0 0 0 0 1 7.94712
0 0 0 0 1 7.94382
0 0 0 0 1 7.913
0 0 0 0 1 8.00954
0 0 0 0 1 7.92343
0 0 0 0 0 7.87734
0 0 0 0 1 7.85878
0 0 0 0 1 7.92365
0 0 0 0 1 7.87026
0 0 0 0 0 7.81271
0 0 0 0 0 7.84969
0 0 0 0 0 7.78913
0 0 0 0 1 7.90903
0 0 0 0 0 7.76286
0 0 0 0 1 7.78443
0 0 0 0 1 7.82621
0 0 0 0 0 7.75127
0 0 0 0 1 7.79636
0 0 0 0 1 7.77626
0 0 0 0 1 7.68961
