0 0 0 0 1 5.54179
0 0 0 0 0 5.52866
0 0 0 0 1 5.56013
0 0 0 0 1 5.58866
0 0 0 0 1 5.61493
0 0 0 0 1 5.59667
0 0 0 0 1 5.54398
0 0 0 0 1 5.57053
0 0 0 0 1 5.5603
0 0 0 0 1 5.66021
0 0 0 0 0 5.64797
0 0 0 0 1 5.67528
0 0 0 0 1 5.70489
0 0 0 0 0 5.6024
0 0 0 0 1 5.68673
0 0 0 0 1 5.73371
0 0 0 0 1 5.71634
0 0 0 0 0 5.6762
0 0 0 0 1 5.73877
0 0 0 0 1 5.7597
0 0 0 0 1 5.71967
0 0 0 0 0 5.75989
0 0 0 0 0 5.79461
0 0 0 0 1 5.73162
0 0 0 0 1 5.80298
0 0 0 0 1 5.76306
0 0 0 0 1 5.7578
0 0 0 0 0 5.86289
0 0 0 0 1 5.84635
0 0 0 0 1 5.85895
0 0 0 0 0 5.84832
0 0 0 0 1 5.89195
0 0 0 0 0 5.83613
0 0 0 0 0 5.84904
0 0 0 0 1 5.87973
0 0 0 0 1 5.88703
0 0 0 0 1 5.96537
0 0 0 0 1 5.93155
0 0 0 0 1 5.9689
0 0 0 0 1 5.95885
0 0 0 0 1 5.93092
0 0 0 0 0 5.96271
0 0 0 0 1 6.00798
0 0 0 0 1 5.98613
0 0 0 0 0 5.97626
0 0 0 0 1 5.99656
0 0 0 0 1 6.04603
0 0 0 0 1 6.00605
0 0 0 0 1 6.04497
0 0 0 0 0 6.09021
0 0 0 0 0 6.16017
0 0 0 0 1 6.16311
0 0 0 0 0 6.14048
0 0 0 0 1 6.14452
0 0 0 0 1 6.16606
0 0 0 0 1 6.19393
0 0 0 0 1 6.25299
0 0 0 0 0 6.19323
0 0 0 0 1 6.29637
0 0 0 0 1 6.31873
0 0 0 0 1 6.27134
0 0 0 0 1 6.3127
0 0 0 0 0 6.33537
0 0 0 0 1 6.2949
0 0 0 0 1 6.34938
0 0 0 0 1 6.39066
0 0 0 0 1 6.34364
0 0 0 0 1 6.43641
0 0 0 0 1 6.42777
0 0 0 0 1 6.46988
0 0 0 0 1 6.5259
0 0 0 0 1 6.52973
0 0 0 0 1 6.45622
0 0 0 0 1 6.54529
0 0 0 0 1 6.54987
0 0 0 0 1 6.51445
0 0 0 0 1 6.54461
0 0 0 0 1 6.5558
0 0 0 0 1 6.59289
0 0 0 0 1 6.63024
0 0 0 0 1 6.68785
0 0 0 0 0 6.69953
0 0 0 0 1 6.75153
0 0 0 0 1 6.67532
0 0 0 0 1 6.69318
0 0 0 0 1 6.75862
0 0 0 0 1 6.85856
0 0 0 0 1 6.84983
0 0 0 0 1 6.82725
0 0 0 0 1 6.88022
0 0 0 0 1 6.95426
0 0 0 0 1 7.00146
0 0 0 0 1 6.97893
0 0 0 0 0 7.00506
0 0 0 0 1 6.98224
0 0 0 0 1 7.09993
0 0 0 0 1 7.14036
0 0 0 0 1 7.07498
0 0 0 0 1 7.08025
0 0 0 0 1 7.09979
0 0 0 0 1 7.21269
0 0 0 0 1 7.15347
0 0 0 0 1 7.25965
0 0 0 0 0 7.30889
0 0 0 0 1 7.32156
0 0 0 0 1 7.37857
0 0 0 0 0 7.31779
0 0 0 0 0 7.36071
0 0 0 0 1 7.492
0 0 0 0 0 7.52749
0 0 0 0 1 7.5186
0 0 0 0 1 7.47153
0 0 0 0 1 7.52957
0 0 0 0 1 7.61076
0 0 0 0 1 7.66243
0 0 0 0 0 7.72165
0 0 0 0 1 7.74281
0 0 0 0 1 7.78715
0 0 0 0 0 7.73081
0 0 0 0 1 7.72054
0 0 0 0 0 7.76534
0 0 0 0 1 7.89635
0 0 0 0 1 7.83821
0 0 0 0 1 7.89895
0 0 0 0 0 7.91958
0 0 0 0 0 7.98891
0 0 0 0 1 8.1474
0 0 0 0 1 8.06403
0 0 0 0 1 8.1827
0 0 0 0 1 8.10632
0 0 0 0 0 8.21762
0 0 0 0 1 8.305
0 0 0 0 1 8.3686
0 0 0 0 1 8.44036
0 0 0 0 1 8.42005
0 0 0 0 1 8.42454
0 0 0 0 1 8.53079
0 0 0 0 1 8.49247
0 0 0 0 0 8.66901
0 0 0 0 1 8.71679
0 0 0 0 0 8.61624
0 0 0 0 1 8.73344
0 0 0 0 1 8.81561
0 0 0 0 0 8.92639
0 0 0 0 1 8.92977
0 0 0 0 1 8.93266
0 0 0 0 1 9.04315
0 0 0 0 1 9.15451
0 0 0 0 1 9.16733
0 0 0 0 1 9.21559
0 0 0 0 0 9.23624
0 0 0 0 1 9.29373
0 0 0 0 1 9.41782
0 0 0 0 0 9.36224
0 0 0 0 1 9.55236
0 0 0 0 0 9.45754
0 0 0 0 1 9.61961
0 0 0 0 1 9.5914
0 0 0 0 1 9.72602
0 0 0 0 1 9.73459
0 0 0 0 1 9.78194
0 0 0 0 1 9.9893
0 0 0 0 1 10.0062
0 0 0 0 1 10.014
0 0 0 0 1 10.1916
0 0 0 0 1 10.2603
0 0 0 0 1 10.2865
0 0 0 0 1 10.3017
0 0 0 0 1 10.3702
0 0 0 0 1 10.521
0 0 0 0 0 10.6201
0 0 0 0 0 10.5579
0 0 0 0 1 10.7642
0 0 0 0 1 10.8516
0 0 0 0 0 9.29659
0 0 0 0 1 9.30033
0 0 0 0 1 9.18851
0 0 0 0 1 9.19266
0 0 0 0 1 9.12781
0 0 0 0 0 9.20583
0 0 0 0 0 9.19644
0 0 0 0 1 9.08185
0 0 0 0 1 9.19168
0 0 0 0 1 9.2054
0 0 0 0 1 9.1782
0 0 0 0 1 9.00153
0 0 0 0 1 9.09274
0 0 0 0 0 9.12041
0 0 0 0 0 9.02644
0 0 0 0 1 9.07229
0 0 0 0 1 9.05988
0 0 0 0 1 8.87264
0 0 0 0 0 9.02611
0 0 0 0 1 8.84872
0 0 0 0 0 8.98883
0 0 0 0 1 8.83911
0 0 0 0 0 8.90307
0 0 0 0 1 8.94917
0 0 0 0 1 8.75639
0 0 0 0 1 8.91365
0 0 0 0 1 8.88931
0 0 0 0 1 8.77721
0 0 0 0 1 8.77095
0 0 0 0 1 8.80865
0 0 0 0 1 8.82882
0 0 0 0 1 8.68819
0 0 0 0 1 8.76976
0 0 0 0 1 8.62489
0 0 0 0 0 8.74997
0 0 0 0 1 8.64053
0 0 0 0 1 8.71345
0 0 0 0 1 8.63059
0 0 0 0 1 8.59129
0 0 0 0 1 8.56948
0 0 0 0 1 8.5909
0 0 0 0 1 8.62957
0 0 0 0 1 8.57384
0 0 0 0 1 8.51841
0 0 0 0 1 8.53173
0 0 0 0 1 8.61351
0 0 0 0 1 8.57021
0 0 0 0 0 8.43887
0 0 0 0 1 8.4898
0 0 0 0 1 8.63034
0 0 0 0 1 8.85979
0 0 0 0 1 8.92296
0 0 0 0 1 9.02962
0 0 0 0 1 9.17288
0 0 0 0 1 9.34446
0 0 0 0 0 9.45996
0 0 0 0 1 9.77785
0 0 0 0 1 9.74688
0 0 0 0 1 10.0799
0 0 0 0 0 10.2351
0 0 0 0 1 10.3069
0 0 0 0 1 10.6478
0 0 0 0 1 10.6838
0 0 0 0 1 10.8652
0 0 0 0 0 11.1797
0 0 0 0 1 11.3153
0 0 0 0 1 11.5736
0 0 0 0 1 11.8432
0 0 0 0 1 12.1507
0 0 0 0 1 12.3579
0 0 0 0 1 12.6485
0 0 0 0 1 12.7319
0 0 0 0 1 22.6373
0 0 0 0 1 22.6185
0 0 0 0 0 22.5529
0 0 0 0 1 22.5577
0 0 0 0 1 22.5402
0 0 0 0 1 22.7495
0 0 0 0 1 22.5744
0 0 0 0 1 22.7842
0 0 0 0 1 22.565
0 0 0 0 1 22.4367
0 0 0 0 1 22.4218
0 0 0 0 1 22.7455
0 0 0 0 1 22.7552
0 0 0 0 0 22.6513
0 0 0 0 0 22.5254
0 0 0 0 1 22.2651
0 0 0 0 0 22.5226
0 0 0 0 1 22.3758
0 0 0 0 1 23.1764
0 0 0 0 0 24.3409
0 0 0 0 1 24.8669
0 0 0 0 1 26.055
0 0 0 0 1 36.6725
0 0 0 0 1 36.5482
0 0 0 0 0 36.4975
0 0 0 0 1 36.593
0 0 0 0 0 36.3198
0 0 0 0 1 38.6419
0 0 0 0 1 52.5874
0 0 0 0 1 51.5827
0 0 0 0 0 52.5576
0 0 0 0 1 51.7116
0 0 0 0 1 51.7511
0 0 0 0 1 56.8926
0 0 0 0 1 65.8553
0 0 0 0 1 69.5246
0 0 0 0 1 81.0737
0 0 0 0 0 5.02002
0 0 0 0 0 4.99497
0 0 0 0 0 5.05008
0 0 0 0 0 4.96491
0 0 0 0 0 4.99998
0 0 0 0 0 5.02002
0 0 0 0 0 4.97994
0 0 0 0 0 5.05509
0 0 0 0 0 4.99998
0 0 0 0 0 5.00499
0 0 0 0 0 5.01501
0 0 0 0 0 5.01501
0 0 0 0 1 86.8025
0 0 0 0 0 87.3371
0 0 0 0 1 74.694
0 0 0 0 1 63.9028
0 0 0 0 1 60.5869
0 0 0 0 1 60.356
0 0 0 0 1 59.944
0 0 0 0 1 51.3129
0 0 0 0 0 47.6512
0 0 0 0 1 48.4315
0 0 0 0 0 39.4313
0 0 0 0 1 37.0775
0 0 0 0 1 35.7748
0 0 0 0 0 35.7871
0 0 0 0 1 35.9063
0 0 0 0 1 35.7414
0 0 0 0 1 27.8252
0 0 0 0 1 26.7231
0 0 0 0 0 25.6648
0 0 0 0 1 24.6391
0 0 0 0 1 24.4293
0 0 0 0 0 24.4414
0 0 0 0 1 24.5021
0 0 0 0 1 24.5645
0 0 0 0 1 24.6027
0 0 0 0 0 24.4686
0 0 0 0 1 24.8043
0 0 0 0 1 24.8688
0 0 0 0 1 24.6604
0 0 0 0 1 18.0361
0 0 0 0 1 17.5797
0 0 0 0 1 17.3637
0 0 0 0 1 16.6273
0 0 0 0 1 16.4565
0 0 0 0 1 15.9113
0 0 0 0 1 15.5474
0 0 0 0 0 15.2724
0 0 0 0 1 14.6244
0 0 0 0 1 14.3221
0 0 0 0 1 14.24
0 0 0 0 1 13.7481
0 0 0 0 1 13.8154
0 0 0 0 1 14.0361
0 0 0 0 0 13.8954
0 0 0 0 1 14.0334
0 0 0 0 1 13.9927
0 0 0 0 0 13.9499
0 0 0 0 0 13.9493
0 0 0 0 1 14.1028
0 0 0 0 1 13.965
0 0 0 0 0 13.9651
0 0 0 0 1 14.1057
0 0 0 0 1 14.1766
0 0 0 0 1 14.0534
0 0 0 0 1 14.2235
0 0 0 0 1 14.1826
0 0 0 0 1 14.2433
0 0 0 0 0 14.0756
0 0 0 0 1 14.2614
0 0 0 0 1 14.2099
0 0 0 0 1 14.1698
0 0 0 0 1 14.1185
0 0 0 0 0 14.1071
0 0 0 0 1 14.1557
0 0 0 0 1 14.3443
0 0 0 0 0 14.2654
0 0 0 0 0 14.3836
0 0 0 0 1 14.2906
0 0 0 0 1 14.4382
0 0 0 0 1 8.76414
0 0 0 0 1 8.65993
0 0 0 0 1 8.61585
0 0 0 0 1 8.51172
0 0 0 0 1 8.34061
0 0 0 0 1 8.33706
0 0 0 0 1 8.26703
0 0 0 0 1 8.01719
0 0 0 0 1 7.91629
0 0 0 0 1 7.87896
0 0 0 0 1 7.85766
0 0 0 0 1 7.65576
0 0 0 0 0 7.65676
0 0 0 0 1 7.59559
0 0 0 0 1 7.41449
0 0 0 0 0 7.41497
0 0 0 0 1 7.37547
0 0 0 0 0 7.27207
0 0 0 0 1 7.13353
0 0 0 0 1 7.03904
0 0 0 0 0 6.95214
0 0 0 0 1 7.00693
0 0 0 0 1 6.82998
0 0 0 0 1 6.78025
0 0 0 0 1 6.79795
0 0 0 0 1 6.74061
0 0 0 0 1 6.56394
0 0 0 0 1 6.59312
0 0 0 0 1 6.51661
0 0 0 0 1 6.43016
0 0 0 0 0 6.43761
0 0 0 0 1 6.38331
0 0 0 0 1 6.22865
0 0 0 0 1 6.21901
0 0 0 0 1 6.23343
0 0 0 0 1 6.16725
0 0 0 0 0 6.05288
0 0 0 0 1 6.08091
0 0 0 0 1 5.97959
0 0 0 0 1 5.96501
0 0 0 0 1 5.8179
0 0 0 0 0 5.84432
0 0 0 0 1 5.73678
0 0 0 0 1 5.72213
0 0 0 0 0 5.72117
0 0 0 0 0 5.65487
0 0 0 0 1 5.55542
0 0 0 0 1 5.61571
0 0 0 0 1 5.46724
0 0 0 0 0 5.50682
0 0 0 0 1 5.44194
0 0 0 0 1 5.41306
0 0 0 0 1 5.35735
0 0 0 0 1 5.30952
0 0 0 0 1 5.33384
0 0 0 0 1 5.21766
0 0 0 0 0 5.23622
0 0 0 0 1 5.16093
0 0 0 0 1 5.18408
0 0 0 0 1 5.14522
0 0 0 0 1 5.09812
0 0 0 0 1 5.02434
0 0 0 0 1 4.9995
0 0 0 0 1 4.94155
0 0 0 0 0 4.90384
0 0 0 0 0 4.93019
0 0 0 0 0 4.86797
0 0 0 0 0 4.90666
0 0 0 0 1 4.82062
0 0 0 0 0 4.81981
0 0 0 0 1 4.84118
0 0 0 0 0 4.84919
0 0 0 0 1 4.83781
0 0 0 0 0 4.89353
0 0 0 0 1 4.94092
0 0 0 0 0 4.95919
0 0 0 0 1 4.95787
0 0 0 0 1 4.98496
0 0 0 0 1 4.98369
0 0 0 0 1 5.01224
0 0 0 0 1 4.94489
0 0 0 0 1 4.99347
0 0 0 0 0 4.98205
0 0 0 0 1 5.05125
0 0 0 0 1 5.07029
0 0 0 0 1 5.03351
0 0 0 0 1 5.11378
0 0 0 0 1 5.17414
0 0 0 0 1 5.1564
0 0 0 0 0 5.12442
0 0 0 0 0 5.14908
0 0 0 0 0 5.1531
0 0 0 0 1 5.1936
0 0 0 0 1 5.18201
0 0 0 0 1 5.27011
0 0 0 0 1 5.22697
0 0 0 0 1 5.33318
0 0 0 0 1 5.30571
0 0 0 0 1 5.32604
0 0 0 0 1 5.41082
0 0 0 0 1 5.35083
0 0 0 0 1 5.41611
0 0 0 0 0 5.42062
0 0 0 0 1 5.50142
0 0 0 0 0 5.52803
0 0 0 0 1 5.55638
0 0 0 0 1 5.47833
0 0 0 0 1 5.60079
0 0 0 0 1 5.59445
0 0 0 0 1 5.64554
0 0 0 0 1 5.57727
0 0 0 0 1 5.61716
0 0 0 0 1 5.71247
0 0 0 0 1 5.65049
0 0 0 0 1 5.74085
0 0 0 0 1 5.77597
0 0 0 0 1 5.73032
0 0 0 0 1 5.8177
0 0 0 0 0 5.78162
0 0 0 0 1 5.92251
0 0 0 0 1 5.85838
0 0 0 0 1 5.97112
0 0 0 0 1 5.90025
0 0 0 0 0 5.96013
0 0 0 0 1 5.99034
0 0 0 0 0 6.05089
0 0 0 0 0 6.09364
0 0 0 0 0 6.14882
0 0 0 0 1 6.17981
0 0 0 0 0 6.12607
0 0 0 0 1 9.55711
0 0 0 0 0 9.43393
0 0 0 0 0 9.44064
0 0 0 0 0 9.43785
0 0 0 0 0 9.31625
0 0 0 0 1 9.26704
0 0 0 0 1 9.2554
0 0 0 0 1 9.30562
0 0 0 0 1 9.33413
0 0 0 0 0 9.20232
0 0 0 0 1 9.24614
0 0 0 0 1 9.16127
0 0 0 0 0 9.0678
0 0 0 0 1 9.16626
0 0 0 0 0 9.09151
0 0 0 0 1 9.13493
0 0 0 0 1 9.03369
0 0 0 0 1 9.06477
0 0 0 0 1 8.89255
0 0 0 0 1 8.90592
0 0 0 0 1 8.86903
0 0 0 0 1 8.85906
0 0 0 0 1 8.84918
0 0 0 0 0 8.88357
0 0 0 0 0 8.85276
0 0 0 0 1 8.85185
0 0 0 0 1 8.69324
0 0 0 0 1 8.71227
0 0 0 0 0 8.65956
0 0 0 0 1 8.70814
0 0 0 0 1 8.5951
0 0 0 0 1 8.71285
0 0 0 0 1 8.60914
0 0 0 0 1 8.65746
0 0 0 0 1 8.51167
0 0 0 0 1 8.50869
0 0 0 0 1 8.61174
0 0 0 0 1 8.5235
0 0 0 0 1 8.55465
0 0 0 0 0 8.44163
0 0 0 0 1 8.43065
0 0 0 0 1 8.35228
0 0 0 0 1 8.34534
0 0 0 0 1 8.44396
0 0 0 0 0 8.36633
0 0 0 0 0 8.38939
0 0 0 0 1 8.37072
0 0 0 0 1 8.23119
0 0 0 0 1 8.27949
0 0 0 0 1 8.34421
0 0 0 0 1 8.3141
0 0 0 0 1 8.25492
0 0 0 0 1 8.17963
0 0 0 0 1 8.18685
0 0 0 0 1 8.12038
0 0 0 0 1 8.21781
0 0 0 0 1 8.15172
0 0 0 0 1 8.15929
0 0 0 0 1 8.0694
0 0 0 0 1 8.10162
0 0 0 0 1 8.14999
0 0 0 0 1 8.1498
0 0 0 0 1 7.98044
0 0 0 0 1 8.04106
0 0 0 0 1 7.97711
0 0 0 0 1 7.9536
0 0 0 0 1 7.92229
0 0 0 0 1 7.97906
0 0 0 0 0 7.96774
0 0 0 0 1 7.9528
0 0 0 0 0 7.93008
0 0 0 0 1 7.87584
0 0 0 0 1 7.84567
0 0 0 0 1 7.87459
0 0 0 0 1 7.97101
0 0 0 0 0 7.80723
0 0 0 0 0 7.89926
0 0 0 0 0 7.8654
0 0 0 0 1 7.89895
0 0 0 0 1 7.86204
0 0 0 0 1 7.84104
0 0 0 0 1 7.8625
0 0 0 0 1 7.78724
0 0 0 0 0 7.85244
0 0 0 0 1 7.74972
0 0 0 0 1 7.79178
0 0 0 0 1 7.70512
