0 0 0 0 1 5.56953
0 0 0 0 1 5.51755
0 0 0 0 1 5.62136
0 0 0 0 1 5.59424
0 0 0 0 0 5.53121
0 0 0 0 0 5.62463
0 0 0 0 0 5.54957
0 0 0 0 1 5.59856
0 0 0 0 1 5.64446
0 0 0 0 1 5.66583
0 0 0 0 1 5.58603
0 0 0 0 1 5.67528
0 0 0 0 1 5.60887
0 0 0 0 1 5.61938
0 0 0 0 1 5.62436
0 0 0 0 0 5.73371
0 0 0 0 1 5.71634
0 0 0 0 1 5.72749
0 0 0 0 1 5.69309
0 0 0 0 1 5.69114
0 0 0 0 1 5.76548
0 0 0 0 1 5.75415
0 0 0 0 0 5.79461
0 0 0 0 1 5.80651
0 0 0 0 1 5.72799
0 0 0 0 1 5.78618
0 0 0 0 1 5.78097
0 0 0 0 1 5.77582
0 0 0 0 1 5.80562
0 0 0 0 1 5.87061
0 0 0 0 1 5.88337
0 0 0 0 0 5.83344
0 0 0 0 1 5.90058
0 0 0 0 1 5.83142
0 0 0 0 1 5.83265
0 0 0 0 0 5.88113
0 0 0 0 1 5.92399
0 0 0 0 1 5.93155
0 0 0 0 0 5.97484
0 0 0 0 1 5.98862
0 0 0 0 1 5.97865
0 0 0 0 1 6.0285
0 0 0 0 1 6.01397
0 0 0 0 1 6.05217
0 0 0 0 1 6.03644
0 0 0 0 1 6.09308
0 0 0 0 1 6.09445
0 0 0 0 1 6.11525
0 0 0 0 1 6.02672
0 0 0 0 1 6.06583
0 0 0 0 1 6.14794
0 0 0 0 1 6.06509
0 0 0 0 0 6.12819
0 0 0 0 1 6.2184
0 0 0 0 1 6.23396
0 0 0 0 1 6.12587
0 0 0 0 0 6.2654
0 0 0 0 1 6.19945
0 0 0 0 1 6.27765
0 0 0 0 1 6.30622
0 0 0 0 0 6.23995
0 0 0 0 0 6.35676
0 0 0 0 1 6.37323
0 0 0 0 1 6.36449
0 0 0 0 1 6.31132
0 0 0 0 1 6.38429
0 0 0 0 1 6.35002
0 0 0 0 1 6.39158
0 0 0 0 1 6.45988
0 0 0 0 1 6.42477
0 0 0 0 1 6.51944
0 0 0 0 1 6.52973
0 0 0 0 1 6.46272
0 0 0 0 1 6.58441
0 0 0 0 0 6.57602
0 0 0 0 1 6.50789
0 0 0 0 1 6.55119
0 0 0 0 1 6.58221
0 0 0 0 1 6.63928
0 0 0 0 1 6.65684
0 0 0 0 1 6.62111
0 0 0 0 1 6.65268
0 0 0 0 1 6.76495
0 0 0 0 1 6.77636
0 0 0 0 1 6.74726
0 0 0 0 0 6.83326
0 0 0 0 1 6.74278
0 0 0 0 1 6.76779
0 0 0 0 1 6.90273
0 0 0 0 1 6.88022
0 0 0 0 0 6.93352
0 0 0 0 1 6.91827
0 0 0 0 1 6.93022
0 0 0 0 1 7.05394
0 0 0 0 1 6.94018
0 0 0 0 1 6.9803
0 0 0 0 1 7.03432
0 0 0 0 1 7.14594
0 0 0 0 1 7.17285
0 0 0 0 1 7.15699
0 0 0 0 1 7.24858
0 0 0 0 0 7.16788
0 0 0 0 1 7.29584
0 0 0 0 1 7.27256
0 0 0 0 1 7.29236
0 0 0 0 1 7.33461
0 0 0 0 1 7.33988
0 0 0 0 0 7.30903
0 0 0 0 1 7.44749
0 0 0 0 0 7.51258
0 0 0 0 1 7.45875
0 0 0 0 1 7.4565
0 0 0 0 1 7.6051
0 0 0 0 0 7.52729
0 0 0 0 1 7.55579
0 0 0 0 0 7.72931
0 0 0 0 1 7.69667
0 0 0 0 1 7.7099
0 0 0 0 1 7.72305
0 0 0 0 1 7.81412
0 0 0 0 0 7.88276
0 0 0 0 1 7.84916
0 0 0 0 0 7.83821
0 0 0 0 1 7.95458
0 0 0 0 1 7.98352
0 0 0 0 1 7.97285
0 0 0 0 1 8.0506
0 0 0 0 1 8.03971
0 0 0 0 1 8.1175
0 0 0 0 1 8.24552
0 0 0 0 0 8.17645
0 0 0 0 0 8.32156
0 0 0 0 0 8.36028
0 0 0 0 1 8.432
0 0 0 0 1 8.44529
0 0 0 0 1 8.47529
0 0 0 0 1 8.56481
0 0 0 0 1 8.52668
0 0 0 0 1 8.65182
0 0 0 0 1 8.6736
0 0 0 0 1 8.72057
0 0 0 0 1 8.79463
0 0 0 0 1 8.8332
0 0 0 0 1 8.76731
0 0 0 0 1 8.97424
0 0 0 0 1 8.90581
0 0 0 0 0 8.96208
0 0 0 0 1 8.97323
0 0 0 0 1 9.13088
0 0 0 0 0 9.10556
0 0 0 0 1 9.16242
0 0 0 0 1 9.20089
0 0 0 0 1 9.37116
0 0 0 0 0 9.36224
0 0 0 0 1 9.4105
0 0 0 0 1 9.54325
0 0 0 0 1 9.60043
0 0 0 0 1 9.6107
0 0 0 0 0 9.63858
0 0 0 0 0 9.70524
0 0 0 0 0 9.75239
0 0 0 0 1 9.81092
0 0 0 0 1 10.0462
0 0 0 0 1 9.97375
0 0 0 0 1 10.0599
0 0 0 0 1 10.1379
0 0 0 0 1 10.2043
0 0 0 0 1 10.4156
0 0 0 0 1 10.3181
0 0 0 0 0 10.4685
0 0 0 0 1 10.6624
0 0 0 0 1 10.6432
0 0 0 0 1 10.8394
0 0 0 0 1 10.8949
0 0 0 0 1 9.36173
0 0 0 0 1 9.23536
0 0 0 0 1 9.2163
0 0 0 0 1 9.21114
0 0 0 0 1 9.30299
0 0 0 0 1 9.16904
0 0 0 0 1 9.20562
0 0 0 0 1 9.10932
0 0 0 0 1 9.20081
0 0 0 0 1 9.0778
0 0 0 0 1 9.16
0 0 0 0 1 9.03783
0 0 0 0 0 8.98406
0 0 0 0 0 8.9577
0 0 0 0 0 8.94529
0 0 0 0 0 8.92829
0 0 0 0 1 8.95213
0 0 0 0 1 8.89056
0 0 0 0 1 8.93665
0 0 0 0 1 8.99159
0 0 0 0 1 8.95319
0 0 0 0 1 8.91025
0 0 0 0 1 8.84981
0 0 0 0 1 8.81626
0 0 0 0 1 8.78293
0 0 0 0 0 8.88718
0 0 0 0 1 8.8805
0 0 0 0 0 8.786
0 0 0 0 1 8.71827
0 0 0 0 0 8.80865
0 0 0 0 1 8.76757
0 0 0 0 1 8.69692
0 0 0 0 0 8.66515
0 0 0 0 1 8.72062
0 0 0 0 0 8.73259
0 0 0 0 1 8.71861
0 0 0 0 1 8.70479
0 0 0 0 0 8.69113
0 0 0 0 1 8.72081
0 0 0 0 1 8.55224
0 0 0 0 1 8.61672
0 0 0 0 1 8.53502
0 0 0 0 0 8.60817
0 0 0 0 1 8.51841
0 0 0 0 0 8.59164
0 0 0 0 1 8.61351
0 0 0 0 0 8.57875
0 0 0 0 1 8.54116
0 0 0 0 1 8.60128
0 0 0 0 1 8.63034
0 0 0 0 0 8.76272
0 0 0 0 1 8.94088
0 0 0 0 1 9.03872
0 0 0 0 1 9.14517
0 0 0 0 1 9.46643
0 0 0 0 1 9.54579
0 0 0 0 1 9.72945
0 0 0 0 1 9.80595
0 0 0 0 1 9.97978
0 0 0 0 0 10.1129
0 0 0 0 1 10.3483
0 0 0 0 1 10.6162
0 0 0 0 1 10.6623
0 0 0 0 0 11.0403
0 0 0 0 0 11.1797
0 0 0 0 1 11.2812
0 0 0 0 1 11.5504
0 0 0 0 0 11.8078
0 0 0 0 0 11.9337
0 0 0 0 0 12.284
0 0 0 0 1 12.4976
0 0 0 0 1 12.899
0 0 0 0 1 22.9555
0 0 0 0 1 22.9137
0 0 0 0 1 22.9159
0 0 0 0 1 22.6937
0 0 0 0 1 22.5176
0 0 0 0 1 22.4779
0 0 0 0 1 22.8232
0 0 0 0 1 22.5356
0 0 0 0 1 22.7908
0 0 0 0 1 22.5044
0 0 0 0 1 22.7376
0 0 0 0 0 22.3172
0 0 0 0 1 22.7101
0 0 0 0 1 22.7188
0 0 0 0 1 22.7279
0 0 0 0 1 22.6924
0 0 0 0 1 22.6799
0 0 0 0 0 22.6004
0 0 0 0 1 23.2924
0 0 0 0 1 24.3409
0 0 0 0 0 25.3692
0 0 0 0 1 26.0812
0 0 0 0 0 36.4904
0 0 0 0 1 36.6939
0 0 0 0 0 36.1336
0 0 0 0 1 36.5566
0 0 0 0 1 36.4653
0 0 0 0 0 38.2566
0 0 0 0 1 52.1188
0 0 0 0 0 51.9991
0 0 0 0 1 52.1413
0 0 0 0 1 52.1798
0 0 0 0 1 51.8031
0 0 0 0 1 56.5543
0 0 0 0 1 65.1352
0 0 0 0 1 69.3852
0 0 0 0 1 82.4645
0 0 0 0 0 5.04006
0 0 0 0 0 4.98996
0 0 0 0 0 4.96992
0 0 0 0 0 4.97994
0 0 0 0 0 5.04507
0 0 0 0 0 5.03505
0 0 0 0 0 4.96491
0 0 0 0 0 4.99497
0 0 0 0 0 5.04507
0 0 0 0 0 5.03505
0 0 0 0 0 4.9599
0 0 0 0 0 5.02503
0 0 0 0 1 86.9777
0 0 0 0 1 86.9867
0 0 0 0 1 75.3703
0 0 0 0 1 63.6474
0 0 0 0 1 60.0422
0 0 0 0 1 60.6587
0 0 0 0 1 61.155
0 0 0 0 0 52.0864
0 0 0 0 1 47.6512
0 0 0 0 1 48.2395
0 0 0 0 1 39.392
0 0 0 0 1 37.0775
0 0 0 0 1 35.9532
0 0 0 0 1 35.8584
0 0 0 0 1 35.9063
0 0 0 0 1 35.5986
0 0 0 0 1 28.3586
0 0 0 0 1 27.0179
0 0 0 0 0 25.6904
0 0 0 0 1 24.8115
0 0 0 0 1 24.7986
0 0 0 0 1 24.7863
0 0 0 0 1 24.6007
0 0 0 0 1 24.7865
0 0 0 0 1 24.6274
0 0 0 0 1 24.9378
0 0 0 0 1 24.6313
0 0 0 0 1 24.7452
0 0 0 0 1 24.982
0 0 0 0 1 18.1271
0 0 0 0 1 17.5089
0 0 0 0 0 17.2261
0 0 0 0 1 16.6106
0 0 0 0 1 16.2773
0 0 0 0 1 15.7683
0 0 0 0 1 15.5474
0 0 0 0 1 15.1061
0 0 0 0 1 14.7277
0 0 0 0 0 14.351
0 0 0 0 1 14.2118
0 0 0 0 1 13.8176
0 0 0 0 1 14.0378
0 0 0 0 1 14.0083
0 0 0 0 0 13.7979
0 0 0 0 1 13.8243
0 0 0 0 1 13.9229
0 0 0 0 1 13.936
0 0 0 0 0 14.1031
0 0 0 0 1 13.865
0 0 0 0 0 14.1191
0 0 0 0 1 14.0352
0 0 0 0 1 13.9233
0 0 0 0 0 14.1064
0 0 0 0 0 14.1097
0 0 0 0 0 14.0967
0 0 0 0 1 13.9852
0 0 0 0 1 14.2151
0 0 0 0 1 14.2735
0 0 0 0 1 14.2897
0 0 0 0 1 14.0965
0 0 0 0 1 14.1273
0 0 0 0 1 14.2179
0 0 0 0 1 14.3488
0 0 0 0 1 14.3693
0 0 0 0 0 14.3871
0 0 0 0 1 14.3939
0 0 0 0 1 14.4408
0 0 0 0 1 14.4195
0 0 0 0 0 14.1945
0 0 0 0 1 8.79062
0 0 0 0 1 8.7819
0 0 0 0 1 8.64165
0 0 0 0 1 8.44376
0 0 0 0 1 8.33222
0 0 0 0 1 8.36193
0 0 0 0 1 8.12774
0 0 0 0 1 8.16281
0 0 0 0 1 7.98826
0 0 0 0 1 7.94218
0 0 0 0 1 7.81075
0 0 0 0 1 7.76391
0 0 0 0 1 7.69496
0 0 0 0 1 7.61071
0 0 0 0 1 7.54903
0 0 0 0 1 7.40757
0 0 0 0 0 7.26572
0 0 0 0 1 7.17066
0 0 0 0 1 7.12636
0 0 0 0 0 7.15257
0 0 0 0 1 7.05748
0 0 0 0 1 6.96518
0 0 0 0 1 6.90572
0 0 0 0 1 6.75296
0 0 0 0 1 6.76416
0 0 0 0 0 6.73392
0 0 0 0 1 6.66339
0 0 0 0 1 6.53402
0 0 0 0 1 6.45808
0 0 0 0 1 6.50755
0 0 0 0 1 6.39929
0 0 0 0 1 6.26932
0 0 0 0 1 6.22238
0 0 0 0 0 6.26882
0 0 0 0 1 6.20257
0 0 0 0 1 6.08771
0 0 0 0 1 6.03469
0 0 0 0 1 6.04479
0 0 0 0 1 6.02733
0 0 0 0 1 5.89985
0 0 0 0 1 5.88835
0 0 0 0 1 5.79771
0 0 0 0 0 5.75991
0 0 0 0 1 5.79674
0 0 0 0 1 5.73823
0 0 0 0 1 5.6718
0 0 0 0 1 5.62262
0 0 0 0 1 5.59345
0 0 0 0 0 5.47276
0 0 0 0 1 5.49038
0 0 0 0 1 5.45282
0 0 0 0 1 5.42927
0 0 0 0 0 5.36272
0 0 0 0 0 5.36277
0 0 0 0 1 5.3021
0 0 0 0 0 5.28065
0 0 0 0 1 5.25708
0 0 0 0 1 5.20757
0 0 0 0 1 5.19438
0 0 0 0 1 5.16056
0 0 0 0 1 5.12349
0 0 0 0 1 5.08481
0 0 0 0 1 5.02958
0 0 0 0 1 4.99635
0 0 0 0 1 4.91868
0 0 0 0 0 4.95477
0 0 0 0 0 4.86797
0 0 0 0 1 4.88722
0 0 0 0 1 4.84474
0 0 0 0 0 4.82463
0 0 0 0 1 4.87014
0 0 0 0 0 4.87826
0 0 0 0 0 4.90102
0 0 0 0 1 4.9179
0 0 0 0 1 4.85287
0 0 0 0 1 4.94937
0 0 0 0 0 4.92337
0 0 0 0 0 4.96026
0 0 0 0 1 5.00848
0 0 0 0 1 4.97242
0 0 0 0 0 5.0397
0 0 0 0 0 5.05357
0 0 0 0 0 5.03735
0 0 0 0 1 5.09162
0 0 0 0 0 5.01457
0 0 0 0 1 5.11485
0 0 0 0 1 5.09337
0 0 0 0 0 5.17414
0 0 0 0 0 5.12045
0 0 0 0 1 5.10896
0 0 0 0 1 5.18013
0 0 0 0 1 5.1531
0 0 0 0 1 5.26139
0 0 0 0 1 5.26053
0 0 0 0 1 5.24384
0 0 0 0 1 5.24279
0 0 0 0 0 5.32257
0 0 0 0 1 5.31635
0 0 0 0 1 5.3207
0 0 0 0 1 5.34111
0 0 0 0 1 5.42081
0 0 0 0 0 5.39988
0 0 0 0 1 5.39346
0 0 0 0 1 5.40328
0 0 0 0 1 5.43499
0 0 0 0 0 5.55088
0 0 0 0 0 5.50042
0 0 0 0 1 5.57303
0 0 0 0 1 5.54987
0 0 0 0 1 5.58393
0 0 0 0 1 5.59976
0 0 0 0 1 5.69627
0 0 0 0 1 5.6444
0 0 0 0 1 5.679
0 0 0 0 1 5.69506
0 0 0 0 1 5.7472
0 0 0 0 0 5.74767
0 0 0 0 1 5.82933
0 0 0 0 1 5.82829
0 0 0 0 0 5.84042
0 0 0 0 0 5.91142
0 0 0 0 1 5.9652
0 0 0 0 1 5.98361
0 0 0 0 1 5.93619
0 0 0 0 1 6.07454
0 0 0 0 1 6.09925
0 0 0 0 1 6.05111
0 0 0 0 1 6.04502
0 0 0 0 0 6.18595
0 0 0 0 1 6.1693
0 0 0 0 1 9.46192
0 0 0 0 0 9.396
0 0 0 0 1 9.41229
0 0 0 0 1 9.34366
0 0 0 0 1 9.39131
0 0 0 0 1 9.43536
0 0 0 0 0 9.32997
0 0 0 0 1 9.26844
0 0 0 0 1 9.35265
0 0 0 0 0 9.18386
0 0 0 0 1 9.22774
0 0 0 0 0 9.12459
0 0 0 0 1 9.22319
0 0 0 0 1 9.10247
0 0 0 0 1 9.12784
0 0 0 0 1 9.10777
0 0 0 0 1 9.06076
0 0 0 0 1 9.07378
0 0 0 0 1 8.96433
0 0 0 0 1 8.90592
0 0 0 0 0 8.93148
0 0 0 0 1 8.93911
0 0 0 0 0 8.87578
0 0 0 0 1 8.89241
0 0 0 0 1 8.88803
0 0 0 0 1 8.75516
0 0 0 0 1 8.82469
0 0 0 0 1 8.82598
0 0 0 0 1 8.79909
0 0 0 0 1 8.64724
0 0 0 0 1 8.63847
0 0 0 0 1 8.71285
0 0 0 0 1 8.6609
0 0 0 0 0 8.5714
0 0 0 0 0 8.49451
0 0 0 0 1 8.61141
0 0 0 0 0 8.62028
0 0 0 0 0 8.53202
0 0 0 0 1 8.54616
0 0 0 0 1 8.4501
0 0 0 0 1 8.52366
0 0 0 0 0 8.47039
0 0 0 0 1 8.35375
0 0 0 0 1 8.41878
0 0 0 0 0 8.39983
0 0 0 0 1 8.31418
0 0 0 0 1 8.4124
0 0 0 0 1 8.23119
0 0 0 0 1 8.2712
0 0 0 0 1 8.25315
0 0 0 0 1 8.27277
0 0 0 0 1 8.20544
0 0 0 0 0 8.20432
0 0 0 0 1 8.17864
0 0 0 0 1 8.2351
0 0 0 0 0 8.21781
0 0 0 0 1 8.23332
0 0 0 0 0 8.11857
0 0 0 0 1 8.08565
0 0 0 0 1 8.06918
0 0 0 0 0 8.08524
0 0 0 0 1 8.12557
0 0 0 0 1 8.1336
0 0 0 0 1 8.02496
0 0 0 0 0 8.01728
0 0 0 0 1 7.96964
0 0 0 0 1 8.08234
0 0 0 0 1 8.01101
0 0 0 0 1 8.0475
0 0 0 0 1 8.00056
0 0 0 0 1 8.01749
0 0 0 0 1 7.96309
0 0 0 0 0 7.92484
0 0 0 0 1 7.98527
0 0 0 0 1 7.86052
0 0 0 0 1 7.9254
0 0 0 0 0 7.78911
0 0 0 0 1 7.88897
0 0 0 0 1 7.85189
0 0 0 0 0 7.82289
0 0 0 0 0 7.74722
0 0 0 0 1 7.76881
0 0 0 0 1 7.75606
0 0 0 0 0 7.71236
0 0 0 0 1 7.78859
0 0 0 0 1 7.75297
0 0 0 0 1 7.81364
