0 0 0 0 1 5.54179
0 0 0 0 1 5.57867
0 0 0 0 1 5.57683
0 0 0 0 1 5.61095
0 0 0 0 1 5.52563
0 0 0 0 1 5.60786
0 0 0 0 1 5.54398
0 0 0 0 0 5.57614
0 0 0 0 1 5.5603
0 0 0 0 1 5.58714
0 0 0 0 0 5.64797
0 0 0 0 1 5.61322
0 0 0 0 1 5.69359
0 0 0 0 1 5.67031
0 0 0 0 1 5.68106
0 0 0 0 0 5.72804
0 0 0 0 0 5.67652
0 0 0 0 1 5.6477
0 0 0 0 1 5.73306
0 0 0 0 1 5.66828
0 0 0 0 1 5.69677
0 0 0 0 1 5.74268
0 0 0 0 1 5.70263
0 0 0 0 1 5.77771
0 0 0 0 1 5.71069
0 0 0 0 0 5.79196
0 0 0 0 1 5.76359
0 0 0 0 1 5.78743
0 0 0 0 1 5.84635
0 0 0 0 1 5.77733
0 0 0 0 1 5.89506
0 0 0 0 1 5.90365
0 0 0 0 1 5.883
0 0 0 0 1 5.90189
0 0 0 0 1 5.83853
0 0 0 0 1 5.88113
0 0 0 0 1 5.87669
0 0 0 0 1 5.89599
0 0 0 0 1 5.89763
0 0 0 0 1 5.94695
0 0 0 0 1 5.97865
0 0 0 0 1 6.01056
0 0 0 0 0 5.97204
0 0 0 0 0 6.03416
0 0 0 0 1 6.00635
0 0 0 0 1 5.97242
0 0 0 0 0 6.03393
0 0 0 0 1 6.01818
0 0 0 0 1 6.05713
0 0 0 0 0 6.10241
0 0 0 0 1 6.05016
0 0 0 0 1 6.08347
0 0 0 0 1 6.14048
0 0 0 0 1 6.13221
0 0 0 0 1 6.22161
0 0 0 0 1 6.2125
0 0 0 0 1 6.24679
0 0 0 0 1 6.2368
0 0 0 0 1 6.23397
0 0 0 0 1 6.24992
0 0 0 0 1 6.30273
0 0 0 0 1 6.3127
0 0 0 0 1 6.32275
0 0 0 0 1 6.30755
0 0 0 0 1 6.34938
0 0 0 0 1 6.39702
0 0 0 0 1 6.43936
0 0 0 0 1 6.35315
0 0 0 0 1 6.41493
0 0 0 0 1 6.45699
0 0 0 0 0 6.41606
0 0 0 0 1 6.46488
0 0 0 0 1 6.55374
0 0 0 0 0 6.53226
0 0 0 0 1 6.55641
0 0 0 0 1 6.56693
0 0 0 0 1 6.53144
0 0 0 0 1 6.64163
0 0 0 0 1 6.65253
0 0 0 0 1 6.61694
0 0 0 0 1 6.66783
0 0 0 0 0 6.71961
0 0 0 0 0 6.67099
0 0 0 0 1 6.76289
0 0 0 0 1 6.78107
0 0 0 0 0 6.81969
0 0 0 0 0 6.7564
0 0 0 0 1 6.79514
0 0 0 0 1 6.87528
0 0 0 0 0 6.92843
0 0 0 0 1 6.92661
0 0 0 0 0 6.86975
0 0 0 0 0 6.92326
0 0 0 0 1 6.99109
0 0 0 0 1 7.05235
0 0 0 0 1 7.05067
0 0 0 0 0 7.01311
0 0 0 0 1 7.11046
0 0 0 0 1 7.05888
0 0 0 0 0 7.14269
0 0 0 0 1 7.24858
0 0 0 0 1 7.22551
0 0 0 0 0 7.20175
0 0 0 0 1 7.19991
0 0 0 0 1 7.37265
0 0 0 0 0 7.31995
0 0 0 0 1 7.28834
0 0 0 0 1 7.43454
0 0 0 0 0 7.38815
0 0 0 0 1 7.39334
0 0 0 0 1 7.50363
0 0 0 0 1 7.53166
0 0 0 0 0 7.61265
0 0 0 0 1 7.64111
0 0 0 0 1 7.66243
0 0 0 0 1 7.70635
0 0 0 0 1 7.6813
0 0 0 0 1 7.71762
0 0 0 0 1 7.83172
0 0 0 0 1 7.72054
0 0 0 0 1 7.89059
0 0 0 0 1 7.80197
0 0 0 0 1 7.96476
0 0 0 0 1 7.93074
0 0 0 0 1 8.01548
0 0 0 0 1 8.0692
0 0 0 0 1 8.0748
0 0 0 0 1 8.08834
0 0 0 0 1 8.0849
0 0 0 0 0 8.27008
0 0 0 0 0 8.29996
0 0 0 0 1 8.2636
0 0 0 0 1 8.26877
0 0 0 0 0 8.4069
0 0 0 0 1 8.4537
0 0 0 0 0 8.48375
0 0 0 0 1 8.57332
0 0 0 0 1 8.47537
0 0 0 0 1 8.63464
0 0 0 0 0 8.56129
0 0 0 0 0 8.61624
0 0 0 0 1 8.81212
0 0 0 0 1 8.73643
0 0 0 0 1 8.80266
0 0 0 0 1 8.97424
0 0 0 0 1 9.02216
0 0 0 0 1 8.97109
0 0 0 0 1 9.0548
0 0 0 0 1 9.12177
0 0 0 0 0 9.25227
0 0 0 0 1 9.30083
0 0 0 0 1 9.23803
0 0 0 0 1 9.32449
0 0 0 0 1 9.30584
0 0 0 0 1 9.4105
0 0 0 0 0 9.6004
0 0 0 0 0 9.58124
0 0 0 0 1 9.74579
0 0 0 0 0 9.75517
0 0 0 0 0 9.79329
0 0 0 0 1 9.8312
0 0 0 0 1 9.83074
0 0 0 0 1 10.0761
0 0 0 0 0 9.95364
0 0 0 0 0 10.0295
0 0 0 0 1 10.2297
0 0 0 0 0 10.2659
0 0 0 0 1 10.4052
0 0 0 0 1 10.4015
0 0 0 0 1 10.4895
0 0 0 0 1 10.4932
0 0 0 0 1 10.6965
0 0 0 0 1 10.7965
0 0 0 0 1 10.8191
0 0 0 0 1 9.27798
0 0 0 0 1 9.27249
0 0 0 0 0 9.2904
0 0 0 0 1 9.29429
0 0 0 0 0 9.15547
0 0 0 0 0 9.2702
0 0 0 0 0 9.11384
0 0 0 0 1 9.12763
0 0 0 0 1 9.11858
0 0 0 0 0 9.08691
0 0 0 0 0 9.01446
0 0 0 0 0 9.15579
0 0 0 0 0 9.09274
0 0 0 0 1 8.98482
0 0 0 0 1 9.06251
0 0 0 0 1 8.96429
0 0 0 0 1 8.94315
0 0 0 0 1 9.05188
0 0 0 0 1 8.86509
0 0 0 0 1 8.84872
0 0 0 0 1 8.89083
0 0 0 0 1 8.82133
0 0 0 0 1 8.86756
0 0 0 0 1 8.94031
0 0 0 0 0 8.85369
0 0 0 0 1 8.76362
0 0 0 0 1 8.73954
0 0 0 0 1 8.82118
0 0 0 0 1 8.74461
0 0 0 0 1 8.67717
0 0 0 0 1 8.82882
0 0 0 0 1 8.74931
0 0 0 0 1 8.76976
0 0 0 0 1 8.62489
0 0 0 0 1 8.61094
0 0 0 0 1 8.64053
0 0 0 0 1 8.67014
0 0 0 0 0 8.70843
0 0 0 0 1 8.59129
0 0 0 0 1 8.53499
0 0 0 0 1 8.56507
0 0 0 0 1 8.68114
0 0 0 0 1 8.56526
0 0 0 0 1 8.51841
0 0 0 0 1 8.61731
0 0 0 0 1 8.46824
0 0 0 0 1 8.60436
0 0 0 0 1 8.59231
0 0 0 0 1 8.64416
0 0 0 0 1 8.61294
0 0 0 0 0 8.79802
0 0 0 0 1 8.87817
0 0 0 0 1 9.18421
0 0 0 0 0 9.29297
0 0 0 0 1 9.4289
0 0 0 0 1 9.45043
0 0 0 0 1 9.71977
0 0 0 0 1 9.83548
0 0 0 0 1 9.90971
0 0 0 0 1 10.2554
0 0 0 0 1 10.3794
0 0 0 0 1 10.5634
0 0 0 0 1 10.6409
0 0 0 0 1 10.9308
0 0 0 0 1 11.0906
0 0 0 0 0 11.3267
0 0 0 0 1 11.6663
0 0 0 0 1 11.7014
0 0 0 0 1 12.1507
0 0 0 0 1 12.3702
0 0 0 0 1 12.5605
0 0 0 0 1 12.8219
0 0 0 0 0 22.5464
0 0 0 0 1 22.6639
0 0 0 0 1 22.5302
0 0 0 0 1 22.5804
0 0 0 0 1 22.6082
0 0 0 0 1 22.8175
0 0 0 0 1 22.5744
0 0 0 0 1 22.8294
0 0 0 0 0 22.6553
0 0 0 0 0 22.527
0 0 0 0 1 22.3541
0 0 0 0 1 22.5877
0 0 0 0 0 22.3271
0 0 0 0 1 22.6062
0 0 0 0 1 22.3454
0 0 0 0 1 22.7149
0 0 0 0 1 22.3652
0 0 0 0 0 22.5331
0 0 0 0 1 22.9676
0 0 0 0 1 24.3409
0 0 0 0 1 25.3692
0 0 0 0 1 26.1336
0 0 0 0 1 36.1991
0 0 0 0 1 36.7667
0 0 0 0 1 36.3156
0 0 0 0 1 36.7385
0 0 0 0 0 36.1742
0 0 0 0 1 38.3337
0 0 0 0 1 51.8584
0 0 0 0 0 51.7909
0 0 0 0 1 51.5689
0 0 0 0 1 51.9197
0 0 0 0 1 51.9592
0 0 0 0 0 56.949
0 0 0 0 1 65.0697
0 0 0 0 0 69.7336
0 0 0 0 1 81.8918
0 0 0 0 0 4.98996
0 0 0 0 0 5.0601
0 0 0 0 0 4.98495
0 0 0 0 0 4.98996
0 0 0 0 0 4.9599
0 0 0 0 0 5.03505
0 0 0 0 0 5.03505
0 0 0 0 0 5.00499
0 0 0 0 0 5.02503
0 0 0 0 0 4.96491
0 0 0 0 0 5.02503
0 0 0 0 0 5.00499
0 0 0 0 1 86.7149
0 0 0 0 0 87.1619
0 0 0 0 0 74.3935
0 0 0 0 1 64.4774
0 0 0 0 1 60.708
0 0 0 0 0 60.7192
0 0 0 0 1 60.1256
0 0 0 0 1 51.6739
0 0 0 0 1 48.467
0 0 0 0 1 48.2875
0 0 0 0 1 39.6276
0 0 0 0 1 37.188
0 0 0 0 1 35.8105
0 0 0 0 1 35.6444
0 0 0 0 0 35.6564
0 0 0 0 1 35.7414
0 0 0 0 0 28.1059
0 0 0 0 1 26.7767
0 0 0 0 1 25.5366
0 0 0 0 0 24.8361
0 0 0 0 1 24.7494
0 0 0 0 1 24.8849
0 0 0 0 0 24.5021
0 0 0 0 1 24.9098
0 0 0 0 0 24.8495
0 0 0 0 1 24.7649
0 0 0 0 1 24.7302
0 0 0 0 1 24.9677
0 0 0 0 1 24.7099
0 0 0 0 1 18.2363
0 0 0 0 1 17.7035
0 0 0 0 1 17.0886
0 0 0 0 1 16.8783
0 0 0 0 1 16.1469
0 0 0 0 1 15.8319
0 0 0 0 1 15.6403
0 0 0 0 1 15.2573
0 0 0 0 0 14.6097
0 0 0 0 1 14.4808
0 0 0 0 0 14.0849
0 0 0 0 1 13.7759
0 0 0 0 1 13.8154
0 0 0 0 1 13.8692
0 0 0 0 1 13.9789
0 0 0 0 0 13.9776
0 0 0 0 1 13.8671
0 0 0 0 0 14.0896
0 0 0 0 0 13.9493
0 0 0 0 1 14.0468
0 0 0 0 1 13.895
0 0 0 0 1 14.1333
0 0 0 0 1 13.9794
0 0 0 0 0 13.9237
0 0 0 0 1 14.18
0 0 0 0 0 14.1531
0 0 0 0 1 14.1262
0 0 0 0 1 14.1868
0 0 0 0 1 14.0332
0 0 0 0 0 14.1624
0 0 0 0 1 14.2665
0 0 0 0 1 14.1698
0 0 0 0 1 14.2463
0 0 0 0 1 14.164
0 0 0 0 1 14.2839
0 0 0 0 1 14.3301
0 0 0 0 0 14.1654
0 0 0 0 0 14.1548
0 0 0 0 1 14.3049
0 0 0 0 1 14.3809
0 0 0 0 1 8.86123
0 0 0 0 1 8.79061
0 0 0 0 1 8.64165
0 0 0 0 1 8.43526
0 0 0 0 1 8.36578
0 0 0 0 0 8.27077
0 0 0 0 0 8.1851
0 0 0 0 0 8.13045
0 0 0 0 1 7.95627
0 0 0 0 1 7.89476
0 0 0 0 1 7.88112
0 0 0 0 1 7.76391
0 0 0 0 1 7.69496
0 0 0 0 0 7.56536
0 0 0 0 1 7.49671
0 0 0 0 1 7.37057
0 0 0 0 0 7.37547
0 0 0 0 0 7.29379
0 0 0 0 0 7.19806
0 0 0 0 1 7.14547
0 0 0 0 0 7.07854
0 0 0 0 0 6.99302
0 0 0 0 1 6.92637
0 0 0 0 1 6.7666
0 0 0 0 1 6.73037
0 0 0 0 1 6.6469
0 0 0 0 1 6.65013
0 0 0 0 1 6.61939
0 0 0 0 1 6.47109
0 0 0 0 1 6.4882
0 0 0 0 0 6.36736
0 0 0 0 1 6.32631
0 0 0 0 0 6.31656
0 0 0 0 0 6.21279
0 0 0 0 1 6.11616
0 0 0 0 1 6.07547
0 0 0 0 1 6.00436
0 0 0 0 1 5.97856
0 0 0 0 1 5.93185
0 0 0 0 1 5.91762
0 0 0 0 1 5.84139
0 0 0 0 1 5.85015
0 0 0 0 1 5.77148
0 0 0 0 1 5.68769
0 0 0 0 1 5.64724
0 0 0 0 1 5.69437
0 0 0 0 0 5.56102
0 0 0 0 1 5.54336
0 0 0 0 1 5.5059
0 0 0 0 1 5.43011
0 0 0 0 0 5.38758
0 0 0 0 1 5.45628
0 0 0 0 1 5.31978
0 0 0 0 1 5.32017
0 0 0 0 1 5.25976
0 0 0 0 1 5.21241
0 0 0 0 1 5.21015
0 0 0 0 0 5.13503
0 0 0 0 0 5.1326
0 0 0 0 1 5.09918
0 0 0 0 0 5.12349
0 0 0 0 1 5.00418
0 0 0 0 1 4.98947
0 0 0 0 1 4.93657
0 0 0 0 1 4.91868
0 0 0 0 1 4.87121
0 0 0 0 1 4.87774
0 0 0 0 0 4.8435
0 0 0 0 1 4.79166
0 0 0 0 0 4.85352
0 0 0 0 1 4.77843
0 0 0 0 1 4.82013
0 0 0 0 0 4.82322
0 0 0 0 1 4.83504
0 0 0 0 0 4.90179
0 0 0 0 1 4.95919
0 0 0 0 0 4.96279
0 0 0 0 1 4.9652
0 0 0 0 1 4.94897
0 0 0 0 1 5.00726
0 0 0 0 1 4.97483
0 0 0 0 1 4.99848
0 0 0 0 1 5.00719
0 0 0 0 1 5.09162
0 0 0 0 0 5.0399
0 0 0 0 1 5.08943
0 0 0 0 1 5.09337
0 0 0 0 1 5.0768
0 0 0 0 0 5.14613
0 0 0 0 1 5.16567
0 0 0 0 1 5.21118
0 0 0 0 0 5.18427
0 0 0 0 1 5.26139
0 0 0 0 1 5.22389
0 0 0 0 1 5.24384
0 0 0 0 1 5.29026
0 0 0 0 1 5.28546
0 0 0 0 1 5.27378
0 0 0 0 1 5.39015
0 0 0 0 1 5.37328
0 0 0 0 1 5.41005
0 0 0 0 1 5.42152
0 0 0 0 1 5.45864
0 0 0 0 1 5.46871
0 0 0 0 1 5.44593
0 0 0 0 1 5.49036
0 0 0 0 0 5.50042
0 0 0 0 1 5.60634
0 0 0 0 1 5.58331
0 0 0 0 1 5.57273
0 0 0 0 1 5.59976
0 0 0 0 1 5.70192
0 0 0 0 1 5.6217
0 0 0 0 1 5.6733
0 0 0 0 1 5.67789
0 0 0 0 1 5.81049
0 0 0 0 1 5.76501
0 0 0 0 0 5.82352
0 0 0 0 1 5.82829
0 0 0 0 1 5.89906
0 0 0 0 1 5.8407
0 0 0 0 1 5.88819
0 0 0 0 1 6.01338
0 0 0 0 1 5.99603
0 0 0 0 1 5.96628
0 0 0 0 1 6.01462
0 0 0 0 1 6.05718
0 0 0 0 1 6.08165
0 0 0 0 1 6.07549
0 0 0 0 0 6.23105
0 0 0 0 1 9.50952
0 0 0 0 1 9.50978
0 0 0 0 1 9.50679
0 0 0 0 0 9.36249
0 0 0 0 1 9.41007
0 0 0 0 1 9.41666
0 0 0 0 0 9.23676
0 0 0 0 1 9.30562
0 0 0 0 0 9.29709
0 0 0 0 1 9.26693
0 0 0 0 1 9.24614
0 0 0 0 1 9.26215
0 0 0 0 1 9.21405
0 0 0 0 1 9.02047
0 0 0 0 1 9.06426
0 0 0 0 1 9.07156
0 0 0 0 1 9.09686
0 0 0 0 0 9.07378
0 0 0 0 1 8.96433
0 0 0 0 1 8.86117
0 0 0 0 1 8.83334
0 0 0 0 1 8.88574
0 0 0 0 1 8.94671
0 0 0 0 1 8.78634
0 0 0 0 1 8.84395
0 0 0 0 1 8.72879
0 0 0 0 1 8.82469
0 0 0 0 1 8.79099
0 0 0 0 1 8.76421
0 0 0 0 1 8.62114
0 0 0 0 1 8.73387
0 0 0 0 1 8.66094
0 0 0 0 1 8.71265
0 0 0 0 1 8.58861
0 0 0 0 1 8.54599
0 0 0 0 0 8.61141
0 0 0 0 0 8.62028
0 0 0 0 1 8.44687
0 0 0 0 1 8.44422
0 0 0 0 0 8.40773
0 0 0 0 0 8.52366
0 0 0 0 1 8.52101
0 0 0 0 1 8.35375
0 0 0 0 0 8.44396
0 0 0 0 1 8.32446
0 0 0 0 1 8.37267
0 0 0 0 1 8.32069
0 0 0 0 0 8.27277
0 0 0 0 1 8.32927
0 0 0 0 1 8.25315
0 0 0 0 1 8.33889
0 0 0 0 0 8.1972
0 0 0 0 1 8.17963
0 0 0 0 1 8.12937
0 0 0 0 1 8.2351
0 0 0 0 0 8.09516
0 0 0 0 1 8.19252
0 0 0 0 0 8.11857
0 0 0 0 1 8.16692
0 0 0 0 1 8.19083
0 0 0 0 0 8.12571
0 0 0 0 1 8.06903
0 0 0 0 1 8.03687
0 0 0 0 0 8.05716
0 0 0 0 1 8.09761
0 0 0 0 1 7.96162
0 0 0 0 1 8.03432
0 0 0 0 1 7.91517
0 0 0 0 1 7.95977
0 0 0 0 1 8.02445
0 0 0 0 1 7.99365
0 0 0 0 1 7.93929
0 0 0 0 1 7.85359
0 0 0 0 1 7.8904
0 0 0 0 1 7.82895
0 0 0 0 1 7.81511
0 0 0 0 1 7.93073
0 0 0 0 1 7.8654
0 0 0 0 1 7.80482
0 0 0 0 1 7.9012
0 0 0 0 1 7.79413
0 0 0 0 1 7.80004
0 0 0 0 1 7.78724
0 0 0 0 1 7.82131
0 0 0 0 1 7.83523
0 0 0 0 1 7.73745
0 0 0 0 1 7.82139
