0 0 0 0 1 5.60282
0 0 0 0 1 5.52311
0 0 0 0 1 5.60466
0 0 0 0 1 5.52737
0 0 0 0 1 5.63168
0 0 0 0 1 5.62463
0 0 0 0 1 5.57195
0 0 0 0 1 5.54812
0 0 0 0 1 5.6164
0 0 0 0 1 5.61524
0 0 0 0 1 5.68175
0 0 0 0 1 5.6245
0 0 0 0 1 5.67665
0 0 0 0 1 5.65333
0 0 0 0 1 5.6357
0 0 0 0 1 5.65424
0 0 0 0 1 5.74478
0 0 0 0 1 5.70469
0 0 0 0 1 5.73877
0 0 0 0 1 5.71971
0 0 0 0 1 5.73685
0 0 0 0 1 5.78284
0 0 0 0 0 5.76011
0 0 0 0 0 5.70858
0 0 0 0 1 5.81452
0 0 0 0 1 5.74572
0 0 0 0 1 5.8389
0 0 0 0 1 5.76421
0 0 0 0 1 5.79981
0 0 0 0 1 5.78316
0 0 0 0 0 5.85416
0 0 0 0 1 5.83344
0 0 0 0 1 5.90644
0 0 0 0 0 5.89015
0 0 0 0 0 5.83853
0 0 0 0 0 5.88113
0 0 0 0 0 5.94173
0 0 0 0 1 5.98488
0 0 0 0 1 5.90357
0 0 0 0 1 5.99457
0 0 0 0 1 5.93092
0 0 0 0 1 5.97467
0 0 0 0 1 5.98402
0 0 0 0 1 5.99213
0 0 0 0 1 6.06654
0 0 0 0 1 6.04482
0 0 0 0 0 6.09445
0 0 0 0 1 6.01818
0 0 0 0 0 6.14227
0 0 0 0 1 6.07802
0 0 0 0 1 6.13572
0 0 0 0 1 6.16311
0 0 0 0 1 6.18965
0 0 0 0 1 6.2184
0 0 0 0 0 6.15989
0 0 0 0 0 6.20012
0 0 0 0 0 6.17235
0 0 0 0 1 6.28659
0 0 0 0 1 6.22149
0 0 0 0 0 6.21864
0 0 0 0 1 6.2839
0 0 0 0 1 6.33159
0 0 0 0 1 6.32906
0 0 0 0 0 6.2949
0 0 0 0 1 6.39378
0 0 0 0 1 6.40975
0 0 0 0 1 6.40107
0 0 0 0 1 6.37877
0 0 0 0 1 6.47272
0 0 0 0 0 6.37966
0 0 0 0 1 6.45482
0 0 0 0 1 6.53621
0 0 0 0 1 6.49523
0 0 0 0 0 6.5127
0 0 0 0 1 6.58909
0 0 0 0 1 6.58005
0 0 0 0 1 6.6302
0 0 0 0 1 6.66803
0 0 0 0 1 6.57964
0 0 0 0 0 6.65684
0 0 0 0 1 6.63446
0 0 0 0 1 6.71961
0 0 0 0 1 6.71797
0 0 0 0 1 6.7831
0 0 0 0 1 6.74726
0 0 0 0 1 6.72469
0 0 0 0 1 6.86538
0 0 0 0 1 6.7883
0 0 0 0 0 6.82039
0 0 0 0 0 6.92843
0 0 0 0 0 6.88513
0 0 0 0 0 6.9668
0 0 0 0 1 6.98589
0 0 0 0 0 7.01204
0 0 0 0 1 7.07338
0 0 0 0 0 7.09993
0 0 0 0 1 7.01311
0 0 0 0 1 7.06079
0 0 0 0 1 7.13011
0 0 0 0 1 7.12124
0 0 0 0 1 7.13375
0 0 0 0 1 7.16068
0 0 0 0 1 7.2886
0 0 0 0 0 7.33795
0 0 0 0 1 7.32156
0 0 0 0 1 7.37124
0 0 0 0 1 7.3546
0 0 0 0 1 7.44192
0 0 0 0 1 7.46233
0 0 0 0 1 7.4306
0 0 0 0 1 7.53356
0 0 0 0 1 7.46401
0 0 0 0 1 7.61265
0 0 0 0 1 7.51212
0 0 0 0 0 7.54056
0 0 0 0 1 7.66808
0 0 0 0 1 7.65823
0 0 0 0 0 7.75625
0 0 0 0 1 7.69977
0 0 0 0 1 7.81412
0 0 0 0 1 7.83579
0 0 0 0 1 7.79411
0 0 0 0 0 7.94103
0 0 0 0 0 8.00226
0 0 0 0 1 7.95954
0 0 0 0 0 8.05314
0 0 0 0 1 8.0506
0 0 0 0 1 8.18559
0 0 0 0 1 8.19085
0 0 0 0 0 8.13907
0 0 0 0 1 8.15998
0 0 0 0 1 8.28844
0 0 0 0 1 8.26877
0 0 0 0 1 8.33162
0 0 0 0 1 8.36958
0 0 0 0 1 8.44146
0 0 0 0 1 8.57332
0 0 0 0 0 8.62931
0 0 0 0 0 8.6776
0 0 0 0 1 8.55265
0 0 0 0 0 8.6684
0 0 0 0 1 8.77715
0 0 0 0 1 8.78042
0 0 0 0 1 8.78499
0 0 0 0 1 8.84972
0 0 0 0 1 9.04006
0 0 0 0 1 8.96208
0 0 0 0 1 9.04574
0 0 0 0 1 9.05798
0 0 0 0 1 9.22476
0 0 0 0 1 9.1901
0 0 0 0 1 9.32159
0 0 0 0 0 9.31515
0 0 0 0 1 9.36224
0 0 0 0 1 9.40104
0 0 0 0 1 9.47658
0 0 0 0 1 9.56206
0 0 0 0 1 9.67825
0 0 0 0 1 9.65801
0 0 0 0 1 9.85199
0 0 0 0 0 9.8312
0 0 0 0 1 9.82083
0 0 0 0 1 10.0062
0 0 0 0 1 9.9838
0 0 0 0 1 10.2119
0 0 0 0 1 10.2909
0 0 0 0 1 10.2248
0 0 0 0 1 10.2603
0 0 0 0 1 10.4015
0 0 0 0 1 10.4265
0 0 0 0 0 10.6201
0 0 0 0 0 10.7285
0 0 0 0 1 10.6783
0 0 0 0 1 10.7649
0 0 0 0 0 9.32451
0 0 0 0 1 9.37458
0 0 0 0 1 9.34598
0 0 0 0 1 9.19266
0 0 0 0 1 9.28455
0 0 0 0 1 9.18743
0 0 0 0 1 9.23315
0 0 0 0 1 9.11847
0 0 0 0 1 9.22822
0 0 0 0 0 9.06868
0 0 0 0 1 9.11452
0 0 0 0 1 9.15579
0 0 0 0 1 9.06557
0 0 0 0 0 9.04809
0 0 0 0 1 9.04448
0 0 0 0 1 9.05429
0 0 0 0 1 9.03294
0 0 0 0 1 8.92641
0 0 0 0 1 8.93665
0 0 0 0 1 8.83979
0 0 0 0 1 8.8552
0 0 0 0 1 8.87468
0 0 0 0 1 8.84981
0 0 0 0 1 8.83398
0 0 0 0 0 8.79177
0 0 0 0 0 8.84305
0 0 0 0 1 8.8805
0 0 0 0 1 8.786
0 0 0 0 1 8.74461
0 0 0 0 1 8.82618
0 0 0 0 1 8.77632
0 0 0 0 1 8.69692
0 0 0 0 1 8.68258
0 0 0 0 1 8.67711
0 0 0 0 1 8.69783
0 0 0 0 1 8.6145
0 0 0 0 1 8.72211
0 0 0 0 1 8.72572
0 0 0 0 0 8.669
0 0 0 0 1 8.6988
0 0 0 0 1 8.68559
0 0 0 0 1 8.5608
0 0 0 0 1 8.63392
0 0 0 0 1 8.61268
0 0 0 0 1 8.54885
0 0 0 0 1 8.48533
0 0 0 0 1 8.46778
0 0 0 0 1 8.53264
0 0 0 0 1 8.49837
0 0 0 0 1 8.71734
0 0 0 0 1 8.85979
0 0 0 0 1 8.89609
0 0 0 0 0 9.12965
0 0 0 0 1 9.17288
0 0 0 0 1 9.36322
0 0 0 0 1 9.50764
0 0 0 0 1 9.72945
0 0 0 0 1 9.86502
0 0 0 0 1 9.94975
0 0 0 0 0 10.2045
0 0 0 0 1 10.2862
0 0 0 0 1 10.5212
0 0 0 0 1 10.8019
0 0 0 0 1 11.0403
0 0 0 0 1 11.0906
0 0 0 0 0 11.4175
0 0 0 0 0 11.6663
0 0 0 0 1 11.7014
0 0 0 0 1 12.1748
0 0 0 0 1 12.2717
0 0 0 0 0 12.4725
0 0 0 0 1 12.9118
0 0 0 0 1 22.5918
0 0 0 0 0 22.5731
0 0 0 0 1 22.5756
0 0 0 0 1 22.6484
0 0 0 0 1 22.7441
0 0 0 0 1 22.5911
0 0 0 0 1 22.5518
0 0 0 0 1 22.4
0 0 0 0 1 22.6101
0 0 0 0 1 22.6173
0 0 0 0 0 22.3316
0 0 0 0 1 22.3172
0 0 0 0 1 22.3947
0 0 0 0 1 22.4036
0 0 0 0 1 22.6604
0 0 0 0 1 22.2651
0 0 0 0 0 22.59
0 0 0 0 1 22.6004
0 0 0 0 0 23.362
0 0 0 0 1 24.0273
0 0 0 0 1 25.0427
0 0 0 0 1 26.4744
0 0 0 0 1 36.2355
0 0 0 0 1 36.439
0 0 0 0 0 36.6067
0 0 0 0 1 36.6294
0 0 0 0 0 36.5745
0 0 0 0 1 38.1796
0 0 0 0 0 51.9105
0 0 0 0 1 51.6868
0 0 0 0 0 51.621
0 0 0 0 1 52.3879
0 0 0 0 1 52.1672
0 0 0 0 1 56.2724
0 0 0 0 0 65.7244
0 0 0 0 1 69.9426
0 0 0 0 1 81.6464
0 0 0 0 0 4.97493
0 0 0 0 0 5.02503
0 0 0 0 0 5.02503
0 0 0 0 0 5.05008
0 0 0 0 0 5.04006
0 0 0 0 0 4.9599
0 0 0 0 0 5.05008
0 0 0 0 0 4.96491
0 0 0 0 0 4.98495
0 0 0 0 0 4.97493
0 0 0 0 0 4.98495
0 0 0 0 0 5.03505
0 0 0 0 1 87.1529
0 0 0 0 0 87.7751
0 0 0 0 1 75.22
0 0 0 0 0 64.222
0 0 0 0 1 60.708
0 0 0 0 1 60.4771
0 0 0 0 1 60.0651
0 0 0 0 1 51.1066
0 0 0 0 1 47.7472
0 0 0 0 1 48.4315
0 0 0 0 1 39.5098
0 0 0 0 1 37.0407
0 0 0 0 1 35.7035
0 0 0 0 0 35.3232
0 0 0 0 1 35.478
0 0 0 0 1 35.4558
0 0 0 0 1 28.0217
0 0 0 0 0 26.6695
0 0 0 0 1 25.5622
0 0 0 0 1 24.4422
0 0 0 0 1 24.6509
0 0 0 0 0 24.466
0 0 0 0 0 24.4528
0 0 0 0 0 24.8358
0 0 0 0 1 24.4793
0 0 0 0 1 24.6168
0 0 0 0 1 24.7796
0 0 0 0 1 24.498
0 0 0 0 1 24.5862
0 0 0 0 1 18.2909
0 0 0 0 0 17.7035
0 0 0 0 1 17.2261
0 0 0 0 1 16.6106
0 0 0 0 1 16.4565
0 0 0 0 1 15.7842
0 0 0 0 0 15.3925
0 0 0 0 0 15.1817
0 0 0 0 1 14.8605
0 0 0 0 1 14.3798
0 0 0 0 1 13.9862
0 0 0 0 1 13.7481
0 0 0 0 1 13.8154
0 0 0 0 1 13.7718
0 0 0 0 1 13.9511
0 0 0 0 1 13.8522
0 0 0 0 1 14.0206
0 0 0 0 1 14.0477
0 0 0 0 1 14.0052
0 0 0 0 0 14.0049
0 0 0 0 1 13.951
0 0 0 0 1 13.9931
0 0 0 0 1 14.1057
0 0 0 0 1 14.0361
0 0 0 0 1 14.1941
0 0 0 0 1 14.2094
0 0 0 0 1 14.1544
0 0 0 0 1 13.9751
0 0 0 0 1 14.1463
0 0 0 0 1 14.2049
0 0 0 0 0 14.0399
0 0 0 0 1 14.2975
0 0 0 0 0 14.2605
0 0 0 0 0 14.3346
0 0 0 0 1 14.0987
0 0 0 0 1 14.1447
0 0 0 0 1 14.4224
0 0 0 0 1 14.3121
0 0 0 0 1 14.4338
0 0 0 0 1 14.2662
0 0 0 0 1 8.75531
0 0 0 0 0 8.64251
0 0 0 0 0 8.62445
0 0 0 0 0 8.56269
0 0 0 0 1 8.37417
0 0 0 0 1 8.37021
0 0 0 0 0 8.13594
0 0 0 0 1 8.09809
0 0 0 0 1 7.97227
0 0 0 0 1 7.84735
0 0 0 0 1 7.77166
0 0 0 0 1 7.79481
0 0 0 0 0 7.65676
0 0 0 0 1 7.48978
0 0 0 0 0 7.46681
0 0 0 0 1 7.46677
0 0 0 0 1 7.25109
0 0 0 0 1 7.19963
0 0 0 0 1 7.20523
0 0 0 0 1 7.1029
0 0 0 0 1 6.95916
0 0 0 0 0 6.94431
0 0 0 0 0 6.85064
0 0 0 0 1 6.80753
0 0 0 0 1 6.73713
0 0 0 0 1 6.63351
0 0 0 0 1 6.58383
0 0 0 0 1 6.62596
0 0 0 0 0 6.52962
0 0 0 0 1 6.46885
0 0 0 0 1 6.33542
0 0 0 0 1 6.39597
0 0 0 0 1 6.22865
0 0 0 0 1 6.25014
0 0 0 0 1 6.20257
0 0 0 0 1 6.11218
0 0 0 0 0 6.02256
0 0 0 0 1 6.01469
0 0 0 0 1 6.02733
0 0 0 0 1 5.97686
0 0 0 0 1 5.83552
0 0 0 0 1 5.8618
0 0 0 0 1 5.83509
0 0 0 0 1 5.70491
0 0 0 0 1 5.64724
0 0 0 0 1 5.66615
0 0 0 0 0 5.62822
0 0 0 0 0 5.52109
0 0 0 0 0 5.52799
0 0 0 0 1 5.52874
0 0 0 0 1 5.38214
0 0 0 0 1 5.36985
0 0 0 0 1 5.33051
0 0 0 0 1 5.27224
0 0 0 0 1 5.27035
0 0 0 0 1 5.21241
0 0 0 0 1 5.17885
0 0 0 0 1 5.1713
0 0 0 0 0 5.13775
0 0 0 0 1 5.07361
0 0 0 0 1 5.1032
0 0 0 0 1 5.0193
0 0 0 0 1 4.9995
0 0 0 0 1 4.99137
0 0 0 0 1 4.93353
0 0 0 0 1 4.92528
0 0 0 0 1 4.8875
0 0 0 0 1 4.82407
0 0 0 0 1 4.83027
0 0 0 0 1 4.84389
0 0 0 0 1 4.79774
0 0 0 0 1 4.85888
0 0 0 0 1 4.91074
0 0 0 0 1 4.83504
0 0 0 0 1 4.88711
0 0 0 0 1 4.8659
0 0 0 0 1 4.8938
0 0 0 0 1 4.89109
0 0 0 0 1 4.94897
0 0 0 0 0 4.98238
0 0 0 0 1 4.94489
0 0 0 0 0 5.05357
0 0 0 0 1 4.99713
0 0 0 0 1 5.06135
0 0 0 0 1 5.05003
0 0 0 0 1 5.03351
0 0 0 0 0 5.11378
0 0 0 0 0 5.09729
0 0 0 0 1 5.15126
0 0 0 0 1 5.1966
0 0 0 0 0 5.13356
0 0 0 0 1 5.16349
0 0 0 0 0 5.26139
0 0 0 0 1 5.28147
0 0 0 0 0 5.20181
0 0 0 0 0 5.28499
0 0 0 0 1 5.34908
0 0 0 0 1 5.32699
0 0 0 0 1 5.35275
0 0 0 0 1 5.33038
0 0 0 0 1 5.41543
0 0 0 0 1 5.36201
0 0 0 0 1 5.42605
0 0 0 0 0 5.46325
0 0 0 0 1 5.42951
0 0 0 0 0 5.55638
0 0 0 0 1 5.46728
0 0 0 0 0 5.51752
0 0 0 0 1 5.60002
0 0 0 0 1 5.57833
0 0 0 0 0 5.57165
0 0 0 0 1 5.63411
0 0 0 0 1 5.69545
0 0 0 0 0 5.65049
0 0 0 0 1 5.77519
0 0 0 0 1 5.70118
0 0 0 0 0 5.82862
0 0 0 0 1 5.75959
0 0 0 0 1 5.87496
0 0 0 0 1 5.82869
0 0 0 0 1 5.87017
0 0 0 0 1 5.98297
0 0 0 0 1 5.91812
0 0 0 0 1 5.96013
0 0 0 0 1 5.97831
0 0 0 0 1 5.9844
0 0 0 0 1 6.03288
0 0 0 0 1 6.08776
0 0 0 0 1 6.12458
0 0 0 0 1 6.23105
0 0 0 0 1 9.52856
0 0 0 0 1 9.38652
0 0 0 0 1 9.54459
0 0 0 0 0 9.33424
0 0 0 0 1 9.40069
0 0 0 0 0 9.2951
0 0 0 0 1 9.39521
0 0 0 0 1 9.33351
0 0 0 0 1 9.20449
0 0 0 0 1 9.2577
0 0 0 0 0 9.29214
0 0 0 0 1 9.13376
0 0 0 0 1 9.05866
0 0 0 0 1 9.08425
0 0 0 0 1 9.05518
0 0 0 0 1 9.09872
0 0 0 0 1 9.04271
0 0 0 0 1 8.99276
0 0 0 0 1 9.04509
0 0 0 0 1 8.97753
0 0 0 0 0 8.90472
0 0 0 0 1 8.88574
0 0 0 0 0 8.80484
0 0 0 0 1 8.7775
0 0 0 0 0 8.76459
0 0 0 0 1 8.86943
0 0 0 0 1 8.74582
0 0 0 0 1 8.81723
0 0 0 0 1 8.65956
0 0 0 0 0 8.71684
0 0 0 0 0 8.62979
0 0 0 0 1 8.61768
0 0 0 0 1 8.60914
0 0 0 0 1 8.65746
0 0 0 0 1 8.57173
0 0 0 0 1 8.53437
0 0 0 0 1 8.56053
0 0 0 0 1 8.42984
0 0 0 0 0 8.45271
0 0 0 0 1 8.43315
0 0 0 0 0 8.42219
0 0 0 0 1 8.45352
0 0 0 0 1 8.43788
0 0 0 0 1 8.33484
0 0 0 0 1 8.32446
0 0 0 0 1 8.38103
0 0 0 0 1 8.37905
0 0 0 0 1 8.35591
0 0 0 0 1 8.32097
0 0 0 0 0 8.22004
0 0 0 0 1 8.28104
0 0 0 0 1 8.17246
0 0 0 0 1 8.31129
0 0 0 0 1 8.22791
0 0 0 0 1 8.16954
0 0 0 0 1 8.16875
0 0 0 0 0 8.1354
0 0 0 0 1 8.20815
0 0 0 0 1 8.20755
0 0 0 0 1 8.15028
0 0 0 0 1 8.06906
0 0 0 0 1 7.99634
0 0 0 0 1 8.07717
0 0 0 0 0 8.12155
0 0 0 0 1 8.08154
0 0 0 0 1 8.06585
0 0 0 0 1 8.01031
0 0 0 0 1 8.03497
0 0 0 0 1 7.96774
0 0 0 0 0 7.94484
0 0 0 0 1 7.95392
0 0 0 0 1 7.9155
0 0 0 0 0 7.92484
0 0 0 0 1 7.96156
0 0 0 0 1 7.81316
0 0 0 0 1 7.83087
0 0 0 0 1 7.81271
0 0 0 0 1 7.93612
0 0 0 0 1 7.7656
0 0 0 0 1 7.83855
0 0 0 0 1 7.76286
0 0 0 0 1 7.81566
0 0 0 0 1 7.83401
0 0 0 0 0 7.81353
0 0 0 0 1 7.71863
0 0 0 0 1 7.73745
0 0 0 0 1 7.70512
