0 0 0 0 1 5.58063
0 0 0 0 1 5.60645
0 0 0 0 1 5.5323
0 0 0 0 1 5.55523
0 0 0 0 1 5.61493
0 0 0 0 1 5.61904
0 0 0 0 1 5.63908
0 0 0 0 1 5.64339
0 0 0 0 1 5.64446
0 0 0 0 0 5.64897
0 0 0 0 1 5.61981
0 0 0 0 0 5.59065
0 0 0 0 1 5.68795
0 0 0 0 0 5.62504
0 0 0 0 0 5.70941
0 0 0 0 1 5.62585
0 0 0 0 0 5.71065
0 0 0 0 1 5.72749
0 0 0 0 1 5.68738
0 0 0 0 1 5.69114
0 0 0 0 0 5.70822
0 0 0 0 0 5.67957
0 0 0 0 1 5.69688
0 0 0 0 1 5.77771
0 0 0 0 0 5.79721
0 0 0 0 1 5.81508
0 0 0 0 1 5.76359
0 0 0 0 1 5.83967
0 0 0 0 1 5.7649
0 0 0 0 1 5.8881
0 0 0 0 1 5.88337
0 0 0 0 1 5.88025
0 0 0 0 1 5.89472
0 0 0 0 1 5.89602
0 0 0 0 1 5.92093
0 0 0 0 0 5.90473
0 0 0 0 0 5.91808
0 0 0 0 1 5.87229
0 0 0 0 1 5.98077
0 0 0 0 1 5.91123
0 0 0 0 1 5.92495
0 0 0 0 1 6.0285
0 0 0 0 0 5.93011
0 0 0 0 1 6.01014
0 0 0 0 1 5.98228
0 0 0 0 1 6.01465
0 0 0 0 1 5.99156
0 0 0 0 1 6.07885
0 0 0 0 0 6.11186
0 0 0 0 1 6.1207
0 0 0 0 1 6.11739
0 0 0 0 0 6.07122
0 0 0 0 0 6.13433
0 0 0 0 0 6.10758
0 0 0 0 1 6.23396
0 0 0 0 0 6.20012
0 0 0 0 1 6.2654
0 0 0 0 1 6.2119
0 0 0 0 1 6.25893
0 0 0 0 1 6.24366
0 0 0 0 1 6.25251
0 0 0 0 1 6.28123
0 0 0 0 0 6.31644
0 0 0 0 0 6.3898
0 0 0 0 1 6.33035
0 0 0 0 0 6.39066
0 0 0 0 1 6.42022
0 0 0 0 0 6.39798
0 0 0 0 1 6.3764
0 0 0 0 1 6.41833
0 0 0 0 0 6.51297
0 0 0 0 1 6.43246
0 0 0 0 0 6.43671
0 0 0 0 1 6.54529
0 0 0 0 1 6.52372
0 0 0 0 1 6.56693
0 0 0 0 0 6.57094
0 0 0 0 1 6.62842
0 0 0 0 0 6.6459
0 0 0 0 1 6.67679
0 0 0 0 1 6.62111
0 0 0 0 1 6.75308
0 0 0 0 1 6.67099
0 0 0 0 1 6.80331
0 0 0 0 1 6.74726
0 0 0 0 1 6.79934
0 0 0 0 1 6.76321
0 0 0 0 1 6.80881
0 0 0 0 1 6.79981
0 0 0 0 1 6.9422
0 0 0 0 1 6.95426
0 0 0 0 1 6.946
0 0 0 0 1 6.89543
0 0 0 0 1 6.99109
0 0 0 0 1 6.97523
0 0 0 0 0 7.07882
0 0 0 0 1 7.00604
0 0 0 0 0 7.15304
0 0 0 0 1 7.16573
0 0 0 0 1 7.08549
0 0 0 0 1 7.21987
0 0 0 0 1 7.23992
0 0 0 0 1 7.24517
0 0 0 0 1 7.30889
0 0 0 0 1 7.32156
0 0 0 0 0 7.35659
0 0 0 0 1 7.43558
0 0 0 0 1 7.30903
0 0 0 0 1 7.44008
0 0 0 0 1 7.46041
0 0 0 0 1 7.42882
0 0 0 0 1 7.44146
0 0 0 0 1 7.61265
0 0 0 0 1 7.57282
0 0 0 0 0 7.55579
0 0 0 0 0 7.66808
0 0 0 0 1 7.66592
0 0 0 0 1 7.71762
0 0 0 0 1 7.70753
0 0 0 0 1 7.77513
0 0 0 0 1 7.88276
0 0 0 0 1 7.83343
0 0 0 0 0 7.83821
0 0 0 0 1 7.99431
0 0 0 0 1 7.91958
0 0 0 0 1 8.06117
0 0 0 0 0 8.0264
0 0 0 0 1 8.08834
0 0 0 0 1 8.0686
0 0 0 0 1 8.12269
0 0 0 0 0 8.20939
0 0 0 0 1 8.19736
0 0 0 0 1 8.25213
0 0 0 0 1 8.37344
0 0 0 0 1 8.38641
0 0 0 0 0 8.5345
0 0 0 0 1 8.57332
0 0 0 0 1 8.46682
0 0 0 0 1 8.55732
0 0 0 0 1 8.6736
0 0 0 0 1 8.70318
0 0 0 0 1 8.70721
0 0 0 0 1 8.78042
0 0 0 0 1 8.80266
0 0 0 0 1 8.8764
0 0 0 0 1 8.91476
0 0 0 0 1 8.9801
0 0 0 0 0 9.14544
0 0 0 0 0 9.14911
0 0 0 0 1 9.11473
0 0 0 0 0 9.18087
0 0 0 0 1 9.1916
0 0 0 0 1 9.39916
0 0 0 0 1 9.43744
0 0 0 0 0 9.40104
0 0 0 0 1 9.55278
0 0 0 0 1 9.66756
0 0 0 0 1 9.73614
0 0 0 0 1 9.74545
0 0 0 0 0 9.76394
0 0 0 0 0 9.80164
0 0 0 0 1 9.96948
0 0 0 0 1 10.0262
0 0 0 0 1 9.97375
0 0 0 0 0 10.0397
0 0 0 0 1 10.1787
0 0 0 0 1 10.3276
0 0 0 0 1 10.281
0 0 0 0 0 10.3181
0 0 0 0 1 10.563
0 0 0 0 1 10.6836
0 0 0 0 0 10.6752
0 0 0 0 1 10.6783
0 0 0 0 1 10.7541
0 0 0 0 0 9.25006
0 0 0 0 1 9.33746
0 0 0 0 1 9.35524
0 0 0 0 1 9.27581
0 0 0 0 1 9.14625
0 0 0 0 1 9.23342
0 0 0 0 1 9.26069
0 0 0 0 0 9.21918
0 0 0 0 1 9.22822
0 0 0 0 1 9.16894
0 0 0 0 1 9.08723
0 0 0 0 1 9.14672
0 0 0 0 1 9.06557
0 0 0 0 1 9.02098
0 0 0 0 1 9.07153
0 0 0 0 1 9.00929
0 0 0 0 1 9.00601
0 0 0 0 1 8.98018
0 0 0 0 1 8.91876
0 0 0 0 1 8.83979
0 0 0 0 1 8.82847
0 0 0 0 0 8.80354
0 0 0 0 1 8.82318
0 0 0 0 1 8.88715
0 0 0 0 1 8.93329
0 0 0 0 0 8.8607
0 0 0 0 1 8.81883
0 0 0 0 1 8.76842
0 0 0 0 0 8.69194
0 0 0 0 0 8.79112
0 0 0 0 1 8.80257
0 0 0 0 1 8.67946
0 0 0 0 1 8.80463
0 0 0 0 1 8.6684
0 0 0 0 1 8.76734
0 0 0 0 1 8.60583
0 0 0 0 1 8.58352
0 0 0 0 1 8.596
0 0 0 0 1 8.62583
0 0 0 0 1 8.60396
0 0 0 0 0 8.66837
0 0 0 0 1 8.64676
0 0 0 0 1 8.51376
0 0 0 0 1 8.58697
0 0 0 0 1 8.53173
0 0 0 0 0 8.59642
0 0 0 0 0 8.6129
0 0 0 0 1 8.54116
0 0 0 0 1 8.60128
0 0 0 0 1 8.63034
0 0 0 0 1 8.78037
0 0 0 0 1 8.97672
0 0 0 0 0 9.08418
0 0 0 0 1 9.30221
0 0 0 0 1 9.3257
0 0 0 0 0 9.59347
0 0 0 0 1 9.75849
0 0 0 0 1 9.75672
0 0 0 0 0 9.93974
0 0 0 0 1 10.1638
0 0 0 0 1 10.338
0 0 0 0 1 10.5634
0 0 0 0 0 10.8127
0 0 0 0 1 10.8652
0 0 0 0 1 11.2355
0 0 0 0 1 11.2471
0 0 0 0 1 11.701
0 0 0 0 1 11.7487
0 0 0 0 0 11.9698
0 0 0 0 0 12.3456
0 0 0 0 1 12.4599
0 0 0 0 1 12.8347
0 0 0 0 0 22.5691
0 0 0 0 1 22.6412
0 0 0 0 1 22.6437
0 0 0 0 0 22.8978
0 0 0 0 1 22.4723
0 0 0 0 1 22.41
0 0 0 0 1 22.5066
0 0 0 0 0 22.739
0 0 0 0 1 22.6553
0 0 0 0 1 22.4367
0 0 0 0 0 22.4895
0 0 0 0 1 22.4073
0 0 0 0 0 22.7101
0 0 0 0 1 22.336
0 0 0 0 1 22.3004
0 0 0 0 1 22.58
0 0 0 0 0 22.6799
0 0 0 0 1 22.241
0 0 0 0 1 23.13
0 0 0 0 1 23.979
0 0 0 0 1 24.9925
0 0 0 0 0 26.3433
0 0 0 0 1 36.5633
0 0 0 0 1 36.0386
0 0 0 0 1 36.3156
0 0 0 0 1 36.302
0 0 0 0 1 36.247
0 0 0 0 0 38.2951
0 0 0 0 1 51.8584
0 0 0 0 0 52.2073
0 0 0 0 1 52.4536
0 0 0 0 1 51.7636
0 0 0 0 0 52.2192
0 0 0 0 1 56.2724
0 0 0 0 1 66.0517
0 0 0 0 0 69.5246
0 0 0 0 1 82.0554
0 0 0 0 0 4.98996
0 0 0 0 0 5.02002
0 0 0 0 0 5.00499
0 0 0 0 0 5.04006
0 0 0 0 0 4.96491
0 0 0 0 0 5.02503
0 0 0 0 0 4.9599
0 0 0 0 0 5.02002
0 0 0 0 0 4.9599
0 0 0 0 0 5.03505
0 0 0 0 0 5.05008
0 0 0 0 0 4.98996
0 0 0 0 1 88.2916
0 0 0 0 1 87.8627
0 0 0 0 1 75.5958
0 0 0 0 1 63.2644
0 0 0 0 1 60.7685
0 0 0 0 1 59.9322
0 0 0 0 1 60.0045
0 0 0 0 1 51.6223
0 0 0 0 0 47.6512
0 0 0 0 1 48.3835
0 0 0 0 1 39.0778
0 0 0 0 1 36.7462
0 0 0 0 1 35.7392
0 0 0 0 1 35.8228
0 0 0 0 1 35.6564
0 0 0 0 1 35.9556
0 0 0 0 1 27.8252
0 0 0 0 1 26.7231
0 0 0 0 0 25.5366
0 0 0 0 0 24.5407
0 0 0 0 1 24.38
0 0 0 0 0 24.8602
0 0 0 0 0 24.576
0 0 0 0 1 24.8111
0 0 0 0 0 24.5781
0 0 0 0 0 24.4686
0 0 0 0 1 24.5078
0 0 0 0 1 24.498
0 0 0 0 0 24.611
0 0 0 0 1 18.1817
0 0 0 0 1 17.5443
0 0 0 0 1 17.037
0 0 0 0 1 16.6441
0 0 0 0 1 16.3099
0 0 0 0 1 15.816
0 0 0 0 1 15.4699
0 0 0 0 1 15.2724
0 0 0 0 0 14.8015
0 0 0 0 0 14.5385
0 0 0 0 1 14.1836
0 0 0 0 1 13.762
0 0 0 0 1 14.0239
0 0 0 0 1 13.9526
0 0 0 0 1 14.0068
0 0 0 0 1 13.8661
0 0 0 0 1 14.0206
0 0 0 0 0 13.8243
0 0 0 0 1 14.0751
0 0 0 0 1 13.8789
0 0 0 0 1 14.0351
0 0 0 0 0 13.937
0 0 0 0 1 13.9794
0 0 0 0 0 13.994
0 0 0 0 1 13.9268
0 0 0 0 1 13.9559
0 0 0 0 1 14.0839
0 0 0 0 1 14.2574
0 0 0 0 1 14.2735
0 0 0 0 0 14.1624
0 0 0 0 1 14.0257
0 0 0 0 1 14.2549
0 0 0 0 0 14.0901
0 0 0 0 1 14.3062
0 0 0 0 0 14.1984
0 0 0 0 1 14.2303
0 0 0 0 1 14.3939
0 0 0 0 1 14.1834
0 0 0 0 0 14.3908
0 0 0 0 0 14.4096
0 0 0 0 1 8.86123
0 0 0 0 1 8.7819
0 0 0 0 1 8.51267
0 0 0 0 0 8.52871
0 0 0 0 1 8.42452
0 0 0 0 1 8.29563
0 0 0 0 1 8.15232
0 0 0 0 1 8.13854
0 0 0 0 1 7.98826
0 0 0 0 0 7.83154
0 0 0 0 1 7.86548
0 0 0 0 1 7.67121
0 0 0 0 1 7.69496
0 0 0 0 1 7.48978
0 0 0 0 1 7.42944
0 0 0 0 1 7.37797
0 0 0 0 1 7.28767
0 0 0 0 0 7.20688
0 0 0 0 1 7.16221
0 0 0 0 0 7.06032
0 0 0 0 1 7.05045
0 0 0 0 1 6.97214
0 0 0 0 1 6.90572
0 0 0 0 1 6.84846
0 0 0 0 1 6.68983
0 0 0 0 1 6.6469
0 0 0 0 1 6.68328
0 0 0 0 1 6.63252
0 0 0 0 1 6.4906
0 0 0 0 0 6.41081
0 0 0 0 1 6.3929
0 0 0 0 1 6.32631
0 0 0 0 0 6.27261
0 0 0 0 0 6.25637
0 0 0 0 1 6.14702
0 0 0 0 0 6.05712
0 0 0 0 1 6.07108
0 0 0 0 1 6.05683
0 0 0 0 1 5.93782
0 0 0 0 1 5.87616
0 0 0 0 1 5.86487
0 0 0 0 1 5.79771
0 0 0 0 1 5.75991
0 0 0 0 1 5.78526
0 0 0 0 1 5.68136
0 0 0 0 1 5.65487
0 0 0 0 0 5.62822
0 0 0 0 1 5.54892
0 0 0 0 1 5.47276
0 0 0 0 1 5.51778
0 0 0 0 1 5.44194
0 0 0 0 0 5.42387
0 0 0 0 1 5.31978
0 0 0 0 1 5.37875
0 0 0 0 1 5.32326
0 0 0 0 1 5.23865
0 0 0 0 1 5.21015
0 0 0 0 1 5.20757
0 0 0 0 1 5.16864
0 0 0 0 1 5.07873
0 0 0 0 0 5.0474
0 0 0 0 1 4.99914
0 0 0 0 0 4.98445
0 0 0 0 0 4.97144
0 0 0 0 1 4.95332
0 0 0 0 1 4.95477
0 0 0 0 1 4.93145
0 0 0 0 0 4.86779
0 0 0 0 1 4.79166
0 0 0 0 1 4.77648
0 0 0 0 0 4.79774
0 0 0 0 1 4.7959
0 0 0 0 1 4.89129
0 0 0 0 1 4.82529
0 0 0 0 1 4.85776
0 0 0 0 1 4.95919
0 0 0 0 1 4.91844
0 0 0 0 0 4.91085
0 0 0 0 0 4.9341
0 0 0 0 1 4.98238
0 0 0 0 1 4.9399
0 0 0 0 1 4.98345
0 0 0 0 1 5.06751
0 0 0 0 1 5.03107
0 0 0 0 1 5.01964
0 0 0 0 1 5.07418
0 0 0 0 1 5.12399
0 0 0 0 1 5.08705
0 0 0 0 0 5.11018
0 0 0 0 1 5.12958
0 0 0 0 1 5.19048
0 0 0 0 1 5.21544
0 0 0 0 1 5.16753
0 0 0 0 1 5.25006
0 0 0 0 1 5.29113
0 0 0 0 1 5.24807
0 0 0 0 0 5.33318
0 0 0 0 1 5.37489
0 0 0 0 1 5.36878
0 0 0 0 1 5.36792
0 0 0 0 0 5.42081
0 0 0 0 1 5.44317
0 0 0 0 1 5.48037
0 0 0 0 1 5.43599
0 0 0 0 1 5.44593
0 0 0 0 1 5.51237
0 0 0 0 1 5.50042
0 0 0 0 1 5.57303
0 0 0 0 0 5.53316
0 0 0 0 1 5.55033
0 0 0 0 0 5.61663
0 0 0 0 1 5.62846
0 0 0 0 1 5.66709
0 0 0 0 1 5.70751
0 0 0 0 1 5.77519
0 0 0 0 1 5.7357
0 0 0 0 0 5.75923
0 0 0 0 0 5.85258
0 0 0 0 1 5.86913
0 0 0 0 0 5.86974
0 0 0 0 1 5.90553
0 0 0 0 0 5.9652
0 0 0 0 0 6.00742
0 0 0 0 1 6.02595
0 0 0 0 1 5.99034
0 0 0 0 1 5.99649
0 0 0 0 1 6.10579
0 0 0 0 1 6.1244
0 0 0 0 0 6.18595
0 0 0 0 0 6.23105
0 0 0 0 1 9.48096
0 0 0 0 0 9.50978
0 0 0 0 1 9.47844
0 0 0 0 1 9.44726
0 0 0 0 1 9.43822
0 0 0 0 1 9.2951
0 0 0 0 1 9.38589
0 0 0 0 1 9.33351
0 0 0 0 1 9.24153
0 0 0 0 1 9.17463
0 0 0 0 1 9.20934
0 0 0 0 0 9.19795
0 0 0 0 1 9.20491
0 0 0 0 0 9.16626
0 0 0 0 1 8.9916
0 0 0 0 1 8.97197
0 0 0 0 1 8.97954
0 0 0 0 0 8.95675
0 0 0 0 1 9.00022
0 0 0 0 1 8.87012
0 0 0 0 1 8.87795
0 0 0 0 1 8.90353
0 0 0 0 1 8.92011
0 0 0 0 1 8.78634
0 0 0 0 1 8.85276
0 0 0 0 0 8.86943
0 0 0 0 1 8.71953
0 0 0 0 1 8.73851
0 0 0 0 1 8.69445
0 0 0 0 1 8.78643
0 0 0 0 0 8.74255
0 0 0 0 1 8.66959
0 0 0 0 0 8.57463
0 0 0 0 1 8.65746
0 0 0 0 1 8.65753
0 0 0 0 1 8.59429
0 0 0 0 1 8.60321
0 0 0 0 1 8.4639
0 0 0 0 0 8.46121
0 0 0 0 1 8.50096
0 0 0 0 1 8.37991
0 0 0 0 1 8.38603
0 0 0 0 1 8.42105
0 0 0 0 1 8.34324
0 0 0 0 1 8.32446
0 0 0 0 1 8.33925
0 0 0 0 1 8.38739
0 0 0 0 1 8.23951
0 0 0 0 1 8.37075
0 0 0 0 0 8.34421
0 0 0 0 1 8.20666
0 0 0 0 1 8.26317
0 0 0 0 1 8.30306
0 0 0 0 1 8.13758
0 0 0 0 1 8.16135
0 0 0 0 1 8.19328
0 0 0 0 1 8.15172
0 0 0 0 1 8.20815
0 0 0 0 1 8.13441
0 0 0 0 1 8.06107
0 0 0 0 1 8.1338
0 0 0 0 1 8.06096
0 0 0 0 1 8.05299
0 0 0 0 1 7.97667
0 0 0 0 1 8.06548
0 0 0 0 0 8.00171
0 0 0 0 1 8.07433
0 0 0 0 1 7.90718
0 0 0 0 1 8.00762
0 0 0 0 1 7.94484
0 0 0 0 0 7.89035
0 0 0 0 1 7.99481
0 0 0 0 0 7.93276
0 0 0 0 0 7.83506
0 0 0 0 1 7.94733
0 0 0 0 1 7.87026
0 0 0 0 1 7.90713
0 0 0 0 1 7.83397
0 0 0 0 1 7.89111
0 0 0 0 1 7.75241
0 0 0 0 1 7.74722
0 0 0 0 1 7.8625
0 0 0 0 1 7.74047
0 0 0 0 1 7.86022
0 0 0 0 0 7.79636
0 0 0 0 1 7.75297
0 0 0 0 1 7.68961
