0 0 0 0 1 5.54179
0 0 0 0 1 5.512
0 0 0 0 1 5.60466
0 0 0 0 1 5.54409
0 0 0 0 1 5.53679
0 0 0 0 1 5.60786
0 0 0 0 1 5.59992
0 0 0 0 0 5.64339
0 0 0 0 1 5.59396
0 0 0 0 1 5.6321
0 0 0 0 1 5.61418
0 0 0 0 1 5.65271
0 0 0 0 1 5.69924
0 0 0 0 1 5.66465
0 0 0 0 1 5.64704
0 0 0 0 1 5.69398
0 0 0 0 0 5.70496
0 0 0 0 1 5.68759
0 0 0 0 1 5.65312
0 0 0 0 0 5.75399
0 0 0 0 1 5.73112
0 0 0 0 1 5.77136
0 0 0 0 1 5.77161
0 0 0 0 0 5.79499
0 0 0 0 1 5.80298
0 0 0 0 1 5.78618
0 0 0 0 0 5.80993
0 0 0 0 1 5.82806
0 0 0 0 1 5.78236
0 0 0 0 0 5.81814
0 0 0 0 1 5.83663
0 0 0 0 1 5.88025
0 0 0 0 1 5.9123
0 0 0 0 1 5.86666
0 0 0 0 1 5.87973
0 0 0 0 1 5.89293
0 0 0 0 1 5.90034
0 0 0 0 1 5.98488
0 0 0 0 1 5.92138
0 0 0 0 1 5.98266
0 0 0 0 1 6.02042
0 0 0 0 1 6.02252
0 0 0 0 1 5.9361
0 0 0 0 1 5.97412
0 0 0 0 1 6.01237
0 0 0 0 1 6.00259
0 0 0 0 1 6.07024
0 0 0 0 1 6.12738
0 0 0 0 1 6.11794
0 0 0 0 1 6.1207
0 0 0 0 1 6.06239
0 0 0 0 1 6.1141
0 0 0 0 1 6.13433
0 0 0 0 1 6.16299
0 0 0 0 1 6.2031
0 0 0 0 1 6.24962
0 0 0 0 0 6.21577
0 0 0 0 1 6.18078
0 0 0 0 1 6.25269
0 0 0 0 1 6.19361
0 0 0 0 1 6.32784
0 0 0 0 0 6.30012
0 0 0 0 1 6.27858
0 0 0 0 0 6.33918
0 0 0 0 1 6.34938
0 0 0 0 1 6.35246
0 0 0 0 1 6.43298
0 0 0 0 1 6.34035
0 0 0 0 1 6.48556
0 0 0 0 1 6.39255
0 0 0 0 0 6.48067
0 0 0 0 1 6.51027
0 0 0 0 0 6.44321
0 0 0 0 0 6.53226
0 0 0 0 1 6.58255
0 0 0 0 1 6.52101
0 0 0 0 1 6.52485
0 0 0 0 1 6.66803
0 0 0 0 1 6.59289
0 0 0 0 1 6.65684
0 0 0 0 1 6.7012
0 0 0 0 1 6.68615
0 0 0 0 1 6.68441
0 0 0 0 0 6.69553
0 0 0 0 1 6.69994
0 0 0 0 1 6.81969
0 0 0 0 1 6.7564
0 0 0 0 1 6.89084
0 0 0 0 1 6.93018
0 0 0 0 0 6.93531
0 0 0 0 1 6.92661
0 0 0 0 1 6.99452
0 0 0 0 1 6.94414
0 0 0 0 1 6.95617
0 0 0 0 1 6.9542
0 0 0 0 0 7.06474
0 0 0 0 1 7.03432
0 0 0 0 1 7.15304
0 0 0 0 1 7.08025
0 0 0 0 0 7.08549
0 0 0 0 1 7.19834
0 0 0 0 1 7.13186
0 0 0 0 1 7.29584
0 0 0 0 1 7.2435
0 0 0 0 1 7.35076
0 0 0 0 1 7.40055
0 0 0 0 1 7.39141
0 0 0 0 1 7.45669
0 0 0 0 1 7.41041
0 0 0 0 1 7.40079
0 0 0 0 1 7.45126
0 0 0 0 1 7.47905
0 0 0 0 1 7.62775
0 0 0 0 1 7.60317
0 0 0 0 1 7.60149
0 0 0 0 1 7.69104
0 0 0 0 1 7.62747
0 0 0 0 0 7.8026
0 0 0 0 1 7.83948
0 0 0 0 1 7.86871
0 0 0 0 0 7.80448
0 0 0 0 1 7.82557
0 0 0 0 1 7.86985
0 0 0 0 1 7.97842
0 0 0 0 1 8.03946
0 0 0 0 1 8.10131
0 0 0 0 1 8.0264
0 0 0 0 0 8.18559
0 0 0 0 1 8.17455
0 0 0 0 1 8.20458
0 0 0 0 1 8.27526
0 0 0 0 1 8.23876
0 0 0 0 1 8.27709
0 0 0 0 1 8.28979
0 0 0 0 1 8.44529
0 0 0 0 1 8.51758
0 0 0 0 0 8.5478
0 0 0 0 0 8.52668
0 0 0 0 1 8.5745
0 0 0 0 1 8.6736
0 0 0 0 1 8.65101
0 0 0 0 1 8.65476
0 0 0 0 1 8.8332
0 0 0 0 1 8.90872
0 0 0 0 1 8.85861
0 0 0 0 1 8.91476
0 0 0 0 1 8.98911
0 0 0 0 1 9.00948
0 0 0 0 1 9.17644
0 0 0 0 1 9.11473
0 0 0 0 1 9.14397
0 0 0 0 1 9.34016
0 0 0 0 1 9.39916
0 0 0 0 0 9.31524
0 0 0 0 1 9.53345
0 0 0 0 1 9.59088
0 0 0 0 1 9.53329
0 0 0 0 0 9.65895
0 0 0 0 0 9.79404
0 0 0 0 1 9.75416
0 0 0 0 1 9.91
0 0 0 0 0 9.86047
0 0 0 0 0 10.0362
0 0 0 0 0 10.1447
0 0 0 0 1 10.0397
0 0 0 0 1 10.1175
0 0 0 0 1 10.2351
0 0 0 0 0 10.2603
0 0 0 0 1 10.5161
0 0 0 0 1 10.5525
0 0 0 0 1 10.6201
0 0 0 0 1 10.7285
0 0 0 0 1 10.8287
0 0 0 0 1 10.7324
0 0 0 0 1 9.29659
0 0 0 0 0 9.33746
0 0 0 0 1 9.16999
0 0 0 0 1 9.29429
0 0 0 0 1 9.22923
0 0 0 0 1 9.20583
0 0 0 0 1 9.14137
0 0 0 0 1 9.08185
0 0 0 0 0 9.14599
0 0 0 0 0 9.04134
0 0 0 0 1 9.01446
0 0 0 0 1 9.11042
0 0 0 0 0 8.97501
0 0 0 0 1 9.04809
0 0 0 0 0 9.08957
0 0 0 0 0 9.08129
0 0 0 0 1 9.05988
0 0 0 0 1 8.94434
0 0 0 0 1 8.89192
0 0 0 0 1 8.87551
0 0 0 0 1 8.87301
0 0 0 0 1 8.94582
0 0 0 0 1 8.91195
0 0 0 0 1 8.87829
0 0 0 0 1 8.85369
0 0 0 0 1 8.90483
0 0 0 0 0 8.82764
0 0 0 0 1 8.75962
0 0 0 0 1 8.81485
0 0 0 0 1 8.85247
0 0 0 0 1 8.67132
0 0 0 0 1 8.72312
0 0 0 0 0 8.76104
0 0 0 0 1 8.63359
0 0 0 0 1 8.61094
0 0 0 0 1 8.60583
0 0 0 0 1 8.71345
0 0 0 0 1 8.65654
0 0 0 0 1 8.56539
0 0 0 0 1 8.69018
0 0 0 0 1 8.5909
0 0 0 0 1 8.54361
0 0 0 0 0 8.52235
0 0 0 0 0 8.58697
0 0 0 0 0 8.47183
0 0 0 0 1 8.5537
0 0 0 0 1 8.49339
0 0 0 0 1 8.43887
0 0 0 0 1 8.58413
0 0 0 0 1 8.70864
0 0 0 0 1 8.79802
0 0 0 0 1 8.91401
0 0 0 0 0 9.02962
0 0 0 0 0 9.25602
0 0 0 0 0 9.37261
0 0 0 0 1 9.45996
0 0 0 0 1 9.59391
0 0 0 0 1 9.89456
0 0 0 0 1 10.0599
0 0 0 0 1 10.174
0 0 0 0 0 10.2551
0 0 0 0 0 10.4684
0 0 0 0 1 10.6409
0 0 0 0 1 10.9746
0 0 0 0 1 11.202
0 0 0 0 1 11.2926
0 0 0 0 0 11.5272
0 0 0 0 1 11.7605
0 0 0 0 1 11.9337
0 0 0 0 1 12.2348
0 0 0 0 1 12.5354
0 0 0 0 0 12.8733
0 0 0 0 1 22.9555
0 0 0 0 1 22.6185
0 0 0 0 1 22.621
0 0 0 0 1 22.8751
0 0 0 0 0 22.7894
0 0 0 0 1 22.5685
0 0 0 0 1 22.7328
0 0 0 0 1 22.5356
0 0 0 0 1 22.3843
0 0 0 0 1 22.6398
0 0 0 0 0 22.4444
0 0 0 0 1 22.7455
0 0 0 0 1 22.3947
0 0 0 0 1 22.336
0 0 0 0 1 22.5929
0 0 0 0 1 22.535
0 0 0 0 1 22.3203
0 0 0 0 1 22.3309
0 0 0 0 1 23.4084
0 0 0 0 1 24.2927
0 0 0 0 0 24.892
0 0 0 0 1 26.1861
0 0 0 0 1 36.3812
0 0 0 0 1 36.5118
0 0 0 0 0 36.5703
0 0 0 0 0 36.0838
0 0 0 0 1 36.2834
0 0 0 0 1 38.796
0 0 0 0 0 51.5981
0 0 0 0 0 51.9991
0 0 0 0 1 51.725
0 0 0 0 1 52.2318
0 0 0 0 1 52.5313
0 0 0 0 1 56.1032
0 0 0 0 1 65.397
0 0 0 0 1 70.0122
0 0 0 0 1 82.3009
0 0 0 0 0 4.97493
0 0 0 0 0 5.02002
0 0 0 0 0 5.04006
0 0 0 0 0 4.98996
0 0 0 0 0 5.02002
0 0 0 0 0 4.96491
0 0 0 0 0 4.97493
0 0 0 0 0 5.02503
0 0 0 0 0 5.01501
0 0 0 0 0 5.01501
0 0 0 0 0 4.9599
0 0 0 0 0 4.98996
0 0 0 0 1 87.3281
0 0 0 0 1 87.7751
0 0 0 0 0 75.8964
0 0 0 0 1 63.2006
0 0 0 0 1 60.2238
0 0 0 0 1 60.4771
0 0 0 0 1 60.1256
0 0 0 0 1 51.8802
0 0 0 0 1 47.6033
0 0 0 0 1 48.3355
0 0 0 0 1 39.6276
0 0 0 0 1 36.783
0 0 0 0 1 35.4182
0 0 0 0 1 35.8584
0 0 0 0 1 35.7278
0 0 0 0 1 35.8128
0 0 0 0 1 28.1621
0 0 0 0 1 26.6695
0 0 0 0 1 25.5879
0 0 0 0 1 24.4176
0 0 0 0 1 24.4539
0 0 0 0 1 24.5646
0 0 0 0 1 24.6746
0 0 0 0 1 24.6878
0 0 0 0 1 24.7261
0 0 0 0 1 24.8884
0 0 0 0 1 24.9031
0 0 0 0 1 24.9183
0 0 0 0 1 24.6852
0 0 0 0 1 18.0361
0 0 0 0 1 17.5797
0 0 0 0 1 17.1402
0 0 0 0 0 16.6441
0 0 0 0 0 16.4402
0 0 0 0 1 15.7207
0 0 0 0 1 15.5009
0 0 0 0 1 15.0758
0 0 0 0 0 14.7277
0 0 0 0 1 14.5385
0 0 0 0 1 14.1554
0 0 0 0 1 13.8592
0 0 0 0 0 13.9961
0 0 0 0 1 13.9387
0 0 0 0 0 13.8675
0 0 0 0 1 14.0334
0 0 0 0 0 13.9648
0 0 0 0 1 13.9779
0 0 0 0 1 13.9912
0 0 0 0 1 13.9629
0 0 0 0 1 13.881
0 0 0 0 1 14.1474
0 0 0 0 1 14.0636
0 0 0 0 0 13.9097
0 0 0 0 1 14.1378
0 0 0 0 0 14.1671
0 0 0 0 1 14.0416
0 0 0 0 1 14.088
0 0 0 0 1 14.0756
0 0 0 0 1 14.2614
0 0 0 0 1 14.0399
0 0 0 0 1 14.1415
0 0 0 0 1 14.3457
0 0 0 0 1 14.3631
0 0 0 0 1 14.3835
0 0 0 0 1 14.159
0 0 0 0 1 14.194
0 0 0 0 0 14.3693
0 0 0 0 1 14.219
0 0 0 0 1 14.4239
0 0 0 0 1 8.90536
0 0 0 0 1 8.72092
0 0 0 0 1 8.65025
0 0 0 0 1 8.42677
0 0 0 0 1 8.41613
0 0 0 0 1 8.23762
0 0 0 0 1 8.27522
0 0 0 0 1 8.13854
0 0 0 0 1 8.07622
0 0 0 0 1 7.83154
0 0 0 0 1 7.86548
0 0 0 0 1 7.80254
0 0 0 0 1 7.5727
0 0 0 0 1 7.62582
0 0 0 0 1 7.41449
0 0 0 0 1 7.42977
0 0 0 0 1 7.2584
0 0 0 0 0 7.25034
0 0 0 0 1 7.15504
0 0 0 0 1 7.12418
0 0 0 0 1 6.98023
0 0 0 0 0 7.02781
0 0 0 0 1 6.91949
0 0 0 0 1 6.84164
0 0 0 0 1 6.73713
0 0 0 0 0 6.74061
0 0 0 0 1 6.63687
0 0 0 0 1 6.58656
0 0 0 0 1 6.46459
0 0 0 0 1 6.5011
0 0 0 0 1 6.41845
0 0 0 0 1 6.27565
0 0 0 0 1 6.22865
0 0 0 0 1 6.16921
0 0 0 0 1 6.10999
0 0 0 0 1 6.14277
0 0 0 0 1 6.11353
0 0 0 0 1 6.02673
0 0 0 0 1 5.91991
0 0 0 0 1 5.91762
0 0 0 0 1 5.82965
0 0 0 0 0 5.86763
0 0 0 0 1 5.74835
0 0 0 0 1 5.77952
0 0 0 0 1 5.63018
0 0 0 0 0 5.64922
0 0 0 0 1 5.58342
0 0 0 0 0 5.61571
0 0 0 0 1 5.48381
0 0 0 0 1 5.42463
0 0 0 0 1 5.4202
0 0 0 0 1 5.34824
0 0 0 0 1 5.37883
0 0 0 0 0 5.28822
0 0 0 0 1 5.31797
0 0 0 0 1 5.29639
0 0 0 0 0 5.26752
0 0 0 0 0 5.22311
0 0 0 0 0 5.12746
0 0 0 0 1 5.15033
0 0 0 0 0 5.11842
0 0 0 0 0 5.08985
0 0 0 0 0 4.96439
0 0 0 0 1 4.94654
0 0 0 0 1 4.90879
0 0 0 0 1 4.87612
0 0 0 0 1 4.9168
0 0 0 0 1 4.88722
0 0 0 0 1 4.78201
0 0 0 0 1 4.77166
0 0 0 0 1 4.87496
0 0 0 0 1 4.80559
0 0 0 0 1 4.84753
0 0 0 0 1 4.83992
0 0 0 0 1 4.8969
0 0 0 0 1 4.89045
0 0 0 0 1 4.89873
0 0 0 0 1 4.93556
0 0 0 0 1 4.91922
0 0 0 0 1 4.94256
0 0 0 0 1 5.01974
0 0 0 0 1 5.04856
0 0 0 0 0 5.03232
0 0 0 0 1 5.0563
0 0 0 0 1 5.08042
0 0 0 0 1 5.0691
0 0 0 0 1 5.14441
0 0 0 0 1 5.16389
0 0 0 0 1 5.14099
0 0 0 0 1 5.16567
0 0 0 0 1 5.13356
0 0 0 0 1 5.24141
0 0 0 0 1 5.2301
0 0 0 0 1 5.21342
0 0 0 0 1 5.29639
0 0 0 0 1 5.29026
0 0 0 0 0 5.26956
0 0 0 0 0 5.34296
0 0 0 0 1 5.36344
0 0 0 0 1 5.39473
0 0 0 0 1 5.34545
0 0 0 0 0 5.44858
0 0 0 0 1 5.46407
0 0 0 0 1 5.41963
0 0 0 0 1 5.50067
0 0 0 0 1 5.52887
0 0 0 0 0 5.52803
0 0 0 0 1 5.50642
0 0 0 0 1 5.53873
0 0 0 0 1 5.65674
0 0 0 0 0 5.62787
0 0 0 0 1 5.69627
0 0 0 0 0 5.63305
0 0 0 0 1 5.71321
0 0 0 0 0 5.74085
0 0 0 0 1 5.78172
0 0 0 0 1 5.82862
0 0 0 0 1 5.80027
0 0 0 0 1 5.78745
0 0 0 0 1 5.86974
0 0 0 0 1 5.935
0 0 0 0 1 5.89411
0 0 0 0 1 5.9717
0 0 0 0 1 5.95414
0 0 0 0 1 5.97831
0 0 0 0 0 6.0388
0 0 0 0 1 6.09364
0 0 0 0 1 6.14272
0 0 0 0 1 6.0939
0 0 0 0 1 6.1199
0 0 0 0 1 9.42385
0 0 0 0 0 9.42445
0 0 0 0 1 9.39339
0 0 0 0 0 9.4661
0 0 0 0 1 9.29749
0 0 0 0 0 9.3325
0 0 0 0 1 9.31133
0 0 0 0 1 9.33351
0 0 0 0 1 9.17671
0 0 0 0 1 9.19309
0 0 0 0 1 9.25534
0 0 0 0 1 9.08791
0 0 0 0 0 9.04952
0 0 0 0 0 9.02958
0 0 0 0 1 9.03702
0 0 0 0 1 9.10777
0 0 0 0 1 9.00661
0 0 0 0 0 9.05577
0 0 0 0 1 9.05406
0 0 0 0 1 8.89697
0 0 0 0 1 8.93148
0 0 0 0 1 8.98359
0 0 0 0 1 8.79598
0 0 0 0 1 8.76866
0 0 0 0 1 8.87922
0 0 0 0 0 8.77274
0 0 0 0 0 8.7984
0 0 0 0 0 8.79099
0 0 0 0 1 8.74677
0 0 0 0 1 8.74293
0 0 0 0 1 8.75122
0 0 0 0 1 8.72151
0 0 0 0 1 8.58326
0 0 0 0 1 8.68328
0 0 0 0 1 8.63179
0 0 0 0 1 8.52581
0 0 0 0 1 8.47518
0 0 0 0 1 8.49796
0 0 0 0 1 8.42723
0 0 0 0 1 8.39925
0 0 0 0 1 8.42219
0 0 0 0 1 8.48727
0 0 0 0 1 8.4547
0 0 0 0 1 8.47753
0 0 0 0 0 8.4082
0 0 0 0 1 8.28076
0 0 0 0 1 8.30402
0 0 0 0 1 8.38917
0 0 0 0 0 8.27949
0 0 0 0 1 8.25315
0 0 0 0 0 8.33889
0 0 0 0 1 8.22194
0 0 0 0 1 8.20432
0 0 0 0 1 8.2936
0 0 0 0 1 8.20232
0 0 0 0 1 8.22599
0 0 0 0 1 8.20068
0 0 0 0 1 8.17558
0 0 0 0 1 8.0694
0 0 0 0 1 8.19083
0 0 0 0 1 8.1338
0 0 0 0 1 8.12557
0 0 0 0 1 8.0288
0 0 0 0 1 8.12155
0 0 0 0 1 8.09761
0 0 0 0 0 7.93757
0 0 0 0 1 7.92229
0 0 0 0 0 8.00303
0 0 0 0 1 7.9837
0 0 0 0 1 7.92892
0 0 0 0 0 7.93803
0 0 0 0 1 7.97102
0 0 0 0 1 7.89317
0 0 0 0 1 7.96156
0 0 0 0 1 7.82106
0 0 0 0 1 7.87026
0 0 0 0 1 7.92286
0 0 0 0 1 7.93612
0 0 0 0 1 7.90679
0 0 0 0 0 7.85421
0 0 0 0 1 7.89576
0 0 0 0 1 7.80004
0 0 0 0 1 7.74826
0 0 0 0 1 7.82909
0 0 0 0 1 7.81968
0 0 0 0 1 7.79954
0 0 0 0 1 7.70512
