0 0 0 0 1 5.49187
0 0 0 0 1 5.50088
0 0 0 0 1 5.61022
0 0 0 0 1 5.59981
0 0 0 0 0 5.5647
0 0 0 0 1 5.6414
0 0 0 0 1 5.53838
0 0 0 0 1 5.63218
0 0 0 0 1 5.65568
0 0 0 0 1 5.58714
0 0 0 0 1 5.65923
0 0 0 0 1 5.63579
0 0 0 0 1 5.60887
0 0 0 0 1 5.62504
0 0 0 0 1 5.64704
0 0 0 0 1 5.63153
0 0 0 0 1 5.7334
0 0 0 0 0 5.71609
0 0 0 0 0 5.65883
0 0 0 0 1 5.66828
0 0 0 0 1 5.6796
0 0 0 0 0 5.71399
0 0 0 0 1 5.73712
0 0 0 0 0 5.73162
0 0 0 0 0 5.81452
0 0 0 0 0 5.74572
0 0 0 0 1 5.74042
0 0 0 0 1 5.78162
0 0 0 0 1 5.77072
0 0 0 0 1 5.7715
0 0 0 0 1 5.84832
0 0 0 0 1 5.79248
0 0 0 0 1 5.90058
0 0 0 0 0 5.93125
0 0 0 0 1 5.91505
0 0 0 0 1 5.87524
0 0 0 0 1 5.87078
0 0 0 0 1 5.97895
0 0 0 0 1 5.89169
0 0 0 0 1 5.95885
0 0 0 0 1 5.93688
0 0 0 0 1 6.00457
0 0 0 0 0 6.00199
0 0 0 0 1 5.98012
0 0 0 0 1 5.98228
0 0 0 0 1 6.05085
0 0 0 0 1 6.07629
0 0 0 0 1 6.10311
0 0 0 0 1 6.02064
0 0 0 0 1 6.04754
0 0 0 0 1 6.0685
0 0 0 0 1 6.10185
0 0 0 0 0 6.1835
0 0 0 0 1 6.14452
0 0 0 0 1 6.23396
0 0 0 0 1 6.21868
0 0 0 0 1 6.16614
0 0 0 0 1 6.23057
0 0 0 0 1 6.22149
0 0 0 0 1 6.24366
0 0 0 0 0 6.2274
0 0 0 0 0 6.30641
0 0 0 0 1 6.2912
0 0 0 0 1 6.26959
0 0 0 0 1 6.40012
0 0 0 0 1 6.30791
0 0 0 0 0 6.39469
0 0 0 0 1 6.35315
0 0 0 0 1 6.41493
0 0 0 0 1 6.48277
0 0 0 0 1 6.40313
0 0 0 0 1 6.52973
0 0 0 0 0 6.54724
0 0 0 0 1 6.58441
0 0 0 0 1 6.59563
0 0 0 0 1 6.56693
0 0 0 0 1 6.54461
0 0 0 0 1 6.61522
0 0 0 0 1 6.63265
0 0 0 0 1 6.61029
0 0 0 0 1 6.7012
0 0 0 0 1 6.69953
0 0 0 0 1 6.69784
0 0 0 0 1 6.77636
0 0 0 0 1 6.75402
0 0 0 0 1 6.71791
0 0 0 0 1 6.74959
0 0 0 0 1 6.87717
0 0 0 0 0 6.91645
0 0 0 0 0 6.86644
0 0 0 0 0 6.92661
0 0 0 0 1 6.91134
0 0 0 0 1 7.00676
0 0 0 0 0 6.92125
0 0 0 0 1 7.07338
0 0 0 0 1 6.99438
0 0 0 0 1 7.14036
0 0 0 0 1 7.07498
0 0 0 0 1 7.13724
0 0 0 0 1 7.09264
0 0 0 0 1 7.23422
0 0 0 0 1 7.21831
0 0 0 0 1 7.27412
0 0 0 0 1 7.20717
0 0 0 0 0 7.28506
0 0 0 0 1 7.36391
0 0 0 0 0 7.34724
0 0 0 0 1 7.41977
0 0 0 0 0 7.41041
0 0 0 0 1 7.51258
0 0 0 0 1 7.47371
0 0 0 0 1 7.57676
0 0 0 0 1 7.6051
0 0 0 0 1 7.57282
0 0 0 0 1 7.56341
0 0 0 0 1 7.62982
0 0 0 0 0 7.72743
0 0 0 0 0 7.79488
0 0 0 0 1 7.83948
0 0 0 0 0 7.79073
0 0 0 0 1 7.79665
0 0 0 0 1 7.84916
0 0 0 0 0 7.85403
0 0 0 0 0 7.99431
0 0 0 0 1 8.03946
0 0 0 0 1 8.10131
0 0 0 0 1 7.98607
0 0 0 0 0 8.03971
0 0 0 0 1 8.22345
0 0 0 0 1 8.15545
0 0 0 0 1 8.31643
0 0 0 0 0 8.33812
0 0 0 0 0 8.39355
0 0 0 0 1 8.29816
0 0 0 0 1 8.36117
0 0 0 0 1 8.42454
0 0 0 0 1 8.57332
0 0 0 0 1 8.61221
0 0 0 0 0 8.66901
0 0 0 0 1 8.69087
0 0 0 0 1 8.68579
0 0 0 0 0 8.71595
0 0 0 0 1 8.76282
0 0 0 0 0 8.78499
0 0 0 0 0 8.96534
0 0 0 0 1 8.99531
0 0 0 0 1 8.9801
0 0 0 0 1 9.11825
0 0 0 0 1 9.13088
0 0 0 0 0 9.18808
0 0 0 0 1 9.31928
0 0 0 0 1 9.30302
0 0 0 0 1 9.37116
0 0 0 0 0 9.30584
0 0 0 0 1 9.46724
0 0 0 0 1 9.55278
0 0 0 0 1 9.51411
0 0 0 0 1 9.6879
0 0 0 0 1 9.62886
0 0 0 0 1 9.75416
0 0 0 0 1 9.86075
0 0 0 0 1 9.90011
0 0 0 0 1 9.97625
0 0 0 0 1 10.1547
0 0 0 0 0 10.1815
0 0 0 0 1 10.1583
0 0 0 0 0 10.307
0 0 0 0 1 10.2603
0 0 0 0 1 10.4015
0 0 0 0 1 10.4895
0 0 0 0 1 10.472
0 0 0 0 1 10.6325
0 0 0 0 1 10.7857
0 0 0 0 1 10.7974
0 0 0 0 1 9.33381
0 0 0 0 1 9.21679
0 0 0 0 1 9.16999
0 0 0 0 1 9.30353
0 0 0 0 0 9.19235
0 0 0 0 1 9.18743
0 0 0 0 0 9.15973
0 0 0 0 1 9.06354
0 0 0 0 1 9.15513
0 0 0 0 1 9.03222
0 0 0 0 0 9.05085
0 0 0 0 1 9.03783
0 0 0 0 1 9.07463
0 0 0 0 1 9.07521
0 0 0 0 1 9.08055
0 0 0 0 1 8.93729
0 0 0 0 1 8.99703
0 0 0 0 1 8.87264
0 0 0 0 1 8.98138
0 0 0 0 1 8.97373
0 0 0 0 1 8.92646
0 0 0 0 1 8.93693
0 0 0 0 1 8.83206
0 0 0 0 1 8.93145
0 0 0 0 1 8.86253
0 0 0 0 1 8.74597
0 0 0 0 1 8.82764
0 0 0 0 0 8.786
0 0 0 0 1 8.84997
0 0 0 0 1 8.84371
0 0 0 0 1 8.80257
0 0 0 0 1 8.76678
0 0 0 0 0 8.78719
0 0 0 0 1 8.76414
0 0 0 0 1 8.60225
0 0 0 0 1 8.59715
0 0 0 0 1 8.70479
0 0 0 0 1 8.67383
0 0 0 0 1 8.70354
0 0 0 0 1 8.66431
0 0 0 0 1 8.64254
0 0 0 0 1 8.54361
0 0 0 0 1 8.65967
0 0 0 0 1 8.62125
0 0 0 0 0 8.62587
0 0 0 0 1 8.57933
0 0 0 0 1 8.57021
0 0 0 0 1 8.59231
0 0 0 0 1 8.62701
0 0 0 0 1 8.72604
0 0 0 0 1 8.80685
0 0 0 0 0 9.01255
0 0 0 0 1 9.12056
0 0 0 0 0 9.16364
0 0 0 0 0 9.29755
0 0 0 0 0 9.62208
0 0 0 0 1 9.75849
0 0 0 0 0 9.78626
0 0 0 0 1 10.0799
0 0 0 0 1 10.2656
0 0 0 0 1 10.4416
0 0 0 0 0 10.479
0 0 0 0 1 10.7804
0 0 0 0 1 10.9199
0 0 0 0 1 11.1128
0 0 0 0 0 11.3835
0 0 0 0 1 11.5736
0 0 0 0 1 11.8432
0 0 0 0 1 12.1145
0 0 0 0 0 12.2102
0 0 0 0 1 12.636
0 0 0 0 0 12.8604
0 0 0 0 1 22.5009
0 0 0 0 1 22.8456
0 0 0 0 0 22.4848
0 0 0 0 1 22.7164
0 0 0 0 1 22.6762
0 0 0 0 0 22.7722
0 0 0 0 1 22.8006
0 0 0 0 0 22.5582
0 0 0 0 0 22.6779
0 0 0 0 1 22.6398
0 0 0 0 0 22.3541
0 0 0 0 0 22.5651
0 0 0 0 1 22.4398
0 0 0 0 1 22.5387
0 0 0 0 1 22.6604
0 0 0 0 1 22.6025
0 0 0 0 1 22.3428
0 0 0 0 1 22.5555
0 0 0 0 0 23.362
0 0 0 0 1 24.2685
0 0 0 0 1 25.2688
0 0 0 0 1 25.9502
0 0 0 0 1 36.4904
0 0 0 0 1 36.5482
0 0 0 0 0 36.7158
0 0 0 0 1 36.7385
0 0 0 0 1 36.1378
0 0 0 0 1 38.9116
0 0 0 0 1 52.0146
0 0 0 0 1 52.1032
0 0 0 0 0 51.725
0 0 0 0 1 52.0757
0 0 0 0 1 52.3753
0 0 0 0 0 55.9341
0 0 0 0 1 65.8553
0 0 0 0 1 69.5942
0 0 0 0 1 80.9919
0 0 0 0 0 5.03505
0 0 0 0 0 5.05008
0 0 0 0 0 5.04006
0 0 0 0 0 4.96992
0 0 0 0 0 4.9599
0 0 0 0 0 4.98996
0 0 0 0 0 5.01501
0 0 0 0 0 4.97493
0 0 0 0 0 5.05008
0 0 0 0 0 4.99998
0 0 0 0 0 5.02503
0 0 0 0 0 5.04507
0 0 0 0 1 87.766
0 0 0 0 0 86.7239
0 0 0 0 1 74.694
0 0 0 0 1 64.0305
0 0 0 0 1 60.3448
0 0 0 0 1 61.0824
0 0 0 0 0 59.944
0 0 0 0 1 51.8802
0 0 0 0 1 48.3231
0 0 0 0 1 48.3835
0 0 0 0 0 39.2349
0 0 0 0 1 37.0039
0 0 0 0 1 35.3825
0 0 0 0 0 35.3589
0 0 0 0 1 35.3709
0 0 0 0 0 36.0628
0 0 0 0 1 27.8532
0 0 0 0 0 26.9375
0 0 0 0 1 25.793
0 0 0 0 0 24.3684
0 0 0 0 1 24.577
0 0 0 0 1 24.7863
0 0 0 0 1 24.4774
0 0 0 0 1 24.6385
0 0 0 0 1 24.6521
0 0 0 0 1 24.6662
0 0 0 0 1 24.8043
0 0 0 0 1 24.943
0 0 0 0 1 24.8088
0 0 0 0 1 18.1635
0 0 0 0 1 17.7565
0 0 0 0 1 17.3293
0 0 0 0 1 16.8448
0 0 0 0 1 16.3588
0 0 0 0 1 15.8477
0 0 0 0 1 15.3925
0 0 0 0 1 15.0758
0 0 0 0 0 14.6982
0 0 0 0 1 14.5096
0 0 0 0 1 14.0567
0 0 0 0 1 13.8314
0 0 0 0 0 14.0378
0 0 0 0 1 13.8135
0 0 0 0 1 13.9372
0 0 0 0 1 13.894
0 0 0 0 0 13.9648
0 0 0 0 1 14.0477
0 0 0 0 1 13.8934
0 0 0 0 1 14.0888
0 0 0 0 1 14.0911
0 0 0 0 1 14.0773
0 0 0 0 1 13.9513
0 0 0 0 1 14.1485
0 0 0 0 1 14.1097
0 0 0 0 1 14.1812
0 0 0 0 1 14.239
0 0 0 0 1 13.9751
0 0 0 0 1 14.1887
0 0 0 0 1 14.0209
0 0 0 0 1 14.1957
0 0 0 0 1 14.1556
0 0 0 0 1 14.1185
0 0 0 0 1 14.1924
0 0 0 0 1 14.3408
0 0 0 0 1 14.3728
0 0 0 0 1 14.2225
0 0 0 0 1 14.2835
0 0 0 0 1 14.3622
0 0 0 0 1 14.3666
0 0 0 0 0 8.8877
0 0 0 0 1 8.65122
0 0 0 0 0 8.54706
0 0 0 0 1 8.55419
0 0 0 0 1 8.42452
0 0 0 0 1 8.34535
0 0 0 0 1 8.14413
0 0 0 0 1 8.04146
0 0 0 0 0 7.96427
0 0 0 0 1 7.83944
0 0 0 0 1 7.80293
0 0 0 0 1 7.68666
0 0 0 0 1 7.64911
0 0 0 0 1 7.60315
0 0 0 0 1 7.39954
0 0 0 0 1 7.42237
0 0 0 0 1 7.25109
0 0 0 0 0 7.25758
0 0 0 0 1 7.1407
0 0 0 0 1 7.02484
0 0 0 0 1 7.07854
0 0 0 0 1 6.94431
0 0 0 0 1 6.86441
0 0 0 0 1 6.88938
0 0 0 0 0 6.78443
0 0 0 0 1 6.70715
0 0 0 0 0 6.60372
0 0 0 0 1 6.58656
0 0 0 0 1 6.45808
0 0 0 0 1 6.42371
0 0 0 0 1 6.41845
0 0 0 0 1 6.28198
0 0 0 0 0 6.31028
0 0 0 0 1 6.18166
0 0 0 0 1 6.16554
0 0 0 0 1 6.16113
0 0 0 0 1 6.04075
0 0 0 0 0 5.97856
0 0 0 0 1 5.98556
0 0 0 0 1 5.88208
0 0 0 0 1 5.90597
0 0 0 0 1 5.80354
0 0 0 0 1 5.82931
0 0 0 0 0 5.77378
0 0 0 0 1 5.72686
0 0 0 0 1 5.70002
0 0 0 0 1 5.55542
0 0 0 0 0 5.55449
0 0 0 0 1 5.5059
0 0 0 0 1 5.49038
0 0 0 0 1 5.40389
0 0 0 0 1 5.44548
0 0 0 0 1 5.35199
0 0 0 0 1 5.35212
0 0 0 0 1 5.31268
0 0 0 0 1 5.23865
0 0 0 0 1 5.24665
0 0 0 0 0 5.15057
0 0 0 0 0 5.10686
0 0 0 0 1 5.07361
0 0 0 0 1 5.08291
0 0 0 0 1 5.00418
0 0 0 0 1 5.05466
0 0 0 0 0 5.00631
0 0 0 0 0 4.92363
0 0 0 0 1 4.88595
0 0 0 0 1 4.9168
0 0 0 0 1 4.81435
0 0 0 0 1 4.83027
0 0 0 0 1 4.79092
0 0 0 0 1 4.83152
0 0 0 0 1 4.89279
0 0 0 0 1 4.87671
0 0 0 0 1 4.87891
0 0 0 0 0 4.92625
0 0 0 0 0 4.88063
0 0 0 0 1 4.96279
0 0 0 0 0 4.9899
0 0 0 0 1 4.99856
0 0 0 0 1 4.98735
0 0 0 0 1 5.01974
0 0 0 0 1 5.03354
0 0 0 0 1 5.06751
0 0 0 0 0 5.05125
0 0 0 0 1 5.08042
0 0 0 0 1 5.07926
0 0 0 0 1 5.14441
0 0 0 0 1 5.08705
0 0 0 0 0 5.17181
0 0 0 0 1 5.12442
0 0 0 0 1 5.18013
0 0 0 0 1 5.21544
0 0 0 0 1 5.21968
0 0 0 0 1 5.2553
0 0 0 0 1 5.29113
0 0 0 0 1 5.29554
0 0 0 0 1 5.28016
0 0 0 0 1 5.33764
0 0 0 0 1 5.39015
0 0 0 0 1 5.34111
0 0 0 0 1 5.34545
0 0 0 0 1 5.38365
0 0 0 0 1 5.38803
0 0 0 0 0 5.50687
0 0 0 0 1 5.48972
0 0 0 0 1 5.51237
0 0 0 0 1 5.47833
0 0 0 0 0 5.57303
0 0 0 0 1 5.57774
0 0 0 0 1 5.64554
0 0 0 0 1 5.65036
0 0 0 0 1 5.69062
0 0 0 0 1 5.6217
0 0 0 0 1 5.75882
0 0 0 0 1 5.78092
0 0 0 0 0 5.77021
0 0 0 0 0 5.72454
0 0 0 0 1 5.8642
0 0 0 0 0 5.79328
0 0 0 0 1 5.88733
0 0 0 0 1 5.92321
0 0 0 0 1 5.98297
0 0 0 0 1 5.93002
0 0 0 0 1 6.02595
0 0 0 0 1 6.05049
0 0 0 0 1 6.08716
0 0 0 0 1 6.05111
0 0 0 0 1 6.09387
0 0 0 0 1 6.11845
0 0 0 0 1 6.21253
0 0 0 0 1 9.58567
0 0 0 0 1 9.5003
0 0 0 0 1 9.40284
0 0 0 0 1 9.37191
0 0 0 0 1 9.37254
0 0 0 0 1 9.28574
0 0 0 0 1 9.35793
0 0 0 0 0 9.30562
0 0 0 0 1 9.29709
0 0 0 0 1 9.19309
0 0 0 0 1 9.29214
0 0 0 0 1 9.11542
0 0 0 0 1 9.04952
0 0 0 0 1 9.07514
0 0 0 0 1 9.13692
0 0 0 0 1 9.14399
0 0 0 0 1 9.07881
0 0 0 0 1 9.04677
0 0 0 0 1 8.91947
0 0 0 0 1 8.92382
0 0 0 0 0 8.95825
0 0 0 0 1 8.86795
0 0 0 0 1 8.81371
0 0 0 0 1 8.92777
0 0 0 0 1 8.79986
0 0 0 0 1 8.70242
0 0 0 0 0 8.83345
0 0 0 0 1 8.756
0 0 0 0 1 8.68573
0 0 0 0 1 8.76903
0 0 0 0 1 8.60377
0 0 0 0 0 8.61768
0 0 0 0 1 8.58326
0 0 0 0 1 8.68328
0 0 0 0 0 8.56315
0 0 0 0 1 8.58573
0 0 0 0 1 8.51786
0 0 0 0 1 8.49796
0 0 0 0 1 8.52917
0 0 0 0 0 8.44163
0 0 0 0 0 8.42219
0 0 0 0 1 8.4957
0 0 0 0 1 8.47994
0 0 0 0 1 8.37681
0 0 0 0 1 8.43333
0 0 0 0 1 8.4061
0 0 0 0 1 8.37072
0 0 0 0 1 8.23951
0 0 0 0 1 8.35416
0 0 0 0 1 8.1952
0 0 0 0 1 8.29757
0 0 0 0 1 8.28791
0 0 0 0 1 8.24546
0 0 0 0 1 8.17043
0 0 0 0 1 8.18593
0 0 0 0 1 8.21781
0 0 0 0 1 8.11092
0 0 0 0 1 8.13486
0 0 0 0 0 8.20755
0 0 0 0 1 8.10162
0 0 0 0 1 8.0205
0 0 0 0 1 8.0448
0 0 0 0 1 8.1336
0 0 0 0 0 8.12155
0 0 0 0 1 8.04138
0 0 0 0 1 8.06585
0 0 0 0 1 7.98631
0 0 0 0 0 7.92316
0 0 0 0 0 8.03953
0 0 0 0 1 7.90503
0 0 0 0 0 7.87446
0 0 0 0 0 7.98688
0 0 0 0 1 7.98026
0 0 0 0 1 7.93784
0 0 0 0 1 7.90787
0 0 0 0 0 7.84662
0 0 0 0 1 7.84419
0 0 0 0 1 7.88112
0 0 0 0 1 7.79698
0 0 0 0 1 7.79157
0 0 0 0 1 7.85667
0 0 0 0 1 7.87812
0 0 0 0 1 7.72488
0 0 0 0 1 7.79796
0 0 0 0 1 7.7575
0 0 0 0 1 7.81506
0 0 0 0 1 7.82139
