0 0 0 0 1 5.50296
0 0 0 0 1 5.53422
0 0 0 0 1 5.61022
0 0 0 0 0 5.59424
0 0 0 0 1 5.63726
0 0 0 0 1 5.60226
0 0 0 0 1 5.62789
0 0 0 0 1 5.57053
0 0 0 0 1 5.57713
0 0 0 0 1 5.59838
0 0 0 0 1 5.67049
0 0 0 0 1 5.61886
0 0 0 0 1 5.671
0 0 0 0 1 5.6024
0 0 0 0 1 5.62436
0 0 0 0 1 5.71101
0 0 0 0 1 5.68221
0 0 0 0 1 5.6591
0 0 0 0 1 5.72735
0 0 0 0 1 5.66828
0 0 0 0 1 5.75975
0 0 0 0 1 5.69105
0 0 0 0 0 5.76586
0 0 0 0 1 5.71434
0 0 0 0 1 5.77414
0 0 0 0 1 5.74572
0 0 0 0 0 5.80414
0 0 0 0 1 5.85709
0 0 0 0 0 5.84635
0 0 0 0 0 5.78316
0 0 0 0 1 5.9009
0 0 0 0 1 5.86269
0 0 0 0 1 5.87714
0 0 0 0 1 5.83729
0 0 0 0 0 5.90327
0 0 0 0 1 5.86344
0 0 0 0 1 5.95946
0 0 0 0 0 5.93747
0 0 0 0 1 5.88575
0 0 0 0 1 6.01243
0 0 0 0 0 5.95478
0 0 0 0 1 5.99859
0 0 0 0 1 5.96605
0 0 0 0 1 6.01615
0 0 0 0 1 6.06654
0 0 0 0 1 6.00259
0 0 0 0 1 6.08234
0 0 0 0 1 6.02425
0 0 0 0 1 6.02672
0 0 0 0 0 6.06583
0 0 0 0 1 6.11739
0 0 0 0 1 6.10185
0 0 0 0 1 6.16506
0 0 0 0 1 6.16299
0 0 0 0 0 6.12903
0 0 0 0 0 6.21868
0 0 0 0 1 6.25299
0 0 0 0 0 6.28037
0 0 0 0 1 6.19653
0 0 0 0 1 6.21238
0 0 0 0 0 6.21484
0 0 0 0 1 6.32529
0 0 0 0 0 6.33537
0 0 0 0 0 6.34551
0 0 0 0 0 6.31132
0 0 0 0 0 6.31427
0 0 0 0 0 6.41384
0 0 0 0 1 6.43641
0 0 0 0 1 6.48556
0 0 0 0 1 6.45055
0 0 0 0 1 6.42252
0 0 0 0 1 6.53621
0 0 0 0 1 6.48223
0 0 0 0 1 6.53878
0 0 0 0 1 6.54987
0 0 0 0 0 6.6063
0 0 0 0 1 6.63678
0 0 0 0 0 6.5558
0 0 0 0 1 6.63928
0 0 0 0 1 6.69674
0 0 0 0 1 6.63446
0 0 0 0 1 6.73969
0 0 0 0 1 6.76495
0 0 0 0 0 6.78984
0 0 0 0 1 6.69994
0 0 0 0 1 6.79255
0 0 0 0 1 6.77002
0 0 0 0 1 6.80197
0 0 0 0 1 6.83411
0 0 0 0 1 6.81823
0 0 0 0 1 6.90587
0 0 0 0 0 6.88361
0 0 0 0 1 6.98589
0 0 0 0 1 6.92823
0 0 0 0 1 7.02431
0 0 0 0 0 7.05067
0 0 0 0 1 7.03432
0 0 0 0 1 7.15304
0 0 0 0 0 7.08025
0 0 0 0 1 7.19274
0 0 0 0 0 7.19116
0 0 0 0 1 7.13907
0 0 0 0 1 7.27412
0 0 0 0 1 7.25076
0 0 0 0 1 7.26316
0 0 0 0 1 7.36391
0 0 0 0 1 7.29571
0 0 0 0 1 7.44192
0 0 0 0 1 7.38073
0 0 0 0 1 7.49768
0 0 0 0 1 7.53356
0 0 0 0 1 7.56924
0 0 0 0 1 7.6202
0 0 0 0 1 7.55765
0 0 0 0 0 7.66243
0 0 0 0 1 7.72165
0 0 0 0 1 7.69667
0 0 0 0 1 7.64809
0 0 0 0 1 7.69201
0 0 0 0 1 7.82192
0 0 0 0 1 7.82013
0 0 0 0 1 7.82557
0 0 0 0 0 7.90148
0 0 0 0 1 8.00226
0 0 0 0 0 8.06343
0 0 0 0 1 8.10131
0 0 0 0 0 7.98607
0 0 0 0 1 8.15318
0 0 0 0 1 8.2153
0 0 0 0 1 8.19639
0 0 0 0 1 8.15175
0 0 0 0 1 8.27188
0 0 0 0 1 8.33532
0 0 0 0 1 8.44036
0 0 0 0 1 8.42005
0 0 0 0 0 8.54296
0 0 0 0 0 8.45424
0 0 0 0 1 8.58655
0 0 0 0 1 8.66042
0 0 0 0 1 8.6736
0 0 0 0 1 8.6771
0 0 0 0 1 8.81212
0 0 0 0 0 8.72763
0 0 0 0 1 8.82034
0 0 0 0 1 8.92977
0 0 0 0 1 8.86105
0 0 0 0 0 8.91705
0 0 0 0 1 9.13638
0 0 0 0 1 9.10354
0 0 0 0 1 9.18808
0 0 0 0 1 9.30083
0 0 0 0 1 9.24731
0 0 0 0 1 9.29648
0 0 0 0 0 9.41864
0 0 0 0 1 9.41995
0 0 0 0 0 9.42896
0 0 0 0 0 9.64838
0 0 0 0 1 9.67825
0 0 0 0 1 9.81347
0 0 0 0 0 9.77372
0 0 0 0 1 9.92971
0 0 0 0 1 9.85056
0 0 0 0 1 9.88638
0 0 0 0 1 10.1447
0 0 0 0 0 10.07
0 0 0 0 1 10.2807
0 0 0 0 1 10.3173
0 0 0 0 1 10.4466
0 0 0 0 1 10.3598
0 0 0 0 1 10.563
0 0 0 0 1 10.4826
0 0 0 0 1 10.6752
0 0 0 0 0 10.8179
0 0 0 0 1 10.8949
0 0 0 0 1 9.26867
0 0 0 0 0 9.35602
0 0 0 0 0 9.2163
0 0 0 0 1 9.22962
0 0 0 0 1 9.16469
0 0 0 0 1 9.21502
0 0 0 0 1 9.26069
0 0 0 0 1 9.22833
0 0 0 0 1 9.16426
0 0 0 0 1 9.05957
0 0 0 0 1 9.13271
0 0 0 0 1 9.16486
0 0 0 0 1 9.14708
0 0 0 0 1 9.08425
0 0 0 0 1 8.98136
0 0 0 0 1 9.08129
0 0 0 0 1 8.89826
0 0 0 0 1 8.98915
0 0 0 0 1 9.02611
0 0 0 0 0 8.89337
0 0 0 0 0 8.97992
0 0 0 0 1 8.82133
0 0 0 0 1 8.84981
0 0 0 0 0 8.81626
0 0 0 0 1 8.88906
0 0 0 0 1 8.88718
0 0 0 0 0 8.89812
0 0 0 0 1 8.70685
0 0 0 0 1 8.71827
0 0 0 0 1 8.75606
0 0 0 0 1 8.80257
0 0 0 0 1 8.77551
0 0 0 0 0 8.78719
0 0 0 0 1 8.71192
0 0 0 0 0 8.7239
0 0 0 0 0 8.70993
0 0 0 0 1 8.58352
0 0 0 0 1 8.68248
0 0 0 0 1 8.65173
0 0 0 0 0 8.54362
0 0 0 0 0 8.69419
0 0 0 0 1 8.68114
0 0 0 0 1 8.65108
0 0 0 0 1 8.64696
0 0 0 0 1 8.52318
0 0 0 0 1 8.61351
0 0 0 0 1 8.55314
0 0 0 0 1 8.50706
0 0 0 0 1 8.60128
0 0 0 0 1 8.74344
0 0 0 0 1 8.74507
0 0 0 0 0 9.02151
0 0 0 0 1 9.13874
0 0 0 0 1 9.30221
0 0 0 0 1 9.29755
0 0 0 0 1 9.59347
0 0 0 0 1 9.71977
0 0 0 0 1 9.77641
0 0 0 0 0 9.90971
0 0 0 0 1 10.2249
0 0 0 0 1 10.4623
0 0 0 0 1 10.5634
0 0 0 0 1 10.6945
0 0 0 0 0 10.8542
0 0 0 0 1 11.0906
0 0 0 0 1 11.463
0 0 0 0 0 11.6547
0 0 0 0 1 11.8432
0 0 0 0 0 12.0422
0 0 0 0 1 12.4317
0 0 0 0 1 12.4474
0 0 0 0 0 12.8733
0 0 0 0 1 22.5464
0 0 0 0 1 22.5958
0 0 0 0 0 22.621
0 0 0 0 1 22.6484
0 0 0 0 0 22.7215
0 0 0 0 0 22.7948
0 0 0 0 0 22.8006
0 0 0 0 0 22.4452
0 0 0 0 1 22.6553
0 0 0 0 1 22.7076
0 0 0 0 1 22.4895
0 0 0 0 1 22.7229
0 0 0 0 1 22.5749
0 0 0 0 1 22.336
0 0 0 0 1 22.3904
0 0 0 0 1 22.2651
0 0 0 0 1 22.6125
0 0 0 0 1 22.5555
0 0 0 0 1 23.4316
0 0 0 0 1 24.2444
0 0 0 0 0 25.2688
0 0 0 0 0 26.4744
0 0 0 0 1 36.1991
0 0 0 0 1 36.5846
0 0 0 0 1 36.7522
0 0 0 0 1 36.2293
0 0 0 0 0 36.4653
0 0 0 0 1 38.5648
0 0 0 0 1 51.8584
0 0 0 0 0 51.9991
0 0 0 0 1 51.8811
0 0 0 0 0 52.5439
0 0 0 0 0 52.4793
0 0 0 0 1 56.4979
0 0 0 0 1 65.397
0 0 0 0 1 70.3605
0 0 0 0 1 81.1555
0 0 0 0 0 4.96491
0 0 0 0 0 5.01501
0 0 0 0 0 4.97493
0 0 0 0 0 4.97994
0 0 0 0 0 4.97493
0 0 0 0 0 5.0601
0 0 0 0 0 5.00499
0 0 0 0 0 5.02503
0 0 0 0 0 4.96992
0 0 0 0 0 5.05509
0 0 0 0 0 5.02503
0 0 0 0 0 4.98996
0 0 0 0 1 87.0653
0 0 0 0 1 87.6875
0 0 0 0 1 75.8212
0 0 0 0 0 64.222
0 0 0 0 1 60.3448
0 0 0 0 1 60.7192
0 0 0 0 1 60.8522
0 0 0 0 1 51.9317
0 0 0 0 1 47.7472
0 0 0 0 1 48.3355
0 0 0 0 1 39.6669
0 0 0 0 0 36.9303
0 0 0 0 1 35.8462
0 0 0 0 0 35.3589
0 0 0 0 1 35.6564
0 0 0 0 1 36.0271
0 0 0 0 1 28.1059
0 0 0 0 1 26.9107
0 0 0 0 1 25.3827
0 0 0 0 1 24.4176
0 0 0 0 1 24.7001
0 0 0 0 1 24.5646
0 0 0 0 1 24.4282
0 0 0 0 1 24.5891
0 0 0 0 0 24.504
0 0 0 0 0 24.6662
0 0 0 0 0 24.4831
0 0 0 0 0 24.4733
0 0 0 0 1 24.8336
0 0 0 0 0 18.2363
0 0 0 0 1 17.7742
0 0 0 0 1 17.2261
0 0 0 0 1 16.7779
0 0 0 0 1 16.1632
0 0 0 0 0 15.8477
0 0 0 0 1 15.6248
0 0 0 0 1 15.1363
0 0 0 0 1 14.6835
0 0 0 0 1 14.5096
0 0 0 0 1 14.0849
0 0 0 0 1 13.8314
0 0 0 0 1 14.0378
0 0 0 0 1 13.897
0 0 0 0 0 13.9372
0 0 0 0 0 13.8243
0 0 0 0 1 14.0066
0 0 0 0 0 14.0896
0 0 0 0 1 13.9912
0 0 0 0 0 13.8789
0 0 0 0 1 13.909
0 0 0 0 0 14.1193
0 0 0 0 1 14.0917
0 0 0 0 1 14.1485
0 0 0 0 1 14.166
0 0 0 0 0 13.9559
0 0 0 0 1 13.9993
0 0 0 0 0 14.0739
0 0 0 0 1 14.0332
0 0 0 0 1 14.0351
0 0 0 0 1 14.0399
0 0 0 0 1 14.2266
0 0 0 0 0 14.1611
0 0 0 0 1 14.0786
0 0 0 0 0 14.2127
0 0 0 0 1 14.2303
0 0 0 0 0 14.3511
0 0 0 0 1 14.3121
0 0 0 0 1 14.3336
0 0 0 0 1 14.2232
0 0 0 0 1 8.83475
0 0 0 0 1 8.77319
0 0 0 0 1 8.62445
0 0 0 0 0 8.48623
0 0 0 0 1 8.46647
0 0 0 0 0 8.37021
0 0 0 0 1 8.20148
0 0 0 0 0 8.01719
0 0 0 0 1 7.98826
0 0 0 0 1 7.95798
0 0 0 0 0 7.88112
0 0 0 0 1 7.71756
0 0 0 0 1 7.60327
0 0 0 0 1 7.55025
0 0 0 0 1 7.39954
0 0 0 0 1 7.45937
0 0 0 0 1 7.28767
0 0 0 0 1 7.22136
0 0 0 0 1 7.16221
0 0 0 0 1 7.08161
0 0 0 0 1 7.0645
0 0 0 0 1 6.9791
0 0 0 0 1 6.90572
0 0 0 0 0 6.75296
0 0 0 0 1 6.78443
0 0 0 0 1 6.63351
0 0 0 0 1 6.65013
0 0 0 0 1 6.60626
0 0 0 0 1 6.54263
0 0 0 0 1 6.49465
0 0 0 0 0 6.3482
0 0 0 0 1 6.35798
0 0 0 0 1 6.31656
0 0 0 0 1 6.28749
0 0 0 0 1 6.15937
0 0 0 0 1 6.07547
0 0 0 0 0 6.05288
0 0 0 0 1 6.03275
0 0 0 0 0 5.94975
0 0 0 0 1 5.95316
0 0 0 0 1 5.82378
0 0 0 0 1 5.87928
0 0 0 0 1 5.77726
0 0 0 0 1 5.77378
0 0 0 0 1 5.63018
0 0 0 0 0 5.66051
0 0 0 0 1 5.58902
0 0 0 0 1 5.58231
0 0 0 0 1 5.57769
0 0 0 0 1 5.46847
0 0 0 0 1 5.45282
0 0 0 0 1 5.44548
0 0 0 0 1 5.39493
0 0 0 0 0 5.35212
0 0 0 0 0 5.24918
0 0 0 0 1 5.2439
0 0 0 0 1 5.23622
0 0 0 0 1 5.15575
0 0 0 0 1 5.17379
0 0 0 0 1 5.08384
0 0 0 0 1 5.02203
0 0 0 0 1 5.08985
0 0 0 0 1 5.02958
0 0 0 0 1 4.99137
0 0 0 0 1 4.89889
0 0 0 0 0 4.88104
0 0 0 0 1 4.89239
0 0 0 0 1 4.90666
0 0 0 0 1 4.82062
0 0 0 0 1 4.83907
0 0 0 0 1 4.83635
0 0 0 0 1 4.7959
0 0 0 0 0 4.88643
0 0 0 0 0 4.82529
0 0 0 0 0 4.88222
0 0 0 0 1 4.90027
0 0 0 0 1 4.97758
0 0 0 0 0 4.92073
0 0 0 0 1 4.94401
0 0 0 0 1 4.98735
0 0 0 0 0 4.94988
0 0 0 0 1 5.04355
0 0 0 0 1 5.06249
0 0 0 0 1 5.09667
0 0 0 0 1 5.0399
0 0 0 0 1 5.04876
0 0 0 0 1 5.1393
0 0 0 0 1 5.08193
0 0 0 0 1 5.18208
0 0 0 0 1 5.14505
0 0 0 0 1 5.20083
0 0 0 0 1 5.23622
0 0 0 0 1 5.23532
0 0 0 0 1 5.25006
0 0 0 0 1 5.2596
0 0 0 0 0 5.29554
0 0 0 0 1 5.32257
0 0 0 0 1 5.32699
0 0 0 0 1 5.38481
0 0 0 0 1 5.37328
0 0 0 0 1 5.39928
0 0 0 0 1 5.38906
0 0 0 0 0 5.37717
0 0 0 0 1 5.39782
0 0 0 0 1 5.45141
0 0 0 0 1 5.49586
0 0 0 0 1 5.55564
0 0 0 0 0 5.55638
0 0 0 0 1 5.53873
0 0 0 0 1 5.55593
0 0 0 0 1 5.57727
0 0 0 0 1 5.63411
0 0 0 0 1 5.6841
0 0 0 0 1 5.6961
0 0 0 0 1 5.71223
0 0 0 0 1 5.71269
0 0 0 0 1 5.7361
0 0 0 0 0 5.77702
0 0 0 0 1 5.83996
0 0 0 0 1 5.83455
0 0 0 0 0 5.89964
0 0 0 0 1 5.9415
0 0 0 0 1 5.96575
0 0 0 0 1 6.03792
0 0 0 0 1 6.00838
0 0 0 0 1 6.07507
0 0 0 0 1 6.03288
0 0 0 0 1 6.11829
0 0 0 0 1 6.14913
0 0 0 0 1 6.20018
0 0 0 0 1 9.52856
0 0 0 0 1 9.42445
0 0 0 0 0 9.49734
0 0 0 0 1 9.33424
0 0 0 0 1 9.32563
0 0 0 0 1 9.32315
0 0 0 0 1 9.23676
0 0 0 0 1 9.31492
0 0 0 0 0 9.22301
0 0 0 0 1 9.28539
0 0 0 0 0 9.20934
0 0 0 0 0 9.13376
0 0 0 0 1 9.13178
0 0 0 0 1 9.15714
0 0 0 0 1 9.02793
0 0 0 0 1 9.10777
0 0 0 0 1 9.04271
0 0 0 0 1 8.97476
0 0 0 0 1 9.0092
0 0 0 0 0 9.01333
0 0 0 0 1 8.98502
0 0 0 0 1 8.84127
0 0 0 0 1 8.95558
0 0 0 0 1 8.90125
0 0 0 0 1 8.90567
0 0 0 0 1 8.71121
0 0 0 0 0 8.85098
0 0 0 0 1 8.82598
0 0 0 0 1 8.74677
0 0 0 0 0 8.77773
0 0 0 0 1 8.69051
0 0 0 0 1 8.60903
0 0 0 0 0 8.65227
0 0 0 0 1 8.61443
0 0 0 0 1 8.51167
0 0 0 0 0 8.55149
0 0 0 0 1 8.56907
0 0 0 0 1 8.55756
0 0 0 0 1 8.57164
0 0 0 0 1 8.55181
0 0 0 0 0 8.53212
0 0 0 0 0 8.47883
0 0 0 0 1 8.47153
0 0 0 0 1 8.46075
0 0 0 0 1 8.34121
0 0 0 0 1 8.38939
0 0 0 0 0 8.32903
0 0 0 0 1 8.24782
0 0 0 0 1 8.30438
0 0 0 0 0 8.29454
0 0 0 0 1 8.27277
0 0 0 0 1 8.32914
0 0 0 0 0 8.24546
0 0 0 0 1 8.12937
0 0 0 0 1 8.13677
0 0 0 0 0 8.22599
0 0 0 0 1 8.1762
0 0 0 0 1 8.17558
0 0 0 0 1 8.13441
0 0 0 0 1 8.06918
0 0 0 0 1 8.06906
0 0 0 0 1 8.06096
0 0 0 0 1 8.10135
0 0 0 0 1 8.00887
0 0 0 0 1 8.00121
0 0 0 0 1 8.00171
0 0 0 0 1 8.04232
0 0 0 0 1 7.97108
0 0 0 0 0 7.94382
0 0 0 0 1 7.97668
0 0 0 0 1 7.99365
0 0 0 0 1 7.97102
0 0 0 0 0 7.94068
0 0 0 0 1 7.97737
0 0 0 0 1 7.82895
0 0 0 0 1 7.83087
0 0 0 0 0 7.78911
0 0 0 0 1 7.80254
0 0 0 0 1 7.91464
0 0 0 0 1 7.76808
0 0 0 0 1 7.85667
0 0 0 0 1 7.84689
0 0 0 0 1 7.75606
0 0 0 0 1 7.71236
0 0 0 0 1 7.82745
0 0 0 0 1 7.79954
0 0 0 0 1 7.73612
