0 0 0 0 0 5.59727
0 0 0 0 1 5.53422
0 0 0 0 1 5.52117
0 0 0 0 0 5.62767
0 0 0 0 0 5.62609
0 0 0 0 1 5.56872
0 0 0 0 1 5.64468
0 0 0 0 1 5.61537
0 0 0 0 1 5.57713
0 0 0 0 0 5.5759
0 0 0 0 1 5.68739
0 0 0 0 1 5.60758
0 0 0 0 1 5.64276
0 0 0 0 1 5.69861
0 0 0 0 0 5.64704
0 0 0 0 1 5.70533
0 0 0 0 1 5.74478
0 0 0 0 1 5.75598
0 0 0 0 1 5.68738
0 0 0 0 1 5.70828
0 0 0 0 0 5.74258
0 0 0 0 0 5.69678
0 0 0 0 0 5.79461
0 0 0 0 1 5.81803
0 0 0 0 1 5.73953
0 0 0 0 1 5.8093
0 0 0 0 1 5.76359
0 0 0 0 1 5.83387
0 0 0 0 1 5.80562
0 0 0 0 1 5.84729
0 0 0 0 1 5.84832
0 0 0 0 1 5.8744
0 0 0 0 1 5.90644
0 0 0 0 1 5.81968
0 0 0 0 1 5.87385
0 0 0 0 0 5.88703
0 0 0 0 1 5.90034
0 0 0 0 1 5.90785
0 0 0 0 1 5.9689
0 0 0 0 1 5.92313
0 0 0 0 1 5.95478
0 0 0 0 1 5.96271
0 0 0 0 1 6.03194
0 0 0 0 1 6.02816
0 0 0 0 1 6.00033
0 0 0 0 1 6.00862
0 0 0 0 1 6.08839
0 0 0 0 1 6.11525
0 0 0 0 0 6.12403
0 0 0 0 1 6.15727
0 0 0 0 1 6.0685
0 0 0 0 0 6.13861
0 0 0 0 1 6.20194
0 0 0 0 1 6.16299
0 0 0 0 1 6.19075
0 0 0 0 1 6.16918
0 0 0 0 1 6.22197
0 0 0 0 1 6.2119
0 0 0 0 0 6.23397
0 0 0 0 1 6.28745
0 0 0 0 0 6.31528
0 0 0 0 1 6.33788
0 0 0 0 0 6.36061
0 0 0 0 1 6.26327
0 0 0 0 0 6.28595
0 0 0 0 1 6.38429
0 0 0 0 1 6.43936
0 0 0 0 1 6.39158
0 0 0 0 1 6.4085
0 0 0 0 1 6.46344
0 0 0 0 1 6.43544
0 0 0 0 1 6.47785
0 0 0 0 1 6.56025
0 0 0 0 1 6.46706
0 0 0 0 0 6.51719
0 0 0 0 1 6.58661
0 0 0 0 1 6.62361
0 0 0 0 1 6.64163
0 0 0 0 1 6.59289
0 0 0 0 0 6.68344
0 0 0 0 1 6.61443
0 0 0 0 1 6.64599
0 0 0 0 1 6.66428
0 0 0 0 1 6.75616
0 0 0 0 1 6.79459
0 0 0 0 0 6.82648
0 0 0 0 1 6.74959
0 0 0 0 1 6.89084
0 0 0 0 0 6.91645
0 0 0 0 1 6.83201
0 0 0 0 0 6.87822
0 0 0 0 1 6.90441
0 0 0 0 1 6.97893
0 0 0 0 0 7.03299
0 0 0 0 1 6.94719
0 0 0 0 0 7.08585
0 0 0 0 1 7.09088
0 0 0 0 1 7.16723
0 0 0 0 1 7.08025
0 0 0 0 0 7.19274
0 0 0 0 1 7.20552
0 0 0 0 1 7.1967
0 0 0 0 0 7.2307
0 0 0 0 1 7.19264
0 0 0 0 1 7.24856
0 0 0 0 1 7.26866
0 0 0 0 1 7.33988
0 0 0 0 1 7.40501
0 0 0 0 1 7.34364
0 0 0 0 1 7.37843
0 0 0 0 1 7.54852
0 0 0 0 1 7.57676
0 0 0 0 1 7.6202
0 0 0 0 0 7.63353
0 0 0 0 1 7.69289
0 0 0 0 1 7.60686
0 0 0 0 1 7.71205
0 0 0 0 1 7.76397
0 0 0 0 1 7.70753
0 0 0 0 1 7.84532
0 0 0 0 1 7.89841
0 0 0 0 1 7.78624
0 0 0 0 1 7.95685
0 0 0 0 1 7.87511
0 0 0 0 0 8.04745
0 0 0 0 1 7.98088
0 0 0 0 0 8.0022
0 0 0 0 0 8.06403
0 0 0 0 1 8.10935
0 0 0 0 1 8.16363
0 0 0 0 1 8.18468
0 0 0 0 0 8.35468
0 0 0 0 1 8.2355
0 0 0 0 1 8.39017
0 0 0 0 1 8.46211
0 0 0 0 1 8.38225
0 0 0 0 1 8.44574
0 0 0 0 1 8.47537
0 0 0 0 1 8.56591
0 0 0 0 1 8.55265
0 0 0 0 1 8.72057
0 0 0 0 1 8.67224
0 0 0 0 1 8.842
0 0 0 0 1 8.84685
0 0 0 0 1 8.95645
0 0 0 0 1 9.02216
0 0 0 0 1 9.05216
0 0 0 0 1 8.99136
0 0 0 0 1 9.08532
0 0 0 0 0 9.25227
0 0 0 0 1 9.19933
0 0 0 0 1 9.36801
0 0 0 0 0 9.36182
0 0 0 0 0 9.46564
0 0 0 0 1 9.4767
0 0 0 0 1 9.48611
0 0 0 0 1 9.49493
0 0 0 0 1 9.67825
0 0 0 0 1 9.74545
0 0 0 0 1 9.70524
0 0 0 0 1 9.76224
0 0 0 0 1 9.93975
0 0 0 0 1 10.0861
0 0 0 0 1 10.1547
0 0 0 0 1 10.0802
0 0 0 0 1 10.2399
0 0 0 0 1 10.2145
0 0 0 0 1 10.3017
0 0 0 0 1 10.4536
0 0 0 0 1 10.395
0 0 0 0 1 10.5461
0 0 0 0 1 10.6432
0 0 0 0 1 10.7857
0 0 0 0 1 10.7757
0 0 0 0 0 9.37104
0 0 0 0 1 9.24464
0 0 0 0 1 9.32745
0 0 0 0 1 9.33125
0 0 0 0 1 9.29377
0 0 0 0 1 9.23342
0 0 0 0 1 9.18726
0 0 0 0 1 9.23749
0 0 0 0 1 9.06376
0 0 0 0 1 9.13248
0 0 0 0 1 9.16
0 0 0 0 1 9.12857
0 0 0 0 1 9.07463
0 0 0 0 1 9.08425
0 0 0 0 1 8.94529
0 0 0 0 1 9.01829
0 0 0 0 1 8.90724
0 0 0 0 1 8.94434
0 0 0 0 1 8.87403
0 0 0 0 1 8.9648
0 0 0 0 1 8.88192
0 0 0 0 1 8.96361
0 0 0 0 1 8.9297
0 0 0 0 1 8.87829
0 0 0 0 1 8.77408
0 0 0 0 0 8.91365
0 0 0 0 1 8.73954
0 0 0 0 1 8.84757
0 0 0 0 1 8.73583
0 0 0 0 1 8.75606
0 0 0 0 1 8.70632
0 0 0 0 1 8.79297
0 0 0 0 1 8.68258
0 0 0 0 0 8.62489
0 0 0 0 1 8.74128
0 0 0 0 1 8.58848
0 0 0 0 0 8.60951
0 0 0 0 1 8.70843
0 0 0 0 0 8.55676
0 0 0 0 0 8.59534
0 0 0 0 1 8.53064
0 0 0 0 1 8.66395
0 0 0 0 1 8.53951
0 0 0 0 1 8.54412
0 0 0 0 1 8.52318
0 0 0 0 1 8.62206
0 0 0 0 1 8.45925
0 0 0 0 1 8.54969
0 0 0 0 1 8.66131
0 0 0 0 1 8.66514
0 0 0 0 0 8.78037
0 0 0 0 1 8.96776
0 0 0 0 1 9.00234
0 0 0 0 1 9.19136
0 0 0 0 1 9.35384
0 0 0 0 1 9.45996
0 0 0 0 0 9.72945
0 0 0 0 1 9.85517
0 0 0 0 1 10.0298
0 0 0 0 1 10.1536
0 0 0 0 1 10.2758
0 0 0 0 1 10.4579
0 0 0 0 1 10.8019
0 0 0 0 1 10.909
0 0 0 0 1 11.0571
0 0 0 0 1 11.4744
0 0 0 0 1 11.6431
0 0 0 0 0 11.9378
0 0 0 0 0 11.9939
0 0 0 0 1 12.2225
0 0 0 0 1 12.6862
0 0 0 0 1 12.8347
0 0 0 0 1 22.9555
0 0 0 0 0 22.7547
0 0 0 0 0 22.5075
0 0 0 0 0 22.8071
0 0 0 0 1 22.7441
0 0 0 0 0 22.7269
0 0 0 0 1 22.778
0 0 0 0 1 22.6712
0 0 0 0 1 22.6101
0 0 0 0 1 22.5947
0 0 0 0 1 22.3316
0 0 0 0 1 22.7004
0 0 0 0 0 22.4172
0 0 0 0 0 22.7413
0 0 0 0 1 22.6604
0 0 0 0 1 22.4001
0 0 0 0 1 22.4551
0 0 0 0 1 22.2859
0 0 0 0 0 22.9908
0 0 0 0 1 24.0755
0 0 0 0 0 24.892
0 0 0 0 1 26.1336
0 0 0 0 0 36.1263
0 0 0 0 1 36.5482
0 0 0 0 1 36.0608
0 0 0 0 1 36.6294
0 0 0 0 0 36.7201
0 0 0 0 1 38.1796
0 0 0 0 1 52.327
0 0 0 0 0 51.895
0 0 0 0 1 52.4015
0 0 0 0 1 52.2838
0 0 0 0 1 52.4273
0 0 0 0 0 56.1596
0 0 0 0 1 64.8079
0 0 0 0 0 68.9673
0 0 0 0 1 81.0737
0 0 0 0 0 4.98495
0 0 0 0 0 4.9599
0 0 0 0 0 5.03004
0 0 0 0 0 5.03004
0 0 0 0 0 4.96992
0 0 0 0 0 5.03505
0 0 0 0 0 5.05008
0 0 0 0 0 4.99998
0 0 0 0 0 5.03505
0 0 0 0 0 4.97994
0 0 0 0 0 5.02503
0 0 0 0 0 5.04006
0 0 0 0 1 88.3791
0 0 0 0 1 87.6875
0 0 0 0 1 75.6709
0 0 0 0 0 63.7113
0 0 0 0 1 60.2238
0 0 0 0 1 60.356
0 0 0 0 1 59.944
0 0 0 0 1 51.3129
0 0 0 0 1 47.8912
0 0 0 0 1 48.2875
0 0 0 0 1 39.5491
0 0 0 0 1 36.783
0 0 0 0 1 35.4538
0 0 0 0 1 35.7157
0 0 0 0 0 35.5494
0 0 0 0 1 35.5629
0 0 0 0 0 28.0498
0 0 0 0 1 26.5355
0 0 0 0 1 25.8955
0 0 0 0 0 24.5407
0 0 0 0 1 24.6509
0 0 0 0 1 24.6878
0 0 0 0 1 24.4528
0 0 0 0 0 24.6878
0 0 0 0 1 24.6027
0 0 0 0 1 24.8637
0 0 0 0 0 24.8043
0 0 0 0 1 24.77
0 0 0 0 1 24.5615
0 0 0 0 1 18.0725
0 0 0 0 0 17.5797
0 0 0 0 1 17.2949
0 0 0 0 1 16.6106
0 0 0 0 1 16.3588
0 0 0 0 0 16.0383
0 0 0 0 1 15.439
0 0 0 0 0 15.2724
0 0 0 0 1 14.6539
0 0 0 0 1 14.5385
0 0 0 0 1 14.1272
0 0 0 0 0 13.8731
0 0 0 0 1 13.9127
0 0 0 0 1 13.9248
0 0 0 0 1 13.8815
0 0 0 0 1 13.8801
0 0 0 0 1 13.9368
0 0 0 0 0 14.0337
0 0 0 0 1 14.0891
0 0 0 0 1 13.865
0 0 0 0 1 14.1191
0 0 0 0 1 13.895
0 0 0 0 0 13.9934
0 0 0 0 1 14.008
0 0 0 0 0 13.9972
0 0 0 0 1 14.1108
0 0 0 0 1 14.2108
0 0 0 0 1 14.2433
0 0 0 0 1 14.1604
0 0 0 0 1 14.2332
0 0 0 0 1 14.1532
0 0 0 0 1 14.1698
0 0 0 0 1 14.2747
0 0 0 0 1 14.3204
0 0 0 0 1 14.2981
0 0 0 0 1 14.159
0 0 0 0 1 14.3225
0 0 0 0 1 14.4408
0 0 0 0 1 14.4481
0 0 0 0 1 14.2232
0 0 0 0 1 8.87888
0 0 0 0 1 8.73834
0 0 0 0 1 8.51267
0 0 0 0 1 8.48623
0 0 0 0 1 8.44969
0 0 0 0 0 8.37021
0 0 0 0 1 8.22606
0 0 0 0 1 8.14663
0 0 0 0 1 8.06023
0 0 0 0 0 7.88686
0 0 0 0 1 7.88893
0 0 0 0 0 7.78709
0 0 0 0 1 7.58034
0 0 0 0 1 7.57292
0 0 0 0 0 7.50418
0 0 0 0 1 7.34097
0 0 0 0 1 7.36816
0 0 0 0 0 7.17791
0 0 0 0 1 7.19806
0 0 0 0 1 7.11709
0 0 0 0 0 7.0645
0 0 0 0 1 6.97214
0 0 0 0 1 6.86441
0 0 0 0 1 6.85528
0 0 0 0 1 6.73037
0 0 0 0 1 6.66029
0 0 0 0 1 6.61035
0 0 0 0 1 6.55372
0 0 0 0 1 6.53612
0 0 0 0 1 6.5011
0 0 0 0 0 6.37374
0 0 0 0 1 6.34531
0 0 0 0 1 6.22238
0 0 0 0 0 6.20034
0 0 0 0 1 6.22726
0 0 0 0 0 6.14889
0 0 0 0 1 6.10747
0 0 0 0 1 6.02673
0 0 0 0 1 5.99749
0 0 0 0 1 5.87023
0 0 0 0 0 5.85313
0 0 0 0 1 5.87928
0 0 0 0 0 5.82931
0 0 0 0 1 5.69917
0 0 0 0 1 5.64155
0 0 0 0 1 5.60408
0 0 0 0 1 5.61142
0 0 0 0 1 5.57118
0 0 0 0 1 5.51142
0 0 0 0 1 5.42463
0 0 0 0 0 5.40389
0 0 0 0 1 5.40766
0 0 0 0 1 5.35199
0 0 0 0 1 5.36277
0 0 0 0 1 5.24389
0 0 0 0 1 5.21766
0 0 0 0 0 5.22058
0 0 0 0 1 5.21275
0 0 0 0 1 5.11201
0 0 0 0 1 5.16567
0 0 0 0 0 5.07783
0 0 0 0 0 5.05961
0 0 0 0 1 5.05466
0 0 0 0 1 4.99635
0 0 0 0 1 4.95827
0 0 0 0 0 4.88595
0 0 0 0 1 4.92657
0 0 0 0 1 4.82893
0 0 0 0 0 4.82062
0 0 0 0 1 4.86315
0 0 0 0 1 4.87014
0 0 0 0 1 4.8395
0 0 0 0 0 4.90588
0 0 0 0 1 4.92277
0 0 0 0 1 4.91157
0 0 0 0 1 4.88063
0 0 0 0 1 4.89873
0 0 0 0 1 4.91579
0 0 0 0 1 4.92418
0 0 0 0 1 4.96247
0 0 0 0 1 4.98481
0 0 0 0 1 5.00348
0 0 0 0 1 5.03232
0 0 0 0 1 5.02098
0 0 0 0 0 5.01964
0 0 0 0 1 5.0996
0 0 0 0 1 5.1342
0 0 0 0 1 5.1434
0 0 0 0 1 5.10504
0 0 0 0 1 5.1502
0 0 0 0 0 5.12838
0 0 0 0 1 5.24661
0 0 0 0 0 5.24575
0 0 0 0 1 5.2867
0 0 0 0 1 5.30164
0 0 0 0 1 5.26916
0 0 0 0 0 5.30667
0 0 0 0 0 5.3536
0 0 0 0 0 5.30467
0 0 0 0 0 5.34647
0 0 0 0 1 5.3616
0 0 0 0 0 5.3566
0 0 0 0 1 5.43691
0 0 0 0 1 5.40873
0 0 0 0 0 5.46235
0 0 0 0 1 5.47936
0 0 0 0 1 5.55564
0 0 0 0 0 5.49532
0 0 0 0 1 5.58331
0 0 0 0 1 5.61193
0 0 0 0 1 5.57165
0 0 0 0 1 5.60585
0 0 0 0 1 5.63872
0 0 0 0 1 5.74172
0 0 0 0 1 5.7294
0 0 0 0 1 5.7357
0 0 0 0 1 5.78814
0 0 0 0 1 5.85258
0 0 0 0 1 5.78162
0 0 0 0 0 5.82869
0 0 0 0 0 5.88195
0 0 0 0 1 5.94743
0 0 0 0 1 5.93002
0 0 0 0 0 5.95414
0 0 0 0 1 6.00838
0 0 0 0 1 6.1053
0 0 0 0 0 6.10579
0 0 0 0 0 6.1244
0 0 0 0 1 6.10617
0 0 0 0 0 6.20635
0 0 0 0 0 9.45241
0 0 0 0 1 9.53822
0 0 0 0 0 9.36504
0 0 0 0 1 9.49436
0 0 0 0 1 9.39131
0 0 0 0 1 9.25769
0 0 0 0 0 9.22744
0 0 0 0 1 9.22196
0 0 0 0 1 9.27857
0 0 0 0 0 9.29462
0 0 0 0 1 9.23694
0 0 0 0 1 9.19795
0 0 0 0 1 9.16835
0 0 0 0 1 9.17537
0 0 0 0 1 9.12784
0 0 0 0 1 8.99913
0 0 0 0 0 8.99759
0 0 0 0 0 9.01976
0 0 0 0 1 8.92844
0 0 0 0 1 8.95963
0 0 0 0 1 8.91364
0 0 0 0 1 8.93022
0 0 0 0 1 8.90238
0 0 0 0 1 8.76866
0 0 0 0 1 8.72932
0 0 0 0 1 8.81669
0 0 0 0 1 8.69324
0 0 0 0 0 8.81723
0 0 0 0 1 8.79909
0 0 0 0 1 8.68204
0 0 0 0 1 8.61245
0 0 0 0 1 8.73016
0 0 0 0 1 8.57463
0 0 0 0 1 8.55419
0 0 0 0 1 8.63179
0 0 0 0 1 8.62853
0 0 0 0 1 8.49225
0 0 0 0 1 8.48093
0 0 0 0 1 8.44422
0 0 0 0 1 8.51791
0 0 0 0 0 8.48984
0 0 0 0 1 8.47039
0 0 0 0 1 8.33693
0 0 0 0 1 8.30966
0 0 0 0 1 8.4082
0 0 0 0 1 8.28076
0 0 0 0 1 8.40407
0 0 0 0 0 8.26445
0 0 0 0 1 8.24631
0 0 0 0 1 8.24487
0 0 0 0 1 8.32236
0 0 0 0 1 8.25492
0 0 0 0 0 8.28661
0 0 0 0 1 8.13758
0 0 0 0 1 8.13677
0 0 0 0 1 8.09516
0 0 0 0 0 8.1762
0 0 0 0 1 8.17558
0 0 0 0 1 8.11816
0 0 0 0 1 8.13406
0 0 0 0 1 8.08524
0 0 0 0 0 8.03672
0 0 0 0 1 7.98044
0 0 0 0 1 8.00887
0 0 0 0 1 7.97711
0 0 0 0 1 8.07387
0 0 0 0 0 7.93829
0 0 0 0 0 7.93913
0 0 0 0 0 7.95179
0 0 0 0 1 7.90503
0 0 0 0 1 7.97776
0 0 0 0 0 7.97895
0 0 0 0 1 7.90901
0 0 0 0 1 7.85087
0 0 0 0 1 7.84473
0 0 0 0 0 7.88601
0 0 0 0 0 7.85992
0 0 0 0 1 7.8104
0 0 0 0 1 7.82835
0 0 0 0 1 7.78374
0 0 0 0 0 7.84885
0 0 0 0 1 7.79223
0 0 0 0 1 7.78724
0 0 0 0 1 7.84466
0 0 0 0 1 7.76527
0 0 0 0 1 7.79954
0 0 0 0 1 7.79038
