0 0 0 0 1 5.51406
0 0 0 0 1 5.56756
0 0 0 0 0 5.60466
0 0 0 0 1 5.61652
0 0 0 0 1 5.63726
0 0 0 0 1 5.64699
0 0 0 0 1 5.57195
0 0 0 0 0 5.57614
0 0 0 0 1 5.60518
0 0 0 0 1 5.64897
0 0 0 0 0 5.64234
0 0 0 0 1 5.59065
0 0 0 0 1 5.60887
0 0 0 0 1 5.70426
0 0 0 0 1 5.62436
0 0 0 0 1 5.68262
0 0 0 0 1 5.65946
0 0 0 0 1 5.6762
0 0 0 0 1 5.76732
0 0 0 0 1 5.71971
0 0 0 0 1 5.78265
0 0 0 0 0 5.74842
0 0 0 0 0 5.79461
0 0 0 0 1 5.73738
0 0 0 0 1 5.82605
0 0 0 0 1 5.80352
0 0 0 0 1 5.75201
0 0 0 0 0 5.85128
0 0 0 0 1 5.79981
0 0 0 0 0 5.84729
0 0 0 0 1 5.78405
0 0 0 0 1 5.9095
0 0 0 0 0 5.90644
0 0 0 0 1 5.8138
0 0 0 0 1 5.92093
0 0 0 0 1 5.86934
0 0 0 0 1 5.87078
0 0 0 0 1 5.95525
0 0 0 0 1 5.89169
0 0 0 0 1 5.94099
0 0 0 0 1 6.01445
0 0 0 0 1 5.96869
0 0 0 0 1 6.03793
0 0 0 0 1 5.9441
0 0 0 0 1 5.97626
0 0 0 0 1 5.98449
0 0 0 0 1 6.03393
0 0 0 0 1 6.00605
0 0 0 0 1 6.05713
0 0 0 0 1 6.10241
0 0 0 0 0 6.07461
0 0 0 0 0 6.07734
0 0 0 0 1 6.20194
0 0 0 0 1 6.11374
0 0 0 0 1 6.12903
0 0 0 0 1 6.15062
0 0 0 0 1 6.14133
0 0 0 0 1 6.18078
0 0 0 0 1 6.25893
0 0 0 0 1 6.26243
0 0 0 0 1 6.29645
0 0 0 0 1 6.23088
0 0 0 0 1 6.2912
0 0 0 0 1 6.2949
0 0 0 0 1 6.28595
0 0 0 0 0 6.39066
0 0 0 0 1 6.44575
0 0 0 0 0 6.46203
0 0 0 0 0 6.44703
0 0 0 0 1 6.46344
0 0 0 0 1 6.46775
0 0 0 0 1 6.4584
0 0 0 0 1 6.45622
0 0 0 0 1 6.48662
0 0 0 0 1 6.4845
0 0 0 0 1 6.6063
0 0 0 0 0 6.63678
0 0 0 0 1 6.63502
0 0 0 0 1 6.6194
0 0 0 0 1 6.59699
0 0 0 0 1 6.63446
0 0 0 0 0 6.66607
0 0 0 0 1 6.65086
0 0 0 0 0 6.79657
0 0 0 0 1 6.74726
0 0 0 0 1 6.74505
0 0 0 0 1 6.84494
0 0 0 0 1 6.84299
0 0 0 0 1 6.93018
0 0 0 0 1 6.87333
0 0 0 0 1 6.85057
0 0 0 0 1 6.98066
0 0 0 0 0 6.97893
0 0 0 0 1 6.99109
0 0 0 0 0 7.05936
0 0 0 0 1 6.97327
0 0 0 0 1 7.04846
0 0 0 0 1 7.0395
0 0 0 0 1 7.16573
0 0 0 0 1 7.07834
0 0 0 0 1 7.10504
0 0 0 0 1 7.13907
0 0 0 0 0 7.2307
0 0 0 0 0 7.25076
0 0 0 0 1 7.22666
0 0 0 0 1 7.25401
0 0 0 0 1 7.43558
0 0 0 0 0 7.37548
0 0 0 0 0 7.35848
0 0 0 0 1 7.52749
0 0 0 0 1 7.54104
0 0 0 0 1 7.56924
0 0 0 0 1 7.56734
0 0 0 0 1 7.61076
0 0 0 0 0 7.60149
0 0 0 0 1 7.59921
0 0 0 0 1 7.75819
0 0 0 0 0 7.64809
0 0 0 0 1 7.80843
0 0 0 0 1 7.72054
0 0 0 0 1 7.89841
0 0 0 0 1 7.93567
0 0 0 0 0 7.98849
0 0 0 0 1 7.96253
0 0 0 0 1 7.98352
0 0 0 0 1 8.10131
0 0 0 0 1 8.1474
0 0 0 0 1 8.08834
0 0 0 0 1 8.15825
0 0 0 0 1 8.24552
0 0 0 0 1 8.25879
0 0 0 0 1 8.36296
0 0 0 0 1 8.26877
0 0 0 0 1 8.28143
0 0 0 0 1 8.36117
0 0 0 0 1 8.433
0 0 0 0 1 8.48826
0 0 0 0 1 8.61221
0 0 0 0 0 8.63464
0 0 0 0 1 8.56129
0 0 0 0 0 8.65971
0 0 0 0 1 8.73344
0 0 0 0 0 8.8684
0 0 0 0 1 8.8115
0 0 0 0 0 8.85861
0 0 0 0 1 8.93266
0 0 0 0 1 8.91705
0 0 0 0 0 8.97323
0 0 0 0 0 9.07621
0 0 0 0 1 9.1239
0 0 0 0 0 9.1901
0 0 0 0 1 9.20089
0 0 0 0 1 9.35249
0 0 0 0 1 9.38104
0 0 0 0 1 9.46724
0 0 0 0 1 9.51468
0 0 0 0 1 9.58124
0 0 0 0 1 9.67825
0 0 0 0 1 9.63858
0 0 0 0 0 9.71502
0 0 0 0 1 9.94941
0 0 0 0 1 9.83074
0 0 0 0 1 10.0162
0 0 0 0 1 9.95364
0 0 0 0 0 10.1511
0 0 0 0 1 10.2093
0 0 0 0 1 10.307
0 0 0 0 0 10.4466
0 0 0 0 1 10.3285
0 0 0 0 0 10.584
0 0 0 0 1 10.5672
0 0 0 0 0 10.7285
0 0 0 0 1 10.7105
0 0 0 0 1 10.9382
0 0 0 0 1 9.27798
0 0 0 0 1 9.31889
0 0 0 0 1 9.30893
0 0 0 0 1 9.16495
0 0 0 0 1 9.18313
0 0 0 0 1 9.25181
0 0 0 0 1 9.25151
0 0 0 0 1 9.11847
0 0 0 0 1 9.19168
0 0 0 0 0 9.04134
0 0 0 0 1 9.1691
0 0 0 0 0 9.06505
0 0 0 0 1 8.99312
0 0 0 0 0 9.09329
0 0 0 0 1 8.99939
0 0 0 0 1 9.03629
0 0 0 0 1 8.90724
0 0 0 0 1 8.92641
0 0 0 0 0 8.95454
0 0 0 0 1 8.92015
0 0 0 0 1 8.92646
0 0 0 0 1 8.9725
0 0 0 0 1 8.89419
0 0 0 0 0 8.82512
0 0 0 0 1 8.86253
0 0 0 0 1 8.896
0 0 0 0 0 8.75716
0 0 0 0 1 8.81239
0 0 0 0 0 8.86753
0 0 0 0 1 8.79112
0 0 0 0 1 8.71507
0 0 0 0 0 8.77551
0 0 0 0 1 8.639
0 0 0 0 1 8.73803
0 0 0 0 1 8.6457
0 0 0 0 1 8.75331
0 0 0 0 0 8.72211
0 0 0 0 1 8.57871
0 0 0 0 0 8.69491
0 0 0 0 1 8.65569
0 0 0 0 1 8.56507
0 0 0 0 1 8.53502
0 0 0 0 0 8.60817
0 0 0 0 1 8.56126
0 0 0 0 1 8.4975
0 0 0 0 1 8.52806
0 0 0 0 1 8.56168
0 0 0 0 0 8.49854
0 0 0 0 0 8.60128
0 0 0 0 0 8.63034
0 0 0 0 1 8.80685
0 0 0 0 1 8.91401
0 0 0 0 0 9.15693
0 0 0 0 1 9.26526
0 0 0 0 1 9.41952
0 0 0 0 1 9.48857
0 0 0 0 1 9.58423
0 0 0 0 0 9.93394
0 0 0 0 1 10.0799
0 0 0 0 1 10.1129
0 0 0 0 1 10.4312
0 0 0 0 1 10.4579
0 0 0 0 1 10.6409
0 0 0 0 0 10.9965
0 0 0 0 1 11.1017
0 0 0 0 0 11.4744
0 0 0 0 1 11.5504
0 0 0 0 1 11.725
0 0 0 0 1 12.006
0 0 0 0 1 12.3209
0 0 0 0 1 12.5982
0 0 0 0 1 12.8604
0 0 0 0 0 22.8873
0 0 0 0 1 22.8683
0 0 0 0 1 22.8933
0 0 0 0 1 22.5577
0 0 0 0 1 22.427
0 0 0 0 1 22.5005
0 0 0 0 1 22.7101
0 0 0 0 1 22.5582
0 0 0 0 1 22.7005
0 0 0 0 1 22.4367
0 0 0 0 0 22.3541
0 0 0 0 1 22.4299
0 0 0 0 1 22.4172
0 0 0 0 1 22.6513
0 0 0 0 1 22.4579
0 0 0 0 1 22.535
0 0 0 0 1 22.6799
0 0 0 0 0 22.2859
0 0 0 0 1 23.1068
0 0 0 0 1 23.9067
0 0 0 0 1 24.892
0 0 0 0 1 26.055
0 0 0 0 0 36.5269
0 0 0 0 1 36.1478
0 0 0 0 1 36.2428
0 0 0 0 1 36.7021
0 0 0 0 1 36.7565
0 0 0 0 1 38.4493
0 0 0 0 1 52.327
0 0 0 0 1 52.3114
0 0 0 0 1 52.0893
0 0 0 0 1 52.0757
0 0 0 0 1 52.0632
0 0 0 0 1 56.1596
0 0 0 0 0 65.8553
0 0 0 0 1 70.0122
0 0 0 0 1 81.2373
0 0 0 0 0 5.05008
0 0 0 0 0 5.03004
0 0 0 0 0 5.03505
0 0 0 0 0 5.02002
0 0 0 0 0 4.98996
0 0 0 0 0 5.02002
0 0 0 0 0 5.04507
0 0 0 0 0 5.04006
0 0 0 0 0 4.97994
0 0 0 0 0 5.03505
0 0 0 0 0 4.98996
0 0 0 0 0 5.0601
0 0 0 0 1 87.766
0 0 0 0 1 88.3883
0 0 0 0 1 74.694
0 0 0 0 1 63.5836
0 0 0 0 1 60.9501
0 0 0 0 1 60.4771
0 0 0 0 1 60.9733
0 0 0 0 1 52.0864
0 0 0 0 0 47.6512
0 0 0 0 1 48.4315
0 0 0 0 1 39.0778
0 0 0 0 1 36.7093
0 0 0 0 1 35.4538
0 0 0 0 0 36.0368
0 0 0 0 1 35.942
0 0 0 0 1 35.9913
0 0 0 0 1 27.9936
0 0 0 0 1 26.9911
0 0 0 0 0 25.8186
0 0 0 0 1 24.5653
0 0 0 0 1 24.4539
0 0 0 0 1 24.4906
0 0 0 0 1 24.8225
0 0 0 0 0 24.5398
0 0 0 0 1 24.7755
0 0 0 0 1 24.6415
0 0 0 0 0 24.4584
0 0 0 0 1 24.5228
0 0 0 0 0 24.512
0 0 0 0 1 18.1271
0 0 0 0 1 17.5089
0 0 0 0 1 17.2261
0 0 0 0 1 16.8783
0 0 0 0 1 16.1795
0 0 0 0 1 15.8954
0 0 0 0 1 15.377
0 0 0 0 1 15.1968
0 0 0 0 1 14.831
0 0 0 0 1 14.4952
0 0 0 0 1 14.1272
0 0 0 0 1 13.8176
0 0 0 0 1 13.871
0 0 0 0 1 13.8414
0 0 0 0 1 13.8119
0 0 0 0 1 13.8522
0 0 0 0 0 13.9787
0 0 0 0 1 14.0617
0 0 0 0 1 13.9353
0 0 0 0 1 13.9209
0 0 0 0 1 14.0211
0 0 0 0 1 14.1053
0 0 0 0 1 13.9794
0 0 0 0 1 13.994
0 0 0 0 1 13.9831
0 0 0 0 0 14.2094
0 0 0 0 1 14.0698
0 0 0 0 1 14.1727
0 0 0 0 1 14.2452
0 0 0 0 1 14.1624
0 0 0 0 1 14.224
0 0 0 0 1 14.0563
0 0 0 0 1 14.0759
0 0 0 0 1 14.3488
0 0 0 0 0 14.1699
0 0 0 0 1 14.3728
0 0 0 0 0 14.1797
0 0 0 0 1 14.3121
0 0 0 0 1 14.3479
0 0 0 0 1 14.4813
0 0 0 0 0 8.78179
0 0 0 0 1 8.79933
0 0 0 0 1 8.60726
0 0 0 0 0 8.48623
0 0 0 0 0 8.38256
0 0 0 0 0 8.32878
0 0 0 0 1 8.22606
0 0 0 0 0 8.14663
0 0 0 0 1 8.04423
0 0 0 0 1 7.84735
0 0 0 0 0 7.80293
0 0 0 0 1 7.75618
0 0 0 0 1 7.56506
0 0 0 0 0 7.53513
0 0 0 0 1 7.40701
0 0 0 0 1 7.36317
0 0 0 0 0 7.38279
0 0 0 0 1 7.28655
0 0 0 0 1 7.16221
0 0 0 0 1 7.15966
0 0 0 0 0 6.98725
0 0 0 0 0 7.00693
0 0 0 0 1 6.82998
0 0 0 0 0 6.78025
0 0 0 0 1 6.72362
0 0 0 0 1 6.72053
0 0 0 0 0 6.67002
0 0 0 0 1 6.52746
0 0 0 0 1 6.54263
0 0 0 0 1 6.5011
0 0 0 0 0 6.40568
0 0 0 0 1 6.35798
0 0 0 0 1 6.26633
0 0 0 0 1 6.16921
0 0 0 0 1 6.14085
0 0 0 0 1 6.13054
0 0 0 0 1 6.05288
0 0 0 0 1 5.99662
0 0 0 0 0 5.98556
0 0 0 0 1 5.89985
0 0 0 0 1 5.84139
0 0 0 0 1 5.83267
0 0 0 0 1 5.80039
0 0 0 0 1 5.76804
0 0 0 0 1 5.72686
0 0 0 0 1 5.58714
0 0 0 0 1 5.54422
0 0 0 0 0 5.58231
0 0 0 0 1 5.57217
0 0 0 0 0 5.44107
0 0 0 0 1 5.39845
0 0 0 0 1 5.42927
0 0 0 0 1 5.38956
0 0 0 0 1 5.36277
0 0 0 0 1 5.33914
0 0 0 0 1 5.27015
0 0 0 0 1 5.16842
0 0 0 0 1 5.21275
0 0 0 0 1 5.16349
0 0 0 0 0 5.1401
0 0 0 0 1 5.05754
0 0 0 0 1 4.98906
0 0 0 0 0 5.01955
0 0 0 0 1 5.00133
0 0 0 0 1 4.95332
0 0 0 0 1 4.94985
0 0 0 0 1 4.8875
0 0 0 0 1 4.80949
0 0 0 0 1 4.80132
0 0 0 0 1 4.80537
0 0 0 0 0 4.81222
0 0 0 0 1 4.83466
0 0 0 0 1 4.84753
0 0 0 0 0 4.91303
0 0 0 0 0 4.90668
0 0 0 0 1 4.94446
0 0 0 0 1 4.88887
0 0 0 0 1 4.97508
0 0 0 0 1 5.00848
0 0 0 0 1 4.95251
0 0 0 0 0 4.9399
0 0 0 0 1 4.99347
0 0 0 0 0 4.98708
0 0 0 0 1 5.0563
0 0 0 0 1 5.10575
0 0 0 0 0 5.13011
0 0 0 0 1 5.06785
0 0 0 0 1 5.1434
0 0 0 0 1 5.12045
0 0 0 0 1 5.11411
0 0 0 0 1 5.14908
0 0 0 0 1 5.16349
0 0 0 0 1 5.18317
0 0 0 0 0 5.25006
0 0 0 0 1 5.23333
0 0 0 0 1 5.23752
0 0 0 0 0 5.29607
0 0 0 0 1 5.35892
0 0 0 0 1 5.36344
0 0 0 0 1 5.30893
0 0 0 0 1 5.33468
0 0 0 0 1 5.40529
0 0 0 0 1 5.44235
0 0 0 0 0 5.47416
0 0 0 0 0 5.50067
0 0 0 0 1 5.50686
0 0 0 0 1 5.56117
0 0 0 0 1 5.56193
0 0 0 0 1 5.56659
0 0 0 0 1 5.65114
0 0 0 0 1 5.58289
0 0 0 0 1 5.6002
0 0 0 0 1 5.71247
0 0 0 0 1 5.6676
0 0 0 0 1 5.66644
0 0 0 0 1 5.76446
0 0 0 0 0 5.78814
0 0 0 0 1 5.80608
0 0 0 0 1 5.8808
0 0 0 0 1 5.88733
0 0 0 0 1 5.935
0 0 0 0 1 5.9415
0 0 0 0 1 6.01338
0 0 0 0 1 5.96611
0 0 0 0 0 6.0565
0 0 0 0 1 6.08112
0 0 0 0 1 6.12401
0 0 0 0 1 6.1244
0 0 0 0 1 6.0939
0 0 0 0 1 6.1446
0 0 0 0 1 9.46192
0 0 0 0 1 9.44341
0 0 0 0 1 9.40284
0 0 0 0 0 9.36249
0 0 0 0 0 9.32563
0 0 0 0 1 9.36991
0 0 0 0 1 9.2554
0 0 0 0 1 9.24985
0 0 0 0 0 9.24153
0 0 0 0 1 9.13771
0 0 0 0 1 9.26454
0 0 0 0 1 9.08791
0 0 0 0 0 9.19577
0 0 0 0 1 9.0478
0 0 0 0 1 9.11876
0 0 0 0 0 9.03535
0 0 0 0 1 9.00661
0 0 0 0 1 9.06477
0 0 0 0 1 8.92844
0 0 0 0 0 8.87907
0 0 0 0 1 8.8601
0 0 0 0 1 8.92132
0 0 0 0 1 8.82258
0 0 0 0 1 8.79518
0 0 0 0 1 8.86158
0 0 0 0 1 8.81669
0 0 0 0 0 8.71076
0 0 0 0 1 8.66853
0 0 0 0 0 8.65084
0 0 0 0 0 8.63854
0 0 0 0 1 8.65581
0 0 0 0 0 8.56577
0 0 0 0 1 8.56601
0 0 0 0 1 8.56279
0 0 0 0 1 8.54599
0 0 0 0 1 8.50869
0 0 0 0 1 8.56907
0 0 0 0 1 8.55756
0 0 0 0 1 8.45271
0 0 0 0 1 8.42468
0 0 0 0 1 8.52366
0 0 0 0 1 8.44508
0 0 0 0 1 8.42105
0 0 0 0 1 8.30966
0 0 0 0 1 8.38308
0 0 0 0 1 8.28076
0 0 0 0 1 8.4124
0 0 0 0 1 8.23119
0 0 0 0 1 8.2629
0 0 0 0 1 8.31109
0 0 0 0 0 8.33062
0 0 0 0 1 8.29616
0 0 0 0 0 8.15494
0 0 0 0 1 8.25254
0 0 0 0 1 8.20232
0 0 0 0 1 8.23416
0 0 0 0 1 8.20884
0 0 0 0 1 8.15115
0 0 0 0 1 8.10191
0 0 0 0 1 8.1665
0 0 0 0 0 8.06096
0 0 0 0 1 8.10134
0 0 0 0 0 8.01268
0 0 0 0 1 8.04106
0 0 0 0 1 8.00121
0 0 0 0 1 7.93757
0 0 0 0 1 7.92229
0 0 0 0 1 7.97108
0 0 0 0 1 7.90394
0 0 0 0 1 7.90503
0 0 0 0 0 7.87446
0 0 0 0 1 7.87584
0 0 0 0 1 7.98818
0 0 0 0 1 7.83506
0 0 0 0 0 7.93944
0 0 0 0 1 7.89389
0 0 0 0 1 7.80485
0 0 0 0 1 7.8654
0 0 0 0 1 7.82051
0 0 0 0 1 7.79157
0 0 0 0 1 7.77068
0 0 0 0 1 7.87812
0 0 0 0 1 7.80283
0 0 0 0 1 7.75127
0 0 0 0 1 7.78859
0 0 0 0 0 7.79954
0 0 0 0 1 7.73612
