0 0 0 0 1 5.55289
0 0 0 0 1 5.50644
0 0 0 0 1 5.5824
0 0 0 0 1 5.61652
0 0 0 0 1 5.53679
0 0 0 0 1 5.61345
0 0 0 0 1 5.57754
0 0 0 0 0 5.63778
0 0 0 0 1 5.65568
0 0 0 0 1 5.67707
0 0 0 0 1 5.68739
0 0 0 0 0 5.60758
0 0 0 0 0 5.63146
0 0 0 0 1 5.66465
0 0 0 0 1 5.61302
0 0 0 0 1 5.62585
0 0 0 0 1 5.63102
0 0 0 0 1 5.72179
0 0 0 0 0 5.67596
0 0 0 0 1 5.72542
0 0 0 0 0 5.69677
0 0 0 0 1 5.68531
0 0 0 0 1 5.70838
0 0 0 0 1 5.81227
0 0 0 0 0 5.72799
0 0 0 0 0 5.73415
0 0 0 0 1 5.8389
0 0 0 0 1 5.77001
0 0 0 0 1 5.77072
0 0 0 0 0 5.87644
0 0 0 0 1 5.88921
0 0 0 0 1 5.8978
0 0 0 0 1 5.83027
0 0 0 0 0 5.83142
0 0 0 0 1 5.82676
0 0 0 0 1 5.91653
0 0 0 0 1 5.89443
0 0 0 0 1 5.86637
0 0 0 0 1 5.94514
0 0 0 0 1 5.92313
0 0 0 0 1 5.91302
0 0 0 0 1 6.01654
0 0 0 0 1 6.04991
0 0 0 0 1 6.02215
0 0 0 0 1 6.01237
0 0 0 0 1 6.08705
0 0 0 0 1 6.10655
0 0 0 0 1 6.05458
0 0 0 0 0 6.06929
0 0 0 0 1 6.12679
0 0 0 0 0 6.13572
0 0 0 0 1 6.10797
0 0 0 0 1 6.12819
0 0 0 0 1 6.10142
0 0 0 0 0 6.17841
0 0 0 0 1 6.23106
0 0 0 0 1 6.17235
0 0 0 0 1 6.24924
0 0 0 0 1 6.19029
0 0 0 0 1 6.2812
0 0 0 0 1 6.26506
0 0 0 0 1 6.23088
0 0 0 0 1 6.27858
0 0 0 0 1 6.3202
0 0 0 0 1 6.29863
0 0 0 0 1 6.39066
0 0 0 0 0 6.41384
0 0 0 0 1 6.37877
0 0 0 0 1 6.41493
0 0 0 0 1 6.48277
0 0 0 0 1 6.42898
0 0 0 0 1 6.54269
0 0 0 0 1 6.56025
0 0 0 0 1 6.53226
0 0 0 0 1 6.50411
0 0 0 0 0 6.58005
0 0 0 0 1 6.61045
0 0 0 0 1 6.53599
0 0 0 0 1 6.56639
0 0 0 0 1 6.61029
0 0 0 0 0 6.62778
0 0 0 0 1 6.65268
0 0 0 0 0 6.6777
0 0 0 0 1 6.79657
0 0 0 0 0 6.78783
0 0 0 0 1 6.80612
0 0 0 0 1 6.84494
0 0 0 0 1 6.80881
0 0 0 0 1 6.82039
0 0 0 0 0 6.9422
0 0 0 0 1 6.96117
0 0 0 0 0 6.90441
0 0 0 0 1 7.01372
0 0 0 0 1 7.03299
0 0 0 0 1 6.94018
0 0 0 0 1 7.00845
0 0 0 0 1 7.02725
0 0 0 0 1 7.0324
0 0 0 0 1 7.19422
0 0 0 0 1 7.22134
0 0 0 0 1 7.20552
0 0 0 0 1 7.26153
0 0 0 0 1 7.22346
0 0 0 0 1 7.30162
0 0 0 0 1 7.24856
0 0 0 0 1 7.35659
0 0 0 0 1 7.29571
0 0 0 0 1 7.31641
0 0 0 0 1 7.39557
0 0 0 0 0 7.50513
0 0 0 0 1 7.54852
0 0 0 0 1 7.48656
0 0 0 0 1 7.48426
0 0 0 0 0 7.57282
0 0 0 0 1 7.54056
0 0 0 0 1 7.69869
0 0 0 0 1 7.65054
0 0 0 0 1 7.71762
0 0 0 0 1 7.82396
0 0 0 0 1 7.82192
0 0 0 0 1 7.85145
0 0 0 0 1 7.85703
0 0 0 0 1 7.94894
0 0 0 0 1 7.89895
0 0 0 0 1 8.02347
0 0 0 0 1 7.98088
0 0 0 0 1 8.13127
0 0 0 0 1 8.12076
0 0 0 0 1 8.0849
0 0 0 0 0 8.26189
0 0 0 0 0 8.24232
0 0 0 0 1 8.31328
0 0 0 0 1 8.31037
0 0 0 0 1 8.44036
0 0 0 0 0 8.42846
0 0 0 0 1 8.40762
0 0 0 0 1 8.56481
0 0 0 0 1 8.50102
0 0 0 0 1 8.58309
0 0 0 0 1 8.58721
0 0 0 0 1 8.62493
0 0 0 0 0 8.78589
0 0 0 0 1 8.87719
0 0 0 0 1 8.85569
0 0 0 0 1 8.93866
0 0 0 0 1 8.8879
0 0 0 0 1 8.95308
0 0 0 0 1 9.10919
0 0 0 0 0 9.18556
0 0 0 0 1 9.16057
0 0 0 0 1 9.31005
0 0 0 0 1 9.21017
0 0 0 0 1 9.28715
0 0 0 0 0 9.34344
0 0 0 0 1 9.37267
0 0 0 0 1 9.6004
0 0 0 0 1 9.57165
0 0 0 0 1 9.57211
0 0 0 0 0 9.7746
0 0 0 0 1 9.84221
0 0 0 0 1 9.8903
0 0 0 0 1 9.94966
0 0 0 0 1 10.0561
0 0 0 0 1 10.1045
0 0 0 0 1 10.2017
0 0 0 0 1 10.1379
0 0 0 0 1 10.1837
0 0 0 0 1 10.3742
0 0 0 0 1 10.4015
0 0 0 0 1 10.521
0 0 0 0 1 10.5355
0 0 0 0 0 10.7605
0 0 0 0 0 10.775
0 0 0 0 1 10.8407
0 0 0 0 1 9.22214
0 0 0 0 1 9.29105
0 0 0 0 1 9.2163
0 0 0 0 1 9.29429
0 0 0 0 1 9.23845
0 0 0 0 1 9.12306
0 0 0 0 1 9.26069
0 0 0 0 1 9.23749
0 0 0 0 1 9.16426
0 0 0 0 1 9.2054
0 0 0 0 1 9.18729
0 0 0 0 1 9.06505
0 0 0 0 1 9.0384
0 0 0 0 1 9.11137
0 0 0 0 1 9.03546
0 0 0 0 1 8.93729
0 0 0 0 1 8.96111
0 0 0 0 0 8.90849
0 0 0 0 1 8.92771
0 0 0 0 1 8.9648
0 0 0 0 0 8.89974
0 0 0 0 1 8.8569
0 0 0 0 1 8.82318
0 0 0 0 1 8.88715
0 0 0 0 1 8.78293
0 0 0 0 1 8.80775
0 0 0 0 1 8.73073
0 0 0 0 0 8.87395
0 0 0 0 0 8.72705
0 0 0 0 1 8.77359
0 0 0 0 1 8.78507
0 0 0 0 1 8.71439
0 0 0 0 1 8.63028
0 0 0 0 1 8.63359
0 0 0 0 1 8.62832
0 0 0 0 1 8.72728
0 0 0 0 1 8.69612
0 0 0 0 1 8.67383
0 0 0 0 1 8.56539
0 0 0 0 0 8.64707
0 0 0 0 1 8.52203
0 0 0 0 1 8.66395
0 0 0 0 1 8.51376
0 0 0 0 0 8.60411
0 0 0 0 1 8.60019
0 0 0 0 0 8.52806
0 0 0 0 1 8.50193
0 0 0 0 0 8.50706
0 0 0 0 1 8.60128
0 0 0 0 1 8.77824
0 0 0 0 1 8.87744
0 0 0 0 0 8.92296
0 0 0 0 1 9.13874
0 0 0 0 1 9.14517
0 0 0 0 0 9.31631
0 0 0 0 1 9.59347
0 0 0 0 1 9.77785
0 0 0 0 0 9.81579
0 0 0 0 1 10.0799
0 0 0 0 0 10.286
0 0 0 0 1 10.3483
0 0 0 0 1 10.6056
0 0 0 0 1 10.7268
0 0 0 0 1 10.9855
0 0 0 0 1 11.0906
0 0 0 0 1 11.4516
0 0 0 0 1 11.6315
0 0 0 0 1 11.8314
0 0 0 0 1 12.0181
0 0 0 0 1 12.3456
0 0 0 0 1 12.6611
0 0 0 0 1 12.9247
0 0 0 0 1 22.5691
0 0 0 0 1 22.8683
0 0 0 0 1 22.7117
0 0 0 0 1 22.7391
0 0 0 0 1 22.4949
0 0 0 0 1 22.4779
0 0 0 0 1 22.5292
0 0 0 0 1 22.8294
0 0 0 0 1 22.7005
0 0 0 0 1 22.7527
0 0 0 0 1 22.6248
0 0 0 0 1 22.475
0 0 0 0 1 22.5074
0 0 0 0 1 22.6287
0 0 0 0 1 22.5704
0 0 0 0 0 22.5575
0 0 0 0 1 22.635
0 0 0 0 0 22.3084
0 0 0 0 1 23.3852
0 0 0 0 0 23.9549
0 0 0 0 1 24.9925
0 0 0 0 1 26.3958
0 0 0 0 1 36.5633
0 0 0 0 1 36.3298
0 0 0 0 1 36.0245
0 0 0 0 0 36.2656
0 0 0 0 1 36.5017
0 0 0 0 1 38.6034
0 0 0 0 1 52.1188
0 0 0 0 1 52.2594
0 0 0 0 1 52.2454
0 0 0 0 1 52.5439
0 0 0 0 0 51.7511
0 0 0 0 1 56.5543
0 0 0 0 0 64.9388
0 0 0 0 0 70.0819
0 0 0 0 1 82.1372
0 0 0 0 0 5.04006
0 0 0 0 0 4.97493
0 0 0 0 0 5.03505
0 0 0 0 0 4.96992
0 0 0 0 0 4.99497
0 0 0 0 0 4.9599
0 0 0 0 0 4.97994
0 0 0 0 0 4.96992
0 0 0 0 0 5.03505
0 0 0 0 0 5.03505
0 0 0 0 0 4.97493
0 0 0 0 0 5.05008
0 0 0 0 1 87.8536
0 0 0 0 1 87.5123
0 0 0 0 0 75.7461
0 0 0 0 1 63.7751
0 0 0 0 1 60.0422
0 0 0 0 1 61.0824
0 0 0 0 1 60.9128
0 0 0 0 1 51.8286
0 0 0 0 0 48.0351
0 0 0 0 1 47.6635
0 0 0 0 1 39.1956
0 0 0 0 0 37.1512
0 0 0 0 1 35.5252
0 0 0 0 1 35.5373
0 0 0 0 0 35.5494
0 0 0 0 0 35.3843
0 0 0 0 1 28.134
0 0 0 0 1 26.9107
0 0 0 0 1 25.434
0 0 0 0 1 24.393
0 0 0 0 1 24.774
0 0 0 0 1 24.5892
0 0 0 0 1 24.7979
0 0 0 0 1 24.6138
0 0 0 0 0 24.4547
0 0 0 0 1 24.518
0 0 0 0 1 24.4831
0 0 0 0 1 24.8194
0 0 0 0 1 24.4873
0 0 0 0 0 18.3091
0 0 0 0 1 17.562
0 0 0 0 1 17.1746
0 0 0 0 1 16.8281
0 0 0 0 1 16.261
0 0 0 0 1 15.9113
0 0 0 0 1 15.5164
0 0 0 0 0 15.1514
0 0 0 0 1 14.7425
0 0 0 0 0 14.2788
0 0 0 0 1 14.1413
0 0 0 0 1 14.012
0 0 0 0 0 13.8154
0 0 0 0 1 13.9805
0 0 0 0 0 13.9093
0 0 0 0 1 14.0752
0 0 0 0 0 13.881
0 0 0 0 1 14.0617
0 0 0 0 1 13.8654
0 0 0 0 1 14.0049
0 0 0 0 1 13.909
0 0 0 0 1 14.0072
0 0 0 0 0 14.0636
0 0 0 0 1 14.0923
0 0 0 0 1 14.0956
0 0 0 0 0 14.1812
0 0 0 0 1 14.1121
0 0 0 0 1 14.2292
0 0 0 0 1 14.2593
0 0 0 0 0 14.2756
0 0 0 0 1 14.2524
0 0 0 0 0 14.0847
0 0 0 0 1 14.2179
0 0 0 0 0 14.1213
0 0 0 0 1 14.2981
0 0 0 0 1 14.3158
0 0 0 0 0 14.3939
0 0 0 0 1 14.212
0 0 0 0 0 14.3622
0 0 0 0 1 14.4669
0 0 0 0 1 8.79062
0 0 0 0 1 8.70349
0 0 0 0 1 8.58146
0 0 0 0 0 8.42677
0 0 0 0 1 8.31543
0 0 0 0 1 8.3122
0 0 0 0 1 8.15232
0 0 0 0 1 8.15472
0 0 0 0 1 7.93229
0 0 0 0 0 7.83944
0 0 0 0 0 7.8733
0 0 0 0 1 7.73301
0 0 0 0 1 7.61091
0 0 0 0 1 7.61827
0 0 0 0 1 7.54903
0 0 0 0 1 7.46677
0 0 0 0 1 7.33889
0 0 0 0 1 7.19963
0 0 0 0 1 7.14787
0 0 0 0 1 7.15257
0 0 0 0 1 7.05748
0 0 0 0 1 6.99302
0 0 0 0 1 6.81621
0 0 0 0 1 6.85528
0 0 0 0 1 6.73037
0 0 0 0 1 6.6536
0 0 0 0 0 6.62361
0 0 0 0 1 6.61939
0 0 0 0 0 6.47109
0 0 0 0 1 6.4753
0 0 0 0 1 6.40568
0 0 0 0 1 6.30098
0 0 0 0 1 6.29144
0 0 0 0 1 6.25637
0 0 0 0 1 6.14085
0 0 0 0 1 6.15501
0 0 0 0 0 6.10747
0 0 0 0 1 6.07489
0 0 0 0 1 5.97362
0 0 0 0 1 5.94724
0 0 0 0 0 5.90009
0 0 0 0 0 5.81519
0 0 0 0 1 5.79461
0 0 0 0 0 5.72787
0 0 0 0 0 5.64155
0 0 0 0 1 5.63794
0 0 0 0 1 5.55542
0 0 0 0 1 5.54892
0 0 0 0 1 5.51142
0 0 0 0 1 5.52874
0 0 0 0 0 5.38758
0 0 0 0 1 5.40766
0 0 0 0 1 5.33588
0 0 0 0 1 5.36277
0 0 0 0 0 5.34443
0 0 0 0 1 5.28065
0 0 0 0 1 5.20493
0 0 0 0 1 5.17648
0 0 0 0 1 5.10172
0 0 0 0 1 5.1043
0 0 0 0 1 5.10827
0 0 0 0 1 5.06465
0 0 0 0 1 5.00952
0 0 0 0 1 4.95152
0 0 0 0 1 4.89889
0 0 0 0 0 4.93511
0 0 0 0 1 4.85333
0 0 0 0 0 4.84836
0 0 0 0 1 4.81579
0 0 0 0 0 4.78611
0 0 0 0 1 4.81704
0 0 0 0 1 4.82497
0 0 0 0 0 4.84753
0 0 0 0 1 4.90328
0 0 0 0 1 4.88711
0 0 0 0 0 4.94937
0 0 0 0 1 4.88394
0 0 0 0 1 4.97508
0 0 0 0 1 4.94897
0 0 0 0 1 4.97242
0 0 0 0 1 5.02473
0 0 0 0 1 5.04355
0 0 0 0 0 5.04238
0 0 0 0 0 5.09162
0 0 0 0 0 5.09055
0 0 0 0 1 5.04367
0 0 0 0 1 5.07296
0 0 0 0 1 5.13316
0 0 0 0 1 5.0999
0 0 0 0 1 5.19144
0 0 0 0 1 5.20601
0 0 0 0 1 5.24661
0 0 0 0 1 5.2301
0 0 0 0 1 5.271
0 0 0 0 1 5.22282
0 0 0 0 1 5.29026
0 0 0 0 1 5.24835
0 0 0 0 0 5.33232
0 0 0 0 1 5.31536
0 0 0 0 1 5.31965
0 0 0 0 1 5.43696
0 0 0 0 0 5.38365
0 0 0 0 1 5.44778
0 0 0 0 0 5.46325
0 0 0 0 1 5.43499
0 0 0 0 1 5.44635
0 0 0 0 0 5.47833
0 0 0 0 1 5.60079
0 0 0 0 1 5.58331
0 0 0 0 1 5.58953
0 0 0 0 1 5.65036
0 0 0 0 1 5.67932
0 0 0 0 1 5.71247
0 0 0 0 1 5.71321
0 0 0 0 1 5.73513
0 0 0 0 1 5.7357
0 0 0 0 1 5.7708
0 0 0 0 1 5.77702
0 0 0 0 1 5.86329
0 0 0 0 1 5.92251
0 0 0 0 1 5.935
0 0 0 0 0 5.87042
0 0 0 0 1 5.90621
0 0 0 0 1 6.0439
0 0 0 0 1 5.9723
0 0 0 0 0 5.99649
0 0 0 0 1 6.02681
0 0 0 0 1 6.1244
0 0 0 0 1 6.18595
0 0 0 0 0 6.13225
0 0 0 0 1 9.45241
0 0 0 0 1 9.45289
0 0 0 0 1 9.39339
0 0 0 0 1 9.5132
0 0 0 0 1 9.30687
0 0 0 0 1 9.40731
0 0 0 0 1 9.2554
0 0 0 0 1 9.3707
0 0 0 0 0 9.19523
0 0 0 0 1 9.13771
0 0 0 0 1 9.24614
0 0 0 0 1 9.26215
0 0 0 0 1 9.13178
0 0 0 0 0 9.12981
0 0 0 0 1 9.00977
0 0 0 0 1 9.02629
0 0 0 0 1 8.97051
0 0 0 0 1 8.97476
0 0 0 0 0 8.89255
0 0 0 0 1 9.02228
0 0 0 0 0 8.89579
0 0 0 0 1 8.9658
0 0 0 0 1 8.82258
0 0 0 0 0 8.84822
0 0 0 0 1 8.8704
0 0 0 0 1 8.79911
0 0 0 0 0 8.68447
0 0 0 0 1 8.71227
0 0 0 0 1 8.68573
0 0 0 0 1 8.78643
0 0 0 0 1 8.75122
0 0 0 0 1 8.60037
0 0 0 0 1 8.56601
0 0 0 0 1 8.54558
0 0 0 0 1 8.64037
0 0 0 0 0 8.59429
0 0 0 0 1 8.50079
0 0 0 0 1 8.57459
0 0 0 0 1 8.58014
0 0 0 0 1 8.39077
0 0 0 0 1 8.39682
0 0 0 0 1 8.4029
0 0 0 0 1 8.39581
0 0 0 0 1 8.35163
0 0 0 0 1 8.38308
0 0 0 0 0 8.32254
0 0 0 0 1 8.37072
0 0 0 0 1 8.26445
0 0 0 0 1 8.34586
0 0 0 0 1 8.26143
0 0 0 0 1 8.23971
0 0 0 0 1 8.27142
0 0 0 0 0 8.30306
0 0 0 0 0 8.26897
0 0 0 0 1 8.25968
0 0 0 0 1 8.16875
0 0 0 0 0 8.16804
0 0 0 0 1 8.11857
0 0 0 0 1 8.20755
0 0 0 0 1 8.05296
0 0 0 0 1 8.04478
0 0 0 0 1 8.05288
0 0 0 0 1 7.9885
0 0 0 0 1 8.00082
0 0 0 0 1 8.00121
0 0 0 0 0 7.94558
0 0 0 0 1 7.9703
0 0 0 0 0 7.93114
0 0 0 0 1 7.99965
0 0 0 0 1 7.98464
0 0 0 0 1 7.8983
0 0 0 0 1 8.00274
0 0 0 0 1 7.94068
0 0 0 0 1 7.88249
0 0 0 0 1 7.86841
0 0 0 0 0 7.83874
0 0 0 0 1 7.78911
0 0 0 0 0 7.81826
0 0 0 0 1 7.80482
0 0 0 0 1 7.86988
0 0 0 0 0 7.77068
0 0 0 0 1 7.761
0 0 0 0 1 7.78724
0 0 0 0 1 7.74348
0 0 0 0 0 7.81191
0 0 0 0 1 7.81506
0 0 0 0 1 7.72837
