0 0 0 0 1 5.55289
0 0 0 0 0 5.54533
0 0 0 0 1 5.59353
0 0 0 0 1 5.57752
0 0 0 0 1 5.59819
0 0 0 0 1 5.53517
0 0 0 0 1 5.56636
0 0 0 0 1 5.58735
0 0 0 0 1 5.58835
0 0 0 0 1 5.67145
0 0 0 0 0 5.57476
0 0 0 0 0 5.65271
0 0 0 0 0 5.671
0 0 0 0 1 5.71558
0 0 0 0 1 5.68673
0 0 0 0 1 5.64288
0 0 0 0 0 5.7334
0 0 0 0 0 5.75598
0 0 0 0 1 5.66454
0 0 0 0 0 5.76542
0 0 0 0 1 5.71967
0 0 0 0 1 5.68531
0 0 0 0 1 5.79461
0 0 0 0 1 5.70858
0 0 0 0 1 5.77991
0 0 0 0 0 5.72837
0 0 0 0 1 5.75201
0 0 0 0 1 5.81645
0 0 0 0 1 5.80562
0 0 0 0 1 5.7715
0 0 0 0 1 5.88337
0 0 0 0 1 5.86854
0 0 0 0 1 5.84199
0 0 0 0 1 5.81968
0 0 0 0 0 5.86796
0 0 0 0 1 5.89293
0 0 0 0 1 5.85304
0 0 0 0 1 5.90785
0 0 0 0 1 5.98671
0 0 0 0 1 5.92313
0 0 0 0 1 5.93688
0 0 0 0 1 5.92683
0 0 0 0 1 6.04991
0 0 0 0 0 6.05818
0 0 0 0 1 6.07255
0 0 0 0 1 6.00862
0 0 0 0 1 6.1126
0 0 0 0 1 6.09705
0 0 0 0 0 6.02064
0 0 0 0 0 6.07802
0 0 0 0 1 6.09905
0 0 0 0 1 6.13248
0 0 0 0 1 6.12204
0 0 0 0 1 6.14452
0 0 0 0 1 6.2031
0 0 0 0 1 6.16918
0 0 0 0 1 6.25299
0 0 0 0 0 6.19323
0 0 0 0 1 6.27765
0 0 0 0 0 6.29371
0 0 0 0 1 6.21484
0 0 0 0 1 6.23088
0 0 0 0 1 6.26596
0 0 0 0 1 6.34551
0 0 0 0 1 6.39378
0 0 0 0 1 6.32064
0 0 0 0 0 6.43936
0 0 0 0 1 6.43641
0 0 0 0 1 6.35713
0 0 0 0 1 6.45055
0 0 0 0 1 6.4419
0 0 0 0 0 6.51027
0 0 0 0 1 6.49523
0 0 0 0 0 6.47358
0 0 0 0 1 6.47796
0 0 0 0 0 6.53413
0 0 0 0 1 6.52485
0 0 0 0 1 6.58881
0 0 0 0 1 6.6459
0 0 0 0 1 6.59034
0 0 0 0 0 6.64781
0 0 0 0 0 6.70623
0 0 0 0 1 6.69784
0 0 0 0 1 6.68206
0 0 0 0 0 6.7405
0 0 0 0 1 6.79934
0 0 0 0 1 6.87219
0 0 0 0 1 6.84299
0 0 0 0 1 6.87528
0 0 0 0 1 6.88022
0 0 0 0 1 6.93352
0 0 0 0 1 6.88361
0 0 0 0 1 6.97893
0 0 0 0 1 6.92823
0 0 0 0 1 7.05235
0 0 0 0 1 6.99438
0 0 0 0 1 7.08381
0 0 0 0 1 7.13175
0 0 0 0 0 7.19422
0 0 0 0 1 7.19274
0 0 0 0 0 7.12657
0 0 0 0 0 7.18949
0 0 0 0 0 7.18003
0 0 0 0 1 7.21444
0 0 0 0 1 7.35076
0 0 0 0 1 7.37124
0 0 0 0 1 7.31043
0 0 0 0 0 7.30903
0 0 0 0 0 7.47717
0 0 0 0 1 7.48277
0 0 0 0 1 7.53356
0 0 0 0 1 7.50159
0 0 0 0 1 7.58244
0 0 0 0 0 7.61076
0 0 0 0 1 7.55579
0 0 0 0 1 7.69104
0 0 0 0 1 7.71974
0 0 0 0 1 7.7717
0 0 0 0 1 7.69201
0 0 0 0 1 7.87651
0 0 0 0 1 7.76534
0 0 0 0 0 7.92781
0 0 0 0 1 7.86194
0 0 0 0 1 7.9069
0 0 0 0 1 7.94356
0 0 0 0 1 7.98891
0 0 0 0 0 8.11513
0 0 0 0 1 8.08834
0 0 0 0 0 8.07675
0 0 0 0 1 8.24552
0 0 0 0 1 8.16821
0 0 0 0 1 8.31328
0 0 0 0 0 8.33532
0 0 0 0 1 8.39017
0 0 0 0 1 8.46211
0 0 0 0 1 8.51758
0 0 0 0 0 8.49677
0 0 0 0 0 8.47537
0 0 0 0 1 8.58309
0 0 0 0 1 8.58721
0 0 0 0 0 8.77274
0 0 0 0 1 8.69847
0 0 0 0 1 8.87719
0 0 0 0 1 8.87337
0 0 0 0 1 8.90308
0 0 0 0 1 9.04006
0 0 0 0 0 8.96208
0 0 0 0 1 9.0548
0 0 0 0 1 9.06709
0 0 0 0 0 9.16057
0 0 0 0 1 9.19933
0 0 0 0 1 9.22874
0 0 0 0 1 9.42716
0 0 0 0 1 9.33404
0 0 0 0 1 9.4105
0 0 0 0 1 9.53373
0 0 0 0 1 9.65797
0 0 0 0 0 9.6879
0 0 0 0 1 9.74545
0 0 0 0 1 9.82264
0 0 0 0 1 9.82135
0 0 0 0 1 9.91993
0 0 0 0 1 9.89636
0 0 0 0 0 9.97375
0 0 0 0 1 10.0599
0 0 0 0 1 10.1175
0 0 0 0 0 10.2865
0 0 0 0 0 10.312
0 0 0 0 1 10.5161
0 0 0 0 1 10.4895
0 0 0 0 0 10.6836
0 0 0 0 0 10.7072
0 0 0 0 1 10.6998
0 0 0 0 1 10.8624
0 0 0 0 1 9.32451
0 0 0 0 0 9.29105
0 0 0 0 1 9.2904
0 0 0 0 1 9.33125
0 0 0 0 1 9.25689
0 0 0 0 1 9.20583
0 0 0 0 1 9.20562
0 0 0 0 0 9.13678
0 0 0 0 1 9.16426
0 0 0 0 1 9.12337
0 0 0 0 1 9.02356
0 0 0 0 1 9.05597
0 0 0 0 1 9.02935
0 0 0 0 1 9.09329
0 0 0 0 1 8.94529
0 0 0 0 0 8.91929
0 0 0 0 1 8.89826
0 0 0 0 1 9.025
0 0 0 0 1 8.88298
0 0 0 0 1 8.88444
0 0 0 0 1 8.95319
0 0 0 0 1 8.96361
0 0 0 0 1 8.94745
0 0 0 0 1 8.83398
0 0 0 0 1 8.77408
0 0 0 0 1 8.80775
0 0 0 0 1 8.74835
0 0 0 0 1 8.84757
0 0 0 0 1 8.84997
0 0 0 0 1 8.74729
0 0 0 0 1 8.66257
0 0 0 0 1 8.74058
0 0 0 0 1 8.65643
0 0 0 0 1 8.6684
0 0 0 0 1 8.76734
0 0 0 0 1 8.63185
0 0 0 0 1 8.69612
0 0 0 0 1 8.56141
0 0 0 0 1 8.669
0 0 0 0 0 8.54362
0 0 0 0 1 8.54786
0 0 0 0 1 8.54361
0 0 0 0 1 8.51376
0 0 0 0 0 8.64696
0 0 0 0 1 8.47183
0 0 0 0 1 8.51097
0 0 0 0 1 8.60436
0 0 0 0 1 8.54116
0 0 0 0 1 8.54125
0 0 0 0 1 8.62164
0 0 0 0 1 8.77155
0 0 0 0 1 9.03943
0 0 0 0 1 9.04781
0 0 0 0 1 9.20983
0 0 0 0 0 9.33508
0 0 0 0 0 9.62208
0 0 0 0 1 9.60359
0 0 0 0 0 9.85517
0 0 0 0 0 9.97978
0 0 0 0 1 10.1638
0 0 0 0 1 10.3898
0 0 0 0 1 10.6267
0 0 0 0 0 10.8449
0 0 0 0 1 10.9855
0 0 0 0 1 11.1017
0 0 0 0 1 11.2812
0 0 0 0 0 11.5968
0 0 0 0 0 11.7487
0 0 0 0 1 11.9819
0 0 0 0 1 12.3579
0 0 0 0 1 12.6988
0 0 0 0 1 12.8604
0 0 0 0 0 22.7737
0 0 0 0 1 22.5049
0 0 0 0 1 22.7798
0 0 0 0 1 22.4897
0 0 0 0 1 22.6082
0 0 0 0 1 22.7495
0 0 0 0 0 22.597
0 0 0 0 1 22.8068
0 0 0 0 1 22.5424
0 0 0 0 1 22.685
0 0 0 0 1 22.4444
0 0 0 0 1 22.4073
0 0 0 0 1 22.5975
0 0 0 0 1 22.336
0 0 0 0 1 22.2779
0 0 0 0 1 22.2876
0 0 0 0 1 22.3877
0 0 0 0 1 22.2635
0 0 0 0 1 23.0836
0 0 0 0 1 24.0273
0 0 0 0 1 24.9422
0 0 0 0 0 26.2385
0 0 0 0 0 36.3448
0 0 0 0 1 36.5482
0 0 0 0 0 36.17
0 0 0 0 1 36.011
0 0 0 0 1 36.6473
0 0 0 0 1 38.7575
0 0 0 0 1 52.1708
0 0 0 0 1 52.5717
0 0 0 0 0 52.3495
0 0 0 0 1 51.6595
0 0 0 0 1 52.2712
0 0 0 0 1 56.0469
0 0 0 0 1 65.7898
0 0 0 0 1 69.3156
0 0 0 0 0 81.6464
0 0 0 0 0 5.0601
0 0 0 0 0 5.03004
0 0 0 0 0 4.99998
0 0 0 0 0 5.02503
0 0 0 0 0 5.04006
0 0 0 0 0 4.98996
0 0 0 0 0 5.0601
0 0 0 0 0 5.05008
0 0 0 0 0 5.04507
0 0 0 0 0 4.97493
0 0 0 0 0 4.96491
0 0 0 0 0 4.9599
0 0 0 0 1 87.3281
0 0 0 0 1 87.3371
0 0 0 0 0 75.3703
0 0 0 0 1 63.5836
0 0 0 0 1 61.0106
0 0 0 0 0 60.4165
0 0 0 0 1 60.61
0 0 0 0 1 51.9833
0 0 0 0 0 48.2751
0 0 0 0 1 47.7115
0 0 0 0 1 39.5491
0 0 0 0 0 37.1144
0 0 0 0 1 35.9175
0 0 0 0 1 35.3589
0 0 0 0 1 35.4423
0 0 0 0 1 35.7771
0 0 0 0 0 28.2463
0 0 0 0 1 26.5623
0 0 0 0 1 25.7673
0 0 0 0 1 24.5899
0 0 0 0 1 24.577
0 0 0 0 1 24.7124
0 0 0 0 1 24.7979
0 0 0 0 1 24.8111
0 0 0 0 1 24.7261
0 0 0 0 1 24.6662
0 0 0 0 1 24.5572
0 0 0 0 1 24.5722
0 0 0 0 0 24.8583
0 0 0 0 1 18.3819
0 0 0 0 1 17.615
0 0 0 0 1 17.0886
0 0 0 0 1 16.7612
0 0 0 0 0 16.1958
0 0 0 0 1 16.0065
0 0 0 0 0 15.5164
0 0 0 0 0 14.9851
0 0 0 0 0 14.772
0 0 0 0 1 14.3221
0 0 0 0 0 14.24
0 0 0 0 1 13.762
0 0 0 0 1 13.7598
0 0 0 0 1 13.9387
0 0 0 0 1 13.7979
0 0 0 0 0 13.9776
0 0 0 0 0 13.9229
0 0 0 0 1 13.8941
0 0 0 0 1 13.9353
0 0 0 0 1 13.9769
0 0 0 0 1 14.0911
0 0 0 0 1 14.0492
0 0 0 0 1 14.0215
0 0 0 0 0 14.1204
0 0 0 0 0 14.0956
0 0 0 0 1 14.2094
0 0 0 0 1 14.0134
0 0 0 0 0 14.2151
0 0 0 0 1 14.2169
0 0 0 0 1 14.2897
0 0 0 0 1 14.0965
0 0 0 0 1 14.1982
0 0 0 0 1 14.1895
0 0 0 0 1 14.1355
0 0 0 0 1 14.3266
0 0 0 0 1 14.3443
0 0 0 0 0 14.3653
0 0 0 0 1 14.4265
0 0 0 0 1 14.2906
0 0 0 0 0 14.3522
0 0 0 0 1 8.8877
0 0 0 0 1 8.77319
0 0 0 0 1 8.56426
0 0 0 0 1 8.50322
0 0 0 0 1 8.30704
0 0 0 0 1 8.36193
0 0 0 0 1 8.26703
0 0 0 0 1 8.11427
0 0 0 0 1 7.94028
0 0 0 0 1 7.87896
0 0 0 0 1 7.82639
0 0 0 0 0 7.77163
0 0 0 0 1 7.61855
0 0 0 0 0 7.52757
0 0 0 0 1 7.45186
0 0 0 0 1 7.37797
0 0 0 0 1 7.29499
0 0 0 0 1 7.17791
0 0 0 0 1 7.11919
0 0 0 0 1 7.13838
0 0 0 0 1 7.07152
0 0 0 0 1 6.93039
0 0 0 0 0 6.94014
0 0 0 0 1 6.80753
0 0 0 0 1 6.81822
0 0 0 0 1 6.74731
0 0 0 0 1 6.65676
0 0 0 0 1 6.55372
0 0 0 0 1 6.43857
0 0 0 0 1 6.45595
0 0 0 0 1 6.33542
0 0 0 0 1 6.37064
0 0 0 0 1 6.24749
0 0 0 0 1 6.27504
0 0 0 0 0 6.20257
0 0 0 0 0 6.11218
0 0 0 0 1 6.07714
0 0 0 0 1 5.97254
0 0 0 0 1 5.94378
0 0 0 0 1 5.888
0 0 0 0 1 5.91771
0 0 0 0 1 5.78023
0 0 0 0 1 5.74256
0 0 0 0 1 5.76804
0 0 0 0 1 5.73254
0 0 0 0 1 5.68309
0 0 0 0 0 5.64502
0 0 0 0 0 5.54892
0 0 0 0 1 5.57217
0 0 0 0 1 5.45751
0 0 0 0 1 5.48
0 0 0 0 1 5.42387
0 0 0 0 1 5.40567
0 0 0 0 1 5.29354
0 0 0 0 1 5.3021
0 0 0 0 1 5.2754
0 0 0 0 1 5.22579
0 0 0 0 1 5.21275
0 0 0 0 1 5.16349
0 0 0 0 1 5.07361
0 0 0 0 1 5.09812
0 0 0 0 1 5.02434
0 0 0 0 1 4.96941
0 0 0 0 1 5.00631
0 0 0 0 0 4.93848
0 0 0 0 0 4.9007
0 0 0 0 1 4.89727
0 0 0 0 0 4.89694
0 0 0 0 1 4.83992
0 0 0 0 1 4.8487
0 0 0 0 0 4.87014
0 0 0 0 1 4.82013
0 0 0 0 1 4.85239
0 0 0 0 1 4.88866
0 0 0 0 1 4.84798
0 0 0 0 1 4.90518
0 0 0 0 1 4.89873
0 0 0 0 1 4.96026
0 0 0 0 1 4.98369
0 0 0 0 1 4.99233
0 0 0 0 1 4.94988
0 0 0 0 0 4.96342
0 0 0 0 1 4.97702
0 0 0 0 1 5.02098
0 0 0 0 1 5.03483
0 0 0 0 0 5.03351
0 0 0 0 1 5.1342
0 0 0 0 1 5.10754
0 0 0 0 1 5.12558
0 0 0 0 0 5.16567
0 0 0 0 1 5.14908
0 0 0 0 0 5.17908
0 0 0 0 1 5.23532
0 0 0 0 0 5.20819
0 0 0 0 1 5.27011
0 0 0 0 1 5.23752
0 0 0 0 0 5.32257
0 0 0 0 0 5.30039
0 0 0 0 1 5.37946
0 0 0 0 1 5.33574
0 0 0 0 1 5.34545
0 0 0 0 1 5.40529
0 0 0 0 1 5.44235
0 0 0 0 1 5.46325
0 0 0 0 1 5.51161
0 0 0 0 1 5.46836
0 0 0 0 1 5.56117
0 0 0 0 1 5.49532
0 0 0 0 1 5.53873
0 0 0 0 1 5.61193
0 0 0 0 1 5.62787
0 0 0 0 0 5.59455
0 0 0 0 1 5.71814
0 0 0 0 0 5.6676
0 0 0 0 1 5.67217
0 0 0 0 0 5.76446
0 0 0 0 1 5.74767
0 0 0 0 0 5.85258
0 0 0 0 1 5.78745
0 0 0 0 1 5.8756
0 0 0 0 1 5.95268
0 0 0 0 1 5.95927
0 0 0 0 1 5.93002
0 0 0 0 1 6.0439
0 0 0 0 0 5.95426
0 0 0 0 0 6.06298
0 0 0 0 0 6.01466
0 0 0 0 1 6.09387
0 0 0 0 1 6.16754
0 0 0 0 1 6.1446
0 0 0 0 1 9.56663
0 0 0 0 0 9.43393
0 0 0 0 1 9.44064
0 0 0 0 1 9.49436
0 0 0 0 1 9.2881
0 0 0 0 1 9.25769
0 0 0 0 1 9.36725
0 0 0 0 1 9.32422
0 0 0 0 1 9.29709
0 0 0 0 1 9.2577
0 0 0 0 0 9.14494
0 0 0 0 1 9.08791
0 0 0 0 1 9.21405
0 0 0 0 1 9.03869
0 0 0 0 0 9.17325
0 0 0 0 1 8.97197
0 0 0 0 0 9.11491
0 0 0 0 1 9.09178
0 0 0 0 1 8.95536
0 0 0 0 1 8.90592
0 0 0 0 1 8.91364
0 0 0 0 1 8.88574
0 0 0 0 1 8.87578
0 0 0 0 1 8.8659
0 0 0 0 1 8.72932
0 0 0 0 0 8.75516
0 0 0 0 0 8.702
0 0 0 0 1 8.82598
0 0 0 0 1 8.66828
0 0 0 0 1 8.61244
0 0 0 0 0 8.69051
0 0 0 0 1 8.66959
0 0 0 0 0 8.70403
0 0 0 0 0 8.62304
0 0 0 0 0 8.56315
0 0 0 0 1 8.50869
0 0 0 0 0 8.48372
0 0 0 0 0 8.45538
0 0 0 0 0 8.57164
0 0 0 0 1 8.39925
0 0 0 0 1 8.37991
0 0 0 0 1 8.52101
0 0 0 0 1 8.44629
0 0 0 0 1 8.42717
0 0 0 0 1 8.29933
0 0 0 0 1 8.4061
0 0 0 0 0 8.28734
0 0 0 0 1 8.23951
0 0 0 0 1 8.2629
0 0 0 0 1 8.24487
0 0 0 0 1 8.2893
0 0 0 0 1 8.18895
0 0 0 0 1 8.26192
0 0 0 0 1 8.26075
0 0 0 0 1 8.25148
0 0 0 0 1 8.21781
0 0 0 0 1 8.11092
0 0 0 0 1 8.07786
0 0 0 0 1 8.19942
0 0 0 0 1 8.17461
0 0 0 0 1 8.11762
0 0 0 0 1 8.02865
0 0 0 0 0 8.07717
0 0 0 0 1 8.1296
0 0 0 0 1 8.05744
0 0 0 0 1 8.02576
0 0 0 0 1 8.01832
0 0 0 0 1 7.97906
0 0 0 0 1 7.91989
0 0 0 0 0 8.04037
0 0 0 0 1 7.96981
0 0 0 0 1 7.92343
0 0 0 0 1 7.89317
0 0 0 0 1 7.98527
0 0 0 0 1 7.88419
0 0 0 0 1 7.83874
0 0 0 0 0 7.93073
0 0 0 0 0 7.89683
0 0 0 0 1 7.81267
0 0 0 0 1 7.83855
0 0 0 0 1 7.8254
0 0 0 0 0 7.84689
0 0 0 0 0 7.87298
0 0 0 0 1 7.77461
0 0 0 0 0 7.73418
0 0 0 0 1 7.69089
0 0 0 0 0 7.81364
