0 0 0 0 1 5.53625
0 0 0 0 1 5.50644
0 0 0 0 1 5.57683
0 0 0 0 1 5.52737
0 0 0 0 1 5.62051
0 0 0 0 1 5.64699
0 0 0 0 1 5.54398
0 0 0 0 0 5.55933
0 0 0 0 1 5.58835
0 0 0 0 0 5.60962
0 0 0 0 1 5.67049
0 0 0 0 1 5.64707
0 0 0 0 1 5.69924
0 0 0 0 1 5.6307
0 0 0 0 0 5.6924
0 0 0 0 0 5.63153
0 0 0 0 1 5.65946
0 0 0 0 1 5.72179
0 0 0 0 1 5.65883
0 0 0 0 0 5.67399
0 0 0 0 1 5.68532
0 0 0 0 1 5.7312
0 0 0 0 1 5.71413
0 0 0 0 0 5.73738
0 0 0 0 1 5.73953
0 0 0 0 0 5.8382
0 0 0 0 1 5.77518
0 0 0 0 0 5.82226
0 0 0 0 1 5.84053
0 0 0 0 1 5.87644
0 0 0 0 1 5.84832
0 0 0 0 1 5.8861
0 0 0 0 1 5.87128
0 0 0 0 1 5.86666
0 0 0 0 1 5.87385
0 0 0 0 1 5.88113
0 0 0 0 1 5.90625
0 0 0 0 1 5.89007
0 0 0 0 1 5.90357
0 0 0 0 0 5.9648
0 0 0 0 1 6.02042
0 0 0 0 1 5.95673
0 0 0 0 1 6.03194
0 0 0 0 1 6.05818
0 0 0 0 1 6.03043
0 0 0 0 1 6.04482
0 0 0 0 1 6.08839
0 0 0 0 1 6.04245
0 0 0 0 1 6.11186
0 0 0 0 1 6.10241
0 0 0 0 1 6.16017
0 0 0 0 1 6.1141
0 0 0 0 1 6.12204
0 0 0 0 1 6.2184
0 0 0 0 1 6.12903
0 0 0 0 0 6.23106
0 0 0 0 0 6.2654
0 0 0 0 1 6.1621
0 0 0 0 0 6.29013
0 0 0 0 0 6.31873
0 0 0 0 1 6.30901
0 0 0 0 0 6.28753
0 0 0 0 1 6.34799
0 0 0 0 1 6.33286
0 0 0 0 1 6.36206
0 0 0 0 1 6.42885
0 0 0 0 0 6.44575
0 0 0 0 1 6.35956
0 0 0 0 0 6.47914
0 0 0 0 1 6.399
0 0 0 0 1 6.41606
0 0 0 0 1 6.42598
0 0 0 0 1 6.47572
0 0 0 0 0 6.4801
0 0 0 0 1 6.47796
0 0 0 0 1 6.59974
0 0 0 0 1 6.57753
0 0 0 0 1 6.5492
0 0 0 0 1 6.65253
0 0 0 0 1 6.68344
0 0 0 0 1 6.74125
0 0 0 0 1 6.69953
0 0 0 0 0 6.75824
0 0 0 0 1 6.71574
0 0 0 0 1 6.80811
0 0 0 0 1 6.72469
0 0 0 0 1 6.77683
0 0 0 0 0 6.81565
0 0 0 0 1 6.91645
0 0 0 0 1 6.88022
0 0 0 0 1 6.975
0 0 0 0 0 6.95986
0 0 0 0 1 6.88847
0 0 0 0 1 6.97014
0 0 0 0 1 6.9542
0 0 0 0 1 7.07882
0 0 0 0 0 7.10502
0 0 0 0 0 7.12465
0 0 0 0 1 7.0945
0 0 0 0 1 7.22134
0 0 0 0 1 7.19116
0 0 0 0 1 7.16788
0 0 0 0 1 7.2307
0 0 0 0 1 7.28709
0 0 0 0 0 7.33616
0 0 0 0 1 7.25401
0 0 0 0 0 7.42822
0 0 0 0 0 7.33118
0 0 0 0 1 7.42524
0 0 0 0 1 7.49022
0 0 0 0 1 7.45126
0 0 0 0 1 7.50911
0 0 0 0 1 7.52957
0 0 0 0 1 7.53488
0 0 0 0 1 7.54817
0 0 0 0 1 7.69104
0 0 0 0 1 7.66592
0 0 0 0 1 7.71762
0 0 0 0 1 7.76962
0 0 0 0 1 7.82972
0 0 0 0 1 7.77317
0 0 0 0 1 7.84916
0 0 0 0 1 7.86985
0 0 0 0 1 7.91485
0 0 0 0 0 7.97552
0 0 0 0 1 8.10934
0 0 0 0 1 8.099
0 0 0 0 1 8.17749
0 0 0 0 1 8.0686
0 0 0 0 1 8.19639
0 0 0 0 0 8.27526
0 0 0 0 1 8.20564
0 0 0 0 1 8.24382
0 0 0 0 1 8.432
0 0 0 0 1 8.47052
0 0 0 0 1 8.44146
0 0 0 0 0 8.58182
0 0 0 0 1 8.58655
0 0 0 0 1 8.50577
0 0 0 0 1 8.65632
0 0 0 0 1 8.72926
0 0 0 0 1 8.7247
0 0 0 0 0 8.74522
0 0 0 0 1 8.89988
0 0 0 0 1 8.95645
0 0 0 0 1 8.95951
0 0 0 0 1 9.04315
0 0 0 0 1 9.082
0 0 0 0 1 9.04887
0 0 0 0 1 9.17891
0 0 0 0 1 9.18087
0 0 0 0 1 9.36801
0 0 0 0 1 9.37116
0 0 0 0 1 9.44684
0 0 0 0 1 9.48616
0 0 0 0 1 9.57183
0 0 0 0 1 9.51411
0 0 0 0 1 9.73614
0 0 0 0 1 9.67744
0 0 0 0 1 9.74437
0 0 0 0 0 9.84105
0 0 0 0 1 10.0091
0 0 0 0 0 9.96627
0 0 0 0 1 10.0039
0 0 0 0 1 10.0498
0 0 0 0 1 10.0972
0 0 0 0 1 10.2659
0 0 0 0 0 10.3431
0 0 0 0 1 10.4953
0 0 0 0 1 10.563
0 0 0 0 0 10.6095
0 0 0 0 1 10.6325
0 0 0 0 0 10.6783
0 0 0 0 1 10.7216
0 0 0 0 0 9.33381
0 0 0 0 1 9.2632
0 0 0 0 1 9.19777
0 0 0 0 1 9.25734
0 0 0 0 1 9.31221
0 0 0 0 1 9.11386
0 0 0 0 0 9.24233
0 0 0 0 0 9.1734
0 0 0 0 1 9.08203
0 0 0 0 1 9.2054
0 0 0 0 1 9.11452
0 0 0 0 1 9.10134
0 0 0 0 1 9.14708
0 0 0 0 1 9.03002
0 0 0 0 0 9.0535
0 0 0 0 1 9.01829
0 0 0 0 1 8.96111
0 0 0 0 1 8.98915
0 0 0 0 1 8.98138
0 0 0 0 1 8.91122
0 0 0 0 1 8.8552
0 0 0 0 1 8.83022
0 0 0 0 1 8.92082
0 0 0 0 1 8.93145
0 0 0 0 1 8.76524
0 0 0 0 1 8.87835
0 0 0 0 1 8.80121
0 0 0 0 1 8.786
0 0 0 0 1 8.69194
0 0 0 0 1 8.84371
0 0 0 0 1 8.72382
0 0 0 0 0 8.71439
0 0 0 0 1 8.79591
0 0 0 0 1 8.6684
0 0 0 0 1 8.63701
0 0 0 0 1 8.75331
0 0 0 0 1 8.73943
0 0 0 0 1 8.69978
0 0 0 0 1 8.54812
0 0 0 0 1 8.56086
0 0 0 0 0 8.53925
0 0 0 0 1 8.54361
0 0 0 0 1 8.57384
0 0 0 0 1 8.62125
0 0 0 0 0 8.48039
0 0 0 0 1 8.50242
0 0 0 0 0 8.57021
0 0 0 0 1 8.49854
0 0 0 0 1 8.65273
0 0 0 0 1 8.72604
0 0 0 0 1 8.80685
0 0 0 0 0 8.98568
0 0 0 0 1 9.02962
0 0 0 0 1 9.30221
0 0 0 0 1 9.40075
0 0 0 0 1 9.54579
0 0 0 0 1 9.59391
0 0 0 0 1 9.85517
0 0 0 0 1 10.0599
0 0 0 0 1 10.174
0 0 0 0 0 10.3691
0 0 0 0 0 10.5106
0 0 0 0 1 10.6623
0 0 0 0 1 10.898
0 0 0 0 1 11.1574
0 0 0 0 1 11.4289
0 0 0 0 1 11.5272
0 0 0 0 1 11.7959
0 0 0 0 1 11.9578
0 0 0 0 1 12.1856
0 0 0 0 1 12.6737
0 0 0 0 1 12.7576
0 0 0 0 1 22.7737
0 0 0 0 1 22.6639
0 0 0 0 1 22.5529
0 0 0 0 1 22.8751
0 0 0 0 1 22.4949
0 0 0 0 0 22.7722
0 0 0 0 1 22.4387
0 0 0 0 1 22.6938
0 0 0 0 1 22.7005
0 0 0 0 1 22.6624
0 0 0 0 1 22.3992
0 0 0 0 1 22.3623
0 0 0 0 1 22.6651
0 0 0 0 1 22.5387
0 0 0 0 1 22.6154
0 0 0 0 1 22.67
0 0 0 0 0 22.4551
0 0 0 0 0 22.6454
0 0 0 0 0 23.1532
0 0 0 0 1 24.1962
0 0 0 0 0 24.892
0 0 0 0 1 26.2909
0 0 0 0 1 36.3448
0 0 0 0 1 36.1114
0 0 0 0 1 36.5703
0 0 0 0 1 36.0838
0 0 0 0 1 36.0286
0 0 0 0 1 38.8345
0 0 0 0 1 52.3791
0 0 0 0 1 52.5196
0 0 0 0 1 52.5576
0 0 0 0 0 51.6595
0 0 0 0 1 52.2192
0 0 0 0 1 56.0469
0 0 0 0 1 65.1352
0 0 0 0 1 69.8729
0 0 0 0 1 81.5646
0 0 0 0 0 5.00499
0 0 0 0 0 5.00499
0 0 0 0 0 5.04006
0 0 0 0 0 5.02002
0 0 0 0 0 4.96491
0 0 0 0 0 5.04507
0 0 0 0 0 5.05509
0 0 0 0 0 4.98996
0 0 0 0 0 4.9599
0 0 0 0 0 4.97994
0 0 0 0 0 4.98996
0 0 0 0 0 5.05509
0 0 0 0 1 88.3791
0 0 0 0 1 88.4759
0 0 0 0 1 75.2952
0 0 0 0 1 63.9666
0 0 0 0 1 60.3448
0 0 0 0 1 60.0533
0 0 0 0 1 61.0339
0 0 0 0 0 51.3644
0 0 0 0 0 48.419
0 0 0 0 0 48.2395
0 0 0 0 1 39.4313
0 0 0 0 1 36.5989
0 0 0 0 1 35.3112
0 0 0 0 1 35.8584
0 0 0 0 1 35.3709
0 0 0 0 1 36.0271
0 0 0 0 1 27.8532
0 0 0 0 1 27.0715
0 0 0 0 1 25.8955
0 0 0 0 0 24.4915
0 0 0 0 1 24.8479
0 0 0 0 1 24.5399
0 0 0 0 1 24.7732
0 0 0 0 1 24.9098
0 0 0 0 0 24.7508
0 0 0 0 1 24.8143
0 0 0 0 0 24.5572
0 0 0 0 1 24.943
0 0 0 0 1 24.5862
0 0 0 0 0 18.0907
0 0 0 0 1 17.5266
0 0 0 0 1 17.1058
0 0 0 0 1 16.6273
0 0 0 0 1 16.3099
0 0 0 0 1 15.816
0 0 0 0 1 15.3615
0 0 0 0 0 15.1514
0 0 0 0 0 14.831
0 0 0 0 0 14.3365
0 0 0 0 1 14.24
0 0 0 0 1 13.9703
0 0 0 0 1 13.8571
0 0 0 0 1 13.9665
0 0 0 0 1 13.784
0 0 0 0 1 14.0473
0 0 0 0 1 13.895
0 0 0 0 1 14.0617
0 0 0 0 1 13.9214
0 0 0 0 1 14.0888
0 0 0 0 1 13.881
0 0 0 0 1 14.0352
0 0 0 0 1 14.1057
0 0 0 0 1 13.9378
0 0 0 0 1 14.0816
0 0 0 0 1 14.1531
0 0 0 0 1 14.0134
0 0 0 0 0 14.0033
0 0 0 0 1 14.2169
0 0 0 0 1 14.0917
0 0 0 0 0 14.139
0 0 0 0 0 14.0847
0 0 0 0 1 14.0617
0 0 0 0 1 14.292
0 0 0 0 1 14.3551
0 0 0 0 1 14.1162
0 0 0 0 0 14.3368
0 0 0 0 0 14.2692
0 0 0 0 1 14.3049
0 0 0 0 1 14.3809
0 0 0 0 0 8.76414
0 0 0 0 1 8.64251
0 0 0 0 1 8.52127
0 0 0 0 1 8.44376
0 0 0 0 0 8.45808
0 0 0 0 1 8.37021
0 0 0 0 1 8.1851
0 0 0 0 0 8.1709
0 0 0 0 1 8.05223
0 0 0 0 1 7.95008
0 0 0 0 1 7.78729
0 0 0 0 1 7.73301
0 0 0 0 1 7.69496
0 0 0 0 1 7.49734
0 0 0 0 1 7.45186
0 0 0 0 1 7.40757
0 0 0 0 1 7.25109
0 0 0 0 1 7.27207
0 0 0 0 1 7.16221
0 0 0 0 1 7.11709
0 0 0 0 1 6.95916
0 0 0 0 1 6.94431
0 0 0 0 1 6.89195
0 0 0 0 1 6.79389
0 0 0 0 1 6.69659
0 0 0 0 0 6.62682
0 0 0 0 1 6.61698
0 0 0 0 1 6.60626
0 0 0 0 1 6.47109
0 0 0 0 1 6.38501
0 0 0 0 1 6.37374
0 0 0 0 1 6.34531
0 0 0 0 1 6.32284
0 0 0 0 0 6.18166
0 0 0 0 1 6.22108
0 0 0 0 1 6.06324
0 0 0 0 1 6.04075
0 0 0 0 1 6.08091
0 0 0 0 1 5.91991
0 0 0 0 1 5.95909
0 0 0 0 1 5.86487
0 0 0 0 1 5.86763
0 0 0 0 0 5.78883
0 0 0 0 0 5.7623
0 0 0 0 1 5.69273
0 0 0 0 0 5.68309
0 0 0 0 0 5.58902
0 0 0 0 1 5.52666
0 0 0 0 1 5.52799
0 0 0 0 1 5.49038
0 0 0 0 1 5.46913
0 0 0 0 1 5.44007
0 0 0 0 1 5.41104
0 0 0 0 0 5.30419
0 0 0 0 1 5.31268
0 0 0 0 1 5.28065
0 0 0 0 0 5.16321
0 0 0 0 0 5.14021
0 0 0 0 1 5.19438
0 0 0 0 1 5.08896
0 0 0 0 0 5.10827
0 0 0 0 1 4.99914
0 0 0 0 0 5.05967
0 0 0 0 1 4.93159
0 0 0 0 1 4.96817
0 0 0 0 1 4.9007
0 0 0 0 1 4.89727
0 0 0 0 0 4.80949
0 0 0 0 0 4.84957
0 0 0 0 1 4.83426
0 0 0 0 1 4.85083
0 0 0 0 1 4.83466
0 0 0 0 1 4.90588
0 0 0 0 1 4.86916
0 0 0 0 0 4.92625
0 0 0 0 1 4.93464
0 0 0 0 1 4.95787
0 0 0 0 1 4.9652
0 0 0 0 1 4.9936
0 0 0 0 0 4.94753
0 0 0 0 1 4.99479
0 0 0 0 0 4.99848
0 0 0 0 1 4.99713
0 0 0 0 1 5.03611
0 0 0 0 1 5.07029
0 0 0 0 1 5.12502
0 0 0 0 1 5.09337
0 0 0 0 0 5.08705
0 0 0 0 1 5.1564
0 0 0 0 1 5.1502
0 0 0 0 1 5.18531
0 0 0 0 1 5.1583
0 0 0 0 0 5.21968
0 0 0 0 1 5.19772
0 0 0 0 1 5.26486
0 0 0 0 1 5.22697
0 0 0 0 1 5.32257
0 0 0 0 1 5.3536
0 0 0 0 1 5.39015
0 0 0 0 1 5.41082
0 0 0 0 1 5.34007
0 0 0 0 0 5.42152
0 0 0 0 1 5.45864
0 0 0 0 0 5.48506
0 0 0 0 1 5.46783
0 0 0 0 1 5.52337
0 0 0 0 0 5.4949
0 0 0 0 0 5.56748
0 0 0 0 1 5.58888
0 0 0 0 1 5.62314
0 0 0 0 1 5.66161
0 0 0 0 1 5.63976
0 0 0 0 0 5.65007
0 0 0 0 0 5.73602
0 0 0 0 1 5.69506
0 0 0 0 1 5.77597
0 0 0 0 1 5.84018
0 0 0 0 0 5.84676
0 0 0 0 1 5.87496
0 0 0 0 0 5.8111
0 0 0 0 0 5.90553
0 0 0 0 1 5.89411
0 0 0 0 1 6.01338
0 0 0 0 1 6.01398
0 0 0 0 1 6.07454
0 0 0 0 1 6.03276
0 0 0 0 0 6.05111
0 0 0 0 1 6.16103
0 0 0 0 1 6.1614
0 0 0 0 1 6.2187
0 0 0 0 0 9.45241
0 0 0 0 1 9.44341
0 0 0 0 0 9.51624
0 0 0 0 1 9.37191
0 0 0 0 1 9.39131
0 0 0 0 0 9.27639
0 0 0 0 1 9.23676
0 0 0 0 1 9.23125
0 0 0 0 1 9.33413
0 0 0 0 1 9.27616
0 0 0 0 1 9.20934
0 0 0 0 1 9.14293
0 0 0 0 0 9.19577
0 0 0 0 1 9.2027
0 0 0 0 1 9.10968
0 0 0 0 1 9.06251
0 0 0 0 1 9.10588
0 0 0 0 0 9.03777
0 0 0 0 1 8.92844
0 0 0 0 0 9.04018
0 0 0 0 1 8.98502
0 0 0 0 0 8.9569
0 0 0 0 1 8.78711
0 0 0 0 1 8.92777
0 0 0 0 1 8.88803
0 0 0 0 0 8.81669
0 0 0 0 1 8.69324
0 0 0 0 1 8.79974
0 0 0 0 1 8.72933
0 0 0 0 1 8.68204
0 0 0 0 1 8.68183
0 0 0 0 0 8.66094
0 0 0 0 1 8.63502
0 0 0 0 1 8.56279
0 0 0 0 0 8.66611
0 0 0 0 1 8.61141
0 0 0 0 0 8.58614
0 0 0 0 1 8.49796
0 0 0 0 1 8.44422
0 0 0 0 1 8.44163
0 0 0 0 1 8.44756
0 0 0 0 1 8.42821
0 0 0 0 1 8.37899
0 0 0 0 1 8.30966
0 0 0 0 1 8.45845
0 0 0 0 1 8.38103
0 0 0 0 1 8.31236
0 0 0 0 1 8.39748
0 0 0 0 1 8.23801
0 0 0 0 1 8.36076
0 0 0 0 1 8.33062
0 0 0 0 1 8.29616
0 0 0 0 1 8.27838
0 0 0 0 1 8.12937
0 0 0 0 1 8.20232
0 0 0 0 1 8.25869
0 0 0 0 1 8.12724
0 0 0 0 1 8.18372
0 0 0 0 1 8.19129
0 0 0 0 1 8.13406
0 0 0 0 1 8.05287
0 0 0 0 1 8.09326
0 0 0 0 1 7.98044
0 0 0 0 1 8.01692
0 0 0 0 1 8.00121
0 0 0 0 1 8.06585
0 0 0 0 1 7.93029
0 0 0 0 0 7.92316
0 0 0 0 1 8.03155
0 0 0 0 1 7.88115
0 0 0 0 1 7.86651
0 0 0 0 0 7.99481
0 0 0 0 1 7.86942
0 0 0 0 1 7.96946
0 0 0 0 0 7.93155
0 0 0 0 1 7.83087
0 0 0 0 1 7.89926
0 0 0 0 0 7.84183
0 0 0 0 1 7.82051
0 0 0 0 0 7.83855
0 0 0 0 1 7.8254
0 0 0 0 1 7.74539
0 0 0 0 1 7.86519
0 0 0 0 1 7.85244
0 0 0 0 1 7.83523
0 0 0 0 1 7.69865
0 0 0 0 1 7.76713
