0 0 0 0 1 5.56953
0 0 0 0 1 5.58979
0 0 0 0 1 5.61579
0 0 0 0 1 5.51623
0 0 0 0 1 5.55354
0 0 0 0 1 5.60786
0 0 0 0 1 5.6223
0 0 0 0 1 5.59295
0 0 0 0 1 5.58274
0 0 0 0 0 5.61524
0 0 0 0 1 5.67049
0 0 0 0 1 5.64707
0 0 0 0 0 5.69924
0 0 0 0 1 5.69861
0 0 0 0 1 5.71508
0 0 0 0 1 5.71101
0 0 0 0 1 5.72771
0 0 0 0 1 5.72749
0 0 0 0 1 5.71593
0 0 0 0 1 5.73685
0 0 0 0 1 5.73685
0 0 0 0 1 5.77136
0 0 0 0 1 5.75437
0 0 0 0 0 5.81803
0 0 0 0 1 5.82605
0 0 0 0 1 5.72837
0 0 0 0 1 5.73463
0 0 0 0 1 5.78743
0 0 0 0 1 5.79981
0 0 0 0 1 5.88227
0 0 0 0 1 5.88337
0 0 0 0 0 5.83929
0 0 0 0 0 5.86542
0 0 0 0 0 5.86666
0 0 0 0 1 5.92093
0 0 0 0 1 5.94602
0 0 0 0 1 5.94173
0 0 0 0 1 5.97895
0 0 0 0 0 5.95702
0 0 0 0 0 5.97076
0 0 0 0 0 6.02042
0 0 0 0 1 6.03448
0 0 0 0 1 6.00798
0 0 0 0 0 6.01014
0 0 0 0 1 5.96422
0 0 0 0 1 6.06895
0 0 0 0 0 6.06419
0 0 0 0 1 6.07885
0 0 0 0 0 6.14227
0 0 0 0 1 6.05364
0 0 0 0 1 6.09905
0 0 0 0 1 6.12023
0 0 0 0 1 6.1036
0 0 0 0 0 6.2184
0 0 0 0 1 6.22779
0 0 0 0 0 6.23725
0 0 0 0 0 6.17855
0 0 0 0 1 6.23057
0 0 0 0 0 6.18405
0 0 0 0 0 6.26243
0 0 0 0 1 6.23368
0 0 0 0 0 6.28123
0 0 0 0 1 6.32275
0 0 0 0 1 6.28225
0 0 0 0 0 6.38744
0 0 0 0 0 6.35883
0 0 0 0 1 6.40746
0 0 0 0 1 6.43001
0 0 0 0 1 6.47914
0 0 0 0 1 6.37966
0 0 0 0 1 6.42898
0 0 0 0 1 6.54918
0 0 0 0 1 6.47572
0 0 0 0 0 6.50618
0 0 0 0 1 6.51719
0 0 0 0 1 6.54069
0 0 0 0 1 6.61703
0 0 0 0 1 6.5492
0 0 0 0 0 6.60615
0 0 0 0 1 6.58369
0 0 0 0 1 6.62111
0 0 0 0 0 6.6393
0 0 0 0 0 6.72468
0 0 0 0 1 6.68206
0 0 0 0 1 6.72022
0 0 0 0 1 6.76541
0 0 0 0 1 6.74278
0 0 0 0 1 6.76779
0 0 0 0 0 6.84097
0 0 0 0 1 6.94909
0 0 0 0 1 6.84366
0 0 0 0 1 7.00146
0 0 0 0 0 6.93022
0 0 0 0 1 7.00506
0 0 0 0 1 6.96121
0 0 0 0 0 6.96623
0 0 0 0 0 7.11209
0 0 0 0 1 7.0395
0 0 0 0 1 7.11587
0 0 0 0 1 7.16414
0 0 0 0 1 7.15528
0 0 0 0 0 7.27594
0 0 0 0 1 7.20898
0 0 0 0 1 7.32342
0 0 0 0 1 7.32156
0 0 0 0 1 7.3053
0 0 0 0 1 7.37669
0 0 0 0 0 7.41239
0 0 0 0 0 7.48458
0 0 0 0 1 7.44551
0 0 0 0 1 7.42882
0 0 0 0 0 7.56173
0 0 0 0 1 7.52957
0 0 0 0 0 7.55006
0 0 0 0 1 7.56341
0 0 0 0 0 7.62982
0 0 0 0 0 7.61978
0 0 0 0 1 7.77943
0 0 0 0 1 7.77739
0 0 0 0 1 7.80632
0 0 0 0 1 7.82013
0 0 0 0 1 7.90421
0 0 0 0 0 7.92521
0 0 0 0 1 7.88306
0 0 0 0 1 7.93557
0 0 0 0 1 8.00497
0 0 0 0 1 8.0506
0 0 0 0 1 8.16938
0 0 0 0 0 8.07675
0 0 0 0 1 8.14726
0 0 0 0 1 8.17645
0 0 0 0 1 8.27188
0 0 0 0 1 8.35196
0 0 0 0 0 8.38181
0 0 0 0 1 8.42846
0 0 0 0 1 8.37379
0 0 0 0 0 8.58182
0 0 0 0 1 8.49247
0 0 0 0 1 8.56591
0 0 0 0 0 8.58721
0 0 0 0 1 8.64232
0 0 0 0 1 8.6635
0 0 0 0 1 8.81561
0 0 0 0 1 8.91756
0 0 0 0 1 8.84082
0 0 0 0 1 8.87
0 0 0 0 0 8.98911
0 0 0 0 1 9.00948
0 0 0 0 1 9.03975
0 0 0 0 1 9.25227
0 0 0 0 0 9.31005
0 0 0 0 1 9.30302
0 0 0 0 1 9.31515
0 0 0 0 1 9.41864
0 0 0 0 1 9.42941
0 0 0 0 1 9.6004
0 0 0 0 1 9.55247
0 0 0 0 1 9.6879
0 0 0 0 1 9.76489
0 0 0 0 1 9.85199
0 0 0 0 1 9.8903
0 0 0 0 1 9.85056
0 0 0 0 0 9.89636
0 0 0 0 0 10.0743
0 0 0 0 0 10.0903
0 0 0 0 1 10.2909
0 0 0 0 1 10.2248
0 0 0 0 1 10.3949
0 0 0 0 1 10.4119
0 0 0 0 1 10.416
0 0 0 0 0 10.6307
0 0 0 0 1 10.6112
0 0 0 0 0 10.8287
0 0 0 0 1 10.7216
0 0 0 0 1 9.26867
0 0 0 0 1 9.27249
0 0 0 0 0 9.25335
0 0 0 0 1 9.29429
0 0 0 0 1 9.31221
0 0 0 0 1 9.26101
0 0 0 0 1 9.18726
0 0 0 0 0 9.11847
0 0 0 0 1 9.22822
0 0 0 0 1 9.02311
0 0 0 0 1 9.00537
0 0 0 0 1 8.99246
0 0 0 0 1 9.12897
0 0 0 0 1 9.01194
0 0 0 0 1 9.08055
0 0 0 0 0 9.03629
0 0 0 0 1 9.01499
0 0 0 0 1 8.87264
0 0 0 0 1 8.90087
0 0 0 0 0 8.9648
0 0 0 0 0 8.8552
0 0 0 0 1 8.94582
0 0 0 0 1 8.82318
0 0 0 0 1 8.8517
0 0 0 0 1 8.80062
0 0 0 0 1 8.87835
0 0 0 0 0 8.87169
0 0 0 0 1 8.71565
0 0 0 0 1 8.77095
0 0 0 0 1 8.74729
0 0 0 0 0 8.82007
0 0 0 0 1 8.8017
0 0 0 0 1 8.639
0 0 0 0 1 8.651
0 0 0 0 1 8.65439
0 0 0 0 1 8.65788
0 0 0 0 1 8.57486
0 0 0 0 1 8.6133
0 0 0 0 1 8.62583
0 0 0 0 1 8.63845
0 0 0 0 1 8.65115
0 0 0 0 1 8.50923
0 0 0 0 1 8.51376
0 0 0 0 1 8.53555
0 0 0 0 1 8.59164
0 0 0 0 1 8.52806
0 0 0 0 1 8.58729
0 0 0 0 0 8.60083
0 0 0 0 0 8.58413
0 0 0 0 1 8.76084
0 0 0 0 1 8.85097
0 0 0 0 1 8.94088
0 0 0 0 1 9.12056
0 0 0 0 0 9.14517
0 0 0 0 0 9.46643
0 0 0 0 0 9.50764
0 0 0 0 0 9.61328
0 0 0 0 0 9.81579
0 0 0 0 1 9.93974
0 0 0 0 1 10.174
0 0 0 0 1 10.2862
0 0 0 0 1 10.5001
0 0 0 0 0 10.716
0 0 0 0 1 11.0293
0 0 0 0 1 11.1574
0 0 0 0 1 11.3153
0 0 0 0 0 11.4809
0 0 0 0 1 11.926
0 0 0 0 1 12.1627
0 0 0 0 0 12.2348
0 0 0 0 1 12.4725
0 0 0 0 1 12.7833
0 0 0 0 0 22.5009
0 0 0 0 1 22.9364
0 0 0 0 1 22.8706
0 0 0 0 1 22.5124
0 0 0 0 0 22.427
0 0 0 0 1 22.7722
0 0 0 0 1 22.8006
0 0 0 0 1 22.3774
0 0 0 0 1 22.6101
0 0 0 0 1 22.6398
0 0 0 0 1 22.4218
0 0 0 0 1 22.6328
0 0 0 0 1 22.3947
0 0 0 0 1 22.4261
0 0 0 0 0 22.6829
0 0 0 0 1 22.4675
0 0 0 0 1 22.7024
0 0 0 0 0 22.6229
0 0 0 0 1 23.4316
0 0 0 0 1 24.2927
0 0 0 0 1 25.1934
0 0 0 0 1 26.1598
0 0 0 0 1 36.5269
0 0 0 0 1 36.5118
0 0 0 0 1 36.0608
0 0 0 0 1 36.011
0 0 0 0 1 36.1742
0 0 0 0 1 38.4107
0 0 0 0 1 51.546
0 0 0 0 1 51.843
0 0 0 0 0 51.9852
0 0 0 0 1 51.6075
0 0 0 0 1 51.5951
0 0 0 0 1 55.9341
0 0 0 0 1 65.2007
0 0 0 0 1 69.1066
0 0 0 0 1 82.3009
0 0 0 0 0 4.97493
0 0 0 0 0 4.97493
0 0 0 0 0 5.04006
0 0 0 0 0 5.05509
0 0 0 0 0 5.02002
0 0 0 0 0 5.05509
0 0 0 0 0 5.0601
0 0 0 0 0 5.03004
0 0 0 0 0 4.9599
0 0 0 0 0 5.0601
0 0 0 0 0 5.01501
0 0 0 0 0 5.04507
0 0 0 0 1 86.9777
0 0 0 0 1 88.2131
0 0 0 0 1 74.9195
0 0 0 0 1 64.2858
0 0 0 0 0 60.0422
0 0 0 0 0 60.4771
0 0 0 0 1 61.155
0 0 0 0 0 52.0864
0 0 0 0 1 47.5553
0 0 0 0 1 48.2395
0 0 0 0 1 39.4705
0 0 0 0 1 37.1512
0 0 0 0 1 35.9532
0 0 0 0 0 35.7514
0 0 0 0 1 35.5137
0 0 0 0 1 35.3843
0 0 0 0 0 27.8532
0 0 0 0 1 26.8839
0 0 0 0 1 25.8442
0 0 0 0 0 24.7376
0 0 0 0 1 24.7986
0 0 0 0 1 24.6878
0 0 0 0 1 24.7732
0 0 0 0 1 24.5891
0 0 0 0 1 24.6027
0 0 0 0 0 24.5427
0 0 0 0 1 24.8537
0 0 0 0 1 24.8194
0 0 0 0 1 24.5368
0 0 0 0 0 18.1089
0 0 0 0 1 17.7388
0 0 0 0 0 17.0886
0 0 0 0 1 16.6608
0 0 0 0 0 16.4402
0 0 0 0 0 16.0383
0 0 0 0 1 15.4699
0 0 0 0 0 15.0607
0 0 0 0 1 14.9048
0 0 0 0 1 14.3077
0 0 0 0 1 14.24
0 0 0 0 0 13.9981
0 0 0 0 0 13.9683
0 0 0 0 1 13.8414
0 0 0 0 1 13.965
0 0 0 0 1 13.7965
0 0 0 0 1 13.8671
0 0 0 0 1 14.0337
0 0 0 0 0 13.8375
0 0 0 0 1 13.9489
0 0 0 0 1 14.1471
0 0 0 0 1 13.9511
0 0 0 0 1 13.8952
0 0 0 0 1 14.0642
0 0 0 0 1 14.1519
0 0 0 0 0 14.0686
0 0 0 0 1 14.1826
0 0 0 0 1 13.9751
0 0 0 0 1 14.2735
0 0 0 0 0 14.2756
0 0 0 0 1 14.0399
0 0 0 0 0 14.2266
0 0 0 0 1 14.1611
0 0 0 0 0 14.0786
0 0 0 0 0 14.3266
0 0 0 0 1 14.4014
0 0 0 0 1 14.3225
0 0 0 0 0 14.2263
0 0 0 0 1 14.3049
0 0 0 0 1 14.2232
0 0 0 0 1 8.75531
0 0 0 0 0 8.79933
0 0 0 0 1 8.62445
0 0 0 0 1 8.57968
0 0 0 0 1 8.32383
0 0 0 0 1 8.36193
0 0 0 0 1 8.20968
0 0 0 0 0 8.06573
0 0 0 0 0 7.93229
0 0 0 0 0 7.97379
0 0 0 0 0 7.84202
0 0 0 0 0 7.68666
0 0 0 0 1 7.58798
0 0 0 0 1 7.63338
0 0 0 0 1 7.42944
0 0 0 0 1 7.37797
0 0 0 0 1 7.30962
0 0 0 0 1 7.19239
0 0 0 0 0 7.14787
0 0 0 0 0 7.04613
0 0 0 0 1 6.95916
0 0 0 0 1 6.90256
0 0 0 0 1 6.82998
0 0 0 0 1 6.80753
0 0 0 0 1 6.81146
0 0 0 0 1 6.74061
0 0 0 0 1 6.66339
0 0 0 0 1 6.60626
0 0 0 0 1 6.54263
0 0 0 0 0 6.4882
0 0 0 0 0 6.35458
0 0 0 0 1 6.34531
0 0 0 0 1 6.31028
0 0 0 0 0 6.16299
0 0 0 0 1 6.21491
0 0 0 0 1 6.14889
0 0 0 0 0 6.07108
0 0 0 0 1 6.07489
0 0 0 0 1 5.96169
0 0 0 0 0 5.97093
0 0 0 0 1 5.91771
0 0 0 0 1 5.79771
0 0 0 0 0 5.75991
0 0 0 0 1 5.68769
0 0 0 0 0 5.66999
0 0 0 0 0 5.63794
0 0 0 0 1 5.56102
0 0 0 0 0 5.54336
0 0 0 0 1 5.5556
0 0 0 0 1 5.43559
0 0 0 0 1 5.45825
0 0 0 0 0 5.42927
0 0 0 0 1 5.31441
0 0 0 0 0 5.35745
0 0 0 0 0 5.31268
0 0 0 0 1 5.28065
0 0 0 0 1 5.24144
0 0 0 0 0 5.14539
0 0 0 0 1 5.10172
0 0 0 0 0 5.15544
0 0 0 0 1 5.02711
0 0 0 0 1 5.08481
0 0 0 0 1 4.96941
0 0 0 0 1 4.97144
0 0 0 0 1 4.95332
0 0 0 0 1 4.91053
0 0 0 0 1 4.83868
0 0 0 0 0 4.87265
0 0 0 0 1 4.83509
0 0 0 0 1 4.76685
0 0 0 0 1 4.80739
0 0 0 0 1 4.83466
0 0 0 0 1 4.86698
0 0 0 0 1 4.85454
0 0 0 0 0 4.8969
0 0 0 0 1 4.91991
0 0 0 0 1 4.97265
0 0 0 0 0 4.9899
0 0 0 0 1 5.00352
0 0 0 0 1 4.95749
0 0 0 0 0 4.94988
0 0 0 0 1 5.0135
0 0 0 0 1 5.06249
0 0 0 0 1 5.01593
0 0 0 0 1 5.03483
0 0 0 0 1 5.06401
0 0 0 0 1 5.08827
0 0 0 0 1 5.15365
0 0 0 0 1 5.1564
0 0 0 0 0 5.11927
0 0 0 0 1 5.12321
0 0 0 0 1 5.16349
0 0 0 0 1 5.24053
0 0 0 0 1 5.21342
0 0 0 0 1 5.28588
0 0 0 0 0 5.29026
0 0 0 0 1 5.31727
0 0 0 0 1 5.2791
0 0 0 0 0 5.34741
0 0 0 0 1 5.38401
0 0 0 0 1 5.3293
0 0 0 0 1 5.39988
0 0 0 0 1 5.42605
0 0 0 0 0 5.4578
0 0 0 0 1 5.51709
0 0 0 0 1 5.55088
0 0 0 0 0 5.47833
0 0 0 0 0 5.56748
0 0 0 0 0 5.59445
0 0 0 0 0 5.61753
0 0 0 0 0 5.56603
0 0 0 0 1 5.62281
0 0 0 0 1 5.61603
0 0 0 0 0 5.70751
0 0 0 0 0 5.69506
0 0 0 0 1 5.7472
0 0 0 0 0 5.79393
0 0 0 0 1 5.87001
0 0 0 0 1 5.84579
0 0 0 0 1 5.86974
0 0 0 0 1 5.86427
0 0 0 0 0 5.88819
0 0 0 0 1 6.01338
0 0 0 0 1 5.99005
0 0 0 0 1 5.9723
0 0 0 0 1 6.03276
0 0 0 0 1 6.01466
0 0 0 0 1 6.14882
0 0 0 0 1 6.17981
0 0 0 0 1 6.20018
0 0 0 0 0 9.49048
0 0 0 0 0 9.51926
0 0 0 0 0 9.38394
0 0 0 0 1 9.36249
0 0 0 0 1 9.33501
0 0 0 0 1 9.39796
0 0 0 0 1 9.41386
0 0 0 0 1 9.3614
0 0 0 0 1 9.35265
0 0 0 0 1 9.21155
0 0 0 0 1 9.11733
0 0 0 0 1 9.26215
0 0 0 0 1 9.22319
0 0 0 0 1 9.18448
0 0 0 0 1 9.11876
0 0 0 0 1 9.10777
0 0 0 0 1 8.97051
0 0 0 0 1 9.02877
0 0 0 0 1 8.89255
0 0 0 0 0 8.91487
0 0 0 0 1 8.83334
0 0 0 0 1 8.85017
0 0 0 0 1 8.83144
0 0 0 0 0 8.91009
0 0 0 0 1 8.75577
0 0 0 0 1 8.87822
0 0 0 0 1 8.83345
0 0 0 0 1 8.78225
0 0 0 0 1 8.75549
0 0 0 0 1 8.64724
0 0 0 0 1 8.69051
0 0 0 0 1 8.72151
0 0 0 0 0 8.6609
0 0 0 0 1 8.51977
0 0 0 0 1 8.54599
0 0 0 0 1 8.62853
0 0 0 0 1 8.59467
0 0 0 0 1 8.48093
0 0 0 0 1 8.55465
0 0 0 0 0 8.44163
0 0 0 0 1 8.53212
0 0 0 0 0 8.52101
0 0 0 0 1 8.37899
0 0 0 0 1 8.41039
0 0 0 0 1 8.41658
0 0 0 0 0 8.28076
0 0 0 0 1 8.27901
0 0 0 0 1 8.37254
0 0 0 0 1 8.30438
0 0 0 0 1 8.22004
0 0 0 0 1 8.24798
0 0 0 0 1 8.21369
0 0 0 0 1 8.30306
0 0 0 0 1 8.17864
0 0 0 0 1 8.15316
0 0 0 0 1 8.19328
0 0 0 0 1 8.20068
0 0 0 0 1 8.16743
0 0 0 0 1 8.13441
0 0 0 0 1 8.0854
0 0 0 0 1 8.1338
0 0 0 0 1 7.99634
0 0 0 0 1 8.00462
0 0 0 0 1 8.1296
0 0 0 0 1 8.09761
0 0 0 0 0 8.06585
0 0 0 0 0 8.01031
0 0 0 0 1 7.97906
0 0 0 0 1 7.91191
0 0 0 0 0 7.94484
0 0 0 0 1 7.93803
0 0 0 0 1 7.85998
0 0 0 0 1 7.90109
0 0 0 0 0 7.97737
0 0 0 0 1 7.85262
0 0 0 0 1 7.89389
0 0 0 0 1 7.80485
0 0 0 0 1 7.84969
0 0 0 0 1 7.90679
0 0 0 0 0 7.81506
0 0 0 0 1 7.89576
0 0 0 0 1 7.83127
0 0 0 0 0 7.74826
0 0 0 0 1 7.71236
0 0 0 0 0 7.78859
0 0 0 0 1 7.73745
0 0 0 0 1 7.67411
