0 0 0 0 1 5.59727
0 0 0 0 0 5.56756
0 0 0 0 0 5.57683
0 0 0 0 1 5.57752
0 0 0 0 0 5.52563
0 0 0 0 1 5.53517
0 0 0 0 1 5.62789
0 0 0 0 1 5.54812
0 0 0 0 0 5.60518
0 0 0 0 1 5.64897
0 0 0 0 1 5.67049
0 0 0 0 1 5.63579
0 0 0 0 1 5.671
0 0 0 0 1 5.70992
0 0 0 0 1 5.65838
0 0 0 0 0 5.69398
0 0 0 0 1 5.64808
0 0 0 0 1 5.72749
0 0 0 0 1 5.67596
0 0 0 0 1 5.69685
0 0 0 0 1 5.69677
0 0 0 0 0 5.7312
0 0 0 0 1 5.70838
0 0 0 0 0 5.74314
0 0 0 0 0 5.73953
0 0 0 0 1 5.72837
0 0 0 0 1 5.75201
0 0 0 0 1 5.7526
0 0 0 0 1 5.86961
0 0 0 0 0 5.85895
0 0 0 0 1 5.83079
0 0 0 0 1 5.79833
0 0 0 0 1 5.81269
0 0 0 0 1 5.91951
0 0 0 0 1 5.92093
0 0 0 0 1 5.94012
0 0 0 0 0 5.91808
0 0 0 0 1 5.87229
0 0 0 0 1 5.89763
0 0 0 0 1 6.00647
0 0 0 0 0 5.92495
0 0 0 0 1 5.97467
0 0 0 0 1 6.00199
0 0 0 0 1 6.01615
0 0 0 0 1 5.9883
0 0 0 0 1 5.98449
0 0 0 0 1 5.99156
0 0 0 0 1 6.10311
0 0 0 0 0 6.14227
0 0 0 0 1 6.03535
0 0 0 0 1 6.07461
0 0 0 0 1 6.14473
0 0 0 0 1 6.11589
0 0 0 0 1 6.18762
0 0 0 0 0 6.15989
0 0 0 0 1 6.22487
0 0 0 0 1 6.19716
0 0 0 0 1 6.23057
0 0 0 0 1 6.27765
0 0 0 0 1 6.21238
0 0 0 0 1 6.30901
0 0 0 0 1 6.23718
0 0 0 0 1 6.28489
0 0 0 0 1 6.30755
0 0 0 0 1 6.40647
0 0 0 0 1 6.33973
0 0 0 0 1 6.37555
0 0 0 0 1 6.37877
0 0 0 0 0 6.47272
0 0 0 0 1 6.47633
0 0 0 0 1 6.46775
0 0 0 0 1 6.46488
0 0 0 0 1 6.54074
0 0 0 0 1 6.57789
0 0 0 0 1 6.58255
0 0 0 0 0 6.52101
0 0 0 0 1 6.57094
0 0 0 0 1 6.64163
0 0 0 0 1 6.57302
0 0 0 0 1 6.69674
0 0 0 0 0 6.69453
0 0 0 0 1 6.75977
0 0 0 0 1 6.69113
0 0 0 0 1 6.69553
0 0 0 0 1 6.7405
0 0 0 0 1 6.83326
0 0 0 0 0 6.79046
0 0 0 0 1 6.82932
0 0 0 0 1 6.89587
0 0 0 0 0 6.82512
0 0 0 0 1 6.85057
0 0 0 0 1 6.946
0 0 0 0 1 7.00676
0 0 0 0 1 6.92125
0 0 0 0 1 6.94719
0 0 0 0 1 6.9803
0 0 0 0 1 7.05553
0 0 0 0 1 7.08207
0 0 0 0 0 7.11587
0 0 0 0 1 7.19989
0 0 0 0 1 7.23422
0 0 0 0 1 7.18949
0 0 0 0 1 7.21622
0 0 0 0 0 7.2217
0 0 0 0 0 7.30696
0 0 0 0 1 7.27599
0 0 0 0 1 7.42086
0 0 0 0 0 7.36071
0 0 0 0 1 7.45491
0 0 0 0 0 7.51258
0 0 0 0 0 7.48867
0 0 0 0 1 7.48656
0 0 0 0 1 7.62775
0 0 0 0 1 7.51971
0 0 0 0 1 7.67766
0 0 0 0 1 7.66043
0 0 0 0 1 7.6121
0 0 0 0 1 7.71762
0 0 0 0 0 7.73081
0 0 0 0 1 7.82192
0 0 0 0 1 7.90624
0 0 0 0 1 7.85703
0 0 0 0 1 7.93312
0 0 0 0 1 8.01021
0 0 0 0 1 7.92758
0 0 0 0 1 7.98891
0 0 0 0 1 8.10707
0 0 0 0 1 8.16938
0 0 0 0 1 8.14195
0 0 0 0 0 8.22095
0 0 0 0 1 8.20115
0 0 0 0 1 8.20564
0 0 0 0 1 8.30205
0 0 0 0 1 8.28979
0 0 0 0 1 8.44529
0 0 0 0 1 8.39071
0 0 0 0 1 8.42873
0 0 0 0 0 8.56944
0 0 0 0 1 8.63464
0 0 0 0 1 8.6304
0 0 0 0 0 8.75535
0 0 0 0 1 8.79463
0 0 0 0 1 8.87719
0 0 0 0 1 8.90872
0 0 0 0 0 8.88529
0 0 0 0 1 8.98636
0 0 0 0 1 9.01613
0 0 0 0 1 8.97323
0 0 0 0 1 9.08532
0 0 0 0 1 9.20642
0 0 0 0 1 9.26392
0 0 0 0 0 9.24731
0 0 0 0 1 9.25915
0 0 0 0 0 9.31524
0 0 0 0 1 9.36321
0 0 0 0 1 9.59088
0 0 0 0 0 9.67715
0 0 0 0 1 9.6879
0 0 0 0 1 9.80375
0 0 0 0 1 9.72481
0 0 0 0 1 9.94941
0 0 0 0 1 9.88029
0 0 0 0 1 10.0162
0 0 0 0 1 9.9838
0 0 0 0 1 10.222
0 0 0 0 0 10.2807
0 0 0 0 1 10.2043
0 0 0 0 1 10.4363
0 0 0 0 1 10.4432
0 0 0 0 1 10.5315
0 0 0 0 1 10.5249
0 0 0 0 1 10.6432
0 0 0 0 1 10.732
0 0 0 0 1 10.7974
0 0 0 0 1 9.32451
0 0 0 0 1 9.18895
0 0 0 0 1 9.24409
0 0 0 0 1 9.33125
0 0 0 0 1 9.28455
0 0 0 0 1 9.22422
0 0 0 0 1 9.15055
0 0 0 0 1 9.24664
0 0 0 0 1 9.05462
0 0 0 0 0 9.02311
0 0 0 0 1 9.11452
0 0 0 0 0 9.03783
0 0 0 0 1 9.02029
0 0 0 0 1 9.12041
0 0 0 0 1 8.96332
0 0 0 0 1 8.98229
0 0 0 0 1 8.98805
0 0 0 0 1 8.92641
0 0 0 0 0 8.95454
0 0 0 0 1 8.85765
0 0 0 0 1 8.99773
0 0 0 0 1 8.95472
0 0 0 0 1 8.82318
0 0 0 0 1 8.82512
0 0 0 0 1 8.92444
0 0 0 0 1 8.78127
0 0 0 0 1 8.7924
0 0 0 0 1 8.86516
0 0 0 0 1 8.80607
0 0 0 0 0 8.79988
0 0 0 0 0 8.67132
0 0 0 0 1 8.74058
0 0 0 0 1 8.63028
0 0 0 0 0 8.78155
0 0 0 0 1 8.77603
0 0 0 0 1 8.74463
0 0 0 0 1 8.72211
0 0 0 0 1 8.63924
0 0 0 0 1 8.56539
0 0 0 0 1 8.6988
0 0 0 0 1 8.66837
0 0 0 0 1 8.68114
0 0 0 0 0 8.63392
0 0 0 0 1 8.63839
0 0 0 0 0 8.50606
0 0 0 0 1 8.49388
0 0 0 0 1 8.52753
0 0 0 0 1 8.60935
0 0 0 0 1 8.5241
0 0 0 0 1 8.68254
0 0 0 0 1 8.76272
0 0 0 0 1 8.98568
0 0 0 0 1 9.066
0 0 0 0 0 9.31144
0 0 0 0 1 9.41013
0 0 0 0 1 9.50764
0 0 0 0 0 9.62296
0 0 0 0 0 9.89456
0 0 0 0 1 10.0398
0 0 0 0 0 10.123
0 0 0 0 1 10.4312
0 0 0 0 0 10.6162
0 0 0 0 0 10.7804
0 0 0 0 0 11.0403
0 0 0 0 1 11.202
0 0 0 0 1 11.4516
0 0 0 0 1 11.5736
0 0 0 0 1 11.7841
0 0 0 0 1 12.1627
0 0 0 0 1 12.284
0 0 0 0 1 12.5354
0 0 0 0 0 12.899
0 0 0 0 0 22.7055
0 0 0 0 0 22.5049
0 0 0 0 1 22.7798
0 0 0 0 1 22.6257
0 0 0 0 1 22.88
0 0 0 0 1 22.7948
0 0 0 0 1 22.8006
0 0 0 0 1 22.5356
0 0 0 0 1 22.3843
0 0 0 0 1 22.4367
0 0 0 0 0 22.4669
0 0 0 0 0 22.4073
0 0 0 0 1 22.5749
0 0 0 0 1 22.3811
0 0 0 0 1 22.3229
0 0 0 0 1 22.2876
0 0 0 0 0 22.6799
0 0 0 0 1 22.3533
0 0 0 0 1 23.1532
0 0 0 0 1 23.9549
0 0 0 0 1 25.2939
0 0 0 0 1 26.055
0 0 0 0 0 36.1991
0 0 0 0 1 36.6939
0 0 0 0 1 36.2792
0 0 0 0 0 36.4839
0 0 0 0 1 36.7565
0 0 0 0 0 38.7189
0 0 0 0 0 51.7543
0 0 0 0 1 51.5827
0 0 0 0 1 52.0893
0 0 0 0 1 51.5555
0 0 0 0 1 52.1672
0 0 0 0 1 56.7799
0 0 0 0 1 65.7244
0 0 0 0 1 68.9673
0 0 0 0 1 82.2191
0 0 0 0 0 5.02503
0 0 0 0 0 4.98996
0 0 0 0 0 4.96992
0 0 0 0 0 4.97493
0 0 0 0 0 5.0601
0 0 0 0 0 5.04006
0 0 0 0 0 4.99497
0 0 0 0 0 4.9599
0 0 0 0 0 5.04006
0 0 0 0 0 4.98495
0 0 0 0 0 5.01501
0 0 0 0 0 5.02503
0 0 0 0 1 87.5032
0 0 0 0 1 87.8627
0 0 0 0 1 74.7692
0 0 0 0 1 64.1582
0 0 0 0 0 60.2843
0 0 0 0 1 60.8403
0 0 0 0 1 60.9733
0 0 0 0 1 51.1066
0 0 0 0 0 47.8432
0 0 0 0 1 47.9035
0 0 0 0 1 39.4705
0 0 0 0 0 37.1512
0 0 0 0 1 35.7035
0 0 0 0 0 35.4303
0 0 0 0 1 35.7992
0 0 0 0 1 36.0628
0 0 0 0 1 28.3586
0 0 0 0 1 26.9911
0 0 0 0 1 25.6135
0 0 0 0 1 24.713
0 0 0 0 1 24.7001
0 0 0 0 1 24.466
0 0 0 0 1 24.4035
0 0 0 0 1 24.6385
0 0 0 0 0 24.43
0 0 0 0 1 24.7896
0 0 0 0 1 24.656
0 0 0 0 0 24.5722
0 0 0 0 0 24.7841
0 0 0 0 1 18.0907
0 0 0 0 1 17.6681
0 0 0 0 1 17.2089
0 0 0 0 1 16.5939
0 0 0 0 0 16.4076
0 0 0 0 1 15.8001
0 0 0 0 1 15.5319
0 0 0 0 1 15.227
0 0 0 0 0 14.6539
0 0 0 0 1 14.5385
0 0 0 0 1 14.0285
0 0 0 0 1 13.9287
0 0 0 0 0 13.9683
0 0 0 0 0 14.0361
0 0 0 0 1 14.0625
0 0 0 0 1 13.9497
0 0 0 0 0 14.0345
0 0 0 0 1 13.8662
0 0 0 0 1 13.9353
0 0 0 0 1 14.1168
0 0 0 0 1 14.1191
0 0 0 0 1 14.0913
0 0 0 0 1 14.0075
0 0 0 0 0 13.9799
0 0 0 0 1 14.1519
0 0 0 0 0 14.1953
0 0 0 0 0 14.239
0 0 0 0 1 14.1868
0 0 0 0 1 14.2735
0 0 0 0 1 14.2614
0 0 0 0 0 14.0257
0 0 0 0 1 14.1273
0 0 0 0 0 14.0759
0 0 0 0 1 14.1213
0 0 0 0 0 14.2554
0 0 0 0 1 14.159
0 0 0 0 1 14.3796
0 0 0 0 1 14.3979
0 0 0 0 1 14.2906
0 0 0 0 1 14.2805
0 0 0 0 1 8.87888
0 0 0 0 1 8.64251
0 0 0 0 1 8.52127
0 0 0 0 1 8.44376
0 0 0 0 1 8.31543
0 0 0 0 1 8.37021
0 0 0 0 1 8.25064
0 0 0 0 1 8.1709
0 0 0 0 1 8.03624
0 0 0 0 0 7.85525
0 0 0 0 0 7.89675
0 0 0 0 1 7.66348
0 0 0 0 1 7.58798
0 0 0 0 1 7.58804
0 0 0 0 1 7.40701
0 0 0 0 1 7.45197
0 0 0 0 0 7.35352
0 0 0 0 1 7.25758
0 0 0 0 1 7.21956
0 0 0 0 1 7.05323
0 0 0 0 1 7.08557
0 0 0 0 1 7.02085
0 0 0 0 1 6.93326
0 0 0 0 0 6.84164
0 0 0 0 1 6.76416
0 0 0 0 1 6.64021
0 0 0 0 1 6.56394
0 0 0 0 1 6.55372
0 0 0 0 1 6.4971
0 0 0 0 1 6.50755
0 0 0 0 1 6.40568
0 0 0 0 1 6.38331
0 0 0 0 0 6.34167
0 0 0 0 1 6.24391
0 0 0 0 0 6.17788
0 0 0 0 1 6.13666
0 0 0 0 0 6.00436
0 0 0 0 1 6.02673
0 0 0 0 1 5.99749
0 0 0 0 1 5.97686
0 0 0 0 1 5.91184
0 0 0 0 0 5.87346
0 0 0 0 0 5.7657
0 0 0 0 1 5.68769
0 0 0 0 1 5.63018
0 0 0 0 1 5.62101
0 0 0 0 1 5.58342
0 0 0 0 1 5.52109
0 0 0 0 1 5.53903
0 0 0 0 1 5.5123
0 0 0 0 1 5.44738
0 0 0 0 1 5.35364
0 0 0 0 1 5.31978
0 0 0 0 1 5.28289
0 0 0 0 1 5.33384
0 0 0 0 1 5.2649
0 0 0 0 1 5.22579
0 0 0 0 1 5.15575
0 0 0 0 1 5.1326
0 0 0 0 1 5.1401
0 0 0 0 1 5.0474
0 0 0 0 0 5.02938
0 0 0 0 0 4.99448
0 0 0 0 1 5.00133
0 0 0 0 1 4.93353
0 0 0 0 1 4.89087
0 0 0 0 1 4.9168
0 0 0 0 1 4.88237
0 0 0 0 0 4.78201
0 0 0 0 1 4.79092
0 0 0 0 0 4.81222
0 0 0 0 1 4.84919
0 0 0 0 1 4.84753
0 0 0 0 1 4.83992
0 0 0 0 1 4.84308
0 0 0 0 1 4.90518
0 0 0 0 1 4.89873
0 0 0 0 1 4.90591
0 0 0 0 1 4.97377
0 0 0 0 1 5.00726
0 0 0 0 1 5.01475
0 0 0 0 1 5.05357
0 0 0 0 1 5.06751
0 0 0 0 1 4.99574
0 0 0 0 1 5.11588
0 0 0 0 1 5.08943
0 0 0 0 1 5.12399
0 0 0 0 0 5.17414
0 0 0 0 1 5.1564
0 0 0 0 1 5.14505
0 0 0 0 0 5.20083
0 0 0 0 1 5.20505
0 0 0 0 1 5.20403
0 0 0 0 1 5.26053
0 0 0 0 1 5.30689
0 0 0 0 1 5.28499
0 0 0 0 1 5.26956
0 0 0 0 1 5.37489
0 0 0 0 1 5.39015
0 0 0 0 1 5.34647
0 0 0 0 1 5.35083
0 0 0 0 0 5.43776
0 0 0 0 1 5.4695
0 0 0 0 1 5.47416
0 0 0 0 1 5.52803
0 0 0 0 1 5.46285
0 0 0 0 1 5.57221
0 0 0 0 0 5.52307
0 0 0 0 1 5.61117
0 0 0 0 1 5.61753
0 0 0 0 1 5.66723
0 0 0 0 1 5.67932
0 0 0 0 1 5.71814
0 0 0 0 1 5.6961
0 0 0 0 1 5.74085
0 0 0 0 1 5.79323
0 0 0 0 1 5.75345
0 0 0 0 1 5.7654
0 0 0 0 1 5.79912
0 0 0 0 1 5.89319
0 0 0 0 1 5.84659
0 0 0 0 1 5.87634
0 0 0 0 1 6.01338
0 0 0 0 1 5.99603
0 0 0 0 1 5.97831
0 0 0 0 0 6.01462
0 0 0 0 1 6.03896
0 0 0 0 1 6.1305
0 0 0 0 1 6.08162
0 0 0 0 1 6.12607
0 0 0 0 1 9.45241
0 0 0 0 1 9.49082
0 0 0 0 1 9.39339
0 0 0 0 1 9.36249
0 0 0 0 1 9.4476
0 0 0 0 1 9.26704
0 0 0 0 1 9.39521
0 0 0 0 1 9.33351
0 0 0 0 0 9.28783
0 0 0 0 1 9.20232
0 0 0 0 1 9.27374
0 0 0 0 1 9.21629
0 0 0 0 1 9.15007
0 0 0 0 1 9.09336
0 0 0 0 1 8.9916
0 0 0 0 0 9.0444
0 0 0 0 0 8.94344
0 0 0 0 1 9.09178
0 0 0 0 1 8.98228
0 0 0 0 1 8.86117
0 0 0 0 1 9.00286
0 0 0 0 1 8.83238
0 0 0 0 1 8.81371
0 0 0 0 0 8.84822
0 0 0 0 1 8.73814
0 0 0 0 1 8.77274
0 0 0 0 1 8.84221
0 0 0 0 1 8.72101
0 0 0 0 1 8.71189
0 0 0 0 1 8.77773
0 0 0 0 1 8.62112
0 0 0 0 1 8.56577
0 0 0 0 1 8.64364
0 0 0 0 1 8.67467
0 0 0 0 1 8.62321
0 0 0 0 1 8.48301
0 0 0 0 1 8.47518
0 0 0 0 1 8.5235
0 0 0 0 1 8.52917
0 0 0 0 1 8.54333
0 0 0 0 1 8.53212
0 0 0 0 1 8.39446
0 0 0 0 0 8.42105
0 0 0 0 1 8.43557
0 0 0 0 1 8.4082
0 0 0 0 1 8.41445
0 0 0 0 1 8.36238
0 0 0 0 0 8.34759
0 0 0 0 1 8.21312
0 0 0 0 0 8.1952
0 0 0 0 1 8.22319
0 0 0 0 0 8.22194
0 0 0 0 1 8.21255
0 0 0 0 1 8.13758
0 0 0 0 1 8.21871
0 0 0 0 1 8.19328
0 0 0 0 0 8.07828
0 0 0 0 1 8.16743
0 0 0 0 0 8.07753
0 0 0 0 1 8.18272
0 0 0 0 0 8.06906
0 0 0 0 1 8.0448
0 0 0 0 0 8.06911
0 0 0 0 1 8.1296
0 0 0 0 1 8.08154
0 0 0 0 1 8.06585
0 0 0 0 1 7.93029
0 0 0 0 1 7.97906
0 0 0 0 0 7.93584
0 0 0 0 0 7.92892
0 0 0 0 1 7.91419
0 0 0 0 0 7.98688
0 0 0 0 1 7.97234
0 0 0 0 0 7.92203
0 0 0 0 1 7.81316
0 0 0 0 0 7.9254
0 0 0 0 1 7.90713
0 0 0 0 1 7.82611
0 0 0 0 0 7.81267
0 0 0 0 1 7.88554
0 0 0 0 1 7.84885
0 0 0 0 1 7.87031
0 0 0 0 1 7.83401
0 0 0 0 1 7.72792
0 0 0 0 0 7.69531
0 0 0 0 1 7.78402
0 0 0 0 1 7.79038
