0 0 0 0 1 5.54179
0 0 0 0 1 5.58979
0 0 0 0 0 5.57683
0 0 0 0 1 5.5608
0 0 0 0 1 5.62051
0 0 0 0 1 5.60786
0 0 0 0 1 5.54398
0 0 0 0 1 5.64899
0 0 0 0 1 5.65007
0 0 0 0 1 5.61524
0 0 0 0 0 5.58603
0 0 0 0 1 5.65271
0 0 0 0 1 5.64276
0 0 0 0 1 5.62504
0 0 0 0 1 5.62436
0 0 0 0 1 5.66559
0 0 0 0 1 5.73909
0 0 0 0 0 5.642
0 0 0 0 1 5.76732
0 0 0 0 1 5.77113
0 0 0 0 1 5.78265
0 0 0 0 1 5.71973
0 0 0 0 1 5.71413
0 0 0 0 0 5.78347
0 0 0 0 1 5.80298
0 0 0 0 1 5.77462
0 0 0 0 0 5.78097
0 0 0 0 1 5.7584
0 0 0 0 1 5.85216
0 0 0 0 1 5.86478
0 0 0 0 1 5.81326
0 0 0 0 1 5.82174
0 0 0 0 1 5.84199
0 0 0 0 1 5.92538
0 0 0 0 1 5.93859
0 0 0 0 1 5.95192
0 0 0 0 0 5.88852
0 0 0 0 1 5.90192
0 0 0 0 1 5.9689
0 0 0 0 1 5.91718
0 0 0 0 0 5.91302
0 0 0 0 1 6.03448
0 0 0 0 0 6.04392
0 0 0 0 1 6.06418
0 0 0 0 0 6.06654
0 0 0 0 1 6.05085
0 0 0 0 1 6.06419
0 0 0 0 1 6.01211
0 0 0 0 1 6.06321
0 0 0 0 1 6.04754
0 0 0 0 1 6.09905
0 0 0 0 1 6.16311
0 0 0 0 0 6.15892
0 0 0 0 1 6.10142
0 0 0 0 1 6.17841
0 0 0 0 1 6.20012
0 0 0 0 0 6.17855
0 0 0 0 1 6.24302
0 0 0 0 1 6.25269
0 0 0 0 1 6.24366
0 0 0 0 1 6.32156
0 0 0 0 0 6.28123
0 0 0 0 1 6.33537
0 0 0 0 0 6.34551
0 0 0 0 1 6.36206
0 0 0 0 1 6.30154
0 0 0 0 1 6.3564
0 0 0 0 1 6.39158
0 0 0 0 1 6.38282
0 0 0 0 1 6.50855
0 0 0 0 1 6.49359
0 0 0 0 1 6.43246
0 0 0 0 1 6.56675
0 0 0 0 0 6.52574
0 0 0 0 0 6.54333
0 0 0 0 1 6.55381
0 0 0 0 1 6.51827
0 0 0 0 0 6.62182
0 0 0 0 1 6.58627
0 0 0 0 1 6.68344
0 0 0 0 1 6.73457
0 0 0 0 0 6.65938
0 0 0 0 1 6.75153
0 0 0 0 1 6.66859
0 0 0 0 1 6.71346
0 0 0 0 0 6.74505
0 0 0 0 0 6.83813
0 0 0 0 1 6.77463
0 0 0 0 1 6.92331
0 0 0 0 1 6.92154
0 0 0 0 1 6.9197
0 0 0 0 1 6.90441
0 0 0 0 1 7.00676
0 0 0 0 1 6.97014
0 0 0 0 1 6.98925
0 0 0 0 1 7.00141
0 0 0 0 0 7.10502
0 0 0 0 1 7.11046
0 0 0 0 1 7.08738
0 0 0 0 1 7.14269
0 0 0 0 0 7.1194
0 0 0 0 1 7.21831
0 0 0 0 1 7.21622
0 0 0 0 1 7.27982
0 0 0 0 1 7.35805
0 0 0 0 1 7.37857
0 0 0 0 1 7.29571
0 0 0 0 1 7.39762
0 0 0 0 1 7.44008
0 0 0 0 0 7.50513
0 0 0 0 1 7.40638
0 0 0 0 0 7.44898
0 0 0 0 1 7.53713
0 0 0 0 1 7.61835
0 0 0 0 0 7.64719
0 0 0 0 1 7.72165
0 0 0 0 1 7.72743
0 0 0 0 1 7.65582
0 0 0 0 1 7.71529
0 0 0 0 1 7.72834
0 0 0 0 1 7.81231
0 0 0 0 1 7.80197
0 0 0 0 1 7.89357
0 0 0 0 1 7.98637
0 0 0 0 0 8.03946
0 0 0 0 1 8.05314
0 0 0 0 1 8.09093
0 0 0 0 1 8.11265
0 0 0 0 0 8.0849
0 0 0 0 1 8.10632
0 0 0 0 0 8.16821
0 0 0 0 1 8.35468
0 0 0 0 0 8.27709
0 0 0 0 1 8.38181
0 0 0 0 1 8.40323
0 0 0 0 1 8.44146
0 0 0 0 1 8.49677
0 0 0 0 1 8.48392
0 0 0 0 0 8.65182
0 0 0 0 1 8.69087
0 0 0 0 1 8.62493
0 0 0 0 1 8.65476
0 0 0 0 1 8.82441
0 0 0 0 1 8.75847
0 0 0 0 1 8.88529
0 0 0 0 1 8.89686
0 0 0 0 0 8.97109
0 0 0 0 1 9.15451
0 0 0 0 1 9.15822
0 0 0 0 1 9.26144
0 0 0 0 1 9.13474
0 0 0 0 0 9.21017
0 0 0 0 0 9.24048
0 0 0 0 0 9.30584
0 0 0 0 1 9.46724
0 0 0 0 1 9.42896
0 0 0 0 1 9.55247
0 0 0 0 1 9.67825
0 0 0 0 1 9.81347
0 0 0 0 1 9.76394
0 0 0 0 1 9.8312
0 0 0 0 1 9.9893
0 0 0 0 1 9.88638
0 0 0 0 0 10.1145
0 0 0 0 1 10.1714
0 0 0 0 0 10.2807
0 0 0 0 1 10.2659
0 0 0 0 1 10.2499
0 0 0 0 1 10.5057
0 0 0 0 1 10.605
0 0 0 0 1 10.5672
0 0 0 0 1 10.6965
0 0 0 0 1 10.6998
0 0 0 0 0 10.9382
0 0 0 0 1 9.23145
0 0 0 0 0 9.19823
0 0 0 0 1 9.22556
0 0 0 0 1 9.27581
0 0 0 0 1 9.20157
0 0 0 0 0 9.17824
0 0 0 0 1 9.12301
0 0 0 0 0 9.13678
0 0 0 0 1 9.05462
0 0 0 0 1 9.12337
0 0 0 0 1 9.05085
0 0 0 0 1 9.05597
0 0 0 0 1 9.14708
0 0 0 0 1 8.96674
0 0 0 0 1 8.97234
0 0 0 0 1 9.01829
0 0 0 0 1 8.95213
0 0 0 0 1 9.025
0 0 0 0 1 8.99032
0 0 0 0 1 8.85765
0 0 0 0 0 8.89974
0 0 0 0 1 8.94582
0 0 0 0 1 8.84981
0 0 0 0 0 8.89601
0 0 0 0 0 8.79177
0 0 0 0 1 8.91365
0 0 0 0 1 8.85407
0 0 0 0 1 8.88275
0 0 0 0 0 8.77095
0 0 0 0 1 8.77359
0 0 0 0 1 8.82882
0 0 0 0 1 8.69692
0 0 0 0 0 8.68258
0 0 0 0 1 8.73803
0 0 0 0 0 8.61094
0 0 0 0 0 8.66655
0 0 0 0 0 8.63549
0 0 0 0 1 8.73437
0 0 0 0 1 8.67764
0 0 0 0 1 8.68155
0 0 0 0 1 8.53064
0 0 0 0 1 8.62097
0 0 0 0 1 8.53093
0 0 0 0 1 8.54412
0 0 0 0 1 8.51462
0 0 0 0 1 8.47679
0 0 0 0 1 8.52753
0 0 0 0 1 8.45592
0 0 0 0 1 8.49837
0 0 0 0 1 8.65644
0 0 0 0 1 8.76272
0 0 0 0 1 8.93192
0 0 0 0 1 9.10237
0 0 0 0 0 9.24678
0 0 0 0 1 9.39137
0 0 0 0 1 9.45996
0 0 0 0 1 9.73913
0 0 0 0 0 9.77641
0 0 0 0 1 9.94975
0 0 0 0 1 10.2554
0 0 0 0 0 10.3794
0 0 0 0 0 10.6373
0 0 0 0 1 10.7804
0 0 0 0 1 10.9199
0 0 0 0 1 11.0794
0 0 0 0 1 11.4516
0 0 0 0 0 11.6547
0 0 0 0 1 11.9023
0 0 0 0 1 11.9578
0 0 0 0 1 12.3948
0 0 0 0 0 12.5479
0 0 0 0 1 12.9632
0 0 0 0 1 22.6828
0 0 0 0 1 22.891
0 0 0 0 1 22.4848
0 0 0 0 1 22.7164
0 0 0 0 1 22.7668
0 0 0 0 0 22.7495
0 0 0 0 1 22.7328
0 0 0 0 0 22.6486
0 0 0 0 1 22.8134
0 0 0 0 1 22.7076
0 0 0 0 1 22.6699
0 0 0 0 1 22.475
0 0 0 0 1 22.7101
0 0 0 0 1 22.3586
0 0 0 0 1 22.3004
0 0 0 0 0 22.3776
0 0 0 0 1 22.3652
0 0 0 0 1 22.2859
0 0 0 0 1 23.246
0 0 0 0 1 23.979
0 0 0 0 1 24.8669
0 0 0 0 1 26.3695
0 0 0 0 1 36.2355
0 0 0 0 1 36.1478
0 0 0 0 1 36.1336
0 0 0 0 1 36.2656
0 0 0 0 1 36.7201
0 0 0 0 1 38.3722
0 0 0 0 1 51.5981
0 0 0 0 0 52.2594
0 0 0 0 1 51.5689
0 0 0 0 1 52.3879
0 0 0 0 1 51.8031
0 0 0 0 1 55.8777
0 0 0 0 1 65.1352
0 0 0 0 1 70.2212
0 0 0 0 1 81.9736
0 0 0 0 0 5.02002
0 0 0 0 0 4.9599
0 0 0 0 0 5.02002
0 0 0 0 0 5.00499
0 0 0 0 0 5.03505
0 0 0 0 0 5.03505
0 0 0 0 0 5.02503
0 0 0 0 0 5.02002
0 0 0 0 0 4.99497
0 0 0 0 0 4.98996
0 0 0 0 0 4.98996
0 0 0 0 0 5.0601
0 0 0 0 0 86.7149
0 0 0 0 0 88.0379
0 0 0 0 1 74.694
0 0 0 0 1 64.222
0 0 0 0 0 60.1633
0 0 0 0 0 60.2954
0 0 0 0 1 61.0339
0 0 0 0 1 51.3129
0 0 0 0 1 47.5553
0 0 0 0 1 48.4315
0 0 0 0 1 39.4705
0 0 0 0 1 37.0775
0 0 0 0 0 35.5252
0 0 0 0 0 35.3232
0 0 0 0 1 36.0133
0 0 0 0 1 35.3486
0 0 0 0 1 28.2744
0 0 0 0 1 26.6159
0 0 0 0 1 25.6135
0 0 0 0 1 24.5899
0 0 0 0 1 24.6016
0 0 0 0 1 24.4414
0 0 0 0 1 24.8225
0 0 0 0 1 24.5152
0 0 0 0 1 24.5287
0 0 0 0 1 24.6662
0 0 0 0 1 24.656
0 0 0 0 1 24.6216
0 0 0 0 1 24.7099
0 0 0 0 1 18.1817
0 0 0 0 1 17.7035
0 0 0 0 1 17.0886
0 0 0 0 1 16.5939
0 0 0 0 1 16.3751
0 0 0 0 1 15.9589
0 0 0 0 1 15.5319
0 0 0 0 1 15.0002
0 0 0 0 1 14.8163
0 0 0 0 1 14.5385
0 0 0 0 0 13.9862
0 0 0 0 1 13.8037
0 0 0 0 1 13.871
0 0 0 0 1 13.9805
0 0 0 0 0 14.0625
0 0 0 0 1 13.8383
0 0 0 0 1 13.9229
0 0 0 0 1 14.0756
0 0 0 0 1 13.9633
0 0 0 0 1 14.0049
0 0 0 0 1 13.909
0 0 0 0 1 14.0632
0 0 0 0 1 14.0496
0 0 0 0 1 14.1766
0 0 0 0 1 14.0253
0 0 0 0 0 13.9559
0 0 0 0 1 14.0134
0 0 0 0 1 14.1727
0 0 0 0 1 14.1604
0 0 0 0 1 14.2614
0 0 0 0 1 14.2099
0 0 0 0 1 14.0705
0 0 0 0 1 14.1895
0 0 0 0 1 14.1497
0 0 0 0 1 14.1557
0 0 0 0 1 14.3443
0 0 0 0 1 14.2083
0 0 0 0 1 14.2406
0 0 0 0 1 14.3479
0 0 0 0 1 14.2949
0 0 0 0 1 8.77297
0 0 0 0 1 8.79061
0 0 0 0 1 8.53847
0 0 0 0 0 8.48623
0 0 0 0 0 8.47486
0 0 0 0 1 8.27905
0 0 0 0 1 8.16871
0 0 0 0 0 8.14663
0 0 0 0 1 8.01225
0 0 0 0 1 7.95798
0 0 0 0 1 7.81075
0 0 0 0 0 7.69438
0 0 0 0 1 7.7026
0 0 0 0 1 7.61071
0 0 0 0 0 7.42196
0 0 0 0 1 7.39277
0 0 0 0 1 7.33157
0 0 0 0 1 7.26482
0 0 0 0 1 7.19089
0 0 0 0 1 7.16676
0 0 0 0 0 7.07152
0 0 0 0 0 6.90952
0 0 0 0 1 6.91949
0 0 0 0 1 6.79389
0 0 0 0 1 6.74389
0 0 0 0 1 6.62682
0 0 0 0 1 6.68991
0 0 0 0 0 6.58656
0 0 0 0 1 6.52962
0 0 0 0 1 6.39791
0 0 0 0 1 6.43122
0 0 0 0 1 6.38964
0 0 0 0 1 6.304
0 0 0 0 1 6.26882
0 0 0 0 0 6.15937
0 0 0 0 1 6.15501
0 0 0 0 1 6.05895
0 0 0 0 1 5.9906
0 0 0 0 1 5.98556
0 0 0 0 1 5.89393
0 0 0 0 1 5.85313
0 0 0 0 1 5.84432
0 0 0 0 1 5.77148
0 0 0 0 1 5.69917
0 0 0 0 1 5.71548
0 0 0 0 1 5.65487
0 0 0 0 1 5.65623
0 0 0 0 1 5.55449
0 0 0 0 1 5.47276
0 0 0 0 0 5.44107
0 0 0 0 1 5.42563
0 0 0 0 1 5.43467
0 0 0 0 1 5.33588
0 0 0 0 1 5.29887
0 0 0 0 1 5.33914
0 0 0 0 1 5.2334
0 0 0 0 1 5.22579
0 0 0 0 0 5.1713
0 0 0 0 1 5.10172
0 0 0 0 0 5.12476
0 0 0 0 0 5.05247
0 0 0 0 0 5.01426
0 0 0 0 0 5.01955
0 0 0 0 1 5.02624
0 0 0 0 1 4.97806
0 0 0 0 1 4.92528
0 0 0 0 0 4.87774
0 0 0 0 1 4.89208
0 0 0 0 1 4.79649
0 0 0 0 0 4.84389
0 0 0 0 1 4.78326
0 0 0 0 1 4.86857
0 0 0 0 1 4.90588
0 0 0 0 1 4.85454
0 0 0 0 1 4.93114
0 0 0 0 1 4.89045
0 0 0 0 1 4.8938
0 0 0 0 1 4.91579
0 0 0 0 1 4.97377
0 0 0 0 1 5.01722
0 0 0 0 0 5.02972
0 0 0 0 1 5.04355
0 0 0 0 1 4.98205
0 0 0 0 1 5.06135
0 0 0 0 1 5.06016
0 0 0 0 0 5.0691
0 0 0 0 1 5.07806
0 0 0 0 0 5.09217
0 0 0 0 1 5.08963
0 0 0 0 1 5.13989
0 0 0 0 1 5.19048
0 0 0 0 0 5.24141
0 0 0 0 1 5.18317
0 0 0 0 1 5.19248
0 0 0 0 1 5.21757
0 0 0 0 1 5.25334
0 0 0 0 1 5.32257
0 0 0 0 1 5.28442
0 0 0 0 1 5.33673
0 0 0 0 0 5.36792
0 0 0 0 1 5.38851
0 0 0 0 1 5.41611
0 0 0 0 1 5.3826
0 0 0 0 1 5.46325
0 0 0 0 1 5.48972
0 0 0 0 1 5.50686
0 0 0 0 1 5.46728
0 0 0 0 0 5.49532
0 0 0 0 1 5.57774
0 0 0 0 1 5.60633
0 0 0 0 1 5.66161
0 0 0 0 1 5.6115
0 0 0 0 1 5.63872
0 0 0 0 0 5.74172
0 0 0 0 0 5.66644
0 0 0 0 1 5.70118
0 0 0 0 0 5.79971
0 0 0 0 1 5.75377
0 0 0 0 1 5.86913
0 0 0 0 1 5.91078
0 0 0 0 1 5.87606
0 0 0 0 1 5.91781
0 0 0 0 1 5.96575
0 0 0 0 1 5.99005
0 0 0 0 1 5.96027
0 0 0 0 1 6.0388
0 0 0 0 1 6.13616
0 0 0 0 1 6.07555
0 0 0 0 1 6.14299
0 0 0 0 1 6.1199
0 0 0 0 1 9.49048
0 0 0 0 1 9.40548
0 0 0 0 1 9.47844
0 0 0 0 0 9.43785
0 0 0 0 0 9.30687
0 0 0 0 1 9.28574
0 0 0 0 0 9.2554
0 0 0 0 1 9.28703
0 0 0 0 1 9.16745
0 0 0 0 1 9.27616
0 0 0 0 1 9.25534
0 0 0 0 1 9.12459
0 0 0 0 1 9.12264
0 0 0 0 1 9.18448
0 0 0 0 0 9.00069
0 0 0 0 0 9.01724
0 0 0 0 1 9.06076
0 0 0 0 1 9.09178
0 0 0 0 1 8.92844
0 0 0 0 1 9.00438
0 0 0 0 1 8.8601
0 0 0 0 1 8.94801
0 0 0 0 1 8.84918
0 0 0 0 1 8.76866
0 0 0 0 1 8.77341
0 0 0 0 0 8.77274
0 0 0 0 1 8.82469
0 0 0 0 1 8.68603
0 0 0 0 1 8.74677
0 0 0 0 0 8.65594
0 0 0 0 1 8.62979
0 0 0 0 1 8.67825
0 0 0 0 1 8.64364
0 0 0 0 1 8.53698
0 0 0 0 1 8.51167
0 0 0 0 1 8.62853
0 0 0 0 1 8.56907
0 0 0 0 1 8.54905
0 0 0 0 1 8.57164
0 0 0 0 1 8.39077
0 0 0 0 1 8.43065
0 0 0 0 1 8.38603
0 0 0 0 1 8.42946
0 0 0 0 1 8.42717
0 0 0 0 1 8.34958
0 0 0 0 1 8.42281
0 0 0 0 1 8.31236
0 0 0 0 1 8.33928
0 0 0 0 1 8.33756
0 0 0 0 1 8.28626
0 0 0 0 1 8.34715
0 0 0 0 1 8.21369
0 0 0 0 1 8.28661
0 0 0 0 1 8.17043
0 0 0 0 1 8.16954
0 0 0 0 1 8.25052
0 0 0 0 1 8.1762
0 0 0 0 1 8.22443
0 0 0 0 1 8.11003
0 0 0 0 0 8.09351
0 0 0 0 1 8.10143
0 0 0 0 1 8.03672
0 0 0 0 1 8.05299
0 0 0 0 1 7.98472
0 0 0 0 1 7.97711
0 0 0 0 1 7.99369
0 0 0 0 1 8.07433
0 0 0 0 1 8.04296
0 0 0 0 1 7.91191
0 0 0 0 0 7.96872
0 0 0 0 1 7.87446
0 0 0 0 1 7.89964
0 0 0 0 1 7.89317
0 0 0 0 0 7.96156
0 0 0 0 1 7.90787
0 0 0 0 1 7.80723
0 0 0 0 1 7.81271
0 0 0 0 1 7.78683
0 0 0 0 1 7.91464
0 0 0 0 1 7.81506
0 0 0 0 1 7.75504
0 0 0 0 1 7.75319
0 0 0 0 0 7.77944
0 0 0 0 1 7.81353
0 0 0 0 1 7.73418
0 0 0 0 1 7.69865
0 0 0 0 1 7.74387
