0 0 0 0 1 5.60282
0 0 0 0 1 5.562
0 0 0 0 0 5.52674
0 0 0 0 1 5.55523
0 0 0 0 1 5.55912
0 0 0 0 0 5.53517
0 0 0 0 1 5.65027
0 0 0 0 1 5.6546
0 0 0 0 1 5.63324
0 0 0 0 1 5.67145
0 0 0 0 1 5.60855
0 0 0 0 1 5.63579
0 0 0 0 1 5.63146
0 0 0 0 1 5.6307
0 0 0 0 1 5.63003
0 0 0 0 1 5.6883
0 0 0 0 0 5.65946
0 0 0 0 1 5.69329
0 0 0 0 1 5.66454
0 0 0 0 0 5.66257
0 0 0 0 1 5.78265
0 0 0 0 1 5.7771
0 0 0 0 0 5.8061
0 0 0 0 1 5.80651
0 0 0 0 1 5.77414
0 0 0 0 1 5.79774
0 0 0 0 1 5.8389
0 0 0 0 1 5.81065
0 0 0 0 0 5.80562
0 0 0 0 1 5.80065
0 0 0 0 1 5.86
0 0 0 0 1 5.8978
0 0 0 0 0 5.86542
0 0 0 0 0 5.8138
0 0 0 0 1 5.8503
0 0 0 0 1 5.94602
0 0 0 0 1 5.89443
0 0 0 0 1 5.9197
0 0 0 0 1 5.92138
0 0 0 0 0 5.94695
0 0 0 0 1 5.98462
0 0 0 0 0 5.94477
0 0 0 0 1 5.97204
0 0 0 0 1 6.01615
0 0 0 0 1 6.07857
0 0 0 0 1 6.02672
0 0 0 0 0 6.06419
0 0 0 0 1 6.09705
0 0 0 0 0 6.09362
0 0 0 0 1 6.14508
0 0 0 0 1 6.15406
0 0 0 0 1 6.10797
0 0 0 0 1 6.1958
0 0 0 0 1 6.10142
0 0 0 0 0 6.19693
0 0 0 0 1 6.23106
0 0 0 0 0 6.14133
0 0 0 0 1 6.23057
0 0 0 0 1 6.17781
0 0 0 0 1 6.26869
0 0 0 0 1 6.32784
0 0 0 0 0 6.3127
0 0 0 0 1 6.36061
0 0 0 0 0 6.35816
0 0 0 0 1 6.28595
0 0 0 0 1 6.3461
0 0 0 0 1 6.38831
0 0 0 0 1 6.45562
0 0 0 0 1 6.44703
0 0 0 0 1 6.38611
0 0 0 0 1 6.50651
0 0 0 0 1 6.54918
0 0 0 0 1 6.46922
0 0 0 0 1 6.4801
0 0 0 0 1 6.47143
0 0 0 0 0 6.53413
0 0 0 0 0 6.56436
0 0 0 0 1 6.66803
0 0 0 0 1 6.59289
0 0 0 0 1 6.63024
0 0 0 0 1 6.61443
0 0 0 0 1 6.7263
0 0 0 0 1 6.67099
0 0 0 0 1 6.78984
0 0 0 0 1 6.75402
0 0 0 0 1 6.85362
0 0 0 0 1 6.8177
0 0 0 0 1 6.89084
0 0 0 0 1 6.86842
0 0 0 0 1 6.92843
0 0 0 0 1 6.89896
0 0 0 0 1 6.87668
0 0 0 0 0 6.9998
0 0 0 0 1 6.92125
0 0 0 0 1 6.98925
0 0 0 0 1 7.09993
0 0 0 0 1 7.11916
0 0 0 0 0 7.16723
0 0 0 0 1 7.17285
0 0 0 0 1 7.09264
0 0 0 0 0 7.21269
0 0 0 0 0 7.25433
0 0 0 0 1 7.2307
0 0 0 0 1 7.25076
0 0 0 0 1 7.24856
0 0 0 0 1 7.28331
0 0 0 0 1 7.39141
0 0 0 0 1 7.36809
0 0 0 0 1 7.39557
0 0 0 0 0 7.52004
0 0 0 0 1 7.44378
0 0 0 0 1 7.4565
0 0 0 0 0 7.49181
0 0 0 0 1 7.55765
0 0 0 0 1 7.54817
0 0 0 0 1 7.66043
0 0 0 0 0 7.61978
0 0 0 0 1 7.679
0 0 0 0 1 7.68424
0 0 0 0 1 7.82192
0 0 0 0 0 7.90624
0 0 0 0 1 7.8413
0 0 0 0 0 7.9173
0 0 0 0 0 8.01815
0 0 0 0 1 8.05544
0 0 0 0 1 8.10131
0 0 0 0 1 8.08287
0 0 0 0 1 8.06403
0 0 0 0 0 8.2153
0 0 0 0 1 8.26189
0 0 0 0 1 8.26702
0 0 0 0 1 8.305
0 0 0 0 1 8.24382
0 0 0 0 1 8.32325
0 0 0 0 1 8.48735
0 0 0 0 1 8.48375
0 0 0 0 1 8.59033
0 0 0 0 0 8.61221
0 0 0 0 1 8.51436
0 0 0 0 1 8.61312
0 0 0 0 1 8.65971
0 0 0 0 1 8.7247
0 0 0 0 1 8.72763
0 0 0 0 0 8.82034
0 0 0 0 1 8.83193
0 0 0 0 0 8.94161
0 0 0 0 1 9.08818
0 0 0 0 1 9.00948
0 0 0 0 1 9.03064
0 0 0 0 1 9.07805
0 0 0 0 1 9.25469
0 0 0 0 1 9.22874
0 0 0 0 1 9.36182
0 0 0 0 1 9.45624
0 0 0 0 1 9.51453
0 0 0 0 0 9.51468
0 0 0 0 0 9.58124
0 0 0 0 1 9.73614
0 0 0 0 1 9.78432
0 0 0 0 1 9.88134
0 0 0 0 0 9.88045
0 0 0 0 1 9.8902
0 0 0 0 1 10.0761
0 0 0 0 1 9.9838
0 0 0 0 1 10.1916
0 0 0 0 0 10.2705
0 0 0 0 1 10.2145
0 0 0 0 1 10.3431
0 0 0 0 0 10.3181
0 0 0 0 1 10.5315
0 0 0 0 1 10.6201
0 0 0 0 1 10.6005
0 0 0 0 1 10.8502
0 0 0 0 1 10.9165
0 0 0 0 0 9.21284
0 0 0 0 1 9.2632
0 0 0 0 1 9.16999
0 0 0 0 1 9.16495
0 0 0 0 1 9.19235
0 0 0 0 1 9.12306
0 0 0 0 1 9.1689
0 0 0 0 1 9.21002
0 0 0 0 1 9.20081
0 0 0 0 1 9.03222
0 0 0 0 1 9.16
0 0 0 0 1 9.15579
0 0 0 0 1 8.97501
0 0 0 0 1 9.02098
0 0 0 0 1 8.98136
0 0 0 0 1 9.07229
0 0 0 0 1 8.93417
0 0 0 0 1 9.05188
0 0 0 0 1 8.99927
0 0 0 0 1 9.01837
0 0 0 0 1 8.92646
0 0 0 0 1 8.81244
0 0 0 0 1 8.84093
0 0 0 0 1 8.90487
0 0 0 0 1 8.82715
0 0 0 0 1 8.896
0 0 0 0 1 8.75716
0 0 0 0 1 8.86516
0 0 0 0 1 8.77095
0 0 0 0 0 8.71223
0 0 0 0 0 8.76757
0 0 0 0 1 8.78424
0 0 0 0 1 8.6913
0 0 0 0 1 8.6597
0 0 0 0 1 8.65439
0 0 0 0 1 8.74463
0 0 0 0 1 8.60951
0 0 0 0 1 8.69113
0 0 0 0 1 8.68627
0 0 0 0 1 8.54362
0 0 0 0 1 8.53925
0 0 0 0 1 8.66395
0 0 0 0 1 8.4966
0 0 0 0 1 8.48413
0 0 0 0 1 8.60019
0 0 0 0 1 8.60497
0 0 0 0 0 8.51046
0 0 0 0 1 8.43887
0 0 0 0 1 8.61843
0 0 0 0 1 8.62164
0 0 0 0 0 8.89509
0 0 0 0 0 8.87817
0 0 0 0 0 9.16602
0 0 0 0 1 9.22831
0 0 0 0 1 9.28817
0 0 0 0 1 9.63161
0 0 0 0 1 9.75849
0 0 0 0 1 9.81579
0 0 0 0 1 10.1099
0 0 0 0 1 10.1943
0 0 0 0 1 10.2862
0 0 0 0 0 10.574
0 0 0 0 0 10.7268
0 0 0 0 1 10.9199
0 0 0 0 0 11.1574
0 0 0 0 1 11.2926
0 0 0 0 1 11.5736
0 0 0 0 1 11.7605
0 0 0 0 1 12.1145
0 0 0 0 1 12.2594
0 0 0 0 1 12.5228
0 0 0 0 1 12.976
0 0 0 0 0 22.66
0 0 0 0 0 22.8456
0 0 0 0 1 22.5983
0 0 0 0 0 22.7164
0 0 0 0 1 22.7668
0 0 0 0 1 22.659
0 0 0 0 1 22.7328
0 0 0 0 1 22.7616
0 0 0 0 0 22.5198
0 0 0 0 1 22.6173
0 0 0 0 1 22.6474
0 0 0 0 1 22.7229
0 0 0 0 1 22.4398
0 0 0 0 0 22.7413
0 0 0 0 1 22.6379
0 0 0 0 0 22.535
0 0 0 0 1 22.6125
0 0 0 0 1 22.4881
0 0 0 0 1 23.1764
0 0 0 0 1 24.2685
0 0 0 0 0 25.1934
0 0 0 0 1 26.1074
0 0 0 0 1 36.0899
0 0 0 0 1 36.439
0 0 0 0 1 36.2792
0 0 0 0 1 36.7385
0 0 0 0 1 36.247
0 0 0 0 1 38.141
0 0 0 0 1 51.7022
0 0 0 0 0 51.6348
0 0 0 0 1 51.7771
0 0 0 0 1 51.5555
0 0 0 0 1 51.6991
0 0 0 0 1 56.216
0 0 0 0 0 64.8733
0 0 0 0 1 69.8032
0 0 0 0 1 81.9736
0 0 0 0 0 4.98495
0 0 0 0 0 4.98495
0 0 0 0 0 5.03004
0 0 0 0 0 4.96992
0 0 0 0 0 5.01501
0 0 0 0 0 4.96992
0 0 0 0 0 4.97994
0 0 0 0 0 5.03505
0 0 0 0 0 5.05509
0 0 0 0 0 4.96992
0 0 0 0 0 4.97994
0 0 0 0 0 5.05008
0 0 0 0 1 87.1529
0 0 0 0 1 87.8627
0 0 0 0 1 74.4686
0 0 0 0 1 64.0943
0 0 0 0 1 60.3448
0 0 0 0 1 60.9008
0 0 0 0 1 60.7311
0 0 0 0 1 51.3129
0 0 0 0 1 47.8912
0 0 0 0 0 47.6155
0 0 0 0 1 39.1564
0 0 0 0 1 37.1512
0 0 0 0 1 35.9532
0 0 0 0 1 35.573
0 0 0 0 1 35.6207
0 0 0 0 0 35.7414
0 0 0 0 1 27.8532
0 0 0 0 1 26.7499
0 0 0 0 1 25.8442
0 0 0 0 1 24.6391
0 0 0 0 1 24.6509
0 0 0 0 1 24.8356
0 0 0 0 1 24.576
0 0 0 0 1 24.6385
0 0 0 0 1 24.7508
0 0 0 0 1 24.9131
0 0 0 0 1 24.8537
0 0 0 0 1 24.6464
0 0 0 0 1 24.8583
0 0 0 0 0 18.3455
0 0 0 0 1 17.6681
0 0 0 0 1 17.3121
0 0 0 0 1 16.8448
0 0 0 0 0 16.2447
0 0 0 0 1 15.7207
0 0 0 0 1 15.6248
0 0 0 0 1 15.0456
0 0 0 0 1 14.6982
0 0 0 0 1 14.5385
0 0 0 0 0 14.0426
0 0 0 0 1 13.9842
0 0 0 0 1 13.9405
0 0 0 0 1 13.9387
0 0 0 0 1 13.7979
0 0 0 0 1 13.9497
0 0 0 0 1 14.0345
0 0 0 0 1 14.1035
0 0 0 0 1 13.8654
0 0 0 0 1 13.9069
0 0 0 0 0 14.1331
0 0 0 0 1 13.9931
0 0 0 0 1 13.9654
0 0 0 0 1 13.994
0 0 0 0 1 13.9831
0 0 0 0 0 13.97
0 0 0 0 0 14.1826
0 0 0 0 1 14.1445
0 0 0 0 1 14.1039
0 0 0 0 1 14.2332
0 0 0 0 1 14.1957
0 0 0 0 1 14.2691
0 0 0 0 0 14.2463
0 0 0 0 1 14.1497
0 0 0 0 1 14.3835
0 0 0 0 1 14.1732
0 0 0 0 1 14.1654
0 0 0 0 1 14.4408
0 0 0 0 1 14.2476
0 0 0 0 1 14.4239
0 0 0 0 1 8.79062
0 0 0 0 1 8.73834
0 0 0 0 0 8.68464
0 0 0 0 0 8.57118
0 0 0 0 1 8.43291
0 0 0 0 1 8.2459
0 0 0 0 0 8.26703
0 0 0 0 1 8.04955
0 0 0 0 1 7.98026
0 0 0 0 1 7.89476
0 0 0 0 1 7.85766
0 0 0 0 1 7.77936
0 0 0 0 1 7.58798
0 0 0 0 1 7.53513
0 0 0 0 1 7.39954
0 0 0 0 1 7.32617
0 0 0 0 1 7.33157
0 0 0 0 1 7.27931
0 0 0 0 1 7.18372
0 0 0 0 1 7.12418
0 0 0 0 1 6.98725
0 0 0 0 0 6.88864
0 0 0 0 1 6.85064
0 0 0 0 1 6.84846
0 0 0 0 1 6.71686
0 0 0 0 1 6.72723
0 0 0 0 1 6.59046
0 0 0 0 1 6.51432
0 0 0 0 0 6.4841
0 0 0 0 1 6.49465
0 0 0 0 0 6.41206
0 0 0 0 1 6.31365
0 0 0 0 1 6.304
0 0 0 0 0 6.16299
0 0 0 0 1 6.22108
0 0 0 0 0 6.14277
0 0 0 0 1 6.04682
0 0 0 0 0 6.05081
0 0 0 0 1 5.93782
0 0 0 0 0 5.89393
0 0 0 0 1 5.92358
0 0 0 0 1 5.83267
0 0 0 0 1 5.83509
0 0 0 0 1 5.68195
0 0 0 0 1 5.73823
0 0 0 0 1 5.61536
0 0 0 0 1 5.62822
0 0 0 0 1 5.58788
0 0 0 0 1 5.56664
0 0 0 0 1 5.43011
0 0 0 0 1 5.39301
0 0 0 0 1 5.41847
0 0 0 0 1 5.3842
0 0 0 0 0 5.28289
0 0 0 0 1 5.32855
0 0 0 0 1 5.29639
0 0 0 0 1 5.25708
0 0 0 0 0 5.22829
0 0 0 0 0 5.11716
0 0 0 0 1 5.06338
0 0 0 0 0 5.11842
0 0 0 0 1 5.00418
0 0 0 0 0 4.98445
0 0 0 0 1 4.9565
0 0 0 0 1 4.90384
0 0 0 0 1 4.94985
0 0 0 0 1 4.86797
0 0 0 0 1 4.86779
0 0 0 0 1 4.80614
0 0 0 0 0 4.85352
0 0 0 0 0 4.86531
0 0 0 0 1 4.86857
0 0 0 0 1 4.90102
0 0 0 0 1 4.90815
0 0 0 0 1 4.90668
0 0 0 0 1 4.92482
0 0 0 0 1 4.95294
0 0 0 0 1 4.89109
0 0 0 0 1 4.91922
0 0 0 0 1 4.99731
0 0 0 0 1 5.01974
0 0 0 0 1 5.03854
0 0 0 0 0 4.99713
0 0 0 0 1 5.05125
0 0 0 0 1 5.10068
0 0 0 0 1 5.09452
0 0 0 0 0 5.14441
0 0 0 0 1 5.10754
0 0 0 0 0 5.14613
0 0 0 0 0 5.12442
0 0 0 0 1 5.15943
0 0 0 0 0 5.19986
0 0 0 0 1 5.25096
0 0 0 0 0 5.27623
0 0 0 0 1 5.29639
0 0 0 0 0 5.29554
0 0 0 0 1 5.27486
0 0 0 0 1 5.29506
0 0 0 0 0 5.31002
0 0 0 0 1 5.36792
0 0 0 0 1 5.43696
0 0 0 0 1 5.4594
0 0 0 0 0 5.39889
0 0 0 0 0 5.47961
0 0 0 0 1 5.50067
0 0 0 0 0 5.45735
0 0 0 0 1 5.48937
0 0 0 0 1 5.52863
0 0 0 0 1 5.5443
0 0 0 0 1 5.58393
0 0 0 0 1 5.67285
0 0 0 0 1 5.61716
0 0 0 0 1 5.71814
0 0 0 0 0 5.70751
0 0 0 0 1 5.76374
0 0 0 0 1 5.74145
0 0 0 0 1 5.79971
0 0 0 0 1 5.83514
0 0 0 0 1 5.83996
0 0 0 0 1 5.88146
0 0 0 0 1 5.94679
0 0 0 0 1 5.91781
0 0 0 0 1 6.00147
0 0 0 0 1 6.03792
0 0 0 0 0 6.03244
0 0 0 0 1 6.09925
0 0 0 0 1 6.12401
0 0 0 0 1 6.04502
0 0 0 0 1 6.08776
0 0 0 0 1 6.11372
0 0 0 0 0 9.61423
0 0 0 0 0 9.55718
0 0 0 0 1 9.43119
0 0 0 0 1 9.33424
0 0 0 0 0 9.33501
0 0 0 0 1 9.3325
0 0 0 0 1 9.31133
0 0 0 0 1 9.33351
0 0 0 0 1 9.19523
0 0 0 0 1 9.30385
0 0 0 0 1 9.15414
0 0 0 0 1 9.07874
0 0 0 0 1 9.15921
0 0 0 0 1 9.08425
0 0 0 0 1 9.03702
0 0 0 0 1 8.99008
0 0 0 0 0 8.93441
0 0 0 0 1 9.07378
0 0 0 0 0 8.95536
0 0 0 0 1 8.99543
0 0 0 0 1 8.94041
0 0 0 0 0 8.98359
0 0 0 0 1 8.85804
0 0 0 0 0 8.8217
0 0 0 0 1 8.80868
0 0 0 0 1 8.82548
0 0 0 0 1 8.67571
0 0 0 0 1 8.69477
0 0 0 0 1 8.76421
0 0 0 0 0 8.71684
0 0 0 0 0 8.58643
0 0 0 0 1 8.73016
0 0 0 0 1 8.68677
0 0 0 0 1 8.54558
0 0 0 0 1 8.52025
0 0 0 0 1 8.50869
0 0 0 0 1 8.56907
0 0 0 0 1 8.54053
0 0 0 0 1 8.54616
0 0 0 0 1 8.50943
0 0 0 0 0 8.42219
0 0 0 0 1 8.42821
0 0 0 0 1 8.48835
0 0 0 0 1 8.45235
0 0 0 0 1 8.31608
0 0 0 0 1 8.39774
0 0 0 0 0 8.32903
0 0 0 0 1 8.32265
0 0 0 0 1 8.23801
0 0 0 0 0 8.34421
0 0 0 0 0 8.23971
0 0 0 0 1 8.23843
0 0 0 0 1 8.19609
0 0 0 0 1 8.19506
0 0 0 0 1 8.15316
0 0 0 0 1 8.21781
0 0 0 0 1 8.20884
0 0 0 0 1 8.21629
0 0 0 0 1 8.19942
0 0 0 0 1 8.0854
0 0 0 0 1 8.10143
0 0 0 0 1 8.10942
0 0 0 0 1 8.0288
0 0 0 0 0 8.1135
0 0 0 0 1 7.95301
0 0 0 0 1 8.00171
0 0 0 0 1 8.05833
0 0 0 0 1 7.91517
0 0 0 0 1 7.90394
0 0 0 0 1 7.89707
0 0 0 0 0 7.99365
0 0 0 0 1 7.85205
0 0 0 0 1 7.92484
0 0 0 0 1 7.96156
0 0 0 0 1 7.85262
0 0 0 0 1 7.87026
0 0 0 0 1 7.85992
0 0 0 0 1 7.81826
0 0 0 0 1 7.89895
0 0 0 0 1 7.76025
0 0 0 0 1 7.83322
0 0 0 0 0 7.72977
0 0 0 0 1 7.81842
0 0 0 0 1 7.82909
0 0 0 0 1 7.843
0 0 0 0 0 7.83058
0 0 0 0 1 7.76713
