0 0 0 0 0 5.52515
0 0 0 0 1 5.50088
0 0 0 0 1 5.51561
0 0 0 0 1 5.61652
0 0 0 0 1 5.57028
0 0 0 0 1 5.54076
0 0 0 0 1 5.55517
0 0 0 0 0 5.64899
0 0 0 0 1 5.55469
0 0 0 0 1 5.59276
0 0 0 0 1 5.60855
0 0 0 0 1 5.68656
0 0 0 0 1 5.68795
0 0 0 0 0 5.67597
0 0 0 0 1 5.64137
0 0 0 0 1 5.62585
0 0 0 0 1 5.72203
0 0 0 0 0 5.6477
0 0 0 0 1 5.67025
0 0 0 0 1 5.66828
0 0 0 0 0 5.69677
0 0 0 0 0 5.79431
0 0 0 0 1 5.70263
0 0 0 0 1 5.70858
0 0 0 0 0 5.7453
0 0 0 0 1 5.82086
0 0 0 0 1 5.76939
0 0 0 0 0 5.76421
0 0 0 0 0 5.75909
0 0 0 0 0 5.81814
0 0 0 0 1 5.83079
0 0 0 0 1 5.79248
0 0 0 0 1 5.90058
0 0 0 0 0 5.89602
0 0 0 0 1 5.83853
0 0 0 0 1 5.86934
0 0 0 0 1 5.97129
0 0 0 0 1 5.91377
0 0 0 0 1 5.98671
0 0 0 0 0 5.94695
0 0 0 0 1 6.00252
0 0 0 0 1 5.96271
0 0 0 0 1 5.996
0 0 0 0 1 5.9441
0 0 0 0 1 6.00033
0 0 0 0 0 6.00862
0 0 0 0 1 6.08234
0 0 0 0 1 6.01211
0 0 0 0 1 6.13011
0 0 0 0 1 6.15727
0 0 0 0 1 6.05627
0 0 0 0 1 6.09572
0 0 0 0 0 6.17736
0 0 0 0 1 6.10758
0 0 0 0 1 6.15372
0 0 0 0 1 6.2125
0 0 0 0 1 6.23438
0 0 0 0 1 6.2119
0 0 0 0 1 6.25893
0 0 0 0 1 6.20612
0 0 0 0 1 6.32156
0 0 0 0 1 6.3127
0 0 0 0 1 6.27227
0 0 0 0 0 6.35184
0 0 0 0 1 6.34938
0 0 0 0 0 6.3461
0 0 0 0 1 6.44575
0 0 0 0 0 6.35956
0 0 0 0 1 6.47914
0 0 0 0 1 6.41833
0 0 0 0 1 6.44836
0 0 0 0 1 6.42598
0 0 0 0 1 6.44321
0 0 0 0 1 6.52574
0 0 0 0 1 6.60216
0 0 0 0 0 6.53413
0 0 0 0 1 6.64995
0 0 0 0 0 6.62842
0 0 0 0 1 6.6459
0 0 0 0 0 6.59699
0 0 0 0 1 6.62111
0 0 0 0 0 6.62591
0 0 0 0 0 6.68441
0 0 0 0 1 6.74942
0 0 0 0 1 6.73374
0 0 0 0 0 6.80612
0 0 0 0 1 6.879
0 0 0 0 0 6.80197
0 0 0 0 1 6.83411
0 0 0 0 1 6.84578
0 0 0 0 1 6.96809
0 0 0 0 0 6.90441
0 0 0 0 0 6.94414
0 0 0 0 1 7.04696
0 0 0 0 1 6.96121
0 0 0 0 1 6.9803
0 0 0 0 1 7.01311
0 0 0 0 1 7.0253
0 0 0 0 1 7.17997
0 0 0 0 1 7.07834
0 0 0 0 1 7.21987
0 0 0 0 1 7.18949
0 0 0 0 0 7.26689
0 0 0 0 0 7.28709
0 0 0 0 0 7.32156
0 0 0 0 1 7.34926
0 0 0 0 1 7.32515
0 0 0 0 1 7.40501
0 0 0 0 1 7.492
0 0 0 0 1 7.38588
0 0 0 0 0 7.556
0 0 0 0 1 7.50159
0 0 0 0 1 7.56734
0 0 0 0 1 7.51971
0 0 0 0 1 7.59387
0 0 0 0 1 7.72165
0 0 0 0 0 7.7505
0 0 0 0 1 7.76397
0 0 0 0 1 7.68424
0 0 0 0 1 7.72054
0 0 0 0 1 7.85927
0 0 0 0 1 7.82557
0 0 0 0 1 7.84612
0 0 0 0 0 7.87511
0 0 0 0 1 7.96753
0 0 0 0 1 7.96482
0 0 0 0 0 8.01027
0 0 0 0 1 8.09644
0 0 0 0 1 8.10935
0 0 0 0 1 8.2537
0 0 0 0 1 8.29173
0 0 0 0 1 8.28844
0 0 0 0 1 8.327
0 0 0 0 1 8.37344
0 0 0 0 1 8.44529
0 0 0 0 1 8.40762
0 0 0 0 1 8.42873
0 0 0 0 1 8.61221
0 0 0 0 1 8.65182
0 0 0 0 1 8.66496
0 0 0 0 1 8.77274
0 0 0 0 1 8.71595
0 0 0 0 1 8.71003
0 0 0 0 0 8.74963
0 0 0 0 1 8.84972
0 0 0 0 1 9.01321
0 0 0 0 1 8.93506
0 0 0 0 1 9.01855
0 0 0 0 1 9.08532
0 0 0 0 0 9.13306
0 0 0 0 1 9.23624
0 0 0 0 1 9.3123
0 0 0 0 1 9.24982
0 0 0 0 1 9.35284
0 0 0 0 1 9.42941
0 0 0 0 1 9.49563
0 0 0 0 1 9.51411
0 0 0 0 1 9.63
0 0 0 0 1 9.67744
0 0 0 0 1 9.74437
0 0 0 0 1 9.78194
0 0 0 0 1 10.0091
0 0 0 0 1 10.0262
0 0 0 0 1 10.1045
0 0 0 0 0 10.1612
0 0 0 0 1 10.1787
0 0 0 0 1 10.3687
0 0 0 0 1 10.3328
0 0 0 0 1 10.3806
0 0 0 0 0 10.563
0 0 0 0 1 10.5566
0 0 0 0 0 10.7072
0 0 0 0 1 10.7105
0 0 0 0 1 10.9382
0 0 0 0 1 9.34312
0 0 0 0 1 9.19823
0 0 0 0 0 9.2904
0 0 0 0 1 9.21114
0 0 0 0 1 9.25689
0 0 0 0 1 9.18743
0 0 0 0 1 9.10466
0 0 0 0 1 9.21918
0 0 0 0 0 9.22822
0 0 0 0 1 9.03222
0 0 0 0 0 9.15091
0 0 0 0 1 9.0106
0 0 0 0 1 9.02935
0 0 0 0 0 9.08425
0 0 0 0 1 8.99939
0 0 0 0 1 8.92829
0 0 0 0 0 9.0509
0 0 0 0 1 8.98018
0 0 0 0 1 8.88298
0 0 0 0 1 9.00944
0 0 0 0 1 8.89974
0 0 0 0 0 8.86579
0 0 0 0 1 8.95633
0 0 0 0 1 8.89601
0 0 0 0 1 8.76524
0 0 0 0 1 8.77245
0 0 0 0 1 8.82764
0 0 0 0 1 8.87395
0 0 0 0 1 8.81485
0 0 0 0 1 8.82618
0 0 0 0 1 8.74132
0 0 0 0 1 8.65326
0 0 0 0 1 8.70002
0 0 0 0 0 8.72062
0 0 0 0 1 8.71521
0 0 0 0 1 8.72728
0 0 0 0 1 8.60085
0 0 0 0 0 8.57006
0 0 0 0 1 8.6431
0 0 0 0 1 8.5781
0 0 0 0 1 8.53925
0 0 0 0 1 8.55221
0 0 0 0 1 8.52235
0 0 0 0 1 8.63839
0 0 0 0 1 8.53173
0 0 0 0 0 8.6306
0 0 0 0 1 8.45925
0 0 0 0 1 8.4474
0 0 0 0 1 8.53267
0 0 0 0 1 8.61294
0 0 0 0 0 8.87744
0 0 0 0 1 8.93192
0 0 0 0 1 9.066
0 0 0 0 1 9.14517
0 0 0 0 1 9.37261
0 0 0 0 1 9.63161
0 0 0 0 1 9.70041
0 0 0 0 0 9.92409
0 0 0 0 1 10.0198
0 0 0 0 1 10.1536
0 0 0 0 1 10.3483
0 0 0 0 1 10.479
0 0 0 0 1 10.6516
0 0 0 0 1 10.9965
0 0 0 0 1 11.0794
0 0 0 0 0 11.4516
0 0 0 0 1 11.701
0 0 0 0 1 11.725
0 0 0 0 1 12.0181
0 0 0 0 1 12.2348
0 0 0 0 1 12.5354
0 0 0 0 1 12.976
0 0 0 0 1 22.66
0 0 0 0 1 22.9137
0 0 0 0 1 22.4622
0 0 0 0 1 22.8071
0 0 0 0 1 22.7894
0 0 0 0 1 22.5911
0 0 0 0 1 22.5518
0 0 0 0 1 22.6712
0 0 0 0 1 22.4972
0 0 0 0 1 22.5947
0 0 0 0 0 22.3767
0 0 0 0 0 22.3623
0 0 0 0 1 22.5524
0 0 0 0 0 22.336
0 0 0 0 1 22.2779
0 0 0 0 1 22.7149
0 0 0 0 1 22.6125
0 0 0 0 1 22.6903
0 0 0 0 1 23.2692
0 0 0 0 0 24.1479
0 0 0 0 1 25.2939
0 0 0 0 1 25.9502
0 0 0 0 1 36.1263
0 0 0 0 1 36.4754
0 0 0 0 1 36.17
0 0 0 0 0 36.4475
0 0 0 0 0 36.2106
0 0 0 0 0 38.2566
0 0 0 0 1 51.8584
0 0 0 0 1 51.5827
0 0 0 0 1 52.0893
0 0 0 0 1 51.7116
0 0 0 0 1 51.4911
0 0 0 0 1 56.7235
0 0 0 0 1 64.8733
0 0 0 0 1 69.3156
0 0 0 0 1 81.2373
0 0 0 0 0 4.99998
0 0 0 0 0 5.04507
0 0 0 0 0 5.03505
0 0 0 0 0 5.03004
0 0 0 0 0 4.9599
0 0 0 0 0 4.96491
0 0 0 0 0 5.02002
0 0 0 0 0 5.05008
0 0 0 0 0 4.97994
0 0 0 0 0 4.96992
0 0 0 0 0 5.03505
0 0 0 0 0 4.9599
0 0 0 0 0 86.8025
0 0 0 0 1 87.5123
0 0 0 0 1 75.2952
0 0 0 0 1 64.0305
0 0 0 0 0 61.0712
0 0 0 0 1 61.0824
0 0 0 0 1 60.4284
0 0 0 0 1 51.9317
0 0 0 0 1 47.6512
0 0 0 0 1 48.4795
0 0 0 0 0 39.3135
0 0 0 0 1 37.0775
0 0 0 0 0 35.7748
0 0 0 0 1 35.9298
0 0 0 0 1 35.7278
0 0 0 0 1 35.9556
0 0 0 0 1 28.0217
0 0 0 0 1 26.9911
0 0 0 0 0 25.6904
0 0 0 0 0 24.5899
0 0 0 0 1 24.5278
0 0 0 0 1 24.466
0 0 0 0 0 24.4774
0 0 0 0 1 24.8604
0 0 0 0 1 24.8495
0 0 0 0 1 24.7402
0 0 0 0 1 24.7796
0 0 0 0 1 24.77
0 0 0 0 1 24.5862
0 0 0 0 1 18.0725
0 0 0 0 1 17.7919
0 0 0 0 1 17.2089
0 0 0 0 0 16.6775
0 0 0 0 1 16.3588
0 0 0 0 1 16.0065
0 0 0 0 0 15.5164
0 0 0 0 1 15.2119
0 0 0 0 1 14.6392
0 0 0 0 1 14.5529
0 0 0 0 1 14.1695
0 0 0 0 0 13.9287
0 0 0 0 1 13.9683
0 0 0 0 0 14.05
0 0 0 0 1 13.8675
0 0 0 0 1 14.0752
0 0 0 0 1 13.9787
0 0 0 0 1 13.8801
0 0 0 0 1 14.0052
0 0 0 0 0 14.0468
0 0 0 0 1 14.1051
0 0 0 0 1 14.0913
0 0 0 0 1 14.1619
0 0 0 0 0 14.1766
0 0 0 0 1 14.0534
0 0 0 0 0 14.1249
0 0 0 0 1 14.1262
0 0 0 0 1 13.9751
0 0 0 0 1 14.1463
0 0 0 0 1 14.0068
0 0 0 0 0 14.2807
0 0 0 0 1 14.2975
0 0 0 0 1 14.2463
0 0 0 0 0 14.1213
0 0 0 0 1 14.1842
0 0 0 0 1 14.1875
0 0 0 0 1 14.3082
0 0 0 0 1 14.2549
0 0 0 0 0 14.219
0 0 0 0 0 14.4669
0 0 0 0 1 8.90536
0 0 0 0 0 8.68607
0 0 0 0 1 8.62445
0 0 0 0 1 8.51172
0 0 0 0 1 8.42452
0 0 0 0 1 8.30391
0 0 0 0 1 8.13594
0 0 0 0 1 8.1709
0 0 0 0 1 8.07622
0 0 0 0 1 7.95008
0 0 0 0 1 7.85766
0 0 0 0 1 7.70983
0 0 0 0 1 7.61855
0 0 0 0 1 7.61071
0 0 0 0 1 7.43691
0 0 0 0 0 7.46677
0 0 0 0 1 7.39011
0 0 0 0 1 7.22136
0 0 0 0 1 7.12636
0 0 0 0 1 7.1029
0 0 0 0 1 7.07854
0 0 0 0 1 6.98606
0 0 0 0 1 6.94703
0 0 0 0 1 6.84846
0 0 0 0 1 6.76416
0 0 0 0 1 6.754
0 0 0 0 0 6.68991
0 0 0 0 1 6.57342
0 0 0 0 1 6.46459
0 0 0 0 1 6.42371
0 0 0 0 1 6.32904
0 0 0 0 1 6.37064
0 0 0 0 0 6.31028
0 0 0 0 1 6.28749
0 0 0 0 1 6.1964
0 0 0 0 1 6.05712
0 0 0 0 1 6.01043
0 0 0 0 1 6.00866
0 0 0 0 1 6.00943
0 0 0 0 1 5.888
0 0 0 0 0 5.859
0 0 0 0 1 5.81519
0 0 0 0 1 5.731
0 0 0 0 1 5.72213
0 0 0 0 0 5.74392
0 0 0 0 1 5.67744
0 0 0 0 1 5.65623
0 0 0 0 1 5.55449
0 0 0 0 1 5.50037
0 0 0 0 1 5.4849
0 0 0 0 1 5.47456
0 0 0 0 1 5.37525
0 0 0 0 1 5.39493
0 0 0 0 0 5.37875
0 0 0 0 1 5.33384
0 0 0 0 1 5.2439
0 0 0 0 1 5.25187
0 0 0 0 1 5.21275
0 0 0 0 1 5.09657
0 0 0 0 1 5.1043
0 0 0 0 1 5.10827
0 0 0 0 1 5.06969
0 0 0 0 1 5.02958
0 0 0 0 1 4.96148
0 0 0 0 1 4.95827
0 0 0 0 1 4.87121
0 0 0 0 1 4.85821
0 0 0 0 1 4.89694
0 0 0 0 1 4.80614
0 0 0 0 1 4.81018
0 0 0 0 1 4.81222
0 0 0 0 1 4.86372
0 0 0 0 0 4.88643
0 0 0 0 1 4.84479
0 0 0 0 1 4.94092
0 0 0 0 1 4.95428
0 0 0 0 1 4.94801
0 0 0 0 1 4.94544
0 0 0 0 1 4.91426
0 0 0 0 1 4.97242
0 0 0 0 0 4.97982
0 0 0 0 1 5.02352
0 0 0 0 1 4.99713
0 0 0 0 1 5.07144
0 0 0 0 1 5.03483
0 0 0 0 1 5.03351
0 0 0 0 1 5.14951
0 0 0 0 1 5.0768
0 0 0 0 0 5.0999
0 0 0 0 1 5.17598
0 0 0 0 1 5.12321
0 0 0 0 0 5.16869
0 0 0 0 0 5.20403
0 0 0 0 1 5.18725
0 0 0 0 1 5.28588
0 0 0 0 1 5.23224
0 0 0 0 1 5.28016
0 0 0 0 0 5.3536
0 0 0 0 1 5.35275
0 0 0 0 0 5.35719
0 0 0 0 1 5.36698
0 0 0 0 1 5.36201
0 0 0 0 1 5.44235
0 0 0 0 0 5.46325
0 0 0 0 1 5.41857
0 0 0 0 1 5.49586
0 0 0 0 1 5.57221
0 0 0 0 1 5.54528
0 0 0 0 1 5.52201
0 0 0 0 1 5.58953
0 0 0 0 1 5.61663
0 0 0 0 1 5.6002
0 0 0 0 1 5.63305
0 0 0 0 1 5.73032
0 0 0 0 1 5.68361
0 0 0 0 1 5.69543
0 0 0 0 1 5.79971
0 0 0 0 1 5.8642
0 0 0 0 0 5.81079
0 0 0 0 1 5.91665
0 0 0 0 1 5.9291
0 0 0 0 0 5.9415
0 0 0 0 1 5.98956
0 0 0 0 1 6.03193
0 0 0 0 1 6.05049
0 0 0 0 0 5.99045
0 0 0 0 0 6.10579
0 0 0 0 1 6.14882
0 0 0 0 1 6.19822
0 0 0 0 1 6.22488
0 0 0 0 0 9.49048
0 0 0 0 1 9.41496
0 0 0 0 0 9.53514
0 0 0 0 1 9.33424
0 0 0 0 0 9.3444
0 0 0 0 0 9.26704
0 0 0 0 1 9.31133
0 0 0 0 1 9.33351
0 0 0 0 1 9.25079
0 0 0 0 1 9.2577
0 0 0 0 1 9.11733
0 0 0 0 0 9.13376
0 0 0 0 0 9.12264
0 0 0 0 1 9.05692
0 0 0 0 1 9.15509
0 0 0 0 0 9.11683
0 0 0 0 1 8.95246
0 0 0 0 1 9.08278
0 0 0 0 0 9.03612
0 0 0 0 1 8.89697
0 0 0 0 1 8.88687
0 0 0 0 1 8.98359
0 0 0 0 1 8.81371
0 0 0 0 1 8.7775
0 0 0 0 1 8.83513
0 0 0 0 1 8.86064
0 0 0 0 1 8.75458
0 0 0 0 1 8.73851
0 0 0 0 1 8.70317
0 0 0 0 1 8.72554
0 0 0 0 1 8.60377
0 0 0 0 1 8.7042
0 0 0 0 0 8.54875
0 0 0 0 1 8.59722
0 0 0 0 0 8.52883
0 0 0 0 1 8.60285
0 0 0 0 0 8.62028
0 0 0 0 1 8.50647
0 0 0 0 1 8.51218
0 0 0 0 0 8.44163
0 0 0 0 1 8.47293
0 0 0 0 1 8.4029
0 0 0 0 0 8.3874
0 0 0 0 1 8.41039
0 0 0 0 1 8.29096
0 0 0 0 1 8.32254
0 0 0 0 1 8.32069
0 0 0 0 1 8.29771
0 0 0 0 1 8.31268
0 0 0 0 1 8.23659
0 0 0 0 1 8.34715
0 0 0 0 0 8.22194
0 0 0 0 0 8.18786
0 0 0 0 1 8.12937
0 0 0 0 0 8.24329
0 0 0 0 1 8.13604
0 0 0 0 0 8.19252
0 0 0 0 1 8.11043
0 0 0 0 1 8.06127
0 0 0 0 0 8.05296
0 0 0 0 1 8.1338
0 0 0 0 1 8.08519
0 0 0 0 1 7.98044
0 0 0 0 1 8.1296
0 0 0 0 0 7.98514
0 0 0 0 1 8.02576
0 0 0 0 1 7.9703
0 0 0 0 1 7.99504
0 0 0 0 1 7.92787
0 0 0 0 1 7.9528
0 0 0 0 0 7.89035
0 0 0 0 0 7.99481
0 0 0 0 1 7.87734
0 0 0 0 1 7.91412
0 0 0 0 1 7.89998
0 0 0 0 1 7.90965
0 0 0 0 1 7.82058
0 0 0 0 1 7.81826
0 0 0 0 1 7.85973
0 0 0 0 1 7.7994
0 0 0 0 1 7.78631
0 0 0 0 1 7.81566
0 0 0 0 0 7.87298
0 0 0 0 0 7.74348
0 0 0 0 1 7.71086
0 0 0 0 0 7.73745
0 0 0 0 1 7.79038
