0 0 0 0 1 5.58617
0 0 0 0 1 5.59534
0 0 0 0 1 5.52117
0 0 0 0 1 5.54966
0 0 0 0 1 5.57586
0 0 0 0 0 5.56872
0 0 0 0 1 5.65027
0 0 0 0 1 5.57614
0 0 0 0 1 5.62201
0 0 0 0 0 5.59276
0 0 0 0 0 5.58603
0 0 0 0 0 5.68092
0 0 0 0 1 5.60887
0 0 0 0 0 5.6307
0 0 0 0 1 5.61869
0 0 0 0 1 5.69965
0 0 0 0 0 5.68221
0 0 0 0 1 5.6591
0 0 0 0 0 5.76732
0 0 0 0 1 5.73685
0 0 0 0 1 5.77693
0 0 0 0 1 5.77136
0 0 0 0 1 5.78886
0 0 0 0 1 5.77771
0 0 0 0 0 5.77991
0 0 0 0 1 5.73415
0 0 0 0 1 5.80993
0 0 0 0 0 5.82806
0 0 0 0 1 5.8638
0 0 0 0 1 5.81231
0 0 0 0 0 5.80742
0 0 0 0 1 5.79248
0 0 0 0 1 5.81855
0 0 0 0 1 5.86666
0 0 0 0 1 5.94447
0 0 0 0 1 5.94602
0 0 0 0 1 5.95946
0 0 0 0 1 5.90785
0 0 0 0 1 5.98077
0 0 0 0 1 6.01243
0 0 0 0 1 6.00252
0 0 0 0 1 5.93281
0 0 0 0 1 6.03194
0 0 0 0 1 6.03416
0 0 0 0 0 5.9883
0 0 0 0 1 6.07498
0 0 0 0 0 6.05813
0 0 0 0 1 6.12738
0 0 0 0 1 6.13011
0 0 0 0 0 6.08412
0 0 0 0 1 6.10517
0 0 0 0 1 6.16924
0 0 0 0 1 6.16506
0 0 0 0 1 6.16299
0 0 0 0 1 6.11051
0 0 0 0 1 6.17537
0 0 0 0 1 6.15994
0 0 0 0 1 6.26792
0 0 0 0 1 6.19653
0 0 0 0 1 6.29997
0 0 0 0 1 6.24623
0 0 0 0 1 6.28753
0 0 0 0 1 6.33537
0 0 0 0 1 6.33918
0 0 0 0 0 6.29863
0 0 0 0 1 6.42248
0 0 0 0 1 6.40746
0 0 0 0 1 6.46843
0 0 0 0 1 6.40208
0 0 0 0 0 6.40544
0 0 0 0 0 6.44836
0 0 0 0 1 6.52973
0 0 0 0 1 6.44972
0 0 0 0 1 6.49966
0 0 0 0 1 6.49758
0 0 0 0 1 6.51445
0 0 0 0 0 6.59728
0 0 0 0 0 6.5426
0 0 0 0 0 6.63265
0 0 0 0 1 6.61029
0 0 0 0 1 6.71455
0 0 0 0 0 6.62591
0 0 0 0 0 6.77837
0 0 0 0 1 6.77636
0 0 0 0 1 6.78107
0 0 0 0 1 6.81291
0 0 0 0 1 6.85856
0 0 0 0 1 6.89084
0 0 0 0 1 6.79294
0 0 0 0 1 6.91465
0 0 0 0 1 6.85748
0 0 0 0 1 6.9668
0 0 0 0 0 6.92326
0 0 0 0 1 7.01204
0 0 0 0 1 7.02431
0 0 0 0 1 7.09993
0 0 0 0 0 7.10502
0 0 0 0 1 7.08207
0 0 0 0 1 7.1871
0 0 0 0 0 7.12124
0 0 0 0 0 7.11222
0 0 0 0 0 7.13907
0 0 0 0 0 7.25241
0 0 0 0 1 7.2435
0 0 0 0 1 7.37265
0 0 0 0 1 7.26866
0 0 0 0 1 7.33252
0 0 0 0 0 7.45669
0 0 0 0 1 7.47717
0 0 0 0 1 7.37843
0 0 0 0 0 7.45875
0 0 0 0 0 7.57676
0 0 0 0 1 7.47671
0 0 0 0 1 7.53488
0 0 0 0 1 7.56341
0 0 0 0 1 7.72931
0 0 0 0 1 7.66592
0 0 0 0 1 7.70217
0 0 0 0 1 7.81619
0 0 0 0 1 7.85312
0 0 0 0 1 7.85927
0 0 0 0 1 7.94354
0 0 0 0 1 7.85403
0 0 0 0 0 7.93869
0 0 0 0 0 7.95155
0 0 0 0 0 7.98891
0 0 0 0 0 8.03447
0 0 0 0 1 8.07213
0 0 0 0 1 8.1338
0 0 0 0 1 8.2537
0 0 0 0 1 8.15998
0 0 0 0 0 8.3464
0 0 0 0 0 8.25213
0 0 0 0 1 8.28143
0 0 0 0 1 8.46211
0 0 0 0 1 8.46683
0 0 0 0 0 8.42873
0 0 0 0 1 8.5951
0 0 0 0 1 8.60887
0 0 0 0 0 8.58721
0 0 0 0 1 8.6684
0 0 0 0 1 8.75092
0 0 0 0 0 8.78921
0 0 0 0 1 8.8822
0 0 0 0 1 8.95645
0 0 0 0 1 9.02216
0 0 0 0 1 9.08818
0 0 0 0 1 9.15451
0 0 0 0 0 9.06709
0 0 0 0 1 9.21559
0 0 0 0 1 9.23624
0 0 0 0 1 9.24731
0 0 0 0 0 9.24048
0 0 0 0 1 9.32464
0 0 0 0 1 9.40104
0 0 0 0 1 9.48611
0 0 0 0 0 9.57165
0 0 0 0 1 9.56246
0 0 0 0 1 9.61914
0 0 0 0 1 9.75416
0 0 0 0 1 9.93956
0 0 0 0 0 9.83074
0 0 0 0 1 10.0262
0 0 0 0 1 9.97375
0 0 0 0 1 10.2321
0 0 0 0 1 10.1073
0 0 0 0 1 10.2454
0 0 0 0 0 10.2499
0 0 0 0 1 10.4744
0 0 0 0 1 10.479
0 0 0 0 1 10.5355
0 0 0 0 0 10.7072
0 0 0 0 1 10.6998
0 0 0 0 1 10.7866
0 0 0 0 1 9.38034
0 0 0 0 1 9.23536
0 0 0 0 1 9.17925
0 0 0 0 1 9.18343
0 0 0 0 1 9.21079
0 0 0 0 1 9.2794
0 0 0 0 1 9.11384
0 0 0 0 0 9.11847
0 0 0 0 1 9.20081
0 0 0 0 0 9.15982
0 0 0 0 1 9.03265
0 0 0 0 0 9.03783
0 0 0 0 1 9.11086
0 0 0 0 1 8.94866
0 0 0 0 1 9.09858
0 0 0 0 1 9.02729
0 0 0 0 0 9.02397
0 0 0 0 0 8.91745
0 0 0 0 1 8.86509
0 0 0 0 1 8.89337
0 0 0 0 0 8.87301
0 0 0 0 1 8.94582
0 0 0 0 1 8.91195
0 0 0 0 0 8.81626
0 0 0 0 1 8.78293
0 0 0 0 1 8.77245
0 0 0 0 1 8.78359
0 0 0 0 1 8.83877
0 0 0 0 0 8.80607
0 0 0 0 1 8.70347
0 0 0 0 1 8.68882
0 0 0 0 1 8.76678
0 0 0 0 1 8.75232
0 0 0 0 1 8.73803
0 0 0 0 1 8.71521
0 0 0 0 1 8.59715
0 0 0 0 0 8.6788
0 0 0 0 0 8.73437
0 0 0 0 0 8.56539
0 0 0 0 1 8.60396
0 0 0 0 1 8.55646
0 0 0 0 0 8.50923
0 0 0 0 1 8.63392
0 0 0 0 1 8.48413
0 0 0 0 1 8.60019
0 0 0 0 1 8.60497
0 0 0 0 1 8.56168
0 0 0 0 0 8.49854
0 0 0 0 1 8.49837
0 0 0 0 1 8.73474
0 0 0 0 1 8.85097
0 0 0 0 1 8.93192
0 0 0 0 0 9.16602
0 0 0 0 1 9.25602
0 0 0 0 1 9.39137
0 0 0 0 1 9.58393
0 0 0 0 1 9.75849
0 0 0 0 1 9.80595
0 0 0 0 0 9.92973
0 0 0 0 1 10.2351
0 0 0 0 0 10.3691
0 0 0 0 1 10.6056
0 0 0 0 0 10.6409
0 0 0 0 1 11.0512
0 0 0 0 1 11.1797
0 0 0 0 1 11.2471
0 0 0 0 1 11.701
0 0 0 0 1 11.8787
0 0 0 0 0 11.9578
0 0 0 0 1 12.2594
0 0 0 0 0 12.4599
0 0 0 0 0 12.7576
0 0 0 0 1 22.5237
0 0 0 0 1 22.7775
0 0 0 0 1 22.4622
0 0 0 0 0 22.7391
0 0 0 0 1 22.4496
0 0 0 0 0 22.5911
0 0 0 0 0 22.8006
0 0 0 0 0 22.4
0 0 0 0 1 22.4972
0 0 0 0 0 22.4818
0 0 0 0 1 22.6248
0 0 0 0 1 22.7455
0 0 0 0 1 22.6425
0 0 0 0 0 22.6963
0 0 0 0 0 22.6154
0 0 0 0 0 22.4226
0 0 0 0 0 22.6799
0 0 0 0 1 22.3309
0 0 0 0 1 23.2924
0 0 0 0 1 24.0032
0 0 0 0 1 24.8669
0 0 0 0 1 26.2385
0 0 0 0 1 36.709
0 0 0 0 1 36.2206
0 0 0 0 1 36.2792
0 0 0 0 1 36.3384
0 0 0 0 1 36.2106
0 0 0 0 1 38.4107
0 0 0 0 1 52.5353
0 0 0 0 1 52.2073
0 0 0 0 0 51.5169
0 0 0 0 1 52.1278
0 0 0 0 1 51.9071
0 0 0 0 1 56.949
0 0 0 0 1 65.9862
0 0 0 0 1 69.2459
0 0 0 0 1 81.0737
0 0 0 0 0 5.02002
0 0 0 0 0 5.05509
0 0 0 0 0 4.98996
0 0 0 0 0 5.01501
0 0 0 0 0 4.99998
0 0 0 0 0 4.98495
0 0 0 0 0 4.97493
0 0 0 0 0 5.02503
0 0 0 0 0 5.02002
0 0 0 0 0 5.02503
0 0 0 0 0 5.03505
0 0 0 0 0 5.0601
0 0 0 0 1 88.4667
0 0 0 0 1 87.8627
0 0 0 0 1 74.694
0 0 0 0 1 63.3921
0 0 0 0 1 60.9501
0 0 0 0 1 60.9614
0 0 0 0 1 60.3073
0 0 0 0 0 52.0349
0 0 0 0 1 48.1311
0 0 0 0 1 47.6155
0 0 0 0 1 39.1564
0 0 0 0 1 36.6357
0 0 0 0 1 35.8105
0 0 0 0 1 35.8228
0 0 0 0 0 35.7635
0 0 0 0 1 35.5986
0 0 0 0 1 28.2463
0 0 0 0 1 26.8571
0 0 0 0 1 25.5366
0 0 0 0 1 24.6884
0 0 0 0 1 24.774
0 0 0 0 1 24.4167
0 0 0 0 1 24.7486
0 0 0 0 1 24.6138
0 0 0 0 0 24.7508
0 0 0 0 1 24.7896
0 0 0 0 1 24.8537
0 0 0 0 0 24.6216
0 0 0 0 1 24.9572
0 0 0 0 1 18.1635
0 0 0 0 1 17.7742
0 0 0 0 1 17.2949
0 0 0 0 0 16.8783
0 0 0 0 1 16.2773
0 0 0 0 1 15.7842
0 0 0 0 1 15.5474
0 0 0 0 1 15.0456
0 0 0 0 1 14.9048
0 0 0 0 0 14.4086
0 0 0 0 1 14.24
0 0 0 0 1 13.9842
0 0 0 0 1 13.8293
0 0 0 0 1 13.8414
0 0 0 0 1 13.8397
0 0 0 0 1 14.0752
0 0 0 0 1 13.8113
0 0 0 0 0 13.8662
0 0 0 0 1 13.8515
0 0 0 0 1 13.865
0 0 0 0 1 13.895
0 0 0 0 1 13.937
0 0 0 0 1 13.9513
0 0 0 0 1 13.9097
0 0 0 0 1 14.0816
0 0 0 0 1 14.1108
0 0 0 0 1 14.0416
0 0 0 0 0 14.0457
0 0 0 0 1 14.0191
0 0 0 0 1 14.1341
0 0 0 0 0 14.309
0 0 0 0 1 14.1556
0 0 0 0 1 14.0759
0 0 0 0 1 14.3062
0 0 0 0 1 14.2269
0 0 0 0 1 14.3443
0 0 0 0 1 14.194
0 0 0 0 0 14.1977
0 0 0 0 1 14.262
0 0 0 0 1 14.2662
0 0 0 0 1 8.79062
0 0 0 0 0 8.79933
0 0 0 0 1 8.59006
0 0 0 0 0 8.52021
0 0 0 0 1 8.32383
0 0 0 0 1 8.34535
0 0 0 0 0 8.25064
0 0 0 0 1 8.11427
0 0 0 0 1 7.94028
0 0 0 0 1 7.89476
0 0 0 0 1 7.85766
0 0 0 0 1 7.68666
0 0 0 0 0 7.71025
0 0 0 0 1 7.59559
0 0 0 0 1 7.45933
0 0 0 0 1 7.44457
0 0 0 0 1 7.35352
0 0 0 0 0 7.21412
0 0 0 0 1 7.09769
0 0 0 0 1 7.16676
0 0 0 0 1 7.04343
0 0 0 0 1 6.96518
0 0 0 0 1 6.91949
0 0 0 0 1 6.86892
0 0 0 0 1 6.76416
0 0 0 0 1 6.64021
0 0 0 0 0 6.58383
0 0 0 0 1 6.58656
0 0 0 0 0 6.52962
0 0 0 0 1 6.43016
0 0 0 0 1 6.3482
0 0 0 0 1 6.38964
0 0 0 0 1 6.34167
0 0 0 0 1 6.21279
0 0 0 0 1 6.14085
0 0 0 0 1 6.16725
0 0 0 0 1 6.05895
0 0 0 0 1 5.96652
0 0 0 0 1 5.92588
0 0 0 0 1 5.87023
0 0 0 0 1 5.86487
0 0 0 0 1 5.79188
0 0 0 0 1 5.82931
0 0 0 0 1 5.69343
0 0 0 0 1 5.65292
0 0 0 0 1 5.68873
0 0 0 0 1 5.63942
0 0 0 0 0 5.61571
0 0 0 0 1 5.57217
0 0 0 0 1 5.43559
0 0 0 0 1 5.39301
0 0 0 0 0 5.44548
0 0 0 0 1 5.36272
0 0 0 0 0 5.30952
0 0 0 0 0 5.34443
0 0 0 0 1 5.23865
0 0 0 0 1 5.16321
0 0 0 0 1 5.19202
0 0 0 0 1 5.19438
0 0 0 0 0 5.15033
0 0 0 0 1 5.04232
0 0 0 0 0 5.07473
0 0 0 0 1 5.0346
0 0 0 0 1 5.03122
0 0 0 0 0 4.91868
0 0 0 0 1 4.89578
0 0 0 0 1 4.92168
0 0 0 0 0 4.87265
0 0 0 0 1 4.83027
0 0 0 0 0 4.85833
0 0 0 0 0 4.85083
0 0 0 0 1 4.84919
0 0 0 0 0 4.87184
0 0 0 0 1 4.82529
0 0 0 0 0 4.84798
0 0 0 0 1 4.95919
0 0 0 0 1 4.8938
0 0 0 0 1 4.90097
0 0 0 0 0 4.98369
0 0 0 0 1 5.00229
0 0 0 0 0 4.94988
0 0 0 0 1 4.99347
0 0 0 0 1 4.9921
0 0 0 0 1 5.06639
0 0 0 0 1 5.08549
0 0 0 0 1 5.03859
0 0 0 0 1 5.05254
0 0 0 0 1 5.0768
0 0 0 0 1 5.11531
0 0 0 0 1 5.10896
0 0 0 0 0 5.18013
0 0 0 0 1 5.22583
0 0 0 0 1 5.26661
0 0 0 0 1 5.18201
0 0 0 0 1 5.28588
0 0 0 0 1 5.25334
0 0 0 0 1 5.34908
0 0 0 0 1 5.36957
0 0 0 0 1 5.38481
0 0 0 0 1 5.38937
0 0 0 0 1 5.3939
0 0 0 0 0 5.40529
0 0 0 0 1 5.44778
0 0 0 0 1 5.43054
0 0 0 0 1 5.47877
0 0 0 0 1 5.48486
0 0 0 0 1 5.55012
0 0 0 0 0 5.60634
0 0 0 0 1 5.56659
0 0 0 0 1 5.61193
0 0 0 0 1 5.58289
0 0 0 0 0 5.67932
0 0 0 0 1 5.71814
0 0 0 0 0 5.6676
0 0 0 0 1 5.71223
0 0 0 0 1 5.72994
0 0 0 0 1 5.82284
0 0 0 0 1 5.77702
0 0 0 0 1 5.87496
0 0 0 0 1 5.81696
0 0 0 0 1 5.935
0 0 0 0 1 5.95927
0 0 0 0 1 6.01338
0 0 0 0 0 5.94217
0 0 0 0 0 5.97831
0 0 0 0 1 6.07507
0 0 0 0 1 6.11794
0 0 0 0 1 6.16103
0 0 0 0 1 6.19209
0 0 0 0 1 6.12607
0 0 0 0 0 9.43337
0 0 0 0 1 9.43393
0 0 0 0 0 9.50679
0 0 0 0 1 9.49436
0 0 0 0 0 9.37254
0 0 0 0 0 9.42601
0 0 0 0 1 9.32997
0 0 0 0 1 9.35211
0 0 0 0 0 9.23227
0 0 0 0 0 9.27616
0 0 0 0 1 9.22774
0 0 0 0 1 9.12459
0 0 0 0 1 9.15921
0 0 0 0 1 9.18448
0 0 0 0 0 9.11876
0 0 0 0 1 8.97197
0 0 0 0 1 9.00661
0 0 0 0 1 9.02877
0 0 0 0 0 9.01817
0 0 0 0 0 9.00438
0 0 0 0 1 8.85118
0 0 0 0 1 8.84127
0 0 0 0 1 8.93785
0 0 0 0 1 8.81286
0 0 0 0 1 8.86158
0 0 0 0 1 8.83427
0 0 0 0 1 8.82469
0 0 0 0 1 8.82598
0 0 0 0 0 8.64212
0 0 0 0 1 8.70814
0 0 0 0 1 8.65581
0 0 0 0 1 8.66094
0 0 0 0 0 8.58326
0 0 0 0 0 8.59722
0 0 0 0 1 8.49451
0 0 0 0 1 8.64565
0 0 0 0 1 8.62028
0 0 0 0 1 8.54053
0 0 0 0 1 8.48669
0 0 0 0 1 8.40773
0 0 0 0 0 8.37991
0 0 0 0 1 8.38603
0 0 0 0 0 8.37058
0 0 0 0 1 8.45235
0 0 0 0 1 8.36633
0 0 0 0 1 8.34761
0 0 0 0 1 8.38739
0 0 0 0 1 8.38085
0 0 0 0 1 8.32097
0 0 0 0 0 8.31937
0 0 0 0 1 8.33062
0 0 0 0 1 8.27142
0 0 0 0 1 8.26192
0 0 0 0 1 8.17864
0 0 0 0 1 8.11218
0 0 0 0 1 8.11151
0 0 0 0 0 8.20884
0 0 0 0 0 8.07786
0 0 0 0 1 8.15879
0 0 0 0 0 8.15839
0 0 0 0 0 8.06906
0 0 0 0 1 8.02057
0 0 0 0 1 7.98044
0 0 0 0 1 8.08936
0 0 0 0 0 7.97711
0 0 0 0 1 8.0418
0 0 0 0 1 7.9543
0 0 0 0 0 7.9551
0 0 0 0 1 7.99965
0 0 0 0 1 7.97668
0 0 0 0 1 8.02543
0 0 0 0 1 7.97895
0 0 0 0 1 7.85359
0 0 0 0 0 7.87459
0 0 0 0 1 7.82895
0 0 0 0 0 7.90177
0 0 0 0 1 7.78911
0 0 0 0 0 7.87326
0 0 0 0 1 7.85189
0 0 0 0 1 7.88554
0 0 0 0 1 7.75504
0 0 0 0 1 7.8625
0 0 0 0 1 7.80283
0 0 0 0 1 7.76683
0 0 0 0 0 7.71863
0 0 0 0 1 7.75297
0 0 0 0 1 7.79038
