0 0 0 0 1 5.58063
0 0 0 0 1 5.562
0 0 0 0 1 5.57126
0 0 0 0 0 5.62767
0 0 0 0 1 5.63726
0 0 0 0 1 5.54076
0 0 0 0 0 5.58314
0 0 0 0 1 5.6546
0 0 0 0 1 5.59396
0 0 0 0 1 5.63773
0 0 0 0 1 5.59166
0 0 0 0 1 5.64707
0 0 0 0 1 5.6597
0 0 0 0 1 5.63636
0 0 0 0 1 5.71508
0 0 0 0 0 5.72804
0 0 0 0 1 5.65377
0 0 0 0 1 5.6762
0 0 0 0 0 5.70451
0 0 0 0 1 5.65685
0 0 0 0 1 5.66815
0 0 0 0 1 5.69678
0 0 0 0 1 5.73137
0 0 0 0 1 5.79499
0 0 0 0 0 5.79721
0 0 0 0 0 5.78618
0 0 0 0 0 5.73463
0 0 0 0 1 5.81065
0 0 0 0 1 5.85798
0 0 0 0 1 5.77733
0 0 0 0 1 5.88337
0 0 0 0 0 5.88025
0 0 0 0 1 5.89472
0 0 0 0 1 5.88427
0 0 0 0 1 5.94447
0 0 0 0 1 5.86934
0 0 0 0 1 5.91808
0 0 0 0 0 5.95525
0 0 0 0 1 5.94514
0 0 0 0 1 5.98266
0 0 0 0 1 6.02042
0 0 0 0 1 5.98663
0 0 0 0 1 5.98402
0 0 0 0 1 6.02816
0 0 0 0 1 5.9582
0 0 0 0 1 6.01465
0 0 0 0 1 6.04603
0 0 0 0 1 6.01211
0 0 0 0 1 6.07537
0 0 0 0 1 6.05364
0 0 0 0 1 6.05627
0 0 0 0 1 6.10185
0 0 0 0 1 6.15277
0 0 0 0 1 6.13221
0 0 0 0 1 6.2031
0 0 0 0 0 6.2125
0 0 0 0 0 6.20957
0 0 0 0 1 6.25547
0 0 0 0 1 6.17781
0 0 0 0 1 6.24366
0 0 0 0 0 6.2274
0 0 0 0 1 6.32529
0 0 0 0 1 6.26596
0 0 0 0 1 6.3898
0 0 0 0 0 6.38744
0 0 0 0 0 6.41612
0 0 0 0 1 6.4266
0 0 0 0 1 6.34675
0 0 0 0 1 6.44703
0 0 0 0 1 6.48921
0 0 0 0 1 6.39667
0 0 0 0 1 6.43246
0 0 0 0 0 6.49523
0 0 0 0 1 6.46706
0 0 0 0 1 6.51065
0 0 0 0 1 6.61286
0 0 0 0 1 6.63678
0 0 0 0 1 6.58881
0 0 0 0 1 6.67903
0 0 0 0 0 6.66349
0 0 0 0 1 6.64781
0 0 0 0 1 6.6393
0 0 0 0 1 6.65757
0 0 0 0 1 6.75616
0 0 0 0 1 6.69318
0 0 0 0 1 6.71791
0 0 0 0 1 6.87219
0 0 0 0 1 6.7883
0 0 0 0 0 6.79294
0 0 0 0 0 6.90088
0 0 0 0 1 6.93352
0 0 0 0 1 6.91827
0 0 0 0 0 6.99284
0 0 0 0 1 6.91426
0 0 0 0 1 7.06637
0 0 0 0 1 7.01549
0 0 0 0 1 7.01311
0 0 0 0 1 7.0253
0 0 0 0 1 7.16573
0 0 0 0 1 7.08549
0 0 0 0 1 7.11222
0 0 0 0 1 7.23992
0 0 0 0 0 7.29584
0 0 0 0 1 7.30889
0 0 0 0 1 7.22666
0 0 0 0 1 7.3053
0 0 0 0 1 7.39877
0 0 0 0 1 7.34594
0 0 0 0 0 7.42524
0 0 0 0 1 7.50513
0 0 0 0 1 7.49615
0 0 0 0 1 7.50911
0 0 0 0 1 7.59754
0 0 0 0 1 7.57282
0 0 0 0 0 7.54817
0 0 0 0 1 7.57625
0 0 0 0 1 7.62747
0 0 0 0 1 7.71762
0 0 0 0 0 7.70753
0 0 0 0 1 7.75953
0 0 0 0 1 7.77317
0 0 0 0 1 7.8413
0 0 0 0 1 7.98058
0 0 0 0 1 7.89101
0 0 0 0 1 7.91958
0 0 0 0 1 8.013
0 0 0 0 1 8.0748
0 0 0 0 0 8.17749
0 0 0 0 1 8.1338
0 0 0 0 1 8.18001
0 0 0 0 0 8.17645
0 0 0 0 1 8.19736
0 0 0 0 1 8.35196
0 0 0 0 1 8.432
0 0 0 0 1 8.48735
0 0 0 0 1 8.40762
0 0 0 0 0 8.46275
0 0 0 0 1 8.56089
0 0 0 0 0 8.53154
0 0 0 0 1 8.57857
0 0 0 0 1 8.64232
0 0 0 0 1 8.69847
0 0 0 0 1 8.8508
0 0 0 0 1 8.78499
0 0 0 0 0 8.95645
0 0 0 0 0 8.87895
0 0 0 0 0 9.07017
0 0 0 0 1 9.10919
0 0 0 0 1 9.20378
0 0 0 0 1 9.20642
0 0 0 0 1 9.31005
0 0 0 0 0 9.3123
0 0 0 0 1 9.41782
0 0 0 0 1 9.34344
0 0 0 0 1 9.36321
0 0 0 0 1 9.55278
0 0 0 0 1 9.63879
0 0 0 0 0 9.6686
0 0 0 0 0 9.78432
0 0 0 0 1 9.69545
0 0 0 0 1 9.79179
0 0 0 0 1 9.86047
0 0 0 0 1 9.90635
0 0 0 0 1 10.1145
0 0 0 0 0 10.0295
0 0 0 0 1 10.2603
0 0 0 0 1 10.2967
0 0 0 0 1 10.3431
0 0 0 0 1 10.4953
0 0 0 0 1 10.563
0 0 0 0 1 10.5355
0 0 0 0 1 10.6432
0 0 0 0 1 10.7535
0 0 0 0 1 10.7541
0 0 0 0 1 9.24075
0 0 0 0 1 9.37458
0 0 0 0 1 9.17925
0 0 0 0 1 9.19266
0 0 0 0 1 9.12781
0 0 0 0 1 9.26101
0 0 0 0 1 9.11384
0 0 0 0 1 9.21002
0 0 0 0 1 9.15513
0 0 0 0 1 9.18717
0 0 0 0 1 9.03265
0 0 0 0 1 9.10134
0 0 0 0 1 9.09274
0 0 0 0 1 9.12041
0 0 0 0 1 9.1076
0 0 0 0 1 9.01829
0 0 0 0 1 9.04192
0 0 0 0 1 9.04292
0 0 0 0 1 8.87403
0 0 0 0 1 8.98266
0 0 0 0 1 8.94428
0 0 0 0 0 8.88358
0 0 0 0 0 8.89419
0 0 0 0 0 8.94917
0 0 0 0 0 8.81831
0 0 0 0 0 8.90483
0 0 0 0 1 8.78359
0 0 0 0 0 8.77721
0 0 0 0 1 8.82363
0 0 0 0 1 8.721
0 0 0 0 0 8.69757
0 0 0 0 1 8.71439
0 0 0 0 0 8.77848
0 0 0 0 1 8.69451
0 0 0 0 1 8.69783
0 0 0 0 1 8.76198
0 0 0 0 1 8.74809
0 0 0 0 1 8.66519
0 0 0 0 1 8.72081
0 0 0 0 0 8.6988
0 0 0 0 1 8.5909
0 0 0 0 0 8.62097
0 0 0 0 1 8.61675
0 0 0 0 1 8.52698
0 0 0 0 1 8.54885
0 0 0 0 0 8.48533
0 0 0 0 1 8.57875
0 0 0 0 1 8.48149
0 0 0 0 1 8.5241
0 0 0 0 0 8.66514
0 0 0 0 1 8.87744
0 0 0 0 1 8.89609
0 0 0 0 0 9.10237
0 0 0 0 1 9.30221
0 0 0 0 1 9.47581
0 0 0 0 0 9.52672
0 0 0 0 1 9.58423
0 0 0 0 0 9.86502
0 0 0 0 0 9.91972
0 0 0 0 0 10.2351
0 0 0 0 1 10.2965
0 0 0 0 0 10.479
0 0 0 0 0 10.7804
0 0 0 0 1 11.0403
0 0 0 0 1 11.1128
0 0 0 0 1 11.3835
0 0 0 0 1 11.5272
0 0 0 0 1 11.9378
0 0 0 0 1 12.0663
0 0 0 0 1 12.3825
0 0 0 0 1 12.5354
0 0 0 0 1 12.7319
0 0 0 0 1 22.5918
0 0 0 0 0 22.5731
0 0 0 0 0 22.5302
0 0 0 0 1 22.4897
0 0 0 0 1 22.4496
0 0 0 0 0 22.7043
0 0 0 0 1 22.778
0 0 0 0 1 22.4226
0 0 0 0 1 22.4294
0 0 0 0 1 22.6398
0 0 0 0 1 22.512
0 0 0 0 1 22.6102
0 0 0 0 1 22.7101
0 0 0 0 1 22.6513
0 0 0 0 0 22.5929
0 0 0 0 1 22.6924
0 0 0 0 0 22.3428
0 0 0 0 1 22.4881
0 0 0 0 1 23.2924
0 0 0 0 1 24.0755
0 0 0 0 0 25.2688
0 0 0 0 0 26.3695
0 0 0 0 1 36.7818
0 0 0 0 0 36.1842
0 0 0 0 1 36.5703
0 0 0 0 1 36.5203
0 0 0 0 1 36.7565
0 0 0 0 1 38.6804
0 0 0 0 1 51.8064
0 0 0 0 1 52.1553
0 0 0 0 0 51.621
0 0 0 0 1 52.3358
0 0 0 0 0 51.7511
0 0 0 0 1 55.8777
0 0 0 0 1 65.397
0 0 0 0 1 70.0819
0 0 0 0 1 81.6464
0 0 0 0 0 4.98495
0 0 0 0 0 5.01501
0 0 0 0 0 4.97994
0 0 0 0 0 4.98495
0 0 0 0 0 5.05008
0 0 0 0 0 4.96992
0 0 0 0 0 5.05509
0 0 0 0 0 5.02002
0 0 0 0 0 5.05008
0 0 0 0 0 5.01501
0 0 0 0 0 4.97994
0 0 0 0 0 5.02503
0 0 0 0 0 86.8025
0 0 0 0 1 86.7239
0 0 0 0 1 74.7692
0 0 0 0 1 64.0943
0 0 0 0 0 60.0422
0 0 0 0 1 60.7797
0 0 0 0 1 60.6706
0 0 0 0 0 51.5192
0 0 0 0 0 48.0351
0 0 0 0 1 48.4315
0 0 0 0 1 39.3135
0 0 0 0 1 37.188
0 0 0 0 1 35.8818
0 0 0 0 1 35.573
0 0 0 0 0 35.4423
0 0 0 0 1 36.0271
0 0 0 0 1 27.9094
0 0 0 0 0 26.6159
0 0 0 0 1 25.7417
0 0 0 0 0 24.8115
0 0 0 0 0 24.5031
0 0 0 0 1 24.8109
0 0 0 0 1 24.576
0 0 0 0 1 24.8358
0 0 0 0 1 24.8989
0 0 0 0 1 24.7896
0 0 0 0 1 24.5819
0 0 0 0 0 24.7452
0 0 0 0 1 24.5615
0 0 0 0 1 18.2181
0 0 0 0 1 17.7211
0 0 0 0 1 17.0198
0 0 0 0 1 16.6273
0 0 0 0 1 16.3588
0 0 0 0 1 15.8954
0 0 0 0 1 15.4545
0 0 0 0 1 15.1514
0 0 0 0 0 14.7868
0 0 0 0 1 14.351
0 0 0 0 1 13.958
0 0 0 0 1 14.012
0 0 0 0 1 13.8432
0 0 0 0 0 13.9526
0 0 0 0 1 13.9511
0 0 0 0 0 13.9637
0 0 0 0 1 13.9648
0 0 0 0 0 13.8662
0 0 0 0 1 13.8654
0 0 0 0 1 13.851
0 0 0 0 1 14.1471
0 0 0 0 1 14.0072
0 0 0 0 1 14.0917
0 0 0 0 1 14.1064
0 0 0 0 0 13.9972
0 0 0 0 1 14.1531
0 0 0 0 1 14.1544
0 0 0 0 1 14.0598
0 0 0 0 1 14.1887
0 0 0 0 1 14.1766
0 0 0 0 1 14.054
0 0 0 0 1 14.3258
0 0 0 0 1 14.1611
0 0 0 0 0 14.2635
0 0 0 0 1 14.1272
0 0 0 0 1 14.2017
0 0 0 0 1 14.1511
0 0 0 0 1 14.4408
0 0 0 0 1 14.2763
0 0 0 0 0 14.2805
0 0 0 0 1 8.8524
0 0 0 0 1 8.75577
0 0 0 0 0 8.65025
0 0 0 0 1 8.51172
0 0 0 0 1 8.349
0 0 0 0 0 8.34535
0 0 0 0 0 8.16871
0 0 0 0 1 8.1709
0 0 0 0 1 8.05223
0 0 0 0 1 7.86315
0 0 0 0 1 7.77947
0 0 0 0 0 7.68666
0 0 0 0 1 7.7026
0 0 0 0 1 7.48978
0 0 0 0 0 7.48176
0 0 0 0 1 7.47417
0 0 0 0 1 7.38279
0 0 0 0 1 7.21412
0 0 0 0 1 7.09769
0 0 0 0 1 7.15257
0 0 0 0 1 7.05748
0 0 0 0 1 7.00693
0 0 0 0 1 6.82998
0 0 0 0 0 6.7666
0 0 0 0 1 6.68983
0 0 0 0 1 6.74061
0 0 0 0 1 6.67665
0 0 0 0 1 6.53402
0 0 0 0 0 6.55564
0 0 0 0 1 6.514
0 0 0 0 1 6.39929
0 0 0 0 1 6.39597
0 0 0 0 1 6.24121
0 0 0 0 1 6.27504
0 0 0 0 1 6.22726
0 0 0 0 0 6.13054
0 0 0 0 1 6.10747
0 0 0 0 1 6.04479
0 0 0 0 1 5.92588
0 0 0 0 1 5.98278
0 0 0 0 1 5.8179
0 0 0 0 1 5.8385
0 0 0 0 1 5.7657
0 0 0 0 0 5.73361
0 0 0 0 1 5.65292
0 0 0 0 0 5.64922
0 0 0 0 1 5.58342
0 0 0 0 1 5.59345
0 0 0 0 1 5.53351
0 0 0 0 1 5.46847
0 0 0 0 0 5.4202
0 0 0 0 1 5.39686
0 0 0 0 1 5.34662
0 0 0 0 1 5.27757
0 0 0 0 1 5.30739
0 0 0 0 0 5.29639
0 0 0 0 0 5.21015
0 0 0 0 1 5.14539
0 0 0 0 1 5.16349
0 0 0 0 1 5.07361
0 0 0 0 1 5.02711
0 0 0 0 1 4.9941
0 0 0 0 1 5.04964
0 0 0 0 1 5.03122
0 0 0 0 1 4.91373
0 0 0 0 1 4.87612
0 0 0 0 1 4.86797
0 0 0 0 1 4.81435
0 0 0 0 0 4.83992
0 0 0 0 1 4.77166
0 0 0 0 0 4.77843
0 0 0 0 1 4.83466
0 0 0 0 1 4.90588
0 0 0 0 0 4.83992
0 0 0 0 1 4.91646
0 0 0 0 1 4.87081
0 0 0 0 1 4.92337
0 0 0 0 0 4.95038
0 0 0 0 1 4.96881
0 0 0 0 1 5.0222
0 0 0 0 1 5.01974
0 0 0 0 1 4.96842
0 0 0 0 0 4.9921
0 0 0 0 1 5.03107
0 0 0 0 0 5.0247
0 0 0 0 1 5.05384
0 0 0 0 0 5.07806
0 0 0 0 1 5.09729
0 0 0 0 1 5.1564
0 0 0 0 1 5.19144
0 0 0 0 1 5.16978
0 0 0 0 1 5.16869
0 0 0 0 1 5.16753
0 0 0 0 0 5.22912
0 0 0 0 1 5.2596
0 0 0 0 1 5.23224
0 0 0 0 0 5.34908
0 0 0 0 1 5.36957
0 0 0 0 1 5.29933
0 0 0 0 1 5.41618
0 0 0 0 0 5.40466
0 0 0 0 1 5.42152
0 0 0 0 0 5.44778
0 0 0 0 1 5.50687
0 0 0 0 1 5.51161
0 0 0 0 1 5.49586
0 0 0 0 1 5.57221
0 0 0 0 1 5.56193
0 0 0 0 1 5.59445
0 0 0 0 1 5.55593
0 0 0 0 0 5.63349
0 0 0 0 1 5.65671
0 0 0 0 1 5.72949
0 0 0 0 1 5.65049
0 0 0 0 1 5.68934
0 0 0 0 1 5.79323
0 0 0 0 1 5.82862
0 0 0 0 1 5.78865
0 0 0 0 0 5.82829
0 0 0 0 1 5.89319
0 0 0 0 1 5.83481
0 0 0 0 1 5.93558
0 0 0 0 1 5.93598
0 0 0 0 1 5.99603
0 0 0 0 0 5.96628
0 0 0 0 1 6.0388
0 0 0 0 0 6.09364
0 0 0 0 1 6.04502
0 0 0 0 0 6.15527
0 0 0 0 1 6.23723
0 0 0 0 1 9.55711
0 0 0 0 1 9.38652
0 0 0 0 1 9.52569
0 0 0 0 0 9.40017
0 0 0 0 0 9.39131
0 0 0 0 1 9.37926
0 0 0 0 1 9.22744
0 0 0 0 1 9.30562
0 0 0 0 1 9.31561
0 0 0 0 1 9.2577
0 0 0 0 1 9.11733
0 0 0 0 1 9.21629
0 0 0 0 1 9.20491
0 0 0 0 1 9.02958
0 0 0 0 1 9.02793
0 0 0 0 1 9.06251
0 0 0 0 0 9.01564
0 0 0 0 1 8.95675
0 0 0 0 1 9.01817
0 0 0 0 1 9.04018
0 0 0 0 1 8.9761
0 0 0 0 1 8.82348
0 0 0 0 1 8.83144
0 0 0 0 1 8.75982
0 0 0 0 1 8.85276
0 0 0 0 1 8.86064
0 0 0 0 1 8.75458
0 0 0 0 1 8.66853
0 0 0 0 1 8.6334
0 0 0 0 1 8.73423
0 0 0 0 1 8.62112
0 0 0 0 1 8.72151
0 0 0 0 1 8.54875
0 0 0 0 1 8.53698
0 0 0 0 1 8.64895
0 0 0 0 0 8.55149
0 0 0 0 1 8.61174
0 0 0 0 1 8.53202
0 0 0 0 1 8.4697
0 0 0 0 1 8.51791
0 0 0 0 1 8.43065
0 0 0 0 1 8.51258
0 0 0 0 0 8.39581
0 0 0 0 1 8.44396
0 0 0 0 1 8.34958
0 0 0 0 1 8.38939
0 0 0 0 1 8.38739
0 0 0 0 1 8.26445
0 0 0 0 1 8.2629
0 0 0 0 0 8.34421
0 0 0 0 0 8.30583
0 0 0 0 1 8.27966
0 0 0 0 1 8.25369
0 0 0 0 0 8.17043
0 0 0 0 1 8.18593
0 0 0 0 1 8.19328
0 0 0 0 1 8.14356
0 0 0 0 0 8.21629
0 0 0 0 1 8.11816
0 0 0 0 1 8.18272
0 0 0 0 0 8.16618
0 0 0 0 1 8.10134
0 0 0 0 1 8.14166
0 0 0 0 0 8.1296
0 0 0 0 1 8.04941
0 0 0 0 1 8.0418
0 0 0 0 1 7.9623
0 0 0 0 1 8.05894
0 0 0 0 1 8.0156
0 0 0 0 1 7.92096
0 0 0 0 1 7.89035
0 0 0 0 1 7.9155
0 0 0 0 1 7.99609
0 0 0 0 1 7.87459
0 0 0 0 1 7.88419
0 0 0 0 1 7.87026
0 0 0 0 1 7.9386
0 0 0 0 0 7.8654
0 0 0 0 1 7.87542
0 0 0 0 1 7.84638
0 0 0 0 1 7.84885
0 0 0 0 0 7.80004
0 0 0 0 1 7.77165
0 0 0 0 0 7.84466
0 0 0 0 0 7.81191
0 0 0 0 0 7.72969
0 0 0 0 0 7.71287
