0 0 0 0 1 5.55844
0 0 0 0 0 5.56756
0 0 0 0 1 5.549
0 0 0 0 1 5.61652
0 0 0 0 1 5.58702
0 0 0 0 1 5.64699
0 0 0 0 1 5.65027
0 0 0 0 1 5.62097
0 0 0 0 0 5.59396
0 0 0 0 1 5.56465
0 0 0 0 1 5.67049
0 0 0 0 1 5.61886
0 0 0 0 1 5.61452
0 0 0 0 1 5.65333
0 0 0 0 1 5.66405
0 0 0 0 1 5.72236
0 0 0 0 1 5.6424
0 0 0 0 1 5.73319
0 0 0 0 0 5.73306
0 0 0 0 1 5.75399
0 0 0 0 1 5.77693
0 0 0 0 1 5.71399
0 0 0 0 0 5.75437
0 0 0 0 1 5.81227
0 0 0 0 1 5.81452
0 0 0 0 1 5.72259
0 0 0 0 0 5.74622
0 0 0 0 1 5.84548
0 0 0 0 1 5.80562
0 0 0 0 1 5.80648
0 0 0 0 1 5.78989
0 0 0 0 1 5.85684
0 0 0 0 1 5.80683
0 0 0 0 1 5.82555
0 0 0 0 0 5.93859
0 0 0 0 1 5.85164
0 0 0 0 1 5.89443
0 0 0 0 1 5.86637
0 0 0 0 0 5.96296
0 0 0 0 1 5.99457
0 0 0 0 1 5.97865
0 0 0 0 1 6.00457
0 0 0 0 0 6.02595
0 0 0 0 1 6.04017
0 0 0 0 1 6.04246
0 0 0 0 0 6.03879
0 0 0 0 1 6.08839
0 0 0 0 1 6.04245
0 0 0 0 1 6.10578
0 0 0 0 0 6.15118
0 0 0 0 1 6.08072
0 0 0 0 1 6.13861
0 0 0 0 1 6.1835
0 0 0 0 1 6.13221
0 0 0 0 1 6.18458
0 0 0 0 1 6.19393
0 0 0 0 0 6.22818
0 0 0 0 0 6.2119
0 0 0 0 1 6.30261
0 0 0 0 1 6.26243
0 0 0 0 1 6.21484
0 0 0 0 1 6.32529
0 0 0 0 1 6.27227
0 0 0 0 1 6.35184
0 0 0 0 1 6.31132
0 0 0 0 1 6.35883
0 0 0 0 1 6.38831
0 0 0 0 1 6.37237
0 0 0 0 1 6.44703
0 0 0 0 1 6.43766
0 0 0 0 1 6.48713
0 0 0 0 1 6.52324
0 0 0 0 1 6.45622
0 0 0 0 1 6.56485
0 0 0 0 1 6.54333
0 0 0 0 1 6.52757
0 0 0 0 1 6.56436
0 0 0 0 1 6.569
0 0 0 0 1 6.69228
0 0 0 0 1 6.58369
0 0 0 0 1 6.68118
0 0 0 0 1 6.68615
0 0 0 0 1 6.69113
0 0 0 0 1 6.68206
0 0 0 0 0 6.79459
0 0 0 0 1 6.80612
0 0 0 0 1 6.83813
0 0 0 0 1 6.81565
0 0 0 0 0 6.86842
0 0 0 0 0 6.87333
0 0 0 0 1 6.87822
0 0 0 0 1 6.9252
0 0 0 0 1 6.98589
0 0 0 0 0 6.97014
0 0 0 0 1 6.94018
0 0 0 0 0 7.02956
0 0 0 0 1 7.01311
0 0 0 0 0 7.08917
0 0 0 0 1 7.08025
0 0 0 0 1 7.19989
0 0 0 0 1 7.21987
0 0 0 0 1 7.26874
0 0 0 0 1 7.25241
0 0 0 0 0 7.21444
0 0 0 0 1 7.35076
0 0 0 0 1 7.34193
0 0 0 0 1 7.31043
0 0 0 0 1 7.34594
0 0 0 0 1 7.41041
0 0 0 0 0 7.40824
0 0 0 0 1 7.47371
0 0 0 0 1 7.48656
0 0 0 0 1 7.56734
0 0 0 0 0 7.61076
0 0 0 0 0 7.54056
0 0 0 0 0 7.69869
0 0 0 0 1 7.71974
0 0 0 0 1 7.8026
0 0 0 0 1 7.79291
0 0 0 0 0 7.77513
0 0 0 0 1 7.78099
0 0 0 0 1 7.8177
0 0 0 0 0 7.93312
0 0 0 0 1 7.89895
0 0 0 0 1 8.03147
0 0 0 0 1 8.02102
0 0 0 0 1 8.10707
0 0 0 0 0 8.05592
0 0 0 0 0 8.12565
0 0 0 0 1 8.17182
0 0 0 0 1 8.25879
0 0 0 0 1 8.27188
0 0 0 0 1 8.3686
0 0 0 0 1 8.33998
0 0 0 0 1 8.36958
0 0 0 0 1 8.433
0 0 0 0 1 8.55631
0 0 0 0 0 8.52668
0 0 0 0 1 8.52295
0 0 0 0 1 8.72543
0 0 0 0 1 8.74665
0 0 0 0 0 8.80337
0 0 0 0 1 8.8684
0 0 0 0 1 8.86453
0 0 0 0 1 8.92087
0 0 0 0 1 9.03111
0 0 0 0 1 8.91705
0 0 0 0 1 9.10012
0 0 0 0 1 9.07621
0 0 0 0 1 9.19725
0 0 0 0 1 9.17165
0 0 0 0 1 9.32159
0 0 0 0 1 9.26848
0 0 0 0 1 9.31524
0 0 0 0 0 9.48616
0 0 0 0 1 9.60992
0 0 0 0 1 9.53329
0 0 0 0 1 9.73614
0 0 0 0 1 9.80375
0 0 0 0 1 9.82264
0 0 0 0 0 9.78194
0 0 0 0 1 9.93975
0 0 0 0 1 9.96627
0 0 0 0 1 10.024
0 0 0 0 1 10.1916
0 0 0 0 1 10.2705
0 0 0 0 1 10.194
0 0 0 0 1 10.4363
0 0 0 0 1 10.5161
0 0 0 0 1 10.416
0 0 0 0 1 10.5143
0 0 0 0 1 10.5685
0 0 0 0 0 10.6998
0 0 0 0 1 10.7216
0 0 0 0 1 9.3152
0 0 0 0 1 9.31889
0 0 0 0 0 9.30893
0 0 0 0 1 9.21114
0 0 0 0 1 9.31221
0 0 0 0 0 9.15984
0 0 0 0 1 9.13219
0 0 0 0 1 9.13678
0 0 0 0 1 9.1734
0 0 0 0 1 9.15982
0 0 0 0 1 9.18729
0 0 0 0 1 9.01968
0 0 0 0 0 9.11991
0 0 0 0 1 9.04809
0 0 0 0 1 8.94529
0 0 0 0 1 9.07229
0 0 0 0 1 9.00601
0 0 0 0 1 8.87264
0 0 0 0 1 8.97243
0 0 0 0 1 8.97373
0 0 0 0 0 8.83738
0 0 0 0 1 8.9725
0 0 0 0 0 8.85869
0 0 0 0 1 8.78082
0 0 0 0 1 8.76524
0 0 0 0 1 8.896
0 0 0 0 1 8.86288
0 0 0 0 1 8.73324
0 0 0 0 1 8.80607
0 0 0 0 1 8.79988
0 0 0 0 0 8.71507
0 0 0 0 1 8.74058
0 0 0 0 1 8.70002
0 0 0 0 1 8.67711
0 0 0 0 1 8.74128
0 0 0 0 1 8.65788
0 0 0 0 1 8.69612
0 0 0 0 1 8.56141
0 0 0 0 0 8.55676
0 0 0 0 0 8.67293
0 0 0 0 1 8.53064
0 0 0 0 0 8.54361
0 0 0 0 0 8.61675
0 0 0 0 1 8.5784
0 0 0 0 1 8.60875
0 0 0 0 1 8.46824
0 0 0 0 1 8.54461
0 0 0 0 1 8.49854
0 0 0 0 1 8.64416
0 0 0 0 1 8.65644
0 0 0 0 1 8.73625
0 0 0 0 0 9.00359
0 0 0 0 0 9.12056
0 0 0 0 1 9.24678
0 0 0 0 1 9.31631
0 0 0 0 1 9.52672
0 0 0 0 1 9.63264
0 0 0 0 1 9.86502
0 0 0 0 1 9.98979
0 0 0 0 1 10.1129
0 0 0 0 1 10.4623
0 0 0 0 1 10.6162
0 0 0 0 1 10.7912
0 0 0 0 0 10.9746
0 0 0 0 1 11.0571
0 0 0 0 1 11.3494
0 0 0 0 1 11.5504
0 0 0 0 1 11.9023
0 0 0 0 0 12.006
0 0 0 0 1 12.3456
0 0 0 0 1 12.4599
0 0 0 0 1 12.899
0 0 0 0 1 22.8191
0 0 0 0 1 22.7775
0 0 0 0 1 22.7117
0 0 0 0 0 22.7844
0 0 0 0 1 22.7215
0 0 0 0 1 22.4326
0 0 0 0 1 22.7328
0 0 0 0 1 22.8294
0 0 0 0 1 22.4068
0 0 0 0 1 22.7979
0 0 0 0 1 22.5346
0 0 0 0 1 22.5201
0 0 0 0 0 22.4623
0 0 0 0 1 22.4036
0 0 0 0 1 22.3454
0 0 0 0 1 22.4226
0 0 0 0 1 22.3203
0 0 0 0 1 22.4432
0 0 0 0 1 23.4316
0 0 0 0 1 24.0032
0 0 0 0 0 25.0427
0 0 0 0 0 26.2385
0 0 0 0 1 36.7454
0 0 0 0 1 36.1478
0 0 0 0 1 36.1336
0 0 0 0 1 36.7385
0 0 0 0 1 36.5745
0 0 0 0 1 38.796
0 0 0 0 0 51.7543
0 0 0 0 0 51.843
0 0 0 0 1 51.8291
0 0 0 0 0 52.0757
0 0 0 0 1 52.4793
0 0 0 0 1 56.7235
0 0 0 0 0 65.8553
0 0 0 0 0 69.4549
0 0 0 0 0 81.3191
0 0 0 0 0 4.96992
0 0 0 0 0 4.96491
0 0 0 0 0 4.98495
0 0 0 0 0 5.02503
0 0 0 0 0 4.9599
0 0 0 0 0 5.00499
0 0 0 0 0 5.00499
0 0 0 0 0 5.03505
0 0 0 0 0 5.04006
0 0 0 0 0 4.98495
0 0 0 0 0 4.96491
0 0 0 0 0 5.03505
0 0 0 0 0 87.9412
0 0 0 0 1 87.2495
0 0 0 0 1 75.22
0 0 0 0 0 64.2858
0 0 0 0 1 60.4659
0 0 0 0 0 60.1138
0 0 0 0 0 61.0339
0 0 0 0 1 51.2097
0 0 0 0 0 47.7952
0 0 0 0 1 48.4795
0 0 0 0 0 38.9993
0 0 0 0 1 36.7093
0 0 0 0 1 35.5252
0 0 0 0 1 35.7871
0 0 0 0 1 36.049
0 0 0 0 1 35.4915
0 0 0 0 1 28.1902
0 0 0 0 1 26.9911
0 0 0 0 0 25.4597
0 0 0 0 1 24.6884
0 0 0 0 1 24.4539
0 0 0 0 1 24.3921
0 0 0 0 1 24.8225
0 0 0 0 0 24.7125
0 0 0 0 1 24.504
0 0 0 0 1 24.7649
0 0 0 0 0 24.7302
0 0 0 0 1 24.8688
0 0 0 0 1 24.6604
0 0 0 0 1 18.0361
0 0 0 0 1 17.5089
0 0 0 0 1 17.3637
0 0 0 0 1 16.6441
0 0 0 0 1 16.3425
0 0 0 0 1 15.943
0 0 0 0 1 15.5938
0 0 0 0 0 15.2573
0 0 0 0 0 14.6244
0 0 0 0 1 14.5096
0 0 0 0 1 14.1413
0 0 0 0 1 14.0259
0 0 0 0 1 13.8293
0 0 0 0 1 13.8692
0 0 0 0 1 14.0068
0 0 0 0 1 13.8243
0 0 0 0 0 13.8252
0 0 0 0 0 14.0477
0 0 0 0 0 13.9912
0 0 0 0 0 13.9069
0 0 0 0 1 13.965
0 0 0 0 0 13.895
0 0 0 0 1 14.0215
0 0 0 0 1 13.9659
0 0 0 0 1 14.1238
0 0 0 0 1 14.139
0 0 0 0 1 14.1544
0 0 0 0 1 14.0316
0 0 0 0 1 14.2028
0 0 0 0 0 14.0917
0 0 0 0 0 14.2665
0 0 0 0 1 14.2266
0 0 0 0 1 14.3457
0 0 0 0 1 14.2066
0 0 0 0 1 14.3551
0 0 0 0 1 14.3586
0 0 0 0 1 14.1369
0 0 0 0 1 14.3693
0 0 0 0 1 14.4624
0 0 0 0 1 14.4096
0 0 0 0 0 8.8877
0 0 0 0 1 8.77319
0 0 0 0 0 8.53847
0 0 0 0 0 8.48623
0 0 0 0 1 8.42452
0 0 0 0 1 8.34535
0 0 0 0 1 8.11136
0 0 0 0 1 8.11427
0 0 0 0 1 7.98826
0 0 0 0 0 7.84735
0 0 0 0 1 7.75602
0 0 0 0 1 7.67893
0 0 0 0 0 7.5727
0 0 0 0 1 7.62582
0 0 0 0 1 7.39954
0 0 0 0 1 7.34097
0 0 0 0 1 7.28035
0 0 0 0 1 7.21412
0 0 0 0 1 7.14787
0 0 0 0 1 7.15257
0 0 0 0 1 7.0013
0 0 0 0 1 6.93039
0 0 0 0 1 6.85064
0 0 0 0 0 6.88256
0 0 0 0 1 6.73037
0 0 0 0 1 6.754
0 0 0 0 1 6.6435
0 0 0 0 0 6.56029
0 0 0 0 1 6.51011
0 0 0 0 1 6.44305
0 0 0 0 1 6.34181
0 0 0 0 1 6.37064
0 0 0 0 1 6.24121
0 0 0 0 1 6.16299
0 0 0 0 0 6.20257
0 0 0 0 1 6.10606
0 0 0 0 1 6.12566
0 0 0 0 1 6.06887
0 0 0 0 1 5.97362
0 0 0 0 1 5.97093
0 0 0 0 1 5.91771
0 0 0 0 1 5.87346
0 0 0 0 1 5.731
0 0 0 0 1 5.78526
0 0 0 0 1 5.69842
0 0 0 0 1 5.59843
0 0 0 0 1 5.56102
0 0 0 0 1 5.61571
0 0 0 0 1 5.55008
0 0 0 0 1 5.46299
0 0 0 0 1 5.46913
0 0 0 0 1 5.41306
0 0 0 0 1 5.37883
0 0 0 0 1 5.30952
0 0 0 0 1 5.31797
0 0 0 0 0 5.23865
0 0 0 0 1 5.19972
0 0 0 0 1 5.17648
0 0 0 0 1 5.11716
0 0 0 0 1 5.07361
0 0 0 0 0 5.02711
0 0 0 0 0 5.07473
0 0 0 0 1 4.96941
0 0 0 0 1 4.99137
0 0 0 0 1 4.97312
0 0 0 0 1 4.90561
0 0 0 0 1 4.84356
0 0 0 0 1 4.84836
0 0 0 0 1 4.8544
0 0 0 0 1 4.78129
0 0 0 0 1 4.79774
0 0 0 0 1 4.80075
0 0 0 0 1 4.83781
0 0 0 0 1 4.86429
0 0 0 0 1 4.84798
0 0 0 0 0 4.95428
0 0 0 0 1 4.96279
0 0 0 0 1 4.92567
0 0 0 0 1 4.98369
0 0 0 0 1 5.01722
0 0 0 0 1 5.02473
0 0 0 0 0 5.04856
0 0 0 0 1 5.00719
0 0 0 0 0 5.08153
0 0 0 0 1 5.05003
0 0 0 0 1 5.05384
0 0 0 0 1 5.1393
0 0 0 0 0 5.16389
0 0 0 0 1 5.13072
0 0 0 0 1 5.20175
0 0 0 0 1 5.18013
0 0 0 0 1 5.1583
0 0 0 0 0 5.23532
0 0 0 0 1 5.22912
0 0 0 0 1 5.24384
0 0 0 0 1 5.22697
0 0 0 0 0 5.28546
0 0 0 0 1 5.28442
0 0 0 0 1 5.33673
0 0 0 0 1 5.41618
0 0 0 0 1 5.41005
0 0 0 0 1 5.40529
0 0 0 0 1 5.4695
0 0 0 0 1 5.49597
0 0 0 0 1 5.44593
0 0 0 0 1 5.45735
0 0 0 0 1 5.46728
0 0 0 0 0 5.52863
0 0 0 0 1 5.52759
0 0 0 0 0 5.56713
0 0 0 0 0 5.58289
0 0 0 0 1 5.69062
0 0 0 0 1 5.71247
0 0 0 0 1 5.65049
0 0 0 0 0 5.73513
0 0 0 0 1 5.69543
0 0 0 0 0 5.84018
0 0 0 0 1 5.8177
0 0 0 0 1 5.82829
0 0 0 0 1 5.85214
0 0 0 0 0 5.88195
0 0 0 0 1 5.97112
0 0 0 0 1 5.95979
0 0 0 0 1 5.99603
0 0 0 0 0 6.0565
0 0 0 0 1 6.02671
0 0 0 0 1 6.06326
0 0 0 0 1 6.09387
0 0 0 0 0 6.13072
0 0 0 0 1 6.13842
0 0 0 0 1 9.60471
0 0 0 0 1 9.40548
0 0 0 0 1 9.49734
0 0 0 0 1 9.36249
0 0 0 0 1 9.2881
0 0 0 0 1 9.34185
0 0 0 0 1 9.23676
0 0 0 0 1 9.31492
0 0 0 0 1 9.29709
0 0 0 0 1 9.19309
0 0 0 0 1 9.13573
0 0 0 0 0 9.07874
0 0 0 0 1 9.10436
0 0 0 0 1 9.1207
0 0 0 0 1 9.11876
0 0 0 0 1 9.10777
0 0 0 0 1 9.10588
0 0 0 0 1 8.92075
0 0 0 0 1 9.0092
0 0 0 0 1 8.95963
0 0 0 0 0 8.95825
0 0 0 0 1 8.84127
0 0 0 0 1 8.91124
0 0 0 0 1 8.84822
0 0 0 0 1 8.87922
0 0 0 0 1 8.77274
0 0 0 0 1 8.71953
0 0 0 0 1 8.83473
0 0 0 0 0 8.65084
0 0 0 0 1 8.66464
0 0 0 0 0 8.68183
0 0 0 0 1 8.60037
0 0 0 0 1 8.63502
0 0 0 0 1 8.67467
0 0 0 0 1 8.56315
0 0 0 0 1 8.62853
0 0 0 0 1 8.5776
0 0 0 0 0 8.50647
0 0 0 0 0 8.51218
0 0 0 0 0 8.48401
0 0 0 0 1 8.54058
0 0 0 0 1 8.42821
0 0 0 0 1 8.33693
0 0 0 0 0 8.41878
0 0 0 0 1 8.30771
0 0 0 0 0 8.38939
0 0 0 0 1 8.37072
0 0 0 0 0 8.30602
0 0 0 0 1 8.32097
0 0 0 0 1 8.30282
0 0 0 0 0 8.2893
0 0 0 0 1 8.32914
0 0 0 0 0 8.31129
0 0 0 0 1 8.26075
0 0 0 0 1 8.16135
0 0 0 0 1 8.24234
0 0 0 0 1 8.16804
0 0 0 0 1 8.18372
0 0 0 0 1 8.10191
0 0 0 0 0 8.0854
0 0 0 0 1 8.16618
0 0 0 0 1 8.06903
0 0 0 0 0 8.10941
0 0 0 0 1 8.1135
0 0 0 0 1 7.95301
0 0 0 0 1 7.96162
0 0 0 0 1 7.93829
0 0 0 0 1 8.03497
0 0 0 0 0 8.00762
0 0 0 0 1 7.96872
0 0 0 0 1 7.86651
0 0 0 0 1 7.85205
0 0 0 0 0 7.95651
0 0 0 0 1 7.8904
0 0 0 0 0 7.86052
0 0 0 0 1 7.79935
0 0 0 0 0 7.89926
0 0 0 0 1 7.78683
0 0 0 0 1 7.90679
0 0 0 0 0 7.81506
0 0 0 0 1 7.85667
0 0 0 0 1 7.83127
0 0 0 0 1 7.82621
0 0 0 0 1 7.72014
0 0 0 0 1 7.78082
0 0 0 0 1 7.83834
0 0 0 0 1 7.67411
