0 0 0 0 1 5.50296
0 0 0 0 1 5.57867
0 0 0 0 1 5.57126
0 0 0 0 1 5.61652
0 0 0 0 1 5.57586
0 0 0 0 1 5.58549
0 0 0 0 0 5.58873
0 0 0 0 1 5.64339
0 0 0 0 1 5.55469
0 0 0 0 1 5.61524
0 0 0 0 1 5.6536
0 0 0 0 1 5.65271
0 0 0 0 1 5.671
0 0 0 0 1 5.6307
0 0 0 0 0 5.68106
0 0 0 0 1 5.71668
0 0 0 0 1 5.73909
0 0 0 0 1 5.6648
0 0 0 0 1 5.75019
0 0 0 0 1 5.74256
0 0 0 0 1 5.71967
0 0 0 0 1 5.75989
0 0 0 0 1 5.71987
0 0 0 0 1 5.78347
0 0 0 0 0 5.7453
0 0 0 0 0 5.81508
0 0 0 0 0 5.82152
0 0 0 0 0 5.76421
0 0 0 0 1 5.7649
0 0 0 0 1 5.7715
0 0 0 0 1 5.9009
0 0 0 0 1 5.80418
0 0 0 0 0 5.81269
0 0 0 0 1 5.93125
0 0 0 0 1 5.84442
0 0 0 0 0 5.87524
0 0 0 0 1 5.87078
0 0 0 0 1 5.89007
0 0 0 0 1 5.89169
0 0 0 0 1 5.92909
0 0 0 0 1 5.97865
0 0 0 0 1 5.92683
0 0 0 0 0 5.96605
0 0 0 0 1 6.01615
0 0 0 0 1 6.07255
0 0 0 0 0 6.07498
0 0 0 0 0 6.05813
0 0 0 0 1 6.03638
0 0 0 0 1 6.06321
0 0 0 0 1 6.10241
0 0 0 0 1 6.07461
0 0 0 0 1 6.07734
0 0 0 0 1 6.13433
0 0 0 0 0 6.19993
0 0 0 0 1 6.16606
0 0 0 0 1 6.18156
0 0 0 0 1 6.17855
0 0 0 0 1 6.187
0 0 0 0 1 6.22149
0 0 0 0 1 6.29997
0 0 0 0 1 6.26506
0 0 0 0 0 6.27494
0 0 0 0 0 6.3543
0 0 0 0 1 6.33918
0 0 0 0 1 6.38744
0 0 0 0 1 6.30154
0 0 0 0 1 6.40107
0 0 0 0 1 6.35315
0 0 0 0 1 6.45988
0 0 0 0 1 6.5021
0 0 0 0 1 6.39667
0 0 0 0 0 6.50379
0 0 0 0 1 6.52774
0 0 0 0 1 6.50618
0 0 0 0 1 6.58255
0 0 0 0 1 6.50789
0 0 0 0 1 6.57753
0 0 0 0 1 6.5624
0 0 0 0 1 6.63928
0 0 0 0 1 6.65684
0 0 0 0 0 6.66115
0 0 0 0 1 6.67945
0 0 0 0 1 6.65757
0 0 0 0 1 6.77636
0 0 0 0 1 6.76754
0 0 0 0 1 6.77898
0 0 0 0 1 6.79727
0 0 0 0 1 6.87033
0 0 0 0 1 6.92331
0 0 0 0 1 6.91465
0 0 0 0 1 6.85748
0 0 0 0 1 6.91134
0 0 0 0 1 6.98589
0 0 0 0 0 6.92125
0 0 0 0 1 6.9542
0 0 0 0 1 7.10696
0 0 0 0 1 7.05553
0 0 0 0 1 7.0253
0 0 0 0 1 7.13011
0 0 0 0 1 7.13554
0 0 0 0 1 7.15528
0 0 0 0 1 7.18229
0 0 0 0 1 7.2886
0 0 0 0 0 7.33068
0 0 0 0 1 7.27046
0 0 0 0 0 7.37124
0 0 0 0 1 7.33252
0 0 0 0 1 7.30903
0 0 0 0 1 7.35106
0 0 0 0 1 7.51258
0 0 0 0 0 7.47371
0 0 0 0 1 7.44898
0 0 0 0 1 7.48426
0 0 0 0 1 7.58041
0 0 0 0 0 7.63958
0 0 0 0 0 7.61451
0 0 0 0 0 7.75819
0 0 0 0 1 7.66355
0 0 0 0 0 7.71529
0 0 0 0 1 7.83752
0 0 0 0 1 7.77317
0 0 0 0 1 7.80197
0 0 0 0 1 7.95685
0 0 0 0 1 7.95458
0 0 0 0 1 8.03147
0 0 0 0 1 8.06117
0 0 0 0 1 8.1232
0 0 0 0 1 8.16938
0 0 0 0 1 8.10935
0 0 0 0 1 8.27008
0 0 0 0 0 8.28349
0 0 0 0 1 8.2222
0 0 0 0 1 8.37691
0 0 0 0 1 8.44873
0 0 0 0 1 8.32752
0 0 0 0 0 8.52604
0 0 0 0 1 8.51378
0 0 0 0 1 8.51813
0 0 0 0 1 8.54013
0 0 0 0 0 8.69951
0 0 0 0 1 8.74665
0 0 0 0 1 8.77715
0 0 0 0 0 8.87719
0 0 0 0 1 8.82918
0 0 0 0 0 8.80525
0 0 0 0 1 9.04006
0 0 0 0 1 9.07918
0 0 0 0 1 9.0548
0 0 0 0 1 9.03064
0 0 0 0 1 9.10556
0 0 0 0 0 9.27314
0 0 0 0 0 9.3123
0 0 0 0 1 9.38982
0 0 0 0 1 9.33404
0 0 0 0 1 9.54291
0 0 0 0 0 9.57183
0 0 0 0 1 9.51411
0 0 0 0 1 9.58176
0 0 0 0 1 9.70659
0 0 0 0 1 9.77372
0 0 0 0 1 9.77209
0 0 0 0 0 9.91993
0 0 0 0 1 9.92632
0 0 0 0 1 10.0441
0 0 0 0 1 10.0802
0 0 0 0 1 10.0972
0 0 0 0 1 10.2454
0 0 0 0 1 10.2603
0 0 0 0 0 10.3285
0 0 0 0 1 10.479
0 0 0 0 1 10.5037
0 0 0 0 1 10.5685
0 0 0 0 1 10.775
0 0 0 0 1 10.7216
0 0 0 0 0 9.22214
0 0 0 0 1 9.32818
0 0 0 0 1 9.32745
0 0 0 0 1 9.33125
0 0 0 0 1 9.20157
0 0 0 0 0 9.26101
0 0 0 0 1 9.22397
0 0 0 0 0 9.24664
0 0 0 0 1 9.18254
0 0 0 0 1 9.10514
0 0 0 0 1 9.07814
0 0 0 0 1 9.13764
0 0 0 0 1 9.07463
0 0 0 0 1 8.96674
0 0 0 0 1 9.1076
0 0 0 0 0 8.92829
0 0 0 0 0 8.93417
0 0 0 0 1 9.05188
0 0 0 0 1 8.91876
0 0 0 0 0 8.89337
0 0 0 0 1 8.99773
0 0 0 0 1 8.9725
0 0 0 0 1 8.88532
0 0 0 0 1 8.77196
0 0 0 0 1 8.88906
0 0 0 0 1 8.77245
0 0 0 0 1 8.84526
0 0 0 0 1 8.73324
0 0 0 0 1 8.83241
0 0 0 0 1 8.74729
0 0 0 0 0 8.80257
0 0 0 0 1 8.77551
0 0 0 0 1 8.77848
0 0 0 0 1 8.77284
0 0 0 0 1 8.75866
0 0 0 0 1 8.75331
0 0 0 0 1 8.57486
0 0 0 0 1 8.67383
0 0 0 0 0 8.56539
0 0 0 0 1 8.66431
0 0 0 0 0 8.58229
0 0 0 0 1 8.61238
0 0 0 0 0 8.59959
0 0 0 0 0 8.62125
0 0 0 0 1 8.48039
0 0 0 0 1 8.51097
0 0 0 0 1 8.59582
0 0 0 0 1 8.58378
0 0 0 0 1 8.65273
0 0 0 0 1 8.72604
0 0 0 0 0 8.89509
0 0 0 0 1 8.91401
0 0 0 0 1 9.07509
0 0 0 0 1 9.25602
0 0 0 0 0 9.41013
0 0 0 0 1 9.50764
0 0 0 0 1 9.61328
0 0 0 0 1 9.77641
0 0 0 0 0 10.0298
0 0 0 0 1 10.2758
0 0 0 0 1 10.3483
0 0 0 0 0 10.6056
0 0 0 0 0 10.6838
0 0 0 0 1 11.0293
0 0 0 0 0 11.2132
0 0 0 0 1 11.4289
0 0 0 0 0 11.6779
0 0 0 0 1 11.8314
0 0 0 0 0 11.9457
0 0 0 0 1 12.2963
0 0 0 0 1 12.4474
0 0 0 0 1 12.8733
0 0 0 0 1 22.7509
0 0 0 0 1 22.6185
0 0 0 0 1 22.7344
0 0 0 0 0 22.6257
0 0 0 0 0 22.8347
0 0 0 0 1 22.8627
0 0 0 0 0 22.6875
0 0 0 0 1 22.7616
0 0 0 0 0 22.4972
0 0 0 0 1 22.4818
0 0 0 0 1 22.3316
0 0 0 0 0 22.3848
0 0 0 0 1 22.5749
0 0 0 0 1 22.4036
0 0 0 0 1 22.6154
0 0 0 0 0 22.67
0 0 0 0 1 22.59
0 0 0 0 1 22.3983
0 0 0 0 1 23.2692
0 0 0 0 1 23.9549
0 0 0 0 1 24.892
0 0 0 0 0 26.1336
0 0 0 0 1 36.7818
0 0 0 0 1 36.7303
0 0 0 0 1 36.5703
0 0 0 0 0 36.6294
0 0 0 0 1 36.5017
0 0 0 0 1 38.8345
0 0 0 0 1 52.1708
0 0 0 0 1 51.5827
0 0 0 0 1 51.5169
0 0 0 0 1 51.7116
0 0 0 0 1 52.1672
0 0 0 0 1 56.2724
0 0 0 0 1 65.0697
0 0 0 0 0 69.4549
0 0 0 0 1 81.5646
0 0 0 0 0 5.03505
0 0 0 0 0 4.96992
0 0 0 0 0 5.02002
0 0 0 0 0 4.9599
0 0 0 0 0 5.0601
0 0 0 0 0 5.05008
0 0 0 0 0 5.02002
0 0 0 0 0 4.97493
0 0 0 0 0 5.00499
0 0 0 0 0 5.0601
0 0 0 0 0 5.02503
0 0 0 0 0 5.02503
0 0 0 0 1 87.6784
0 0 0 0 1 88.4759
0 0 0 0 1 74.694
0 0 0 0 0 63.9666
0 0 0 0 1 60.6475
0 0 0 0 1 60.7192
0 0 0 0 1 60.2467
0 0 0 0 1 51.416
0 0 0 0 1 47.7952
0 0 0 0 1 47.5195
0 0 0 0 1 39.1564
0 0 0 0 0 37.0039
0 0 0 0 0 35.4538
0 0 0 0 1 35.466
0 0 0 0 1 35.8706
0 0 0 0 1 35.8842
0 0 0 0 1 28.2744
0 0 0 0 1 27.0179
0 0 0 0 0 25.8442
0 0 0 0 1 24.5653
0 0 0 0 1 24.6016
0 0 0 0 0 24.7124
0 0 0 0 1 24.5021
0 0 0 0 0 24.7618
0 0 0 0 1 24.8495
0 0 0 0 1 24.8637
0 0 0 0 0 24.8784
0 0 0 0 1 24.77
0 0 0 0 0 24.5862
0 0 0 0 1 18.1635
0 0 0 0 1 17.5797
0 0 0 0 1 17.2949
0 0 0 0 0 16.6775
0 0 0 0 1 16.3425
0 0 0 0 0 15.9748
0 0 0 0 0 15.377
0 0 0 0 0 15.1061
0 0 0 0 1 14.8753
0 0 0 0 1 14.524
0 0 0 0 0 13.9721
0 0 0 0 0 13.7898
0 0 0 0 0 13.9266
0 0 0 0 1 13.7857
0 0 0 0 0 13.8258
0 0 0 0 1 13.9497
0 0 0 0 1 14.0485
0 0 0 0 1 14.0756
0 0 0 0 1 14.0052
0 0 0 0 1 14.1028
0 0 0 0 1 13.951
0 0 0 0 1 13.9931
0 0 0 0 1 14.0636
0 0 0 0 1 14.0221
0 0 0 0 1 13.9831
0 0 0 0 1 13.9841
0 0 0 0 0 14.0416
0 0 0 0 1 14.1868
0 0 0 0 1 14.2452
0 0 0 0 1 14.0775
0 0 0 0 1 14.1957
0 0 0 0 1 14.1273
0 0 0 0 1 14.2889
0 0 0 0 1 14.1071
0 0 0 0 0 14.2554
0 0 0 0 1 14.2445
0 0 0 0 1 14.3368
0 0 0 0 0 14.2406
0 0 0 0 1 14.4052
0 0 0 0 1 14.4382
0 0 0 0 1 8.87888
0 0 0 0 1 8.69478
0 0 0 0 1 8.57286
0 0 0 0 0 8.57968
0 0 0 0 1 8.40774
0 0 0 0 1 8.34535
0 0 0 0 1 8.14413
0 0 0 0 0 8.03337
0 0 0 0 1 8.04423
0 0 0 0 1 7.85525
0 0 0 0 1 7.8342
0 0 0 0 1 7.65576
0 0 0 0 0 7.65676
0 0 0 0 1 7.55025
0 0 0 0 1 7.53408
0 0 0 0 1 7.45937
0 0 0 0 1 7.28035
0 0 0 0 1 7.29379
0 0 0 0 1 7.14787
0 0 0 0 1 7.02484
0 0 0 0 0 7.04343
0 0 0 0 1 6.92343
0 0 0 0 1 6.95391
0 0 0 0 0 6.84846
0 0 0 0 0 6.71686
0 0 0 0 0 6.6469
0 0 0 0 1 6.57057
0 0 0 0 0 6.51432
0 0 0 0 1 6.47109
0 0 0 0 0 6.514
0 0 0 0 0 6.32265
0 0 0 0 1 6.31998
0 0 0 0 1 6.32912
0 0 0 0 1 6.24391
0 0 0 0 1 6.13468
0 0 0 0 1 6.09383
0 0 0 0 1 6.00436
0 0 0 0 0 6.00264
0 0 0 0 1 5.91991
0 0 0 0 0 5.94724
0 0 0 0 1 5.90597
0 0 0 0 0 5.78023
0 0 0 0 1 5.82353
0 0 0 0 1 5.78526
0 0 0 0 0 5.63586
0 0 0 0 1 5.68873
0 0 0 0 1 5.62822
0 0 0 0 0 5.58788
0 0 0 0 1 5.51694
0 0 0 0 1 5.43559
0 0 0 0 1 5.49087
0 0 0 0 1 5.36444
0 0 0 0 1 5.42177
0 0 0 0 0 5.30419
0 0 0 0 1 5.24918
0 0 0 0 1 5.2754
0 0 0 0 1 5.24144
0 0 0 0 0 5.16611
0 0 0 0 1 5.1429
0 0 0 0 1 5.12987
0 0 0 0 1 5.07783
0 0 0 0 0 5.05961
0 0 0 0 1 4.98947
0 0 0 0 1 5.02624
0 0 0 0 0 4.90879
0 0 0 0 1 4.95968
0 0 0 0 1 4.92168
0 0 0 0 1 4.87265
0 0 0 0 1 4.86405
0 0 0 0 1 4.8487
0 0 0 0 1 4.77843
0 0 0 0 1 4.85404
0 0 0 0 1 4.85726
0 0 0 0 1 4.85941
0 0 0 0 1 4.84308
0 0 0 0 1 4.8659
0 0 0 0 1 4.97265
0 0 0 0 1 4.90591
0 0 0 0 0 4.98864
0 0 0 0 1 4.99233
0 0 0 0 1 4.98481
0 0 0 0 1 5.05357
0 0 0 0 1 5.01221
0 0 0 0 1 5.02602
0 0 0 0 1 5.09562
0 0 0 0 1 5.11485
0 0 0 0 1 5.08316
0 0 0 0 1 5.11266
0 0 0 0 0 5.1564
0 0 0 0 1 5.16567
0 0 0 0 1 5.12321
0 0 0 0 0 5.14271
0 0 0 0 1 5.17274
0 0 0 0 0 5.271
0 0 0 0 1 5.21757
0 0 0 0 0 5.23752
0 0 0 0 0 5.32257
0 0 0 0 0 5.31103
0 0 0 0 1 5.38481
0 0 0 0 0 5.38937
0 0 0 0 1 5.34545
0 0 0 0 1 5.37283
0 0 0 0 1 5.45321
0 0 0 0 1 5.47416
0 0 0 0 1 5.42951
0 0 0 0 1 5.46285
0 0 0 0 1 5.57773
0 0 0 0 1 5.50087
0 0 0 0 0 5.62231
0 0 0 0 1 5.63434
0 0 0 0 1 5.63349
0 0 0 0 1 5.66802
0 0 0 0 1 5.68978
0 0 0 0 1 5.64479
0 0 0 0 1 5.76374
0 0 0 0 1 5.79898
0 0 0 0 1 5.79971
0 0 0 0 1 5.82933
0 0 0 0 0 5.85163
0 0 0 0 1 5.83455
0 0 0 0 1 5.87017
0 0 0 0 1 5.91188
0 0 0 0 1 5.90025
0 0 0 0 1 5.96013
0 0 0 0 1 5.99034
0 0 0 0 0 6.08112
0 0 0 0 0 6.12401
0 0 0 0 0 6.14272
0 0 0 0 1 6.14299
0 0 0 0 0 6.1199
0 0 0 0 1 9.57615
0 0 0 0 0 9.41496
0 0 0 0 1 9.46899
0 0 0 0 1 9.39075
0 0 0 0 1 9.42883
0 0 0 0 1 9.28574
0 0 0 0 1 9.36725
0 0 0 0 0 9.31492
0 0 0 0 1 9.32487
0 0 0 0 1 9.31308
0 0 0 0 1 9.15414
0 0 0 0 1 9.24381
0 0 0 0 1 9.04952
0 0 0 0 1 9.0478
0 0 0 0 1 9.00977
0 0 0 0 0 9.06251
0 0 0 0 0 9.06978
0 0 0 0 1 9.01976
0 0 0 0 1 9.02714
0 0 0 0 0 9.04018
0 0 0 0 0 8.98502
0 0 0 0 1 8.82348
0 0 0 0 1 8.77824
0 0 0 0 1 8.8217
0 0 0 0 1 8.73814
0 0 0 0 1 8.75516
0 0 0 0 0 8.81592
0 0 0 0 0 8.66853
0 0 0 0 1 8.69445
0 0 0 0 1 8.78643
0 0 0 0 0 8.74255
0 0 0 0 1 8.73881
0 0 0 0 1 8.55738
0 0 0 0 1 8.63164
0 0 0 0 0 8.64037
0 0 0 0 1 8.64565
0 0 0 0 1 8.50932
0 0 0 0 1 8.4639
0 0 0 0 1 8.4782
0 0 0 0 0 8.53486
0 0 0 0 1 8.44756
0 0 0 0 1 8.4957
0 0 0 0 0 8.3874
0 0 0 0 1 8.46914
0 0 0 0 1 8.39983
0 0 0 0 1 8.32254
0 0 0 0 0 8.36238
0 0 0 0 1 8.27277
0 0 0 0 1 8.28779
0 0 0 0 0 8.26143
0 0 0 0 0 8.2893
0 0 0 0 1 8.27966
0 0 0 0 1 8.24546
0 0 0 0 1 8.27718
0 0 0 0 0 8.2269
0 0 0 0 1 8.11969
0 0 0 0 1 8.10276
0 0 0 0 1 8.10229
0 0 0 0 1 8.13441
0 0 0 0 1 8.10162
0 0 0 0 1 8.07715
0 0 0 0 1 8.03672
0 0 0 0 1 8.11748
0 0 0 0 0 8.06521
0 0 0 0 1 7.96908
0 0 0 0 0 7.9536
0 0 0 0 0 7.93829
0 0 0 0 0 7.97906
0 0 0 0 1 7.92787
0 0 0 0 1 7.913
0 0 0 0 0 8.00954
0 0 0 0 1 7.93929
0 0 0 0 0 7.94068
0 0 0 0 1 7.93784
0 0 0 0 1 7.82895
0 0 0 0 1 7.90177
0 0 0 0 1 7.82845
0 0 0 0 1 7.79468
0 0 0 0 1 7.8362
0 0 0 0 1 7.83855
0 0 0 0 1 7.76286
0 0 0 0 1 7.80004
0 0 0 0 0 7.71708
0 0 0 0 0 7.79796
0 0 0 0 1 7.70309
0 0 0 0 1 7.74521
0 0 0 0 1 7.82139
