0 0 0 0 1 5.53625
0 0 0 0 1 5.51755
0 0 0 0 1 5.56013
0 0 0 0 0 5.59981
0 0 0 0 1 5.55354
0 0 0 0 1 5.58549
0 0 0 0 1 5.54957
0 0 0 0 1 5.62097
0 0 0 0 0 5.6669
0 0 0 0 1 5.5759
0 0 0 0 0 5.59166
0 0 0 0 1 5.63014
0 0 0 0 1 5.671
0 0 0 0 0 5.69861
0 0 0 0 0 5.63003
0 0 0 0 0 5.64288
0 0 0 0 1 5.70496
0 0 0 0 1 5.73888
0 0 0 0 1 5.68738
0 0 0 0 0 5.74256
0 0 0 0 1 5.75975
0 0 0 0 1 5.79431
0 0 0 0 0 5.70838
0 0 0 0 0 5.72586
0 0 0 0 1 5.73376
0 0 0 0 1 5.82664
0 0 0 0 1 5.77518
0 0 0 0 0 5.76421
0 0 0 0 1 5.83471
0 0 0 0 0 5.87061
0 0 0 0 1 5.80742
0 0 0 0 1 5.82174
0 0 0 0 1 5.85371
0 0 0 0 0 5.89015
0 0 0 0 1 5.83265
0 0 0 0 1 5.92832
0 0 0 0 1 5.91808
0 0 0 0 1 5.87229
0 0 0 0 1 5.90357
0 0 0 0 1 5.91123
0 0 0 0 0 5.93092
0 0 0 0 1 5.96271
0 0 0 0 1 5.94209
0 0 0 0 0 6.06418
0 0 0 0 1 6.03644
0 0 0 0 1 5.99052
0 0 0 0 1 6.04603
0 0 0 0 1 6.04245
0 0 0 0 1 6.11794
0 0 0 0 1 6.08412
0 0 0 0 1 6.13572
0 0 0 0 1 6.14473
0 0 0 0 1 6.17736
0 0 0 0 1 6.14452
0 0 0 0 0 6.12903
0 0 0 0 1 6.23106
0 0 0 0 1 6.21577
0 0 0 0 1 6.19945
0 0 0 0 1 6.24645
0 0 0 0 1 6.28745
0 0 0 0 1 6.25251
0 0 0 0 1 6.26235
0 0 0 0 1 6.32906
0 0 0 0 1 6.3202
0 0 0 0 1 6.33035
0 0 0 0 0 6.33973
0 0 0 0 0 6.4266
0 0 0 0 1 6.4172
0 0 0 0 1 6.45345
0 0 0 0 1 6.46988
0 0 0 0 1 6.50651
0 0 0 0 1 6.53621
0 0 0 0 1 6.56675
0 0 0 0 1 6.53878
0 0 0 0 1 6.4845
0 0 0 0 1 6.52757
0 0 0 0 1 6.53144
0 0 0 0 1 6.60862
0 0 0 0 1 6.6459
0 0 0 0 1 6.69674
0 0 0 0 1 6.72123
0 0 0 0 1 6.65268
0 0 0 0 0 6.72468
0 0 0 0 1 6.77636
0 0 0 0 1 6.72698
0 0 0 0 1 6.79934
0 0 0 0 1 6.77683
0 0 0 0 1 6.78146
0 0 0 0 1 6.88901
0 0 0 0 1 6.94909
0 0 0 0 1 6.94044
0 0 0 0 1 6.98066
0 0 0 0 1 6.93022
0 0 0 0 1 7.03299
0 0 0 0 1 7.05936
0 0 0 0 1 7.00141
0 0 0 0 1 7.11209
0 0 0 0 1 7.05369
0 0 0 0 1 7.10874
0 0 0 0 1 7.12839
0 0 0 0 1 7.2414
0 0 0 0 1 7.17509
0 0 0 0 0 7.29584
0 0 0 0 1 7.33795
0 0 0 0 1 7.33616
0 0 0 0 1 7.25401
0 0 0 0 0 7.38405
0 0 0 0 1 7.31641
0 0 0 0 0 7.43266
0 0 0 0 1 7.48277
0 0 0 0 1 7.48867
0 0 0 0 1 7.59179
0 0 0 0 1 7.49937
0 0 0 0 0 7.62594
0 0 0 0 1 7.63196
0 0 0 0 1 7.66808
0 0 0 0 1 7.72743
0 0 0 0 1 7.79488
0 0 0 0 0 7.82396
0 0 0 0 1 7.72054
0 0 0 0 0 7.85145
0 0 0 0 1 7.83343
0 0 0 0 0 7.84612
0 0 0 0 1 7.86717
0 0 0 0 1 8.00749
0 0 0 0 1 8.08526
0 0 0 0 1 8.1474
0 0 0 0 0 8.03971
0 0 0 0 1 8.2153
0 0 0 0 1 8.10632
0 0 0 0 1 8.28349
0 0 0 0 0 8.20564
0 0 0 0 1 8.327
0 0 0 0 1 8.37344
0 0 0 0 1 8.40323
0 0 0 0 1 8.39917
0 0 0 0 1 8.58182
0 0 0 0 1 8.54379
0 0 0 0 1 8.62605
0 0 0 0 1 8.72543
0 0 0 0 1 8.65971
0 0 0 0 1 8.67224
0 0 0 0 1 8.73643
0 0 0 0 1 8.79382
0 0 0 0 1 8.91198
0 0 0 0 1 8.98636
0 0 0 0 1 9.01613
0 0 0 0 1 9.14544
0 0 0 0 0 9.03975
0 0 0 0 1 9.21559
0 0 0 0 0 9.23624
0 0 0 0 1 9.1916
0 0 0 0 1 9.26848
0 0 0 0 0 9.49384
0 0 0 0 0 9.39158
0 0 0 0 1 9.55278
0 0 0 0 1 9.61002
0 0 0 0 1 9.71685
0 0 0 0 0 9.66772
0 0 0 0 0 9.83242
0 0 0 0 1 9.91
0 0 0 0 1 9.95957
0 0 0 0 1 10.0062
0 0 0 0 1 9.9838
0 0 0 0 1 10.141
0 0 0 0 1 10.2501
0 0 0 0 1 10.2043
0 0 0 0 0 10.2913
0 0 0 0 1 10.5265
0 0 0 0 1 10.5735
0 0 0 0 1 10.6624
0 0 0 0 1 10.7178
0 0 0 0 1 10.8179
0 0 0 0 1 10.8407
0 0 0 0 1 9.34312
0 0 0 0 1 9.21679
0 0 0 0 1 9.23483
0 0 0 0 1 9.29429
0 0 0 0 1 9.12781
0 0 0 0 1 9.26101
0 0 0 0 1 9.1689
0 0 0 0 1 9.14594
0 0 0 0 1 9.05462
0 0 0 0 1 9.08691
0 0 0 0 1 9.11452
0 0 0 0 1 9.0832
0 0 0 0 1 9.11086
0 0 0 0 1 8.97578
0 0 0 0 0 8.92725
0 0 0 0 1 8.95529
0 0 0 0 1 8.98805
0 0 0 0 0 9.03396
0 0 0 0 1 8.96349
0 0 0 0 1 8.87551
0 0 0 0 1 8.97101
0 0 0 0 0 8.95472
0 0 0 0 1 8.85869
0 0 0 0 0 8.84284
0 0 0 0 1 8.82715
0 0 0 0 1 8.80775
0 0 0 0 1 8.73073
0 0 0 0 1 8.82998
0 0 0 0 1 8.77095
0 0 0 0 1 8.79112
0 0 0 0 1 8.80257
0 0 0 0 1 8.64453
0 0 0 0 1 8.74361
0 0 0 0 0 8.61619
0 0 0 0 0 8.74128
0 0 0 0 1 8.59715
0 0 0 0 1 8.58352
0 0 0 0 1 8.69978
0 0 0 0 1 8.6172
0 0 0 0 1 8.55224
0 0 0 0 1 8.65115
0 0 0 0 1 8.50923
0 0 0 0 1 8.59959
0 0 0 0 0 8.50127
0 0 0 0 0 8.60019
0 0 0 0 0 8.51097
0 0 0 0 1 8.47632
0 0 0 0 1 8.45592
0 0 0 0 1 8.5927
0 0 0 0 0 8.67384
0 0 0 0 0 8.86862
0 0 0 0 0 8.90505
0 0 0 0 1 9.12965
0 0 0 0 1 9.16364
0 0 0 0 1 9.41013
0 0 0 0 1 9.51718
0 0 0 0 1 9.71009
0 0 0 0 1 9.76657
0 0 0 0 1 9.97978
0 0 0 0 1 10.123
0 0 0 0 1 10.3173
0 0 0 0 1 10.6478
0 0 0 0 1 10.6945
0 0 0 0 1 10.9308
0 0 0 0 1 11.124
0 0 0 0 0 11.4516
0 0 0 0 0 11.6431
0 0 0 0 1 11.8905
0 0 0 0 1 12.1627
0 0 0 0 0 12.3948
0 0 0 0 0 12.4725
0 0 0 0 1 12.7705
0 0 0 0 1 22.9555
0 0 0 0 1 22.8229
0 0 0 0 1 22.6664
0 0 0 0 1 22.6484
0 0 0 0 1 22.427
0 0 0 0 1 22.8175
0 0 0 0 1 22.8232
0 0 0 0 1 22.7616
0 0 0 0 1 22.7231
0 0 0 0 1 22.3464
0 0 0 0 1 22.4218
0 0 0 0 1 22.3848
0 0 0 0 1 22.4623
0 0 0 0 1 22.6513
0 0 0 0 1 22.3454
0 0 0 0 0 22.4675
0 0 0 0 0 22.2978
0 0 0 0 1 22.2859
0 0 0 0 1 23.246
0 0 0 0 1 24.1962
0 0 0 0 1 25.0929
0 0 0 0 1 25.9502
0 0 0 0 1 36.7818
0 0 0 0 0 36.1478
0 0 0 0 0 36.0972
0 0 0 0 1 36.1201
0 0 0 0 1 36.4289
0 0 0 0 1 38.8345
0 0 0 0 1 51.7022
0 0 0 0 1 51.843
0 0 0 0 0 51.5169
0 0 0 0 1 52.1278
0 0 0 0 0 52.3753
0 0 0 0 1 56.7235
0 0 0 0 1 66.1171
0 0 0 0 1 70.3605
0 0 0 0 1 81.401
0 0 0 0 0 4.96491
0 0 0 0 0 5.03004
0 0 0 0 0 5.05008
0 0 0 0 0 4.99998
0 0 0 0 0 4.96992
0 0 0 0 0 4.98996
0 0 0 0 0 5.03505
0 0 0 0 0 4.96491
0 0 0 0 0 4.98495
0 0 0 0 0 5.05008
0 0 0 0 0 4.99998
0 0 0 0 0 4.9599
0 0 0 0 1 88.204
0 0 0 0 1 88.4759
0 0 0 0 1 74.5437
0 0 0 0 0 64.0943
0 0 0 0 1 60.8291
0 0 0 0 0 61.0824
0 0 0 0 1 60.3073
0 0 0 0 1 51.055
0 0 0 0 0 47.6512
0 0 0 0 0 48.1435
0 0 0 0 0 39.5491
0 0 0 0 1 36.5252
0 0 0 0 0 35.5608
0 0 0 0 0 35.8584
0 0 0 0 0 36.0133
0 0 0 0 1 35.4201
0 0 0 0 1 28.3025
0 0 0 0 0 26.6695
0 0 0 0 0 25.4084
0 0 0 0 1 24.4915
0 0 0 0 1 24.5278
0 0 0 0 1 24.8849
0 0 0 0 1 24.7239
0 0 0 0 0 24.4412
0 0 0 0 1 24.5287
0 0 0 0 1 24.5921
0 0 0 0 1 24.8043
0 0 0 0 0 24.77
0 0 0 0 1 24.7841
0 0 0 0 0 18.1817
0 0 0 0 1 17.8096
0 0 0 0 1 17.0542
0 0 0 0 1 16.6608
0 0 0 0 1 16.2284
0 0 0 0 1 15.8954
0 0 0 0 1 15.5164
0 0 0 0 1 15.0305
0 0 0 0 1 14.8753
0 0 0 0 1 14.2933
0 0 0 0 1 14.0285
0 0 0 0 1 13.762
0 0 0 0 1 13.7737
0 0 0 0 1 13.9805
0 0 0 0 1 14.0485
0 0 0 0 0 14.0194
0 0 0 0 1 13.895
0 0 0 0 1 13.9081
0 0 0 0 1 13.9912
0 0 0 0 1 14.0189
0 0 0 0 1 14.0631
0 0 0 0 0 14.0492
0 0 0 0 1 13.9934
0 0 0 0 1 13.994
0 0 0 0 1 13.9409
0 0 0 0 1 13.9559
0 0 0 0 0 14.1121
0 0 0 0 1 14.1868
0 0 0 0 0 14.1604
0 0 0 0 0 14.0492
0 0 0 0 0 14.2382
0 0 0 0 1 14.0989
0 0 0 0 1 14.1043
0 0 0 0 1 14.3062
0 0 0 0 1 14.1557
0 0 0 0 1 14.2017
0 0 0 0 1 14.1797
0 0 0 0 1 14.4122
0 0 0 0 1 14.2333
0 0 0 0 1 14.2232
0 0 0 0 0 8.84357
0 0 0 0 0 8.67736
0 0 0 0 1 8.52127
0 0 0 0 1 8.51172
0 0 0 0 0 8.349
0 0 0 0 1 8.36193
0 0 0 0 0 8.25064
0 0 0 0 1 8.16281
0 0 0 0 1 7.98826
0 0 0 0 0 7.91057
0 0 0 0 1 7.88112
0 0 0 0 1 7.67893
0 0 0 0 1 7.56506
0 0 0 0 0 7.62582
0 0 0 0 0 7.53408
0 0 0 0 0 7.37057
0 0 0 0 1 7.25109
0 0 0 0 0 7.22136
0 0 0 0 1 7.2339
0 0 0 0 0 7.10999
0 0 0 0 1 6.97321
0 0 0 0 1 7.00693
0 0 0 0 1 6.94703
0 0 0 0 1 6.82799
0 0 0 0 1 6.70334
0 0 0 0 0 6.66029
0 0 0 0 1 6.56394
0 0 0 0 1 6.52089
0 0 0 0 1 6.52962
0 0 0 0 1 6.39791
0 0 0 0 0 6.32904
0 0 0 0 1 6.30098
0 0 0 0 0 6.27261
0 0 0 0 1 6.16921
0 0 0 0 0 6.20874
0 0 0 0 1 6.13054
0 0 0 0 1 6.09534
0 0 0 0 0 6.03275
0 0 0 0 0 5.94975
0 0 0 0 1 5.98278
0 0 0 0 1 5.88248
0 0 0 0 1 5.8618
0 0 0 0 1 5.79461
0 0 0 0 1 5.74509
0 0 0 0 1 5.64155
0 0 0 0 1 5.61536
0 0 0 0 1 5.57782
0 0 0 0 0 5.60458
0 0 0 0 1 5.57217
0 0 0 0 0 5.44655
0 0 0 0 1 5.46369
0 0 0 0 1 5.41306
0 0 0 0 0 5.36272
0 0 0 0 0 5.3468
0 0 0 0 1 5.27564
0 0 0 0 1 5.22291
0 0 0 0 1 5.25187
0 0 0 0 1 5.21793
0 0 0 0 0 5.1429
0 0 0 0 1 5.1401
0 0 0 0 1 5.04232
0 0 0 0 1 5.04449
0 0 0 0 0 4.97442
0 0 0 0 0 5.00133
0 0 0 0 1 4.94343
0 0 0 0 1 4.89087
0 0 0 0 1 4.84844
0 0 0 0 0 4.87265
0 0 0 0 1 4.8544
0 0 0 0 0 4.81981
0 0 0 0 1 4.80739
0 0 0 0 1 4.89279
0 0 0 0 1 4.84267
0 0 0 0 1 4.92277
0 0 0 0 1 4.92625
0 0 0 0 1 4.89045
0 0 0 0 1 4.90365
0 0 0 0 1 4.95532
0 0 0 0 1 4.91922
0 0 0 0 1 4.93758
0 0 0 0 0 5.03471
0 0 0 0 1 5.03854
0 0 0 0 1 5.01724
0 0 0 0 0 5.09162
0 0 0 0 1 5.07029
0 0 0 0 1 5.0691
0 0 0 0 0 5.05764
0 0 0 0 1 5.08193
0 0 0 0 1 5.17694
0 0 0 0 0 5.10896
0 0 0 0 0 5.14908
0 0 0 0 1 5.21544
0 0 0 0 1 5.24053
0 0 0 0 1 5.28147
0 0 0 0 1 5.29113
0 0 0 0 1 5.29026
0 0 0 0 1 5.30667
0 0 0 0 1 5.36425
0 0 0 0 1 5.30467
0 0 0 0 1 5.36792
0 0 0 0 1 5.40466
0 0 0 0 1 5.36742
0 0 0 0 1 5.44778
0 0 0 0 1 5.48506
0 0 0 0 1 5.50614
0 0 0 0 0 5.45185
0 0 0 0 1 5.47833
0 0 0 0 1 5.58968
0 0 0 0 0 5.56102
0 0 0 0 1 5.54472
0 0 0 0 0 5.66161
0 0 0 0 1 5.62281
0 0 0 0 1 5.63872
0 0 0 0 1 5.73602
0 0 0 0 1 5.67217
0 0 0 0 1 5.7472
0 0 0 0 0 5.79393
0 0 0 0 0 5.85839
0 0 0 0 1 5.79912
0 0 0 0 1 5.81696
0 0 0 0 1 5.86427
0 0 0 0 1 5.91781
0 0 0 0 1 5.96575
0 0 0 0 1 5.92422
0 0 0 0 1 5.9723
0 0 0 0 1 5.99649
0 0 0 0 1 6.12401
0 0 0 0 1 6.16103
0 0 0 0 1 6.07549
0 0 0 0 1 6.22488
0 0 0 0 0 9.56663
0 0 0 0 1 9.51926
0 0 0 0 1 9.47844
0 0 0 0 1 9.40017
0 0 0 0 0 9.39131
0 0 0 0 0 9.30445
0 0 0 0 1 9.32997
0 0 0 0 1 9.25914
0 0 0 0 1 9.32487
0 0 0 0 1 9.14694
0 0 0 0 1 9.27374
0 0 0 0 1 9.11542
0 0 0 0 0 9.07694
0 0 0 0 0 9.15714
0 0 0 0 1 9.03702
0 0 0 0 1 8.96292
0 0 0 0 1 8.93441
0 0 0 0 1 9.04677
0 0 0 0 1 8.92844
0 0 0 0 1 8.92382
0 0 0 0 0 8.94041
0 0 0 0 1 8.91243
0 0 0 0 1 8.92898
0 0 0 0 1 8.85706
0 0 0 0 1 8.87922
0 0 0 0 1 8.85185
0 0 0 0 1 8.71953
0 0 0 0 0 8.71227
0 0 0 0 1 8.65084
0 0 0 0 0 8.66464
0 0 0 0 1 8.71653
0 0 0 0 1 8.60903
0 0 0 0 0 8.56601
0 0 0 0 0 8.66606
0 0 0 0 0 8.64037
0 0 0 0 1 8.64565
0 0 0 0 0 8.60321
0 0 0 0 1 8.55756
0 0 0 0 1 8.46121
0 0 0 0 1 8.48401
0 0 0 0 0 8.38837
0 0 0 0 0 8.41134
0 0 0 0 1 8.49677
0 0 0 0 1 8.40199
0 0 0 0 1 8.4417
0 0 0 0 1 8.43117
0 0 0 0 1 8.29568
0 0 0 0 0 8.27277
0 0 0 0 1 8.2546
0 0 0 0 1 8.22004
0 0 0 0 0 8.19013
0 0 0 0 1 8.16421
0 0 0 0 1 8.23723
0 0 0 0 1 8.23612
0 0 0 0 1 8.24329
0 0 0 0 1 8.24234
0 0 0 0 1 8.11092
0 0 0 0 1 8.07786
0 0 0 0 1 8.14254
0 0 0 0 1 8.11784
0 0 0 0 1 8.03668
0 0 0 0 1 8.13365
0 0 0 0 1 8.03687
0 0 0 0 0 8.00887
0 0 0 0 1 8.11368
0 0 0 0 1 7.96964
0 0 0 0 1 7.9703
0 0 0 0 1 8.05894
0 0 0 0 0 7.90394
0 0 0 0 1 7.88911
0 0 0 0 0 7.88241
0 0 0 0 1 7.89964
0 0 0 0 1 7.94068
0 0 0 0 1 7.92993
0 0 0 0 1 7.86052
0 0 0 0 1 7.93328
0 0 0 0 1 7.79698
0 0 0 0 1 7.91255
0 0 0 0 1 7.86757
0 0 0 0 1 7.77591
0 0 0 0 0 7.89576
0 0 0 0 1 7.73758
0 0 0 0 1 7.72488
0 0 0 0 0 7.75127
0 0 0 0 1 7.7264
0 0 0 0 1 7.72969
0 0 0 0 1 7.73612
