0 0 0 0 1 5.57508
0 0 0 0 1 5.53978
0 0 0 0 1 5.52674
0 0 0 0 1 5.61095
0 0 0 0 1 5.57028
0 0 0 0 1 5.59667
0 0 0 0 1 5.60552
0 0 0 0 1 5.54812
0 0 0 0 1 5.63885
0 0 0 0 1 5.66021
0 0 0 0 1 5.64797
0 0 0 0 1 5.68656
0 0 0 0 1 5.65406
0 0 0 0 0 5.63636
0 0 0 0 1 5.70374
0 0 0 0 1 5.70533
0 0 0 0 0 5.66515
0 0 0 0 0 5.73319
0 0 0 0 1 5.75019
0 0 0 0 1 5.69114
0 0 0 0 1 5.71967
0 0 0 0 1 5.75989
0 0 0 0 1 5.76011
0 0 0 0 1 5.74314
0 0 0 0 1 5.77991
0 0 0 0 1 5.7515
0 0 0 0 1 5.84469
0 0 0 0 1 5.76421
0 0 0 0 1 5.85798
0 0 0 0 1 5.78316
0 0 0 0 1 5.89506
0 0 0 0 1 5.82174
0 0 0 0 1 5.90644
0 0 0 0 1 5.84317
0 0 0 0 1 5.90916
0 0 0 0 1 5.94012
0 0 0 0 1 5.9299
0 0 0 0 1 5.95525
0 0 0 0 0 5.94514
0 0 0 0 1 6.00647
0 0 0 0 1 5.99058
0 0 0 0 1 5.99261
0 0 0 0 1 5.93011
0 0 0 0 1 6.05217
0 0 0 0 1 5.97626
0 0 0 0 1 5.97242
0 0 0 0 0 5.99761
0 0 0 0 0 6.10918
0 0 0 0 0 6.09362
0 0 0 0 1 6.15118
0 0 0 0 1 6.15406
0 0 0 0 0 6.08959
0 0 0 0 0 6.20194
0 0 0 0 1 6.09527
0 0 0 0 1 6.23396
0 0 0 0 1 6.15062
0 0 0 0 1 6.25299
0 0 0 0 1 6.28659
0 0 0 0 1 6.20277
0 0 0 0 1 6.27494
0 0 0 0 1 6.33412
0 0 0 0 1 6.319
0 0 0 0 0 6.32275
0 0 0 0 1 6.27592
0 0 0 0 1 6.33035
0 0 0 0 0 6.41612
0 0 0 0 1 6.36916
0 0 0 0 1 6.34675
0 0 0 0 1 6.44061
0 0 0 0 0 6.48921
0 0 0 0 1 6.51297
0 0 0 0 1 6.4584
0 0 0 0 0 6.52774
0 0 0 0 0 6.46054
0 0 0 0 1 6.56948
0 0 0 0 0 6.53413
0 0 0 0 1 6.57094
0 0 0 0 1 6.53599
0 0 0 0 1 6.66578
0 0 0 0 1 6.65684
0 0 0 0 1 6.64781
0 0 0 0 1 6.71292
0 0 0 0 0 6.69113
0 0 0 0 1 6.6888
0 0 0 0 1 6.76754
0 0 0 0 1 6.75184
0 0 0 0 0 6.879
0 0 0 0 1 6.85666
0 0 0 0 0 6.84097
0 0 0 0 1 6.86644
0 0 0 0 1 6.90587
0 0 0 0 1 6.91134
0 0 0 0 0 6.9998
0 0 0 0 1 7.03299
0 0 0 0 1 7.07338
0 0 0 0 1 7.04363
0 0 0 0 1 7.04846
0 0 0 0 1 7.06079
0 0 0 0 1 7.08738
0 0 0 0 1 7.21419
0 0 0 0 1 7.2414
0 0 0 0 1 7.27594
0 0 0 0 1 7.17279
0 0 0 0 0 7.28709
0 0 0 0 1 7.32156
0 0 0 0 1 7.34193
0 0 0 0 0 7.39877
0 0 0 0 1 7.44192
0 0 0 0 1 7.35848
0 0 0 0 1 7.4306
0 0 0 0 0 7.45126
0 0 0 0 1 7.56924
0 0 0 0 1 7.53713
0 0 0 0 1 7.55006
0 0 0 0 1 7.60149
0 0 0 0 0 7.69104
0 0 0 0 1 7.73512
0 0 0 0 0 7.78715
0 0 0 0 1 7.73081
0 0 0 0 1 7.76733
0 0 0 0 1 7.87493
0 0 0 0 1 7.92781
0 0 0 0 1 7.94103
0 0 0 0 1 7.97047
0 0 0 0 1 7.91159
0 0 0 0 1 7.97285
0 0 0 0 1 8.03447
0 0 0 0 1 8.15318
0 0 0 0 1 8.10935
0 0 0 0 1 8.19639
0 0 0 0 0 8.18468
0 0 0 0 1 8.24704
0 0 0 0 1 8.3686
0 0 0 0 1 8.42363
0 0 0 0 1 8.43688
0 0 0 0 1 8.49221
0 0 0 0 1 8.46275
0 0 0 0 1 8.62931
0 0 0 0 1 8.54013
0 0 0 0 0 8.61312
0 0 0 0 1 8.72057
0 0 0 0 1 8.82086
0 0 0 0 1 8.74522
0 0 0 0 1 8.74963
0 0 0 0 1 8.86751
0 0 0 0 0 8.87895
0 0 0 0 1 8.91705
0 0 0 0 1 9.00948
0 0 0 0 1 9.15822
0 0 0 0 0 9.18808
0 0 0 0 1 9.21778
0 0 0 0 1 9.22874
0 0 0 0 0 9.39916
0 0 0 0 1 9.31524
0 0 0 0 1 9.42941
0 0 0 0 1 9.61945
0 0 0 0 0 9.60043
0 0 0 0 0 9.6107
0 0 0 0 1 9.73574
0 0 0 0 1 9.71502
0 0 0 0 1 9.84105
0 0 0 0 0 9.91993
0 0 0 0 1 10.0861
0 0 0 0 1 9.9838
0 0 0 0 1 10.0599
0 0 0 0 1 10.1481
0 0 0 0 1 10.2043
0 0 0 0 0 10.4052
0 0 0 0 1 10.4119
0 0 0 0 1 10.479
0 0 0 0 1 10.5989
0 0 0 0 1 10.6752
0 0 0 0 0 10.7535
0 0 0 0 1 10.884
0 0 0 0 1 9.34312
0 0 0 0 1 9.37458
0 0 0 0 0 9.27188
0 0 0 0 1 9.28505
0 0 0 0 1 9.24767
0 0 0 0 1 9.11386
0 0 0 0 1 9.13219
0 0 0 0 1 9.14594
0 0 0 0 1 9.09117
0 0 0 0 0 9.08691
0 0 0 0 1 9.07814
0 0 0 0 1 9.14672
0 0 0 0 0 9.14708
0 0 0 0 1 9.12944
0 0 0 0 1 9.04448
0 0 0 0 1 9.00929
0 0 0 0 1 9.04192
0 0 0 0 1 8.89056
0 0 0 0 1 8.85614
0 0 0 0 1 8.85765
0 0 0 0 1 8.84629
0 0 0 0 0 8.93693
0 0 0 0 1 8.92082
0 0 0 0 1 8.78082
0 0 0 0 1 8.89791
0 0 0 0 1 8.91365
0 0 0 0 1 8.83645
0 0 0 0 1 8.72444
0 0 0 0 1 8.82363
0 0 0 0 1 8.73853
0 0 0 0 1 8.74132
0 0 0 0 1 8.81044
0 0 0 0 1 8.80463
0 0 0 0 1 8.73803
0 0 0 0 0 8.62832
0 0 0 0 1 8.66655
0 0 0 0 1 8.61817
0 0 0 0 1 8.58735
0 0 0 0 1 8.58266
0 0 0 0 1 8.60396
0 0 0 0 1 8.58229
0 0 0 0 1 8.5694
0 0 0 0 0 8.60817
0 0 0 0 1 8.50127
0 0 0 0 1 8.52318
0 0 0 0 1 8.56224
0 0 0 0 1 8.58729
0 0 0 0 1 8.59231
0 0 0 0 1 8.58413
0 0 0 0 1 8.65644
0 0 0 0 1 8.76272
0 0 0 0 1 8.99464
0 0 0 0 1 9.12965
0 0 0 0 1 9.25602
0 0 0 0 1 9.33508
0 0 0 0 1 9.63161
0 0 0 0 0 9.60359
0 0 0 0 1 9.80595
0 0 0 0 0 9.96977
0 0 0 0 1 10.1434
0 0 0 0 1 10.3483
0 0 0 0 1 10.5423
0 0 0 0 1 10.7912
0 0 0 0 0 10.9199
0 0 0 0 1 11.0571
0 0 0 0 1 11.2585
0 0 0 0 1 11.6315
0 0 0 0 1 11.8078
0 0 0 0 1 12.1265
0 0 0 0 1 12.2717
0 0 0 0 1 12.6862
0 0 0 0 1 12.899
0 0 0 0 0 22.7964
0 0 0 0 1 22.4822
0 0 0 0 0 22.6437
0 0 0 0 1 22.5804
0 0 0 0 1 22.6988
0 0 0 0 1 22.4553
0 0 0 0 0 22.8459
0 0 0 0 0 22.6938
0 0 0 0 1 22.3617
0 0 0 0 1 22.7076
0 0 0 0 1 22.7602
0 0 0 0 1 22.6102
0 0 0 0 1 22.3271
0 0 0 0 1 22.4261
0 0 0 0 1 22.7054
0 0 0 0 1 22.2876
0 0 0 0 1 22.6799
0 0 0 0 1 22.3758
0 0 0 0 1 23.3852
0 0 0 0 0 24.0755
0 0 0 0 1 24.9674
0 0 0 0 0 26.0026
0 0 0 0 1 36.7454
0 0 0 0 1 36.0386
0 0 0 0 1 36.4247
0 0 0 0 0 36.593
0 0 0 0 0 36.1742
0 0 0 0 1 38.8345
0 0 0 0 0 51.8064
0 0 0 0 1 51.843
0 0 0 0 1 52.1413
0 0 0 0 1 51.8676
0 0 0 0 1 52.4273
0 0 0 0 1 55.9905
0 0 0 0 1 65.8553
0 0 0 0 0 69.1066
0 0 0 0 1 82.6281
0 0 0 0 0 4.99998
0 0 0 0 0 5.04507
0 0 0 0 0 4.97994
0 0 0 0 0 5.02002
0 0 0 0 0 5.04006
0 0 0 0 0 4.97994
0 0 0 0 0 5.00499
0 0 0 0 0 5.02002
0 0 0 0 0 5.00499
0 0 0 0 0 4.99497
0 0 0 0 0 4.97493
0 0 0 0 0 5.0601
0 0 0 0 1 86.7149
0 0 0 0 1 88.1255
0 0 0 0 1 75.6709
0 0 0 0 1 63.2006
0 0 0 0 1 60.6475
0 0 0 0 0 60.2349
0 0 0 0 1 61.0339
0 0 0 0 1 51.8286
0 0 0 0 0 48.419
0 0 0 0 1 48.4315
0 0 0 0 1 38.9207
0 0 0 0 1 37.188
0 0 0 0 1 35.6322
0 0 0 0 1 35.7157
0 0 0 0 1 35.585
0 0 0 0 0 36.0628
0 0 0 0 1 27.9094
0 0 0 0 0 26.6695
0 0 0 0 1 25.5366
0 0 0 0 1 24.5899
0 0 0 0 1 24.4046
0 0 0 0 1 24.466
0 0 0 0 1 24.5021
0 0 0 0 1 24.5152
0 0 0 0 0 24.5287
0 0 0 0 1 24.6662
0 0 0 0 1 24.8784
0 0 0 0 1 24.6464
0 0 0 0 1 24.9078
0 0 0 0 1 18.0179
0 0 0 0 1 17.6504
0 0 0 0 1 17.3637
0 0 0 0 1 16.6608
0 0 0 0 1 16.1307
0 0 0 0 1 16.0383
0 0 0 0 1 15.3925
0 0 0 0 1 15.1061
0 0 0 0 1 14.6392
0 0 0 0 1 14.2933
0 0 0 0 1 14.1272
0 0 0 0 1 13.7898
0 0 0 0 0 13.8571
0 0 0 0 1 13.9248
0 0 0 0 1 13.9511
0 0 0 0 1 13.8383
0 0 0 0 1 14.0624
0 0 0 0 1 14.0477
0 0 0 0 1 13.8794
0 0 0 0 0 13.8789
0 0 0 0 1 14.0351
0 0 0 0 0 14.0352
0 0 0 0 1 14.0075
0 0 0 0 1 13.994
0 0 0 0 1 14.0956
0 0 0 0 1 14.1249
0 0 0 0 1 14.1121
0 0 0 0 1 14.0174
0 0 0 0 1 14.118
0 0 0 0 0 14.219
0 0 0 0 1 14.1107
0 0 0 0 1 14.1415
0 0 0 0 1 14.3457
0 0 0 0 1 14.1213
0 0 0 0 1 14.1699
0 0 0 0 0 14.1305
0 0 0 0 0 14.194
0 0 0 0 1 14.2549
0 0 0 0 1 14.1761
0 0 0 0 0 14.2232
0 0 0 0 1 8.8171
0 0 0 0 1 8.67736
0 0 0 0 0 8.61585
0 0 0 0 1 8.56269
0 0 0 0 1 8.42452
0 0 0 0 1 8.30391
0 0 0 0 1 8.25884
0 0 0 0 1 8.15472
0 0 0 0 1 7.98826
0 0 0 0 1 7.92637
0 0 0 0 0 7.79511
0 0 0 0 1 7.74846
0 0 0 0 0 7.61855
0 0 0 0 1 7.61071
0 0 0 0 1 7.39954
0 0 0 0 1 7.37057
0 0 0 0 0 7.38279
0 0 0 0 1 7.17791
0 0 0 0 1 7.11202
0 0 0 0 1 7.16676
0 0 0 0 1 7.08557
0 0 0 0 1 7.02781
0 0 0 0 1 6.93326
0 0 0 0 1 6.75978
0 0 0 0 1 6.79795
0 0 0 0 1 6.63351
0 0 0 0 1 6.62361
0 0 0 0 1 6.61939
0 0 0 0 0 6.4906
0 0 0 0 1 6.4753
0 0 0 0 0 6.36097
0 0 0 0 1 6.34531
0 0 0 0 1 6.24749
0 0 0 0 1 6.21279
0 0 0 0 0 6.15937
0 0 0 0 1 6.09995
0 0 0 0 0 6.05895
0 0 0 0 1 6.02673
0 0 0 0 1 5.92588
0 0 0 0 1 5.94132
0 0 0 0 1 5.88835
0 0 0 0 1 5.82102
0 0 0 0 1 5.83509
0 0 0 0 1 5.72787
0 0 0 0 1 5.64724
0 0 0 0 1 5.60408
0 0 0 0 1 5.59462
0 0 0 0 1 5.54336
0 0 0 0 1 5.51142
0 0 0 0 0 5.50134
0 0 0 0 1 5.48
0 0 0 0 1 5.41847
0 0 0 0 1 5.37883
0 0 0 0 1 5.27757
0 0 0 0 1 5.26505
0 0 0 0 1 5.21766
0 0 0 0 1 5.26752
0 0 0 0 1 5.17648
0 0 0 0 1 5.12746
0 0 0 0 1 5.13499
0 0 0 0 1 5.06262
0 0 0 0 0 5.06465
0 0 0 0 1 4.98947
0 0 0 0 1 5.00631
0 0 0 0 1 4.96817
0 0 0 0 1 4.91053
0 0 0 0 0 4.92168
0 0 0 0 0 4.81921
0 0 0 0 1 4.83509
0 0 0 0 1 4.78611
0 0 0 0 1 4.80739
0 0 0 0 0 4.83466
0 0 0 0 0 4.8135
0 0 0 0 1 4.92277
0 0 0 0 1 4.84308
0 0 0 0 1 4.91991
0 0 0 0 1 4.88394
0 0 0 0 1 4.9652
0 0 0 0 1 4.91922
0 0 0 0 1 4.94753
0 0 0 0 1 5.00976
0 0 0 0 1 5.00348
0 0 0 0 0 5.01724
0 0 0 0 1 5.08658
0 0 0 0 1 5.06016
0 0 0 0 1 5.0996
0 0 0 0 1 5.09337
0 0 0 0 1 5.09217
0 0 0 0 1 5.16667
0 0 0 0 1 5.20175
0 0 0 0 1 5.13356
0 0 0 0 1 5.16349
0 0 0 0 1 5.18317
0 0 0 0 1 5.24483
0 0 0 0 1 5.24384
0 0 0 0 1 5.22169
0 0 0 0 1 5.33848
0 0 0 0 0 5.2791
0 0 0 0 1 5.3581
0 0 0 0 1 5.38937
0 0 0 0 1 5.4262
0 0 0 0 0 5.38365
0 0 0 0 1 5.44235
0 0 0 0 1 5.41418
0 0 0 0 1 5.48972
0 0 0 0 1 5.49586
0 0 0 0 1 5.47833
0 0 0 0 1 5.50642
0 0 0 0 1 5.53873
0 0 0 0 1 5.55033
0 0 0 0 1 5.61101
0 0 0 0 1 5.64541
0 0 0 0 1 5.7068
0 0 0 0 0 5.75882
0 0 0 0 1 5.74085
0 0 0 0 0 5.79898
0 0 0 0 1 5.76501
0 0 0 0 0 5.84676
0 0 0 0 1 5.78745
0 0 0 0 1 5.89319
0 0 0 0 1 5.8407
0 0 0 0 1 5.88227
0 0 0 0 1 5.97765
0 0 0 0 1 5.93021
0 0 0 0 1 5.99034
0 0 0 0 1 6.09321
0 0 0 0 0 6.03288
0 0 0 0 1 6.13661
0 0 0 0 0 6.07549
0 0 0 0 0 6.13842
0 0 0 0 1 9.60471
0 0 0 0 1 9.5477
0 0 0 0 1 9.39339
0 0 0 0 1 9.39075
0 0 0 0 1 9.40069
0 0 0 0 1 9.37926
0 0 0 0 0 9.41386
0 0 0 0 0 9.3614
0 0 0 0 1 9.28783
0 0 0 0 1 9.15617
0 0 0 0 1 9.12653
0 0 0 0 1 9.20712
0 0 0 0 1 9.0678
0 0 0 0 1 9.05692
0 0 0 0 1 9.15509
0 0 0 0 1 9.01724
0 0 0 0 0 9.07881
0 0 0 0 1 9.07378
0 0 0 0 1 9.0092
0 0 0 0 1 8.96858
0 0 0 0 1 8.86903
0 0 0 0 1 8.82348
0 0 0 0 1 8.95558
0 0 0 0 1 8.83054
0 0 0 0 0 8.89685
0 0 0 0 1 8.86064
0 0 0 0 1 8.71076
0 0 0 0 1 8.66853
0 0 0 0 1 8.77293
0 0 0 0 1 8.66464
0 0 0 0 1 8.68183
0 0 0 0 1 8.61768
0 0 0 0 0 8.54013
0 0 0 0 1 8.5714
0 0 0 0 0 8.56315
0 0 0 0 1 8.61141
0 0 0 0 1 8.51786
0 0 0 0 1 8.55756
0 0 0 0 1 8.43572
0 0 0 0 1 8.39925
0 0 0 0 1 8.37991
0 0 0 0 1 8.48727
0 0 0 0 1 8.35375
0 0 0 0 1 8.47753
0 0 0 0 1 8.34958
0 0 0 0 1 8.28076
0 0 0 0 1 8.4124
0 0 0 0 0 8.27277
0 0 0 0 0 8.23801
0 0 0 0 1 8.21176
0 0 0 0 1 8.32236
0 0 0 0 1 8.20544
0 0 0 0 1 8.29484
0 0 0 0 1 8.13758
0 0 0 0 0 8.12038
0 0 0 0 1 8.11969
0 0 0 0 1 8.14356
0 0 0 0 1 8.07786
0 0 0 0 1 8.0694
0 0 0 0 1 8.13406
0 0 0 0 1 8.12571
0 0 0 0 1 8.01249
0 0 0 0 1 8.12554
0 0 0 0 1 7.99277
0 0 0 0 1 8.00121
0 0 0 0 0 7.96964
0 0 0 0 0 8.06633
0 0 0 0 1 8.00303
0 0 0 0 1 8.0156
0 0 0 0 1 7.98464
0 0 0 0 1 8.00954
0 0 0 0 1 7.90757
0 0 0 0 1 7.98818
0 0 0 0 1 7.93784
0 0 0 0 1 7.93155
0 0 0 0 1 7.81511
0 0 0 0 1 7.85205
0 0 0 0 1 7.88897
0 0 0 0 0 7.92248
0 0 0 0 1 7.76025
0 0 0 0 1 7.86449
0 0 0 0 1 7.88593
0 0 0 0 1 7.74826
0 0 0 0 1 7.79018
0 0 0 0 1 7.70309
0 0 0 0 1 7.8073
0 0 0 0 1 7.67411
