0 0 0 0 1 5.50296
0 0 0 0 1 5.58979
0 0 0 0 1 5.51004
0 0 0 0 0 5.51623
0 0 0 0 0 5.55354
0 0 0 0 1 5.63022
0 0 0 0 0 5.60552
0 0 0 0 1 5.58735
0 0 0 0 1 5.57713
0 0 0 0 0 5.65459
0 0 0 0 0 5.60292
0 0 0 0 1 5.66963
0 0 0 0 1 5.63711
0 0 0 0 1 5.68729
0 0 0 0 1 5.61869
0 0 0 0 1 5.67127
0 0 0 0 1 5.71065
0 0 0 0 1 5.75028
0 0 0 0 1 5.70451
0 0 0 0 1 5.7597
0 0 0 0 1 5.7025
0 0 0 0 1 5.69105
0 0 0 0 0 5.77736
0 0 0 0 1 5.80651
0 0 0 0 1 5.72799
0 0 0 0 1 5.76306
0 0 0 0 1 5.75201
0 0 0 0 1 5.77582
0 0 0 0 1 5.79981
0 0 0 0 1 5.88227
0 0 0 0 1 5.83079
0 0 0 0 1 5.85684
0 0 0 0 1 5.9123
0 0 0 0 0 5.8138
0 0 0 0 1 5.90327
0 0 0 0 1 5.95192
0 0 0 0 1 5.92399
0 0 0 0 1 5.9671
0 0 0 0 1 5.99859
0 0 0 0 0 6.00052
0 0 0 0 1 5.91898
0 0 0 0 1 5.95673
0 0 0 0 1 6.01397
0 0 0 0 1 5.9441
0 0 0 0 1 5.97626
0 0 0 0 1 6.05688
0 0 0 0 1 6.02182
0 0 0 0 1 6.06065
0 0 0 0 1 6.14227
0 0 0 0 0 6.13289
0 0 0 0 1 6.08072
0 0 0 0 1 6.1141
0 0 0 0 1 6.17736
0 0 0 0 1 6.10758
0 0 0 0 1 6.11669
0 0 0 0 1 6.21868
0 0 0 0 1 6.14133
0 0 0 0 1 6.2119
0 0 0 0 0 6.27765
0 0 0 0 1 6.21864
0 0 0 0 1 6.27134
0 0 0 0 1 6.28123
0 0 0 0 1 6.29751
0 0 0 0 1 6.38347
0 0 0 0 1 6.38744
0 0 0 0 1 6.39702
0 0 0 0 1 6.34364
0 0 0 0 1 6.39798
0 0 0 0 1 6.45988
0 0 0 0 1 6.42477
0 0 0 0 1 6.40313
0 0 0 0 1 6.4584
0 0 0 0 0 6.56675
0 0 0 0 1 6.49314
0 0 0 0 1 6.51719
0 0 0 0 1 6.53413
0 0 0 0 1 6.59728
0 0 0 0 1 6.62182
0 0 0 0 1 6.57964
0 0 0 0 1 6.67014
0 0 0 0 1 6.71455
0 0 0 0 1 6.68615
0 0 0 0 1 6.69784
0 0 0 0 0 6.74268
0 0 0 0 1 6.82839
0 0 0 0 1 6.73826
0 0 0 0 1 6.77683
0 0 0 0 1 6.7883
0 0 0 0 1 6.83411
0 0 0 0 1 6.90088
0 0 0 0 1 6.85748
0 0 0 0 1 6.9252
0 0 0 0 1 6.98589
0 0 0 0 1 7.03299
0 0 0 0 1 7.03132
0 0 0 0 1 7.06474
0 0 0 0 1 7.12622
0 0 0 0 1 7.16723
0 0 0 0 1 7.05176
0 0 0 0 1 7.19989
0 0 0 0 1 7.18399
0 0 0 0 1 7.23992
0 0 0 0 0 7.2886
0 0 0 0 0 7.28709
0 0 0 0 1 7.32886
0 0 0 0 1 7.31995
0 0 0 0 1 7.33988
0 0 0 0 0 7.45669
0 0 0 0 1 7.37332
0 0 0 0 0 7.51258
0 0 0 0 1 7.54852
0 0 0 0 0 7.54669
0 0 0 0 1 7.6051
0 0 0 0 1 7.62594
0 0 0 0 0 7.69289
0 0 0 0 1 7.70635
0 0 0 0 0 7.7505
0 0 0 0 1 7.74852
0 0 0 0 1 7.72305
0 0 0 0 1 7.86871
0 0 0 0 1 7.89841
0 0 0 0 0 7.84916
0 0 0 0 1 7.90148
0 0 0 0 0 7.89895
0 0 0 0 1 8.06343
0 0 0 0 1 8.10131
0 0 0 0 1 8.10707
0 0 0 0 0 8.18559
0 0 0 0 1 8.19085
0 0 0 0 1 8.19639
0 0 0 0 1 8.21762
0 0 0 0 1 8.305
0 0 0 0 1 8.37691
0 0 0 0 1 8.38181
0 0 0 0 1 8.42005
0 0 0 0 1 8.51758
0 0 0 0 1 8.53079
0 0 0 0 1 8.51813
0 0 0 0 1 8.64323
0 0 0 0 1 8.72543
0 0 0 0 1 8.70318
0 0 0 0 1 8.82086
0 0 0 0 1 8.87719
0 0 0 0 1 8.77615
0 0 0 0 1 8.95645
0 0 0 0 1 9.04006
0 0 0 0 1 9.03414
0 0 0 0 1 9.01855
0 0 0 0 1 9.18556
0 0 0 0 1 9.11473
0 0 0 0 1 9.20856
0 0 0 0 1 9.27516
0 0 0 0 1 9.27782
0 0 0 0 1 9.39044
0 0 0 0 1 9.38212
0 0 0 0 1 9.45754
0 0 0 0 1 9.51411
0 0 0 0 1 9.69755
0 0 0 0 1 9.62886
0 0 0 0 1 9.75416
0 0 0 0 1 9.93956
0 0 0 0 1 9.92984
0 0 0 0 1 10.0062
0 0 0 0 0 10.0642
0 0 0 0 0 10.0599
0 0 0 0 0 10.1481
0 0 0 0 1 10.2659
0 0 0 0 1 10.3431
0 0 0 0 1 10.3702
0 0 0 0 1 10.542
0 0 0 0 1 10.6201
0 0 0 0 1 10.6752
0 0 0 0 0 10.6568
0 0 0 0 0 10.884
0 0 0 0 1 9.3152
0 0 0 0 1 9.30033
0 0 0 0 1 9.18851
0 0 0 0 1 9.15571
0 0 0 0 1 9.19235
0 0 0 0 1 9.25181
0 0 0 0 1 9.21479
0 0 0 0 1 9.24664
0 0 0 0 0 9.10944
0 0 0 0 1 9.08691
0 0 0 0 0 9.1691
0 0 0 0 1 8.99246
0 0 0 0 1 9.08369
0 0 0 0 1 8.97578
0 0 0 0 1 8.94529
0 0 0 0 1 9.02729
0 0 0 0 1 9.02397
0 0 0 0 1 8.92641
0 0 0 0 1 8.90087
0 0 0 0 1 8.85765
0 0 0 0 1 8.9621
0 0 0 0 0 8.95472
0 0 0 0 0 8.84981
0 0 0 0 1 8.78968
0 0 0 0 1 8.86253
0 0 0 0 1 8.83423
0 0 0 0 1 8.85407
0 0 0 0 1 8.82998
0 0 0 0 1 8.84997
0 0 0 0 0 8.74729
0 0 0 0 1 8.76757
0 0 0 0 0 8.74931
0 0 0 0 1 8.76104
0 0 0 0 1 8.63359
0 0 0 0 1 8.68045
0 0 0 0 1 8.6145
0 0 0 0 1 8.57486
0 0 0 0 1 8.69978
0 0 0 0 1 8.58266
0 0 0 0 1 8.70742
0 0 0 0 0 8.5909
0 0 0 0 1 8.62097
0 0 0 0 0 8.50518
0 0 0 0 1 8.63839
0 0 0 0 1 8.4975
0 0 0 0 0 8.51952
0 0 0 0 1 8.6129
0 0 0 0 1 8.49854
0 0 0 0 1 8.60128
0 0 0 0 0 8.63904
0 0 0 0 0 8.84214
0 0 0 0 1 9.00359
0 0 0 0 1 9.18421
0 0 0 0 1 9.20983
0 0 0 0 1 9.35384
0 0 0 0 1 9.63161
0 0 0 0 1 9.71977
0 0 0 0 1 9.87486
0 0 0 0 1 9.90971
0 0 0 0 1 10.1638
0 0 0 0 1 10.4001
0 0 0 0 1 10.5951
0 0 0 0 1 10.7912
0 0 0 0 0 10.9746
0 0 0 0 1 11.2132
0 0 0 0 1 11.3948
0 0 0 0 0 11.562
0 0 0 0 0 11.7959
0 0 0 0 1 12.0783
0 0 0 0 1 12.3456
0 0 0 0 1 12.4976
0 0 0 0 0 12.9247
0 0 0 0 1 22.7964
0 0 0 0 1 22.8683
0 0 0 0 1 22.5075
0 0 0 0 0 22.6257
0 0 0 0 1 22.6988
0 0 0 0 1 22.4553
0 0 0 0 0 22.7101
0 0 0 0 1 22.626
0 0 0 0 0 22.4294
0 0 0 0 1 22.6173
0 0 0 0 1 22.6474
0 0 0 0 1 22.3172
0 0 0 0 1 22.6876
0 0 0 0 1 22.4036
0 0 0 0 1 22.3904
0 0 0 0 0 22.535
0 0 0 0 1 22.2978
0 0 0 0 1 22.5555
0 0 0 0 0 23.246
0 0 0 0 1 23.9067
0 0 0 0 0 25.2688
0 0 0 0 1 25.9764
0 0 0 0 1 36.2719
0 0 0 0 1 36.5118
0 0 0 0 1 36.7522
0 0 0 0 1 36.0474
0 0 0 0 1 36.3562
0 0 0 0 1 38.9116
0 0 0 0 0 51.7543
0 0 0 0 1 51.6868
0 0 0 0 1 51.5169
0 0 0 0 0 51.7116
0 0 0 0 0 52.1152
0 0 0 0 1 56.6671
0 0 0 0 1 66.0517
0 0 0 0 1 69.8729
0 0 0 0 1 82.3827
0 0 0 0 0 4.97994
0 0 0 0 0 4.98495
0 0 0 0 0 4.99998
0 0 0 0 0 5.01501
0 0 0 0 0 5.05509
0 0 0 0 0 5.04006
0 0 0 0 0 4.98996
0 0 0 0 0 5.03505
0 0 0 0 0 5.03505
0 0 0 0 0 5.05008
0 0 0 0 0 4.99497
0 0 0 0 0 5.00499
0 0 0 0 1 87.766
0 0 0 0 1 87.6875
0 0 0 0 1 75.5958
0 0 0 0 1 63.5836
0 0 0 0 0 60.7685
0 0 0 0 1 60.1138
0 0 0 0 1 59.944
0 0 0 0 0 51.777
0 0 0 0 1 47.9392
0 0 0 0 1 47.7595
0 0 0 0 1 39.392
0 0 0 0 1 37.1144
0 0 0 0 0 35.3825
0 0 0 0 1 35.7871
0 0 0 0 1 35.7635
0 0 0 0 1 36.0628
0 0 0 0 1 28.2744
0 0 0 0 1 26.5355
0 0 0 0 1 25.5622
0 0 0 0 1 24.4176
0 0 0 0 1 24.4785
0 0 0 0 1 24.8356
0 0 0 0 1 24.7486
0 0 0 0 1 24.8111
0 0 0 0 1 24.7508
0 0 0 0 1 24.444
0 0 0 0 0 24.5572
0 0 0 0 0 24.9677
0 0 0 0 1 24.7099
0 0 0 0 0 18.3091
0 0 0 0 1 17.5973
0 0 0 0 1 17.0886
0 0 0 0 1 16.8448
0 0 0 0 0 16.1958
0 0 0 0 1 15.816
0 0 0 0 0 15.3615
0 0 0 0 1 15.1666
0 0 0 0 1 14.7425
0 0 0 0 0 14.351
0 0 0 0 1 14.2259
0 0 0 0 1 13.9842
0 0 0 0 1 13.9544
0 0 0 0 0 13.9805
0 0 0 0 1 13.8119
0 0 0 0 1 14.0612
0 0 0 0 1 13.8531
0 0 0 0 1 13.922
0 0 0 0 1 13.9353
0 0 0 0 1 13.9769
0 0 0 0 1 13.951
0 0 0 0 1 14.1193
0 0 0 0 0 13.9934
0 0 0 0 0 13.9378
0 0 0 0 1 13.9409
0 0 0 0 0 14.0263
0 0 0 0 1 14.1121
0 0 0 0 0 14.1868
0 0 0 0 1 14.0049
0 0 0 0 1 14.0917
0 0 0 0 0 14.309
0 0 0 0 1 14.0989
0 0 0 0 1 14.1327
0 0 0 0 1 14.2635
0 0 0 0 0 14.3835
0 0 0 0 1 14.216
0 0 0 0 1 14.3511
0 0 0 0 1 14.3836
0 0 0 0 1 14.4338
0 0 0 0 0 14.1945
0 0 0 0 1 8.77297
0 0 0 0 1 8.79061
0 0 0 0 1 8.64165
0 0 0 0 0 8.56269
0 0 0 0 1 8.36578
0 0 0 0 1 8.22104
0 0 0 0 1 8.15232
0 0 0 0 1 8.0091
0 0 0 0 1 8.06023
0 0 0 0 1 7.88686
0 0 0 0 1 7.84984
0 0 0 0 1 7.65576
0 0 0 0 1 7.61855
0 0 0 0 0 7.57292
0 0 0 0 0 7.48176
0 0 0 0 1 7.38537
0 0 0 0 1 7.36816
0 0 0 0 1 7.17791
0 0 0 0 1 7.24107
0 0 0 0 1 7.08161
0 0 0 0 1 7.07152
0 0 0 0 1 6.99997
0 0 0 0 0 6.9126
0 0 0 0 1 6.88256
0 0 0 0 1 6.81822
0 0 0 0 1 6.63351
0 0 0 0 1 6.62361
0 0 0 0 1 6.50119
0 0 0 0 0 6.52962
0 0 0 0 0 6.514
0 0 0 0 0 6.444
0 0 0 0 1 6.37064
0 0 0 0 1 6.27261
0 0 0 0 1 6.23146
0 0 0 0 0 6.1964
0 0 0 0 1 6.05712
0 0 0 0 1 6.01043
0 0 0 0 1 6.06285
0 0 0 0 1 5.99749
0 0 0 0 1 5.87616
0 0 0 0 1 5.85313
0 0 0 0 1 5.82102
0 0 0 0 0 5.75413
0 0 0 0 1 5.71639
0 0 0 0 1 5.70979
0 0 0 0 1 5.6718
0 0 0 0 1 5.63942
0 0 0 0 1 5.52109
0 0 0 0 1 5.48381
0 0 0 0 1 5.46299
0 0 0 0 0 5.38758
0 0 0 0 1 5.42387
0 0 0 0 1 5.42177
0 0 0 0 1 5.30419
0 0 0 0 0 5.32326
0 0 0 0 1 5.2649
0 0 0 0 0 5.18407
0 0 0 0 1 5.1972
0 0 0 0 1 5.18923
0 0 0 0 0 5.14522
0 0 0 0 0 5.09305
0 0 0 0 1 5.02434
0 0 0 0 0 5.05967
0 0 0 0 1 5.00133
0 0 0 0 1 4.93848
0 0 0 0 1 4.89087
0 0 0 0 1 4.8875
0 0 0 0 1 4.86779
0 0 0 0 1 4.8544
0 0 0 0 1 4.77648
0 0 0 0 1 4.78808
0 0 0 0 1 4.81528
0 0 0 0 1 4.8135
0 0 0 0 0 4.84479
0 0 0 0 0 4.92625
0 0 0 0 0 4.95919
0 0 0 0 1 4.96279
0 0 0 0 0 4.89109
0 0 0 0 0 4.99856
0 0 0 0 1 4.94256
0 0 0 0 1 4.99978
0 0 0 0 1 5.05858
0 0 0 0 1 5.00719
0 0 0 0 1 5.07648
0 0 0 0 1 5.07029
0 0 0 0 0 5.09452
0 0 0 0 1 5.11889
0 0 0 0 1 5.12803
0 0 0 0 1 5.0999
0 0 0 0 1 5.16051
0 0 0 0 1 5.16461
0 0 0 0 1 5.24141
0 0 0 0 0 5.17274
0 0 0 0 0 5.20295
0 0 0 0 1 5.20706
0 0 0 0 1 5.22169
0 0 0 0 1 5.25366
0 0 0 0 1 5.33232
0 0 0 0 1 5.39015
0 0 0 0 1 5.37864
0 0 0 0 1 5.40466
0 0 0 0 1 5.42693
0 0 0 0 1 5.4858
0 0 0 0 1 5.39782
0 0 0 0 1 5.43499
0 0 0 0 1 5.55088
0 0 0 0 1 5.48385
0 0 0 0 0 5.58413
0 0 0 0 1 5.61674
0 0 0 0 1 5.64554
0 0 0 0 1 5.67847
0 0 0 0 0 5.65671
0 0 0 0 0 5.63872
0 0 0 0 1 5.74172
0 0 0 0 1 5.74657
0 0 0 0 1 5.7357
0 0 0 0 1 5.76501
0 0 0 0 1 5.82933
0 0 0 0 0 5.79912
0 0 0 0 1 5.91078
0 0 0 0 1 5.88785
0 0 0 0 1 5.95927
0 0 0 0 1 5.93002
0 0 0 0 1 5.97808
0 0 0 0 0 6.05049
0 0 0 0 1 6.07507
0 0 0 0 0 6.13616
0 0 0 0 1 6.16103
0 0 0 0 1 6.0939
0 0 0 0 1 6.22488
0 0 0 0 1 9.43337
0 0 0 0 0 9.5003
0 0 0 0 1 9.42174
0 0 0 0 1 9.34366
0 0 0 0 0 9.40069
0 0 0 0 1 9.42601
0 0 0 0 1 9.41386
0 0 0 0 1 9.31492
0 0 0 0 1 9.25079
0 0 0 0 1 9.26693
0 0 0 0 1 9.20934
0 0 0 0 1 9.26215
0 0 0 0 1 9.17749
0 0 0 0 1 9.09336
0 0 0 0 1 9.15509
0 0 0 0 1 9.11683
0 0 0 0 0 9.01564
0 0 0 0 1 8.93875
0 0 0 0 1 8.92844
0 0 0 0 1 8.90592
0 0 0 0 1 8.90472
0 0 0 0 1 8.91243
0 0 0 0 1 8.83144
0 0 0 0 0 8.91893
0 0 0 0 1 8.77341
0 0 0 0 1 8.71121
0 0 0 0 1 8.71076
0 0 0 0 1 8.81723
0 0 0 0 1 8.74677
0 0 0 0 0 8.70814
0 0 0 0 1 8.58643
0 0 0 0 1 8.73881
0 0 0 0 1 8.6609
0 0 0 0 1 8.65746
0 0 0 0 0 8.60605
0 0 0 0 1 8.63709
0 0 0 0 0 8.51786
0 0 0 0 1 8.5235
0 0 0 0 1 8.48669
0 0 0 0 1 8.46705
0 0 0 0 1 8.51521
0 0 0 0 0 8.36072
0 0 0 0 1 8.46312
0 0 0 0 1 8.43557
0 0 0 0 1 8.41658
0 0 0 0 1 8.41445
0 0 0 0 1 8.31236
0 0 0 0 1 8.25614
0 0 0 0 0 8.23801
0 0 0 0 1 8.22004
0 0 0 0 0 8.23971
0 0 0 0 0 8.18895
0 0 0 0 1 8.24546
0 0 0 0 1 8.25254
0 0 0 0 1 8.27607
0 0 0 0 0 8.25052
0 0 0 0 1 8.22516
0 0 0 0 0 8.10229
0 0 0 0 1 8.08565
0 0 0 0 1 8.07729
0 0 0 0 1 8.0124
0 0 0 0 1 8.02865
0 0 0 0 1 7.98044
0 0 0 0 1 7.99277
0 0 0 0 0 8.04941
0 0 0 0 1 7.94558
0 0 0 0 1 8.06633
0 0 0 0 1 8.00303
0 0 0 0 1 8.0475
0 0 0 0 1 7.92096
0 0 0 0 1 7.87446
0 0 0 0 1 7.98688
0 0 0 0 1 7.90109
0 0 0 0 1 7.83506
0 0 0 0 1 7.89998
0 0 0 0 1 7.81511
0 0 0 0 1 7.89139
0 0 0 0 1 7.77897
0 0 0 0 1 7.89111
0 0 0 0 1 7.9012
0 0 0 0 1 7.86449
0 0 0 0 1 7.87812
0 0 0 0 1 7.8496
0 0 0 0 1 7.79018
0 0 0 0 1 7.82745
0 0 0 0 1 7.72193
0 0 0 0 1 7.79814
