0 0 0 0 1 5.49187
0 0 0 0 1 5.58979
0 0 0 0 1 5.58796
0 0 0 0 0 5.58866
0 0 0 0 1 5.62051
0 0 0 0 1 5.5799
0 0 0 0 1 5.61111
0 0 0 0 1 5.64339
0 0 0 0 1 5.58274
0 0 0 0 1 5.67145
0 0 0 0 1 5.60855
0 0 0 0 1 5.5963
0 0 0 0 1 5.70489
0 0 0 0 1 5.67597
0 0 0 0 1 5.69807
0 0 0 0 0 5.63721
0 0 0 0 1 5.72203
0 0 0 0 1 5.73319
0 0 0 0 1 5.67025
0 0 0 0 1 5.66257
0 0 0 0 0 5.75403
0 0 0 0 1 5.7312
0 0 0 0 1 5.80035
0 0 0 0 1 5.77195
0 0 0 0 0 5.82605
0 0 0 0 1 5.80352
0 0 0 0 1 5.81573
0 0 0 0 1 5.78743
0 0 0 0 1 5.80562
0 0 0 0 0 5.79482
0 0 0 0 1 5.80158
0 0 0 0 0 5.82759
0 0 0 0 1 5.90644
0 0 0 0 1 5.82555
0 0 0 0 1 5.87385
0 0 0 0 1 5.92832
0 0 0 0 1 5.85304
0 0 0 0 1 5.88414
0 0 0 0 1 5.9095
0 0 0 0 1 5.95885
0 0 0 0 1 6.02042
0 0 0 0 1 5.92085
0 0 0 0 1 6.03194
0 0 0 0 1 6.01014
0 0 0 0 1 5.99431
0 0 0 0 1 6.02069
0 0 0 0 1 6.07024
0 0 0 0 1 6.07885
0 0 0 0 1 6.10578
0 0 0 0 1 6.13898
0 0 0 0 1 6.16628
0 0 0 0 1 6.07734
0 0 0 0 1 6.12819
0 0 0 0 1 6.11374
0 0 0 0 1 6.21544
0 0 0 0 1 6.12587
0 0 0 0 1 6.24679
0 0 0 0 1 6.20567
0 0 0 0 1 6.29637
0 0 0 0 0 6.26243
0 0 0 0 1 6.26506
0 0 0 0 0 6.34417
0 0 0 0 1 6.34799
0 0 0 0 1 6.3898
0 0 0 0 0 6.34938
0 0 0 0 0 6.33973
0 0 0 0 1 6.38831
0 0 0 0 0 6.44282
0 0 0 0 0 6.48556
0 0 0 0 1 6.46344
0 0 0 0 1 6.42252
0 0 0 0 1 6.51676
0 0 0 0 1 6.48873
0 0 0 0 1 6.49966
0 0 0 0 1 6.53026
0 0 0 0 1 6.50133
0 0 0 0 1 6.52485
0 0 0 0 1 6.64163
0 0 0 0 1 6.56639
0 0 0 0 1 6.67014
0 0 0 0 1 6.62778
0 0 0 0 1 6.64599
0 0 0 0 0 6.75153
0 0 0 0 1 6.709
0 0 0 0 1 6.75402
0 0 0 0 1 6.77219
0 0 0 0 1 6.80408
0 0 0 0 1 6.85666
0 0 0 0 0 6.88901
0 0 0 0 1 6.87333
0 0 0 0 1 6.8644
0 0 0 0 1 6.95986
0 0 0 0 1 6.90239
0 0 0 0 1 6.92823
0 0 0 0 1 6.98925
0 0 0 0 1 7.07882
0 0 0 0 1 7.07674
0 0 0 0 1 7.16723
0 0 0 0 1 7.05888
0 0 0 0 1 7.21419
0 0 0 0 1 7.19834
0 0 0 0 1 7.14627
0 0 0 0 1 7.31031
0 0 0 0 1 7.33068
0 0 0 0 0 7.37265
0 0 0 0 1 7.29064
0 0 0 0 1 7.33988
0 0 0 0 1 7.39762
0 0 0 0 1 7.35848
0 0 0 0 1 7.44551
0 0 0 0 1 7.44378
0 0 0 0 1 7.44898
0 0 0 0 1 7.61265
0 0 0 0 1 7.59559
0 0 0 0 0 7.60911
0 0 0 0 1 7.64512
0 0 0 0 1 7.71974
0 0 0 0 0 7.65582
0 0 0 0 1 7.77739
0 0 0 0 1 7.83752
0 0 0 0 1 7.83579
0 0 0 0 1 7.88849
0 0 0 0 1 7.84612
0 0 0 0 1 7.96253
0 0 0 0 0 8.03147
0 0 0 0 1 8.08526
0 0 0 0 1 7.99413
0 0 0 0 1 8.17749
0 0 0 0 1 8.0849
0 0 0 0 1 8.13907
0 0 0 0 1 8.15998
0 0 0 0 0 8.305
0 0 0 0 1 8.29373
0 0 0 0 1 8.44873
0 0 0 0 0 8.42846
0 0 0 0 1 8.54296
0 0 0 0 0 8.58182
0 0 0 0 0 8.63786
0 0 0 0 0 8.54013
0 0 0 0 0 8.6736
0 0 0 0 1 8.64232
0 0 0 0 1 8.67224
0 0 0 0 1 8.842
0 0 0 0 1 8.80266
0 0 0 0 1 8.88529
0 0 0 0 1 8.96846
0 0 0 0 1 9.03414
0 0 0 0 1 9.11825
0 0 0 0 1 9.09443
0 0 0 0 1 9.18808
0 0 0 0 1 9.26392
0 0 0 0 1 9.22874
0 0 0 0 0 9.25915
0 0 0 0 1 9.40924
0 0 0 0 1 9.55236
0 0 0 0 1 9.60992
0 0 0 0 1 9.66756
0 0 0 0 0 9.63965
0 0 0 0 1 9.75517
0 0 0 0 1 9.69545
0 0 0 0 1 9.90015
0 0 0 0 1 9.8902
0 0 0 0 1 10.0362
0 0 0 0 1 10.024
0 0 0 0 1 10.141
0 0 0 0 1 10.2195
0 0 0 0 1 10.2351
0 0 0 0 1 10.4259
0 0 0 0 1 10.4015
0 0 0 0 1 10.458
0 0 0 0 1 10.472
0 0 0 0 1 10.7392
0 0 0 0 0 10.7642
0 0 0 0 1 10.9274
0 0 0 0 1 9.26867
0 0 0 0 0 9.35602
0 0 0 0 1 9.23483
0 0 0 0 1 9.19266
0 0 0 0 1 9.28455
0 0 0 0 1 9.2886
0 0 0 0 1 9.11384
0 0 0 0 0 9.16425
0 0 0 0 1 9.12772
0 0 0 0 1 9.12337
0 0 0 0 1 9.06904
0 0 0 0 1 9.16486
0 0 0 0 0 9.11991
0 0 0 0 1 9.09329
0 0 0 0 1 9.07153
0 0 0 0 0 8.91029
0 0 0 0 1 8.90724
0 0 0 0 1 8.90849
0 0 0 0 0 8.89192
0 0 0 0 0 8.94694
0 0 0 0 1 8.97101
0 0 0 0 1 8.94582
0 0 0 0 1 8.9297
0 0 0 0 1 8.82512
0 0 0 0 1 8.89791
0 0 0 0 1 8.77245
0 0 0 0 1 8.87169
0 0 0 0 1 8.76842
0 0 0 0 1 8.71827
0 0 0 0 1 8.83494
0 0 0 0 1 8.83757
0 0 0 0 1 8.69692
0 0 0 0 1 8.74361
0 0 0 0 0 8.6597
0 0 0 0 1 8.70652
0 0 0 0 1 8.70993
0 0 0 0 1 8.71345
0 0 0 0 1 8.71707
0 0 0 0 1 8.6172
0 0 0 0 1 8.6988
0 0 0 0 1 8.67698
0 0 0 0 1 8.55221
0 0 0 0 1 8.59101
0 0 0 0 0 8.58697
0 0 0 0 1 8.60019
0 0 0 0 1 8.50242
0 0 0 0 1 8.51046
0 0 0 0 1 8.57526
0 0 0 0 0 8.66131
0 0 0 0 1 8.72604
0 0 0 0 1 8.77155
0 0 0 0 0 9.02151
0 0 0 0 1 9.12056
0 0 0 0 1 9.28373
0 0 0 0 1 9.40075
0 0 0 0 1 9.45996
0 0 0 0 1 9.67136
0 0 0 0 1 9.7961
0 0 0 0 1 10.0999
0 0 0 0 1 10.2554
0 0 0 0 1 10.2862
0 0 0 0 0 10.5845
0 0 0 0 1 10.8019
0 0 0 0 1 10.9637
0 0 0 0 1 11.0794
0 0 0 0 1 11.3835
0 0 0 0 1 11.6199
0 0 0 0 1 11.7487
0 0 0 0 1 11.9698
0 0 0 0 1 12.4317
0 0 0 0 1 12.636
0 0 0 0 1 12.899
0 0 0 0 1 22.91
0 0 0 0 1 22.5958
0 0 0 0 1 22.8706
0 0 0 0 1 22.7617
0 0 0 0 1 22.88
0 0 0 0 1 22.7722
0 0 0 0 0 22.8232
0 0 0 0 1 22.5582
0 0 0 0 0 22.4746
0 0 0 0 1 22.7301
0 0 0 0 1 22.4895
0 0 0 0 1 22.7455
0 0 0 0 0 22.3496
0 0 0 0 1 22.5387
0 0 0 0 1 22.4579
0 0 0 0 1 22.6025
0 0 0 0 1 22.6799
0 0 0 0 1 22.5555
0 0 0 0 1 23.246
0 0 0 0 0 24.2444
0 0 0 0 1 25.0176
0 0 0 0 1 26.1336
0 0 0 0 1 36.7454
0 0 0 0 1 36.5846
0 0 0 0 1 36.4975
0 0 0 0 1 36.7021
0 0 0 0 1 36.6109
0 0 0 0 1 38.6804
0 0 0 0 1 51.9105
0 0 0 0 0 52.3635
0 0 0 0 1 51.5169
0 0 0 0 1 51.8676
0 0 0 0 1 52.3753
0 0 0 0 1 56.6671
0 0 0 0 1 65.9862
0 0 0 0 1 69.3156
0 0 0 0 1 82.1372
0 0 0 0 0 5.01501
0 0 0 0 0 5.03004
0 0 0 0 0 5.04507
0 0 0 0 0 4.99998
0 0 0 0 0 4.99497
0 0 0 0 0 5.03505
0 0 0 0 0 4.99497
0 0 0 0 0 5.03505
0 0 0 0 0 4.97493
0 0 0 0 0 5.03505
0 0 0 0 0 5.05008
0 0 0 0 0 4.96491
0 0 0 0 1 88.2916
0 0 0 0 1 87.3371
0 0 0 0 0 75.5206
0 0 0 0 0 64.222
0 0 0 0 1 61.0712
0 0 0 0 1 59.9322
0 0 0 0 1 60.4284
0 0 0 0 1 51.6223
0 0 0 0 1 47.6512
0 0 0 0 1 47.9035
0 0 0 0 1 39.2349
0 0 0 0 1 36.7093
0 0 0 0 1 35.4895
0 0 0 0 0 36.0368
0 0 0 0 1 35.7635
0 0 0 0 0 35.5629
0 0 0 0 1 27.7971
0 0 0 0 1 26.7767
0 0 0 0 1 25.7673
0 0 0 0 0 24.4668
0 0 0 0 1 24.4785
0 0 0 0 1 24.7863
0 0 0 0 1 24.7239
0 0 0 0 1 24.9098
0 0 0 0 1 24.5534
0 0 0 0 1 24.5674
0 0 0 0 0 24.8784
0 0 0 0 1 24.943
0 0 0 0 1 24.7099
0 0 0 0 1 18.2545
0 0 0 0 1 17.5266
0 0 0 0 1 17.0198
0 0 0 0 1 16.5939
0 0 0 0 1 16.3099
0 0 0 0 1 15.9113
0 0 0 0 0 15.5009
0 0 0 0 1 15.2573
0 0 0 0 1 14.6687
0 0 0 0 1 14.2788
0 0 0 0 1 14.0567
0 0 0 0 1 13.8731
0 0 0 0 1 13.9127
0 0 0 0 1 14.05
0 0 0 0 1 13.9789
0 0 0 0 1 13.7965
0 0 0 0 0 13.9787
0 0 0 0 1 14.0477
0 0 0 0 1 13.8515
0 0 0 0 1 13.9209
0 0 0 0 1 13.867
0 0 0 0 1 13.881
0 0 0 0 1 14.0075
0 0 0 0 1 14.1766
0 0 0 0 1 14.166
0 0 0 0 1 14.0404
0 0 0 0 1 14.1685
0 0 0 0 1 14.0033
0 0 0 0 1 14.0473
0 0 0 0 0 14.1058
0 0 0 0 1 14.2665
0 0 0 0 1 14.1273
0 0 0 0 1 14.0759
0 0 0 0 1 14.1782
0 0 0 0 0 14.1414
0 0 0 0 1 14.273
0 0 0 0 0 14.3653
0 0 0 0 0 14.212
0 0 0 0 0 14.3908
0 0 0 0 1 14.4096
0 0 0 0 1 8.80827
0 0 0 0 1 8.79933
0 0 0 0 1 8.60726
0 0 0 0 1 8.52871
0 0 0 0 1 8.40774
0 0 0 0 1 8.20447
0 0 0 0 0 8.23426
0 0 0 0 1 8.1709
0 0 0 0 1 8.07622
0 0 0 0 0 7.94218
0 0 0 0 1 7.89675
0 0 0 0 1 7.69438
0 0 0 0 1 7.63383
0 0 0 0 1 7.61827
0 0 0 0 0 7.54155
0 0 0 0 0 7.33357
0 0 0 0 1 7.30962
0 0 0 0 1 7.25034
0 0 0 0 1 7.19806
0 0 0 0 1 7.15966
0 0 0 0 0 6.96619
0 0 0 0 1 7.02781
0 0 0 0 1 6.82998
0 0 0 0 1 6.84846
0 0 0 0 0 6.71686
0 0 0 0 1 6.64021
0 0 0 0 1 6.59709
0 0 0 0 0 6.51432
0 0 0 0 1 6.43857
0 0 0 0 0 6.39791
0 0 0 0 1 6.444
0 0 0 0 1 6.33898
0 0 0 0 1 6.22238
0 0 0 0 1 6.23769
0 0 0 0 1 6.19022
0 0 0 0 0 6.08159
0 0 0 0 0 6.04075
0 0 0 0 1 5.97254
0 0 0 0 1 6.02136
0 0 0 0 1 5.86431
0 0 0 0 0 5.86487
0 0 0 0 1 5.79771
0 0 0 0 1 5.82931
0 0 0 0 1 5.68769
0 0 0 0 1 5.63586
0 0 0 0 1 5.60972
0 0 0 0 1 5.64502
0 0 0 0 0 5.52666
0 0 0 0 0 5.49485
0 0 0 0 1 5.5123
0 0 0 0 1 5.40389
0 0 0 0 1 5.36985
0 0 0 0 1 5.38956
0 0 0 0 1 5.33082
0 0 0 0 1 5.2968
0 0 0 0 1 5.20716
0 0 0 0 1 5.19972
0 0 0 0 1 5.1713
0 0 0 0 1 5.13775
0 0 0 0 1 5.09918
0 0 0 0 1 5.09305
0 0 0 0 1 5.02938
0 0 0 0 1 5.00952
0 0 0 0 1 4.94155
0 0 0 0 1 4.90879
0 0 0 0 1 4.92036
0 0 0 0 1 4.89727
0 0 0 0 1 4.8435
0 0 0 0 1 4.86405
0 0 0 0 1 4.84389
0 0 0 0 1 4.86531
0 0 0 0 1 4.82981
0 0 0 0 0 4.85726
0 0 0 0 0 4.84966
0 0 0 0 0 4.93603
0 0 0 0 1 4.95919
0 0 0 0 1 4.92337
0 0 0 0 1 4.91579
0 0 0 0 1 4.98369
0 0 0 0 1 5.0222
0 0 0 0 1 4.97982
0 0 0 0 0 4.95841
0 0 0 0 0 4.97702
0 0 0 0 1 5.08153
0 0 0 0 1 5.07029
0 0 0 0 1 5.05384
0 0 0 0 1 5.06785
0 0 0 0 1 5.07168
0 0 0 0 1 5.0999
0 0 0 0 1 5.20175
0 0 0 0 1 5.16978
0 0 0 0 1 5.22583
0 0 0 0 1 5.1936
0 0 0 0 0 5.19248
0 0 0 0 1 5.28588
0 0 0 0 1 5.24807
0 0 0 0 1 5.25896
0 0 0 0 1 5.34828
0 0 0 0 1 5.35275
0 0 0 0 1 5.31429
0 0 0 0 1 5.35083
0 0 0 0 1 5.37824
0 0 0 0 1 5.47493
0 0 0 0 0 5.43054
0 0 0 0 1 5.52803
0 0 0 0 1 5.51237
0 0 0 0 1 5.55012
0 0 0 0 0 5.58413
0 0 0 0 1 5.58888
0 0 0 0 1 5.60633
0 0 0 0 1 5.57727
0 0 0 0 0 5.67932
0 0 0 0 1 5.65574
0 0 0 0 0 5.679
0 0 0 0 0 5.74085
0 0 0 0 1 5.7472
0 0 0 0 1 5.75345
0 0 0 0 1 5.8177
0 0 0 0 1 5.78162
0 0 0 0 1 5.82283
0 0 0 0 1 5.87017
0 0 0 0 1 5.91188
0 0 0 0 1 5.98956
0 0 0 0 1 5.97808
0 0 0 0 1 5.96628
0 0 0 0 1 6.03276
0 0 0 0 0 6.02681
0 0 0 0 0 6.06944
0 0 0 0 1 6.14913
0 0 0 0 1 6.2187
0 0 0 0 1 9.43337
0 0 0 0 0 9.40548
0 0 0 0 1 9.50679
0 0 0 0 1 9.40017
0 0 0 0 0 9.39131
0 0 0 0 1 9.36991
0 0 0 0 0 9.22744
0 0 0 0 1 9.3614
0 0 0 0 0 9.34339
0 0 0 0 1 9.23924
0 0 0 0 0 9.17254
0 0 0 0 1 9.20712
0 0 0 0 1 9.05866
0 0 0 0 1 9.1207
0 0 0 0 0 9.12784
0 0 0 0 1 9.09872
0 0 0 0 1 9.01564
0 0 0 0 1 8.99276
0 0 0 0 1 8.96433
0 0 0 0 0 8.88802
0 0 0 0 1 8.93148
0 0 0 0 1 8.87685
0 0 0 0 1 8.80484
0 0 0 0 1 8.78634
0 0 0 0 1 8.72932
0 0 0 0 0 8.73758
0 0 0 0 1 8.702
0 0 0 0 1 8.65978
0 0 0 0 1 8.677
0 0 0 0 1 8.61244
0 0 0 0 1 8.68183
0 0 0 0 1 8.63498
0 0 0 0 1 8.67815
0 0 0 0 1 8.58861
0 0 0 0 1 8.64895
0 0 0 0 1 8.63709
0 0 0 0 1 8.59467
0 0 0 0 0 8.5235
0 0 0 0 1 8.54616
0 0 0 0 1 8.42468
0 0 0 0 1 8.48984
0 0 0 0 1 8.36072
0 0 0 0 1 8.37899
0 0 0 0 1 8.43557
0 0 0 0 1 8.34121
0 0 0 0 1 8.31418
0 0 0 0 1 8.32069
0 0 0 0 1 8.38917
0 0 0 0 1 8.2629
0 0 0 0 1 8.28626
0 0 0 0 0 8.22319
0 0 0 0 1 8.16421
0 0 0 0 1 8.26192
0 0 0 0 1 8.27718
0 0 0 0 1 8.13677
0 0 0 0 0 8.16875
0 0 0 0 1 8.20884
0 0 0 0 1 8.22443
0 0 0 0 1 8.09378
0 0 0 0 1 8.14217
0 0 0 0 1 8.14999
0 0 0 0 0 8.08519
0 0 0 0 1 8.0288
0 0 0 0 1 8.06521
0 0 0 0 1 8.11368
0 0 0 0 1 8.07387
0 0 0 0 1 7.93829
0 0 0 0 0 7.94712
0 0 0 0 1 8.02357
0 0 0 0 1 7.88911
0 0 0 0 0 8.0016
0 0 0 0 1 7.99481
0 0 0 0 1 7.90109
0 0 0 0 1 7.89831
0 0 0 0 1 7.94733
0 0 0 0 1 7.94116
0 0 0 0 0 7.80485
0 0 0 0 1 7.89683
0 0 0 0 1 7.8362
0 0 0 0 1 7.81506
0 0 0 0 1 7.75504
0 0 0 0 1 7.77662
0 0 0 0 1 7.87298
0 0 0 0 1 7.79018
0 0 0 0 1 7.82745
0 0 0 0 1 7.77626
0 0 0 0 1 7.68186
