0 0 0 0 1 5.59727
0 0 0 0 1 5.59534
0 0 0 0 1 5.5323
0 0 0 0 0 5.53294
0 0 0 0 1 5.57028
0 0 0 0 1 5.54635
0 0 0 0 1 5.63908
0 0 0 0 1 5.58174
0 0 0 0 1 5.65007
0 0 0 0 1 5.63773
0 0 0 0 1 5.65923
0 0 0 0 1 5.61886
0 0 0 0 1 5.67665
0 0 0 0 0 5.66465
0 0 0 0 1 5.64137
0 0 0 0 1 5.71668
0 0 0 0 0 5.69359
0 0 0 0 1 5.6534
0 0 0 0 1 5.6988
0 0 0 0 1 5.75399
0 0 0 0 1 5.75975
0 0 0 0 1 5.77136
0 0 0 0 0 5.80035
0 0 0 0 1 5.80651
0 0 0 0 1 5.79144
0 0 0 0 1 5.79196
0 0 0 0 0 5.80993
0 0 0 0 1 5.77582
0 0 0 0 1 5.85798
0 0 0 0 1 5.84146
0 0 0 0 1 5.81326
0 0 0 0 0 5.8861
0 0 0 0 1 5.91816
0 0 0 0 1 5.89602
0 0 0 0 0 5.85619
0 0 0 0 1 5.88703
0 0 0 0 1 5.87078
0 0 0 0 1 5.88414
0 0 0 0 1 5.89763
0 0 0 0 1 5.97671
0 0 0 0 1 5.96075
0 0 0 0 1 6.00457
0 0 0 0 0 5.94209
0 0 0 0 0 6.04617
0 0 0 0 1 6.02441
0 0 0 0 1 6.08101
0 0 0 0 1 6.1126
0 0 0 0 1 6.04851
0 0 0 0 1 6.06929
0 0 0 0 1 6.14508
0 0 0 0 1 6.09905
0 0 0 0 1 6.17536
0 0 0 0 1 6.16506
0 0 0 0 1 6.18146
0 0 0 0 1 6.15989
0 0 0 0 1 6.20631
0 0 0 0 1 6.22197
0 0 0 0 1 6.2368
0 0 0 0 0 6.30261
0 0 0 0 1 6.19987
0 0 0 0 1 6.30901
0 0 0 0 0 6.23718
0 0 0 0 1 6.34799
0 0 0 0 0 6.28225
0 0 0 0 1 6.31766
0 0 0 0 1 6.32064
0 0 0 0 1 6.36916
0 0 0 0 0 6.44922
0 0 0 0 0 6.43419
0 0 0 0 1 6.50855
0 0 0 0 1 6.50651
0 0 0 0 1 6.4973
0 0 0 0 1 6.43671
0 0 0 0 1 6.45403
0 0 0 0 0 6.47796
0 0 0 0 0 6.49477
0 0 0 0 1 6.64995
0 0 0 0 1 6.53599
0 0 0 0 1 6.65915
0 0 0 0 1 6.61694
0 0 0 0 1 6.66783
0 0 0 0 0 6.71292
0 0 0 0 1 6.72468
0 0 0 0 1 6.6888
0 0 0 0 1 6.71346
0 0 0 0 0 6.79255
0 0 0 0 1 6.79046
0 0 0 0 0 6.89084
0 0 0 0 0 6.90273
0 0 0 0 1 6.94909
0 0 0 0 0 6.87822
0 0 0 0 1 6.86281
0 0 0 0 1 6.98589
0 0 0 0 1 6.95617
0 0 0 0 1 6.99626
0 0 0 0 1 7.09993
0 0 0 0 1 7.11916
0 0 0 0 1 7.08917
0 0 0 0 1 7.17285
0 0 0 0 0 7.19989
0 0 0 0 1 7.18399
0 0 0 0 1 7.15347
0 0 0 0 1 7.2886
0 0 0 0 1 7.20717
0 0 0 0 0 7.27776
0 0 0 0 1 7.26866
0 0 0 0 1 7.33252
0 0 0 0 1 7.40501
0 0 0 0 1 7.44008
0 0 0 0 1 7.52749
0 0 0 0 0 7.48867
0 0 0 0 1 7.47153
0 0 0 0 0 7.53713
0 0 0 0 0 7.51971
0 0 0 0 1 7.58626
0 0 0 0 1 7.59921
0 0 0 0 1 7.7505
0 0 0 0 0 7.7408
0 0 0 0 1 7.79291
0 0 0 0 1 7.84532
0 0 0 0 0 7.84362
0 0 0 0 1 7.93567
0 0 0 0 1 7.86194
0 0 0 0 1 7.87511
0 0 0 0 1 7.9995
0 0 0 0 1 8.07723
0 0 0 0 0 8.0506
0 0 0 0 1 8.16938
0 0 0 0 1 8.20715
0 0 0 0 1 8.16363
0 0 0 0 1 8.27526
0 0 0 0 1 8.32156
0 0 0 0 1 8.38523
0 0 0 0 1 8.39854
0 0 0 0 1 8.49576
0 0 0 0 0 8.5345
0 0 0 0 1 8.49677
0 0 0 0 1 8.62931
0 0 0 0 1 8.66901
0 0 0 0 1 8.72543
0 0 0 0 1 8.65971
0 0 0 0 1 8.69847
0 0 0 0 0 8.88599
0 0 0 0 1 8.90872
0 0 0 0 0 8.88529
0 0 0 0 0 8.86105
0 0 0 0 1 9.03414
0 0 0 0 1 9.14544
0 0 0 0 1 9.16733
0 0 0 0 1 9.07805
0 0 0 0 0 9.30083
0 0 0 0 1 9.26588
0 0 0 0 1 9.42716
0 0 0 0 0 9.32464
0 0 0 0 1 9.41995
0 0 0 0 1 9.48611
0 0 0 0 1 9.51411
0 0 0 0 1 9.63965
0 0 0 0 1 9.81347
0 0 0 0 0 9.73459
0 0 0 0 1 9.82135
0 0 0 0 1 9.91993
0 0 0 0 1 9.93631
0 0 0 0 0 10.0341
0 0 0 0 0 10.2017
0 0 0 0 1 10.1175
0 0 0 0 1 10.2454
0 0 0 0 1 10.2913
0 0 0 0 1 10.4848
0 0 0 0 0 10.5945
0 0 0 0 0 10.6518
0 0 0 0 1 10.7178
0 0 0 0 1 10.8072
0 0 0 0 1 10.8624
0 0 0 0 1 9.39895
0 0 0 0 1 9.27249
0 0 0 0 1 9.2163
0 0 0 0 1 9.28505
0 0 0 0 1 9.13703
0 0 0 0 1 9.22422
0 0 0 0 1 9.25151
0 0 0 0 1 9.1734
0 0 0 0 1 9.20995
0 0 0 0 1 9.17805
0 0 0 0 0 9.05085
0 0 0 0 1 8.99246
0 0 0 0 0 9.0384
0 0 0 0 1 8.96674
0 0 0 0 1 9.06251
0 0 0 0 1 9.08129
0 0 0 0 1 8.94315
0 0 0 0 1 8.89952
0 0 0 0 1 9.01716
0 0 0 0 1 9.01837
0 0 0 0 1 8.82847
0 0 0 0 1 8.81244
0 0 0 0 1 8.88532
0 0 0 0 1 8.90487
0 0 0 0 1 8.85369
0 0 0 0 1 8.84305
0 0 0 0 1 8.74835
0 0 0 0 1 8.86516
0 0 0 0 1 8.71827
0 0 0 0 1 8.79988
0 0 0 0 1 8.82882
0 0 0 0 0 8.75805
0 0 0 0 1 8.78719
0 0 0 0 1 8.79025
0 0 0 0 1 8.65439
0 0 0 0 1 8.75331
0 0 0 0 1 8.73943
0 0 0 0 1 8.66519
0 0 0 0 1 8.6431
0 0 0 0 1 8.60396
0 0 0 0 1 8.57368
0 0 0 0 1 8.61238
0 0 0 0 1 8.54809
0 0 0 0 1 8.62125
0 0 0 0 0 8.54885
0 0 0 0 1 8.46824
0 0 0 0 0 8.57021
0 0 0 0 1 8.49002
0 0 0 0 0 8.60985
0 0 0 0 0 8.65644
0 0 0 0 1 8.87744
0 0 0 0 1 8.91401
0 0 0 0 1 9.12965
0 0 0 0 1 9.24678
0 0 0 0 1 9.4289
0 0 0 0 1 9.48857
0 0 0 0 1 9.70041
0 0 0 0 1 9.80595
0 0 0 0 0 9.98979
0 0 0 0 0 10.0823
0 0 0 0 1 10.4105
0 0 0 0 1 10.6056
0 0 0 0 1 10.7482
0 0 0 0 0 10.9637
0 0 0 0 1 11.1574
0 0 0 0 1 11.4744
0 0 0 0 1 11.4809
0 0 0 0 1 11.9378
0 0 0 0 0 11.9939
0 0 0 0 1 12.2717
0 0 0 0 1 12.4599
0 0 0 0 1 12.7962
0 0 0 0 1 22.9328
0 0 0 0 1 22.6866
0 0 0 0 1 22.5302
0 0 0 0 0 22.8524
0 0 0 0 1 22.5855
0 0 0 0 1 22.7495
0 0 0 0 0 22.8459
0 0 0 0 1 22.626
0 0 0 0 0 22.7231
0 0 0 0 0 22.4141
0 0 0 0 1 22.4895
0 0 0 0 1 22.4073
0 0 0 0 1 22.3496
0 0 0 0 1 22.6287
0 0 0 0 1 22.5704
0 0 0 0 1 22.4226
0 0 0 0 1 22.7024
0 0 0 0 1 22.2859
0 0 0 0 1 23.3852
0 0 0 0 1 24.2444
0 0 0 0 1 25.2185
0 0 0 0 1 26.0026
0 0 0 0 1 36.709
0 0 0 0 1 36.6574
0 0 0 0 1 36.4611
0 0 0 0 0 36.4475
0 0 0 0 1 36.4653
0 0 0 0 1 38.141
0 0 0 0 0 51.7543
0 0 0 0 1 51.843
0 0 0 0 1 52.0893
0 0 0 0 1 51.8676
0 0 0 0 1 52.2192
0 0 0 0 1 56.2724
0 0 0 0 1 65.6589
0 0 0 0 1 69.0369
0 0 0 0 1 82.3009
0 0 0 0 0 5.03505
0 0 0 0 0 4.97994
0 0 0 0 0 4.99998
0 0 0 0 0 4.98495
0 0 0 0 0 4.97994
0 0 0 0 0 5.05008
0 0 0 0 0 4.96992
0 0 0 0 0 5.02503
0 0 0 0 0 5.05008
0 0 0 0 0 5.02002
0 0 0 0 0 5.05509
0 0 0 0 0 4.9599
0 0 0 0 1 87.766
0 0 0 0 1 86.8115
0 0 0 0 1 75.5206
0 0 0 0 1 63.6474
0 0 0 0 1 60.0422
0 0 0 0 0 60.4165
0 0 0 0 1 60.4284
0 0 0 0 1 51.6223
0 0 0 0 1 47.7952
0 0 0 0 1 47.7595
0 0 0 0 1 39.5491
0 0 0 0 1 36.8934
0 0 0 0 1 35.7392
0 0 0 0 1 35.9298
0 0 0 0 1 35.478
0 0 0 0 1 35.3486
0 0 0 0 1 28.1902
0 0 0 0 1 26.8571
0 0 0 0 1 25.8442
0 0 0 0 1 24.6638
0 0 0 0 0 24.4293
0 0 0 0 1 24.737
0 0 0 0 1 24.4282
0 0 0 0 0 24.5152
0 0 0 0 1 24.8742
0 0 0 0 1 24.6662
0 0 0 0 1 24.6066
0 0 0 0 1 24.8936
0 0 0 0 1 24.7099
0 0 0 0 1 18.2363
0 0 0 0 1 17.7565
0 0 0 0 1 17.0542
0 0 0 0 1 16.6608
0 0 0 0 1 16.3913
0 0 0 0 1 15.9907
0 0 0 0 1 15.6093
0 0 0 0 1 15.1514
0 0 0 0 1 14.9048
0 0 0 0 1 14.3654
0 0 0 0 0 14.2259
0 0 0 0 1 13.7481
0 0 0 0 1 13.9822
0 0 0 0 1 13.9944
0 0 0 0 1 13.8815
0 0 0 0 0 13.8661
0 0 0 0 1 14.0485
0 0 0 0 1 13.8243
0 0 0 0 1 13.8515
0 0 0 0 0 14.1028
0 0 0 0 1 13.993
0 0 0 0 1 14.0632
0 0 0 0 0 13.9934
0 0 0 0 0 14.1064
0 0 0 0 1 14.0112
0 0 0 0 1 13.9418
0 0 0 0 0 13.957
0 0 0 0 1 13.9751
0 0 0 0 1 14.118
0 0 0 0 1 14.2049
0 0 0 0 0 14.2807
0 0 0 0 0 14.0705
0 0 0 0 1 14.1185
0 0 0 0 1 14.2351
0 0 0 0 1 14.3551
0 0 0 0 1 14.1162
0 0 0 0 1 14.3511
0 0 0 0 0 14.3407
0 0 0 0 1 14.4195
0 0 0 0 1 14.2232
0 0 0 0 1 8.75531
0 0 0 0 1 8.76448
0 0 0 0 1 8.53847
0 0 0 0 1 8.40978
0 0 0 0 1 8.44969
0 0 0 0 1 8.35364
0 0 0 0 1 8.21787
0 0 0 0 1 8.13045
0 0 0 0 1 8.04423
0 0 0 0 1 7.85525
0 0 0 0 1 7.8342
0 0 0 0 1 7.68666
0 0 0 0 1 7.56506
0 0 0 0 1 7.48978
0 0 0 0 1 7.42196
0 0 0 0 0 7.39277
0 0 0 0 0 7.28767
0 0 0 0 1 7.22136
0 0 0 0 0 7.11919
0 0 0 0 1 7.14547
0 0 0 0 1 6.98725
0 0 0 0 1 6.8956
0 0 0 0 1 6.95391
0 0 0 0 1 6.88256
0 0 0 0 1 6.74389
0 0 0 0 1 6.66029
0 0 0 0 1 6.68991
0 0 0 0 1 6.51432
0 0 0 0 0 6.47759
0 0 0 0 0 6.38501
0 0 0 0 1 6.33542
0 0 0 0 1 6.28832
0 0 0 0 1 6.31028
0 0 0 0 0 6.27504
0 0 0 0 1 6.1964
0 0 0 0 1 6.14889
0 0 0 0 1 6.00436
0 0 0 0 1 6.06887
0 0 0 0 0 6.0154
0 0 0 0 1 5.89985
0 0 0 0 1 5.88835
0 0 0 0 1 5.86763
0 0 0 0 0 5.77148
0 0 0 0 1 5.78526
0 0 0 0 1 5.66999
0 0 0 0 1 5.68309
0 0 0 0 1 5.55542
0 0 0 0 1 5.59345
0 0 0 0 0 5.47828
0 0 0 0 1 5.52326
0 0 0 0 1 5.39301
0 0 0 0 1 5.38065
0 0 0 0 1 5.39493
0 0 0 0 1 5.27224
0 0 0 0 1 5.33384
0 0 0 0 1 5.2649
0 0 0 0 1 5.21015
0 0 0 0 1 5.19202
0 0 0 0 1 5.12746
0 0 0 0 0 5.11964
0 0 0 0 1 5.06262
0 0 0 0 1 4.99914
0 0 0 0 0 4.96941
0 0 0 0 1 5.01628
0 0 0 0 0 4.93353
0 0 0 0 1 4.88595
0 0 0 0 1 4.93145
0 0 0 0 1 4.82407
0 0 0 0 1 4.83992
0 0 0 0 1 4.8487
0 0 0 0 1 4.80256
0 0 0 0 1 4.88795
0 0 0 0 1 4.90102
0 0 0 0 1 4.88378
0 0 0 0 1 4.84308
0 0 0 0 1 4.93955
0 0 0 0 0 4.93815
0 0 0 0 1 4.95532
0 0 0 0 1 4.96385
0 0 0 0 0 4.99731
0 0 0 0 1 4.96984
0 0 0 0 0 4.98846
0 0 0 0 0 5.04238
0 0 0 0 0 5.02602
0 0 0 0 0 5.03483
0 0 0 0 0 5.13011
0 0 0 0 1 5.08827
0 0 0 0 1 5.16902
0 0 0 0 0 5.18721
0 0 0 0 1 5.10896
0 0 0 0 1 5.20601
0 0 0 0 0 5.21544
0 0 0 0 1 5.22489
0 0 0 0 1 5.19772
0 0 0 0 1 5.30164
0 0 0 0 1 5.23224
0 0 0 0 1 5.28016
0 0 0 0 1 5.29506
0 0 0 0 1 5.37946
0 0 0 0 1 5.34111
0 0 0 0 1 5.43696
0 0 0 0 0 5.38365
0 0 0 0 1 5.46407
0 0 0 0 1 5.46325
0 0 0 0 0 5.43499
0 0 0 0 1 5.54537
0 0 0 0 1 5.48937
0 0 0 0 1 5.54528
0 0 0 0 1 5.53873
0 0 0 0 0 5.60633
0 0 0 0 0 5.60538
0 0 0 0 1 5.62846
0 0 0 0 1 5.71814
0 0 0 0 1 5.71891
0 0 0 0 1 5.76947
0 0 0 0 1 5.77597
0 0 0 0 1 5.73032
0 0 0 0 0 5.77121
0 0 0 0 0 5.81079
0 0 0 0 1 5.84628
0 0 0 0 1 5.87606
0 0 0 0 1 5.9415
0 0 0 0 1 5.92407
0 0 0 0 0 5.92422
0 0 0 0 1 6.06853
0 0 0 0 1 6.1053
0 0 0 0 0 6.08756
0 0 0 0 1 6.14272
0 0 0 0 0 6.18595
0 0 0 0 1 6.20018
0 0 0 0 1 9.60471
0 0 0 0 0 9.52874
0 0 0 0 1 9.47844
0 0 0 0 1 9.43785
0 0 0 0 1 9.42883
0 0 0 0 1 9.43536
0 0 0 0 1 9.28337
0 0 0 0 1 9.26844
0 0 0 0 1 9.34339
0 0 0 0 1 9.31308
0 0 0 0 0 9.21854
0 0 0 0 0 9.19795
0 0 0 0 1 9.15007
0 0 0 0 1 9.2027
0 0 0 0 1 9.17325
0 0 0 0 0 9.11683
0 0 0 0 1 9.01564
0 0 0 0 1 8.92975
0 0 0 0 1 9.02714
0 0 0 0 1 9.04018
0 0 0 0 1 8.90472
0 0 0 0 1 8.82348
0 0 0 0 0 8.95558
0 0 0 0 1 8.83054
0 0 0 0 1 8.86158
0 0 0 0 0 8.86064
0 0 0 0 1 8.78963
0 0 0 0 1 8.71227
0 0 0 0 1 8.69445
0 0 0 0 1 8.70814
0 0 0 0 1 8.62979
0 0 0 0 1 8.61768
0 0 0 0 1 8.71265
0 0 0 0 1 8.67467
0 0 0 0 1 8.65753
0 0 0 0 0 8.48301
0 0 0 0 1 8.46665
0 0 0 0 1 8.59162
0 0 0 0 1 8.55465
0 0 0 0 0 8.39925
0 0 0 0 1 8.39682
0 0 0 0 1 8.48727
0 0 0 0 1 8.3874
0 0 0 0 1 8.35163
0 0 0 0 1 8.29933
0 0 0 0 1 8.41445
0 0 0 0 1 8.29568
0 0 0 0 1 8.34759
0 0 0 0 0 8.32097
0 0 0 0 1 8.33593
0 0 0 0 0 8.20666
0 0 0 0 1 8.27966
0 0 0 0 0 8.28661
0 0 0 0 1 8.25254
0 0 0 0 0 8.21051
0 0 0 0 1 8.11151
0 0 0 0 0 8.10276
0 0 0 0 1 8.20815
0 0 0 0 1 8.15879
0 0 0 0 1 8.19083
0 0 0 0 1 8.02859
0 0 0 0 1 8.10942
0 0 0 0 1 8.05299
0 0 0 0 1 7.97667
0 0 0 0 1 8.00121
0 0 0 0 1 8.06585
0 0 0 0 0 8.04232
0 0 0 0 1 7.91517
0 0 0 0 1 7.91989
0 0 0 0 0 8.00056
0 0 0 0 1 7.96187
0 0 0 0 1 7.8917
0 0 0 0 1 7.92484
0 0 0 0 1 7.92203
0 0 0 0 1 7.86052
0 0 0 0 1 7.82299
0 0 0 0 1 7.85992
0 0 0 0 0 7.79468
0 0 0 0 1 7.88326
0 0 0 0 1 7.86988
0 0 0 0 1 7.78631
0 0 0 0 1 7.77662
0 0 0 0 1 7.75606
0 0 0 0 1 7.82909
0 0 0 0 1 7.73418
0 0 0 0 1 7.73745
0 0 0 0 1 7.68961
