0 0 0 0 1 5.54179
0 0 0 0 1 5.54533
0 0 0 0 1 5.54344
0 0 0 0 1 5.55523
0 0 0 0 0 5.62609
0 0 0 0 1 5.54076
0 0 0 0 1 5.63349
0 0 0 0 1 5.62658
0 0 0 0 0 5.57713
0 0 0 0 1 5.67707
0 0 0 0 1 5.67049
0 0 0 0 1 5.58501
0 0 0 0 1 5.66535
0 0 0 0 0 5.61372
0 0 0 0 1 5.71508
0 0 0 0 1 5.71668
0 0 0 0 1 5.70496
0 0 0 0 1 5.6762
0 0 0 0 0 5.75019
0 0 0 0 1 5.68542
0 0 0 0 1 5.71395
0 0 0 0 1 5.74842
0 0 0 0 1 5.74287
0 0 0 0 1 5.80075
0 0 0 0 1 5.71069
0 0 0 0 1 5.82086
0 0 0 0 1 5.80993
0 0 0 0 1 5.77001
0 0 0 0 0 5.85216
0 0 0 0 1 5.83563
0 0 0 0 0 5.84832
0 0 0 0 1 5.79833
0 0 0 0 1 5.83027
0 0 0 0 1 5.89602
0 0 0 0 1 5.83853
0 0 0 0 0 5.87524
0 0 0 0 1 5.88852
0 0 0 0 1 5.93747
0 0 0 0 1 5.95702
0 0 0 0 1 5.97671
0 0 0 0 1 5.93688
0 0 0 0 1 5.92085
0 0 0 0 1 5.98402
0 0 0 0 0 6.01615
0 0 0 0 1 5.9582
0 0 0 0 1 6.01465
0 0 0 0 1 6.1005
0 0 0 0 1 6.06065
0 0 0 0 1 6.0997
0 0 0 0 1 6.07802
0 0 0 0 1 6.08072
0 0 0 0 1 6.15086
0 0 0 0 0 6.09131
0 0 0 0 1 6.1753
0 0 0 0 1 6.2031
0 0 0 0 1 6.2125
0 0 0 0 1 6.15994
0 0 0 0 1 6.28659
0 0 0 0 1 6.27141
0 0 0 0 1 6.26243
0 0 0 0 1 6.22112
0 0 0 0 1 6.34417
0 0 0 0 1 6.25965
0 0 0 0 0 6.28225
0 0 0 0 1 6.30498
0 0 0 0 1 6.40339
0 0 0 0 1 6.43936
0 0 0 0 0 6.4172
0 0 0 0 1 6.4663
0 0 0 0 0 6.399
0 0 0 0 1 6.42898
0 0 0 0 1 6.54269
0 0 0 0 1 6.47572
0 0 0 0 0 6.55833
0 0 0 0 1 6.51719
0 0 0 0 1 6.6063
0 0 0 0 0 6.57094
0 0 0 0 1 6.63502
0 0 0 0 0 6.67903
0 0 0 0 1 6.68344
0 0 0 0 0 6.74125
0 0 0 0 1 6.73969
0 0 0 0 1 6.68441
0 0 0 0 0 6.74942
0 0 0 0 1 6.78107
0 0 0 0 1 6.84005
0 0 0 0 0 6.74278
0 0 0 0 1 6.89084
0 0 0 0 1 6.79981
0 0 0 0 1 6.85956
0 0 0 0 0 6.85748
0 0 0 0 1 6.89747
0 0 0 0 0 6.97893
0 0 0 0 1 7.03299
0 0 0 0 1 7.05936
0 0 0 0 0 6.98734
0 0 0 0 1 7.09795
0 0 0 0 1 7.15304
0 0 0 0 0 7.17997
0 0 0 0 1 7.09264
0 0 0 0 1 7.13375
0 0 0 0 1 7.17509
0 0 0 0 1 7.19451
0 0 0 0 1 7.21444
0 0 0 0 0 7.27046
0 0 0 0 1 7.26866
0 0 0 0 1 7.29571
0 0 0 0 1 7.41977
0 0 0 0 1 7.37332
0 0 0 0 1 7.49022
0 0 0 0 0 7.50363
0 0 0 0 1 7.47153
0 0 0 0 1 7.58244
0 0 0 0 1 7.57282
0 0 0 0 1 7.69289
0 0 0 0 1 7.62217
0 0 0 0 1 7.6813
0 0 0 0 0 7.7408
0 0 0 0 0 7.73081
0 0 0 0 1 7.87651
0 0 0 0 1 7.84362
0 0 0 0 1 7.8177
0 0 0 0 0 7.8303
0 0 0 0 0 7.99431
0 0 0 0 0 7.92758
0 0 0 0 1 8.0692
0 0 0 0 0 8.0264
0 0 0 0 1 8.16938
0 0 0 0 1 8.17455
0 0 0 0 1 8.17182
0 0 0 0 0 8.29996
0 0 0 0 0 8.19736
0 0 0 0 1 8.327
0 0 0 0 1 8.29816
0 0 0 0 1 8.48735
0 0 0 0 1 8.39917
0 0 0 0 1 8.49677
0 0 0 0 1 8.63786
0 0 0 0 1 8.65182
0 0 0 0 1 8.61312
0 0 0 0 1 8.6771
0 0 0 0 1 8.79463
0 0 0 0 1 8.842
0 0 0 0 1 8.89988
0 0 0 0 1 8.97424
0 0 0 0 1 8.8879
0 0 0 0 1 8.93506
0 0 0 0 1 9.082
0 0 0 0 0 9.10354
0 0 0 0 1 9.08722
0 0 0 0 1 9.14397
0 0 0 0 1 9.37729
0 0 0 0 1 9.34315
0 0 0 0 1 9.31524
0 0 0 0 1 9.42941
0 0 0 0 1 9.46706
0 0 0 0 0 9.68674
0 0 0 0 0 9.60105
0 0 0 0 1 9.69687
0 0 0 0 0 9.73459
0 0 0 0 1 9.81149
0 0 0 0 1 9.97939
0 0 0 0 1 10.0362
0 0 0 0 1 10.1346
0 0 0 0 0 10.1815
0 0 0 0 1 10.2705
0 0 0 0 1 10.2659
0 0 0 0 0 10.2603
0 0 0 0 0 10.3285
0 0 0 0 1 10.4895
0 0 0 0 1 10.6624
0 0 0 0 0 10.6858
0 0 0 0 0 10.8502
0 0 0 0 0 10.7433
0 0 0 0 1 9.29659
0 0 0 0 1 9.19823
0 0 0 0 0 9.16999
0 0 0 0 0 9.32201
0 0 0 0 1 9.22923
0 0 0 0 1 9.16904
0 0 0 0 1 9.24233
0 0 0 0 1 9.08185
0 0 0 0 1 9.12772
0 0 0 0 1 9.1416
0 0 0 0 0 9.15091
0 0 0 0 1 9.0832
0 0 0 0 1 9.1018
0 0 0 0 0 9.10233
0 0 0 0 1 9.0535
0 0 0 0 1 9.05429
0 0 0 0 0 8.97009
0 0 0 0 1 8.98018
0 0 0 0 1 9.02611
0 0 0 0 1 8.9648
0 0 0 0 1 8.9621
0 0 0 0 1 8.91915
0 0 0 0 1 8.82318
0 0 0 0 1 8.8517
0 0 0 0 1 8.89791
0 0 0 0 1 8.91365
0 0 0 0 1 8.8805
0 0 0 0 0 8.76842
0 0 0 0 0 8.76217
0 0 0 0 1 8.74729
0 0 0 0 1 8.78507
0 0 0 0 1 8.81917
0 0 0 0 1 8.64771
0 0 0 0 1 8.77284
0 0 0 0 0 8.67176
0 0 0 0 1 8.74463
0 0 0 0 1 8.63549
0 0 0 0 1 8.56141
0 0 0 0 1 8.65173
0 0 0 0 1 8.55224
0 0 0 0 1 8.57368
0 0 0 0 1 8.61238
0 0 0 0 1 8.53093
0 0 0 0 1 8.50127
0 0 0 0 1 8.61731
0 0 0 0 1 8.48533
0 0 0 0 1 8.519
0 0 0 0 1 8.57526
0 0 0 0 1 8.66131
0 0 0 0 1 8.65644
0 0 0 0 1 8.85979
0 0 0 0 1 9.00359
0 0 0 0 1 9.01144
0 0 0 0 1 9.19136
0 0 0 0 1 9.33508
0 0 0 0 1 9.51718
0 0 0 0 0 9.69072
0 0 0 0 1 9.7961
0 0 0 0 1 10.1099
0 0 0 0 1 10.1027
0 0 0 0 1 10.4623
0 0 0 0 1 10.5845
0 0 0 0 1 10.7912
0 0 0 0 1 10.8652
0 0 0 0 1 11.0794
0 0 0 0 1 11.4289
0 0 0 0 0 11.6315
0 0 0 0 0 11.7605
0 0 0 0 1 12.1507
0 0 0 0 1 12.2471
0 0 0 0 1 12.636
0 0 0 0 1 12.9118
0 0 0 0 0 22.7964
0 0 0 0 1 22.4822
0 0 0 0 1 22.8933
0 0 0 0 1 22.6257
0 0 0 0 1 22.6762
0 0 0 0 1 22.4326
0 0 0 0 1 22.6875
0 0 0 0 1 22.7164
0 0 0 0 1 22.4972
0 0 0 0 1 22.5496
0 0 0 0 1 22.3767
0 0 0 0 1 22.4975
0 0 0 0 0 22.4398
0 0 0 0 1 22.4261
0 0 0 0 0 22.3454
0 0 0 0 1 22.535
0 0 0 0 1 22.635
0 0 0 0 1 22.6678
0 0 0 0 1 23.362
0 0 0 0 1 24.1962
0 0 0 0 0 24.9674
0 0 0 0 1 26.2647
0 0 0 0 0 36.3812
0 0 0 0 1 36.6939
0 0 0 0 1 36.0245
0 0 0 0 1 36.4839
0 0 0 0 0 36.1014
0 0 0 0 1 38.2181
0 0 0 0 1 52.327
0 0 0 0 1 52.3114
0 0 0 0 1 51.9332
0 0 0 0 1 52.5439
0 0 0 0 1 52.4273
0 0 0 0 1 56.6671
0 0 0 0 0 65.1352
0 0 0 0 0 68.9673
0 0 0 0 1 82.4645
0 0 0 0 0 5.0601
0 0 0 0 0 5.02503
0 0 0 0 0 4.97493
0 0 0 0 0 4.97493
0 0 0 0 0 5.02503
0 0 0 0 0 4.99998
0 0 0 0 0 5.02002
0 0 0 0 0 5.04006
0 0 0 0 0 5.0601
0 0 0 0 0 5.05509
0 0 0 0 0 5.0601
0 0 0 0 0 5.01501
0 0 0 0 0 88.3791
0 0 0 0 0 87.0743
0 0 0 0 1 75.6709
0 0 0 0 1 63.9666
0 0 0 0 1 61.0712
0 0 0 0 1 60.6587
0 0 0 0 0 60.1862
0 0 0 0 1 51.6223
0 0 0 0 1 47.5553
0 0 0 0 1 48.0475
0 0 0 0 1 39.4313
0 0 0 0 0 36.6725
0 0 0 0 1 35.4538
0 0 0 0 1 35.7157
0 0 0 0 0 35.8349
0 0 0 0 1 36.0271
0 0 0 0 1 27.9936
0 0 0 0 0 26.5355
0 0 0 0 1 25.3827
0 0 0 0 0 24.5899
0 0 0 0 0 24.4539
0 0 0 0 1 24.8602
0 0 0 0 1 24.5268
0 0 0 0 1 24.6138
0 0 0 0 1 24.8495
0 0 0 0 1 24.6415
0 0 0 0 1 24.4831
0 0 0 0 1 24.943
0 0 0 0 1 24.512
0 0 0 0 0 18.0361
0 0 0 0 0 17.5089
0 0 0 0 1 17.1574
0 0 0 0 0 16.5939
0 0 0 0 1 16.1632
0 0 0 0 1 15.8319
0 0 0 0 1 15.6403
0 0 0 0 1 15.0607
0 0 0 0 0 14.7277
0 0 0 0 1 14.3077
0 0 0 0 0 13.9721
0 0 0 0 1 13.9981
0 0 0 0 1 13.8293
0 0 0 0 1 13.9248
0 0 0 0 1 13.8536
0 0 0 0 1 14.0194
0 0 0 0 1 13.9089
0 0 0 0 1 13.922
0 0 0 0 1 14.0891
0 0 0 0 1 14.1168
0 0 0 0 1 14.0771
0 0 0 0 1 13.909
0 0 0 0 0 13.9513
0 0 0 0 1 13.9799
0 0 0 0 1 14.0394
0 0 0 0 1 13.9559
0 0 0 0 0 14.0416
0 0 0 0 1 13.9892
0 0 0 0 1 14.1887
0 0 0 0 1 14.0351
0 0 0 0 0 14.139
0 0 0 0 0 14.2124
0 0 0 0 1 14.2605
0 0 0 0 1 14.292
0 0 0 0 1 14.1699
0 0 0 0 1 14.216
0 0 0 0 0 14.3225
0 0 0 0 0 14.2549
0 0 0 0 0 14.4481
0 0 0 0 1 14.3092
0 0 0 0 1 8.8524
0 0 0 0 1 8.7819
0 0 0 0 1 8.52987
0 0 0 0 1 8.45225
0 0 0 0 1 8.38256
0 0 0 0 0 8.36193
0 0 0 0 1 8.26703
0 0 0 0 1 8.11427
0 0 0 0 1 8.03624
0 0 0 0 1 7.89476
0 0 0 0 1 7.81075
0 0 0 0 1 7.71756
0 0 0 0 1 7.64911
0 0 0 0 1 7.59559
0 0 0 0 0 7.48176
0 0 0 0 0 7.45937
0 0 0 0 1 7.37547
0 0 0 0 1 7.26482
0 0 0 0 1 7.11202
0 0 0 0 1 7.06742
0 0 0 0 0 7.04343
0 0 0 0 1 6.98606
0 0 0 0 0 6.90572
0 0 0 0 1 6.80071
0 0 0 0 1 6.68983
0 0 0 0 1 6.754
0 0 0 0 1 6.59709
0 0 0 0 0 6.50119
0 0 0 0 1 6.54263
0 0 0 0 0 6.48175
0 0 0 0 1 6.39929
0 0 0 0 1 6.29465
0 0 0 0 0 6.29144
0 0 0 0 0 6.26882
0 0 0 0 1 6.12234
0 0 0 0 1 6.09383
0 0 0 0 1 6.04682
0 0 0 0 1 6.06887
0 0 0 0 1 5.96169
0 0 0 0 1 5.88208
0 0 0 0 1 5.82378
0 0 0 0 1 5.8385
0 0 0 0 1 5.80618
0 0 0 0 1 5.75656
0 0 0 0 1 5.65292
0 0 0 0 1 5.6718
0 0 0 0 1 5.56102
0 0 0 0 0 5.57675
0 0 0 0 1 5.53351
0 0 0 0 1 5.46299
0 0 0 0 0 5.44194
0 0 0 0 0 5.42387
0 0 0 0 1 5.34662
0 0 0 0 0 5.27757
0 0 0 0 1 5.32326
0 0 0 0 0 5.2649
0 0 0 0 0 5.26752
0 0 0 0 1 5.20239
0 0 0 0 1 5.13775
0 0 0 0 1 5.06338
0 0 0 0 1 5.04232
0 0 0 0 1 5.08481
0 0 0 0 1 5.04964
0 0 0 0 1 5.00133
0 0 0 0 1 4.92858
0 0 0 0 1 4.88104
0 0 0 0 1 4.84356
0 0 0 0 1 4.90666
0 0 0 0 1 4.81579
0 0 0 0 0 4.84389
0 0 0 0 1 4.83152
0 0 0 0 1 4.85404
0 0 0 0 1 4.88157
0 0 0 0 1 4.82529
0 0 0 0 1 4.91157
0 0 0 0 1 4.8659
0 0 0 0 1 4.94308
0 0 0 0 1 4.92567
0 0 0 0 1 4.91426
0 0 0 0 1 5.01722
0 0 0 0 0 5.0397
0 0 0 0 0 5.03354
0 0 0 0 1 4.98205
0 0 0 0 0 5.01593
0 0 0 0 1 5.09562
0 0 0 0 1 5.0691
0 0 0 0 0 5.08827
0 0 0 0 1 5.08193
0 0 0 0 1 5.18208
0 0 0 0 1 5.1502
0 0 0 0 1 5.19566
0 0 0 0 1 5.20505
0 0 0 0 1 5.24053
0 0 0 0 0 5.22912
0 0 0 0 1 5.22808
0 0 0 0 1 5.24279
0 0 0 0 1 5.28016
0 0 0 0 1 5.2791
0 0 0 0 1 5.29399
0 0 0 0 0 5.30893
0 0 0 0 1 5.41543
0 0 0 0 1 5.3566
0 0 0 0 1 5.37717
0 0 0 0 1 5.42509
0 0 0 0 1 5.46235
0 0 0 0 1 5.46285
0 0 0 0 1 5.56117
0 0 0 0 1 5.50642
0 0 0 0 1 5.62788
0 0 0 0 0 5.56713
0 0 0 0 1 5.60538
0 0 0 0 1 5.66802
0 0 0 0 1 5.62738
0 0 0 0 0 5.70751
0 0 0 0 1 5.68361
0 0 0 0 0 5.69543
0 0 0 0 1 5.82862
0 0 0 0 0 5.79446
0 0 0 0 1 5.83996
0 0 0 0 1 5.8756
0 0 0 0 1 5.95268
0 0 0 0 1 5.9415
0 0 0 0 1 5.91812
0 0 0 0 1 6.008
0 0 0 0 1 6.06853
0 0 0 0 1 6.03276
0 0 0 0 1 6.06933
0 0 0 0 1 6.09997
0 0 0 0 0 6.13072
0 0 0 0 1 6.15695
0 0 0 0 1 9.56663
0 0 0 0 1 9.52874
0 0 0 0 0 9.35559
0 0 0 0 1 9.39075
0 0 0 0 1 9.2881
0 0 0 0 1 9.43536
0 0 0 0 1 9.33929
0 0 0 0 0 9.32422
0 0 0 0 0 9.35265
0 0 0 0 1 9.28539
0 0 0 0 1 9.23694
0 0 0 0 1 9.18878
0 0 0 0 1 9.0678
0 0 0 0 1 9.12981
0 0 0 0 1 9.03702
0 0 0 0 1 9.02629
0 0 0 0 0 9.10588
0 0 0 0 1 9.07378
0 0 0 0 0 8.93741
0 0 0 0 1 8.88802
0 0 0 0 1 8.94041
0 0 0 0 1 8.85906
0 0 0 0 1 8.87578
0 0 0 0 0 8.7775
0 0 0 0 1 8.74695
0 0 0 0 1 8.77274
0 0 0 0 0 8.85098
0 0 0 0 1 8.71227
0 0 0 0 1 8.77293
0 0 0 0 1 8.62984
0 0 0 0 1 8.69051
0 0 0 0 1 8.69555
0 0 0 0 0 8.65227
0 0 0 0 1 8.64025
0 0 0 0 1 8.61463
0 0 0 0 1 8.54293
0 0 0 0 1 8.58614
0 0 0 0 1 8.42984
0 0 0 0 1 8.43572
0 0 0 0 1 8.50943
0 0 0 0 1 8.37146
0 0 0 0 1 8.38603
0 0 0 0 1 8.47153
0 0 0 0 1 8.37681
0 0 0 0 0 8.36633
0 0 0 0 1 8.42281
0 0 0 0 0 8.42074
0 0 0 0 1 8.27277
0 0 0 0 1 8.27949
0 0 0 0 1 8.28626
0 0 0 0 1 8.23971
0 0 0 0 1 8.23843
0 0 0 0 1 8.17963
0 0 0 0 1 8.23612
0 0 0 0 1 8.26787
0 0 0 0 0 8.25869
0 0 0 0 1 8.15172
0 0 0 0 1 8.15115
0 0 0 0 1 8.06127
0 0 0 0 0 8.06918
0 0 0 0 1 8.10952
0 0 0 0 1 8.1498
0 0 0 0 1 8.07717
0 0 0 0 1 8.08936
0 0 0 0 0 8.06548
0 0 0 0 1 7.99369
0 0 0 0 1 7.99431
0 0 0 0 1 7.93114
0 0 0 0 0 7.94382
0 0 0 0 1 7.92892
0 0 0 0 1 7.9857
0 0 0 0 1 7.97895
0 0 0 0 1 7.93276
0 0 0 0 1 7.92203
0 0 0 0 1 7.82106
0 0 0 0 0 7.86238
0 0 0 0 0 7.83632
0 0 0 0 1 7.84969
0 0 0 0 1 7.81267
0 0 0 0 1 7.84638
0 0 0 0 0 7.88794
0 0 0 0 0 7.74539
0 0 0 0 1 7.86519
0 0 0 0 1 7.77461
0 0 0 0 1 7.81968
0 0 0 0 0 7.71417
0 0 0 0 1 7.70512
