0 0 0 0 1 5.56398
0 0 0 0 1 5.57312
0 0 0 0 1 5.55457
0 0 0 0 1 5.57752
0 0 0 0 1 5.54795
0 0 0 0 1 5.53517
0 0 0 0 0 5.59992
0 0 0 0 1 5.64899
0 0 0 0 0 5.62201
0 0 0 0 1 5.60962
0 0 0 0 1 5.67049
0 0 0 0 1 5.69784
0 0 0 0 1 5.63711
0 0 0 0 1 5.6024
0 0 0 0 1 5.6924
0 0 0 0 1 5.71668
0 0 0 0 1 5.7334
0 0 0 0 1 5.70469
0 0 0 0 1 5.65883
0 0 0 0 1 5.73685
0 0 0 0 1 5.7483
0 0 0 0 1 5.69105
0 0 0 0 1 5.76011
0 0 0 0 1 5.70858
0 0 0 0 1 5.82029
0 0 0 0 0 5.77462
0 0 0 0 0 5.82152
0 0 0 0 1 5.84548
0 0 0 0 1 5.8638
0 0 0 0 1 5.80648
0 0 0 0 0 5.81326
0 0 0 0 1 5.88025
0 0 0 0 1 5.81269
0 0 0 0 1 5.90776
0 0 0 0 1 5.9327
0 0 0 0 1 5.89293
0 0 0 0 1 5.87669
0 0 0 0 0 5.90192
0 0 0 0 0 5.95702
0 0 0 0 1 5.98862
0 0 0 0 1 5.99058
0 0 0 0 1 5.96271
0 0 0 0 1 6.01397
0 0 0 0 1 5.9441
0 0 0 0 1 6.03644
0 0 0 0 1 6.00862
0 0 0 0 1 6.06419
0 0 0 0 1 6.01818
0 0 0 0 1 6.0328
0 0 0 0 0 6.13898
0 0 0 0 1 6.08683
0 0 0 0 1 6.08959
0 0 0 0 1 6.1958
0 0 0 0 1 6.13836
0 0 0 0 1 6.22779
0 0 0 0 1 6.13206
0 0 0 0 0 6.25299
0 0 0 0 0 6.27414
0 0 0 0 0 6.22149
0 0 0 0 1 6.19987
0 0 0 0 1 6.29017
0 0 0 0 1 6.25606
0 0 0 0 0 6.26596
0 0 0 0 1 6.30755
0 0 0 0 0 6.40012
0 0 0 0 0 6.39702
0 0 0 0 1 6.36278
0 0 0 0 1 6.34035
0 0 0 0 1 6.36356
0 0 0 0 1 6.39255
0 0 0 0 1 6.51297
0 0 0 0 1 6.4584
0 0 0 0 1 6.43671
0 0 0 0 1 6.5127
0 0 0 0 0 6.56948
0 0 0 0 1 6.58005
0 0 0 0 1 6.54461
0 0 0 0 0 6.61522
0 0 0 0 1 6.60615
0 0 0 0 1 6.67679
0 0 0 0 1 6.69453
0 0 0 0 1 6.65938
0 0 0 0 0 6.67099
0 0 0 0 0 6.71574
0 0 0 0 1 6.75402
0 0 0 0 0 6.83326
0 0 0 0 1 6.80408
0 0 0 0 1 6.85666
0 0 0 0 1 6.86842
0 0 0 0 0 6.83889
0 0 0 0 1 6.90587
0 0 0 0 1 6.89054
0 0 0 0 1 6.92326
0 0 0 0 1 6.94918
0 0 0 0 1 6.94018
0 0 0 0 1 7.07178
0 0 0 0 1 7.14036
0 0 0 0 1 7.11756
0 0 0 0 1 7.16573
0 0 0 0 1 7.20704
0 0 0 0 1 7.24858
0 0 0 0 0 7.15347
0 0 0 0 1 7.18727
0 0 0 0 1 7.32342
0 0 0 0 1 7.25586
0 0 0 0 1 7.31995
0 0 0 0 1 7.30307
0 0 0 0 0 7.35333
0 0 0 0 0 7.492
0 0 0 0 1 7.52749
0 0 0 0 1 7.44378
0 0 0 0 1 7.58428
0 0 0 0 0 7.6202
0 0 0 0 1 7.58041
0 0 0 0 1 7.54817
0 0 0 0 1 7.63747
0 0 0 0 1 7.76588
0 0 0 0 1 7.70217
0 0 0 0 1 7.7541
0 0 0 0 1 7.87651
0 0 0 0 1 7.84362
0 0 0 0 1 7.88849
0 0 0 0 1 7.97267
0 0 0 0 1 8.0261
0 0 0 0 1 7.92758
0 0 0 0 1 8.03708
0 0 0 0 1 8.099
0 0 0 0 1 8.16128
0 0 0 0 1 8.1175
0 0 0 0 1 8.19639
0 0 0 0 1 8.27526
0 0 0 0 1 8.36296
0 0 0 0 1 8.39355
0 0 0 0 0 8.33162
0 0 0 0 1 8.42005
0 0 0 0 1 8.52604
0 0 0 0 0 8.47976
0 0 0 0 1 8.50958
0 0 0 0 0 8.50577
0 0 0 0 1 8.59584
0 0 0 0 1 8.70318
0 0 0 0 0 8.73344
0 0 0 0 1 8.74522
0 0 0 0 1 8.87337
0 0 0 0 0 8.98313
0 0 0 0 1 8.86105
0 0 0 0 1 8.93506
0 0 0 0 1 9.11825
0 0 0 0 1 9.05798
0 0 0 0 1 9.26144
0 0 0 0 1 9.30083
0 0 0 0 1 9.30302
0 0 0 0 1 9.27782
0 0 0 0 1 9.31524
0 0 0 0 1 9.4767
0 0 0 0 1 9.57183
0 0 0 0 1 9.54288
0 0 0 0 1 9.71685
0 0 0 0 1 9.81347
0 0 0 0 0 9.71502
0 0 0 0 1 9.93956
0 0 0 0 1 9.93975
0 0 0 0 1 9.92632
0 0 0 0 1 10.0642
0 0 0 0 1 10.1207
0 0 0 0 1 10.1277
0 0 0 0 1 10.2145
0 0 0 0 0 10.3845
0 0 0 0 1 10.4119
0 0 0 0 1 10.5315
0 0 0 0 1 10.6095
0 0 0 0 1 10.6858
0 0 0 0 1 10.6998
0 0 0 0 1 10.7974
0 0 0 0 1 9.36173
0 0 0 0 1 9.30961
0 0 0 0 1 9.24409
0 0 0 0 1 9.2019
0 0 0 0 1 9.19235
0 0 0 0 1 9.26101
0 0 0 0 1 9.20562
0 0 0 0 1 9.14594
0 0 0 0 1 9.15513
0 0 0 0 1 9.09602
0 0 0 0 1 9.18729
0 0 0 0 1 9.10134
0 0 0 0 1 9.08369
0 0 0 0 0 8.97578
0 0 0 0 1 8.94529
0 0 0 0 1 8.91929
0 0 0 0 1 8.9252
0 0 0 0 1 9.04292
0 0 0 0 0 8.85614
0 0 0 0 1 9.00051
0 0 0 0 1 8.92646
0 0 0 0 1 8.90136
0 0 0 0 1 8.92082
0 0 0 0 1 8.94917
0 0 0 0 1 8.77408
0 0 0 0 1 8.91365
0 0 0 0 1 8.74835
0 0 0 0 0 8.75083
0 0 0 0 1 8.73583
0 0 0 0 1 8.85247
0 0 0 0 1 8.69757
0 0 0 0 1 8.72312
0 0 0 0 1 8.67387
0 0 0 0 1 8.67711
0 0 0 0 0 8.75866
0 0 0 0 0 8.58848
0 0 0 0 0 8.58352
0 0 0 0 1 8.58735
0 0 0 0 0 8.56539
0 0 0 0 1 8.63845
0 0 0 0 1 8.54786
0 0 0 0 1 8.53502
0 0 0 0 0 8.63392
0 0 0 0 1 8.59554
0 0 0 0 1 8.47183
0 0 0 0 1 8.57079
0 0 0 0 1 8.52753
0 0 0 0 1 8.51559
0 0 0 0 1 8.56698
0 0 0 0 0 8.75214
0 0 0 0 1 8.90391
0 0 0 0 0 9.02151
0 0 0 0 1 9.02053
0 0 0 0 1 9.32992
0 0 0 0 1 9.36322
0 0 0 0 1 9.48857
0 0 0 0 1 9.60359
0 0 0 0 1 9.77641
0 0 0 0 1 9.90971
0 0 0 0 1 10.2554
0 0 0 0 1 10.338
0 0 0 0 1 10.4579
0 0 0 0 1 10.8449
0 0 0 0 1 10.9746
0 0 0 0 1 11.0348
0 0 0 0 1 11.4516
0 0 0 0 1 11.562
0 0 0 0 0 11.8787
0 0 0 0 1 11.9457
0 0 0 0 1 12.3702
0 0 0 0 1 12.4725
0 0 0 0 1 12.7191
0 0 0 0 1 22.9328
0 0 0 0 1 22.9137
0 0 0 0 1 22.7571
0 0 0 0 0 22.5804
0 0 0 0 1 22.7441
0 0 0 0 1 22.5232
0 0 0 0 0 22.5518
0 0 0 0 1 22.6938
0 0 0 0 1 22.5198
0 0 0 0 1 22.4593
0 0 0 0 1 22.3316
0 0 0 0 1 22.3623
0 0 0 0 0 22.6425
0 0 0 0 0 22.3811
0 0 0 0 1 22.7054
0 0 0 0 1 22.535
0 0 0 0 1 22.2529
0 0 0 0 1 22.6004
0 0 0 0 0 23.3388
0 0 0 0 1 24.0514
0 0 0 0 0 25.2939
0 0 0 0 1 26.055
0 0 0 0 1 36.1991
0 0 0 0 1 36.621
0 0 0 0 1 36.6794
0 0 0 0 1 36.0474
0 0 0 0 1 36.6473
0 0 0 0 1 38.5648
0 0 0 0 1 51.7543
0 0 0 0 0 51.9991
0 0 0 0 1 51.5689
0 0 0 0 1 52.4919
0 0 0 0 1 52.2712
0 0 0 0 0 56.1032
0 0 0 0 1 66.1171
0 0 0 0 1 70.1516
0 0 0 0 1 82.3009
0 0 0 0 0 5.05008
0 0 0 0 0 4.97994
0 0 0 0 0 4.96992
0 0 0 0 0 5.01501
0 0 0 0 0 5.04006
0 0 0 0 0 5.03505
0 0 0 0 0 5.02002
0 0 0 0 0 5.03004
0 0 0 0 0 5.03004
0 0 0 0 0 4.96491
0 0 0 0 0 4.98996
0 0 0 0 0 5.05509
0 0 0 0 1 87.766
0 0 0 0 1 87.0743
0 0 0 0 1 74.8443
0 0 0 0 1 64.4774
0 0 0 0 1 60.4659
0 0 0 0 1 61.143
0 0 0 0 0 60.3678
0 0 0 0 1 51.8802
0 0 0 0 1 48.1791
0 0 0 0 0 48.3835
0 0 0 0 1 39.3135
0 0 0 0 1 36.5989
0 0 0 0 1 35.8818
0 0 0 0 1 35.7157
0 0 0 0 1 35.7278
0 0 0 0 0 35.4915
0 0 0 0 1 27.9656
0 0 0 0 1 26.6159
0 0 0 0 0 25.8955
0 0 0 0 1 24.7622
0 0 0 0 1 24.7986
0 0 0 0 1 24.4167
0 0 0 0 1 24.6993
0 0 0 0 0 24.4905
0 0 0 0 1 24.5287
0 0 0 0 1 24.5674
0 0 0 0 0 24.829
0 0 0 0 0 24.6464
0 0 0 0 1 24.8336
0 0 0 0 1 18.1453
0 0 0 0 1 17.5089
0 0 0 0 0 17.1058
0 0 0 0 1 16.6775
0 0 0 0 1 16.2447
0 0 0 0 0 15.8954
0 0 0 0 1 15.5629
0 0 0 0 1 15.2724
0 0 0 0 0 14.9048
0 0 0 0 1 14.4808
0 0 0 0 0 14.1836
0 0 0 0 1 13.8314
0 0 0 0 0 14.0378
0 0 0 0 0 13.9248
0 0 0 0 1 13.9372
0 0 0 0 1 13.894
0 0 0 0 1 13.8531
0 0 0 0 1 14.1035
0 0 0 0 0 14.0891
0 0 0 0 0 13.8789
0 0 0 0 1 14.0211
0 0 0 0 1 14.1614
0 0 0 0 1 13.9934
0 0 0 0 0 13.9097
0 0 0 0 0 14.0112
0 0 0 0 1 13.9418
0 0 0 0 0 14.1967
0 0 0 0 1 14.0316
0 0 0 0 1 14.2311
0 0 0 0 1 14.0209
0 0 0 0 1 14.054
0 0 0 0 1 14.2975
0 0 0 0 1 14.2463
0 0 0 0 1 14.1782
0 0 0 0 1 14.3123
0 0 0 0 1 14.1447
0 0 0 0 0 14.3796
0 0 0 0 1 14.2406
0 0 0 0 0 14.1761
0 0 0 0 0 14.2519
0 0 0 0 0 8.86123
0 0 0 0 1 8.75577
0 0 0 0 1 8.68464
0 0 0 0 1 8.41828
0 0 0 0 1 8.30704
0 0 0 0 1 8.35364
0 0 0 0 1 8.20148
0 0 0 0 0 8.0091
0 0 0 0 1 8.02824
0 0 0 0 0 7.82364
0 0 0 0 0 7.82639
0 0 0 0 0 7.70211
0 0 0 0 0 7.69496
0 0 0 0 1 7.62582
0 0 0 0 1 7.42944
0 0 0 0 1 7.34837
0 0 0 0 1 7.24377
0 0 0 0 1 7.25758
0 0 0 0 1 7.09769
0 0 0 0 1 7.08871
0 0 0 0 1 7.0013
0 0 0 0 1 6.91648
0 0 0 0 1 6.82998
0 0 0 0 1 6.82799
0 0 0 0 1 6.75065
0 0 0 0 1 6.62682
0 0 0 0 1 6.66339
0 0 0 0 1 6.54059
0 0 0 0 0 6.4906
0 0 0 0 1 6.40436
0 0 0 0 0 6.36097
0 0 0 0 0 6.38964
0 0 0 0 0 6.22865
0 0 0 0 1 6.27504
0 0 0 0 1 6.19022
0 0 0 0 1 6.06324
0 0 0 0 0 6.02862
0 0 0 0 1 5.98458
0 0 0 0 0 6.00943
0 0 0 0 1 5.95909
0 0 0 0 0 5.84726
0 0 0 0 0 5.87928
0 0 0 0 1 5.75413
0 0 0 0 1 5.72787
0 0 0 0 1 5.64724
0 0 0 0 0 5.60408
0 0 0 0 1 5.58902
0 0 0 0 1 5.61014
0 0 0 0 1 5.53351
0 0 0 0 1 5.47395
0 0 0 0 1 5.48
0 0 0 0 1 5.36444
0 0 0 0 0 5.34662
0 0 0 0 0 5.35745
0 0 0 0 1 5.25976
0 0 0 0 1 5.20716
0 0 0 0 1 5.25708
0 0 0 0 1 5.16093
0 0 0 0 1 5.10172
0 0 0 0 1 5.09407
0 0 0 0 1 5.10827
0 0 0 0 1 5.05961
0 0 0 0 0 5.02457
0 0 0 0 1 4.97144
0 0 0 0 1 4.99291
0 0 0 0 1 4.86629
0 0 0 0 1 4.8875
0 0 0 0 1 4.9018
0 0 0 0 0 4.85922
0 0 0 0 1 4.79092
0 0 0 0 1 4.78326
0 0 0 0 0 4.85404
0 0 0 0 1 4.85239
0 0 0 0 1 4.84479
0 0 0 0 1 4.86754
0 0 0 0 0 4.95428
0 0 0 0 1 4.94308
0 0 0 0 1 4.95038
0 0 0 0 1 4.9093
0 0 0 0 1 4.96744
0 0 0 0 1 4.95986
0 0 0 0 1 5.02352
0 0 0 0 1 5.01724
0 0 0 0 1 5.05125
0 0 0 0 1 5.06016
0 0 0 0 1 5.04367
0 0 0 0 1 5.09847
0 0 0 0 0 5.16389
0 0 0 0 0 5.14613
0 0 0 0 0 5.1502
0 0 0 0 0 5.15943
0 0 0 0 1 5.18947
0 0 0 0 1 5.26661
0 0 0 0 1 5.20295
0 0 0 0 1 5.21232
0 0 0 0 0 5.30608
0 0 0 0 0 5.30667
0 0 0 0 1 5.34296
0 0 0 0 1 5.33138
0 0 0 0 0 5.38401
0 0 0 0 1 5.3939
0 0 0 0 1 5.46481
0 0 0 0 1 5.40432
0 0 0 0 1 5.42509
0 0 0 0 0 5.52256
0 0 0 0 1 5.54537
0 0 0 0 1 5.56669
0 0 0 0 1 5.54528
0 0 0 0 1 5.59445
0 0 0 0 0 5.58953
0 0 0 0 1 5.62787
0 0 0 0 1 5.62281
0 0 0 0 1 5.72949
0 0 0 0 0 5.74172
0 0 0 0 1 5.76374
0 0 0 0 1 5.76446
0 0 0 0 1 5.73032
0 0 0 0 1 5.80027
0 0 0 0 1 5.78745
0 0 0 0 1 5.90492
0 0 0 0 1 5.90553
0 0 0 0 0 5.88227
0 0 0 0 1 5.96575
0 0 0 0 1 6.01997
0 0 0 0 1 5.95426
0 0 0 0 1 6.09321
0 0 0 0 1 6.12401
0 0 0 0 0 6.1305
0 0 0 0 1 6.0939
0 0 0 0 1 6.1199
0 0 0 0 1 9.45241
0 0 0 0 1 9.396
0 0 0 0 1 9.54459
0 0 0 0 1 9.44726
0 0 0 0 1 9.36316
0 0 0 0 0 9.36055
0 0 0 0 1 9.35793
0 0 0 0 1 9.20336
0 0 0 0 0 9.18597
0 0 0 0 1 9.17463
0 0 0 0 1 9.22774
0 0 0 0 0 9.18878
0 0 0 0 1 9.13178
0 0 0 0 0 9.2027
0 0 0 0 1 9.02793
0 0 0 0 1 8.99913
0 0 0 0 1 9.01564
0 0 0 0 1 9.02877
0 0 0 0 0 8.94638
0 0 0 0 1 9.03123
0 0 0 0 1 8.98502
0 0 0 0 1 8.91243
0 0 0 0 0 8.93785
0 0 0 0 1 8.76866
0 0 0 0 1 8.89685
0 0 0 0 1 8.78153
0 0 0 0 0 8.72829
0 0 0 0 1 8.81723
0 0 0 0 1 8.75549
0 0 0 0 1 8.70814
0 0 0 0 1 8.75122
0 0 0 0 0 8.62633
0 0 0 0 1 8.58326
0 0 0 0 1 8.65746
0 0 0 0 1 8.53741
0 0 0 0 1 8.50013
0 0 0 0 1 8.56907
0 0 0 0 1 8.44687
0 0 0 0 1 8.51218
0 0 0 0 1 8.46705
0 0 0 0 1 8.37146
0 0 0 0 0 8.4029
0 0 0 0 0 8.4547
0 0 0 0 0 8.36842
0 0 0 0 1 8.29096
0 0 0 0 1 8.43117
0 0 0 0 1 8.27067
0 0 0 0 1 8.38917
0 0 0 0 1 8.2629
0 0 0 0 1 8.31937
0 0 0 0 0 8.18186
0 0 0 0 0 8.32914
0 0 0 0 1 8.31129
0 0 0 0 1 8.23612
0 0 0 0 1 8.21871
0 0 0 0 0 8.20146
0 0 0 0 1 8.15172
0 0 0 0 1 8.11043
0 0 0 0 0 8.19942
0 0 0 0 1 8.10162
0 0 0 0 1 8.17427
0 0 0 0 0 8.06096
0 0 0 0 0 8.10135
0 0 0 0 0 8.07326
0 0 0 0 1 8.10564
0 0 0 0 1 8.09792
0 0 0 0 1 8.02632
0 0 0 0 1 7.97906
0 0 0 0 1 7.92787
0 0 0 0 0 8.00056
0 0 0 0 0 7.8983
0 0 0 0 0 7.96309
0 0 0 0 1 7.85359
0 0 0 0 1 7.84296
0 0 0 0 0 7.92365
0 0 0 0 1 7.87026
0 0 0 0 1 7.79698
0 0 0 0 1 7.80254
0 0 0 0 1 7.90679
0 0 0 0 1 7.75241
0 0 0 0 1 7.83322
0 0 0 0 1 7.80004
0 0 0 0 1 7.81062
0 0 0 0 1 7.84466
0 0 0 0 1 7.69531
0 0 0 0 1 7.8073
0 0 0 0 1 7.82139
