0 0 0 0 1 5.55289
0 0 0 0 1 5.61201
0 0 0 0 0 5.53787
0 0 0 0 0 5.54966
0 0 0 0 1 5.57586
0 0 0 0 1 5.56872
0 0 0 0 1 5.56076
0 0 0 0 1 5.59856
0 0 0 0 1 5.59396
0 0 0 0 1 5.63773
0 0 0 0 1 5.59166
0 0 0 0 1 5.67528
0 0 0 0 1 5.60322
0 0 0 0 1 5.67031
0 0 0 0 1 5.71508
0 0 0 0 0 5.66559
0 0 0 0 1 5.67652
0 0 0 0 1 5.68759
0 0 0 0 1 5.66454
0 0 0 0 1 5.73685
0 0 0 0 1 5.73685
0 0 0 0 0 5.68531
0 0 0 0 1 5.8061
0 0 0 0 1 5.7201
0 0 0 0 1 5.79144
0 0 0 0 1 5.76884
0 0 0 0 1 5.75201
0 0 0 0 0 5.86289
0 0 0 0 0 5.79981
0 0 0 0 1 5.78316
0 0 0 0 1 5.86584
0 0 0 0 0 5.79833
0 0 0 0 1 5.9123
0 0 0 0 1 5.92538
0 0 0 0 0 5.83853
0 0 0 0 1 5.88113
0 0 0 0 0 5.90625
0 0 0 0 0 5.96118
0 0 0 0 1 5.99859
0 0 0 0 1 5.93504
0 0 0 0 1 5.97865
0 0 0 0 0 5.98663
0 0 0 0 0 6.03194
0 0 0 0 1 6.01014
0 0 0 0 1 6.03043
0 0 0 0 1 6.08705
0 0 0 0 1 6.08234
0 0 0 0 1 6.12738
0 0 0 0 1 6.02672
0 0 0 0 0 6.04754
0 0 0 0 0 6.09294
0 0 0 0 1 6.08347
0 0 0 0 1 6.08516
0 0 0 0 1 6.15068
0 0 0 0 1 6.1352
0 0 0 0 1 6.18156
0 0 0 0 1 6.15374
0 0 0 0 0 6.19323
0 0 0 0 1 6.19653
0 0 0 0 1 6.31873
0 0 0 0 1 6.33412
0 0 0 0 1 6.30012
0 0 0 0 1 6.2912
0 0 0 0 1 6.35816
0 0 0 0 1 6.31766
0 0 0 0 1 6.31427
0 0 0 0 0 6.41384
0 0 0 0 1 6.4172
0 0 0 0 1 6.47272
0 0 0 0 0 6.42477
0 0 0 0 1 6.39667
0 0 0 0 1 6.47785
0 0 0 0 1 6.56675
0 0 0 0 1 6.53878
0 0 0 0 1 6.51719
0 0 0 0 1 6.56693
0 0 0 0 0 6.63678
0 0 0 0 1 6.63502
0 0 0 0 0 6.58627
0 0 0 0 0 6.61694
0 0 0 0 1 6.69453
0 0 0 0 0 6.70623
0 0 0 0 1 6.65757
0 0 0 0 1 6.76963
0 0 0 0 1 6.76754
0 0 0 0 0 6.75184
0 0 0 0 1 6.85856
0 0 0 0 1 6.89084
0 0 0 0 1 6.84784
0 0 0 0 0 6.86644
0 0 0 0 1 6.88513
0 0 0 0 0 6.93907
0 0 0 0 1 6.89543
0 0 0 0 1 7.03299
0 0 0 0 1 7.03132
0 0 0 0 1 6.99438
0 0 0 0 1 7.00604
0 0 0 0 1 7.07498
0 0 0 0 1 7.15148
0 0 0 0 1 7.09979
0 0 0 0 1 7.22705
0 0 0 0 0 7.1967
0 0 0 0 1 7.20898
0 0 0 0 1 7.2435
0 0 0 0 1 7.25586
0 0 0 0 1 7.31262
0 0 0 0 1 7.31779
0 0 0 0 0 7.33118
0 0 0 0 1 7.48458
0 0 0 0 1 7.52004
0 0 0 0 0 7.45875
0 0 0 0 1 7.50911
0 0 0 0 1 7.62775
0 0 0 0 1 7.62594
0 0 0 0 1 7.58626
0 0 0 0 1 7.714
0 0 0 0 0 7.64285
0 0 0 0 1 7.7099
0 0 0 0 1 7.70753
0 0 0 0 1 7.77513
0 0 0 0 1 7.80448
0 0 0 0 1 7.78624
0 0 0 0 1 7.98849
0 0 0 0 0 7.87511
0 0 0 0 0 8.01548
0 0 0 0 1 7.94876
0 0 0 0 1 8.08287
0 0 0 0 1 8.03161
0 0 0 0 0 8.10935
0 0 0 0 1 8.16363
0 0 0 0 1 8.21762
0 0 0 0 0 8.20564
0 0 0 0 0 8.35196
0 0 0 0 1 8.44873
0 0 0 0 1 8.36958
0 0 0 0 1 8.46683
0 0 0 0 1 8.47976
0 0 0 0 1 8.50958
0 0 0 0 1 8.65182
0 0 0 0 1 8.70815
0 0 0 0 1 8.64232
0 0 0 0 1 8.70721
0 0 0 0 0 8.81561
0 0 0 0 1 8.74963
0 0 0 0 1 8.8764
0 0 0 0 1 8.99531
0 0 0 0 0 9.04315
0 0 0 0 1 9.13638
0 0 0 0 0 9.15822
0 0 0 0 1 9.20642
0 0 0 0 1 9.14397
0 0 0 0 1 9.29373
0 0 0 0 1 9.28715
0 0 0 0 0 9.32464
0 0 0 0 0 9.54291
0 0 0 0 0 9.49563
0 0 0 0 1 9.60043
0 0 0 0 1 9.67825
0 0 0 0 1 9.72602
0 0 0 0 1 9.69545
0 0 0 0 1 9.84105
0 0 0 0 1 10.0091
0 0 0 0 1 10.0062
0 0 0 0 1 10.0743
0 0 0 0 1 10.222
0 0 0 0 1 10.2093
0 0 0 0 1 10.3584
0 0 0 0 0 10.3949
0 0 0 0 1 10.391
0 0 0 0 0 10.458
0 0 0 0 0 10.5461
0 0 0 0 1 10.7392
0 0 0 0 1 10.8394
0 0 0 0 1 10.8082
0 0 0 0 1 9.27798
0 0 0 0 1 9.35602
0 0 0 0 1 9.16999
0 0 0 0 1 9.18343
0 0 0 0 0 9.21079
0 0 0 0 1 9.22422
0 0 0 0 1 9.13219
0 0 0 0 1 9.10016
0 0 0 0 1 9.05462
0 0 0 0 0 9.04134
0 0 0 0 1 9.05994
0 0 0 0 1 9.10134
0 0 0 0 1 9.14708
0 0 0 0 0 9.0029
0 0 0 0 0 9.09858
0 0 0 0 1 9.06329
0 0 0 0 1 8.88928
0 0 0 0 1 9.01603
0 0 0 0 1 8.99927
0 0 0 0 1 9.01837
0 0 0 0 1 8.8641
0 0 0 0 1 8.94582
0 0 0 0 1 8.82318
0 0 0 0 1 8.91373
0 0 0 0 1 8.92444
0 0 0 0 1 8.896
0 0 0 0 1 8.86288
0 0 0 0 1 8.71565
0 0 0 0 0 8.78851
0 0 0 0 1 8.81741
0 0 0 0 0 8.75882
0 0 0 0 1 8.68819
0 0 0 0 0 8.75232
0 0 0 0 1 8.63359
0 0 0 0 1 8.67176
0 0 0 0 0 8.69258
0 0 0 0 0 8.72211
0 0 0 0 0 8.69978
0 0 0 0 1 8.65173
0 0 0 0 1 8.64707
0 0 0 0 1 8.62533
0 0 0 0 1 8.60378
0 0 0 0 1 8.55668
0 0 0 0 1 8.64696
0 0 0 0 1 8.64298
0 0 0 0 1 8.51097
0 0 0 0 1 8.50193
0 0 0 0 1 8.56673
0 0 0 0 1 8.53267
0 0 0 0 1 8.63034
0 0 0 0 0 8.87744
0 0 0 0 0 9.00359
0 0 0 0 1 9.16602
0 0 0 0 1 9.25602
0 0 0 0 1 9.36322
0 0 0 0 1 9.45043
0 0 0 0 1 9.70041
0 0 0 0 0 9.81579
0 0 0 0 1 9.92973
0 0 0 0 0 10.2249
0 0 0 0 1 10.2655
0 0 0 0 0 10.5001
0 0 0 0 1 10.8341
0 0 0 0 0 10.898
0 0 0 0 1 11.2132
0 0 0 0 0 11.2812
0 0 0 0 1 11.6083
0 0 0 0 1 11.855
0 0 0 0 0 11.9457
0 0 0 0 1 12.4194
0 0 0 0 1 12.6611
0 0 0 0 1 12.7576
0 0 0 0 1 22.7055
0 0 0 0 0 22.9364
0 0 0 0 1 22.5983
0 0 0 0 1 22.5577
0 0 0 0 1 22.7441
0 0 0 0 1 22.8401
0 0 0 0 0 22.6875
0 0 0 0 1 22.8294
0 0 0 0 1 22.565
0 0 0 0 1 22.369
0 0 0 0 1 22.3316
0 0 0 0 1 22.5651
0 0 0 0 0 22.5975
0 0 0 0 1 22.5387
0 0 0 0 1 22.5254
0 0 0 0 0 22.625
0 0 0 0 0 22.5001
0 0 0 0 1 22.4207
0 0 0 0 1 23.2924
0 0 0 0 1 24.3168
0 0 0 0 1 24.9674
0 0 0 0 1 26.0812
0 0 0 0 1 36.5269
0 0 0 0 1 36.6574
0 0 0 0 1 36.0972
0 0 0 0 1 36.5566
0 0 0 0 1 36.4289
0 0 0 0 1 38.2951
0 0 0 0 0 51.8064
0 0 0 0 1 52.5717
0 0 0 0 1 52.4536
0 0 0 0 1 52.4399
0 0 0 0 1 52.4793
0 0 0 0 0 56.8362
0 0 0 0 1 66.1171
0 0 0 0 1 69.7336
0 0 0 0 0 82.5463
0 0 0 0 0 5.02503
0 0 0 0 0 5.04507
0 0 0 0 0 5.03004
0 0 0 0 0 4.99998
0 0 0 0 0 4.99497
0 0 0 0 0 5.03505
0 0 0 0 0 5.04006
0 0 0 0 0 4.96491
0 0 0 0 0 5.04507
0 0 0 0 0 4.9599
0 0 0 0 0 5.04507
0 0 0 0 0 5.0601
0 0 0 0 1 88.2916
0 0 0 0 1 87.8627
0 0 0 0 1 74.6189
0 0 0 0 0 63.7113
0 0 0 0 1 60.3448
0 0 0 0 1 61.143
0 0 0 0 1 60.1256
0 0 0 0 1 51.055
0 0 0 0 1 47.9392
0 0 0 0 1 48.3835
0 0 0 0 1 38.8814
0 0 0 0 0 36.783
0 0 0 0 0 35.7748
0 0 0 0 0 35.6087
0 0 0 0 1 35.7278
0 0 0 0 1 35.4558
0 0 0 0 1 27.9375
0 0 0 0 1 26.8839
0 0 0 0 1 25.434
0 0 0 0 1 24.8361
0 0 0 0 0 24.7494
0 0 0 0 1 24.6878
0 0 0 0 1 24.5514
0 0 0 0 1 24.8604
0 0 0 0 1 24.8495
0 0 0 0 1 24.4933
0 0 0 0 1 24.656
0 0 0 0 1 24.4733
0 0 0 0 0 24.7841
0 0 0 0 1 18.3455
0 0 0 0 0 17.7742
0 0 0 0 0 17.0714
0 0 0 0 1 16.895
0 0 0 0 1 16.2773
0 0 0 0 1 15.8319
0 0 0 0 1 15.6093
0 0 0 0 1 15.0153
0 0 0 0 1 14.8901
0 0 0 0 1 14.3654
0 0 0 0 1 14.1413
0 0 0 0 1 13.8176
0 0 0 0 1 13.8571
0 0 0 0 0 13.9944
0 0 0 0 1 13.8536
0 0 0 0 0 13.8661
0 0 0 0 1 13.895
0 0 0 0 1 13.9081
0 0 0 0 1 13.8515
0 0 0 0 1 14.0049
0 0 0 0 1 14.1051
0 0 0 0 1 13.9511
0 0 0 0 0 13.9934
0 0 0 0 0 14.0783
0 0 0 0 1 14.1097
0 0 0 0 1 14.1531
0 0 0 0 1 14.0134
0 0 0 0 1 14.1445
0 0 0 0 1 14.0473
0 0 0 0 1 14.0351
0 0 0 0 1 14.1532
0 0 0 0 1 14.1698
0 0 0 0 0 14.2463
0 0 0 0 1 14.1213
0 0 0 0 1 14.113
0 0 0 0 0 14.3301
0 0 0 0 1 14.1654
0 0 0 0 1 14.4408
0 0 0 0 1 14.2763
0 0 0 0 1 14.2375
0 0 0 0 1 8.79062
0 0 0 0 1 8.65993
0 0 0 0 0 8.59006
0 0 0 0 1 8.48623
0 0 0 0 1 8.41613
0 0 0 0 1 8.34535
0 0 0 0 1 8.16871
0 0 0 0 1 8.06573
0 0 0 0 0 7.96427
0 0 0 0 0 7.88686
0 0 0 0 1 7.8733
0 0 0 0 0 7.79481
0 0 0 0 1 7.65676
0 0 0 0 1 7.61071
0 0 0 0 1 7.54155
0 0 0 0 1 7.33357
0 0 0 0 1 7.24377
0 0 0 0 1 7.23585
0 0 0 0 1 7.19089
0 0 0 0 1 7.07451
0 0 0 0 0 7.03641
0 0 0 0 1 7.02781
0 0 0 0 1 6.8231
0 0 0 0 1 6.82799
0 0 0 0 1 6.77092
0 0 0 0 1 6.73392
0 0 0 0 1 6.5772
0 0 0 0 1 6.54059
0 0 0 0 1 6.47759
0 0 0 0 1 6.4366
0 0 0 0 1 6.444
0 0 0 0 1 6.35798
0 0 0 0 1 6.32284
0 0 0 0 1 6.27504
0 0 0 0 0 6.23343
0 0 0 0 1 6.08771
0 0 0 0 1 6.07108
0 0 0 0 1 6.00866
0 0 0 0 1 5.97959
0 0 0 0 1 5.94132
0 0 0 0 0 5.91771
0 0 0 0 1 5.80936
0 0 0 0 0 5.83509
0 0 0 0 1 5.69917
0 0 0 0 0 5.70411
0 0 0 0 1 5.68309
0 0 0 0 0 5.63942
0 0 0 0 1 5.57675
0 0 0 0 1 5.48933
0 0 0 0 1 5.44107
0 0 0 0 1 5.48543
0 0 0 0 1 5.45088
0 0 0 0 1 5.37346
0 0 0 0 1 5.27757
0 0 0 0 1 5.2386
0 0 0 0 1 5.19666
0 0 0 0 1 5.20493
0 0 0 0 1 5.14021
0 0 0 0 1 5.18408
0 0 0 0 1 5.1401
0 0 0 0 1 5.05247
0 0 0 0 1 5.02938
0 0 0 0 1 4.98947
0 0 0 0 1 4.97642
0 0 0 0 0 4.98301
0 0 0 0 0 4.89578
0 0 0 0 1 4.84844
0 0 0 0 1 4.89208
0 0 0 0 1 4.8544
0 0 0 0 0 4.8487
0 0 0 0 0 4.77843
0 0 0 0 1 4.81528
0 0 0 0 0 4.83295
0 0 0 0 1 4.88378
0 0 0 0 1 4.92625
0 0 0 0 1 4.95428
0 0 0 0 0 4.94308
0 0 0 0 1 4.9652
0 0 0 0 1 4.9093
0 0 0 0 1 4.96247
0 0 0 0 1 5.0397
0 0 0 0 1 4.99347
0 0 0 0 1 4.98708
0 0 0 0 1 5.08658
0 0 0 0 1 5.11588
0 0 0 0 1 5.11994
0 0 0 0 0 5.14951
0 0 0 0 1 5.0768
0 0 0 0 1 5.15126
0 0 0 0 1 5.16567
0 0 0 0 1 5.21636
0 0 0 0 1 5.24141
0 0 0 0 0 5.22489
0 0 0 0 1 5.18201
0 0 0 0 1 5.29639
0 0 0 0 1 5.31663
0 0 0 0 1 5.28546
0 0 0 0 0 5.31635
0 0 0 0 1 5.29933
0 0 0 0 1 5.36792
0 0 0 0 1 5.41543
0 0 0 0 0 5.43235
0 0 0 0 1 5.43691
0 0 0 0 1 5.42509
0 0 0 0 1 5.51161
0 0 0 0 1 5.52337
0 0 0 0 1 5.55564
0 0 0 0 1 5.51752
0 0 0 0 1 5.61674
0 0 0 0 1 5.58393
0 0 0 0 1 5.63349
0 0 0 0 1 5.69062
0 0 0 0 1 5.6841
0 0 0 0 1 5.71321
0 0 0 0 1 5.76947
0 0 0 0 0 5.7472
0 0 0 0 1 5.74767
0 0 0 0 1 5.83514
0 0 0 0 1 5.85163
0 0 0 0 1 5.91665
0 0 0 0 1 5.83481
0 0 0 0 1 5.97112
0 0 0 0 1 5.94789
0 0 0 0 1 5.97209
0 0 0 0 1 6.06251
0 0 0 0 1 6.03276
0 0 0 0 1 6.11794
0 0 0 0 1 6.08165
0 0 0 0 1 6.18595
0 0 0 0 1 6.20018
0 0 0 0 0 9.42385
0 0 0 0 1 9.53822
0 0 0 0 1 9.54459
0 0 0 0 0 9.32482
0 0 0 0 1 9.33501
0 0 0 0 1 9.37926
0 0 0 0 1 9.30201
0 0 0 0 1 9.32422
0 0 0 0 1 9.20449
0 0 0 0 0 9.14694
0 0 0 0 1 9.23694
0 0 0 0 1 9.11542
0 0 0 0 1 9.04952
0 0 0 0 1 9.19359
0 0 0 0 0 9.15509
0 0 0 0 1 9.08061
0 0 0 0 1 9.08783
0 0 0 0 0 9.04677
0 0 0 0 1 8.96433
0 0 0 0 1 9.00438
0 0 0 0 1 8.90472
0 0 0 0 0 8.94801
0 0 0 0 1 8.92898
0 0 0 0 1 8.8659
0 0 0 0 1 8.90567
0 0 0 0 1 8.83427
0 0 0 0 1 8.85098
0 0 0 0 1 8.76475
0 0 0 0 1 8.77293
0 0 0 0 1 8.61244
0 0 0 0 1 8.74255
0 0 0 0 1 8.64364
0 0 0 0 1 8.56601
0 0 0 0 1 8.66606
0 0 0 0 1 8.49451
0 0 0 0 1 8.57717
0 0 0 0 1 8.48372
0 0 0 0 1 8.53202
0 0 0 0 0 8.42723
0 0 0 0 1 8.53486
0 0 0 0 1 8.37146
0 0 0 0 1 8.45352
0 0 0 0 1 8.46312
0 0 0 0 1 8.34324
0 0 0 0 1 8.39146
0 0 0 0 1 8.36432
0 0 0 0 0 8.27901
0 0 0 0 1 8.32265
0 0 0 0 1 8.31268
0 0 0 0 0 8.31109
0 0 0 0 1 8.22319
0 0 0 0 1 8.23018
0 0 0 0 1 8.25369
0 0 0 0 1 8.17864
0 0 0 0 1 8.12038
0 0 0 0 1 8.09516
0 0 0 0 0 8.19252
0 0 0 0 1 8.22443
0 0 0 0 1 8.05315
0 0 0 0 0 8.11784
0 0 0 0 1 8.06906
0 0 0 0 1 8.10134
0 0 0 0 1 8.14166
0 0 0 0 1 8.03301
0 0 0 0 1 8.02531
0 0 0 0 1 8.0418
0 0 0 0 0 7.98631
0 0 0 0 1 8.01101
0 0 0 0 0 7.91989
0 0 0 0 1 7.90503
0 0 0 0 0 7.90624
0 0 0 0 1 7.89964
0 0 0 0 0 7.97234
0 0 0 0 1 7.97737
0 0 0 0 0 7.95522
0 0 0 0 1 7.90965
0 0 0 0 1 7.84419
0 0 0 0 1 7.84969
0 0 0 0 1 7.79698
0 0 0 0 1 7.79157
0 0 0 0 1 7.89576
0 0 0 0 1 7.761
0 0 0 0 1 7.8418
0 0 0 0 1 7.81353
0 0 0 0 1 7.76527
0 0 0 0 1 7.75297
0 0 0 0 1 7.73612
