0 0 0 0 1 5.57508
0 0 0 0 0 5.54533
0 0 0 0 1 5.53787
0 0 0 0 1 5.54409
0 0 0 0 1 5.57586
0 0 0 0 1 5.61345
0 0 0 0 1 5.56636
0 0 0 0 0 5.64899
0 0 0 0 1 5.59957
0 0 0 0 1 5.59838
0 0 0 0 1 5.58603
0 0 0 0 0 5.58501
0 0 0 0 1 5.60322
0 0 0 0 1 5.61938
0 0 0 0 1 5.66405
0 0 0 0 0 5.69965
0 0 0 0 1 5.67084
0 0 0 0 0 5.70469
0 0 0 0 1 5.72735
0 0 0 0 1 5.68542
0 0 0 0 1 5.74258
0 0 0 0 1 5.78284
0 0 0 0 1 5.69113
0 0 0 0 1 5.76619
0 0 0 0 1 5.77414
0 0 0 0 1 5.8093
0 0 0 0 1 5.84469
0 0 0 0 1 5.85128
0 0 0 0 0 5.78817
0 0 0 0 1 5.78899
0 0 0 0 1 5.80742
0 0 0 0 1 5.86854
0 0 0 0 1 5.84785
0 0 0 0 1 5.92538
0 0 0 0 0 5.92682
0 0 0 0 1 5.83984
0 0 0 0 1 5.86487
0 0 0 0 1 5.97303
0 0 0 0 1 5.98077
0 0 0 0 1 5.89337
0 0 0 0 1 6.00252
0 0 0 0 1 6.00457
0 0 0 0 1 5.94808
0 0 0 0 1 5.99814
0 0 0 0 1 6.02441
0 0 0 0 0 6.02672
0 0 0 0 1 6.08839
0 0 0 0 1 6.03031
0 0 0 0 1 6.04497
0 0 0 0 0 6.15118
0 0 0 0 1 6.11739
0 0 0 0 1 6.10185
0 0 0 0 1 6.18965
0 0 0 0 1 6.19993
0 0 0 0 1 6.21544
0 0 0 0 1 6.14443
0 0 0 0 1 6.22197
0 0 0 0 1 6.24302
0 0 0 0 1 6.18405
0 0 0 0 1 6.23115
0 0 0 0 1 6.24623
0 0 0 0 1 6.23718
0 0 0 0 1 6.25965
0 0 0 0 0 6.2949
0 0 0 0 1 6.38109
0 0 0 0 1 6.38429
0 0 0 0 1 6.36278
0 0 0 0 0 6.38518
0 0 0 0 1 6.35713
0 0 0 0 1 6.45699
0 0 0 0 1 6.5259
0 0 0 0 1 6.53621
0 0 0 0 1 6.49523
0 0 0 0 1 6.46054
0 0 0 0 1 6.47143
0 0 0 0 1 6.51445
0 0 0 0 1 6.52485
0 0 0 0 1 6.58221
0 0 0 0 0 6.58627
0 0 0 0 1 6.68344
0 0 0 0 1 6.61443
0 0 0 0 1 6.68615
0 0 0 0 1 6.6777
0 0 0 0 1 6.7831
0 0 0 0 1 6.7067
0 0 0 0 0 6.77219
0 0 0 0 1 6.86538
0 0 0 0 1 6.88401
0 0 0 0 0 6.90959
0 0 0 0 1 6.92843
0 0 0 0 0 6.94044
0 0 0 0 1 6.93907
0 0 0 0 1 6.97197
0 0 0 0 1 6.91426
0 0 0 0 1 7.02431
0 0 0 0 1 7.05067
0 0 0 0 1 6.99897
0 0 0 0 1 7.0395
0 0 0 0 1 7.13011
0 0 0 0 1 7.09264
0 0 0 0 0 7.18399
0 0 0 0 1 7.27594
0 0 0 0 0 7.24517
0 0 0 0 0 7.19264
0 0 0 0 0 7.33616
0 0 0 0 1 7.28331
0 0 0 0 1 7.42822
0 0 0 0 1 7.33856
0 0 0 0 1 7.47717
0 0 0 0 1 7.4306
0 0 0 0 0 7.45875
0 0 0 0 1 7.58428
0 0 0 0 1 7.55978
0 0 0 0 0 7.60317
0 0 0 0 1 7.68528
0 0 0 0 1 7.64512
0 0 0 0 1 7.61978
0 0 0 0 1 7.7408
0 0 0 0 0 7.71529
0 0 0 0 0 7.79073
0 0 0 0 1 7.90624
0 0 0 0 1 7.94354
0 0 0 0 0 7.92521
0 0 0 0 1 7.88306
0 0 0 0 1 7.93557
0 0 0 0 1 8.06117
0 0 0 0 1 8.13127
0 0 0 0 1 8.0235
0 0 0 0 1 8.07675
0 0 0 0 0 8.13088
0 0 0 0 0 8.21762
0 0 0 0 1 8.305
0 0 0 0 1 8.24382
0 0 0 0 1 8.32325
0 0 0 0 1 8.32752
0 0 0 0 1 8.54296
0 0 0 0 1 8.42022
0 0 0 0 0 8.54379
0 0 0 0 1 8.53154
0 0 0 0 1 8.71679
0 0 0 0 1 8.60754
0 0 0 0 1 8.7247
0 0 0 0 1 8.74522
0 0 0 0 1 8.91756
0 0 0 0 1 8.82304
0 0 0 0 1 8.87895
0 0 0 0 1 9.03414
0 0 0 0 1 9.09106
0 0 0 0 1 9.18556
0 0 0 0 1 9.11473
0 0 0 0 1 9.23624
0 0 0 0 0 9.37729
0 0 0 0 1 9.24982
0 0 0 0 0 9.32464
0 0 0 0 1 9.50507
0 0 0 0 0 9.6004
0 0 0 0 1 9.68674
0 0 0 0 1 9.62035
0 0 0 0 1 9.7746
0 0 0 0 1 9.68567
0 0 0 0 0 9.8706
0 0 0 0 1 9.86047
0 0 0 0 0 9.97625
0 0 0 0 1 10.1346
0 0 0 0 1 10.1714
0 0 0 0 1 10.1073
0 0 0 0 1 10.2454
0 0 0 0 1 10.3017
0 0 0 0 1 10.3702
0 0 0 0 0 10.521
0 0 0 0 0 10.5461
0 0 0 0 0 10.6538
0 0 0 0 1 10.8394
0 0 0 0 1 10.7433
0 0 0 0 1 9.26867
0 0 0 0 1 9.19823
0 0 0 0 1 9.2163
0 0 0 0 1 9.27581
0 0 0 0 0 9.23845
0 0 0 0 0 9.17824
0 0 0 0 1 9.15055
0 0 0 0 1 9.09101
0 0 0 0 1 9.10031
0 0 0 0 0 9.06868
0 0 0 0 1 9.16
0 0 0 0 0 9.10134
0 0 0 0 1 9.09274
0 0 0 0 1 8.96674
0 0 0 0 1 9.08055
0 0 0 0 1 9.09029
0 0 0 0 1 9.01499
0 0 0 0 1 8.91745
0 0 0 0 1 8.99927
0 0 0 0 1 9.00051
0 0 0 0 1 8.99773
0 0 0 0 1 8.88358
0 0 0 0 1 8.92082
0 0 0 0 1 8.77196
0 0 0 0 1 8.9156
0 0 0 0 0 8.76362
0 0 0 0 0 8.73954
0 0 0 0 1 8.76842
0 0 0 0 1 8.82363
0 0 0 0 1 8.73853
0 0 0 0 1 8.77632
0 0 0 0 1 8.81917
0 0 0 0 1 8.68258
0 0 0 0 1 8.71192
0 0 0 0 1 8.7239
0 0 0 0 1 8.73596
0 0 0 0 1 8.67014
0 0 0 0 1 8.72572
0 0 0 0 1 8.72081
0 0 0 0 0 8.6988
0 0 0 0 1 8.67698
0 0 0 0 1 8.51783
0 0 0 0 0 8.59959
0 0 0 0 1 8.60411
0 0 0 0 1 8.63442
0 0 0 0 1 8.59642
0 0 0 0 1 8.48485
0 0 0 0 0 8.47297
0 0 0 0 1 8.64416
0 0 0 0 1 8.77824
0 0 0 0 1 8.87744
0 0 0 0 1 8.96776
0 0 0 0 1 9.13874
0 0 0 0 0 9.22831
0 0 0 0 1 9.28817
0 0 0 0 1 9.50764
0 0 0 0 1 9.72945
0 0 0 0 0 9.92409
0 0 0 0 1 9.94975
0 0 0 0 0 10.2045
0 0 0 0 0 10.2551
0 0 0 0 1 10.5212
0 0 0 0 0 10.6516
0 0 0 0 1 10.909
0 0 0 0 0 11.0348
0 0 0 0 1 11.2812
0 0 0 0 1 11.4925
0 0 0 0 0 11.8314
0 0 0 0 1 11.9819
0 0 0 0 1 12.2717
0 0 0 0 1 12.6862
0 0 0 0 1 12.9247
0 0 0 0 1 22.6828
0 0 0 0 1 22.9364
0 0 0 0 1 22.5983
0 0 0 0 0 22.4444
0 0 0 0 1 22.4496
0 0 0 0 1 22.4779
0 0 0 0 1 22.4839
0 0 0 0 1 22.4452
0 0 0 0 1 22.3617
0 0 0 0 1 22.7753
0 0 0 0 1 22.3767
0 0 0 0 1 22.768
0 0 0 0 1 22.3271
0 0 0 0 1 22.4936
0 0 0 0 1 22.4579
0 0 0 0 0 22.3101
0 0 0 0 1 22.6125
0 0 0 0 1 22.5106
0 0 0 0 1 22.9676
0 0 0 0 0 23.9067
0 0 0 0 0 25.0427
0 0 0 0 1 26.3958
0 0 0 0 1 36.454
0 0 0 0 0 36.1114
0 0 0 0 1 36.4611
0 0 0 0 1 36.0838
0 0 0 0 1 36.7201
0 0 0 0 1 38.4878
0 0 0 0 0 52.5874
0 0 0 0 1 52.1553
0 0 0 0 0 52.4536
0 0 0 0 1 51.7116
0 0 0 0 1 51.7511
0 0 0 0 0 56.4415
0 0 0 0 1 65.7898
0 0 0 0 0 69.3156
0 0 0 0 1 81.0737
0 0 0 0 0 5.05008
0 0 0 0 0 4.98996
0 0 0 0 0 4.99497
0 0 0 0 0 5.02002
0 0 0 0 0 5.05008
0 0 0 0 0 4.99497
0 0 0 0 0 4.96491
0 0 0 0 0 4.99998
0 0 0 0 0 4.98996
0 0 0 0 0 5.04507
0 0 0 0 0 4.96491
0 0 0 0 0 5.04507
0 0 0 0 1 87.766
0 0 0 0 1 86.7239
0 0 0 0 1 75.7461
0 0 0 0 0 64.3497
0 0 0 0 1 59.9817
0 0 0 0 0 60.7797
0 0 0 0 1 60.8522
0 0 0 0 1 51.2097
0 0 0 0 1 48.1791
0 0 0 0 1 48.1915
0 0 0 0 0 39.6276
0 0 0 0 0 36.5252
0 0 0 0 1 36.0245
0 0 0 0 1 35.5016
0 0 0 0 1 35.8349
0 0 0 0 1 35.67
0 0 0 0 1 28.0217
0 0 0 0 1 26.9643
0 0 0 0 1 25.4084
0 0 0 0 0 24.6638
0 0 0 0 1 24.6755
0 0 0 0 1 24.6138
0 0 0 0 1 24.6253
0 0 0 0 1 24.6138
0 0 0 0 1 24.5287
0 0 0 0 1 24.6168
0 0 0 0 1 24.9278
0 0 0 0 1 24.6216
0 0 0 0 1 24.6604
0 0 0 0 0 18.3091
0 0 0 0 1 17.5089
0 0 0 0 1 17.3121
0 0 0 0 1 16.8281
0 0 0 0 1 16.1795
0 0 0 0 1 15.9589
0 0 0 0 1 15.4699
0 0 0 0 1 14.97
0 0 0 0 1 14.6097
0 0 0 0 1 14.3942
0 0 0 0 1 14.1695
0 0 0 0 1 13.7481
0 0 0 0 1 13.7737
0 0 0 0 1 13.7718
0 0 0 0 1 13.8815
0 0 0 0 1 13.9079
0 0 0 0 0 14.0066
0 0 0 0 0 13.922
0 0 0 0 1 14.0891
0 0 0 0 0 14.0328
0 0 0 0 0 14.1191
0 0 0 0 1 13.9511
0 0 0 0 1 13.9373
0 0 0 0 0 14.0923
0 0 0 0 1 14.166
0 0 0 0 1 14.1953
0 0 0 0 1 14.0557
0 0 0 0 0 14.0316
0 0 0 0 1 14.2452
0 0 0 0 0 14.2756
0 0 0 0 1 14.2665
0 0 0 0 0 14.3117
0 0 0 0 0 14.2179
0 0 0 0 1 14.1497
0 0 0 0 1 14.1557
0 0 0 0 0 14.273
0 0 0 0 0 14.194
0 0 0 0 1 14.4265
0 0 0 0 1 14.262
0 0 0 0 1 14.4239
0 0 0 0 1 8.84357
0 0 0 0 1 8.74705
0 0 0 0 1 8.62445
0 0 0 0 1 8.41828
0 0 0 0 1 8.47486
0 0 0 0 1 8.30391
0 0 0 0 1 8.12774
0 0 0 0 0 8.08191
0 0 0 0 1 8.02024
0 0 0 0 0 7.94218
0 0 0 0 1 7.75602
0 0 0 0 1 7.77163
0 0 0 0 0 7.5727
0 0 0 0 0 7.54269
0 0 0 0 1 7.48176
0 0 0 0 0 7.32617
0 0 0 0 0 7.32426
0 0 0 0 1 7.20688
0 0 0 0 1 7.11919
0 0 0 0 1 7.02484
0 0 0 0 0 7.08557
0 0 0 0 0 6.93039
0 0 0 0 1 6.93326
0 0 0 0 1 6.78707
0 0 0 0 1 6.79119
0 0 0 0 1 6.66698
0 0 0 0 1 6.60372
0 0 0 0 1 6.63252
0 0 0 0 1 6.56214
0 0 0 0 0 6.38501
0 0 0 0 1 6.40568
0 0 0 0 0 6.28832
0 0 0 0 1 6.26633
0 0 0 0 1 6.19411
0 0 0 0 0 6.14702
0 0 0 0 1 6.16725
0 0 0 0 0 6.00436
0 0 0 0 1 6.00866
0 0 0 0 1 5.90798
0 0 0 0 1 5.94132
0 0 0 0 0 5.84726
0 0 0 0 1 5.76857
0 0 0 0 0 5.78883
0 0 0 0 1 5.75656
0 0 0 0 1 5.63018
0 0 0 0 1 5.66051
0 0 0 0 1 5.56102
0 0 0 0 0 5.50996
0 0 0 0 1 5.55008
0 0 0 0 1 5.50134
0 0 0 0 0 5.40389
0 0 0 0 1 5.36985
0 0 0 0 1 5.35199
0 0 0 0 0 5.34147
0 0 0 0 1 5.24389
0 0 0 0 0 5.20191
0 0 0 0 1 5.25187
0 0 0 0 1 5.14021
0 0 0 0 1 5.13775
0 0 0 0 1 5.0685
0 0 0 0 1 5.11334
0 0 0 0 1 5.02938
0 0 0 0 1 5.05967
0 0 0 0 1 5.03122
0 0 0 0 1 4.96322
0 0 0 0 1 4.94985
0 0 0 0 1 4.85821
0 0 0 0 0 4.89208
0 0 0 0 1 4.81097
0 0 0 0 0 4.83426
0 0 0 0 1 4.80256
0 0 0 0 1 4.84919
0 0 0 0 1 4.91074
0 0 0 0 1 4.90328
0 0 0 0 1 4.93603
0 0 0 0 1 4.95919
0 0 0 0 1 4.93815
0 0 0 0 1 4.96026
0 0 0 0 1 4.98369
0 0 0 0 1 4.98735
0 0 0 0 1 5.03471
0 0 0 0 1 5.0135
0 0 0 0 1 5.05243
0 0 0 0 0 5.01088
0 0 0 0 1 5.08042
0 0 0 0 1 5.04876
0 0 0 0 0 5.12399
0 0 0 0 1 5.14852
0 0 0 0 1 5.15126
0 0 0 0 1 5.13989
0 0 0 0 1 5.15943
0 0 0 0 1 5.18427
0 0 0 0 1 5.16753
0 0 0 0 1 5.19248
0 0 0 0 1 5.29113
0 0 0 0 1 5.32718
0 0 0 0 1 5.26956
0 0 0 0 0 5.27378
0 0 0 0 1 5.31002
0 0 0 0 1 5.31429
0 0 0 0 0 5.3616
0 0 0 0 1 5.38365
0 0 0 0 1 5.40976
0 0 0 0 1 5.47961
0 0 0 0 1 5.46783
0 0 0 0 1 5.52337
0 0 0 0 1 5.51146
0 0 0 0 1 5.50087
0 0 0 0 1 5.52201
0 0 0 0 1 5.55593
0 0 0 0 1 5.66161
0 0 0 0 1 5.60585
0 0 0 0 0 5.67843
0 0 0 0 1 5.71321
0 0 0 0 1 5.68934
0 0 0 0 1 5.80473
0 0 0 0 1 5.74188
0 0 0 0 1 5.78283
0 0 0 0 1 5.79328
0 0 0 0 0 5.90492
0 0 0 0 1 5.9291
0 0 0 0 1 5.91781
0 0 0 0 1 5.94193
0 0 0 0 1 5.93021
0 0 0 0 1 6.02643
0 0 0 0 1 6.00254
0 0 0 0 1 6.03288
0 0 0 0 1 6.13661
0 0 0 0 0 6.1614
0 0 0 0 1 6.12607
0 0 0 0 1 9.60471
0 0 0 0 1 9.5477
0 0 0 0 1 9.42174
0 0 0 0 1 9.36249
0 0 0 0 1 9.3444
0 0 0 0 1 9.34185
0 0 0 0 1 9.38589
0 0 0 0 1 9.34281
0 0 0 0 1 9.18597
0 0 0 0 0 9.21155
0 0 0 0 1 9.13573
0 0 0 0 0 9.16127
0 0 0 0 1 9.04952
0 0 0 0 0 9.18448
0 0 0 0 0 9.05518
0 0 0 0 1 9.01724
0 0 0 0 0 8.99759
0 0 0 0 1 9.06477
0 0 0 0 1 8.89255
0 0 0 0 1 8.95963
0 0 0 0 1 9.00286
0 0 0 0 0 8.82348
0 0 0 0 1 8.95558
0 0 0 0 1 8.76866
0 0 0 0 0 8.89685
0 0 0 0 1 8.72879
0 0 0 0 1 8.78087
0 0 0 0 1 8.81723
0 0 0 0 1 8.73805
0 0 0 0 0 8.62984
0 0 0 0 1 8.63847
0 0 0 0 1 8.56577
0 0 0 0 1 8.64364
0 0 0 0 1 8.62304
0 0 0 0 1 8.65753
0 0 0 0 0 8.59429
0 0 0 0 0 8.552
0 0 0 0 1 8.43835
0 0 0 0 1 8.56315
0 0 0 0 1 8.39077
0 0 0 0 1 8.52366
0 0 0 0 1 8.37759
0 0 0 0 1 8.47994
0 0 0 0 1 8.37681
0 0 0 0 1 8.31608
0 0 0 0 0 8.29747
0 0 0 0 1 8.37072
0 0 0 0 1 8.35591
0 0 0 0 1 8.32927
0 0 0 0 1 8.26143
0 0 0 0 1 8.34715
0 0 0 0 1 8.31265
0 0 0 0 1 8.1714
0 0 0 0 0 8.17043
0 0 0 0 1 8.17774
0 0 0 0 1 8.22599
0 0 0 0 0 8.10276
0 0 0 0 1 8.07786
0 0 0 0 0 8.15066
0 0 0 0 1 8.06918
0 0 0 0 1 8.12571
0 0 0 0 1 8.10134
0 0 0 0 1 8.07717
0 0 0 0 0 8.08131
0 0 0 0 0 7.96104
0 0 0 0 1 8.0899
0 0 0 0 1 8.05033
0 0 0 0 0 7.93114
0 0 0 0 0 7.91191
0 0 0 0 1 8.03241
0 0 0 0 0 7.92214
0 0 0 0 1 7.87584
0 0 0 0 1 7.94859
0 0 0 0 1 7.94574
0 0 0 0 1 7.93155
0 0 0 0 1 7.88601
0 0 0 0 0 7.93073
0 0 0 0 1 7.88112
0 0 0 0 0 7.78129
0 0 0 0 1 7.9012
0 0 0 0 1 7.88794
0 0 0 0 1 7.82346
0 0 0 0 1 7.77944
0 0 0 0 1 7.80574
0 0 0 0 1 7.843
0 0 0 0 1 7.78402
0 0 0 0 1 7.67411
