0 0 0 0 0 5.49187
0 0 0 0 1 5.53978
0 0 0 0 0 5.55457
0 0 0 0 0 5.59424
0 0 0 0 1 5.52563
0 0 0 0 1 5.6414
0 0 0 0 1 5.57754
0 0 0 0 1 5.56493
0 0 0 0 1 5.63885
0 0 0 0 1 5.64897
0 0 0 0 1 5.60292
0 0 0 0 1 5.61322
0 0 0 0 0 5.59757
0 0 0 0 1 5.68729
0 0 0 0 1 5.64704
0 0 0 0 1 5.63721
0 0 0 0 1 5.63102
0 0 0 0 1 5.6534
0 0 0 0 1 5.70451
0 0 0 0 1 5.74828
0 0 0 0 0 5.75975
0 0 0 0 1 5.75415
0 0 0 0 0 5.71987
0 0 0 0 1 5.71434
0 0 0 0 0 5.80298
0 0 0 0 1 5.79196
0 0 0 0 1 5.7578
0 0 0 0 1 5.77001
0 0 0 0 1 5.75909
0 0 0 0 1 5.83563
0 0 0 0 1 5.86
0 0 0 0 1 5.85684
0 0 0 0 1 5.89472
0 0 0 0 0 5.81968
0 0 0 0 1 5.91505
0 0 0 0 1 5.94012
0 0 0 0 1 5.90625
0 0 0 0 1 5.93155
0 0 0 0 1 5.9095
0 0 0 0 1 5.91718
0 0 0 0 1 5.96075
0 0 0 0 1 5.94477
0 0 0 0 1 5.95407
0 0 0 0 1 5.9441
0 0 0 0 0 6.04246
0 0 0 0 1 6.05085
0 0 0 0 1 6.03393
0 0 0 0 1 6.04245
0 0 0 0 1 6.12403
0 0 0 0 1 6.08412
0 0 0 0 1 6.0685
0 0 0 0 1 6.16311
0 0 0 0 1 6.11589
0 0 0 0 0 6.1753
0 0 0 0 1 6.14138
0 0 0 0 1 6.18156
0 0 0 0 0 6.25299
0 0 0 0 1 6.21812
0 0 0 0 1 6.27141
0 0 0 0 1 6.24992
0 0 0 0 0 6.22112
0 0 0 0 0 6.26235
0 0 0 0 1 6.24703
0 0 0 0 0 6.28857
0 0 0 0 1 6.31132
0 0 0 0 0 6.38429
0 0 0 0 1 6.33725
0 0 0 0 1 6.45562
0 0 0 0 1 6.47272
0 0 0 0 1 6.43766
0 0 0 0 1 6.43544
0 0 0 0 1 6.54918
0 0 0 0 1 6.48223
0 0 0 0 0 6.58441
0 0 0 0 1 6.51719
0 0 0 0 1 6.54069
0 0 0 0 1 6.55119
0 0 0 0 0 6.53599
0 0 0 0 0 6.63265
0 0 0 0 1 6.58369
0 0 0 0 0 6.72123
0 0 0 0 1 6.62591
0 0 0 0 1 6.65757
0 0 0 0 1 6.71574
0 0 0 0 1 6.75402
0 0 0 0 1 6.75184
0 0 0 0 1 6.77002
0 0 0 0 1 6.87033
0 0 0 0 1 6.82039
0 0 0 0 1 6.95597
0 0 0 0 1 6.98191
0 0 0 0 1 6.87668
0 0 0 0 1 7.01372
0 0 0 0 1 6.93521
0 0 0 0 1 6.96822
0 0 0 0 1 7.00141
0 0 0 0 1 7.07674
0 0 0 0 1 7.16013
0 0 0 0 1 7.07313
0 0 0 0 1 7.16414
0 0 0 0 1 7.13375
0 0 0 0 0 7.18229
0 0 0 0 1 7.31031
0 0 0 0 1 7.29436
0 0 0 0 1 7.32886
0 0 0 0 1 7.34926
0 0 0 0 0 7.39141
0 0 0 0 1 7.4493
0 0 0 0 1 7.43266
0 0 0 0 1 7.46041
0 0 0 0 0 7.41386
0 0 0 0 1 7.50159
0 0 0 0 1 7.62775
0 0 0 0 0 7.62594
0 0 0 0 1 7.55579
0 0 0 0 1 7.62982
0 0 0 0 0 7.70436
0 0 0 0 1 7.7099
0 0 0 0 1 7.76962
0 0 0 0 1 7.77513
0 0 0 0 1 7.82013
0 0 0 0 1 7.8413
0 0 0 0 1 7.96476
0 0 0 0 1 7.96253
0 0 0 0 1 7.94356
0 0 0 0 1 7.99694
0 0 0 0 0 8.0748
0 0 0 0 1 8.03161
0 0 0 0 1 8.10935
0 0 0 0 1 8.24552
0 0 0 0 1 8.25879
0 0 0 0 1 8.31328
0 0 0 0 1 8.38523
0 0 0 0 0 8.29816
0 0 0 0 1 8.42005
0 0 0 0 1 8.38225
0 0 0 0 0 8.46275
0 0 0 0 1 8.56944
0 0 0 0 1 8.60887
0 0 0 0 1 8.69951
0 0 0 0 1 8.62493
0 0 0 0 1 8.76841
0 0 0 0 1 8.71883
0 0 0 0 1 8.82918
0 0 0 0 1 8.81414
0 0 0 0 1 8.87895
0 0 0 0 1 8.98911
0 0 0 0 1 8.97323
0 0 0 0 1 9.17644
0 0 0 0 0 9.18808
0 0 0 0 1 9.13474
0 0 0 0 1 9.20089
0 0 0 0 0 9.30582
0 0 0 0 1 9.49384
0 0 0 0 0 9.54291
0 0 0 0 1 9.43849
0 0 0 0 1 9.61002
0 0 0 0 1 9.6686
0 0 0 0 1 9.73574
0 0 0 0 1 9.74437
0 0 0 0 0 9.92971
0 0 0 0 1 9.91993
0 0 0 0 1 10.0462
0 0 0 0 0 10.0441
0 0 0 0 1 10.07
0 0 0 0 1 10.1073
0 0 0 0 1 10.2659
0 0 0 0 1 10.4363
0 0 0 0 1 10.3181
0 0 0 0 1 10.479
0 0 0 0 1 10.6836
0 0 0 0 1 10.6752
0 0 0 0 1 10.6568
0 0 0 0 1 10.8191
0 0 0 0 1 9.32451
0 0 0 0 1 9.27249
0 0 0 0 1 9.2163
0 0 0 0 1 9.2481
0 0 0 0 0 9.28455
0 0 0 0 1 9.18743
0 0 0 0 1 9.25151
0 0 0 0 1 9.20087
0 0 0 0 1 9.10031
0 0 0 0 1 9.15982
0 0 0 0 1 9.01446
0 0 0 0 1 9.00153
0 0 0 0 1 9.13803
0 0 0 0 0 9.07521
0 0 0 0 1 9.07153
0 0 0 0 1 9.07229
0 0 0 0 1 9.04192
0 0 0 0 1 9.01603
0 0 0 0 1 8.86509
0 0 0 0 0 8.90229
0 0 0 0 1 8.98883
0 0 0 0 1 8.80354
0 0 0 0 1 8.80543
0 0 0 0 1 8.89601
0 0 0 0 1 8.78293
0 0 0 0 1 8.87835
0 0 0 0 0 8.86288
0 0 0 0 1 8.82998
0 0 0 0 1 8.81485
0 0 0 0 0 8.78235
0 0 0 0 0 8.75882
0 0 0 0 1 8.74931
0 0 0 0 1 8.67387
0 0 0 0 1 8.79025
0 0 0 0 1 8.71521
0 0 0 0 1 8.64053
0 0 0 0 0 8.63549
0 0 0 0 0 8.73437
0 0 0 0 1 8.55676
0 0 0 0 1 8.65569
0 0 0 0 1 8.61672
0 0 0 0 1 8.57799
0 0 0 0 1 8.66825
0 0 0 0 1 8.56126
0 0 0 0 1 8.54029
0 0 0 0 1 8.51097
0 0 0 0 1 8.51046
0 0 0 0 1 8.60083
0 0 0 0 1 8.61843
0 0 0 0 1 8.61294
0 0 0 0 1 8.89509
0 0 0 0 1 8.90505
0 0 0 0 1 9.15693
0 0 0 0 0 9.32992
0 0 0 0 0 9.43828
0 0 0 0 0 9.49811
0 0 0 0 1 9.60359
0 0 0 0 1 9.76657
0 0 0 0 1 9.95976
0 0 0 0 1 10.2554
0 0 0 0 1 10.3898
0 0 0 0 1 10.4895
0 0 0 0 1 10.8127
0 0 0 0 1 10.9199
0 0 0 0 0 11.0348
0 0 0 0 1 11.4175
0 0 0 0 1 11.562
0 0 0 0 1 11.855
0 0 0 0 1 12.1748
0 0 0 0 1 12.1856
0 0 0 0 1 12.4725
0 0 0 0 1 12.9247
0 0 0 0 1 22.8419
0 0 0 0 1 22.5731
0 0 0 0 1 22.621
0 0 0 0 1 22.5804
0 0 0 0 1 22.5629
0 0 0 0 1 22.5232
0 0 0 0 1 22.8232
0 0 0 0 1 22.4226
0 0 0 0 1 22.4972
0 0 0 0 1 22.5947
0 0 0 0 1 22.7376
0 0 0 0 1 22.6553
0 0 0 0 1 22.5749
0 0 0 0 1 22.4936
0 0 0 0 1 22.6604
0 0 0 0 1 22.4675
0 0 0 0 1 22.2978
0 0 0 0 1 22.5106
0 0 0 0 1 23.0836
0 0 0 0 1 23.9549
0 0 0 0 1 24.892
0 0 0 0 1 26.1598
0 0 0 0 1 36.5269
0 0 0 0 1 36.7303
0 0 0 0 1 36.4975
0 0 0 0 1 36.4111
0 0 0 0 1 36.2106
0 0 0 0 0 38.7189
0 0 0 0 1 52.5874
0 0 0 0 1 51.6348
0 0 0 0 1 51.8291
0 0 0 0 0 52.2838
0 0 0 0 1 52.2712
0 0 0 0 1 56.949
0 0 0 0 1 65.6589
0 0 0 0 0 70.0819
0 0 0 0 1 81.401
0 0 0 0 0 4.99497
0 0 0 0 0 5.03505
0 0 0 0 0 5.05008
0 0 0 0 0 4.98996
0 0 0 0 0 5.02002
0 0 0 0 0 4.97493
0 0 0 0 0 4.97994
0 0 0 0 0 5.00499
0 0 0 0 0 4.98495
0 0 0 0 0 5.03004
0 0 0 0 0 5.04006
0 0 0 0 0 5.02002
0 0 0 0 1 87.6784
0 0 0 0 1 87.8627
0 0 0 0 1 75.5206
0 0 0 0 1 63.7751
0 0 0 0 1 60.8896
0 0 0 0 1 60.9614
0 0 0 0 1 60.3073
0 0 0 0 1 51.1582
0 0 0 0 1 47.8432
0 0 0 0 1 48.2875
0 0 0 0 1 39.2349
0 0 0 0 1 36.783
0 0 0 0 1 35.9888
0 0 0 0 1 35.7871
0 0 0 0 1 35.6564
0 0 0 0 0 35.3486
0 0 0 0 1 28.2744
0 0 0 0 1 26.7499
0 0 0 0 1 25.5109
0 0 0 0 1 24.5407
0 0 0 0 1 24.5524
0 0 0 0 1 24.466
0 0 0 0 1 24.6253
0 0 0 0 1 24.4412
0 0 0 0 1 24.8001
0 0 0 0 1 24.5427
0 0 0 0 1 24.9525
0 0 0 0 0 24.5969
0 0 0 0 1 24.982
0 0 0 0 1 18.2181
0 0 0 0 1 17.8449
0 0 0 0 0 17.0886
0 0 0 0 0 16.6441
0 0 0 0 1 16.2447
0 0 0 0 1 15.8477
0 0 0 0 1 15.5938
0 0 0 0 1 15.2119
0 0 0 0 0 14.8163
0 0 0 0 1 14.3077
0 0 0 0 1 14.0426
0 0 0 0 0 13.7898
0 0 0 0 1 13.9961
0 0 0 0 1 14.0222
0 0 0 0 1 14.0625
0 0 0 0 1 13.8661
0 0 0 0 0 13.9089
0 0 0 0 1 14.0477
0 0 0 0 1 13.9633
0 0 0 0 1 14.0049
0 0 0 0 1 14.1471
0 0 0 0 1 14.0632
0 0 0 0 1 14.0777
0 0 0 0 1 13.9518
0 0 0 0 1 13.969
0 0 0 0 0 13.9418
0 0 0 0 1 14.1826
0 0 0 0 1 14.0174
0 0 0 0 1 14.0615
0 0 0 0 0 14.2332
0 0 0 0 0 14.1532
0 0 0 0 0 14.0422
0 0 0 0 1 14.1895
0 0 0 0 1 14.0786
0 0 0 0 1 14.2839
0 0 0 0 1 14.216
0 0 0 0 1 14.3225
0 0 0 0 1 14.4408
0 0 0 0 1 14.3336
0 0 0 0 1 14.2232
0 0 0 0 1 8.73766
0 0 0 0 1 8.74705
0 0 0 0 1 8.58146
0 0 0 0 1 8.51172
0 0 0 0 1 8.43291
0 0 0 0 1 8.36193
0 0 0 0 1 8.12774
0 0 0 0 1 8.13854
0 0 0 0 1 8.01225
0 0 0 0 1 7.84735
0 0 0 0 1 7.74038
0 0 0 0 1 7.75618
0 0 0 0 1 7.61855
0 0 0 0 1 7.49734
0 0 0 0 1 7.40701
0 0 0 0 1 7.38537
0 0 0 0 1 7.25109
0 0 0 0 1 7.27931
0 0 0 0 1 7.21956
0 0 0 0 0 7.1029
0 0 0 0 0 7.0013
0 0 0 0 1 6.90952
0 0 0 0 0 6.87818
0 0 0 0 1 6.85528
0 0 0 0 1 6.81822
0 0 0 0 0 6.64021
0 0 0 0 1 6.56394
0 0 0 0 1 6.58656
0 0 0 0 0 6.52312
0 0 0 0 1 6.4624
0 0 0 0 1 6.43761
0 0 0 0 1 6.28198
0 0 0 0 1 6.27261
0 0 0 0 1 6.26882
0 0 0 0 1 6.1964
0 0 0 0 0 6.09383
0 0 0 0 1 6.11353
0 0 0 0 1 6.08091
0 0 0 0 1 5.99749
0 0 0 0 0 5.97093
0 0 0 0 1 5.85313
0 0 0 0 1 5.80936
0 0 0 0 0 5.731
0 0 0 0 0 5.69917
0 0 0 0 1 5.6643
0 0 0 0 0 5.69437
0 0 0 0 1 5.57782
0 0 0 0 1 5.60458
0 0 0 0 1 5.5556
0 0 0 0 1 5.44655
0 0 0 0 0 5.47456
0 0 0 0 1 5.43467
0 0 0 0 1 5.31978
0 0 0 0 0 5.28822
0 0 0 0 1 5.26505
0 0 0 0 1 5.2334
0 0 0 0 0 5.24665
0 0 0 0 0 5.22829
0 0 0 0 1 5.13775
0 0 0 0 1 5.16567
0 0 0 0 0 5.0474
0 0 0 0 1 5.06969
0 0 0 0 1 4.96439
0 0 0 0 1 4.97144
0 0 0 0 1 4.92858
0 0 0 0 1 4.89087
0 0 0 0 1 4.85333
0 0 0 0 1 4.81921
0 0 0 0 1 4.8737
0 0 0 0 1 4.77648
0 0 0 0 1 4.82187
0 0 0 0 1 4.83466
0 0 0 0 1 4.88643
0 0 0 0 0 4.82529
0 0 0 0 1 4.93114
0 0 0 0 0 4.95428
0 0 0 0 1 4.95294
0 0 0 0 0 4.90591
0 0 0 0 1 4.98369
0 0 0 0 1 4.99731
0 0 0 0 1 5.01974
0 0 0 0 0 4.99848
0 0 0 0 1 5.05243
0 0 0 0 1 5.04116
0 0 0 0 1 5.08549
0 0 0 0 1 5.04367
0 0 0 0 1 5.05764
0 0 0 0 1 5.10754
0 0 0 0 1 5.16667
0 0 0 0 1 5.13989
0 0 0 0 1 5.19566
0 0 0 0 1 5.17908
0 0 0 0 0 5.16753
0 0 0 0 0 5.18725
0 0 0 0 0 5.21232
0 0 0 0 1 5.28499
0 0 0 0 1 5.30667
0 0 0 0 1 5.2791
0 0 0 0 0 5.38481
0 0 0 0 1 5.37328
0 0 0 0 1 5.35622
0 0 0 0 1 5.41611
0 0 0 0 1 5.44235
0 0 0 0 1 5.46871
0 0 0 0 0 5.44593
0 0 0 0 1 5.53987
0 0 0 0 1 5.48937
0 0 0 0 1 5.60634
0 0 0 0 1 5.56102
0 0 0 0 1 5.55033
0 0 0 0 0 5.58852
0 0 0 0 1 5.69627
0 0 0 0 0 5.63872
0 0 0 0 1 5.6676
0 0 0 0 1 5.7294
0 0 0 0 1 5.77597
0 0 0 0 1 5.76501
0 0 0 0 1 5.8642
0 0 0 0 1 5.80495
0 0 0 0 1 5.84042
0 0 0 0 1 5.91142
0 0 0 0 1 5.89411
0 0 0 0 0 6.00742
0 0 0 0 1 6.03792
0 0 0 0 0 6.02643
0 0 0 0 1 6.08716
0 0 0 0 1 6.09971
0 0 0 0 1 6.14882
0 0 0 0 1 6.15527
0 0 0 0 1 6.11372
0 0 0 0 0 9.59519
0 0 0 0 1 9.52874
0 0 0 0 1 9.47844
0 0 0 0 1 9.4661
0 0 0 0 1 9.3444
0 0 0 0 1 9.37926
0 0 0 0 0 9.28337
0 0 0 0 1 9.32422
0 0 0 0 1 9.30635
0 0 0 0 1 9.15617
0 0 0 0 1 9.14494
0 0 0 0 1 9.10625
0 0 0 0 1 9.19577
0 0 0 0 0 9.13892
0 0 0 0 0 9.05518
0 0 0 0 0 9.09872
0 0 0 0 0 8.96149
0 0 0 0 1 8.99276
0 0 0 0 1 8.92844
0 0 0 0 1 8.88802
0 0 0 0 1 8.98502
0 0 0 0 1 8.91243
0 0 0 0 1 8.83144
0 0 0 0 1 8.88357
0 0 0 0 1 8.83513
0 0 0 0 1 8.87822
0 0 0 0 1 8.72829
0 0 0 0 1 8.73851
0 0 0 0 1 8.65956
0 0 0 0 1 8.65594
0 0 0 0 0 8.62979
0 0 0 0 1 8.66094
0 0 0 0 1 8.60051
0 0 0 0 1 8.66606
0 0 0 0 1 8.54599
0 0 0 0 1 8.63709
0 0 0 0 1 8.60321
0 0 0 0 0 8.53202
0 0 0 0 0 8.41873
0 0 0 0 1 8.39077
0 0 0 0 1 8.41374
0 0 0 0 1 8.36072
0 0 0 0 0 8.39581
0 0 0 0 1 8.33484
0 0 0 0 1 8.39146
0 0 0 0 0 8.30583
0 0 0 0 1 8.39573
0 0 0 0 1 8.30602
0 0 0 0 1 8.21312
0 0 0 0 1 8.34421
0 0 0 0 1 8.2893
0 0 0 0 1 8.27966
0 0 0 0 1 8.14671
0 0 0 0 1 8.2197
0 0 0 0 1 8.13677
0 0 0 0 1 8.19328
0 0 0 0 1 8.22516
0 0 0 0 0 8.21629
0 0 0 0 1 8.16692
0 0 0 0 1 8.06107
0 0 0 0 1 8.02859
0 0 0 0 0 8.1175
0 0 0 0 1 8.1336
0 0 0 0 1 8.06521
0 0 0 0 1 8.00121
0 0 0 0 1 8.05783
0 0 0 0 1 7.93829
0 0 0 0 1 7.92316
0 0 0 0 1 7.89596
0 0 0 0 1 7.98464
0 0 0 0 1 7.99365
0 0 0 0 1 7.94722
0 0 0 0 1 7.98818
0 0 0 0 1 7.92993
0 0 0 0 1 7.82895
0 0 0 0 0 7.83874
0 0 0 0 1 7.89139
0 0 0 0 1 7.81826
0 0 0 0 0 7.89111
0 0 0 0 1 7.81506
0 0 0 0 1 7.84885
0 0 0 0 1 7.76881
0 0 0 0 0 7.73267
0 0 0 0 0 7.83687
0 0 0 0 1 7.7575
0 0 0 0 1 7.81506
0 0 0 0 0 7.82139
