0 0 0 0 1 5.51406
0 0 0 0 1 5.58423
0 0 0 0 0 5.51561
0 0 0 0 0 5.6221
0 0 0 0 1 5.53121
0 0 0 0 1 5.63581
0 0 0 0 0 5.61111
0 0 0 0 1 5.64339
0 0 0 0 1 5.66129
0 0 0 0 1 5.60962
0 0 0 0 1 5.60292
0 0 0 0 1 5.61886
0 0 0 0 1 5.64276
0 0 0 0 0 5.65333
0 0 0 0 0 5.67539
0 0 0 0 0 5.66559
0 0 0 0 1 5.6424
0 0 0 0 1 5.6762
0 0 0 0 1 5.68738
0 0 0 0 1 5.73113
0 0 0 0 1 5.77693
0 0 0 0 1 5.68531
0 0 0 0 1 5.78886
0 0 0 0 1 5.80075
0 0 0 0 1 5.77414
0 0 0 0 1 5.73415
0 0 0 0 1 5.78676
0 0 0 0 0 5.85709
0 0 0 0 1 5.79399
0 0 0 0 1 5.78316
0 0 0 0 1 5.80742
0 0 0 0 1 5.86854
0 0 0 0 1 5.88886
0 0 0 0 1 5.8138
0 0 0 0 0 5.84442
0 0 0 0 1 5.92832
0 0 0 0 1 5.94173
0 0 0 0 1 5.97895
0 0 0 0 1 5.93326
0 0 0 0 1 5.9648
0 0 0 0 0 6.00848
0 0 0 0 0 6.01056
0 0 0 0 1 6.00798
0 0 0 0 1 5.98613
0 0 0 0 1 6.00033
0 0 0 0 1 5.99052
0 0 0 0 1 6.02787
0 0 0 0 1 6.04245
0 0 0 0 1 6.09362
0 0 0 0 1 6.03535
0 0 0 0 0 6.05016
0 0 0 0 1 6.09572
0 0 0 0 1 6.15277
0 0 0 0 0 6.19993
0 0 0 0 0 6.23396
0 0 0 0 1 6.12587
0 0 0 0 1 6.23438
0 0 0 0 1 6.19323
0 0 0 0 1 6.29637
0 0 0 0 1 6.24366
0 0 0 0 0 6.21484
0 0 0 0 1 6.23718
0 0 0 0 1 6.3543
0 0 0 0 1 6.36449
0 0 0 0 1 6.30498
0 0 0 0 1 6.39702
0 0 0 0 1 6.42022
0 0 0 0 1 6.37237
0 0 0 0 1 6.41493
0 0 0 0 1 6.48277
0 0 0 0 0 6.39667
0 0 0 0 1 6.47137
0 0 0 0 1 6.46272
0 0 0 0 1 6.4801
0 0 0 0 1 6.54987
0 0 0 0 1 6.57349
0 0 0 0 1 6.53144
0 0 0 0 1 6.66143
0 0 0 0 1 6.65915
0 0 0 0 1 6.70339
0 0 0 0 1 6.61443
0 0 0 0 1 6.75308
0 0 0 0 1 6.69113
0 0 0 0 1 6.74942
0 0 0 0 0 6.80135
0 0 0 0 1 6.75862
0 0 0 0 0 6.7564
0 0 0 0 1 6.82248
0 0 0 0 1 6.8547
0 0 0 0 1 6.93531
0 0 0 0 0 6.90587
0 0 0 0 1 6.91134
0 0 0 0 1 6.93718
0 0 0 0 1 7.02601
0 0 0 0 1 6.94719
0 0 0 0 1 7.09289
0 0 0 0 1 7.11209
0 0 0 0 1 7.0253
0 0 0 0 0 7.06601
0 0 0 0 1 7.21419
0 0 0 0 1 7.18399
0 0 0 0 0 7.22551
0 0 0 0 1 7.29584
0 0 0 0 1 7.30162
0 0 0 0 1 7.34346
0 0 0 0 1 7.28331
0 0 0 0 1 7.4135
0 0 0 0 1 7.41977
0 0 0 0 0 7.38815
0 0 0 0 1 7.40824
0 0 0 0 1 7.41386
0 0 0 0 1 7.50159
0 0 0 0 1 7.58999
0 0 0 0 1 7.61835
0 0 0 0 1 7.67766
0 0 0 0 1 7.62217
0 0 0 0 1 7.63516
0 0 0 0 1 7.78715
0 0 0 0 1 7.71529
0 0 0 0 0 7.80632
0 0 0 0 1 7.83579
0 0 0 0 0 7.80197
0 0 0 0 1 7.87776
0 0 0 0 1 7.97842
0 0 0 0 1 7.95954
0 0 0 0 1 8.06117
0 0 0 0 1 8.04253
0 0 0 0 1 8.14507
0 0 0 0 0 8.1175
0 0 0 0 1 8.24552
0 0 0 0 0 8.25056
0 0 0 0 1 8.28844
0 0 0 0 1 8.26877
0 0 0 0 0 8.39854
0 0 0 0 1 8.43688
0 0 0 0 1 8.39071
0 0 0 0 1 8.46275
0 0 0 0 1 8.53523
0 0 0 0 0 8.61746
0 0 0 0 0 8.6736
0 0 0 0 0 8.60754
0 0 0 0 1 8.67224
0 0 0 0 1 8.82441
0 0 0 0 0 8.78499
0 0 0 0 1 8.94755
0 0 0 0 1 8.90581
0 0 0 0 1 8.98911
0 0 0 0 1 9.082
0 0 0 0 1 9.16733
0 0 0 0 1 9.07805
0 0 0 0 1 9.21778
0 0 0 0 1 9.33087
0 0 0 0 1 9.41782
0 0 0 0 1 9.33404
0 0 0 0 1 9.41995
0 0 0 0 0 9.51468
0 0 0 0 1 9.64838
0 0 0 0 1 9.71685
0 0 0 0 1 9.70659
0 0 0 0 0 9.83242
0 0 0 0 1 9.8706
0 0 0 0 1 9.95957
0 0 0 0 1 10.0761
0 0 0 0 1 10.1246
0 0 0 0 0 10.141
0 0 0 0 1 10.2807
0 0 0 0 1 10.2248
0 0 0 0 1 10.2913
0 0 0 0 1 10.4432
0 0 0 0 1 10.584
0 0 0 0 0 10.4826
0 0 0 0 0 10.6538
0 0 0 0 1 10.8179
0 0 0 0 1 10.9057
0 0 0 0 1 9.38965
0 0 0 0 1 9.19823
0 0 0 0 1 9.25335
0 0 0 0 1 9.32201
0 0 0 0 1 9.14625
0 0 0 0 0 9.16904
0 0 0 0 1 9.15055
0 0 0 0 1 9.08185
0 0 0 0 1 9.20081
0 0 0 0 1 9.19628
0 0 0 0 1 9.18729
0 0 0 0 1 9.11949
0 0 0 0 1 9.09274
0 0 0 0 1 8.98482
0 0 0 0 1 9.03546
0 0 0 0 1 8.91929
0 0 0 0 1 8.89826
0 0 0 0 1 8.93537
0 0 0 0 1 8.88298
0 0 0 0 1 8.90229
0 0 0 0 0 8.93537
0 0 0 0 0 8.91915
0 0 0 0 1 8.94745
0 0 0 0 1 8.82512
0 0 0 0 1 8.89791
0 0 0 0 0 8.88718
0 0 0 0 1 8.84526
0 0 0 0 1 8.80359
0 0 0 0 1 8.82363
0 0 0 0 1 8.82618
0 0 0 0 1 8.70632
0 0 0 0 0 8.68819
0 0 0 0 1 8.79591
0 0 0 0 1 8.651
0 0 0 0 1 8.62832
0 0 0 0 1 8.6492
0 0 0 0 1 8.62683
0 0 0 0 1 8.60465
0 0 0 0 1 8.6172
0 0 0 0 1 8.66431
0 0 0 0 1 8.64254
0 0 0 0 1 8.62957
0 0 0 0 1 8.61675
0 0 0 0 1 8.52698
0 0 0 0 1 8.50606
0 0 0 0 1 8.61351
0 0 0 0 1 8.45925
0 0 0 0 1 8.51559
0 0 0 0 1 8.60985
0 0 0 0 1 8.76084
0 0 0 0 1 8.81567
0 0 0 0 1 8.96776
0 0 0 0 1 9.15693
0 0 0 0 1 9.32992
0 0 0 0 1 9.40075
0 0 0 0 1 9.45996
0 0 0 0 1 9.74881
0 0 0 0 1 9.87486
0 0 0 0 1 10.0699
0 0 0 0 1 10.2045
0 0 0 0 1 10.4623
0 0 0 0 0 10.5951
0 0 0 0 1 10.8341
0 0 0 0 0 10.9308
0 0 0 0 1 11.0794
0 0 0 0 1 11.4062
0 0 0 0 0 11.6315
0 0 0 0 1 11.7841
0 0 0 0 0 12.0904
0 0 0 0 0 12.2225
0 0 0 0 1 12.5354
0 0 0 0 1 12.899
0 0 0 0 1 22.9555
0 0 0 0 1 22.732
0 0 0 0 1 22.8479
0 0 0 0 1 22.467
0 0 0 0 1 22.7215
0 0 0 0 0 22.8627
0 0 0 0 1 22.3935
0 0 0 0 1 22.3774
0 0 0 0 1 22.4972
0 0 0 0 1 22.6624
0 0 0 0 1 22.3316
0 0 0 0 1 22.3623
0 0 0 0 1 22.7552
0 0 0 0 1 22.6513
0 0 0 0 0 22.6154
0 0 0 0 1 22.4001
0 0 0 0 1 22.635
0 0 0 0 1 22.2859
0 0 0 0 1 23.1764
0 0 0 0 1 24.2685
0 0 0 0 1 24.9171
0 0 0 0 1 26.3433
0 0 0 0 1 36.0899
0 0 0 0 0 36.5846
0 0 0 0 1 36.0245
0 0 0 0 0 36.4839
0 0 0 0 1 36.3198
0 0 0 0 1 38.7575
0 0 0 0 0 52.327
0 0 0 0 1 51.5307
0 0 0 0 1 52.3495
0 0 0 0 1 52.1798
0 0 0 0 1 52.1672
0 0 0 0 1 56.4415
0 0 0 0 0 66.0517
0 0 0 0 0 70.1516
0 0 0 0 1 81.4828
0 0 0 0 0 5.05008
0 0 0 0 0 4.98495
0 0 0 0 0 4.98996
0 0 0 0 0 4.96992
0 0 0 0 0 5.0601
0 0 0 0 0 4.97994
0 0 0 0 0 5.04507
0 0 0 0 0 5.0601
0 0 0 0 0 5.0601
0 0 0 0 0 5.01501
0 0 0 0 0 4.98996
0 0 0 0 0 5.05509
0 0 0 0 1 87.5032
0 0 0 0 1 88.1255
0 0 0 0 1 74.7692
0 0 0 0 0 63.9028
0 0 0 0 1 61.1317
0 0 0 0 1 60.7192
0 0 0 0 0 60.0045
0 0 0 0 1 51.777
0 0 0 0 1 47.7952
0 0 0 0 1 48.3835
0 0 0 0 1 39.4705
0 0 0 0 1 36.5252
0 0 0 0 1 35.6322
0 0 0 0 0 35.3946
0 0 0 0 1 35.942
0 0 0 0 1 35.8842
0 0 0 0 1 28.3306
0 0 0 0 1 26.6695
0 0 0 0 0 25.6648
0 0 0 0 1 24.6884
0 0 0 0 0 24.6509
0 0 0 0 1 24.4414
0 0 0 0 1 24.6253
0 0 0 0 1 24.6878
0 0 0 0 1 24.8001
0 0 0 0 0 24.7649
0 0 0 0 1 24.4831
0 0 0 0 1 24.4733
0 0 0 0 0 24.611
0 0 0 0 1 18.3819
0 0 0 0 0 17.7919
0 0 0 0 0 17.1402
0 0 0 0 0 16.6273
0 0 0 0 0 16.3099
0 0 0 0 0 16.0383
0 0 0 0 0 15.5164
0 0 0 0 0 14.9851
0 0 0 0 1 14.8015
0 0 0 0 1 14.4952
0 0 0 0 0 13.958
0 0 0 0 1 14.012
0 0 0 0 1 13.9683
0 0 0 0 1 13.8414
0 0 0 0 0 13.784
0 0 0 0 0 13.9497
0 0 0 0 1 13.9089
0 0 0 0 0 13.936
0 0 0 0 1 13.8654
0 0 0 0 1 13.9209
0 0 0 0 1 13.937
0 0 0 0 1 13.9651
0 0 0 0 0 13.8952
0 0 0 0 1 14.008
0 0 0 0 1 14.0394
0 0 0 0 1 13.9418
0 0 0 0 1 14.0557
0 0 0 0 0 14.2009
0 0 0 0 1 14.0332
0 0 0 0 1 14.2614
0 0 0 0 1 14.224
0 0 0 0 1 14.2407
0 0 0 0 1 14.1185
0 0 0 0 0 14.1924
0 0 0 0 1 14.2981
0 0 0 0 1 14.1447
0 0 0 0 0 14.4224
0 0 0 0 1 14.2263
0 0 0 0 1 14.4338
0 0 0 0 1 14.2662
0 0 0 0 1 8.90536
0 0 0 0 1 8.70349
0 0 0 0 1 8.59006
0 0 0 0 1 8.50322
0 0 0 0 1 8.34061
0 0 0 0 1 8.35364
0 0 0 0 1 8.20148
0 0 0 0 1 8.13045
0 0 0 0 0 7.95627
0 0 0 0 1 7.82364
0 0 0 0 1 7.85766
0 0 0 0 1 7.75618
0 0 0 0 1 7.61091
0 0 0 0 1 7.53513
0 0 0 0 1 7.50418
0 0 0 0 1 7.44457
0 0 0 0 0 7.32426
0 0 0 0 0 7.30828
0 0 0 0 0 7.09769
0 0 0 0 0 7.14547
0 0 0 0 1 7.02939
0 0 0 0 0 6.99302
0 0 0 0 1 6.84375
0 0 0 0 1 6.81435
0 0 0 0 1 6.81822
0 0 0 0 1 6.72723
0 0 0 0 0 6.68991
0 0 0 0 1 6.56029
0 0 0 0 1 6.53612
0 0 0 0 0 6.5011
0 0 0 0 1 6.39929
0 0 0 0 0 6.32631
0 0 0 0 1 6.34167
0 0 0 0 1 6.16299
0 0 0 0 1 6.15319
0 0 0 0 0 6.13054
0 0 0 0 1 6.1196
0 0 0 0 1 6.03275
0 0 0 0 1 6.02733
0 0 0 0 1 5.97093
0 0 0 0 1 5.84139
0 0 0 0 0 5.86763
0 0 0 0 1 5.7657
0 0 0 0 1 5.76804
0 0 0 0 0 5.65861
0 0 0 0 0 5.64922
0 0 0 0 1 5.65623
0 0 0 0 1 5.51553
0 0 0 0 0 5.52799
0 0 0 0 1 5.44107
0 0 0 0 0 5.38214
0 0 0 0 1 5.41306
0 0 0 0 1 5.3842
0 0 0 0 1 5.34147
0 0 0 0 1 5.32855
0 0 0 0 1 5.2334
0 0 0 0 1 5.24144
0 0 0 0 1 5.1972
0 0 0 0 0 5.11201
0 0 0 0 1 5.08896
0 0 0 0 1 5.07783
0 0 0 0 1 4.98906
0 0 0 0 1 5.00451
0 0 0 0 1 4.93159
0 0 0 0 1 4.93848
0 0 0 0 1 4.95968
0 0 0 0 1 4.92168
0 0 0 0 1 4.88722
0 0 0 0 1 4.81579
0 0 0 0 0 4.80537
0 0 0 0 0 4.82187
0 0 0 0 1 4.82497
0 0 0 0 1 4.89129
0 0 0 0 1 4.88866
0 0 0 0 1 4.85776
0 0 0 0 1 4.89045
0 0 0 0 1 4.97758
0 0 0 0 0 4.92567
0 0 0 0 1 4.91426
0 0 0 0 0 4.99731
0 0 0 0 1 4.99978
0 0 0 0 1 4.98846
0 0 0 0 1 5.07757
0 0 0 0 1 5.07648
0 0 0 0 1 5.10068
0 0 0 0 0 5.11994
0 0 0 0 1 5.09847
0 0 0 0 0 5.11779
0 0 0 0 1 5.12558
0 0 0 0 1 5.16051
0 0 0 0 1 5.18531
0 0 0 0 1 5.16869
0 0 0 0 1 5.2301
0 0 0 0 1 5.20295
0 0 0 0 1 5.29639
0 0 0 0 1 5.31663
0 0 0 0 1 5.33318
0 0 0 0 1 5.37489
0 0 0 0 1 5.30467
0 0 0 0 0 5.32502
0 0 0 0 1 5.41005
0 0 0 0 1 5.38365
0 0 0 0 1 5.40432
0 0 0 0 1 5.47416
0 0 0 0 0 5.44593
0 0 0 0 1 5.52337
0 0 0 0 0 5.50594
0 0 0 0 1 5.50087
0 0 0 0 1 5.53873
0 0 0 0 1 5.58953
0 0 0 0 1 5.64474
0 0 0 0 1 5.69627
0 0 0 0 1 5.71247
0 0 0 0 1 5.65619
0 0 0 0 1 5.74657
0 0 0 0 1 5.71269
0 0 0 0 1 5.74188
0 0 0 0 1 5.77121
0 0 0 0 0 5.81079
0 0 0 0 1 5.89319
0 0 0 0 1 5.85249
0 0 0 0 1 5.89411
0 0 0 0 0 5.93002
0 0 0 0 0 6.008
0 0 0 0 1 6.07454
0 0 0 0 1 6.08716
0 0 0 0 1 6.03896
0 0 0 0 1 6.05723
0 0 0 0 1 6.17368
0 0 0 0 1 6.18783
0 0 0 0 1 9.45241
0 0 0 0 0 9.42445
0 0 0 0 1 9.49734
0 0 0 0 1 9.34366
0 0 0 0 1 9.36316
0 0 0 0 1 9.34185
0 0 0 0 1 9.41386
0 0 0 0 0 9.33351
0 0 0 0 0 9.16745
0 0 0 0 0 9.19309
0 0 0 0 1 9.11733
0 0 0 0 1 9.17961
0 0 0 0 1 9.20491
0 0 0 0 1 9.15714
0 0 0 0 1 9.05518
0 0 0 0 0 9.08061
0 0 0 0 1 8.96149
0 0 0 0 1 9.08278
0 0 0 0 0 8.91049
0 0 0 0 1 9.00438
0 0 0 0 1 8.91364
0 0 0 0 0 8.81459
0 0 0 0 1 8.92011
0 0 0 0 0 8.89241
0 0 0 0 1 8.90567
0 0 0 0 1 8.76395
0 0 0 0 1 8.702
0 0 0 0 1 8.756
0 0 0 0 0 8.75549
0 0 0 0 1 8.71684
0 0 0 0 1 8.71653
0 0 0 0 0 8.67825
0 0 0 0 1 8.60914
0 0 0 0 0 8.65746
0 0 0 0 1 8.64895
0 0 0 0 0 8.62853
0 0 0 0 1 8.59467
0 0 0 0 1 8.48093
0 0 0 0 1 8.55465
0 0 0 0 1 8.46705
0 0 0 0 1 8.47293
0 0 0 0 0 8.51258
0 0 0 0 1 8.37899
0 0 0 0 1 8.41878
0 0 0 0 1 8.34958
0 0 0 0 1 8.38939
0 0 0 0 0 8.35404
0 0 0 0 1 8.33097
0 0 0 0 1 8.35416
0 0 0 0 1 8.28626
0 0 0 0 0 8.22319
0 0 0 0 1 8.20544
0 0 0 0 1 8.18786
0 0 0 0 0 8.14579
0 0 0 0 1 8.11218
0 0 0 0 1 8.25052
0 0 0 0 1 8.08644
0 0 0 0 0 8.20815
0 0 0 0 1 8.17504
0 0 0 0 1 8.10162
0 0 0 0 0 8.07715
0 0 0 0 0 8.03672
0 0 0 0 1 8.07717
0 0 0 0 1 7.98472
0 0 0 0 0 8.07351
0 0 0 0 1 8.06585
0 0 0 0 1 8.05833
0 0 0 0 1 7.93913
0 0 0 0 0 8.03155
0 0 0 0 0 8.04037
0 0 0 0 1 7.9857
0 0 0 0 1 7.97895
0 0 0 0 1 7.84567
0 0 0 0 0 7.94574
0 0 0 0 1 7.97101
0 0 0 0 1 7.90965
0 0 0 0 1 7.89139
0 0 0 0 1 7.82611
0 0 0 0 0 7.88326
0 0 0 0 0 7.76808
0 0 0 0 1 7.75504
0 0 0 0 1 7.84689
0 0 0 0 1 7.76385
0 0 0 0 1 7.70457
0 0 0 0 0 7.78859
0 0 0 0 0 7.69089
0 0 0 0 1 7.74387
