0 0 0 0 1 5.52515
0 0 0 0 1 5.50644
0 0 0 0 1 5.53787
0 0 0 0 1 5.55523
0 0 0 0 0 5.62051
0 0 0 0 1 5.63581
0 0 0 0 1 5.6167
0 0 0 0 1 5.64899
0 0 0 0 1 5.58274
0 0 0 0 1 5.59276
0 0 0 0 1 5.57476
0 0 0 0 1 5.58501
0 0 0 0 1 5.6597
0 0 0 0 0 5.67597
0 0 0 0 1 5.70374
0 0 0 0 0 5.64856
0 0 0 0 0 5.67652
0 0 0 0 1 5.75598
0 0 0 0 1 5.73877
0 0 0 0 1 5.66828
0 0 0 0 1 5.74258
0 0 0 0 0 5.75989
0 0 0 0 1 5.69113
0 0 0 0 1 5.76619
0 0 0 0 0 5.7626
0 0 0 0 1 5.72837
0 0 0 0 0 5.8331
0 0 0 0 1 5.7526
0 0 0 0 1 5.82308
0 0 0 0 1 5.78316
0 0 0 0 1 5.83663
0 0 0 0 1 5.8861
0 0 0 0 1 5.86542
0 0 0 0 0 5.89602
0 0 0 0 1 5.93859
0 0 0 0 1 5.95782
0 0 0 0 1 5.87078
0 0 0 0 1 5.90192
0 0 0 0 0 5.92732
0 0 0 0 1 5.98862
0 0 0 0 0 5.97865
0 0 0 0 1 5.96869
0 0 0 0 1 6.01397
0 0 0 0 1 5.98613
0 0 0 0 1 5.96422
0 0 0 0 1 6.03879
0 0 0 0 1 6.08234
0 0 0 0 1 6.06065
0 0 0 0 1 6.02672
0 0 0 0 1 6.14508
0 0 0 0 1 6.14183
0 0 0 0 1 6.1141
0 0 0 0 1 6.17121
0 0 0 0 1 6.13221
0 0 0 0 1 6.12286
0 0 0 0 1 6.24962
0 0 0 0 1 6.2654
0 0 0 0 0 6.25547
0 0 0 0 0 6.25893
0 0 0 0 1 6.21238
0 0 0 0 1 6.26506
0 0 0 0 1 6.3127
0 0 0 0 1 6.32906
0 0 0 0 0 6.2949
0 0 0 0 1 6.36841
0 0 0 0 1 6.42248
0 0 0 0 1 6.33725
0 0 0 0 0 6.35956
0 0 0 0 1 6.39566
0 0 0 0 1 6.39255
0 0 0 0 1 6.42252
0 0 0 0 1 6.46488
0 0 0 0 1 6.43671
0 0 0 0 1 6.53878
0 0 0 0 1 6.53026
0 0 0 0 1 6.52101
0 0 0 0 0 6.51827
0 0 0 0 1 6.65483
0 0 0 0 1 6.56639
0 0 0 0 1 6.68344
0 0 0 0 0 6.68785
0 0 0 0 1 6.733
0 0 0 0 1 6.75824
0 0 0 0 1 6.74268
0 0 0 0 1 6.76754
0 0 0 0 1 6.81291
0 0 0 0 1 6.77683
0 0 0 0 0 6.84299
0 0 0 0 1 6.93018
0 0 0 0 1 6.87333
0 0 0 0 0 6.96809
0 0 0 0 1 6.89054
0 0 0 0 1 6.94414
0 0 0 0 1 6.93521
0 0 0 0 1 6.96121
0 0 0 0 1 7.00141
0 0 0 0 0 7.00604
0 0 0 0 1 7.0395
0 0 0 0 1 7.07313
0 0 0 0 0 7.18559
0 0 0 0 1 7.13375
0 0 0 0 1 7.24713
0 0 0 0 0 7.2307
0 0 0 0 1 7.29436
0 0 0 0 0 7.32156
0 0 0 0 0 7.31262
0 0 0 0 1 7.28834
0 0 0 0 1 7.4493
0 0 0 0 1 7.39557
0 0 0 0 1 7.40824
0 0 0 0 1 7.49615
0 0 0 0 1 7.50911
0 0 0 0 1 7.47671
0 0 0 0 1 7.61835
0 0 0 0 1 7.56341
0 0 0 0 1 7.69869
0 0 0 0 0 7.75819
0 0 0 0 1 7.7408
0 0 0 0 0 7.78515
0 0 0 0 1 7.74394
0 0 0 0 1 7.89841
0 0 0 0 1 7.89635
0 0 0 0 1 7.93312
0 0 0 0 1 7.93869
0 0 0 0 0 7.94356
0 0 0 0 1 8.03708
0 0 0 0 0 8.0748
0 0 0 0 1 8.03971
0 0 0 0 1 8.20715
0 0 0 0 1 8.24552
0 0 0 0 1 8.25056
0 0 0 0 1 8.20564
0 0 0 0 1 8.36028
0 0 0 0 1 8.44036
0 0 0 0 1 8.47893
0 0 0 0 1 8.49221
0 0 0 0 1 8.58182
0 0 0 0 0 8.5951
0 0 0 0 1 8.60887
0 0 0 0 1 8.72543
0 0 0 0 1 8.64232
0 0 0 0 1 8.75966
0 0 0 0 1 8.8684
0 0 0 0 0 8.87337
0 0 0 0 1 8.84972
0 0 0 0 0 9.01321
0 0 0 0 1 9.06116
0 0 0 0 1 9.082
0 0 0 0 1 9.04887
0 0 0 0 1 9.23393
0 0 0 0 1 9.28237
0 0 0 0 1 9.23803
0 0 0 0 1 9.42716
0 0 0 0 0 9.41864
0 0 0 0 1 9.50507
0 0 0 0 1 9.58135
0 0 0 0 1 9.54288
0 0 0 0 1 9.55281
0 0 0 0 1 9.67744
0 0 0 0 1 9.81286
0 0 0 0 1 9.75239
0 0 0 0 1 9.90011
0 0 0 0 0 10.0162
0 0 0 0 0 10.0341
0 0 0 0 1 10.1916
0 0 0 0 1 10.1787
0 0 0 0 0 10.194
0 0 0 0 0 10.2499
0 0 0 0 0 10.4744
0 0 0 0 1 10.479
0 0 0 0 1 10.6307
0 0 0 0 0 10.7605
0 0 0 0 1 10.7857
0 0 0 0 1 10.8082
0 0 0 0 1 9.35243
0 0 0 0 1 9.27249
0 0 0 0 1 9.17925
0 0 0 0 0 9.27581
0 0 0 0 1 9.29377
0 0 0 0 1 9.11386
0 0 0 0 0 9.24233
0 0 0 0 1 9.22833
0 0 0 0 1 9.0729
0 0 0 0 0 9.15982
0 0 0 0 1 9.18729
0 0 0 0 1 9.03783
0 0 0 0 1 8.96595
0 0 0 0 1 9.04809
0 0 0 0 0 9.04448
0 0 0 0 1 9.06329
0 0 0 0 1 8.91622
0 0 0 0 1 9.01603
0 0 0 0 1 8.98138
0 0 0 0 1 8.95587
0 0 0 0 0 8.97992
0 0 0 0 1 8.8569
0 0 0 0 1 8.86756
0 0 0 0 1 8.8517
0 0 0 0 1 8.836
0 0 0 0 1 8.86953
0 0 0 0 0 8.8805
0 0 0 0 0 8.82998
0 0 0 0 0 8.74461
0 0 0 0 1 8.78235
0 0 0 0 0 8.68882
0 0 0 0 1 8.64453
0 0 0 0 1 8.65643
0 0 0 0 1 8.67711
0 0 0 0 1 8.61963
0 0 0 0 0 8.76198
0 0 0 0 1 8.58352
0 0 0 0 1 8.60465
0 0 0 0 1 8.67764
0 0 0 0 1 8.56086
0 0 0 0 1 8.55646
0 0 0 0 1 8.57799
0 0 0 0 1 8.4966
0 0 0 0 0 8.56126
0 0 0 0 1 8.60019
0 0 0 0 1 8.47679
0 0 0 0 1 8.55314
0 0 0 0 0 8.60935
0 0 0 0 1 8.62701
0 0 0 0 1 8.74344
0 0 0 0 1 8.79802
0 0 0 0 1 9.01255
0 0 0 0 1 9.16602
0 0 0 0 1 9.26526
0 0 0 0 1 9.40075
0 0 0 0 0 9.54579
0 0 0 0 1 9.66168
0 0 0 0 1 9.91425
0 0 0 0 0 10.0498
0 0 0 0 1 10.2656
0 0 0 0 1 10.2551
0 0 0 0 1 10.6373
0 0 0 0 1 10.7053
0 0 0 0 0 10.9199
0 0 0 0 1 11.2466
0 0 0 0 1 11.2699
0 0 0 0 1 11.6083
0 0 0 0 0 11.9378
0 0 0 0 0 11.9819
0 0 0 0 1 12.3702
0 0 0 0 0 12.5354
0 0 0 0 0 12.9504
0 0 0 0 1 22.7509
0 0 0 0 1 22.4822
0 0 0 0 1 22.7117
0 0 0 0 1 22.5124
0 0 0 0 1 22.7894
0 0 0 0 1 22.659
0 0 0 0 1 22.5292
0 0 0 0 1 22.3774
0 0 0 0 1 22.452
0 0 0 0 1 22.5496
0 0 0 0 1 22.4218
0 0 0 0 0 22.7004
0 0 0 0 0 22.7101
0 0 0 0 1 22.5387
0 0 0 0 1 22.3679
0 0 0 0 0 22.58
0 0 0 0 1 22.3652
0 0 0 0 1 22.241
0 0 0 0 0 23.4316
0 0 0 0 0 24.172
0 0 0 0 1 24.9171
0 0 0 0 1 26.1861
0 0 0 0 1 36.0534
0 0 0 0 1 36.075
0 0 0 0 1 36.3156
0 0 0 0 1 36.593
0 0 0 0 0 36.0286
0 0 0 0 0 38.796
0 0 0 0 0 52.327
0 0 0 0 1 51.6868
0 0 0 0 1 52.0893
0 0 0 0 1 52.3879
0 0 0 0 1 52.3232
0 0 0 0 1 56.8926
0 0 0 0 1 65.3316
0 0 0 0 1 69.7336
0 0 0 0 1 81.2373
0 0 0 0 0 4.99497
0 0 0 0 0 5.04006
0 0 0 0 0 5.02002
0 0 0 0 0 5.00499
0 0 0 0 0 5.05008
0 0 0 0 0 5.03004
0 0 0 0 0 5.04507
0 0 0 0 0 4.97994
0 0 0 0 0 4.9599
0 0 0 0 0 5.03004
0 0 0 0 0 4.99998
0 0 0 0 0 4.96992
0 0 0 0 1 86.9777
0 0 0 0 1 87.5123
0 0 0 0 1 74.9195
0 0 0 0 1 64.0943
0 0 0 0 1 60.1027
0 0 0 0 1 60.6587
0 0 0 0 1 59.944
0 0 0 0 1 51.6739
0 0 0 0 1 47.7472
0 0 0 0 1 47.5675
0 0 0 0 1 38.9207
0 0 0 0 0 36.4884
0 0 0 0 1 35.3468
0 0 0 0 1 35.8941
0 0 0 0 1 35.8349
0 0 0 0 1 35.67
0 0 0 0 1 27.8813
0 0 0 0 0 27.0715
0 0 0 0 1 25.4597
0 0 0 0 0 24.4176
0 0 0 0 1 24.6755
0 0 0 0 1 24.7124
0 0 0 0 1 24.7732
0 0 0 0 1 24.5645
0 0 0 0 1 24.7014
0 0 0 0 1 24.8637
0 0 0 0 1 24.7796
0 0 0 0 1 24.5228
0 0 0 0 0 24.5862
0 0 0 0 1 18.3455
0 0 0 0 1 17.7035
0 0 0 0 1 17.2089
0 0 0 0 1 16.8615
0 0 0 0 1 16.3588
0 0 0 0 1 15.9748
0 0 0 0 1 15.5164
0 0 0 0 1 14.97
0 0 0 0 1 14.8163
0 0 0 0 1 14.3798
0 0 0 0 1 14.1977
0 0 0 0 1 13.9287
0 0 0 0 1 13.871
0 0 0 0 0 13.9387
0 0 0 0 1 13.9093
0 0 0 0 0 13.8522
0 0 0 0 1 13.9787
0 0 0 0 1 13.8662
0 0 0 0 1 14.1031
0 0 0 0 1 14.1168
0 0 0 0 0 14.1051
0 0 0 0 1 14.1193
0 0 0 0 1 14.0075
0 0 0 0 1 14.1345
0 0 0 0 1 14.0956
0 0 0 0 0 14.0263
0 0 0 0 1 14.1544
0 0 0 0 1 14.1304
0 0 0 0 1 14.2452
0 0 0 0 1 14.1766
0 0 0 0 1 14.139
0 0 0 0 0 14.1131
0 0 0 0 1 14.1753
0 0 0 0 0 14.2635
0 0 0 0 1 14.1414
0 0 0 0 1 14.1162
0 0 0 0 1 14.3939
0 0 0 0 0 14.355
0 0 0 0 0 14.2763
0 0 0 0 1 14.3952
0 0 0 0 1 8.75531
0 0 0 0 0 8.66864
0 0 0 0 0 8.54706
0 0 0 0 1 8.46075
0 0 0 0 1 8.46647
0 0 0 0 1 8.2459
0 0 0 0 1 8.25884
0 0 0 0 1 8.03337
0 0 0 0 0 8.02024
0 0 0 0 1 7.88686
0 0 0 0 1 7.85766
0 0 0 0 1 7.78709
0 0 0 0 1 7.71789
0 0 0 0 0 7.48978
0 0 0 0 1 7.44439
0 0 0 0 1 7.35577
0 0 0 0 1 7.25109
0 0 0 0 1 7.18515
0 0 0 0 1 7.14787
0 0 0 0 1 7.1029
0 0 0 0 0 6.97321
0 0 0 0 1 6.97214
0 0 0 0 1 6.8231
0 0 0 0 1 6.83482
0 0 0 0 1 6.75065
0 0 0 0 1 6.74731
0 0 0 0 1 6.5772
0 0 0 0 1 6.60626
0 0 0 0 1 6.52312
0 0 0 0 1 6.4624
0 0 0 0 1 6.32265
0 0 0 0 1 6.35798
0 0 0 0 1 6.32912
0 0 0 0 0 6.21901
0 0 0 0 1 6.14702
0 0 0 0 1 6.17337
0 0 0 0 1 6.1196
0 0 0 0 1 5.9605
0 0 0 0 1 5.93185
0 0 0 0 1 5.90578
0 0 0 0 1 5.92945
0 0 0 0 1 5.7744
0 0 0 0 1 5.72521
0 0 0 0 0 5.68769
0 0 0 0 1 5.68136
0 0 0 0 1 5.61536
0 0 0 0 1 5.59462
0 0 0 0 0 5.51553
0 0 0 0 0 5.5556
0 0 0 0 1 5.50682
0 0 0 0 0 5.47456
0 0 0 0 1 5.45088
0 0 0 0 1 5.32515
0 0 0 0 1 5.28289
0 0 0 0 0 5.28093
0 0 0 0 1 5.25965
0 0 0 0 1 5.24665
0 0 0 0 1 5.16611
0 0 0 0 1 5.18408
0 0 0 0 1 5.1401
0 0 0 0 1 5.10827
0 0 0 0 0 5.05961
0 0 0 0 0 4.97944
0 0 0 0 1 5.02624
0 0 0 0 1 4.91373
0 0 0 0 1 4.91053
0 0 0 0 0 4.90704
0 0 0 0 1 4.80949
0 0 0 0 1 4.79166
0 0 0 0 1 4.81018
0 0 0 0 1 4.80256
0 0 0 0 0 4.88795
0 0 0 0 1 4.87671
0 0 0 0 1 4.91303
0 0 0 0 1 4.8969
0 0 0 0 1 4.92973
0 0 0 0 1 4.92337
0 0 0 0 1 4.9652
0 0 0 0 1 4.92418
0 0 0 0 1 4.92762
0 0 0 0 1 4.98481
0 0 0 0 1 5.03854
0 0 0 0 1 5.03735
0 0 0 0 1 4.99574
0 0 0 0 1 5.04496
0 0 0 0 1 5.03859
0 0 0 0 1 5.06785
0 0 0 0 0 5.10754
0 0 0 0 1 5.13072
0 0 0 0 1 5.19144
0 0 0 0 0 5.12838
0 0 0 0 1 5.21024
0 0 0 0 0 5.16232
0 0 0 0 1 5.23959
0 0 0 0 1 5.27011
0 0 0 0 1 5.28499
0 0 0 0 1 5.30667
0 0 0 0 1 5.28974
0 0 0 0 1 5.29399
0 0 0 0 1 5.40009
0 0 0 0 1 5.4262
0 0 0 0 1 5.39988
0 0 0 0 1 5.46407
0 0 0 0 1 5.46325
0 0 0 0 1 5.48972
0 0 0 0 1 5.53437
0 0 0 0 1 5.56117
0 0 0 0 1 5.58413
0 0 0 0 1 5.62231
0 0 0 0 1 5.61193
0 0 0 0 1 5.66723
0 0 0 0 1 5.6002
0 0 0 0 0 5.72949
0 0 0 0 1 5.72461
0 0 0 0 1 5.7294
0 0 0 0 0 5.72419
0 0 0 0 1 5.7361
0 0 0 0 1 5.83514
0 0 0 0 1 5.88663
0 0 0 0 1 5.85214
0 0 0 0 1 5.95268
0 0 0 0 1 5.92966
0 0 0 0 1 5.9717
0 0 0 0 0 5.97209
0 0 0 0 1 6.00237
0 0 0 0 0 6.02067
0 0 0 0 0 6.09364
0 0 0 0 1 6.05723
0 0 0 0 1 6.08162
0 0 0 0 1 6.21253
0 0 0 0 1 9.5
0 0 0 0 1 9.56667
0 0 0 0 1 9.52569
0 0 0 0 1 9.34366
0 0 0 0 0 9.45698
0 0 0 0 1 9.36991
0 0 0 0 1 9.38589
0 0 0 0 1 9.24985
0 0 0 0 1 9.32487
0 0 0 0 0 9.14694
0 0 0 0 1 9.21854
0 0 0 0 1 9.24381
0 0 0 0 0 9.09522
0 0 0 0 1 9.16626
0 0 0 0 1 8.9916
0 0 0 0 0 8.97197
0 0 0 0 0 8.94344
0 0 0 0 1 8.93875
0 0 0 0 1 8.91049
0 0 0 0 1 9.01333
0 0 0 0 1 8.91364
0 0 0 0 1 8.9658
0 0 0 0 1 8.92898
0 0 0 0 1 8.80402
0 0 0 0 1 8.74695
0 0 0 0 1 8.75516
0 0 0 0 1 8.71953
0 0 0 0 1 8.71227
0 0 0 0 0 8.65956
0 0 0 0 1 8.76033
0 0 0 0 0 8.73387
0 0 0 0 1 8.63498
0 0 0 0 1 8.6954
0 0 0 0 1 8.5714
0 0 0 0 0 8.64037
0 0 0 0 1 8.63709
0 0 0 0 0 8.61174
0 0 0 0 0 8.47241
0 0 0 0 0 8.46121
0 0 0 0 1 8.46705
0 0 0 0 1 8.39682
0 0 0 0 1 8.47883
0 0 0 0 1 8.37899
0 0 0 0 1 8.46075
0 0 0 0 0 8.33283
0 0 0 0 0 8.32254
0 0 0 0 1 8.37905
0 0 0 0 1 8.33928
0 0 0 0 1 8.22142
0 0 0 0 1 8.25315
0 0 0 0 1 8.19013
0 0 0 0 1 8.1972
0 0 0 0 1 8.30306
0 0 0 0 0 8.2936
0 0 0 0 1 8.27607
0 0 0 0 0 8.22599
0 0 0 0 1 8.20068
0 0 0 0 1 8.15929
0 0 0 0 1 8.18317
0 0 0 0 1 8.02863
0 0 0 0 0 8.04478
0 0 0 0 1 8.1175
0 0 0 0 1 8.11748
0 0 0 0 1 7.97667
0 0 0 0 1 7.97711
0 0 0 0 0 8.07387
0 0 0 0 1 7.92229
0 0 0 0 1 8.01101
0 0 0 0 1 7.99167
0 0 0 0 0 7.94484
0 0 0 0 1 7.93008
0 0 0 0 1 7.86791
0 0 0 0 1 7.90901
0 0 0 0 1 7.82715
0 0 0 0 0 7.91576
0 0 0 0 1 7.94116
0 0 0 0 1 7.78911
0 0 0 0 1 7.88897
0 0 0 0 1 7.8362
0 0 0 0 1 7.85421
0 0 0 0 1 7.73941
0 0 0 0 1 7.77662
0 0 0 0 1 7.71708
0 0 0 0 1 7.82131
0 0 0 0 1 7.74195
0 0 0 0 1 7.8073
0 0 0 0 1 7.80589
