0 0 0 0 1 5.49742
0 0 0 0 1 5.53422
0 0 0 0 0 5.54344
0 0 0 0 1 5.57752
0 0 0 0 1 5.53679
0 0 0 0 1 5.58549
0 0 0 0 0 5.63349
0 0 0 0 1 5.62097
0 0 0 0 1 5.6164
0 0 0 0 0 5.66021
0 0 0 0 1 5.6536
0 0 0 0 0 5.60194
0 0 0 0 1 5.66535
0 0 0 0 1 5.69295
0 0 0 0 1 5.68106
0 0 0 0 1 5.70533
0 0 0 0 0 5.63102
0 0 0 0 1 5.6762
0 0 0 0 1 5.68167
0 0 0 0 1 5.65685
0 0 0 0 1 5.68532
0 0 0 0 0 5.7312
0 0 0 0 1 5.73137
0 0 0 0 1 5.70858
0 0 0 0 1 5.80298
0 0 0 0 0 5.8093
0 0 0 0 1 5.77518
0 0 0 0 1 5.83387
0 0 0 0 1 5.79399
0 0 0 0 1 5.86478
0 0 0 0 0 5.78405
0 0 0 0 1 5.82759
0 0 0 0 1 5.84199
0 0 0 0 0 5.84904
0 0 0 0 1 5.91505
0 0 0 0 1 5.95192
0 0 0 0 1 5.8826
0 0 0 0 1 5.91377
0 0 0 0 1 5.96296
0 0 0 0 1 5.89932
0 0 0 0 1 6.02042
0 0 0 0 1 6.01056
0 0 0 0 1 6.03194
0 0 0 0 1 5.9441
0 0 0 0 1 6.0545
0 0 0 0 1 6.04482
0 0 0 0 1 6.1126
0 0 0 0 1 6.12131
0 0 0 0 1 6.03889
0 0 0 0 0 6.06583
0 0 0 0 1 6.14794
0 0 0 0 1 6.17536
0 0 0 0 1 6.14048
0 0 0 0 1 6.16299
0 0 0 0 1 6.15989
0 0 0 0 0 6.20631
0 0 0 0 1 6.25919
0 0 0 0 0 6.24302
0 0 0 0 1 6.29637
0 0 0 0 0 6.2812
0 0 0 0 1 6.27134
0 0 0 0 1 6.30641
0 0 0 0 1 6.24703
0 0 0 0 1 6.28225
0 0 0 0 1 6.40012
0 0 0 0 1 6.42248
0 0 0 0 1 6.38831
0 0 0 0 1 6.46203
0 0 0 0 1 6.44061
0 0 0 0 1 6.37966
0 0 0 0 0 6.51944
0 0 0 0 1 6.43894
0 0 0 0 0 6.48873
0 0 0 0 1 6.50618
0 0 0 0 1 6.49758
0 0 0 0 0 6.56693
0 0 0 0 1 6.59728
0 0 0 0 1 6.63502
0 0 0 0 0 6.61277
0 0 0 0 1 6.69674
0 0 0 0 1 6.74125
0 0 0 0 1 6.69953
0 0 0 0 1 6.69113
0 0 0 0 0 6.77636
0 0 0 0 1 6.77431
0 0 0 0 1 6.79934
0 0 0 0 1 6.74278
0 0 0 0 1 6.85666
0 0 0 0 0 6.82725
0 0 0 0 1 6.83889
0 0 0 0 1 6.98191
0 0 0 0 1 6.98066
0 0 0 0 1 6.93718
0 0 0 0 1 7.03299
0 0 0 0 1 6.96822
0 0 0 0 0 6.98734
0 0 0 0 1 7.07674
0 0 0 0 1 7.16723
0 0 0 0 1 7.13011
0 0 0 0 1 7.09264
0 0 0 0 0 7.20552
0 0 0 0 1 7.23992
0 0 0 0 1 7.2307
0 0 0 0 1 7.23623
0 0 0 0 1 7.34346
0 0 0 0 1 7.34926
0 0 0 0 1 7.39877
0 0 0 0 1 7.42716
0 0 0 0 1 7.43266
0 0 0 0 1 7.52749
0 0 0 0 1 7.45875
0 0 0 0 0 7.56924
0 0 0 0 0 7.56734
0 0 0 0 0 7.54247
0 0 0 0 1 7.69289
0 0 0 0 1 7.66043
0 0 0 0 1 7.6121
0 0 0 0 1 7.78715
0 0 0 0 1 7.83172
0 0 0 0 1 7.72054
0 0 0 0 1 7.79665
0 0 0 0 1 7.80197
0 0 0 0 1 7.86985
0 0 0 0 1 8.01021
0 0 0 0 1 7.95155
0 0 0 0 1 8.06117
0 0 0 0 1 7.99413
0 0 0 0 0 8.09644
0 0 0 0 1 8.1338
0 0 0 0 1 8.27008
0 0 0 0 0 8.26702
0 0 0 0 1 8.19736
0 0 0 0 1 8.31037
0 0 0 0 1 8.44036
0 0 0 0 1 8.47893
0 0 0 0 1 8.51758
0 0 0 0 0 8.5478
0 0 0 0 1 8.56089
0 0 0 0 1 8.50577
0 0 0 0 1 8.68223
0 0 0 0 1 8.65971
0 0 0 0 1 8.76841
0 0 0 0 1 8.8596
0 0 0 0 0 8.82918
0 0 0 0 0 8.96534
0 0 0 0 1 8.96846
0 0 0 0 1 9.04315
0 0 0 0 1 9.09106
0 0 0 0 1 9.20378
0 0 0 0 1 9.18808
0 0 0 0 1 9.14397
0 0 0 0 1 9.21946
0 0 0 0 1 9.36182
0 0 0 0 1 9.42804
0 0 0 0 1 9.4767
0 0 0 0 1 9.44801
0 0 0 0 1 9.66756
0 0 0 0 1 9.5914
0 0 0 0 0 9.7746
0 0 0 0 0 9.77372
0 0 0 0 1 9.75239
0 0 0 0 1 9.83074
0 0 0 0 1 9.93631
0 0 0 0 1 10.0441
0 0 0 0 0 10.1714
0 0 0 0 1 10.2603
0 0 0 0 1 10.2659
0 0 0 0 1 10.4156
0 0 0 0 1 10.391
0 0 0 0 1 10.605
0 0 0 0 1 10.5461
0 0 0 0 0 10.7178
0 0 0 0 0 10.8502
0 0 0 0 0 10.7866
0 0 0 0 0 9.38034
0 0 0 0 1 9.18895
0 0 0 0 1 9.2163
0 0 0 0 0 9.21114
0 0 0 0 1 9.21079
0 0 0 0 1 9.23342
0 0 0 0 0 9.26986
0 0 0 0 1 9.12763
0 0 0 0 1 9.22822
0 0 0 0 1 9.17805
0 0 0 0 1 9.06904
0 0 0 0 1 9.10134
0 0 0 0 0 9.1018
0 0 0 0 0 9.09329
0 0 0 0 1 9.03546
0 0 0 0 0 9.09029
0 0 0 0 1 8.88928
0 0 0 0 1 8.94434
0 0 0 0 1 8.97243
0 0 0 0 0 8.91122
0 0 0 0 1 8.84629
0 0 0 0 1 8.84801
0 0 0 0 1 8.95633
0 0 0 0 1 8.82512
0 0 0 0 1 8.86253
0 0 0 0 1 8.81658
0 0 0 0 1 8.87169
0 0 0 0 1 8.74203
0 0 0 0 0 8.81485
0 0 0 0 1 8.75606
0 0 0 0 1 8.79382
0 0 0 0 0 8.74058
0 0 0 0 1 8.63028
0 0 0 0 1 8.78155
0 0 0 0 0 8.60225
0 0 0 0 1 8.64053
0 0 0 0 0 8.63549
0 0 0 0 1 8.56141
0 0 0 0 0 8.70354
0 0 0 0 1 8.67293
0 0 0 0 1 8.68559
0 0 0 0 1 8.63816
0 0 0 0 1 8.54809
0 0 0 0 1 8.5784
0 0 0 0 1 8.51462
0 0 0 0 1 8.60497
0 0 0 0 1 8.60436
0 0 0 0 1 8.46444
0 0 0 0 1 8.54125
0 0 0 0 0 8.75214
0 0 0 0 1 8.84214
0 0 0 0 1 8.94088
0 0 0 0 1 9.10237
0 0 0 0 0 9.32992
0 0 0 0 1 9.40075
0 0 0 0 0 9.44089
0 0 0 0 1 9.74881
0 0 0 0 1 9.91425
0 0 0 0 0 9.94975
0 0 0 0 1 10.1943
0 0 0 0 1 10.4416
0 0 0 0 1 10.479
0 0 0 0 1 10.716
0 0 0 0 1 11.0512
0 0 0 0 1 11.0906
0 0 0 0 1 11.4744
0 0 0 0 1 11.5157
0 0 0 0 0 11.7368
0 0 0 0 0 12.1386
0 0 0 0 1 12.3333
0 0 0 0 1 12.6611
0 0 0 0 1 12.8861
0 0 0 0 1 22.5691
0 0 0 0 1 22.4822
0 0 0 0 1 22.6437
0 0 0 0 0 22.4444
0 0 0 0 1 22.88
0 0 0 0 1 22.41
0 0 0 0 1 22.5066
0 0 0 0 1 22.6486
0 0 0 0 1 22.7457
0 0 0 0 1 22.5947
0 0 0 0 1 22.6248
0 0 0 0 1 22.3397
0 0 0 0 1 22.4398
0 0 0 0 0 22.5387
0 0 0 0 1 22.5479
0 0 0 0 1 22.4451
0 0 0 0 0 22.4551
0 0 0 0 1 22.578
0 0 0 0 0 23.1532
0 0 0 0 1 24.0514
0 0 0 0 1 25.1683
0 0 0 0 0 26.3695
0 0 0 0 1 36.4904
0 0 0 0 1 36.5846
0 0 0 0 1 36.2064
0 0 0 0 1 36.0474
0 0 0 0 1 36.2834
0 0 0 0 1 38.2566
0 0 0 0 1 52.1188
0 0 0 0 1 52.1553
0 0 0 0 1 52.3495
0 0 0 0 1 51.6075
0 0 0 0 1 51.6471
0 0 0 0 1 55.8777
0 0 0 0 1 65.397
0 0 0 0 1 70.0819
0 0 0 0 1 82.0554
0 0 0 0 0 5.02503
0 0 0 0 0 5.00499
0 0 0 0 0 4.96491
0 0 0 0 0 4.98495
0 0 0 0 0 5.04006
0 0 0 0 0 4.97994
0 0 0 0 0 5.03505
0 0 0 0 0 5.05509
0 0 0 0 0 4.99998
0 0 0 0 0 5.04006
0 0 0 0 0 5.03505
0 0 0 0 0 5.02002
0 0 0 0 1 86.9777
0 0 0 0 1 88.3883
0 0 0 0 1 74.8443
0 0 0 0 1 63.2006
0 0 0 0 0 60.8896
0 0 0 0 1 59.9322
0 0 0 0 1 60.3073
0 0 0 0 1 52.0349
0 0 0 0 1 47.6992
0 0 0 0 1 47.6635
0 0 0 0 0 39.2349
0 0 0 0 0 36.7093
0 0 0 0 1 35.7035
0 0 0 0 1 36.0012
0 0 0 0 1 35.3709
0 0 0 0 1 35.9199
0 0 0 0 1 28.1902
0 0 0 0 0 26.8303
0 0 0 0 1 25.7673
0 0 0 0 1 24.7868
0 0 0 0 1 24.774
0 0 0 0 1 24.4167
0 0 0 0 1 24.6007
0 0 0 0 1 24.8851
0 0 0 0 1 24.9235
0 0 0 0 1 24.8143
0 0 0 0 1 24.5078
0 0 0 0 1 24.5969
0 0 0 0 0 24.611
0 0 0 0 1 18.1089
0 0 0 0 1 17.7919
0 0 0 0 0 17.123
0 0 0 0 1 16.8783
0 0 0 0 1 16.3913
0 0 0 0 1 15.8319
0 0 0 0 1 15.377
0 0 0 0 0 15.2573
0 0 0 0 1 14.772
0 0 0 0 1 14.4952
0 0 0 0 1 13.9862
0 0 0 0 1 13.9564
0 0 0 0 1 13.8015
0 0 0 0 1 13.9248
0 0 0 0 1 13.8815
0 0 0 0 1 13.8661
0 0 0 0 1 14.0624
0 0 0 0 0 14.0198
0 0 0 0 1 14.117
0 0 0 0 1 13.9069
0 0 0 0 0 14.1331
0 0 0 0 1 14.0913
0 0 0 0 1 14.1759
0 0 0 0 1 14.0642
0 0 0 0 1 14.0534
0 0 0 0 1 13.9418
0 0 0 0 1 14.1685
0 0 0 0 1 14.0739
0 0 0 0 1 14.1745
0 0 0 0 1 14.0351
0 0 0 0 1 14.224
0 0 0 0 1 14.3117
0 0 0 0 1 14.0901
0 0 0 0 0 14.1355
0 0 0 0 0 14.1984
0 0 0 0 0 14.3443
0 0 0 0 1 14.3653
0 0 0 0 1 14.2406
0 0 0 0 1 14.2333
0 0 0 0 1 14.4096
0 0 0 0 1 8.77297
0 0 0 0 1 8.64251
0 0 0 0 1 8.54706
0 0 0 0 0 8.56269
0 0 0 0 1 8.36578
0 0 0 0 1 8.32049
0 0 0 0 1 8.13594
0 0 0 0 1 8.08191
0 0 0 0 1 8.06822
0 0 0 0 1 7.98169
0 0 0 0 0 7.79511
0 0 0 0 1 7.80254
0 0 0 0 0 7.6644
0 0 0 0 1 7.52001
0 0 0 0 1 7.44439
0 0 0 0 1 7.42977
0 0 0 0 1 7.34621
0 0 0 0 1 7.31552
0 0 0 0 1 7.19806
0 0 0 0 1 7.03904
0 0 0 0 1 7.0013
0 0 0 0 1 6.96518
0 0 0 0 1 6.86441
0 0 0 0 0 6.75978
0 0 0 0 0 6.77092
0 0 0 0 1 6.64021
0 0 0 0 1 6.61035
0 0 0 0 1 6.63252
0 0 0 0 0 6.55564
0 0 0 0 1 6.38501
0 0 0 0 1 6.45038
0 0 0 0 1 6.35164
0 0 0 0 1 6.32912
0 0 0 0 1 6.25014
0 0 0 0 1 6.12234
0 0 0 0 1 6.13054
0 0 0 0 1 6.1196
0 0 0 0 1 6.02673
0 0 0 0 1 5.94378
0 0 0 0 1 5.98278
0 0 0 0 1 5.81203
0 0 0 0 1 5.85598
0 0 0 0 1 5.731
0 0 0 0 1 5.72213
0 0 0 0 0 5.70411
0 0 0 0 0 5.65487
0 0 0 0 1 5.63382
0 0 0 0 1 5.52109
0 0 0 0 0 5.53351
0 0 0 0 1 5.52326
0 0 0 0 1 5.40932
0 0 0 0 1 5.35364
0 0 0 0 1 5.31441
0 0 0 0 0 5.27224
0 0 0 0 1 5.25447
0 0 0 0 1 5.21241
0 0 0 0 0 5.24665
0 0 0 0 0 5.20239
0 0 0 0 0 5.10686
0 0 0 0 1 5.12987
0 0 0 0 0 5.03218
0 0 0 0 0 4.99914
0 0 0 0 1 4.97442
0 0 0 0 1 5.00631
0 0 0 0 1 4.90879
0 0 0 0 0 4.91053
0 0 0 0 1 4.93145
0 0 0 0 1 4.81435
0 0 0 0 1 4.86405
0 0 0 0 1 4.77166
0 0 0 0 1 4.85566
0 0 0 0 0 4.81528
0 0 0 0 1 4.82808
0 0 0 0 1 4.84479
0 0 0 0 0 4.85776
0 0 0 0 1 4.88554
0 0 0 0 1 4.93322
0 0 0 0 1 4.93556
0 0 0 0 0 4.98369
0 0 0 0 1 4.98735
0 0 0 0 1 4.99978
0 0 0 0 1 4.95841
0 0 0 0 1 4.99713
0 0 0 0 1 5.05125
0 0 0 0 1 5.0399
0 0 0 0 1 5.0691
0 0 0 0 0 5.1393
0 0 0 0 1 5.16389
0 0 0 0 1 5.15126
0 0 0 0 0 5.11411
0 0 0 0 1 5.22153
0 0 0 0 1 5.17388
0 0 0 0 1 5.16753
0 0 0 0 1 5.22389
0 0 0 0 1 5.2491
0 0 0 0 1 5.25862
0 0 0 0 1 5.24835
0 0 0 0 1 5.32699
0 0 0 0 1 5.37412
0 0 0 0 1 5.38937
0 0 0 0 1 5.41005
0 0 0 0 1 5.39988
0 0 0 0 1 5.41519
0 0 0 0 1 5.49051
0 0 0 0 1 5.46783
0 0 0 0 1 5.44635
0 0 0 0 1 5.5446
0 0 0 0 1 5.54528
0 0 0 0 1 5.60002
0 0 0 0 1 5.60633
0 0 0 0 1 5.62787
0 0 0 0 1 5.61716
0 0 0 0 1 5.72949
0 0 0 0 1 5.74742
0 0 0 0 1 5.73513
0 0 0 0 1 5.78747
0 0 0 0 1 5.7708
0 0 0 0 1 5.87001
0 0 0 0 1 5.86329
0 0 0 0 1 5.92251
0 0 0 0 1 5.92321
0 0 0 0 1 5.97112
0 0 0 0 1 5.91812
0 0 0 0 1 5.96013
0 0 0 0 1 6.04447
0 0 0 0 1 6.06298
0 0 0 0 1 6.01466
0 0 0 0 1 6.07555
0 0 0 0 1 6.12458
0 0 0 0 1 6.2187
0 0 0 0 1 9.47144
0 0 0 0 1 9.57615
0 0 0 0 0 9.41229
0 0 0 0 1 9.44726
0 0 0 0 1 9.2881
0 0 0 0 1 9.3325
0 0 0 0 1 9.36725
0 0 0 0 0 9.25914
0 0 0 0 0 9.28783
0 0 0 0 1 9.27616
0 0 0 0 0 9.27374
0 0 0 0 1 9.21629
0 0 0 0 1 9.1135
0 0 0 0 1 9.2027
0 0 0 0 1 8.9916
0 0 0 0 1 9.07156
0 0 0 0 1 9.05173
0 0 0 0 1 8.92075
0 0 0 0 0 8.90152
0 0 0 0 1 8.89697
0 0 0 0 0 8.88687
0 0 0 0 1 8.85017
0 0 0 0 1 8.88464
0 0 0 0 1 8.76866
0 0 0 0 0 8.89685
0 0 0 0 1 8.87822
0 0 0 0 1 8.80716
0 0 0 0 1 8.756
0 0 0 0 1 8.77293
0 0 0 0 1 8.61244
0 0 0 0 1 8.68183
0 0 0 0 1 8.60037
0 0 0 0 0 8.6609
0 0 0 0 1 8.58001
0 0 0 0 1 8.56315
0 0 0 0 1 8.59429
0 0 0 0 1 8.62028
0 0 0 0 0 8.4639
0 0 0 0 1 8.54616
0 0 0 0 1 8.44163
0 0 0 0 1 8.41374
0 0 0 0 1 8.38603
0 0 0 0 0 8.44629
0 0 0 0 1 8.41039
0 0 0 0 1 8.38308
0 0 0 0 1 8.34761
0 0 0 0 1 8.35404
0 0 0 0 1 8.23119
0 0 0 0 1 8.31268
0 0 0 0 1 8.35248
0 0 0 0 1 8.30583
0 0 0 0 0 8.26317
0 0 0 0 1 8.1714
0 0 0 0 1 8.2197
0 0 0 0 1 8.2269
0 0 0 0 1 8.20963
0 0 0 0 0 8.1354
0 0 0 0 0 8.11857
0 0 0 0 1 8.19129
0 0 0 0 1 8.10162
0 0 0 0 1 8.06906
0 0 0 0 0 8.13365
0 0 0 0 0 8.1336
0 0 0 0 1 8.09741
0 0 0 0 1 8.04138
0 0 0 0 1 7.97765
0 0 0 0 1 7.97831
0 0 0 0 1 7.91517
0 0 0 0 1 8.03155
0 0 0 0 1 7.92892
0 0 0 0 1 7.89035
0 0 0 0 1 7.85998
0 0 0 0 0 7.88526
0 0 0 0 1 7.97737
0 0 0 0 1 7.83684
0 0 0 0 1 7.80723
0 0 0 0 1 7.90713
0 0 0 0 1 7.92826
0 0 0 0 1 7.91464
0 0 0 0 1 7.76808
0 0 0 0 1 7.75504
0 0 0 0 1 7.80004
0 0 0 0 1 7.81062
0 0 0 0 1 7.83687
0 0 0 0 1 7.69531
0 0 0 0 1 7.74521
0 0 0 0 1 7.73612
