0 0 0 0 1 5.53625
0 0 0 0 0 5.57867
0 0 0 0 0 5.53787
0 0 0 0 1 5.58309
0 0 0 0 1 5.61493
0 0 0 0 1 5.55754
0 0 0 0 0 5.53838
0 0 0 0 1 5.55933
0 0 0 0 1 5.65007
0 0 0 0 1 5.57028
0 0 0 0 0 5.67049
0 0 0 0 1 5.61886
0 0 0 0 1 5.63711
0 0 0 0 1 5.68163
0 0 0 0 0 5.63003
0 0 0 0 0 5.62018
0 0 0 0 1 5.70496
0 0 0 0 1 5.6591
0 0 0 0 1 5.76161
0 0 0 0 0 5.73685
0 0 0 0 1 5.7712
0 0 0 0 1 5.72547
0 0 0 0 1 5.69688
0 0 0 0 0 5.78347
0 0 0 0 1 5.77991
0 0 0 0 1 5.72259
0 0 0 0 0 5.74622
0 0 0 0 1 5.82806
0 0 0 0 0 5.85798
0 0 0 0 0 5.85312
0 0 0 0 0 5.79573
0 0 0 0 1 5.84514
0 0 0 0 0 5.81269
0 0 0 0 1 5.83729
0 0 0 0 1 5.90916
0 0 0 0 1 5.83984
0 0 0 0 1 5.95946
0 0 0 0 1 5.93155
0 0 0 0 0 5.96296
0 0 0 0 1 5.91123
0 0 0 0 1 6.01445
0 0 0 0 0 6.02252
0 0 0 0 0 6.00199
0 0 0 0 0 5.9501
0 0 0 0 1 6.02441
0 0 0 0 1 6.00862
0 0 0 0 1 6.05813
0 0 0 0 1 6.07885
0 0 0 0 0 6.08754
0 0 0 0 1 6.12679
0 0 0 0 1 6.07461
0 0 0 0 1 6.08347
0 0 0 0 1 6.18965
0 0 0 0 1 6.21225
0 0 0 0 1 6.2031
0 0 0 0 0 6.15062
0 0 0 0 1 6.17855
0 0 0 0 1 6.17455
0 0 0 0 1 6.17781
0 0 0 0 1 6.19361
0 0 0 0 1 6.3404
0 0 0 0 1 6.35047
0 0 0 0 1 6.36061
0 0 0 0 0 6.37714
0 0 0 0 1 6.36206
0 0 0 0 0 6.40975
0 0 0 0 1 6.37555
0 0 0 0 1 6.43641
0 0 0 0 1 6.4663
0 0 0 0 1 6.42477
0 0 0 0 1 6.51944
0 0 0 0 1 6.50379
0 0 0 0 1 6.53424
0 0 0 0 1 6.49966
0 0 0 0 1 6.49104
0 0 0 0 1 6.50789
0 0 0 0 0 6.59069
0 0 0 0 1 6.62182
0 0 0 0 1 6.6459
0 0 0 0 1 6.60364
0 0 0 0 1 6.65448
0 0 0 0 0 6.65268
0 0 0 0 1 6.70455
0 0 0 0 0 6.7831
0 0 0 0 0 6.78783
0 0 0 0 1 6.73826
0 0 0 0 1 6.80408
0 0 0 0 1 6.8635
0 0 0 0 0 6.93018
0 0 0 0 1 6.86644
0 0 0 0 1 6.88513
0 0 0 0 1 6.91827
0 0 0 0 1 6.90935
0 0 0 0 1 6.91426
0 0 0 0 1 7.04534
0 0 0 0 1 6.9803
0 0 0 0 1 7.04139
0 0 0 0 1 7.14594
0 0 0 0 1 7.10874
0 0 0 0 1 7.10694
0 0 0 0 0 7.20552
0 0 0 0 1 7.13186
0 0 0 0 1 7.25241
0 0 0 0 1 7.25076
0 0 0 0 1 7.25586
0 0 0 0 0 7.37124
0 0 0 0 1 7.42822
0 0 0 0 1 7.44192
0 0 0 0 1 7.38815
0 0 0 0 1 7.49022
0 0 0 0 1 7.47371
0 0 0 0 0 7.56924
0 0 0 0 1 7.49937
0 0 0 0 1 7.56523
0 0 0 0 0 7.62434
0 0 0 0 0 7.60686
0 0 0 0 1 7.64285
0 0 0 0 1 7.7408
0 0 0 0 1 7.70753
0 0 0 0 1 7.80632
0 0 0 0 1 7.89059
0 0 0 0 1 7.89635
0 0 0 0 1 7.97267
0 0 0 0 1 7.96253
0 0 0 0 0 8.01548
0 0 0 0 1 7.95679
0 0 0 0 0 8.13127
0 0 0 0 1 8.07213
0 0 0 0 1 8.19085
0 0 0 0 1 8.21276
0 0 0 0 1 8.20939
0 0 0 0 1 8.35468
0 0 0 0 1 8.33532
0 0 0 0 1 8.33162
0 0 0 0 1 8.32752
0 0 0 0 1 8.433
0 0 0 0 1 8.58182
0 0 0 0 1 8.47537
0 0 0 0 1 8.6776
0 0 0 0 0 8.69087
0 0 0 0 1 8.77274
0 0 0 0 1 8.78589
0 0 0 0 1 8.8508
0 0 0 0 0 8.82034
0 0 0 0 0 8.84972
0 0 0 0 1 8.92371
0 0 0 0 0 8.97109
0 0 0 0 1 9.02761
0 0 0 0 1 9.09443
0 0 0 0 1 9.2431
0 0 0 0 1 9.21778
0 0 0 0 1 9.1916
0 0 0 0 1 9.26848
0 0 0 0 1 9.42804
0 0 0 0 0 9.4105
0 0 0 0 1 9.42896
0 0 0 0 1 9.63879
0 0 0 0 0 9.56246
0 0 0 0 1 9.67744
0 0 0 0 1 9.86177
0 0 0 0 1 9.8706
0 0 0 0 1 9.82083
0 0 0 0 1 10.0761
0 0 0 0 1 10.0843
0 0 0 0 1 10.0397
0 0 0 0 0 10.2297
0 0 0 0 1 10.3687
0 0 0 0 1 10.4363
0 0 0 0 1 10.5265
0 0 0 0 0 10.4685
0 0 0 0 0 10.6413
0 0 0 0 1 10.7392
0 0 0 0 0 10.7105
0 0 0 0 1 10.7433
0 0 0 0 1 9.24075
0 0 0 0 1 9.22608
0 0 0 0 1 9.18851
0 0 0 0 1 9.19266
0 0 0 0 1 9.25689
0 0 0 0 1 9.25181
0 0 0 0 0 9.23315
0 0 0 0 0 9.21002
0 0 0 0 1 9.20995
0 0 0 0 1 9.17805
0 0 0 0 1 9.14181
0 0 0 0 1 9.09227
0 0 0 0 1 9.01123
0 0 0 0 0 9.02098
0 0 0 0 1 9.03546
0 0 0 0 1 8.93729
0 0 0 0 0 8.94315
0 0 0 0 1 9.04292
0 0 0 0 1 8.85614
0 0 0 0 1 8.89337
0 0 0 0 0 8.8641
0 0 0 0 1 8.90136
0 0 0 0 0 8.80543
0 0 0 0 0 8.94031
0 0 0 0 1 8.77408
0 0 0 0 1 8.80775
0 0 0 0 1 8.85407
0 0 0 0 1 8.75962
0 0 0 0 1 8.81485
0 0 0 0 1 8.75606
0 0 0 0 1 8.71507
0 0 0 0 0 8.81917
0 0 0 0 0 8.67387
0 0 0 0 1 8.651
0 0 0 0 1 8.69783
0 0 0 0 1 8.6492
0 0 0 0 1 8.59219
0 0 0 0 0 8.65654
0 0 0 0 1 8.55676
0 0 0 0 1 8.62983
0 0 0 0 1 8.58229
0 0 0 0 1 8.68114
0 0 0 0 1 8.59959
0 0 0 0 1 8.51841
0 0 0 0 1 8.53173
0 0 0 0 1 8.47679
0 0 0 0 1 8.52753
0 0 0 0 1 8.49854
0 0 0 0 1 8.5927
0 0 0 0 1 8.76084
0 0 0 0 1 8.79802
0 0 0 0 1 9.01255
0 0 0 0 0 9.04781
0 0 0 0 1 9.30221
0 0 0 0 0 9.41952
0 0 0 0 1 9.50764
0 0 0 0 1 9.61328
0 0 0 0 1 9.76657
0 0 0 0 0 10.0198
0 0 0 0 1 10.0823
0 0 0 0 1 10.2758
0 0 0 0 1 10.6162
0 0 0 0 1 10.6623
0 0 0 0 1 10.909
0 0 0 0 1 11.2466
0 0 0 0 1 11.4403
0 0 0 0 0 11.4809
0 0 0 0 1 11.8669
0 0 0 0 0 12.0904
0 0 0 0 1 12.2225
0 0 0 0 1 12.5982
0 0 0 0 1 12.7448
0 0 0 0 1 22.5009
0 0 0 0 1 22.6866
0 0 0 0 1 22.5529
0 0 0 0 1 22.467
0 0 0 0 1 22.8121
0 0 0 0 0 22.5911
0 0 0 0 1 22.4613
0 0 0 0 1 22.5356
0 0 0 0 1 22.6327
0 0 0 0 1 22.4593
0 0 0 0 1 22.3541
0 0 0 0 1 22.3623
0 0 0 0 0 22.5749
0 0 0 0 0 22.5612
0 0 0 0 1 22.3679
0 0 0 0 0 22.6475
0 0 0 0 0 22.6125
0 0 0 0 1 22.5331
0 0 0 0 1 23.0604
0 0 0 0 0 23.979
0 0 0 0 1 25.2939
0 0 0 0 1 25.9764
0 0 0 0 0 36.7454
0 0 0 0 1 36.439
0 0 0 0 0 36.0972
0 0 0 0 1 36.011
0 0 0 0 1 36.3198
0 0 0 0 1 38.2181
0 0 0 0 0 52.3791
0 0 0 0 1 51.6348
0 0 0 0 1 52.1413
0 0 0 0 1 52.4399
0 0 0 0 1 52.5313
0 0 0 0 1 56.5543
0 0 0 0 1 66.1171
0 0 0 0 1 69.3156
0 0 0 0 1 81.5646
0 0 0 0 0 5.03004
0 0 0 0 0 5.02002
0 0 0 0 0 5.03505
0 0 0 0 0 5.05509
0 0 0 0 0 5.04507
0 0 0 0 0 5.02503
0 0 0 0 0 5.01501
0 0 0 0 0 5.04507
0 0 0 0 0 5.05008
0 0 0 0 0 5.03505
0 0 0 0 0 5.0601
0 0 0 0 0 5.04507
0 0 0 0 1 88.1164
0 0 0 0 1 86.8991
0 0 0 0 1 75.3703
0 0 0 0 1 64.0305
0 0 0 0 1 60.4659
0 0 0 0 1 61.0219
0 0 0 0 1 59.944
0 0 0 0 1 51.7254
0 0 0 0 1 48.419
0 0 0 0 0 48.3355
0 0 0 0 1 39.5491
0 0 0 0 1 36.5252
0 0 0 0 1 35.5608
0 0 0 0 1 35.3232
0 0 0 0 1 35.942
0 0 0 0 0 35.5986
0 0 0 0 0 27.9375
0 0 0 0 1 26.6427
0 0 0 0 1 25.716
0 0 0 0 0 24.6638
0 0 0 0 1 24.8725
0 0 0 0 0 24.8356
0 0 0 0 1 24.7239
0 0 0 0 1 24.4658
0 0 0 0 1 24.8495
0 0 0 0 1 24.7896
0 0 0 0 1 24.7549
0 0 0 0 1 24.5228
0 0 0 0 1 24.7594
0 0 0 0 1 18.1271
0 0 0 0 1 17.5089
0 0 0 0 1 17.3121
0 0 0 0 1 16.7612
0 0 0 0 1 16.3099
0 0 0 0 1 15.9589
0 0 0 0 1 15.3925
0 0 0 0 1 15.1514
0 0 0 0 0 14.6835
0 0 0 0 1 14.351
0 0 0 0 1 14.1272
0 0 0 0 1 13.8037
0 0 0 0 1 13.871
0 0 0 0 0 14.05
0 0 0 0 1 13.8397
0 0 0 0 1 13.8383
0 0 0 0 1 13.895
0 0 0 0 1 14.0896
0 0 0 0 1 14.0751
0 0 0 0 1 13.9489
0 0 0 0 1 14.1051
0 0 0 0 1 14.0632
0 0 0 0 1 13.9373
0 0 0 0 1 14.1064
0 0 0 0 1 14.2082
0 0 0 0 1 14.1108
0 0 0 0 1 13.9852
0 0 0 0 0 14.0739
0 0 0 0 1 14.0191
0 0 0 0 0 14.1766
0 0 0 0 0 14.224
0 0 0 0 1 14.2833
0 0 0 0 0 14.2747
0 0 0 0 1 14.1924
0 0 0 0 1 14.3551
0 0 0 0 0 14.1447
0 0 0 0 1 14.194
0 0 0 0 1 14.1977
0 0 0 0 1 14.4052
0 0 0 0 1 14.2375
0 0 0 0 1 8.87888
0 0 0 0 1 8.65122
0 0 0 0 1 8.56426
0 0 0 0 1 8.57968
0 0 0 0 1 8.33222
0 0 0 0 1 8.29563
0 0 0 0 0 8.27522
0 0 0 0 1 8.14663
0 0 0 0 1 7.97227
0 0 0 0 1 7.93427
0 0 0 0 1 7.79511
0 0 0 0 1 7.67893
0 0 0 0 1 7.58798
0 0 0 0 1 7.60315
0 0 0 0 0 7.48923
0 0 0 0 1 7.47417
0 0 0 0 1 7.29499
0 0 0 0 1 7.20688
0 0 0 0 1 7.19806
0 0 0 0 0 7.05323
0 0 0 0 1 6.99427
0 0 0 0 1 7.02781
0 0 0 0 1 6.85752
0 0 0 0 1 6.88256
0 0 0 0 1 6.69659
0 0 0 0 1 6.63351
0 0 0 0 1 6.62361
0 0 0 0 0 6.52746
0 0 0 0 1 6.54263
0 0 0 0 1 6.39146
0 0 0 0 1 6.33542
0 0 0 0 0 6.37064
0 0 0 0 1 6.32284
0 0 0 0 1 6.25637
0 0 0 0 1 6.17788
0 0 0 0 1 6.17337
0 0 0 0 0 6.03469
0 0 0 0 1 6.04479
0 0 0 0 1 6.0154
0 0 0 0 1 5.96501
0 0 0 0 1 5.83552
0 0 0 0 1 5.78023
0 0 0 0 1 5.731
0 0 0 0 1 5.70491
0 0 0 0 1 5.6643
0 0 0 0 1 5.68873
0 0 0 0 1 5.65063
0 0 0 0 0 5.52666
0 0 0 0 1 5.46724
0 0 0 0 1 5.47395
0 0 0 0 1 5.39301
0 0 0 0 1 5.40766
0 0 0 0 1 5.39493
0 0 0 0 1 5.32017
0 0 0 0 1 5.33914
0 0 0 0 1 5.2439
0 0 0 0 0 5.20493
0 0 0 0 1 5.1972
0 0 0 0 1 5.1326
0 0 0 0 0 5.10941
0 0 0 0 0 5.11842
0 0 0 0 0 5.05961
0 0 0 0 0 4.98947
0 0 0 0 1 4.97144
0 0 0 0 1 4.90879
0 0 0 0 1 4.90561
0 0 0 0 1 4.9168
0 0 0 0 1 4.89208
0 0 0 0 0 4.79166
0 0 0 0 1 4.78611
0 0 0 0 0 4.78326
0 0 0 0 1 4.82497
0 0 0 0 1 4.83295
0 0 0 0 0 4.83992
0 0 0 0 1 4.94092
0 0 0 0 1 4.86099
0 0 0 0 1 4.90858
0 0 0 0 1 4.92567
0 0 0 0 1 4.94401
0 0 0 0 0 5.00726
0 0 0 0 1 4.99479
0 0 0 0 1 4.98345
0 0 0 0 1 5.04238
0 0 0 0 1 5.08153
0 0 0 0 1 5.01964
0 0 0 0 1 5.13519
0 0 0 0 1 5.10868
0 0 0 0 0 5.12803
0 0 0 0 0 5.11018
0 0 0 0 1 5.19144
0 0 0 0 1 5.20083
0 0 0 0 1 5.21544
0 0 0 0 1 5.1936
0 0 0 0 1 5.22912
0 0 0 0 1 5.28588
0 0 0 0 1 5.23224
0 0 0 0 1 5.25896
0 0 0 0 1 5.31103
0 0 0 0 1 5.38481
0 0 0 0 1 5.37864
0 0 0 0 1 5.36698
0 0 0 0 1 5.43235
0 0 0 0 1 5.40976
0 0 0 0 0 5.48506
0 0 0 0 1 5.43499
0 0 0 0 1 5.45735
0 0 0 0 0 5.56117
0 0 0 0 0 5.55638
0 0 0 0 1 5.55545
0 0 0 0 1 5.56713
0 0 0 0 1 5.59414
0 0 0 0 0 5.62846
0 0 0 0 0 5.71247
0 0 0 0 0 5.65619
0 0 0 0 1 5.68934
0 0 0 0 1 5.70693
0 0 0 0 1 5.74188
0 0 0 0 0 5.8177
0 0 0 0 1 5.84579
0 0 0 0 0 5.82869
0 0 0 0 0 5.85838
0 0 0 0 0 5.91781
0 0 0 0 1 5.93002
0 0 0 0 1 5.97808
0 0 0 0 1 6.03244
0 0 0 0 1 6.02671
0 0 0 0 1 6.03896
0 0 0 0 1 6.1305
0 0 0 0 1 6.13072
0 0 0 0 1 6.15077
0 0 0 0 1 9.53808
0 0 0 0 1 9.50978
0 0 0 0 1 9.42174
0 0 0 0 0 9.35307
0 0 0 0 1 9.2881
0 0 0 0 0 9.41666
0 0 0 0 1 9.26473
0 0 0 0 1 9.34281
0 0 0 0 1 9.31561
0 0 0 0 1 9.20232
0 0 0 0 1 9.19094
0 0 0 0 1 9.13376
0 0 0 0 1 9.0678
0 0 0 0 1 9.19359
0 0 0 0 1 9.0461
0 0 0 0 1 9.01724
0 0 0 0 1 9.05173
0 0 0 0 1 9.09178
0 0 0 0 1 8.90152
0 0 0 0 0 9.04018
0 0 0 0 0 8.94933
0 0 0 0 1 8.80569
0 0 0 0 1 8.82258
0 0 0 0 0 8.81286
0 0 0 0 1 8.77341
0 0 0 0 1 8.79911
0 0 0 0 1 8.82469
0 0 0 0 1 8.67728
0 0 0 0 1 8.78165
0 0 0 0 0 8.73423
0 0 0 0 1 8.70785
0 0 0 0 1 8.56577
0 0 0 0 1 8.6609
0 0 0 0 0 8.68328
0 0 0 0 1 8.59747
0 0 0 0 1 8.61141
0 0 0 0 1 8.54346
0 0 0 0 0 8.58311
0 0 0 0 1 8.58014
0 0 0 0 1 8.44163
0 0 0 0 1 8.42219
0 0 0 0 1 8.51258
0 0 0 0 1 8.46312
0 0 0 0 1 8.42717
0 0 0 0 0 8.29096
0 0 0 0 0 8.43952
0 0 0 0 1 8.26233
0 0 0 0 0 8.36422
0 0 0 0 1 8.24631
0 0 0 0 1 8.31937
0 0 0 0 1 8.23971
0 0 0 0 0 8.21369
0 0 0 0 0 8.18786
0 0 0 0 1 8.26075
0 0 0 0 1 8.15316
0 0 0 0 1 8.19328
0 0 0 0 1 8.19252
0 0 0 0 0 8.21629
0 0 0 0 0 8.06127
0 0 0 0 0 8.06918
0 0 0 0 1 8.03668
0 0 0 0 1 8.1175
0 0 0 0 1 8.06911
0 0 0 0 1 7.99277
0 0 0 0 0 8.05744
0 0 0 0 1 8.00973
0 0 0 0 1 8.08234
0 0 0 0 1 8.05095
0 0 0 0 1 7.92787
0 0 0 0 1 8.01649
0 0 0 0 0 8.01749
0 0 0 0 1 7.85998
0 0 0 0 0 7.88526
0 0 0 0 1 7.88249
0 0 0 0 1 7.88419
0 0 0 0 1 7.82299
0 0 0 0 1 7.85205
0 0 0 0 1 7.89683
0 0 0 0 1 7.82835
0 0 0 0 1 7.81506
0 0 0 0 1 7.74722
0 0 0 0 0 7.87812
0 0 0 0 1 7.77165
0 0 0 0 0 7.85244
0 0 0 0 0 7.80414
0 0 0 0 1 7.69089
0 0 0 0 1 7.77488
