0 0 0 0 1 5.50296
0 0 0 0 1 5.51755
0 0 0 0 1 5.54344
0 0 0 0 0 5.54409
0 0 0 0 1 5.59819
0 0 0 0 1 5.63581
0 0 0 0 1 5.58873
0 0 0 0 0 5.58174
0 0 0 0 1 5.6164
0 0 0 0 1 5.65459
0 0 0 0 1 5.57476
0 0 0 0 1 5.65835
0 0 0 0 1 5.63146
0 0 0 0 1 5.64767
0 0 0 0 1 5.68673
0 0 0 0 0 5.62585
0 0 0 0 0 5.66515
0 0 0 0 1 5.73888
0 0 0 0 0 5.69309
0 0 0 0 1 5.73113
0 0 0 0 1 5.71967
0 0 0 0 1 5.67957
0 0 0 0 1 5.70263
0 0 0 0 0 5.75466
0 0 0 0 1 5.71069
0 0 0 0 1 5.8382
0 0 0 0 1 5.75201
0 0 0 0 1 5.77582
0 0 0 0 1 5.8638
0 0 0 0 1 5.85895
0 0 0 0 0 5.88337
0 0 0 0 1 5.82759
0 0 0 0 1 5.85371
0 0 0 0 1 5.83142
0 0 0 0 1 5.8503
0 0 0 0 1 5.94012
0 0 0 0 1 5.90625
0 0 0 0 1 5.91377
0 0 0 0 1 5.99859
0 0 0 0 1 5.90528
0 0 0 0 1 5.94882
0 0 0 0 1 6.01654
0 0 0 0 1 5.9361
0 0 0 0 1 5.96812
0 0 0 0 1 6.07857
0 0 0 0 1 5.99656
0 0 0 0 1 6.03393
0 0 0 0 1 6.07885
0 0 0 0 1 6.05105
0 0 0 0 1 6.1085
0 0 0 0 1 6.15406
0 0 0 0 1 6.10185
0 0 0 0 1 6.08516
0 0 0 0 1 6.12605
0 0 0 0 1 6.22779
0 0 0 0 1 6.15681
0 0 0 0 1 6.19716
0 0 0 0 1 6.24924
0 0 0 0 1 6.30261
0 0 0 0 1 6.21238
0 0 0 0 1 6.32784
0 0 0 0 0 6.27494
0 0 0 0 1 6.33537
0 0 0 0 1 6.3202
0 0 0 0 1 6.29863
0 0 0 0 1 6.37792
0 0 0 0 1 6.4266
0 0 0 0 1 6.39158
0 0 0 0 1 6.47914
0 0 0 0 1 6.5021
0 0 0 0 1 6.40959
0 0 0 0 1 6.54918
0 0 0 0 1 6.49523
0 0 0 0 1 6.57789
0 0 0 0 1 6.54987
0 0 0 0 1 6.55381
0 0 0 0 1 6.52485
0 0 0 0 1 6.61522
0 0 0 0 1 6.6194
0 0 0 0 1 6.63689
0 0 0 0 0 6.7279
0 0 0 0 1 6.66607
0 0 0 0 0 6.77166
0 0 0 0 1 6.80331
0 0 0 0 1 6.72022
0 0 0 0 1 6.75184
0 0 0 0 1 6.83132
0 0 0 0 1 6.82248
0 0 0 0 1 6.84784
0 0 0 0 1 6.83889
0 0 0 0 1 6.975
0 0 0 0 1 6.87668
0 0 0 0 1 7.01372
0 0 0 0 1 6.96315
0 0 0 0 1 7.02431
0 0 0 0 1 7.00141
0 0 0 0 1 7.0626
0 0 0 0 1 7.0253
0 0 0 0 1 7.13724
0 0 0 0 1 7.17844
0 0 0 0 1 7.24858
0 0 0 0 1 7.23992
0 0 0 0 1 7.16556
0 0 0 0 1 7.22897
0 0 0 0 1 7.24126
0 0 0 0 0 7.29797
0 0 0 0 1 7.33988
0 0 0 0 1 7.41239
0 0 0 0 1 7.34364
0 0 0 0 1 7.48277
0 0 0 0 1 7.42134
0 0 0 0 0 7.50911
0 0 0 0 1 7.49181
0 0 0 0 1 7.53488
0 0 0 0 1 7.68528
0 0 0 0 1 7.72165
0 0 0 0 1 7.71205
0 0 0 0 1 7.679
0 0 0 0 1 7.82396
0 0 0 0 1 7.76733
0 0 0 0 0 7.89059
0 0 0 0 1 7.88062
0 0 0 0 1 7.98058
0 0 0 0 1 7.97047
0 0 0 0 1 8.01548
0 0 0 0 1 8.02102
0 0 0 0 1 8.0264
0 0 0 0 1 8.12886
0 0 0 0 0 8.22345
0 0 0 0 1 8.17182
0 0 0 0 1 8.28349
0 0 0 0 0 8.29672
0 0 0 0 0 8.36028
0 0 0 0 1 8.41527
0 0 0 0 1 8.48735
0 0 0 0 1 8.49221
0 0 0 0 1 8.5478
0 0 0 0 1 8.50102
0 0 0 0 1 8.51436
0 0 0 0 1 8.69951
0 0 0 0 0 8.6771
0 0 0 0 1 8.71595
0 0 0 0 1 8.71883
0 0 0 0 1 8.78499
0 0 0 0 1 8.85861
0 0 0 0 0 8.95951
0 0 0 0 0 8.96208
0 0 0 0 0 9.07293
0 0 0 0 1 9.13088
0 0 0 0 1 9.19725
0 0 0 0 1 9.27314
0 0 0 0 0 9.34944
0 0 0 0 1 9.42716
0 0 0 0 1 9.31524
0 0 0 0 0 9.54291
0 0 0 0 1 9.6004
0 0 0 0 1 9.65797
0 0 0 0 0 9.72649
0 0 0 0 1 9.7746
0 0 0 0 1 9.81286
0 0 0 0 0 9.92971
0 0 0 0 0 9.84065
0 0 0 0 1 10.0062
0 0 0 0 0 10.1246
0 0 0 0 0 10.1815
0 0 0 0 0 10.2909
0 0 0 0 0 10.3584
0 0 0 0 0 10.2913
0 0 0 0 1 10.3389
0 0 0 0 1 10.437
0 0 0 0 0 10.6095
0 0 0 0 1 10.7392
0 0 0 0 1 10.6353
0 0 0 0 1 10.9165
0 0 0 0 1 9.39895
0 0 0 0 1 9.3653
0 0 0 0 1 9.19777
0 0 0 0 1 9.30353
0 0 0 0 1 9.22923
0 0 0 0 1 9.11386
0 0 0 0 0 9.09548
0 0 0 0 1 9.13678
0 0 0 0 0 9.18254
0 0 0 0 1 9.10514
0 0 0 0 0 9.16
0 0 0 0 1 9.10134
0 0 0 0 0 9.11991
0 0 0 0 1 8.9577
0 0 0 0 0 8.98136
0 0 0 0 1 8.91029
0 0 0 0 1 8.97009
0 0 0 0 1 9.01603
0 0 0 0 1 9.01716
0 0 0 0 1 8.83979
0 0 0 0 1 8.89083
0 0 0 0 0 8.8569
0 0 0 0 1 8.9297
0 0 0 0 1 8.94917
0 0 0 0 1 8.78293
0 0 0 0 1 8.73715
0 0 0 0 1 8.72192
0 0 0 0 1 8.83877
0 0 0 0 1 8.70071
0 0 0 0 1 8.721
0 0 0 0 1 8.82007
0 0 0 0 1 8.72312
0 0 0 0 1 8.75232
0 0 0 0 1 8.69451
0 0 0 0 1 8.7239
0 0 0 0 1 8.66655
0 0 0 0 1 8.68746
0 0 0 0 1 8.72572
0 0 0 0 1 8.54812
0 0 0 0 1 8.59534
0 0 0 0 1 8.67698
0 0 0 0 1 8.61238
0 0 0 0 1 8.65108
0 0 0 0 1 8.61268
0 0 0 0 1 8.56596
0 0 0 0 1 8.6306
0 0 0 0 1 8.56168
0 0 0 0 0 8.53264
0 0 0 0 1 8.5927
0 0 0 0 1 8.72604
0 0 0 0 1 8.88627
0 0 0 0 1 8.91401
0 0 0 0 0 9.18421
0 0 0 0 1 9.26526
0 0 0 0 0 9.45704
0 0 0 0 1 9.5744
0 0 0 0 1 9.71977
0 0 0 0 1 9.87486
0 0 0 0 1 9.92973
0 0 0 0 1 10.1943
0 0 0 0 1 10.4001
0 0 0 0 1 10.6056
0 0 0 0 0 10.7912
0 0 0 0 0 11.0512
0 0 0 0 1 11.0348
0 0 0 0 1 11.3835
0 0 0 0 1 11.5041
0 0 0 0 1 11.7605
0 0 0 0 1 11.9698
0 0 0 0 1 12.2594
0 0 0 0 0 12.4599
0 0 0 0 0 12.7448
0 0 0 0 1 22.5918
0 0 0 0 1 22.891
0 0 0 0 1 22.5983
0 0 0 0 1 22.7391
0 0 0 0 1 22.7668
0 0 0 0 1 22.5911
0 0 0 0 1 22.4161
0 0 0 0 1 22.4452
0 0 0 0 1 22.4294
0 0 0 0 0 22.7753
0 0 0 0 1 22.3767
0 0 0 0 1 22.4975
0 0 0 0 1 22.6876
0 0 0 0 0 22.6963
0 0 0 0 1 22.5479
0 0 0 0 1 22.2651
0 0 0 0 1 22.6125
0 0 0 0 1 22.6678
0 0 0 0 1 23.4316
0 0 0 0 1 24.2444
0 0 0 0 1 25.0176
0 0 0 0 1 26.3433
0 0 0 0 1 36.6725
0 0 0 0 1 36.1478
0 0 0 0 0 36.4975
0 0 0 0 1 36.3384
0 0 0 0 1 36.3198
0 0 0 0 1 38.2951
0 0 0 0 0 52.5874
0 0 0 0 1 52.1553
0 0 0 0 1 51.621
0 0 0 0 1 51.7116
0 0 0 0 1 51.8031
0 0 0 0 1 56.1032
0 0 0 0 1 65.6589
0 0 0 0 1 69.8032
0 0 0 0 0 81.401
0 0 0 0 0 5.01501
0 0 0 0 0 5.00499
0 0 0 0 0 5.04507
0 0 0 0 0 5.0601
0 0 0 0 0 4.98996
0 0 0 0 0 5.00499
0 0 0 0 0 5.02503
0 0 0 0 0 4.9599
0 0 0 0 0 4.98996
0 0 0 0 0 5.04507
0 0 0 0 0 5.05509
0 0 0 0 0 5.00499
0 0 0 0 1 88.3791
0 0 0 0 1 87.6875
0 0 0 0 1 74.9946
0 0 0 0 1 63.9666
0 0 0 0 1 60.2843
0 0 0 0 0 59.9322
0 0 0 0 1 60.8522
0 0 0 0 1 51.6223
0 0 0 0 1 47.5073
0 0 0 0 1 47.7595
0 0 0 0 1 39.0778
0 0 0 0 1 37.0407
0 0 0 0 1 35.6322
0 0 0 0 1 35.9298
0 0 0 0 1 35.478
0 0 0 0 1 35.3486
0 0 0 0 1 27.9656
0 0 0 0 1 26.5623
0 0 0 0 0 25.8442
0 0 0 0 1 24.7376
0 0 0 0 1 24.6755
0 0 0 0 0 24.5399
0 0 0 0 1 24.6746
0 0 0 0 0 24.8358
0 0 0 0 1 24.4793
0 0 0 0 1 24.8884
0 0 0 0 0 24.6066
0 0 0 0 0 24.6958
0 0 0 0 1 24.883
0 0 0 0 1 18.2545
0 0 0 0 0 17.5797
0 0 0 0 1 17.2261
0 0 0 0 1 16.7444
0 0 0 0 1 16.1632
0 0 0 0 1 15.9589
0 0 0 0 1 15.3925
0 0 0 0 1 15.1363
0 0 0 0 0 14.6982
0 0 0 0 1 14.5529
0 0 0 0 1 14.1554
0 0 0 0 1 13.8176
0 0 0 0 1 13.8015
0 0 0 0 1 13.8692
0 0 0 0 1 13.8258
0 0 0 0 1 13.8661
0 0 0 0 1 14.0066
0 0 0 0 1 14.0058
0 0 0 0 1 13.8794
0 0 0 0 1 13.9069
0 0 0 0 1 13.881
0 0 0 0 1 13.909
0 0 0 0 0 13.8952
0 0 0 0 1 13.9659
0 0 0 0 1 13.955
0 0 0 0 1 14.1671
0 0 0 0 1 14.0416
0 0 0 0 1 14.0598
0 0 0 0 1 14.0332
0 0 0 0 1 14.0775
0 0 0 0 1 14.1532
0 0 0 0 1 14.2266
0 0 0 0 1 14.1611
0 0 0 0 1 14.1497
0 0 0 0 1 14.3693
0 0 0 0 1 14.3728
0 0 0 0 1 14.2511
0 0 0 0 1 14.3264
0 0 0 0 1 14.3765
0 0 0 0 1 14.4382
0 0 0 0 1 8.75531
0 0 0 0 0 8.70349
0 0 0 0 1 8.58146
0 0 0 0 1 8.43526
0 0 0 0 0 8.34061
0 0 0 0 1 8.30391
0 0 0 0 1 8.25064
0 0 0 0 1 8.05764
0 0 0 0 1 8.06023
0 0 0 0 1 7.93427
0 0 0 0 1 7.74038
0 0 0 0 1 7.67893
0 0 0 0 1 7.67968
0 0 0 0 0 7.58048
0 0 0 0 0 7.48176
0 0 0 0 1 7.37797
0 0 0 0 1 7.33889
0 0 0 0 1 7.21412
0 0 0 0 0 7.19089
0 0 0 0 0 7.05323
0 0 0 0 1 7.08557
0 0 0 0 1 6.93735
0 0 0 0 1 6.89883
0 0 0 0 1 6.8621
0 0 0 0 1 6.75065
0 0 0 0 0 6.62682
0 0 0 0 1 6.59046
0 0 0 0 1 6.61939
0 0 0 0 0 6.4971
0 0 0 0 1 6.4753
0 0 0 0 1 6.40568
0 0 0 0 1 6.30731
0 0 0 0 0 6.32284
0 0 0 0 1 6.20034
0 0 0 0 1 6.15319
0 0 0 0 1 6.17948
0 0 0 0 0 6.1014
0 0 0 0 0 6.01469
0 0 0 0 1 5.93782
0 0 0 0 1 5.87616
0 0 0 0 1 5.85313
0 0 0 0 0 5.88511
0 0 0 0 1 5.81774
0 0 0 0 1 5.77378
0 0 0 0 1 5.69842
0 0 0 0 0 5.58714
0 0 0 0 1 5.54422
0 0 0 0 1 5.52666
0 0 0 0 0 5.49485
0 0 0 0 1 5.50682
0 0 0 0 0 5.41476
0 0 0 0 0 5.41847
0 0 0 0 1 5.34662
0 0 0 0 1 5.29354
0 0 0 0 1 5.33914
0 0 0 0 1 5.30164
0 0 0 0 1 5.16321
0 0 0 0 1 5.14021
0 0 0 0 1 5.1429
0 0 0 0 1 5.07873
0 0 0 0 1 5.0474
0 0 0 0 1 5.00418
0 0 0 0 1 4.99448
0 0 0 0 0 5.00631
0 0 0 0 1 4.95827
0 0 0 0 1 4.91053
0 0 0 0 0 4.84356
0 0 0 0 1 4.88237
0 0 0 0 0 4.8544
0 0 0 0 1 4.79574
0 0 0 0 0 4.81704
0 0 0 0 1 4.84919
0 0 0 0 0 4.83295
0 0 0 0 1 4.82529
0 0 0 0 1 4.88711
0 0 0 0 1 4.86099
0 0 0 0 0 4.96772
0 0 0 0 1 4.97508
0 0 0 0 1 4.94897
0 0 0 0 1 4.94256
0 0 0 0 1 5.03471
0 0 0 0 1 5.0135
0 0 0 0 1 5.07757
0 0 0 0 0 5.00584
0 0 0 0 1 5.04496
0 0 0 0 1 5.04367
0 0 0 0 1 5.12399
0 0 0 0 0 5.16389
0 0 0 0 1 5.08963
0 0 0 0 0 5.17082
0 0 0 0 0 5.18531
0 0 0 0 0 5.18947
0 0 0 0 1 5.25096
0 0 0 0 1 5.21865
0 0 0 0 1 5.23333
0 0 0 0 1 5.30081
0 0 0 0 1 5.29077
0 0 0 0 1 5.3536
0 0 0 0 1 5.3581
0 0 0 0 1 5.40009
0 0 0 0 1 5.3616
0 0 0 0 1 5.39447
0 0 0 0 0 5.3826
0 0 0 0 1 5.48506
0 0 0 0 1 5.43499
0 0 0 0 1 5.55638
0 0 0 0 1 5.47833
0 0 0 0 1 5.51197
0 0 0 0 0 5.5443
0 0 0 0 0 5.58953
0 0 0 0 1 5.59976
0 0 0 0 1 5.62846
0 0 0 0 0 5.6217
0 0 0 0 1 5.72461
0 0 0 0 0 5.76374
0 0 0 0 1 5.69543
0 0 0 0 1 5.80549
0 0 0 0 0 5.83514
0 0 0 0 1 5.80495
0 0 0 0 1 5.90492
0 0 0 0 1 5.91732
0 0 0 0 0 5.87634
0 0 0 0 1 5.90025
0 0 0 0 1 5.99603
0 0 0 0 1 6.02643
0 0 0 0 0 6.03276
0 0 0 0 1 6.12401
0 0 0 0 1 6.04502
0 0 0 0 0 6.08776
0 0 0 0 1 6.13842
0 0 0 0 1 9.45241
0 0 0 0 0 9.55718
0 0 0 0 1 9.47844
0 0 0 0 1 9.34366
0 0 0 0 1 9.40069
0 0 0 0 1 9.41666
0 0 0 0 0 9.23676
0 0 0 0 1 9.31492
0 0 0 0 1 9.22301
0 0 0 0 1 9.2577
0 0 0 0 1 9.13573
0 0 0 0 0 9.22546
0 0 0 0 1 9.13178
0 0 0 0 1 9.2027
0 0 0 0 1 9.10968
0 0 0 0 1 9.14399
0 0 0 0 1 9.06978
0 0 0 0 1 8.99276
0 0 0 0 1 8.93741
0 0 0 0 0 8.91487
0 0 0 0 0 8.90472
0 0 0 0 0 8.91243
0 0 0 0 1 8.87578
0 0 0 0 0 8.76866
0 0 0 0 1 8.8704
0 0 0 0 0 8.74637
0 0 0 0 1 8.68447
0 0 0 0 1 8.72101
0 0 0 0 1 8.66828
0 0 0 0 1 8.70814
0 0 0 0 1 8.66449
0 0 0 0 1 8.6869
0 0 0 0 0 8.71265
0 0 0 0 1 8.62304
0 0 0 0 1 8.52025
0 0 0 0 1 8.49157
0 0 0 0 1 8.51786
0 0 0 0 1 8.50647
0 0 0 0 1 8.52067
0 0 0 0 1 8.53486
0 0 0 0 1 8.46447
0 0 0 0 1 8.39446
0 0 0 0 0 8.46312
0 0 0 0 1 8.37681
0 0 0 0 1 8.43333
0 0 0 0 1 8.2724
0 0 0 0 1 8.38739
0 0 0 0 0 8.38917
0 0 0 0 1 8.28779
0 0 0 0 0 8.22004
0 0 0 0 1 8.34715
0 0 0 0 1 8.27142
0 0 0 0 1 8.30306
0 0 0 0 1 8.13758
0 0 0 0 1 8.16954
0 0 0 0 1 8.11151
0 0 0 0 1 8.22516
0 0 0 0 0 8.16743
0 0 0 0 1 8.11816
0 0 0 0 1 8.06918
0 0 0 0 1 8.06906
0 0 0 0 0 8.03672
0 0 0 0 1 8.14166
0 0 0 0 1 8.08131
0 0 0 0 1 8.11368
0 0 0 0 1 7.96964
0 0 0 0 1 7.9463
0 0 0 0 1 7.90718
0 0 0 0 1 7.89596
0 0 0 0 1 7.913
0 0 0 0 1 7.96187
0 0 0 0 1 7.94722
0 0 0 0 1 7.90901
0 0 0 0 0 7.96156
0 0 0 0 1 7.96311
0 0 0 0 0 7.83087
0 0 0 0 1 7.79698
0 0 0 0 0 7.88112
0 0 0 0 1 7.8362
0 0 0 0 1 7.90903
0 0 0 0 1 7.83322
0 0 0 0 1 7.77662
0 0 0 0 1 7.78724
0 0 0 0 0 7.72014
0 0 0 0 1 7.76527
0 0 0 0 1 7.69089
0 0 0 0 0 7.72837
