0 0 0 0 1 5.50851
0 0 0 0 1 5.50644
0 0 0 0 1 5.60466
0 0 0 0 0 5.61652
0 0 0 0 1 5.55912
0 0 0 0 1 5.56872
0 0 0 0 1 5.6223
0 0 0 0 1 5.61537
0 0 0 0 1 5.65568
0 0 0 0 1 5.66583
0 0 0 0 0 5.58603
0 0 0 0 1 5.5963
0 0 0 0 1 5.59192
0 0 0 0 1 5.6307
0 0 0 0 0 5.6924
0 0 0 0 1 5.65991
0 0 0 0 1 5.69928
0 0 0 0 1 5.68189
0 0 0 0 1 5.76732
0 0 0 0 1 5.70828
0 0 0 0 1 5.74258
0 0 0 0 1 5.74842
0 0 0 0 1 5.71413
0 0 0 0 1 5.7489
0 0 0 0 1 5.82605
0 0 0 0 0 5.79774
0 0 0 0 0 5.78676
0 0 0 0 1 5.7584
0 0 0 0 1 5.85216
0 0 0 0 1 5.82397
0 0 0 0 1 5.80158
0 0 0 0 1 5.86269
0 0 0 0 1 5.90058
0 0 0 0 1 5.82555
0 0 0 0 0 5.90916
0 0 0 0 0 5.86344
0 0 0 0 1 5.8826
0 0 0 0 1 5.9434
0 0 0 0 0 5.92138
0 0 0 0 0 5.93504
0 0 0 0 1 5.96075
0 0 0 0 1 6.00457
0 0 0 0 1 6.01996
0 0 0 0 1 6.05818
0 0 0 0 0 6.00635
0 0 0 0 0 6.08705
0 0 0 0 0 6.03998
0 0 0 0 1 6.03031
0 0 0 0 1 6.09362
0 0 0 0 1 6.10241
0 0 0 0 1 6.16628
0 0 0 0 1 6.10797
0 0 0 0 1 6.13433
0 0 0 0 0 6.21225
0 0 0 0 0 6.12903
0 0 0 0 1 6.13206
0 0 0 0 1 6.17235
0 0 0 0 1 6.28037
0 0 0 0 1 6.21525
0 0 0 0 1 6.2374
0 0 0 0 0 6.26506
0 0 0 0 1 6.23088
0 0 0 0 1 6.30382
0 0 0 0 0 6.30755
0 0 0 0 1 6.32401
0 0 0 0 1 6.39066
0 0 0 0 1 6.41384
0 0 0 0 1 6.34035
0 0 0 0 0 6.45988
0 0 0 0 1 6.40544
0 0 0 0 0 6.47421
0 0 0 0 1 6.4584
0 0 0 0 1 6.49523
0 0 0 0 1 6.56485
0 0 0 0 1 6.58255
0 0 0 0 1 6.50789
0 0 0 0 0 6.6302
0 0 0 0 1 6.5624
0 0 0 0 1 6.69228
0 0 0 0 0 6.69009
0 0 0 0 1 6.66115
0 0 0 0 1 6.75308
0 0 0 0 1 6.65086
0 0 0 0 1 6.709
0 0 0 0 1 6.72022
0 0 0 0 1 6.79934
0 0 0 0 0 6.8177
0 0 0 0 1 6.77463
0 0 0 0 1 6.90273
0 0 0 0 1 6.85956
0 0 0 0 1 6.87131
0 0 0 0 1 6.88361
0 0 0 0 1 6.90935
0 0 0 0 1 6.92823
0 0 0 0 1 7.0173
0 0 0 0 0 6.96623
0 0 0 0 1 7.02018
0 0 0 0 1 7.04659
0 0 0 0 0 7.13011
0 0 0 0 1 7.11409
0 0 0 0 1 7.21987
0 0 0 0 0 7.16788
0 0 0 0 1 7.19451
0 0 0 0 1 7.27982
0 0 0 0 1 7.23396
0 0 0 0 1 7.35659
0 0 0 0 0 7.42086
0 0 0 0 0 7.41239
0 0 0 0 1 7.44008
0 0 0 0 1 7.38588
0 0 0 0 1 7.48867
0 0 0 0 1 7.48656
0 0 0 0 1 7.55978
0 0 0 0 1 7.54247
0 0 0 0 1 7.54056
0 0 0 0 1 7.68339
0 0 0 0 0 7.75819
0 0 0 0 0 7.68672
0 0 0 0 1 7.74634
0 0 0 0 1 7.72834
0 0 0 0 1 7.85927
0 0 0 0 1 7.8177
0 0 0 0 1 7.86985
0 0 0 0 1 7.99431
0 0 0 0 1 7.92758
0 0 0 0 1 7.98891
0 0 0 0 1 8.03447
0 0 0 0 1 8.06403
0 0 0 0 1 8.1338
0 0 0 0 1 8.18001
0 0 0 0 1 8.25056
0 0 0 0 1 8.23876
0 0 0 0 1 8.27709
0 0 0 0 1 8.44036
0 0 0 0 1 8.47052
0 0 0 0 1 8.5345
0 0 0 0 1 8.47976
0 0 0 0 0 8.51813
0 0 0 0 1 8.54013
0 0 0 0 1 8.60448
0 0 0 0 0 8.64232
0 0 0 0 1 8.68973
0 0 0 0 0 8.75402
0 0 0 0 1 8.77615
0 0 0 0 1 8.82304
0 0 0 0 0 8.99531
0 0 0 0 1 9.05216
0 0 0 0 1 9.11825
0 0 0 0 1 9.07621
0 0 0 0 1 9.2431
0 0 0 0 1 9.13474
0 0 0 0 1 9.29373
0 0 0 0 1 9.30582
0 0 0 0 1 9.35284
0 0 0 0 0 9.49562
0 0 0 0 1 9.53373
0 0 0 0 1 9.64838
0 0 0 0 0 9.72649
0 0 0 0 0 9.70659
0 0 0 0 1 9.73459
0 0 0 0 1 9.8903
0 0 0 0 0 9.82083
0 0 0 0 1 9.92632
0 0 0 0 1 10.0341
0 0 0 0 1 10.1511
0 0 0 0 1 10.2399
0 0 0 0 1 10.2967
0 0 0 0 1 10.3017
0 0 0 0 0 10.3285
0 0 0 0 1 10.5105
0 0 0 0 1 10.5355
0 0 0 0 1 10.7392
0 0 0 0 1 10.6783
0 0 0 0 1 10.9274
0 0 0 0 1 9.21284
0 0 0 0 1 9.20751
0 0 0 0 1 9.35524
0 0 0 0 0 9.2481
0 0 0 0 1 9.28455
0 0 0 0 0 9.22422
0 0 0 0 1 9.10466
0 0 0 0 1 9.06354
0 0 0 0 1 9.08203
0 0 0 0 1 9.0778
0 0 0 0 1 9.02356
0 0 0 0 0 9.11949
0 0 0 0 0 9.02029
0 0 0 0 1 9.0029
0 0 0 0 1 9.00841
0 0 0 0 1 9.07229
0 0 0 0 1 8.88928
0 0 0 0 1 8.98018
0 0 0 0 1 8.90981
0 0 0 0 1 8.94694
0 0 0 0 1 8.84629
0 0 0 0 0 8.88358
0 0 0 0 1 8.86756
0 0 0 0 1 8.89601
0 0 0 0 1 8.93329
0 0 0 0 1 8.78127
0 0 0 0 1 8.88931
0 0 0 0 1 8.87395
0 0 0 0 1 8.76217
0 0 0 0 0 8.79988
0 0 0 0 1 8.81132
0 0 0 0 1 8.66199
0 0 0 0 0 8.65643
0 0 0 0 1 8.63359
0 0 0 0 1 8.74997
0 0 0 0 1 8.6145
0 0 0 0 1 8.60951
0 0 0 0 1 8.67383
0 0 0 0 1 8.55676
0 0 0 0 1 8.62983
0 0 0 0 1 8.53925
0 0 0 0 1 8.62097
0 0 0 0 0 8.65967
0 0 0 0 0 8.53555
0 0 0 0 1 8.56596
0 0 0 0 0 8.6306
0 0 0 0 1 8.6129
0 0 0 0 1 8.60083
0 0 0 0 1 8.49837
0 0 0 0 0 8.66514
0 0 0 0 1 8.74507
0 0 0 0 1 8.89609
0 0 0 0 0 9.066
0 0 0 0 1 9.15441
0 0 0 0 1 9.30693
0 0 0 0 1 9.55532
0 0 0 0 1 9.71977
0 0 0 0 1 9.78626
0 0 0 0 1 9.94975
0 0 0 0 1 10.2554
0 0 0 0 1 10.4001
0 0 0 0 1 10.6267
0 0 0 0 0 10.759
0 0 0 0 1 10.8761
0 0 0 0 1 11.2132
0 0 0 0 1 11.3153
0 0 0 0 1 11.6199
0 0 0 0 0 11.8078
0 0 0 0 1 12.0783
0 0 0 0 1 12.2348
0 0 0 0 1 12.5982
0 0 0 0 1 12.7191
0 0 0 0 1 22.7737
0 0 0 0 1 22.5049
0 0 0 0 1 22.7344
0 0 0 0 0 22.5804
0 0 0 0 1 22.5402
0 0 0 0 1 22.5685
0 0 0 0 1 22.3935
0 0 0 0 1 22.8294
0 0 0 0 1 22.4972
0 0 0 0 1 22.7527
0 0 0 0 1 22.3541
0 0 0 0 1 22.5651
0 0 0 0 1 22.3947
0 0 0 0 0 22.6738
0 0 0 0 1 22.5704
0 0 0 0 1 22.3776
0 0 0 0 1 22.7024
0 0 0 0 0 22.3983
0 0 0 0 0 23.1764
0 0 0 0 0 24.3409
0 0 0 0 0 25.2939
0 0 0 0 0 26.3171
0 0 0 0 1 36.1627
0 0 0 0 1 36.5482
0 0 0 0 1 36.5703
0 0 0 0 1 36.5203
0 0 0 0 0 36.5381
0 0 0 0 1 38.7575
0 0 0 0 0 52.327
0 0 0 0 1 51.843
0 0 0 0 0 51.9332
0 0 0 0 1 51.7636
0 0 0 0 1 51.6991
0 0 0 0 0 56.949
0 0 0 0 1 65.5934
0 0 0 0 0 70.0122
0 0 0 0 1 81.6464
0 0 0 0 0 5.03004
0 0 0 0 0 4.97493
0 0 0 0 0 4.99998
0 0 0 0 0 4.97994
0 0 0 0 0 5.04507
0 0 0 0 0 5.04006
0 0 0 0 0 4.97493
0 0 0 0 0 4.98996
0 0 0 0 0 5.05509
0 0 0 0 0 5.00499
0 0 0 0 0 5.00499
0 0 0 0 0 5.01501
0 0 0 0 0 88.204
0 0 0 0 1 86.9867
0 0 0 0 1 75.8964
0 0 0 0 1 64.4774
0 0 0 0 1 60.8896
0 0 0 0 1 59.9928
0 0 0 0 1 60.1256
0 0 0 0 1 51.416
0 0 0 0 1 48.2751
0 0 0 0 0 48.3835
0 0 0 0 1 39.392
0 0 0 0 1 36.5989
0 0 0 0 1 35.9888
0 0 0 0 1 35.7514
0 0 0 0 1 35.4423
0 0 0 0 1 35.67
0 0 0 0 1 28.1902
0 0 0 0 1 26.9107
0 0 0 0 1 25.5366
0 0 0 0 0 24.713
0 0 0 0 1 24.4539
0 0 0 0 1 24.7863
0 0 0 0 1 24.7486
0 0 0 0 1 24.5398
0 0 0 0 1 24.6027
0 0 0 0 1 24.444
0 0 0 0 1 24.9278
0 0 0 0 1 24.8936
0 0 0 0 1 24.6357
0 0 0 0 1 18.3273
0 0 0 0 1 17.7211
0 0 0 0 1 17.3637
0 0 0 0 0 16.6943
0 0 0 0 1 16.2121
0 0 0 0 1 15.816
0 0 0 0 1 15.6403
0 0 0 0 1 15.1968
0 0 0 0 0 14.6244
0 0 0 0 1 14.4375
0 0 0 0 0 14.1131
0 0 0 0 1 13.7481
0 0 0 0 1 14.01
0 0 0 0 1 13.8553
0 0 0 0 1 13.9511
0 0 0 0 1 13.894
0 0 0 0 1 13.9927
0 0 0 0 0 13.9081
0 0 0 0 1 13.8654
0 0 0 0 1 13.9769
0 0 0 0 1 13.895
0 0 0 0 1 13.881
0 0 0 0 1 14.1338
0 0 0 0 1 13.994
0 0 0 0 1 14.1238
0 0 0 0 1 14.0122
0 0 0 0 1 14.0275
0 0 0 0 1 14.2433
0 0 0 0 1 14.0756
0 0 0 0 0 14.0209
0 0 0 0 1 14.2949
0 0 0 0 1 14.0705
0 0 0 0 1 14.3173
0 0 0 0 1 14.164
0 0 0 0 1 14.2696
0 0 0 0 0 14.3871
0 0 0 0 1 14.1369
0 0 0 0 1 14.2692
0 0 0 0 1 14.3622
0 0 0 0 1 14.3666
0 0 0 0 1 8.83475
0 0 0 0 1 8.65122
0 0 0 0 0 8.53847
0 0 0 0 1 8.52871
0 0 0 0 1 8.34061
0 0 0 0 1 8.27905
0 0 0 0 1 8.24245
0 0 0 0 1 8.08191
0 0 0 0 1 7.98026
0 0 0 0 1 7.93427
0 0 0 0 0 7.80293
0 0 0 0 1 7.65576
0 0 0 0 1 7.71025
0 0 0 0 1 7.48223
0 0 0 0 0 7.5266
0 0 0 0 1 7.41497
0 0 0 0 1 7.28767
0 0 0 0 1 7.28655
0 0 0 0 0 7.11202
0 0 0 0 1 7.14547
0 0 0 0 1 6.95916
0 0 0 0 1 6.99997
0 0 0 0 1 6.90572
0 0 0 0 1 6.84164
0 0 0 0 0 6.77768
0 0 0 0 1 6.62682
0 0 0 0 1 6.69654
0 0 0 0 1 6.55372
0 0 0 0 1 6.56864
0 0 0 0 1 6.5011
0 0 0 0 1 6.42484
0 0 0 0 1 6.29465
0 0 0 0 0 6.3354
0 0 0 0 1 6.27504
0 0 0 0 1 6.22108
0 0 0 0 1 6.08159
0 0 0 0 1 6.05895
0 0 0 0 1 6.03275
0 0 0 0 0 5.91395
0 0 0 0 1 5.95909
0 0 0 0 1 5.90597
0 0 0 0 1 5.80936
0 0 0 0 1 5.7657
0 0 0 0 1 5.69917
0 0 0 0 1 5.71548
0 0 0 0 0 5.60408
0 0 0 0 0 5.58902
0 0 0 0 0 5.53222
0 0 0 0 1 5.51142
0 0 0 0 0 5.49038
0 0 0 0 1 5.42563
0 0 0 0 1 5.45088
0 0 0 0 1 5.37883
0 0 0 0 1 5.35212
0 0 0 0 1 5.24918
0 0 0 0 1 5.22291
0 0 0 0 1 5.2623
0 0 0 0 0 5.14021
0 0 0 0 1 5.11201
0 0 0 0 0 5.12987
0 0 0 0 1 5.03725
0 0 0 0 0 5.0193
0 0 0 0 1 5.00451
0 0 0 0 1 4.93159
0 0 0 0 0 4.95827
0 0 0 0 1 4.87121
0 0 0 0 1 4.83868
0 0 0 0 1 4.90666
0 0 0 0 1 4.84474
0 0 0 0 1 4.80055
0 0 0 0 1 4.81704
0 0 0 0 0 4.80559
0 0 0 0 1 4.87671
0 0 0 0 1 4.85454
0 0 0 0 1 4.90179
0 0 0 0 0 4.95919
0 0 0 0 1 4.87901
0 0 0 0 1 4.97014
0 0 0 0 0 4.94401
0 0 0 0 1 4.95251
0 0 0 0 1 4.96485
0 0 0 0 1 5.02853
0 0 0 0 1 5.01221
0 0 0 0 0 5.06639
0 0 0 0 1 5.06016
0 0 0 0 1 5.08943
0 0 0 0 1 5.08316
0 0 0 0 1 5.08193
0 0 0 0 0 5.0845
0 0 0 0 1 5.1038
0 0 0 0 0 5.22153
0 0 0 0 1 5.16869
0 0 0 0 1 5.18839
0 0 0 0 1 5.27623
0 0 0 0 1 5.29113
0 0 0 0 1 5.27971
0 0 0 0 1 5.28546
0 0 0 0 0 5.2791
0 0 0 0 1 5.39015
0 0 0 0 1 5.30893
0 0 0 0 1 5.39928
0 0 0 0 1 5.42693
0 0 0 0 1 5.40976
0 0 0 0 0 5.47961
0 0 0 0 0 5.44593
0 0 0 0 0 5.45185
0 0 0 0 1 5.50042
0 0 0 0 0 5.54528
0 0 0 0 1 5.5443
0 0 0 0 1 5.61193
0 0 0 0 1 5.64474
0 0 0 0 1 5.65671
0 0 0 0 1 5.63872
0 0 0 0 1 5.6847
0 0 0 0 1 5.70651
0 0 0 0 1 5.70693
0 0 0 0 1 5.8344
0 0 0 0 1 5.75377
0 0 0 0 1 5.82829
0 0 0 0 1 5.86974
0 0 0 0 1 5.90553
0 0 0 0 1 5.93558
0 0 0 0 1 6.00147
0 0 0 0 1 6.00201
0 0 0 0 1 5.96628
0 0 0 0 1 6.08716
0 0 0 0 1 6.09364
0 0 0 0 1 6.05112
0 0 0 0 0 6.11845
0 0 0 0 1 6.20635
0 0 0 0 1 9.48096
0 0 0 0 1 9.42445
0 0 0 0 0 9.54459
0 0 0 0 0 9.4661
0 0 0 0 1 9.41945
0 0 0 0 1 9.43536
0 0 0 0 0 9.34861
0 0 0 0 1 9.3614
0 0 0 0 1 9.27857
0 0 0 0 0 9.26693
0 0 0 0 1 9.17254
0 0 0 0 1 9.10625
0 0 0 0 1 9.19577
0 0 0 0 1 9.19359
0 0 0 0 1 9.00069
0 0 0 0 0 9.13493
0 0 0 0 1 9.07881
0 0 0 0 1 9.01076
0 0 0 0 1 9.00022
0 0 0 0 1 8.94173
0 0 0 0 0 8.85118
0 0 0 0 0 8.85017
0 0 0 0 0 8.91124
0 0 0 0 1 8.88357
0 0 0 0 0 8.89685
0 0 0 0 1 8.84306
0 0 0 0 1 8.78963
0 0 0 0 0 8.7735
0 0 0 0 1 8.79037
0 0 0 0 1 8.76033
0 0 0 0 0 8.58643
0 0 0 0 0 8.71285
0 0 0 0 0 8.6954
0 0 0 0 1 8.69188
0 0 0 0 1 8.56315
0 0 0 0 0 8.61997
0 0 0 0 1 8.552
0 0 0 0 1 8.55756
0 0 0 0 1 8.58014
0 0 0 0 1 8.55181
0 0 0 0 1 8.39682
0 0 0 0 1 8.4029
0 0 0 0 1 8.49677
0 0 0 0 1 8.40199
0 0 0 0 1 8.31608
0 0 0 0 1 8.29747
0 0 0 0 1 8.32903
0 0 0 0 0 8.28939
0 0 0 0 1 8.37075
0 0 0 0 1 8.20348
0 0 0 0 1 8.19839
0 0 0 0 1 8.3209
0 0 0 0 1 8.19609
0 0 0 0 0 8.18685
0 0 0 0 0 8.21051
0 0 0 0 1 8.20146
0 0 0 0 1 8.22516
0 0 0 0 0 8.12672
0 0 0 0 1 8.0694
0 0 0 0 1 8.07729
0 0 0 0 1 8.1419
0 0 0 0 1 8.01249
0 0 0 0 1 8.08523
0 0 0 0 1 8.1296
0 0 0 0 1 8.10564
0 0 0 0 1 8.0418
0 0 0 0 1 7.93829
0 0 0 0 1 8.03497
0 0 0 0 0 7.93584
0 0 0 0 0 7.9926
0 0 0 0 1 7.91419
0 0 0 0 1 7.95516
0 0 0 0 1 7.89317
0 0 0 0 1 7.96156
0 0 0 0 0 7.92365
0 0 0 0 0 7.84662
0 0 0 0 0 7.89926
0 0 0 0 1 7.84969
0 0 0 0 1 7.92248
0 0 0 0 1 7.82289
0 0 0 0 0 7.85667
0 0 0 0 1 7.8625
0 0 0 0 1 7.85739
0 0 0 0 1 7.75905
0 0 0 0 1 7.79636
0 0 0 0 1 7.83834
0 0 0 0 1 7.68961
