0 0 0 0 1 5.58617
0 0 0 0 1 5.57867
0 0 0 0 1 5.55457
0 0 0 0 1 5.51623
0 0 0 0 1 5.62609
0 0 0 0 1 5.54076
0 0 0 0 1 5.57754
0 0 0 0 1 5.64899
0 0 0 0 1 5.66129
0 0 0 0 1 5.57028
0 0 0 0 1 5.61418
0 0 0 0 1 5.63579
0 0 0 0 0 5.65406
0 0 0 0 0 5.61938
0 0 0 0 0 5.65271
0 0 0 0 1 5.64288
0 0 0 0 0 5.65377
0 0 0 0 1 5.6477
0 0 0 0 0 5.67025
0 0 0 0 1 5.69114
0 0 0 0 1 5.68532
0 0 0 0 0 5.70826
0 0 0 0 1 5.80035
0 0 0 0 0 5.77195
0 0 0 0 1 5.82029
0 0 0 0 0 5.82086
0 0 0 0 1 5.78097
0 0 0 0 1 5.82226
0 0 0 0 1 5.85798
0 0 0 0 1 5.78316
0 0 0 0 1 5.80158
0 0 0 0 1 5.86854
0 0 0 0 1 5.86542
0 0 0 0 1 5.85491
0 0 0 0 1 5.84442
0 0 0 0 1 5.92832
0 0 0 0 0 5.89443
0 0 0 0 1 5.87229
0 0 0 0 1 5.89169
0 0 0 0 1 6.01243
0 0 0 0 1 5.99655
0 0 0 0 1 5.96271
0 0 0 0 1 5.93011
0 0 0 0 0 5.98012
0 0 0 0 1 5.9883
0 0 0 0 1 5.99656
0 0 0 0 1 6.04603
0 0 0 0 1 6.07278
0 0 0 0 0 6.06929
0 0 0 0 0 6.12679
0 0 0 0 1 6.17239
0 0 0 0 1 6.08347
0 0 0 0 1 6.20809
0 0 0 0 1 6.2184
0 0 0 0 1 6.22161
0 0 0 0 1 6.16918
0 0 0 0 1 6.20957
0 0 0 0 1 6.25547
0 0 0 0 1 6.28389
0 0 0 0 1 6.27494
0 0 0 0 1 6.21484
0 0 0 0 0 6.23718
0 0 0 0 1 6.31644
0 0 0 0 1 6.27592
0 0 0 0 1 6.30498
0 0 0 0 1 6.31427
0 0 0 0 1 6.44575
0 0 0 0 1 6.46203
0 0 0 0 1 6.41493
0 0 0 0 0 6.41189
0 0 0 0 1 6.4419
0 0 0 0 0 6.43246
0 0 0 0 1 6.48223
0 0 0 0 1 6.47358
0 0 0 0 1 6.59563
0 0 0 0 1 6.49477
0 0 0 0 1 6.59069
0 0 0 0 0 6.58881
0 0 0 0 1 6.59952
0 0 0 0 1 6.71004
0 0 0 0 1 6.68118
0 0 0 0 1 6.65938
0 0 0 0 1 6.6777
0 0 0 0 1 6.70227
0 0 0 0 0 6.73374
0 0 0 0 1 6.85362
0 0 0 0 1 6.77683
0 0 0 0 1 6.87033
0 0 0 0 1 6.81353
0 0 0 0 0 6.85956
0 0 0 0 0 6.88513
0 0 0 0 1 6.89054
0 0 0 0 1 6.88847
0 0 0 0 1 7.04696
0 0 0 0 0 6.96121
0 0 0 0 0 7.07178
0 0 0 0 0 7.02725
0 0 0 0 0 7.07498
0 0 0 0 1 7.0945
0 0 0 0 1 7.13554
0 0 0 0 1 7.19116
0 0 0 0 0 7.27594
0 0 0 0 1 7.17279
0 0 0 0 1 7.21444
0 0 0 0 1 7.36535
0 0 0 0 1 7.39322
0 0 0 0 1 7.32515
0 0 0 0 1 7.40501
0 0 0 0 0 7.35848
0 0 0 0 1 7.47532
0 0 0 0 1 7.52608
0 0 0 0 1 7.44898
0 0 0 0 1 7.49181
0 0 0 0 1 7.52729
0 0 0 0 1 7.58626
0 0 0 0 1 7.67574
0 0 0 0 0 7.71205
0 0 0 0 0 7.71762
0 0 0 0 1 7.76962
0 0 0 0 1 7.78293
0 0 0 0 1 7.8671
0 0 0 0 1 7.80197
0 0 0 0 0 7.9173
0 0 0 0 0 7.92279
0 0 0 0 1 7.94356
0 0 0 0 1 8.00497
0 0 0 0 1 8.01833
0 0 0 0 1 8.08023
0 0 0 0 1 8.10935
0 0 0 0 1 8.13088
0 0 0 0 1 8.20939
0 0 0 0 0 8.29672
0 0 0 0 1 8.27709
0 0 0 0 0 8.32325
0 0 0 0 1 8.4537
0 0 0 0 1 8.433
0 0 0 0 1 8.53079
0 0 0 0 1 8.62076
0 0 0 0 1 8.60027
0 0 0 0 0 8.64768
0 0 0 0 0 8.6771
0 0 0 0 1 8.8296
0 0 0 0 1 8.72763
0 0 0 0 1 8.82918
0 0 0 0 0 8.81414
0 0 0 0 1 8.90581
0 0 0 0 0 8.94407
0 0 0 0 0 9.09106
0 0 0 0 0 9.19467
0 0 0 0 1 9.11473
0 0 0 0 1 9.24546
0 0 0 0 0 9.21946
0 0 0 0 1 9.38982
0 0 0 0 1 9.41864
0 0 0 0 1 9.39158
0 0 0 0 0 9.42896
0 0 0 0 1 9.68674
0 0 0 0 1 9.7072
0 0 0 0 1 9.61914
0 0 0 0 1 9.88134
0 0 0 0 1 9.84105
0 0 0 0 1 9.96948
0 0 0 0 1 9.90635
0 0 0 0 0 10.1045
0 0 0 0 1 10.0397
0 0 0 0 1 10.2399
0 0 0 0 1 10.2043
0 0 0 0 0 10.4363
0 0 0 0 1 10.4953
0 0 0 0 1 10.416
0 0 0 0 1 10.5143
0 0 0 0 1 10.7285
0 0 0 0 1 10.6461
0 0 0 0 0 10.7216
0 0 0 0 1 9.39895
0 0 0 0 1 9.18895
0 0 0 0 1 9.22556
0 0 0 0 1 9.33125
0 0 0 0 1 9.21079
0 0 0 0 1 9.25181
0 0 0 0 0 9.14137
0 0 0 0 0 9.1734
0 0 0 0 0 9.11858
0 0 0 0 1 9.19628
0 0 0 0 0 9.07814
0 0 0 0 0 9.0832
0 0 0 0 1 9.02935
0 0 0 0 1 9.05713
0 0 0 0 1 9.1076
0 0 0 0 1 8.91929
0 0 0 0 0 9.06886
0 0 0 0 0 9.00707
0 0 0 0 1 8.88298
0 0 0 0 1 8.88444
0 0 0 0 1 8.8552
0 0 0 0 1 8.82133
0 0 0 0 1 8.9297
0 0 0 0 1 8.8074
0 0 0 0 1 8.9156
0 0 0 0 1 8.88718
0 0 0 0 1 8.75716
0 0 0 0 1 8.75083
0 0 0 0 1 8.75339
0 0 0 0 1 8.74729
0 0 0 0 0 8.68882
0 0 0 0 1 8.75805
0 0 0 0 1 8.79591
0 0 0 0 1 8.63359
0 0 0 0 1 8.71521
0 0 0 0 0 8.6492
0 0 0 0 1 8.68746
0 0 0 0 1 8.72572
0 0 0 0 1 8.65173
0 0 0 0 0 8.56086
0 0 0 0 1 8.63394
0 0 0 0 1 8.66395
0 0 0 0 1 8.63392
0 0 0 0 1 8.5784
0 0 0 0 1 8.59164
0 0 0 0 1 8.56224
0 0 0 0 0 8.59582
0 0 0 0 0 8.43887
0 0 0 0 0 8.60128
0 0 0 0 1 8.68254
0 0 0 0 1 8.77155
0 0 0 0 1 9.02151
0 0 0 0 1 9.14784
0 0 0 0 1 9.29297
0 0 0 0 1 9.4289
0 0 0 0 1 9.45043
0 0 0 0 1 9.76817
0 0 0 0 1 9.78626
0 0 0 0 0 10.1099
0 0 0 0 1 10.0925
0 0 0 0 1 10.4519
0 0 0 0 1 10.4684
0 0 0 0 1 10.7804
0 0 0 0 1 10.9637
0 0 0 0 1 11.2132
0 0 0 0 0 11.4062
0 0 0 0 1 11.6315
0 0 0 0 1 11.7723
0 0 0 0 1 12.1748
0 0 0 0 1 12.3825
0 0 0 0 1 12.5605
0 0 0 0 1 12.9118
0 0 0 0 1 22.91
0 0 0 0 1 22.5731
0 0 0 0 1 22.7117
0 0 0 0 0 22.4897
0 0 0 0 1 22.4496
0 0 0 0 1 22.7043
0 0 0 0 1 22.8232
0 0 0 0 1 22.5356
0 0 0 0 1 22.4294
0 0 0 0 0 22.4367
0 0 0 0 1 22.7376
0 0 0 0 0 22.3397
0 0 0 0 1 22.6876
0 0 0 0 1 22.3811
0 0 0 0 1 22.3679
0 0 0 0 1 22.3776
0 0 0 0 1 22.2978
0 0 0 0 1 22.3309
0 0 0 0 1 22.9908
0 0 0 0 0 23.9067
0 0 0 0 1 25.319
0 0 0 0 1 26.3695
0 0 0 0 1 36.5633
0 0 0 0 1 36.075
0 0 0 0 1 36.6431
0 0 0 0 1 36.4111
0 0 0 0 1 36.1378
0 0 0 0 1 38.6419
0 0 0 0 1 52.4832
0 0 0 0 1 52.1032
0 0 0 0 0 51.9332
0 0 0 0 1 52.2838
0 0 0 0 1 51.9592
0 0 0 0 1 56.6671
0 0 0 0 0 66.1171
0 0 0 0 1 69.1066
0 0 0 0 1 81.0737
0 0 0 0 0 5.02002
0 0 0 0 0 4.96491
0 0 0 0 0 5.04507
0 0 0 0 0 4.96992
0 0 0 0 0 5.05008
0 0 0 0 0 5.02503
0 0 0 0 0 5.0601
0 0 0 0 0 5.04006
0 0 0 0 0 5.04006
0 0 0 0 0 4.9599
0 0 0 0 0 4.99497
0 0 0 0 0 5.02002
0 0 0 0 0 86.8901
0 0 0 0 0 87.5123
0 0 0 0 0 75.2952
0 0 0 0 0 63.3282
0 0 0 0 1 60.0422
0 0 0 0 1 61.0824
0 0 0 0 1 59.944
0 0 0 0 0 51.2097
0 0 0 0 1 47.6512
0 0 0 0 1 47.5675
0 0 0 0 1 39.3135
0 0 0 0 1 36.7093
0 0 0 0 1 35.7035
0 0 0 0 0 36.0368
0 0 0 0 1 35.478
0 0 0 0 0 35.3843
0 0 0 0 1 28.1902
0 0 0 0 1 26.6427
0 0 0 0 1 25.5622
0 0 0 0 1 24.4915
0 0 0 0 0 24.7494
0 0 0 0 1 24.8356
0 0 0 0 1 24.4528
0 0 0 0 1 24.7865
0 0 0 0 1 24.6274
0 0 0 0 0 24.6662
0 0 0 0 0 24.8537
0 0 0 0 1 24.498
0 0 0 0 1 24.9325
0 0 0 0 0 18.2909
0 0 0 0 1 17.7035
0 0 0 0 1 17.2949
0 0 0 0 1 16.6775
0 0 0 0 1 16.2773
0 0 0 0 1 15.9589
0 0 0 0 1 15.5783
0 0 0 0 1 15.0002
0 0 0 0 0 14.6835
0 0 0 0 0 14.5673
0 0 0 0 0 14.0003
0 0 0 0 1 13.7759
0 0 0 0 1 13.9683
0 0 0 0 1 14.0361
0 0 0 0 1 13.965
0 0 0 0 1 14.0473
0 0 0 0 1 14.0485
0 0 0 0 1 13.936
0 0 0 0 1 13.8515
0 0 0 0 0 14.0049
0 0 0 0 1 14.0211
0 0 0 0 1 13.895
0 0 0 0 1 13.9233
0 0 0 0 1 13.994
0 0 0 0 1 13.9268
0 0 0 0 1 14.1953
0 0 0 0 1 14.1121
0 0 0 0 1 14.1304
0 0 0 0 1 14.1604
0 0 0 0 1 14.2332
0 0 0 0 1 14.0682
0 0 0 0 0 14.0422
0 0 0 0 1 14.2179
0 0 0 0 1 14.2066
0 0 0 0 1 14.2981
0 0 0 0 1 14.2303
0 0 0 0 0 14.2511
0 0 0 0 1 14.1977
0 0 0 0 1 14.2333
0 0 0 0 1 14.3809
0 0 0 0 1 8.8524
0 0 0 0 1 8.64251
0 0 0 0 1 8.58146
0 0 0 0 1 8.42677
0 0 0 0 1 8.42452
0 0 0 0 1 8.22933
0 0 0 0 0 8.16052
0 0 0 0 1 8.05764
0 0 0 0 1 7.94028
0 0 0 0 1 7.87896
0 0 0 0 1 7.84202
0 0 0 0 1 7.65576
0 0 0 0 1 7.71025
0 0 0 0 1 7.48223
0 0 0 0 1 7.40701
0 0 0 0 1 7.36317
0 0 0 0 0 7.36816
0 0 0 0 1 7.19239
0 0 0 0 1 7.12636
0 0 0 0 0 7.13838
0 0 0 0 1 7.05045
0 0 0 0 1 6.91648
0 0 0 0 1 6.86441
0 0 0 0 1 6.80071
0 0 0 0 1 6.68983
0 0 0 0 0 6.72723
0 0 0 0 0 6.66339
0 0 0 0 1 6.50775
0 0 0 0 0 6.54263
0 0 0 0 1 6.38501
0 0 0 0 1 6.43122
0 0 0 0 1 6.38964
0 0 0 0 1 6.304
0 0 0 0 1 6.26259
0 0 0 0 0 6.10999
0 0 0 0 0 6.13666
0 0 0 0 0 6.07714
0 0 0 0 1 5.9605
0 0 0 0 0 5.97362
0 0 0 0 1 5.89393
0 0 0 0 1 5.87661
0 0 0 0 1 5.84432
0 0 0 0 0 5.77726
0 0 0 0 1 5.77378
0 0 0 0 0 5.72117
0 0 0 0 1 5.64922
0 0 0 0 0 5.59462
0 0 0 0 0 5.57118
0 0 0 0 1 5.47828
0 0 0 0 1 5.43011
0 0 0 0 1 5.42563
0 0 0 0 1 5.44548
0 0 0 0 1 5.41104
0 0 0 0 0 5.31484
0 0 0 0 1 5.28093
0 0 0 0 0 5.2439
0 0 0 0 1 5.26752
0 0 0 0 1 5.20757
0 0 0 0 1 5.10686
0 0 0 0 1 5.1043
0 0 0 0 1 5.07783
0 0 0 0 1 5.07977
0 0 0 0 1 4.97944
0 0 0 0 1 4.99635
0 0 0 0 1 4.98796
0 0 0 0 1 4.94494
0 0 0 0 1 4.87774
0 0 0 0 0 4.86779
0 0 0 0 1 4.77719
0 0 0 0 1 4.77166
0 0 0 0 0 4.82187
0 0 0 0 1 4.89279
0 0 0 0 1 4.83295
0 0 0 0 1 4.84479
0 0 0 0 1 4.91157
0 0 0 0 1 4.88063
0 0 0 0 1 4.91844
0 0 0 0 0 4.98002
0 0 0 0 1 4.9093
0 0 0 0 1 4.97242
0 0 0 0 1 4.99479
0 0 0 0 0 4.97844
0 0 0 0 1 4.97702
0 0 0 0 1 5.08658
0 0 0 0 1 5.0399
0 0 0 0 1 5.10469
0 0 0 0 1 5.08827
0 0 0 0 0 5.13828
0 0 0 0 1 5.14613
0 0 0 0 0 5.1966
0 0 0 0 1 5.22153
0 0 0 0 1 5.18947
0 0 0 0 1 5.25618
0 0 0 0 1 5.22912
0 0 0 0 0 5.30689
0 0 0 0 1 5.25334
0 0 0 0 1 5.24835
0 0 0 0 1 5.36425
0 0 0 0 1 5.32604
0 0 0 0 0 5.38401
0 0 0 0 1 5.37236
0 0 0 0 1 5.36201
0 0 0 0 1 5.44778
0 0 0 0 1 5.46325
0 0 0 0 1 5.45688
0 0 0 0 1 5.55088
0 0 0 0 1 5.48385
0 0 0 0 0 5.60079
0 0 0 0 1 5.58331
0 0 0 0 1 5.55033
0 0 0 0 1 5.57165
0 0 0 0 1 5.61716
0 0 0 0 1 5.66141
0 0 0 0 1 5.6904
0 0 0 0 1 5.66644
0 0 0 0 1 5.7357
0 0 0 0 1 5.75923
0 0 0 0 1 5.77121
0 0 0 0 1 5.81079
0 0 0 0 1 5.8111
0 0 0 0 1 5.8407
0 0 0 0 1 5.94743
0 0 0 0 1 5.98956
0 0 0 0 0 5.96013
0 0 0 0 1 6.03846
0 0 0 0 0 6.05089
0 0 0 0 1 6.05111
0 0 0 0 1 6.08165
0 0 0 0 1 6.18595
0 0 0 0 1 6.18783
0 0 0 0 1 9.48096
0 0 0 0 1 9.51926
0 0 0 0 0 9.37449
0 0 0 0 1 9.42843
0 0 0 0 0 9.41945
0 0 0 0 0 9.37926
0 0 0 0 1 9.31133
0 0 0 0 1 9.37999
0 0 0 0 1 9.28783
0 0 0 0 0 9.19309
0 0 0 0 1 9.23694
0 0 0 0 1 9.08791
0 0 0 0 1 9.20491
0 0 0 0 1 9.02047
0 0 0 0 1 9.16417
0 0 0 0 0 8.99008
0 0 0 0 0 8.97051
0 0 0 0 0 8.93875
0 0 0 0 1 8.88357
0 0 0 0 1 8.95963
0 0 0 0 0 8.9761
0 0 0 0 1 8.93022
0 0 0 0 1 8.95558
0 0 0 0 1 8.8217
0 0 0 0 1 8.80868
0 0 0 0 1 8.75516
0 0 0 0 1 8.78963
0 0 0 0 0 8.82598
0 0 0 0 1 8.71189
0 0 0 0 0 8.76033
0 0 0 0 1 8.62112
0 0 0 0 0 8.69555
0 0 0 0 1 8.54875
0 0 0 0 1 8.64025
0 0 0 0 1 8.55457
0 0 0 0 1 8.63709
0 0 0 0 1 8.60321
0 0 0 0 1 8.44687
0 0 0 0 1 8.48669
0 0 0 0 1 8.39077
0 0 0 0 1 8.52366
0 0 0 0 0 8.35228
0 0 0 0 0 8.37899
0 0 0 0 1 8.46075
0 0 0 0 1 8.45008
0 0 0 0 1 8.36432
0 0 0 0 0 8.28734
0 0 0 0 1 8.27277
0 0 0 0 1 8.21312
0 0 0 0 0 8.32765
0 0 0 0 1 8.23971
0 0 0 0 1 8.31265
0 0 0 0 1 8.25369
0 0 0 0 1 8.14579
0 0 0 0 1 8.16135
0 0 0 0 0 8.13604
0 0 0 0 0 8.14356
0 0 0 0 1 8.13486
0 0 0 0 1 8.20755
0 0 0 0 1 8.11784
0 0 0 0 1 8.10143
0 0 0 0 1 8.15788
0 0 0 0 0 8.1336
0 0 0 0 1 7.96862
0 0 0 0 1 8.06548
0 0 0 0 1 8.07387
0 0 0 0 1 8.04232
0 0 0 0 1 8.03497
0 0 0 0 0 8.0475
0 0 0 0 0 8.00852
0 0 0 0 1 7.97776
0 0 0 0 1 7.8917
0 0 0 0 1 7.87734
0 0 0 0 1 7.92203
0 0 0 0 1 7.88419
0 0 0 0 0 7.86238
0 0 0 0 1 7.915
0 0 0 0 1 7.84183
0 0 0 0 1 7.92248
0 0 0 0 0 7.81506
0 0 0 0 1 7.77068
0 0 0 0 0 7.79223
0 0 0 0 1 7.78724
0 0 0 0 1 7.83687
0 0 0 0 1 7.81191
0 0 0 0 1 7.73745
0 0 0 0 0 7.70512
