0 0 0 0 1 5.55844
0 0 0 0 1 5.60645
0 0 0 0 1 5.57126
0 0 0 0 0 5.58866
0 0 0 0 1 5.5647
0 0 0 0 1 5.58549
0 0 0 0 1 5.57195
0 0 0 0 1 5.57614
0 0 0 0 1 5.62201
0 0 0 0 0 5.56465
0 0 0 0 0 5.64797
0 0 0 0 1 5.68656
0 0 0 0 1 5.67665
0 0 0 0 1 5.60806
0 0 0 0 1 5.61302
0 0 0 0 0 5.72236
0 0 0 0 1 5.67652
0 0 0 0 1 5.68759
0 0 0 0 0 5.7559
0 0 0 0 1 5.73685
0 0 0 0 1 5.77693
0 0 0 0 1 5.67957
0 0 0 0 1 5.75437
0 0 0 0 1 5.78347
0 0 0 0 1 5.73376
0 0 0 0 1 5.81508
0 0 0 0 1 5.8389
0 0 0 0 1 5.7584
0 0 0 0 1 5.83471
0 0 0 0 1 5.7715
0 0 0 0 1 5.88921
0 0 0 0 0 5.79248
0 0 0 0 0 5.85371
0 0 0 0 1 5.90189
0 0 0 0 0 5.87385
0 0 0 0 1 5.95192
0 0 0 0 0 5.8826
0 0 0 0 1 5.89599
0 0 0 0 1 5.90357
0 0 0 0 1 6.00647
0 0 0 0 1 5.99058
0 0 0 0 1 5.95075
0 0 0 0 1 5.97204
0 0 0 0 1 5.96211
0 0 0 0 1 6.02441
0 0 0 0 1 6.04482
0 0 0 0 1 6.06419
0 0 0 0 1 6.06065
0 0 0 0 0 6.10578
0 0 0 0 1 6.13289
0 0 0 0 1 6.1235
0 0 0 0 1 6.16311
0 0 0 0 1 6.17736
0 0 0 0 1 6.15068
0 0 0 0 1 6.15372
0 0 0 0 1 6.19393
0 0 0 0 1 6.16614
0 0 0 0 0 6.19945
0 0 0 0 0 6.26517
0 0 0 0 1 6.24992
0 0 0 0 1 6.24623
0 0 0 0 0 6.33159
0 0 0 0 0 6.32906
0 0 0 0 1 6.26327
0 0 0 0 1 6.29863
0 0 0 0 1 6.35246
0 0 0 0 1 6.40107
0 0 0 0 1 6.41079
0 0 0 0 1 6.40208
0 0 0 0 0 6.40544
0 0 0 0 1 6.45482
0 0 0 0 1 6.49082
0 0 0 0 1 6.53424
0 0 0 0 1 6.50618
0 0 0 0 1 6.54333
0 0 0 0 0 6.54725
0 0 0 0 1 6.53802
0 0 0 0 1 6.58221
0 0 0 0 1 6.57964
0 0 0 0 0 6.63689
0 0 0 0 1 6.64781
0 0 0 0 1 6.733
0 0 0 0 1 6.74482
0 0 0 0 1 6.69553
0 0 0 0 1 6.7067
0 0 0 0 0 6.83326
0 0 0 0 1 6.80408
0 0 0 0 1 6.82932
0 0 0 0 1 6.82039
0 0 0 0 1 6.90088
0 0 0 0 1 6.98191
0 0 0 0 1 6.90441
0 0 0 0 1 6.98589
0 0 0 0 0 6.97014
0 0 0 0 1 7.05235
0 0 0 0 0 7.07178
0 0 0 0 0 7.04139
0 0 0 0 0 7.06788
0 0 0 0 0 7.07313
0 0 0 0 1 7.17844
0 0 0 0 1 7.16963
0 0 0 0 1 7.21831
0 0 0 0 1 7.24517
0 0 0 0 1 7.25076
0 0 0 0 1 7.32886
0 0 0 0 1 7.39322
0 0 0 0 1 7.28834
0 0 0 0 1 7.36071
0 0 0 0 1 7.40299
0 0 0 0 1 7.49022
0 0 0 0 1 7.556
0 0 0 0 0 7.49408
0 0 0 0 1 7.52957
0 0 0 0 0 7.57282
0 0 0 0 1 7.68528
0 0 0 0 1 7.66808
0 0 0 0 0 7.7505
0 0 0 0 1 7.78715
0 0 0 0 0 7.79291
0 0 0 0 1 7.80632
0 0 0 0 1 7.74968
0 0 0 0 0 7.88062
0 0 0 0 1 7.9173
0 0 0 0 0 8.01815
0 0 0 0 1 8.06343
0 0 0 0 1 7.98088
0 0 0 0 1 8.11513
0 0 0 0 1 8.07213
0 0 0 0 1 8.10935
0 0 0 0 0 8.13088
0 0 0 0 1 8.24232
0 0 0 0 1 8.27188
0 0 0 0 1 8.25213
0 0 0 0 1 8.33162
0 0 0 0 1 8.38641
0 0 0 0 1 8.50912
0 0 0 0 0 8.45424
0 0 0 0 1 8.47537
0 0 0 0 1 8.56591
0 0 0 0 1 8.57857
0 0 0 0 1 8.60754
0 0 0 0 1 8.75092
0 0 0 0 1 8.74522
0 0 0 0 1 8.87337
0 0 0 0 1 8.81414
0 0 0 0 1 8.95951
0 0 0 0 1 8.98911
0 0 0 0 1 9.00042
0 0 0 0 0 9.05798
0 0 0 0 0 9.16057
0 0 0 0 1 9.24546
0 0 0 0 1 9.26588
0 0 0 0 1 9.36182
0 0 0 0 1 9.33404
0 0 0 0 0 9.42941
0 0 0 0 1 9.51468
0 0 0 0 0 9.5237
0 0 0 0 0 9.57211
0 0 0 0 1 9.7746
0 0 0 0 1 9.81286
0 0 0 0 1 9.75239
0 0 0 0 1 9.91993
0 0 0 0 1 9.90635
0 0 0 0 1 9.9838
0 0 0 0 1 10.1004
0 0 0 0 1 10.1175
0 0 0 0 0 10.3687
0 0 0 0 1 10.3431
0 0 0 0 1 10.464
0 0 0 0 0 10.605
0 0 0 0 1 10.5037
0 0 0 0 0 10.7178
0 0 0 0 1 10.6461
0 0 0 0 1 10.8082
0 0 0 0 1 9.24075
0 0 0 0 1 9.33746
0 0 0 0 1 9.25335
0 0 0 0 1 9.21114
0 0 0 0 1 9.31221
0 0 0 0 0 9.20583
0 0 0 0 0 9.19644
0 0 0 0 1 9.22833
0 0 0 0 1 9.16426
0 0 0 0 1 9.04134
0 0 0 0 0 9.01446
0 0 0 0 1 9.09227
0 0 0 0 0 9.11991
0 0 0 0 1 9.05713
0 0 0 0 1 9.1076
0 0 0 0 1 9.01829
0 0 0 0 1 8.96111
0 0 0 0 1 9.01603
0 0 0 0 1 9.02611
0 0 0 0 1 8.85765
0 0 0 0 0 8.88192
0 0 0 0 1 8.92804
0 0 0 0 1 8.86756
0 0 0 0 1 8.87829
0 0 0 0 1 8.836
0 0 0 0 0 8.73715
0 0 0 0 1 8.85407
0 0 0 0 0 8.70685
0 0 0 0 1 8.73583
0 0 0 0 1 8.79988
0 0 0 0 1 8.76757
0 0 0 0 1 8.72312
0 0 0 0 1 8.76976
0 0 0 0 1 8.62489
0 0 0 0 1 8.77603
0 0 0 0 0 8.6492
0 0 0 0 1 8.60951
0 0 0 0 1 8.67383
0 0 0 0 0 8.62583
0 0 0 0 0 8.66431
0 0 0 0 0 8.52203
0 0 0 0 1 8.53502
0 0 0 0 1 8.50518
0 0 0 0 1 8.53555
0 0 0 0 1 8.56596
0 0 0 0 1 8.50242
0 0 0 0 1 8.57875
0 0 0 0 1 8.57526
0 0 0 0 0 8.60128
0 0 0 0 1 8.64774
0 0 0 0 1 8.91274
0 0 0 0 0 8.96776
0 0 0 0 1 9.10237
0 0 0 0 1 9.22831
0 0 0 0 1 9.41952
0 0 0 0 1 9.63161
0 0 0 0 1 9.58423
0 0 0 0 1 9.85517
0 0 0 0 0 9.91972
0 0 0 0 1 10.2351
0 0 0 0 0 10.4623
0 0 0 0 1 10.6056
0 0 0 0 1 10.7912
0 0 0 0 1 10.8652
0 0 0 0 1 11.2355
0 0 0 0 0 11.4516
0 0 0 0 1 11.562
0 0 0 0 1 11.7605
0 0 0 0 1 12.0422
0 0 0 0 1 12.2102
0 0 0 0 0 12.6485
0 0 0 0 1 12.7191
0 0 0 0 1 22.5009
0 0 0 0 1 22.8229
0 0 0 0 1 22.5075
0 0 0 0 1 22.8751
0 0 0 0 1 22.4949
0 0 0 0 1 22.5685
0 0 0 0 0 22.4839
0 0 0 0 1 22.6486
0 0 0 0 1 22.5198
0 0 0 0 1 22.5044
0 0 0 0 1 22.7827
0 0 0 0 1 22.7455
0 0 0 0 1 22.3496
0 0 0 0 1 22.4936
0 0 0 0 1 22.2779
0 0 0 0 1 22.3551
0 0 0 0 1 22.3203
0 0 0 0 1 22.6004
0 0 0 0 0 23.2692
0 0 0 0 0 24.365
0 0 0 0 1 24.9925
0 0 0 0 1 26.2385
0 0 0 0 1 36.2355
0 0 0 0 0 36.1114
0 0 0 0 0 36.1336
0 0 0 0 1 36.5566
0 0 0 0 1 36.6837
0 0 0 0 1 38.3722
0 0 0 0 1 52.327
0 0 0 0 1 51.9471
0 0 0 0 1 52.5576
0 0 0 0 1 52.3358
0 0 0 0 0 52.2192
0 0 0 0 1 56.1596
0 0 0 0 1 65.5934
0 0 0 0 1 70.2909
0 0 0 0 1 81.401
0 0 0 0 0 5.05509
0 0 0 0 0 4.98996
0 0 0 0 0 5.04507
0 0 0 0 0 5.03004
0 0 0 0 0 4.98996
0 0 0 0 0 4.98495
0 0 0 0 0 5.0601
0 0 0 0 0 4.96992
0 0 0 0 0 4.97994
0 0 0 0 0 5.04006
0 0 0 0 0 4.97994
0 0 0 0 0 5.05509
0 0 0 0 1 87.9412
0 0 0 0 0 88.0379
0 0 0 0 1 75.3703
0 0 0 0 1 64.4135
0 0 0 0 1 60.3448
0 0 0 0 1 60.1138
0 0 0 0 0 60.9128
0 0 0 0 1 51.4676
0 0 0 0 1 47.6512
0 0 0 0 1 47.9515
0 0 0 0 0 39.1171
0 0 0 0 1 36.4516
0 0 0 0 1 35.4182
0 0 0 0 1 35.3589
0 0 0 0 1 35.3352
0 0 0 0 1 35.5272
0 0 0 0 0 28.2183
0 0 0 0 1 26.7231
0 0 0 0 1 25.7417
0 0 0 0 1 24.713
0 0 0 0 1 24.7494
0 0 0 0 0 24.5153
0 0 0 0 1 24.6253
0 0 0 0 0 24.4165
0 0 0 0 1 24.4793
0 0 0 0 0 24.6168
0 0 0 0 1 24.4584
0 0 0 0 1 24.9183
0 0 0 0 1 24.7099
0 0 0 0 1 18.3455
0 0 0 0 1 17.7211
0 0 0 0 0 17.2777
0 0 0 0 1 16.6775
0 0 0 0 1 16.3913
0 0 0 0 1 16.0065
0 0 0 0 1 15.5009
0 0 0 0 1 14.97
0 0 0 0 1 14.8163
0 0 0 0 1 14.3221
0 0 0 0 1 14.1131
0 0 0 0 1 13.8731
0 0 0 0 1 14.0239
0 0 0 0 0 14.0222
0 0 0 0 1 13.8397
0 0 0 0 1 13.7965
0 0 0 0 1 13.8392
0 0 0 0 1 13.9918
0 0 0 0 1 13.9493
0 0 0 0 1 14.0189
0 0 0 0 1 14.1051
0 0 0 0 1 14.0773
0 0 0 0 0 13.9934
0 0 0 0 1 14.0783
0 0 0 0 1 14.0534
0 0 0 0 0 14.2235
0 0 0 0 1 14.0275
0 0 0 0 1 14.1445
0 0 0 0 1 14.2735
0 0 0 0 1 14.0351
0 0 0 0 1 14.1107
0 0 0 0 1 14.2124
0 0 0 0 1 14.0901
0 0 0 0 1 14.2635
0 0 0 0 1 14.113
0 0 0 0 1 14.273
0 0 0 0 0 14.3939
0 0 0 0 1 14.1548
0 0 0 0 1 14.2047
0 0 0 0 0 14.4526
0 0 0 0 1 8.87005
0 0 0 0 1 8.63379
0 0 0 0 1 8.62445
0 0 0 0 1 8.5372
0 0 0 0 1 8.44969
0 0 0 0 1 8.29563
0 0 0 0 1 8.12774
0 0 0 0 1 8.04146
0 0 0 0 1 8.06023
0 0 0 0 0 7.85525
0 0 0 0 0 7.81075
0 0 0 0 1 7.64803
0 0 0 0 1 7.7026
0 0 0 0 1 7.62582
0 0 0 0 1 7.51165
0 0 0 0 1 7.46677
0 0 0 0 1 7.36084
0 0 0 0 1 7.19963
0 0 0 0 1 7.2339
0 0 0 0 1 7.13838
0 0 0 0 1 7.07152
0 0 0 0 1 6.91648
0 0 0 0 1 6.9126
0 0 0 0 0 6.87574
0 0 0 0 1 6.79795
0 0 0 0 0 6.70715
0 0 0 0 1 6.56394
0 0 0 0 0 6.50775
0 0 0 0 1 6.45808
0 0 0 0 1 6.43016
0 0 0 0 1 6.3482
0 0 0 0 1 6.34531
0 0 0 0 0 6.22865
0 0 0 0 1 6.16921
0 0 0 0 0 6.19022
0 0 0 0 1 6.09995
0 0 0 0 1 6.04682
0 0 0 0 1 6.01469
0 0 0 0 0 5.90798
0 0 0 0 1 5.90578
0 0 0 0 0 5.84726
0 0 0 0 1 5.85598
0 0 0 0 1 5.7657
0 0 0 0 1 5.68769
0 0 0 0 0 5.68136
0 0 0 0 1 5.66615
0 0 0 0 1 5.63382
0 0 0 0 1 5.58231
0 0 0 0 1 5.54455
0 0 0 0 1 5.5123
0 0 0 0 1 5.4202
0 0 0 0 1 5.35364
0 0 0 0 1 5.41104
0 0 0 0 0 5.33082
0 0 0 0 1 5.2968
0 0 0 0 1 5.2439
0 0 0 0 1 5.18407
0 0 0 0 1 5.14539
0 0 0 0 1 5.13775
0 0 0 0 0 5.16567
0 0 0 0 1 5.08291
0 0 0 0 1 5.06969
0 0 0 0 1 4.9995
0 0 0 0 1 5.00133
0 0 0 0 1 4.97312
0 0 0 0 1 4.9646
0 0 0 0 1 4.89727
0 0 0 0 1 4.89694
0 0 0 0 1 4.83992
0 0 0 0 0 4.80055
0 0 0 0 0 4.83635
0 0 0 0 1 4.83466
0 0 0 0 1 4.82322
0 0 0 0 1 4.9179
0 0 0 0 1 4.8969
0 0 0 0 1 4.87572
0 0 0 0 1 4.88887
0 0 0 0 1 4.93061
0 0 0 0 1 4.94401
0 0 0 0 1 4.98735
0 0 0 0 1 4.94988
0 0 0 0 1 5.03854
0 0 0 0 1 5.01221
0 0 0 0 0 5.01593
0 0 0 0 0 5.10068
0 0 0 0 0 5.12502
0 0 0 0 1 5.05764
0 0 0 0 0 5.08705
0 0 0 0 0 5.13072
0 0 0 0 0 5.10896
0 0 0 0 1 5.18531
0 0 0 0 0 5.17908
0 0 0 0 0 5.17796
0 0 0 0 1 5.21342
0 0 0 0 1 5.23859
0 0 0 0 1 5.28499
0 0 0 0 1 5.26956
0 0 0 0 1 5.29506
0 0 0 0 1 5.31536
0 0 0 0 1 5.38401
0 0 0 0 1 5.35083
0 0 0 0 1 5.36201
0 0 0 0 1 5.3826
0 0 0 0 0 5.40328
0 0 0 0 1 5.46235
0 0 0 0 0 5.55638
0 0 0 0 1 5.56669
0 0 0 0 1 5.58413
0 0 0 0 1 5.59445
0 0 0 0 1 5.63434
0 0 0 0 1 5.58289
0 0 0 0 1 5.62281
0 0 0 0 1 5.65574
0 0 0 0 1 5.74742
0 0 0 0 1 5.69506
0 0 0 0 1 5.69543
0 0 0 0 0 5.78814
0 0 0 0 0 5.77121
0 0 0 0 1 5.89246
0 0 0 0 1 5.80523
0 0 0 0 1 5.88195
0 0 0 0 1 5.89411
0 0 0 0 1 6.00147
0 0 0 0 0 5.94217
0 0 0 0 1 6.02041
0 0 0 0 1 5.99649
0 0 0 0 0 6.05718
0 0 0 0 1 6.1244
0 0 0 0 0 6.11231
0 0 0 0 1 6.23105
0 0 0 0 1 9.55711
0 0 0 0 1 9.53822
0 0 0 0 1 9.38394
0 0 0 0 1 9.40017
0 0 0 0 1 9.2881
0 0 0 0 0 9.27639
0 0 0 0 1 9.27405
0 0 0 0 1 9.35211
0 0 0 0 1 9.24153
0 0 0 0 1 9.19309
0 0 0 0 1 9.11733
0 0 0 0 1 9.21629
0 0 0 0 0 9.18663
0 0 0 0 0 9.07514
0 0 0 0 1 9.16417
0 0 0 0 0 9.14399
0 0 0 0 1 9.05173
0 0 0 0 1 8.91174
0 0 0 0 1 8.98228
0 0 0 0 0 8.98648
0 0 0 0 1 8.99394
0 0 0 0 1 8.91243
0 0 0 0 1 8.90238
0 0 0 0 1 8.7775
0 0 0 0 1 8.85276
0 0 0 0 1 8.72879
0 0 0 0 1 8.702
0 0 0 0 1 8.7735
0 0 0 0 1 8.75549
0 0 0 0 1 8.69074
0 0 0 0 0 8.62979
0 0 0 0 0 8.71285
0 0 0 0 1 8.54875
0 0 0 0 1 8.5714
0 0 0 0 1 8.62321
0 0 0 0 1 8.52581
0 0 0 0 1 8.48372
0 0 0 0 1 8.45538
0 0 0 0 0 8.53766
0 0 0 0 1 8.56028
0 0 0 0 1 8.37146
0 0 0 0 1 8.42821
0 0 0 0 1 8.39581
0 0 0 0 0 8.43557
0 0 0 0 1 8.35796
0 0 0 0 0 8.42281
0 0 0 0 0 8.40407
0 0 0 0 1 8.39748
0 0 0 0 1 8.30438
0 0 0 0 1 8.24487
0 0 0 0 1 8.28104
0 0 0 0 0 8.22194
0 0 0 0 1 8.31129
0 0 0 0 1 8.26897
0 0 0 0 1 8.11218
0 0 0 0 1 8.23416
0 0 0 0 1 8.11092
0 0 0 0 1 8.21629
0 0 0 0 1 8.07753
0 0 0 0 1 8.15839
0 0 0 0 1 8.06096
0 0 0 0 1 8.10134
0 0 0 0 1 8.03687
0 0 0 0 1 8.03301
0 0 0 0 0 8.06548
0 0 0 0 0 7.96964
0 0 0 0 1 8.01031
0 0 0 0 1 7.90718
0 0 0 0 1 8.02357
0 0 0 0 0 8.00056
0 0 0 0 1 7.93803
0 0 0 0 1 7.92343
0 0 0 0 1 7.94859
0 0 0 0 1 7.85087
0 0 0 0 0 7.90787
0 0 0 0 1 7.87026
0 0 0 0 1 7.85992
0 0 0 0 0 7.87326
0 0 0 0 0 7.80482
0 0 0 0 1 7.9012
0 0 0 0 1 7.88794
0 0 0 0 1 7.88593
0 0 0 0 1 7.86519
0 0 0 0 1 7.80574
0 0 0 0 1 7.69531
0 0 0 0 1 7.70641
0 0 0 0 1 7.82914
