0 0 0 0 1 5.49187
0 0 0 0 1 5.6009
0 0 0 0 1 5.56013
0 0 0 0 1 5.57752
0 0 0 0 1 5.52563
0 0 0 0 1 5.6414
0 0 0 0 1 5.63349
0 0 0 0 1 5.60976
0 0 0 0 1 5.58274
0 0 0 0 1 5.58152
0 0 0 0 1 5.58603
0 0 0 0 1 5.65835
0 0 0 0 1 5.59192
0 0 0 0 1 5.64767
0 0 0 0 1 5.68106
0 0 0 0 1 5.64288
0 0 0 0 1 5.67652
0 0 0 0 0 5.75598
0 0 0 0 1 5.7559
0 0 0 0 0 5.72542
0 0 0 0 0 5.78265
0 0 0 0 0 5.77136
0 0 0 0 1 5.77161
0 0 0 0 1 5.75466
0 0 0 0 1 5.82605
0 0 0 0 0 5.76884
0 0 0 0 1 5.7578
0 0 0 0 1 5.86289
0 0 0 0 0 5.78236
0 0 0 0 1 5.77733
0 0 0 0 0 5.87753
0 0 0 0 1 5.88025
0 0 0 0 1 5.81855
0 0 0 0 1 5.8138
0 0 0 0 1 5.9327
0 0 0 0 1 5.95782
0 0 0 0 1 5.87669
0 0 0 0 1 5.93155
0 0 0 0 0 5.98671
0 0 0 0 1 5.98266
0 0 0 0 1 5.93092
0 0 0 0 1 5.97467
0 0 0 0 1 5.95407
0 0 0 0 1 6.06418
0 0 0 0 1 6.04246
0 0 0 0 1 5.97846
0 0 0 0 1 6.03393
0 0 0 0 0 6.01818
0 0 0 0 1 6.0997
0 0 0 0 1 6.07193
0 0 0 0 1 6.15406
0 0 0 0 1 6.18149
0 0 0 0 1 6.15277
0 0 0 0 1 6.14452
0 0 0 0 1 6.12286
0 0 0 0 1 6.13824
0 0 0 0 1 6.19096
0 0 0 0 1 6.18078
0 0 0 0 0 6.23397
0 0 0 0 1 6.29371
0 0 0 0 1 6.31528
0 0 0 0 1 6.35676
0 0 0 0 1 6.32275
0 0 0 0 1 6.37714
0 0 0 0 1 6.33035
0 0 0 0 1 6.42248
0 0 0 0 0 6.38831
0 0 0 0 0 6.43001
0 0 0 0 0 6.43419
0 0 0 0 1 6.42477
0 0 0 0 0 6.5259
0 0 0 0 0 6.41949
0 0 0 0 1 6.52124
0 0 0 0 0 6.45403
0 0 0 0 1 6.49104
0 0 0 0 1 6.50789
0 0 0 0 1 6.56436
0 0 0 0 1 6.569
0 0 0 0 1 6.6459
0 0 0 0 1 6.71004
0 0 0 0 1 6.63446
0 0 0 0 1 6.70623
0 0 0 0 1 6.76495
0 0 0 0 1 6.71574
0 0 0 0 1 6.71346
0 0 0 0 0 6.80612
0 0 0 0 1 6.76321
0 0 0 0 1 6.82248
0 0 0 0 1 6.87528
0 0 0 0 1 6.94909
0 0 0 0 0 6.98191
0 0 0 0 1 6.91827
0 0 0 0 1 6.98589
0 0 0 0 1 7.04696
0 0 0 0 1 7.04534
0 0 0 0 1 6.99438
0 0 0 0 1 7.01311
0 0 0 0 1 7.06079
0 0 0 0 1 7.1871
0 0 0 0 1 7.09979
0 0 0 0 1 7.22705
0 0 0 0 0 7.21831
0 0 0 0 1 7.17279
0 0 0 0 1 7.27982
0 0 0 0 1 7.32886
0 0 0 0 1 7.26866
0 0 0 0 1 7.32515
0 0 0 0 1 7.31641
0 0 0 0 1 7.3659
0 0 0 0 1 7.39334
0 0 0 0 1 7.49615
0 0 0 0 0 7.4565
0 0 0 0 1 7.49181
0 0 0 0 1 7.51971
0 0 0 0 1 7.66243
0 0 0 0 1 7.59921
0 0 0 0 1 7.6813
0 0 0 0 0 7.64809
0 0 0 0 1 7.72305
0 0 0 0 1 7.84532
0 0 0 0 1 7.84362
0 0 0 0 1 7.80197
0 0 0 0 1 7.9173
0 0 0 0 1 8.00226
0 0 0 0 1 8.03147
0 0 0 0 0 8.10131
0 0 0 0 1 8.1232
0 0 0 0 1 8.14507
0 0 0 0 1 8.22345
0 0 0 0 1 8.11451
0 0 0 0 1 8.21762
0 0 0 0 0 8.32984
0 0 0 0 1 8.28541
0 0 0 0 1 8.33998
0 0 0 0 1 8.35276
0 0 0 0 1 8.38225
0 0 0 0 1 8.45424
0 0 0 0 1 8.50102
0 0 0 0 1 8.58309
0 0 0 0 1 8.65632
0 0 0 0 1 8.60754
0 0 0 0 1 8.67224
0 0 0 0 1 8.82441
0 0 0 0 1 8.87337
0 0 0 0 1 8.8764
0 0 0 0 0 8.92371
0 0 0 0 1 9.03414
0 0 0 0 1 9.10012
0 0 0 0 0 9.19467
0 0 0 0 0 9.08722
0 0 0 0 1 9.25469
0 0 0 0 0 9.24731
0 0 0 0 1 9.42716
0 0 0 0 1 9.32464
0 0 0 0 1 9.55236
0 0 0 0 1 9.58135
0 0 0 0 1 9.67715
0 0 0 0 1 9.60105
0 0 0 0 0 9.66772
0 0 0 0 1 9.69545
0 0 0 0 1 9.86075
0 0 0 0 1 9.84065
0 0 0 0 1 10.0761
0 0 0 0 0 9.95364
0 0 0 0 1 10.1612
0 0 0 0 1 10.1583
0 0 0 0 1 10.2865
0 0 0 0 1 10.457
0 0 0 0 0 10.5161
0 0 0 0 1 10.605
0 0 0 0 1 10.5989
0 0 0 0 1 10.7712
0 0 0 0 1 10.8179
0 0 0 0 0 10.9382
0 0 0 0 1 9.34312
0 0 0 0 1 9.31889
0 0 0 0 0 9.35524
0 0 0 0 1 9.14647
0 0 0 0 0 9.22923
0 0 0 0 1 9.11386
0 0 0 0 1 9.24233
0 0 0 0 0 9.21002
0 0 0 0 1 9.14599
0 0 0 0 1 9.10514
0 0 0 0 1 9.14181
0 0 0 0 1 9.11042
0 0 0 0 1 9.02935
0 0 0 0 1 9.09329
0 0 0 0 0 8.99038
0 0 0 0 1 8.98229
0 0 0 0 1 8.88928
0 0 0 0 1 9.04292
0 0 0 0 0 8.99927
0 0 0 0 0 8.93801
0 0 0 0 0 8.92646
0 0 0 0 1 8.83022
0 0 0 0 1 8.81431
0 0 0 0 1 8.88715
0 0 0 0 1 8.80062
0 0 0 0 1 8.84305
0 0 0 0 1 8.74835
0 0 0 0 1 8.71565
0 0 0 0 1 8.77095
0 0 0 0 1 8.70347
0 0 0 0 1 8.76757
0 0 0 0 1 8.67073
0 0 0 0 1 8.66515
0 0 0 0 0 8.6684
0 0 0 0 1 8.62832
0 0 0 0 1 8.72728
0 0 0 0 0 8.68746
0 0 0 0 0 8.6133
0 0 0 0 1 8.6172
0 0 0 0 1 8.54362
0 0 0 0 1 8.54786
0 0 0 0 1 8.52642
0 0 0 0 0 8.6425
0 0 0 0 1 8.51841
0 0 0 0 1 8.4975
0 0 0 0 1 8.61351
0 0 0 0 1 8.58729
0 0 0 0 0 8.50706
0 0 0 0 1 8.58413
0 0 0 0 0 8.72604
0 0 0 0 1 8.89509
0 0 0 0 1 8.88713
0 0 0 0 0 9.02053
0 0 0 0 1 9.16364
0 0 0 0 1 9.29755
0 0 0 0 1 9.4695
0 0 0 0 1 9.70041
0 0 0 0 0 9.94378
0 0 0 0 0 10.0398
0 0 0 0 0 10.2758
0 0 0 0 1 10.2965
0 0 0 0 1 10.6267
0 0 0 0 1 10.6516
0 0 0 0 0 10.8652
0 0 0 0 1 11.0571
0 0 0 0 1 11.3039
0 0 0 0 1 11.6779
0 0 0 0 1 11.9023
0 0 0 0 1 12.1507
0 0 0 0 1 12.3333
0 0 0 0 1 12.6988
0 0 0 0 1 12.9504
0 0 0 0 0 22.7737
0 0 0 0 1 22.891
0 0 0 0 1 22.5756
0 0 0 0 1 22.4444
0 0 0 0 1 22.6308
0 0 0 0 1 22.5232
0 0 0 0 1 22.778
0 0 0 0 1 22.5356
0 0 0 0 1 22.565
0 0 0 0 0 22.7979
0 0 0 0 1 22.512
0 0 0 0 0 22.768
0 0 0 0 1 22.5524
0 0 0 0 1 22.3811
0 0 0 0 1 22.3004
0 0 0 0 1 22.58
0 0 0 0 1 22.7024
0 0 0 0 1 22.4881
0 0 0 0 1 23.0604
0 0 0 0 1 24.1479
0 0 0 0 1 25.0176
0 0 0 0 0 26.3695
0 0 0 0 0 36.5269
0 0 0 0 1 36.3298
0 0 0 0 1 36.4611
0 0 0 0 1 36.1929
0 0 0 0 1 36.2106
0 0 0 0 1 38.4107
0 0 0 0 1 52.5874
0 0 0 0 1 51.9991
0 0 0 0 1 52.2974
0 0 0 0 1 52.2838
0 0 0 0 0 52.4793
0 0 0 0 1 56.6107
0 0 0 0 1 64.8733
0 0 0 0 1 69.3156
0 0 0 0 1 81.1555
0 0 0 0 0 5.02002
0 0 0 0 0 4.98996
0 0 0 0 0 4.98996
0 0 0 0 0 4.98996
0 0 0 0 0 5.03004
0 0 0 0 0 5.02002
0 0 0 0 0 5.0601
0 0 0 0 0 4.98495
0 0 0 0 0 4.9599
0 0 0 0 0 5.03004
0 0 0 0 0 4.9599
0 0 0 0 0 5.02002
0 0 0 0 1 87.3281
0 0 0 0 1 87.7751
0 0 0 0 1 75.5958
0 0 0 0 1 63.2006
0 0 0 0 1 60.2238
0 0 0 0 1 60.5981
0 0 0 0 1 61.155
0 0 0 0 1 51.4676
0 0 0 0 1 48.3231
0 0 0 0 1 47.5195
0 0 0 0 1 39.1956
0 0 0 0 1 36.783
0 0 0 0 1 35.9888
0 0 0 0 1 35.573
0 0 0 0 1 35.3352
0 0 0 0 1 35.6343
0 0 0 0 1 28.1902
0 0 0 0 1 26.7767
0 0 0 0 1 25.7673
0 0 0 0 1 24.393
0 0 0 0 1 24.8479
0 0 0 0 1 24.5153
0 0 0 0 1 24.576
0 0 0 0 1 24.6385
0 0 0 0 1 24.5781
0 0 0 0 1 24.7156
0 0 0 0 1 24.4831
0 0 0 0 1 24.7452
0 0 0 0 1 24.7594
0 0 0 0 1 18.2363
0 0 0 0 0 17.5797
0 0 0 0 1 17.1402
0 0 0 0 1 16.6106
0 0 0 0 1 16.3099
0 0 0 0 1 15.7525
0 0 0 0 1 15.4545
0 0 0 0 1 15.0456
0 0 0 0 1 14.6835
0 0 0 0 1 14.3798
0 0 0 0 1 14.0003
0 0 0 0 1 13.9425
0 0 0 0 1 14.0239
0 0 0 0 0 13.8553
0 0 0 0 1 13.8258
0 0 0 0 1 14.0612
0 0 0 0 1 14.0066
0 0 0 0 1 13.9779
0 0 0 0 1 14.0472
0 0 0 0 0 14.1168
0 0 0 0 1 14.1051
0 0 0 0 1 14.1333
0 0 0 0 1 14.0777
0 0 0 0 1 14.1626
0 0 0 0 1 14.0956
0 0 0 0 1 14.1249
0 0 0 0 1 14.239
0 0 0 0 0 14.2433
0 0 0 0 1 14.2028
0 0 0 0 0 14.1341
0 0 0 0 1 14.0399
0 0 0 0 1 14.2124
0 0 0 0 1 14.2605
0 0 0 0 1 14.2066
0 0 0 0 1 14.2269
0 0 0 0 1 14.2303
0 0 0 0 1 14.2368
0 0 0 0 1 14.1691
0 0 0 0 1 14.262
0 0 0 0 0 14.1945
0 0 0 0 1 8.86123
0 0 0 0 1 8.65122
0 0 0 0 1 8.65885
0 0 0 0 1 8.57968
0 0 0 0 1 8.44969
0 0 0 0 1 8.34535
0 0 0 0 1 8.22606
0 0 0 0 1 8.06573
0 0 0 0 1 8.02024
0 0 0 0 1 7.98169
0 0 0 0 1 7.80293
0 0 0 0 0 7.65576
0 0 0 0 1 7.58034
0 0 0 0 1 7.56536
0 0 0 0 1 7.5266
0 0 0 0 0 7.40757
0 0 0 0 0 7.34621
0 0 0 0 1 7.30104
0 0 0 0 1 7.17655
0 0 0 0 1 7.08871
0 0 0 0 1 7.08557
0 0 0 0 1 6.94431
0 0 0 0 1 6.91949
0 0 0 0 1 6.88256
0 0 0 0 1 6.71686
0 0 0 0 1 6.63351
0 0 0 0 1 6.67665
0 0 0 0 0 6.59969
0 0 0 0 0 6.51661
0 0 0 0 0 6.46885
0 0 0 0 1 6.444
0 0 0 0 1 6.32631
0 0 0 0 1 6.22238
0 0 0 0 0 6.18166
0 0 0 0 1 6.12851
0 0 0 0 0 6.08159
0 0 0 0 1 6.07714
0 0 0 0 1 6.08091
0 0 0 0 1 5.95572
0 0 0 0 1 5.93539
0 0 0 0 1 5.88248
0 0 0 0 0 5.7744
0 0 0 0 1 5.731
0 0 0 0 0 5.77952
0 0 0 0 1 5.69273
0 0 0 0 1 5.62665
0 0 0 0 1 5.61142
0 0 0 0 0 5.54336
0 0 0 0 1 5.49485
0 0 0 0 1 5.51778
0 0 0 0 1 5.43107
0 0 0 0 1 5.36444
0 0 0 0 0 5.34125
0 0 0 0 1 5.37342
0 0 0 0 1 5.34443
0 0 0 0 1 5.21241
0 0 0 0 1 5.25187
0 0 0 0 1 5.14539
0 0 0 0 1 5.11201
0 0 0 0 1 5.08896
0 0 0 0 1 5.1032
0 0 0 0 0 5.08985
0 0 0 0 1 5.04964
0 0 0 0 0 5.02126
0 0 0 0 1 4.97806
0 0 0 0 1 4.95968
0 0 0 0 1 4.92168
0 0 0 0 1 4.80949
0 0 0 0 1 4.78201
0 0 0 0 0 4.79574
0 0 0 0 0 4.83635
0 0 0 0 1 4.7959
0 0 0 0 0 4.81836
0 0 0 0 0 4.92277
0 0 0 0 0 4.85287
0 0 0 0 1 4.87572
0 0 0 0 1 4.97265
0 0 0 0 1 4.97508
0 0 0 0 1 4.97873
0 0 0 0 0 5.00726
0 0 0 0 1 4.94489
0 0 0 0 1 4.97343
0 0 0 0 1 5.00719
0 0 0 0 0 5.06639
0 0 0 0 1 5.0247
0 0 0 0 1 5.05384
0 0 0 0 1 5.08316
0 0 0 0 0 5.17414
0 0 0 0 1 5.08963
0 0 0 0 1 5.16051
0 0 0 0 1 5.14391
0 0 0 0 1 5.16869
0 0 0 0 1 5.1936
0 0 0 0 0 5.26053
0 0 0 0 1 5.23333
0 0 0 0 1 5.25334
0 0 0 0 1 5.34378
0 0 0 0 1 5.30571
0 0 0 0 1 5.38481
0 0 0 0 1 5.37328
0 0 0 0 0 5.36698
0 0 0 0 1 5.3566
0 0 0 0 1 5.46407
0 0 0 0 1 5.41418
0 0 0 0 1 5.50614
0 0 0 0 1 5.45735
0 0 0 0 1 5.55012
0 0 0 0 1 5.52307
0 0 0 0 1 5.57774
0 0 0 0 1 5.57833
0 0 0 0 1 5.57727
0 0 0 0 0 5.66236
0 0 0 0 0 5.66141
0 0 0 0 1 5.74172
0 0 0 0 1 5.68361
0 0 0 0 1 5.77021
0 0 0 0 0 5.72454
0 0 0 0 0 5.78865
0 0 0 0 1 5.79912
0 0 0 0 0 5.8756
0 0 0 0 0 5.85838
0 0 0 0 1 5.92966
0 0 0 0 1 5.98361
0 0 0 0 1 6.03193
0 0 0 0 1 6.0565
0 0 0 0 1 6.08716
0 0 0 0 1 6.06326
0 0 0 0 0 6.16103
0 0 0 0 1 6.15527
0 0 0 0 1 6.1693
0 0 0 0 0 9.55711
0 0 0 0 1 9.42445
0 0 0 0 1 9.36504
0 0 0 0 1 9.47552
0 0 0 0 1 9.46636
0 0 0 0 0 9.36055
0 0 0 0 1 9.32997
0 0 0 0 0 9.34281
0 0 0 0 1 9.34339
0 0 0 0 1 9.24847
0 0 0 0 1 9.21854
0 0 0 0 1 9.11542
0 0 0 0 1 9.10436
0 0 0 0 1 9.19359
0 0 0 0 0 9.16417
0 0 0 0 1 8.98102
0 0 0 0 1 8.99759
0 0 0 0 1 9.01976
0 0 0 0 1 9.04509
0 0 0 0 1 8.87907
0 0 0 0 1 8.98502
0 0 0 0 1 8.94801
0 0 0 0 1 8.84031
0 0 0 0 0 8.89241
0 0 0 0 1 8.88803
0 0 0 0 0 8.83427
0 0 0 0 1 8.81592
0 0 0 0 1 8.66853
0 0 0 0 1 8.77293
0 0 0 0 1 8.62984
0 0 0 0 1 8.71653
0 0 0 0 1 8.61768
0 0 0 0 1 8.6954
0 0 0 0 1 8.54558
0 0 0 0 1 8.50309
0 0 0 0 1 8.47445
0 0 0 0 1 8.58614
0 0 0 0 1 8.49796
0 0 0 0 0 8.57164
0 0 0 0 1 8.46705
0 0 0 0 0 8.42219
0 0 0 0 0 8.51258
0 0 0 0 1 8.44629
0 0 0 0 1 8.41039
0 0 0 0 1 8.38308
0 0 0 0 1 8.32254
0 0 0 0 1 8.37905
0 0 0 0 0 8.23119
0 0 0 0 1 8.22971
0 0 0 0 1 8.34421
0 0 0 0 1 8.25624
0 0 0 0 1 8.1807
0 0 0 0 1 8.21255
0 0 0 0 1 8.23612
0 0 0 0 1 8.18593
0 0 0 0 1 8.25869
0 0 0 0 1 8.24148
0 0 0 0 1 8.11043
0 0 0 0 1 8.10191
0 0 0 0 1 8.19083
0 0 0 0 1 8.10952
0 0 0 0 1 8.1498
0 0 0 0 1 8.04493
0 0 0 0 1 8.12155
0 0 0 0 1 8.11368
0 0 0 0 1 8.00973
0 0 0 0 1 7.97831
0 0 0 0 0 8.01101
0 0 0 0 1 7.99965
0 0 0 0 1 7.88911
0 0 0 0 1 7.92214
0 0 0 0 1 7.92343
0 0 0 0 0 7.98818
0 0 0 0 1 7.87459
0 0 0 0 1 7.95522
0 0 0 0 1 7.90965
0 0 0 0 1 7.82845
0 0 0 0 1 7.83397
0 0 0 0 1 7.7656
0 0 0 0 1 7.80723
0 0 0 0 1 7.80195
0 0 0 0 1 7.761
0 0 0 0 1 7.83401
0 0 0 0 1 7.70457
0 0 0 0 1 7.843
0 0 0 0 1 7.69865
0 0 0 0 0 7.68961
