0 0 0 0 0 5.55289
0 0 0 0 0 5.52866
0 0 0 0 1 5.59353
0 0 0 0 1 5.62767
0 0 0 0 1 5.53679
0 0 0 0 1 5.55754
0 0 0 0 1 5.6223
0 0 0 0 1 5.61537
0 0 0 0 0 5.55469
0 0 0 0 1 5.66021
0 0 0 0 1 5.66486
0 0 0 0 1 5.5963
0 0 0 0 1 5.61452
0 0 0 0 1 5.6307
0 0 0 0 0 5.6924
0 0 0 0 1 5.65991
0 0 0 0 0 5.64808
0 0 0 0 1 5.73888
0 0 0 0 1 5.65312
0 0 0 0 1 5.70256
0 0 0 0 1 5.78265
0 0 0 0 0 5.7312
0 0 0 0 1 5.78311
0 0 0 0 1 5.79499
0 0 0 0 1 5.79721
0 0 0 0 1 5.78618
0 0 0 0 1 5.82152
0 0 0 0 1 5.74679
0 0 0 0 1 5.8638
0 0 0 0 1 5.78899
0 0 0 0 1 5.88337
0 0 0 0 1 5.85684
0 0 0 0 1 5.84785
0 0 0 0 1 5.93125
0 0 0 0 1 5.8503
0 0 0 0 1 5.88113
0 0 0 0 1 5.90034
0 0 0 0 1 5.95525
0 0 0 0 1 5.9095
0 0 0 0 1 5.9648
0 0 0 0 1 5.97268
0 0 0 0 1 6.03448
0 0 0 0 0 6.01397
0 0 0 0 1 5.99814
0 0 0 0 1 5.9883
0 0 0 0 1 6.02069
0 0 0 0 1 6.02787
0 0 0 0 0 6.01211
0 0 0 0 1 6.12403
0 0 0 0 1 6.07193
0 0 0 0 1 6.09294
0 0 0 0 0 6.10185
0 0 0 0 1 6.14048
0 0 0 0 0 6.10758
0 0 0 0 1 6.12286
0 0 0 0 1 6.19393
0 0 0 0 1 6.18475
0 0 0 0 0 6.2119
0 0 0 0 1 6.20901
0 0 0 0 0 6.27494
0 0 0 0 1 6.25251
0 0 0 0 0 6.30012
0 0 0 0 1 6.3543
0 0 0 0 1 6.28857
0 0 0 0 1 6.31132
0 0 0 0 0 6.35883
0 0 0 0 0 6.37555
0 0 0 0 1 6.44922
0 0 0 0 1 6.41493
0 0 0 0 1 6.43766
0 0 0 0 1 6.43544
0 0 0 0 1 6.43246
0 0 0 0 1 6.46272
0 0 0 0 1 6.57137
0 0 0 0 1 6.60216
0 0 0 0 0 6.57349
0 0 0 0 0 6.61703
0 0 0 0 1 6.62842
0 0 0 0 0 6.57964
0 0 0 0 1 6.64354
0 0 0 0 0 6.68118
0 0 0 0 1 6.6393
0 0 0 0 1 6.75824
0 0 0 0 1 6.709
0 0 0 0 1 6.78107
0 0 0 0 1 6.77219
0 0 0 0 1 6.79046
0 0 0 0 1 6.89084
0 0 0 0 1 6.8547
0 0 0 0 1 6.84578
0 0 0 0 1 6.84366
0 0 0 0 1 6.89747
0 0 0 0 1 6.95109
0 0 0 0 0 7.03998
0 0 0 0 0 7.03132
0 0 0 0 1 6.98734
0 0 0 0 1 7.05553
0 0 0 0 1 7.07498
0 0 0 0 1 7.0945
0 0 0 0 0 7.12124
0 0 0 0 1 7.2414
0 0 0 0 1 7.26874
0 0 0 0 0 7.27412
0 0 0 0 0 7.28709
0 0 0 0 1 7.37265
0 0 0 0 1 7.37124
0 0 0 0 1 7.33252
0 0 0 0 1 7.4493
0 0 0 0 0 7.35848
0 0 0 0 1 7.46787
0 0 0 0 1 7.54852
0 0 0 0 0 7.55421
0 0 0 0 1 7.50692
0 0 0 0 1 7.54247
0 0 0 0 1 7.66243
0 0 0 0 1 7.59921
0 0 0 0 1 7.65823
0 0 0 0 1 7.679
0 0 0 0 1 7.79291
0 0 0 0 1 7.85312
0 0 0 0 0 7.85145
0 0 0 0 1 7.88849
0 0 0 0 1 7.92521
0 0 0 0 1 7.93074
0 0 0 0 1 8.07142
0 0 0 0 0 8.10934
0 0 0 0 1 8.1474
0 0 0 0 1 8.08834
0 0 0 0 1 8.07675
0 0 0 0 1 8.17182
0 0 0 0 0 8.18468
0 0 0 0 1 8.24704
0 0 0 0 1 8.40187
0 0 0 0 1 8.39017
0 0 0 0 1 8.36958
0 0 0 0 1 8.50067
0 0 0 0 0 8.49677
0 0 0 0 1 8.578
0 0 0 0 0 8.61746
0 0 0 0 1 8.56129
0 0 0 0 1 8.64232
0 0 0 0 1 8.82086
0 0 0 0 1 8.75402
0 0 0 0 1 8.90872
0 0 0 0 1 8.95645
0 0 0 0 1 9.02216
0 0 0 0 1 9.07017
0 0 0 0 1 9.13638
0 0 0 0 1 9.02153
0 0 0 0 1 9.13306
0 0 0 0 1 9.15319
0 0 0 0 1 9.23803
0 0 0 0 1 9.24048
0 0 0 0 1 9.43744
0 0 0 0 1 9.55236
0 0 0 0 1 9.57183
0 0 0 0 1 9.6292
0 0 0 0 0 9.5914
0 0 0 0 1 9.68716
0 0 0 0 1 9.81286
0 0 0 0 1 9.92971
0 0 0 0 1 9.97939
0 0 0 0 1 9.96627
0 0 0 0 0 10.0843
0 0 0 0 1 10.1004
0 0 0 0 0 10.3011
0 0 0 0 1 10.2043
0 0 0 0 1 10.4156
0 0 0 0 0 10.4432
0 0 0 0 1 10.458
0 0 0 0 1 10.6624
0 0 0 0 1 10.6112
0 0 0 0 1 10.8394
0 0 0 0 0 10.9382
0 0 0 0 1 9.38965
0 0 0 0 1 9.2632
0 0 0 0 1 9.28114
0 0 0 0 1 9.21114
0 0 0 0 1 9.26611
0 0 0 0 1 9.12306
0 0 0 0 1 9.24233
0 0 0 0 1 9.16425
0 0 0 0 1 9.10031
0 0 0 0 0 9.17805
0 0 0 0 0 9.13271
0 0 0 0 1 9.10134
0 0 0 0 1 9.04746
0 0 0 0 1 9.04809
0 0 0 0 1 9.08055
0 0 0 0 1 8.95529
0 0 0 0 1 9.01499
0 0 0 0 1 9.025
0 0 0 0 1 8.99927
0 0 0 0 1 8.98266
0 0 0 0 0 8.82847
0 0 0 0 1 8.81244
0 0 0 0 1 8.84093
0 0 0 0 1 8.86942
0 0 0 0 1 8.92444
0 0 0 0 1 8.88718
0 0 0 0 1 8.89812
0 0 0 0 0 8.84757
0 0 0 0 1 8.78851
0 0 0 0 0 8.721
0 0 0 0 1 8.79382
0 0 0 0 1 8.75805
0 0 0 0 1 8.64771
0 0 0 0 1 8.77284
0 0 0 0 1 8.77603
0 0 0 0 1 8.69258
0 0 0 0 0 8.64415
0 0 0 0 1 8.69113
0 0 0 0 1 8.59129
0 0 0 0 1 8.59534
0 0 0 0 1 8.55646
0 0 0 0 0 8.60378
0 0 0 0 1 8.52235
0 0 0 0 1 8.65553
0 0 0 0 1 8.61731
0 0 0 0 1 8.49388
0 0 0 0 1 8.57875
0 0 0 0 1 8.59231
0 0 0 0 1 8.58413
0 0 0 0 1 8.70864
0 0 0 0 0 8.7892
0 0 0 0 1 8.96776
0 0 0 0 0 9.11146
0 0 0 0 0 9.16364
0 0 0 0 1 9.47581
0 0 0 0 1 9.44089
0 0 0 0 1 9.652
0 0 0 0 0 9.78626
0 0 0 0 1 9.9998
0 0 0 0 1 10.2656
0 0 0 0 1 10.3483
0 0 0 0 1 10.479
0 0 0 0 0 10.6623
0 0 0 0 1 10.9855
0 0 0 0 1 11.0906
0 0 0 0 1 11.4289
0 0 0 0 1 11.6315
0 0 0 0 0 11.9378
0 0 0 0 1 12.1748
0 0 0 0 1 12.3948
0 0 0 0 1 12.636
0 0 0 0 1 12.976
0 0 0 0 1 22.6373
0 0 0 0 0 22.8002
0 0 0 0 0 22.7344
0 0 0 0 1 22.6937
0 0 0 0 1 22.6082
0 0 0 0 1 22.8627
0 0 0 0 1 22.5292
0 0 0 0 1 22.5356
0 0 0 0 1 22.7231
0 0 0 0 1 22.527
0 0 0 0 1 22.3767
0 0 0 0 1 22.768
0 0 0 0 1 22.4623
0 0 0 0 1 22.336
0 0 0 0 1 22.6604
0 0 0 0 1 22.7149
0 0 0 0 1 22.3652
0 0 0 0 1 22.3758
0 0 0 0 1 23.1068
0 0 0 0 0 24.2685
0 0 0 0 1 24.9422
0 0 0 0 1 26.3695
0 0 0 0 1 36.6361
0 0 0 0 1 36.3298
0 0 0 0 1 36.7158
0 0 0 0 1 36.2293
0 0 0 0 1 36.065
0 0 0 0 1 38.141
0 0 0 0 1 52.327
0 0 0 0 1 51.843
0 0 0 0 1 51.673
0 0 0 0 1 52.3358
0 0 0 0 0 52.5313
0 0 0 0 1 55.9341
0 0 0 0 0 65.5934
0 0 0 0 1 69.3156
0 0 0 0 1 81.1555
0 0 0 0 0 4.98495
0 0 0 0 0 4.98996
0 0 0 0 0 4.97994
0 0 0 0 0 5.01501
0 0 0 0 0 4.97994
0 0 0 0 0 5.03004
0 0 0 0 0 4.99998
0 0 0 0 0 4.96491
0 0 0 0 0 5.03004
0 0 0 0 0 4.97994
0 0 0 0 0 4.98495
0 0 0 0 0 5.03004
0 0 0 0 1 87.9412
0 0 0 0 0 87.4247
0 0 0 0 1 74.5437
0 0 0 0 1 63.5198
0 0 0 0 1 60.8291
0 0 0 0 1 60.1138
0 0 0 0 1 60.0651
0 0 0 0 1 51.3129
0 0 0 0 1 47.8912
0 0 0 0 1 48.4795
0 0 0 0 1 39.2349
0 0 0 0 1 36.8566
0 0 0 0 1 35.4895
0 0 0 0 1 35.6087
0 0 0 0 0 35.6207
0 0 0 0 0 35.9913
0 0 0 0 1 27.9094
0 0 0 0 1 26.7231
0 0 0 0 1 25.3827
0 0 0 0 1 24.8607
0 0 0 0 1 24.4293
0 0 0 0 1 24.5153
0 0 0 0 1 24.5514
0 0 0 0 0 24.9098
0 0 0 0 0 24.43
0 0 0 0 1 24.6168
0 0 0 0 1 24.7302
0 0 0 0 1 24.8441
0 0 0 0 0 24.5615
0 0 0 0 1 18.1089
0 0 0 0 0 17.7211
0 0 0 0 0 17.2777
0 0 0 0 0 16.6441
0 0 0 0 1 16.1795
0 0 0 0 1 16.0065
0 0 0 0 1 15.4235
0 0 0 0 0 14.97
0 0 0 0 1 14.6835
0 0 0 0 1 14.351
0 0 0 0 1 13.958
0 0 0 0 1 13.9009
0 0 0 0 0 13.9266
0 0 0 0 0 13.9248
0 0 0 0 1 14.0068
0 0 0 0 1 14.0334
0 0 0 0 1 13.8113
0 0 0 0 1 13.9779
0 0 0 0 1 13.8794
0 0 0 0 0 13.9629
0 0 0 0 1 14.0911
0 0 0 0 1 13.881
0 0 0 0 1 14.0496
0 0 0 0 1 13.9799
0 0 0 0 1 14.1519
0 0 0 0 1 14.1108
0 0 0 0 1 13.9852
0 0 0 0 0 14.0598
0 0 0 0 0 14.1039
0 0 0 0 1 14.0634
0 0 0 0 1 14.224
0 0 0 0 1 14.3258
0 0 0 0 1 14.2463
0 0 0 0 1 14.1497
0 0 0 0 1 14.2981
0 0 0 0 1 14.216
0 0 0 0 1 14.194
0 0 0 0 1 14.355
0 0 0 0 1 14.3622
0 0 0 0 1 14.1945
0 0 0 0 1 8.79944
0 0 0 0 0 8.79061
0 0 0 0 0 8.51267
0 0 0 0 1 8.42677
0 0 0 0 1 8.35739
0 0 0 0 1 8.22933
0 0 0 0 1 8.20968
0 0 0 0 1 8.07382
0 0 0 0 1 7.94828
0 0 0 0 1 7.95008
0 0 0 0 0 7.82639
0 0 0 0 1 7.70211
0 0 0 0 0 7.68732
0 0 0 0 1 7.48223
0 0 0 0 1 7.51165
0 0 0 0 1 7.41497
0 0 0 0 1 7.36084
0 0 0 0 1 7.19963
0 0 0 0 1 7.19806
0 0 0 0 0 7.08161
0 0 0 0 1 6.97321
0 0 0 0 1 6.93039
0 0 0 0 1 6.90572
0 0 0 0 1 6.86892
0 0 0 0 1 6.77092
0 0 0 0 1 6.67368
0 0 0 0 1 6.60372
0 0 0 0 1 6.62596
0 0 0 0 1 6.47759
0 0 0 0 1 6.43016
0 0 0 0 1 6.36097
0 0 0 0 1 6.31365
0 0 0 0 1 6.24749
0 0 0 0 1 6.19411
0 0 0 0 0 6.14702
0 0 0 0 1 6.09995
0 0 0 0 1 6.02256
0 0 0 0 0 5.98458
0 0 0 0 1 6.00943
0 0 0 0 1 5.92947
0 0 0 0 1 5.92358
0 0 0 0 1 5.88511
0 0 0 0 0 5.81774
0 0 0 0 1 5.76804
0 0 0 0 1 5.72686
0 0 0 0 1 5.67744
0 0 0 0 1 5.61702
0 0 0 0 1 5.51553
0 0 0 0 1 5.48933
0 0 0 0 1 5.43011
0 0 0 0 1 5.43107
0 0 0 0 1 5.35364
0 0 0 0 0 5.39493
0 0 0 0 1 5.35212
0 0 0 0 1 5.31797
0 0 0 0 1 5.20716
0 0 0 0 1 5.21015
0 0 0 0 0 5.16093
0 0 0 0 1 5.1532
0 0 0 0 1 5.09918
0 0 0 0 1 5.05247
0 0 0 0 1 5.03441
0 0 0 0 1 5.00451
0 0 0 0 1 4.9565
0 0 0 0 0 4.92858
0 0 0 0 1 4.94002
0 0 0 0 1 4.93145
0 0 0 0 0 4.83379
0 0 0 0 0 4.79166
0 0 0 0 1 4.80537
0 0 0 0 1 4.81704
0 0 0 0 1 4.81528
0 0 0 0 0 4.88157
0 0 0 0 1 4.86916
0 0 0 0 1 4.91646
0 0 0 0 1 4.91991
0 0 0 0 1 4.91351
0 0 0 0 0 4.97014
0 0 0 0 1 5.00848
0 0 0 0 1 4.94753
0 0 0 0 1 5.02473
0 0 0 0 0 4.98345
0 0 0 0 1 5.06751
0 0 0 0 1 5.0563
0 0 0 0 0 5.08042
0 0 0 0 0 5.05893
0 0 0 0 1 5.05764
0 0 0 0 1 5.11266
0 0 0 0 0 5.18208
0 0 0 0 1 5.12958
0 0 0 0 1 5.21636
0 0 0 0 1 5.21544
0 0 0 0 1 5.18839
0 0 0 0 0 5.26053
0 0 0 0 1 5.20706
0 0 0 0 0 5.25334
0 0 0 0 1 5.24835
0 0 0 0 0 5.36957
0 0 0 0 0 5.30467
0 0 0 0 1 5.30893
0 0 0 0 0 5.43696
0 0 0 0 1 5.43776
0 0 0 0 1 5.46407
0 0 0 0 1 5.47961
0 0 0 0 1 5.49519
0 0 0 0 1 5.45735
0 0 0 0 1 5.56669
0 0 0 0 1 5.50087
0 0 0 0 1 5.53873
0 0 0 0 1 5.58393
0 0 0 0 1 5.64474
0 0 0 0 1 5.68497
0 0 0 0 1 5.6444
0 0 0 0 1 5.73602
0 0 0 0 1 5.69506
0 0 0 0 1 5.77597
0 0 0 0 1 5.7361
0 0 0 0 1 5.83514
0 0 0 0 1 5.81662
0 0 0 0 0 5.8111
0 0 0 0 1 5.92321
0 0 0 0 1 5.88819
0 0 0 0 1 5.90025
0 0 0 0 0 5.94816
0 0 0 0 1 5.96027
0 0 0 0 1 6.03276
0 0 0 0 0 6.08756
0 0 0 0 1 6.07555
0 0 0 0 1 6.10003
0 0 0 0 1 6.1199
0 0 0 0 0 9.43337
0 0 0 0 1 9.45289
0 0 0 0 0 9.40284
0 0 0 0 0 9.4661
0 0 0 0 1 9.43822
0 0 0 0 1 9.36055
0 0 0 0 1 9.23676
0 0 0 0 1 9.23125
0 0 0 0 1 9.28783
0 0 0 0 0 9.27616
0 0 0 0 0 9.24614
0 0 0 0 1 9.08791
0 0 0 0 1 9.10436
0 0 0 0 1 9.02958
0 0 0 0 1 9.11876
0 0 0 0 1 9.09872
0 0 0 0 1 9.10588
0 0 0 0 1 9.01076
0 0 0 0 0 9.02714
0 0 0 0 1 9.01333
0 0 0 0 1 8.88687
0 0 0 0 1 8.87685
0 0 0 0 1 8.92011
0 0 0 0 1 8.89241
0 0 0 0 1 8.74695
0 0 0 0 1 8.79911
0 0 0 0 1 8.84221
0 0 0 0 0 8.82598
0 0 0 0 0 8.64212
0 0 0 0 1 8.64724
0 0 0 0 1 8.62112
0 0 0 0 1 8.6869
0 0 0 0 1 8.6954
0 0 0 0 1 8.55419
0 0 0 0 0 8.59747
0 0 0 0 1 8.58573
0 0 0 0 1 8.54346
0 0 0 0 1 8.54905
0 0 0 0 1 8.50368
0 0 0 0 1 8.4501
0 0 0 0 0 8.37146
0 0 0 0 1 8.47039
0 0 0 0 0 8.47994
0 0 0 0 1 8.36842
0 0 0 0 0 8.29096
0 0 0 0 0 8.33925
0 0 0 0 1 8.38739
0 0 0 0 1 8.29771
0 0 0 0 1 8.28779
0 0 0 0 0 8.21176
0 0 0 0 1 8.19839
0 0 0 0 0 8.29616
0 0 0 0 0 8.19609
0 0 0 0 1 8.14579
0 0 0 0 1 8.16954
0 0 0 0 1 8.25869
0 0 0 0 0 8.0946
0 0 0 0 0 8.2
0 0 0 0 1 8.15879
0 0 0 0 1 8.13406
0 0 0 0 0 8.04478
0 0 0 0 1 8.00442
0 0 0 0 1 8.1336
0 0 0 0 1 8.00887
0 0 0 0 1 8.05744
0 0 0 0 0 7.97765
0 0 0 0 1 8.07433
0 0 0 0 1 8.01101
0 0 0 0 1 7.99965
0 0 0 0 1 8.03241
0 0 0 0 1 7.8983
0 0 0 0 1 7.90757
0 0 0 0 1 7.89317
0 0 0 0 1 7.86668
0 0 0 0 1 7.8763
0 0 0 0 1 7.84662
0 0 0 0 0 7.88352
0 0 0 0 0 7.88897
0 0 0 0 1 7.85189
0 0 0 0 1 7.89337
0 0 0 0 1 7.89576
0 0 0 0 1 7.84689
0 0 0 0 1 7.78724
0 0 0 0 1 7.77461
0 0 0 0 1 7.79636
0 0 0 0 0 7.79178
0 0 0 0 0 7.68186
