0 0 0 0 0 5.50851
0 0 0 0 1 5.59534
0 0 0 0 1 5.59909
0 0 0 0 0 5.51623
0 0 0 0 1 5.60935
0 0 0 0 1 5.56872
0 0 0 0 1 5.65027
0 0 0 0 1 5.62097
0 0 0 0 1 5.66129
0 0 0 0 1 5.63773
0 0 0 0 1 5.65923
0 0 0 0 1 5.63579
0 0 0 0 1 5.69924
0 0 0 0 0 5.66465
0 0 0 0 1 5.70941
0 0 0 0 0 5.64856
0 0 0 0 1 5.71634
0 0 0 0 1 5.6762
0 0 0 0 1 5.65883
0 0 0 0 1 5.75399
0 0 0 0 1 5.73685
0 0 0 0 1 5.7312
0 0 0 0 1 5.71987
0 0 0 0 1 5.74314
0 0 0 0 1 5.7453
0 0 0 0 0 5.79196
0 0 0 0 1 5.82731
0 0 0 0 1 5.79904
0 0 0 0 0 5.77072
0 0 0 0 1 5.83563
0 0 0 0 0 5.78989
0 0 0 0 1 5.83929
0 0 0 0 0 5.80097
0 0 0 0 1 5.90189
0 0 0 0 1 5.83265
0 0 0 0 1 5.94602
0 0 0 0 1 5.87078
0 0 0 0 1 5.88414
0 0 0 0 1 5.91544
0 0 0 0 1 5.92313
0 0 0 0 1 5.93688
0 0 0 0 0 6.0285
0 0 0 0 1 5.93011
0 0 0 0 1 5.98012
0 0 0 0 1 5.98228
0 0 0 0 1 6.08705
0 0 0 0 1 6.05813
0 0 0 0 1 6.01211
0 0 0 0 1 6.11186
0 0 0 0 1 6.15118
0 0 0 0 1 6.11739
0 0 0 0 1 6.06509
0 0 0 0 1 6.1958
0 0 0 0 0 6.09527
0 0 0 0 1 6.16606
0 0 0 0 1 6.17537
0 0 0 0 0 6.2654
0 0 0 0 0 6.26169
0 0 0 0 1 6.25269
0 0 0 0 1 6.31248
0 0 0 0 1 6.30901
0 0 0 0 1 6.319
0 0 0 0 0 6.29751
0 0 0 0 0 6.35184
0 0 0 0 1 6.34938
0 0 0 0 1 6.35883
0 0 0 0 0 6.42022
0 0 0 0 0 6.36596
0 0 0 0 1 6.45345
0 0 0 0 0 6.46988
0 0 0 0 0 6.41606
0 0 0 0 1 6.54918
0 0 0 0 1 6.48873
0 0 0 0 1 6.53226
0 0 0 0 1 6.52372
0 0 0 0 1 6.49477
0 0 0 0 1 6.62361
0 0 0 0 1 6.58881
0 0 0 0 1 6.58627
0 0 0 0 1 6.62359
0 0 0 0 1 6.62778
0 0 0 0 0 6.7263
0 0 0 0 1 6.77166
0 0 0 0 1 6.68206
0 0 0 0 1 6.76754
0 0 0 0 1 6.73148
0 0 0 0 0 6.83813
0 0 0 0 1 6.79514
0 0 0 0 1 6.84097
0 0 0 0 0 6.90777
0 0 0 0 1 6.96809
0 0 0 0 1 6.95986
0 0 0 0 1 6.98589
0 0 0 0 1 6.99109
0 0 0 0 1 7.05936
0 0 0 0 1 7.00141
0 0 0 0 1 7.10502
0 0 0 0 1 7.12465
0 0 0 0 0 7.17285
0 0 0 0 1 7.15699
0 0 0 0 0 7.16963
0 0 0 0 0 7.22551
0 0 0 0 1 7.24517
0 0 0 0 1 7.28709
0 0 0 0 1 7.32886
0 0 0 0 1 7.33461
0 0 0 0 1 7.42822
0 0 0 0 1 7.35333
0 0 0 0 1 7.38073
0 0 0 0 1 7.47532
0 0 0 0 1 7.53356
0 0 0 0 1 7.44898
0 0 0 0 1 7.47671
0 0 0 0 0 7.52729
0 0 0 0 0 7.66243
0 0 0 0 0 7.57625
0 0 0 0 1 7.6813
0 0 0 0 1 7.7717
0 0 0 0 1 7.83172
0 0 0 0 0 7.81412
0 0 0 0 1 7.82013
0 0 0 0 1 7.8413
0 0 0 0 1 7.9173
0 0 0 0 1 7.93869
0 0 0 0 1 8.01548
0 0 0 0 1 8.05314
0 0 0 0 1 8.13933
0 0 0 0 0 8.04782
0 0 0 0 1 8.2316
0 0 0 0 1 8.13088
0 0 0 0 1 8.17645
0 0 0 0 1 8.31328
0 0 0 0 0 8.35196
0 0 0 0 1 8.39017
0 0 0 0 1 8.48735
0 0 0 0 1 8.433
0 0 0 0 1 8.43723
0 0 0 0 1 8.51813
0 0 0 0 1 8.62605
0 0 0 0 1 8.6736
0 0 0 0 1 8.74665
0 0 0 0 1 8.82086
0 0 0 0 1 8.78921
0 0 0 0 1 8.75847
0 0 0 0 1 8.94755
0 0 0 0 1 8.99531
0 0 0 0 1 8.93506
0 0 0 0 1 9.12731
0 0 0 0 1 9.17644
0 0 0 0 1 9.1239
0 0 0 0 0 9.30083
0 0 0 0 1 9.23803
0 0 0 0 1 9.32449
0 0 0 0 0 9.32464
0 0 0 0 1 9.41995
0 0 0 0 1 9.46706
0 0 0 0 1 9.6292
0 0 0 0 1 9.57211
0 0 0 0 0 9.66772
0 0 0 0 1 9.73459
0 0 0 0 1 9.8903
0 0 0 0 0 9.99921
0 0 0 0 1 10.0362
0 0 0 0 1 9.9838
0 0 0 0 0 10.0903
0 0 0 0 0 10.2705
0 0 0 0 0 10.2967
0 0 0 0 1 10.3224
0 0 0 0 0 10.3494
0 0 0 0 0 10.4265
0 0 0 0 1 10.5037
0 0 0 0 1 10.6218
0 0 0 0 1 10.8072
0 0 0 0 1 10.8624
0 0 0 0 1 9.24075
0 0 0 0 0 9.30961
0 0 0 0 1 9.2163
0 0 0 0 1 9.19266
0 0 0 0 1 9.16469
0 0 0 0 1 9.14145
0 0 0 0 1 9.0863
0 0 0 0 1 9.09101
0 0 0 0 0 9.1734
0 0 0 0 1 9.12337
0 0 0 0 1 9.02356
0 0 0 0 0 9.0106
0 0 0 0 1 9.11991
0 0 0 0 1 9.04809
0 0 0 0 1 8.93627
0 0 0 0 1 9.04529
0 0 0 0 1 8.9252
0 0 0 0 1 9.00707
0 0 0 0 1 8.91876
0 0 0 0 1 8.88444
0 0 0 0 1 8.98883
0 0 0 0 0 8.96361
0 0 0 0 1 8.86756
0 0 0 0 1 8.8517
0 0 0 0 1 8.77408
0 0 0 0 1 8.73715
0 0 0 0 0 8.74835
0 0 0 0 1 8.75962
0 0 0 0 1 8.75339
0 0 0 0 1 8.77359
0 0 0 0 1 8.76757
0 0 0 0 1 8.71439
0 0 0 0 0 8.76976
0 0 0 0 1 8.71192
0 0 0 0 0 8.61094
0 0 0 0 1 8.6145
0 0 0 0 1 8.58352
0 0 0 0 1 8.71707
0 0 0 0 1 8.69491
0 0 0 0 1 8.66431
0 0 0 0 1 8.52203
0 0 0 0 1 8.68114
0 0 0 0 1 8.55668
0 0 0 0 0 8.52698
0 0 0 0 0 8.47183
0 0 0 0 0 8.57933
0 0 0 0 1 8.60436
0 0 0 0 0 8.47297
0 0 0 0 1 8.5927
0 0 0 0 1 8.74344
0 0 0 0 1 8.76272
0 0 0 0 1 9.02151
0 0 0 0 1 9.04781
0 0 0 0 1 9.16364
0 0 0 0 0 9.47581
0 0 0 0 1 9.49811
0 0 0 0 1 9.76817
0 0 0 0 0 9.7961
0 0 0 0 0 9.9998
0 0 0 0 0 10.1129
0 0 0 0 1 10.4105
0 0 0 0 1 10.6056
0 0 0 0 1 10.8449
0 0 0 0 1 10.8542
0 0 0 0 1 11.1574
0 0 0 0 1 11.2926
0 0 0 0 1 11.4693
0 0 0 0 1 11.8314
0 0 0 0 1 12.1627
0 0 0 0 1 12.3333
0 0 0 0 1 12.636
0 0 0 0 1 12.9247
0 0 0 0 1 22.8646
0 0 0 0 1 22.5049
0 0 0 0 1 22.4848
0 0 0 0 1 22.8751
0 0 0 0 1 22.6082
0 0 0 0 0 22.7722
0 0 0 0 1 22.7554
0 0 0 0 1 22.7164
0 0 0 0 1 22.7682
0 0 0 0 1 22.4818
0 0 0 0 1 22.7602
0 0 0 0 1 22.7004
0 0 0 0 0 22.3271
0 0 0 0 1 22.291
0 0 0 0 1 22.6604
0 0 0 0 0 22.2876
0 0 0 0 1 22.4327
0 0 0 0 0 22.3309
0 0 0 0 1 23.3852
0 0 0 0 1 24.0514
0 0 0 0 0 24.9925
0 0 0 0 0 26.1336
0 0 0 0 1 36.3812
0 0 0 0 1 36.5846
0 0 0 0 0 36.5703
0 0 0 0 1 36.0838
0 0 0 0 1 36.6473
0 0 0 0 1 38.6034
0 0 0 0 1 51.7543
0 0 0 0 0 51.895
0 0 0 0 0 51.5169
0 0 0 0 0 51.8676
0 0 0 0 1 51.8551
0 0 0 0 1 56.8926
0 0 0 0 1 66.0517
0 0 0 0 1 69.1763
0 0 0 0 1 81.9736
0 0 0 0 0 5.05008
0 0 0 0 0 4.99497
0 0 0 0 0 4.98495
0 0 0 0 0 5.03505
0 0 0 0 0 4.99497
0 0 0 0 0 4.9599
0 0 0 0 0 4.99998
0 0 0 0 0 5.04507
0 0 0 0 0 4.97493
0 0 0 0 0 5.02503
0 0 0 0 0 5.05509
0 0 0 0 0 4.99497
0 0 0 0 1 88.204
0 0 0 0 1 87.1619
0 0 0 0 1 75.2952
0 0 0 0 1 64.1582
0 0 0 0 1 60.5869
0 0 0 0 1 60.4165
0 0 0 0 1 60.2467
0 0 0 0 1 51.4676
0 0 0 0 0 47.6992
0 0 0 0 1 47.5675
0 0 0 0 0 38.96
0 0 0 0 1 36.783
0 0 0 0 0 35.8462
0 0 0 0 1 35.7871
0 0 0 0 1 35.6207
0 0 0 0 1 35.8128
0 0 0 0 1 28.3025
0 0 0 0 1 26.5623
0 0 0 0 1 25.5879
0 0 0 0 1 24.5407
0 0 0 0 1 24.8233
0 0 0 0 1 24.6631
0 0 0 0 1 24.6746
0 0 0 0 0 24.4905
0 0 0 0 1 24.7014
0 0 0 0 1 24.8637
0 0 0 0 1 24.5078
0 0 0 0 1 24.498
0 0 0 0 1 24.9325
0 0 0 0 1 18.2363
0 0 0 0 1 17.6681
0 0 0 0 1 17.1402
0 0 0 0 1 16.7612
0 0 0 0 1 16.3425
0 0 0 0 1 16.0383
0 0 0 0 0 15.4235
0 0 0 0 1 15.2724
0 0 0 0 1 14.8753
0 0 0 0 1 14.351
0 0 0 0 1 14.1836
0 0 0 0 1 13.7481
0 0 0 0 1 13.8571
0 0 0 0 1 14.0083
0 0 0 0 1 13.8536
0 0 0 0 1 13.9776
0 0 0 0 1 13.9229
0 0 0 0 1 14.0198
0 0 0 0 1 14.0891
0 0 0 0 0 14.0189
0 0 0 0 1 14.0211
0 0 0 0 0 13.9511
0 0 0 0 1 13.9794
0 0 0 0 1 13.9237
0 0 0 0 1 14.1097
0 0 0 0 0 14.1108
0 0 0 0 0 14.2249
0 0 0 0 1 13.9751
0 0 0 0 0 14.0756
0 0 0 0 0 14.2473
0 0 0 0 1 14.1532
0 0 0 0 0 14.0705
0 0 0 0 1 14.3315
0 0 0 0 1 14.3346
0 0 0 0 1 14.2981
0 0 0 0 1 14.3586
0 0 0 0 1 14.3082
0 0 0 0 1 14.3836
0 0 0 0 1 14.2047
0 0 0 0 1 14.4526
0 0 0 0 0 8.84357
0 0 0 0 0 8.68607
0 0 0 0 1 8.56426
0 0 0 0 1 8.5372
0 0 0 0 1 8.36578
0 0 0 0 0 8.26248
0 0 0 0 1 8.1851
0 0 0 0 1 8.1709
0 0 0 0 0 7.96427
0 0 0 0 1 7.89476
0 0 0 0 1 7.8342
0 0 0 0 1 7.71756
0 0 0 0 1 7.64911
0 0 0 0 1 7.51246
0 0 0 0 1 7.44439
0 0 0 0 1 7.34097
0 0 0 0 1 7.33889
0 0 0 0 1 7.19963
0 0 0 0 1 7.21956
0 0 0 0 1 7.07451
0 0 0 0 1 7.03641
0 0 0 0 1 6.94431
0 0 0 0 1 6.84375
0 0 0 0 1 6.83482
0 0 0 0 1 6.72362
0 0 0 0 1 6.67368
0 0 0 0 1 6.62361
0 0 0 0 1 6.58656
0 0 0 0 0 6.47759
0 0 0 0 1 6.4366
0 0 0 0 1 6.32265
0 0 0 0 1 6.37064
0 0 0 0 1 6.31028
0 0 0 0 1 6.16299
0 0 0 0 1 6.22726
0 0 0 0 0 6.14277
0 0 0 0 1 6.1014
0 0 0 0 1 6.08091
0 0 0 0 0 5.93782
0 0 0 0 0 5.86431
0 0 0 0 1 5.92945
0 0 0 0 0 5.76857
0 0 0 0 1 5.79461
0 0 0 0 1 5.71639
0 0 0 0 1 5.71548
0 0 0 0 1 5.59279
0 0 0 0 1 5.61142
0 0 0 0 1 5.57675
0 0 0 0 1 5.57769
0 0 0 0 1 5.44107
0 0 0 0 0 5.4202
0 0 0 0 1 5.41847
0 0 0 0 1 5.37346
0 0 0 0 1 5.27757
0 0 0 0 1 5.3021
0 0 0 0 1 5.28065
0 0 0 0 0 5.21015
0 0 0 0 1 5.13503
0 0 0 0 1 5.15834
0 0 0 0 1 5.15544
0 0 0 0 1 5.0474
0 0 0 0 1 5.00922
0 0 0 0 1 4.99448
0 0 0 0 0 5.01129
0 0 0 0 1 4.92363
0 0 0 0 1 4.88104
0 0 0 0 1 4.84356
0 0 0 0 1 4.86779
0 0 0 0 1 4.81097
0 0 0 0 1 4.83907
0 0 0 0 1 4.79774
0 0 0 0 1 4.88795
0 0 0 0 1 4.84267
0 0 0 0 1 4.83017
0 0 0 0 0 4.88711
0 0 0 0 1 4.93955
0 0 0 0 0 4.87901
0 0 0 0 1 4.98496
0 0 0 0 0 4.97377
0 0 0 0 1 4.98238
0 0 0 0 1 4.99978
0 0 0 0 1 5.05357
0 0 0 0 1 4.99713
0 0 0 0 1 5.06639
0 0 0 0 1 5.08042
0 0 0 0 1 5.10977
0 0 0 0 1 5.07296
0 0 0 0 1 5.08193
0 0 0 0 1 5.14099
0 0 0 0 1 5.18113
0 0 0 0 1 5.12321
0 0 0 0 0 5.14791
0 0 0 0 1 5.26139
0 0 0 0 1 5.26576
0 0 0 0 1 5.28062
0 0 0 0 1 5.27971
0 0 0 0 0 5.30667
0 0 0 0 1 5.30039
0 0 0 0 1 5.39015
0 0 0 0 1 5.37328
0 0 0 0 1 5.35083
0 0 0 0 1 5.36201
0 0 0 0 1 5.41519
0 0 0 0 1 5.40873
0 0 0 0 0 5.45141
0 0 0 0 0 5.47936
0 0 0 0 1 5.57773
0 0 0 0 1 5.50087
0 0 0 0 1 5.53316
0 0 0 0 1 5.62874
0 0 0 0 1 5.57165
0 0 0 0 1 5.60585
0 0 0 0 1 5.7068
0 0 0 0 1 5.66189
0 0 0 0 1 5.70651
0 0 0 0 1 5.76446
0 0 0 0 0 5.74188
0 0 0 0 1 5.82933
0 0 0 0 1 5.84579
0 0 0 0 1 5.88146
0 0 0 0 0 5.91732
0 0 0 0 1 5.93558
0 0 0 0 1 5.90025
0 0 0 0 1 5.97209
0 0 0 0 0 6.00838
0 0 0 0 1 6.08112
0 0 0 0 1 6.01466
0 0 0 0 1 6.05112
0 0 0 0 1 6.14913
0 0 0 0 1 6.16312
0 0 0 0 1 9.60471
0 0 0 0 0 9.38652
0 0 0 0 1 9.39339
0 0 0 0 1 9.50378
0 0 0 0 1 9.4476
0 0 0 0 0 9.36991
0 0 0 0 1 9.31133
0 0 0 0 1 9.33351
0 0 0 0 0 9.16745
0 0 0 0 1 9.27616
0 0 0 0 1 9.24614
0 0 0 0 1 9.17961
0 0 0 0 1 9.0678
0 0 0 0 1 9.17537
0 0 0 0 0 9.10059
0 0 0 0 0 8.99008
0 0 0 0 1 8.98856
0 0 0 0 1 9.09178
0 0 0 0 1 8.89255
0 0 0 0 1 8.91487
0 0 0 0 1 8.99394
0 0 0 0 0 8.9658
0 0 0 0 1 8.90238
0 0 0 0 0 8.89241
0 0 0 0 1 8.88803
0 0 0 0 1 8.87822
0 0 0 0 0 8.71076
0 0 0 0 1 8.66853
0 0 0 0 1 8.65956
0 0 0 0 1 8.75163
0 0 0 0 1 8.69051
0 0 0 0 0 8.59172
0 0 0 0 1 8.6609
0 0 0 0 1 8.54558
0 0 0 0 1 8.52025
0 0 0 0 1 8.62853
0 0 0 0 1 8.50932
0 0 0 0 0 8.57459
0 0 0 0 1 8.50368
0 0 0 0 1 8.4162
0 0 0 0 1 8.51521
0 0 0 0 1 8.42821
0 0 0 0 1 8.44629
0 0 0 0 1 8.47753
0 0 0 0 1 8.41658
0 0 0 0 1 8.32254
0 0 0 0 1 8.25399
0 0 0 0 0 8.33097
0 0 0 0 1 8.37075
0 0 0 0 1 8.29454
0 0 0 0 1 8.29757
0 0 0 0 1 8.29616
0 0 0 0 1 8.18786
0 0 0 0 1 8.24433
0 0 0 0 0 8.12038
0 0 0 0 1 8.25869
0 0 0 0 1 8.11092
0 0 0 0 1 8.15929
0 0 0 0 1 8.14254
0 0 0 0 1 8.03674
0 0 0 0 0 8.02859
0 0 0 0 1 8.1175
0 0 0 0 1 8.12554
0 0 0 0 1 7.98472
0 0 0 0 1 7.97711
0 0 0 0 0 8.05783
0 0 0 0 1 7.9623
0 0 0 0 1 7.90718
0 0 0 0 1 7.99965
0 0 0 0 0 8.04037
0 0 0 0 1 7.92214
0 0 0 0 0 7.97895
0 0 0 0 1 7.89317
0 0 0 0 1 7.87459
0 0 0 0 1 7.86052
0 0 0 0 1 7.91752
0 0 0 0 1 7.915
0 0 0 0 1 7.84183
0 0 0 0 1 7.85189
0 0 0 0 1 7.79157
0 0 0 0 1 7.77068
0 0 0 0 1 7.80004
0 0 0 0 1 7.77165
0 0 0 0 1 7.85244
0 0 0 0 1 7.74972
0 0 0 0 1 7.75297
0 0 0 0 1 7.69736
