0 0 0 0 0 5.56953
0 0 0 0 1 5.55089
0 0 0 0 0 5.54344
0 0 0 0 0 5.60538
0 0 0 0 0 5.62609
0 0 0 0 1 5.6414
0 0 0 0 0 5.54957
0 0 0 0 1 5.6602
0 0 0 0 1 5.5603
0 0 0 0 1 5.64335
0 0 0 0 1 5.6536
0 0 0 0 0 5.65271
0 0 0 0 1 5.63711
0 0 0 0 1 5.64202
0 0 0 0 1 5.69807
0 0 0 0 1 5.72804
0 0 0 0 1 5.65946
0 0 0 0 0 5.6648
0 0 0 0 1 5.68167
0 0 0 0 1 5.74256
0 0 0 0 0 5.7712
0 0 0 0 1 5.69105
0 0 0 0 1 5.80035
0 0 0 0 0 5.80075
0 0 0 0 1 5.82029
0 0 0 0 0 5.82086
0 0 0 0 1 5.78676
0 0 0 0 1 5.81645
0 0 0 0 1 5.80562
0 0 0 0 1 5.79482
0 0 0 0 1 5.79573
0 0 0 0 1 5.89195
0 0 0 0 1 5.87128
0 0 0 0 0 5.83142
0 0 0 0 1 5.82676
0 0 0 0 1 5.85164
0 0 0 0 0 5.97129
0 0 0 0 1 5.88414
0 0 0 0 1 5.95702
0 0 0 0 1 5.92909
0 0 0 0 1 5.93688
0 0 0 0 1 5.94477
0 0 0 0 1 6.01397
0 0 0 0 1 6.04617
0 0 0 0 1 6.01237
0 0 0 0 1 5.99052
0 0 0 0 0 6.10655
0 0 0 0 1 6.11525
0 0 0 0 0 6.07537
0 0 0 0 1 6.1207
0 0 0 0 1 6.13572
0 0 0 0 1 6.16924
0 0 0 0 1 6.12204
0 0 0 0 1 6.12605
0 0 0 0 0 6.15372
0 0 0 0 1 6.20012
0 0 0 0 1 6.24058
0 0 0 0 1 6.19945
0 0 0 0 1 6.25893
0 0 0 0 1 6.24366
0 0 0 0 1 6.3404
0 0 0 0 1 6.28123
0 0 0 0 1 6.3543
0 0 0 0 1 6.37082
0 0 0 0 1 6.29229
0 0 0 0 1 6.39066
0 0 0 0 0 6.31811
0 0 0 0 1 6.34035
0 0 0 0 1 6.36356
0 0 0 0 1 6.50855
0 0 0 0 1 6.51297
0 0 0 0 1 6.47137
0 0 0 0 0 6.48223
0 0 0 0 1 6.46706
0 0 0 0 1 6.50411
0 0 0 0 1 6.56693
0 0 0 0 0 6.6302
0 0 0 0 1 6.58221
0 0 0 0 1 6.60615
0 0 0 0 1 6.66349
0 0 0 0 0 6.66783
0 0 0 0 1 6.65268
0 0 0 0 1 6.69113
0 0 0 0 1 6.68206
0 0 0 0 1 6.73374
0 0 0 0 1 6.74505
0 0 0 0 1 6.83132
0 0 0 0 1 6.87033
0 0 0 0 1 6.86842
0 0 0 0 0 6.82512
0 0 0 0 1 6.85057
0 0 0 0 1 6.9252
0 0 0 0 0 6.90239
0 0 0 0 0 7.02601
0 0 0 0 1 6.99626
0 0 0 0 1 7.06474
0 0 0 0 1 7.00604
0 0 0 0 1 7.0395
0 0 0 0 0 7.19422
0 0 0 0 1 7.18559
0 0 0 0 0 7.19116
0 0 0 0 1 7.13186
0 0 0 0 0 7.26689
0 0 0 0 1 7.22897
0 0 0 0 1 7.32156
0 0 0 0 1 7.29797
0 0 0 0 1 7.42086
0 0 0 0 1 7.35333
0 0 0 0 1 7.46233
0 0 0 0 1 7.49768
0 0 0 0 1 7.53356
0 0 0 0 1 7.44146
0 0 0 0 1 7.52957
0 0 0 0 1 7.55765
0 0 0 0 1 7.57864
0 0 0 0 1 7.5839
0 0 0 0 1 7.76588
0 0 0 0 1 7.70217
0 0 0 0 1 7.83948
0 0 0 0 0 7.83752
0 0 0 0 1 7.89841
0 0 0 0 1 7.80197
0 0 0 0 0 7.86194
0 0 0 0 0 7.95458
0 0 0 0 1 7.95954
0 0 0 0 1 8.00497
0 0 0 0 0 8.1232
0 0 0 0 0 8.17749
0 0 0 0 1 8.1012
0 0 0 0 0 8.13907
0 0 0 0 1 8.17645
0 0 0 0 1 8.19736
0 0 0 0 0 8.37691
0 0 0 0 1 8.432
0 0 0 0 1 8.38641
0 0 0 0 1 8.49221
0 0 0 0 1 8.55631
0 0 0 0 1 8.60365
0 0 0 0 0 8.51436
0 0 0 0 1 8.72543
0 0 0 0 1 8.63363
0 0 0 0 1 8.77715
0 0 0 0 1 8.8332
0 0 0 0 0 8.77615
0 0 0 0 0 8.81414
0 0 0 0 1 8.99531
0 0 0 0 1 8.94407
0 0 0 0 0 9.02761
0 0 0 0 1 9.03975
0 0 0 0 1 9.26144
0 0 0 0 1 9.14397
0 0 0 0 1 9.29373
0 0 0 0 1 9.31515
0 0 0 0 1 9.37164
0 0 0 0 1 9.43887
0 0 0 0 1 9.48611
0 0 0 0 1 9.56206
0 0 0 0 1 9.69755
0 0 0 0 1 9.64829
0 0 0 0 1 9.71502
0 0 0 0 1 9.75239
0 0 0 0 1 9.85056
0 0 0 0 1 9.96627
0 0 0 0 0 9.95364
0 0 0 0 1 10.1612
0 0 0 0 1 10.2909
0 0 0 0 0 10.3584
0 0 0 0 1 10.2603
0 0 0 0 0 10.3494
0 0 0 0 1 10.4055
0 0 0 0 1 10.6624
0 0 0 0 1 10.5579
0 0 0 0 1 10.6353
0 0 0 0 0 10.8624
0 0 0 0 1 9.35243
0 0 0 0 1 9.32818
0 0 0 0 1 9.2163
0 0 0 0 1 9.29429
0 0 0 0 0 9.30299
0 0 0 0 1 9.2886
0 0 0 0 1 9.15055
0 0 0 0 1 9.21002
0 0 0 0 0 9.22822
0 0 0 0 1 9.18717
0 0 0 0 0 9.11452
0 0 0 0 1 9.14672
0 0 0 0 1 9.00218
0 0 0 0 1 9.07521
0 0 0 0 1 9.0535
0 0 0 0 1 8.96429
0 0 0 0 1 8.96111
0 0 0 0 1 8.89056
0 0 0 0 1 9.01716
0 0 0 0 1 8.98266
0 0 0 0 1 8.82847
0 0 0 0 1 8.91915
0 0 0 0 1 8.92082
0 0 0 0 1 8.8074
0 0 0 0 0 8.836
0 0 0 0 0 8.91365
0 0 0 0 1 8.83645
0 0 0 0 0 8.73324
0 0 0 0 0 8.82363
0 0 0 0 1 8.721
0 0 0 0 1 8.72382
0 0 0 0 1 8.67073
0 0 0 0 1 8.78719
0 0 0 0 1 8.67711
0 0 0 0 1 8.62832
0 0 0 0 0 8.6839
0 0 0 0 1 8.60951
0 0 0 0 1 8.62195
0 0 0 0 1 8.54812
0 0 0 0 0 8.70742
0 0 0 0 1 8.69419
0 0 0 0 1 8.62957
0 0 0 0 0 8.50518
0 0 0 0 1 8.55269
0 0 0 0 1 8.61731
0 0 0 0 1 8.6306
0 0 0 0 1 8.48485
0 0 0 0 0 8.47297
0 0 0 0 1 8.65273
0 0 0 0 1 8.73474
0 0 0 0 1 8.77155
0 0 0 0 1 9.00359
0 0 0 0 1 9.14784
0 0 0 0 1 9.14517
0 0 0 0 1 9.30693
0 0 0 0 1 9.61254
0 0 0 0 0 9.70041
0 0 0 0 1 9.82564
0 0 0 0 1 9.91972
0 0 0 0 0 10.2249
0 0 0 0 1 10.4001
0 0 0 0 1 10.5845
0 0 0 0 1 10.6516
0 0 0 0 1 11.0074
0 0 0 0 0 11.0348
0 0 0 0 1 11.4175
0 0 0 0 1 11.6431
0 0 0 0 1 11.7959
0 0 0 0 1 12.006
0 0 0 0 1 12.3948
0 0 0 0 1 12.5102
0 0 0 0 0 12.9375
0 0 0 0 1 22.5464
0 0 0 0 1 22.8002
0 0 0 0 0 22.6664
0 0 0 0 1 22.5577
0 0 0 0 1 22.6988
0 0 0 0 1 22.5911
0 0 0 0 1 22.8459
0 0 0 0 0 22.6486
0 0 0 0 1 22.7231
0 0 0 0 1 22.7301
0 0 0 0 1 22.3541
0 0 0 0 1 22.3848
0 0 0 0 1 22.3947
0 0 0 0 1 22.4936
0 0 0 0 1 22.7279
0 0 0 0 1 22.3776
0 0 0 0 1 22.6799
0 0 0 0 1 22.5555
0 0 0 0 1 23.014
0 0 0 0 1 24.3168
0 0 0 0 1 25.319
0 0 0 0 1 26.055
0 0 0 0 0 36.6725
0 0 0 0 1 36.2934
0 0 0 0 1 36.6794
0 0 0 0 1 36.5566
0 0 0 0 1 36.3562
0 0 0 0 1 38.873
0 0 0 0 0 51.8584
0 0 0 0 1 52.2594
0 0 0 0 1 51.9332
0 0 0 0 1 52.4919
0 0 0 0 1 51.7511
0 0 0 0 1 55.9341
0 0 0 0 1 65.9862
0 0 0 0 0 69.0369
0 0 0 0 1 81.3191
0 0 0 0 0 4.99998
0 0 0 0 0 4.96491
0 0 0 0 0 5.02503
0 0 0 0 0 5.04507
0 0 0 0 0 5.05008
0 0 0 0 0 4.97493
0 0 0 0 0 5.03505
0 0 0 0 0 5.05509
0 0 0 0 0 5.05509
0 0 0 0 0 5.02002
0 0 0 0 0 4.99497
0 0 0 0 0 5.0601
0 0 0 0 1 87.766
0 0 0 0 1 87.8627
0 0 0 0 1 75.5958
0 0 0 0 0 63.2006
0 0 0 0 1 61.0106
0 0 0 0 1 60.7192
0 0 0 0 1 61.0944
0 0 0 0 1 52.0349
0 0 0 0 1 47.5073
0 0 0 0 1 47.6155
0 0 0 0 1 39.5098
0 0 0 0 1 36.9303
0 0 0 0 1 35.3468
0 0 0 0 1 35.8941
0 0 0 0 1 35.478
0 0 0 0 1 35.5272
0 0 0 0 1 28.1902
0 0 0 0 1 26.8571
0 0 0 0 1 25.5622
0 0 0 0 1 24.393
0 0 0 0 1 24.774
0 0 0 0 1 24.737
0 0 0 0 1 24.4035
0 0 0 0 1 24.8851
0 0 0 0 1 24.5781
0 0 0 0 1 24.6415
0 0 0 0 1 24.7796
0 0 0 0 1 24.8194
0 0 0 0 1 24.8336
0 0 0 0 0 18.3091
0 0 0 0 1 17.6681
0 0 0 0 1 17.0542
0 0 0 0 1 16.7779
0 0 0 0 0 16.4076
0 0 0 0 1 15.7683
0 0 0 0 1 15.5474
0 0 0 0 1 15.2422
0 0 0 0 1 14.6539
0 0 0 0 0 14.5529
0 0 0 0 1 14.1836
0 0 0 0 1 13.9703
0 0 0 0 0 13.7876
0 0 0 0 1 13.897
0 0 0 0 0 14.0068
0 0 0 0 1 13.9637
0 0 0 0 1 13.8671
0 0 0 0 1 13.8243
0 0 0 0 1 13.9633
0 0 0 0 1 14.1308
0 0 0 0 1 13.867
0 0 0 0 1 14.0352
0 0 0 0 1 14.0215
0 0 0 0 1 13.9799
0 0 0 0 1 14.0956
0 0 0 0 1 13.9418
0 0 0 0 1 14.1544
0 0 0 0 1 14.0457
0 0 0 0 1 14.2735
0 0 0 0 1 14.0492
0 0 0 0 0 14.2382
0 0 0 0 1 14.3117
0 0 0 0 1 14.1611
0 0 0 0 0 14.1924
0 0 0 0 0 14.2127
0 0 0 0 1 14.4014
0 0 0 0 1 14.3368
0 0 0 0 0 14.4122
0 0 0 0 0 14.1761
0 0 0 0 1 14.1945
0 0 0 0 1 8.87888
0 0 0 0 1 8.72092
0 0 0 0 0 8.66745
0 0 0 0 1 8.51172
0 0 0 0 1 8.35739
0 0 0 0 1 8.36193
0 0 0 0 1 8.1851
0 0 0 0 1 8.14663
0 0 0 0 1 7.95627
0 0 0 0 1 7.83944
0 0 0 0 1 7.88893
0 0 0 0 1 7.76391
0 0 0 0 1 7.71789
0 0 0 0 1 7.51246
0 0 0 0 1 7.53408
0 0 0 0 0 7.47417
0 0 0 0 1 7.30962
0 0 0 0 0 7.18515
0 0 0 0 1 7.1407
0 0 0 0 1 7.15257
0 0 0 0 1 7.08557
0 0 0 0 1 6.96518
0 0 0 0 1 6.85752
0 0 0 0 1 6.84164
0 0 0 0 0 6.71686
0 0 0 0 0 6.74731
0 0 0 0 1 6.62361
0 0 0 0 0 6.61939
0 0 0 0 0 6.47109
0 0 0 0 1 6.49465
0 0 0 0 1 6.37374
0 0 0 0 1 6.31365
0 0 0 0 1 6.23493
0 0 0 0 1 6.16299
0 0 0 0 1 6.20257
0 0 0 0 1 6.06324
0 0 0 0 1 6.02862
0 0 0 0 1 5.99662
0 0 0 0 1 5.94975
0 0 0 0 0 5.91762
0 0 0 0 1 5.84139
0 0 0 0 1 5.78606
0 0 0 0 0 5.74256
0 0 0 0 1 5.78526
0 0 0 0 1 5.72686
0 0 0 0 1 5.70002
0 0 0 0 1 5.56662
0 0 0 0 1 5.58231
0 0 0 0 1 5.48933
0 0 0 0 1 5.43559
0 0 0 0 1 5.38758
0 0 0 0 1 5.35904
0 0 0 0 1 5.40567
0 0 0 0 0 5.32017
0 0 0 0 1 5.2386
0 0 0 0 1 5.2649
0 0 0 0 0 5.2623
0 0 0 0 1 5.20757
0 0 0 0 1 5.1429
0 0 0 0 1 5.11964
0 0 0 0 1 5.1032
0 0 0 0 0 5.01426
0 0 0 0 1 5.0346
0 0 0 0 1 5.01628
0 0 0 0 0 4.91373
0 0 0 0 1 4.95477
0 0 0 0 0 4.92168
0 0 0 0 1 4.88237
0 0 0 0 1 4.83027
0 0 0 0 1 4.85833
0 0 0 0 1 4.87014
0 0 0 0 1 4.88795
0 0 0 0 1 4.89129
0 0 0 0 0 4.90328
0 0 0 0 1 4.84798
0 0 0 0 0 4.95919
0 0 0 0 1 4.93815
0 0 0 0 1 4.98002
0 0 0 0 0 4.98864
0 0 0 0 0 5.01224
0 0 0 0 1 5.01974
0 0 0 0 1 5.03854
0 0 0 0 1 5.07757
0 0 0 0 1 5.02602
0 0 0 0 1 5.04496
0 0 0 0 1 5.11994
0 0 0 0 1 5.11889
0 0 0 0 1 5.11266
0 0 0 0 0 5.17694
0 0 0 0 1 5.1502
0 0 0 0 1 5.18531
0 0 0 0 1 5.14791
0 0 0 0 1 5.24575
0 0 0 0 0 5.19248
0 0 0 0 1 5.23333
0 0 0 0 1 5.26916
0 0 0 0 1 5.35438
0 0 0 0 1 5.2791
0 0 0 0 1 5.29399
0 0 0 0 1 5.33574
0 0 0 0 1 5.40466
0 0 0 0 0 5.37824
0 0 0 0 0 5.4858
0 0 0 0 1 5.46325
0 0 0 0 0 5.43499
0 0 0 0 1 5.46285
0 0 0 0 1 5.46728
0 0 0 0 1 5.60634
0 0 0 0 1 5.53873
0 0 0 0 1 5.55033
0 0 0 0 0 5.60538
0 0 0 0 0 5.65671
0 0 0 0 1 5.61603
0 0 0 0 1 5.65619
0 0 0 0 0 5.71223
0 0 0 0 1 5.72419
0 0 0 0 0 5.81706
0 0 0 0 1 5.77702
0 0 0 0 1 5.84579
0 0 0 0 0 5.8111
0 0 0 0 1 5.88195
0 0 0 0 1 5.86449
0 0 0 0 0 5.98361
0 0 0 0 0 5.97808
0 0 0 0 1 5.97831
0 0 0 0 1 6.00254
0 0 0 0 1 6.09971
0 0 0 0 1 6.05723
0 0 0 0 1 6.16754
0 0 0 0 1 6.21253
0 0 0 0 1 9.45241
0 0 0 0 1 9.47185
0 0 0 0 1 9.39339
0 0 0 0 1 9.40959
0 0 0 0 1 9.46636
0 0 0 0 1 9.39796
0 0 0 0 1 9.23676
0 0 0 0 1 9.30562
0 0 0 0 1 9.35265
0 0 0 0 1 9.19309
0 0 0 0 1 9.29214
0 0 0 0 1 9.18878
0 0 0 0 1 9.12264
0 0 0 0 1 9.02047
0 0 0 0 1 9.07335
0 0 0 0 1 9.0444
0 0 0 0 0 9.06076
0 0 0 0 1 9.02877
0 0 0 0 1 8.96433
0 0 0 0 0 8.98648
0 0 0 0 1 8.88687
0 0 0 0 1 8.92132
0 0 0 0 1 8.95558
0 0 0 0 1 8.75982
0 0 0 0 1 8.79986
0 0 0 0 0 8.82548
0 0 0 0 0 8.75458
0 0 0 0 1 8.73851
0 0 0 0 0 8.65084
0 0 0 0 0 8.76903
0 0 0 0 1 8.68183
0 0 0 0 1 8.73016
0 0 0 0 0 8.67815
0 0 0 0 1 8.66606
0 0 0 0 0 8.62321
0 0 0 0 0 8.51725
0 0 0 0 1 8.5776
0 0 0 0 1 8.55756
0 0 0 0 0 8.44422
0 0 0 0 1 8.50096
0 0 0 0 1 8.40528
0 0 0 0 1 8.4029
0 0 0 0 1 8.37058
0 0 0 0 0 8.33484
0 0 0 0 1 8.31608
0 0 0 0 1 8.2724
0 0 0 0 0 8.35404
0 0 0 0 1 8.33097
0 0 0 0 1 8.28779
0 0 0 0 1 8.1952
0 0 0 0 1 8.24798
0 0 0 0 1 8.27966
0 0 0 0 1 8.30306
0 0 0 0 1 8.25254
0 0 0 0 1 8.24329
0 0 0 0 0 8.21781
0 0 0 0 0 8.14356
0 0 0 0 1 8.11043
0 0 0 0 1 8.11816
0 0 0 0 1 8.19083
0 0 0 0 1 8.0124
0 0 0 0 1 8.10134
0 0 0 0 1 8.14166
0 0 0 0 1 8.08936
0 0 0 0 1 8.09761
0 0 0 0 1 8.04981
0 0 0 0 1 7.93029
0 0 0 0 1 8.05095
0 0 0 0 1 8.03155
0 0 0 0 1 7.88911
0 0 0 0 1 7.96187
0 0 0 0 1 7.95516
0 0 0 0 0 7.89317
0 0 0 0 1 7.82715
0 0 0 0 1 7.81316
0 0 0 0 1 7.89389
0 0 0 0 1 7.88352
0 0 0 0 1 7.92826
0 0 0 0 1 7.92248
0 0 0 0 1 7.83855
0 0 0 0 1 7.8254
0 0 0 0 1 7.8547
0 0 0 0 1 7.74826
0 0 0 0 1 7.79018
0 0 0 0 1 7.83523
0 0 0 0 1 7.72969
0 0 0 0 0 7.75938
