0 0 0 0 1 5.55289
0 0 0 0 0 5.52866
0 0 0 0 0 5.549
0 0 0 0 1 5.62767
0 0 0 0 1 5.58702
0 0 0 0 1 5.55194
0 0 0 0 1 5.59992
0 0 0 0 1 5.64339
0 0 0 0 1 5.65568
0 0 0 0 1 5.62648
0 0 0 0 1 5.68175
0 0 0 0 1 5.6922
0 0 0 0 0 5.69924
0 0 0 0 1 5.60806
0 0 0 0 1 5.63003
0 0 0 0 0 5.70533
0 0 0 0 1 5.7334
0 0 0 0 1 5.6705
0 0 0 0 1 5.73306
0 0 0 0 1 5.77113
0 0 0 0 1 5.75975
0 0 0 0 1 5.72547
0 0 0 0 1 5.71987
0 0 0 0 1 5.75466
0 0 0 0 1 5.79721
0 0 0 0 1 5.79196
0 0 0 0 1 5.82731
0 0 0 0 0 5.84548
0 0 0 0 1 5.81144
0 0 0 0 0 5.78316
0 0 0 0 1 5.87169
0 0 0 0 1 5.82759
0 0 0 0 1 5.80683
0 0 0 0 1 5.88427
0 0 0 0 1 5.9327
0 0 0 0 1 5.93422
0 0 0 0 1 5.89443
0 0 0 0 1 5.89599
0 0 0 0 1 5.90357
0 0 0 0 0 5.97076
0 0 0 0 1 5.97865
0 0 0 0 1 6.0285
0 0 0 0 1 6.04991
0 0 0 0 1 5.9441
0 0 0 0 1 6.04246
0 0 0 0 1 6.02069
0 0 0 0 1 6.00972
0 0 0 0 1 6.12131
0 0 0 0 1 6.06929
0 0 0 0 1 6.05364
0 0 0 0 1 6.16628
0 0 0 0 0 6.12023
0 0 0 0 0 6.1958
0 0 0 0 1 6.13221
0 0 0 0 0 6.14755
0 0 0 0 1 6.23725
0 0 0 0 0 6.22197
0 0 0 0 1 6.2368
0 0 0 0 1 6.23397
0 0 0 0 1 6.23115
0 0 0 0 1 6.24623
0 0 0 0 1 6.3127
0 0 0 0 1 6.25965
0 0 0 0 1 6.35184
0 0 0 0 1 6.40647
0 0 0 0 0 6.327
0 0 0 0 1 6.43936
0 0 0 0 1 6.34035
0 0 0 0 1 6.45988
0 0 0 0 1 6.43122
0 0 0 0 1 6.39667
0 0 0 0 1 6.4584
0 0 0 0 1 6.52124
0 0 0 0 1 6.49966
0 0 0 0 1 6.49104
0 0 0 0 1 6.62598
0 0 0 0 1 6.59069
0 0 0 0 1 6.5492
0 0 0 0 1 6.63265
0 0 0 0 1 6.59034
0 0 0 0 1 6.66783
0 0 0 0 1 6.71292
0 0 0 0 1 6.77166
0 0 0 0 1 6.76963
0 0 0 0 1 6.73374
0 0 0 0 1 6.80612
0 0 0 0 1 6.86538
0 0 0 0 1 6.80881
0 0 0 0 0 6.88901
0 0 0 0 1 6.90088
0 0 0 0 1 6.96809
0 0 0 0 1 7.00146
0 0 0 0 1 6.96501
0 0 0 0 1 7.03998
0 0 0 0 1 7.04534
0 0 0 0 1 7.06474
0 0 0 0 1 6.99897
0 0 0 0 0 7.12465
0 0 0 0 1 7.08738
0 0 0 0 1 7.15699
0 0 0 0 0 7.11222
0 0 0 0 0 7.16068
0 0 0 0 0 7.20898
0 0 0 0 0 7.28709
0 0 0 0 1 7.37265
0 0 0 0 0 7.3053
0 0 0 0 0 7.29571
0 0 0 0 1 7.41977
0 0 0 0 1 7.45491
0 0 0 0 1 7.52749
0 0 0 0 1 7.40638
0 0 0 0 1 7.56924
0 0 0 0 1 7.52957
0 0 0 0 0 7.53488
0 0 0 0 1 7.54817
0 0 0 0 1 7.5839
0 0 0 0 1 7.71205
0 0 0 0 1 7.78715
0 0 0 0 1 7.81619
0 0 0 0 1 7.73614
0 0 0 0 1 7.90624
0 0 0 0 0 7.88849
0 0 0 0 1 7.97267
0 0 0 0 0 7.88306
0 0 0 0 1 7.91958
0 0 0 0 0 7.97285
0 0 0 0 0 8.03447
0 0 0 0 0 8.06403
0 0 0 0 1 8.0686
0 0 0 0 1 8.22095
0 0 0 0 1 8.17645
0 0 0 0 0 8.28844
0 0 0 0 1 8.29373
0 0 0 0 1 8.41527
0 0 0 0 1 8.43688
0 0 0 0 0 8.42454
0 0 0 0 1 8.53079
0 0 0 0 1 8.46682
0 0 0 0 1 8.66901
0 0 0 0 1 8.56993
0 0 0 0 1 8.65971
0 0 0 0 0 8.67224
0 0 0 0 1 8.8508
0 0 0 0 1 8.80266
0 0 0 0 0 8.84082
0 0 0 0 1 9.00426
0 0 0 0 1 9.01613
0 0 0 0 1 9.04574
0 0 0 0 1 9.12177
0 0 0 0 1 9.13306
0 0 0 0 1 9.28237
0 0 0 0 1 9.26588
0 0 0 0 0 9.29648
0 0 0 0 0 9.49384
0 0 0 0 1 9.54291
0 0 0 0 1 9.50516
0 0 0 0 1 9.56206
0 0 0 0 1 9.72649
0 0 0 0 0 9.73574
0 0 0 0 0 9.72481
0 0 0 0 1 9.93956
0 0 0 0 1 9.93975
0 0 0 0 0 9.90635
0 0 0 0 1 10.1045
0 0 0 0 1 10.1815
0 0 0 0 1 10.2603
0 0 0 0 1 10.3276
0 0 0 0 1 10.3224
0 0 0 0 0 10.4119
0 0 0 0 1 10.5945
0 0 0 0 1 10.6201
0 0 0 0 1 10.6538
0 0 0 0 0 10.8179
0 0 0 0 1 10.9165
0 0 0 0 1 9.38965
0 0 0 0 1 9.3653
0 0 0 0 1 9.28114
0 0 0 0 1 9.30353
0 0 0 0 1 9.30299
0 0 0 0 1 9.2794
0 0 0 0 1 9.25151
0 0 0 0 1 9.21002
0 0 0 0 1 9.14599
0 0 0 0 1 9.2054
0 0 0 0 1 9.13271
0 0 0 0 1 9.0106
0 0 0 0 1 9.12897
0 0 0 0 1 9.07521
0 0 0 0 1 9.07153
0 0 0 0 0 8.95529
0 0 0 0 1 9.0509
0 0 0 0 0 8.91745
0 0 0 0 1 8.89192
0 0 0 0 1 8.94694
0 0 0 0 1 8.83738
0 0 0 0 1 8.83022
0 0 0 0 1 8.95633
0 0 0 0 1 8.82512
0 0 0 0 0 8.75639
0 0 0 0 0 8.78127
0 0 0 0 1 8.82764
0 0 0 0 0 8.77721
0 0 0 0 1 8.86753
0 0 0 0 1 8.84371
0 0 0 0 1 8.74132
0 0 0 0 1 8.67946
0 0 0 0 1 8.68258
0 0 0 0 1 8.72062
0 0 0 0 1 8.65439
0 0 0 0 1 8.6492
0 0 0 0 1 8.64415
0 0 0 0 1 8.71707
0 0 0 0 1 8.56539
0 0 0 0 1 8.60396
0 0 0 0 0 8.58229
0 0 0 0 1 8.5608
0 0 0 0 1 8.59101
0 0 0 0 0 8.55269
0 0 0 0 1 8.59164
0 0 0 0 1 8.62206
0 0 0 0 1 8.47632
0 0 0 0 1 8.60935
0 0 0 0 1 8.49837
0 0 0 0 1 8.76084
0 0 0 0 1 8.90391
0 0 0 0 1 8.94088
0 0 0 0 1 9.16602
0 0 0 0 1 9.22831
0 0 0 0 1 9.43828
0 0 0 0 1 9.51718
0 0 0 0 1 9.59391
0 0 0 0 1 9.88471
0 0 0 0 1 10.0198
0 0 0 0 1 10.286
0 0 0 0 1 10.4519
0 0 0 0 1 10.5845
0 0 0 0 1 10.6838
0 0 0 0 0 10.8324
0 0 0 0 1 11.1686
0 0 0 0 1 11.3948
0 0 0 0 1 11.6431
0 0 0 0 1 11.8432
0 0 0 0 0 12.0663
0 0 0 0 1 12.1856
0 0 0 0 1 12.4474
0 0 0 0 1 12.9247
0 0 0 0 1 22.7964
0 0 0 0 1 22.8456
0 0 0 0 1 22.6437
0 0 0 0 1 22.535
0 0 0 0 1 22.5402
0 0 0 0 1 22.4326
0 0 0 0 1 22.5518
0 0 0 0 0 22.626
0 0 0 0 1 22.452
0 0 0 0 1 22.3464
0 0 0 0 1 22.512
0 0 0 0 0 22.6553
0 0 0 0 1 22.6425
0 0 0 0 1 22.4486
0 0 0 0 1 22.3454
0 0 0 0 1 22.2876
0 0 0 0 1 22.5675
0 0 0 0 1 22.6903
0 0 0 0 1 22.9676
0 0 0 0 1 24.1962
0 0 0 0 1 24.9171
0 0 0 0 0 26.3958
0 0 0 0 1 36.5269
0 0 0 0 0 36.5118
0 0 0 0 1 36.0608
0 0 0 0 1 36.2293
0 0 0 0 0 36.0286
0 0 0 0 1 38.873
0 0 0 0 0 52.5874
0 0 0 0 1 52.2594
0 0 0 0 1 51.5169
0 0 0 0 1 52.4399
0 0 0 0 1 52.2192
0 0 0 0 1 56.2724
0 0 0 0 1 65.397
0 0 0 0 1 69.8032
0 0 0 0 1 82.3827
0 0 0 0 0 5.04507
0 0 0 0 0 5.02002
0 0 0 0 0 4.97493
0 0 0 0 0 4.99497
0 0 0 0 0 5.04507
0 0 0 0 0 5.02002
0 0 0 0 0 4.98495
0 0 0 0 0 5.03004
0 0 0 0 0 4.9599
0 0 0 0 0 5.02503
0 0 0 0 0 4.99998
0 0 0 0 0 5.04507
0 0 0 0 1 87.1529
0 0 0 0 1 88.3883
0 0 0 0 1 74.7692
0 0 0 0 1 63.4559
0 0 0 0 1 59.9817
0 0 0 0 1 61.143
0 0 0 0 1 60.3073
0 0 0 0 0 51.6223
0 0 0 0 1 47.7952
0 0 0 0 1 47.6155
0 0 0 0 0 39.2349
0 0 0 0 1 36.5989
0 0 0 0 1 35.4895
0 0 0 0 1 35.3946
0 0 0 0 1 35.6564
0 0 0 0 1 35.7771
0 0 0 0 1 28.3025
0 0 0 0 0 27.0715
0 0 0 0 1 25.4084
0 0 0 0 1 24.5653
0 0 0 0 1 24.5031
0 0 0 0 1 24.737
0 0 0 0 1 24.6007
0 0 0 0 1 24.9098
0 0 0 0 0 24.7755
0 0 0 0 1 24.4686
0 0 0 0 1 24.8537
0 0 0 0 1 24.5722
0 0 0 0 1 24.9325
0 0 0 0 1 18.1089
0 0 0 0 1 17.6681
0 0 0 0 1 17.2605
0 0 0 0 1 16.711
0 0 0 0 1 16.3913
0 0 0 0 1 16.0383
0 0 0 0 1 15.6248
0 0 0 0 1 15.0607
0 0 0 0 1 14.6392
0 0 0 0 0 14.4808
0 0 0 0 1 14.1554
0 0 0 0 1 13.7759
0 0 0 0 0 13.9544
0 0 0 0 1 13.9387
0 0 0 0 1 13.8119
0 0 0 0 1 14.0055
0 0 0 0 1 13.8252
0 0 0 0 1 14.0896
0 0 0 0 1 14.0472
0 0 0 0 1 13.9489
0 0 0 0 1 14.0631
0 0 0 0 0 14.0072
0 0 0 0 1 14.1619
0 0 0 0 1 14.0923
0 0 0 0 1 14.0534
0 0 0 0 1 14.1953
0 0 0 0 1 14.2249
0 0 0 0 1 14.1021
0 0 0 0 0 14.0049
0 0 0 0 1 14.12
0 0 0 0 1 14.2382
0 0 0 0 0 14.2691
0 0 0 0 1 14.1327
0 0 0 0 1 14.1213
0 0 0 0 1 14.2127
0 0 0 0 0 14.3728
0 0 0 0 1 14.3511
0 0 0 0 1 14.355
0 0 0 0 1 14.2333
0 0 0 0 1 14.3666
0 0 0 0 1 8.83475
0 0 0 0 1 8.74705
0 0 0 0 1 8.63305
0 0 0 0 1 8.42677
0 0 0 0 1 8.46647
0 0 0 0 1 8.2459
0 0 0 0 1 8.1851
0 0 0 0 1 8.14663
0 0 0 0 1 8.05223
0 0 0 0 1 7.87896
0 0 0 0 1 7.76384
0 0 0 0 0 7.77163
0 0 0 0 1 7.64911
0 0 0 0 0 7.55025
0 0 0 0 0 7.48923
0 0 0 0 1 7.47417
0 0 0 0 1 7.37547
0 0 0 0 1 7.21412
0 0 0 0 1 7.10485
0 0 0 0 0 7.16676
0 0 0 0 0 7.09259
0 0 0 0 1 6.99302
0 0 0 0 1 6.94014
0 0 0 0 0 6.8621
0 0 0 0 1 6.73037
0 0 0 0 1 6.66029
0 0 0 0 1 6.67665
0 0 0 0 0 6.51432
0 0 0 0 1 6.45158
0 0 0 0 0 6.49465
0 0 0 0 1 6.37374
0 0 0 0 1 6.36431
0 0 0 0 1 6.25377
0 0 0 0 1 6.27504
0 0 0 0 0 6.11616
0 0 0 0 0 6.10606
0 0 0 0 1 6.07108
0 0 0 0 0 5.96652
0 0 0 0 0 5.99749
0 0 0 0 1 5.94132
0 0 0 0 0 5.82965
0 0 0 0 1 5.79188
0 0 0 0 0 5.74835
0 0 0 0 0 5.77952
0 0 0 0 1 5.70411
0 0 0 0 1 5.66615
0 0 0 0 1 5.60582
0 0 0 0 1 5.57675
0 0 0 0 1 5.52799
0 0 0 0 0 5.5123
0 0 0 0 1 5.46369
0 0 0 0 1 5.38605
0 0 0 0 0 5.4164
0 0 0 0 1 5.35745
0 0 0 0 1 5.25447
0 0 0 0 1 5.2859
0 0 0 0 1 5.16842
0 0 0 0 1 5.20239
0 0 0 0 1 5.18408
0 0 0 0 1 5.10941
0 0 0 0 0 5.11334
0 0 0 0 1 5.04449
0 0 0 0 1 5.05466
0 0 0 0 1 4.97144
0 0 0 0 1 4.95332
0 0 0 0 1 4.93019
0 0 0 0 1 4.90704
0 0 0 0 1 4.85322
0 0 0 0 1 4.79166
0 0 0 0 1 4.80055
0 0 0 0 1 4.85083
0 0 0 0 0 4.88795
0 0 0 0 1 4.85726
0 0 0 0 1 4.92277
0 0 0 0 0 4.8969
0 0 0 0 1 4.87081
0 0 0 0 1 4.88394
0 0 0 0 1 4.89603
0 0 0 0 1 4.9341
0 0 0 0 1 5.01224
0 0 0 0 1 4.99978
0 0 0 0 1 5.01851
0 0 0 0 1 5.05243
0 0 0 0 1 5.07648
0 0 0 0 1 5.09055
0 0 0 0 1 5.13011
0 0 0 0 1 5.12399
0 0 0 0 1 5.13316
0 0 0 0 1 5.17694
0 0 0 0 1 5.12442
0 0 0 0 0 5.20601
0 0 0 0 0 5.24141
0 0 0 0 1 5.24053
0 0 0 0 1 5.21865
0 0 0 0 1 5.2491
0 0 0 0 1 5.25862
0 0 0 0 1 5.35438
0 0 0 0 1 5.2791
0 0 0 0 0 5.38481
0 0 0 0 1 5.31965
0 0 0 0 0 5.43696
0 0 0 0 1 5.42693
0 0 0 0 1 5.44778
0 0 0 0 0 5.43599
0 0 0 0 0 5.46235
0 0 0 0 1 5.49586
0 0 0 0 1 5.47833
0 0 0 0 1 5.56748
0 0 0 0 1 5.5443
0 0 0 0 1 5.64554
0 0 0 0 1 5.61101
0 0 0 0 1 5.6002
0 0 0 0 1 5.67843
0 0 0 0 1 5.72461
0 0 0 0 1 5.73513
0 0 0 0 1 5.77021
0 0 0 0 1 5.72454
0 0 0 0 1 5.80027
0 0 0 0 1 5.78162
0 0 0 0 0 5.80523
0 0 0 0 1 5.94679
0 0 0 0 0 5.9415
0 0 0 0 1 5.9717
0 0 0 0 1 5.96611
0 0 0 0 1 5.96628
0 0 0 0 1 5.99649
0 0 0 0 1 6.13009
0 0 0 0 1 6.09997
0 0 0 0 0 6.14299
0 0 0 0 1 6.12607
0 0 0 0 0 9.49048
0 0 0 0 0 9.45289
0 0 0 0 1 9.49734
0 0 0 0 1 9.49436
0 0 0 0 0 9.30687
0 0 0 0 1 9.27639
0 0 0 0 0 9.28337
0 0 0 0 1 9.21266
0 0 0 0 1 9.19523
0 0 0 0 1 9.14694
0 0 0 0 1 9.13573
0 0 0 0 1 9.07874
0 0 0 0 1 9.04952
0 0 0 0 1 9.15714
0 0 0 0 1 9.10059
0 0 0 0 1 9.01724
0 0 0 0 1 9.10588
0 0 0 0 1 8.91174
0 0 0 0 1 8.89255
0 0 0 0 1 8.88802
0 0 0 0 0 8.87795
0 0 0 0 1 8.90353
0 0 0 0 1 8.80484
0 0 0 0 0 8.83054
0 0 0 0 1 8.82631
0 0 0 0 0 8.77274
0 0 0 0 1 8.84221
0 0 0 0 1 8.72976
0 0 0 0 1 8.66828
0 0 0 0 0 8.64724
0 0 0 0 1 8.62112
0 0 0 0 1 8.60037
0 0 0 0 1 8.61776
0 0 0 0 1 8.54558
0 0 0 0 1 8.59747
0 0 0 0 1 8.54293
0 0 0 0 1 8.58614
0 0 0 0 1 8.45538
0 0 0 0 1 8.50368
0 0 0 0 1 8.40773
0 0 0 0 1 8.54058
0 0 0 0 1 8.47883
0 0 0 0 1 8.42946
0 0 0 0 1 8.46075
0 0 0 0 1 8.34958
0 0 0 0 1 8.41445
0 0 0 0 1 8.31236
0 0 0 0 1 8.32265
0 0 0 0 1 8.37904
0 0 0 0 1 8.26143
0 0 0 0 1 8.27277
0 0 0 0 1 8.20544
0 0 0 0 0 8.26192
0 0 0 0 1 8.17864
0 0 0 0 1 8.13677
0 0 0 0 1 8.16057
0 0 0 0 1 8.1762
0 0 0 0 1 8.21629
0 0 0 0 1 8.11816
0 0 0 0 1 8.15839
0 0 0 0 1 8.0205
0 0 0 0 1 8.0448
0 0 0 0 1 8.14166
0 0 0 0 1 8.09741
0 0 0 0 1 8.10564
0 0 0 0 0 7.93757
0 0 0 0 1 7.97831
0 0 0 0 0 7.97906
0 0 0 0 0 7.95179
0 0 0 0 1 8.03241
0 0 0 0 1 7.87446
0 0 0 0 1 8.01068
0 0 0 0 1 7.99609
0 0 0 0 0 7.8904
0 0 0 0 1 7.86841
0 0 0 0 0 7.93328
0 0 0 0 1 7.84419
0 0 0 0 1 7.84183
0 0 0 0 0 7.79698
0 0 0 0 1 7.78374
0 0 0 0 1 7.80195
0 0 0 0 1 7.74539
0 0 0 0 1 7.85739
0 0 0 0 1 7.72014
0 0 0 0 1 7.78859
0 0 0 0 1 7.8073
0 0 0 0 0 7.76713
