0 0 0 0 1 5.5196
0 0 0 0 1 5.50088
0 0 0 0 1 5.60466
0 0 0 0 1 5.58866
0 0 0 0 1 5.59819
0 0 0 0 1 5.59667
0 0 0 0 1 5.6167
0 0 0 0 1 5.63218
0 0 0 0 0 5.62763
0 0 0 0 1 5.59838
0 0 0 0 1 5.59166
0 0 0 0 1 5.63579
0 0 0 0 1 5.63146
0 0 0 0 1 5.6024
0 0 0 0 1 5.70374
0 0 0 0 1 5.69398
0 0 0 0 0 5.67652
0 0 0 0 1 5.72179
0 0 0 0 1 5.72164
0 0 0 0 1 5.68542
0 0 0 0 1 5.67387
0 0 0 0 0 5.78284
0 0 0 0 1 5.75437
0 0 0 0 1 5.80075
0 0 0 0 1 5.73376
0 0 0 0 1 5.7515
0 0 0 0 1 5.84469
0 0 0 0 1 5.81645
0 0 0 0 1 5.7649
0 0 0 0 1 5.80648
0 0 0 0 1 5.85416
0 0 0 0 1 5.82759
0 0 0 0 1 5.82441
0 0 0 0 1 5.82555
0 0 0 0 1 5.90916
0 0 0 0 1 5.85164
0 0 0 0 1 5.85896
0 0 0 0 1 5.90192
0 0 0 0 1 5.89763
0 0 0 0 1 5.9648
0 0 0 0 1 5.95478
0 0 0 0 1 6.01654
0 0 0 0 1 5.97204
0 0 0 0 1 6.03416
0 0 0 0 1 6.07255
0 0 0 0 1 6.00259
0 0 0 0 0 6.00972
0 0 0 0 1 6.10918
0 0 0 0 1 6.09362
0 0 0 0 0 6.15118
0 0 0 0 1 6.08072
0 0 0 0 1 6.18149
0 0 0 0 1 6.1958
0 0 0 0 1 6.2184
0 0 0 0 1 6.21544
0 0 0 0 1 6.19393
0 0 0 0 1 6.14753
0 0 0 0 1 6.21812
0 0 0 0 1 6.22773
0 0 0 0 1 6.20612
0 0 0 0 1 6.25251
0 0 0 0 1 6.32529
0 0 0 0 0 6.30382
0 0 0 0 1 6.38347
0 0 0 0 1 6.38744
0 0 0 0 1 6.41612
0 0 0 0 1 6.43936
0 0 0 0 1 6.39158
0 0 0 0 0 6.44061
0 0 0 0 1 6.41189
0 0 0 0 1 6.43544
0 0 0 0 1 6.47785
0 0 0 0 1 6.48223
0 0 0 0 1 6.45403
0 0 0 0 1 6.60216
0 0 0 0 1 6.54725
0 0 0 0 1 6.59728
0 0 0 0 1 6.569
0 0 0 0 1 6.6194
0 0 0 0 1 6.63024
0 0 0 0 0 6.7279
0 0 0 0 0 6.71292
0 0 0 0 1 6.75824
0 0 0 0 0 6.6888
0 0 0 0 1 6.72022
0 0 0 0 1 6.84684
0 0 0 0 1 6.7564
0 0 0 0 1 6.84983
0 0 0 0 1 6.93018
0 0 0 0 1 6.83889
0 0 0 0 1 6.98191
0 0 0 0 1 6.97373
0 0 0 0 1 7.00676
0 0 0 0 1 7.04696
0 0 0 0 0 6.94719
0 0 0 0 0 7.05067
0 0 0 0 0 7.02018
0 0 0 0 1 7.13884
0 0 0 0 1 7.11587
0 0 0 0 0 7.13554
0 0 0 0 1 7.21987
0 0 0 0 1 7.16068
0 0 0 0 0 7.25965
0 0 0 0 1 7.31615
0 0 0 0 1 7.37265
0 0 0 0 1 7.29064
0 0 0 0 1 7.30307
0 0 0 0 0 7.41977
0 0 0 0 1 7.42524
0 0 0 0 1 7.46787
0 0 0 0 1 7.42134
0 0 0 0 1 7.59179
0 0 0 0 1 7.61265
0 0 0 0 0 7.54247
0 0 0 0 0 7.63196
0 0 0 0 1 7.57625
0 0 0 0 1 7.69667
0 0 0 0 0 7.75625
0 0 0 0 1 7.82396
0 0 0 0 0 7.75173
0 0 0 0 0 7.84362
0 0 0 0 1 7.91994
0 0 0 0 1 7.83821
0 0 0 0 0 7.97842
0 0 0 0 1 7.91159
0 0 0 0 1 8.08526
0 0 0 0 1 8.13127
0 0 0 0 0 8.0235
0 0 0 0 0 8.22345
0 0 0 0 1 8.13088
0 0 0 0 0 8.29173
0 0 0 0 1 8.23876
0 0 0 0 1 8.28541
0 0 0 0 1 8.28979
0 0 0 0 1 8.46211
0 0 0 0 1 8.39917
0 0 0 0 0 8.5478
0 0 0 0 1 8.52668
0 0 0 0 1 8.58309
0 0 0 0 1 8.68223
0 0 0 0 0 8.72057
0 0 0 0 1 8.79463
0 0 0 0 1 8.77162
0 0 0 0 0 8.86453
0 0 0 0 1 8.86751
0 0 0 0 0 8.89686
0 0 0 0 1 9.07918
0 0 0 0 0 9.07293
0 0 0 0 0 9.19467
0 0 0 0 1 9.19725
0 0 0 0 1 9.2916
0 0 0 0 1 9.30302
0 0 0 0 1 9.40849
0 0 0 0 1 9.43744
0 0 0 0 1 9.41995
0 0 0 0 1 9.60992
0 0 0 0 1 9.5237
0 0 0 0 1 9.5914
0 0 0 0 1 9.78432
0 0 0 0 1 9.85199
0 0 0 0 1 9.8903
0 0 0 0 1 9.83074
0 0 0 0 1 9.99623
0 0 0 0 1 9.9637
0 0 0 0 1 10.222
0 0 0 0 1 10.0972
0 0 0 0 1 10.2145
0 0 0 0 1 10.3949
0 0 0 0 1 10.4848
0 0 0 0 0 10.4685
0 0 0 0 0 10.5884
0 0 0 0 0 10.6965
0 0 0 0 1 10.8072
0 0 0 0 1 10.8732
0 0 0 0 0 9.21284
0 0 0 0 1 9.34674
0 0 0 0 1 9.22556
0 0 0 0 1 9.2019
0 0 0 0 0 9.24767
0 0 0 0 1 9.24261
0 0 0 0 1 9.25151
0 0 0 0 1 9.08185
0 0 0 0 1 9.18254
0 0 0 0 1 9.17805
0 0 0 0 1 9.03265
0 0 0 0 1 8.99246
0 0 0 0 1 9.08369
0 0 0 0 1 9.04809
0 0 0 0 0 9.0535
0 0 0 0 1 8.91929
0 0 0 0 1 9.05988
0 0 0 0 1 8.97122
0 0 0 0 1 8.96349
0 0 0 0 1 8.95587
0 0 0 0 1 8.91756
0 0 0 0 1 8.81244
0 0 0 0 1 8.85869
0 0 0 0 1 8.87829
0 0 0 0 1 8.82715
0 0 0 0 1 8.78127
0 0 0 0 1 8.87169
0 0 0 0 1 8.80359
0 0 0 0 1 8.83241
0 0 0 0 1 8.77359
0 0 0 0 1 8.77632
0 0 0 0 0 8.79297
0 0 0 0 1 8.70002
0 0 0 0 1 8.651
0 0 0 0 1 8.76734
0 0 0 0 1 8.63185
0 0 0 0 1 8.62683
0 0 0 0 0 8.63059
0 0 0 0 1 8.59129
0 0 0 0 1 8.59534
0 0 0 0 0 8.67698
0 0 0 0 1 8.61238
0 0 0 0 1 8.53951
0 0 0 0 1 8.63839
0 0 0 0 1 8.60875
0 0 0 0 1 8.4597
0 0 0 0 1 8.57875
0 0 0 0 1 8.48149
0 0 0 0 1 8.54983
0 0 0 0 1 8.69124
0 0 0 0 1 8.83332
0 0 0 0 1 8.93192
0 0 0 0 0 9.04781
0 0 0 0 1 9.24678
0 0 0 0 1 9.33508
0 0 0 0 1 9.47903
0 0 0 0 0 9.64232
0 0 0 0 1 9.88471
0 0 0 0 1 10.0899
0 0 0 0 0 10.2351
0 0 0 0 1 10.3794
0 0 0 0 1 10.5106
0 0 0 0 1 10.6623
0 0 0 0 1 10.8652
0 0 0 0 1 11.0906
0 0 0 0 1 11.3835
0 0 0 0 0 11.5272
0 0 0 0 1 11.9023
0 0 0 0 0 12.1627
0 0 0 0 1 12.3948
0 0 0 0 1 12.5102
0 0 0 0 1 12.9504
0 0 0 0 0 22.7509
0 0 0 0 1 22.5049
0 0 0 0 1 22.6664
0 0 0 0 1 22.8751
0 0 0 0 1 22.8121
0 0 0 0 1 22.8401
0 0 0 0 1 22.6423
0 0 0 0 1 22.7164
0 0 0 0 0 22.7005
0 0 0 0 0 22.369
0 0 0 0 1 22.4669
0 0 0 0 1 22.5877
0 0 0 0 1 22.6425
0 0 0 0 1 22.6738
0 0 0 0 1 22.5929
0 0 0 0 0 22.5125
0 0 0 0 1 22.5226
0 0 0 0 0 22.3309
0 0 0 0 1 23.0372
0 0 0 0 1 23.9308
0 0 0 0 1 25.0678
0 0 0 0 1 26.422
0 0 0 0 1 36.5269
0 0 0 0 0 36.439
0 0 0 0 1 36.2064
0 0 0 0 1 36.4111
0 0 0 0 1 36.2106
0 0 0 0 1 38.4107
0 0 0 0 1 51.8064
0 0 0 0 1 51.7909
0 0 0 0 1 52.1413
0 0 0 0 1 51.7116
0 0 0 0 1 52.4793
0 0 0 0 1 56.4415
0 0 0 0 1 65.7244
0 0 0 0 1 69.9426
0 0 0 0 1 81.4828
0 0 0 0 0 4.97493
0 0 0 0 0 4.96491
0 0 0 0 0 4.9599
0 0 0 0 0 4.99497
0 0 0 0 0 5.00499
0 0 0 0 0 4.98495
0 0 0 0 0 4.97493
0 0 0 0 0 4.96992
0 0 0 0 0 4.96992
0 0 0 0 0 4.99998
0 0 0 0 0 4.96491
0 0 0 0 0 4.99497
0 0 0 0 1 87.8536
0 0 0 0 1 87.1619
0 0 0 0 1 75.0698
0 0 0 0 1 64.2858
0 0 0 0 0 59.9817
0 0 0 0 1 60.0533
0 0 0 0 1 60.7917
0 0 0 0 1 51.2613
0 0 0 0 1 47.5073
0 0 0 0 1 47.7115
0 0 0 0 0 39.6669
0 0 0 0 0 36.9671
0 0 0 0 0 35.7035
0 0 0 0 1 36.0012
0 0 0 0 0 35.7992
0 0 0 0 0 35.5272
0 0 0 0 1 28.3586
0 0 0 0 1 26.9107
0 0 0 0 1 25.5366
0 0 0 0 1 24.713
0 0 0 0 1 24.8479
0 0 0 0 1 24.5646
0 0 0 0 1 24.6253
0 0 0 0 1 24.6138
0 0 0 0 1 24.5534
0 0 0 0 1 24.8143
0 0 0 0 1 24.656
0 0 0 0 1 24.9677
0 0 0 0 0 24.611
0 0 0 0 0 18.2363
0 0 0 0 1 17.7388
0 0 0 0 1 17.2605
0 0 0 0 1 16.6441
0 0 0 0 0 16.3913
0 0 0 0 1 15.9907
0 0 0 0 1 15.4235
0 0 0 0 1 15.1514
0 0 0 0 0 14.831
0 0 0 0 1 14.4663
0 0 0 0 1 14.0285
0 0 0 0 1 13.8037
0 0 0 0 1 14.0239
0 0 0 0 1 13.8414
0 0 0 0 1 14.0346
0 0 0 0 0 13.9916
0 0 0 0 0 14.0903
0 0 0 0 1 13.8662
0 0 0 0 1 13.8654
0 0 0 0 0 13.9069
0 0 0 0 1 13.951
0 0 0 0 1 14.0913
0 0 0 0 1 14.0636
0 0 0 0 1 13.9799
0 0 0 0 1 14.1941
0 0 0 0 1 14.0404
0 0 0 0 1 14.1967
0 0 0 0 1 14.2574
0 0 0 0 0 14.0897
0 0 0 0 0 14.2756
0 0 0 0 1 14.054
0 0 0 0 1 14.3117
0 0 0 0 1 14.0759
0 0 0 0 1 14.1355
0 0 0 0 1 14.2554
0 0 0 0 1 14.3586
0 0 0 0 1 14.3082
0 0 0 0 0 14.3121
0 0 0 0 0 14.3908
0 0 0 0 1 14.2232
0 0 0 0 1 8.87888
0 0 0 0 1 8.68607
0 0 0 0 1 8.53847
0 0 0 0 1 8.52871
0 0 0 0 0 8.40774
0 0 0 0 1 8.36193
0 0 0 0 1 8.12774
0 0 0 0 1 8.08191
0 0 0 0 0 8.02824
0 0 0 0 1 7.84735
0 0 0 0 1 7.82639
0 0 0 0 1 7.75618
0 0 0 0 1 7.71789
0 0 0 0 1 7.62582
0 0 0 0 1 7.41449
0 0 0 0 1 7.37057
0 0 0 0 1 7.33889
0 0 0 0 1 7.17066
0 0 0 0 1 7.22673
0 0 0 0 1 7.16676
0 0 0 0 1 7.04343
0 0 0 0 1 7.02781
0 0 0 0 1 6.83687
0 0 0 0 1 6.78025
0 0 0 0 0 6.82498
0 0 0 0 1 6.66029
0 0 0 0 1 6.65013
0 0 0 0 1 6.51432
0 0 0 0 1 6.4971
0 0 0 0 1 6.49465
0 0 0 0 1 6.40568
0 0 0 0 1 6.39597
0 0 0 0 1 6.32284
0 0 0 0 1 6.25014
0 0 0 0 1 6.15319
0 0 0 0 1 6.16113
0 0 0 0 1 6.08927
0 0 0 0 0 5.9906
0 0 0 0 1 5.91991
0 0 0 0 1 5.9117
0 0 0 0 1 5.86487
0 0 0 0 1 5.78023
0 0 0 0 1 5.74256
0 0 0 0 1 5.791
0 0 0 0 1 5.67567
0 0 0 0 1 5.62101
0 0 0 0 1 5.63382
0 0 0 0 1 5.54336
0 0 0 0 0 5.57769
0 0 0 0 1 5.53422
0 0 0 0 1 5.47456
0 0 0 0 1 5.38605
0 0 0 0 1 5.37346
0 0 0 0 1 5.35745
0 0 0 0 1 5.25976
0 0 0 0 1 5.25965
0 0 0 0 0 5.25708
0 0 0 0 1 5.14539
0 0 0 0 1 5.18923
0 0 0 0 1 5.07361
0 0 0 0 1 5.02711
0 0 0 0 1 4.98906
0 0 0 0 1 5.00952
0 0 0 0 1 4.99137
0 0 0 0 1 4.92363
0 0 0 0 1 4.87612
0 0 0 0 1 4.89727
0 0 0 0 1 4.89694
0 0 0 0 1 4.78684
0 0 0 0 0 4.76685
0 0 0 0 1 4.79291
0 0 0 0 1 4.85404
0 0 0 0 1 4.90588
0 0 0 0 1 4.83992
0 0 0 0 1 4.92136
0 0 0 0 1 4.87081
0 0 0 0 1 4.96772
0 0 0 0 1 4.90097
0 0 0 0 1 4.9936
0 0 0 0 1 4.99731
0 0 0 0 1 5.02972
0 0 0 0 1 4.97343
0 0 0 0 1 5.01221
0 0 0 0 1 4.99574
0 0 0 0 0 5.05509
0 0 0 0 1 5.11485
0 0 0 0 1 5.08827
0 0 0 0 1 5.10242
0 0 0 0 1 5.11018
0 0 0 0 0 5.17598
0 0 0 0 1 5.16978
0 0 0 0 1 5.20505
0 0 0 0 0 5.25618
0 0 0 0 0 5.18725
0 0 0 0 0 5.29639
0 0 0 0 1 5.29026
0 0 0 0 1 5.34378
0 0 0 0 0 5.26846
0 0 0 0 1 5.3207
0 0 0 0 0 5.36792
0 0 0 0 1 5.43696
0 0 0 0 1 5.36742
0 0 0 0 1 5.4858
0 0 0 0 1 5.46871
0 0 0 0 1 5.51161
0 0 0 0 1 5.53437
0 0 0 0 1 5.51699
0 0 0 0 1 5.60079
0 0 0 0 1 5.52759
0 0 0 0 1 5.55593
0 0 0 0 1 5.62787
0 0 0 0 1 5.61716
0 0 0 0 0 5.66709
0 0 0 0 1 5.66189
0 0 0 0 1 5.69506
0 0 0 0 1 5.71269
0 0 0 0 1 5.7361
0 0 0 0 1 5.80027
0 0 0 0 1 5.80495
0 0 0 0 1 5.92251
0 0 0 0 0 5.9291
0 0 0 0 1 5.86449
0 0 0 0 0 5.92407
0 0 0 0 1 5.93021
0 0 0 0 1 6.07454
0 0 0 0 1 6.09925
0 0 0 0 1 6.09971
0 0 0 0 1 6.08165
0 0 0 0 1 6.07549
0 0 0 0 1 6.20635
0 0 0 0 1 9.53808
0 0 0 0 1 9.42445
0 0 0 0 0 9.42174
0 0 0 0 0 9.34366
0 0 0 0 1 9.32563
0 0 0 0 1 9.3138
0 0 0 0 1 9.37657
0 0 0 0 1 9.25914
0 0 0 0 1 9.19523
0 0 0 0 1 9.19309
0 0 0 0 1 9.23694
0 0 0 0 0 9.08791
0 0 0 0 0 9.18663
0 0 0 0 1 9.10247
0 0 0 0 0 9.12784
0 0 0 0 1 9.02629
0 0 0 0 1 9.11491
0 0 0 0 1 9.05577
0 0 0 0 1 8.99125
0 0 0 0 0 8.97753
0 0 0 0 1 8.90472
0 0 0 0 1 8.92132
0 0 0 0 1 8.92898
0 0 0 0 1 8.91009
0 0 0 0 1 8.86158
0 0 0 0 1 8.8079
0 0 0 0 1 8.702
0 0 0 0 1 8.7735
0 0 0 0 1 8.75549
0 0 0 0 1 8.72554
0 0 0 0 1 8.63847
0 0 0 0 1 8.73881
0 0 0 0 1 8.66952
0 0 0 0 1 8.58861
0 0 0 0 0 8.49451
0 0 0 0 1 8.61141
0 0 0 0 1 8.552
0 0 0 0 1 8.48944
0 0 0 0 1 8.56315
0 0 0 0 1 8.45858
0 0 0 0 1 8.53212
0 0 0 0 0 8.47039
0 0 0 0 1 8.48835
0 0 0 0 1 8.32645
0 0 0 0 1 8.36633
0 0 0 0 0 8.39774
0 0 0 0 1 8.32069
0 0 0 0 0 8.28108
0 0 0 0 1 8.36245
0 0 0 0 1 8.1952
0 0 0 0 1 8.18186
0 0 0 0 1 8.18895
0 0 0 0 1 8.19609
0 0 0 0 0 8.28539
0 0 0 0 0 8.20232
0 0 0 0 1 8.1851
0 0 0 0 1 8.20884
0 0 0 0 0 8.11857
0 0 0 0 0 8.20755
0 0 0 0 1 8.18272
0 0 0 0 1 8.0205
0 0 0 0 1 8.02057
0 0 0 0 0 8.0288
0 0 0 0 1 8.01692
0 0 0 0 1 7.96104
0 0 0 0 1 7.96162
0 0 0 0 0 7.9623
0 0 0 0 0 7.9551
0 0 0 0 1 7.89596
0 0 0 0 1 7.89707
0 0 0 0 1 7.91419
0 0 0 0 1 7.96309
0 0 0 0 1 7.87734
0 0 0 0 1 7.86668
0 0 0 0 1 7.86841
0 0 0 0 1 7.8545
0 0 0 0 0 7.82058
0 0 0 0 0 7.79468
0 0 0 0 1 7.87542
0 0 0 0 1 7.75241
0 0 0 0 1 7.88794
0 0 0 0 1 7.81566
0 0 0 0 1 7.86519
0 0 0 0 0 7.79018
0 0 0 0 1 7.76527
0 0 0 0 1 7.72969
0 0 0 0 0 7.76713
