0 0 0 0 1 5.58063
0 0 0 0 1 5.52866
0 0 0 0 1 5.59353
0 0 0 0 1 5.58309
0 0 0 0 1 5.59819
0 0 0 0 1 5.61904
0 0 0 0 1 5.6167
0 0 0 0 1 5.62097
0 0 0 0 1 5.63324
0 0 0 0 1 5.59838
0 0 0 0 1 5.64234
0 0 0 0 1 5.66399
0 0 0 0 1 5.60322
0 0 0 0 1 5.67031
0 0 0 0 1 5.69807
0 0 0 0 1 5.69398
0 0 0 0 1 5.63102
0 0 0 0 1 5.75598
0 0 0 0 1 5.6988
0 0 0 0 1 5.73685
0 0 0 0 1 5.7025
0 0 0 0 1 5.68531
0 0 0 0 0 5.8061
0 0 0 0 0 5.75466
0 0 0 0 1 5.7626
0 0 0 0 1 5.76884
0 0 0 0 1 5.85048
0 0 0 0 1 5.79323
0 0 0 0 1 5.78817
0 0 0 0 1 5.83563
0 0 0 0 1 5.83663
0 0 0 0 1 5.83344
0 0 0 0 1 5.84199
0 0 0 0 0 5.83729
0 0 0 0 0 5.91505
0 0 0 0 1 5.86344
0 0 0 0 1 5.90034
0 0 0 0 1 5.96118
0 0 0 0 1 5.96296
0 0 0 0 0 6.00052
0 0 0 0 1 5.98462
0 0 0 0 1 5.97467
0 0 0 0 1 5.96006
0 0 0 0 0 6.01615
0 0 0 0 1 5.97626
0 0 0 0 0 6.05688
0 0 0 0 1 6.03393
0 0 0 0 1 6.12131
0 0 0 0 1 6.02064
0 0 0 0 1 6.13289
0 0 0 0 1 6.07461
0 0 0 0 1 6.10797
0 0 0 0 1 6.1835
0 0 0 0 1 6.11374
0 0 0 0 1 6.22161
0 0 0 0 1 6.13206
0 0 0 0 1 6.24058
0 0 0 0 1 6.26792
0 0 0 0 0 6.22149
0 0 0 0 1 6.24366
0 0 0 0 0 6.30273
0 0 0 0 1 6.33788
0 0 0 0 1 6.25334
0 0 0 0 1 6.26327
0 0 0 0 1 6.31132
0 0 0 0 1 6.35246
0 0 0 0 1 6.43298
0 0 0 0 1 6.4172
0 0 0 0 0 6.45988
0 0 0 0 1 6.37966
0 0 0 0 1 6.46775
0 0 0 0 0 6.54269
0 0 0 0 0 6.50823
0 0 0 0 1 6.54529
0 0 0 0 1 6.59563
0 0 0 0 1 6.61286
0 0 0 0 1 6.57753
0 0 0 0 1 6.569
0 0 0 0 1 6.69228
0 0 0 0 1 6.63689
0 0 0 0 1 6.66115
0 0 0 0 0 6.65268
0 0 0 0 1 6.65086
0 0 0 0 1 6.74942
0 0 0 0 1 6.69318
0 0 0 0 1 6.82648
0 0 0 0 1 6.879
0 0 0 0 1 6.89768
0 0 0 0 1 6.79981
0 0 0 0 1 6.87333
0 0 0 0 0 6.93352
0 0 0 0 1 6.91134
0 0 0 0 0 6.93718
0 0 0 0 1 6.92823
0 0 0 0 1 7.02431
0 0 0 0 1 7.09993
0 0 0 0 1 6.99897
0 0 0 0 0 7.14594
0 0 0 0 1 7.17997
0 0 0 0 1 7.17844
0 0 0 0 0 7.24858
0 0 0 0 1 7.14627
0 0 0 0 1 7.2307
0 0 0 0 0 7.27256
0 0 0 0 1 7.25586
0 0 0 0 1 7.31995
0 0 0 0 0 7.42822
0 0 0 0 1 7.41239
0 0 0 0 1 7.34364
0 0 0 0 0 7.49768
0 0 0 0 1 7.42882
0 0 0 0 1 7.49408
0 0 0 0 1 7.52957
0 0 0 0 1 7.55765
0 0 0 0 1 7.68528
0 0 0 0 1 7.72931
0 0 0 0 1 7.69667
0 0 0 0 0 7.70217
0 0 0 0 1 7.82396
0 0 0 0 1 7.82192
0 0 0 0 1 7.84362
0 0 0 0 0 7.91994
0 0 0 0 0 7.95685
0 0 0 0 1 8.00226
0 0 0 0 1 8.06343
0 0 0 0 0 7.98891
0 0 0 0 1 8.08287
0 0 0 0 1 8.12076
0 0 0 0 1 8.15825
0 0 0 0 1 8.24552
0 0 0 0 1 8.19292
0 0 0 0 1 8.305
0 0 0 0 1 8.31037
0 0 0 0 0 8.44036
0 0 0 0 1 8.47893
0 0 0 0 1 8.39917
0 0 0 0 1 8.5478
0 0 0 0 1 8.53523
0 0 0 0 1 8.50577
0 0 0 0 1 8.6736
0 0 0 0 1 8.72926
0 0 0 0 0 8.75966
0 0 0 0 1 8.88599
0 0 0 0 1 8.92639
0 0 0 0 1 8.97424
0 0 0 0 0 8.98636
0 0 0 0 0 9.05216
0 0 0 0 1 9.03668
0 0 0 0 1 9.05798
0 0 0 0 1 9.25227
0 0 0 0 1 9.17165
0 0 0 0 1 9.37729
0 0 0 0 0 9.39916
0 0 0 0 1 9.35284
0 0 0 0 1 9.54291
0 0 0 0 1 9.43849
0 0 0 0 0 9.58124
0 0 0 0 1 9.5914
0 0 0 0 1 9.78432
0 0 0 0 1 9.83242
0 0 0 0 0 9.93956
0 0 0 0 1 9.86047
0 0 0 0 1 10.0162
0 0 0 0 1 10.1447
0 0 0 0 1 10.2321
0 0 0 0 0 10.1583
0 0 0 0 0 10.1837
0 0 0 0 0 10.3431
0 0 0 0 1 10.4119
0 0 0 0 1 10.479
0 0 0 0 1 10.6307
0 0 0 0 1 10.6965
0 0 0 0 0 10.775
0 0 0 0 1 10.8624
0 0 0 0 1 9.25006
0 0 0 0 1 9.37458
0 0 0 0 1 9.33671
0 0 0 0 0 9.27581
0 0 0 0 1 9.20157
0 0 0 0 1 9.2702
0 0 0 0 1 9.26069
0 0 0 0 1 9.10932
0 0 0 0 0 9.12772
0 0 0 0 0 9.10514
0 0 0 0 1 9.06904
0 0 0 0 1 9.0832
0 0 0 0 0 9.06557
0 0 0 0 1 8.96674
0 0 0 0 1 8.99939
0 0 0 0 1 9.04529
0 0 0 0 1 8.98805
0 0 0 0 1 9.025
0 0 0 0 0 9.02611
0 0 0 0 1 9.01837
0 0 0 0 0 8.81956
0 0 0 0 1 8.88358
0 0 0 0 1 8.91195
0 0 0 0 1 8.78968
0 0 0 0 1 8.88906
0 0 0 0 1 8.76362
0 0 0 0 0 8.76597
0 0 0 0 0 8.73324
0 0 0 0 1 8.75339
0 0 0 0 1 8.84371
0 0 0 0 0 8.83757
0 0 0 0 1 8.81917
0 0 0 0 1 8.68258
0 0 0 0 1 8.76414
0 0 0 0 1 8.62832
0 0 0 0 1 8.65788
0 0 0 0 1 8.63549
0 0 0 0 0 8.69978
0 0 0 0 1 8.71218
0 0 0 0 1 8.61259
0 0 0 0 1 8.62533
0 0 0 0 0 8.52642
0 0 0 0 1 8.51376
0 0 0 0 1 8.50984
0 0 0 0 0 8.48895
0 0 0 0 1 8.47679
0 0 0 0 1 8.52753
0 0 0 0 1 8.60083
0 0 0 0 1 8.66131
0 0 0 0 1 8.71734
0 0 0 0 0 8.88627
0 0 0 0 1 8.91401
0 0 0 0 1 9.16602
0 0 0 0 1 9.32992
0 0 0 0 1 9.30693
0 0 0 0 1 9.58393
0 0 0 0 1 9.69072
0 0 0 0 1 9.75672
0 0 0 0 1 10.0699
0 0 0 0 1 10.1027
0 0 0 0 0 10.3069
0 0 0 0 1 10.5317
0 0 0 0 1 10.716
0 0 0 0 1 10.9637
0 0 0 0 0 11.0906
0 0 0 0 1 11.4744
0 0 0 0 1 11.6894
0 0 0 0 1 11.8669
0 0 0 0 0 12.0301
0 0 0 0 1 12.3579
0 0 0 0 1 12.5982
0 0 0 0 1 12.899
0 0 0 0 1 22.66
0 0 0 0 1 22.6639
0 0 0 0 1 22.6664
0 0 0 0 1 22.7844
0 0 0 0 1 22.7668
0 0 0 0 1 22.5685
0 0 0 0 1 22.7101
0 0 0 0 1 22.6712
0 0 0 0 1 22.3843
0 0 0 0 0 22.7753
0 0 0 0 1 22.715
0 0 0 0 0 22.6328
0 0 0 0 0 22.7552
0 0 0 0 1 22.7413
0 0 0 0 1 22.4579
0 0 0 0 1 22.4001
0 0 0 0 0 22.6574
0 0 0 0 0 22.3533
0 0 0 0 1 23.0604
0 0 0 0 1 23.9549
0 0 0 0 1 24.8669
0 0 0 0 1 26.3171
0 0 0 0 1 36.1991
0 0 0 0 1 36.1114
0 0 0 0 1 36.4247
0 0 0 0 1 36.3384
0 0 0 0 1 36.5017
0 0 0 0 1 38.4878
0 0 0 0 1 52.4312
0 0 0 0 1 52.3635
0 0 0 0 1 52.5576
0 0 0 0 1 51.7636
0 0 0 0 1 51.4911
0 0 0 0 1 56.6671
0 0 0 0 1 65.0697
0 0 0 0 1 69.5942
0 0 0 0 1 82.4645
0 0 0 0 0 4.99497
0 0 0 0 0 4.99998
0 0 0 0 0 5.03505
0 0 0 0 0 5.02002
0 0 0 0 0 5.03505
0 0 0 0 0 5.02002
0 0 0 0 0 4.99497
0 0 0 0 0 5.00499
0 0 0 0 0 5.0601
0 0 0 0 0 4.96491
0 0 0 0 0 4.97994
0 0 0 0 0 5.05008
0 0 0 0 1 88.1164
0 0 0 0 1 87.9503
0 0 0 0 1 75.7461
0 0 0 0 1 63.9666
0 0 0 0 1 60.2843
0 0 0 0 1 60.4771
0 0 0 0 1 60.2467
0 0 0 0 1 51.9317
0 0 0 0 1 48.371
0 0 0 0 1 47.8075
0 0 0 0 1 39.5098
0 0 0 0 0 37.0407
0 0 0 0 1 35.3825
0 0 0 0 1 35.5373
0 0 0 0 1 35.9777
0 0 0 0 1 35.9556
0 0 0 0 1 28.1621
0 0 0 0 1 27.0447
0 0 0 0 1 25.4853
0 0 0 0 1 24.8607
0 0 0 0 1 24.38
0 0 0 0 1 24.5646
0 0 0 0 1 24.8718
0 0 0 0 0 24.5152
0 0 0 0 0 24.5287
0 0 0 0 0 24.518
0 0 0 0 0 24.4584
0 0 0 0 0 24.6711
0 0 0 0 1 24.9572
0 0 0 0 1 18.0725
0 0 0 0 0 17.7565
0 0 0 0 1 17.3121
0 0 0 0 1 16.8615
0 0 0 0 1 16.1958
0 0 0 0 1 15.8477
0 0 0 0 1 15.4699
0 0 0 0 1 15.0758
0 0 0 0 1 14.8458
0 0 0 0 1 14.4663
0 0 0 0 0 14.1272
0 0 0 0 1 13.9703
0 0 0 0 1 13.9405
0 0 0 0 0 13.7996
0 0 0 0 1 13.8119
0 0 0 0 1 14.0612
0 0 0 0 1 13.8531
0 0 0 0 1 13.8243
0 0 0 0 1 13.9493
0 0 0 0 0 13.865
0 0 0 0 1 14.0351
0 0 0 0 1 13.909
0 0 0 0 1 14.1759
0 0 0 0 1 13.9237
0 0 0 0 1 14.0534
0 0 0 0 1 13.9981
0 0 0 0 1 13.9711
0 0 0 0 1 14.2433
0 0 0 0 1 14.2452
0 0 0 0 1 14.2473
0 0 0 0 1 14.1107
0 0 0 0 1 14.0847
0 0 0 0 0 14.2179
0 0 0 0 1 14.2777
0 0 0 0 1 14.2981
0 0 0 0 1 14.3016
0 0 0 0 1 14.3939
0 0 0 0 1 14.3979
0 0 0 0 1 14.3908
0 0 0 0 1 14.4526
0 0 0 0 1 8.73766
0 0 0 0 1 8.79933
0 0 0 0 1 8.67604
0 0 0 0 1 8.57118
0 0 0 0 1 8.32383
0 0 0 0 0 8.23762
0 0 0 0 1 8.1851
0 0 0 0 1 8.0091
0 0 0 0 1 7.98026
0 0 0 0 1 7.88686
0 0 0 0 1 7.89675
0 0 0 0 0 7.68666
0 0 0 0 1 7.68732
0 0 0 0 0 7.60315
0 0 0 0 0 7.46681
0 0 0 0 1 7.38537
0 0 0 0 1 7.26572
0 0 0 0 1 7.25758
0 0 0 0 1 7.16221
0 0 0 0 1 7.15257
0 0 0 0 0 7.04343
0 0 0 0 1 7.02781
0 0 0 0 0 6.9126
0 0 0 0 1 6.77342
0 0 0 0 1 6.82498
0 0 0 0 1 6.64021
0 0 0 0 1 6.61035
0 0 0 0 1 6.50119
0 0 0 0 0 6.46459
0 0 0 0 1 6.5011
0 0 0 0 0 6.41206
0 0 0 0 1 6.32631
0 0 0 0 0 6.29144
0 0 0 0 0 6.18166
0 0 0 0 1 6.17788
0 0 0 0 1 6.07547
0 0 0 0 1 6.11353
0 0 0 0 1 5.98458
0 0 0 0 0 5.97959
0 0 0 0 1 5.888
0 0 0 0 1 5.92358
0 0 0 0 0 5.8618
0 0 0 0 1 5.82931
0 0 0 0 1 5.75656
0 0 0 0 1 5.72117
0 0 0 0 1 5.69437
0 0 0 0 0 5.57222
0 0 0 0 0 5.55449
0 0 0 0 1 5.52799
0 0 0 0 1 5.44655
0 0 0 0 1 5.40932
0 0 0 0 1 5.40766
0 0 0 0 0 5.36272
0 0 0 0 1 5.30952
0 0 0 0 0 5.28622
0 0 0 0 1 5.20716
0 0 0 0 1 5.16321
0 0 0 0 1 5.1713
0 0 0 0 1 5.1429
0 0 0 0 1 5.07361
0 0 0 0 1 5.03725
0 0 0 0 1 5.03441
0 0 0 0 1 4.98947
0 0 0 0 0 5.02126
0 0 0 0 1 4.98796
0 0 0 0 0 4.95968
0 0 0 0 1 4.86309
0 0 0 0 1 4.87265
0 0 0 0 1 4.77719
0 0 0 0 1 4.82463
0 0 0 0 1 4.87496
0 0 0 0 1 4.86372
0 0 0 0 1 4.84267
0 0 0 0 1 4.90815
0 0 0 0 1 4.92136
0 0 0 0 0 4.95428
0 0 0 0 1 4.91844
0 0 0 0 1 4.92567
0 0 0 0 1 4.9936
0 0 0 0 1 4.97242
0 0 0 0 1 5.00477
0 0 0 0 1 5.0135
0 0 0 0 1 5.00216
0 0 0 0 1 5.02098
0 0 0 0 1 5.09055
0 0 0 0 1 5.13519
0 0 0 0 1 5.08316
0 0 0 0 1 5.17414
0 0 0 0 0 5.17181
0 0 0 0 1 5.17082
0 0 0 0 1 5.22153
0 0 0 0 1 5.23102
0 0 0 0 1 5.24575
0 0 0 0 1 5.25006
0 0 0 0 1 5.27011
0 0 0 0 1 5.22697
0 0 0 0 1 5.34378
0 0 0 0 1 5.31635
0 0 0 0 1 5.36878
0 0 0 0 1 5.40009
0 0 0 0 1 5.38851
0 0 0 0 1 5.43235
0 0 0 0 1 5.42605
0 0 0 0 1 5.40873
0 0 0 0 1 5.47877
0 0 0 0 1 5.54537
0 0 0 0 1 5.47281
0 0 0 0 1 5.52863
0 0 0 0 1 5.62788
0 0 0 0 1 5.60633
0 0 0 0 1 5.66161
0 0 0 0 1 5.62846
0 0 0 0 1 5.65007
0 0 0 0 1 5.74172
0 0 0 0 0 5.71796
0 0 0 0 1 5.77021
0 0 0 0 1 5.82862
0 0 0 0 0 5.78865
0 0 0 0 0 5.86913
0 0 0 0 0 5.88733
0 0 0 0 0 5.90553
0 0 0 0 0 5.87634
0 0 0 0 0 6.00147
0 0 0 0 1 6.0439
0 0 0 0 1 5.99034
0 0 0 0 1 6.00858
0 0 0 0 1 6.09971
0 0 0 0 0 6.06334
0 0 0 0 0 6.10003
0 0 0 0 1 6.21253
0 0 0 0 1 9.49048
0 0 0 0 1 9.47185
0 0 0 0 1 9.45954
0 0 0 0 1 9.32482
0 0 0 0 1 9.41007
0 0 0 0 1 9.34185
0 0 0 0 0 9.27405
0 0 0 0 1 9.23125
0 0 0 0 1 9.32487
0 0 0 0 1 9.15617
0 0 0 0 1 9.13573
0 0 0 0 1 9.11542
0 0 0 0 0 9.07694
0 0 0 0 1 9.08425
0 0 0 0 1 9.05518
0 0 0 0 1 8.99008
0 0 0 0 1 9.04271
0 0 0 0 1 9.03777
0 0 0 0 1 9.02714
0 0 0 0 0 8.88802
0 0 0 0 0 8.99394
0 0 0 0 0 8.84127
0 0 0 0 1 8.81371
0 0 0 0 1 8.7775
0 0 0 0 1 8.88803
0 0 0 0 1 8.83427
0 0 0 0 1 8.71076
0 0 0 0 1 8.7735
0 0 0 0 1 8.77293
0 0 0 0 1 8.78643
0 0 0 0 1 8.58643
0 0 0 0 1 8.63498
0 0 0 0 0 8.64364
0 0 0 0 1 8.55419
0 0 0 0 1 8.62321
0 0 0 0 1 8.60285
0 0 0 0 0 8.50079
0 0 0 0 0 8.48093
0 0 0 0 1 8.53766
0 0 0 0 1 8.46705
0 0 0 0 1 8.47293
0 0 0 0 1 8.39446
0 0 0 0 0 8.47153
0 0 0 0 1 8.41039
0 0 0 0 1 8.4417
0 0 0 0 1 8.39774
0 0 0 0 0 8.35404
0 0 0 0 0 8.23951
0 0 0 0 1 8.37075
0 0 0 0 1 8.28626
0 0 0 0 1 8.25624
0 0 0 0 1 8.29616
0 0 0 0 1 8.28661
0 0 0 0 0 8.16222
0 0 0 0 1 8.12857
0 0 0 0 1 8.14422
0 0 0 0 1 8.1762
0 0 0 0 0 8.17558
0 0 0 0 1 8.09378
0 0 0 0 1 8.06107
0 0 0 0 0 8.05287
0 0 0 0 1 8.03672
0 0 0 0 0 8.03687
0 0 0 0 1 8.12155
0 0 0 0 0 8.11368
0 0 0 0 1 8.00171
0 0 0 0 1 8.08234
0 0 0 0 1 7.93913
0 0 0 0 1 7.90394
0 0 0 0 1 7.98464
0 0 0 0 1 8.0016
0 0 0 0 1 7.95516
0 0 0 0 0 7.86942
0 0 0 0 1 7.87459
0 0 0 0 1 7.84473
0 0 0 0 1 7.91752
0 0 0 0 1 7.82058
0 0 0 0 1 7.79468
0 0 0 0 1 7.82835
0 0 0 0 1 7.87771
0 0 0 0 1 7.89576
0 0 0 0 1 7.84689
0 0 0 0 1 7.78724
0 0 0 0 0 7.79796
0 0 0 0 1 7.74972
0 0 0 0 1 7.71417
0 0 0 0 0 7.76713
