0 0 0 0 0 5.54179
0 0 0 0 1 5.58979
0 0 0 0 1 5.52674
0 0 0 0 1 5.53294
0 0 0 0 1 5.54237
0 0 0 0 1 5.56313
0 0 0 0 1 5.65027
0 0 0 0 1 5.61537
0 0 0 0 1 5.60518
0 0 0 0 0 5.66583
0 0 0 0 1 5.6536
0 0 0 0 0 5.67528
0 0 0 0 1 5.68795
0 0 0 0 1 5.69861
0 0 0 0 1 5.61302
0 0 0 0 1 5.63721
0 0 0 0 1 5.70496
0 0 0 0 1 5.6591
0 0 0 0 1 5.7559
0 0 0 0 1 5.66828
0 0 0 0 0 5.76548
0 0 0 0 1 5.76563
0 0 0 0 1 5.79461
0 0 0 0 1 5.79499
0 0 0 0 1 5.80298
0 0 0 0 1 5.8382
0 0 0 0 1 5.74042
0 0 0 0 1 5.77582
0 0 0 0 1 5.78236
0 0 0 0 1 5.86478
0 0 0 0 1 5.84832
0 0 0 0 1 5.83344
0 0 0 0 1 5.86542
0 0 0 0 1 5.81968
0 0 0 0 0 5.92682
0 0 0 0 1 5.90473
0 0 0 0 1 5.95355
0 0 0 0 1 5.94932
0 0 0 0 1 5.89169
0 0 0 0 1 5.98862
0 0 0 0 1 6.02042
0 0 0 0 1 5.92683
0 0 0 0 1 5.96605
0 0 0 0 1 5.98012
0 0 0 0 1 6.03644
0 0 0 0 1 6.04482
0 0 0 0 1 6.03998
0 0 0 0 0 6.09098
0 0 0 0 1 6.05713
0 0 0 0 1 6.07802
0 0 0 0 0 6.06239
0 0 0 0 0 6.08347
0 0 0 0 1 6.1835
0 0 0 0 1 6.13836
0 0 0 0 1 6.1352
0 0 0 0 1 6.23725
0 0 0 0 1 6.14133
0 0 0 0 1 6.24924
0 0 0 0 1 6.30261
0 0 0 0 1 6.30622
0 0 0 0 1 6.27134
0 0 0 0 1 6.35676
0 0 0 0 1 6.25334
0 0 0 0 1 6.28857
0 0 0 0 1 6.35572
0 0 0 0 0 6.37792
0 0 0 0 0 6.33087
0 0 0 0 1 6.44282
0 0 0 0 0 6.39566
0 0 0 0 0 6.48277
0 0 0 0 1 6.44836
0 0 0 0 1 6.53621
0 0 0 0 0 6.46272
0 0 0 0 1 6.57789
0 0 0 0 1 6.47143
0 0 0 0 1 6.55381
0 0 0 0 1 6.63678
0 0 0 0 1 6.61522
0 0 0 0 1 6.60615
0 0 0 0 0 6.71004
0 0 0 0 1 6.60776
0 0 0 0 1 6.7263
0 0 0 0 1 6.68441
0 0 0 0 1 6.72921
0 0 0 0 1 6.81487
0 0 0 0 0 6.79255
0 0 0 0 1 6.85856
0 0 0 0 1 6.77463
0 0 0 0 1 6.79981
0 0 0 0 1 6.82512
0 0 0 0 0 6.95426
0 0 0 0 1 6.95986
0 0 0 0 1 6.93718
0 0 0 0 1 6.97014
0 0 0 0 1 6.9542
0 0 0 0 1 7.02956
0 0 0 0 1 7.11209
0 0 0 0 1 7.16013
0 0 0 0 1 7.16573
0 0 0 0 1 7.16414
0 0 0 0 1 7.24858
0 0 0 0 1 7.16788
0 0 0 0 1 7.16556
0 0 0 0 1 7.32342
0 0 0 0 1 7.29236
0 0 0 0 1 7.34193
0 0 0 0 0 7.34724
0 0 0 0 1 7.31641
0 0 0 0 1 7.37332
0 0 0 0 1 7.50513
0 0 0 0 1 7.40638
0 0 0 0 1 7.48656
0 0 0 0 1 7.51447
0 0 0 0 0 7.65629
0 0 0 0 1 7.66243
0 0 0 0 1 7.62217
0 0 0 0 1 7.71205
0 0 0 0 1 7.79488
0 0 0 0 1 7.70753
0 0 0 0 1 7.72054
0 0 0 0 1 7.90624
0 0 0 0 1 7.83343
0 0 0 0 1 7.94894
0 0 0 0 1 8.01815
0 0 0 0 1 7.93557
0 0 0 0 1 7.98088
0 0 0 0 1 8.0506
0 0 0 0 1 8.17749
0 0 0 0 1 8.199
0 0 0 0 1 8.18001
0 0 0 0 1 8.27526
0 0 0 0 1 8.20564
0 0 0 0 1 8.3686
0 0 0 0 1 8.42363
0 0 0 0 1 8.43688
0 0 0 0 1 8.46683
0 0 0 0 1 8.46275
0 0 0 0 1 8.53523
0 0 0 0 1 8.65182
0 0 0 0 1 8.64768
0 0 0 0 0 8.72057
0 0 0 0 1 8.7247
0 0 0 0 1 8.81561
0 0 0 0 1 8.77615
0 0 0 0 0 8.82304
0 0 0 0 0 8.87
0 0 0 0 0 8.97109
0 0 0 0 1 9.00042
0 0 0 0 1 9.03975
0 0 0 0 1 9.14223
0 0 0 0 1 9.19933
0 0 0 0 1 9.22874
0 0 0 0 1 9.39916
0 0 0 0 1 9.38104
0 0 0 0 1 9.46724
0 0 0 0 1 9.61945
0 0 0 0 1 9.53329
0 0 0 0 1 9.62035
0 0 0 0 1 9.79404
0 0 0 0 1 9.72481
0 0 0 0 1 9.77209
0 0 0 0 1 10.0091
0 0 0 0 1 10.0761
0 0 0 0 1 10.014
0 0 0 0 1 10.222
0 0 0 0 0 10.1073
0 0 0 0 1 10.2248
0 0 0 0 1 10.3431
0 0 0 0 0 10.5265
0 0 0 0 0 10.4055
0 0 0 0 0 10.472
0 0 0 0 0 10.7498
0 0 0 0 1 10.7642
0 0 0 0 0 10.9382
0 0 0 0 1 9.35243
0 0 0 0 0 9.33746
0 0 0 0 1 9.27188
0 0 0 0 0 9.21114
0 0 0 0 0 9.22923
0 0 0 0 1 9.2886
0 0 0 0 1 9.14137
0 0 0 0 1 9.10932
0 0 0 0 1 9.15513
0 0 0 0 0 9.05957
0 0 0 0 1 9.11452
0 0 0 0 1 9.05597
0 0 0 0 0 9.02029
0 0 0 0 1 8.96674
0 0 0 0 1 8.96332
0 0 0 0 1 8.95529
0 0 0 0 1 9.03294
0 0 0 0 1 8.99811
0 0 0 0 1 8.92771
0 0 0 0 1 9.01837
0 0 0 0 1 8.98883
0 0 0 0 1 8.8569
0 0 0 0 1 8.94745
0 0 0 0 1 8.78082
0 0 0 0 1 8.85369
0 0 0 0 1 8.83423
0 0 0 0 1 8.80121
0 0 0 0 1 8.87395
0 0 0 0 1 8.82363
0 0 0 0 1 8.74729
0 0 0 0 1 8.82007
0 0 0 0 1 8.72312
0 0 0 0 1 8.78719
0 0 0 0 1 8.79025
0 0 0 0 1 8.75866
0 0 0 0 0 8.62318
0 0 0 0 0 8.63549
0 0 0 0 1 8.63059
0 0 0 0 1 8.55676
0 0 0 0 0 8.6988
0 0 0 0 0 8.62533
0 0 0 0 1 8.62957
0 0 0 0 1 8.61675
0 0 0 0 1 8.4927
0 0 0 0 1 8.57452
0 0 0 0 1 8.52806
0 0 0 0 0 8.52753
0 0 0 0 1 8.45592
0 0 0 0 1 8.49837
0 0 0 0 1 8.67384
0 0 0 0 0 8.85979
0 0 0 0 1 8.89609
0 0 0 0 0 9.10237
0 0 0 0 1 9.32068
0 0 0 0 1 9.35384
0 0 0 0 1 9.56486
0 0 0 0 1 9.70041
0 0 0 0 1 9.94378
0 0 0 0 1 10.0398
0 0 0 0 1 10.1536
0 0 0 0 1 10.4001
0 0 0 0 1 10.574
0 0 0 0 1 10.7912
0 0 0 0 1 10.9199
0 0 0 0 1 11.0794
0 0 0 0 1 11.338
0 0 0 0 0 11.4925
0 0 0 0 1 11.8905
0 0 0 0 1 12.1627
0 0 0 0 1 12.3579
0 0 0 0 1 12.5354
0 0 0 0 1 12.9504
0 0 0 0 1 22.6373
0 0 0 0 0 22.7775
0 0 0 0 0 22.5756
0 0 0 0 1 22.7617
0 0 0 0 0 22.4496
0 0 0 0 1 22.6137
0 0 0 0 1 22.3935
0 0 0 0 0 22.6938
0 0 0 0 1 22.7908
0 0 0 0 1 22.6624
0 0 0 0 1 22.5346
0 0 0 0 0 22.3172
0 0 0 0 1 22.3947
0 0 0 0 1 22.4036
0 0 0 0 1 22.3004
0 0 0 0 0 22.2651
0 0 0 0 1 22.6799
0 0 0 0 1 22.2635
0 0 0 0 1 23.1068
0 0 0 0 1 23.979
0 0 0 0 1 24.9171
0 0 0 0 1 26.3433
0 0 0 0 0 36.4904
0 0 0 0 1 36.439
0 0 0 0 1 36.5703
0 0 0 0 1 36.5203
0 0 0 0 0 36.4289
0 0 0 0 1 38.8345
0 0 0 0 1 51.6502
0 0 0 0 1 51.843
0 0 0 0 1 52.3495
0 0 0 0 1 52.4919
0 0 0 0 1 51.7511
0 0 0 0 0 56.2724
0 0 0 0 0 65.528
0 0 0 0 1 69.2459
0 0 0 0 0 82.0554
0 0 0 0 0 4.99998
0 0 0 0 0 5.00499
0 0 0 0 0 4.97994
0 0 0 0 0 4.98495
0 0 0 0 0 4.98996
0 0 0 0 0 4.98996
0 0 0 0 0 4.99998
0 0 0 0 0 5.01501
0 0 0 0 0 5.05008
0 0 0 0 0 5.02002
0 0 0 0 0 4.96491
0 0 0 0 0 5.02002
0 0 0 0 1 87.3281
0 0 0 0 1 88.3883
0 0 0 0 1 75.8964
0 0 0 0 1 63.4559
0 0 0 0 1 59.9212
0 0 0 0 1 60.5981
0 0 0 0 0 60.4284
0 0 0 0 1 51.8286
0 0 0 0 1 48.3231
0 0 0 0 1 47.9515
0 0 0 0 1 38.96
0 0 0 0 1 36.5621
0 0 0 0 1 35.9532
0 0 0 0 1 35.6444
0 0 0 0 0 35.7635
0 0 0 0 1 35.9913
0 0 0 0 1 28.2463
0 0 0 0 1 26.9911
0 0 0 0 1 25.716
0 0 0 0 1 24.6638
0 0 0 0 1 24.6016
0 0 0 0 0 24.8602
0 0 0 0 1 24.4528
0 0 0 0 0 24.6385
0 0 0 0 1 24.8248
0 0 0 0 1 24.518
0 0 0 0 1 24.8537
0 0 0 0 1 24.5969
0 0 0 0 1 24.5368
0 0 0 0 1 18.2545
0 0 0 0 1 17.5973
0 0 0 0 1 17.1574
0 0 0 0 1 16.6608
0 0 0 0 1 16.1307
0 0 0 0 1 15.9907
0 0 0 0 1 15.5319
0 0 0 0 1 15.2724
0 0 0 0 1 14.772
0 0 0 0 0 14.2933
0 0 0 0 0 14.1272
0 0 0 0 0 13.9287
0 0 0 0 0 13.8015
0 0 0 0 0 13.9526
0 0 0 0 1 14.0625
0 0 0 0 0 14.0194
0 0 0 0 0 14.0345
0 0 0 0 1 13.8662
0 0 0 0 1 13.8934
0 0 0 0 1 13.9769
0 0 0 0 1 13.965
0 0 0 0 0 13.909
0 0 0 0 1 13.9934
0 0 0 0 1 14.0783
0 0 0 0 1 13.955
0 0 0 0 1 14.1812
0 0 0 0 1 14.0698
0 0 0 0 1 14.1727
0 0 0 0 1 14.0332
0 0 0 0 0 14.219
0 0 0 0 1 14.309
0 0 0 0 1 14.1556
0 0 0 0 1 14.1043
0 0 0 0 1 14.292
0 0 0 0 0 14.2127
0 0 0 0 1 14.3443
0 0 0 0 1 14.2083
0 0 0 0 1 14.4265
0 0 0 0 1 14.4481
0 0 0 0 1 14.4239
0 0 0 0 1 8.89653
0 0 0 0 1 8.63379
0 0 0 0 1 8.60726
0 0 0 0 1 8.52871
0 0 0 0 1 8.31543
0 0 0 0 0 8.36193
0 0 0 0 1 8.25884
0 0 0 0 1 8.11427
0 0 0 0 1 8.02824
0 0 0 0 1 7.92637
0 0 0 0 0 7.79511
0 0 0 0 1 7.67893
0 0 0 0 1 7.6644
0 0 0 0 1 7.52757
0 0 0 0 1 7.44439
0 0 0 0 0 7.33357
0 0 0 0 0 7.36816
0 0 0 0 1 7.22136
0 0 0 0 1 7.22673
0 0 0 0 0 7.15257
0 0 0 0 1 7.09259
0 0 0 0 1 6.93039
0 0 0 0 1 6.86441
0 0 0 0 1 6.85528
0 0 0 0 1 6.73037
0 0 0 0 1 6.71384
0 0 0 0 1 6.63687
0 0 0 0 1 6.50119
0 0 0 0 0 6.56864
0 0 0 0 1 6.4624
0 0 0 0 1 6.33542
0 0 0 0 1 6.33898
0 0 0 0 1 6.22865
0 0 0 0 0 6.17544
0 0 0 0 1 6.12234
0 0 0 0 1 6.09383
0 0 0 0 0 6.1196
0 0 0 0 1 5.97254
0 0 0 0 1 5.94378
0 0 0 0 1 5.94724
0 0 0 0 0 5.82378
0 0 0 0 1 5.76857
0 0 0 0 0 5.80039
0 0 0 0 1 5.71065
0 0 0 0 1 5.71548
0 0 0 0 1 5.70002
0 0 0 0 1 5.64502
0 0 0 0 1 5.52109
0 0 0 0 1 5.5059
0 0 0 0 1 5.49038
0 0 0 0 1 5.42563
0 0 0 0 1 5.42387
0 0 0 0 0 5.35735
0 0 0 0 1 5.27757
0 0 0 0 1 5.28622
0 0 0 0 1 5.2334
0 0 0 0 1 5.25708
0 0 0 0 1 5.14539
0 0 0 0 1 5.16349
0 0 0 0 0 5.08896
0 0 0 0 1 5.04232
0 0 0 0 1 5.05961
0 0 0 0 1 4.96439
0 0 0 0 1 4.99635
0 0 0 0 1 4.96322
0 0 0 0 1 4.88104
0 0 0 0 1 4.92657
0 0 0 0 0 4.9018
0 0 0 0 1 4.80614
0 0 0 0 1 4.78611
0 0 0 0 1 4.79774
0 0 0 0 1 4.8831
0 0 0 0 1 4.85726
0 0 0 0 0 4.84966
0 0 0 0 1 4.93114
0 0 0 0 1 4.95919
0 0 0 0 1 4.96772
0 0 0 0 1 4.92073
0 0 0 0 1 5.00848
0 0 0 0 1 4.95251
0 0 0 0 0 4.99978
0 0 0 0 1 4.99848
0 0 0 0 0 5.07254
0 0 0 0 1 5.08658
0 0 0 0 1 5.06016
0 0 0 0 1 5.04876
0 0 0 0 0 5.10868
0 0 0 0 1 5.07168
0 0 0 0 1 5.1564
0 0 0 0 0 5.20175
0 0 0 0 1 5.20601
0 0 0 0 1 5.17908
0 0 0 0 1 5.18839
0 0 0 0 1 5.271
0 0 0 0 1 5.28062
0 0 0 0 1 5.30081
0 0 0 0 1 5.34908
0 0 0 0 0 5.31635
0 0 0 0 1 5.29399
0 0 0 0 1 5.33038
0 0 0 0 1 5.43696
0 0 0 0 1 5.44858
0 0 0 0 1 5.44235
0 0 0 0 1 5.46871
0 0 0 0 1 5.52803
0 0 0 0 0 5.51237
0 0 0 0 1 5.50042
0 0 0 0 1 5.53973
0 0 0 0 0 5.61674
0 0 0 0 1 5.56153
0 0 0 0 1 5.63349
0 0 0 0 1 5.67367
0 0 0 0 0 5.7068
0 0 0 0 1 5.74742
0 0 0 0 1 5.67789
0 0 0 0 1 5.72419
0 0 0 0 1 5.82284
0 0 0 0 1 5.79446
0 0 0 0 1 5.8808
0 0 0 0 0 5.85214
0 0 0 0 1 5.94679
0 0 0 0 1 5.98297
0 0 0 0 1 5.93598
0 0 0 0 1 5.97209
0 0 0 0 1 6.02041
0 0 0 0 1 6.09925
0 0 0 0 1 6.13616
0 0 0 0 1 6.08165
0 0 0 0 1 6.19822
0 0 0 0 1 6.1199
0 0 0 0 0 9.44289
0 0 0 0 1 9.43393
0 0 0 0 0 9.37449
0 0 0 0 1 9.48494
0 0 0 0 1 9.47574
0 0 0 0 1 9.39796
0 0 0 0 1 9.33929
0 0 0 0 1 9.22196
0 0 0 0 1 9.26931
0 0 0 0 1 9.26693
0 0 0 0 0 9.12653
0 0 0 0 1 9.26215
0 0 0 0 1 9.1135
0 0 0 0 0 9.0478
0 0 0 0 1 9.11876
0 0 0 0 1 9.11683
0 0 0 0 1 8.97051
0 0 0 0 0 8.99276
0 0 0 0 0 8.93741
0 0 0 0 1 8.98648
0 0 0 0 1 8.96717
0 0 0 0 1 8.85906
0 0 0 0 1 8.89351
0 0 0 0 1 8.87474
0 0 0 0 1 8.72932
0 0 0 0 1 8.70242
0 0 0 0 0 8.69324
0 0 0 0 1 8.72976
0 0 0 0 1 8.65956
0 0 0 0 1 8.78643
0 0 0 0 1 8.71653
0 0 0 0 1 8.58307
0 0 0 0 1 8.60914
0 0 0 0 1 8.67467
0 0 0 0 1 8.59747
0 0 0 0 1 8.52581
0 0 0 0 1 8.552
0 0 0 0 1 8.54905
0 0 0 0 1 8.51218
0 0 0 0 1 8.44163
0 0 0 0 0 8.40528
0 0 0 0 0 8.4957
0 0 0 0 1 8.33693
0 0 0 0 1 8.43557
0 0 0 0 1 8.38308
0 0 0 0 1 8.34761
0 0 0 0 1 8.34571
0 0 0 0 1 8.23119
0 0 0 0 0 8.35416
0 0 0 0 1 8.32765
0 0 0 0 1 8.18186
0 0 0 0 1 8.31265
0 0 0 0 1 8.30306
0 0 0 0 0 8.2936
0 0 0 0 1 8.27607
0 0 0 0 1 8.20963
0 0 0 0 0 8.07828
0 0 0 0 1 8.2
0 0 0 0 0 8.20755
0 0 0 0 0 8.10162
0 0 0 0 0 8.1338
0 0 0 0 0 8.12557
0 0 0 0 1 8.12554
0 0 0 0 1 7.98472
0 0 0 0 1 8.11368
0 0 0 0 1 7.94558
0 0 0 0 1 8.05833
0 0 0 0 1 7.93913
0 0 0 0 1 8.0475
0 0 0 0 0 8.04037
0 0 0 0 0 7.93008
0 0 0 0 1 7.95516
0 0 0 0 1 7.83776
0 0 0 0 0 7.94574
0 0 0 0 1 7.89998
0 0 0 0 1 7.9254
0 0 0 0 1 7.90713
0 0 0 0 1 7.8104
0 0 0 0 1 7.85973
0 0 0 0 1 7.76025
0 0 0 0 0 7.78631
0 0 0 0 1 7.75319
0 0 0 0 0 7.85739
0 0 0 0 1 7.82131
0 0 0 0 1 7.843
0 0 0 0 1 7.81506
0 0 0 0 1 7.79814
