0 0 0 0 1 5.49742
0 0 0 0 1 5.52311
0 0 0 0 0 5.59909
0 0 0 0 1 5.59424
0 0 0 0 1 5.55912
0 0 0 0 0 5.56313
0 0 0 0 1 5.58873
0 0 0 0 1 5.59295
0 0 0 0 1 5.58835
0 0 0 0 0 5.59838
0 0 0 0 1 5.68739
0 0 0 0 1 5.6245
0 0 0 0 1 5.65406
0 0 0 0 1 5.68729
0 0 0 0 0 5.61302
0 0 0 0 1 5.69398
0 0 0 0 1 5.73909
0 0 0 0 1 5.6705
0 0 0 0 1 5.72164
0 0 0 0 1 5.68542
0 0 0 0 1 5.68532
0 0 0 0 1 5.70826
0 0 0 0 1 5.74287
0 0 0 0 1 5.70282
0 0 0 0 1 5.77991
0 0 0 0 1 5.80352
0 0 0 0 1 5.77518
0 0 0 0 1 5.79904
0 0 0 0 1 5.78817
0 0 0 0 0 5.77733
0 0 0 0 1 5.80158
0 0 0 0 1 5.81003
0 0 0 0 1 5.81855
0 0 0 0 1 5.93125
0 0 0 0 0 5.85619
0 0 0 0 1 5.87524
0 0 0 0 1 5.86487
0 0 0 0 0 5.90785
0 0 0 0 1 5.92732
0 0 0 0 1 5.91123
0 0 0 0 0 5.99655
0 0 0 0 1 6.01654
0 0 0 0 1 6.00199
0 0 0 0 0 5.97412
0 0 0 0 0 6.01237
0 0 0 0 1 6.08705
0 0 0 0 0 6.03393
0 0 0 0 0 6.04851
0 0 0 0 0 6.04497
0 0 0 0 1 6.08412
0 0 0 0 1 6.0685
0 0 0 0 1 6.07122
0 0 0 0 1 6.16506
0 0 0 0 1 6.19993
0 0 0 0 1 6.21544
0 0 0 0 1 6.13824
0 0 0 0 1 6.15374
0 0 0 0 1 6.28037
0 0 0 0 0 6.22149
0 0 0 0 1 6.27494
0 0 0 0 1 6.22112
0 0 0 0 1 6.27494
0 0 0 0 0 6.26596
0 0 0 0 1 6.30755
0 0 0 0 1 6.40012
0 0 0 0 1 6.3461
0 0 0 0 0 6.41384
0 0 0 0 1 6.35315
0 0 0 0 1 6.40208
0 0 0 0 1 6.37966
0 0 0 0 1 6.45482
0 0 0 0 1 6.43894
0 0 0 0 1 6.56025
0 0 0 0 1 6.55833
0 0 0 0 0 6.56948
0 0 0 0 0 6.61942
0 0 0 0 1 6.55119
0 0 0 0 1 6.63502
0 0 0 0 0 6.68566
0 0 0 0 1 6.59699
0 0 0 0 1 6.62778
0 0 0 0 1 6.70623
0 0 0 0 1 6.71797
0 0 0 0 1 6.78984
0 0 0 0 1 6.82839
0 0 0 0 1 6.81291
0 0 0 0 1 6.87219
0 0 0 0 1 6.85666
0 0 0 0 0 6.88214
0 0 0 0 1 6.92154
0 0 0 0 1 6.975
0 0 0 0 1 6.98066
0 0 0 0 1 6.97197
0 0 0 0 1 7.05394
0 0 0 0 0 6.96121
0 0 0 0 0 7.04363
0 0 0 0 1 7.09088
0 0 0 0 1 7.11046
0 0 0 0 1 7.17285
0 0 0 0 1 7.19274
0 0 0 0 1 7.20552
0 0 0 0 1 7.13186
0 0 0 0 1 7.25965
0 0 0 0 1 7.27256
0 0 0 0 1 7.30696
0 0 0 0 1 7.26133
0 0 0 0 0 7.33988
0 0 0 0 0 7.43454
0 0 0 0 1 7.48458
0 0 0 0 0 7.49022
0 0 0 0 0 7.44378
0 0 0 0 1 7.56924
0 0 0 0 1 7.58244
0 0 0 0 0 7.65629
0 0 0 0 1 7.69289
0 0 0 0 1 7.59156
0 0 0 0 1 7.63516
0 0 0 0 1 7.67127
0 0 0 0 0 7.76962
0 0 0 0 1 7.80632
0 0 0 0 1 7.84362
0 0 0 0 1 7.84916
0 0 0 0 1 7.93312
0 0 0 0 1 7.95458
0 0 0 0 1 8.00749
0 0 0 0 1 8.013
0 0 0 0 1 8.05867
0 0 0 0 1 8.06403
0 0 0 0 1 8.17455
0 0 0 0 1 8.22914
0 0 0 0 1 8.19292
0 0 0 0 1 8.32984
0 0 0 0 1 8.327
0 0 0 0 1 8.44873
0 0 0 0 1 8.37799
0 0 0 0 1 8.41608
0 0 0 0 1 8.46275
0 0 0 0 1 8.51813
0 0 0 0 1 8.60887
0 0 0 0 0 8.71679
0 0 0 0 1 8.75535
0 0 0 0 1 8.73344
0 0 0 0 1 8.88599
0 0 0 0 1 8.77615
0 0 0 0 1 8.92977
0 0 0 0 1 9.03111
0 0 0 0 1 9.01613
0 0 0 0 1 9.13638
0 0 0 0 1 9.03975
0 0 0 0 1 9.19725
0 0 0 0 1 9.23624
0 0 0 0 1 9.34944
0 0 0 0 1 9.36182
0 0 0 0 1 9.41864
0 0 0 0 1 9.41995
0 0 0 0 0 9.55278
0 0 0 0 1 9.6292
0 0 0 0 0 9.62035
0 0 0 0 1 9.70659
0 0 0 0 1 9.71502
0 0 0 0 1 9.93956
0 0 0 0 1 10.0091
0 0 0 0 0 10.0761
0 0 0 0 0 10.014
0 0 0 0 1 10.07
0 0 0 0 1 10.0972
0 0 0 0 0 10.1837
0 0 0 0 1 10.3017
0 0 0 0 1 10.3494
0 0 0 0 1 10.5525
0 0 0 0 1 10.6624
0 0 0 0 1 10.6218
0 0 0 0 1 10.7213
0 0 0 0 0 10.884
0 0 0 0 1 9.36173
0 0 0 0 1 9.25392
0 0 0 0 0 9.25335
0 0 0 0 1 9.22038
0 0 0 0 1 9.17391
0 0 0 0 1 9.18743
0 0 0 0 1 9.18726
0 0 0 0 1 9.19171
0 0 0 0 1 9.06376
0 0 0 0 1 9.16894
0 0 0 0 0 9.08723
0 0 0 0 1 9.0469
0 0 0 0 0 8.96595
0 0 0 0 0 9.04809
0 0 0 0 0 9.06251
0 0 0 0 1 9.00929
0 0 0 0 1 9.01499
0 0 0 0 1 8.92641
0 0 0 0 1 8.85614
0 0 0 0 0 8.94694
0 0 0 0 1 8.94428
0 0 0 0 1 8.86579
0 0 0 0 0 8.96521
0 0 0 0 1 8.8517
0 0 0 0 0 8.80062
0 0 0 0 1 8.76362
0 0 0 0 0 8.83645
0 0 0 0 1 8.786
0 0 0 0 1 8.83241
0 0 0 0 1 8.67717
0 0 0 0 1 8.68007
0 0 0 0 0 8.67073
0 0 0 0 1 8.639
0 0 0 0 0 8.651
0 0 0 0 1 8.61094
0 0 0 0 1 8.62318
0 0 0 0 1 8.73943
0 0 0 0 0 8.69113
0 0 0 0 0 8.6431
0 0 0 0 0 8.60396
0 0 0 0 1 8.67698
0 0 0 0 1 8.65535
0 0 0 0 1 8.53951
0 0 0 0 1 8.65553
0 0 0 0 1 8.61731
0 0 0 0 1 8.61351
0 0 0 0 1 8.57875
0 0 0 0 1 8.54969
0 0 0 0 1 8.60128
0 0 0 0 1 8.63034
0 0 0 0 1 8.88627
0 0 0 0 1 8.87817
0 0 0 0 1 9.04781
0 0 0 0 1 9.28373
0 0 0 0 1 9.39137
0 0 0 0 1 9.51718
0 0 0 0 1 9.58423
0 0 0 0 0 9.82564
0 0 0 0 1 9.94975
0 0 0 0 1 10.1943
0 0 0 0 1 10.3794
0 0 0 0 1 10.5845
0 0 0 0 1 10.7912
0 0 0 0 1 10.9527
0 0 0 0 1 11.0794
0 0 0 0 1 11.3835
0 0 0 0 1 11.5388
0 0 0 0 0 11.7959
0 0 0 0 1 12.1748
0 0 0 0 1 12.2963
0 0 0 0 0 12.6234
0 0 0 0 1 12.8604
0 0 0 0 1 22.8191
0 0 0 0 1 22.7775
0 0 0 0 1 22.5302
0 0 0 0 1 22.4444
0 0 0 0 1 22.7215
0 0 0 0 0 22.4553
0 0 0 0 1 22.778
0 0 0 0 1 22.739
0 0 0 0 0 22.8134
0 0 0 0 1 22.7527
0 0 0 0 1 22.7602
0 0 0 0 0 22.7004
0 0 0 0 1 22.3271
0 0 0 0 0 22.6738
0 0 0 0 1 22.4804
0 0 0 0 0 22.5125
0 0 0 0 1 22.4551
0 0 0 0 1 22.6454
0 0 0 0 0 23.246
0 0 0 0 0 23.9549
0 0 0 0 0 25.0427
0 0 0 0 1 26.0288
0 0 0 0 1 36.454
0 0 0 0 1 36.7303
0 0 0 0 1 36.5703
0 0 0 0 0 36.5203
0 0 0 0 1 36.5745
0 0 0 0 1 38.6034
0 0 0 0 0 51.8064
0 0 0 0 0 51.6348
0 0 0 0 1 51.9852
0 0 0 0 1 52.0757
0 0 0 0 1 52.1672
0 0 0 0 1 56.949
0 0 0 0 1 66.0517
0 0 0 0 0 69.1066
0 0 0 0 1 81.0737
0 0 0 0 0 4.96491
0 0 0 0 0 5.01501
0 0 0 0 0 5.00499
0 0 0 0 0 5.0601
0 0 0 0 0 5.03004
0 0 0 0 0 4.97493
0 0 0 0 0 5.05509
0 0 0 0 0 5.04507
0 0 0 0 0 4.97994
0 0 0 0 0 5.05509
0 0 0 0 0 5.02503
0 0 0 0 0 4.99998
0 0 0 0 0 86.7149
0 0 0 0 1 87.3371
0 0 0 0 1 75.0698
0 0 0 0 0 64.2858
0 0 0 0 1 60.1633
0 0 0 0 1 61.143
0 0 0 0 1 59.944
0 0 0 0 0 51.7254
0 0 0 0 1 48.1311
0 0 0 0 1 47.7115
0 0 0 0 1 39.6669
0 0 0 0 1 37.0407
0 0 0 0 1 35.3112
0 0 0 0 1 35.4303
0 0 0 0 1 36.0133
0 0 0 0 1 35.5272
0 0 0 0 1 28.2744
0 0 0 0 0 26.9643
0 0 0 0 1 25.7673
0 0 0 0 0 24.4176
0 0 0 0 1 24.8479
0 0 0 0 0 24.5646
0 0 0 0 1 24.5514
0 0 0 0 1 24.4165
0 0 0 0 1 24.504
0 0 0 0 1 24.9131
0 0 0 0 1 24.8784
0 0 0 0 1 24.4733
0 0 0 0 1 24.7099
0 0 0 0 1 18.2363
0 0 0 0 1 17.5797
0 0 0 0 0 17.0542
0 0 0 0 1 16.8113
0 0 0 0 1 16.3262
0 0 0 0 1 15.9589
0 0 0 0 1 15.6248
0 0 0 0 0 15.0305
0 0 0 0 1 14.8605
0 0 0 0 1 14.4663
0 0 0 0 1 14.1836
0 0 0 0 1 13.8314
0 0 0 0 1 13.9822
0 0 0 0 1 14.0222
0 0 0 0 0 13.784
0 0 0 0 1 13.7965
0 0 0 0 1 14.0624
0 0 0 0 1 13.8243
0 0 0 0 1 13.8515
0 0 0 0 0 13.9069
0 0 0 0 0 13.979
0 0 0 0 1 14.1333
0 0 0 0 1 13.9934
0 0 0 0 1 14.1766
0 0 0 0 1 13.9268
0 0 0 0 1 14.1671
0 0 0 0 1 14.1685
0 0 0 0 1 14.0033
0 0 0 0 1 14.0897
0 0 0 0 1 14.2614
0 0 0 0 1 14.224
0 0 0 0 1 14.1131
0 0 0 0 0 14.1469
0 0 0 0 0 14.2066
0 0 0 0 1 14.3835
0 0 0 0 0 14.2445
0 0 0 0 1 14.4224
0 0 0 0 1 14.1977
0 0 0 0 1 14.4052
0 0 0 0 0 14.2375
0 0 0 0 1 8.83475
0 0 0 0 1 8.75577
0 0 0 0 1 8.55566
0 0 0 0 0 8.52021
0 0 0 0 1 8.37417
0 0 0 0 1 8.22104
0 0 0 0 1 8.24245
0 0 0 0 1 8.10618
0 0 0 0 0 7.94028
0 0 0 0 1 7.97379
0 0 0 0 1 7.85766
0 0 0 0 1 7.66348
0 0 0 0 1 7.58798
0 0 0 0 1 7.52001
0 0 0 0 1 7.48176
0 0 0 0 1 7.42977
0 0 0 0 0 7.2584
0 0 0 0 1 7.25034
0 0 0 0 1 7.17655
0 0 0 0 1 7.03194
0 0 0 0 1 6.99427
0 0 0 0 0 6.8956
0 0 0 0 1 6.87129
0 0 0 0 1 6.80071
0 0 0 0 0 6.72362
0 0 0 0 1 6.6469
0 0 0 0 1 6.67665
0 0 0 0 1 6.50119
0 0 0 0 1 6.44507
0 0 0 0 0 6.43016
0 0 0 0 0 6.43122
0 0 0 0 1 6.31365
0 0 0 0 0 6.3354
0 0 0 0 1 6.28127
0 0 0 0 0 6.21491
0 0 0 0 1 6.13666
0 0 0 0 1 6.09534
0 0 0 0 0 5.99662
0 0 0 0 1 6.02733
0 0 0 0 0 5.92947
0 0 0 0 0 5.92358
0 0 0 0 1 5.79771
0 0 0 0 1 5.77726
0 0 0 0 1 5.74509
0 0 0 0 1 5.70979
0 0 0 0 1 5.70002
0 0 0 0 0 5.59462
0 0 0 0 1 5.62127
0 0 0 0 1 5.49485
0 0 0 0 1 5.46847
0 0 0 0 1 5.39301
0 0 0 0 1 5.36444
0 0 0 0 0 5.35735
0 0 0 0 1 5.33615
0 0 0 0 1 5.28622
0 0 0 0 1 5.2859
0 0 0 0 1 5.1945
0 0 0 0 1 5.23348
0 0 0 0 0 5.10686
0 0 0 0 1 5.14522
0 0 0 0 1 5.04232
0 0 0 0 1 5.00922
0 0 0 0 1 5.05466
0 0 0 0 1 4.94654
0 0 0 0 1 4.90879
0 0 0 0 1 4.91053
0 0 0 0 1 4.91192
0 0 0 0 0 4.80949
0 0 0 0 1 4.80614
0 0 0 0 1 4.81981
0 0 0 0 1 4.81222
0 0 0 0 0 4.81528
0 0 0 0 1 4.89615
0 0 0 0 1 4.89353
0 0 0 0 1 4.8969
0 0 0 0 1 4.95919
0 0 0 0 1 4.91844
0 0 0 0 1 4.89603
0 0 0 0 1 4.9936
0 0 0 0 1 5.01224
0 0 0 0 1 4.94988
0 0 0 0 0 5.05858
0 0 0 0 1 5.03232
0 0 0 0 1 5.04116
0 0 0 0 1 5.06016
0 0 0 0 1 5.10469
0 0 0 0 0 5.12399
0 0 0 0 1 5.15877
0 0 0 0 1 5.14613
0 0 0 0 1 5.1966
0 0 0 0 1 5.16461
0 0 0 0 1 5.1583
0 0 0 0 1 5.20403
0 0 0 0 1 5.21865
0 0 0 0 0 5.2491
0 0 0 0 1 5.26389
0 0 0 0 1 5.33318
0 0 0 0 0 5.34828
0 0 0 0 1 5.33138
0 0 0 0 0 5.39473
0 0 0 0 1 5.4262
0 0 0 0 1 5.41611
0 0 0 0 0 5.45321
0 0 0 0 1 5.4578
0 0 0 0 1 5.52256
0 0 0 0 1 5.45735
0 0 0 0 1 5.56669
0 0 0 0 1 5.53418
0 0 0 0 1 5.57774
0 0 0 0 1 5.64554
0 0 0 0 1 5.59976
0 0 0 0 1 5.63976
0 0 0 0 1 5.72381
0 0 0 0 1 5.65049
0 0 0 0 0 5.68934
0 0 0 0 1 5.75871
0 0 0 0 0 5.74767
0 0 0 0 1 5.7654
0 0 0 0 1 5.80495
0 0 0 0 1 5.88733
0 0 0 0 0 5.88785
0 0 0 0 1 5.90596
0 0 0 0 1 5.90025
0 0 0 0 1 5.97808
0 0 0 0 1 6.04447
0 0 0 0 0 6.08716
0 0 0 0 1 6.05111
0 0 0 0 1 6.16714
0 0 0 0 1 6.19822
0 0 0 0 1 6.20635
0 0 0 0 1 9.57615
0 0 0 0 1 9.38652
0 0 0 0 1 9.36504
0 0 0 0 1 9.36249
0 0 0 0 1 9.32563
0 0 0 0 0 9.39796
0 0 0 0 1 9.30201
0 0 0 0 1 9.34281
0 0 0 0 0 9.20449
0 0 0 0 1 9.19309
0 0 0 0 1 9.29214
0 0 0 0 0 9.22546
0 0 0 0 1 9.17749
0 0 0 0 1 9.07514
0 0 0 0 1 9.0461
0 0 0 0 0 9.01724
0 0 0 0 1 9.04271
0 0 0 0 0 9.03777
0 0 0 0 0 8.98228
0 0 0 0 1 8.87907
0 0 0 0 0 8.99394
0 0 0 0 1 8.85906
0 0 0 0 1 8.91124
0 0 0 0 1 8.79518
0 0 0 0 1 8.79104
0 0 0 0 1 8.81669
0 0 0 0 0 8.73705
0 0 0 0 0 8.79974
0 0 0 0 0 8.69445
0 0 0 0 1 8.77773
0 0 0 0 0 8.7252
0 0 0 0 1 8.59172
0 0 0 0 1 8.60914
0 0 0 0 1 8.59722
0 0 0 0 1 8.50309
0 0 0 0 1 8.59429
0 0 0 0 1 8.552
0 0 0 0 1 8.48093
0 0 0 0 1 8.45271
0 0 0 0 1 8.50096
0 0 0 0 1 8.37991
0 0 0 0 1 8.37759
0 0 0 0 1 8.39581
0 0 0 0 0 8.32645
0 0 0 0 0 8.29096
0 0 0 0 1 8.33089
0 0 0 0 1 8.34571
0 0 0 0 1 8.27277
0 0 0 0 1 8.28779
0 0 0 0 1 8.20348
0 0 0 0 0 8.33889
0 0 0 0 0 8.28791
0 0 0 0 1 8.17963
0 0 0 0 1 8.26897
0 0 0 0 1 8.27607
0 0 0 0 0 8.20963
0 0 0 0 1 8.217
0 0 0 0 1 8.18372
0 0 0 0 1 8.09378
0 0 0 0 1 8.06918
0 0 0 0 1 8.03668
0 0 0 0 1 8.13365
0 0 0 0 1 8.0288
0 0 0 0 1 7.99277
0 0 0 0 1 8.10564
0 0 0 0 1 8.0899
0 0 0 0 1 8.02632
0 0 0 0 0 7.90718
0 0 0 0 1 8.02357
0 0 0 0 1 8.00056
0 0 0 0 0 8.00954
0 0 0 0 1 7.99481
0 0 0 0 1 7.97234
0 0 0 0 1 7.91412
0 0 0 0 0 7.89998
0 0 0 0 1 7.88601
0 0 0 0 1 7.87566
0 0 0 0 1 7.91255
0 0 0 0 1 7.77345
0 0 0 0 1 7.76025
0 0 0 0 1 7.86449
0 0 0 0 1 7.75319
0 0 0 0 1 7.86519
0 0 0 0 0 7.85244
0 0 0 0 1 7.78082
0 0 0 0 0 7.68313
0 0 0 0 0 7.68186
