0 0 0 0 1 5.52515
0 0 0 0 1 5.512
0 0 0 0 0 5.57126
0 0 0 0 1 5.62767
0 0 0 0 1 5.5647
0 0 0 0 1 5.60786
0 0 0 0 1 5.60552
0 0 0 0 1 5.55933
0 0 0 0 0 5.66129
0 0 0 0 0 5.62648
0 0 0 0 0 5.59729
0 0 0 0 1 5.6922
0 0 0 0 1 5.61452
0 0 0 0 1 5.68729
0 0 0 0 0 5.68106
0 0 0 0 0 5.65424
0 0 0 0 1 5.72771
0 0 0 0 1 5.6591
0 0 0 0 1 5.6988
0 0 0 0 0 5.65685
0 0 0 0 1 5.76548
0 0 0 0 1 5.77136
0 0 0 0 1 5.72562
0 0 0 0 1 5.72586
0 0 0 0 1 5.78568
0 0 0 0 1 5.76884
0 0 0 0 1 5.78676
0 0 0 0 1 5.7584
0 0 0 0 1 5.79399
0 0 0 0 1 5.84729
0 0 0 0 0 5.88337
0 0 0 0 1 5.79833
0 0 0 0 0 5.84785
0 0 0 0 1 5.88427
0 0 0 0 1 5.90327
0 0 0 0 1 5.85754
0 0 0 0 1 5.86487
0 0 0 0 1 5.88414
0 0 0 0 1 5.95702
0 0 0 0 1 5.9648
0 0 0 0 1 6.02638
0 0 0 0 1 6.0285
0 0 0 0 1 5.94808
0 0 0 0 1 6.02816
0 0 0 0 1 6.07857
0 0 0 0 1 5.97242
0 0 0 0 1 6.1005
0 0 0 0 1 6.11525
0 0 0 0 0 6.08754
0 0 0 0 1 6.14508
0 0 0 0 1 6.06239
0 0 0 0 1 6.16924
0 0 0 0 1 6.17736
0 0 0 0 1 6.18146
0 0 0 0 1 6.11669
0 0 0 0 0 6.20012
0 0 0 0 1 6.15374
0 0 0 0 1 6.18078
0 0 0 0 1 6.20901
0 0 0 0 1 6.19987
0 0 0 0 1 6.2839
0 0 0 0 1 6.23718
0 0 0 0 0 6.30382
0 0 0 0 1 6.3898
0 0 0 0 1 6.40012
0 0 0 0 1 6.37156
0 0 0 0 1 6.36278
0 0 0 0 1 6.37877
0 0 0 0 1 6.43419
0 0 0 0 1 6.50855
0 0 0 0 1 6.48067
0 0 0 0 1 6.52973
0 0 0 0 1 6.47572
0 0 0 0 1 6.58441
0 0 0 0 1 6.60216
0 0 0 0 1 6.58661
0 0 0 0 1 6.59069
0 0 0 0 1 6.5426
0 0 0 0 1 6.57964
0 0 0 0 1 6.67679
0 0 0 0 0 6.60776
0 0 0 0 1 6.67945
0 0 0 0 1 6.77837
0 0 0 0 1 6.69553
0 0 0 0 0 6.81487
0 0 0 0 1 6.77898
0 0 0 0 1 6.87219
0 0 0 0 1 6.85666
0 0 0 0 1 6.82039
0 0 0 0 1 6.91465
0 0 0 0 0 6.8644
0 0 0 0 1 6.87668
0 0 0 0 0 6.9998
0 0 0 0 1 6.99807
0 0 0 0 1 6.97523
0 0 0 0 1 6.99438
0 0 0 0 1 7.02018
0 0 0 0 1 7.04659
0 0 0 0 1 7.11587
0 0 0 0 1 7.17844
0 0 0 0 1 7.13375
0 0 0 0 1 7.26153
0 0 0 0 1 7.16556
0 0 0 0 1 7.28709
0 0 0 0 1 7.31426
0 0 0 0 1 7.36391
0 0 0 0 1 7.42822
0 0 0 0 1 7.39024
0 0 0 0 1 7.45491
0 0 0 0 1 7.41569
0 0 0 0 1 7.54104
0 0 0 0 0 7.48656
0 0 0 0 1 7.58999
0 0 0 0 1 7.61835
0 0 0 0 1 7.66243
0 0 0 0 1 7.714
0 0 0 0 1 7.70436
0 0 0 0 0 7.679
0 0 0 0 1 7.72305
0 0 0 0 1 7.82192
0 0 0 0 0 7.78882
0 0 0 0 0 7.93567
0 0 0 0 1 7.89357
0 0 0 0 1 8.00226
0 0 0 0 1 7.9995
0 0 0 0 1 7.98891
0 0 0 0 1 8.01027
0 0 0 0 0 8.16128
0 0 0 0 1 8.20715
0 0 0 0 1 8.18001
0 0 0 0 1 8.20115
0 0 0 0 0 8.3464
0 0 0 0 1 8.28541
0 0 0 0 0 8.38181
0 0 0 0 0 8.42846
0 0 0 0 1 8.54296
0 0 0 0 0 8.48826
0 0 0 0 1 8.51813
0 0 0 0 1 8.51436
0 0 0 0 1 8.66496
0 0 0 0 0 8.6771
0 0 0 0 1 8.79463
0 0 0 0 1 8.75402
0 0 0 0 0 8.78499
0 0 0 0 1 8.92977
0 0 0 0 1 8.91476
0 0 0 0 1 8.98911
0 0 0 0 1 9.082
0 0 0 0 1 9.12177
0 0 0 0 1 9.13306
0 0 0 0 0 9.27314
0 0 0 0 1 9.27516
0 0 0 0 1 9.32449
0 0 0 0 1 9.45624
0 0 0 0 1 9.51453
0 0 0 0 1 9.50516
0 0 0 0 1 9.67715
0 0 0 0 1 9.6107
0 0 0 0 1 9.64829
0 0 0 0 1 9.76394
0 0 0 0 1 9.84105
0 0 0 0 1 9.90011
0 0 0 0 1 10.0561
0 0 0 0 1 10.0039
0 0 0 0 0 10.0599
0 0 0 0 1 10.2603
0 0 0 0 1 10.2865
0 0 0 0 1 10.3017
0 0 0 0 1 10.4119
0 0 0 0 0 10.5945
0 0 0 0 0 10.6095
0 0 0 0 0 10.5899
0 0 0 0 1 10.689
0 0 0 0 0 10.7324
0 0 0 0 1 9.29659
0 0 0 0 1 9.37458
0 0 0 0 0 9.27188
0 0 0 0 0 9.30353
0 0 0 0 1 9.13703
0 0 0 0 1 9.17824
0 0 0 0 1 9.23315
0 0 0 0 0 9.23749
0 0 0 0 1 9.16426
0 0 0 0 1 9.17805
0 0 0 0 1 9.07814
0 0 0 0 1 9.0832
0 0 0 0 1 8.99312
0 0 0 0 0 8.94866
0 0 0 0 1 9.06251
0 0 0 0 1 8.94629
0 0 0 0 1 9.05988
0 0 0 0 0 8.9533
0 0 0 0 1 8.91876
0 0 0 0 1 8.88444
0 0 0 0 0 8.89974
0 0 0 0 0 8.81244
0 0 0 0 0 8.96521
0 0 0 0 1 8.77196
0 0 0 0 1 8.93329
0 0 0 0 1 8.77245
0 0 0 0 1 8.78359
0 0 0 0 1 8.70685
0 0 0 0 0 8.77095
0 0 0 0 0 8.74729
0 0 0 0 1 8.72382
0 0 0 0 0 8.67946
0 0 0 0 1 8.72617
0 0 0 0 0 8.78155
0 0 0 0 0 8.61963
0 0 0 0 1 8.58848
0 0 0 0 1 8.62683
0 0 0 0 0 8.69978
0 0 0 0 1 8.69491
0 0 0 0 0 8.6988
0 0 0 0 1 8.61672
0 0 0 0 1 8.60378
0 0 0 0 0 8.62534
0 0 0 0 1 8.62982
0 0 0 0 1 8.56596
0 0 0 0 1 8.52806
0 0 0 0 1 8.49339
0 0 0 0 1 8.53264
0 0 0 0 1 8.66131
0 0 0 0 0 8.72604
0 0 0 0 1 8.89509
0 0 0 0 1 9.03047
0 0 0 0 1 9.01144
0 0 0 0 1 9.20983
0 0 0 0 1 9.28817
0 0 0 0 1 9.54579
0 0 0 0 1 9.69072
0 0 0 0 1 9.78626
0 0 0 0 1 10.0398
0 0 0 0 1 10.2453
0 0 0 0 1 10.3276
0 0 0 0 1 10.4473
0 0 0 0 1 10.6945
0 0 0 0 1 10.8871
0 0 0 0 1 11.1686
0 0 0 0 0 11.4175
0 0 0 0 0 11.6199
0 0 0 0 1 11.855
0 0 0 0 1 12.1748
0 0 0 0 0 12.2717
0 0 0 0 1 12.5857
0 0 0 0 1 12.8219
0 0 0 0 0 22.7055
0 0 0 0 1 22.6639
0 0 0 0 1 22.7117
0 0 0 0 1 22.4444
0 0 0 0 1 22.6082
0 0 0 0 1 22.6816
0 0 0 0 1 22.4161
0 0 0 0 1 22.4678
0 0 0 0 1 22.565
0 0 0 0 1 22.4141
0 0 0 0 1 22.5346
0 0 0 0 1 22.3397
0 0 0 0 0 22.3722
0 0 0 0 1 22.4261
0 0 0 0 1 22.5254
0 0 0 0 1 22.2876
0 0 0 0 1 22.5226
0 0 0 0 0 22.2859
0 0 0 0 0 23.0372
0 0 0 0 1 24.2927
0 0 0 0 0 25.319
0 0 0 0 1 26.1598
0 0 0 0 1 36.1627
0 0 0 0 1 36.3298
0 0 0 0 0 36.2428
0 0 0 0 1 36.1201
0 0 0 0 0 36.4289
0 0 0 0 1 38.141
0 0 0 0 1 52.327
0 0 0 0 1 52.4676
0 0 0 0 0 51.8291
0 0 0 0 1 51.9197
0 0 0 0 1 51.6991
0 0 0 0 1 56.7235
0 0 0 0 1 65.7898
0 0 0 0 1 69.8729
0 0 0 0 1 81.7282
0 0 0 0 0 4.97493
0 0 0 0 0 4.9599
0 0 0 0 0 5.05008
0 0 0 0 0 5.03004
0 0 0 0 0 5.02503
0 0 0 0 0 5.02503
0 0 0 0 0 5.03004
0 0 0 0 0 5.05509
0 0 0 0 0 5.02002
0 0 0 0 0 4.98495
0 0 0 0 0 5.0601
0 0 0 0 0 5.04006
0 0 0 0 1 87.8536
0 0 0 0 1 88.4759
0 0 0 0 1 75.7461
0 0 0 0 1 64.1582
0 0 0 0 1 59.9212
0 0 0 0 1 60.5981
0 0 0 0 1 60.1256
0 0 0 0 1 51.9833
0 0 0 0 1 47.8912
0 0 0 0 1 48.1915
0 0 0 0 0 39.1171
0 0 0 0 1 37.0407
0 0 0 0 1 35.8818
0 0 0 0 1 35.9298
0 0 0 0 1 35.6564
0 0 0 0 1 35.7771
0 0 0 0 0 28.3025
0 0 0 0 1 26.7499
0 0 0 0 1 25.3827
0 0 0 0 1 24.6391
0 0 0 0 1 24.5031
0 0 0 0 1 24.4906
0 0 0 0 1 24.8718
0 0 0 0 0 24.5891
0 0 0 0 0 24.43
0 0 0 0 1 24.7156
0 0 0 0 0 24.656
0 0 0 0 1 24.6711
0 0 0 0 0 24.8336
0 0 0 0 1 18.0907
0 0 0 0 1 17.5797
0 0 0 0 1 17.037
0 0 0 0 1 16.6273
0 0 0 0 0 16.2284
0 0 0 0 1 15.8954
0 0 0 0 1 15.5938
0 0 0 0 0 15.0758
0 0 0 0 0 14.6835
0 0 0 0 1 14.4663
0 0 0 0 1 14.1977
0 0 0 0 1 13.7481
0 0 0 0 1 13.7737
0 0 0 0 1 13.7857
0 0 0 0 1 14.0068
0 0 0 0 1 13.8383
0 0 0 0 1 13.895
0 0 0 0 1 13.8382
0 0 0 0 1 13.8515
0 0 0 0 1 13.9349
0 0 0 0 1 13.909
0 0 0 0 0 14.1614
0 0 0 0 1 13.9794
0 0 0 0 1 14.0361
0 0 0 0 1 14.166
0 0 0 0 1 14.1671
0 0 0 0 1 13.9711
0 0 0 0 1 14.2151
0 0 0 0 1 14.1463
0 0 0 0 1 14.0634
0 0 0 0 1 14.224
0 0 0 0 1 14.1698
0 0 0 0 1 14.2889
0 0 0 0 0 14.1497
0 0 0 0 1 14.113
0 0 0 0 1 14.4014
0 0 0 0 1 14.3225
0 0 0 0 1 14.3264
0 0 0 0 1 14.2763
0 0 0 0 0 14.4669
0 0 0 0 1 8.79062
0 0 0 0 1 8.68607
0 0 0 0 1 8.64165
0 0 0 0 0 8.51172
0 0 0 0 1 8.47486
0 0 0 0 1 8.23762
0 0 0 0 1 8.12774
0 0 0 0 1 8.11427
0 0 0 0 1 7.92429
0 0 0 0 1 7.87105
0 0 0 0 1 7.88112
0 0 0 0 0 7.74073
0 0 0 0 1 7.5727
0 0 0 0 0 7.60315
0 0 0 0 1 7.41449
0 0 0 0 1 7.46677
0 0 0 0 1 7.32426
0 0 0 0 0 7.27207
0 0 0 0 1 7.13353
0 0 0 0 1 7.13838
0 0 0 0 1 6.95214
0 0 0 0 1 6.93039
0 0 0 0 1 6.82998
0 0 0 0 0 6.86892
0 0 0 0 1 6.82498
0 0 0 0 1 6.70715
0 0 0 0 1 6.67002
0 0 0 0 1 6.52089
0 0 0 0 1 6.54263
0 0 0 0 1 6.42371
0 0 0 0 1 6.36736
0 0 0 0 1 6.38331
0 0 0 0 1 6.34167
0 0 0 0 1 6.26259
0 0 0 0 1 6.11616
0 0 0 0 1 6.16725
0 0 0 0 1 6.1196
0 0 0 0 0 6.03877
0 0 0 0 1 5.94975
0 0 0 0 1 5.89985
0 0 0 0 1 5.85313
0 0 0 0 1 5.87928
0 0 0 0 1 5.72521
0 0 0 0 0 5.79674
0 0 0 0 1 5.69842
0 0 0 0 1 5.67744
0 0 0 0 1 5.62262
0 0 0 0 1 5.55449
0 0 0 0 0 5.48381
0 0 0 0 1 5.50682
0 0 0 0 1 5.42563
0 0 0 0 1 5.35904
0 0 0 0 0 5.4003
0 0 0 0 1 5.36277
0 0 0 0 1 5.25976
0 0 0 0 1 5.2754
0 0 0 0 1 5.19972
0 0 0 0 1 5.17648
0 0 0 0 1 5.13775
0 0 0 0 1 5.1401
0 0 0 0 1 5.05754
0 0 0 0 1 5.04449
0 0 0 0 1 5.0346
0 0 0 0 1 5.01129
0 0 0 0 1 4.89889
0 0 0 0 0 4.89087
0 0 0 0 1 4.9168
0 0 0 0 1 4.89694
0 0 0 0 1 4.80614
0 0 0 0 0 4.81018
0 0 0 0 1 4.78808
0 0 0 0 1 4.81044
0 0 0 0 1 4.83295
0 0 0 0 1 4.90815
0 0 0 0 1 4.84308
0 0 0 0 1 4.87081
0 0 0 0 1 4.88394
0 0 0 0 1 4.92073
0 0 0 0 1 4.99856
0 0 0 0 1 5.00726
0 0 0 0 1 5.00477
0 0 0 0 1 5.01851
0 0 0 0 1 5.07757
0 0 0 0 1 5.06639
0 0 0 0 1 5.05003
0 0 0 0 1 5.13519
0 0 0 0 1 5.12399
0 0 0 0 1 5.15877
0 0 0 0 1 5.08963
0 0 0 0 1 5.17082
0 0 0 0 1 5.19566
0 0 0 0 1 5.1583
0 0 0 0 1 5.22489
0 0 0 0 1 5.21342
0 0 0 0 1 5.2491
0 0 0 0 1 5.26389
0 0 0 0 1 5.31197
0 0 0 0 1 5.27378
0 0 0 0 1 5.32604
0 0 0 0 0 5.40009
0 0 0 0 0 5.3293
0 0 0 0 1 5.38906
0 0 0 0 1 5.43691
0 0 0 0 0 5.44144
0 0 0 0 0 5.42404
0 0 0 0 1 5.46285
0 0 0 0 1 5.53908
0 0 0 0 1 5.57303
0 0 0 0 1 5.54987
0 0 0 0 1 5.56713
0 0 0 0 1 5.65036
0 0 0 0 1 5.64541
0 0 0 0 1 5.63305
0 0 0 0 0 5.72461
0 0 0 0 0 5.70078
0 0 0 0 1 5.7472
0 0 0 0 1 5.75345
0 0 0 0 1 5.8177
0 0 0 0 1 5.79328
0 0 0 0 1 5.89906
0 0 0 0 1 5.92321
0 0 0 0 1 5.95335
0 0 0 0 0 5.98956
0 0 0 0 0 6.01398
0 0 0 0 1 5.98433
0 0 0 0 1 6.00254
0 0 0 0 1 6.09364
0 0 0 0 1 6.14272
0 0 0 0 1 6.0939
0 0 0 0 1 6.23723
0 0 0 0 1 9.60471
0 0 0 0 0 9.52874
0 0 0 0 1 9.45954
0 0 0 0 1 9.43785
0 0 0 0 1 9.41945
0 0 0 0 1 9.38861
0 0 0 0 1 9.35793
0 0 0 0 1 9.37999
0 0 0 0 1 9.29709
0 0 0 0 0 9.23924
0 0 0 0 1 9.26454
0 0 0 0 1 9.08791
0 0 0 0 1 9.1135
0 0 0 0 1 9.2027
0 0 0 0 0 8.9916
0 0 0 0 0 9.12588
0 0 0 0 1 9.06978
0 0 0 0 0 9.06477
0 0 0 0 1 8.91049
0 0 0 0 1 8.87907
0 0 0 0 1 8.93148
0 0 0 0 1 8.9569
0 0 0 0 1 8.90238
0 0 0 0 1 8.75982
0 0 0 0 1 8.84395
0 0 0 0 1 8.84306
0 0 0 0 1 8.77211
0 0 0 0 1 8.69477
0 0 0 0 1 8.69445
0 0 0 0 1 8.73423
0 0 0 0 1 8.7252
0 0 0 0 1 8.66959
0 0 0 0 1 8.65227
0 0 0 0 1 8.63164
0 0 0 0 1 8.60605
0 0 0 0 1 8.48301
0 0 0 0 1 8.552
0 0 0 0 1 8.45538
0 0 0 0 1 8.45271
0 0 0 0 1 8.4162
0 0 0 0 1 8.52366
0 0 0 0 0 8.38603
0 0 0 0 1 8.47994
0 0 0 0 1 8.46914
0 0 0 0 0 8.42495
0 0 0 0 1 8.36432
0 0 0 0 1 8.4124
0 0 0 0 1 8.38917
0 0 0 0 1 8.36245
0 0 0 0 1 8.36076
0 0 0 0 1 8.32236
0 0 0 0 1 8.20544
0 0 0 0 1 8.28661
0 0 0 0 1 8.24433
0 0 0 0 1 8.25968
0 0 0 0 0 8.25052
0 0 0 0 1 8.10276
0 0 0 0 1 8.11857
0 0 0 0 1 8.15879
0 0 0 0 1 8.03674
0 0 0 0 1 8.04478
0 0 0 0 0 8.15788
0 0 0 0 1 8.10135
0 0 0 0 1 8.12155
0 0 0 0 1 8.02531
0 0 0 0 1 8.08188
0 0 0 0 1 8.03432
0 0 0 0 0 8.06692
0 0 0 0 0 7.89596
0 0 0 0 0 7.94484
0 0 0 0 0 7.9857
0 0 0 0 1 7.97102
0 0 0 0 1 7.98818
0 0 0 0 1 7.85087
0 0 0 0 1 7.82106
0 0 0 0 1 7.93328
0 0 0 0 1 7.79698
0 0 0 0 1 7.92826
0 0 0 0 1 7.86757
0 0 0 0 1 7.79157
0 0 0 0 1 7.77849
0 0 0 0 0 7.73758
0 0 0 0 1 7.75606
0 0 0 0 1 7.86022
0 0 0 0 1 7.81968
0 0 0 0 0 7.79178
0 0 0 0 1 7.73612
