0 0 0 0 1 5.59172
0 0 0 0 1 5.52866
0 0 0 0 1 5.5323
0 0 0 0 1 5.6221
0 0 0 0 1 5.60377
0 0 0 0 0 5.61345
0 0 0 0 1 5.59992
0 0 0 0 0 5.6602
0 0 0 0 0 5.57152
0 0 0 0 0 5.63773
0 0 0 0 1 5.63671
0 0 0 0 1 5.6922
0 0 0 0 1 5.63711
0 0 0 0 0 5.61938
0 0 0 0 1 5.70941
0 0 0 0 1 5.64856
0 0 0 0 1 5.71634
0 0 0 0 1 5.68189
0 0 0 0 1 5.6988
0 0 0 0 1 5.67399
0 0 0 0 0 5.69677
0 0 0 0 1 5.75415
0 0 0 0 0 5.70263
0 0 0 0 0 5.78347
0 0 0 0 1 5.79144
0 0 0 0 1 5.8382
0 0 0 0 1 5.82731
0 0 0 0 1 5.7526
0 0 0 0 1 5.82889
0 0 0 0 0 5.85312
0 0 0 0 1 5.79573
0 0 0 0 1 5.83344
0 0 0 0 0 5.89472
0 0 0 0 0 5.92538
0 0 0 0 1 5.87385
0 0 0 0 1 5.90473
0 0 0 0 1 5.96537
0 0 0 0 1 5.97895
0 0 0 0 1 5.92732
0 0 0 0 1 5.94099
0 0 0 0 0 5.99655
0 0 0 0 1 5.92683
0 0 0 0 1 6.01996
0 0 0 0 1 6.04017
0 0 0 0 1 5.97024
0 0 0 0 1 6.07498
0 0 0 0 1 6.07024
0 0 0 0 1 6.10918
0 0 0 0 1 6.05713
0 0 0 0 0 6.05364
0 0 0 0 1 6.08072
0 0 0 0 1 6.12023
0 0 0 0 0 6.20194
0 0 0 0 1 6.11989
0 0 0 0 1 6.16606
0 0 0 0 1 6.15681
0 0 0 0 1 6.25919
0 0 0 0 1 6.27414
0 0 0 0 1 6.19653
0 0 0 0 1 6.19361
0 0 0 0 1 6.23368
0 0 0 0 1 6.27494
0 0 0 0 1 6.28489
0 0 0 0 0 6.30755
0 0 0 0 1 6.33035
0 0 0 0 0 6.35883
0 0 0 0 1 6.40107
0 0 0 0 1 6.37877
0 0 0 0 0 6.36998
0 0 0 0 1 6.47633
0 0 0 0 1 6.50005
0 0 0 0 1 6.41949
0 0 0 0 1 6.52774
0 0 0 0 1 6.55181
0 0 0 0 0 6.49758
0 0 0 0 1 6.49477
0 0 0 0 0 6.57094
0 0 0 0 1 6.64823
0 0 0 0 1 6.68566
0 0 0 0 1 6.68344
0 0 0 0 0 6.7012
0 0 0 0 1 6.6393
0 0 0 0 1 6.77837
0 0 0 0 1 6.77636
0 0 0 0 1 6.72698
0 0 0 0 1 6.81969
0 0 0 0 1 6.77002
0 0 0 0 1 6.80881
0 0 0 0 1 6.79981
0 0 0 0 1 6.9422
0 0 0 0 1 6.85748
0 0 0 0 1 7.00146
0 0 0 0 0 6.9163
0 0 0 0 1 6.93521
0 0 0 0 0 6.9542
0 0 0 0 1 6.97327
0 0 0 0 0 7.04139
0 0 0 0 1 7.13884
0 0 0 0 1 7.17997
0 0 0 0 1 7.10694
0 0 0 0 1 7.13375
0 0 0 0 1 7.26874
0 0 0 0 1 7.31031
0 0 0 0 0 7.32342
0 0 0 0 1 7.27776
0 0 0 0 1 7.27599
0 0 0 0 1 7.30307
0 0 0 0 1 7.43454
0 0 0 0 0 7.38073
0 0 0 0 0 7.39334
0 0 0 0 1 7.48867
0 0 0 0 0 7.44898
0 0 0 0 1 7.6202
0 0 0 0 0 7.59559
0 0 0 0 1 7.68528
0 0 0 0 0 7.66043
0 0 0 0 1 7.61978
0 0 0 0 1 7.7408
0 0 0 0 1 7.79291
0 0 0 0 1 7.75953
0 0 0 0 1 7.83579
0 0 0 0 1 7.88849
0 0 0 0 1 7.9173
0 0 0 0 1 8.01815
0 0 0 0 1 8.04745
0 0 0 0 0 8.04511
0 0 0 0 1 8.04253
0 0 0 0 1 8.13697
0 0 0 0 1 8.0686
0 0 0 0 0 8.18001
0 0 0 0 1 8.25056
0 0 0 0 0 8.28844
0 0 0 0 0 8.34364
0 0 0 0 1 8.32325
0 0 0 0 0 8.32752
0 0 0 0 1 8.50067
0 0 0 0 0 8.56481
0 0 0 0 1 8.47537
0 0 0 0 1 8.54872
0 0 0 0 0 8.56993
0 0 0 0 1 8.6684
0 0 0 0 0 8.70721
0 0 0 0 0 8.71003
0 0 0 0 1 8.8822
0 0 0 0 1 8.85861
0 0 0 0 1 8.90581
0 0 0 0 0 8.92606
0 0 0 0 1 9.12731
0 0 0 0 1 9.16733
0 0 0 0 1 9.1239
0 0 0 0 1 9.15319
0 0 0 0 1 9.34944
0 0 0 0 1 9.30582
0 0 0 0 1 9.47504
0 0 0 0 1 9.43887
0 0 0 0 1 9.42896
0 0 0 0 0 9.50452
0 0 0 0 0 9.63
0 0 0 0 1 9.81347
0 0 0 0 1 9.85199
0 0 0 0 1 9.86075
0 0 0 0 1 9.99921
0 0 0 0 1 10.0561
0 0 0 0 1 10.014
0 0 0 0 1 10.141
0 0 0 0 0 10.1889
0 0 0 0 1 10.2967
0 0 0 0 0 10.2603
0 0 0 0 0 10.5161
0 0 0 0 0 10.458
0 0 0 0 1 10.5037
0 0 0 0 0 10.7072
0 0 0 0 1 10.8394
0 0 0 0 1 10.7757
0 0 0 0 1 9.3152
0 0 0 0 1 9.33746
0 0 0 0 1 9.20704
0 0 0 0 1 9.16495
0 0 0 0 0 9.12781
0 0 0 0 1 9.2702
0 0 0 0 1 9.25151
0 0 0 0 1 9.24664
0 0 0 0 0 9.15513
0 0 0 0 1 9.15071
0 0 0 0 1 9.01446
0 0 0 0 1 9.12857
0 0 0 0 1 9.01123
0 0 0 0 0 9.10233
0 0 0 0 1 9.06251
0 0 0 0 0 8.91929
0 0 0 0 1 9.04192
0 0 0 0 1 9.05188
0 0 0 0 1 8.88298
0 0 0 0 0 8.9648
0 0 0 0 0 8.83738
0 0 0 0 1 8.96361
0 0 0 0 1 8.94745
0 0 0 0 1 8.94031
0 0 0 0 1 8.86253
0 0 0 0 1 8.81658
0 0 0 0 1 8.75716
0 0 0 0 1 8.80359
0 0 0 0 1 8.69194
0 0 0 0 1 8.79112
0 0 0 0 1 8.69757
0 0 0 0 1 8.66199
0 0 0 0 1 8.76976
0 0 0 0 1 8.78155
0 0 0 0 1 8.68045
0 0 0 0 1 8.70993
0 0 0 0 0 8.63549
0 0 0 0 0 8.63059
0 0 0 0 0 8.54812
0 0 0 0 1 8.55224
0 0 0 0 1 8.62533
0 0 0 0 1 8.60378
0 0 0 0 1 8.51376
0 0 0 0 1 8.4927
0 0 0 0 1 8.47183
0 0 0 0 1 8.59642
0 0 0 0 1 8.46778
0 0 0 0 1 8.60935
0 0 0 0 1 8.62701
0 0 0 0 1 8.68254
0 0 0 0 1 8.84214
0 0 0 0 1 8.90505
0 0 0 0 1 9.18421
0 0 0 0 1 9.30221
0 0 0 0 0 9.34446
0 0 0 0 1 9.55532
0 0 0 0 0 9.62296
0 0 0 0 0 9.75672
0 0 0 0 1 10.0398
0 0 0 0 1 10.2656
0 0 0 0 0 10.2758
0 0 0 0 1 10.6373
0 0 0 0 1 10.6731
0 0 0 0 0 10.8433
0 0 0 0 1 11.0683
0 0 0 0 0 11.463
0 0 0 0 1 11.4925
0 0 0 0 1 11.9378
0 0 0 0 1 12.1386
0 0 0 0 1 12.2717
0 0 0 0 1 12.5354
0 0 0 0 1 12.8861
0 0 0 0 1 22.66
0 0 0 0 1 22.7547
0 0 0 0 1 22.8933
0 0 0 0 0 22.7164
0 0 0 0 1 22.5176
0 0 0 0 1 22.659
0 0 0 0 1 22.7554
0 0 0 0 1 22.626
0 0 0 0 1 22.452
0 0 0 0 0 22.4367
0 0 0 0 1 22.6925
0 0 0 0 1 22.4299
0 0 0 0 1 22.4848
0 0 0 0 1 22.5387
0 0 0 0 1 22.5704
0 0 0 0 0 22.6025
0 0 0 0 1 22.635
0 0 0 0 1 22.4881
0 0 0 0 0 23.0604
0 0 0 0 1 24.1479
0 0 0 0 1 25.1934
0 0 0 0 1 26.4744
0 0 0 0 0 36.3812
0 0 0 0 1 36.3298
0 0 0 0 1 36.352
0 0 0 0 1 36.1201
0 0 0 0 1 36.3562
0 0 0 0 1 38.8345
0 0 0 0 1 51.546
0 0 0 0 0 52.1032
0 0 0 0 1 52.2454
0 0 0 0 1 51.7116
0 0 0 0 1 52.3232
0 0 0 0 1 56.1032
0 0 0 0 1 65.0697
0 0 0 0 1 69.7336
0 0 0 0 1 82.1372
0 0 0 0 0 5.04507
0 0 0 0 0 5.02503
0 0 0 0 0 5.01501
0 0 0 0 0 4.96992
0 0 0 0 0 4.98996
0 0 0 0 0 4.99998
0 0 0 0 0 5.01501
0 0 0 0 0 4.98996
0 0 0 0 0 5.03505
0 0 0 0 0 5.05008
0 0 0 0 0 5.04006
0 0 0 0 0 4.99497
0 0 0 0 1 88.1164
0 0 0 0 1 87.5123
0 0 0 0 1 74.4686
0 0 0 0 0 63.4559
0 0 0 0 1 60.1633
0 0 0 0 1 60.7797
0 0 0 0 1 60.3073
0 0 0 0 1 51.5192
0 0 0 0 0 48.371
0 0 0 0 1 48.1915
0 0 0 0 1 39.0385
0 0 0 0 0 36.9303
0 0 0 0 1 35.9175
0 0 0 0 1 35.8584
0 0 0 0 1 35.478
0 0 0 0 0 35.8128
0 0 0 0 1 28.3306
0 0 0 0 1 27.0179
0 0 0 0 1 25.3827
0 0 0 0 1 24.7376
0 0 0 0 1 24.5524
0 0 0 0 1 24.5892
0 0 0 0 1 24.4528
0 0 0 0 0 24.4412
0 0 0 0 1 24.504
0 0 0 0 1 24.5427
0 0 0 0 1 24.656
0 0 0 0 1 24.9677
0 0 0 0 1 24.5615
0 0 0 0 1 18.3819
0 0 0 0 1 17.8626
0 0 0 0 0 17.2949
0 0 0 0 0 16.5604
0 0 0 0 0 16.1469
0 0 0 0 1 16.0224
0 0 0 0 0 15.4699
0 0 0 0 1 15.1514
0 0 0 0 1 14.713
0 0 0 0 1 14.5673
0 0 0 0 1 14.0144
0 0 0 0 0 13.9425
0 0 0 0 1 13.7876
0 0 0 0 1 13.9665
0 0 0 0 1 13.965
0 0 0 0 1 14.0055
0 0 0 0 0 14.0903
0 0 0 0 1 14.1035
0 0 0 0 1 14.0472
0 0 0 0 1 13.9769
0 0 0 0 1 13.881
0 0 0 0 1 14.1193
0 0 0 0 1 13.9513
0 0 0 0 0 14.1907
0 0 0 0 0 13.955
0 0 0 0 0 13.97
0 0 0 0 1 14.239
0 0 0 0 1 14.1304
0 0 0 0 0 14.2735
0 0 0 0 1 14.2756
0 0 0 0 1 14.2949
0 0 0 0 1 14.2833
0 0 0 0 1 14.1469
0 0 0 0 1 14.3488
0 0 0 0 1 14.0987
0 0 0 0 1 14.1875
0 0 0 0 1 14.3511
0 0 0 0 1 14.4408
0 0 0 0 1 14.2763
0 0 0 0 0 14.2805
0 0 0 0 1 8.73766
0 0 0 0 0 8.67736
0 0 0 0 1 8.60726
0 0 0 0 1 8.44376
0 0 0 0 1 8.46647
0 0 0 0 1 8.34535
0 0 0 0 0 8.27522
0 0 0 0 1 8.13854
0 0 0 0 1 8.03624
0 0 0 0 1 7.89476
0 0 0 0 1 7.78729
0 0 0 0 1 7.77163
0 0 0 0 0 7.62619
0 0 0 0 1 7.56536
0 0 0 0 1 7.48176
0 0 0 0 1 7.33357
0 0 0 0 0 7.36084
0 0 0 0 1 7.19239
0 0 0 0 1 7.11202
0 0 0 0 1 7.06742
0 0 0 0 1 7.09259
0 0 0 0 1 6.88864
0 0 0 0 1 6.86441
0 0 0 0 1 6.79389
0 0 0 0 1 6.74389
0 0 0 0 1 6.6536
0 0 0 0 1 6.65676
0 0 0 0 1 6.56029
0 0 0 0 1 6.53612
0 0 0 0 1 6.39791
0 0 0 0 1 6.43122
0 0 0 0 0 6.36431
0 0 0 0 0 6.29144
0 0 0 0 0 6.20656
0 0 0 0 1 6.15319
0 0 0 0 1 6.12442
0 0 0 0 1 6.03469
0 0 0 0 1 5.98458
0 0 0 0 0 5.96169
0 0 0 0 1 5.95909
0 0 0 0 1 5.86487
0 0 0 0 1 5.82102
0 0 0 0 1 5.79461
0 0 0 0 1 5.78526
0 0 0 0 1 5.70411
0 0 0 0 1 5.61536
0 0 0 0 0 5.55542
0 0 0 0 1 5.53779
0 0 0 0 1 5.49485
0 0 0 0 1 5.46299
0 0 0 0 1 5.38214
0 0 0 0 1 5.44548
0 0 0 0 0 5.35199
0 0 0 0 1 5.36277
0 0 0 0 0 5.31268
0 0 0 0 1 5.20191
0 0 0 0 0 5.23622
0 0 0 0 1 5.21793
0 0 0 0 1 5.12746
0 0 0 0 1 5.1043
0 0 0 0 1 5.12349
0 0 0 0 1 5.02434
0 0 0 0 1 4.96941
0 0 0 0 0 5.01628
0 0 0 0 1 4.93353
0 0 0 0 1 4.94494
0 0 0 0 1 4.87774
0 0 0 0 1 4.81921
0 0 0 0 0 4.86405
0 0 0 0 1 4.85352
0 0 0 0 1 4.78808
0 0 0 0 1 4.81528
0 0 0 0 1 4.83295
0 0 0 0 1 4.8984
0 0 0 0 0 4.93114
0 0 0 0 1 4.88554
0 0 0 0 1 4.92337
0 0 0 0 1 4.97508
0 0 0 0 0 4.9341
0 0 0 0 1 4.98735
0 0 0 0 1 4.9399
0 0 0 0 1 4.95841
0 0 0 0 1 5.07757
0 0 0 0 1 5.0563
0 0 0 0 1 5.10575
0 0 0 0 1 5.13519
0 0 0 0 1 5.1393
0 0 0 0 1 5.09217
0 0 0 0 1 5.08963
0 0 0 0 1 5.16051
0 0 0 0 1 5.22153
0 0 0 0 1 5.1531
0 0 0 0 1 5.25618
0 0 0 0 1 5.21865
0 0 0 0 0 5.27537
0 0 0 0 1 5.24807
0 0 0 0 1 5.25366
0 0 0 0 1 5.37489
0 0 0 0 0 5.36344
0 0 0 0 1 5.31965
0 0 0 0 0 5.37236
0 0 0 0 1 5.43776
0 0 0 0 1 5.44778
0 0 0 0 0 5.50142
0 0 0 0 1 5.46235
0 0 0 0 1 5.45735
0 0 0 0 1 5.53908
0 0 0 0 0 5.51197
0 0 0 0 0 5.6056
0 0 0 0 1 5.55593
0 0 0 0 1 5.61101
0 0 0 0 1 5.64541
0 0 0 0 1 5.66141
0 0 0 0 1 5.6676
0 0 0 0 1 5.76374
0 0 0 0 1 5.7357
0 0 0 0 1 5.76501
0 0 0 0 1 5.84676
0 0 0 0 0 5.79328
0 0 0 0 1 5.88146
0 0 0 0 1 5.94679
0 0 0 0 1 5.92966
0 0 0 0 1 5.96575
0 0 0 0 1 5.94217
0 0 0 0 1 5.95426
0 0 0 0 1 5.99649
0 0 0 0 0 6.08148
0 0 0 0 1 6.09387
0 0 0 0 0 6.08776
0 0 0 0 1 6.15077
0 0 0 0 1 9.43337
0 0 0 0 1 9.46237
0 0 0 0 1 9.40284
0 0 0 0 1 9.37191
0 0 0 0 1 9.41007
0 0 0 0 1 9.36991
0 0 0 0 1 9.33929
0 0 0 0 1 9.26844
0 0 0 0 1 9.27857
0 0 0 0 1 9.32231
0 0 0 0 1 9.28294
0 0 0 0 0 9.21629
0 0 0 0 1 9.21405
0 0 0 0 1 9.1207
0 0 0 0 0 9.17325
0 0 0 0 1 9.06251
0 0 0 0 0 9.01564
0 0 0 0 0 8.91174
0 0 0 0 1 8.91947
0 0 0 0 1 8.98648
0 0 0 0 1 8.9761
0 0 0 0 1 8.92132
0 0 0 0 1 8.82258
0 0 0 0 0 8.8217
0 0 0 0 1 8.8704
0 0 0 0 0 8.76395
0 0 0 0 0 8.73705
0 0 0 0 1 8.69477
0 0 0 0 1 8.78165
0 0 0 0 1 8.64724
0 0 0 0 1 8.70785
0 0 0 0 1 8.61768
0 0 0 0 0 8.59188
0 0 0 0 1 8.64025
0 0 0 0 1 8.52883
0 0 0 0 0 8.55149
0 0 0 0 1 8.47518
0 0 0 0 1 8.54053
0 0 0 0 1 8.46121
0 0 0 0 0 8.48401
0 0 0 0 1 8.51521
0 0 0 0 1 8.38603
0 0 0 0 1 8.47994
0 0 0 0 1 8.41878
0 0 0 0 1 8.30771
0 0 0 0 1 8.28911
0 0 0 0 1 8.31236
0 0 0 0 0 8.28108
0 0 0 0 1 8.2712
0 0 0 0 1 8.25315
0 0 0 0 1 8.27277
0 0 0 0 1 8.23018
0 0 0 0 1 8.14671
0 0 0 0 1 8.13758
0 0 0 0 1 8.2269
0 0 0 0 1 8.16057
0 0 0 0 0 8.07828
0 0 0 0 1 8.19186
0 0 0 0 1 8.14254
0 0 0 0 1 8.17461
0 0 0 0 1 8.10952
0 0 0 0 1 8.14173
0 0 0 0 1 7.9885
0 0 0 0 1 8.04106
0 0 0 0 1 7.95301
0 0 0 0 1 8.0899
0 0 0 0 1 7.92229
0 0 0 0 1 8.01101
0 0 0 0 1 8.05548
0 0 0 0 1 7.913
0 0 0 0 1 7.96187
0 0 0 0 1 7.97102
0 0 0 0 1 7.93276
0 0 0 0 1 7.95365
0 0 0 0 1 7.86841
0 0 0 0 1 7.81511
0 0 0 0 1 7.92286
0 0 0 0 1 7.9204
0 0 0 0 1 7.8362
0 0 0 0 1 7.89337
0 0 0 0 1 7.75504
0 0 0 0 1 7.76881
0 0 0 0 1 7.76385
0 0 0 0 1 7.86022
0 0 0 0 1 7.82745
0 0 0 0 1 7.69865
0 0 0 0 1 7.70512
