0 0 0 0 1 5.5196
0 0 0 0 1 5.50088
0 0 0 0 1 5.5323
0 0 0 0 1 5.58866
0 0 0 0 1 5.55354
0 0 0 0 1 5.56872
0 0 0 0 1 5.57754
0 0 0 0 1 5.55933
0 0 0 0 0 5.55469
0 0 0 0 0 5.60962
0 0 0 0 1 5.59729
0 0 0 0 1 5.66963
0 0 0 0 1 5.69924
0 0 0 0 1 5.67031
0 0 0 0 1 5.6924
0 0 0 0 1 5.67127
0 0 0 0 1 5.67652
0 0 0 0 1 5.75028
0 0 0 0 1 5.73306
0 0 0 0 1 5.69114
0 0 0 0 1 5.69105
0 0 0 0 1 5.71399
0 0 0 0 1 5.76011
0 0 0 0 1 5.70858
0 0 0 0 1 5.79721
0 0 0 0 1 5.82086
0 0 0 0 0 5.82731
0 0 0 0 0 5.81065
0 0 0 0 1 5.78817
0 0 0 0 1 5.78899
0 0 0 0 1 5.89506
0 0 0 0 1 5.9095
0 0 0 0 1 5.81855
0 0 0 0 1 5.82555
0 0 0 0 1 5.85619
0 0 0 0 1 5.91063
0 0 0 0 1 5.88852
0 0 0 0 1 5.95525
0 0 0 0 1 5.99265
0 0 0 0 1 6.01243
0 0 0 0 1 6.02042
0 0 0 0 0 5.98663
0 0 0 0 1 6.01996
0 0 0 0 1 5.96812
0 0 0 0 1 5.96422
0 0 0 0 1 5.97846
0 0 0 0 1 6.08234
0 0 0 0 0 6.12738
0 0 0 0 1 6.10578
0 0 0 0 1 6.04144
0 0 0 0 0 6.16628
0 0 0 0 1 6.13248
0 0 0 0 0 6.20809
0 0 0 0 1 6.09527
0 0 0 0 1 6.1352
0 0 0 0 1 6.15062
0 0 0 0 1 6.25299
0 0 0 0 0 6.187
0 0 0 0 1 6.22149
0 0 0 0 1 6.22489
0 0 0 0 1 6.25251
0 0 0 0 1 6.33159
0 0 0 0 1 6.25965
0 0 0 0 1 6.37714
0 0 0 0 0 6.31132
0 0 0 0 0 6.33337
0 0 0 0 1 6.43298
0 0 0 0 1 6.39798
0 0 0 0 1 6.35713
0 0 0 0 1 6.43122
0 0 0 0 1 6.51297
0 0 0 0 1 6.44543
0 0 0 0 1 6.56675
0 0 0 0 0 6.54529
0 0 0 0 0 6.54333
0 0 0 0 1 6.58005
0 0 0 0 1 6.6302
0 0 0 0 1 6.65483
0 0 0 0 1 6.56639
0 0 0 0 1 6.65684
0 0 0 0 1 6.68785
0 0 0 0 0 6.66607
0 0 0 0 0 6.75824
0 0 0 0 1 6.72921
0 0 0 0 0 6.78783
0 0 0 0 1 6.81969
0 0 0 0 1 6.87219
0 0 0 0 0 6.80197
0 0 0 0 1 6.84784
0 0 0 0 1 6.87333
0 0 0 0 1 6.85057
0 0 0 0 1 6.98759
0 0 0 0 1 6.9163
0 0 0 0 0 6.91426
0 0 0 0 1 7.05235
0 0 0 0 1 7.10696
0 0 0 0 1 7.12622
0 0 0 0 1 7.06788
0 0 0 0 1 7.15148
0 0 0 0 1 7.08549
0 0 0 0 0 7.12657
0 0 0 0 1 7.14627
0 0 0 0 1 7.2886
0 0 0 0 1 7.19991
0 0 0 0 1 7.27046
0 0 0 0 1 7.3859
0 0 0 0 1 7.32515
0 0 0 0 0 7.31641
0 0 0 0 1 7.44008
0 0 0 0 1 7.48277
0 0 0 0 1 7.48867
0 0 0 0 1 7.44146
0 0 0 0 1 7.53713
0 0 0 0 1 7.65629
0 0 0 0 1 7.54817
0 0 0 0 1 7.59921
0 0 0 0 1 7.62747
0 0 0 0 1 7.8026
0 0 0 0 1 7.78515
0 0 0 0 0 7.76733
0 0 0 0 0 7.76534
0 0 0 0 1 7.90421
0 0 0 0 1 7.93312
0 0 0 0 1 7.98637
0 0 0 0 1 8.02347
0 0 0 0 1 8.06117
0 0 0 0 1 8.03447
0 0 0 0 1 8.06403
0 0 0 0 0 8.09305
0 0 0 0 1 8.26189
0 0 0 0 1 8.29173
0 0 0 0 1 8.3464
0 0 0 0 1 8.327
0 0 0 0 1 8.35671
0 0 0 0 1 8.47893
0 0 0 0 1 8.40762
0 0 0 0 1 8.47976
0 0 0 0 0 8.49247
0 0 0 0 1 8.54013
0 0 0 0 1 8.64768
0 0 0 0 1 8.76404
0 0 0 0 0 8.69847
0 0 0 0 1 8.74522
0 0 0 0 1 8.92639
0 0 0 0 1 8.84972
0 0 0 0 1 8.96846
0 0 0 0 1 8.95308
0 0 0 0 1 9.00948
0 0 0 0 0 9.10354
0 0 0 0 0 9.14223
0 0 0 0 1 9.2916
0 0 0 0 1 9.30302
0 0 0 0 0 9.37116
0 0 0 0 1 9.32464
0 0 0 0 1 9.50507
0 0 0 0 1 9.48611
0 0 0 0 1 9.65797
0 0 0 0 1 9.6107
0 0 0 0 0 9.66772
0 0 0 0 1 9.86177
0 0 0 0 1 9.91985
0 0 0 0 1 9.92984
0 0 0 0 1 9.90635
0 0 0 0 1 10.0743
0 0 0 0 1 10.0802
0 0 0 0 1 10.2603
0 0 0 0 1 10.3687
0 0 0 0 1 10.2499
0 0 0 0 1 10.3598
0 0 0 0 1 10.5315
0 0 0 0 0 10.6095
0 0 0 0 0 10.6752
0 0 0 0 1 10.6675
0 0 0 0 1 10.8732
0 0 0 0 1 9.34312
0 0 0 0 1 9.18895
0 0 0 0 1 9.32745
0 0 0 0 1 9.14647
0 0 0 0 1 9.27533
0 0 0 0 1 9.13225
0 0 0 0 1 9.14137
0 0 0 0 1 9.09101
0 0 0 0 1 9.14599
0 0 0 0 1 9.09602
0 0 0 0 1 9.11452
0 0 0 0 1 9.16486
0 0 0 0 1 9.13803
0 0 0 0 1 8.97578
0 0 0 0 0 8.95431
0 0 0 0 1 8.99129
0 0 0 0 1 8.99703
0 0 0 0 1 8.91745
0 0 0 0 1 8.91876
0 0 0 0 0 8.97373
0 0 0 0 0 8.87301
0 0 0 0 0 8.91025
0 0 0 0 1 8.93858
0 0 0 0 0 8.93145
0 0 0 0 1 8.89791
0 0 0 0 1 8.896
0 0 0 0 0 8.85407
0 0 0 0 1 8.82118
0 0 0 0 0 8.73583
0 0 0 0 1 8.72976
0 0 0 0 1 8.67132
0 0 0 0 1 8.81917
0 0 0 0 1 8.80463
0 0 0 0 0 8.74673
0 0 0 0 1 8.6457
0 0 0 0 1 8.72728
0 0 0 0 1 8.64415
0 0 0 0 1 8.63924
0 0 0 0 1 8.56539
0 0 0 0 1 8.66431
0 0 0 0 1 8.65976
0 0 0 0 1 8.61238
0 0 0 0 1 8.55668
0 0 0 0 0 8.64696
0 0 0 0 1 8.63442
0 0 0 0 1 8.46824
0 0 0 0 1 8.58729
0 0 0 0 0 8.59231
0 0 0 0 0 8.51552
0 0 0 0 1 8.77824
0 0 0 0 0 8.76272
0 0 0 0 1 9.02151
0 0 0 0 1 9.18421
0 0 0 0 1 9.20983
0 0 0 0 1 9.31631
0 0 0 0 1 9.47903
0 0 0 0 1 9.75849
0 0 0 0 1 9.78626
0 0 0 0 1 10.0699
0 0 0 0 0 10.2249
0 0 0 0 1 10.3691
0 0 0 0 1 10.6267
0 0 0 0 0 10.6838
0 0 0 0 1 10.9746
0 0 0 0 1 11.1686
0 0 0 0 0 11.338
0 0 0 0 1 11.6083
0 0 0 0 1 11.7487
0 0 0 0 1 12.0783
0 0 0 0 1 12.2348
0 0 0 0 1 12.4851
0 0 0 0 0 12.976
0 0 0 0 1 22.8419
0 0 0 0 0 22.8456
0 0 0 0 0 22.6437
0 0 0 0 1 22.7844
0 0 0 0 1 22.5855
0 0 0 0 1 22.41
0 0 0 0 1 22.7328
0 0 0 0 1 22.3774
0 0 0 0 1 22.3843
0 0 0 0 1 22.6624
0 0 0 0 0 22.3541
0 0 0 0 1 22.7004
0 0 0 0 1 22.4848
0 0 0 0 1 22.5837
0 0 0 0 1 22.5479
0 0 0 0 0 22.3101
0 0 0 0 1 22.4551
0 0 0 0 1 22.5555
0 0 0 0 1 22.9908
0 0 0 0 1 24.365
0 0 0 0 1 25.1934
0 0 0 0 1 26.0026
0 0 0 0 0 36.6725
0 0 0 0 0 36.5118
0 0 0 0 1 36.2064
0 0 0 0 1 36.3384
0 0 0 0 0 36.1378
0 0 0 0 1 38.8345
0 0 0 0 0 52.4312
0 0 0 0 1 52.1553
0 0 0 0 1 52.2454
0 0 0 0 1 51.9717
0 0 0 0 0 51.8031
0 0 0 0 1 56.8362
0 0 0 0 1 66.0517
0 0 0 0 1 69.7336
0 0 0 0 0 82.0554
0 0 0 0 0 5.05509
0 0 0 0 0 4.98495
0 0 0 0 0 4.99998
0 0 0 0 0 5.05008
0 0 0 0 0 4.98996
0 0 0 0 0 5.00499
0 0 0 0 0 4.9599
0 0 0 0 0 4.96491
0 0 0 0 0 4.96992
0 0 0 0 0 5.05509
0 0 0 0 0 5.0601
0 0 0 0 0 4.98495
0 0 0 0 0 86.8025
0 0 0 0 1 88.0379
0 0 0 0 1 74.694
0 0 0 0 1 64.3497
0 0 0 0 1 60.1027
0 0 0 0 1 60.4165
0 0 0 0 1 60.4889
0 0 0 0 1 51.9317
0 0 0 0 1 47.6033
0 0 0 0 1 48.1435
0 0 0 0 0 39.6669
0 0 0 0 1 36.5621
0 0 0 0 1 35.7392
0 0 0 0 0 35.5373
0 0 0 0 1 35.4423
0 0 0 0 1 35.7771
0 0 0 0 1 27.8532
0 0 0 0 1 26.7231
0 0 0 0 0 25.8699
0 0 0 0 1 24.393
0 0 0 0 1 24.8479
0 0 0 0 1 24.737
0 0 0 0 1 24.4774
0 0 0 0 1 24.4905
0 0 0 0 1 24.5534
0 0 0 0 1 24.7896
0 0 0 0 1 24.9525
0 0 0 0 1 24.8936
0 0 0 0 1 24.883
0 0 0 0 0 18.1089
0 0 0 0 1 17.6681
0 0 0 0 1 17.2605
0 0 0 0 1 16.5604
0 0 0 0 0 16.261
0 0 0 0 1 15.8319
0 0 0 0 1 15.6093
0 0 0 0 1 15.2119
0 0 0 0 1 14.8015
0 0 0 0 1 14.3654
0 0 0 0 1 13.9862
0 0 0 0 0 13.7898
0 0 0 0 1 13.871
0 0 0 0 1 14.0361
0 0 0 0 0 13.8815
0 0 0 0 0 13.8801
0 0 0 0 1 13.9787
0 0 0 0 1 14.0617
0 0 0 0 1 14.0751
0 0 0 0 0 13.9349
0 0 0 0 1 14.1191
0 0 0 0 1 14.1193
0 0 0 0 1 14.0636
0 0 0 0 1 14.1345
0 0 0 0 1 14.1378
0 0 0 0 1 14.1531
0 0 0 0 1 14.0134
0 0 0 0 1 13.9892
0 0 0 0 1 14.1039
0 0 0 0 1 14.219
0 0 0 0 1 14.1249
0 0 0 0 1 14.0563
0 0 0 0 0 14.3315
0 0 0 0 1 14.2777
0 0 0 0 1 14.3123
0 0 0 0 1 14.3301
0 0 0 0 1 14.3653
0 0 0 0 1 14.4122
0 0 0 0 1 14.219
0 0 0 0 1 14.4382
0 0 0 0 0 8.8524
0 0 0 0 1 8.74705
0 0 0 0 1 8.64165
0 0 0 0 1 8.46924
0 0 0 0 1 8.43291
0 0 0 0 0 8.32049
0 0 0 0 1 8.16052
0 0 0 0 1 8.15472
0 0 0 0 0 8.01225
0 0 0 0 0 7.98169
0 0 0 0 1 7.88893
0 0 0 0 0 7.74073
0 0 0 0 1 7.71789
0 0 0 0 1 7.52757
0 0 0 0 1 7.39954
0 0 0 0 1 7.42977
0 0 0 0 1 7.30962
0 0 0 0 1 7.30828
0 0 0 0 1 7.15504
0 0 0 0 1 7.13128
0 0 0 0 1 7.05045
0 0 0 0 1 6.90952
0 0 0 0 1 6.84375
0 0 0 0 0 6.83482
0 0 0 0 0 6.71686
0 0 0 0 1 6.74731
0 0 0 0 1 6.68991
0 0 0 0 1 6.60626
0 0 0 0 0 6.4971
0 0 0 0 1 6.5011
0 0 0 0 1 6.3482
0 0 0 0 1 6.30098
0 0 0 0 1 6.34167
0 0 0 0 1 6.16299
0 0 0 0 1 6.13468
0 0 0 0 1 6.14277
0 0 0 0 0 6.1196
0 0 0 0 0 5.98458
0 0 0 0 1 6.02733
0 0 0 0 0 5.89985
0 0 0 0 1 5.87661
0 0 0 0 0 5.85598
0 0 0 0 0 5.731
0 0 0 0 0 5.78526
0 0 0 0 1 5.68136
0 0 0 0 1 5.66051
0 0 0 0 0 5.63942
0 0 0 0 1 5.54336
0 0 0 0 1 5.54455
0 0 0 0 1 5.43011
0 0 0 0 1 5.40932
0 0 0 0 1 5.36444
0 0 0 0 1 5.41104
0 0 0 0 0 5.27224
0 0 0 0 1 5.28093
0 0 0 0 1 5.2544
0 0 0 0 1 5.24665
0 0 0 0 0 5.14539
0 0 0 0 1 5.19953
0 0 0 0 0 5.08384
0 0 0 0 0 5.05247
0 0 0 0 0 5.08481
0 0 0 0 1 4.97944
0 0 0 0 1 5.02126
0 0 0 0 0 4.94343
0 0 0 0 1 4.88595
0 0 0 0 1 4.87286
0 0 0 0 1 4.83864
0 0 0 0 1 4.83992
0 0 0 0 1 4.81018
0 0 0 0 1 4.84118
0 0 0 0 1 4.8831
0 0 0 0 1 4.87184
0 0 0 0 1 4.89353
0 0 0 0 1 4.90668
0 0 0 0 1 4.87081
0 0 0 0 0 4.94801
0 0 0 0 1 4.97508
0 0 0 0 1 4.99856
0 0 0 0 1 5.00726
0 0 0 0 0 4.99479
0 0 0 0 1 5.03854
0 0 0 0 1 4.97702
0 0 0 0 1 5.09667
0 0 0 0 1 5.09055
0 0 0 0 1 5.07418
0 0 0 0 1 5.14441
0 0 0 0 1 5.1434
0 0 0 0 1 5.09477
0 0 0 0 0 5.12958
0 0 0 0 1 5.14391
0 0 0 0 1 5.20505
0 0 0 0 1 5.20925
0 0 0 0 1 5.2553
0 0 0 0 1 5.29113
0 0 0 0 1 5.22169
0 0 0 0 1 5.24835
0 0 0 0 1 5.37489
0 0 0 0 0 5.3581
0 0 0 0 1 5.37864
0 0 0 0 1 5.3939
0 0 0 0 1 5.39447
0 0 0 0 1 5.45321
0 0 0 0 1 5.39782
0 0 0 0 1 5.45688
0 0 0 0 1 5.52887
0 0 0 0 1 5.56669
0 0 0 0 1 5.52307
0 0 0 0 1 5.57774
0 0 0 0 1 5.62874
0 0 0 0 1 5.65598
0 0 0 0 1 5.66236
0 0 0 0 0 5.66141
0 0 0 0 1 5.71891
0 0 0 0 1 5.75802
0 0 0 0 1 5.72419
0 0 0 0 1 5.79971
0 0 0 0 1 5.8642
0 0 0 0 1 5.83996
0 0 0 0 1 5.84628
0 0 0 0 1 5.91142
0 0 0 0 0 5.88819
0 0 0 0 1 5.97765
0 0 0 0 0 5.92422
0 0 0 0 1 6.0565
0 0 0 0 0 6.06903
0 0 0 0 0 6.02681
0 0 0 0 1 6.06944
0 0 0 0 0 6.11231
0 0 0 0 1 6.23105
0 0 0 0 1 9.5476
0 0 0 0 1 9.50978
0 0 0 0 1 9.36504
0 0 0 0 1 9.49436
0 0 0 0 1 9.39131
0 0 0 0 0 9.26704
0 0 0 0 0 9.23676
0 0 0 0 1 9.3707
0 0 0 0 0 9.21375
0 0 0 0 1 9.17463
0 0 0 0 1 9.12653
0 0 0 0 0 9.09708
0 0 0 0 1 9.23233
0 0 0 0 1 9.10247
0 0 0 0 1 9.07335
0 0 0 0 0 9.0444
0 0 0 0 1 8.94344
0 0 0 0 1 8.93875
0 0 0 0 0 8.91947
0 0 0 0 1 9.01333
0 0 0 0 1 8.93148
0 0 0 0 1 8.87685
0 0 0 0 1 8.91124
0 0 0 0 1 8.90125
0 0 0 0 1 8.87922
0 0 0 0 1 8.78153
0 0 0 0 1 8.71953
0 0 0 0 1 8.79099
0 0 0 0 1 8.65084
0 0 0 0 1 8.63854
0 0 0 0 1 8.65581
0 0 0 0 1 8.69555
0 0 0 0 1 8.63502
0 0 0 0 1 8.55419
0 0 0 0 0 8.49451
0 0 0 0 1 8.50869
0 0 0 0 1 8.44958
0 0 0 0 1 8.47241
0 0 0 0 1 8.56315
0 0 0 0 1 8.52638
0 0 0 0 1 8.43065
0 0 0 0 1 8.4957
0 0 0 0 1 8.47153
0 0 0 0 0 8.42717
0 0 0 0 1 8.32446
0 0 0 0 1 8.42281
0 0 0 0 0 8.32069
0 0 0 0 0 8.35591
0 0 0 0 1 8.24631
0 0 0 0 1 8.31109
0 0 0 0 1 8.27277
0 0 0 0 1 8.25492
0 0 0 0 1 8.26192
0 0 0 0 1 8.16222
0 0 0 0 0 8.15316
0 0 0 0 1 8.24234
0 0 0 0 1 8.20068
0 0 0 0 1 8.16743
0 0 0 0 0 8.07753
0 0 0 0 1 8.19083
0 0 0 0 1 8.06906
0 0 0 0 1 8.06903
0 0 0 0 0 8.10941
0 0 0 0 0 8.04106
0 0 0 0 0 7.95301
0 0 0 0 1 8.06585
0 0 0 0 0 7.9703
0 0 0 0 1 7.93114
0 0 0 0 1 8.0475
0 0 0 0 0 7.88115
0 0 0 0 1 7.99365
0 0 0 0 1 7.93929
0 0 0 0 1 7.99609
0 0 0 0 1 7.92993
0 0 0 0 1 7.81316
0 0 0 0 0 7.94904
0 0 0 0 1 7.87566
0 0 0 0 1 7.92826
0 0 0 0 1 7.80482
0 0 0 0 1 7.87771
0 0 0 0 1 7.80977
0 0 0 0 1 7.78443
0 0 0 0 1 7.73267
0 0 0 0 1 7.74348
0 0 0 0 1 7.81191
0 0 0 0 1 7.83834
0 0 0 0 1 7.82914
