0 0 0 0 1 5.50851
0 0 0 0 1 5.52866
0 0 0 0 1 5.51561
0 0 0 0 0 5.61652
0 0 0 0 0 5.60377
0 0 0 0 1 5.64699
0 0 0 0 1 5.57195
0 0 0 0 0 5.62097
0 0 0 0 1 5.63885
0 0 0 0 1 5.58714
0 0 0 0 1 5.68175
0 0 0 0 1 5.66963
0 0 0 0 1 5.61452
0 0 0 0 1 5.68729
0 0 0 0 1 5.70941
0 0 0 0 0 5.62018
0 0 0 0 1 5.69359
0 0 0 0 1 5.71039
0 0 0 0 1 5.72735
0 0 0 0 1 5.66828
0 0 0 0 1 5.67387
0 0 0 0 0 5.70826
0 0 0 0 1 5.71413
0 0 0 0 1 5.73738
0 0 0 0 1 5.71646
0 0 0 0 1 5.7515
0 0 0 0 1 5.75201
0 0 0 0 1 5.78162
0 0 0 0 1 5.78817
0 0 0 0 1 5.87644
0 0 0 0 1 5.83079
0 0 0 0 0 5.83344
0 0 0 0 0 5.89472
0 0 0 0 1 5.93125
0 0 0 0 0 5.92093
0 0 0 0 1 5.86934
0 0 0 0 1 5.86487
0 0 0 0 0 5.98488
0 0 0 0 1 5.94514
0 0 0 0 1 6.00647
0 0 0 0 1 5.91302
0 0 0 0 1 6.04046
0 0 0 0 1 5.9361
0 0 0 0 0 6.06418
0 0 0 0 0 6.02441
0 0 0 0 0 6.07498
0 0 0 0 1 6.10655
0 0 0 0 1 6.00605
0 0 0 0 1 6.13011
0 0 0 0 1 6.15118
0 0 0 0 1 6.05627
0 0 0 0 0 6.13248
0 0 0 0 1 6.15277
0 0 0 0 1 6.14452
0 0 0 0 1 6.15372
0 0 0 0 1 6.20631
0 0 0 0 1 6.24679
0 0 0 0 1 6.20567
0 0 0 0 1 6.21525
0 0 0 0 1 6.21238
0 0 0 0 1 6.27134
0 0 0 0 1 6.24347
0 0 0 0 0 6.25334
0 0 0 0 1 6.34551
0 0 0 0 0 6.40647
0 0 0 0 1 6.41612
0 0 0 0 1 6.4266
0 0 0 0 1 6.4172
0 0 0 0 1 6.47914
0 0 0 0 1 6.45055
0 0 0 0 1 6.40959
0 0 0 0 1 6.54918
0 0 0 0 1 6.52774
0 0 0 0 1 6.54529
0 0 0 0 0 6.49104
0 0 0 0 1 6.6063
0 0 0 0 0 6.53144
0 0 0 0 1 6.60862
0 0 0 0 1 6.67903
0 0 0 0 1 6.68344
0 0 0 0 0 6.66115
0 0 0 0 1 6.73969
0 0 0 0 0 6.72468
0 0 0 0 0 6.6888
0 0 0 0 1 6.72698
0 0 0 0 0 6.80612
0 0 0 0 1 6.80408
0 0 0 0 1 6.78146
0 0 0 0 1 6.90273
0 0 0 0 0 6.90088
0 0 0 0 1 6.89205
0 0 0 0 1 6.91827
0 0 0 0 1 6.98589
0 0 0 0 1 7.04696
0 0 0 0 1 6.94018
0 0 0 0 1 6.9803
0 0 0 0 0 7.0626
0 0 0 0 1 7.13884
0 0 0 0 1 7.15148
0 0 0 0 1 7.09979
0 0 0 0 1 7.15528
0 0 0 0 1 7.21111
0 0 0 0 1 7.2307
0 0 0 0 1 7.2217
0 0 0 0 0 7.29236
0 0 0 0 1 7.37857
0 0 0 0 1 7.4135
0 0 0 0 1 7.30903
0 0 0 0 1 7.43266
0 0 0 0 1 7.49022
0 0 0 0 1 7.54852
0 0 0 0 1 7.56173
0 0 0 0 1 7.47671
0 0 0 0 1 7.62594
0 0 0 0 1 7.56341
0 0 0 0 0 7.57625
0 0 0 0 1 7.61978
0 0 0 0 1 7.69445
0 0 0 0 1 7.78515
0 0 0 0 1 7.80632
0 0 0 0 1 7.89841
0 0 0 0 1 7.88849
0 0 0 0 1 7.87776
0 0 0 0 1 7.92279
0 0 0 0 1 7.98352
0 0 0 0 1 8.07723
0 0 0 0 1 8.1232
0 0 0 0 1 8.13697
0 0 0 0 0 8.199
0 0 0 0 0 8.15545
0 0 0 0 1 8.18468
0 0 0 0 0 8.32984
0 0 0 0 1 8.26877
0 0 0 0 1 8.432
0 0 0 0 1 8.46211
0 0 0 0 0 8.38225
0 0 0 0 0 8.42873
0 0 0 0 1 8.49247
0 0 0 0 0 8.66901
0 0 0 0 1 8.62176
0 0 0 0 1 8.72926
0 0 0 0 0 8.76841
0 0 0 0 1 8.72763
0 0 0 0 1 8.80266
0 0 0 0 1 8.92087
0 0 0 0 1 9.00426
0 0 0 0 1 9.07918
0 0 0 0 0 9.11825
0 0 0 0 1 9.15822
0 0 0 0 0 9.11473
0 0 0 0 0 9.24546
0 0 0 0 1 9.27516
0 0 0 0 1 9.41782
0 0 0 0 1 9.38104
0 0 0 0 1 9.37267
0 0 0 0 1 9.58135
0 0 0 0 1 9.65797
0 0 0 0 1 9.57211
0 0 0 0 0 9.7746
0 0 0 0 1 9.74437
0 0 0 0 1 9.93956
0 0 0 0 1 9.87038
0 0 0 0 1 9.91634
0 0 0 0 1 10.1045
0 0 0 0 1 10.0397
0 0 0 0 1 10.2195
0 0 0 0 1 10.307
0 0 0 0 1 10.3224
0 0 0 0 1 10.5265
0 0 0 0 1 10.5945
0 0 0 0 1 10.6518
0 0 0 0 1 10.6005
0 0 0 0 1 10.7535
0 0 0 0 1 10.8407
0 0 0 0 1 9.24075
0 0 0 0 1 9.33746
0 0 0 0 1 9.2904
0 0 0 0 0 9.27581
0 0 0 0 1 9.31221
0 0 0 0 1 9.22422
0 0 0 0 0 9.26986
0 0 0 0 0 9.12763
0 0 0 0 1 9.10944
0 0 0 0 1 9.02311
0 0 0 0 1 9.1782
0 0 0 0 1 9.02875
0 0 0 0 1 8.99312
0 0 0 0 1 9.03002
0 0 0 0 0 9.07153
0 0 0 0 1 8.91929
0 0 0 0 1 8.99703
0 0 0 0 1 9.025
0 0 0 0 0 8.88298
0 0 0 0 0 9.00944
0 0 0 0 1 8.98883
0 0 0 0 1 8.83022
0 0 0 0 1 8.81431
0 0 0 0 0 8.78968
0 0 0 0 1 8.79177
0 0 0 0 0 8.73715
0 0 0 0 0 8.81883
0 0 0 0 1 8.73324
0 0 0 0 1 8.74461
0 0 0 0 1 8.72976
0 0 0 0 0 8.82007
0 0 0 0 1 8.75805
0 0 0 0 1 8.75232
0 0 0 0 1 8.6684
0 0 0 0 0 8.61963
0 0 0 0 1 8.72728
0 0 0 0 1 8.68746
0 0 0 0 1 8.69978
0 0 0 0 1 8.66037
0 0 0 0 0 8.54362
0 0 0 0 1 8.61672
0 0 0 0 1 8.63816
0 0 0 0 1 8.54809
0 0 0 0 1 8.55269
0 0 0 0 0 8.59164
0 0 0 0 1 8.47679
0 0 0 0 0 8.60436
0 0 0 0 1 8.51559
0 0 0 0 1 8.51552
0 0 0 0 1 8.73474
0 0 0 0 1 8.91274
0 0 0 0 0 8.98568
0 0 0 0 1 9.12965
0 0 0 0 1 9.18212
0 0 0 0 1 9.43828
0 0 0 0 1 9.48857
0 0 0 0 0 9.73913
0 0 0 0 1 9.89456
0 0 0 0 1 10.0799
0 0 0 0 1 10.2656
0 0 0 0 0 10.2655
0 0 0 0 1 10.5634
0 0 0 0 0 10.6516
0 0 0 0 1 10.9746
0 0 0 0 1 11.1351
0 0 0 0 1 11.338
0 0 0 0 1 11.5504
0 0 0 0 1 11.725
0 0 0 0 1 12.0422
0 0 0 0 1 12.3825
0 0 0 0 1 12.636
0 0 0 0 1 12.9118
0 0 0 0 1 22.6373
0 0 0 0 1 22.5958
0 0 0 0 1 22.4848
0 0 0 0 1 22.6937
0 0 0 0 0 22.4723
0 0 0 0 0 22.659
0 0 0 0 1 22.7328
0 0 0 0 1 22.3774
0 0 0 0 1 22.5198
0 0 0 0 1 22.3464
0 0 0 0 1 22.4218
0 0 0 0 1 22.4524
0 0 0 0 1 22.5074
0 0 0 0 0 22.291
0 0 0 0 1 22.4579
0 0 0 0 1 22.3101
0 0 0 0 0 22.3877
0 0 0 0 1 22.6903
0 0 0 0 1 23.2692
0 0 0 0 0 23.9067
0 0 0 0 1 25.2185
0 0 0 0 0 26.0812
0 0 0 0 1 36.3084
0 0 0 0 0 36.3662
0 0 0 0 1 36.6794
0 0 0 0 0 36.5203
0 0 0 0 0 36.0286
0 0 0 0 1 38.141
0 0 0 0 1 51.9626
0 0 0 0 0 52.4676
0 0 0 0 1 51.5689
0 0 0 0 1 52.2318
0 0 0 0 1 52.4793
0 0 0 0 0 56.6671
0 0 0 0 1 65.397
0 0 0 0 1 70.0122
0 0 0 0 1 81.8918
0 0 0 0 0 4.99998
0 0 0 0 0 5.03505
0 0 0 0 0 5.02002
0 0 0 0 0 4.97994
0 0 0 0 0 4.98495
0 0 0 0 0 5.05509
0 0 0 0 0 5.0601
0 0 0 0 0 4.97493
0 0 0 0 0 5.03505
0 0 0 0 0 4.99998
0 0 0 0 0 4.99998
0 0 0 0 0 5.05509
0 0 0 0 1 88.0288
0 0 0 0 1 87.6875
0 0 0 0 1 75.2952
0 0 0 0 0 63.7751
0 0 0 0 0 61.0712
0 0 0 0 1 60.8403
0 0 0 0 1 60.1862
0 0 0 0 1 51.2613
0 0 0 0 0 48.3231
0 0 0 0 1 48.1435
0 0 0 0 0 39.6669
0 0 0 0 1 36.7462
0 0 0 0 1 35.9175
0 0 0 0 0 35.3946
0 0 0 0 1 35.5494
0 0 0 0 1 35.4915
0 0 0 0 1 28.0217
0 0 0 0 1 26.9643
0 0 0 0 1 25.4084
0 0 0 0 1 24.4915
0 0 0 0 1 24.6755
0 0 0 0 1 24.4414
0 0 0 0 1 24.5268
0 0 0 0 1 24.7865
0 0 0 0 1 24.6521
0 0 0 0 0 24.6168
0 0 0 0 1 24.7302
0 0 0 0 1 24.5722
0 0 0 0 1 24.7099
0 0 0 0 1 18.1089
0 0 0 0 1 17.7919
0 0 0 0 1 17.1746
0 0 0 0 1 16.6943
0 0 0 0 1 16.2773
0 0 0 0 1 15.7683
0 0 0 0 1 15.4235
0 0 0 0 1 15.1968
0 0 0 0 1 14.6982
0 0 0 0 0 14.3942
0 0 0 0 1 14.0285
0 0 0 0 1 13.9703
0 0 0 0 1 13.8432
0 0 0 0 0 13.9526
0 0 0 0 1 14.0485
0 0 0 0 1 13.7965
0 0 0 0 1 13.9648
0 0 0 0 0 14.0896
0 0 0 0 0 13.8794
0 0 0 0 1 14.1308
0 0 0 0 1 14.1191
0 0 0 0 1 13.923
0 0 0 0 1 13.9794
0 0 0 0 1 14.0221
0 0 0 0 1 14.0534
0 0 0 0 0 14.2094
0 0 0 0 0 14.0275
0 0 0 0 1 14.0739
0 0 0 0 0 14.0615
0 0 0 0 0 14.2049
0 0 0 0 1 14.224
0 0 0 0 0 14.2833
0 0 0 0 1 14.1753
0 0 0 0 0 14.3488
0 0 0 0 0 14.1842
0 0 0 0 1 14.2303
0 0 0 0 1 14.2225
0 0 0 0 1 14.2835
0 0 0 0 1 14.3049
0 0 0 0 0 14.2375
0 0 0 0 1 8.91418
0 0 0 0 0 8.75577
0 0 0 0 1 8.60726
0 0 0 0 1 8.56269
0 0 0 0 1 8.37417
0 0 0 0 0 8.29563
0 0 0 0 0 8.15232
0 0 0 0 1 8.04955
0 0 0 0 1 7.97227
0 0 0 0 1 7.87896
0 0 0 0 0 7.76384
0 0 0 0 0 7.69438
0 0 0 0 1 7.56506
0 0 0 0 1 7.48978
0 0 0 0 1 7.48176
0 0 0 0 1 7.42237
0 0 0 0 1 7.38279
0 0 0 0 1 7.29379
0 0 0 0 1 7.19089
0 0 0 0 0 7.02484
0 0 0 0 1 7.01534
0 0 0 0 1 6.92343
0 0 0 0 1 6.91949
0 0 0 0 1 6.85528
0 0 0 0 1 6.79119
0 0 0 0 1 6.7607
0 0 0 0 0 6.68328
0 0 0 0 1 6.60626
0 0 0 0 1 6.47109
0 0 0 0 1 6.49465
0 0 0 0 0 6.34181
0 0 0 0 0 6.30098
0 0 0 0 1 6.23493
0 0 0 0 0 6.26259
0 0 0 0 0 6.21491
0 0 0 0 1 6.06935
0 0 0 0 1 6.11353
0 0 0 0 1 6.02673
0 0 0 0 0 5.99153
0 0 0 0 1 5.96501
0 0 0 0 1 5.91184
0 0 0 0 1 5.87346
0 0 0 0 1 5.75413
0 0 0 0 1 5.75083
0 0 0 0 1 5.67567
0 0 0 0 1 5.64922
0 0 0 0 1 5.58902
0 0 0 0 1 5.51553
0 0 0 0 1 5.49485
0 0 0 0 1 5.43011
0 0 0 0 1 5.42563
0 0 0 0 1 5.35904
0 0 0 0 0 5.31441
0 0 0 0 1 5.3468
0 0 0 0 1 5.27035
0 0 0 0 0 5.2859
0 0 0 0 1 5.16321
0 0 0 0 1 5.15575
0 0 0 0 0 5.10172
0 0 0 0 1 5.07873
0 0 0 0 0 5.04232
0 0 0 0 1 5.04953
0 0 0 0 1 4.98445
0 0 0 0 1 4.99137
0 0 0 0 0 4.91868
0 0 0 0 1 4.88104
0 0 0 0 1 4.85333
0 0 0 0 1 4.81921
0 0 0 0 0 4.84957
0 0 0 0 1 4.83426
0 0 0 0 1 4.78326
0 0 0 0 1 4.88795
0 0 0 0 1 4.87184
0 0 0 0 0 4.86429
0 0 0 0 1 4.90179
0 0 0 0 0 4.90027
0 0 0 0 1 4.97265
0 0 0 0 1 4.93061
0 0 0 0 1 5.00848
0 0 0 0 1 4.97242
0 0 0 0 1 4.99978
0 0 0 0 0 5.04355
0 0 0 0 1 5.01221
0 0 0 0 1 5.03107
0 0 0 0 1 5.11588
0 0 0 0 1 5.05384
0 0 0 0 1 5.09847
0 0 0 0 1 5.16902
0 0 0 0 0 5.14613
0 0 0 0 1 5.1966
0 0 0 0 1 5.16978
0 0 0 0 1 5.14271
0 0 0 0 1 5.18839
0 0 0 0 1 5.22389
0 0 0 0 1 5.28588
0 0 0 0 1 5.29554
0 0 0 0 1 5.34908
0 0 0 0 1 5.34296
0 0 0 0 1 5.3581
0 0 0 0 1 5.34647
0 0 0 0 1 5.43158
0 0 0 0 0 5.36201
0 0 0 0 0 5.40432
0 0 0 0 1 5.41963
0 0 0 0 1 5.51161
0 0 0 0 1 5.45185
0 0 0 0 0 5.53908
0 0 0 0 1 5.50087
0 0 0 0 0 5.56659
0 0 0 0 1 5.57273
0 0 0 0 1 5.57165
0 0 0 0 1 5.59455
0 0 0 0 1 5.7068
0 0 0 0 1 5.6961
0 0 0 0 1 5.77519
0 0 0 0 0 5.81049
0 0 0 0 0 5.7708
0 0 0 0 0 5.79446
0 0 0 0 1 5.79328
0 0 0 0 0 5.88146
0 0 0 0 0 5.89964
0 0 0 0 0 5.86449
0 0 0 0 1 5.9717
0 0 0 0 1 5.96611
0 0 0 0 1 5.98433
0 0 0 0 1 6.06298
0 0 0 0 0 6.06933
0 0 0 0 1 6.04502
0 0 0 0 1 6.10617
0 0 0 0 0 6.13842
0 0 0 0 1 9.43337
0 0 0 0 1 9.57615
0 0 0 0 1 9.43119
0 0 0 0 0 9.33424
0 0 0 0 1 9.4476
0 0 0 0 1 9.39796
0 0 0 0 1 9.32997
0 0 0 0 0 9.21266
0 0 0 0 1 9.16745
0 0 0 0 1 9.2577
0 0 0 0 1 9.20934
0 0 0 0 1 9.11542
0 0 0 0 1 9.07694
0 0 0 0 1 9.03869
0 0 0 0 1 9.05518
0 0 0 0 0 9.10777
0 0 0 0 0 9.04271
0 0 0 0 1 8.94775
0 0 0 0 1 9.04509
0 0 0 0 1 8.95963
0 0 0 0 0 8.9761
0 0 0 0 1 8.83238
0 0 0 0 1 8.83144
0 0 0 0 1 8.75982
0 0 0 0 1 8.73814
0 0 0 0 1 8.74637
0 0 0 0 1 8.77211
0 0 0 0 0 8.82598
0 0 0 0 1 8.65084
0 0 0 0 0 8.66464
0 0 0 0 1 8.7252
0 0 0 0 1 8.58307
0 0 0 0 1 8.66952
0 0 0 0 1 8.51977
0 0 0 0 0 8.49451
0 0 0 0 1 8.50869
0 0 0 0 1 8.52639
0 0 0 0 1 8.57459
0 0 0 0 0 8.44422
0 0 0 0 0 8.51791
0 0 0 0 1 8.37146
0 0 0 0 1 8.42821
0 0 0 0 1 8.37058
0 0 0 0 1 8.33484
0 0 0 0 1 8.45008
0 0 0 0 1 8.34761
0 0 0 0 1 8.30402
0 0 0 0 0 8.24782
0 0 0 0 1 8.37075
0 0 0 0 1 8.21176
0 0 0 0 1 8.29757
0 0 0 0 1 8.26317
0 0 0 0 1 8.23723
0 0 0 0 0 8.24433
0 0 0 0 1 8.21871
0 0 0 0 1 8.12786
0 0 0 0 1 8.22516
0 0 0 0 1 8.06157
0 0 0 0 1 8.11816
0 0 0 0 1 8.19083
0 0 0 0 1 8.17427
0 0 0 0 1 8.06903
0 0 0 0 0 7.99656
0 0 0 0 1 7.98472
0 0 0 0 0 7.96104
0 0 0 0 1 7.98567
0 0 0 0 1 8.03432
0 0 0 0 0 7.93114
0 0 0 0 1 7.94382
0 0 0 0 1 7.9926
0 0 0 0 1 7.93803
0 0 0 0 1 7.96309
0 0 0 0 1 7.86151
0 0 0 0 1 7.92203
0 0 0 0 1 7.84473
0 0 0 0 0 7.94904
0 0 0 0 1 7.79698
0 0 0 0 1 7.83397
0 0 0 0 1 7.90679
0 0 0 0 1 7.84638
0 0 0 0 1 7.86449
0 0 0 0 1 7.80004
0 0 0 0 1 7.87298
0 0 0 0 1 7.7357
0 0 0 0 1 7.78082
0 0 0 0 0 7.7685
0 0 0 0 0 7.77488
