0 0 0 0 1 5.50851
0 0 0 0 1 5.53422
0 0 0 0 1 5.57683
0 0 0 0 1 5.60538
0 0 0 0 1 5.54237
0 0 0 0 1 5.53517
0 0 0 0 1 5.61111
0 0 0 0 1 5.59295
0 0 0 0 1 5.62763
0 0 0 0 0 5.64897
0 0 0 0 1 5.68739
0 0 0 0 1 5.63579
0 0 0 0 0 5.69924
0 0 0 0 1 5.64767
0 0 0 0 1 5.70941
0 0 0 0 0 5.62585
0 0 0 0 1 5.64808
0 0 0 0 1 5.6705
0 0 0 0 1 5.68167
0 0 0 0 0 5.69114
0 0 0 0 0 5.75975
0 0 0 0 1 5.78284
0 0 0 0 0 5.70263
0 0 0 0 0 5.78347
0 0 0 0 1 5.77991
0 0 0 0 1 5.79774
0 0 0 0 1 5.76359
0 0 0 0 1 5.78743
0 0 0 0 1 5.84053
0 0 0 0 1 5.82397
0 0 0 0 1 5.87753
0 0 0 0 1 5.84514
0 0 0 0 1 5.81855
0 0 0 0 1 5.91364
0 0 0 0 1 5.84442
0 0 0 0 1 5.87524
0 0 0 0 1 5.96537
0 0 0 0 1 5.94932
0 0 0 0 0 5.91544
0 0 0 0 1 5.89932
0 0 0 0 0 5.92495
0 0 0 0 1 5.92683
0 0 0 0 1 5.96605
0 0 0 0 1 5.98613
0 0 0 0 1 5.9883
0 0 0 0 1 6.08101
0 0 0 0 0 6.10655
0 0 0 0 1 6.10311
0 0 0 0 1 6.0328
0 0 0 0 0 6.05973
0 0 0 0 0 6.14183
0 0 0 0 0 6.15086
0 0 0 0 1 6.09131
0 0 0 0 1 6.09527
0 0 0 0 0 6.11051
0 0 0 0 0 6.24962
0 0 0 0 1 6.15994
0 0 0 0 1 6.25547
0 0 0 0 1 6.21525
0 0 0 0 0 6.23115
0 0 0 0 1 6.21484
0 0 0 0 1 6.319
0 0 0 0 1 6.33537
0 0 0 0 1 6.27592
0 0 0 0 0 6.36206
0 0 0 0 1 6.40975
0 0 0 0 1 6.43298
0 0 0 0 1 6.35315
0 0 0 0 0 6.43419
0 0 0 0 1 6.42477
0 0 0 0 1 6.50651
0 0 0 0 0 6.4584
0 0 0 0 1 6.51473
0 0 0 0 1 6.54529
0 0 0 0 1 6.56294
0 0 0 0 0 6.58661
0 0 0 0 0 6.54461
0 0 0 0 0 6.58221
0 0 0 0 1 6.67903
0 0 0 0 1 6.69009
0 0 0 0 1 6.65448
0 0 0 0 1 6.7263
0 0 0 0 1 6.75824
0 0 0 0 1 6.709
0 0 0 0 0 6.69994
0 0 0 0 1 6.85362
0 0 0 0 1 6.74278
0 0 0 0 1 6.89084
0 0 0 0 1 6.81353
0 0 0 0 1 6.91465
0 0 0 0 1 6.84366
0 0 0 0 1 6.88361
0 0 0 0 1 6.90239
0 0 0 0 0 7.03299
0 0 0 0 1 6.98925
0 0 0 0 1 7.09993
0 0 0 0 1 7.08381
0 0 0 0 0 7.08917
0 0 0 0 1 7.10162
0 0 0 0 1 7.14269
0 0 0 0 0 7.2414
0 0 0 0 1 7.22551
0 0 0 0 1 7.2307
0 0 0 0 1 7.27256
0 0 0 0 1 7.32886
0 0 0 0 1 7.39322
0 0 0 0 1 7.33252
0 0 0 0 1 7.40501
0 0 0 0 1 7.42524
0 0 0 0 1 7.49022
0 0 0 0 1 7.47371
0 0 0 0 1 7.46401
0 0 0 0 1 7.52202
0 0 0 0 1 7.59559
0 0 0 0 1 7.60911
0 0 0 0 0 7.69869
0 0 0 0 1 7.6121
0 0 0 0 1 7.65582
0 0 0 0 1 7.74634
0 0 0 0 1 7.77513
0 0 0 0 0 7.83579
0 0 0 0 1 7.87276
0 0 0 0 1 7.85403
0 0 0 0 0 7.92279
0 0 0 0 1 8.05544
0 0 0 0 0 7.99694
0 0 0 0 0 8.08287
0 0 0 0 0 8.12886
0 0 0 0 0 8.0849
0 0 0 0 1 8.16363
0 0 0 0 1 8.22585
0 0 0 0 1 8.35468
0 0 0 0 0 8.327
0 0 0 0 1 8.44873
0 0 0 0 1 8.34435
0 0 0 0 1 8.51758
0 0 0 0 0 8.55631
0 0 0 0 1 8.58655
0 0 0 0 1 8.58309
0 0 0 0 0 8.56129
0 0 0 0 1 8.68579
0 0 0 0 1 8.70721
0 0 0 0 1 8.8684
0 0 0 0 1 8.79382
0 0 0 0 1 8.88529
0 0 0 0 1 8.94161
0 0 0 0 1 9.09719
0 0 0 0 1 9.00042
0 0 0 0 1 9.14911
0 0 0 0 1 9.18808
0 0 0 0 1 9.27314
0 0 0 0 1 9.2566
0 0 0 0 1 9.41782
0 0 0 0 0 9.37164
0 0 0 0 1 9.42941
0 0 0 0 1 9.50516
0 0 0 0 1 9.68674
0 0 0 0 1 9.62035
0 0 0 0 0 9.80375
0 0 0 0 1 9.77372
0 0 0 0 1 9.92971
0 0 0 0 1 9.96948
0 0 0 0 1 10.0661
0 0 0 0 1 10.1246
0 0 0 0 0 10.07
0 0 0 0 0 10.3011
0 0 0 0 1 10.1837
0 0 0 0 1 10.2706
0 0 0 0 1 10.4015
0 0 0 0 0 10.395
0 0 0 0 1 10.5355
0 0 0 0 1 10.7712
0 0 0 0 0 10.6675
0 0 0 0 0 10.8191
0 0 0 0 1 9.35243
0 0 0 0 1 9.25392
0 0 0 0 1 9.2904
0 0 0 0 1 9.17419
0 0 0 0 0 9.24767
0 0 0 0 1 9.2886
0 0 0 0 1 9.14137
0 0 0 0 0 9.22833
0 0 0 0 1 9.20995
0 0 0 0 1 9.19628
0 0 0 0 0 9.1782
0 0 0 0 1 9.14672
0 0 0 0 1 9.04746
0 0 0 0 1 8.99386
0 0 0 0 1 9.07153
0 0 0 0 1 8.91029
0 0 0 0 1 9.06886
0 0 0 0 1 8.99811
0 0 0 0 1 8.86509
0 0 0 0 1 8.85765
0 0 0 0 0 8.89974
0 0 0 0 1 8.90136
0 0 0 0 1 8.84093
0 0 0 0 0 8.8074
0 0 0 0 1 8.87137
0 0 0 0 1 8.81658
0 0 0 0 0 8.86288
0 0 0 0 1 8.75083
0 0 0 0 0 8.70071
0 0 0 0 1 8.80865
0 0 0 0 1 8.77632
0 0 0 0 0 8.67946
0 0 0 0 1 8.78719
0 0 0 0 1 8.76414
0 0 0 0 1 8.74128
0 0 0 0 1 8.74463
0 0 0 0 1 8.59219
0 0 0 0 1 8.596
0 0 0 0 1 8.59129
0 0 0 0 1 8.70742
0 0 0 0 1 8.61672
0 0 0 0 1 8.53502
0 0 0 0 1 8.63392
0 0 0 0 1 8.62982
0 0 0 0 1 8.47183
0 0 0 0 0 8.61351
0 0 0 0 1 8.56168
0 0 0 0 1 8.47297
0 0 0 0 0 8.60128
0 0 0 0 1 8.61294
0 0 0 0 1 8.88627
0 0 0 0 1 8.97672
0 0 0 0 1 9.02053
0 0 0 0 1 9.14517
0 0 0 0 0 9.39137
0 0 0 0 0 9.45043
0 0 0 0 0 9.70041
0 0 0 0 1 9.77641
0 0 0 0 1 9.92973
0 0 0 0 1 10.2656
0 0 0 0 1 10.2758
0 0 0 0 1 10.5951
0 0 0 0 1 10.6409
0 0 0 0 1 10.8761
0 0 0 0 0 11.0683
0 0 0 0 0 11.4744
0 0 0 0 1 11.5388
0 0 0 0 1 11.8905
0 0 0 0 1 12.0301
0 0 0 0 1 12.3209
0 0 0 0 1 12.6988
0 0 0 0 1 12.7833
0 0 0 0 1 22.5464
0 0 0 0 1 22.5277
0 0 0 0 0 22.4848
0 0 0 0 1 22.7617
0 0 0 0 1 22.4496
0 0 0 0 1 22.8401
0 0 0 0 1 22.4161
0 0 0 0 1 22.4904
0 0 0 0 1 22.4972
0 0 0 0 1 22.4367
0 0 0 0 1 22.6474
0 0 0 0 1 22.475
0 0 0 0 1 22.62
0 0 0 0 0 22.291
0 0 0 0 1 22.2779
0 0 0 0 1 22.2876
0 0 0 0 1 22.4551
0 0 0 0 1 22.3309
0 0 0 0 1 23.2924
0 0 0 0 1 24.0997
0 0 0 0 1 25.0678
0 0 0 0 0 26.0812
0 0 0 0 1 36.3812
0 0 0 0 0 36.4754
0 0 0 0 1 36.352
0 0 0 0 0 36.4475
0 0 0 0 0 36.6837
0 0 0 0 1 38.4107
0 0 0 0 0 52.4312
0 0 0 0 0 52.5717
0 0 0 0 0 51.621
0 0 0 0 0 52.2838
0 0 0 0 1 52.1152
0 0 0 0 1 55.9905
0 0 0 0 1 65.1352
0 0 0 0 0 70.2212
0 0 0 0 0 81.9736
0 0 0 0 0 4.96992
0 0 0 0 0 5.02002
0 0 0 0 0 5.04507
0 0 0 0 0 4.98996
0 0 0 0 0 4.9599
0 0 0 0 0 4.96992
0 0 0 0 0 5.04006
0 0 0 0 0 4.99497
0 0 0 0 0 5.01501
0 0 0 0 0 5.0601
0 0 0 0 0 5.03004
0 0 0 0 0 4.99998
0 0 0 0 1 87.8536
0 0 0 0 1 86.7239
0 0 0 0 1 74.6189
0 0 0 0 1 63.9028
0 0 0 0 0 60.7685
0 0 0 0 1 60.0533
0 0 0 0 1 60.2467
0 0 0 0 0 51.2097
0 0 0 0 1 47.6033
0 0 0 0 1 48.3835
0 0 0 0 1 39.6669
0 0 0 0 1 36.9303
0 0 0 0 1 35.8818
0 0 0 0 1 35.8228
0 0 0 0 1 35.6564
0 0 0 0 1 35.4201
0 0 0 0 1 27.9656
0 0 0 0 1 26.8839
0 0 0 0 1 25.4084
0 0 0 0 1 24.7622
0 0 0 0 1 24.5278
0 0 0 0 1 24.8849
0 0 0 0 1 24.4774
0 0 0 0 1 24.8851
0 0 0 0 1 24.8495
0 0 0 0 1 24.518
0 0 0 0 1 24.6066
0 0 0 0 1 24.5228
0 0 0 0 0 24.611
0 0 0 0 1 18.3091
0 0 0 0 1 17.5973
0 0 0 0 1 17.1402
0 0 0 0 0 16.5604
0 0 0 0 0 16.261
0 0 0 0 1 15.9113
0 0 0 0 1 15.5629
0 0 0 0 0 15.0153
0 0 0 0 1 14.6687
0 0 0 0 1 14.3077
0 0 0 0 0 14.0567
0 0 0 0 0 13.7898
0 0 0 0 0 13.8849
0 0 0 0 1 13.9248
0 0 0 0 1 13.8119
0 0 0 0 0 13.894
0 0 0 0 1 13.9368
0 0 0 0 0 13.922
0 0 0 0 0 13.9493
0 0 0 0 1 14.0468
0 0 0 0 1 14.1051
0 0 0 0 0 14.0632
0 0 0 0 1 13.9934
0 0 0 0 1 13.994
0 0 0 0 1 14.1378
0 0 0 0 1 14.1671
0 0 0 0 1 14.1403
0 0 0 0 0 14.0739
0 0 0 0 1 14.1463
0 0 0 0 1 14.0917
0 0 0 0 1 14.1532
0 0 0 0 0 14.0989
0 0 0 0 0 14.2747
0 0 0 0 1 14.164
0 0 0 0 1 14.1272
0 0 0 0 1 14.2873
0 0 0 0 0 14.4082
0 0 0 0 0 14.3121
0 0 0 0 0 14.2333
0 0 0 0 1 14.4096
0 0 0 0 1 8.86123
0 0 0 0 1 8.64251
0 0 0 0 1 8.52127
0 0 0 0 1 8.52021
0 0 0 0 1 8.30704
0 0 0 0 0 8.34535
0 0 0 0 1 8.25884
0 0 0 0 1 8.05764
0 0 0 0 0 8.06023
0 0 0 0 1 7.89476
0 0 0 0 1 7.89675
0 0 0 0 1 7.70983
0 0 0 0 1 7.58798
0 0 0 0 1 7.54269
0 0 0 0 0 7.41449
0 0 0 0 0 7.37797
0 0 0 0 1 7.33157
0 0 0 0 1 7.19239
0 0 0 0 1 7.20523
0 0 0 0 1 7.1029
0 0 0 0 1 7.05045
0 0 0 0 0 6.94431
0 0 0 0 1 6.85752
0 0 0 0 1 6.75296
0 0 0 0 1 6.81822
0 0 0 0 0 6.73392
0 0 0 0 1 6.65676
0 0 0 0 1 6.57999
0 0 0 0 1 6.51661
0 0 0 0 1 6.5011
0 0 0 0 1 6.34181
0 0 0 0 1 6.37064
0 0 0 0 1 6.2161
0 0 0 0 1 6.23146
0 0 0 0 1 6.22726
0 0 0 0 1 6.08159
0 0 0 0 1 6.12566
0 0 0 0 1 6.06887
0 0 0 0 1 5.95572
0 0 0 0 1 5.92947
0 0 0 0 1 5.82378
0 0 0 0 1 5.8385
0 0 0 0 1 5.731
0 0 0 0 1 5.75083
0 0 0 0 0 5.71548
0 0 0 0 0 5.61536
0 0 0 0 0 5.56662
0 0 0 0 1 5.57118
0 0 0 0 1 5.50037
0 0 0 0 1 5.46299
0 0 0 0 1 5.40389
0 0 0 0 1 5.45628
0 0 0 0 1 5.4003
0 0 0 0 1 5.27757
0 0 0 0 1 5.24918
0 0 0 0 0 5.2334
0 0 0 0 1 5.21015
0 0 0 0 1 5.15575
0 0 0 0 0 5.15834
0 0 0 0 1 5.16567
0 0 0 0 1 5.10827
0 0 0 0 1 5.02938
0 0 0 0 1 5.0346
0 0 0 0 1 5.03122
0 0 0 0 1 4.96817
0 0 0 0 1 4.93511
0 0 0 0 1 4.92657
0 0 0 0 1 4.80949
0 0 0 0 1 4.83509
0 0 0 0 1 4.76685
0 0 0 0 0 4.81222
0 0 0 0 1 4.88795
0 0 0 0 1 4.85726
0 0 0 0 1 4.83017
0 0 0 0 1 4.8969
0 0 0 0 1 4.89536
0 0 0 0 1 4.94801
0 0 0 0 1 4.90591
0 0 0 0 1 4.93906
0 0 0 0 1 5.01224
0 0 0 0 1 5.00477
0 0 0 0 1 4.99848
0 0 0 0 1 4.9921
0 0 0 0 1 5.04116
0 0 0 0 1 5.0399
0 0 0 0 1 5.11485
0 0 0 0 1 5.07296
0 0 0 0 1 5.15365
0 0 0 0 1 5.13072
0 0 0 0 1 5.12442
0 0 0 0 1 5.12321
0 0 0 0 1 5.22583
0 0 0 0 0 5.21968
0 0 0 0 1 5.20819
0 0 0 0 1 5.2491
0 0 0 0 1 5.22169
0 0 0 0 1 5.33318
0 0 0 0 1 5.26846
0 0 0 0 1 5.34741
0 0 0 0 1 5.35183
0 0 0 0 1 5.41005
0 0 0 0 1 5.40529
0 0 0 0 1 5.48037
0 0 0 0 1 5.4578
0 0 0 0 1 5.45141
0 0 0 0 1 5.55638
0 0 0 0 1 5.51146
0 0 0 0 1 5.52307
0 0 0 0 0 5.53316
0 0 0 0 1 5.58953
0 0 0 0 0 5.59414
0 0 0 0 1 5.59455
0 0 0 0 1 5.6217
0 0 0 0 1 5.64479
0 0 0 0 0 5.71223
0 0 0 0 1 5.78172
0 0 0 0 1 5.7708
0 0 0 0 1 5.8177
0 0 0 0 1 5.8808
0 0 0 0 1 5.84042
0 0 0 0 1 5.87017
0 0 0 0 1 5.86449
0 0 0 0 0 5.90025
0 0 0 0 1 6.0439
0 0 0 0 0 6.0565
0 0 0 0 1 6.06903
0 0 0 0 1 6.13009
0 0 0 0 1 6.15493
0 0 0 0 1 6.08162
0 0 0 0 1 6.21253
0 0 0 0 1 9.5
0 0 0 0 1 9.47185
0 0 0 0 1 9.38394
0 0 0 0 1 9.45668
0 0 0 0 1 9.2881
0 0 0 0 1 9.40731
0 0 0 0 1 9.32997
0 0 0 0 1 9.21266
0 0 0 0 1 9.21375
0 0 0 0 1 9.14694
0 0 0 0 1 9.21854
0 0 0 0 1 9.25298
0 0 0 0 1 9.23233
0 0 0 0 0 9.17537
0 0 0 0 1 9.06426
0 0 0 0 1 9.01724
0 0 0 0 1 8.93441
0 0 0 0 1 8.91174
0 0 0 0 0 9.06304
0 0 0 0 1 8.97753
0 0 0 0 1 8.86903
0 0 0 0 1 8.81459
0 0 0 0 1 8.92011
0 0 0 0 1 8.7775
0 0 0 0 1 8.82631
0 0 0 0 1 8.84306
0 0 0 0 0 8.71076
0 0 0 0 1 8.82598
0 0 0 0 1 8.69445
0 0 0 0 1 8.75163
0 0 0 0 1 8.62112
0 0 0 0 0 8.60037
0 0 0 0 1 8.70403
0 0 0 0 1 8.68328
0 0 0 0 1 8.60605
0 0 0 0 1 8.48301
0 0 0 0 1 8.5776
0 0 0 0 1 8.50647
0 0 0 0 1 8.44422
0 0 0 0 1 8.50943
0 0 0 0 1 8.52366
0 0 0 0 1 8.38603
0 0 0 0 1 8.34534
0 0 0 0 0 8.36002
0 0 0 0 1 8.35796
0 0 0 0 0 8.32254
0 0 0 0 0 8.30402
0 0 0 0 1 8.32265
0 0 0 0 0 8.2546
0 0 0 0 1 8.22004
0 0 0 0 0 8.2893
0 0 0 0 0 8.1972
0 0 0 0 1 8.27838
0 0 0 0 0 8.27718
0 0 0 0 1 8.11218
0 0 0 0 1 8.20146
0 0 0 0 1 8.1762
0 0 0 0 1 8.16743
0 0 0 0 1 8.19129
0 0 0 0 1 8.17461
0 0 0 0 0 8.14999
0 0 0 0 0 8.10134
0 0 0 0 1 8.02074
0 0 0 0 1 8.10546
0 0 0 0 1 8.02531
0 0 0 0 1 7.9536
0 0 0 0 1 7.93829
0 0 0 0 1 7.9551
0 0 0 0 0 7.90394
0 0 0 0 1 7.9926
0 0 0 0 1 8.02543
0 0 0 0 1 8.01068
0 0 0 0 1 7.95651
0 0 0 0 1 7.92993
0 0 0 0 0 7.93944
0 0 0 0 1 7.94904
0 0 0 0 1 7.80485
0 0 0 0 1 7.9204
0 0 0 0 1 7.88326
0 0 0 0 1 7.76025
0 0 0 0 1 7.84104
0 0 0 0 1 7.8547
0 0 0 0 1 7.85739
0 0 0 0 1 7.79796
0 0 0 0 1 7.70309
0 0 0 0 1 7.72193
0 0 0 0 1 7.67411
