0 0 0 0 0 5.53625
0 0 0 0 1 5.55089
0 0 0 0 1 5.57683
0 0 0 0 1 5.54409
0 0 0 0 1 5.55354
0 0 0 0 0 5.5799
0 0 0 0 1 5.59992
0 0 0 0 1 5.59295
0 0 0 0 1 5.62763
0 0 0 0 1 5.604
0 0 0 0 1 5.60292
0 0 0 0 1 5.5963
0 0 0 0 1 5.66535
0 0 0 0 0 5.69861
0 0 0 0 1 5.66405
0 0 0 0 0 5.72804
0 0 0 0 0 5.72771
0 0 0 0 1 5.6705
0 0 0 0 1 5.75019
0 0 0 0 1 5.74256
0 0 0 0 0 5.71967
0 0 0 0 1 5.75989
0 0 0 0 1 5.78311
0 0 0 0 1 5.77195
0 0 0 0 1 5.7453
0 0 0 0 1 5.72259
0 0 0 0 1 5.84469
0 0 0 0 1 5.83967
0 0 0 0 0 5.79399
0 0 0 0 1 5.7715
0 0 0 0 1 5.83079
0 0 0 0 1 5.86269
0 0 0 0 1 5.91816
0 0 0 0 1 5.86666
0 0 0 0 0 5.9327
0 0 0 0 1 5.85754
0 0 0 0 1 5.91808
0 0 0 0 1 5.88414
0 0 0 0 1 5.94514
0 0 0 0 0 5.91718
0 0 0 0 1 5.99058
0 0 0 0 1 5.96271
0 0 0 0 1 6.02595
0 0 0 0 1 5.99814
0 0 0 0 1 6.03644
0 0 0 0 1 6.01465
0 0 0 0 1 6.03393
0 0 0 0 1 6.01211
0 0 0 0 1 6.04497
0 0 0 0 1 6.10241
0 0 0 0 1 6.1235
0 0 0 0 0 6.16924
0 0 0 0 0 6.12204
0 0 0 0 1 6.11989
0 0 0 0 1 6.12286
0 0 0 0 1 6.15681
0 0 0 0 1 6.24679
0 0 0 0 1 6.24302
0 0 0 0 1 6.17781
0 0 0 0 1 6.19361
0 0 0 0 1 6.31528
0 0 0 0 1 6.35676
0 0 0 0 1 6.34168
0 0 0 0 1 6.28225
0 0 0 0 0 6.33669
0 0 0 0 1 6.327
0 0 0 0 1 6.31811
0 0 0 0 1 6.4172
0 0 0 0 0 6.39566
0 0 0 0 1 6.46344
0 0 0 0 1 6.39667
0 0 0 0 1 6.43894
0 0 0 0 0 6.44972
0 0 0 0 0 6.46054
0 0 0 0 1 6.47143
0 0 0 0 1 6.61286
0 0 0 0 1 6.55119
0 0 0 0 0 6.62842
0 0 0 0 1 6.65915
0 0 0 0 1 6.65684
0 0 0 0 1 6.63446
0 0 0 0 1 6.69953
0 0 0 0 1 6.68441
0 0 0 0 1 6.66859
0 0 0 0 1 6.79459
0 0 0 0 1 6.83326
0 0 0 0 1 6.83813
0 0 0 0 0 6.76779
0 0 0 0 1 6.79294
0 0 0 0 1 6.92154
0 0 0 0 1 6.89896
0 0 0 0 1 6.91827
0 0 0 0 0 6.93022
0 0 0 0 1 6.99807
0 0 0 0 1 7.03833
0 0 0 0 0 7.02252
0 0 0 0 1 7.14036
0 0 0 0 1 7.0395
0 0 0 0 1 7.07313
0 0 0 0 1 7.10694
0 0 0 0 0 7.20552
0 0 0 0 1 7.21831
0 0 0 0 1 7.18003
0 0 0 0 1 7.21444
0 0 0 0 1 7.30696
0 0 0 0 1 7.37124
0 0 0 0 1 7.33252
0 0 0 0 1 7.4493
0 0 0 0 1 7.47717
0 0 0 0 1 7.42315
0 0 0 0 1 7.54852
0 0 0 0 0 7.56173
0 0 0 0 0 7.47671
0 0 0 0 1 7.58041
0 0 0 0 0 7.58626
0 0 0 0 1 7.67574
0 0 0 0 1 7.66592
0 0 0 0 1 7.71762
0 0 0 0 1 7.69977
0 0 0 0 0 7.87651
0 0 0 0 1 7.80448
0 0 0 0 1 7.87276
0 0 0 0 1 7.86194
0 0 0 0 1 8.01815
0 0 0 0 1 7.93557
0 0 0 0 1 7.99694
0 0 0 0 0 8.1474
0 0 0 0 1 8.15318
0 0 0 0 1 8.07675
0 0 0 0 1 8.13088
0 0 0 0 1 8.20115
0 0 0 0 1 8.20564
0 0 0 0 1 8.40187
0 0 0 0 1 8.44873
0 0 0 0 0 8.44529
0 0 0 0 0 8.42454
0 0 0 0 1 8.55631
0 0 0 0 0 8.52668
0 0 0 0 0 8.55732
0 0 0 0 0 8.64768
0 0 0 0 0 8.6684
0 0 0 0 1 8.68973
0 0 0 0 1 8.76282
0 0 0 0 1 8.90872
0 0 0 0 1 8.82304
0 0 0 0 1 8.96846
0 0 0 0 1 9.07918
0 0 0 0 1 9.10012
0 0 0 0 1 9.03064
0 0 0 0 1 9.1514
0 0 0 0 0 9.20856
0 0 0 0 1 9.3123
0 0 0 0 1 9.24982
0 0 0 0 1 9.37164
0 0 0 0 0 9.52399
0 0 0 0 1 9.45754
0 0 0 0 1 9.65797
0 0 0 0 1 9.5914
0 0 0 0 0 9.69687
0 0 0 0 1 9.75416
0 0 0 0 1 9.8903
0 0 0 0 1 9.92984
0 0 0 0 1 10.0362
0 0 0 0 1 10.0039
0 0 0 0 1 10.1207
0 0 0 0 1 10.0972
0 0 0 0 0 10.2248
0 0 0 0 0 10.3017
0 0 0 0 1 10.5057
0 0 0 0 1 10.5525
0 0 0 0 1 10.5989
0 0 0 0 0 10.6005
0 0 0 0 0 10.732
0 0 0 0 1 10.8516
0 0 0 0 1 9.38034
0 0 0 0 1 9.24464
0 0 0 0 1 9.30893
0 0 0 0 1 9.30353
0 0 0 0 0 9.24767
0 0 0 0 0 9.21502
0 0 0 0 0 9.26069
0 0 0 0 1 9.12763
0 0 0 0 0 9.05462
0 0 0 0 1 9.18717
0 0 0 0 0 9.06904
0 0 0 0 0 8.98338
0 0 0 0 1 8.96595
0 0 0 0 1 8.9577
0 0 0 0 0 9.00841
0 0 0 0 1 8.97329
0 0 0 0 1 8.91622
0 0 0 0 0 9.00707
0 0 0 0 1 8.96349
0 0 0 0 1 8.83979
0 0 0 0 1 8.89083
0 0 0 0 0 8.92804
0 0 0 0 0 8.91195
0 0 0 0 1 8.94031
0 0 0 0 0 8.85369
0 0 0 0 1 8.78127
0 0 0 0 1 8.7924
0 0 0 0 1 8.75962
0 0 0 0 1 8.76217
0 0 0 0 1 8.78235
0 0 0 0 1 8.67132
0 0 0 0 1 8.81044
0 0 0 0 0 8.65643
0 0 0 0 1 8.6423
0 0 0 0 1 8.74997
0 0 0 0 1 8.74463
0 0 0 0 1 8.62683
0 0 0 0 1 8.67383
0 0 0 0 1 8.62583
0 0 0 0 1 8.65569
0 0 0 0 1 8.63394
0 0 0 0 0 8.50923
0 0 0 0 0 8.53951
0 0 0 0 1 8.63839
0 0 0 0 1 8.63442
0 0 0 0 1 8.46824
0 0 0 0 1 8.51046
0 0 0 0 1 8.46444
0 0 0 0 1 8.65273
0 0 0 0 0 8.68254
0 0 0 0 0 8.83332
0 0 0 0 1 8.93192
0 0 0 0 1 9.01144
0 0 0 0 1 9.20983
0 0 0 0 1 9.35384
0 0 0 0 1 9.48857
0 0 0 0 0 9.61328
0 0 0 0 1 9.78626
0 0 0 0 0 9.9998
0 0 0 0 1 10.2758
0 0 0 0 0 10.2655
0 0 0 0 1 10.4579
0 0 0 0 1 10.6409
0 0 0 0 1 10.8761
0 0 0 0 1 11.2243
0 0 0 0 1 11.4744
0 0 0 0 1 11.6315
0 0 0 0 1 11.7132
0 0 0 0 1 12.0904
0 0 0 0 1 12.3333
0 0 0 0 0 12.6485
0 0 0 0 1 12.7705
0 0 0 0 0 22.7055
0 0 0 0 1 22.9137
0 0 0 0 1 22.5983
0 0 0 0 1 22.8071
0 0 0 0 1 22.5855
0 0 0 0 0 22.8401
0 0 0 0 0 22.8459
0 0 0 0 1 22.739
0 0 0 0 0 22.3617
0 0 0 0 1 22.6398
0 0 0 0 1 22.3541
0 0 0 0 1 22.3172
0 0 0 0 1 22.6425
0 0 0 0 1 22.4936
0 0 0 0 0 22.7279
0 0 0 0 1 22.535
0 0 0 0 1 22.4102
0 0 0 0 1 22.4432
0 0 0 0 1 23.3852
0 0 0 0 1 24.2444
0 0 0 0 1 24.9422
0 0 0 0 1 26.3695
0 0 0 0 1 36.7454
0 0 0 0 1 36.439
0 0 0 0 0 36.2064
0 0 0 0 1 36.5203
0 0 0 0 1 36.2106
0 0 0 0 0 38.3722
0 0 0 0 1 51.8584
0 0 0 0 1 51.5307
0 0 0 0 1 51.5169
0 0 0 0 1 51.8676
0 0 0 0 1 51.5431
0 0 0 0 0 56.2724
0 0 0 0 0 65.9207
0 0 0 0 1 68.9673
0 0 0 0 1 81.2373
0 0 0 0 0 4.96992
0 0 0 0 0 5.01501
0 0 0 0 0 5.01501
0 0 0 0 0 5.05008
0 0 0 0 0 5.04006
0 0 0 0 0 4.99497
0 0 0 0 0 4.97493
0 0 0 0 0 4.97493
0 0 0 0 0 4.98495
0 0 0 0 0 4.97493
0 0 0 0 0 4.96992
0 0 0 0 0 5.00499
0 0 0 0 1 87.766
0 0 0 0 0 87.6875
0 0 0 0 1 74.5437
0 0 0 0 1 63.3282
0 0 0 0 1 60.1027
0 0 0 0 1 60.4771
0 0 0 0 1 60.0045
0 0 0 0 1 51.3129
0 0 0 0 1 48.0351
0 0 0 0 1 48.4315
0 0 0 0 1 39.1564
0 0 0 0 1 37.0407
0 0 0 0 1 35.5252
0 0 0 0 1 35.7514
0 0 0 0 1 35.478
0 0 0 0 1 35.5629
0 0 0 0 1 27.8252
0 0 0 0 0 26.7499
0 0 0 0 1 25.6135
0 0 0 0 1 24.4668
0 0 0 0 1 24.4539
0 0 0 0 0 24.5646
0 0 0 0 1 24.7239
0 0 0 0 1 24.7618
0 0 0 0 0 24.6274
0 0 0 0 1 24.9378
0 0 0 0 1 24.8537
0 0 0 0 1 24.5969
0 0 0 0 1 24.9325
0 0 0 0 1 18.0543
0 0 0 0 1 17.8096
0 0 0 0 1 17.2605
0 0 0 0 1 16.7779
0 0 0 0 1 16.3262
0 0 0 0 1 15.7842
0 0 0 0 1 15.377
0 0 0 0 1 15.2573
0 0 0 0 1 14.8753
0 0 0 0 0 14.3654
0 0 0 0 1 14.1131
0 0 0 0 0 13.9703
0 0 0 0 1 13.9683
0 0 0 0 1 13.9526
0 0 0 0 1 13.8675
0 0 0 0 1 13.9637
0 0 0 0 1 13.9787
0 0 0 0 1 13.9499
0 0 0 0 1 14.0891
0 0 0 0 1 13.9069
0 0 0 0 1 13.951
0 0 0 0 1 14.0352
0 0 0 0 1 13.9934
0 0 0 0 1 13.9518
0 0 0 0 1 14.0956
0 0 0 0 1 13.9981
0 0 0 0 1 14.2108
0 0 0 0 1 14.1586
0 0 0 0 1 14.2311
0 0 0 0 0 14.12
0 0 0 0 1 14.309
0 0 0 0 1 14.0705
0 0 0 0 1 14.1327
0 0 0 0 1 14.1782
0 0 0 0 1 14.3551
0 0 0 0 0 14.2445
0 0 0 0 1 14.1511
0 0 0 0 1 14.1691
0 0 0 0 1 14.3049
0 0 0 0 1 14.3666
0 0 0 0 0 8.87888
0 0 0 0 1 8.67736
0 0 0 0 1 8.52127
0 0 0 0 1 8.48623
0 0 0 0 1 8.47486
0 0 0 0 1 8.29563
0 0 0 0 1 8.23426
0 0 0 0 0 8.03337
0 0 0 0 1 7.94828
0 0 0 0 1 7.82364
0 0 0 0 1 7.88112
0 0 0 0 1 7.70211
0 0 0 0 1 7.5727
0 0 0 0 1 7.48978
0 0 0 0 1 7.40701
0 0 0 0 1 7.37797
0 0 0 0 1 7.27304
0 0 0 0 1 7.19963
0 0 0 0 0 7.2339
0 0 0 0 1 7.03194
0 0 0 0 1 7.02939
0 0 0 0 1 6.93039
0 0 0 0 1 6.83687
0 0 0 0 1 6.79389
0 0 0 0 0 6.69659
0 0 0 0 1 6.754
0 0 0 0 1 6.59046
0 0 0 0 1 6.57342
0 0 0 0 1 6.56214
0 0 0 0 1 6.39791
0 0 0 0 0 6.35458
0 0 0 0 1 6.32631
0 0 0 0 0 6.23493
0 0 0 0 1 6.20034
0 0 0 0 1 6.16554
0 0 0 0 1 6.17948
0 0 0 0 1 6.05895
0 0 0 0 0 6.00866
0 0 0 0 0 6.02733
0 0 0 0 1 5.86431
0 0 0 0 1 5.92945
0 0 0 0 0 5.83267
0 0 0 0 1 5.75413
0 0 0 0 1 5.7623
0 0 0 0 1 5.70979
0 0 0 0 1 5.58714
0 0 0 0 1 5.54982
0 0 0 0 1 5.57675
0 0 0 0 1 5.54455
0 0 0 0 0 5.44655
0 0 0 0 1 5.46913
0 0 0 0 1 5.45088
0 0 0 0 1 5.40567
0 0 0 0 0 5.33615
0 0 0 0 0 5.25447
0 0 0 0 1 5.2544
0 0 0 0 1 5.24144
0 0 0 0 1 5.14021
0 0 0 0 1 5.19953
0 0 0 0 1 5.16567
0 0 0 0 1 5.0474
0 0 0 0 1 5.01426
0 0 0 0 0 5.04964
0 0 0 0 0 4.94155
0 0 0 0 1 4.97312
0 0 0 0 1 4.94494
0 0 0 0 0 4.93145
0 0 0 0 1 4.86293
0 0 0 0 0 4.77719
0 0 0 0 1 4.86315
0 0 0 0 0 4.78808
0 0 0 0 1 4.82013
0 0 0 0 1 4.84267
0 0 0 0 1 4.83504
0 0 0 0 1 4.88711
0 0 0 0 1 4.94937
0 0 0 0 1 4.88887
0 0 0 0 1 4.94544
0 0 0 0 1 4.9093
0 0 0 0 1 4.92762
0 0 0 0 1 5.01974
0 0 0 0 0 4.98846
0 0 0 0 1 5.05746
0 0 0 0 0 5.01593
0 0 0 0 0 5.05509
0 0 0 0 1 5.10977
0 0 0 0 1 5.05764
0 0 0 0 1 5.07168
0 0 0 0 1 5.18208
0 0 0 0 1 5.13989
0 0 0 0 1 5.19048
0 0 0 0 1 5.1583
0 0 0 0 1 5.16232
0 0 0 0 1 5.271
0 0 0 0 1 5.21232
0 0 0 0 1 5.23752
0 0 0 0 0 5.25366
0 0 0 0 1 5.36425
0 0 0 0 1 5.36344
0 0 0 0 1 5.32502
0 0 0 0 1 5.35622
0 0 0 0 1 5.4594
0 0 0 0 1 5.40432
0 0 0 0 1 5.41963
0 0 0 0 1 5.47877
0 0 0 0 0 5.51237
0 0 0 0 1 5.5446
0 0 0 0 1 5.59524
0 0 0 0 1 5.54987
0 0 0 0 1 5.57273
0 0 0 0 1 5.67285
0 0 0 0 1 5.66236
0 0 0 0 1 5.6217
0 0 0 0 1 5.74172
0 0 0 0 1 5.67217
0 0 0 0 1 5.81049
0 0 0 0 1 5.79393
0 0 0 0 1 5.75959
0 0 0 0 0 5.79328
0 0 0 0 1 5.81696
0 0 0 0 0 5.85838
0 0 0 0 0 5.93558
0 0 0 0 1 5.92407
0 0 0 0 1 5.93619
0 0 0 0 1 5.98433
0 0 0 0 1 6.07507
0 0 0 0 1 6.09971
0 0 0 0 1 6.11829
0 0 0 0 1 6.18595
0 0 0 0 1 6.12607
0 0 0 0 1 9.55711
0 0 0 0 1 9.40548
0 0 0 0 1 9.40284
0 0 0 0 1 9.43785
0 0 0 0 1 9.45698
0 0 0 0 1 9.41666
0 0 0 0 1 9.2554
0 0 0 0 1 9.25914
0 0 0 0 1 9.28783
0 0 0 0 0 9.18386
0 0 0 0 1 9.28294
0 0 0 0 0 9.12459
0 0 0 0 1 9.09522
0 0 0 0 0 9.19359
0 0 0 0 1 9.10968
0 0 0 0 1 9.12588
0 0 0 0 1 9.11491
0 0 0 0 1 8.97476
0 0 0 0 1 8.91049
0 0 0 0 1 8.87907
0 0 0 0 1 8.87795
0 0 0 0 1 8.93022
0 0 0 0 1 8.90238
0 0 0 0 0 8.80402
0 0 0 0 1 8.73814
0 0 0 0 0 8.86064
0 0 0 0 1 8.73705
0 0 0 0 0 8.65978
0 0 0 0 1 8.71189
0 0 0 0 1 8.74293
0 0 0 0 1 8.5951
0 0 0 0 1 8.72151
0 0 0 0 0 8.54013
0 0 0 0 0 8.68328
0 0 0 0 1 8.53741
0 0 0 0 1 8.64565
0 0 0 0 1 8.552
0 0 0 0 1 8.47241
0 0 0 0 0 8.4782
0 0 0 0 1 8.4162
0 0 0 0 0 8.37991
0 0 0 0 1 8.41977
0 0 0 0 1 8.42105
0 0 0 0 1 8.41039
0 0 0 0 1 8.41658
0 0 0 0 1 8.31418
0 0 0 0 1 8.42074
0 0 0 0 1 8.37254
0 0 0 0 0 8.28779
0 0 0 0 1 8.36076
0 0 0 0 1 8.34715
0 0 0 0 1 8.1972
0 0 0 0 1 8.25369
0 0 0 0 1 8.17043
0 0 0 0 1 8.26787
0 0 0 0 1 8.25869
0 0 0 0 0 8.15172
0 0 0 0 1 8.11043
0 0 0 0 0 8.18317
0 0 0 0 1 8.09351
0 0 0 0 1 8.12571
0 0 0 0 0 8.05288
0 0 0 0 1 7.9885
0 0 0 0 1 8.05716
0 0 0 0 1 8.08958
0 0 0 0 0 8.00171
0 0 0 0 1 8.05833
0 0 0 0 1 7.9551
0 0 0 0 1 7.91989
0 0 0 0 1 8.00852
0 0 0 0 0 7.96187
0 0 0 0 1 7.95516
0 0 0 0 0 7.92484
0 0 0 0 1 7.87459
0 0 0 0 1 7.82895
0 0 0 0 0 7.9254
0 0 0 0 1 7.89926
0 0 0 0 1 7.8654
0 0 0 0 1 7.88326
0 0 0 0 1 7.78374
0 0 0 0 1 7.84104
0 0 0 0 1 7.84689
0 0 0 0 1 7.74047
0 0 0 0 1 7.82909
0 0 0 0 1 7.73418
0 0 0 0 0 7.74521
0 0 0 0 1 7.82139
