0 0 0 0 1 5.54179
0 0 0 0 1 5.60645
0 0 0 0 0 5.59909
0 0 0 0 1 5.61095
0 0 0 0 1 5.54795
0 0 0 0 1 5.59667
0 0 0 0 1 5.54398
0 0 0 0 0 5.62658
0 0 0 0 1 5.65568
0 0 0 0 1 5.64335
0 0 0 0 1 5.64797
0 0 0 0 1 5.60194
0 0 0 0 1 5.66535
0 0 0 0 1 5.68729
0 0 0 0 1 5.6357
0 0 0 0 0 5.72804
0 0 0 0 1 5.72203
0 0 0 0 0 5.69329
0 0 0 0 1 5.74448
0 0 0 0 1 5.70828
0 0 0 0 1 5.66815
0 0 0 0 0 5.74842
0 0 0 0 1 5.77736
0 0 0 0 1 5.78923
0 0 0 0 1 5.78568
0 0 0 0 0 5.8382
0 0 0 0 0 5.75201
0 0 0 0 1 5.82226
0 0 0 0 1 5.80562
0 0 0 0 1 5.7715
0 0 0 0 0 5.87169
0 0 0 0 0 5.90365
0 0 0 0 1 5.87128
0 0 0 0 0 5.81968
0 0 0 0 1 5.82676
0 0 0 0 1 5.91063
0 0 0 0 0 5.90034
0 0 0 0 0 5.90192
0 0 0 0 1 5.99265
0 0 0 0 0 5.92909
0 0 0 0 1 5.93092
0 0 0 0 1 5.95075
0 0 0 0 1 5.996
0 0 0 0 0 5.9501
0 0 0 0 1 6.03043
0 0 0 0 1 5.99656
0 0 0 0 0 6.02182
0 0 0 0 1 6.07885
0 0 0 0 1 6.13619
0 0 0 0 1 6.04144
0 0 0 0 1 6.07461
0 0 0 0 1 6.07734
0 0 0 0 1 6.18965
0 0 0 0 1 6.21225
0 0 0 0 1 6.15989
0 0 0 0 1 6.23725
0 0 0 0 1 6.22818
0 0 0 0 1 6.19945
0 0 0 0 1 6.20277
0 0 0 0 0 6.27494
0 0 0 0 1 6.2274
0 0 0 0 1 6.30012
0 0 0 0 1 6.32906
0 0 0 0 1 6.36449
0 0 0 0 1 6.28595
0 0 0 0 1 6.3461
0 0 0 0 0 6.39469
0 0 0 0 0 6.4236
0 0 0 0 1 6.40208
0 0 0 0 1 6.45055
0 0 0 0 0 6.45482
0 0 0 0 0 6.52973
0 0 0 0 1 6.53424
0 0 0 0 1 6.46054
0 0 0 0 1 6.53026
0 0 0 0 1 6.49477
0 0 0 0 0 6.55119
0 0 0 0 1 6.5492
0 0 0 0 0 6.65915
0 0 0 0 1 6.70339
0 0 0 0 1 6.72123
0 0 0 0 1 6.75308
0 0 0 0 1 6.71797
0 0 0 0 0 6.79657
0 0 0 0 1 6.71346
0 0 0 0 1 6.81291
0 0 0 0 1 6.879
0 0 0 0 1 6.76779
0 0 0 0 1 6.81353
0 0 0 0 1 6.88022
0 0 0 0 1 6.90587
0 0 0 0 0 6.86281
0 0 0 0 1 6.93022
0 0 0 0 1 6.99109
0 0 0 0 1 7.02431
0 0 0 0 1 7.02956
0 0 0 0 1 7.0626
0 0 0 0 1 7.11046
0 0 0 0 1 7.05176
0 0 0 0 1 7.11409
0 0 0 0 1 7.15528
0 0 0 0 1 7.18949
0 0 0 0 1 7.29584
0 0 0 0 0 7.20717
0 0 0 0 1 7.36535
0 0 0 0 1 7.29797
0 0 0 0 1 7.34724
0 0 0 0 1 7.39024
0 0 0 0 0 7.45491
0 0 0 0 0 7.48277
0 0 0 0 1 7.46623
0 0 0 0 1 7.58428
0 0 0 0 1 7.56734
0 0 0 0 1 7.56523
0 0 0 0 1 7.60149
0 0 0 0 1 7.66808
0 0 0 0 0 7.67361
0 0 0 0 0 7.71762
0 0 0 0 1 7.83172
0 0 0 0 0 7.75953
0 0 0 0 1 7.89841
0 0 0 0 0 7.88849
0 0 0 0 0 7.86194
0 0 0 0 1 7.96253
0 0 0 0 1 7.97552
0 0 0 0 1 8.03708
0 0 0 0 1 8.05867
0 0 0 0 0 8.0235
0 0 0 0 1 8.12565
0 0 0 0 1 8.11451
0 0 0 0 1 8.19292
0 0 0 0 1 8.36296
0 0 0 0 1 8.29373
0 0 0 0 1 8.4069
0 0 0 0 1 8.33594
0 0 0 0 1 8.38225
0 0 0 0 0 8.47125
0 0 0 0 1 8.52668
0 0 0 0 1 8.51436
0 0 0 0 1 8.71679
0 0 0 0 1 8.74665
0 0 0 0 1 8.7247
0 0 0 0 1 8.8596
0 0 0 0 1 8.86453
0 0 0 0 0 8.85861
0 0 0 0 0 8.92371
0 0 0 0 0 8.92606
0 0 0 0 1 9.00948
0 0 0 0 1 9.06709
0 0 0 0 1 9.22476
0 0 0 0 1 9.20856
0 0 0 0 1 9.34944
0 0 0 0 1 9.42716
0 0 0 0 1 9.34344
0 0 0 0 1 9.53345
0 0 0 0 1 9.43849
0 0 0 0 0 9.51411
0 0 0 0 1 9.69755
0 0 0 0 0 9.74545
0 0 0 0 1 9.79329
0 0 0 0 1 9.8312
0 0 0 0 1 9.85056
0 0 0 0 1 9.90635
0 0 0 0 1 10.1547
0 0 0 0 1 10.0802
0 0 0 0 1 10.1379
0 0 0 0 0 10.3687
0 0 0 0 1 10.3431
0 0 0 0 0 10.4119
0 0 0 0 1 10.4685
0 0 0 0 1 10.6307
0 0 0 0 1 10.6432
0 0 0 0 1 10.8179
0 0 0 0 1 10.7757
0 0 0 0 1 9.29659
0 0 0 0 1 9.37458
0 0 0 0 1 9.20704
0 0 0 0 1 9.18343
0 0 0 0 0 9.13703
0 0 0 0 0 9.12306
0 0 0 0 0 9.0863
0 0 0 0 1 9.0727
0 0 0 0 0 9.04549
0 0 0 0 1 9.06868
0 0 0 0 0 9.08723
0 0 0 0 0 9.10134
0 0 0 0 1 8.96595
0 0 0 0 1 9.06617
0 0 0 0 1 9.00841
0 0 0 0 1 9.01829
0 0 0 0 1 9.01499
0 0 0 0 1 9.05188
0 0 0 0 1 8.90087
0 0 0 0 1 8.83979
0 0 0 0 1 8.87301
0 0 0 0 1 8.80354
0 0 0 0 1 8.84981
0 0 0 0 1 8.79854
0 0 0 0 1 8.80946
0 0 0 0 0 8.8607
0 0 0 0 0 8.8805
0 0 0 0 1 8.72444
0 0 0 0 1 8.75339
0 0 0 0 1 8.721
0 0 0 0 1 8.83757
0 0 0 0 1 8.66199
0 0 0 0 0 8.64771
0 0 0 0 0 8.62489
0 0 0 0 1 8.6457
0 0 0 0 0 8.73596
0 0 0 0 0 8.57486
0 0 0 0 1 8.70843
0 0 0 0 1 8.70354
0 0 0 0 0 8.53499
0 0 0 0 1 8.61672
0 0 0 0 1 8.5694
0 0 0 0 1 8.52235
0 0 0 0 1 8.56126
0 0 0 0 1 8.53173
0 0 0 0 1 8.46824
0 0 0 0 1 8.56168
0 0 0 0 1 8.60935
0 0 0 0 1 8.58413
0 0 0 0 0 8.69124
0 0 0 0 1 8.73625
0 0 0 0 0 8.91401
0 0 0 0 1 9.04781
0 0 0 0 1 9.21907
0 0 0 0 1 9.3257
0 0 0 0 1 9.60301
0 0 0 0 1 9.73913
0 0 0 0 1 9.88471
0 0 0 0 1 10.0498
0 0 0 0 1 10.2656
0 0 0 0 1 10.3898
0 0 0 0 1 10.6373
0 0 0 0 0 10.8341
0 0 0 0 0 11.0293
0 0 0 0 0 11.1351
0 0 0 0 1 11.3153
0 0 0 0 1 11.6199
0 0 0 0 1 11.8314
0 0 0 0 1 12.0181
0 0 0 0 1 12.4071
0 0 0 0 1 12.4851
0 0 0 0 1 12.8604
0 0 0 0 0 22.8419
0 0 0 0 0 22.6412
0 0 0 0 0 22.4622
0 0 0 0 1 22.8071
0 0 0 0 1 22.88
0 0 0 0 1 22.7722
0 0 0 0 0 22.4613
0 0 0 0 1 22.6486
0 0 0 0 1 22.4972
0 0 0 0 1 22.5044
0 0 0 0 1 22.3992
0 0 0 0 1 22.3623
0 0 0 0 1 22.5074
0 0 0 0 1 22.5387
0 0 0 0 1 22.3679
0 0 0 0 1 22.4675
0 0 0 0 1 22.2978
0 0 0 0 1 22.6004
0 0 0 0 1 22.9676
0 0 0 0 1 24.0032
0 0 0 0 0 24.9171
0 0 0 0 0 25.9764
0 0 0 0 1 36.2355
0 0 0 0 1 36.1842
0 0 0 0 1 36.1336
0 0 0 0 1 36.011
0 0 0 0 1 36.5745
0 0 0 0 1 38.7575
0 0 0 0 1 52.0146
0 0 0 0 1 51.5827
0 0 0 0 1 52.1413
0 0 0 0 1 51.9197
0 0 0 0 1 51.7511
0 0 0 0 1 56.6107
0 0 0 0 0 66.1171
0 0 0 0 1 70.1516
0 0 0 0 1 82.5463
0 0 0 0 0 5.01501
0 0 0 0 0 5.03004
0 0 0 0 0 5.03505
0 0 0 0 0 5.02002
0 0 0 0 0 5.03004
0 0 0 0 0 4.98495
0 0 0 0 0 4.99998
0 0 0 0 0 5.05509
0 0 0 0 0 5.00499
0 0 0 0 0 4.97994
0 0 0 0 0 4.96491
0 0 0 0 0 5.02002
0 0 0 0 1 88.1164
0 0 0 0 1 87.3371
0 0 0 0 1 75.5206
0 0 0 0 1 64.222
0 0 0 0 0 60.1027
0 0 0 0 1 60.9008
0 0 0 0 1 60.9733
0 0 0 0 1 51.4676
0 0 0 0 1 47.5553
0 0 0 0 1 48.0955
0 0 0 0 1 39.5884
0 0 0 0 1 36.8566
0 0 0 0 1 35.9888
0 0 0 0 1 35.5016
0 0 0 0 1 35.5137
0 0 0 0 1 35.7414
0 0 0 0 1 28.0217
0 0 0 0 1 26.8571
0 0 0 0 1 25.4597
0 0 0 0 0 24.8115
0 0 0 0 1 24.6016
0 0 0 0 1 24.466
0 0 0 0 1 24.5268
0 0 0 0 1 24.6138
0 0 0 0 1 24.8001
0 0 0 0 0 24.8143
0 0 0 0 0 24.5325
0 0 0 0 0 24.6958
0 0 0 0 1 24.5615
0 0 0 0 1 18.0907
0 0 0 0 0 17.5089
0 0 0 0 1 17.0714
0 0 0 0 1 16.5772
0 0 0 0 1 16.4565
0 0 0 0 1 15.7683
0 0 0 0 1 15.3306
0 0 0 0 1 15.091
0 0 0 0 1 14.772
0 0 0 0 1 14.4375
0 0 0 0 1 14.0849
0 0 0 0 1 13.9148
0 0 0 0 1 13.9405
0 0 0 0 1 13.9665
0 0 0 0 1 13.8536
0 0 0 0 1 13.894
0 0 0 0 1 13.9787
0 0 0 0 0 14.0337
0 0 0 0 1 14.117
0 0 0 0 0 14.0608
0 0 0 0 1 14.0351
0 0 0 0 1 13.9931
0 0 0 0 1 13.9654
0 0 0 0 1 14.1766
0 0 0 0 1 14.1519
0 0 0 0 1 14.0404
0 0 0 0 0 14.1262
0 0 0 0 1 14.2433
0 0 0 0 1 14.118
0 0 0 0 1 14.1341
0 0 0 0 0 14.0965
0 0 0 0 0 14.2124
0 0 0 0 1 14.3457
0 0 0 0 1 14.2635
0 0 0 0 0 14.2981
0 0 0 0 1 14.4014
0 0 0 0 1 14.3939
0 0 0 0 1 14.3121
0 0 0 0 1 14.4338
0 0 0 0 1 14.3235
0 0 0 0 1 8.79062
0 0 0 0 1 8.73834
0 0 0 0 1 8.57286
0 0 0 0 1 8.5457
0 0 0 0 1 8.33222
0 0 0 0 1 8.3122
0 0 0 0 1 8.15232
0 0 0 0 1 8.15472
0 0 0 0 1 7.92429
0 0 0 0 0 7.86315
0 0 0 0 1 7.88893
0 0 0 0 1 7.65576
0 0 0 0 1 7.56506
0 0 0 0 1 7.58804
0 0 0 0 1 7.51913
0 0 0 0 0 7.45197
0 0 0 0 1 7.36084
0 0 0 0 1 7.30828
0 0 0 0 1 7.24107
0 0 0 0 1 7.13128
0 0 0 0 1 7.02939
0 0 0 0 1 6.98606
0 0 0 0 1 6.8231
0 0 0 0 1 6.80753
0 0 0 0 1 6.81146
0 0 0 0 0 6.62682
0 0 0 0 1 6.68328
0 0 0 0 0 6.58656
0 0 0 0 1 6.51661
0 0 0 0 1 6.5011
0 0 0 0 1 6.45038
0 0 0 0 1 6.33898
0 0 0 0 1 6.32284
0 0 0 0 1 6.18789
0 0 0 0 1 6.21491
0 0 0 0 1 6.08159
0 0 0 0 0 6.02862
0 0 0 0 1 6.01469
0 0 0 0 1 5.97959
0 0 0 0 1 5.888
0 0 0 0 0 5.92358
0 0 0 0 1 5.76857
0 0 0 0 1 5.731
0 0 0 0 1 5.7623
0 0 0 0 1 5.68136
0 0 0 0 0 5.6718
0 0 0 0 1 5.56662
0 0 0 0 0 5.56005
0 0 0 0 1 5.5556
0 0 0 0 1 5.45751
0 0 0 0 1 5.48543
0 0 0 0 1 5.38065
0 0 0 0 1 5.35199
0 0 0 0 1 5.3468
0 0 0 0 1 5.34443
0 0 0 0 1 5.19666
0 0 0 0 1 5.26752
0 0 0 0 1 5.19202
0 0 0 0 1 5.17894
0 0 0 0 1 5.07873
0 0 0 0 1 5.07783
0 0 0 0 1 5.02434
0 0 0 0 1 4.97442
0 0 0 0 1 5.03122
0 0 0 0 1 4.99291
0 0 0 0 1 4.88595
0 0 0 0 1 4.92168
0 0 0 0 1 4.82893
0 0 0 0 1 4.84474
0 0 0 0 1 4.83426
0 0 0 0 0 4.81222
0 0 0 0 0 4.81528
0 0 0 0 1 4.90102
0 0 0 0 1 4.83992
0 0 0 0 1 4.85776
0 0 0 0 0 4.92973
0 0 0 0 1 4.88887
0 0 0 0 0 4.96026
0 0 0 0 1 4.96881
0 0 0 0 1 4.97242
0 0 0 0 1 4.97483
0 0 0 0 1 4.96342
0 0 0 0 1 5.05746
0 0 0 0 1 5.08153
0 0 0 0 1 5.08042
0 0 0 0 1 5.08943
0 0 0 0 1 5.07296
0 0 0 0 1 5.12803
0 0 0 0 1 5.17181
0 0 0 0 1 5.20175
0 0 0 0 1 5.19566
0 0 0 0 0 5.16869
0 0 0 0 1 5.22489
0 0 0 0 0 5.26576
0 0 0 0 0 5.30164
0 0 0 0 1 5.31136
0 0 0 0 1 5.34378
0 0 0 0 1 5.32699
0 0 0 0 1 5.39549
0 0 0 0 1 5.37328
0 0 0 0 1 5.35622
0 0 0 0 1 5.37824
0 0 0 0 1 5.45864
0 0 0 0 1 5.4578
0 0 0 0 1 5.50067
0 0 0 0 1 5.55088
0 0 0 0 0 5.47281
0 0 0 0 1 5.58413
0 0 0 0 1 5.56102
0 0 0 0 1 5.56153
0 0 0 0 1 5.58289
0 0 0 0 1 5.65671
0 0 0 0 1 5.67843
0 0 0 0 0 5.71321
0 0 0 0 0 5.71223
0 0 0 0 1 5.72994
0 0 0 0 1 5.75345
0 0 0 0 1 5.84095
0 0 0 0 1 5.81079
0 0 0 0 1 5.81696
0 0 0 0 1 5.91732
0 0 0 0 1 5.92966
0 0 0 0 0 5.90621
0 0 0 0 0 5.99603
0 0 0 0 1 6.05049
0 0 0 0 1 6.0388
0 0 0 0 0 6.05718
0 0 0 0 1 6.09387
0 0 0 0 1 6.17368
0 0 0 0 0 6.1199
0 0 0 0 1 9.49048
0 0 0 0 1 9.38652
0 0 0 0 1 9.53514
0 0 0 0 1 9.38133
0 0 0 0 1 9.45698
0 0 0 0 1 9.40731
0 0 0 0 1 9.28337
0 0 0 0 0 9.35211
0 0 0 0 0 9.33413
0 0 0 0 0 9.23924
0 0 0 0 1 9.29214
0 0 0 0 1 9.11542
0 0 0 0 1 9.20491
0 0 0 0 1 9.0478
0 0 0 0 1 9.15509
0 0 0 0 1 9.03535
0 0 0 0 1 9.04271
0 0 0 0 1 8.98376
0 0 0 0 0 8.95536
0 0 0 0 1 8.94173
0 0 0 0 1 9.01179
0 0 0 0 1 8.85906
0 0 0 0 1 8.85804
0 0 0 0 1 8.8217
0 0 0 0 1 8.89685
0 0 0 0 0 8.74637
0 0 0 0 0 8.82469
0 0 0 0 1 8.70352
0 0 0 0 0 8.74677
0 0 0 0 1 8.76033
0 0 0 0 1 8.75122
0 0 0 0 1 8.63498
0 0 0 0 1 8.58326
0 0 0 0 1 8.67467
0 0 0 0 1 8.63179
0 0 0 0 0 8.47445
0 0 0 0 0 8.45811
0 0 0 0 1 8.54905
0 0 0 0 1 8.57164
0 0 0 0 1 8.49248
0 0 0 0 1 8.4983
0 0 0 0 1 8.36072
0 0 0 0 0 8.48835
0 0 0 0 1 8.35163
0 0 0 0 1 8.39146
0 0 0 0 1 8.34761
0 0 0 0 1 8.42074
0 0 0 0 1 8.29771
0 0 0 0 0 8.28779
0 0 0 0 1 8.34421
0 0 0 0 1 8.29757
0 0 0 0 1 8.25492
0 0 0 0 0 8.24546
0 0 0 0 1 8.28539
0 0 0 0 1 8.21051
0 0 0 0 1 8.20146
0 0 0 0 1 8.1354
0 0 0 0 1 8.15929
0 0 0 0 1 8.09378
0 0 0 0 1 8.13406
0 0 0 0 1 8.06096
0 0 0 0 1 8.01249
0 0 0 0 0 8.10941
0 0 0 0 1 8.06521
0 0 0 0 1 8.08958
0 0 0 0 1 8.06585
0 0 0 0 1 8.08234
0 0 0 0 1 8.03497
0 0 0 0 0 7.95179
0 0 0 0 1 8.01649
0 0 0 0 0 7.89035
0 0 0 0 1 7.93929
0 0 0 0 1 7.87734
0 0 0 0 0 7.97737
0 0 0 0 1 7.82106
0 0 0 0 1 7.9254
0 0 0 0 1 7.85205
0 0 0 0 1 7.8104
0 0 0 0 0 7.7656
0 0 0 0 0 7.77591
0 0 0 0 1 7.78631
0 0 0 0 1 7.8547
0 0 0 0 0 7.83401
0 0 0 0 1 7.81353
0 0 0 0 0 7.76527
0 0 0 0 1 7.83058
0 0 0 0 0 7.76713
