0 0 0 0 1 5.55289
0 0 0 0 1 5.57867
0 0 0 0 1 5.57683
0 0 0 0 1 5.62767
0 0 0 0 0 5.62609
0 0 0 0 1 5.56313
0 0 0 0 1 5.64468
0 0 0 0 1 5.59295
0 0 0 0 0 5.58274
0 0 0 0 0 5.67707
0 0 0 0 1 5.68175
0 0 0 0 1 5.66963
0 0 0 0 1 5.63711
0 0 0 0 1 5.64767
0 0 0 0 1 5.68106
0 0 0 0 0 5.64288
0 0 0 0 1 5.68221
0 0 0 0 1 5.642
0 0 0 0 1 5.66454
0 0 0 0 1 5.70828
0 0 0 0 1 5.6796
0 0 0 0 1 5.74268
0 0 0 0 1 5.69113
0 0 0 0 1 5.79499
0 0 0 0 0 5.71646
0 0 0 0 0 5.77462
0 0 0 0 1 5.7578
0 0 0 0 1 5.82806
0 0 0 0 1 5.78817
0 0 0 0 1 5.78899
0 0 0 0 1 5.81326
0 0 0 0 1 5.84514
0 0 0 0 1 5.9123
0 0 0 0 1 5.86078
0 0 0 0 0 5.87973
0 0 0 0 1 5.93422
0 0 0 0 1 5.90034
0 0 0 0 1 5.88414
0 0 0 0 1 5.90357
0 0 0 0 1 5.94099
0 0 0 0 1 5.99655
0 0 0 0 1 6.01056
0 0 0 0 1 6.02595
0 0 0 0 1 6.01014
0 0 0 0 0 6.04246
0 0 0 0 1 6.00259
0 0 0 0 1 5.99156
0 0 0 0 0 6.04851
0 0 0 0 1 6.05713
0 0 0 0 1 6.15727
0 0 0 0 1 6.13572
0 0 0 0 0 6.06509
0 0 0 0 0 6.17121
0 0 0 0 1 6.11989
0 0 0 0 1 6.17841
0 0 0 0 1 6.22487
0 0 0 0 1 6.16614
0 0 0 0 1 6.187
0 0 0 0 1 6.23397
0 0 0 0 1 6.28745
0 0 0 0 1 6.2274
0 0 0 0 1 6.319
0 0 0 0 1 6.27858
0 0 0 0 1 6.27592
0 0 0 0 1 6.31132
0 0 0 0 1 6.41612
0 0 0 0 0 6.3564
0 0 0 0 1 6.4236
0 0 0 0 1 6.42777
0 0 0 0 1 6.38611
0 0 0 0 1 6.48713
0 0 0 0 1 6.52973
0 0 0 0 1 6.54724
0 0 0 0 1 6.48662
0 0 0 0 1 6.55641
0 0 0 0 1 6.53413
0 0 0 0 1 6.61045
0 0 0 0 1 6.57561
0 0 0 0 0 6.57964
0 0 0 0 1 6.71004
0 0 0 0 1 6.66783
0 0 0 0 1 6.66607
0 0 0 0 1 6.73139
0 0 0 0 1 6.78984
0 0 0 0 1 6.75402
0 0 0 0 1 6.84005
0 0 0 0 1 6.85175
0 0 0 0 1 6.80881
0 0 0 0 1 6.82725
0 0 0 0 0 6.90088
0 0 0 0 1 6.975
0 0 0 0 0 6.89054
0 0 0 0 1 6.92326
0 0 0 0 1 7.05394
0 0 0 0 1 7.08039
0 0 0 0 1 7.02252
0 0 0 0 1 7.09088
0 0 0 0 1 7.0395
0 0 0 0 0 7.17997
0 0 0 0 1 7.09979
0 0 0 0 1 7.21269
0 0 0 0 1 7.16068
0 0 0 0 1 7.18727
0 0 0 0 1 7.22897
0 0 0 0 1 7.34346
0 0 0 0 1 7.29797
0 0 0 0 0 7.36933
0 0 0 0 0 7.33118
0 0 0 0 1 7.42524
0 0 0 0 0 7.40824
0 0 0 0 1 7.4363
0 0 0 0 0 7.53918
0 0 0 0 0 7.58999
0 0 0 0 0 7.65629
0 0 0 0 1 7.66243
0 0 0 0 0 7.59921
0 0 0 0 1 7.63516
0 0 0 0 1 7.69445
0 0 0 0 0 7.7541
0 0 0 0 1 7.78293
0 0 0 0 1 7.83579
0 0 0 0 1 7.80984
0 0 0 0 1 7.85403
0 0 0 0 1 7.89101
0 0 0 0 1 8.03946
0 0 0 0 1 7.98891
0 0 0 0 1 8.0264
0 0 0 0 1 8.12076
0 0 0 0 1 8.22345
0 0 0 0 1 8.12269
0 0 0 0 1 8.20115
0 0 0 0 1 8.25532
0 0 0 0 1 8.28541
0 0 0 0 0 8.38181
0 0 0 0 1 8.38641
0 0 0 0 1 8.37379
0 0 0 0 1 8.57332
0 0 0 0 0 8.47537
0 0 0 0 1 8.66901
0 0 0 0 1 8.62176
0 0 0 0 1 8.72057
0 0 0 0 1 8.68973
0 0 0 0 1 8.8684
0 0 0 0 1 8.8115
0 0 0 0 1 8.81414
0 0 0 0 1 8.99531
0 0 0 0 1 9.08818
0 0 0 0 0 9.12731
0 0 0 0 1 9.14911
0 0 0 0 1 9.17891
0 0 0 0 1 9.31928
0 0 0 0 1 9.20089
0 0 0 0 1 9.24982
0 0 0 0 1 9.32464
0 0 0 0 1 9.44833
0 0 0 0 0 9.59088
0 0 0 0 1 9.65797
0 0 0 0 1 9.55281
0 0 0 0 1 9.78432
0 0 0 0 0 9.84221
0 0 0 0 1 9.79179
0 0 0 0 1 10.0091
0 0 0 0 1 10.0861
0 0 0 0 1 10.024
0 0 0 0 1 10.2321
0 0 0 0 1 10.2603
0 0 0 0 1 10.3687
0 0 0 0 1 10.281
0 0 0 0 1 10.4015
0 0 0 0 1 10.521
0 0 0 0 1 10.6201
0 0 0 0 0 10.6112
0 0 0 0 1 10.6783
0 0 0 0 1 10.7866
0 0 0 0 0 9.22214
0 0 0 0 1 9.29105
0 0 0 0 1 9.35524
0 0 0 0 1 9.28505
0 0 0 0 0 9.21079
0 0 0 0 1 9.26101
0 0 0 0 1 9.1689
0 0 0 0 0 9.12763
0 0 0 0 1 9.11858
0 0 0 0 1 9.2054
0 0 0 0 1 9.14181
0 0 0 0 1 8.99246
0 0 0 0 1 9.12897
0 0 0 0 1 9.12944
0 0 0 0 1 8.96332
0 0 0 0 1 8.95529
0 0 0 0 1 8.97009
0 0 0 0 1 8.87264
0 0 0 0 1 8.99032
0 0 0 0 1 8.97373
0 0 0 0 1 8.91756
0 0 0 0 1 8.81244
0 0 0 0 1 8.89419
0 0 0 0 1 8.93145
0 0 0 0 1 8.78293
0 0 0 0 1 8.7548
0 0 0 0 1 8.73954
0 0 0 0 1 8.85636
0 0 0 0 1 8.73583
0 0 0 0 1 8.72976
0 0 0 0 1 8.74132
0 0 0 0 1 8.70565
0 0 0 0 1 8.72617
0 0 0 0 1 8.63359
0 0 0 0 0 8.61094
0 0 0 0 1 8.72728
0 0 0 0 1 8.59219
0 0 0 0 1 8.73437
0 0 0 0 1 8.70354
0 0 0 0 1 8.58672
0 0 0 0 1 8.5995
0 0 0 0 0 8.50923
0 0 0 0 1 8.54809
0 0 0 0 0 8.48413
0 0 0 0 1 8.48039
0 0 0 0 1 8.53661
0 0 0 0 1 8.59582
0 0 0 0 1 8.46444
0 0 0 0 1 8.61843
0 0 0 0 1 8.72604
0 0 0 0 1 8.88627
0 0 0 0 1 8.89609
0 0 0 0 1 9.08418
0 0 0 0 1 9.27449
0 0 0 0 1 9.35384
0 0 0 0 1 9.47903
0 0 0 0 1 9.58423
0 0 0 0 0 9.81579
0 0 0 0 1 10.0298
0 0 0 0 1 10.2147
0 0 0 0 0 10.2551
0 0 0 0 1 10.5212
0 0 0 0 1 10.7912
0 0 0 0 1 10.8542
0 0 0 0 0 11.2577
0 0 0 0 1 11.3494
0 0 0 0 0 11.4925
0 0 0 0 1 11.725
0 0 0 0 1 12.0783
0 0 0 0 1 12.4071
0 0 0 0 1 12.4474
0 0 0 0 1 12.976
0 0 0 0 1 22.8873
0 0 0 0 1 22.5504
0 0 0 0 1 22.4848
0 0 0 0 1 22.603
0 0 0 0 0 22.4496
0 0 0 0 1 22.7495
0 0 0 0 1 22.7554
0 0 0 0 1 22.5808
0 0 0 0 1 22.6327
0 0 0 0 1 22.7301
0 0 0 0 0 22.6248
0 0 0 0 1 22.5651
0 0 0 0 1 22.3947
0 0 0 0 0 22.4711
0 0 0 0 1 22.6154
0 0 0 0 0 22.5575
0 0 0 0 0 22.2529
0 0 0 0 1 22.6454
0 0 0 0 1 23.0372
0 0 0 0 1 24.3409
0 0 0 0 0 25.2688
0 0 0 0 1 26.2909
0 0 0 0 1 36.7818
0 0 0 0 1 36.2934
0 0 0 0 1 36.17
0 0 0 0 1 36.593
0 0 0 0 1 36.2106
0 0 0 0 0 38.6419
0 0 0 0 1 52.4312
0 0 0 0 1 51.6348
0 0 0 0 1 52.2974
0 0 0 0 1 52.3358
0 0 0 0 1 51.5431
0 0 0 0 1 56.2724
0 0 0 0 1 64.9388
0 0 0 0 1 70.0819
0 0 0 0 1 81.9736
0 0 0 0 0 5.00499
0 0 0 0 0 5.05008
0 0 0 0 0 5.0601
0 0 0 0 0 5.03004
0 0 0 0 0 5.02503
0 0 0 0 0 4.96491
0 0 0 0 0 5.00499
0 0 0 0 0 4.98495
0 0 0 0 0 5.00499
0 0 0 0 0 4.99497
0 0 0 0 0 5.05509
0 0 0 0 0 5.0601
0 0 0 0 1 86.7149
0 0 0 0 1 86.8991
0 0 0 0 1 75.0698
0 0 0 0 1 64.3497
0 0 0 0 1 60.708
0 0 0 0 1 60.6587
0 0 0 0 0 60.2467
0 0 0 0 1 51.416
0 0 0 0 1 47.7472
0 0 0 0 1 47.7115
0 0 0 0 1 39.6276
0 0 0 0 1 36.6357
0 0 0 0 1 35.5252
0 0 0 0 1 35.6087
0 0 0 0 1 35.4423
0 0 0 0 0 35.5986
0 0 0 0 1 27.8252
0 0 0 0 0 26.5623
0 0 0 0 0 25.5109
0 0 0 0 1 24.5653
0 0 0 0 0 24.5524
0 0 0 0 1 24.8602
0 0 0 0 1 24.4282
0 0 0 0 1 24.6385
0 0 0 0 0 24.6521
0 0 0 0 1 24.5674
0 0 0 0 1 24.6313
0 0 0 0 1 24.5475
0 0 0 0 1 24.9078
0 0 0 0 0 18.0907
0 0 0 0 1 17.6504
0 0 0 0 1 17.2949
0 0 0 0 1 16.8281
0 0 0 0 1 16.261
0 0 0 0 1 15.8001
0 0 0 0 1 15.3615
0 0 0 0 1 15.1666
0 0 0 0 1 14.8163
0 0 0 0 1 14.351
0 0 0 0 1 14.2118
0 0 0 0 1 13.8314
0 0 0 0 0 14.0378
0 0 0 0 1 13.897
0 0 0 0 1 13.8954
0 0 0 0 1 13.8243
0 0 0 0 1 13.9787
0 0 0 0 1 13.9918
0 0 0 0 1 13.9353
0 0 0 0 1 13.9209
0 0 0 0 0 14.0491
0 0 0 0 1 13.9931
0 0 0 0 1 14.0496
0 0 0 0 0 14.0642
0 0 0 0 1 14.0956
0 0 0 0 1 13.9981
0 0 0 0 0 14.1403
0 0 0 0 1 13.9892
0 0 0 0 1 14.2452
0 0 0 0 0 14.2756
0 0 0 0 1 14.2665
0 0 0 0 1 14.1698
0 0 0 0 0 14.1895
0 0 0 0 1 14.1924
0 0 0 0 0 14.2127
0 0 0 0 1 14.4014
0 0 0 0 1 14.3082
0 0 0 0 1 14.1977
0 0 0 0 0 14.4195
0 0 0 0 0 14.4096
0 0 0 0 1 8.76414
0 0 0 0 1 8.70349
0 0 0 0 1 8.57286
0 0 0 0 1 8.57968
0 0 0 0 1 8.44969
0 0 0 0 0 8.26248
0 0 0 0 1 8.13594
0 0 0 0 0 8.0091
0 0 0 0 1 8.02824
0 0 0 0 1 7.91847
0 0 0 0 1 7.74038
0 0 0 0 0 7.71756
0 0 0 0 1 7.59562
0 0 0 0 1 7.60315
0 0 0 0 0 7.43691
0 0 0 0 1 7.37797
0 0 0 0 1 7.36816
0 0 0 0 0 7.17066
0 0 0 0 1 7.2339
0 0 0 0 1 7.13128
0 0 0 0 1 6.97321
0 0 0 0 0 6.93735
0 0 0 0 1 6.91949
0 0 0 0 1 6.82799
0 0 0 0 1 6.80471
0 0 0 0 1 6.70045
0 0 0 0 1 6.68328
0 0 0 0 1 6.50775
0 0 0 0 1 6.4841
0 0 0 0 1 6.46885
0 0 0 0 1 6.3929
0 0 0 0 1 6.27565
0 0 0 0 1 6.26005
0 0 0 0 1 6.24391
0 0 0 0 1 6.22726
0 0 0 0 1 6.13054
0 0 0 0 0 6.07714
0 0 0 0 0 6.06285
0 0 0 0 1 6.00943
0 0 0 0 1 5.89985
0 0 0 0 0 5.84726
0 0 0 0 0 5.8618
0 0 0 0 1 5.84087
0 0 0 0 1 5.71065
0 0 0 0 1 5.65292
0 0 0 0 1 5.68309
0 0 0 0 1 5.61142
0 0 0 0 1 5.61571
0 0 0 0 1 5.56664
0 0 0 0 1 5.45203
0 0 0 0 0 5.49087
0 0 0 0 1 5.34824
0 0 0 0 1 5.4003
0 0 0 0 1 5.29354
0 0 0 0 1 5.3021
0 0 0 0 1 5.28065
0 0 0 0 1 5.22579
0 0 0 0 1 5.18684
0 0 0 0 1 5.09657
0 0 0 0 0 5.06338
0 0 0 0 0 5.11334
0 0 0 0 1 5.02938
0 0 0 0 1 5.05466
0 0 0 0 1 5.00631
0 0 0 0 0 4.91868
0 0 0 0 1 4.92036
0 0 0 0 0 4.8875
0 0 0 0 1 4.86293
0 0 0 0 1 4.80614
0 0 0 0 1 4.84389
0 0 0 0 1 4.81222
0 0 0 0 1 4.7959
0 0 0 0 1 4.90588
0 0 0 0 0 4.9179
0 0 0 0 1 4.84308
0 0 0 0 1 4.88554
0 0 0 0 1 4.87901
0 0 0 0 1 4.89109
0 0 0 0 1 4.98369
0 0 0 0 1 4.99731
0 0 0 0 1 5.0397
0 0 0 0 0 4.98345
0 0 0 0 0 4.97702
0 0 0 0 1 5.09162
0 0 0 0 1 5.01964
0 0 0 0 0 5.05893
0 0 0 0 1 5.05764
0 0 0 0 1 5.15877
0 0 0 0 1 5.13072
0 0 0 0 0 5.18629
0 0 0 0 1 5.14391
0 0 0 0 1 5.17388
0 0 0 0 1 5.16753
0 0 0 0 0 5.21342
0 0 0 0 1 5.30164
0 0 0 0 0 5.29026
0 0 0 0 0 5.31197
0 0 0 0 1 5.29506
0 0 0 0 1 5.33138
0 0 0 0 1 5.41082
0 0 0 0 1 5.37775
0 0 0 0 1 5.40529
0 0 0 0 1 5.42605
0 0 0 0 1 5.50142
0 0 0 0 0 5.50067
0 0 0 0 1 5.44635
0 0 0 0 1 5.55564
0 0 0 0 1 5.58413
0 0 0 0 1 5.56102
0 0 0 0 1 5.63994
0 0 0 0 1 5.66723
0 0 0 0 0 5.68497
0 0 0 0 1 5.69545
0 0 0 0 1 5.679
0 0 0 0 1 5.71223
0 0 0 0 1 5.77597
0 0 0 0 1 5.8344
0 0 0 0 1 5.77121
0 0 0 0 1 5.89246
0 0 0 0 1 5.83455
0 0 0 0 1 5.94679
0 0 0 0 1 5.87634
0 0 0 0 1 5.99552
0 0 0 0 0 5.94816
0 0 0 0 0 5.96027
0 0 0 0 1 6.06298
0 0 0 0 1 6.09364
0 0 0 0 1 6.16714
0 0 0 0 1 6.07549
0 0 0 0 1 6.15077
0 0 0 0 1 9.57615
0 0 0 0 1 9.45289
0 0 0 0 0 9.53514
0 0 0 0 1 9.39075
0 0 0 0 1 9.29749
0 0 0 0 1 9.26704
0 0 0 0 1 9.2554
0 0 0 0 1 9.34281
0 0 0 0 0 9.24153
0 0 0 0 1 9.22078
0 0 0 0 1 9.26454
0 0 0 0 1 9.25298
0 0 0 0 1 9.17749
0 0 0 0 1 9.09336
0 0 0 0 1 9.00977
0 0 0 0 1 9.09872
0 0 0 0 0 9.07881
0 0 0 0 1 9.08278
0 0 0 0 1 9.00022
0 0 0 0 1 8.99543
0 0 0 0 1 8.94041
0 0 0 0 0 8.87685
0 0 0 0 1 8.92898
0 0 0 0 1 8.8217
0 0 0 0 1 8.8704
0 0 0 0 1 8.85185
0 0 0 0 0 8.83345
0 0 0 0 0 8.756
0 0 0 0 1 8.77293
0 0 0 0 1 8.73423
0 0 0 0 1 8.75122
0 0 0 0 1 8.56577
0 0 0 0 1 8.58326
0 0 0 0 0 8.55419
0 0 0 0 1 8.64037
0 0 0 0 0 8.61997
0 0 0 0 0 8.49225
0 0 0 0 1 8.55756
0 0 0 0 1 8.46121
0 0 0 0 1 8.52638
0 0 0 0 1 8.37991
0 0 0 0 1 8.44508
0 0 0 0 1 8.46312
0 0 0 0 1 8.40199
0 0 0 0 0 8.39983
0 0 0 0 1 8.42281
0 0 0 0 1 8.27067
0 0 0 0 1 8.28108
0 0 0 0 1 8.31268
0 0 0 0 1 8.21176
0 0 0 0 1 8.25624
0 0 0 0 1 8.18895
0 0 0 0 1 8.30306
0 0 0 0 1 8.19506
0 0 0 0 1 8.12038
0 0 0 0 1 8.25869
0 0 0 0 1 8.11092
0 0 0 0 0 8.20815
0 0 0 0 1 8.17504
0 0 0 0 1 8.04485
0 0 0 0 1 8.03668
0 0 0 0 1 8.06903
0 0 0 0 1 8.03687
0 0 0 0 1 8.00887
0 0 0 0 1 7.98514
0 0 0 0 1 8.05783
0 0 0 0 1 7.93029
0 0 0 0 1 7.96309
0 0 0 0 1 7.9837
0 0 0 0 1 7.89707
0 0 0 0 1 7.92214
0 0 0 0 1 7.9155
0 0 0 0 1 7.97234
0 0 0 0 0 7.95365
0 0 0 0 1 7.96311
0 0 0 0 1 7.95692
0 0 0 0 1 7.89926
0 0 0 0 1 7.88112
0 0 0 0 1 7.85189
0 0 0 0 1 7.75241
0 0 0 0 0 7.76286
0 0 0 0 1 7.83908
0 0 0 0 1 7.8496
0 0 0 0 1 7.84466
0 0 0 0 1 7.81968
0 0 0 0 1 7.79178
0 0 0 0 0 7.68186
