0 0 0 0 0 5.53625
0 0 0 0 1 5.60645
0 0 0 0 1 5.549
0 0 0 0 1 5.58866
0 0 0 0 1 5.63168
0 0 0 0 0 5.63581
0 0 0 0 1 5.58314
0 0 0 0 1 5.63218
0 0 0 0 0 5.62201
0 0 0 0 1 5.604
0 0 0 0 1 5.63671
0 0 0 0 0 5.66963
0 0 0 0 1 5.64276
0 0 0 0 1 5.61372
0 0 0 0 1 5.6357
0 0 0 0 1 5.68262
0 0 0 0 0 5.67652
0 0 0 0 1 5.72179
0 0 0 0 1 5.66454
0 0 0 0 0 5.72542
0 0 0 0 1 5.73112
0 0 0 0 1 5.79431
0 0 0 0 1 5.77161
0 0 0 0 1 5.76619
0 0 0 0 1 5.72222
0 0 0 0 0 5.73415
0 0 0 0 1 5.8331
0 0 0 0 1 5.84548
0 0 0 0 1 5.79399
0 0 0 0 1 5.8881
0 0 0 0 1 5.88337
0 0 0 0 1 5.81589
0 0 0 0 0 5.883
0 0 0 0 1 5.83729
0 0 0 0 0 5.89739
0 0 0 0 1 5.87524
0 0 0 0 1 5.8826
0 0 0 0 1 5.89599
0 0 0 0 1 5.96296
0 0 0 0 1 5.98862
0 0 0 0 1 5.99058
0 0 0 0 0 5.92085
0 0 0 0 1 5.996
0 0 0 0 1 5.96211
0 0 0 0 1 6.06052
0 0 0 0 1 5.99656
0 0 0 0 1 6.08839
0 0 0 0 1 6.10918
0 0 0 0 1 6.12403
0 0 0 0 1 6.09021
0 0 0 0 1 6.14794
0 0 0 0 0 6.1141
0 0 0 0 1 6.09745
0 0 0 0 1 6.19993
0 0 0 0 0 6.2031
0 0 0 0 1 6.15681
0 0 0 0 1 6.25299
0 0 0 0 1 6.28037
0 0 0 0 0 6.26517
0 0 0 0 1 6.29997
0 0 0 0 1 6.23368
0 0 0 0 1 6.3127
0 0 0 0 1 6.26596
0 0 0 0 1 6.35184
0 0 0 0 1 6.40647
0 0 0 0 1 6.42885
0 0 0 0 1 6.36916
0 0 0 0 0 6.35956
0 0 0 0 1 6.3764
0 0 0 0 1 6.399
0 0 0 0 1 6.5259
0 0 0 0 0 6.51676
0 0 0 0 1 6.54724
0 0 0 0 1 6.5127
0 0 0 0 1 6.52372
0 0 0 0 1 6.62598
0 0 0 0 1 6.53144
0 0 0 0 1 6.57561
0 0 0 0 1 6.58627
0 0 0 0 1 6.60364
0 0 0 0 1 6.66783
0 0 0 0 1 6.66607
0 0 0 0 1 6.66428
0 0 0 0 0 6.66859
0 0 0 0 1 6.81487
0 0 0 0 0 6.73826
0 0 0 0 0 6.77683
0 0 0 0 1 6.89084
0 0 0 0 1 6.80667
0 0 0 0 1 6.83889
0 0 0 0 0 6.94735
0 0 0 0 1 6.89054
0 0 0 0 1 6.93022
0 0 0 0 1 7.01902
0 0 0 0 1 6.98925
0 0 0 0 1 6.9803
0 0 0 0 1 7.09088
0 0 0 0 1 7.04659
0 0 0 0 1 7.17997
0 0 0 0 0 7.14269
0 0 0 0 1 7.1481
0 0 0 0 1 7.14627
0 0 0 0 1 7.28136
0 0 0 0 1 7.20717
0 0 0 0 1 7.26316
0 0 0 0 1 7.3859
0 0 0 0 0 7.4135
0 0 0 0 0 7.35333
0 0 0 0 0 7.492
0 0 0 0 0 7.47532
0 0 0 0 1 7.47371
0 0 0 0 1 7.53918
0 0 0 0 0 7.50692
0 0 0 0 0 7.54247
0 0 0 0 0 7.59387
0 0 0 0 1 7.69869
0 0 0 0 1 7.76588
0 0 0 0 1 7.71762
0 0 0 0 1 7.70753
0 0 0 0 1 7.73614
0 0 0 0 0 7.75751
0 0 0 0 1 7.92781
0 0 0 0 0 7.8303
0 0 0 0 0 7.95458
0 0 0 0 1 8.02347
0 0 0 0 0 8.05314
0 0 0 0 1 7.99413
0 0 0 0 1 8.11265
0 0 0 0 1 8.15825
0 0 0 0 1 8.15545
0 0 0 0 1 8.15175
0 0 0 0 1 8.33812
0 0 0 0 0 8.24382
0 0 0 0 1 8.35671
0 0 0 0 1 8.47893
0 0 0 0 1 8.51758
0 0 0 0 1 8.42873
0 0 0 0 0 8.50958
0 0 0 0 1 8.62605
0 0 0 0 1 8.56993
0 0 0 0 0 8.68579
0 0 0 0 1 8.73344
0 0 0 0 1 8.77162
0 0 0 0 1 8.82034
0 0 0 0 1 8.95645
0 0 0 0 0 9.01321
0 0 0 0 0 8.91705
0 0 0 0 1 8.98229
0 0 0 0 1 9.16733
0 0 0 0 1 9.23393
0 0 0 0 1 9.23624
0 0 0 0 1 9.32159
0 0 0 0 1 9.26848
0 0 0 0 0 9.40924
0 0 0 0 1 9.48616
0 0 0 0 0 9.6004
0 0 0 0 1 9.56206
0 0 0 0 0 9.6686
0 0 0 0 1 9.69687
0 0 0 0 1 9.76394
0 0 0 0 0 9.80164
0 0 0 0 1 9.87038
0 0 0 0 1 9.91634
0 0 0 0 0 9.95364
0 0 0 0 1 10.07
0 0 0 0 1 10.1685
0 0 0 0 0 10.2248
0 0 0 0 1 10.2913
0 0 0 0 1 10.4327
0 0 0 0 1 10.4895
0 0 0 0 1 10.673
0 0 0 0 1 10.5579
0 0 0 0 0 10.8287
0 0 0 0 1 10.7324
0 0 0 0 1 9.3152
0 0 0 0 0 9.31889
0 0 0 0 1 9.2163
0 0 0 0 1 9.2481
0 0 0 0 1 9.22923
0 0 0 0 0 9.23342
0 0 0 0 1 9.22397
0 0 0 0 1 9.11847
0 0 0 0 1 9.08203
0 0 0 0 1 9.02311
0 0 0 0 1 9.05994
0 0 0 0 1 9.11949
0 0 0 0 1 8.98406
0 0 0 0 1 8.94866
0 0 0 0 1 9.00841
0 0 0 0 1 9.05429
0 0 0 0 1 9.02397
0 0 0 0 1 9.00707
0 0 0 0 0 8.86509
0 0 0 0 1 9.00944
0 0 0 0 0 8.89974
0 0 0 0 0 8.92804
0 0 0 0 0 8.81431
0 0 0 0 1 8.93145
0 0 0 0 1 8.82715
0 0 0 0 1 8.83423
0 0 0 0 1 8.8805
0 0 0 0 1 8.88275
0 0 0 0 1 8.83241
0 0 0 0 1 8.82618
0 0 0 0 1 8.75882
0 0 0 0 1 8.78424
0 0 0 0 0 8.73489
0 0 0 0 1 8.79025
0 0 0 0 1 8.65439
0 0 0 0 1 8.76198
0 0 0 0 1 8.59219
0 0 0 0 1 8.73437
0 0 0 0 1 8.6172
0 0 0 0 0 8.54362
0 0 0 0 1 8.64254
0 0 0 0 0 8.52642
0 0 0 0 1 8.6425
0 0 0 0 0 8.56126
0 0 0 0 1 8.62587
0 0 0 0 1 8.46824
0 0 0 0 1 8.45925
0 0 0 0 1 8.55821
0 0 0 0 1 8.5241
0 0 0 0 1 8.63904
0 0 0 0 1 8.7892
0 0 0 0 1 8.96776
0 0 0 0 1 9.02053
0 0 0 0 1 9.19136
0 0 0 0 1 9.46643
0 0 0 0 0 9.5744
0 0 0 0 1 9.74881
0 0 0 0 0 9.81579
0 0 0 0 0 10.0799
0 0 0 0 1 10.286
0 0 0 0 1 10.4416
0 0 0 0 1 10.574
0 0 0 0 0 10.7268
0 0 0 0 1 10.9637
0 0 0 0 1 11.1686
0 0 0 0 0 11.2471
0 0 0 0 0 11.6663
0 0 0 0 1 11.8432
0 0 0 0 1 12.1024
0 0 0 0 1 12.3702
0 0 0 0 1 12.4976
0 0 0 0 0 12.9632
0 0 0 0 1 22.7964
0 0 0 0 1 22.8456
0 0 0 0 1 22.5983
0 0 0 0 1 22.7164
0 0 0 0 1 22.5629
0 0 0 0 1 22.8627
0 0 0 0 1 22.6875
0 0 0 0 1 22.8294
0 0 0 0 1 22.3617
0 0 0 0 0 22.5044
0 0 0 0 1 22.4895
0 0 0 0 1 22.7004
0 0 0 0 1 22.5524
0 0 0 0 1 22.3811
0 0 0 0 0 22.5254
0 0 0 0 0 22.3101
0 0 0 0 1 22.635
0 0 0 0 1 22.3758
0 0 0 0 1 23.2924
0 0 0 0 1 24.3168
0 0 0 0 1 25.2688
0 0 0 0 1 26.2385
0 0 0 0 1 36.454
0 0 0 0 1 36.1478
0 0 0 0 0 36.6794
0 0 0 0 1 36.302
0 0 0 0 0 36.065
0 0 0 0 1 38.2566
0 0 0 0 1 52.5874
0 0 0 0 1 52.2073
0 0 0 0 1 51.725
0 0 0 0 0 51.7636
0 0 0 0 1 51.4911
0 0 0 0 1 56.2724
0 0 0 0 1 65.9862
0 0 0 0 1 69.2459
0 0 0 0 1 81.6464
0 0 0 0 0 4.99998
0 0 0 0 0 5.02503
0 0 0 0 0 5.03004
0 0 0 0 0 5.05509
0 0 0 0 0 5.04006
0 0 0 0 0 4.96491
0 0 0 0 0 4.98996
0 0 0 0 0 5.05008
0 0 0 0 0 4.99998
0 0 0 0 0 4.9599
0 0 0 0 0 5.01501
0 0 0 0 0 5.02503
0 0 0 0 1 86.9777
0 0 0 0 1 88.1255
0 0 0 0 1 75.8212
0 0 0 0 1 63.4559
0 0 0 0 1 60.7685
0 0 0 0 1 60.7797
0 0 0 0 1 60.9733
0 0 0 0 1 52.0349
0 0 0 0 1 48.467
0 0 0 0 1 48.3835
0 0 0 0 1 38.9993
0 0 0 0 0 36.8934
0 0 0 0 1 35.8105
0 0 0 0 0 35.4303
0 0 0 0 0 35.7992
0 0 0 0 0 35.5629
0 0 0 0 1 28.3586
0 0 0 0 1 26.8303
0 0 0 0 0 25.6135
0 0 0 0 1 24.8607
0 0 0 0 1 24.8479
0 0 0 0 1 24.7124
0 0 0 0 1 24.5514
0 0 0 0 0 24.5645
0 0 0 0 1 24.5534
0 0 0 0 1 24.4933
0 0 0 0 1 24.9031
0 0 0 0 1 24.498
0 0 0 0 0 24.5862
0 0 0 0 1 18.3819
0 0 0 0 1 17.5973
0 0 0 0 1 17.037
0 0 0 0 0 16.8783
0 0 0 0 1 16.2773
0 0 0 0 1 15.943
0 0 0 0 0 15.3461
0 0 0 0 1 15.1968
0 0 0 0 0 14.831
0 0 0 0 1 14.4086
0 0 0 0 0 14.1413
0 0 0 0 1 13.7481
0 0 0 0 1 13.8015
0 0 0 0 1 13.8135
0 0 0 0 0 13.8119
0 0 0 0 1 13.894
0 0 0 0 1 13.8671
0 0 0 0 1 13.8801
0 0 0 0 1 14.0751
0 0 0 0 1 14.0748
0 0 0 0 0 14.1331
0 0 0 0 1 13.895
0 0 0 0 1 14.0917
0 0 0 0 1 14.1626
0 0 0 0 1 13.9831
0 0 0 0 1 14.0545
0 0 0 0 1 14.0557
0 0 0 0 1 14.1727
0 0 0 0 1 14.2169
0 0 0 0 1 14.0209
0 0 0 0 0 14.1532
0 0 0 0 1 14.0847
0 0 0 0 1 14.2889
0 0 0 0 1 14.3631
0 0 0 0 1 14.1842
0 0 0 0 1 14.4014
0 0 0 0 1 14.3225
0 0 0 0 1 14.2406
0 0 0 0 1 14.3908
0 0 0 0 1 14.4239
0 0 0 0 1 8.79944
0 0 0 0 0 8.67736
0 0 0 0 1 8.64165
0 0 0 0 1 8.43526
0 0 0 0 1 8.42452
0 0 0 0 0 8.33706
0 0 0 0 1 8.25064
0 0 0 0 0 8.01719
0 0 0 0 1 7.98826
0 0 0 0 1 7.91057
0 0 0 0 1 7.80293
0 0 0 0 1 7.74073
0 0 0 0 1 7.6644
0 0 0 0 0 7.61827
0 0 0 0 1 7.43691
0 0 0 0 1 7.39277
0 0 0 0 1 7.25109
0 0 0 0 0 7.23585
0 0 0 0 0 7.15504
0 0 0 0 1 7.15966
0 0 0 0 1 7.0013
0 0 0 0 1 6.96518
0 0 0 0 1 6.85064
0 0 0 0 1 6.88938
0 0 0 0 1 6.79795
0 0 0 0 1 6.74731
0 0 0 0 1 6.56394
0 0 0 0 1 6.55372
0 0 0 0 0 6.53612
0 0 0 0 1 6.46885
0 0 0 0 0 6.41845
0 0 0 0 1 6.35798
0 0 0 0 0 6.31028
0 0 0 0 0 6.25014
0 0 0 0 1 6.14085
0 0 0 0 1 6.14277
0 0 0 0 1 6.09534
0 0 0 0 1 5.97254
0 0 0 0 1 5.96169
0 0 0 0 1 5.96501
0 0 0 0 0 5.89422
0 0 0 0 1 5.78606
0 0 0 0 1 5.73678
0 0 0 0 1 5.69343
0 0 0 0 1 5.67567
0 0 0 0 1 5.64922
0 0 0 0 1 5.63942
0 0 0 0 1 5.50996
0 0 0 0 1 5.46724
0 0 0 0 1 5.50134
0 0 0 0 1 5.40389
0 0 0 0 0 5.41847
0 0 0 0 1 5.36272
0 0 0 0 1 5.37342
0 0 0 0 1 5.25976
0 0 0 0 1 5.19666
0 0 0 0 1 5.24144
0 0 0 0 1 5.16611
0 0 0 0 1 5.18408
0 0 0 0 1 5.12987
0 0 0 0 1 5.0474
0 0 0 0 0 5.00418
0 0 0 0 1 4.99448
0 0 0 0 0 5.01129
0 0 0 0 1 4.94343
0 0 0 0 1 4.94985
0 0 0 0 1 4.90704
0 0 0 0 1 4.87265
0 0 0 0 1 4.86405
0 0 0 0 1 4.79574
0 0 0 0 0 4.79291
0 0 0 0 1 4.82981
0 0 0 0 1 4.83781
0 0 0 0 1 4.90328
0 0 0 0 1 4.94092
0 0 0 0 1 4.92973
0 0 0 0 1 4.90365
0 0 0 0 0 4.93556
0 0 0 0 1 4.97377
0 0 0 0 0 4.98238
0 0 0 0 0 5.03471
0 0 0 0 1 5.01851
0 0 0 0 1 5.00719
0 0 0 0 0 5.08153
0 0 0 0 1 5.06016
0 0 0 0 1 5.09452
0 0 0 0 0 5.06275
0 0 0 0 1 5.09729
0 0 0 0 1 5.16667
0 0 0 0 1 5.20175
0 0 0 0 1 5.21118
0 0 0 0 1 5.16349
0 0 0 0 1 5.19882
0 0 0 0 1 5.21342
0 0 0 0 1 5.27537
0 0 0 0 0 5.25862
0 0 0 0 1 5.33318
0 0 0 0 1 5.32699
0 0 0 0 1 5.38481
0 0 0 0 1 5.40009
0 0 0 0 1 5.3939
0 0 0 0 1 5.36201
0 0 0 0 1 5.40976
0 0 0 0 1 5.49597
0 0 0 0 1 5.41857
0 0 0 0 1 5.55088
0 0 0 0 1 5.46728
0 0 0 0 1 5.58968
0 0 0 0 1 5.5443
0 0 0 0 1 5.58393
0 0 0 0 0 5.58289
0 0 0 0 1 5.62846
0 0 0 0 0 5.71247
0 0 0 0 1 5.70751
0 0 0 0 0 5.70651
0 0 0 0 1 5.71844
0 0 0 0 1 5.74188
0 0 0 0 0 5.75959
0 0 0 0 1 5.81079
0 0 0 0 1 5.88146
0 0 0 0 1 5.90553
0 0 0 0 1 5.90596
0 0 0 0 1 5.90025
0 0 0 0 1 5.95414
0 0 0 0 1 5.99034
0 0 0 0 1 6.05694
0 0 0 0 1 6.13009
0 0 0 0 1 6.14882
0 0 0 0 1 6.15527
0 0 0 0 1 6.23723
0 0 0 0 1 9.48096
0 0 0 0 1 9.52874
0 0 0 0 1 9.51624
0 0 0 0 1 9.4661
0 0 0 0 1 9.35378
0 0 0 0 1 9.3138
0 0 0 0 1 9.23676
0 0 0 0 1 9.20336
0 0 0 0 0 9.26931
0 0 0 0 0 9.14694
0 0 0 0 1 9.27374
0 0 0 0 1 9.11542
0 0 0 0 1 9.10436
0 0 0 0 0 9.06603
0 0 0 0 1 9.11876
0 0 0 0 1 8.99008
0 0 0 0 1 8.93441
0 0 0 0 1 9.01076
0 0 0 0 1 9.01817
0 0 0 0 1 8.87907
0 0 0 0 1 8.94041
0 0 0 0 1 8.93022
0 0 0 0 0 8.84918
0 0 0 0 1 8.76866
0 0 0 0 1 8.88803
0 0 0 0 0 8.77274
0 0 0 0 1 8.7984
0 0 0 0 0 8.78225
0 0 0 0 1 8.79909
0 0 0 0 1 8.65594
0 0 0 0 0 8.74255
0 0 0 0 1 8.7042
0 0 0 0 1 8.54013
0 0 0 0 1 8.62304
0 0 0 0 0 8.52025
0 0 0 0 1 8.60285
0 0 0 0 1 8.52639
0 0 0 0 1 8.45538
0 0 0 0 1 8.42723
0 0 0 0 0 8.55181
0 0 0 0 1 8.39682
0 0 0 0 1 8.44508
0 0 0 0 1 8.34534
0 0 0 0 1 8.41039
0 0 0 0 0 8.32446
0 0 0 0 1 8.29747
0 0 0 0 1 8.34571
0 0 0 0 1 8.39748
0 0 0 0 0 8.31268
0 0 0 0 1 8.31109
0 0 0 0 1 8.2893
0 0 0 0 1 8.23843
0 0 0 0 1 8.24546
0 0 0 0 1 8.13758
0 0 0 0 1 8.26787
0 0 0 0 1 8.16057
0 0 0 0 1 8.15172
0 0 0 0 1 8.19186
0 0 0 0 1 8.10191
0 0 0 0 0 8.07729
0 0 0 0 1 8.08524
0 0 0 0 1 8.03672
0 0 0 0 0 8.06911
0 0 0 0 1 8.09741
0 0 0 0 1 8.10564
0 0 0 0 0 8.06585
0 0 0 0 1 8.08234
0 0 0 0 1 7.9551
0 0 0 0 0 7.94382
0 0 0 0 1 7.96872
0 0 0 0 1 7.96981
0 0 0 0 1 7.8917
0 0 0 0 0 7.83776
0 0 0 0 0 7.94574
0 0 0 0 1 7.86841
0 0 0 0 1 7.94116
0 0 0 0 1 7.79698
0 0 0 0 0 7.82611
0 0 0 0 1 7.87542
0 0 0 0 0 7.81506
0 0 0 0 1 7.74722
0 0 0 0 0 7.80004
0 0 0 0 0 7.74826
0 0 0 0 0 7.72792
0 0 0 0 1 7.7575
0 0 0 0 0 7.83834
0 0 0 0 1 7.77488
