0 0 0 0 1 5.55289
0 0 0 0 1 5.58423
0 0 0 0 1 5.62136
0 0 0 0 1 5.6221
0 0 0 0 0 5.63168
0 0 0 0 1 5.53517
0 0 0 0 1 5.57195
0 0 0 0 1 5.57614
0 0 0 0 1 5.59396
0 0 0 0 1 5.61524
0 0 0 0 1 5.64797
0 0 0 0 1 5.64707
0 0 0 0 1 5.69359
0 0 0 0 1 5.67597
0 0 0 0 1 5.72641
0 0 0 0 0 5.64856
0 0 0 0 0 5.67652
0 0 0 0 1 5.6477
0 0 0 0 1 5.68167
0 0 0 0 1 5.74828
0 0 0 0 1 5.77693
0 0 0 0 1 5.78284
0 0 0 0 1 5.73137
0 0 0 0 1 5.77195
0 0 0 0 1 5.75683
0 0 0 0 1 5.73994
0 0 0 0 0 5.82731
0 0 0 0 0 5.79323
0 0 0 0 1 5.77072
0 0 0 0 1 5.86478
0 0 0 0 1 5.86
0 0 0 0 1 5.82174
0 0 0 0 1 5.87714
0 0 0 0 0 5.81968
0 0 0 0 1 5.91505
0 0 0 0 1 5.94012
0 0 0 0 1 5.85304
0 0 0 0 1 5.9434
0 0 0 0 1 5.90357
0 0 0 0 1 5.94099
0 0 0 0 1 5.91898
0 0 0 0 1 5.99261
0 0 0 0 0 6.00199
0 0 0 0 0 6.02816
0 0 0 0 1 6.04848
0 0 0 0 1 6.02069
0 0 0 0 1 6.10655
0 0 0 0 1 6.04851
0 0 0 0 0 6.14227
0 0 0 0 1 6.08412
0 0 0 0 1 6.05016
0 0 0 0 1 6.18149
0 0 0 0 1 6.08516
0 0 0 0 0 6.18762
0 0 0 0 0 6.22779
0 0 0 0 1 6.13206
0 0 0 0 1 6.17235
0 0 0 0 1 6.26169
0 0 0 0 0 6.23397
0 0 0 0 1 6.31873
0 0 0 0 1 6.22112
0 0 0 0 1 6.28123
0 0 0 0 1 6.27858
0 0 0 0 1 6.26327
0 0 0 0 1 6.29863
0 0 0 0 1 6.30154
0 0 0 0 0 6.44575
0 0 0 0 1 6.37877
0 0 0 0 1 6.38282
0 0 0 0 1 6.49566
0 0 0 0 1 6.50005
0 0 0 0 1 6.54918
0 0 0 0 0 6.50823
0 0 0 0 0 6.49966
0 0 0 0 1 6.59563
0 0 0 0 1 6.53413
0 0 0 0 1 6.64337
0 0 0 0 1 6.63502
0 0 0 0 1 6.59952
0 0 0 0 0 6.69674
0 0 0 0 1 6.64781
0 0 0 0 0 6.7263
0 0 0 0 1 6.64415
0 0 0 0 1 6.66859
0 0 0 0 0 6.72698
0 0 0 0 0 6.79255
0 0 0 0 1 6.78364
0 0 0 0 0 6.77463
0 0 0 0 1 6.84097
0 0 0 0 1 6.81823
0 0 0 0 1 6.96809
0 0 0 0 1 6.9668
0 0 0 0 1 7.01372
0 0 0 0 1 6.97712
0 0 0 0 1 6.97523
0 0 0 0 1 7.09289
0 0 0 0 1 7.02018
0 0 0 0 1 7.05369
0 0 0 0 1 7.15861
0 0 0 0 0 7.11409
0 0 0 0 1 7.18399
0 0 0 0 1 7.21111
0 0 0 0 1 7.16556
0 0 0 0 1 7.30889
0 0 0 0 1 7.37265
0 0 0 0 1 7.40055
0 0 0 0 1 7.37669
0 0 0 0 1 7.35333
0 0 0 0 1 7.45491
0 0 0 0 1 7.50513
0 0 0 0 1 7.556
0 0 0 0 1 7.55421
0 0 0 0 1 7.6202
0 0 0 0 1 7.57282
0 0 0 0 1 7.65481
0 0 0 0 1 7.63747
0 0 0 0 0 7.63516
0 0 0 0 1 7.79488
0 0 0 0 1 7.83948
0 0 0 0 0 7.75173
0 0 0 0 1 7.84362
0 0 0 0 0 7.91994
0 0 0 0 1 7.97267
0 0 0 0 1 7.93869
0 0 0 0 1 7.98352
0 0 0 0 1 7.94876
0 0 0 0 1 7.99413
0 0 0 0 1 8.08023
0 0 0 0 1 8.14195
0 0 0 0 1 8.24552
0 0 0 0 1 8.31643
0 0 0 0 1 8.32984
0 0 0 0 1 8.2355
0 0 0 0 1 8.35671
0 0 0 0 1 8.36117
0 0 0 0 1 8.40762
0 0 0 0 0 8.44574
0 0 0 0 1 8.52668
0 0 0 0 1 8.53154
0 0 0 0 1 8.56129
0 0 0 0 1 8.72926
0 0 0 0 0 8.76841
0 0 0 0 1 8.71003
0 0 0 0 1 8.85569
0 0 0 0 1 8.8764
0 0 0 0 1 8.8879
0 0 0 0 1 8.93506
0 0 0 0 1 9.0548
0 0 0 0 1 9.15822
0 0 0 0 1 9.18808
0 0 0 0 0 9.16242
0 0 0 0 1 9.3123
0 0 0 0 0 9.26848
0 0 0 0 1 9.46564
0 0 0 0 1 9.4105
0 0 0 0 1 9.54325
0 0 0 0 1 9.5237
0 0 0 0 1 9.74579
0 0 0 0 1 9.74545
0 0 0 0 1 9.71502
0 0 0 0 1 9.88045
0 0 0 0 1 9.96948
0 0 0 0 0 10.0362
0 0 0 0 1 10.0743
0 0 0 0 1 10.0498
0 0 0 0 0 10.2195
0 0 0 0 1 10.1837
0 0 0 0 1 10.3845
0 0 0 0 1 10.3181
0 0 0 0 1 10.437
0 0 0 0 0 10.5461
0 0 0 0 1 10.7178
0 0 0 0 1 10.7965
0 0 0 0 1 10.8082
0 0 0 0 0 9.35243
0 0 0 0 1 9.30961
0 0 0 0 0 9.35524
0 0 0 0 1 9.29429
0 0 0 0 1 9.31221
0 0 0 0 1 9.12306
0 0 0 0 0 9.19644
0 0 0 0 0 9.21918
0 0 0 0 0 9.14599
0 0 0 0 1 9.05045
0 0 0 0 0 9.16
0 0 0 0 0 9.09227
0 0 0 0 1 9.11991
0 0 0 0 1 8.96674
0 0 0 0 1 9.08055
0 0 0 0 1 8.97329
0 0 0 0 1 9.0509
0 0 0 0 1 9.05188
0 0 0 0 1 8.87403
0 0 0 0 0 8.87551
0 0 0 0 1 8.83738
0 0 0 0 1 8.88358
0 0 0 0 1 8.78768
0 0 0 0 1 8.83398
0 0 0 0 1 8.75639
0 0 0 0 1 8.77245
0 0 0 0 1 8.85407
0 0 0 0 1 8.88275
0 0 0 0 1 8.77095
0 0 0 0 1 8.84371
0 0 0 0 1 8.67132
0 0 0 0 1 8.77551
0 0 0 0 1 8.63028
0 0 0 0 1 8.651
0 0 0 0 1 8.61963
0 0 0 0 1 8.70125
0 0 0 0 1 8.68746
0 0 0 0 1 8.72572
0 0 0 0 1 8.68627
0 0 0 0 0 8.66431
0 0 0 0 1 8.65976
0 0 0 0 1 8.62957
0 0 0 0 1 8.4966
0 0 0 0 1 8.59554
0 0 0 0 1 8.53173
0 0 0 0 0 8.57933
0 0 0 0 1 8.57875
0 0 0 0 1 8.58378
0 0 0 0 1 8.51552
0 0 0 0 1 8.63904
0 0 0 0 1 8.7539
0 0 0 0 0 8.99464
0 0 0 0 0 9.10237
0 0 0 0 1 9.31144
0 0 0 0 1 9.45704
0 0 0 0 0 9.52672
0 0 0 0 1 9.62296
0 0 0 0 1 9.89456
0 0 0 0 1 10.1099
0 0 0 0 1 10.2351
0 0 0 0 0 10.2965
0 0 0 0 1 10.5212
0 0 0 0 1 10.716
0 0 0 0 1 10.9308
0 0 0 0 0 11.202
0 0 0 0 1 11.4062
0 0 0 0 1 11.6083
0 0 0 0 1 11.8432
0 0 0 0 1 12.0181
0 0 0 0 1 12.284
0 0 0 0 1 12.4976
0 0 0 0 1 12.7448
0 0 0 0 1 22.8191
0 0 0 0 1 22.7547
0 0 0 0 1 22.4622
0 0 0 0 1 22.8298
0 0 0 0 1 22.88
0 0 0 0 1 22.5911
0 0 0 0 1 22.597
0 0 0 0 1 22.7164
0 0 0 0 0 22.7682
0 0 0 0 1 22.3464
0 0 0 0 1 22.6699
0 0 0 0 1 22.6553
0 0 0 0 0 22.3722
0 0 0 0 1 22.3811
0 0 0 0 1 22.7054
0 0 0 0 1 22.58
0 0 0 0 1 22.59
0 0 0 0 1 22.3309
0 0 0 0 1 23.362
0 0 0 0 1 24.0997
0 0 0 0 1 25.1934
0 0 0 0 1 26.3695
0 0 0 0 1 36.1627
0 0 0 0 1 36.5482
0 0 0 0 1 36.4247
0 0 0 0 1 36.6658
0 0 0 0 1 36.7565
0 0 0 0 1 38.2566
0 0 0 0 1 51.9626
0 0 0 0 0 51.7389
0 0 0 0 0 51.9852
0 0 0 0 1 51.8676
0 0 0 0 0 51.6991
0 0 0 0 1 55.8777
0 0 0 0 1 64.8079
0 0 0 0 1 70.3605
0 0 0 0 1 81.6464
0 0 0 0 0 5.00499
0 0 0 0 0 4.96992
0 0 0 0 0 4.98996
0 0 0 0 0 5.04006
0 0 0 0 0 5.04507
0 0 0 0 0 5.00499
0 0 0 0 0 4.99497
0 0 0 0 0 5.00499
0 0 0 0 0 5.04507
0 0 0 0 0 5.03505
0 0 0 0 0 4.97994
0 0 0 0 0 4.99497
0 0 0 0 1 87.9412
0 0 0 0 1 87.3371
0 0 0 0 0 74.694
0 0 0 0 1 64.222
0 0 0 0 1 60.5869
0 0 0 0 1 60.8403
0 0 0 0 1 60.1256
0 0 0 0 1 51.1066
0 0 0 0 1 48.1311
0 0 0 0 1 47.5195
0 0 0 0 1 39.5884
0 0 0 0 1 37.1144
0 0 0 0 1 35.6322
0 0 0 0 1 35.3232
0 0 0 0 0 35.3352
0 0 0 0 0 35.4201
0 0 0 0 1 27.9656
0 0 0 0 1 26.7499
0 0 0 0 1 25.8186
0 0 0 0 1 24.393
0 0 0 0 1 24.7494
0 0 0 0 1 24.8109
0 0 0 0 1 24.7732
0 0 0 0 0 24.4905
0 0 0 0 1 24.4547
0 0 0 0 1 24.839
0 0 0 0 1 24.9278
0 0 0 0 1 24.498
0 0 0 0 1 24.982
0 0 0 0 1 18.3455
0 0 0 0 1 17.5797
0 0 0 0 1 17.1058
0 0 0 0 1 16.6775
0 0 0 0 1 16.2284
0 0 0 0 1 15.9271
0 0 0 0 0 15.439
0 0 0 0 1 14.9851
0 0 0 0 1 14.831
0 0 0 0 1 14.3942
0 0 0 0 1 14.1272
0 0 0 0 1 13.7759
0 0 0 0 1 13.7598
0 0 0 0 1 13.8831
0 0 0 0 1 13.784
0 0 0 0 1 13.9079
0 0 0 0 1 13.8392
0 0 0 0 1 13.8662
0 0 0 0 0 14.0611
0 0 0 0 0 13.9489
0 0 0 0 1 13.993
0 0 0 0 1 14.0492
0 0 0 0 1 13.8952
0 0 0 0 1 14.008
0 0 0 0 0 14.1378
0 0 0 0 1 13.9841
0 0 0 0 0 14.1262
0 0 0 0 1 14.2151
0 0 0 0 1 14.0049
0 0 0 0 1 14.0068
0 0 0 0 0 14.0399
0 0 0 0 1 14.0847
0 0 0 0 1 14.2747
0 0 0 0 1 14.2635
0 0 0 0 1 14.2696
0 0 0 0 1 14.3443
0 0 0 0 1 14.1511
0 0 0 0 1 14.3693
0 0 0 0 1 14.3336
0 0 0 0 1 14.3952
0 0 0 0 1 8.83475
0 0 0 0 0 8.70349
0 0 0 0 1 8.52987
0 0 0 0 1 8.5372
0 0 0 0 1 8.36578
0 0 0 0 1 8.3122
0 0 0 0 1 8.14413
0 0 0 0 0 8.01719
0 0 0 0 1 7.91629
0 0 0 0 1 7.95008
0 0 0 0 1 7.89675
0 0 0 0 0 7.74073
0 0 0 0 0 7.61855
0 0 0 0 0 7.60315
0 0 0 0 1 7.49671
0 0 0 0 1 7.45937
0 0 0 0 1 7.2584
0 0 0 0 1 7.28655
0 0 0 0 1 7.15504
0 0 0 0 0 7.11709
0 0 0 0 1 7.01534
0 0 0 0 1 6.93039
0 0 0 0 1 6.85752
0 0 0 0 1 6.83482
0 0 0 0 1 6.72362
0 0 0 0 1 6.70715
0 0 0 0 1 6.56394
0 0 0 0 1 6.62596
0 0 0 0 1 6.4841
0 0 0 0 1 6.4366
0 0 0 0 1 6.34181
0 0 0 0 1 6.29465
0 0 0 0 0 6.31028
0 0 0 0 1 6.20034
0 0 0 0 0 6.10999
0 0 0 0 1 6.13666
0 0 0 0 1 6.01043
0 0 0 0 1 6.00866
0 0 0 0 1 6.02733
0 0 0 0 1 5.90578
0 0 0 0 0 5.86487
0 0 0 0 1 5.82102
0 0 0 0 0 5.73678
0 0 0 0 1 5.75083
0 0 0 0 1 5.67567
0 0 0 0 1 5.58714
0 0 0 0 0 5.59462
0 0 0 0 1 5.53222
0 0 0 0 1 5.53903
0 0 0 0 1 5.49038
0 0 0 0 1 5.46369
0 0 0 0 0 5.37525
0 0 0 0 1 5.39493
0 0 0 0 1 5.27224
0 0 0 0 1 5.24389
0 0 0 0 1 5.25965
0 0 0 0 1 5.17364
0 0 0 0 1 5.22829
0 0 0 0 1 5.15834
0 0 0 0 1 5.1043
0 0 0 0 1 5.11334
0 0 0 0 1 5.04953
0 0 0 0 1 4.97944
0 0 0 0 1 5.02624
0 0 0 0 1 4.93353
0 0 0 0 1 4.94494
0 0 0 0 0 4.92168
0 0 0 0 1 4.87751
0 0 0 0 1 4.79649
0 0 0 0 1 4.83907
0 0 0 0 1 4.80739
0 0 0 0 0 4.86857
0 0 0 0 1 4.90588
0 0 0 0 1 4.84966
0 0 0 0 0 4.86754
0 0 0 0 1 4.92482
0 0 0 0 0 4.89873
0 0 0 0 1 4.98002
0 0 0 0 1 4.92418
0 0 0 0 1 4.99233
0 0 0 0 0 4.97982
0 0 0 0 1 4.97844
0 0 0 0 1 5.05746
0 0 0 0 1 5.05125
0 0 0 0 1 5.09562
0 0 0 0 1 5.13011
0 0 0 0 0 5.09337
0 0 0 0 1 5.14852
0 0 0 0 0 5.16667
0 0 0 0 1 5.13474
0 0 0 0 1 5.19566
0 0 0 0 1 5.22063
0 0 0 0 1 5.18317
0 0 0 0 1 5.19772
0 0 0 0 0 5.23859
0 0 0 0 1 5.22169
0 0 0 0 1 5.31197
0 0 0 0 1 5.2791
0 0 0 0 1 5.35275
0 0 0 0 1 5.31429
0 0 0 0 1 5.3939
0 0 0 0 1 5.36742
0 0 0 0 1 5.43691
0 0 0 0 1 5.49597
0 0 0 0 1 5.43499
0 0 0 0 1 5.55638
0 0 0 0 0 5.50594
0 0 0 0 1 5.56193
0 0 0 0 1 5.58331
0 0 0 0 0 5.61193
0 0 0 0 1 5.59976
0 0 0 0 1 5.59455
0 0 0 0 1 5.62738
0 0 0 0 1 5.70751
0 0 0 0 1 5.74657
0 0 0 0 1 5.75871
0 0 0 0 1 5.80549
0 0 0 0 1 5.78283
0 0 0 0 1 5.89246
0 0 0 0 0 5.8756
0 0 0 0 1 5.8407
0 0 0 0 0 5.95335
0 0 0 0 1 5.98361
0 0 0 0 1 6.008
0 0 0 0 1 5.96027
0 0 0 0 1 6.02067
0 0 0 0 1 6.08756
0 0 0 0 1 6.09387
0 0 0 0 1 6.1614
0 0 0 0 1 6.18783
0 0 0 0 1 9.53808
0 0 0 0 1 9.57615
0 0 0 0 1 9.54459
0 0 0 0 0 9.34366
0 0 0 0 1 9.4476
0 0 0 0 0 9.2951
0 0 0 0 1 9.26473
0 0 0 0 1 9.30562
0 0 0 0 1 9.22301
0 0 0 0 1 9.20232
0 0 0 0 1 9.23694
0 0 0 0 0 9.1521
0 0 0 0 0 9.17749
0 0 0 0 1 9.09336
0 0 0 0 1 9.0461
0 0 0 0 1 9.02629
0 0 0 0 1 9.06978
0 0 0 0 1 8.98376
0 0 0 0 1 8.98228
0 0 0 0 1 9.03123
0 0 0 0 1 8.94933
0 0 0 0 0 8.81459
0 0 0 0 1 8.91124
0 0 0 0 1 8.88357
0 0 0 0 1 8.72932
0 0 0 0 1 8.75516
0 0 0 0 0 8.68447
0 0 0 0 1 8.79099
0 0 0 0 0 8.72933
0 0 0 0 0 8.64724
0 0 0 0 1 8.65581
0 0 0 0 1 8.61768
0 0 0 0 1 8.54875
0 0 0 0 1 8.69188
0 0 0 0 1 8.56315
0 0 0 0 0 8.53437
0 0 0 0 0 8.44958
0 0 0 0 0 8.43835
0 0 0 0 0 8.50368
0 0 0 0 1 8.4501
0 0 0 0 1 8.51521
0 0 0 0 1 8.36072
0 0 0 0 1 8.47994
0 0 0 0 1 8.36842
0 0 0 0 1 8.39146
0 0 0 0 1 8.2724
0 0 0 0 1 8.42074
0 0 0 0 1 8.38085
0 0 0 0 0 8.24631
0 0 0 0 1 8.24487
0 0 0 0 1 8.19013
0 0 0 0 1 8.3044
0 0 0 0 1 8.18786
0 0 0 0 1 8.13758
0 0 0 0 1 8.15316
0 0 0 0 1 8.1851
0 0 0 0 1 8.11908
0 0 0 0 1 8.15115
0 0 0 0 1 8.19942
0 0 0 0 1 8.05296
0 0 0 0 1 8.07715
0 0 0 0 0 8.02057
0 0 0 0 1 8.00462
0 0 0 0 1 8.05716
0 0 0 0 0 8.04941
0 0 0 0 1 8.08188
0 0 0 0 1 8.05033
0 0 0 0 1 7.99504
0 0 0 0 1 8.02357
0 0 0 0 1 7.96872
0 0 0 0 0 7.96981
0 0 0 0 1 7.97102
0 0 0 0 1 7.98026
0 0 0 0 1 7.89831
0 0 0 0 0 7.94733
0 0 0 0 1 7.82299
0 0 0 0 1 7.88352
0 0 0 0 0 7.8654
0 0 0 0 1 7.89111
0 0 0 0 0 7.83855
0 0 0 0 0 7.85667
0 0 0 0 0 7.83127
0 0 0 0 1 7.77165
0 0 0 0 1 7.81353
0 0 0 0 1 7.85077
0 0 0 0 1 7.75297
0 0 0 0 1 7.77488
