0 0 0 0 0 5.50296
0 0 0 0 1 5.61201
0 0 0 0 0 5.60466
0 0 0 0 1 5.52737
0 0 0 0 1 5.53679
0 0 0 0 1 5.55754
0 0 0 0 1 5.59992
0 0 0 0 1 5.55372
0 0 0 0 1 5.6164
0 0 0 0 1 5.64335
0 0 0 0 0 5.57476
0 0 0 0 1 5.65271
0 0 0 0 0 5.59757
0 0 0 0 1 5.68729
0 0 0 0 0 5.65271
0 0 0 0 1 5.71101
0 0 0 0 1 5.72203
0 0 0 0 1 5.73888
0 0 0 0 1 5.65312
0 0 0 0 0 5.71971
0 0 0 0 1 5.7483
0 0 0 0 1 5.7312
0 0 0 0 0 5.74287
0 0 0 0 1 5.81803
0 0 0 0 0 5.80298
0 0 0 0 1 5.7515
0 0 0 0 1 5.84469
0 0 0 0 0 5.82806
0 0 0 0 1 5.81144
0 0 0 0 0 5.87644
0 0 0 0 1 5.80158
0 0 0 0 1 5.81589
0 0 0 0 1 5.83613
0 0 0 0 1 5.92538
0 0 0 0 1 5.86208
0 0 0 0 0 5.91063
0 0 0 0 1 5.94764
0 0 0 0 1 5.87822
0 0 0 0 1 5.88575
0 0 0 0 1 5.90528
0 0 0 0 1 5.95478
0 0 0 0 1 6.04046
0 0 0 0 1 5.95407
0 0 0 0 1 5.95611
0 0 0 0 0 5.99431
0 0 0 0 0 6.05688
0 0 0 0 1 6.00972
0 0 0 0 0 6.09098
0 0 0 0 1 6.12403
0 0 0 0 0 6.07802
0 0 0 0 0 6.0685
0 0 0 0 1 6.18762
0 0 0 0 0 6.10975
0 0 0 0 0 6.16299
0 0 0 0 1 6.11669
0 0 0 0 1 6.18156
0 0 0 0 0 6.14753
0 0 0 0 1 6.26792
0 0 0 0 0 6.22773
0 0 0 0 1 6.22489
0 0 0 0 1 6.25251
0 0 0 0 0 6.35047
0 0 0 0 1 6.34168
0 0 0 0 0 6.35816
0 0 0 0 1 6.39378
0 0 0 0 0 6.37156
0 0 0 0 1 6.40107
0 0 0 0 0 6.37877
0 0 0 0 1 6.47272
0 0 0 0 1 6.48921
0 0 0 0 0 6.45482
0 0 0 0 1 6.42598
0 0 0 0 0 6.48873
0 0 0 0 1 6.48662
0 0 0 0 1 6.4845
0 0 0 0 1 6.54069
0 0 0 0 1 6.62361
0 0 0 0 0 6.569
0 0 0 0 1 6.6459
0 0 0 0 1 6.69009
0 0 0 0 1 6.63446
0 0 0 0 1 6.67276
0 0 0 0 1 6.65757
0 0 0 0 1 6.71574
0 0 0 0 1 6.77431
0 0 0 0 0 6.80612
0 0 0 0 1 6.74278
0 0 0 0 0 6.77463
0 0 0 0 1 6.90959
0 0 0 0 1 6.82512
0 0 0 0 1 6.96117
0 0 0 0 1 6.89054
0 0 0 0 1 7.01372
0 0 0 0 1 7.01902
0 0 0 0 1 6.99626
0 0 0 0 0 7.04363
0 0 0 0 1 6.99897
0 0 0 0 1 7.06079
0 0 0 0 0 7.1871
0 0 0 0 1 7.15699
0 0 0 0 1 7.24858
0 0 0 0 1 7.16788
0 0 0 0 1 7.18003
0 0 0 0 1 7.23623
0 0 0 0 1 7.31426
0 0 0 0 1 7.34926
0 0 0 0 1 7.34724
0 0 0 0 1 7.36809
0 0 0 0 1 7.492
0 0 0 0 1 7.52004
0 0 0 0 0 7.45126
0 0 0 0 1 7.44146
0 0 0 0 1 7.57489
0 0 0 0 1 7.52729
0 0 0 0 1 7.63958
0 0 0 0 0 7.59921
0 0 0 0 1 7.71205
0 0 0 0 1 7.7099
0 0 0 0 1 7.79291
0 0 0 0 1 7.81412
0 0 0 0 1 7.74968
0 0 0 0 1 7.85703
0 0 0 0 1 7.89357
0 0 0 0 1 7.96253
0 0 0 0 1 7.96753
0 0 0 0 0 7.94876
0 0 0 0 1 8.05867
0 0 0 0 1 8.03161
0 0 0 0 1 8.199
0 0 0 0 1 8.18001
0 0 0 0 0 8.31643
0 0 0 0 1 8.3464
0 0 0 0 1 8.34364
0 0 0 0 1 8.33998
0 0 0 0 1 8.40323
0 0 0 0 1 8.48375
0 0 0 0 0 8.49677
0 0 0 0 1 8.49247
0 0 0 0 1 8.60027
0 0 0 0 1 8.56993
0 0 0 0 0 8.72057
0 0 0 0 0 8.71595
0 0 0 0 0 8.76282
0 0 0 0 1 8.74963
0 0 0 0 0 8.97424
0 0 0 0 0 9.00426
0 0 0 0 1 8.96208
0 0 0 0 1 8.97323
0 0 0 0 1 9.07621
0 0 0 0 1 9.2431
0 0 0 0 1 9.16242
0 0 0 0 1 9.1916
0 0 0 0 1 9.40849
0 0 0 0 0 9.37164
0 0 0 0 1 9.38212
0 0 0 0 1 9.55278
0 0 0 0 1 9.68674
0 0 0 0 0 9.67825
0 0 0 0 1 9.70659
0 0 0 0 0 9.84221
0 0 0 0 1 9.80164
0 0 0 0 1 9.97939
0 0 0 0 1 9.91634
0 0 0 0 1 9.97375
0 0 0 0 1 10.1916
0 0 0 0 0 10.3011
0 0 0 0 0 10.3173
0 0 0 0 1 10.457
0 0 0 0 1 10.464
0 0 0 0 1 10.416
0 0 0 0 1 10.472
0 0 0 0 1 10.6112
0 0 0 0 1 10.7965
0 0 0 0 0 10.8082
0 0 0 0 0 9.38965
0 0 0 0 0 9.30961
0 0 0 0 0 9.19777
0 0 0 0 1 9.14647
0 0 0 0 0 9.23845
0 0 0 0 1 9.23342
0 0 0 0 1 9.11384
0 0 0 0 1 9.14594
0 0 0 0 1 9.10944
0 0 0 0 1 9.13248
0 0 0 0 1 9.05994
0 0 0 0 1 9.05597
0 0 0 0 1 9.02935
0 0 0 0 1 9.08425
0 0 0 0 1 8.99939
0 0 0 0 0 9.06329
0 0 0 0 1 8.93417
0 0 0 0 0 8.9533
0 0 0 0 1 8.93665
0 0 0 0 1 8.99159
0 0 0 0 1 8.93537
0 0 0 0 1 8.82133
0 0 0 0 1 8.84981
0 0 0 0 1 8.84284
0 0 0 0 1 8.88906
0 0 0 0 1 8.74597
0 0 0 0 1 8.80121
0 0 0 0 1 8.75962
0 0 0 0 0 8.69194
0 0 0 0 1 8.721
0 0 0 0 1 8.74132
0 0 0 0 1 8.67073
0 0 0 0 1 8.65643
0 0 0 0 1 8.77284
0 0 0 0 1 8.69783
0 0 0 0 1 8.74463
0 0 0 0 1 8.74809
0 0 0 0 0 8.72572
0 0 0 0 1 8.60856
0 0 0 0 1 8.56948
0 0 0 0 1 8.5995
0 0 0 0 1 8.50923
0 0 0 0 1 8.66825
0 0 0 0 0 8.4927
0 0 0 0 0 8.48039
0 0 0 0 1 8.59642
0 0 0 0 1 8.56168
0 0 0 0 1 8.54116
0 0 0 0 1 8.60128
0 0 0 0 0 8.76954
0 0 0 0 1 8.85979
0 0 0 0 1 8.93192
0 0 0 0 1 9.13874
0 0 0 0 0 9.20059
0 0 0 0 1 9.31631
0 0 0 0 1 9.5744
0 0 0 0 1 9.70041
0 0 0 0 0 9.83548
0 0 0 0 1 9.90971
0 0 0 0 1 10.2351
0 0 0 0 0 10.3794
0 0 0 0 1 10.574
0 0 0 0 1 10.7697
0 0 0 0 1 10.8324
0 0 0 0 1 11.2132
0 0 0 0 1 11.3494
0 0 0 0 1 11.5968
0 0 0 0 1 11.8905
0 0 0 0 1 12.006
0 0 0 0 1 12.1979
0 0 0 0 1 12.4976
0 0 0 0 1 12.9118
0 0 0 0 1 22.9328
0 0 0 0 1 22.9137
0 0 0 0 1 22.4622
0 0 0 0 0 22.535
0 0 0 0 0 22.427
0 0 0 0 1 22.7722
0 0 0 0 0 22.5518
0 0 0 0 1 22.7164
0 0 0 0 1 22.4068
0 0 0 0 1 22.3464
0 0 0 0 1 22.7602
0 0 0 0 1 22.6553
0 0 0 0 1 22.4848
0 0 0 0 1 22.6062
0 0 0 0 1 22.6379
0 0 0 0 1 22.4226
0 0 0 0 1 22.4327
0 0 0 0 1 22.3084
0 0 0 0 1 23.4316
0 0 0 0 1 23.979
0 0 0 0 1 24.9925
0 0 0 0 1 26.4482
0 0 0 0 1 36.3812
0 0 0 0 0 36.2206
0 0 0 0 0 36.4975
0 0 0 0 1 36.0838
0 0 0 0 1 36.4289
0 0 0 0 1 38.8345
0 0 0 0 1 51.6502
0 0 0 0 0 52.4676
0 0 0 0 1 52.5576
0 0 0 0 0 51.5035
0 0 0 0 1 51.9071
0 0 0 0 1 55.9905
0 0 0 0 1 65.2007
0 0 0 0 1 69.0369
0 0 0 0 1 81.7282
0 0 0 0 0 4.99998
0 0 0 0 0 4.98996
0 0 0 0 0 4.97493
0 0 0 0 0 4.97493
0 0 0 0 0 4.9599
0 0 0 0 0 4.9599
0 0 0 0 0 4.99998
0 0 0 0 0 5.02002
0 0 0 0 0 5.03505
0 0 0 0 0 4.98996
0 0 0 0 0 5.02002
0 0 0 0 0 4.98996
0 0 0 0 1 88.4667
0 0 0 0 1 88.3007
0 0 0 0 0 75.22
0 0 0 0 1 64.1582
0 0 0 0 1 60.3448
0 0 0 0 0 60.5981
0 0 0 0 1 60.8522
0 0 0 0 1 51.6739
0 0 0 0 1 48.371
0 0 0 0 1 47.7595
0 0 0 0 1 39.5491
0 0 0 0 1 36.6357
0 0 0 0 1 35.4182
0 0 0 0 1 35.6087
0 0 0 0 1 35.7278
0 0 0 0 0 35.7414
0 0 0 0 1 28.134
0 0 0 0 0 26.9107
0 0 0 0 1 25.4084
0 0 0 0 1 24.4422
0 0 0 0 1 24.8725
0 0 0 0 1 24.6878
0 0 0 0 1 24.4282
0 0 0 0 0 24.6878
0 0 0 0 1 24.504
0 0 0 0 1 24.5921
0 0 0 0 1 24.829
0 0 0 0 1 24.6216
0 0 0 0 1 24.7099
0 0 0 0 0 18.2181
0 0 0 0 0 17.5266
0 0 0 0 1 17.1058
0 0 0 0 1 16.5604
0 0 0 0 1 16.3425
0 0 0 0 0 16.0065
0 0 0 0 1 15.439
0 0 0 0 1 15.0758
0 0 0 0 0 14.6687
0 0 0 0 1 14.3798
0 0 0 0 1 14.0567
0 0 0 0 1 13.7481
0 0 0 0 1 13.9266
0 0 0 0 1 13.8553
0 0 0 0 1 13.9093
0 0 0 0 1 14.0752
0 0 0 0 1 14.0764
0 0 0 0 1 14.0058
0 0 0 0 1 14.117
0 0 0 0 1 14.0888
0 0 0 0 1 14.0211
0 0 0 0 1 14.1333
0 0 0 0 1 13.9794
0 0 0 0 1 14.1204
0 0 0 0 0 13.9972
0 0 0 0 0 14.1108
0 0 0 0 0 13.9852
0 0 0 0 1 14.0457
0 0 0 0 1 14.2452
0 0 0 0 0 14.1907
0 0 0 0 1 14.0257
0 0 0 0 0 14.1982
0 0 0 0 1 14.1469
0 0 0 0 1 14.292
0 0 0 0 0 14.2839
0 0 0 0 1 14.3443
0 0 0 0 1 14.1369
0 0 0 0 0 14.1691
0 0 0 0 1 14.3765
0 0 0 0 1 14.3666
0 0 0 0 1 8.74649
0 0 0 0 0 8.65993
0 0 0 0 1 8.55566
0 0 0 0 1 8.48623
0 0 0 0 1 8.33222
0 0 0 0 1 8.30391
0 0 0 0 0 8.11955
0 0 0 0 1 8.15472
0 0 0 0 1 7.92429
0 0 0 0 1 7.87896
0 0 0 0 1 7.77947
0 0 0 0 1 7.78709
0 0 0 0 1 7.5727
0 0 0 0 1 7.52001
0 0 0 0 1 7.40701
0 0 0 0 1 7.36317
0 0 0 0 1 7.24377
0 0 0 0 1 7.22861
0 0 0 0 1 7.15504
0 0 0 0 0 7.1029
0 0 0 0 1 7.09259
0 0 0 0 1 6.93039
0 0 0 0 1 6.89883
0 0 0 0 1 6.87574
0 0 0 0 1 6.79795
0 0 0 0 0 6.62682
0 0 0 0 1 6.68328
0 0 0 0 1 6.56029
0 0 0 0 1 6.52962
0 0 0 0 0 6.42371
0 0 0 0 1 6.41206
0 0 0 0 1 6.32631
0 0 0 0 1 6.29772
0 0 0 0 1 6.18166
0 0 0 0 1 6.22726
0 0 0 0 0 6.13054
0 0 0 0 1 6.03469
0 0 0 0 1 5.96652
0 0 0 0 1 5.95572
0 0 0 0 0 5.94724
0 0 0 0 1 5.91184
0 0 0 0 1 5.86763
0 0 0 0 1 5.79461
0 0 0 0 0 5.74509
0 0 0 0 0 5.69842
0 0 0 0 1 5.65487
0 0 0 0 1 5.65623
0 0 0 0 1 5.58231
0 0 0 0 1 5.56112
0 0 0 0 1 5.47395
0 0 0 0 0 5.46913
0 0 0 0 1 5.41847
0 0 0 0 1 5.31978
0 0 0 0 0 5.33615
0 0 0 0 1 5.27564
0 0 0 0 1 5.29115
0 0 0 0 1 5.18407
0 0 0 0 1 5.15575
0 0 0 0 1 5.17894
0 0 0 0 0 5.11964
0 0 0 0 1 5.02711
0 0 0 0 1 5.04449
0 0 0 0 1 5.01955
0 0 0 0 1 4.97642
0 0 0 0 1 4.90384
0 0 0 0 1 4.89087
0 0 0 0 1 4.93145
0 0 0 0 0 4.87265
0 0 0 0 1 4.79166
0 0 0 0 1 4.76685
0 0 0 0 1 4.83152
0 0 0 0 1 4.85404
0 0 0 0 1 4.89129
0 0 0 0 1 4.89353
0 0 0 0 1 4.84308
0 0 0 0 1 4.89536
0 0 0 0 1 4.87901
0 0 0 0 1 4.91085
0 0 0 0 1 4.92418
0 0 0 0 1 4.98238
0 0 0 0 1 4.99978
0 0 0 0 1 4.99848
0 0 0 0 1 5.0474
0 0 0 0 1 5.0563
0 0 0 0 1 5.06016
0 0 0 0 1 5.03859
0 0 0 0 1 5.1291
0 0 0 0 1 5.12803
0 0 0 0 1 5.16667
0 0 0 0 1 5.13989
0 0 0 0 1 5.19048
0 0 0 0 1 5.1531
0 0 0 0 1 5.1936
0 0 0 0 1 5.27623
0 0 0 0 1 5.29113
0 0 0 0 1 5.26389
0 0 0 0 0 5.25366
0 0 0 0 1 5.27378
0 0 0 0 1 5.36344
0 0 0 0 1 5.35183
0 0 0 0 1 5.37236
0 0 0 0 0 5.36742
0 0 0 0 1 5.44778
0 0 0 0 1 5.40328
0 0 0 0 1 5.46235
0 0 0 0 1 5.52887
0 0 0 0 1 5.46728
0 0 0 0 1 5.51197
0 0 0 0 1 5.57774
0 0 0 0 0 5.59513
0 0 0 0 1 5.57727
0 0 0 0 1 5.67932
0 0 0 0 1 5.68978
0 0 0 0 1 5.73602
0 0 0 0 1 5.67217
0 0 0 0 1 5.7472
0 0 0 0 0 5.77658
0 0 0 0 1 5.79446
0 0 0 0 0 5.84579
0 0 0 0 1 5.88146
0 0 0 0 1 5.85249
0 0 0 0 1 5.98297
0 0 0 0 0 6.00742
0 0 0 0 1 5.93619
0 0 0 0 1 5.98433
0 0 0 0 1 6.00858
0 0 0 0 1 6.05718
0 0 0 0 1 6.14272
0 0 0 0 1 6.13072
0 0 0 0 0 6.13842
0 0 0 0 1 9.52856
0 0 0 0 0 9.38652
0 0 0 0 1 9.46899
0 0 0 0 1 9.40017
0 0 0 0 1 9.32563
0 0 0 0 0 9.40731
0 0 0 0 1 9.22744
0 0 0 0 1 9.3614
0 0 0 0 1 9.24153
0 0 0 0 1 9.32231
0 0 0 0 0 9.28294
0 0 0 0 1 9.07874
0 0 0 0 0 9.22319
0 0 0 0 0 9.16626
0 0 0 0 0 9.06426
0 0 0 0 1 9.09872
0 0 0 0 1 8.98856
0 0 0 0 0 8.92075
0 0 0 0 1 9.04509
0 0 0 0 1 8.87012
0 0 0 0 1 8.86903
0 0 0 0 1 8.88574
0 0 0 0 1 8.77824
0 0 0 0 1 8.87474
0 0 0 0 1 8.88803
0 0 0 0 1 8.87822
0 0 0 0 1 8.73705
0 0 0 0 1 8.73851
0 0 0 0 1 8.80781
0 0 0 0 1 8.77773
0 0 0 0 1 8.75122
0 0 0 0 1 8.72151
0 0 0 0 1 8.54875
0 0 0 0 1 8.61443
0 0 0 0 1 8.55457
0 0 0 0 0 8.59429
0 0 0 0 1 8.56053
0 0 0 0 1 8.53202
0 0 0 0 1 8.45271
0 0 0 0 1 8.40773
0 0 0 0 1 8.38837
0 0 0 0 1 8.50414
0 0 0 0 1 8.44629
0 0 0 0 1 8.30966
0 0 0 0 1 8.29933
0 0 0 0 1 8.37267
0 0 0 0 1 8.39573
0 0 0 0 1 8.27277
0 0 0 0 1 8.35416
0 0 0 0 0 8.1952
0 0 0 0 1 8.2893
0 0 0 0 1 8.23843
0 0 0 0 1 8.27838
0 0 0 0 1 8.15401
0 0 0 0 1 8.26787
0 0 0 0 0 8.11969
0 0 0 0 1 8.12724
0 0 0 0 1 8.11857
0 0 0 0 1 8.08565
0 0 0 0 1 8.05296
0 0 0 0 1 8.07715
0 0 0 0 0 8.14173
0 0 0 0 1 8.05299
0 0 0 0 1 8.05716
0 0 0 0 1 8.11368
0 0 0 0 1 7.9536
0 0 0 0 1 8.01832
0 0 0 0 1 8.019
0 0 0 0 0 8.02357
0 0 0 0 0 7.92096
0 0 0 0 1 7.99365
0 0 0 0 1 7.85998
0 0 0 0 1 7.90901
0 0 0 0 0 7.96946
0 0 0 0 1 7.83684
0 0 0 0 0 7.94116
0 0 0 0 0 7.89926
0 0 0 0 0 7.83397
0 0 0 0 0 7.91464
0 0 0 0 0 7.9012
0 0 0 0 0 7.77849
0 0 0 0 1 7.8625
0 0 0 0 1 7.86519
0 0 0 0 1 7.72792
0 0 0 0 1 7.7264
0 0 0 0 1 7.83834
0 0 0 0 1 7.77488
