0 0 0 0 1 5.60282
0 0 0 0 1 5.51755
0 0 0 0 1 5.549
0 0 0 0 0 5.57752
0 0 0 0 1 5.59819
0 0 0 0 1 5.56313
0 0 0 0 0 5.64468
0 0 0 0 0 5.58735
0 0 0 0 0 5.56591
0 0 0 0 1 5.63773
0 0 0 0 1 5.62544
0 0 0 0 0 5.61886
0 0 0 0 1 5.62581
0 0 0 0 1 5.61372
0 0 0 0 1 5.68673
0 0 0 0 1 5.68262
0 0 0 0 1 5.69359
0 0 0 0 1 5.72179
0 0 0 0 1 5.76161
0 0 0 0 1 5.77113
0 0 0 0 0 5.75403
0 0 0 0 1 5.75989
0 0 0 0 1 5.70263
0 0 0 0 1 5.76619
0 0 0 0 1 5.82029
0 0 0 0 0 5.81508
0 0 0 0 1 5.78676
0 0 0 0 1 5.81065
0 0 0 0 1 5.77072
0 0 0 0 0 5.87061
0 0 0 0 0 5.87169
0 0 0 0 1 5.84514
0 0 0 0 1 5.83027
0 0 0 0 1 5.83142
0 0 0 0 1 5.93859
0 0 0 0 1 5.84574
0 0 0 0 1 5.95355
0 0 0 0 0 5.9434
0 0 0 0 0 5.92732
0 0 0 0 0 5.94099
0 0 0 0 1 5.92495
0 0 0 0 1 5.92683
0 0 0 0 0 5.98402
0 0 0 0 1 5.99814
0 0 0 0 0 6.04246
0 0 0 0 1 6.06292
0 0 0 0 1 6.07629
0 0 0 0 1 6.09098
0 0 0 0 1 6.0328
0 0 0 0 1 6.13289
0 0 0 0 1 6.15406
0 0 0 0 1 6.06509
0 0 0 0 1 6.1036
0 0 0 0 1 6.10758
0 0 0 0 0 6.19075
0 0 0 0 1 6.17537
0 0 0 0 1 6.22197
0 0 0 0 1 6.18078
0 0 0 0 1 6.21525
0 0 0 0 1 6.26869
0 0 0 0 1 6.27134
0 0 0 0 1 6.319
0 0 0 0 1 6.32906
0 0 0 0 0 6.3202
0 0 0 0 1 6.29229
0 0 0 0 0 6.42248
0 0 0 0 1 6.42022
0 0 0 0 1 6.43001
0 0 0 0 1 6.4663
0 0 0 0 0 6.399
0 0 0 0 1 6.40313
0 0 0 0 1 6.54918
0 0 0 0 1 6.46922
0 0 0 0 1 6.46706
0 0 0 0 0 6.58255
0 0 0 0 1 6.50133
0 0 0 0 1 6.62361
0 0 0 0 1 6.58221
0 0 0 0 1 6.57964
0 0 0 0 1 6.69674
0 0 0 0 0 6.72123
0 0 0 0 1 6.66607
0 0 0 0 1 6.69113
0 0 0 0 0 6.78984
0 0 0 0 0 6.80135
0 0 0 0 0 6.79934
0 0 0 0 1 6.77683
0 0 0 0 1 6.84983
0 0 0 0 1 6.86842
0 0 0 0 1 6.87333
0 0 0 0 1 6.84366
0 0 0 0 1 6.9668
0 0 0 0 1 6.96501
0 0 0 0 0 7.04696
0 0 0 0 1 6.98925
0 0 0 0 1 7.09993
0 0 0 0 1 7.10502
0 0 0 0 0 7.15304
0 0 0 0 1 7.1871
0 0 0 0 0 7.09979
0 0 0 0 1 7.16963
0 0 0 0 1 7.15347
0 0 0 0 1 7.18003
0 0 0 0 1 7.20717
0 0 0 0 1 7.27046
0 0 0 0 1 7.37124
0 0 0 0 1 7.42822
0 0 0 0 0 7.45669
0 0 0 0 0 7.46975
0 0 0 0 1 7.47532
0 0 0 0 1 7.42882
0 0 0 0 1 7.46401
0 0 0 0 0 7.58244
0 0 0 0 1 7.55006
0 0 0 0 1 7.56341
0 0 0 0 1 7.70635
0 0 0 0 1 7.71974
0 0 0 0 1 7.68672
0 0 0 0 1 7.68424
0 0 0 0 1 7.75953
0 0 0 0 0 7.74968
0 0 0 0 1 7.82557
0 0 0 0 1 7.87776
0 0 0 0 0 7.87511
0 0 0 0 1 8.00749
0 0 0 0 1 8.03708
0 0 0 0 1 8.08287
0 0 0 0 0 8.13697
0 0 0 0 1 8.07675
0 0 0 0 0 8.14726
0 0 0 0 1 8.25879
0 0 0 0 1 8.35468
0 0 0 0 1 8.29373
0 0 0 0 0 8.32325
0 0 0 0 1 8.42005
0 0 0 0 0 8.39917
0 0 0 0 0 8.57332
0 0 0 0 0 8.51813
0 0 0 0 1 8.52295
0 0 0 0 0 8.61312
0 0 0 0 1 8.73796
0 0 0 0 1 8.75092
0 0 0 0 1 8.73643
0 0 0 0 1 8.74963
0 0 0 0 1 8.88529
0 0 0 0 1 8.92371
0 0 0 0 1 9.09719
0 0 0 0 1 8.98229
0 0 0 0 1 9.18556
0 0 0 0 1 9.11473
0 0 0 0 1 9.19933
0 0 0 0 0 9.2566
0 0 0 0 1 9.27782
0 0 0 0 0 9.49384
0 0 0 0 1 9.48616
0 0 0 0 1 9.59088
0 0 0 0 1 9.61961
0 0 0 0 1 9.6879
0 0 0 0 1 9.68716
0 0 0 0 1 9.68567
0 0 0 0 1 9.84105
0 0 0 0 0 9.81092
0 0 0 0 1 10.0462
0 0 0 0 1 10.0743
0 0 0 0 1 10.2321
0 0 0 0 0 10.2399
0 0 0 0 1 10.3584
0 0 0 0 0 10.3431
0 0 0 0 1 10.3598
0 0 0 0 1 10.521
0 0 0 0 1 10.6307
0 0 0 0 1 10.6112
0 0 0 0 1 10.8072
0 0 0 0 0 10.7541
0 0 0 0 1 9.37104
0 0 0 0 1 9.23536
0 0 0 0 1 9.34598
0 0 0 0 0 9.28505
0 0 0 0 0 9.15547
0 0 0 0 1 9.11386
0 0 0 0 1 9.09548
0 0 0 0 1 9.14594
0 0 0 0 1 9.20081
0 0 0 0 0 9.13248
0 0 0 0 1 9.01446
0 0 0 0 0 9.00153
0 0 0 0 0 8.97501
0 0 0 0 1 9.05713
0 0 0 0 1 9.03546
0 0 0 0 1 9.08129
0 0 0 0 1 9.0509
0 0 0 0 1 9.01603
0 0 0 0 1 8.98138
0 0 0 0 1 8.91122
0 0 0 0 1 8.84629
0 0 0 0 1 8.88358
0 0 0 0 1 8.81431
0 0 0 0 0 8.90487
0 0 0 0 1 8.80062
0 0 0 0 1 8.86953
0 0 0 0 0 8.78359
0 0 0 0 1 8.87395
0 0 0 0 1 8.75339
0 0 0 0 1 8.721
0 0 0 0 1 8.72382
0 0 0 0 1 8.64453
0 0 0 0 0 8.66515
0 0 0 0 1 8.78155
0 0 0 0 1 8.70652
0 0 0 0 1 8.71861
0 0 0 0 1 8.71345
0 0 0 0 1 8.70843
0 0 0 0 1 8.68627
0 0 0 0 1 8.59534
0 0 0 0 1 8.53925
0 0 0 0 0 8.62097
0 0 0 0 1 8.62534
0 0 0 0 1 8.58697
0 0 0 0 0 8.51462
0 0 0 0 0 8.48533
0 0 0 0 0 8.45925
0 0 0 0 1 8.47297
0 0 0 0 1 8.61843
0 0 0 0 1 8.70864
0 0 0 0 0 8.76272
0 0 0 0 1 9.03943
0 0 0 0 1 9.15693
0 0 0 0 1 9.14517
0 0 0 0 0 9.39137
0 0 0 0 1 9.55532
0 0 0 0 1 9.69072
0 0 0 0 1 9.78626
0 0 0 0 1 10.0398
0 0 0 0 0 10.2656
0 0 0 0 1 10.3276
0 0 0 0 0 10.5106
0 0 0 0 1 10.7912
0 0 0 0 1 10.8761
0 0 0 0 1 11.1128
0 0 0 0 0 11.4062
0 0 0 0 1 11.5272
0 0 0 0 1 11.9023
0 0 0 0 1 12.0783
0 0 0 0 1 12.3948
0 0 0 0 1 12.6737
0 0 0 0 1 12.9375
0 0 0 0 1 22.7964
0 0 0 0 1 22.5731
0 0 0 0 1 22.621
0 0 0 0 1 22.8071
0 0 0 0 1 22.5855
0 0 0 0 1 22.5458
0 0 0 0 1 22.7554
0 0 0 0 1 22.513
0 0 0 0 1 22.8134
0 0 0 0 1 22.6173
0 0 0 0 1 22.7602
0 0 0 0 1 22.3623
0 0 0 0 0 22.4848
0 0 0 0 1 22.6963
0 0 0 0 1 22.4804
0 0 0 0 1 22.5575
0 0 0 0 1 22.2753
0 0 0 0 0 22.3084
0 0 0 0 0 23.246
0 0 0 0 1 24.2927
0 0 0 0 1 25.319
0 0 0 0 1 25.9764
0 0 0 0 1 36.709
0 0 0 0 1 36.2206
0 0 0 0 0 36.5339
0 0 0 0 1 36.4839
0 0 0 0 0 36.5381
0 0 0 0 1 38.4107
0 0 0 0 1 52.327
0 0 0 0 1 52.5196
0 0 0 0 0 52.0893
0 0 0 0 1 52.2838
0 0 0 0 1 51.6991
0 0 0 0 1 55.8213
0 0 0 0 1 65.3316
0 0 0 0 0 69.5942
0 0 0 0 0 81.1555
0 0 0 0 0 5.02002
0 0 0 0 0 5.02503
0 0 0 0 0 5.00499
0 0 0 0 0 5.05509
0 0 0 0 0 4.97493
0 0 0 0 0 5.03004
0 0 0 0 0 4.9599
0 0 0 0 0 4.98996
0 0 0 0 0 4.96491
0 0 0 0 0 5.03505
0 0 0 0 0 5.00499
0 0 0 0 0 5.05509
0 0 0 0 1 88.4667
0 0 0 0 0 87.6875
0 0 0 0 1 74.9946
0 0 0 0 0 63.7751
0 0 0 0 0 60.4054
0 0 0 0 1 60.9008
0 0 0 0 1 60.2467
0 0 0 0 1 51.1066
0 0 0 0 1 48.2271
0 0 0 0 0 48.3355
0 0 0 0 1 39.1171
0 0 0 0 1 37.0775
0 0 0 0 1 35.3825
0 0 0 0 1 35.8584
0 0 0 0 1 35.3352
0 0 0 0 1 35.8485
0 0 0 0 1 28.2183
0 0 0 0 1 27.0447
0 0 0 0 1 25.793
0 0 0 0 1 24.6638
0 0 0 0 1 24.5278
0 0 0 0 0 24.4167
0 0 0 0 1 24.8225
0 0 0 0 1 24.7865
0 0 0 0 1 24.7508
0 0 0 0 1 24.5427
0 0 0 0 1 24.8537
0 0 0 0 0 24.9183
0 0 0 0 0 24.5368
0 0 0 0 0 18.0725
0 0 0 0 1 17.7035
0 0 0 0 1 17.3293
0 0 0 0 1 16.7946
0 0 0 0 1 16.4402
0 0 0 0 1 15.9748
0 0 0 0 1 15.3925
0 0 0 0 1 15.1817
0 0 0 0 1 14.6392
0 0 0 0 0 14.5096
0 0 0 0 1 14.1836
0 0 0 0 1 13.8453
0 0 0 0 1 13.9266
0 0 0 0 1 14.05
0 0 0 0 1 14.0068
0 0 0 0 1 13.894
0 0 0 0 0 14.0206
0 0 0 0 0 14.0337
0 0 0 0 1 13.8794
0 0 0 0 1 14.0468
0 0 0 0 0 13.881
0 0 0 0 0 13.895
0 0 0 0 1 13.9654
0 0 0 0 1 14.1204
0 0 0 0 1 13.969
0 0 0 0 1 13.9841
0 0 0 0 0 13.957
0 0 0 0 1 14.2151
0 0 0 0 1 14.2735
0 0 0 0 1 14.12
0 0 0 0 1 14.0965
0 0 0 0 1 14.1415
0 0 0 0 1 14.3173
0 0 0 0 0 14.3631
0 0 0 0 1 14.2839
0 0 0 0 1 14.3301
0 0 0 0 1 14.2368
0 0 0 0 1 14.3121
0 0 0 0 0 14.2333
0 0 0 0 1 14.3809
0 0 0 0 1 8.84357
0 0 0 0 1 8.66864
0 0 0 0 0 8.68464
0 0 0 0 1 8.44376
0 0 0 0 1 8.349
0 0 0 0 1 8.20447
0 0 0 0 1 8.14413
0 0 0 0 1 8.16281
0 0 0 0 1 7.98026
0 0 0 0 1 7.94218
0 0 0 0 1 7.81075
0 0 0 0 1 7.64803
0 0 0 0 1 7.67204
0 0 0 0 1 7.52757
0 0 0 0 1 7.41449
0 0 0 0 1 7.39277
0 0 0 0 1 7.33889
0 0 0 0 1 7.27207
0 0 0 0 1 7.24107
0 0 0 0 1 7.13128
0 0 0 0 1 7.07152
0 0 0 0 0 6.97214
0 0 0 0 1 6.84375
0 0 0 0 1 6.84846
0 0 0 0 1 6.69659
0 0 0 0 0 6.67368
0 0 0 0 1 6.69654
0 0 0 0 1 6.53402
0 0 0 0 1 6.45808
0 0 0 0 0 6.43016
0 0 0 0 0 6.34181
0 0 0 0 1 6.39597
0 0 0 0 1 6.22865
0 0 0 0 0 6.21901
0 0 0 0 0 6.14702
0 0 0 0 1 6.09383
0 0 0 0 1 6.11353
0 0 0 0 1 6.04479
0 0 0 0 1 6.02136
0 0 0 0 1 5.90578
0 0 0 0 1 5.83552
0 0 0 0 0 5.85015
0 0 0 0 0 5.77148
0 0 0 0 1 5.69917
0 0 0 0 1 5.64155
0 0 0 0 0 5.65487
0 0 0 0 1 5.65623
0 0 0 0 0 5.52666
0 0 0 0 1 5.50037
0 0 0 0 0 5.43559
0 0 0 0 1 5.48543
0 0 0 0 1 5.36444
0 0 0 0 1 5.37883
0 0 0 0 0 5.28822
0 0 0 0 1 5.33914
0 0 0 0 1 5.21766
0 0 0 0 0 5.22579
0 0 0 0 1 5.22311
0 0 0 0 1 5.18408
0 0 0 0 1 5.09918
0 0 0 0 1 5.05247
0 0 0 0 0 5.0193
0 0 0 0 0 5.0346
0 0 0 0 1 4.96646
0 0 0 0 1 4.89889
0 0 0 0 1 4.93019
0 0 0 0 1 4.89727
0 0 0 0 0 4.8435
0 0 0 0 0 4.77719
0 0 0 0 1 4.76685
0 0 0 0 1 4.87014
0 0 0 0 1 4.89279
0 0 0 0 1 4.84753
0 0 0 0 1 4.86916
0 0 0 0 1 4.90179
0 0 0 0 1 4.92973
0 0 0 0 0 4.91844
0 0 0 0 1 4.92073
0 0 0 0 0 4.99856
0 0 0 0 0 4.93758
0 0 0 0 1 5.00477
0 0 0 0 1 4.99848
0 0 0 0 1 5.01221
0 0 0 0 1 5.01593
0 0 0 0 1 5.11081
0 0 0 0 1 5.07418
0 0 0 0 1 5.08827
0 0 0 0 1 5.13316
0 0 0 0 1 5.12558
0 0 0 0 1 5.12958
0 0 0 0 1 5.14908
0 0 0 0 0 5.24141
0 0 0 0 1 5.25096
0 0 0 0 1 5.26576
0 0 0 0 1 5.29639
0 0 0 0 1 5.29026
0 0 0 0 1 5.31727
0 0 0 0 1 5.28974
0 0 0 0 1 5.39549
0 0 0 0 1 5.30893
0 0 0 0 0 5.36698
0 0 0 0 1 5.3566
0 0 0 0 1 5.44235
0 0 0 0 1 5.40328
0 0 0 0 1 5.51161
0 0 0 0 1 5.52887
0 0 0 0 1 5.47281
0 0 0 0 1 5.60079
0 0 0 0 0 5.56102
0 0 0 0 1 5.57833
0 0 0 0 1 5.57727
0 0 0 0 1 5.66236
0 0 0 0 0 5.65574
0 0 0 0 1 5.71321
0 0 0 0 1 5.7523
0 0 0 0 1 5.76446
0 0 0 0 1 5.82862
0 0 0 0 1 5.85258
0 0 0 0 1 5.83996
0 0 0 0 1 5.80523
0 0 0 0 1 5.88785
0 0 0 0 1 5.98297
0 0 0 0 1 5.91812
0 0 0 0 1 6.02595
0 0 0 0 0 6.06853
0 0 0 0 1 6.05694
0 0 0 0 1 6.05111
0 0 0 0 1 6.13661
0 0 0 0 1 6.1614
0 0 0 0 1 6.12607
0 0 0 0 1 9.48096
0 0 0 0 0 9.51926
0 0 0 0 1 9.48789
0 0 0 0 0 9.43785
0 0 0 0 1 9.4476
0 0 0 0 0 9.34185
0 0 0 0 1 9.29269
0 0 0 0 1 9.23125
0 0 0 0 1 9.33413
0 0 0 0 1 9.30385
0 0 0 0 1 9.18174
0 0 0 0 0 9.08791
0 0 0 0 1 9.15007
0 0 0 0 1 9.10247
0 0 0 0 1 9.06426
0 0 0 0 1 9.01724
0 0 0 0 1 9.07881
0 0 0 0 1 9.03777
0 0 0 0 1 8.92844
0 0 0 0 1 8.95963
0 0 0 0 1 8.84226
0 0 0 0 1 8.86795
0 0 0 0 1 8.84918
0 0 0 0 1 8.81286
0 0 0 0 0 8.82631
0 0 0 0 1 8.84306
0 0 0 0 1 8.67571
0 0 0 0 1 8.83473
0 0 0 0 1 8.77293
0 0 0 0 1 8.75163
0 0 0 0 0 8.74255
0 0 0 0 1 8.71285
0 0 0 0 1 8.57463
0 0 0 0 1 8.51977
0 0 0 0 1 8.49451
0 0 0 0 0 8.50869
0 0 0 0 0 8.5776
0 0 0 0 0 8.54905
0 0 0 0 0 8.41873
0 0 0 0 1 8.55181
0 0 0 0 1 8.48138
0 0 0 0 1 8.44508
0 0 0 0 1 8.4547
0 0 0 0 1 8.34324
0 0 0 0 0 8.30771
0 0 0 0 1 8.36432
0 0 0 0 1 8.34571
0 0 0 0 0 8.33928
0 0 0 0 1 8.31268
0 0 0 0 1 8.31109
0 0 0 0 0 8.32236
0 0 0 0 0 8.28791
0 0 0 0 1 8.14671
0 0 0 0 1 8.23612
0 0 0 0 0 8.15316
0 0 0 0 1 8.09516
0 0 0 0 0 8.14356
0 0 0 0 1 8.11043
0 0 0 0 1 8.16692
0 0 0 0 1 8.10162
0 0 0 0 1 8.0124
0 0 0 0 0 8.06096
0 0 0 0 1 8.06911
0 0 0 0 1 7.98472
0 0 0 0 1 8.02531
0 0 0 0 1 8.09792
0 0 0 0 0 8.01832
0 0 0 0 0 7.9551
0 0 0 0 0 8.03155
0 0 0 0 0 7.98464
0 0 0 0 1 7.93803
0 0 0 0 0 7.94722
0 0 0 0 1 7.93276
0 0 0 0 1 7.88249
0 0 0 0 0 7.88419
0 0 0 0 1 7.94904
0 0 0 0 1 7.915
0 0 0 0 1 7.8104
0 0 0 0 1 7.89111
0 0 0 0 1 7.83855
0 0 0 0 1 7.84104
0 0 0 0 1 7.79223
0 0 0 0 0 7.78724
0 0 0 0 1 7.77461
0 0 0 0 1 7.74195
0 0 0 0 1 7.69089
0 0 0 0 1 7.72837
