0 0 0 0 0 5.56953
0 0 0 0 1 5.512
0 0 0 0 1 5.549
0 0 0 0 0 5.61095
0 0 0 0 1 5.62051
0 0 0 0 1 5.62463
0 0 0 0 0 5.53838
0 0 0 0 1 5.62097
0 0 0 0 1 5.65568
0 0 0 0 1 5.67145
0 0 0 0 1 5.58039
0 0 0 0 1 5.67528
0 0 0 0 1 5.62016
0 0 0 0 1 5.61938
0 0 0 0 1 5.6357
0 0 0 0 1 5.73371
0 0 0 0 0 5.70496
0 0 0 0 1 5.75028
0 0 0 0 1 5.65312
0 0 0 0 1 5.66828
0 0 0 0 1 5.70822
0 0 0 0 1 5.74842
0 0 0 0 1 5.79461
0 0 0 0 1 5.76619
0 0 0 0 1 5.71069
0 0 0 0 1 5.82086
0 0 0 0 0 5.8389
0 0 0 0 1 5.79904
0 0 0 0 1 5.82889
0 0 0 0 1 5.80065
0 0 0 0 1 5.9009
0 0 0 0 0 5.83929
0 0 0 0 1 5.90644
0 0 0 0 1 5.83729
0 0 0 0 1 5.90327
0 0 0 0 1 5.94602
0 0 0 0 1 5.94764
0 0 0 0 1 5.98488
0 0 0 0 0 5.89169
0 0 0 0 0 5.95885
0 0 0 0 1 5.92495
0 0 0 0 0 6.00457
0 0 0 0 1 6.04392
0 0 0 0 1 5.96812
0 0 0 0 1 5.9883
0 0 0 0 1 6.05085
0 0 0 0 1 6.10655
0 0 0 0 1 6.03031
0 0 0 0 0 6.12403
0 0 0 0 1 6.13898
0 0 0 0 1 6.08072
0 0 0 0 1 6.16924
0 0 0 0 1 6.20809
0 0 0 0 1 6.12605
0 0 0 0 0 6.18458
0 0 0 0 1 6.20012
0 0 0 0 1 6.22818
0 0 0 0 1 6.2119
0 0 0 0 1 6.17781
0 0 0 0 1 6.19987
0 0 0 0 1 6.30273
0 0 0 0 1 6.33159
0 0 0 0 0 6.26596
0 0 0 0 1 6.35816
0 0 0 0 1 6.31132
0 0 0 0 1 6.33973
0 0 0 0 0 6.4266
0 0 0 0 1 6.34035
0 0 0 0 0 6.38282
0 0 0 0 1 6.38611
0 0 0 0 1 6.48067
0 0 0 0 1 6.4584
0 0 0 0 1 6.48223
0 0 0 0 1 6.50618
0 0 0 0 1 6.58909
0 0 0 0 1 6.53413
0 0 0 0 1 6.55777
0 0 0 0 1 6.5492
0 0 0 0 0 6.63928
0 0 0 0 1 6.66349
0 0 0 0 1 6.72123
0 0 0 0 1 6.6326
0 0 0 0 1 6.77837
0 0 0 0 1 6.69553
0 0 0 0 1 6.82839
0 0 0 0 1 6.84684
0 0 0 0 0 6.78364
0 0 0 0 1 6.90452
0 0 0 0 0 6.81353
0 0 0 0 1 6.85267
0 0 0 0 1 6.87131
0 0 0 0 1 6.95986
0 0 0 0 0 6.94414
0 0 0 0 1 6.99109
0 0 0 0 1 7.0173
0 0 0 0 1 7.04363
0 0 0 0 0 7.08381
0 0 0 0 0 7.06788
0 0 0 0 1 7.08738
0 0 0 0 1 7.17844
0 0 0 0 1 7.12657
0 0 0 0 0 7.21831
0 0 0 0 1 7.18003
0 0 0 0 1 7.27982
0 0 0 0 1 7.33616
0 0 0 0 1 7.37124
0 0 0 0 0 7.42822
0 0 0 0 1 7.31641
0 0 0 0 1 7.3659
0 0 0 0 0 7.47532
0 0 0 0 1 7.41386
0 0 0 0 1 7.55421
0 0 0 0 1 7.54468
0 0 0 0 0 7.55006
0 0 0 0 1 7.58626
0 0 0 0 1 7.70635
0 0 0 0 1 7.63516
0 0 0 0 0 7.66355
0 0 0 0 1 7.70753
0 0 0 0 1 7.75953
0 0 0 0 1 7.79665
0 0 0 0 1 7.87276
0 0 0 0 1 7.93312
0 0 0 0 0 8.01021
0 0 0 0 1 7.98352
0 0 0 0 1 7.94876
0 0 0 0 1 8.0022
0 0 0 0 1 8.16128
0 0 0 0 1 8.0686
0 0 0 0 1 8.11451
0 0 0 0 1 8.21762
0 0 0 0 1 8.25532
0 0 0 0 0 8.3686
0 0 0 0 1 8.30652
0 0 0 0 1 8.32752
0 0 0 0 1 8.5345
0 0 0 0 0 8.48826
0 0 0 0 1 8.47537
0 0 0 0 1 8.66901
0 0 0 0 1 8.6304
0 0 0 0 1 8.73796
0 0 0 0 1 8.7247
0 0 0 0 0 8.8508
0 0 0 0 0 8.84685
0 0 0 0 1 8.81414
0 0 0 0 1 8.89686
0 0 0 0 1 8.92606
0 0 0 0 1 9.02761
0 0 0 0 0 9.03064
0 0 0 0 1 9.1514
0 0 0 0 1 9.31928
0 0 0 0 1 9.2566
0 0 0 0 0 9.26848
0 0 0 0 0 9.38104
0 0 0 0 1 9.54291
0 0 0 0 0 9.45754
0 0 0 0 0 9.51411
0 0 0 0 0 9.73614
0 0 0 0 1 9.70659
0 0 0 0 1 9.79329
0 0 0 0 0 9.77209
0 0 0 0 1 9.95957
0 0 0 0 1 10.0462
0 0 0 0 0 10.1346
0 0 0 0 1 10.1612
0 0 0 0 1 10.2195
0 0 0 0 1 10.2145
0 0 0 0 1 10.4052
0 0 0 0 1 10.5161
0 0 0 0 1 10.584
0 0 0 0 0 10.6095
0 0 0 0 1 10.6752
0 0 0 0 0 10.7535
0 0 0 0 1 10.7649
0 0 0 0 1 9.33381
0 0 0 0 0 9.25392
0 0 0 0 1 9.2904
0 0 0 0 1 9.15571
0 0 0 0 0 9.14625
0 0 0 0 1 9.2886
0 0 0 0 1 9.20562
0 0 0 0 1 9.24664
0 0 0 0 1 9.10944
0 0 0 0 1 9.19628
0 0 0 0 0 9.18729
0 0 0 0 1 9.11042
0 0 0 0 1 9.14708
0 0 0 0 1 9.10233
0 0 0 0 0 8.99939
0 0 0 0 0 9.00929
0 0 0 0 1 8.99703
0 0 0 0 1 9.04292
0 0 0 0 0 8.98138
0 0 0 0 1 9.00051
0 0 0 0 0 8.88192
0 0 0 0 1 8.96361
0 0 0 0 1 8.96521
0 0 0 0 1 8.89601
0 0 0 0 1 8.81831
0 0 0 0 0 8.83423
0 0 0 0 1 8.78359
0 0 0 0 1 8.70685
0 0 0 0 1 8.72705
0 0 0 0 0 8.79112
0 0 0 0 1 8.78507
0 0 0 0 1 8.75805
0 0 0 0 1 8.68258
0 0 0 0 1 8.78155
0 0 0 0 1 8.63701
0 0 0 0 0 8.60583
0 0 0 0 0 8.64415
0 0 0 0 1 8.65654
0 0 0 0 0 8.67764
0 0 0 0 0 8.69018
0 0 0 0 0 8.52203
0 0 0 0 1 8.52642
0 0 0 0 1 8.52235
0 0 0 0 0 8.50127
0 0 0 0 1 8.61731
0 0 0 0 1 8.60497
0 0 0 0 1 8.519
0 0 0 0 0 8.51559
0 0 0 0 0 8.51552
0 0 0 0 1 8.76954
0 0 0 0 1 8.76272
0 0 0 0 1 9.01255
0 0 0 0 0 9.12056
0 0 0 0 1 9.17288
0 0 0 0 1 9.41013
0 0 0 0 1 9.59347
0 0 0 0 1 9.75849
0 0 0 0 1 9.93394
0 0 0 0 1 10.0198
0 0 0 0 1 10.286
0 0 0 0 0 10.4623
0 0 0 0 1 10.5317
0 0 0 0 1 10.7482
0 0 0 0 1 10.9637
0 0 0 0 1 11.1797
0 0 0 0 1 11.4744
0 0 0 0 1 11.4809
0 0 0 0 1 11.7605
0 0 0 0 1 11.9819
0 0 0 0 1 12.4071
0 0 0 0 0 12.4725
0 0 0 0 1 12.7576
0 0 0 0 1 22.5009
0 0 0 0 0 22.5958
0 0 0 0 1 22.621
0 0 0 0 1 22.7844
0 0 0 0 1 22.5855
0 0 0 0 1 22.4553
0 0 0 0 1 22.6875
0 0 0 0 1 22.5356
0 0 0 0 0 22.4068
0 0 0 0 1 22.4367
0 0 0 0 1 22.5797
0 0 0 0 1 22.3848
0 0 0 0 1 22.4623
0 0 0 0 1 22.291
0 0 0 0 1 22.6379
0 0 0 0 1 22.2651
0 0 0 0 0 22.4102
0 0 0 0 0 22.3533
0 0 0 0 1 23.2924
0 0 0 0 0 24.1962
0 0 0 0 1 25.1934
0 0 0 0 1 26.0288
0 0 0 0 0 36.1627
0 0 0 0 1 36.5118
0 0 0 0 1 36.1336
0 0 0 0 1 36.7021
0 0 0 0 0 36.2834
0 0 0 0 1 38.2566
0 0 0 0 1 52.4312
0 0 0 0 1 52.2073
0 0 0 0 1 52.0893
0 0 0 0 1 52.1278
0 0 0 0 1 52.1152
0 0 0 0 1 56.216
0 0 0 0 1 65.397
0 0 0 0 1 70.2212
0 0 0 0 1 82.1372
0 0 0 0 0 5.05008
0 0 0 0 0 5.03004
0 0 0 0 0 5.0601
0 0 0 0 0 5.01501
0 0 0 0 0 5.03004
0 0 0 0 0 5.02503
0 0 0 0 0 5.0601
0 0 0 0 0 4.96992
0 0 0 0 0 4.9599
0 0 0 0 0 4.99497
0 0 0 0 0 4.99497
0 0 0 0 0 5.02002
0 0 0 0 1 87.2405
0 0 0 0 0 87.8627
0 0 0 0 0 74.3935
0 0 0 0 1 63.6474
0 0 0 0 1 60.8291
0 0 0 0 1 60.0533
0 0 0 0 0 60.9733
0 0 0 0 1 51.4676
0 0 0 0 1 47.7952
0 0 0 0 1 47.5195
0 0 0 0 1 39.5884
0 0 0 0 1 37.1144
0 0 0 0 1 35.5608
0 0 0 0 1 35.573
0 0 0 0 1 35.5137
0 0 0 0 0 35.7414
0 0 0 0 1 27.9656
0 0 0 0 1 26.9643
0 0 0 0 1 25.434
0 0 0 0 1 24.713
0 0 0 0 1 24.5278
0 0 0 0 1 24.7863
0 0 0 0 1 24.7732
0 0 0 0 0 24.6385
0 0 0 0 1 24.5534
0 0 0 0 1 24.518
0 0 0 0 1 24.8043
0 0 0 0 1 24.5475
0 0 0 0 1 24.883
0 0 0 0 1 18.3637
0 0 0 0 1 17.6681
0 0 0 0 1 17.2433
0 0 0 0 1 16.8783
0 0 0 0 1 16.1632
0 0 0 0 1 15.7525
0 0 0 0 1 15.3461
0 0 0 0 1 15.091
0 0 0 0 1 14.713
0 0 0 0 1 14.524
0 0 0 0 1 14.1413
0 0 0 0 1 13.9425
0 0 0 0 1 13.8154
0 0 0 0 0 13.7857
0 0 0 0 1 13.9929
0 0 0 0 1 13.7965
0 0 0 0 0 14.0206
0 0 0 0 1 13.8801
0 0 0 0 1 14.0751
0 0 0 0 1 14.0608
0 0 0 0 1 13.951
0 0 0 0 1 14.0492
0 0 0 0 0 13.8952
0 0 0 0 1 13.9518
0 0 0 0 1 14.1378
0 0 0 0 1 14.0545
0 0 0 0 1 13.9711
0 0 0 0 0 14.1727
0 0 0 0 0 14.0756
0 0 0 0 1 14.1058
0 0 0 0 1 14.2807
0 0 0 0 1 14.0422
0 0 0 0 1 14.3031
0 0 0 0 1 14.292
0 0 0 0 0 14.3835
0 0 0 0 0 14.216
0 0 0 0 1 14.2368
0 0 0 0 1 14.2263
0 0 0 0 0 14.4052
0 0 0 0 0 14.4526
0 0 0 0 1 8.75531
0 0 0 0 1 8.72092
0 0 0 0 1 8.52987
0 0 0 0 1 8.40978
0 0 0 0 1 8.42452
0 0 0 0 1 8.2459
0 0 0 0 1 8.1769
0 0 0 0 1 8.06573
0 0 0 0 1 7.98826
0 0 0 0 1 7.96589
0 0 0 0 1 7.77166
0 0 0 0 1 7.78709
0 0 0 0 1 7.58798
0 0 0 0 1 7.58804
0 0 0 0 1 7.46681
0 0 0 0 1 7.34097
0 0 0 0 1 7.36084
0 0 0 0 1 7.25758
0 0 0 0 1 7.1407
0 0 0 0 1 7.11709
0 0 0 0 1 6.98725
0 0 0 0 1 7.01389
0 0 0 0 0 6.87818
0 0 0 0 1 6.82799
0 0 0 0 1 6.78443
0 0 0 0 1 6.74731
0 0 0 0 1 6.5772
0 0 0 0 1 6.61939
0 0 0 0 1 6.4906
0 0 0 0 1 6.39146
0 0 0 0 1 6.35458
0 0 0 0 1 6.32631
0 0 0 0 1 6.22238
0 0 0 0 0 6.19411
0 0 0 0 1 6.22108
0 0 0 0 1 6.08159
0 0 0 0 1 6.1196
0 0 0 0 1 6.01469
0 0 0 0 1 5.90798
0 0 0 0 1 5.89985
0 0 0 0 1 5.83552
0 0 0 0 1 5.79771
0 0 0 0 1 5.74835
0 0 0 0 1 5.69343
0 0 0 0 1 5.6643
0 0 0 0 1 5.6718
0 0 0 0 1 5.60582
0 0 0 0 1 5.60458
0 0 0 0 1 5.54455
0 0 0 0 1 5.43011
0 0 0 0 1 5.49087
0 0 0 0 1 5.38605
0 0 0 0 0 5.4164
0 0 0 0 0 5.30419
0 0 0 0 1 5.3021
0 0 0 0 0 5.28065
0 0 0 0 1 5.23622
0 0 0 0 1 5.18684
0 0 0 0 1 5.11201
0 0 0 0 1 5.09918
0 0 0 0 1 5.09812
0 0 0 0 1 5.03441
0 0 0 0 1 4.99448
0 0 0 0 1 5.02624
0 0 0 0 1 4.95827
0 0 0 0 1 4.90561
0 0 0 0 1 4.90704
0 0 0 0 1 4.9018
0 0 0 0 0 4.79166
0 0 0 0 1 4.77648
0 0 0 0 1 4.86048
0 0 0 0 1 4.85404
0 0 0 0 1 4.83295
0 0 0 0 1 4.84479
0 0 0 0 1 4.84308
0 0 0 0 1 4.95428
0 0 0 0 1 4.93815
0 0 0 0 1 4.98496
0 0 0 0 1 4.92418
0 0 0 0 1 4.98238
0 0 0 0 1 4.94988
0 0 0 0 1 5.0135
0 0 0 0 1 4.98205
0 0 0 0 1 5.0563
0 0 0 0 1 5.03483
0 0 0 0 1 5.08943
0 0 0 0 1 5.09337
0 0 0 0 0 5.10242
0 0 0 0 1 5.08963
0 0 0 0 1 5.17082
0 0 0 0 1 5.13873
0 0 0 0 1 5.14271
0 0 0 0 1 5.22489
0 0 0 0 1 5.18725
0 0 0 0 1 5.30164
0 0 0 0 1 5.28499
0 0 0 0 1 5.28546
0 0 0 0 1 5.34296
0 0 0 0 1 5.3581
0 0 0 0 0 5.40546
0 0 0 0 0 5.42081
0 0 0 0 1 5.36201
0 0 0 0 0 5.39346
0 0 0 0 1 5.41418
0 0 0 0 1 5.44046
0 0 0 0 0 5.47936
0 0 0 0 1 5.51699
0 0 0 0 1 5.60079
0 0 0 0 1 5.52201
0 0 0 0 0 5.63994
0 0 0 0 1 5.66161
0 0 0 0 1 5.62281
0 0 0 0 1 5.65574
0 0 0 0 1 5.6847
0 0 0 0 1 5.74657
0 0 0 0 1 5.77021
0 0 0 0 1 5.79393
0 0 0 0 1 5.82352
0 0 0 0 1 5.89246
0 0 0 0 0 5.84042
0 0 0 0 1 5.85838
0 0 0 0 1 5.89411
0 0 0 0 1 5.90621
0 0 0 0 0 5.92422
0 0 0 0 1 5.95426
0 0 0 0 1 6.00858
0 0 0 0 1 6.09364
0 0 0 0 1 6.08776
0 0 0 0 1 6.11845
0 0 0 0 1 6.18165
0 0 0 0 1 9.45241
0 0 0 0 0 9.40548
0 0 0 0 1 9.42174
0 0 0 0 0 9.49436
0 0 0 0 1 9.31625
0 0 0 0 1 9.43536
0 0 0 0 0 9.40453
0 0 0 0 1 9.22196
0 0 0 0 1 9.24153
0 0 0 0 0 9.28539
0 0 0 0 1 9.25534
0 0 0 0 1 9.11542
0 0 0 0 1 9.10436
0 0 0 0 0 9.13892
0 0 0 0 1 9.13692
0 0 0 0 1 9.11683
0 0 0 0 1 9.09686
0 0 0 0 1 8.98376
0 0 0 0 0 8.92844
0 0 0 0 1 8.96858
0 0 0 0 1 8.93148
0 0 0 0 1 8.82348
0 0 0 0 1 8.82258
0 0 0 0 1 8.81286
0 0 0 0 1 8.89685
0 0 0 0 1 8.84306
0 0 0 0 1 8.71076
0 0 0 0 1 8.80849
0 0 0 0 0 8.71189
0 0 0 0 0 8.70814
0 0 0 0 0 8.74255
0 0 0 0 0 8.56577
0 0 0 0 1 8.67815
0 0 0 0 1 8.67467
0 0 0 0 1 8.60605
0 0 0 0 1 8.48301
0 0 0 0 1 8.58614
0 0 0 0 1 8.47241
0 0 0 0 0 8.4697
0 0 0 0 1 8.44163
0 0 0 0 1 8.48138
0 0 0 0 0 8.37759
0 0 0 0 1 8.44629
0 0 0 0 1 8.32645
0 0 0 0 1 8.36633
0 0 0 0 1 8.33925
0 0 0 0 0 8.37905
0 0 0 0 1 8.25614
0 0 0 0 0 8.2546
0 0 0 0 1 8.30282
0 0 0 0 1 8.25624
0 0 0 0 1 8.23018
0 0 0 0 1 8.23723
0 0 0 0 0 8.2936
0 0 0 0 0 8.21871
0 0 0 0 1 8.12786
0 0 0 0 1 8.12724
0 0 0 0 1 8.21629
0 0 0 0 1 8.20755
0 0 0 0 1 8.0854
0 0 0 0 0 8.06096
0 0 0 0 1 8.10942
0 0 0 0 0 8.09329
0 0 0 0 0 8.04106
0 0 0 0 0 8.11368
0 0 0 0 1 7.99369
0 0 0 0 1 8.01832
0 0 0 0 1 8.00303
0 0 0 0 1 7.90394
0 0 0 0 1 7.92096
0 0 0 0 0 8.0016
0 0 0 0 0 7.87584
0 0 0 0 0 7.93276
0 0 0 0 1 7.92203
0 0 0 0 1 7.82106
0 0 0 0 0 7.8545
0 0 0 0 1 7.92286
0 0 0 0 1 7.88897
0 0 0 0 1 7.85973
0 0 0 0 1 7.90903
0 0 0 0 1 7.76286
0 0 0 0 1 7.75319
0 0 0 0 1 7.86519
0 0 0 0 1 7.74348
0 0 0 0 1 7.74195
0 0 0 0 1 7.73745
0 0 0 0 1 7.80589
