0 0 0 0 1 5.56953
0 0 0 0 1 5.61201
0 0 0 0 0 5.59909
0 0 0 0 0 5.57752
0 0 0 0 1 5.63168
0 0 0 0 1 5.63022
0 0 0 0 1 5.56076
0 0 0 0 1 5.58174
0 0 0 0 1 5.6669
0 0 0 0 1 5.61524
0 0 0 0 0 5.62544
0 0 0 0 1 5.64707
0 0 0 0 1 5.62016
0 0 0 0 1 5.61938
0 0 0 0 0 5.62436
0 0 0 0 1 5.64856
0 0 0 0 1 5.64808
0 0 0 0 1 5.71609
0 0 0 0 1 5.72735
0 0 0 0 0 5.71971
0 0 0 0 0 5.74258
0 0 0 0 1 5.76563
0 0 0 0 1 5.78886
0 0 0 0 1 5.77195
0 0 0 0 1 5.75683
0 0 0 0 0 5.8382
0 0 0 0 1 5.80993
0 0 0 0 1 5.81645
0 0 0 0 1 5.7649
0 0 0 0 1 5.82397
0 0 0 0 0 5.83079
0 0 0 0 1 5.8861
0 0 0 0 1 5.89472
0 0 0 0 1 5.84317
0 0 0 0 1 5.90916
0 0 0 0 1 5.91653
0 0 0 0 1 5.96537
0 0 0 0 1 5.97895
0 0 0 0 1 5.9689
0 0 0 0 1 5.89932
0 0 0 0 0 5.98462
0 0 0 0 1 5.97467
0 0 0 0 1 5.93011
0 0 0 0 0 5.9441
0 0 0 0 1 6.0545
0 0 0 0 1 6.06292
0 0 0 0 1 6.02787
0 0 0 0 1 6.01211
0 0 0 0 1 6.06929
0 0 0 0 1 6.13289
0 0 0 0 1 6.12961
0 0 0 0 0 6.15698
0 0 0 0 1 6.09131
0 0 0 0 1 6.13836
0 0 0 0 1 6.20927
0 0 0 0 1 6.21868
0 0 0 0 1 6.24679
0 0 0 0 1 6.28037
0 0 0 0 0 6.23397
0 0 0 0 1 6.22489
0 0 0 0 0 6.22112
0 0 0 0 1 6.24347
0 0 0 0 1 6.36061
0 0 0 0 1 6.35816
0 0 0 0 1 6.33669
0 0 0 0 1 6.37156
0 0 0 0 1 6.40107
0 0 0 0 1 6.4236
0 0 0 0 1 6.39566
0 0 0 0 1 6.38611
0 0 0 0 1 6.51944
0 0 0 0 1 6.43246
0 0 0 0 1 6.53424
0 0 0 0 1 6.49966
0 0 0 0 0 6.49758
0 0 0 0 0 6.52757
0 0 0 0 0 6.61045
0 0 0 0 1 6.64823
0 0 0 0 1 6.59952
0 0 0 0 1 6.58369
0 0 0 0 1 6.62778
0 0 0 0 0 6.67276
0 0 0 0 1 6.68441
0 0 0 0 1 6.6888
0 0 0 0 1 6.72022
0 0 0 0 1 6.73826
0 0 0 0 0 6.84494
0 0 0 0 1 6.79514
0 0 0 0 0 6.88214
0 0 0 0 0 6.84578
0 0 0 0 1 6.98191
0 0 0 0 1 6.97373
0 0 0 0 1 6.92326
0 0 0 0 0 7.01204
0 0 0 0 1 6.9542
0 0 0 0 1 6.97327
0 0 0 0 1 7.02725
0 0 0 0 1 7.12465
0 0 0 0 1 7.07313
0 0 0 0 1 7.21419
0 0 0 0 1 7.1194
0 0 0 0 1 7.16788
0 0 0 0 0 7.18003
0 0 0 0 1 7.28709
0 0 0 0 1 7.33616
0 0 0 0 1 7.37857
0 0 0 0 1 7.30307
0 0 0 0 1 7.44192
0 0 0 0 0 7.44749
0 0 0 0 0 7.4306
0 0 0 0 1 7.50363
0 0 0 0 1 7.59179
0 0 0 0 1 7.54468
0 0 0 0 1 7.54247
0 0 0 0 1 7.66243
0 0 0 0 1 7.68339
0 0 0 0 1 7.62747
0 0 0 0 1 7.75625
0 0 0 0 0 7.72305
0 0 0 0 1 7.85312
0 0 0 0 1 7.87493
0 0 0 0 0 7.93567
0 0 0 0 1 7.96476
0 0 0 0 1 7.92279
0 0 0 0 1 8.00749
0 0 0 0 1 7.98891
0 0 0 0 1 8.11513
0 0 0 0 1 8.03971
0 0 0 0 0 8.0686
0 0 0 0 1 8.17182
0 0 0 0 0 8.26702
0 0 0 0 1 8.25532
0 0 0 0 1 8.26045
0 0 0 0 1 8.35671
0 0 0 0 1 8.42846
0 0 0 0 1 8.46683
0 0 0 0 1 8.52229
0 0 0 0 1 8.46682
0 0 0 0 1 8.61746
0 0 0 0 1 8.69087
0 0 0 0 1 8.68579
0 0 0 0 1 8.78589
0 0 0 0 1 8.8508
0 0 0 0 1 8.78499
0 0 0 0 1 8.98313
0 0 0 0 1 9.01321
0 0 0 0 1 9.07918
0 0 0 0 1 9.02761
0 0 0 0 1 9.05798
0 0 0 0 0 9.2431
0 0 0 0 0 9.25469
0 0 0 0 0 9.30302
0 0 0 0 1 9.29648
0 0 0 0 1 9.46564
0 0 0 0 1 9.44833
0 0 0 0 0 9.49563
0 0 0 0 1 9.61961
0 0 0 0 1 9.56246
0 0 0 0 1 9.81347
0 0 0 0 1 9.82264
0 0 0 0 0 9.90015
0 0 0 0 1 9.83074
0 0 0 0 0 9.93631
0 0 0 0 1 10.024
0 0 0 0 1 10.0599
0 0 0 0 1 10.2399
0 0 0 0 1 10.3379
0 0 0 0 0 10.4363
0 0 0 0 1 10.4119
0 0 0 0 1 10.5735
0 0 0 0 0 10.6836
0 0 0 0 1 10.7072
0 0 0 0 1 10.7857
0 0 0 0 1 10.9057
0 0 0 0 1 9.33381
0 0 0 0 0 9.19823
0 0 0 0 1 9.33671
0 0 0 0 1 9.15571
0 0 0 0 0 9.27533
0 0 0 0 1 9.21502
0 0 0 0 0 9.0863
0 0 0 0 0 9.16425
0 0 0 0 0 9.1734
0 0 0 0 1 9.15071
0 0 0 0 1 9.1782
0 0 0 0 1 9.0832
0 0 0 0 1 9.07463
0 0 0 0 0 9.07521
0 0 0 0 0 8.94529
0 0 0 0 1 9.03629
0 0 0 0 1 8.95213
0 0 0 0 1 8.90849
0 0 0 0 0 8.89192
0 0 0 0 1 8.93801
0 0 0 0 1 8.95319
0 0 0 0 1 8.87468
0 0 0 0 1 8.93858
0 0 0 0 1 8.91373
0 0 0 0 1 8.80062
0 0 0 0 0 8.90483
0 0 0 0 1 8.84526
0 0 0 0 1 8.87395
0 0 0 0 1 8.77095
0 0 0 0 0 8.82618
0 0 0 0 1 8.81132
0 0 0 0 1 8.75805
0 0 0 0 0 8.76976
0 0 0 0 1 8.61619
0 0 0 0 1 8.66308
0 0 0 0 1 8.60583
0 0 0 0 0 8.74809
0 0 0 0 1 8.67383
0 0 0 0 1 8.60856
0 0 0 0 1 8.58672
0 0 0 0 1 8.58229
0 0 0 0 1 8.53502
0 0 0 0 1 8.59101
0 0 0 0 1 8.51841
0 0 0 0 1 8.4975
0 0 0 0 1 8.58788
0 0 0 0 1 8.54461
0 0 0 0 1 8.60935
0 0 0 0 0 8.62701
0 0 0 0 1 8.78694
0 0 0 0 1 8.84214
0 0 0 0 1 9.03943
0 0 0 0 1 9.10237
0 0 0 0 1 9.14517
0 0 0 0 1 9.30693
0 0 0 0 0 9.56486
0 0 0 0 1 9.70041
0 0 0 0 0 9.82564
0 0 0 0 1 10.0298
0 0 0 0 1 10.1434
0 0 0 0 1 10.4001
0 0 0 0 1 10.6478
0 0 0 0 1 10.759
0 0 0 0 0 11.0512
0 0 0 0 1 11.1128
0 0 0 0 0 11.3039
0 0 0 0 1 11.6083
0 0 0 0 1 11.8905
0 0 0 0 1 11.9698
0 0 0 0 1 12.284
0 0 0 0 0 12.6485
0 0 0 0 1 12.9375
0 0 0 0 1 22.5691
0 0 0 0 1 22.5731
0 0 0 0 0 22.4622
0 0 0 0 1 22.535
0 0 0 0 1 22.6762
0 0 0 0 1 22.5685
0 0 0 0 1 22.6423
0 0 0 0 0 22.513
0 0 0 0 1 22.3843
0 0 0 0 1 22.527
0 0 0 0 1 22.7602
0 0 0 0 1 22.5201
0 0 0 0 1 22.7101
0 0 0 0 1 22.4936
0 0 0 0 1 22.3004
0 0 0 0 0 22.3776
0 0 0 0 0 22.3652
0 0 0 0 1 22.6454
0 0 0 0 0 23.1764
0 0 0 0 1 24.2685
0 0 0 0 1 25.2185
0 0 0 0 1 26.3171
0 0 0 0 1 36.0899
0 0 0 0 1 36.4754
0 0 0 0 1 36.7158
0 0 0 0 0 36.4475
0 0 0 0 1 36.1014
0 0 0 0 1 38.9116
0 0 0 0 1 51.7022
0 0 0 0 1 52.1553
0 0 0 0 1 51.9332
0 0 0 0 1 52.4399
0 0 0 0 0 52.1672
0 0 0 0 1 56.2724
0 0 0 0 1 65.9207
0 0 0 0 1 69.5246
0 0 0 0 0 82.6281
0 0 0 0 0 4.98996
0 0 0 0 0 4.97994
0 0 0 0 0 5.01501
0 0 0 0 0 4.96491
0 0 0 0 0 5.03004
0 0 0 0 0 4.97994
0 0 0 0 0 4.9599
0 0 0 0 0 5.03004
0 0 0 0 0 4.96992
0 0 0 0 0 5.00499
0 0 0 0 0 5.0601
0 0 0 0 0 5.05509
0 0 0 0 1 86.7149
0 0 0 0 1 86.9867
0 0 0 0 1 74.3935
0 0 0 0 1 63.6474
0 0 0 0 0 60.4659
0 0 0 0 1 60.7192
0 0 0 0 1 60.3073
0 0 0 0 1 51.8286
0 0 0 0 1 48.371
0 0 0 0 0 48.1435
0 0 0 0 0 39.2349
0 0 0 0 0 37.0039
0 0 0 0 0 35.4895
0 0 0 0 1 35.6087
0 0 0 0 1 35.7278
0 0 0 0 1 35.8485
0 0 0 0 0 27.9094
0 0 0 0 1 26.8839
0 0 0 0 1 25.4853
0 0 0 0 1 24.5653
0 0 0 0 0 24.5524
0 0 0 0 1 24.4906
0 0 0 0 1 24.8965
0 0 0 0 1 24.5398
0 0 0 0 1 24.504
0 0 0 0 1 24.4933
0 0 0 0 1 24.8784
0 0 0 0 1 24.8688
0 0 0 0 1 24.6852
0 0 0 0 0 18.2545
0 0 0 0 1 17.7388
0 0 0 0 0 17.0542
0 0 0 0 1 16.8783
0 0 0 0 1 16.1469
0 0 0 0 1 15.8477
0 0 0 0 1 15.5629
0 0 0 0 1 15.0002
0 0 0 0 0 14.8901
0 0 0 0 1 14.4952
0 0 0 0 0 14.1977
0 0 0 0 1 13.8731
0 0 0 0 1 13.9683
0 0 0 0 1 14.0361
0 0 0 0 1 13.9093
0 0 0 0 1 14.0055
0 0 0 0 1 14.0485
0 0 0 0 0 13.8801
0 0 0 0 0 13.8794
0 0 0 0 1 13.9629
0 0 0 0 1 13.923
0 0 0 0 1 13.9931
0 0 0 0 1 14.0075
0 0 0 0 0 14.0923
0 0 0 0 1 14.1238
0 0 0 0 0 14.1108
0 0 0 0 0 14.1403
0 0 0 0 1 14.0457
0 0 0 0 1 14.2311
0 0 0 0 1 14.0068
0 0 0 0 1 14.2099
0 0 0 0 0 14.0847
0 0 0 0 1 14.1327
0 0 0 0 1 14.1355
0 0 0 0 1 14.3266
0 0 0 0 1 14.3586
0 0 0 0 1 14.4224
0 0 0 0 1 14.3121
0 0 0 0 1 14.3908
0 0 0 0 1 14.2662
0 0 0 0 1 8.8171
0 0 0 0 0 8.69478
0 0 0 0 1 8.58146
0 0 0 0 0 8.51172
0 0 0 0 0 8.41613
0 0 0 0 0 8.32878
0 0 0 0 0 8.1769
0 0 0 0 1 8.12236
0 0 0 0 0 8.05223
0 0 0 0 0 7.97379
0 0 0 0 1 7.84202
0 0 0 0 1 7.73301
0 0 0 0 1 7.5727
0 0 0 0 0 7.59559
0 0 0 0 1 7.51165
0 0 0 0 1 7.42237
0 0 0 0 1 7.2584
0 0 0 0 1 7.30104
0 0 0 0 1 7.11919
0 0 0 0 1 7.08871
0 0 0 0 1 7.09259
0 0 0 0 1 6.96518
0 0 0 0 0 6.94014
0 0 0 0 0 6.8621
0 0 0 0 0 6.77092
0 0 0 0 1 6.68037
0 0 0 0 1 6.6435
0 0 0 0 0 6.59312
0 0 0 0 1 6.56214
0 0 0 0 1 6.44305
0 0 0 0 1 6.42484
0 0 0 0 1 6.35798
0 0 0 0 1 6.2161
0 0 0 0 1 6.19411
0 0 0 0 0 6.18405
0 0 0 0 1 6.09995
0 0 0 0 1 6.08927
0 0 0 0 0 6.00866
0 0 0 0 1 5.93185
0 0 0 0 1 5.89985
0 0 0 0 1 5.88835
0 0 0 0 0 5.85015
0 0 0 0 1 5.75413
0 0 0 0 1 5.69343
0 0 0 0 1 5.70411
0 0 0 0 0 5.61536
0 0 0 0 0 5.63942
0 0 0 0 1 5.53222
0 0 0 0 1 5.5059
0 0 0 0 1 5.50682
0 0 0 0 0 5.44194
0 0 0 0 1 5.42387
0 0 0 0 1 5.38956
0 0 0 0 1 5.28289
0 0 0 0 0 5.27564
0 0 0 0 1 5.23865
0 0 0 0 1 5.18407
0 0 0 0 0 5.14021
0 0 0 0 0 5.13775
0 0 0 0 1 5.08384
0 0 0 0 0 5.02711
0 0 0 0 1 5.08985
0 0 0 0 0 4.96941
0 0 0 0 0 5.02624
0 0 0 0 1 4.97312
0 0 0 0 1 4.9646
0 0 0 0 1 4.85333
0 0 0 0 0 4.90666
0 0 0 0 1 4.82062
0 0 0 0 1 4.80537
0 0 0 0 1 4.82187
0 0 0 0 1 4.86857
0 0 0 0 0 4.82322
0 0 0 0 1 4.86429
0 0 0 0 1 4.85287
0 0 0 0 1 4.92482
0 0 0 0 1 4.88394
0 0 0 0 1 4.93556
0 0 0 0 1 4.92418
0 0 0 0 1 4.9326
0 0 0 0 1 4.97483
0 0 0 0 1 4.97343
0 0 0 0 1 5.06751
0 0 0 0 1 5.00079
0 0 0 0 1 5.10068
0 0 0 0 1 5.04876
0 0 0 0 1 5.05254
0 0 0 0 1 5.10242
0 0 0 0 1 5.0999
0 0 0 0 1 5.1038
0 0 0 0 1 5.15426
0 0 0 0 0 5.18427
0 0 0 0 0 5.26139
0 0 0 0 0 5.23959
0 0 0 0 1 5.30689
0 0 0 0 0 5.23224
0 0 0 0 1 5.34908
0 0 0 0 1 5.30039
0 0 0 0 0 5.29933
0 0 0 0 1 5.30893
0 0 0 0 1 5.3939
0 0 0 0 1 5.37824
0 0 0 0 0 5.38803
0 0 0 0 1 5.42509
0 0 0 0 1 5.44046
0 0 0 0 1 5.53437
0 0 0 0 0 5.53908
0 0 0 0 1 5.50087
0 0 0 0 1 5.58331
0 0 0 0 0 5.54472
0 0 0 0 1 5.63912
0 0 0 0 1 5.63411
0 0 0 0 1 5.72949
0 0 0 0 0 5.75312
0 0 0 0 1 5.66644
0 0 0 0 1 5.70693
0 0 0 0 1 5.75923
0 0 0 0 1 5.79446
0 0 0 0 1 5.86329
0 0 0 0 1 5.8756
0 0 0 0 1 5.9291
0 0 0 0 1 5.93558
0 0 0 0 1 5.94789
0 0 0 0 1 6.00201
0 0 0 0 0 5.96628
0 0 0 0 1 6.09321
0 0 0 0 1 6.01466
0 0 0 0 1 6.09387
0 0 0 0 1 6.14299
0 0 0 0 1 6.15077
0 0 0 0 1 9.52856
0 0 0 0 1 9.45289
0 0 0 0 1 9.52569
0 0 0 0 0 9.4661
0 0 0 0 0 9.33501
0 0 0 0 1 9.30445
0 0 0 0 1 9.35793
0 0 0 0 0 9.27773
0 0 0 0 1 9.28783
0 0 0 0 1 9.21155
0 0 0 0 1 9.17254
0 0 0 0 1 9.09708
0 0 0 0 1 9.12264
0 0 0 0 1 9.02047
0 0 0 0 0 9.02793
0 0 0 0 1 9.00819
0 0 0 0 1 9.09686
0 0 0 0 1 9.07378
0 0 0 0 0 9.05406
0 0 0 0 1 8.90592
0 0 0 0 1 8.93148
0 0 0 0 1 8.88574
0 0 0 0 1 8.94671
0 0 0 0 1 8.78634
0 0 0 0 1 8.85276
0 0 0 0 0 8.72879
0 0 0 0 1 8.83345
0 0 0 0 0 8.65978
0 0 0 0 0 8.74677
0 0 0 0 0 8.78643
0 0 0 0 1 8.65581
0 0 0 0 1 8.64364
0 0 0 0 1 8.61776
0 0 0 0 1 8.61443
0 0 0 0 1 8.53741
0 0 0 0 1 8.61997
0 0 0 0 0 8.51786
0 0 0 0 1 8.48093
0 0 0 0 1 8.45271
0 0 0 0 0 8.48401
0 0 0 0 1 8.4391
0 0 0 0 1 8.47039
0 0 0 0 1 8.44629
0 0 0 0 1 8.36842
0 0 0 0 1 8.34958
0 0 0 0 1 8.43952
0 0 0 0 1 8.29568
0 0 0 0 1 8.33928
0 0 0 0 1 8.35416
0 0 0 0 1 8.35248
0 0 0 0 0 8.29757
0 0 0 0 1 8.22194
0 0 0 0 1 8.17963
0 0 0 0 1 8.18685
0 0 0 0 0 8.13677
0 0 0 0 1 8.21781
0 0 0 0 1 8.18436
0 0 0 0 1 8.15115
0 0 0 0 1 8.0694
0 0 0 0 1 8.05296
0 0 0 0 1 8.17427
0 0 0 0 1 8.14173
0 0 0 0 1 8.05299
0 0 0 0 1 8.00082
0 0 0 0 1 7.95301
0 0 0 0 1 7.94558
0 0 0 0 1 7.97831
0 0 0 0 1 7.91517
0 0 0 0 1 7.94382
0 0 0 0 0 7.94484
0 0 0 0 1 7.91419
0 0 0 0 1 7.94722
0 0 0 0 1 7.90901
0 0 0 0 0 7.93784
0 0 0 0 0 7.86052
0 0 0 0 0 7.90965
0 0 0 0 1 7.90713
0 0 0 0 1 7.77897
0 0 0 0 1 7.88326
0 0 0 0 0 7.83855
0 0 0 0 1 7.80195
0 0 0 0 1 7.8625
0 0 0 0 1 7.71708
0 0 0 0 1 7.84466
0 0 0 0 0 7.73418
0 0 0 0 0 7.79954
0 0 0 0 1 7.68961
