0 0 0 0 1 5.51406
0 0 0 0 1 5.58979
0 0 0 0 1 5.57126
0 0 0 0 1 5.61095
0 0 0 0 0 5.58702
0 0 0 0 1 5.62463
0 0 0 0 0 5.54957
0 0 0 0 1 5.56493
0 0 0 0 1 5.58835
0 0 0 0 1 5.56465
0 0 0 0 1 5.68739
0 0 0 0 1 5.59065
0 0 0 0 1 5.59757
0 0 0 0 1 5.71558
0 0 0 0 1 5.68673
0 0 0 0 1 5.64856
0 0 0 0 1 5.72771
0 0 0 0 1 5.73888
0 0 0 0 1 5.69309
0 0 0 0 1 5.70256
0 0 0 0 0 5.73685
0 0 0 0 1 5.75415
0 0 0 0 1 5.77736
0 0 0 0 1 5.70282
0 0 0 0 1 5.71069
0 0 0 0 0 5.8382
0 0 0 0 1 5.80993
0 0 0 0 0 5.77001
0 0 0 0 1 5.77654
0 0 0 0 1 5.85312
0 0 0 0 0 5.82495
0 0 0 0 1 5.90365
0 0 0 0 1 5.90058
0 0 0 0 1 5.93125
0 0 0 0 0 5.8503
0 0 0 0 1 5.91653
0 0 0 0 1 5.97129
0 0 0 0 1 5.90785
0 0 0 0 0 5.88575
0 0 0 0 0 5.97076
0 0 0 0 0 6.00252
0 0 0 0 1 6.0285
0 0 0 0 1 5.97204
0 0 0 0 1 6.04017
0 0 0 0 1 6.04246
0 0 0 0 1 6.09308
0 0 0 0 1 6.05813
0 0 0 0 1 6.07278
0 0 0 0 1 6.09362
0 0 0 0 1 6.1085
0 0 0 0 1 6.05016
0 0 0 0 1 6.13861
0 0 0 0 1 6.11589
0 0 0 0 0 6.1753
0 0 0 0 0 6.12903
0 0 0 0 0 6.23106
0 0 0 0 0 6.22818
0 0 0 0 1 6.20567
0 0 0 0 1 6.28389
0 0 0 0 1 6.22489
0 0 0 0 1 6.3404
0 0 0 0 1 6.26235
0 0 0 0 0 6.29751
0 0 0 0 0 6.33918
0 0 0 0 1 6.40647
0 0 0 0 1 6.37156
0 0 0 0 1 6.34364
0 0 0 0 1 6.44922
0 0 0 0 1 6.45988
0 0 0 0 0 6.46344
0 0 0 0 1 6.43544
0 0 0 0 0 6.4973
0 0 0 0 1 6.44321
0 0 0 0 0 6.55833
0 0 0 0 0 6.58909
0 0 0 0 1 6.59318
0 0 0 0 1 6.55777
0 0 0 0 0 6.64163
0 0 0 0 1 6.59952
0 0 0 0 0 6.60364
0 0 0 0 1 6.60776
0 0 0 0 1 6.71292
0 0 0 0 0 6.74482
0 0 0 0 1 6.71574
0 0 0 0 1 6.82839
0 0 0 0 1 6.77219
0 0 0 0 1 6.84494
0 0 0 0 0 6.80881
0 0 0 0 0 6.89587
0 0 0 0 1 6.90088
0 0 0 0 1 6.90587
0 0 0 0 0 6.95986
0 0 0 0 1 6.9998
0 0 0 0 1 7.03998
0 0 0 0 1 6.97523
0 0 0 0 1 7.09289
0 0 0 0 1 7.11209
0 0 0 0 1 7.05369
0 0 0 0 1 7.06601
0 0 0 0 1 7.11409
0 0 0 0 1 7.15528
0 0 0 0 1 7.23992
0 0 0 0 1 7.20898
0 0 0 0 1 7.32342
0 0 0 0 1 7.32886
0 0 0 0 1 7.31262
0 0 0 0 1 7.38405
0 0 0 0 1 7.39762
0 0 0 0 0 7.37332
0 0 0 0 1 7.39334
0 0 0 0 1 7.51111
0 0 0 0 1 7.56924
0 0 0 0 0 7.6051
0 0 0 0 1 7.57282
0 0 0 0 1 7.57102
0 0 0 0 1 7.714
0 0 0 0 1 7.75819
0 0 0 0 1 7.68672
0 0 0 0 0 7.68424
0 0 0 0 1 7.86871
0 0 0 0 1 7.79665
0 0 0 0 0 7.90421
0 0 0 0 0 7.96476
0 0 0 0 1 7.98637
0 0 0 0 1 7.91159
0 0 0 0 1 7.98088
0 0 0 0 1 8.05867
0 0 0 0 1 8.13697
0 0 0 0 1 8.09305
0 0 0 0 0 8.18001
0 0 0 0 0 8.30819
0 0 0 0 0 8.3464
0 0 0 0 1 8.40187
0 0 0 0 1 8.44873
0 0 0 0 1 8.32752
0 0 0 0 1 8.54296
0 0 0 0 1 8.44574
0 0 0 0 0 8.62931
0 0 0 0 0 8.60887
0 0 0 0 1 8.64768
0 0 0 0 1 8.72057
0 0 0 0 1 8.68973
0 0 0 0 1 8.78921
0 0 0 0 0 8.92639
0 0 0 0 0 8.85861
0 0 0 0 0 9.03111
0 0 0 0 1 9.03414
0 0 0 0 1 9.13638
0 0 0 0 1 9.16733
0 0 0 0 1 9.18808
0 0 0 0 1 9.13474
0 0 0 0 1 9.33087
0 0 0 0 1 9.36182
0 0 0 0 1 9.49384
0 0 0 0 1 9.38212
0 0 0 0 1 9.44801
0 0 0 0 1 9.66756
0 0 0 0 1 9.63965
0 0 0 0 1 9.63858
0 0 0 0 1 9.84221
0 0 0 0 1 9.91985
0 0 0 0 0 9.92984
0 0 0 0 0 9.90635
0 0 0 0 1 10.1045
0 0 0 0 1 10.1714
0 0 0 0 1 10.0972
0 0 0 0 1 10.379
0 0 0 0 1 10.2706
0 0 0 0 1 10.4432
0 0 0 0 1 10.4475
0 0 0 0 1 10.472
0 0 0 0 1 10.5579
0 0 0 0 0 10.8502
0 0 0 0 1 10.8624
0 0 0 0 1 9.22214
0 0 0 0 1 9.27249
0 0 0 0 1 9.35524
0 0 0 0 0 9.16495
0 0 0 0 1 9.15547
0 0 0 0 1 9.18743
0 0 0 0 1 9.22397
0 0 0 0 1 9.19171
0 0 0 0 1 9.12772
0 0 0 0 1 9.08691
0 0 0 0 1 9.05085
0 0 0 0 1 9.05597
0 0 0 0 1 9.02029
0 0 0 0 0 9.12041
0 0 0 0 1 9.08957
0 0 0 0 1 8.92829
0 0 0 0 1 8.9252
0 0 0 0 1 8.87264
0 0 0 0 1 8.93665
0 0 0 0 1 8.83979
0 0 0 0 0 8.91756
0 0 0 0 0 8.81244
0 0 0 0 1 8.89419
0 0 0 0 1 8.90487
0 0 0 0 0 8.82715
0 0 0 0 1 8.88718
0 0 0 0 1 8.77478
0 0 0 0 1 8.75083
0 0 0 0 1 8.71827
0 0 0 0 0 8.79112
0 0 0 0 0 8.68882
0 0 0 0 1 8.68819
0 0 0 0 0 8.80463
0 0 0 0 1 8.72062
0 0 0 0 1 8.67176
0 0 0 0 1 8.62318
0 0 0 0 0 8.61817
0 0 0 0 1 8.60465
0 0 0 0 1 8.6431
0 0 0 0 1 8.64707
0 0 0 0 1 8.55646
0 0 0 0 1 8.5694
0 0 0 0 1 8.65967
0 0 0 0 1 8.62982
0 0 0 0 1 8.50606
0 0 0 0 1 8.58788
0 0 0 0 0 8.519
0 0 0 0 0 8.49002
0 0 0 0 1 8.65273
0 0 0 0 1 8.72604
0 0 0 0 1 8.80685
0 0 0 0 1 9.02151
0 0 0 0 1 9.16602
0 0 0 0 1 9.31144
0 0 0 0 1 9.30693
0 0 0 0 0 9.58393
0 0 0 0 1 9.58423
0 0 0 0 1 9.87486
0 0 0 0 1 9.96977
0 0 0 0 1 10.1129
0 0 0 0 0 10.3691
0 0 0 0 0 10.6056
0 0 0 0 1 10.7053
0 0 0 0 1 11.0184
0 0 0 0 1 11.2355
0 0 0 0 0 11.4744
0 0 0 0 1 11.5041
0 0 0 0 1 11.7723
0 0 0 0 1 12.1386
0 0 0 0 0 12.4317
0 0 0 0 0 12.5982
0 0 0 0 1 12.976
0 0 0 0 1 22.5009
0 0 0 0 1 22.6866
0 0 0 0 1 22.4848
0 0 0 0 1 22.7164
0 0 0 0 0 22.6988
0 0 0 0 1 22.5232
0 0 0 0 0 22.597
0 0 0 0 0 22.626
0 0 0 0 1 22.3843
0 0 0 0 1 22.4818
0 0 0 0 1 22.6925
0 0 0 0 1 22.5877
0 0 0 0 1 22.5524
0 0 0 0 1 22.5612
0 0 0 0 0 22.3454
0 0 0 0 1 22.2876
0 0 0 0 1 22.3428
0 0 0 0 1 22.2635
0 0 0 0 1 22.9676
0 0 0 0 1 24.365
0 0 0 0 1 24.9422
0 0 0 0 1 26.2909
0 0 0 0 1 36.1627
0 0 0 0 1 36.5846
0 0 0 0 1 36.7522
0 0 0 0 1 36.593
0 0 0 0 0 36.7565
0 0 0 0 1 38.9116
0 0 0 0 1 51.9626
0 0 0 0 1 52.2073
0 0 0 0 1 51.673
0 0 0 0 1 51.5555
0 0 0 0 1 51.6471
0 0 0 0 0 56.3288
0 0 0 0 1 65.5934
0 0 0 0 1 69.2459
0 0 0 0 1 82.3009
0 0 0 0 0 5.04507
0 0 0 0 0 5.04507
0 0 0 0 0 4.99497
0 0 0 0 0 5.00499
0 0 0 0 0 5.03505
0 0 0 0 0 4.98996
0 0 0 0 0 4.99998
0 0 0 0 0 5.01501
0 0 0 0 0 5.0601
0 0 0 0 0 4.97994
0 0 0 0 0 5.05008
0 0 0 0 0 5.03505
0 0 0 0 0 87.3281
0 0 0 0 1 87.7751
0 0 0 0 1 74.3935
0 0 0 0 1 64.1582
0 0 0 0 1 60.8291
0 0 0 0 1 60.356
0 0 0 0 0 60.1862
0 0 0 0 1 51.055
0 0 0 0 0 47.7472
0 0 0 0 1 48.2395
0 0 0 0 1 39.392
0 0 0 0 1 36.5252
0 0 0 0 1 35.7748
0 0 0 0 1 35.8584
0 0 0 0 1 35.3709
0 0 0 0 1 35.4558
0 0 0 0 1 28.3025
0 0 0 0 1 26.5623
0 0 0 0 1 25.8186
0 0 0 0 1 24.6638
0 0 0 0 1 24.6509
0 0 0 0 0 24.5646
0 0 0 0 0 24.7239
0 0 0 0 0 24.8851
0 0 0 0 1 24.43
0 0 0 0 1 24.4933
0 0 0 0 0 24.8043
0 0 0 0 1 24.8688
0 0 0 0 1 24.9078
0 0 0 0 1 18.2363
0 0 0 0 1 17.8273
0 0 0 0 1 17.3465
0 0 0 0 1 16.8615
0 0 0 0 0 16.3913
0 0 0 0 1 15.7683
0 0 0 0 1 15.5938
0 0 0 0 1 15.0002
0 0 0 0 1 14.6244
0 0 0 0 1 14.4086
0 0 0 0 1 14.1977
0 0 0 0 1 13.8453
0 0 0 0 1 13.7598
0 0 0 0 1 14.0083
0 0 0 0 1 13.784
0 0 0 0 0 13.7965
0 0 0 0 1 13.8113
0 0 0 0 0 13.8522
0 0 0 0 1 13.9493
0 0 0 0 1 13.9349
0 0 0 0 1 14.0771
0 0 0 0 1 14.0913
0 0 0 0 1 13.8952
0 0 0 0 1 13.9659
0 0 0 0 1 14.1519
0 0 0 0 1 13.9418
0 0 0 0 1 14.1826
0 0 0 0 1 14.1304
0 0 0 0 0 14.118
0 0 0 0 0 14.1624
0 0 0 0 1 14.2949
0 0 0 0 1 14.2691
0 0 0 0 0 14.1895
0 0 0 0 1 14.1924
0 0 0 0 1 14.3551
0 0 0 0 1 14.1732
0 0 0 0 1 14.3225
0 0 0 0 0 14.2406
0 0 0 0 1 14.1904
0 0 0 0 1 14.3952
0 0 0 0 1 8.87888
0 0 0 0 0 8.79061
0 0 0 0 1 8.64165
0 0 0 0 0 8.5372
0 0 0 0 1 8.32383
0 0 0 0 1 8.25419
0 0 0 0 1 8.1769
0 0 0 0 1 8.12236
0 0 0 0 1 8.06822
0 0 0 0 1 7.87896
0 0 0 0 0 7.78729
0 0 0 0 0 7.64803
0 0 0 0 1 7.68732
0 0 0 0 0 7.58048
0 0 0 0 1 7.43691
0 0 0 0 1 7.40757
0 0 0 0 1 7.33157
0 0 0 0 1 7.17066
0 0 0 0 1 7.22673
0 0 0 0 1 7.12418
0 0 0 0 1 6.99427
0 0 0 0 1 6.99302
0 0 0 0 1 6.93326
0 0 0 0 0 6.8621
0 0 0 0 1 6.76416
0 0 0 0 1 6.66698
0 0 0 0 0 6.66339
0 0 0 0 1 6.54059
0 0 0 0 1 6.52962
0 0 0 0 1 6.43016
0 0 0 0 1 6.45038
0 0 0 0 1 6.38331
0 0 0 0 1 6.31656
0 0 0 0 1 6.23146
0 0 0 0 0 6.21491
0 0 0 0 1 6.09383
0 0 0 0 1 6.03469
0 0 0 0 1 6.08091
0 0 0 0 1 5.93185
0 0 0 0 1 5.89393
0 0 0 0 0 5.90009
0 0 0 0 1 5.79771
0 0 0 0 1 5.83509
0 0 0 0 1 5.77952
0 0 0 0 1 5.68136
0 0 0 0 0 5.66615
0 0 0 0 1 5.65063
0 0 0 0 1 5.60458
0 0 0 0 1 5.51694
0 0 0 0 1 5.5123
0 0 0 0 1 5.47456
0 0 0 0 1 5.39145
0 0 0 0 1 5.33051
0 0 0 0 1 5.30952
0 0 0 0 0 5.28093
0 0 0 0 1 5.27015
0 0 0 0 1 5.22579
0 0 0 0 1 5.23348
0 0 0 0 1 5.17379
0 0 0 0 1 5.08384
0 0 0 0 0 5.11842
0 0 0 0 1 5.02434
0 0 0 0 1 4.98445
0 0 0 0 1 4.9565
0 0 0 0 1 4.99291
0 0 0 0 1 4.87121
0 0 0 0 1 4.90215
0 0 0 0 1 4.83379
0 0 0 0 0 4.78201
0 0 0 0 1 4.83426
0 0 0 0 0 4.84118
0 0 0 0 1 4.81528
0 0 0 0 1 4.89615
0 0 0 0 1 4.89353
0 0 0 0 1 4.92136
0 0 0 0 0 4.92973
0 0 0 0 1 4.96279
0 0 0 0 0 4.9899
0 0 0 0 1 4.9341
0 0 0 0 1 5.01224
0 0 0 0 0 5.02473
0 0 0 0 1 5.05357
0 0 0 0 1 5.03232
0 0 0 0 1 5.06135
0 0 0 0 1 5.03483
0 0 0 0 0 5.10977
0 0 0 0 1 5.12399
0 0 0 0 0 5.17414
0 0 0 0 1 5.18208
0 0 0 0 1 5.16051
0 0 0 0 0 5.19566
0 0 0 0 1 5.22583
0 0 0 0 1 5.21968
0 0 0 0 1 5.19772
0 0 0 0 1 5.29639
0 0 0 0 1 5.30081
0 0 0 0 1 5.26956
0 0 0 0 0 5.29506
0 0 0 0 1 5.28865
0 0 0 0 0 5.32502
0 0 0 0 0 5.39928
0 0 0 0 1 5.4594
0 0 0 0 1 5.44778
0 0 0 0 1 5.46871
0 0 0 0 1 5.45141
0 0 0 0 1 5.51787
0 0 0 0 1 5.50594
0 0 0 0 1 5.53418
0 0 0 0 1 5.56659
0 0 0 0 1 5.57273
0 0 0 0 1 5.66161
0 0 0 0 1 5.70192
0 0 0 0 0 5.67843
0 0 0 0 0 5.65619
0 0 0 0 0 5.77519
0 0 0 0 0 5.71269
0 0 0 0 1 5.77658
0 0 0 0 1 5.80027
0 0 0 0 1 5.84579
0 0 0 0 1 5.91665
0 0 0 0 0 5.92321
0 0 0 0 1 5.91188
0 0 0 0 0 5.90621
0 0 0 0 1 5.99005
0 0 0 0 1 6.03244
0 0 0 0 1 6.05089
0 0 0 0 0 6.02073
0 0 0 0 1 6.1305
0 0 0 0 1 6.11231
0 0 0 0 1 6.21253
0 0 0 0 0 9.60471
0 0 0 0 0 9.40548
0 0 0 0 1 9.45954
0 0 0 0 0 9.42843
0 0 0 0 1 9.39131
0 0 0 0 1 9.38861
0 0 0 0 0 9.39521
0 0 0 0 0 9.33351
0 0 0 0 1 9.20449
0 0 0 0 1 9.15617
0 0 0 0 1 9.10813
0 0 0 0 0 9.18878
0 0 0 0 1 9.15921
0 0 0 0 0 9.14803
0 0 0 0 1 9.10968
0 0 0 0 0 9.13493
0 0 0 0 1 9.01564
0 0 0 0 1 9.07378
0 0 0 0 1 8.92844
0 0 0 0 1 8.98648
0 0 0 0 1 8.94041
0 0 0 0 1 8.85017
0 0 0 0 1 8.83144
0 0 0 0 0 8.91009
0 0 0 0 1 8.75577
0 0 0 0 1 8.72879
0 0 0 0 1 8.71076
0 0 0 0 1 8.68603
0 0 0 0 1 8.677
0 0 0 0 1 8.71684
0 0 0 0 0 8.62112
0 0 0 0 1 8.60903
0 0 0 0 0 8.70403
0 0 0 0 0 8.55419
0 0 0 0 1 8.52025
0 0 0 0 1 8.52581
0 0 0 0 1 8.54346
0 0 0 0 0 8.43835
0 0 0 0 1 8.41873
0 0 0 0 0 8.56028
0 0 0 0 0 8.46447
0 0 0 0 1 8.50414
0 0 0 0 1 8.47994
0 0 0 0 1 8.32645
0 0 0 0 1 8.4417
0 0 0 0 1 8.31418
0 0 0 0 1 8.32903
0 0 0 0 1 8.26445
0 0 0 0 1 8.34586
0 0 0 0 1 8.2697
0 0 0 0 1 8.18186
0 0 0 0 1 8.1807
0 0 0 0 1 8.27015
0 0 0 0 1 8.27718
0 0 0 0 1 8.14496
0 0 0 0 1 8.15239
0 0 0 0 1 8.16804
0 0 0 0 1 8.11857
0 0 0 0 0 8.19942
0 0 0 0 1 8.17461
0 0 0 0 0 8.15808
0 0 0 0 1 8.02057
0 0 0 0 1 8.03687
0 0 0 0 1 8.1296
0 0 0 0 1 8.08958
0 0 0 0 0 8.03378
0 0 0 0 0 8.05033
0 0 0 0 1 7.94712
0 0 0 0 0 7.93584
0 0 0 0 1 7.98464
0 0 0 0 0 7.91419
0 0 0 0 1 7.9155
0 0 0 0 1 7.84567
0 0 0 0 0 7.93784
0 0 0 0 1 7.86052
0 0 0 0 1 7.9254
0 0 0 0 1 7.79698
0 0 0 0 0 7.9204
0 0 0 0 1 7.87542
0 0 0 0 1 7.83855
0 0 0 0 1 7.8254
0 0 0 0 0 7.78443
0 0 0 0 1 7.74826
0 0 0 0 0 7.7357
0 0 0 0 1 7.85077
0 0 0 0 1 7.8073
0 0 0 0 1 7.79814
