0 0 0 0 1 5.53625
0 0 0 0 1 5.56756
0 0 0 0 1 5.54344
0 0 0 0 1 5.6221
0 0 0 0 1 5.57028
0 0 0 0 0 5.62463
0 0 0 0 1 5.6223
0 0 0 0 1 5.57053
0 0 0 0 0 5.59957
0 0 0 0 1 5.62648
0 0 0 0 1 5.59166
0 0 0 0 1 5.64707
0 0 0 0 0 5.62016
0 0 0 0 0 5.69861
0 0 0 0 1 5.65838
0 0 0 0 1 5.69965
0 0 0 0 1 5.67652
0 0 0 0 1 5.75598
0 0 0 0 1 5.66454
0 0 0 0 1 5.68542
0 0 0 0 1 5.71967
0 0 0 0 1 5.70826
0 0 0 0 1 5.78886
0 0 0 0 1 5.77195
0 0 0 0 1 5.73953
0 0 0 0 1 5.82086
0 0 0 0 1 5.77518
0 0 0 0 1 5.85709
0 0 0 0 1 5.79981
0 0 0 0 1 5.87644
0 0 0 0 0 5.84832
0 0 0 0 1 5.83344
0 0 0 0 1 5.82441
0 0 0 0 1 5.90189
0 0 0 0 1 5.82676
0 0 0 0 1 5.83984
0 0 0 0 0 5.88852
0 0 0 0 1 5.94932
0 0 0 0 0 5.99265
0 0 0 0 1 5.94695
0 0 0 0 0 5.97268
0 0 0 0 1 6.01056
0 0 0 0 0 5.96605
0 0 0 0 1 5.98012
0 0 0 0 0 6.02441
0 0 0 0 1 6.08101
0 0 0 0 1 6.04603
0 0 0 0 1 6.01818
0 0 0 0 1 6.02064
0 0 0 0 1 6.06583
0 0 0 0 1 6.05627
0 0 0 0 1 6.15698
0 0 0 0 1 6.10975
0 0 0 0 0 6.14452
0 0 0 0 1 6.15372
0 0 0 0 1 6.13824
0 0 0 0 1 6.19716
0 0 0 0 1 6.27414
0 0 0 0 1 6.18405
0 0 0 0 0 6.28745
0 0 0 0 1 6.32156
0 0 0 0 0 6.32529
0 0 0 0 1 6.31644
0 0 0 0 1 6.30123
0 0 0 0 0 6.33669
0 0 0 0 1 6.40975
0 0 0 0 1 6.43936
0 0 0 0 1 6.35956
0 0 0 0 1 6.3764
0 0 0 0 1 6.399
0 0 0 0 1 6.5259
0 0 0 0 1 6.54918
0 0 0 0 0 6.54074
0 0 0 0 1 6.46054
0 0 0 0 0 6.4845
0 0 0 0 1 6.61286
0 0 0 0 1 6.61703
0 0 0 0 1 6.60862
0 0 0 0 1 6.6459
0 0 0 0 1 6.66349
0 0 0 0 0 6.68785
0 0 0 0 1 6.66607
0 0 0 0 1 6.73139
0 0 0 0 1 6.70227
0 0 0 0 1 6.79459
0 0 0 0 0 6.76541
0 0 0 0 1 6.82451
0 0 0 0 1 6.89084
0 0 0 0 0 6.87528
0 0 0 0 0 6.92154
0 0 0 0 1 6.85057
0 0 0 0 1 6.95293
0 0 0 0 1 6.96501
0 0 0 0 1 7.01204
0 0 0 0 1 7.05936
0 0 0 0 1 7.05771
0 0 0 0 1 7.02725
0 0 0 0 1 7.15304
0 0 0 0 1 7.17285
0 0 0 0 1 7.21419
0 0 0 0 1 7.18399
0 0 0 0 1 7.16788
0 0 0 0 1 7.16556
0 0 0 0 1 7.27982
0 0 0 0 1 7.32886
0 0 0 0 1 7.31995
0 0 0 0 0 7.38405
0 0 0 0 0 7.41239
0 0 0 0 1 7.47717
0 0 0 0 1 7.39334
0 0 0 0 0 7.42134
0 0 0 0 1 7.44898
0 0 0 0 1 7.59754
0 0 0 0 1 7.57282
0 0 0 0 1 7.68528
0 0 0 0 1 7.62217
0 0 0 0 1 7.6813
0 0 0 0 1 7.66355
0 0 0 0 1 7.80843
0 0 0 0 1 7.73614
0 0 0 0 1 7.75751
0 0 0 0 1 7.82557
0 0 0 0 1 7.94103
0 0 0 0 1 7.91485
0 0 0 0 1 8.05544
0 0 0 0 0 7.98891
0 0 0 0 1 8.0022
0 0 0 0 0 8.13697
0 0 0 0 1 8.1664
0 0 0 0 0 8.11451
0 0 0 0 1 8.20115
0 0 0 0 0 8.2222
0 0 0 0 1 8.35196
0 0 0 0 0 8.4069
0 0 0 0 1 8.40323
0 0 0 0 1 8.40762
0 0 0 0 0 8.53079
0 0 0 0 1 8.51813
0 0 0 0 0 8.62605
0 0 0 0 0 8.64768
0 0 0 0 1 8.65971
0 0 0 0 1 8.7247
0 0 0 0 1 8.76282
0 0 0 0 1 8.77615
0 0 0 0 1 8.86751
0 0 0 0 0 8.96846
0 0 0 0 1 9.02513
0 0 0 0 1 9.13638
0 0 0 0 1 9.08532
0 0 0 0 1 9.13306
0 0 0 0 1 9.28237
0 0 0 0 1 9.20089
0 0 0 0 1 9.42716
0 0 0 0 0 9.36224
0 0 0 0 1 9.41995
0 0 0 0 1 9.45754
0 0 0 0 1 9.67715
0 0 0 0 1 9.56246
0 0 0 0 1 9.67744
0 0 0 0 1 9.81286
0 0 0 0 1 9.91985
0 0 0 0 1 9.91993
0 0 0 0 1 9.96627
0 0 0 0 1 10.0843
0 0 0 0 1 10.0397
0 0 0 0 1 10.2093
0 0 0 0 0 10.3173
0 0 0 0 1 10.4052
0 0 0 0 1 10.4744
0 0 0 0 1 10.5945
0 0 0 0 0 10.6518
0 0 0 0 0 10.7178
0 0 0 0 1 10.775
0 0 0 0 1 10.9165
0 0 0 0 0 9.36173
0 0 0 0 0 9.37458
0 0 0 0 1 9.29966
0 0 0 0 1 9.32201
0 0 0 0 1 9.20157
0 0 0 0 1 9.13225
0 0 0 0 1 9.26986
0 0 0 0 0 9.19171
0 0 0 0 1 9.21909
0 0 0 0 1 9.0778
0 0 0 0 1 9.14181
0 0 0 0 1 9.03783
0 0 0 0 1 9.14708
0 0 0 0 1 9.04809
0 0 0 0 1 8.97234
0 0 0 0 1 9.00929
0 0 0 0 1 8.93417
0 0 0 0 1 8.9533
0 0 0 0 0 8.89192
0 0 0 0 1 8.87551
0 0 0 0 1 8.82847
0 0 0 0 1 8.96361
0 0 0 0 1 8.84981
0 0 0 0 1 8.82512
0 0 0 0 1 8.81831
0 0 0 0 1 8.80775
0 0 0 0 0 8.82764
0 0 0 0 1 8.86516
0 0 0 0 1 8.70949
0 0 0 0 1 8.79988
0 0 0 0 1 8.81132
0 0 0 0 0 8.8017
0 0 0 0 0 8.72617
0 0 0 0 1 8.62489
0 0 0 0 0 8.71521
0 0 0 0 1 8.58848
0 0 0 0 1 8.68746
0 0 0 0 1 8.72572
0 0 0 0 1 8.59129
0 0 0 0 0 8.69018
0 0 0 0 0 8.5909
0 0 0 0 1 8.62097
0 0 0 0 1 8.61675
0 0 0 0 1 8.63839
0 0 0 0 1 8.53173
0 0 0 0 1 8.60497
0 0 0 0 1 8.62143
0 0 0 0 1 8.46444
0 0 0 0 1 8.50695
0 0 0 0 1 8.78694
0 0 0 0 1 8.91274
0 0 0 0 1 9.00359
0 0 0 0 1 9.04781
0 0 0 0 1 9.25602
0 0 0 0 1 9.35384
0 0 0 0 1 9.44089
0 0 0 0 0 9.72945
0 0 0 0 1 9.75672
0 0 0 0 0 10.0198
0 0 0 0 1 10.1027
0 0 0 0 1 10.4312
0 0 0 0 1 10.574
0 0 0 0 0 10.8019
0 0 0 0 1 10.8652
0 0 0 0 1 11.2355
0 0 0 0 1 11.2471
0 0 0 0 1 11.5388
0 0 0 0 1 11.7841
0 0 0 0 1 11.9819
0 0 0 0 1 12.1979
0 0 0 0 1 12.4474
0 0 0 0 0 12.7448
0 0 0 0 1 22.7509
0 0 0 0 1 22.5049
0 0 0 0 1 22.7344
0 0 0 0 1 22.6484
0 0 0 0 1 22.7894
0 0 0 0 1 22.7495
0 0 0 0 1 22.4387
0 0 0 0 1 22.8294
0 0 0 0 1 22.4746
0 0 0 0 0 22.369
0 0 0 0 1 22.4218
0 0 0 0 1 22.475
0 0 0 0 1 22.5524
0 0 0 0 1 22.5837
0 0 0 0 1 22.5479
0 0 0 0 0 22.7149
0 0 0 0 1 22.6799
0 0 0 0 1 22.3084
0 0 0 0 0 23.0604
0 0 0 0 1 23.8826
0 0 0 0 1 25.0176
0 0 0 0 1 26.1074
0 0 0 0 0 36.1627
0 0 0 0 1 36.4754
0 0 0 0 0 36.0608
0 0 0 0 0 36.4111
0 0 0 0 1 36.3562
0 0 0 0 1 38.2181
0 0 0 0 1 52.4312
0 0 0 0 1 52.2073
0 0 0 0 1 51.9852
0 0 0 0 1 52.2318
0 0 0 0 0 51.9592
0 0 0 0 0 56.5543
0 0 0 0 1 66.0517
0 0 0 0 0 70.0819
0 0 0 0 1 81.5646
0 0 0 0 0 5.05509
0 0 0 0 0 4.97994
0 0 0 0 0 5.02002
0 0 0 0 0 4.98495
0 0 0 0 0 5.04507
0 0 0 0 0 4.96992
0 0 0 0 0 4.9599
0 0 0 0 0 5.02002
0 0 0 0 0 5.04006
0 0 0 0 0 5.05008
0 0 0 0 0 4.97493
0 0 0 0 0 4.99497
0 0 0 0 0 87.0653
0 0 0 0 1 86.8115
0 0 0 0 1 75.6709
0 0 0 0 1 64.4774
0 0 0 0 1 60.8896
0 0 0 0 0 60.4771
0 0 0 0 1 60.4284
0 0 0 0 1 51.7254
0 0 0 0 1 48.467
0 0 0 0 1 48.2875
0 0 0 0 0 39.6276
0 0 0 0 1 37.188
0 0 0 0 1 35.9532
0 0 0 0 1 35.5373
0 0 0 0 1 35.7992
0 0 0 0 1 35.9913
0 0 0 0 1 28.1059
0 0 0 0 1 27.0179
0 0 0 0 1 25.8186
0 0 0 0 1 24.5407
0 0 0 0 0 24.774
0 0 0 0 1 24.4167
0 0 0 0 0 24.8472
0 0 0 0 1 24.5398
0 0 0 0 1 24.5781
0 0 0 0 0 24.7156
0 0 0 0 1 24.4831
0 0 0 0 1 24.9677
0 0 0 0 0 24.883
0 0 0 0 1 18.1089
0 0 0 0 0 17.7035
0 0 0 0 1 17.1746
0 0 0 0 1 16.7444
0 0 0 0 1 16.4402
0 0 0 0 1 16.0065
0 0 0 0 0 15.6093
0 0 0 0 1 15.1666
0 0 0 0 1 14.6687
0 0 0 0 1 14.5096
0 0 0 0 1 14.1977
0 0 0 0 1 13.8314
0 0 0 0 1 13.8015
0 0 0 0 1 13.8414
0 0 0 0 1 14.0207
0 0 0 0 0 13.8243
0 0 0 0 0 13.9927
0 0 0 0 0 14.0617
0 0 0 0 1 13.9214
0 0 0 0 1 14.0468
0 0 0 0 0 14.0771
0 0 0 0 1 14.1474
0 0 0 0 1 14.0636
0 0 0 0 1 14.1204
0 0 0 0 1 13.9972
0 0 0 0 1 14.0967
0 0 0 0 0 14.1544
0 0 0 0 1 14.2292
0 0 0 0 1 14.1039
0 0 0 0 1 14.2049
0 0 0 0 1 14.1249
0 0 0 0 1 14.1556
0 0 0 0 0 14.2747
0 0 0 0 1 14.3346
0 0 0 0 1 14.3551
0 0 0 0 1 14.2303
0 0 0 0 1 14.3796
0 0 0 0 1 14.3264
0 0 0 0 1 14.3049
0 0 0 0 1 14.4669
0 0 0 0 1 8.86123
0 0 0 0 1 8.72963
0 0 0 0 1 8.61585
0 0 0 0 1 8.5457
0 0 0 0 1 8.35739
0 0 0 0 1 8.37021
0 0 0 0 1 8.23426
0 0 0 0 1 8.16281
0 0 0 0 0 8.00425
0 0 0 0 1 7.94218
0 0 0 0 0 7.77166
0 0 0 0 1 7.67893
0 0 0 0 1 7.69496
0 0 0 0 1 7.54269
0 0 0 0 1 7.46681
0 0 0 0 1 7.42977
0 0 0 0 1 7.30962
0 0 0 0 1 7.19963
0 0 0 0 1 7.11919
0 0 0 0 1 7.06032
0 0 0 0 0 6.98725
0 0 0 0 1 6.9791
0 0 0 0 0 6.94014
0 0 0 0 1 6.77342
0 0 0 0 1 6.82498
0 0 0 0 0 6.6536
0 0 0 0 1 6.65013
0 0 0 0 1 6.54716
0 0 0 0 1 6.45808
0 0 0 0 0 6.42371
0 0 0 0 0 6.41206
0 0 0 0 1 6.36431
0 0 0 0 0 6.31656
0 0 0 0 1 6.28749
0 0 0 0 1 6.14085
0 0 0 0 1 6.13666
0 0 0 0 1 6.09534
0 0 0 0 0 5.9906
0 0 0 0 1 5.94378
0 0 0 0 0 5.94132
0 0 0 0 1 5.83552
0 0 0 0 1 5.85015
0 0 0 0 0 5.73678
0 0 0 0 1 5.72787
0 0 0 0 0 5.68136
0 0 0 0 1 5.58714
0 0 0 0 1 5.61142
0 0 0 0 1 5.57118
0 0 0 0 0 5.47828
0 0 0 0 1 5.44655
0 0 0 0 0 5.40389
0 0 0 0 1 5.42927
0 0 0 0 0 5.34125
0 0 0 0 1 5.27757
0 0 0 0 1 5.24389
0 0 0 0 0 5.30164
0 0 0 0 1 5.24144
0 0 0 0 1 5.22829
0 0 0 0 1 5.16349
0 0 0 0 1 5.08896
0 0 0 0 1 5.11334
0 0 0 0 1 5.06465
0 0 0 0 1 5.04463
0 0 0 0 0 4.99635
0 0 0 0 1 4.90879
0 0 0 0 1 4.94985
0 0 0 0 1 4.90215
0 0 0 0 0 4.87265
0 0 0 0 1 4.86887
0 0 0 0 1 4.82944
0 0 0 0 1 4.81704
0 0 0 0 1 4.84919
0 0 0 0 1 4.84753
0 0 0 0 0 4.82529
0 0 0 0 1 4.94092
0 0 0 0 1 4.95428
0 0 0 0 0 4.91351
0 0 0 0 1 4.90097
0 0 0 0 1 4.93906
0 0 0 0 0 4.98735
0 0 0 0 1 4.96485
0 0 0 0 1 5.01851
0 0 0 0 0 5.04238
0 0 0 0 1 5.00584
0 0 0 0 1 5.0399
0 0 0 0 1 5.0691
0 0 0 0 1 5.08827
0 0 0 0 1 5.16902
0 0 0 0 0 5.12558
0 0 0 0 1 5.20691
0 0 0 0 0 5.16461
0 0 0 0 1 5.21024
0 0 0 0 1 5.25618
0 0 0 0 1 5.26576
0 0 0 0 1 5.28062
0 0 0 0 1 5.31663
0 0 0 0 1 5.26426
0 0 0 0 1 5.30571
0 0 0 0 1 5.36344
0 0 0 0 1 5.31429
0 0 0 0 1 5.35622
0 0 0 0 0 5.40529
0 0 0 0 1 5.43691
0 0 0 0 0 5.40873
0 0 0 0 0 5.47877
0 0 0 0 0 5.49586
0 0 0 0 1 5.48937
0 0 0 0 1 5.59524
0 0 0 0 0 5.53873
0 0 0 0 1 5.57273
0 0 0 0 1 5.57727
0 0 0 0 1 5.59455
0 0 0 0 0 5.63872
0 0 0 0 1 5.73032
0 0 0 0 1 5.71796
0 0 0 0 1 5.71844
0 0 0 0 1 5.80549
0 0 0 0 1 5.75959
0 0 0 0 1 5.82829
0 0 0 0 1 5.85801
0 0 0 0 1 5.94679
0 0 0 0 1 5.9652
0 0 0 0 1 5.90025
0 0 0 0 0 5.96013
0 0 0 0 1 5.97831
0 0 0 0 1 6.06298
0 0 0 0 1 6.06326
0 0 0 0 1 6.04502
0 0 0 0 0 6.19822
0 0 0 0 1 6.2187
0 0 0 0 0 9.60471
0 0 0 0 1 9.51926
0 0 0 0 0 9.45954
0 0 0 0 1 9.40017
0 0 0 0 0 9.29749
0 0 0 0 1 9.27639
0 0 0 0 0 9.27405
0 0 0 0 1 9.35211
0 0 0 0 1 9.17671
0 0 0 0 0 9.13771
0 0 0 0 0 9.26454
0 0 0 0 1 9.11542
0 0 0 0 0 9.12264
0 0 0 0 1 9.16626
0 0 0 0 0 9.02793
0 0 0 0 1 9.07156
0 0 0 0 1 9.01564
0 0 0 0 1 9.04677
0 0 0 0 1 9.01817
0 0 0 0 1 8.86117
0 0 0 0 1 8.90472
0 0 0 0 1 8.83238
0 0 0 0 0 8.91124
0 0 0 0 1 8.87474
0 0 0 0 1 8.75577
0 0 0 0 1 8.74637
0 0 0 0 0 8.68447
0 0 0 0 0 8.72101
0 0 0 0 0 8.66828
0 0 0 0 1 8.76033
0 0 0 0 1 8.62979
0 0 0 0 1 8.56577
0 0 0 0 1 8.56601
0 0 0 0 1 8.67467
0 0 0 0 1 8.52025
0 0 0 0 1 8.50013
0 0 0 0 1 8.49225
0 0 0 0 0 8.50647
0 0 0 0 1 8.54616
0 0 0 0 1 8.54333
0 0 0 0 0 8.40528
0 0 0 0 1 8.44508
0 0 0 0 1 8.37058
0 0 0 0 0 8.43557
0 0 0 0 1 8.4082
0 0 0 0 1 8.28911
0 0 0 0 1 8.31236
0 0 0 0 1 8.37254
0 0 0 0 1 8.24631
0 0 0 0 1 8.22004
0 0 0 0 1 8.30583
0 0 0 0 1 8.27966
0 0 0 0 1 8.21255
0 0 0 0 1 8.19506
0 0 0 0 0 8.12038
0 0 0 0 1 8.1851
0 0 0 0 1 8.19252
0 0 0 0 1 8.09415
0 0 0 0 1 8.13441
0 0 0 0 1 8.14217
0 0 0 0 1 8.10952
0 0 0 0 1 8.09326
0 0 0 0 1 8.05299
0 0 0 0 1 8.07326
0 0 0 0 1 8.04941
0 0 0 0 1 8.08188
0 0 0 0 0 8.05833
0 0 0 0 1 7.9551
0 0 0 0 1 7.94382
0 0 0 0 0 8.02445
0 0 0 0 1 7.93803
0 0 0 0 1 7.97102
0 0 0 0 1 7.88526
0 0 0 0 1 7.8904
0 0 0 0 0 7.93944
0 0 0 0 1 7.81511
0 0 0 0 1 7.81271
0 0 0 0 1 7.92826
0 0 0 0 0 7.78129
0 0 0 0 1 7.82289
0 0 0 0 0 7.77068
0 0 0 0 1 7.761
0 0 0 0 1 7.83401
0 0 0 0 1 7.75127
0 0 0 0 1 7.80414
0 0 0 0 1 7.72193
0 0 0 0 1 7.68961
