0 0 0 0 1 5.55844
0 0 0 0 1 5.57312
0 0 0 0 1 5.5824
0 0 0 0 1 5.53852
0 0 0 0 1 5.55354
0 0 0 0 1 5.61904
0 0 0 0 1 5.57195
0 0 0 0 1 5.6546
0 0 0 0 1 5.6164
0 0 0 0 1 5.58714
0 0 0 0 1 5.66486
0 0 0 0 1 5.6922
0 0 0 0 0 5.59192
0 0 0 0 0 5.66465
0 0 0 0 1 5.63003
0 0 0 0 1 5.64856
0 0 0 0 1 5.65946
0 0 0 0 1 5.6534
0 0 0 0 1 5.67596
0 0 0 0 1 5.66257
0 0 0 0 1 5.75975
0 0 0 0 1 5.78284
0 0 0 0 1 5.69688
0 0 0 0 0 5.78347
0 0 0 0 0 5.77991
0 0 0 0 1 5.81508
0 0 0 0 1 5.84469
0 0 0 0 1 5.78743
0 0 0 0 0 5.87543
0 0 0 0 0 5.79482
0 0 0 0 1 5.88337
0 0 0 0 1 5.82174
0 0 0 0 1 5.82441
0 0 0 0 1 5.86078
0 0 0 0 1 5.93859
0 0 0 0 1 5.87524
0 0 0 0 1 5.90625
0 0 0 0 0 5.89599
0 0 0 0 1 5.9689
0 0 0 0 1 5.97076
0 0 0 0 1 5.99058
0 0 0 0 0 5.99859
0 0 0 0 1 5.97803
0 0 0 0 1 6.05818
0 0 0 0 0 6.06052
0 0 0 0 1 6.02069
0 0 0 0 1 6.05813
0 0 0 0 0 6.12738
0 0 0 0 0 6.12403
0 0 0 0 1 6.13898
0 0 0 0 1 6.09905
0 0 0 0 0 6.14473
0 0 0 0 1 6.12819
0 0 0 0 0 6.15068
0 0 0 0 1 6.11669
0 0 0 0 0 6.20012
0 0 0 0 1 6.18475
0 0 0 0 1 6.2368
0 0 0 0 0 6.25269
0 0 0 0 1 6.2812
0 0 0 0 1 6.26506
0 0 0 0 1 6.319
0 0 0 0 1 6.34799
0 0 0 0 1 6.35816
0 0 0 0 0 6.40647
0 0 0 0 1 6.30154
0 0 0 0 0 6.33087
0 0 0 0 1 6.43001
0 0 0 0 1 6.45988
0 0 0 0 1 6.40544
0 0 0 0 1 6.51944
0 0 0 0 1 6.43246
0 0 0 0 0 6.45622
0 0 0 0 1 6.47358
0 0 0 0 1 6.58909
0 0 0 0 1 6.52101
0 0 0 0 0 6.55777
0 0 0 0 0 6.62842
0 0 0 0 1 6.57964
0 0 0 0 0 6.71004
0 0 0 0 0 6.73457
0 0 0 0 0 6.75308
0 0 0 0 1 6.77837
0 0 0 0 1 6.77636
0 0 0 0 1 6.69994
0 0 0 0 1 6.73826
0 0 0 0 1 6.8177
0 0 0 0 1 6.84299
0 0 0 0 1 6.87528
0 0 0 0 1 6.82512
0 0 0 0 1 6.90587
0 0 0 0 1 6.9252
0 0 0 0 1 7.01372
0 0 0 0 1 6.95617
0 0 0 0 0 6.97523
0 0 0 0 1 6.99438
0 0 0 0 1 7.00604
0 0 0 0 1 7.0395
0 0 0 0 1 7.16573
0 0 0 0 1 7.19274
0 0 0 0 1 7.13375
0 0 0 0 1 7.14627
0 0 0 0 1 7.28136
0 0 0 0 1 7.27982
0 0 0 0 1 7.36535
0 0 0 0 1 7.28331
0 0 0 0 1 7.33252
0 0 0 0 0 7.40501
0 0 0 0 1 7.41041
0 0 0 0 1 7.42315
0 0 0 0 1 7.556
0 0 0 0 1 7.50911
0 0 0 0 0 7.54468
0 0 0 0 1 7.61076
0 0 0 0 1 7.63196
0 0 0 0 1 7.59156
0 0 0 0 1 7.69667
0 0 0 0 1 7.77943
0 0 0 0 1 7.83948
0 0 0 0 1 7.87651
0 0 0 0 0 7.75751
0 0 0 0 1 7.82557
0 0 0 0 1 7.88566
0 0 0 0 1 7.99431
0 0 0 0 1 7.96753
0 0 0 0 1 8.08526
0 0 0 0 1 8.09093
0 0 0 0 0 8.08834
0 0 0 0 1 8.15825
0 0 0 0 1 8.12269
0 0 0 0 1 8.19292
0 0 0 0 1 8.25532
0 0 0 0 1 8.2355
0 0 0 0 0 8.35671
0 0 0 0 1 8.33594
0 0 0 0 1 8.37379
0 0 0 0 1 8.47125
0 0 0 0 1 8.54379
0 0 0 0 1 8.54872
0 0 0 0 0 8.71679
0 0 0 0 1 8.74665
0 0 0 0 0 8.80337
0 0 0 0 0 8.82441
0 0 0 0 0 8.86453
0 0 0 0 0 8.84082
0 0 0 0 1 9.03111
0 0 0 0 1 8.9801
0 0 0 0 1 8.98229
0 0 0 0 0 9.15822
0 0 0 0 1 9.26144
0 0 0 0 1 9.23624
0 0 0 0 1 9.29373
0 0 0 0 1 9.34315
0 0 0 0 1 9.44684
0 0 0 0 1 9.43887
0 0 0 0 0 9.48611
0 0 0 0 1 9.65797
0 0 0 0 1 9.7072
0 0 0 0 1 9.70659
0 0 0 0 1 9.82264
0 0 0 0 0 9.8312
0 0 0 0 1 9.82083
0 0 0 0 1 9.97625
0 0 0 0 1 9.9637
0 0 0 0 1 10.1714
0 0 0 0 1 10.2297
0 0 0 0 1 10.2865
0 0 0 0 1 10.3328
0 0 0 0 1 10.3598
0 0 0 0 1 10.605
0 0 0 0 1 10.472
0 0 0 0 1 10.5899
0 0 0 0 1 10.6998
0 0 0 0 1 10.8082
0 0 0 0 1 9.38965
0 0 0 0 1 9.34674
0 0 0 0 1 9.18851
0 0 0 0 1 9.2481
0 0 0 0 0 9.14625
0 0 0 0 1 9.13225
0 0 0 0 1 9.21479
0 0 0 0 1 9.13678
0 0 0 0 0 9.16426
0 0 0 0 1 9.06868
0 0 0 0 1 9.02356
0 0 0 0 1 9.0832
0 0 0 0 1 8.98406
0 0 0 0 1 9.03002
0 0 0 0 1 8.99038
0 0 0 0 0 8.94629
0 0 0 0 1 9.00601
0 0 0 0 1 9.00707
0 0 0 0 1 8.96349
0 0 0 0 0 9.00051
0 0 0 0 1 8.98883
0 0 0 0 1 8.95472
0 0 0 0 1 8.78768
0 0 0 0 1 8.8074
0 0 0 0 0 8.85369
0 0 0 0 1 8.7548
0 0 0 0 1 8.72192
0 0 0 0 1 8.73324
0 0 0 0 1 8.72705
0 0 0 0 0 8.83494
0 0 0 0 1 8.83757
0 0 0 0 1 8.78424
0 0 0 0 1 8.76976
0 0 0 0 1 8.62489
0 0 0 0 1 8.66308
0 0 0 0 1 8.75331
0 0 0 0 1 8.64415
0 0 0 0 1 8.57871
0 0 0 0 1 8.71218
0 0 0 0 0 8.61259
0 0 0 0 1 8.65976
0 0 0 0 1 8.65535
0 0 0 0 0 8.51376
0 0 0 0 0 8.53555
0 0 0 0 1 8.58308
0 0 0 0 1 8.6306
0 0 0 0 1 8.50193
0 0 0 0 1 8.55821
0 0 0 0 1 8.62701
0 0 0 0 1 8.76084
0 0 0 0 1 8.85097
0 0 0 0 1 8.97672
0 0 0 0 1 9.08418
0 0 0 0 1 9.22831
0 0 0 0 1 9.31631
0 0 0 0 1 9.62208
0 0 0 0 1 9.59391
0 0 0 0 1 9.85517
0 0 0 0 1 10.0799
0 0 0 0 1 10.2758
0 0 0 0 0 10.4623
0 0 0 0 0 10.4684
0 0 0 0 1 10.7912
0 0 0 0 1 10.9855
0 0 0 0 1 11.0683
0 0 0 0 1 11.3153
0 0 0 0 1 11.4693
0 0 0 0 0 11.7487
0 0 0 0 0 12.0783
0 0 0 0 1 12.4317
0 0 0 0 1 12.5102
0 0 0 0 0 12.9632
0 0 0 0 1 22.8646
0 0 0 0 1 22.5958
0 0 0 0 0 22.7571
0 0 0 0 0 22.4444
0 0 0 0 1 22.8574
0 0 0 0 1 22.5232
0 0 0 0 1 22.3935
0 0 0 0 0 22.8294
0 0 0 0 1 22.6553
0 0 0 0 0 22.6398
0 0 0 0 1 22.5346
0 0 0 0 1 22.3397
0 0 0 0 1 22.3947
0 0 0 0 1 22.4936
0 0 0 0 1 22.4579
0 0 0 0 0 22.3101
0 0 0 0 1 22.5001
0 0 0 0 1 22.3309
0 0 0 0 1 23.0836
0 0 0 0 0 23.9549
0 0 0 0 1 25.3692
0 0 0 0 1 26.4744
0 0 0 0 1 36.0899
0 0 0 0 1 36.1478
0 0 0 0 1 36.5703
0 0 0 0 0 36.5203
0 0 0 0 1 36.4653
0 0 0 0 1 38.4878
0 0 0 0 1 52.5874
0 0 0 0 1 52.2073
0 0 0 0 1 51.8291
0 0 0 0 0 52.2318
0 0 0 0 1 51.9592
0 0 0 0 1 55.9905
0 0 0 0 0 66.1171
0 0 0 0 0 69.3852
0 0 0 0 1 82.0554
0 0 0 0 0 4.96992
0 0 0 0 0 5.05509
0 0 0 0 0 5.05509
0 0 0 0 0 5.02503
0 0 0 0 0 5.03004
0 0 0 0 0 4.9599
0 0 0 0 0 5.0601
0 0 0 0 0 5.01501
0 0 0 0 0 4.9599
0 0 0 0 0 4.97994
0 0 0 0 0 5.04507
0 0 0 0 0 5.00499
0 0 0 0 1 87.9412
0 0 0 0 1 87.9503
0 0 0 0 1 75.3703
0 0 0 0 0 63.4559
0 0 0 0 1 60.5869
0 0 0 0 0 60.4165
0 0 0 0 0 60.4284
0 0 0 0 1 51.6223
0 0 0 0 1 48.2751
0 0 0 0 1 48.3355
0 0 0 0 0 38.8814
0 0 0 0 1 37.0775
0 0 0 0 0 35.7748
0 0 0 0 1 35.9655
0 0 0 0 1 35.7992
0 0 0 0 1 35.5629
0 0 0 0 0 28.134
0 0 0 0 1 27.0447
0 0 0 0 1 25.6135
0 0 0 0 1 24.8607
0 0 0 0 1 24.38
0 0 0 0 1 24.5399
0 0 0 0 1 24.4528
0 0 0 0 1 24.7371
0 0 0 0 1 24.6274
0 0 0 0 1 24.7896
0 0 0 0 1 24.5325
0 0 0 0 1 24.77
0 0 0 0 0 24.9325
0 0 0 0 1 18.1635
0 0 0 0 1 17.5973
0 0 0 0 1 17.3637
0 0 0 0 1 16.6775
0 0 0 0 1 16.261
0 0 0 0 1 15.9907
0 0 0 0 1 15.6403
0 0 0 0 1 15.227
0 0 0 0 0 14.831
0 0 0 0 1 14.3798
0 0 0 0 1 14.2118
0 0 0 0 0 13.9842
0 0 0 0 1 14.0239
0 0 0 0 0 13.9387
0 0 0 0 1 13.784
0 0 0 0 1 14.0473
0 0 0 0 1 13.9089
0 0 0 0 1 13.8522
0 0 0 0 1 13.9214
0 0 0 0 0 14.1308
0 0 0 0 1 13.867
0 0 0 0 1 13.9791
0 0 0 0 0 14.0215
0 0 0 0 1 13.9518
0 0 0 0 1 14.2082
0 0 0 0 1 14.0404
0 0 0 0 1 14.2249
0 0 0 0 1 14.0739
0 0 0 0 1 14.1604
0 0 0 0 1 14.2332
0 0 0 0 1 14.1107
0 0 0 0 1 14.0422
0 0 0 0 0 14.3173
0 0 0 0 1 14.3631
0 0 0 0 1 14.1272
0 0 0 0 1 14.1305
0 0 0 0 0 14.3368
0 0 0 0 0 14.4122
0 0 0 0 1 14.2476
0 0 0 0 1 14.3809
0 0 0 0 1 8.77297
0 0 0 0 1 8.70349
0 0 0 0 0 8.67604
0 0 0 0 1 8.46924
0 0 0 0 1 8.31543
0 0 0 0 1 8.22104
0 0 0 0 1 8.24245
0 0 0 0 1 8.03337
0 0 0 0 1 8.00425
0 0 0 0 1 7.96589
0 0 0 0 0 7.88112
0 0 0 0 0 7.75618
0 0 0 0 0 7.71025
0 0 0 0 1 7.58048
0 0 0 0 0 7.51165
0 0 0 0 1 7.43717
0 0 0 0 1 7.28035
0 0 0 0 1 7.30828
0 0 0 0 1 7.2339
0 0 0 0 1 7.05323
0 0 0 0 1 7.05748
0 0 0 0 1 6.93735
0 0 0 0 1 6.93326
0 0 0 0 1 6.87574
0 0 0 0 0 6.78443
0 0 0 0 1 6.72723
0 0 0 0 1 6.57057
0 0 0 0 1 6.55372
0 0 0 0 1 6.45808
0 0 0 0 0 6.4624
0 0 0 0 1 6.37374
0 0 0 0 1 6.27565
0 0 0 0 1 6.32284
0 0 0 0 1 6.18166
0 0 0 0 1 6.22726
0 0 0 0 1 6.09383
0 0 0 0 1 6.05288
0 0 0 0 0 6.04479
0 0 0 0 1 5.99153
0 0 0 0 1 5.87616
0 0 0 0 1 5.90009
0 0 0 0 1 5.8385
0 0 0 0 0 5.75991
0 0 0 0 0 5.73361
0 0 0 0 0 5.6643
0 0 0 0 1 5.68873
0 0 0 0 1 5.56102
0 0 0 0 1 5.52666
0 0 0 0 1 5.56664
0 0 0 0 1 5.42463
0 0 0 0 1 5.39301
0 0 0 0 1 5.35364
0 0 0 0 0 5.40567
0 0 0 0 1 5.27224
0 0 0 0 0 5.33384
0 0 0 0 1 5.2439
0 0 0 0 1 5.16321
0 0 0 0 1 5.17648
0 0 0 0 0 5.10172
0 0 0 0 1 5.14522
0 0 0 0 0 5.02203
0 0 0 0 1 5.08985
0 0 0 0 0 5.02958
0 0 0 0 1 4.99137
0 0 0 0 1 4.90384
0 0 0 0 1 4.87121
0 0 0 0 1 4.90704
0 0 0 0 1 4.88237
0 0 0 0 1 4.86887
0 0 0 0 0 4.77648
0 0 0 0 0 4.81222
0 0 0 0 0 4.88795
0 0 0 0 1 4.90588
0 0 0 0 1 4.84966
0 0 0 0 1 4.84308
0 0 0 0 1 4.95428
0 0 0 0 1 4.97265
0 0 0 0 1 4.97014
0 0 0 0 1 4.99856
0 0 0 0 0 4.97242
0 0 0 0 1 4.95986
0 0 0 0 1 5.02853
0 0 0 0 1 5.07757
0 0 0 0 1 5.06639
0 0 0 0 1 5.11081
0 0 0 0 1 5.09452
0 0 0 0 1 5.10868
0 0 0 0 1 5.16902
0 0 0 0 1 5.09477
0 0 0 0 1 5.12442
0 0 0 0 0 5.12838
0 0 0 0 1 5.23102
0 0 0 0 1 5.19882
0 0 0 0 0 5.20819
0 0 0 0 1 5.20181
0 0 0 0 1 5.24807
0 0 0 0 1 5.29607
0 0 0 0 1 5.33232
0 0 0 0 1 5.33138
0 0 0 0 0 5.35719
0 0 0 0 1 5.35083
0 0 0 0 1 5.39447
0 0 0 0 0 5.37717
0 0 0 0 1 5.49597
0 0 0 0 1 5.42404
0 0 0 0 1 5.45735
0 0 0 0 1 5.51699
0 0 0 0 1 5.60634
0 0 0 0 1 5.51644
0 0 0 0 1 5.54472
0 0 0 0 1 5.67285
0 0 0 0 0 5.66802
0 0 0 0 1 5.6217
0 0 0 0 1 5.71891
0 0 0 0 1 5.71796
0 0 0 0 1 5.78172
0 0 0 0 1 5.82862
0 0 0 0 0 5.8642
0 0 0 0 1 5.78162
0 0 0 0 1 5.83455
0 0 0 0 1 5.85838
0 0 0 0 1 5.88819
0 0 0 0 0 5.90025
0 0 0 0 1 5.96611
0 0 0 0 1 5.9723
0 0 0 0 1 6.1053
0 0 0 0 0 6.05111
0 0 0 0 0 6.07555
0 0 0 0 1 6.07549
0 0 0 0 0 6.15077
0 0 0 0 1 9.5476
0 0 0 0 1 9.57615
0 0 0 0 1 9.46899
0 0 0 0 1 9.5132
0 0 0 0 1 9.3444
0 0 0 0 1 9.38861
0 0 0 0 1 9.2554
0 0 0 0 1 9.25914
0 0 0 0 1 9.19523
0 0 0 0 1 9.31308
0 0 0 0 1 9.26454
0 0 0 0 1 9.16127
0 0 0 0 1 9.19577
0 0 0 0 0 9.17537
0 0 0 0 1 8.9916
0 0 0 0 1 8.99913
0 0 0 0 1 9.01564
0 0 0 0 1 9.01976
0 0 0 0 1 8.89255
0 0 0 0 1 8.87907
0 0 0 0 1 9.01179
0 0 0 0 1 8.92132
0 0 0 0 0 8.85804
0 0 0 0 1 8.78634
0 0 0 0 1 8.73814
0 0 0 0 1 8.8079
0 0 0 0 1 8.69324
0 0 0 0 1 8.82598
0 0 0 0 1 8.6334
0 0 0 0 1 8.72554
0 0 0 0 1 8.5951
0 0 0 0 1 8.61768
0 0 0 0 1 8.55738
0 0 0 0 1 8.58861
0 0 0 0 1 8.56315
0 0 0 0 1 8.55149
0 0 0 0 0 8.60321
0 0 0 0 1 8.54905
0 0 0 0 1 8.48669
0 0 0 0 1 8.39077
0 0 0 0 1 8.37991
0 0 0 0 1 8.4029
0 0 0 0 1 8.47994
0 0 0 0 1 8.37681
0 0 0 0 1 8.29933
0 0 0 0 1 8.28911
0 0 0 0 1 8.29568
0 0 0 0 1 8.33928
0 0 0 0 1 8.30438
0 0 0 0 1 8.2697
0 0 0 0 1 8.25624
0 0 0 0 0 8.3044
0 0 0 0 1 8.1714
0 0 0 0 1 8.12937
0 0 0 0 1 8.18593
0 0 0 0 1 8.15239
0 0 0 0 1 8.12724
0 0 0 0 1 8.10229
0 0 0 0 1 8.17504
0 0 0 0 0 8.1665
0 0 0 0 0 8.15808
0 0 0 0 1 8.10942
0 0 0 0 1 7.99656
0 0 0 0 1 8.1135
0 0 0 0 1 7.96908
0 0 0 0 1 7.9536
0 0 0 0 1 8.08234
0 0 0 0 0 7.94712
0 0 0 0 0 7.99167
0 0 0 0 1 8.01649
0 0 0 0 1 7.90624
0 0 0 0 1 7.9155
0 0 0 0 1 7.98818
0 0 0 0 1 7.85878
0 0 0 0 1 7.91576
0 0 0 0 1 7.86238
0 0 0 0 1 7.78911
0 0 0 0 0 7.81826
0 0 0 0 0 7.91464
0 0 0 0 1 7.84638
0 0 0 0 1 7.74722
0 0 0 0 1 7.8625
0 0 0 0 1 7.82621
0 0 0 0 1 7.70457
0 0 0 0 1 7.76527
0 0 0 0 1 7.74521
0 0 0 0 0 7.79038
