0 0 0 0 1 5.56953
0 0 0 0 1 5.58423
0 0 0 0 1 5.51004
0 0 0 0 1 5.53852
0 0 0 0 1 5.53121
0 0 0 0 1 5.63581
0 0 0 0 1 5.62789
0 0 0 0 1 5.56493
0 0 0 0 0 5.57152
0 0 0 0 1 5.58714
0 0 0 0 1 5.61418
0 0 0 0 1 5.59065
0 0 0 0 1 5.65406
0 0 0 0 0 5.60806
0 0 0 0 0 5.6357
0 0 0 0 1 5.71101
0 0 0 0 0 5.63102
0 0 0 0 1 5.6648
0 0 0 0 0 5.76161
0 0 0 0 1 5.66828
0 0 0 0 1 5.67387
0 0 0 0 1 5.70826
0 0 0 0 1 5.77161
0 0 0 0 1 5.79499
0 0 0 0 1 5.77414
0 0 0 0 1 5.76306
0 0 0 0 1 5.73463
0 0 0 0 1 5.85709
0 0 0 0 1 5.86961
0 0 0 0 1 5.7715
0 0 0 0 1 5.78405
0 0 0 0 1 5.84514
0 0 0 0 1 5.84199
0 0 0 0 1 5.8784
0 0 0 0 1 5.89739
0 0 0 0 1 5.85164
0 0 0 0 1 5.95355
0 0 0 0 1 5.98488
0 0 0 0 0 5.89169
0 0 0 0 0 6.00647
0 0 0 0 0 5.94285
0 0 0 0 1 6.03448
0 0 0 0 1 5.996
0 0 0 0 1 6.03416
0 0 0 0 0 6.04848
0 0 0 0 0 6.02069
0 0 0 0 0 6.00367
0 0 0 0 0 6.08491
0 0 0 0 1 6.13011
0 0 0 0 0 6.15118
0 0 0 0 1 6.13572
0 0 0 0 1 6.14473
0 0 0 0 1 6.16506
0 0 0 0 1 6.10142
0 0 0 0 1 6.1352
0 0 0 0 1 6.14443
0 0 0 0 1 6.22197
0 0 0 0 1 6.24302
0 0 0 0 0 6.24645
0 0 0 0 1 6.30622
0 0 0 0 1 6.27134
0 0 0 0 0 6.26235
0 0 0 0 1 6.32906
0 0 0 0 1 6.38347
0 0 0 0 1 6.40647
0 0 0 0 0 6.37792
0 0 0 0 1 6.40746
0 0 0 0 0 6.35315
0 0 0 0 1 6.36356
0 0 0 0 0 6.46988
0 0 0 0 1 6.43544
0 0 0 0 1 6.47785
0 0 0 0 1 6.46922
0 0 0 0 0 6.47358
0 0 0 0 0 6.55641
0 0 0 0 0 6.49477
0 0 0 0 1 6.62361
0 0 0 0 1 6.57561
0 0 0 0 1 6.6459
0 0 0 0 1 6.61694
0 0 0 0 1 6.7012
0 0 0 0 1 6.73969
0 0 0 0 0 6.75153
0 0 0 0 0 6.6888
0 0 0 0 1 6.69994
0 0 0 0 1 6.85362
0 0 0 0 1 6.85175
0 0 0 0 1 6.77463
0 0 0 0 1 6.81353
0 0 0 0 1 6.85956
0 0 0 0 1 6.94735
0 0 0 0 1 7.00146
0 0 0 0 1 6.93718
0 0 0 0 1 6.97712
0 0 0 0 1 6.94719
0 0 0 0 1 7.10696
0 0 0 0 1 7.02725
0 0 0 0 1 7.11046
0 0 0 0 1 7.15148
0 0 0 0 1 7.12839
0 0 0 0 1 7.20552
0 0 0 0 1 7.13186
0 0 0 0 1 7.25965
0 0 0 0 1 7.31615
0 0 0 0 1 7.32886
0 0 0 0 1 7.31995
0 0 0 0 1 7.33988
0 0 0 0 1 7.41977
0 0 0 0 1 7.34364
0 0 0 0 0 7.43805
0 0 0 0 1 7.50363
0 0 0 0 1 7.50159
0 0 0 0 0 7.54468
0 0 0 0 1 7.58041
0 0 0 0 1 7.69289
0 0 0 0 1 7.67574
0 0 0 0 1 7.65054
0 0 0 0 1 7.64809
0 0 0 0 0 7.82396
0 0 0 0 0 7.75953
0 0 0 0 0 7.88276
0 0 0 0 0 7.80984
0 0 0 0 1 7.8303
0 0 0 0 1 8.0261
0 0 0 0 1 7.95155
0 0 0 0 0 7.98891
0 0 0 0 1 8.0506
0 0 0 0 1 8.03971
0 0 0 0 1 8.1664
0 0 0 0 1 8.18001
0 0 0 0 0 8.19292
0 0 0 0 0 8.25532
0 0 0 0 1 8.25213
0 0 0 0 0 8.38181
0 0 0 0 1 8.38641
0 0 0 0 1 8.42454
0 0 0 0 1 8.59033
0 0 0 0 1 8.63786
0 0 0 0 1 8.50577
0 0 0 0 0 8.61312
0 0 0 0 1 8.65101
0 0 0 0 1 8.77715
0 0 0 0 0 8.71883
0 0 0 0 1 8.86453
0 0 0 0 1 8.83193
0 0 0 0 1 8.96846
0 0 0 0 0 8.93506
0 0 0 0 1 9.09106
0 0 0 0 1 9.03975
0 0 0 0 1 9.16057
0 0 0 0 1 9.27314
0 0 0 0 0 9.1916
0 0 0 0 1 9.41782
0 0 0 0 1 9.47504
0 0 0 0 1 9.4767
0 0 0 0 1 9.43849
0 0 0 0 1 9.55247
0 0 0 0 0 9.57211
0 0 0 0 1 9.61914
0 0 0 0 1 9.77372
0 0 0 0 0 9.82135
0 0 0 0 0 9.92984
0 0 0 0 1 10.0761
0 0 0 0 1 10.024
0 0 0 0 1 10.0903
0 0 0 0 1 10.1481
0 0 0 0 1 10.2865
0 0 0 0 1 10.3224
0 0 0 0 0 10.5265
0 0 0 0 1 10.4895
0 0 0 0 1 10.4932
0 0 0 0 1 10.6752
0 0 0 0 1 10.6353
0 0 0 0 1 10.7433
0 0 0 0 1 9.37104
0 0 0 0 1 9.34674
0 0 0 0 1 9.33671
0 0 0 0 1 9.2481
0 0 0 0 1 9.13703
0 0 0 0 1 9.12306
0 0 0 0 1 9.19644
0 0 0 0 1 9.19171
0 0 0 0 1 9.09117
0 0 0 0 1 9.16894
0 0 0 0 1 9.11452
0 0 0 0 1 9.0106
0 0 0 0 1 9.08369
0 0 0 0 1 9.03002
0 0 0 0 1 8.92725
0 0 0 0 0 9.08129
0 0 0 0 0 8.91622
0 0 0 0 1 8.98018
0 0 0 0 1 8.90087
0 0 0 0 1 8.95587
0 0 0 0 1 8.89083
0 0 0 0 1 8.93693
0 0 0 0 1 8.91195
0 0 0 0 1 8.86942
0 0 0 0 0 8.86253
0 0 0 0 0 8.8607
0 0 0 0 0 8.85407
0 0 0 0 1 8.85636
0 0 0 0 1 8.86753
0 0 0 0 1 8.78235
0 0 0 0 1 8.71507
0 0 0 0 1 8.74058
0 0 0 0 0 8.70002
0 0 0 0 1 8.651
0 0 0 0 1 8.74997
0 0 0 0 1 8.75331
0 0 0 0 1 8.68746
0 0 0 0 1 8.73437
0 0 0 0 1 8.6172
0 0 0 0 1 8.58672
0 0 0 0 1 8.61672
0 0 0 0 1 8.67254
0 0 0 0 0 8.54809
0 0 0 0 1 8.63839
0 0 0 0 1 8.60875
0 0 0 0 1 8.52806
0 0 0 0 0 8.46778
0 0 0 0 0 8.54969
0 0 0 0 1 8.53267
0 0 0 0 1 8.71734
0 0 0 0 1 8.77155
0 0 0 0 1 8.94984
0 0 0 0 0 9.08418
0 0 0 0 1 9.24678
0 0 0 0 1 9.36322
0 0 0 0 1 9.45996
0 0 0 0 1 9.69072
0 0 0 0 1 9.91425
0 0 0 0 1 10.0498
0 0 0 0 1 10.174
0 0 0 0 1 10.3691
0 0 0 0 1 10.479
0 0 0 0 0 10.6409
0 0 0 0 1 11.0512
0 0 0 0 1 11.046
0 0 0 0 1 11.3835
0 0 0 0 0 11.6779
0 0 0 0 1 11.8314
0 0 0 0 1 12.006
0 0 0 0 1 12.2717
0 0 0 0 1 12.5102
0 0 0 0 0 12.8733
0 0 0 0 1 22.7964
0 0 0 0 1 22.6185
0 0 0 0 1 22.9159
0 0 0 0 1 22.467
0 0 0 0 1 22.7441
0 0 0 0 1 22.41
0 0 0 0 0 22.6875
0 0 0 0 1 22.7616
0 0 0 0 1 22.6553
0 0 0 0 0 22.369
0 0 0 0 1 22.3767
0 0 0 0 1 22.768
0 0 0 0 1 22.6876
0 0 0 0 0 22.5612
0 0 0 0 1 22.6379
0 0 0 0 1 22.3776
0 0 0 0 1 22.635
0 0 0 0 1 22.6229
0 0 0 0 1 23.0604
0 0 0 0 1 24.0997
0 0 0 0 1 25.1432
0 0 0 0 1 26.3171
0 0 0 0 0 36.5269
0 0 0 0 1 36.621
0 0 0 0 1 36.17
0 0 0 0 1 36.6658
0 0 0 0 1 36.6109
0 0 0 0 0 38.4878
0 0 0 0 1 52.4312
0 0 0 0 1 52.2073
0 0 0 0 1 52.4015
0 0 0 0 1 51.7636
0 0 0 0 1 51.5431
0 0 0 0 1 56.949
0 0 0 0 1 66.0517
0 0 0 0 1 69.3852
0 0 0 0 0 81.6464
0 0 0 0 0 4.98495
0 0 0 0 0 4.99497
0 0 0 0 0 5.04006
0 0 0 0 0 5.02002
0 0 0 0 0 4.98996
0 0 0 0 0 5.03505
0 0 0 0 0 4.96992
0 0 0 0 0 5.04006
0 0 0 0 0 4.97994
0 0 0 0 0 5.04507
0 0 0 0 0 5.05008
0 0 0 0 0 5.02002
0 0 0 0 0 88.4667
0 0 0 0 1 87.1619
0 0 0 0 1 75.8212
0 0 0 0 1 63.3282
0 0 0 0 1 61.0712
0 0 0 0 0 61.143
0 0 0 0 1 60.9733
0 0 0 0 0 51.1066
0 0 0 0 1 47.7472
0 0 0 0 1 48.1915
0 0 0 0 1 39.2349
0 0 0 0 0 36.6725
0 0 0 0 1 35.3468
0 0 0 0 1 35.8941
0 0 0 0 0 35.5137
0 0 0 0 1 35.9913
0 0 0 0 0 28.1621
0 0 0 0 1 26.9375
0 0 0 0 1 25.716
0 0 0 0 0 24.8115
0 0 0 0 1 24.6509
0 0 0 0 1 24.5153
0 0 0 0 1 24.5514
0 0 0 0 1 24.8358
0 0 0 0 1 24.8001
0 0 0 0 1 24.8884
0 0 0 0 0 24.7549
0 0 0 0 1 24.8194
0 0 0 0 1 24.8088
0 0 0 0 1 18.0725
0 0 0 0 1 17.7388
0 0 0 0 1 17.3293
0 0 0 0 1 16.5939
0 0 0 0 1 16.3262
0 0 0 0 1 16.0224
0 0 0 0 0 15.377
0 0 0 0 1 15.227
0 0 0 0 0 14.8901
0 0 0 0 0 14.4375
0 0 0 0 1 14.2118
0 0 0 0 1 13.9425
0 0 0 0 0 13.9405
0 0 0 0 1 13.8274
0 0 0 0 1 14.0207
0 0 0 0 0 14.0334
0 0 0 0 1 14.0485
0 0 0 0 1 13.936
0 0 0 0 1 13.8654
0 0 0 0 1 13.8929
0 0 0 0 0 14.0211
0 0 0 0 1 13.881
0 0 0 0 1 13.9934
0 0 0 0 1 14.1626
0 0 0 0 1 14.18
0 0 0 0 1 13.9418
0 0 0 0 1 14.0698
0 0 0 0 1 14.0174
0 0 0 0 1 14.1887
0 0 0 0 1 14.0634
0 0 0 0 1 14.1249
0 0 0 0 1 14.2975
0 0 0 0 1 14.0617
0 0 0 0 1 14.3488
0 0 0 0 0 14.1842
0 0 0 0 1 14.1732
0 0 0 0 1 14.3796
0 0 0 0 1 14.3264
0 0 0 0 1 14.3336
0 0 0 0 1 14.2949
0 0 0 0 1 8.8877
0 0 0 0 1 8.67736
0 0 0 0 1 8.66745
0 0 0 0 0 8.52021
0 0 0 0 1 8.349
0 0 0 0 1 8.37021
0 0 0 0 1 8.24245
0 0 0 0 1 8.15472
0 0 0 0 1 8.01225
0 0 0 0 1 7.94218
0 0 0 0 0 7.84202
0 0 0 0 1 7.79481
0 0 0 0 1 7.62619
0 0 0 0 1 7.49734
0 0 0 0 0 7.43691
0 0 0 0 1 7.38537
0 0 0 0 1 7.39011
0 0 0 0 1 7.17066
0 0 0 0 1 7.24107
0 0 0 0 1 7.14547
0 0 0 0 1 7.05748
0 0 0 0 1 7.02085
0 0 0 0 1 6.95391
0 0 0 0 1 6.81435
0 0 0 0 1 6.71686
0 0 0 0 1 6.72053
0 0 0 0 0 6.59046
0 0 0 0 1 6.52089
0 0 0 0 1 6.56214
0 0 0 0 1 6.4366
0 0 0 0 1 6.36736
0 0 0 0 1 6.29465
0 0 0 0 1 6.32284
0 0 0 0 1 6.19411
0 0 0 0 1 6.1964
0 0 0 0 1 6.08771
0 0 0 0 1 6.08927
0 0 0 0 1 6.03275
0 0 0 0 0 6.0154
0 0 0 0 0 5.94132
0 0 0 0 1 5.90009
0 0 0 0 1 5.79771
0 0 0 0 1 5.80039
0 0 0 0 1 5.75656
0 0 0 0 1 5.67567
0 0 0 0 1 5.62101
0 0 0 0 0 5.62262
0 0 0 0 0 5.56005
0 0 0 0 1 5.53903
0 0 0 0 0 5.49586
0 0 0 0 1 5.39845
0 0 0 0 1 5.39686
0 0 0 0 1 5.33588
0 0 0 0 1 5.3681
0 0 0 0 1 5.28093
0 0 0 0 1 5.2649
0 0 0 0 1 5.22579
0 0 0 0 1 5.18684
0 0 0 0 1 5.15834
0 0 0 0 1 5.08384
0 0 0 0 1 5.05754
0 0 0 0 0 5.08481
0 0 0 0 1 4.97442
0 0 0 0 0 4.99137
0 0 0 0 1 4.92858
0 0 0 0 1 4.88595
0 0 0 0 1 4.90215
0 0 0 0 1 4.83864
0 0 0 0 0 4.85922
0 0 0 0 1 4.77166
0 0 0 0 1 4.80739
0 0 0 0 1 4.80559
0 0 0 0 1 4.84267
0 0 0 0 1 4.91303
0 0 0 0 0 4.88222
0 0 0 0 1 4.94446
0 0 0 0 1 4.96772
0 0 0 0 1 4.93061
0 0 0 0 1 4.92418
0 0 0 0 1 4.92762
0 0 0 0 1 4.96984
0 0 0 0 1 5.03354
0 0 0 0 1 4.9921
0 0 0 0 1 5.07144
0 0 0 0 0 5.03483
0 0 0 0 0 5.10977
0 0 0 0 1 5.08316
0 0 0 0 1 5.08705
0 0 0 0 1 5.12045
0 0 0 0 1 5.19144
0 0 0 0 0 5.19566
0 0 0 0 1 5.22583
0 0 0 0 1 5.18317
0 0 0 0 1 5.19248
0 0 0 0 1 5.21757
0 0 0 0 0 5.24807
0 0 0 0 1 5.25366
0 0 0 0 1 5.31635
0 0 0 0 1 5.29933
0 0 0 0 0 5.34111
0 0 0 0 1 5.34007
0 0 0 0 1 5.43235
0 0 0 0 1 5.39346
0 0 0 0 1 5.48506
0 0 0 0 1 5.50614
0 0 0 0 1 5.49586
0 0 0 0 1 5.47281
0 0 0 0 1 5.50642
0 0 0 0 1 5.56102
0 0 0 0 1 5.65114
0 0 0 0 1 5.61101
0 0 0 0 1 5.70192
0 0 0 0 1 5.72949
0 0 0 0 0 5.6961
0 0 0 0 1 5.76374
0 0 0 0 0 5.74145
0 0 0 0 1 5.74767
0 0 0 0 1 5.87001
0 0 0 0 1 5.85746
0 0 0 0 1 5.86974
0 0 0 0 1 5.85838
0 0 0 0 1 5.9652
0 0 0 0 1 5.91216
0 0 0 0 1 6.00201
0 0 0 0 1 6.03846
0 0 0 0 1 6.03276
0 0 0 0 1 6.06933
0 0 0 0 0 6.1244
0 0 0 0 1 6.1614
0 0 0 0 1 6.18165
0 0 0 0 1 9.50952
0 0 0 0 0 9.396
0 0 0 0 1 9.43119
0 0 0 0 0 9.38133
0 0 0 0 1 9.41945
0 0 0 0 1 9.27639
0 0 0 0 1 9.29269
0 0 0 0 0 9.32422
0 0 0 0 1 9.21375
0 0 0 0 1 9.23924
0 0 0 0 0 9.22774
0 0 0 0 1 9.07874
0 0 0 0 1 9.18663
0 0 0 0 1 9.17537
0 0 0 0 1 9.00977
0 0 0 0 0 9.12588
0 0 0 0 1 8.96149
0 0 0 0 0 8.99276
0 0 0 0 1 8.89255
0 0 0 0 0 9.04018
0 0 0 0 0 9.01179
0 0 0 0 1 8.84127
0 0 0 0 1 8.93785
0 0 0 0 1 8.92777
0 0 0 0 1 8.88803
0 0 0 0 1 8.78153
0 0 0 0 0 8.702
0 0 0 0 1 8.79099
0 0 0 0 0 8.77293
0 0 0 0 1 8.74293
0 0 0 0 1 8.63847
0 0 0 0 0 8.60037
0 0 0 0 0 8.71265
0 0 0 0 1 8.68328
0 0 0 0 1 8.51167
0 0 0 0 0 8.63709
0 0 0 0 1 8.56053
0 0 0 0 1 8.54905
0 0 0 0 1 8.4697
0 0 0 0 1 8.40773
0 0 0 0 0 8.46447
0 0 0 0 1 8.41134
0 0 0 0 1 8.43788
0 0 0 0 1 8.38521
0 0 0 0 1 8.45845
0 0 0 0 1 8.43952
0 0 0 0 1 8.35404
0 0 0 0 1 8.23951
0 0 0 0 1 8.2546
0 0 0 0 0 8.20348
0 0 0 0 1 8.25624
0 0 0 0 0 8.16421
0 0 0 0 1 8.18786
0 0 0 0 1 8.19506
0 0 0 0 0 8.21871
0 0 0 0 1 8.15239
0 0 0 0 1 8.11092
0 0 0 0 1 8.12672
0 0 0 0 1 8.15066
0 0 0 0 0 8.14217
0 0 0 0 1 8.12571
0 0 0 0 1 8.10134
0 0 0 0 1 8.12554
0 0 0 0 1 8.04106
0 0 0 0 1 8.04941
0 0 0 0 1 8.06585
0 0 0 0 1 8.04232
0 0 0 0 1 7.90718
0 0 0 0 1 8.0475
0 0 0 0 1 7.88115
0 0 0 0 1 8.00954
0 0 0 0 0 8.00274
0 0 0 0 1 7.97234
0 0 0 0 1 7.96156
0 0 0 0 0 7.96311
0 0 0 0 1 7.8545
0 0 0 0 1 7.88352
0 0 0 0 0 7.84183
0 0 0 0 0 7.77345
0 0 0 0 1 7.86988
0 0 0 0 1 7.75504
0 0 0 0 0 7.81566
0 0 0 0 0 7.81062
0 0 0 0 1 7.79018
0 0 0 0 1 7.843
0 0 0 0 1 7.72193
0 0 0 0 1 7.82139
