0 0 0 0 0 5.60282
0 0 0 0 1 5.58423
0 0 0 0 0 5.61022
0 0 0 0 1 5.5218
0 0 0 0 1 5.60377
0 0 0 0 1 5.61345
0 0 0 0 1 5.53838
0 0 0 0 1 5.62097
0 0 0 0 1 5.56591
0 0 0 0 0 5.61524
0 0 0 0 1 5.66486
0 0 0 0 1 5.65271
0 0 0 0 0 5.63146
0 0 0 0 1 5.70992
0 0 0 0 0 5.65838
0 0 0 0 1 5.71101
0 0 0 0 1 5.65946
0 0 0 0 1 5.6477
0 0 0 0 1 5.73306
0 0 0 0 0 5.71971
0 0 0 0 1 5.71395
0 0 0 0 0 5.71973
0 0 0 0 1 5.73137
0 0 0 0 1 5.7489
0 0 0 0 0 5.72799
0 0 0 0 1 5.79774
0 0 0 0 0 5.84469
0 0 0 0 1 5.82806
0 0 0 0 1 5.83471
0 0 0 0 1 5.8881
0 0 0 0 1 5.9009
0 0 0 0 1 5.88025
0 0 0 0 1 5.90058
0 0 0 0 0 5.82555
0 0 0 0 0 5.86208
0 0 0 0 1 5.83984
0 0 0 0 1 5.89443
0 0 0 0 1 5.86637
0 0 0 0 1 5.92138
0 0 0 0 1 5.94695
0 0 0 0 1 5.99655
0 0 0 0 1 5.98663
0 0 0 0 0 6.01996
0 0 0 0 1 6.04617
0 0 0 0 1 5.97024
0 0 0 0 0 6.02672
0 0 0 0 0 6.00972
0 0 0 0 1 6.03638
0 0 0 0 1 6.05713
0 0 0 0 1 6.13289
0 0 0 0 1 6.11739
0 0 0 0 1 6.16311
0 0 0 0 1 6.18965
0 0 0 0 0 6.16915
0 0 0 0 1 6.23396
0 0 0 0 0 6.23106
0 0 0 0 1 6.16614
0 0 0 0 1 6.18078
0 0 0 0 1 6.25893
0 0 0 0 1 6.19987
0 0 0 0 0 6.24623
0 0 0 0 0 6.30641
0 0 0 0 0 6.28489
0 0 0 0 1 6.38347
0 0 0 0 1 6.30498
0 0 0 0 1 6.32064
0 0 0 0 1 6.42022
0 0 0 0 1 6.38518
0 0 0 0 1 6.41493
0 0 0 0 1 6.43766
0 0 0 0 1 6.42252
0 0 0 0 1 6.53621
0 0 0 0 1 6.48223
0 0 0 0 0 6.5127
0 0 0 0 1 6.56294
0 0 0 0 1 6.61942
0 0 0 0 1 6.52485
0 0 0 0 1 6.66143
0 0 0 0 1 6.65915
0 0 0 0 1 6.67679
0 0 0 0 1 6.62778
0 0 0 0 1 6.75977
0 0 0 0 1 6.74482
0 0 0 0 0 6.80331
0 0 0 0 0 6.69318
0 0 0 0 0 6.75184
0 0 0 0 1 6.74278
0 0 0 0 1 6.76779
0 0 0 0 1 6.82725
0 0 0 0 0 6.93531
0 0 0 0 1 6.95426
0 0 0 0 1 6.97373
0 0 0 0 1 6.97197
0 0 0 0 1 7.01902
0 0 0 0 1 6.97523
0 0 0 0 1 6.98734
0 0 0 0 0 7.14036
0 0 0 0 1 7.13175
0 0 0 0 1 7.13724
0 0 0 0 1 7.18559
0 0 0 0 1 7.10504
0 0 0 0 1 7.13186
0 0 0 0 1 7.26689
0 0 0 0 1 7.30889
0 0 0 0 1 7.24126
0 0 0 0 1 7.25401
0 0 0 0 0 7.40613
0 0 0 0 1 7.4493
0 0 0 0 1 7.39557
0 0 0 0 1 7.52004
0 0 0 0 1 7.46623
0 0 0 0 1 7.58428
0 0 0 0 1 7.54468
0 0 0 0 1 7.56523
0 0 0 0 1 7.63958
0 0 0 0 1 7.62217
0 0 0 0 0 7.76588
0 0 0 0 1 7.70217
0 0 0 0 0 7.73858
0 0 0 0 1 7.75173
0 0 0 0 0 7.89059
0 0 0 0 1 7.80984
0 0 0 0 0 7.8303
0 0 0 0 1 7.88306
0 0 0 0 1 8.07142
0 0 0 0 1 7.97285
0 0 0 0 0 8.0748
0 0 0 0 1 8.14507
0 0 0 0 1 8.22345
0 0 0 0 1 8.15545
0 0 0 0 1 8.19292
0 0 0 0 1 8.25532
0 0 0 0 0 8.28541
0 0 0 0 1 8.42363
0 0 0 0 1 8.33594
0 0 0 0 1 8.48375
0 0 0 0 1 8.5393
0 0 0 0 1 8.58655
0 0 0 0 0 8.54013
0 0 0 0 1 8.65632
0 0 0 0 1 8.78143
0 0 0 0 1 8.75092
0 0 0 0 1 8.71883
0 0 0 0 1 8.84685
0 0 0 0 1 8.90308
0 0 0 0 1 8.97741
0 0 0 0 1 8.94407
0 0 0 0 1 9.13638
0 0 0 0 0 9.06709
0 0 0 0 1 9.22476
0 0 0 0 1 9.21778
0 0 0 0 1 9.35872
0 0 0 0 1 9.39916
0 0 0 0 0 9.44684
0 0 0 0 1 9.49562
0 0 0 0 1 9.55278
0 0 0 0 1 9.61002
0 0 0 0 1 9.71685
0 0 0 0 1 9.79404
0 0 0 0 1 9.69545
0 0 0 0 1 9.76224
0 0 0 0 1 9.99921
0 0 0 0 1 9.96627
0 0 0 0 1 10.0441
0 0 0 0 0 10.2119
0 0 0 0 1 10.2705
0 0 0 0 1 10.2351
0 0 0 0 1 10.457
0 0 0 0 1 10.3285
0 0 0 0 1 10.584
0 0 0 0 0 10.673
0 0 0 0 1 10.7605
0 0 0 0 1 10.6461
0 0 0 0 1 10.8407
0 0 0 0 1 9.27798
0 0 0 0 1 9.21679
0 0 0 0 1 9.19777
0 0 0 0 1 9.31277
0 0 0 0 1 9.31221
0 0 0 0 1 9.11386
0 0 0 0 1 9.18726
0 0 0 0 1 9.19171
0 0 0 0 1 9.22822
0 0 0 0 1 9.13248
0 0 0 0 0 9.02356
0 0 0 0 0 9.06505
0 0 0 0 1 9.01123
0 0 0 0 1 9.12944
0 0 0 0 1 8.98136
0 0 0 0 1 9.06329
0 0 0 0 0 9.01499
0 0 0 0 1 8.8816
0 0 0 0 0 9.03505
0 0 0 0 0 8.88444
0 0 0 0 1 8.97101
0 0 0 0 1 8.91915
0 0 0 0 1 8.86756
0 0 0 0 1 8.91373
0 0 0 0 1 8.88906
0 0 0 0 1 8.84305
0 0 0 0 0 8.80121
0 0 0 0 1 8.83877
0 0 0 0 1 8.76217
0 0 0 0 1 8.67717
0 0 0 0 0 8.73257
0 0 0 0 1 8.64453
0 0 0 0 1 8.67387
0 0 0 0 1 8.79025
0 0 0 0 1 8.67176
0 0 0 0 1 8.71861
0 0 0 0 1 8.72211
0 0 0 0 1 8.69113
0 0 0 0 1 8.57402
0 0 0 0 0 8.63845
0 0 0 0 0 8.62533
0 0 0 0 0 8.52642
0 0 0 0 1 8.57384
0 0 0 0 1 8.62125
0 0 0 0 0 8.59164
0 0 0 0 1 8.56224
0 0 0 0 1 8.519
0 0 0 0 1 8.48149
0 0 0 0 1 8.51552
0 0 0 0 1 8.76084
0 0 0 0 0 8.85097
0 0 0 0 1 8.87817
0 0 0 0 1 9.08418
0 0 0 0 1 9.31144
0 0 0 0 1 9.30693
0 0 0 0 1 9.61254
0 0 0 0 0 9.76817
0 0 0 0 1 9.85517
0 0 0 0 1 9.98979
0 0 0 0 1 10.174
0 0 0 0 1 10.4312
0 0 0 0 1 10.6056
0 0 0 0 1 10.7268
0 0 0 0 0 10.9746
0 0 0 0 1 11.046
0 0 0 0 1 11.4744
0 0 0 0 1 11.6663
0 0 0 0 1 11.855
0 0 0 0 1 12.006
0 0 0 0 1 12.2102
0 0 0 0 1 12.5228
0 0 0 0 1 12.7319
0 0 0 0 1 22.5464
0 0 0 0 1 22.7775
0 0 0 0 0 22.7571
0 0 0 0 1 22.8978
0 0 0 0 1 22.7894
0 0 0 0 1 22.7043
0 0 0 0 0 22.5066
0 0 0 0 0 22.513
0 0 0 0 0 22.6101
0 0 0 0 1 22.4141
0 0 0 0 1 22.6925
0 0 0 0 1 22.4975
0 0 0 0 0 22.4398
0 0 0 0 1 22.7188
0 0 0 0 0 22.3679
0 0 0 0 1 22.3776
0 0 0 0 0 22.6125
0 0 0 0 0 22.3758
0 0 0 0 0 23.0836
0 0 0 0 1 24.0997
0 0 0 0 1 25.319
0 0 0 0 1 26.1336
0 0 0 0 1 36.2355
0 0 0 0 1 36.1842
0 0 0 0 1 36.4975
0 0 0 0 1 36.4475
0 0 0 0 1 36.5745
0 0 0 0 1 38.1796
0 0 0 0 1 51.546
0 0 0 0 1 52.2073
0 0 0 0 1 51.621
0 0 0 0 1 51.9717
0 0 0 0 1 51.6471
0 0 0 0 1 56.8362
0 0 0 0 1 65.9207
0 0 0 0 1 70.0819
0 0 0 0 1 82.5463
0 0 0 0 0 5.04507
0 0 0 0 0 4.9599
0 0 0 0 0 5.0601
0 0 0 0 0 4.99998
0 0 0 0 0 4.98996
0 0 0 0 0 5.04507
0 0 0 0 0 5.00499
0 0 0 0 0 4.98996
0 0 0 0 0 5.0601
0 0 0 0 0 5.01501
0 0 0 0 0 5.0601
0 0 0 0 0 5.01501
0 0 0 0 1 87.1529
0 0 0 0 1 86.8991
0 0 0 0 1 75.6709
0 0 0 0 1 64.0305
0 0 0 0 1 60.7685
0 0 0 0 0 60.6587
0 0 0 0 1 60.3073
0 0 0 0 1 51.6739
0 0 0 0 1 47.7952
0 0 0 0 1 47.8075
0 0 0 0 1 38.9993
0 0 0 0 0 36.7093
0 0 0 0 1 35.3112
0 0 0 0 1 35.4303
0 0 0 0 1 35.5137
0 0 0 0 1 35.8842
0 0 0 0 1 28.3306
0 0 0 0 1 26.6695
0 0 0 0 1 25.5366
0 0 0 0 1 24.6638
0 0 0 0 1 24.8479
0 0 0 0 1 24.8849
0 0 0 0 1 24.5268
0 0 0 0 1 24.7618
0 0 0 0 1 24.9235
0 0 0 0 1 24.7649
0 0 0 0 1 24.4584
0 0 0 0 0 24.4733
0 0 0 0 1 24.8336
0 0 0 0 1 18.0543
0 0 0 0 1 17.615
0 0 0 0 1 17.3121
0 0 0 0 1 16.8281
0 0 0 0 1 16.3751
0 0 0 0 1 15.7366
0 0 0 0 1 15.5164
0 0 0 0 1 15.0456
0 0 0 0 1 14.831
0 0 0 0 1 14.3942
0 0 0 0 0 14.1272
0 0 0 0 0 13.9981
0 0 0 0 1 13.9822
0 0 0 0 1 13.9387
0 0 0 0 1 13.9789
0 0 0 0 1 13.9497
0 0 0 0 1 14.0485
0 0 0 0 1 14.0896
0 0 0 0 1 13.9353
0 0 0 0 1 14.1168
0 0 0 0 1 13.923
0 0 0 0 1 14.1474
0 0 0 0 1 14.1198
0 0 0 0 1 13.9097
0 0 0 0 1 14.1519
0 0 0 0 0 14.139
0 0 0 0 1 14.1967
0 0 0 0 1 13.9892
0 0 0 0 1 14.0332
0 0 0 0 1 14.1907
0 0 0 0 1 14.0399
0 0 0 0 1 14.2407
0 0 0 0 1 14.1043
0 0 0 0 1 14.2066
0 0 0 0 1 14.3266
0 0 0 0 1 14.2303
0 0 0 0 1 14.3082
0 0 0 0 1 14.3693
0 0 0 0 0 14.1761
0 0 0 0 1 14.2232
0 0 0 0 1 8.77297
0 0 0 0 1 8.74705
0 0 0 0 1 8.67604
0 0 0 0 1 8.57968
0 0 0 0 1 8.34061
0 0 0 0 0 8.25419
0 0 0 0 1 8.20968
0 0 0 0 1 8.0091
0 0 0 0 1 8.04423
0 0 0 0 0 7.86315
0 0 0 0 1 7.84984
0 0 0 0 1 7.64803
0 0 0 0 0 7.71025
0 0 0 0 1 7.55025
0 0 0 0 1 7.51913
0 0 0 0 1 7.34837
0 0 0 0 1 7.24377
0 0 0 0 1 7.27207
0 0 0 0 1 7.20523
0 0 0 0 0 7.11709
0 0 0 0 1 6.96619
0 0 0 0 1 6.94431
0 0 0 0 1 6.83687
0 0 0 0 1 6.81435
0 0 0 0 1 6.72362
0 0 0 0 0 6.64021
0 0 0 0 1 6.68328
0 0 0 0 0 6.55372
0 0 0 0 0 6.47759
0 0 0 0 1 6.43016
0 0 0 0 0 6.36736
0 0 0 0 1 6.35798
0 0 0 0 1 6.29772
0 0 0 0 0 6.27504
0 0 0 0 1 6.13468
0 0 0 0 1 6.15501
0 0 0 0 0 6.04682
0 0 0 0 1 5.9906
0 0 0 0 1 6.00943
0 0 0 0 1 5.89985
0 0 0 0 1 5.84726
0 0 0 0 1 5.83267
0 0 0 0 1 5.80039
0 0 0 0 1 5.68195
0 0 0 0 1 5.65292
0 0 0 0 1 5.66051
0 0 0 0 1 5.60582
0 0 0 0 1 5.56005
0 0 0 0 1 5.50037
0 0 0 0 1 5.43011
0 0 0 0 0 5.45825
0 0 0 0 1 5.42387
0 0 0 0 1 5.34662
0 0 0 0 1 5.35745
0 0 0 0 1 5.24389
0 0 0 0 1 5.29115
0 0 0 0 1 5.22579
0 0 0 0 1 5.23348
0 0 0 0 1 5.11201
0 0 0 0 1 5.08896
0 0 0 0 0 5.03725
0 0 0 0 0 5.08481
0 0 0 0 1 4.96439
0 0 0 0 1 5.01129
0 0 0 0 0 4.95332
0 0 0 0 1 4.88595
0 0 0 0 0 4.9168
0 0 0 0 1 4.87265
0 0 0 0 1 4.86887
0 0 0 0 1 4.83907
0 0 0 0 1 4.846
0 0 0 0 1 4.85404
0 0 0 0 0 4.81836
0 0 0 0 1 4.9179
0 0 0 0 0 4.88222
0 0 0 0 1 4.94446
0 0 0 0 1 4.94801
0 0 0 0 0 4.98496
0 0 0 0 1 4.99856
0 0 0 0 0 4.92762
0 0 0 0 0 5.0397
0 0 0 0 1 4.97844
0 0 0 0 0 4.9921
0 0 0 0 1 4.99574
0 0 0 0 0 5.08042
0 0 0 0 1 5.06401
0 0 0 0 1 5.14951
0 0 0 0 1 5.13828
0 0 0 0 0 5.16153
0 0 0 0 1 5.12958
0 0 0 0 1 5.21118
0 0 0 0 0 5.1583
0 0 0 0 1 5.18839
0 0 0 0 1 5.24483
0 0 0 0 1 5.2491
0 0 0 0 1 5.30608
0 0 0 0 1 5.32787
0 0 0 0 1 5.32699
0 0 0 0 1 5.38481
0 0 0 0 1 5.33574
0 0 0 0 1 5.35083
0 0 0 0 1 5.3566
0 0 0 0 1 5.40976
0 0 0 0 1 5.4469
0 0 0 0 1 5.44046
0 0 0 0 1 5.49036
0 0 0 0 1 5.47281
0 0 0 0 0 5.50642
0 0 0 0 0 5.62231
0 0 0 0 1 5.58393
0 0 0 0 0 5.66161
0 0 0 0 1 5.66236
0 0 0 0 1 5.63305
0 0 0 0 1 5.679
0 0 0 0 1 5.76374
0 0 0 0 1 5.79323
0 0 0 0 1 5.78814
0 0 0 0 1 5.80608
0 0 0 0 1 5.87496
0 0 0 0 0 5.86974
0 0 0 0 1 5.85838
0 0 0 0 1 5.93558
0 0 0 0 1 5.93002
0 0 0 0 1 6.03193
0 0 0 0 0 6.0565
0 0 0 0 1 6.03276
0 0 0 0 1 6.02073
0 0 0 0 1 6.08165
0 0 0 0 1 6.19209
0 0 0 0 1 6.23105
0 0 0 0 1 9.5
0 0 0 0 1 9.51926
0 0 0 0 0 9.42174
0 0 0 0 1 9.36249
0 0 0 0 1 9.3444
0 0 0 0 1 9.40731
0 0 0 0 1 9.39521
0 0 0 0 1 9.24055
0 0 0 0 1 9.20449
0 0 0 0 1 9.18386
0 0 0 0 0 9.28294
0 0 0 0 1 9.13376
0 0 0 0 1 9.12264
0 0 0 0 0 9.09336
0 0 0 0 1 9.12784
0 0 0 0 1 9.03535
0 0 0 0 1 9.01564
0 0 0 0 1 9.09178
0 0 0 0 1 8.93741
0 0 0 0 1 8.89697
0 0 0 0 1 8.90472
0 0 0 0 0 8.93022
0 0 0 0 1 8.78711
0 0 0 0 1 8.91893
0 0 0 0 1 8.77341
0 0 0 0 1 8.81669
0 0 0 0 1 8.72829
0 0 0 0 1 8.79974
0 0 0 0 1 8.68573
0 0 0 0 1 8.64724
0 0 0 0 1 8.68183
0 0 0 0 1 8.64364
0 0 0 0 1 8.54875
0 0 0 0 1 8.69188
0 0 0 0 1 8.65753
0 0 0 0 1 8.54293
0 0 0 0 1 8.5776
0 0 0 0 1 8.56608
0 0 0 0 1 8.4782
0 0 0 0 1 8.40773
0 0 0 0 1 8.4391
0 0 0 0 0 8.41977
0 0 0 0 1 8.39581
0 0 0 0 1 8.33484
0 0 0 0 1 8.29933
0 0 0 0 1 8.36432
0 0 0 0 1 8.40407
0 0 0 0 1 8.29771
0 0 0 0 1 8.32097
0 0 0 0 0 8.24487
0 0 0 0 1 8.28104
0 0 0 0 1 8.26317
0 0 0 0 1 8.18786
0 0 0 0 1 8.19506
0 0 0 0 1 8.16135
0 0 0 0 1 8.13604
0 0 0 0 0 8.1354
0 0 0 0 1 8.22443
0 0 0 0 1 8.15879
0 0 0 0 1 8.02863
0 0 0 0 1 8.11762
0 0 0 0 1 8.1175
0 0 0 0 1 8.12554
0 0 0 0 1 7.99277
0 0 0 0 1 8.06548
0 0 0 0 1 8.07387
0 0 0 0 1 8.08234
0 0 0 0 1 7.93114
0 0 0 0 1 8.02357
0 0 0 0 0 7.9926
0 0 0 0 1 7.9857
0 0 0 0 1 7.99481
0 0 0 0 1 7.86151
0 0 0 0 0 7.89831
0 0 0 0 1 7.90787
0 0 0 0 1 7.83874
0 0 0 0 1 7.88352
0 0 0 0 0 7.88897
0 0 0 0 1 7.78129
0 0 0 0 1 7.75241
0 0 0 0 1 7.78631
0 0 0 0 1 7.81566
0 0 0 0 1 7.74826
0 0 0 0 1 7.71236
0 0 0 0 1 7.843
0 0 0 0 0 7.78402
0 0 0 0 1 7.75938
