0 0 0 0 1 5.55844
0 0 0 0 1 5.512
0 0 0 0 0 5.55457
0 0 0 0 1 5.53852
0 0 0 0 1 5.63168
0 0 0 0 1 5.6414
0 0 0 0 1 5.65027
0 0 0 0 0 5.58735
0 0 0 0 1 5.66129
0 0 0 0 1 5.5759
0 0 0 0 1 5.68739
0 0 0 0 1 5.59065
0 0 0 0 0 5.6823
0 0 0 0 1 5.61938
0 0 0 0 1 5.64137
0 0 0 0 1 5.62585
0 0 0 0 1 5.63671
0 0 0 0 1 5.6705
0 0 0 0 1 5.65883
0 0 0 0 1 5.7597
0 0 0 0 1 5.6796
0 0 0 0 1 5.68531
0 0 0 0 1 5.77161
0 0 0 0 0 5.70858
0 0 0 0 1 5.72799
0 0 0 0 0 5.72259
0 0 0 0 1 5.78097
0 0 0 0 0 5.78162
0 0 0 0 0 5.78236
0 0 0 0 0 5.87061
0 0 0 0 1 5.89506
0 0 0 0 1 5.88025
0 0 0 0 1 5.883
0 0 0 0 1 5.90189
0 0 0 0 1 5.91505
0 0 0 0 1 5.85754
0 0 0 0 1 5.8826
0 0 0 0 1 5.94932
0 0 0 0 0 5.91544
0 0 0 0 1 5.91123
0 0 0 0 1 5.90705
0 0 0 0 1 6.00457
0 0 0 0 1 5.94209
0 0 0 0 0 5.97412
0 0 0 0 1 5.96422
0 0 0 0 1 5.98449
0 0 0 0 0 6.08839
0 0 0 0 1 6.01211
0 0 0 0 1 6.0997
0 0 0 0 1 6.13289
0 0 0 0 1 6.15406
0 0 0 0 1 6.08347
0 0 0 0 1 6.17736
0 0 0 0 0 6.18762
0 0 0 0 1 6.21544
0 0 0 0 1 6.24344
0 0 0 0 1 6.19716
0 0 0 0 0 6.19323
0 0 0 0 1 6.20277
0 0 0 0 1 6.19987
0 0 0 0 0 6.26506
0 0 0 0 1 6.30641
0 0 0 0 1 6.36692
0 0 0 0 0 6.33918
0 0 0 0 1 6.30498
0 0 0 0 1 6.30154
0 0 0 0 1 6.34364
0 0 0 0 1 6.37877
0 0 0 0 1 6.45345
0 0 0 0 0 6.49566
0 0 0 0 0 6.40313
0 0 0 0 0 6.44543
0 0 0 0 1 6.44972
0 0 0 0 1 6.45403
0 0 0 0 1 6.58909
0 0 0 0 1 6.49477
0 0 0 0 0 6.62361
0 0 0 0 1 6.58221
0 0 0 0 0 6.66578
0 0 0 0 1 6.60364
0 0 0 0 1 6.62778
0 0 0 0 1 6.6326
0 0 0 0 0 6.7381
0 0 0 0 1 6.709
0 0 0 0 1 6.71346
0 0 0 0 1 6.80612
0 0 0 0 1 6.7564
0 0 0 0 1 6.79514
0 0 0 0 1 6.86842
0 0 0 0 1 6.81823
0 0 0 0 1 6.85057
0 0 0 0 1 6.89747
0 0 0 0 1 7.00676
0 0 0 0 1 6.92823
0 0 0 0 1 6.98224
0 0 0 0 0 6.99438
0 0 0 0 1 7.0626
0 0 0 0 1 7.16723
0 0 0 0 1 7.13724
0 0 0 0 1 7.10694
0 0 0 0 0 7.18399
0 0 0 0 1 7.22551
0 0 0 0 1 7.18003
0 0 0 0 1 7.31615
0 0 0 0 1 7.25586
0 0 0 0 0 7.37857
0 0 0 0 1 7.32515
0 0 0 0 1 7.39024
0 0 0 0 1 7.37332
0 0 0 0 1 7.40079
0 0 0 0 0 7.41386
0 0 0 0 1 7.50159
0 0 0 0 1 7.53713
0 0 0 0 1 7.54247
0 0 0 0 1 7.67004
0 0 0 0 0 7.67574
0 0 0 0 1 7.76588
0 0 0 0 0 7.7408
0 0 0 0 1 7.82396
0 0 0 0 1 7.86871
0 0 0 0 1 7.84362
0 0 0 0 0 7.8413
0 0 0 0 1 7.90148
0 0 0 0 1 8.00226
0 0 0 0 1 8.05544
0 0 0 0 1 7.97285
0 0 0 0 1 8.08287
0 0 0 0 0 8.08023
0 0 0 0 1 8.2316
0 0 0 0 1 8.24552
0 0 0 0 1 8.29996
0 0 0 0 1 8.35468
0 0 0 0 1 8.39355
0 0 0 0 1 8.42363
0 0 0 0 1 8.40323
0 0 0 0 1 8.40762
0 0 0 0 1 8.42022
0 0 0 0 1 8.47537
0 0 0 0 1 8.60887
0 0 0 0 1 8.71679
0 0 0 0 0 8.62493
0 0 0 0 1 8.77715
0 0 0 0 1 8.88599
0 0 0 0 1 8.82918
0 0 0 0 1 8.82304
0 0 0 0 1 8.94161
0 0 0 0 0 9.06116
0 0 0 0 1 8.97323
0 0 0 0 1 9.15822
0 0 0 0 1 9.25227
0 0 0 0 1 9.13474
0 0 0 0 1 9.29373
0 0 0 0 1 9.38982
0 0 0 0 0 9.44684
0 0 0 0 0 9.38212
0 0 0 0 1 9.61945
0 0 0 0 1 9.57165
0 0 0 0 1 9.6107
0 0 0 0 1 9.63858
0 0 0 0 1 9.74437
0 0 0 0 1 9.8706
0 0 0 0 1 9.96948
0 0 0 0 1 10.0761
0 0 0 0 1 10.1045
0 0 0 0 0 10.0498
0 0 0 0 0 10.2297
0 0 0 0 1 10.194
0 0 0 0 1 10.4156
0 0 0 0 1 10.4536
0 0 0 0 0 10.458
0 0 0 0 1 10.673
0 0 0 0 1 10.6112
0 0 0 0 1 10.6783
0 0 0 0 1 10.8516
0 0 0 0 1 9.24075
0 0 0 0 1 9.24464
0 0 0 0 0 9.34598
0 0 0 0 0 9.18343
0 0 0 0 1 9.17391
0 0 0 0 1 9.17824
0 0 0 0 1 9.15055
0 0 0 0 1 9.14594
0 0 0 0 0 9.18254
0 0 0 0 1 9.0778
0 0 0 0 1 9.07814
0 0 0 0 0 9.0106
0 0 0 0 0 8.97501
0 0 0 0 1 9.12041
0 0 0 0 1 9.02644
0 0 0 0 1 8.98229
0 0 0 0 1 8.90724
0 0 0 0 1 8.8816
0 0 0 0 1 8.96349
0 0 0 0 1 8.87551
0 0 0 0 1 8.8641
0 0 0 0 0 8.82133
0 0 0 0 1 8.79655
0 0 0 0 0 8.83398
0 0 0 0 1 8.9156
0 0 0 0 1 8.76362
0 0 0 0 1 8.86288
0 0 0 0 1 8.82118
0 0 0 0 1 8.82363
0 0 0 0 1 8.73853
0 0 0 0 0 8.75882
0 0 0 0 1 8.68819
0 0 0 0 1 8.78719
0 0 0 0 1 8.72062
0 0 0 0 1 8.60225
0 0 0 0 1 8.60583
0 0 0 0 1 8.73943
0 0 0 0 0 8.63924
0 0 0 0 1 8.6172
0 0 0 0 1 8.58672
0 0 0 0 1 8.56507
0 0 0 0 1 8.62097
0 0 0 0 1 8.56526
0 0 0 0 1 8.60411
0 0 0 0 1 8.51462
0 0 0 0 1 8.51952
0 0 0 0 1 8.46778
0 0 0 0 1 8.50706
0 0 0 0 1 8.49837
0 0 0 0 1 8.71734
0 0 0 0 1 8.90391
0 0 0 0 1 8.93192
0 0 0 0 1 9.13874
0 0 0 0 1 9.20983
0 0 0 0 1 9.47581
0 0 0 0 1 9.56486
0 0 0 0 1 9.59391
0 0 0 0 1 9.91425
0 0 0 0 1 9.92973
0 0 0 0 0 10.286
0 0 0 0 1 10.3898
0 0 0 0 1 10.6373
0 0 0 0 1 10.8449
0 0 0 0 1 11.0293
0 0 0 0 0 11.1128
0 0 0 0 1 11.4403
0 0 0 0 1 11.6894
0 0 0 0 0 11.9023
0 0 0 0 1 12.1265
0 0 0 0 0 12.284
0 0 0 0 1 12.4976
0 0 0 0 1 12.9247
0 0 0 0 1 22.7055
0 0 0 0 1 22.891
0 0 0 0 1 22.5756
0 0 0 0 1 22.5124
0 0 0 0 1 22.6988
0 0 0 0 1 22.7722
0 0 0 0 0 22.4839
0 0 0 0 1 22.5808
0 0 0 0 1 22.6779
0 0 0 0 0 22.5044
0 0 0 0 0 22.6474
0 0 0 0 0 22.4073
0 0 0 0 1 22.3722
0 0 0 0 0 22.4036
0 0 0 0 1 22.5929
0 0 0 0 1 22.6025
0 0 0 0 1 22.4102
0 0 0 0 1 22.241
0 0 0 0 1 23.2692
0 0 0 0 1 23.9549
0 0 0 0 1 25.1432
0 0 0 0 0 26.1336
0 0 0 0 1 36.1263
0 0 0 0 1 36.5482
0 0 0 0 0 36.2428
0 0 0 0 1 36.0474
0 0 0 0 0 36.2106
0 0 0 0 1 38.6034
0 0 0 0 1 52.0146
0 0 0 0 1 51.7389
0 0 0 0 1 51.673
0 0 0 0 1 51.8676
0 0 0 0 1 51.8551
0 0 0 0 1 56.5543
0 0 0 0 1 64.8733
0 0 0 0 1 69.3852
0 0 0 0 1 81.401
0 0 0 0 0 4.98495
0 0 0 0 0 4.97493
0 0 0 0 0 4.99998
0 0 0 0 0 4.96491
0 0 0 0 0 4.98996
0 0 0 0 0 5.04507
0 0 0 0 0 4.9599
0 0 0 0 0 5.03004
0 0 0 0 0 5.0601
0 0 0 0 0 5.05008
0 0 0 0 0 4.9599
0 0 0 0 0 5.04507
0 0 0 0 0 88.3791
0 0 0 0 1 88.2131
0 0 0 0 1 75.3703
0 0 0 0 1 64.2858
0 0 0 0 1 60.8291
0 0 0 0 1 60.7797
0 0 0 0 0 60.8522
0 0 0 0 1 52.0864
0 0 0 0 1 47.5073
0 0 0 0 1 48.2875
0 0 0 0 1 39.4705
0 0 0 0 1 36.8566
0 0 0 0 1 35.8105
0 0 0 0 1 35.573
0 0 0 0 1 35.585
0 0 0 0 1 35.9913
0 0 0 0 1 28.1902
0 0 0 0 1 26.9643
0 0 0 0 1 25.4853
0 0 0 0 1 24.6884
0 0 0 0 0 24.8479
0 0 0 0 0 24.4167
0 0 0 0 1 24.7239
0 0 0 0 1 24.6385
0 0 0 0 1 24.4793
0 0 0 0 1 24.7896
0 0 0 0 0 24.5078
0 0 0 0 1 24.5969
0 0 0 0 1 24.8583
0 0 0 0 1 18.2545
0 0 0 0 1 17.7035
0 0 0 0 1 17.2777
0 0 0 0 1 16.6441
0 0 0 0 1 16.261
0 0 0 0 1 15.8319
0 0 0 0 0 15.5474
0 0 0 0 1 15.0758
0 0 0 0 1 14.7277
0 0 0 0 1 14.3798
0 0 0 0 1 14.1977
0 0 0 0 1 14.0259
0 0 0 0 1 13.9544
0 0 0 0 0 13.9526
0 0 0 0 1 13.7979
0 0 0 0 0 13.8383
0 0 0 0 1 13.8252
0 0 0 0 0 13.8801
0 0 0 0 1 13.9912
0 0 0 0 1 13.9769
0 0 0 0 1 13.993
0 0 0 0 1 14.1193
0 0 0 0 1 13.9233
0 0 0 0 1 14.0221
0 0 0 0 1 13.9972
0 0 0 0 1 13.9981
0 0 0 0 1 14.0275
0 0 0 0 1 14.1868
0 0 0 0 0 14.0473
0 0 0 0 1 14.0917
0 0 0 0 0 14.0257
0 0 0 0 1 14.0563
0 0 0 0 0 14.2463
0 0 0 0 1 14.2777
0 0 0 0 1 14.3693
0 0 0 0 1 14.2445
0 0 0 0 1 14.2654
0 0 0 0 1 14.2263
0 0 0 0 1 14.219
0 0 0 0 1 14.4382
0 0 0 0 1 8.79944
0 0 0 0 1 8.68607
0 0 0 0 0 8.56426
0 0 0 0 1 8.51172
0 0 0 0 1 8.37417
0 0 0 0 1 8.22104
0 0 0 0 1 8.1851
0 0 0 0 1 8.01719
0 0 0 0 1 7.93229
0 0 0 0 0 7.95798
0 0 0 0 1 7.89675
0 0 0 0 0 7.65576
0 0 0 0 1 7.71025
0 0 0 0 1 7.55025
0 0 0 0 1 7.5266
0 0 0 0 0 7.43717
0 0 0 0 1 7.37547
0 0 0 0 1 7.27207
0 0 0 0 1 7.12636
0 0 0 0 1 7.06742
0 0 0 0 0 7.08557
0 0 0 0 1 6.94431
0 0 0 0 1 6.86441
0 0 0 0 1 6.79389
0 0 0 0 1 6.82498
0 0 0 0 1 6.70045
0 0 0 0 1 6.58383
0 0 0 0 1 6.57999
0 0 0 0 1 6.45158
0 0 0 0 1 6.48175
0 0 0 0 1 6.3929
0 0 0 0 1 6.28832
0 0 0 0 1 6.2161
0 0 0 0 1 6.24391
0 0 0 0 1 6.22726
0 0 0 0 1 6.16725
0 0 0 0 1 6.12566
0 0 0 0 1 5.9906
0 0 0 0 1 5.95572
0 0 0 0 1 5.9117
0 0 0 0 1 5.91771
0 0 0 0 1 5.83267
0 0 0 0 1 5.7657
0 0 0 0 1 5.74509
0 0 0 0 1 5.72686
0 0 0 0 1 5.59279
0 0 0 0 1 5.60582
0 0 0 0 0 5.57675
0 0 0 0 1 5.56112
0 0 0 0 1 5.43559
0 0 0 0 0 5.44738
0 0 0 0 0 5.43467
0 0 0 0 1 5.3842
0 0 0 0 1 5.3468
0 0 0 0 1 5.24918
0 0 0 0 1 5.19666
0 0 0 0 1 5.20493
0 0 0 0 1 5.1713
0 0 0 0 0 5.1326
0 0 0 0 0 5.15033
0 0 0 0 0 5.04232
0 0 0 0 1 4.99914
0 0 0 0 1 5.00952
0 0 0 0 1 5.01628
0 0 0 0 0 4.91373
0 0 0 0 1 4.92036
0 0 0 0 1 4.90215
0 0 0 0 1 4.81435
0 0 0 0 0 4.79166
0 0 0 0 0 4.83426
0 0 0 0 0 4.79291
0 0 0 0 0 4.81044
0 0 0 0 1 4.83295
0 0 0 0 1 4.84966
0 0 0 0 1 4.94092
0 0 0 0 1 4.92973
0 0 0 0 1 4.88394
0 0 0 0 0 4.91085
0 0 0 0 1 4.9341
0 0 0 0 1 4.99731
0 0 0 0 0 4.99978
0 0 0 0 1 5.05858
0 0 0 0 1 5.06249
0 0 0 0 1 5.05125
0 0 0 0 1 5.01964
0 0 0 0 1 5.04876
0 0 0 0 1 5.06275
0 0 0 0 0 5.13828
0 0 0 0 1 5.16667
0 0 0 0 1 5.10896
0 0 0 0 1 5.22671
0 0 0 0 0 5.16869
0 0 0 0 1 5.20403
0 0 0 0 1 5.23959
0 0 0 0 0 5.2596
0 0 0 0 1 5.31663
0 0 0 0 1 5.29077
0 0 0 0 1 5.31635
0 0 0 0 1 5.35275
0 0 0 0 1 5.33574
0 0 0 0 0 5.43696
0 0 0 0 1 5.44858
0 0 0 0 1 5.42605
0 0 0 0 1 5.40873
0 0 0 0 1 5.49519
0 0 0 0 1 5.45185
0 0 0 0 1 5.46728
0 0 0 0 0 5.52307
0 0 0 0 1 5.62231
0 0 0 0 1 5.64554
0 0 0 0 1 5.63912
0 0 0 0 1 5.70192
0 0 0 0 1 5.7068
0 0 0 0 1 5.65049
0 0 0 0 1 5.74085
0 0 0 0 1 5.72994
0 0 0 0 1 5.84018
0 0 0 0 0 5.80027
0 0 0 0 0 5.78162
0 0 0 0 0 5.80523
0 0 0 0 1 5.83481
0 0 0 0 1 5.95927
0 0 0 0 0 5.91812
0 0 0 0 1 5.94217
0 0 0 0 1 5.97831
0 0 0 0 1 6.08112
0 0 0 0 1 6.03896
0 0 0 0 1 6.14882
0 0 0 0 1 6.13072
0 0 0 0 1 6.194
0 0 0 0 1 9.48096
0 0 0 0 1 9.53822
0 0 0 0 1 9.51624
0 0 0 0 1 9.50378
0 0 0 0 0 9.31625
0 0 0 0 1 9.42601
0 0 0 0 1 9.30201
0 0 0 0 1 9.23125
0 0 0 0 1 9.27857
0 0 0 0 1 9.27616
0 0 0 0 1 9.15414
0 0 0 0 0 9.23463
0 0 0 0 1 9.23233
0 0 0 0 1 9.1207
0 0 0 0 1 9.15509
0 0 0 0 1 9.00819
0 0 0 0 1 9.08783
0 0 0 0 0 9.02877
0 0 0 0 0 8.93741
0 0 0 0 1 9.04018
0 0 0 0 1 9.01179
0 0 0 0 0 8.9569
0 0 0 0 0 8.81371
0 0 0 0 1 8.75982
0 0 0 0 1 8.88803
0 0 0 0 0 8.82548
0 0 0 0 0 8.83345
0 0 0 0 1 8.78225
0 0 0 0 1 8.6334
0 0 0 0 1 8.78643
0 0 0 0 1 8.7252
0 0 0 0 1 8.66094
0 0 0 0 1 8.54013
0 0 0 0 1 8.63164
0 0 0 0 1 8.52883
0 0 0 0 1 8.63709
0 0 0 0 1 8.46665
0 0 0 0 1 8.56608
0 0 0 0 0 8.56315
0 0 0 0 1 8.4162
0 0 0 0 1 8.54058
0 0 0 0 1 8.51258
0 0 0 0 0 8.42946
0 0 0 0 1 8.41039
0 0 0 0 1 8.29933
0 0 0 0 1 8.33925
0 0 0 0 1 8.37905
0 0 0 0 1 8.38085
0 0 0 0 1 8.22142
0 0 0 0 1 8.22004
0 0 0 0 0 8.20666
0 0 0 0 0 8.22194
0 0 0 0 1 8.25369
0 0 0 0 1 8.17864
0 0 0 0 0 8.20232
0 0 0 0 1 8.11969
0 0 0 0 1 8.12724
0 0 0 0 0 8.21629
0 0 0 0 1 8.06127
0 0 0 0 1 8.02863
0 0 0 0 0 8.04478
0 0 0 0 1 8.10942
0 0 0 0 1 8.06911
0 0 0 0 1 8.02496
0 0 0 0 1 8.11368
0 0 0 0 1 8.0899
0 0 0 0 1 7.97831
0 0 0 0 1 7.91517
0 0 0 0 1 7.95179
0 0 0 0 0 7.97668
0 0 0 0 0 8.00954
0 0 0 0 0 7.8917
0 0 0 0 1 7.86151
0 0 0 0 1 7.87459
0 0 0 0 1 7.89998
0 0 0 0 0 7.9254
0 0 0 0 1 7.85205
0 0 0 0 1 7.83397
0 0 0 0 1 7.82835
0 0 0 0 1 7.81506
0 0 0 0 1 7.85667
0 0 0 0 1 7.8625
0 0 0 0 1 7.86519
0 0 0 0 0 7.71236
0 0 0 0 1 7.83523
0 0 0 0 1 7.69089
0 0 0 0 1 7.82914
