0 0 0 0 1 5.50851
0 0 0 0 1 5.61201
0 0 0 0 1 5.56013
0 0 0 0 1 5.54966
0 0 0 0 1 5.5647
0 0 0 0 1 5.63022
0 0 0 0 1 5.58873
0 0 0 0 0 5.60976
0 0 0 0 1 5.66129
0 0 0 0 1 5.57028
0 0 0 0 1 5.60292
0 0 0 0 1 5.65271
0 0 0 0 1 5.69359
0 0 0 0 1 5.64767
0 0 0 0 1 5.66405
0 0 0 0 0 5.73371
0 0 0 0 1 5.72771
0 0 0 0 1 5.73888
0 0 0 0 0 5.76161
0 0 0 0 1 5.73685
0 0 0 0 1 5.7483
0 0 0 0 1 5.69678
0 0 0 0 0 5.78311
0 0 0 0 1 5.79499
0 0 0 0 0 5.81452
0 0 0 0 1 5.74572
0 0 0 0 1 5.85048
0 0 0 0 1 5.85709
0 0 0 0 1 5.82889
0 0 0 0 1 5.80065
0 0 0 0 1 5.87169
0 0 0 0 1 5.81589
0 0 0 0 1 5.86542
0 0 0 0 1 5.8138
0 0 0 0 1 5.92093
0 0 0 0 1 5.95782
0 0 0 0 1 5.8826
0 0 0 0 1 5.88414
0 0 0 0 1 5.99859
0 0 0 0 1 5.94099
0 0 0 0 1 5.96075
0 0 0 0 0 5.98663
0 0 0 0 1 6.03194
0 0 0 0 1 6.04017
0 0 0 0 1 5.96422
0 0 0 0 1 6.06895
0 0 0 0 1 6.1126
0 0 0 0 0 6.07278
0 0 0 0 1 6.06321
0 0 0 0 1 6.14508
0 0 0 0 1 6.17239
0 0 0 0 1 6.14473
0 0 0 0 1 6.17121
0 0 0 0 1 6.09527
0 0 0 0 0 6.14138
0 0 0 0 0 6.13824
0 0 0 0 1 6.23438
0 0 0 0 0 6.18078
0 0 0 0 0 6.23397
0 0 0 0 0 6.24366
0 0 0 0 1 6.3404
0 0 0 0 0 6.3127
0 0 0 0 1 6.27227
0 0 0 0 1 6.33286
0 0 0 0 1 6.30498
0 0 0 0 1 6.40339
0 0 0 0 1 6.40746
0 0 0 0 0 6.4172
0 0 0 0 0 6.47272
0 0 0 0 1 6.46344
0 0 0 0 1 6.40959
0 0 0 0 1 6.46488
0 0 0 0 1 6.44972
0 0 0 0 1 6.48662
0 0 0 0 1 6.58909
0 0 0 0 1 6.55381
0 0 0 0 1 6.53802
0 0 0 0 1 6.61522
0 0 0 0 0 6.6194
0 0 0 0 1 6.61029
0 0 0 0 0 6.62111
0 0 0 0 1 6.67945
0 0 0 0 1 6.75153
0 0 0 0 0 6.74268
0 0 0 0 1 6.7067
0 0 0 0 1 6.79255
0 0 0 0 1 6.87219
0 0 0 0 1 6.7883
0 0 0 0 1 6.80667
0 0 0 0 1 6.92843
0 0 0 0 0 6.89896
0 0 0 0 1 6.88361
0 0 0 0 1 6.99284
0 0 0 0 1 6.99109
0 0 0 0 1 7.07338
0 0 0 0 1 7.04363
0 0 0 0 1 7.03432
0 0 0 0 1 7.06079
0 0 0 0 1 7.16573
0 0 0 0 1 7.12839
0 0 0 0 1 7.21269
0 0 0 0 1 7.15347
0 0 0 0 1 7.2307
0 0 0 0 0 7.33068
0 0 0 0 0 7.32886
0 0 0 0 0 7.34926
0 0 0 0 0 7.37669
0 0 0 0 1 7.39024
0 0 0 0 1 7.35106
0 0 0 0 1 7.46787
0 0 0 0 1 7.54852
0 0 0 0 1 7.46401
0 0 0 0 0 7.47671
0 0 0 0 0 7.58041
0 0 0 0 1 7.63958
0 0 0 0 1 7.62217
0 0 0 0 1 7.71974
0 0 0 0 1 7.77943
0 0 0 0 0 7.81619
0 0 0 0 1 7.83752
0 0 0 0 0 7.85145
0 0 0 0 1 7.89635
0 0 0 0 1 7.98849
0 0 0 0 1 7.96253
0 0 0 0 1 8.01548
0 0 0 0 1 8.00497
0 0 0 0 1 8.0748
0 0 0 0 1 8.12886
0 0 0 0 0 8.1175
0 0 0 0 1 8.11451
0 0 0 0 1 8.21762
0 0 0 0 1 8.36296
0 0 0 0 1 8.26877
0 0 0 0 1 8.39854
0 0 0 0 1 8.42005
0 0 0 0 0 8.37379
0 0 0 0 1 8.45424
0 0 0 0 1 8.53523
0 0 0 0 1 8.65182
0 0 0 0 1 8.6304
0 0 0 0 1 8.75535
0 0 0 0 0 8.7247
0 0 0 0 1 8.8332
0 0 0 0 1 8.80266
0 0 0 0 1 8.91198
0 0 0 0 1 8.93266
0 0 0 0 1 9.05216
0 0 0 0 1 8.99136
0 0 0 0 1 9.06709
0 0 0 0 0 9.23393
0 0 0 0 1 9.28237
0 0 0 0 1 9.22874
0 0 0 0 1 9.42716
0 0 0 0 1 9.39044
0 0 0 0 1 9.44833
0 0 0 0 1 9.61945
0 0 0 0 1 9.64838
0 0 0 0 1 9.7072
0 0 0 0 1 9.7746
0 0 0 0 1 9.88134
0 0 0 0 0 9.79179
0 0 0 0 0 9.82083
0 0 0 0 1 10.0661
0 0 0 0 1 10.1346
0 0 0 0 1 10.1612
0 0 0 0 1 10.2399
0 0 0 0 1 10.2351
0 0 0 0 1 10.4259
0 0 0 0 1 10.3598
0 0 0 0 1 10.416
0 0 0 0 0 10.6518
0 0 0 0 1 10.5899
0 0 0 0 1 10.7535
0 0 0 0 1 10.884
0 0 0 0 1 9.3152
0 0 0 0 1 9.27249
0 0 0 0 1 9.28114
0 0 0 0 1 9.31277
0 0 0 0 0 9.27533
0 0 0 0 1 9.10466
0 0 0 0 1 9.19644
0 0 0 0 1 9.20087
0 0 0 0 1 9.09117
0 0 0 0 1 9.08691
0 0 0 0 1 9.06904
0 0 0 0 1 9.03783
0 0 0 0 1 9.11086
0 0 0 0 1 8.98482
0 0 0 0 1 9.09858
0 0 0 0 1 9.09029
0 0 0 0 1 8.94315
0 0 0 0 1 8.93537
0 0 0 0 1 9.01716
0 0 0 0 1 8.98266
0 0 0 0 1 8.9621
0 0 0 0 0 8.80354
0 0 0 0 1 8.92082
0 0 0 0 0 8.77196
0 0 0 0 1 8.79177
0 0 0 0 1 8.78127
0 0 0 0 0 8.8805
0 0 0 0 1 8.82118
0 0 0 0 1 8.70071
0 0 0 0 1 8.80865
0 0 0 0 1 8.68882
0 0 0 0 0 8.67073
0 0 0 0 1 8.67387
0 0 0 0 1 8.73803
0 0 0 0 1 8.68045
0 0 0 0 1 8.65788
0 0 0 0 1 8.57486
0 0 0 0 0 8.62195
0 0 0 0 1 8.56539
0 0 0 0 1 8.56948
0 0 0 0 1 8.56507
0 0 0 0 1 8.5608
0 0 0 0 1 8.4966
0 0 0 0 1 8.62982
0 0 0 0 1 8.57452
0 0 0 0 1 8.6306
0 0 0 0 1 8.48485
0 0 0 0 1 8.49854
0 0 0 0 1 8.58413
0 0 0 0 1 8.63904
0 0 0 0 1 8.85097
0 0 0 0 1 8.87817
0 0 0 0 1 9.15693
0 0 0 0 1 9.28373
0 0 0 0 1 9.46643
0 0 0 0 1 9.44089
0 0 0 0 1 9.67136
0 0 0 0 1 9.82564
0 0 0 0 1 10.0599
0 0 0 0 1 10.2656
0 0 0 0 1 10.4519
0 0 0 0 1 10.574
0 0 0 0 0 10.7912
0 0 0 0 1 10.9199
0 0 0 0 1 11.0794
0 0 0 0 1 11.463
0 0 0 0 1 11.6547
0 0 0 0 1 11.7841
0 0 0 0 1 11.9578
0 0 0 0 1 12.3702
0 0 0 0 0 12.636
0 0 0 0 1 12.7576
0 0 0 0 1 22.5009
0 0 0 0 0 22.8229
0 0 0 0 1 22.5756
0 0 0 0 1 22.8524
0 0 0 0 0 22.4496
0 0 0 0 1 22.6137
0 0 0 0 1 22.6875
0 0 0 0 0 22.4226
0 0 0 0 0 22.3617
0 0 0 0 1 22.4367
0 0 0 0 0 22.512
0 0 0 0 1 22.3848
0 0 0 0 1 22.4398
0 0 0 0 1 22.6287
0 0 0 0 0 22.7279
0 0 0 0 1 22.5125
0 0 0 0 1 22.6125
0 0 0 0 0 22.3983
0 0 0 0 1 22.9676
0 0 0 0 1 24.2927
0 0 0 0 1 25.0176
0 0 0 0 1 26.0288
0 0 0 0 1 36.709
0 0 0 0 1 36.257
0 0 0 0 0 36.4611
0 0 0 0 1 36.4111
0 0 0 0 1 36.3562
0 0 0 0 1 38.5648
0 0 0 0 1 51.5981
0 0 0 0 0 51.5827
0 0 0 0 1 52.4536
0 0 0 0 1 51.7116
0 0 0 0 1 52.4793
0 0 0 0 1 56.216
0 0 0 0 0 65.2661
0 0 0 0 0 69.5246
0 0 0 0 1 80.9919
0 0 0 0 0 5.04507
0 0 0 0 0 5.03004
0 0 0 0 0 5.01501
0 0 0 0 0 4.99998
0 0 0 0 0 4.98495
0 0 0 0 0 5.01501
0 0 0 0 0 5.05008
0 0 0 0 0 5.05509
0 0 0 0 0 4.99497
0 0 0 0 0 4.9599
0 0 0 0 0 5.02002
0 0 0 0 0 5.0601
0 0 0 0 1 87.0653
0 0 0 0 1 87.6875
0 0 0 0 1 75.8212
0 0 0 0 1 63.9666
0 0 0 0 1 60.8896
0 0 0 0 1 60.1744
0 0 0 0 1 60.7311
0 0 0 0 0 52.0349
0 0 0 0 1 48.371
0 0 0 0 0 47.6635
0 0 0 0 1 39.5491
0 0 0 0 1 36.5252
0 0 0 0 1 35.5965
0 0 0 0 0 35.6444
0 0 0 0 1 35.9063
0 0 0 0 1 35.5629
0 0 0 0 1 27.9656
0 0 0 0 0 26.6963
0 0 0 0 1 25.8955
0 0 0 0 0 24.3684
0 0 0 0 1 24.5278
0 0 0 0 1 24.8109
0 0 0 0 1 24.8225
0 0 0 0 1 24.8111
0 0 0 0 1 24.5287
0 0 0 0 1 24.4686
0 0 0 0 1 24.9278
0 0 0 0 1 24.6464
0 0 0 0 0 24.8583
0 0 0 0 1 18.1635
0 0 0 0 1 17.6327
0 0 0 0 1 17.0542
0 0 0 0 1 16.6441
0 0 0 0 1 16.3751
0 0 0 0 1 15.7525
0 0 0 0 1 15.408
0 0 0 0 1 14.9851
0 0 0 0 1 14.7868
0 0 0 0 0 14.5096
0 0 0 0 1 14.0003
0 0 0 0 1 13.8037
0 0 0 0 1 13.8015
0 0 0 0 1 13.7857
0 0 0 0 1 13.7979
0 0 0 0 0 13.8522
0 0 0 0 1 13.8252
0 0 0 0 1 13.9499
0 0 0 0 1 13.9074
0 0 0 0 0 14.0748
0 0 0 0 1 14.0631
0 0 0 0 1 13.909
0 0 0 0 1 13.9934
0 0 0 0 1 14.008
0 0 0 0 0 13.9831
0 0 0 0 0 14.2094
0 0 0 0 0 13.9993
0 0 0 0 1 14.1021
0 0 0 0 1 14.0049
0 0 0 0 1 14.219
0 0 0 0 1 14.1249
0 0 0 0 1 14.0989
0 0 0 0 1 14.0759
0 0 0 0 0 14.1071
0 0 0 0 1 14.3693
0 0 0 0 1 14.2445
0 0 0 0 1 14.2654
0 0 0 0 1 14.2549
0 0 0 0 1 14.2047
0 0 0 0 1 14.2232
0 0 0 0 1 8.84357
0 0 0 0 1 8.69478
0 0 0 0 0 8.52127
0 0 0 0 1 8.5372
0 0 0 0 1 8.47486
0 0 0 0 0 8.23762
0 0 0 0 1 8.11955
0 0 0 0 1 8.12236
0 0 0 0 1 7.94028
0 0 0 0 1 7.96589
0 0 0 0 1 7.76384
0 0 0 0 1 7.65576
0 0 0 0 1 7.58034
0 0 0 0 0 7.48223
0 0 0 0 1 7.42944
0 0 0 0 1 7.42237
0 0 0 0 1 7.33889
0 0 0 0 0 7.17066
0 0 0 0 1 7.09769
0 0 0 0 0 7.15257
0 0 0 0 0 6.99427
0 0 0 0 1 6.90256
0 0 0 0 0 6.94703
0 0 0 0 1 6.77342
0 0 0 0 1 6.80471
0 0 0 0 1 6.63351
0 0 0 0 1 6.58383
0 0 0 0 1 6.57999
0 0 0 0 1 6.4841
0 0 0 0 0 6.46885
0 0 0 0 1 6.43761
0 0 0 0 1 6.32631
0 0 0 0 1 6.26005
0 0 0 0 1 6.20034
0 0 0 0 1 6.22108
0 0 0 0 1 6.15501
0 0 0 0 1 6.03469
0 0 0 0 1 6.02673
0 0 0 0 0 5.97362
0 0 0 0 1 5.92947
0 0 0 0 1 5.86487
0 0 0 0 1 5.87346
0 0 0 0 1 5.84087
0 0 0 0 1 5.69917
0 0 0 0 1 5.64155
0 0 0 0 1 5.69437
0 0 0 0 0 5.57782
0 0 0 0 1 5.52666
0 0 0 0 0 5.57769
0 0 0 0 1 5.52874
0 0 0 0 1 5.47456
0 0 0 0 0 5.42927
0 0 0 0 1 5.35735
0 0 0 0 1 5.27224
0 0 0 0 1 5.30739
0 0 0 0 1 5.19666
0 0 0 0 1 5.2623
0 0 0 0 1 5.12984
0 0 0 0 1 5.16864
0 0 0 0 1 5.13499
0 0 0 0 1 5.07783
0 0 0 0 1 5.06969
0 0 0 0 1 5.05967
0 0 0 0 1 4.96148
0 0 0 0 1 4.92858
0 0 0 0 1 4.86629
0 0 0 0 0 4.84356
0 0 0 0 0 4.85322
0 0 0 0 1 4.83027
0 0 0 0 1 4.76685
0 0 0 0 0 4.82187
0 0 0 0 1 4.82981
0 0 0 0 0 4.83295
0 0 0 0 1 4.9179
0 0 0 0 0 4.93114
0 0 0 0 1 4.88063
0 0 0 0 1 4.96279
0 0 0 0 0 4.89603
0 0 0 0 0 4.92418
0 0 0 0 1 4.92762
0 0 0 0 1 4.94988
0 0 0 0 1 4.97343
0 0 0 0 1 5.05746
0 0 0 0 1 5.06639
0 0 0 0 0 5.0399
0 0 0 0 0 5.13519
0 0 0 0 1 5.10868
0 0 0 0 1 5.15365
0 0 0 0 1 5.14613
0 0 0 0 1 5.11927
0 0 0 0 1 5.20601
0 0 0 0 0 5.17388
0 0 0 0 1 5.22489
0 0 0 0 1 5.2553
0 0 0 0 1 5.30689
0 0 0 0 1 5.24279
0 0 0 0 0 5.28546
0 0 0 0 1 5.36425
0 0 0 0 1 5.28865
0 0 0 0 0 5.34647
0 0 0 0 1 5.34007
0 0 0 0 1 5.43776
0 0 0 0 1 5.47493
0 0 0 0 0 5.44144
0 0 0 0 1 5.51161
0 0 0 0 0 5.54537
0 0 0 0 1 5.55012
0 0 0 0 1 5.53418
0 0 0 0 1 5.51644
0 0 0 0 0 5.58393
0 0 0 0 1 5.59414
0 0 0 0 1 5.60585
0 0 0 0 0 5.65574
0 0 0 0 1 5.73032
0 0 0 0 1 5.67217
0 0 0 0 1 5.75871
0 0 0 0 1 5.84018
0 0 0 0 1 5.84676
0 0 0 0 1 5.86913
0 0 0 0 1 5.86974
0 0 0 0 1 5.94089
0 0 0 0 1 5.89411
0 0 0 0 1 5.93598
0 0 0 0 1 6.03792
0 0 0 0 1 6.0565
0 0 0 0 0 6.06903
0 0 0 0 0 6.05718
0 0 0 0 1 6.08776
0 0 0 0 1 6.14299
0 0 0 0 1 6.18783
0 0 0 0 1 9.45241
0 0 0 0 0 9.42445
0 0 0 0 1 9.47844
0 0 0 0 1 9.50378
0 0 0 0 1 9.43822
0 0 0 0 1 9.32315
0 0 0 0 1 9.27405
0 0 0 0 1 9.26844
0 0 0 0 1 9.32487
0 0 0 0 0 9.18386
0 0 0 0 1 9.17254
0 0 0 0 1 9.23463
0 0 0 0 1 9.15007
0 0 0 0 0 9.1207
0 0 0 0 1 9.07335
0 0 0 0 1 8.97197
0 0 0 0 1 9.10588
0 0 0 0 1 9.09178
0 0 0 0 1 9.04509
0 0 0 0 1 8.86117
0 0 0 0 0 8.83334
0 0 0 0 1 8.87685
0 0 0 0 1 8.84918
0 0 0 0 0 8.87474
0 0 0 0 1 8.8704
0 0 0 0 1 8.84306
0 0 0 0 1 8.67571
0 0 0 0 1 8.81723
0 0 0 0 1 8.677
0 0 0 0 1 8.67334
0 0 0 0 0 8.69918
0 0 0 0 1 8.62633
0 0 0 0 1 8.71265
0 0 0 0 0 8.54558
0 0 0 0 0 8.50309
0 0 0 0 0 8.61997
0 0 0 0 1 8.44958
0 0 0 0 1 8.56608
0 0 0 0 1 8.41024
0 0 0 0 1 8.4501
0 0 0 0 0 8.50675
0 0 0 0 1 8.4957
0 0 0 0 1 8.4547
0 0 0 0 1 8.41039
0 0 0 0 0 8.41658
0 0 0 0 1 8.42281
0 0 0 0 1 8.40407
0 0 0 0 1 8.26445
0 0 0 0 1 8.37075
0 0 0 0 1 8.32765
0 0 0 0 1 8.18186
0 0 0 0 1 8.31265
0 0 0 0 0 8.27015
0 0 0 0 1 8.15401
0 0 0 0 1 8.21871
0 0 0 0 1 8.11151
0 0 0 0 1 8.217
0 0 0 0 1 8.13486
0 0 0 0 1 8.07753
0 0 0 0 0 8.13406
0 0 0 0 1 8.02859
0 0 0 0 1 8.06903
0 0 0 0 1 8.03687
0 0 0 0 1 8.01692
0 0 0 0 1 8.01728
0 0 0 0 1 8.07387
0 0 0 0 0 7.97831
0 0 0 0 1 7.96309
0 0 0 0 0 7.99965
0 0 0 0 0 8.04037
0 0 0 0 1 7.93803
0 0 0 0 0 7.92343
0 0 0 0 0 7.86151
0 0 0 0 0 7.94574
0 0 0 0 1 7.84473
0 0 0 0 1 7.83874
0 0 0 0 1 7.87566
0 0 0 0 1 7.88112
0 0 0 0 1 7.90679
0 0 0 0 0 7.81506
0 0 0 0 1 7.84885
0 0 0 0 1 7.84689
0 0 0 0 1 7.80283
0 0 0 0 0 7.72014
0 0 0 0 1 7.80414
0 0 0 0 0 7.7685
0 0 0 0 1 7.82914
