0 0 0 0 1 5.5307
0 0 0 0 1 5.61201
0 0 0 0 0 5.55457
0 0 0 0 0 5.62767
0 0 0 0 0 5.52563
0 0 0 0 1 5.58549
0 0 0 0 1 5.55517
0 0 0 0 1 5.62658
0 0 0 0 1 5.59957
0 0 0 0 1 5.66021
0 0 0 0 1 5.61418
0 0 0 0 1 5.64707
0 0 0 0 1 5.59192
0 0 0 0 1 5.6307
0 0 0 0 1 5.70374
0 0 0 0 1 5.69398
0 0 0 0 1 5.71634
0 0 0 0 1 5.73888
0 0 0 0 0 5.65883
0 0 0 0 1 5.72542
0 0 0 0 1 5.76548
0 0 0 0 0 5.74842
0 0 0 0 1 5.73137
0 0 0 0 1 5.74314
0 0 0 0 1 5.7453
0 0 0 0 1 5.73994
0 0 0 0 1 5.78097
0 0 0 0 1 5.78743
0 0 0 0 1 5.77654
0 0 0 0 1 5.87061
0 0 0 0 1 5.87753
0 0 0 0 1 5.80418
0 0 0 0 0 5.87128
0 0 0 0 1 5.90189
0 0 0 0 0 5.86208
0 0 0 0 1 5.83984
0 0 0 0 1 5.95946
0 0 0 0 1 5.97895
0 0 0 0 1 5.95702
0 0 0 0 1 6.00647
0 0 0 0 1 5.93688
0 0 0 0 1 5.99859
0 0 0 0 1 6.03194
0 0 0 0 1 6.02816
0 0 0 0 0 6.03644
0 0 0 0 1 5.98449
0 0 0 0 1 6.07024
0 0 0 0 1 6.07885
0 0 0 0 0 6.0997
0 0 0 0 1 6.07193
0 0 0 0 1 6.06239
0 0 0 0 1 6.12023
0 0 0 0 1 6.1835
0 0 0 0 1 6.12605
0 0 0 0 1 6.15989
0 0 0 0 0 6.20012
0 0 0 0 1 6.20957
0 0 0 0 1 6.2119
0 0 0 0 1 6.19653
0 0 0 0 1 6.26869
0 0 0 0 1 6.24623
0 0 0 0 1 6.23718
0 0 0 0 1 6.32906
0 0 0 0 1 6.38347
0 0 0 0 1 6.36206
0 0 0 0 1 6.327
0 0 0 0 1 6.3564
0 0 0 0 1 6.46203
0 0 0 0 1 6.41493
0 0 0 0 1 6.48921
0 0 0 0 1 6.46775
0 0 0 0 1 6.47785
0 0 0 0 1 6.43671
0 0 0 0 1 6.49966
0 0 0 0 1 6.58255
0 0 0 0 0 6.53413
0 0 0 0 1 6.60386
0 0 0 0 1 6.61522
0 0 0 0 1 6.57302
0 0 0 0 1 6.59034
0 0 0 0 1 6.68785
0 0 0 0 0 6.71961
0 0 0 0 0 6.65086
0 0 0 0 0 6.74268
0 0 0 0 0 6.81487
0 0 0 0 1 6.77898
0 0 0 0 1 6.80408
0 0 0 0 0 6.76779
0 0 0 0 0 6.90959
0 0 0 0 1 6.89399
0 0 0 0 1 6.8644
0 0 0 0 1 6.87668
0 0 0 0 1 6.93718
0 0 0 0 0 6.92823
0 0 0 0 0 7.07338
0 0 0 0 0 7.06474
0 0 0 0 1 7.00604
0 0 0 0 1 7.11756
0 0 0 0 1 7.13011
0 0 0 0 1 7.08549
0 0 0 0 1 7.13375
0 0 0 0 0 7.22551
0 0 0 0 1 7.26689
0 0 0 0 1 7.23623
0 0 0 0 1 7.24126
0 0 0 0 1 7.35659
0 0 0 0 0 7.42086
0 0 0 0 1 7.36809
0 0 0 0 0 7.35106
0 0 0 0 1 7.49768
0 0 0 0 0 7.45875
0 0 0 0 1 7.50911
0 0 0 0 1 7.52202
0 0 0 0 1 7.60317
0 0 0 0 1 7.57864
0 0 0 0 0 7.68339
0 0 0 0 1 7.61978
0 0 0 0 1 7.70217
0 0 0 0 1 7.73858
0 0 0 0 1 7.80632
0 0 0 0 1 7.79665
0 0 0 0 0 7.83343
0 0 0 0 1 7.95685
0 0 0 0 1 7.91485
0 0 0 0 1 8.03147
0 0 0 0 1 8.02102
0 0 0 0 1 8.0264
0 0 0 0 1 8.13697
0 0 0 0 1 8.19085
0 0 0 0 1 8.2537
0 0 0 0 1 8.24232
0 0 0 0 1 8.27188
0 0 0 0 1 8.40187
0 0 0 0 0 8.32325
0 0 0 0 1 8.48735
0 0 0 0 1 8.54296
0 0 0 0 1 8.52229
0 0 0 0 1 8.50102
0 0 0 0 1 8.58309
0 0 0 0 1 8.57857
0 0 0 0 1 8.68579
0 0 0 0 1 8.69847
0 0 0 0 1 8.78921
0 0 0 0 0 8.79382
0 0 0 0 1 8.93866
0 0 0 0 1 8.87895
0 0 0 0 1 9.08818
0 0 0 0 1 9.00042
0 0 0 0 1 9.05798
0 0 0 0 1 9.25227
0 0 0 0 0 9.2916
0 0 0 0 1 9.24731
0 0 0 0 1 9.28715
0 0 0 0 1 9.35284
0 0 0 0 1 9.38212
0 0 0 0 1 9.54325
0 0 0 0 1 9.53329
0 0 0 0 1 9.60105
0 0 0 0 0 9.61914
0 0 0 0 0 9.76394
0 0 0 0 0 9.8312
0 0 0 0 1 9.96948
0 0 0 0 1 10.0162
0 0 0 0 1 10.0843
0 0 0 0 1 10.1714
0 0 0 0 0 10.1379
0 0 0 0 1 10.3584
0 0 0 0 1 10.3845
0 0 0 0 1 10.5161
0 0 0 0 1 10.4475
0 0 0 0 0 10.4932
0 0 0 0 1 10.6858
0 0 0 0 1 10.775
0 0 0 0 1 10.8082
0 0 0 0 0 10.95
0 0 0 0 1 11.0291
0 0 0 0 1 10.9841
0 0 0 0 1 11.203
0 0 0 0 1 11.3501
0 0 0 0 1 11.4254
0 0 0 0 1 11.4318
0 0 0 0 1 11.6448
0 0 0 0 0 11.7085
0 0 0 0 0 11.6515
0 0 0 0 1 11.9149
0 0 0 0 1 12.0708
0 0 0 0 0 12.1433
0 0 0 0 1 12.182
0 0 0 0 1 12.2011
0 0 0 0 0 12.3301
0 0 0 0 1 12.6258
0 0 0 0 1 12.6528
0 0 0 0 1 12.8513
0 0 0 0 1 12.851
0 0 0 0 0 12.8875
0 0 0 0 1 13.0932
0 0 0 0 1 13.1373
0 0 0 0 1 13.3315
0 0 0 0 1 13.4552
0 0 0 0 1 13.7704
0 0 0 0 1 13.9329
0 0 0 0 1 14.0262
0 0 0 0 1 13.9773
0 0 0 0 1 14.1906
0 0 0 0 1 14.3766
0 0 0 0 1 14.4613
0 0 0 0 1 14.8933
0 0 0 0 1 14.9436
0 0 0 0 1 15.0669
0 0 0 0 1 15.3152
0 0 0 0 1 15.3548
0 0 0 0 1 15.7763
0 0 0 0 1 15.9757
0 0 0 0 1 15.9093
0 0 0 0 1 16.3916
0 0 0 0 0 16.5688
0 0 0 0 0 16.6787
0 0 0 0 1 16.7622
0 0 0 0 1 17.272
0 0 0 0 1 17.329
0 0 0 0 1 17.7604
0 0 0 0 1 17.7257
0 0 0 0 1 17.9098
0 0 0 0 0 18.3674
0 0 0 0 1 18.636
0 0 0 0 1 18.9334
0 0 0 0 1 19.2222
0 0 0 0 0 19.5988
0 0 0 0 1 19.9287
0 0 0 0 1 20.3094
0 0 0 0 1 20.3656
0 0 0 0 0 20.6709
0 0 0 0 1 21.1865
0 0 0 0 1 21.6104
0 0 0 0 1 21.8282
0 0 0 0 0 22.2703
0 0 0 0 1 22.5203
0 0 0 0 1 23.2263
0 0 0 0 0 23.5266
0 0 0 0 1 24.081
0 0 0 0 1 24.6739
0 0 0 0 1 24.9429
0 0 0 0 1 25.2072
0 0 0 0 1 25.9906
0 0 0 0 1 26.354
0 0 0 0 1 27.0742
0 0 0 0 1 27.6265
0 0 0 0 1 28.2346
0 0 0 0 1 28.8034
0 0 0 0 1 29.8831
0 0 0 0 0 30.1996
0 0 0 0 1 31.0867
0 0 0 0 1 29.0981
0 0 0 0 1 29.3093
0 0 0 0 0 29.2595
0 0 0 0 1 29.1232
0 0 0 0 1 29.1037
0 0 0 0 0 28.8833
0 0 0 0 1 29.1835
0 0 0 0 1 28.7604
0 0 0 0 1 29.1192
0 0 0 0 1 28.8147
0 0 0 0 1 28.8275
0 0 0 0 1 28.6388
0 0 0 0 1 28.7116
0 0 0 0 1 28.9568
0 0 0 0 1 28.6258
0 0 0 0 1 28.9594
0 0 0 0 1 29.2502
0 0 0 0 1 30.9417
0 0 0 0 1 32.4562
0 0 0 0 1 64.3402
0 0 0 0 1 67.0985
0 0 0 0 1 71.7444
0 0 0 0 1 76.5326
0 0 0 0 1 80.0959
0 0 0 0 1 87.361
0 0 0 0 1 94.1625
0 0 0 0 0 5.0601
0 0 0 0 0 5.04507
0 0 0 0 1 20.3648
0 0 0 0 1 20.5665
0 0 0 0 1 20.5221
0 0 0 0 1 20.6218
0 0 0 0 0 20.3523
0 0 0 0 1 20.3501
0 0 0 0 0 20.3484
0 0 0 0 1 20.696
0 0 0 0 1 20.346
0 0 0 0 1 20.6534
0 0 0 0 1 20.7353
0 0 0 0 1 20.6534
0 0 0 0 1 20.6745
0 0 0 0 1 20.347
0 0 0 0 1 20.6769
0 0 0 0 1 20.6992
0 0 0 0 1 20.5782
0 0 0 0 1 20.4986
0 0 0 0 1 20.6659
0 0 0 0 1 20.5049
0 0 0 0 1 20.6319
0 0 0 0 1 20.3478
0 0 0 0 0 4.97994
0 0 0 0 0 5.03004
0 0 0 0 0 5.02503
0 0 0 0 0 5.03004
0 0 0 0 0 4.9599
0 0 0 0 1 100.483
0 0 0 0 1 95.2027
0 0 0 0 1 89.4056
0 0 0 0 0 84.1736
0 0 0 0 1 81.6368
0 0 0 0 1 76.769
0 0 0 0 0 74.1061
0 0 0 0 1 70.0494
0 0 0 0 0 68.2728
0 0 0 0 0 64.9373
0 0 0 0 1 62.4751
0 0 0 0 1 60.803
0 0 0 0 1 59.0666
0 0 0 0 1 56.0973
0 0 0 0 0 55.1692
0 0 0 0 0 53.412
0 0 0 0 0 51.0271
0 0 0 0 1 49.8886
0 0 0 0 1 48.5276
0 0 0 0 0 47.7066
0 0 0 0 1 45.6853
0 0 0 0 1 44.9032
0 0 0 0 1 43.2331
0 0 0 0 1 42.288
0 0 0 0 1 41.78
0 0 0 0 1 40.5072
0 0 0 0 1 39.734
0 0 0 0 0 38.9259
0 0 0 0 1 38.2485
0 0 0 0 1 37.242
0 0 0 0 1 36.3924
0 0 0 0 1 35.2461
0 0 0 0 1 35.1412
0 0 0 0 0 33.9295
0 0 0 0 1 33.2803
0 0 0 0 1 32.651
0 0 0 0 0 32.6001
0 0 0 0 1 31.5888
0 0 0 0 0 30.9023
0 0 0 0 1 30.4542
0 0 0 0 1 30.1332
0 0 0 0 1 29.5984
0 0 0 0 0 28.7649
0 0 0 0 1 28.6105
0 0 0 0 1 28.1563
0 0 0 0 0 27.8783
0 0 0 0 1 27.0059
0 0 0 0 0 27.0157
0 0 0 0 0 26.6983
0 0 0 0 0 25.8844
0 0 0 0 1 25.8979
0 0 0 0 0 25.1008
0 0 0 0 1 24.75
0 0 0 0 1 24.5226
0 0 0 0 1 24.1172
0 0 0 0 0 24.1068
0 0 0 0 0 23.7341
0 0 0 0 1 23.4289
0 0 0 0 1 22.8804
0 0 0 0 0 22.8974
0 0 0 0 1 22.2303
0 0 0 0 1 22.3454
0 0 0 0 1 21.6666
0 0 0 0 1 21.545
0 0 0 0 1 21.5822
0 0 0 0 0 21.0614
0 0 0 0 1 20.777
0 0 0 0 0 20.5559
0 0 0 0 1 20.2512
0 0 0 0 1 20.2826
0 0 0 0 1 19.9878
0 0 0 0 1 19.6069
0 0 0 0 1 19.6976
0 0 0 0 1 19.3865
0 0 0 0 1 19.0872
0 0 0 0 1 18.7804
0 0 0 0 1 18.5888
0 0 0 0 0 18.518
0 0 0 0 1 18.4729
0 0 0 0 1 18.007
0 0 0 0 1 17.8533
0 0 0 0 1 17.7441
0 0 0 0 1 17.5989
0 0 0 0 0 17.4187
0 0 0 0 0 17.3259
0 0 0 0 1 17.3352
0 0 0 0 1 16.9251
0 0 0 0 1 16.773
0 0 0 0 0 16.8219
0 0 0 0 0 16.5451
0 0 0 0 1 16.3859
0 0 0 0 1 16.1784
0 0 0 0 0 16.2146
0 0 0 0 0 16.0096
0 0 0 0 1 15.7973
0 0 0 0 1 15.5937
0 0 0 0 1 15.5896
0 0 0 0 0 15.551
0 0 0 0 1 15.3662
0 0 0 0 1 15.3962
0 0 0 0 1 15.2968
0 0 0 0 1 15.0834
0 0 0 0 1 14.9313
0 0 0 0 1 14.9454
0 0 0 0 0 14.6262
0 0 0 0 1 14.6456
0 0 0 0 1 14.4116
0 0 0 0 1 14.2228
0 0 0 0 1 14.2922
0 0 0 0 1 14.2603
0 0 0 0 1 13.9746
0 0 0 0 1 14.0493
0 0 0 0 1 13.7806
0 0 0 0 1 13.8673
0 0 0 0 1 13.7654
0 0 0 0 1 13.6537
0 0 0 0 1 13.4261
0 0 0 0 1 13.2676
0 0 0 0 1 13.3766
0 0 0 0 0 13.1079
0 0 0 0 1 13.1573
0 0 0 0 1 12.9702
0 0 0 0 1 13.0571
0 0 0 0 1 12.794
0 0 0 0 1 12.7337
0 0 0 0 1 12.6145
0 0 0 0 1 12.5973
0 0 0 0 1 12.6883
0 0 0 0 1 12.4818
0 0 0 0 1 12.3926
0 0 0 0 1 12.2464
0 0 0 0 0 12.2163
0 0 0 0 0 12.2793
0 0 0 0 1 12.1102
0 0 0 0 1 11.9745
0 0 0 0 1 11.9359
0 0 0 0 1 11.9373
0 0 0 0 1 11.8033
0 0 0 0 1 11.8752
0 0 0 0 1 11.7068
0 0 0 0 1 11.7618
0 0 0 0 0 11.5949
0 0 0 0 1 11.6144
0 0 0 0 1 11.5412
0 0 0 0 1 11.56
0 0 0 0 1 11.3048
0 0 0 0 1 11.3087
0 0 0 0 1 11.1656
0 0 0 0 1 11.1171
0 0 0 0 1 11.2325
0 0 0 0 1 11.0057
0 0 0 0 1 10.943
0 0 0 0 1 10.9356
0 0 0 0 1 10.906
0 0 0 0 1 10.7893
0 0 0 0 1 10.8252
0 0 0 0 1 10.6986
0 0 0 0 1 10.8308
0 0 0 0 1 10.769
0 0 0 0 0 10.5479
0 0 0 0 1 10.5335
0 0 0 0 1 10.5893
0 0 0 0 0 10.5288
0 0 0 0 0 10.364
0 0 0 0 0 10.4991
0 0 0 0 1 10.2732
0 0 0 0 1 10.2523
0 0 0 0 0 10.3444
0 0 0 0 1 10.2616
0 0 0 0 0 10.2915
0 0 0 0 1 10.067
0 0 0 0 0 10.1072
0 0 0 0 1 10.1502
0 0 0 0 0 9.97884
0 0 0 0 1 10.0385
0 0 0 0 1 10.0278
0 0 0 0 1 9.89502
0 0 0 0 0 9.9737
0 0 0 0 1 9.83201
0 0 0 0 0 9.77292
0 0 0 0 0 9.7142
0 0 0 0 1 9.75309
0 0 0 0 1 9.62365
0 0 0 0 0 9.70105
0 0 0 0 1 9.63993
0 0 0 0 0 9.54081
0 0 0 0 0 9.48378
0 0 0 0 1 9.61423
0 0 0 0 1 9.42445
0 0 0 0 1 9.42174
0 0 0 0 0 9.43785
0 0 0 0 1 9.39131
0 0 0 0 0 9.36055
0 0 0 0 1 9.26473
0 0 0 0 1 9.34281
0 0 0 0 1 9.30635
0 0 0 0 0 9.1654
0 0 0 0 1 9.26454
0 0 0 0 1 9.1521
0 0 0 0 1 9.10436
0 0 0 0 1 9.02047
0 0 0 0 1 8.9916
0 0 0 0 1 8.98102
0 0 0 0 1 9.04271
0 0 0 0 1 9.06477
0 0 0 0 1 8.89255
0 0 0 0 1 8.88802
0 0 0 0 1 8.94041
0 0 0 0 1 8.87685
0 0 0 0 1 8.88464
0 0 0 0 0 8.8217
0 0 0 0 1 8.74695
0 0 0 0 1 8.81669
0 0 0 0 0 8.71953
0 0 0 0 1 8.72976
0 0 0 0 1 8.71189
0 0 0 0 1 8.68204
0 0 0 0 0 8.75122
0 0 0 0 1 8.60903
0 0 0 0 1 8.65227
0 0 0 0 0 8.69188
0 0 0 0 1 8.51167
0 0 0 0 1 8.48301
0 0 0 0 0 8.52639
0 0 0 0 1 8.60014
0 0 0 0 1 8.41024
0 0 0 0 0 8.55181
0 0 0 0 0 8.4391
0 0 0 0 1 8.36915
0 0 0 0 1 8.46312
0 0 0 0 1 8.36002
0 0 0 0 1 8.38308
0 0 0 0 1 8.33089
0 0 0 0 1 8.29568
0 0 0 0 0 8.33097
0 0 0 0 0 8.2629
0 0 0 0 0 8.20348
0 0 0 0 1 8.2893
0 0 0 0 1 8.23843
0 0 0 0 0 8.22077
0 0 0 0 1 8.26075
0 0 0 0 1 8.26787
0 0 0 0 0 8.11969
0 0 0 0 1 8.12724
0 0 0 0 0 8.18372
0 0 0 0 1 8.10191
0 0 0 0 1 8.12595
0 0 0 0 1 8.15808
0 0 0 0 1 8.12557
0 0 0 0 1 8.12554
0 0 0 0 1 8.1296
0 0 0 0 1 8.05744
0 0 0 0 1 8.04981
0 0 0 0 1 7.97831
0 0 0 0 1 7.90718
0 0 0 0 1 8.00762
0 0 0 0 1 7.88911
0 0 0 0 1 7.96187
0 0 0 0 0 7.88377
0 0 0 0 1 7.92484
0 0 0 0 1 7.82715
0 0 0 0 1 7.89998
0 0 0 0 1 7.83874
0 0 0 0 1 7.89139
0 0 0 0 1 7.83397
0 0 0 0 1 7.81267
0 0 0 0 1 7.81506
0 0 0 0 1 7.85667
0 0 0 0 0 7.761
0 0 0 0 1 7.85739
0 0 0 0 1 7.77461
0 0 0 0 0 7.7575
0 0 0 0 1 7.69089
0 0 0 0 1 7.73612
