0 0 0 0 1 5.55289
0 0 0 0 1 5.52311
0 0 0 0 1 5.60466
0 0 0 0 1 5.5218
0 0 0 0 0 5.52563
0 0 0 0 1 5.6414
0 0 0 0 1 5.59992
0 0 0 0 0 5.55933
0 0 0 0 1 5.56591
0 0 0 0 1 5.61524
0 0 0 0 1 5.58603
0 0 0 0 1 5.58501
0 0 0 0 1 5.60322
0 0 0 0 0 5.69295
0 0 0 0 1 5.63003
0 0 0 0 1 5.65424
0 0 0 0 1 5.69359
0 0 0 0 0 5.68759
0 0 0 0 1 5.72735
0 0 0 0 1 5.7597
0 0 0 0 0 5.67387
0 0 0 0 1 5.74842
0 0 0 0 1 5.70838
0 0 0 0 1 5.7201
0 0 0 0 1 5.75683
0 0 0 0 1 5.78618
0 0 0 0 0 5.80993
0 0 0 0 1 5.82226
0 0 0 0 1 5.82889
0 0 0 0 0 5.7715
0 0 0 0 0 5.9009
0 0 0 0 1 5.81589
0 0 0 0 1 5.84199
0 0 0 0 1 5.8138
0 0 0 0 1 5.83853
0 0 0 0 1 5.87524
0 0 0 0 0 5.95946
0 0 0 0 1 5.97303
0 0 0 0 1 5.9095
0 0 0 0 1 5.9648
0 0 0 0 1 5.93688
0 0 0 0 0 5.92683
0 0 0 0 0 5.94808
0 0 0 0 1 6.02816
0 0 0 0 1 6.01237
0 0 0 0 1 6.08705
0 0 0 0 1 5.99156
0 0 0 0 0 6.07885
0 0 0 0 1 6.05713
0 0 0 0 1 6.1207
0 0 0 0 0 6.14183
0 0 0 0 0 6.15698
0 0 0 0 1 6.1036
0 0 0 0 1 6.18762
0 0 0 0 1 6.11051
0 0 0 0 1 6.12587
0 0 0 0 1 6.20957
0 0 0 0 1 6.20567
0 0 0 0 1 6.30261
0 0 0 0 1 6.30622
0 0 0 0 1 6.29645
0 0 0 0 0 6.24347
0 0 0 0 1 6.27227
0 0 0 0 1 6.35816
0 0 0 0 1 6.33035
0 0 0 0 1 6.41612
0 0 0 0 1 6.3564
0 0 0 0 0 6.39158
0 0 0 0 1 6.3764
0 0 0 0 1 6.47633
0 0 0 0 0 6.50651
0 0 0 0 1 6.46488
0 0 0 0 0 6.54724
0 0 0 0 1 6.46706
0 0 0 0 1 6.54333
0 0 0 0 0 6.50789
0 0 0 0 1 6.6302
0 0 0 0 0 6.5426
0 0 0 0 1 6.67903
0 0 0 0 1 6.67679
0 0 0 0 1 6.69453
0 0 0 0 1 6.68615
0 0 0 0 1 6.68441
0 0 0 0 0 6.7831
0 0 0 0 1 6.69994
0 0 0 0 0 6.83326
0 0 0 0 1 6.78364
0 0 0 0 1 6.76779
0 0 0 0 1 6.91645
0 0 0 0 0 6.81823
0 0 0 0 1 6.87822
0 0 0 0 0 6.9668
0 0 0 0 1 6.90935
0 0 0 0 1 6.97712
0 0 0 0 0 6.94719
0 0 0 0 1 6.99438
0 0 0 0 0 7.14036
0 0 0 0 1 7.06079
0 0 0 0 1 7.13724
0 0 0 0 0 7.08549
0 0 0 0 1 7.10504
0 0 0 0 1 7.15347
0 0 0 0 1 7.29584
0 0 0 0 1 7.27256
0 0 0 0 1 7.27046
0 0 0 0 1 7.40055
0 0 0 0 1 7.33252
0 0 0 0 1 7.33856
0 0 0 0 1 7.3659
0 0 0 0 0 7.4306
0 0 0 0 1 7.5186
0 0 0 0 0 7.44146
0 0 0 0 1 7.59754
0 0 0 0 1 7.54247
0 0 0 0 1 7.63196
0 0 0 0 1 7.57625
0 0 0 0 1 7.64285
0 0 0 0 0 7.78715
0 0 0 0 1 7.83948
0 0 0 0 1 7.83752
0 0 0 0 0 7.75751
0 0 0 0 1 7.88062
0 0 0 0 1 7.9173
0 0 0 0 1 7.93869
0 0 0 0 0 7.94356
0 0 0 0 1 8.06117
0 0 0 0 0 8.1232
0 0 0 0 1 8.03971
0 0 0 0 1 8.1827
0 0 0 0 1 8.20458
0 0 0 0 0 8.16821
0 0 0 0 1 8.36296
0 0 0 0 1 8.34364
0 0 0 0 1 8.41527
0 0 0 0 0 8.38641
0 0 0 0 0 8.50067
0 0 0 0 1 8.52229
0 0 0 0 1 8.63786
0 0 0 0 1 8.55732
0 0 0 0 1 8.58721
0 0 0 0 1 8.73796
0 0 0 0 1 8.67224
0 0 0 0 1 8.81561
0 0 0 0 1 8.76731
0 0 0 0 1 8.96534
0 0 0 0 1 9.02216
0 0 0 0 0 8.94407
0 0 0 0 0 8.97323
0 0 0 0 0 9.18556
0 0 0 0 1 9.09639
0 0 0 0 1 9.18087
0 0 0 0 0 9.30302
0 0 0 0 1 9.40849
0 0 0 0 1 9.35284
0 0 0 0 0 9.48616
0 0 0 0 1 9.51468
0 0 0 0 0 9.58124
0 0 0 0 1 9.67825
0 0 0 0 1 9.78432
0 0 0 0 1 9.74437
0 0 0 0 1 9.78194
0 0 0 0 0 9.9893
0 0 0 0 1 9.95628
0 0 0 0 1 9.9838
0 0 0 0 1 10.1004
0 0 0 0 1 10.1073
0 0 0 0 1 10.379
0 0 0 0 1 10.3845
0 0 0 0 1 10.4744
0 0 0 0 1 10.563
0 0 0 0 1 10.6095
0 0 0 0 0 10.6112
0 0 0 0 0 10.689
0 0 0 0 1 10.8191
0 0 0 0 1 11.0046
0 0 0 0 1 11.0511
0 0 0 0 1 11.0506
0 0 0 0 1 11.1024
0 0 0 0 1 11.1699
0 0 0 0 0 11.414
0 0 0 0 0 11.4203
0 0 0 0 1 11.4368
0 0 0 0 1 11.592
0 0 0 0 1 11.7691
0 0 0 0 1 11.7845
0 0 0 0 1 11.8914
0 0 0 0 1 12.0468
0 0 0 0 1 12.109
0 0 0 0 0 12.2011
0 0 0 0 1 12.3053
0 0 0 0 1 12.5007
0 0 0 0 0 12.6528
0 0 0 0 1 12.7365
0 0 0 0 1 12.748
0 0 0 0 0 13.1346
0 0 0 0 0 13.0275
0 0 0 0 1 13.3762
0 0 0 0 1 13.4923
0 0 0 0 1 13.5771
0 0 0 0 0 13.7841
0 0 0 0 1 13.9053
0 0 0 0 1 14.0262
0 0 0 0 1 14.2032
0 0 0 0 0 14.3762
0 0 0 0 0 14.3044
0 0 0 0 0 14.7239
0 0 0 0 1 14.7015
0 0 0 0 1 15.0332
0 0 0 0 1 15.1877
0 0 0 0 1 15.1623
0 0 0 0 1 15.5713
0 0 0 0 1 15.5728
0 0 0 0 1 15.7697
0 0 0 0 0 15.8772
0 0 0 0 1 14.8361
0 0 0 0 1 14.8873
0 0 0 0 1 14.6139
0 0 0 0 1 14.6394
0 0 0 0 1 14.6031
0 0 0 0 0 14.7581
0 0 0 0 1 14.7222
0 0 0 0 0 14.5869
0 0 0 0 1 14.6103
0 0 0 0 1 14.707
0 0 0 0 1 14.4853
0 0 0 0 1 14.5095
0 0 0 0 1 14.4756
0 0 0 0 1 14.4011
0 0 0 0 1 14.5858
0 0 0 0 1 14.3641
0 0 0 0 1 14.3921
0 0 0 0 1 14.3453
0 0 0 0 1 14.5038
0 0 0 0 1 14.5033
0 0 0 0 1 14.2986
0 0 0 0 1 14.3108
0 0 0 0 0 14.2824
0 0 0 0 1 14.47
0 0 0 0 1 14.3534
0 0 0 0 1 14.3113
0 0 0 0 1 14.2961
0 0 0 0 0 14.183
0 0 0 0 1 14.24
0 0 0 0 1 14.385
0 0 0 0 1 14.3443
0 0 0 0 1 14.5325
0 0 0 0 1 14.9165
0 0 0 0 1 15.0353
0 0 0 0 1 15.4173
0 0 0 0 1 16.0112
0 0 0 0 0 16.3756
0 0 0 0 1 16.5581
0 0 0 0 1 17.0056
0 0 0 0 1 17.6848
0 0 0 0 1 33.7529
0 0 0 0 1 34.7798
0 0 0 0 1 36.0137
0 0 0 0 1 36.5839
0 0 0 0 0 37.8283
0 0 0 0 1 39.5514
0 0 0 0 1 40.3755
0 0 0 0 0 42.1467
0 0 0 0 1 43.1136
0 0 0 0 1 45.1521
0 0 0 0 1 47.1209
0 0 0 0 1 48.8504
0 0 0 0 0 50.9214
0 0 0 0 1 53.188
0 0 0 0 1 54.6027
0 0 0 0 1 58.2927
0 0 0 0 1 61.2576
0 0 0 0 1 63.3828
0 0 0 0 1 67.8396
0 0 0 0 0 70.7459
0 0 0 0 0 76.3053
0 0 0 0 1 80.2575
0 0 0 0 1 86.4086
0 0 0 0 1 92.2979
0 0 0 0 0 4.98495
0 0 0 0 0 4.97994
0 0 0 0 0 5.02503
0 0 0 0 1 23.3376
0 0 0 0 1 23.3572
0 0 0 0 1 23.3771
0 0 0 0 1 23.165
0 0 0 0 1 23.4416
0 0 0 0 0 23.4396
0 0 0 0 1 23.3682
0 0 0 0 1 23.0881
0 0 0 0 1 23.1805
0 0 0 0 1 23.343
0 0 0 0 1 23.413
0 0 0 0 1 23.2044
0 0 0 0 0 23.2752
0 0 0 0 0 23.0908
0 0 0 0 1 23.023
0 0 0 0 1 23.3975
0 0 0 0 0 23.2841
0 0 0 0 1 23.4037
0 0 0 0 1 23.1049
0 0 0 0 1 23.4348
0 0 0 0 0 4.98996
0 0 0 0 0 4.98996
0 0 0 0 0 4.98996
0 0 0 0 0 5.03004
0 0 0 0 0 4.98495
0 0 0 0 0 5.0601
0 0 0 0 0 98.7862
0 0 0 0 1 93.6003
0 0 0 0 1 88.8697
0 0 0 0 1 85.4464
0 0 0 0 1 81.2327
0 0 0 0 1 77.5405
0 0 0 0 0 73.7371
0 0 0 0 1 70.9692
0 0 0 0 1 68.4766
0 0 0 0 0 64.8067
0 0 0 0 1 62.9784
0 0 0 0 1 61.2278
0 0 0 0 1 58.8908
0 0 0 0 1 56.7206
0 0 0 0 0 55.3338
0 0 0 0 1 52.668
0 0 0 0 1 51.3364
0 0 0 0 1 49.8886
0 0 0 0 1 48.2358
0 0 0 0 1 47.6121
0 0 0 0 0 46.0994
0 0 0 0 1 44.7687
0 0 0 0 1 43.3205
0 0 0 0 1 42.2028
0 0 0 0 1 41.78
0 0 0 0 1 40.832
0 0 0 0 1 40.0512
0 0 0 0 1 38.8096
0 0 0 0 1 37.5661
0 0 0 0 1 36.7968
0 0 0 0 1 36.4287
0 0 0 0 1 35.8152
0 0 0 0 1 34.6531
0 0 0 0 1 34.032
0 0 0 0 0 33.1797
0 0 0 0 0 33.21
0 0 0 0 1 32.4388
0 0 0 0 1 31.969
0 0 0 0 1 31.2135
0 0 0 0 1 30.3624
0 0 0 0 0 29.8027
0 0 0 0 1 29.5098
0 0 0 0 0 29.1136
0 0 0 0 0 28.3246
0 0 0 0 1 28.0437
0 0 0 0 1 27.7676
0 0 0 0 0 27.2784
0 0 0 0 1 27.0425
0 0 0 0 1 26.6455
0 0 0 0 1 26.1968
0 0 0 0 1 25.8465
0 0 0 0 1 25.4297
0 0 0 0 0 25.1492
0 0 0 0 1 24.8424
0 0 0 0 1 24.3356
0 0 0 0 1 23.7477
0 0 0 0 1 23.5216
0 0 0 0 1 23.0792
0 0 0 0 1 23.2027
0 0 0 0 1 22.8066
0 0 0 0 1 22.6341
0 0 0 0 1 22.2789
0 0 0 0 1 21.7103
0 0 0 0 1 21.5666
0 0 0 0 1 21.2831
0 0 0 0 1 21.1882
0 0 0 0 1 20.6935
0 0 0 0 1 20.721
0 0 0 0 1 20.4349
0 0 0 0 0 19.9799
0 0 0 0 1 19.7682
0 0 0 0 1 19.7253
0 0 0 0 0 19.5217
0 0 0 0 0 19.1932
0 0 0 0 1 19.2019
0 0 0 0 1 19.0834
0 0 0 0 1 18.7575
0 0 0 0 1 18.4438
0 0 0 0 1 18.5279
0 0 0 0 1 18.0252
0 0 0 0 0 18.0695
0 0 0 0 1 17.9581
0 0 0 0 1 17.8286
0 0 0 0 1 17.5588
0 0 0 0 0 17.2912
0 0 0 0 1 17.1634
0 0 0 0 1 16.9592
0 0 0 0 1 16.8911
0 0 0 0 1 16.8554
0 0 0 0 1 16.6777
0 0 0 0 0 16.5666
0 0 0 0 0 16.2109
0 0 0 0 0 16.0854
0 0 0 0 1 15.8814
0 0 0 0 1 15.7655
0 0 0 0 1 15.5937
0 0 0 0 1 15.7147
0 0 0 0 1 15.613
0 0 0 0 1 15.52
0 0 0 0 1 15.1521
0 0 0 0 1 15.0242
0 0 0 0 1 14.9481
0 0 0 0 1 14.9909
0 0 0 0 1 14.8714
0 0 0 0 0 14.5675
0 0 0 0 1 14.5873
0 0 0 0 1 14.4984
0 0 0 0 1 14.4957
0 0 0 0 0 14.3065
0 0 0 0 1 14.2461
0 0 0 0 1 14.0871
0 0 0 0 0 13.9934
0 0 0 0 0 13.8083
0 0 0 0 1 13.881
0 0 0 0 1 13.6151
0 0 0 0 1 13.477
0 0 0 0 1 13.6015
0 0 0 0 1 13.4151
0 0 0 0 1 13.3899
0 0 0 0 1 13.2138
0 0 0 0 1 13.2099
0 0 0 0 0 13.1008
0 0 0 0 1 12.9144
0 0 0 0 0 12.7682
0 0 0 0 1 12.9517
0 0 0 0 1 12.7674
0 0 0 0 1 12.5973
0 0 0 0 1 12.6506
0 0 0 0 0 12.3817
0 0 0 0 1 12.3553
0 0 0 0 1 12.4072
0 0 0 0 1 12.4129
0 0 0 0 1 12.1938
0 0 0 0 1 12.1953
0 0 0 0 1 12.2041
0 0 0 0 1 12.0081
0 0 0 0 0 12.0329
0 0 0 0 1 11.9459
0 0 0 0 1 11.8516
0 0 0 0 1 11.8126
0 0 0 0 1 11.7385
0 0 0 0 1 11.5368
0 0 0 0 1 11.5797
0 0 0 0 1 11.3916
0 0 0 0 1 11.56
0 0 0 0 1 11.3048
0 0 0 0 1 11.2294
0 0 0 0 1 11.2671
0 0 0 0 1 11.1171
0 0 0 0 1 11.1879
0 0 0 0 1 10.9946
0 0 0 0 1 11.0646
0 0 0 0 1 11.0456
0 0 0 0 0 10.9279
0 0 0 0 1 10.9637
0 0 0 0 1 10.9228
0 0 0 0 0 10.8929
0 0 0 0 1 10.6911
0 0 0 0 1 10.6621
0 0 0 0 1 10.665
0 0 0 0 0 10.6926
0 0 0 0 1 10.6104
0 0 0 0 0 10.4867
0 0 0 0 1 10.4163
0 0 0 0 1 10.4262
0 0 0 0 1 10.294
0 0 0 0 1 10.3142
0 0 0 0 1 10.2725
0 0 0 0 1 10.2513
0 0 0 0 1 10.1589
0 0 0 0 1 10.0771
0 0 0 0 1 10.0769
0 0 0 0 0 9.97902
0 0 0 0 0 10.0992
0 0 0 0 1 10.0684
0 0 0 0 1 10.0477
0 0 0 0 1 9.92476
0 0 0 0 0 9.8947
0 0 0 0 1 9.83201
0 0 0 0 1 9.88075
0 0 0 0 0 9.85088
0 0 0 0 0 9.64612
0 0 0 0 1 9.77871
0 0 0 0 1 9.73966
0 0 0 0 1 9.56297
0 0 0 0 0 9.67505
0 0 0 0 1 9.49333
0 0 0 0 1 9.56663
0 0 0 0 1 9.43393
0 0 0 0 0 9.49734
0 0 0 0 1 9.47552
0 0 0 0 0 9.46636
0 0 0 0 1 9.43536
0 0 0 0 1 9.37657
0 0 0 0 1 9.3614
0 0 0 0 0 9.29709
0 0 0 0 1 9.32231
0 0 0 0 0 9.28294
0 0 0 0 0 9.18878
0 0 0 0 1 9.07694
0 0 0 0 1 9.12981
0 0 0 0 0 9.05518
0 0 0 0 1 9.00819
0 0 0 0 1 9.09686
0 0 0 0 1 8.99276
0 0 0 0 1 8.99125
0 0 0 0 1 8.86117
0 0 0 0 1 8.84226
0 0 0 0 0 8.81459
0 0 0 0 1 8.84031
0 0 0 0 1 8.92777
0 0 0 0 1 8.75577
0 0 0 0 1 8.74637
0 0 0 0 1 8.75458
0 0 0 0 1 8.71227
0 0 0 0 1 8.80781
0 0 0 0 1 8.65594
0 0 0 0 1 8.58643
0 0 0 0 1 8.60037
0 0 0 0 1 8.61776
0 0 0 0 0 8.52837
0 0 0 0 0 8.51167
0 0 0 0 1 8.61997
0 0 0 0 1 8.56907
0 0 0 0 1 8.42984
0 0 0 0 1 8.50368
0 0 0 0 1 8.56028
0 0 0 0 1 8.38837
0 0 0 0 1 8.48727
0 0 0 0 0 8.36216
0 0 0 0 0 8.34324
0 0 0 0 1 8.4417
0 0 0 0 0 8.42281
0 0 0 0 1 8.27901
0 0 0 0 1 8.35591
0 0 0 0 1 8.31268
0 0 0 0 1 8.28626
0 0 0 0 1 8.23971
0 0 0 0 1 8.31265
0 0 0 0 1 8.22077
0 0 0 0 1 8.27718
0 0 0 0 1 8.25968
0 0 0 0 1 8.09516
0 0 0 0 1 8.08644
0 0 0 0 1 8.2
0 0 0 0 1 8.05315
0 0 0 0 1 8.09351
0 0 0 0 1 8.12571
0 0 0 0 1 8.06903
0 0 0 0 1 8.0288
0 0 0 0 1 8.1135
0 0 0 0 1 7.96104
0 0 0 0 0 8.09792
0 0 0 0 1 8.07433
0 0 0 0 1 8.05894
0 0 0 0 1 8.0156
0 0 0 0 1 7.93688
0 0 0 0 0 7.90624
0 0 0 0 0 7.85205
0 0 0 0 1 7.95651
0 0 0 0 1 7.94574
0 0 0 0 1 7.93944
0 0 0 0 1 7.79935
0 0 0 0 1 7.78911
0 0 0 0 1 7.89683
0 0 0 0 1 7.85189
0 0 0 0 1 7.9012
0 0 0 0 0 7.73941
0 0 0 0 1 7.81566
0 0 0 0 1 7.86519
0 0 0 0 1 7.79796
0 0 0 0 1 7.74972
0 0 0 0 1 7.79954
0 0 0 0 0 7.81364
