0 0 0 0 0 5.55844
0 0 0 0 1 5.53978
0 0 0 0 0 5.5323
0 0 0 0 1 5.54966
0 0 0 0 1 5.60377
0 0 0 0 1 5.63581
0 0 0 0 0 5.56636
0 0 0 0 1 5.58735
0 0 0 0 1 5.59396
0 0 0 0 1 5.5759
0 0 0 0 1 5.64797
0 0 0 0 0 5.68656
0 0 0 0 0 5.6597
0 0 0 0 1 5.61938
0 0 0 0 1 5.72641
0 0 0 0 0 5.6883
0 0 0 0 1 5.70496
0 0 0 0 1 5.75028
0 0 0 0 1 5.7559
0 0 0 0 1 5.69685
0 0 0 0 1 5.78265
0 0 0 0 0 5.7312
0 0 0 0 1 5.71987
0 0 0 0 0 5.70282
0 0 0 0 0 5.80298
0 0 0 0 1 5.81508
0 0 0 0 1 5.85048
0 0 0 0 0 5.79323
0 0 0 0 0 5.85216
0 0 0 0 1 5.8881
0 0 0 0 1 5.86
0 0 0 0 1 5.8978
0 0 0 0 0 5.90644
0 0 0 0 1 5.91364
0 0 0 0 1 5.87385
0 0 0 0 1 5.91653
0 0 0 0 0 5.85896
0 0 0 0 1 5.97895
0 0 0 0 1 5.89169
0 0 0 0 1 5.91718
0 0 0 0 1 5.92495
0 0 0 0 0 6.02252
0 0 0 0 0 5.95407
0 0 0 0 1 5.98012
0 0 0 0 1 6.01237
0 0 0 0 1 5.98449
0 0 0 0 1 6.07024
0 0 0 0 1 6.10311
0 0 0 0 1 6.07537
0 0 0 0 1 6.15727
0 0 0 0 1 6.07461
0 0 0 0 1 6.07122
0 0 0 0 1 6.20194
0 0 0 0 1 6.16915
0 0 0 0 1 6.22779
0 0 0 0 1 6.15681
0 0 0 0 1 6.25919
0 0 0 0 1 6.1621
0 0 0 0 1 6.29013
0 0 0 0 0 6.20612
0 0 0 0 1 6.29645
0 0 0 0 0 6.319
0 0 0 0 0 6.36061
0 0 0 0 1 6.2949
0 0 0 0 1 6.32401
0 0 0 0 0 6.37792
0 0 0 0 1 6.40746
0 0 0 0 1 6.38518
0 0 0 0 0 6.44061
0 0 0 0 0 6.48921
0 0 0 0 1 6.51944
0 0 0 0 1 6.43246
0 0 0 0 0 6.51473
0 0 0 0 0 6.46706
0 0 0 0 0 6.47143
0 0 0 0 0 6.61286
0 0 0 0 1 6.59069
0 0 0 0 1 6.61522
0 0 0 0 1 6.58627
0 0 0 0 1 6.59034
0 0 0 0 1 6.62111
0 0 0 0 1 6.67945
0 0 0 0 1 6.75824
0 0 0 0 1 6.70227
0 0 0 0 1 6.69318
0 0 0 0 0 6.83326
0 0 0 0 1 6.84494
0 0 0 0 0 6.8635
0 0 0 0 1 6.83411
0 0 0 0 1 6.90088
0 0 0 0 1 6.85748
0 0 0 0 1 6.89054
0 0 0 0 1 6.92326
0 0 0 0 1 7.05394
0 0 0 0 1 6.97523
0 0 0 0 1 7.02252
0 0 0 0 1 7.03432
0 0 0 0 0 7.15304
0 0 0 0 0 7.14436
0 0 0 0 1 7.10694
0 0 0 0 0 7.20552
0 0 0 0 1 7.16068
0 0 0 0 1 7.31031
0 0 0 0 1 7.25803
0 0 0 0 1 7.33616
0 0 0 0 1 7.3053
0 0 0 0 0 7.32515
0 0 0 0 1 7.30903
0 0 0 0 1 7.35848
0 0 0 0 1 7.37843
0 0 0 0 1 7.51111
0 0 0 0 1 7.4565
0 0 0 0 1 7.58244
0 0 0 0 1 7.66388
0 0 0 0 1 7.58626
0 0 0 0 0 7.62982
0 0 0 0 1 7.61978
0 0 0 0 1 7.7408
0 0 0 0 1 7.73858
0 0 0 0 1 7.77513
0 0 0 0 1 7.85145
0 0 0 0 1 7.82557
0 0 0 0 1 7.9173
0 0 0 0 1 7.86717
0 0 0 0 1 7.9995
0 0 0 0 1 8.013
0 0 0 0 1 8.05867
0 0 0 0 1 8.13697
0 0 0 0 1 8.1338
0 0 0 0 1 8.15545
0 0 0 0 1 8.25056
0 0 0 0 1 8.33812
0 0 0 0 1 8.3686
0 0 0 0 0 8.28143
0 0 0 0 1 8.35276
0 0 0 0 1 8.51758
0 0 0 0 0 8.51378
0 0 0 0 1 8.578
0 0 0 0 0 8.54872
0 0 0 0 1 8.69087
0 0 0 0 0 8.65971
0 0 0 0 0 8.70721
0 0 0 0 1 8.80681
0 0 0 0 1 8.82034
0 0 0 0 1 8.83193
0 0 0 0 1 8.8879
0 0 0 0 0 8.91705
0 0 0 0 1 9.13638
0 0 0 0 1 9.20378
0 0 0 0 1 9.11473
0 0 0 0 1 9.21778
0 0 0 0 1 9.34016
0 0 0 0 1 9.34315
0 0 0 0 0 9.38104
0 0 0 0 1 9.41995
0 0 0 0 1 9.58135
0 0 0 0 1 9.58124
0 0 0 0 0 9.74579
0 0 0 0 1 9.7746
0 0 0 0 1 9.76394
0 0 0 0 1 9.84105
0 0 0 0 1 9.87038
0 0 0 0 0 9.97625
0 0 0 0 1 10.0843
0 0 0 0 0 10.0397
0 0 0 0 1 10.2195
0 0 0 0 1 10.2248
0 0 0 0 1 10.3742
0 0 0 0 1 10.4953
0 0 0 0 1 10.4475
0 0 0 0 0 10.5884
0 0 0 0 0 10.6218
0 0 0 0 0 10.7535
0 0 0 0 1 10.9165
0 0 0 0 1 9.25006
0 0 0 0 1 9.30033
0 0 0 0 1 9.30893
0 0 0 0 0 9.22038
0 0 0 0 1 9.18313
0 0 0 0 0 9.10466
0 0 0 0 0 9.23315
0 0 0 0 1 9.11847
0 0 0 0 1 9.12772
0 0 0 0 1 9.06868
0 0 0 0 1 9.10543
0 0 0 0 1 8.98338
0 0 0 0 1 8.98406
0 0 0 0 0 9.09329
0 0 0 0 1 8.99038
0 0 0 0 1 9.09029
0 0 0 0 1 8.93417
0 0 0 0 0 8.8816
0 0 0 0 1 8.86509
0 0 0 0 1 8.86658
0 0 0 0 1 8.99773
0 0 0 0 1 8.84801
0 0 0 0 1 8.95633
0 0 0 0 1 8.77196
0 0 0 0 1 8.76524
0 0 0 0 0 8.86953
0 0 0 0 1 8.8805
0 0 0 0 1 8.82118
0 0 0 0 1 8.73583
0 0 0 0 1 8.68594
0 0 0 0 0 8.82882
0 0 0 0 0 8.78424
0 0 0 0 1 8.76104
0 0 0 0 1 8.63359
0 0 0 0 1 8.61963
0 0 0 0 1 8.74463
0 0 0 0 0 8.59219
0 0 0 0 1 8.62195
0 0 0 0 1 8.55676
0 0 0 0 1 8.58672
0 0 0 0 1 8.58229
0 0 0 0 1 8.67254
0 0 0 0 0 8.65967
0 0 0 0 1 8.55269
0 0 0 0 1 8.58308
0 0 0 0 1 8.57933
0 0 0 0 0 8.47632
0 0 0 0 0 8.47297
0 0 0 0 1 8.5927
0 0 0 0 1 8.68254
0 0 0 0 1 8.77155
0 0 0 0 1 8.93192
0 0 0 0 1 9.01144
0 0 0 0 0 9.32992
0 0 0 0 1 9.46643
0 0 0 0 1 9.51718
0 0 0 0 1 9.74881
0 0 0 0 1 9.83548
0 0 0 0 1 10.0899
0 0 0 0 0 10.123
0 0 0 0 1 10.4416
0 0 0 0 1 10.6373
0 0 0 0 1 10.759
0 0 0 0 1 10.898
0 0 0 0 0 11.124
0 0 0 0 1 11.4403
0 0 0 0 1 11.6315
0 0 0 0 1 11.7841
0 0 0 0 1 12.1265
0 0 0 0 0 12.2471
0 0 0 0 1 12.5857
0 0 0 0 1 12.976
0 0 0 0 1 22.5464
0 0 0 0 1 22.732
0 0 0 0 1 22.5983
0 0 0 0 1 22.7844
0 0 0 0 1 22.5629
0 0 0 0 1 22.41
0 0 0 0 1 22.8006
0 0 0 0 1 22.8068
0 0 0 0 1 22.452
0 0 0 0 1 22.6624
0 0 0 0 0 22.3992
0 0 0 0 1 22.4299
0 0 0 0 1 22.3271
0 0 0 0 1 22.3586
0 0 0 0 1 22.5479
0 0 0 0 0 22.4226
0 0 0 0 1 22.5226
0 0 0 0 1 22.6678
0 0 0 0 1 23.0604
0 0 0 0 1 24.2203
0 0 0 0 1 25.1683
0 0 0 0 1 26.4744
0 0 0 0 1 36.5269
0 0 0 0 1 36.5118
0 0 0 0 1 36.0245
0 0 0 0 1 36.4839
0 0 0 0 1 36.1014
0 0 0 0 1 38.4878
0 0 0 0 1 52.4312
0 0 0 0 1 52.3114
0 0 0 0 1 51.725
0 0 0 0 0 52.3879
0 0 0 0 1 52.1672
0 0 0 0 1 55.9905
0 0 0 0 1 65.528
0 0 0 0 1 69.5246
0 0 0 0 1 82.3827
0 0 0 0 0 4.97493
0 0 0 0 0 4.99998
0 0 0 0 0 5.02002
0 0 0 0 0 4.98495
0 0 0 0 0 5.02002
0 0 0 0 0 4.96491
0 0 0 0 0 5.05008
0 0 0 0 0 4.97994
0 0 0 0 0 5.04006
0 0 0 0 0 4.98996
0 0 0 0 0 5.04507
0 0 0 0 0 5.00499
0 0 0 0 1 86.8901
0 0 0 0 0 87.5123
0 0 0 0 1 75.8212
0 0 0 0 1 63.3282
0 0 0 0 1 60.6475
0 0 0 0 1 60.9614
0 0 0 0 0 60.9128
0 0 0 0 1 51.2613
0 0 0 0 1 48.419
0 0 0 0 1 48.1435
0 0 0 0 0 39.1956
0 0 0 0 1 37.0039
0 0 0 0 1 35.9888
0 0 0 0 1 35.5016
0 0 0 0 1 35.7278
0 0 0 0 1 35.9913
0 0 0 0 1 27.9375
0 0 0 0 1 27.0179
0 0 0 0 0 25.5879
0 0 0 0 1 24.5653
0 0 0 0 1 24.8725
0 0 0 0 0 24.8602
0 0 0 0 1 24.7979
0 0 0 0 1 24.4165
0 0 0 0 1 24.5287
0 0 0 0 1 24.839
0 0 0 0 1 24.7796
0 0 0 0 1 24.498
0 0 0 0 0 24.9572
0 0 0 0 1 18.1817
0 0 0 0 1 17.6504
0 0 0 0 0 17.1402
0 0 0 0 1 16.7946
0 0 0 0 0 16.2284
0 0 0 0 1 16.0383
0 0 0 0 1 15.3925
0 0 0 0 1 15.091
0 0 0 0 0 14.6392
0 0 0 0 1 14.4663
0 0 0 0 1 14.1977
0 0 0 0 0 13.8592
0 0 0 0 1 13.8849
0 0 0 0 1 14.0222
0 0 0 0 1 13.9093
0 0 0 0 0 13.8522
0 0 0 0 0 13.9927
0 0 0 0 1 13.9499
0 0 0 0 1 14.0751
0 0 0 0 1 13.8929
0 0 0 0 1 13.951
0 0 0 0 0 14.1614
0 0 0 0 1 14.1198
0 0 0 0 1 14.1626
0 0 0 0 0 14.1097
0 0 0 0 0 14.139
0 0 0 0 0 14.1685
0 0 0 0 1 13.9751
0 0 0 0 1 14.0897
0 0 0 0 1 14.1058
0 0 0 0 0 14.1957
0 0 0 0 1 14.2975
0 0 0 0 1 14.1469
0 0 0 0 1 14.1782
0 0 0 0 0 14.113
0 0 0 0 1 14.1875
0 0 0 0 0 14.2511
0 0 0 0 1 14.3836
0 0 0 0 1 14.4624
0 0 0 0 1 14.1945
0 0 0 0 0 8.84357
0 0 0 0 1 8.79933
0 0 0 0 1 8.51267
0 0 0 0 1 8.46924
0 0 0 0 0 8.33222
0 0 0 0 0 8.37021
0 0 0 0 0 8.16871
0 0 0 0 1 8.16281
0 0 0 0 0 7.92429
0 0 0 0 1 7.87896
0 0 0 0 1 7.85766
0 0 0 0 1 7.75618
0 0 0 0 1 7.58798
0 0 0 0 1 7.52757
0 0 0 0 1 7.40701
0 0 0 0 1 7.45937
0 0 0 0 1 7.36084
0 0 0 0 1 7.29379
0 0 0 0 0 7.24107
0 0 0 0 1 7.15257
0 0 0 0 1 7.0645
0 0 0 0 1 7.00693
0 0 0 0 1 6.95391
0 0 0 0 1 6.78707
0 0 0 0 1 6.68983
0 0 0 0 1 6.72053
0 0 0 0 1 6.57057
0 0 0 0 0 6.63252
0 0 0 0 0 6.43857
0 0 0 0 1 6.45595
0 0 0 0 1 6.38013
0 0 0 0 1 6.31365
0 0 0 0 1 6.31656
0 0 0 0 1 6.25637
0 0 0 0 0 6.22108
0 0 0 0 1 6.08771
0 0 0 0 1 6.08927
0 0 0 0 0 6.00866
0 0 0 0 1 5.94975
0 0 0 0 1 5.9117
0 0 0 0 1 5.82965
0 0 0 0 1 5.86763
0 0 0 0 0 5.77148
0 0 0 0 1 5.75083
0 0 0 0 0 5.64155
0 0 0 0 1 5.66615
0 0 0 0 0 5.58342
0 0 0 0 1 5.59345
0 0 0 0 1 5.5556
0 0 0 0 1 5.51778
0 0 0 0 1 5.46369
0 0 0 0 1 5.42927
0 0 0 0 1 5.31441
0 0 0 0 1 5.3468
0 0 0 0 1 5.27564
0 0 0 0 1 5.30164
0 0 0 0 0 5.2623
0 0 0 0 1 5.13503
0 0 0 0 0 5.19438
0 0 0 0 0 5.06338
0 0 0 0 1 5.06262
0 0 0 0 1 5.08481
0 0 0 0 1 5.00952
0 0 0 0 0 5.01129
0 0 0 0 0 4.98301
0 0 0 0 1 4.89087
0 0 0 0 1 4.86309
0 0 0 0 1 4.81435
0 0 0 0 0 4.83992
0 0 0 0 0 4.78129
0 0 0 0 1 4.84118
0 0 0 0 0 4.8395
0 0 0 0 1 4.83781
0 0 0 0 1 4.91303
0 0 0 0 1 4.84798
0 0 0 0 1 4.90518
0 0 0 0 0 4.91351
0 0 0 0 1 4.93556
0 0 0 0 1 4.9936
0 0 0 0 1 4.98238
0 0 0 0 0 5.02972
0 0 0 0 1 5.02853
0 0 0 0 1 5.01221
0 0 0 0 0 5.08658
0 0 0 0 0 5.10575
0 0 0 0 0 5.09452
0 0 0 0 1 5.08316
0 0 0 0 1 5.08193
0 0 0 0 0 5.14099
0 0 0 0 1 5.17082
0 0 0 0 1 5.16978
0 0 0 0 1 5.18947
0 0 0 0 1 5.16232
0 0 0 0 1 5.22389
0 0 0 0 1 5.30689
0 0 0 0 1 5.25862
0 0 0 0 1 5.31727
0 0 0 0 1 5.32699
0 0 0 0 1 5.36344
0 0 0 0 1 5.34647
0 0 0 0 1 5.3293
0 0 0 0 1 5.36742
0 0 0 0 1 5.39346
0 0 0 0 1 5.47961
0 0 0 0 1 5.43499
0 0 0 0 1 5.55088
0 0 0 0 0 5.56117
0 0 0 0 1 5.52863
0 0 0 0 1 5.59445
0 0 0 0 0 5.62874
0 0 0 0 1 5.58289
0 0 0 0 1 5.69627
0 0 0 0 1 5.66141
0 0 0 0 1 5.6733
0 0 0 0 1 5.66644
0 0 0 0 1 5.80473
0 0 0 0 0 5.80549
0 0 0 0 0 5.77702
0 0 0 0 1 5.78745
0 0 0 0 1 5.8111
0 0 0 0 1 5.95268
0 0 0 0 1 5.89411
0 0 0 0 1 5.99552
0 0 0 0 1 5.95414
0 0 0 0 1 6.02041
0 0 0 0 1 6.07507
0 0 0 0 1 6.06326
0 0 0 0 1 6.08165
0 0 0 0 0 6.16754
0 0 0 0 0 6.21253
0 0 0 0 1 9.43337
0 0 0 0 1 9.41496
0 0 0 0 1 9.50679
0 0 0 0 1 9.44726
0 0 0 0 1 9.40069
0 0 0 0 1 9.43536
0 0 0 0 0 9.24608
0 0 0 0 1 9.28703
0 0 0 0 1 9.23227
0 0 0 0 1 9.2577
0 0 0 0 1 9.16334
0 0 0 0 0 9.14293
0 0 0 0 1 9.22319
0 0 0 0 1 9.18448
0 0 0 0 0 9.00069
0 0 0 0 1 8.99008
0 0 0 0 1 9.05173
0 0 0 0 1 8.92975
0 0 0 0 1 8.90152
0 0 0 0 1 9.00438
0 0 0 0 1 8.86903
0 0 0 0 1 8.88574
0 0 0 0 1 8.79598
0 0 0 0 1 8.92777
0 0 0 0 1 8.87922
0 0 0 0 1 8.73758
0 0 0 0 1 8.71953
0 0 0 0 1 8.79974
0 0 0 0 1 8.74677
0 0 0 0 1 8.66464
0 0 0 0 1 8.69051
0 0 0 0 1 8.73016
0 0 0 0 1 8.61776
0 0 0 0 1 8.64885
0 0 0 0 1 8.55457
0 0 0 0 1 8.64565
0 0 0 0 1 8.5776
0 0 0 0 0 8.48944
0 0 0 0 1 8.42723
0 0 0 0 0 8.50096
0 0 0 0 1 8.46447
0 0 0 0 0 8.47883
0 0 0 0 0 8.47153
0 0 0 0 1 8.44396
0 0 0 0 1 8.34958
0 0 0 0 1 8.39774
0 0 0 0 0 8.4124
0 0 0 0 1 8.38917
0 0 0 0 1 8.2712
0 0 0 0 1 8.21176
0 0 0 0 1 8.25624
0 0 0 0 1 8.16421
0 0 0 0 1 8.24546
0 0 0 0 1 8.14579
0 0 0 0 1 8.12857
0 0 0 0 1 8.12786
0 0 0 0 1 8.07828
0 0 0 0 1 8.18372
0 0 0 0 1 8.17504
0 0 0 0 1 8.15839
0 0 0 0 1 8.15808
0 0 0 0 0 8.02865
0 0 0 0 0 8.12554
0 0 0 0 1 8.07326
0 0 0 0 0 7.96104
0 0 0 0 1 7.9536
0 0 0 0 1 8.01031
0 0 0 0 1 8.019
0 0 0 0 1 7.89596
0 0 0 0 1 7.92892
0 0 0 0 0 7.96981
0 0 0 0 1 7.87584
0 0 0 0 1 7.98818
0 0 0 0 0 7.95365
0 0 0 0 0 7.85262
0 0 0 0 0 7.88601
0 0 0 0 1 7.93073
0 0 0 0 1 7.83397
0 0 0 0 1 7.88326
0 0 0 0 1 7.90903
0 0 0 0 1 7.84104
0 0 0 0 1 7.87812
0 0 0 0 1 7.83401
0 0 0 0 1 7.74348
0 0 0 0 1 7.85077
0 0 0 0 1 7.8073
0 0 0 0 1 7.68186
