0 0 0 0 0 5.58063
0 0 0 0 1 5.53422
0 0 0 0 1 5.5323
0 0 0 0 1 5.5608
0 0 0 0 1 5.55912
0 0 0 0 1 5.62463
0 0 0 0 1 5.53838
0 0 0 0 1 5.61537
0 0 0 0 1 5.5603
0 0 0 0 1 5.66021
0 0 0 0 1 5.57476
0 0 0 0 1 5.65835
0 0 0 0 1 5.6823
0 0 0 0 1 5.6307
0 0 0 0 1 5.67539
0 0 0 0 1 5.62018
0 0 0 0 1 5.69359
0 0 0 0 1 5.6648
0 0 0 0 1 5.72735
0 0 0 0 1 5.74256
0 0 0 0 1 5.7712
0 0 0 0 0 5.76563
0 0 0 0 1 5.73712
0 0 0 0 0 5.74314
0 0 0 0 1 5.72799
0 0 0 0 1 5.76306
0 0 0 0 1 5.76939
0 0 0 0 1 5.82226
0 0 0 0 1 5.85798
0 0 0 0 1 5.88227
0 0 0 0 1 5.79573
0 0 0 0 0 5.86854
0 0 0 0 0 5.83027
0 0 0 0 0 5.89015
0 0 0 0 1 5.94447
0 0 0 0 1 5.90473
0 0 0 0 1 5.85896
0 0 0 0 1 5.88414
0 0 0 0 1 5.87981
0 0 0 0 1 5.94695
0 0 0 0 1 5.99058
0 0 0 0 0 6.01654
0 0 0 0 0 6.04392
0 0 0 0 1 6.03416
0 0 0 0 0 6.03644
0 0 0 0 1 6.06292
0 0 0 0 0 6.07629
0 0 0 0 1 6.00605
0 0 0 0 1 6.14227
0 0 0 0 0 6.13289
0 0 0 0 1 6.1235
0 0 0 0 1 6.07734
0 0 0 0 1 6.18965
0 0 0 0 0 6.19377
0 0 0 0 1 6.2031
0 0 0 0 1 6.24962
0 0 0 0 0 6.15994
0 0 0 0 1 6.16833
0 0 0 0 1 6.30261
0 0 0 0 1 6.21864
0 0 0 0 1 6.32156
0 0 0 0 1 6.24347
0 0 0 0 1 6.27858
0 0 0 0 1 6.3202
0 0 0 0 1 6.27961
0 0 0 0 1 6.40975
0 0 0 0 1 6.42022
0 0 0 0 1 6.39798
0 0 0 0 1 6.47272
0 0 0 0 1 6.40544
0 0 0 0 0 6.39667
0 0 0 0 1 6.41949
0 0 0 0 1 6.49523
0 0 0 0 1 6.47358
0 0 0 0 1 6.54987
0 0 0 0 1 6.59974
0 0 0 0 1 6.63678
0 0 0 0 1 6.66803
0 0 0 0 1 6.66578
0 0 0 0 1 6.61694
0 0 0 0 1 6.74125
0 0 0 0 1 6.73969
0 0 0 0 0 6.73139
0 0 0 0 0 6.72921
0 0 0 0 0 6.76754
0 0 0 0 1 6.83326
0 0 0 0 1 6.74278
0 0 0 0 1 6.87033
0 0 0 0 1 6.80667
0 0 0 0 1 6.85956
0 0 0 0 1 6.94735
0 0 0 0 1 6.91827
0 0 0 0 1 6.92326
0 0 0 0 1 6.91426
0 0 0 0 1 6.96121
0 0 0 0 1 7.00141
0 0 0 0 1 7.09088
0 0 0 0 1 7.0395
0 0 0 0 1 7.13011
0 0 0 0 1 7.22134
0 0 0 0 0 7.19116
0 0 0 0 0 7.14627
0 0 0 0 1 7.19451
0 0 0 0 1 7.33795
0 0 0 0 1 7.35805
0 0 0 0 1 7.34193
0 0 0 0 1 7.30307
0 0 0 0 1 7.41977
0 0 0 0 1 7.492
0 0 0 0 1 7.48277
0 0 0 0 0 7.42882
0 0 0 0 1 7.53166
0 0 0 0 1 7.6051
0 0 0 0 1 7.57282
0 0 0 0 0 7.60911
0 0 0 0 1 7.66808
0 0 0 0 0 7.63516
0 0 0 0 0 7.7099
0 0 0 0 1 7.73081
0 0 0 0 0 7.81412
0 0 0 0 1 7.83579
0 0 0 0 1 7.88849
0 0 0 0 0 7.9173
0 0 0 0 0 7.95458
0 0 0 0 1 8.02347
0 0 0 0 1 8.06117
0 0 0 0 0 8.13127
0 0 0 0 1 8.03161
0 0 0 0 1 8.0686
0 0 0 0 0 8.26189
0 0 0 0 1 8.18468
0 0 0 0 1 8.24704
0 0 0 0 0 8.33532
0 0 0 0 1 8.41527
0 0 0 0 1 8.4537
0 0 0 0 1 8.39071
0 0 0 0 0 8.57332
0 0 0 0 1 8.52668
0 0 0 0 0 8.64323
0 0 0 0 1 8.71679
0 0 0 0 1 8.73796
0 0 0 0 0 8.7247
0 0 0 0 0 8.82441
0 0 0 0 1 8.89988
0 0 0 0 1 8.92977
0 0 0 0 1 9.00426
0 0 0 0 1 8.91705
0 0 0 0 1 8.98229
0 0 0 0 1 9.16733
0 0 0 0 0 9.26144
0 0 0 0 1 9.2916
0 0 0 0 1 9.32159
0 0 0 0 1 9.36182
0 0 0 0 1 9.43744
0 0 0 0 1 9.43887
0 0 0 0 1 9.53373
0 0 0 0 1 9.57165
0 0 0 0 0 9.60105
0 0 0 0 1 9.61914
0 0 0 0 1 9.87156
0 0 0 0 0 9.90015
0 0 0 0 1 9.85056
0 0 0 0 0 9.89636
0 0 0 0 1 10.1145
0 0 0 0 1 10.0903
0 0 0 0 0 10.1583
0 0 0 0 1 10.194
0 0 0 0 1 10.3431
0 0 0 0 1 10.3494
0 0 0 0 1 10.479
0 0 0 0 0 10.5566
0 0 0 0 1 10.7285
0 0 0 0 1 10.8179
0 0 0 0 1 10.884
0 0 0 0 1 9.23145
0 0 0 0 0 9.29105
0 0 0 0 1 9.28114
0 0 0 0 1 9.32201
0 0 0 0 1 9.23845
0 0 0 0 1 9.10466
0 0 0 0 1 9.0863
0 0 0 0 0 9.1734
0 0 0 0 0 9.0729
0 0 0 0 0 9.10514
0 0 0 0 1 9.03265
0 0 0 0 0 8.99246
0 0 0 0 1 9.11991
0 0 0 0 1 9.07521
0 0 0 0 1 9.06251
0 0 0 0 1 8.98229
0 0 0 0 1 9.00601
0 0 0 0 1 8.94434
0 0 0 0 1 8.99927
0 0 0 0 0 8.97373
0 0 0 0 0 8.9621
0 0 0 0 1 8.91915
0 0 0 0 1 8.81431
0 0 0 0 1 8.86942
0 0 0 0 1 8.89791
0 0 0 0 0 8.7548
0 0 0 0 1 8.73073
0 0 0 0 0 8.82998
0 0 0 0 0 8.70071
0 0 0 0 1 8.75606
0 0 0 0 1 8.80257
0 0 0 0 1 8.74058
0 0 0 0 1 8.639
0 0 0 0 0 8.68581
0 0 0 0 1 8.75866
0 0 0 0 1 8.62318
0 0 0 0 1 8.73943
0 0 0 0 0 8.63059
0 0 0 0 1 8.56539
0 0 0 0 1 8.69018
0 0 0 0 0 8.53925
0 0 0 0 1 8.64676
0 0 0 0 0 8.59101
0 0 0 0 1 8.48413
0 0 0 0 1 8.62587
0 0 0 0 1 8.53661
0 0 0 0 1 8.60436
0 0 0 0 0 8.46444
0 0 0 0 1 8.63558
0 0 0 0 1 8.72604
0 0 0 0 0 8.78037
0 0 0 0 1 9.03943
0 0 0 0 1 9.13874
0 0 0 0 1 9.21907
0 0 0 0 1 9.40075
0 0 0 0 0 9.63161
0 0 0 0 1 9.63264
0 0 0 0 1 9.7961
0 0 0 0 1 9.94975
0 0 0 0 1 10.1332
0 0 0 0 0 10.4312
0 0 0 0 0 10.6056
0 0 0 0 1 10.7697
0 0 0 0 0 11.0403
0 0 0 0 1 11.0571
0 0 0 0 1 11.4062
0 0 0 0 1 11.5157
0 0 0 0 1 11.7959
0 0 0 0 0 12.1265
0 0 0 0 0 12.3702
0 0 0 0 1 12.6737
0 0 0 0 1 12.7833
0 0 0 0 1 22.66
0 0 0 0 0 22.6866
0 0 0 0 1 22.7798
0 0 0 0 1 22.5804
0 0 0 0 0 22.5402
0 0 0 0 1 22.7948
0 0 0 0 1 22.5292
0 0 0 0 1 22.5356
0 0 0 0 1 22.7682
0 0 0 0 0 22.685
0 0 0 0 1 22.4895
0 0 0 0 0 22.4073
0 0 0 0 1 22.7327
0 0 0 0 1 22.4486
0 0 0 0 1 22.7054
0 0 0 0 1 22.5575
0 0 0 0 1 22.4327
0 0 0 0 0 22.3758
0 0 0 0 1 22.9908
0 0 0 0 1 23.9308
0 0 0 0 1 24.9925
0 0 0 0 0 26.2647
0 0 0 0 0 36.709
0 0 0 0 1 36.2206
0 0 0 0 1 36.3156
0 0 0 0 1 36.6658
0 0 0 0 1 36.1742
0 0 0 0 1 38.5648
0 0 0 0 1 52.4832
0 0 0 0 1 52.3635
0 0 0 0 1 52.5576
0 0 0 0 1 52.2318
0 0 0 0 0 51.9592
0 0 0 0 1 56.3288
0 0 0 0 0 65.528
0 0 0 0 0 69.3156
0 0 0 0 1 80.9919
0 0 0 0 0 5.00499
0 0 0 0 0 5.05509
0 0 0 0 0 5.02503
0 0 0 0 0 4.96992
0 0 0 0 0 4.99497
0 0 0 0 0 4.99497
0 0 0 0 0 4.97994
0 0 0 0 0 4.9599
0 0 0 0 0 5.02503
0 0 0 0 0 5.01501
0 0 0 0 0 4.99998
0 0 0 0 0 4.97493
0 0 0 0 1 86.7149
0 0 0 0 0 87.8627
0 0 0 0 1 75.5206
0 0 0 0 1 63.2644
0 0 0 0 1 60.0422
0 0 0 0 1 61.0219
0 0 0 0 1 60.7311
0 0 0 0 0 51.9833
0 0 0 0 1 47.5073
0 0 0 0 1 47.8555
0 0 0 0 0 38.9207
0 0 0 0 1 36.5621
0 0 0 0 0 35.5252
0 0 0 0 1 35.3232
0 0 0 0 1 35.8349
0 0 0 0 1 35.6343
0 0 0 0 1 28.1902
0 0 0 0 1 26.6159
0 0 0 0 1 25.8955
0 0 0 0 1 24.7868
0 0 0 0 0 24.7494
0 0 0 0 0 24.4906
0 0 0 0 0 24.7239
0 0 0 0 0 24.5152
0 0 0 0 1 24.7508
0 0 0 0 1 24.6662
0 0 0 0 1 24.9278
0 0 0 0 1 24.6464
0 0 0 0 1 24.9078
0 0 0 0 0 18.2545
0 0 0 0 1 17.6327
0 0 0 0 1 17.2949
0 0 0 0 1 16.7946
0 0 0 0 1 16.3425
0 0 0 0 1 15.9271
0 0 0 0 1 15.5164
0 0 0 0 1 15.0758
0 0 0 0 1 14.6392
0 0 0 0 1 14.3077
0 0 0 0 1 13.9862
0 0 0 0 1 13.9148
0 0 0 0 0 13.8571
0 0 0 0 1 13.9387
0 0 0 0 1 13.8675
0 0 0 0 0 13.8243
0 0 0 0 1 14.0903
0 0 0 0 1 14.0058
0 0 0 0 1 13.9633
0 0 0 0 1 13.9769
0 0 0 0 1 14.0631
0 0 0 0 1 13.9511
0 0 0 0 1 13.8952
0 0 0 0 1 14.1626
0 0 0 0 1 13.9268
0 0 0 0 1 14.0545
0 0 0 0 1 14.2108
0 0 0 0 1 14.1445
0 0 0 0 1 14.2593
0 0 0 0 1 14.219
0 0 0 0 0 14.2807
0 0 0 0 0 14.3117
0 0 0 0 1 14.2179
0 0 0 0 0 14.1782
0 0 0 0 1 14.3266
0 0 0 0 1 14.3728
0 0 0 0 0 14.2654
0 0 0 0 1 14.4122
0 0 0 0 1 14.1761
0 0 0 0 1 14.2519
0 0 0 0 1 8.8877
0 0 0 0 1 8.79061
0 0 0 0 0 8.64165
0 0 0 0 1 8.57968
0 0 0 0 0 8.41613
0 0 0 0 1 8.20447
0 0 0 0 1 8.13594
0 0 0 0 0 8.11427
0 0 0 0 1 7.94028
0 0 0 0 1 7.86315
0 0 0 0 1 7.75602
0 0 0 0 1 7.64803
0 0 0 0 1 7.58798
0 0 0 0 1 7.48223
0 0 0 0 1 7.42196
0 0 0 0 0 7.43717
0 0 0 0 1 7.38279
0 0 0 0 1 7.27931
0 0 0 0 1 7.11202
0 0 0 0 1 7.05323
0 0 0 0 0 7.0645
0 0 0 0 1 6.93735
0 0 0 0 0 6.81621
0 0 0 0 1 6.85528
0 0 0 0 1 6.77768
0 0 0 0 1 6.68037
0 0 0 0 0 6.58383
0 0 0 0 1 6.55372
0 0 0 0 1 6.53612
0 0 0 0 0 6.41726
0 0 0 0 1 6.43761
0 0 0 0 1 6.31998
0 0 0 0 1 6.31028
0 0 0 0 1 6.24391
0 0 0 0 1 6.21491
0 0 0 0 1 6.06324
0 0 0 0 0 6.00436
0 0 0 0 1 5.98458
0 0 0 0 0 5.90798
0 0 0 0 1 5.87023
0 0 0 0 0 5.82965
0 0 0 0 1 5.84432
0 0 0 0 1 5.80618
0 0 0 0 1 5.73361
0 0 0 0 1 5.66999
0 0 0 0 1 5.6718
0 0 0 0 1 5.57222
0 0 0 0 1 5.52666
0 0 0 0 1 5.57217
0 0 0 0 1 5.52874
0 0 0 0 1 5.45282
0 0 0 0 1 5.36985
0 0 0 0 1 5.38956
0 0 0 0 0 5.35212
0 0 0 0 1 5.30739
0 0 0 0 1 5.22291
0 0 0 0 0 5.20493
0 0 0 0 1 5.18684
0 0 0 0 1 5.19953
0 0 0 0 0 5.15033
0 0 0 0 1 5.11842
0 0 0 0 1 5.06465
0 0 0 0 0 4.99448
0 0 0 0 1 4.9565
0 0 0 0 1 4.94343
0 0 0 0 1 4.94494
0 0 0 0 0 4.86309
0 0 0 0 1 4.83379
0 0 0 0 1 4.83027
0 0 0 0 0 4.85833
0 0 0 0 0 4.81704
0 0 0 0 1 4.7959
0 0 0 0 1 4.81836
0 0 0 0 1 4.83504
0 0 0 0 1 4.87733
0 0 0 0 1 4.87572
0 0 0 0 1 4.95294
0 0 0 0 1 4.94544
0 0 0 0 1 4.9341
0 0 0 0 1 4.95749
0 0 0 0 1 5.02972
0 0 0 0 1 4.96842
0 0 0 0 1 5.02227
0 0 0 0 1 5.03611
0 0 0 0 1 5.0399
0 0 0 0 0 5.07926
0 0 0 0 1 5.05764
0 0 0 0 1 5.11266
0 0 0 0 0 5.09477
0 0 0 0 1 5.20691
0 0 0 0 1 5.19048
0 0 0 0 1 5.18427
0 0 0 0 1 5.25096
0 0 0 0 1 5.20819
0 0 0 0 1 5.26486
0 0 0 0 0 5.31663
0 0 0 0 1 5.35438
0 0 0 0 1 5.30039
0 0 0 0 1 5.32604
0 0 0 0 1 5.41618
0 0 0 0 0 5.39928
0 0 0 0 0 5.38365
0 0 0 0 1 5.40432
0 0 0 0 1 5.43054
0 0 0 0 1 5.46783
0 0 0 0 1 5.55638
0 0 0 0 1 5.55012
0 0 0 0 1 5.53973
0 0 0 0 0 5.53873
0 0 0 0 1 5.64554
0 0 0 0 1 5.65036
0 0 0 0 1 5.67367
0 0 0 0 1 5.68978
0 0 0 0 1 5.71891
0 0 0 0 1 5.77519
0 0 0 0 1 5.79323
0 0 0 0 1 5.81127
0 0 0 0 1 5.84095
0 0 0 0 1 5.78745
0 0 0 0 1 5.8756
0 0 0 0 1 5.9291
0 0 0 0 1 5.90004
0 0 0 0 0 5.91216
0 0 0 0 1 5.92422
0 0 0 0 1 6.02041
0 0 0 0 1 6.06298
0 0 0 0 1 6.08756
0 0 0 0 1 6.04502
0 0 0 0 1 6.14913
0 0 0 0 1 6.12607
0 0 0 0 1 9.5476
0 0 0 0 0 9.52874
0 0 0 0 1 9.54459
0 0 0 0 1 9.40017
0 0 0 0 1 9.30687
0 0 0 0 0 9.26704
0 0 0 0 1 9.38589
0 0 0 0 1 9.25914
0 0 0 0 0 9.34339
0 0 0 0 1 9.22078
0 0 0 0 1 9.15414
0 0 0 0 1 9.07874
0 0 0 0 1 9.15007
0 0 0 0 1 9.1207
0 0 0 0 1 9.06426
0 0 0 0 1 9.00819
0 0 0 0 1 8.98856
0 0 0 0 1 9.07378
0 0 0 0 1 9.04509
0 0 0 0 1 8.92382
0 0 0 0 1 8.86903
0 0 0 0 0 8.92132
0 0 0 0 1 8.94671
0 0 0 0 1 8.75098
0 0 0 0 1 8.89685
0 0 0 0 1 8.83427
0 0 0 0 1 8.71953
0 0 0 0 1 8.79974
0 0 0 0 1 8.66828
0 0 0 0 0 8.61244
0 0 0 0 1 8.58643
0 0 0 0 1 8.58307
0 0 0 0 0 8.68677
0 0 0 0 1 8.53698
0 0 0 0 1 8.60605
0 0 0 0 1 8.61997
0 0 0 0 1 8.552
0 0 0 0 1 8.4639
0 0 0 0 1 8.48669
0 0 0 0 1 8.53486
0 0 0 0 1 8.38837
0 0 0 0 1 8.48727
0 0 0 0 1 8.39581
0 0 0 0 1 8.43557
0 0 0 0 1 8.42495
0 0 0 0 1 8.42281
0 0 0 0 1 8.37905
0 0 0 0 1 8.30602
0 0 0 0 1 8.2546
0 0 0 0 1 8.25315
0 0 0 0 1 8.33889
0 0 0 0 1 8.32914
0 0 0 0 1 8.15494
0 0 0 0 0 8.15401
0 0 0 0 1 8.21871
0 0 0 0 1 8.10333
0 0 0 0 0 8.10276
0 0 0 0 1 8.2
0 0 0 0 1 8.13441
0 0 0 0 1 8.15028
0 0 0 0 1 8.10952
0 0 0 0 1 8.05288
0 0 0 0 1 8.05299
0 0 0 0 1 7.96862
0 0 0 0 1 8.07351
0 0 0 0 0 8.09792
0 0 0 0 1 8.01031
0 0 0 0 1 8.019
0 0 0 0 1 7.99167
0 0 0 0 0 8.00056
0 0 0 0 1 7.92214
0 0 0 0 1 7.90757
0 0 0 0 1 7.92484
0 0 0 0 0 7.84296
0 0 0 0 1 7.8763
0 0 0 0 1 7.81511
0 0 0 0 1 7.84419
0 0 0 0 1 7.89683
0 0 0 0 1 7.82835
0 0 0 0 1 7.84638
0 0 0 0 1 7.85667
0 0 0 0 1 7.82346
0 0 0 0 1 7.78724
0 0 0 0 1 7.86022
0 0 0 0 0 7.69531
0 0 0 0 1 7.7685
0 0 0 0 1 7.72837
