0 0 0 0 1 5.57508
0 0 0 0 1 5.53978
0 0 0 0 1 5.62136
0 0 0 0 1 5.57752
0 0 0 0 1 5.58702
0 0 0 0 0 5.5799
0 0 0 0 1 5.57754
0 0 0 0 1 5.62097
0 0 0 0 0 5.58835
0 0 0 0 1 5.604
0 0 0 0 1 5.66486
0 0 0 0 1 5.66963
0 0 0 0 1 5.59192
0 0 0 0 1 5.64202
0 0 0 0 1 5.72075
0 0 0 0 1 5.65424
0 0 0 0 1 5.65946
0 0 0 0 1 5.71039
0 0 0 0 0 5.65312
0 0 0 0 1 5.69685
0 0 0 0 0 5.70822
0 0 0 0 1 5.71399
0 0 0 0 1 5.77736
0 0 0 0 1 5.73162
0 0 0 0 1 5.75107
0 0 0 0 1 5.82664
0 0 0 0 1 5.79835
0 0 0 0 0 5.83387
0 0 0 0 1 5.79981
0 0 0 0 1 5.80065
0 0 0 0 1 5.80158
0 0 0 0 1 5.88025
0 0 0 0 1 5.9123
0 0 0 0 1 5.8138
0 0 0 0 1 5.84442
0 0 0 0 1 5.92832
0 0 0 0 1 5.9299
0 0 0 0 1 5.89599
0 0 0 0 1 5.92138
0 0 0 0 0 5.92909
0 0 0 0 1 5.91898
0 0 0 0 0 5.96869
0 0 0 0 1 5.996
0 0 0 0 0 5.97412
0 0 0 0 1 5.96422
0 0 0 0 1 5.97846
0 0 0 0 1 6.04603
0 0 0 0 1 6.06065
0 0 0 0 1 6.02672
0 0 0 0 1 6.04754
0 0 0 0 1 6.17239
0 0 0 0 1 6.17536
0 0 0 0 1 6.17736
0 0 0 0 0 6.20609
0 0 0 0 1 6.17841
0 0 0 0 1 6.24962
0 0 0 0 1 6.15374
0 0 0 0 1 6.2119
0 0 0 0 1 6.23397
0 0 0 0 0 6.2374
0 0 0 0 1 6.3404
0 0 0 0 1 6.28123
0 0 0 0 1 6.27858
0 0 0 0 0 6.27592
0 0 0 0 1 6.33035
0 0 0 0 1 6.35883
0 0 0 0 1 6.40107
0 0 0 0 1 6.35315
0 0 0 0 0 6.44703
0 0 0 0 0 6.47633
0 0 0 0 0 6.45482
0 0 0 0 0 6.45191
0 0 0 0 1 6.44972
0 0 0 0 1 6.58441
0 0 0 0 0 6.53026
0 0 0 0 1 6.6063
0 0 0 0 1 6.6302
0 0 0 0 1 6.58881
0 0 0 0 1 6.58627
0 0 0 0 1 6.59699
0 0 0 0 1 6.63446
0 0 0 0 1 6.69953
0 0 0 0 1 6.65757
0 0 0 0 1 6.70227
0 0 0 0 0 6.69994
0 0 0 0 1 6.80612
0 0 0 0 0 6.84494
0 0 0 0 1 6.80881
0 0 0 0 1 6.87528
0 0 0 0 1 6.86644
0 0 0 0 1 6.96117
0 0 0 0 1 6.95986
0 0 0 0 1 6.9163
0 0 0 0 1 6.99109
0 0 0 0 1 7.04534
0 0 0 0 1 7.04363
0 0 0 0 1 7.07674
0 0 0 0 1 7.06079
0 0 0 0 1 7.0945
0 0 0 0 0 7.11409
0 0 0 0 1 7.24858
0 0 0 0 1 7.18949
0 0 0 0 1 7.28136
0 0 0 0 1 7.33068
0 0 0 0 1 7.32886
0 0 0 0 0 7.31262
0 0 0 0 0 7.30307
0 0 0 0 1 7.30903
0 0 0 0 1 7.40299
0 0 0 0 0 7.40079
0 0 0 0 0 7.44378
0 0 0 0 1 7.53918
0 0 0 0 1 7.47671
0 0 0 0 1 7.61076
0 0 0 0 1 7.60149
0 0 0 0 1 7.67574
0 0 0 0 1 7.76588
0 0 0 0 1 7.67127
0 0 0 0 1 7.83172
0 0 0 0 1 7.86871
0 0 0 0 1 7.76534
0 0 0 0 1 7.82557
0 0 0 0 1 7.94894
0 0 0 0 1 7.96253
0 0 0 0 1 7.92758
0 0 0 0 1 8.07723
0 0 0 0 1 8.0506
0 0 0 0 1 8.07213
0 0 0 0 1 8.20715
0 0 0 0 1 8.22914
0 0 0 0 1 8.20115
0 0 0 0 1 8.32156
0 0 0 0 1 8.37691
0 0 0 0 1 8.28143
0 0 0 0 0 8.48735
0 0 0 0 0 8.46683
0 0 0 0 1 8.49677
0 0 0 0 0 8.50958
0 0 0 0 1 8.54013
0 0 0 0 1 8.61312
0 0 0 0 1 8.65971
0 0 0 0 1 8.69847
0 0 0 0 1 8.8684
0 0 0 0 1 8.78499
0 0 0 0 1 8.82304
0 0 0 0 1 9.00426
0 0 0 0 1 9.05216
0 0 0 0 1 9.082
0 0 0 0 0 9.06709
0 0 0 0 1 9.2431
0 0 0 0 1 9.15319
0 0 0 0 1 9.37729
0 0 0 0 1 9.27782
0 0 0 0 1 9.34344
0 0 0 0 0 9.50507
0 0 0 0 1 9.51468
0 0 0 0 1 9.49493
0 0 0 0 1 9.69755
0 0 0 0 1 9.80375
0 0 0 0 0 9.70524
0 0 0 0 1 9.94941
0 0 0 0 1 9.96948
0 0 0 0 1 9.93631
0 0 0 0 0 10.0944
0 0 0 0 1 10.1714
0 0 0 0 1 10.3011
0 0 0 0 1 10.2248
0 0 0 0 0 10.3638
0 0 0 0 1 10.464
0 0 0 0 1 10.416
0 0 0 0 0 10.4826
0 0 0 0 1 10.7605
0 0 0 0 1 10.775
0 0 0 0 1 10.8516
0 0 0 0 1 9.22214
0 0 0 0 1 9.30961
0 0 0 0 1 9.2904
0 0 0 0 0 9.32201
0 0 0 0 0 9.18313
0 0 0 0 1 9.15065
0 0 0 0 1 9.15973
0 0 0 0 0 9.08185
0 0 0 0 1 9.19168
0 0 0 0 1 9.10514
0 0 0 0 1 9.18729
0 0 0 0 0 9.13764
0 0 0 0 1 9.01123
0 0 0 0 1 9.03002
0 0 0 0 0 8.99038
0 0 0 0 1 8.93729
0 0 0 0 1 8.99703
0 0 0 0 1 8.8816
0 0 0 0 1 8.98138
0 0 0 0 1 8.89337
0 0 0 0 0 8.93537
0 0 0 0 1 8.92804
0 0 0 0 1 8.9297
0 0 0 0 1 8.81626
0 0 0 0 1 8.76524
0 0 0 0 1 8.79892
0 0 0 0 1 8.73954
0 0 0 0 1 8.786
0 0 0 0 0 8.79729
0 0 0 0 1 8.68594
0 0 0 0 1 8.66257
0 0 0 0 1 8.76678
0 0 0 0 1 8.639
0 0 0 0 1 8.67711
0 0 0 0 1 8.61094
0 0 0 0 1 8.75331
0 0 0 0 0 8.58352
0 0 0 0 1 8.56141
0 0 0 0 1 8.6431
0 0 0 0 0 8.67293
0 0 0 0 1 8.53064
0 0 0 0 1 8.68114
0 0 0 0 1 8.53093
0 0 0 0 1 8.54412
0 0 0 0 1 8.54885
0 0 0 0 1 8.51097
0 0 0 0 1 8.45071
0 0 0 0 1 8.59231
0 0 0 0 1 8.65273
0 0 0 0 1 8.77824
0 0 0 0 1 8.83332
0 0 0 0 1 8.88713
0 0 0 0 1 9.13874
0 0 0 0 1 9.18212
0 0 0 0 0 9.31631
0 0 0 0 1 9.60301
0 0 0 0 1 9.75849
0 0 0 0 1 9.77641
0 0 0 0 1 9.94975
0 0 0 0 1 10.1129
0 0 0 0 1 10.4519
0 0 0 0 0 10.479
0 0 0 0 1 10.7268
0 0 0 0 1 11.0184
0 0 0 0 1 11.1351
0 0 0 0 1 11.2585
0 0 0 0 0 11.5736
0 0 0 0 0 11.7368
0 0 0 0 0 11.9819
0 0 0 0 1 12.2963
0 0 0 0 1 12.4976
0 0 0 0 1 12.8347
0 0 0 0 1 22.8873
0 0 0 0 1 22.891
0 0 0 0 0 22.6664
0 0 0 0 1 22.535
0 0 0 0 1 22.7894
0 0 0 0 1 22.7722
0 0 0 0 1 22.8459
0 0 0 0 1 22.739
0 0 0 0 1 22.4746
0 0 0 0 0 22.7753
0 0 0 0 0 22.6474
0 0 0 0 1 22.4299
0 0 0 0 1 22.3722
0 0 0 0 1 22.6963
0 0 0 0 0 22.3454
0 0 0 0 1 22.67
0 0 0 0 1 22.4102
0 0 0 0 1 22.3084
0 0 0 0 1 23.0604
0 0 0 0 0 24.365
0 0 0 0 1 24.9674
0 0 0 0 1 26.0288
0 0 0 0 1 36.0899
0 0 0 0 0 36.6939
0 0 0 0 1 36.7158
0 0 0 0 1 36.1929
0 0 0 0 0 36.4653
0 0 0 0 1 38.6419
0 0 0 0 1 51.8584
0 0 0 0 1 52.1553
0 0 0 0 1 51.5689
0 0 0 0 0 51.9717
0 0 0 0 1 52.3753
0 0 0 0 1 56.1032
0 0 0 0 1 65.2007
0 0 0 0 1 68.9673
0 0 0 0 1 82.5463
0 0 0 0 0 5.02503
0 0 0 0 0 5.03004
0 0 0 0 0 5.0601
0 0 0 0 0 5.03004
0 0 0 0 0 5.01501
0 0 0 0 0 5.02503
0 0 0 0 0 5.04006
0 0 0 0 0 4.98996
0 0 0 0 0 4.98495
0 0 0 0 0 5.04006
0 0 0 0 0 5.04507
0 0 0 0 0 4.97493
0 0 0 0 1 88.2916
0 0 0 0 0 87.8627
0 0 0 0 1 74.6189
0 0 0 0 0 63.9666
0 0 0 0 1 60.2238
0 0 0 0 1 60.0533
0 0 0 0 1 60.7917
0 0 0 0 1 52.0864
0 0 0 0 1 48.3231
0 0 0 0 1 48.4795
0 0 0 0 1 38.9207
0 0 0 0 0 36.4516
0 0 0 0 1 35.5965
0 0 0 0 1 36.0368
0 0 0 0 1 35.4423
0 0 0 0 1 35.9556
0 0 0 0 0 27.8813
0 0 0 0 0 26.8839
0 0 0 0 1 25.8699
0 0 0 0 0 24.5161
0 0 0 0 0 24.4293
0 0 0 0 1 24.8356
0 0 0 0 1 24.8472
0 0 0 0 1 24.6385
0 0 0 0 1 24.8742
0 0 0 0 0 24.7156
0 0 0 0 1 24.8043
0 0 0 0 0 24.498
0 0 0 0 0 24.6357
0 0 0 0 1 18.3273
0 0 0 0 1 17.7919
0 0 0 0 0 17.0198
0 0 0 0 1 16.7612
0 0 0 0 1 16.1632
0 0 0 0 1 15.9113
0 0 0 0 0 15.5783
0 0 0 0 1 15.0607
0 0 0 0 1 14.8163
0 0 0 0 1 14.3221
0 0 0 0 1 14.0426
0 0 0 0 1 13.8592
0 0 0 0 1 14.0378
0 0 0 0 1 13.7857
0 0 0 0 1 13.9511
0 0 0 0 1 14.0334
0 0 0 0 1 13.9089
0 0 0 0 1 14.0477
0 0 0 0 1 13.9214
0 0 0 0 1 14.1168
0 0 0 0 1 13.979
0 0 0 0 1 14.0773
0 0 0 0 1 13.8952
0 0 0 0 1 14.0642
0 0 0 0 1 13.9268
0 0 0 0 1 13.9841
0 0 0 0 1 14.0557
0 0 0 0 1 14.2009
0 0 0 0 0 14.1039
0 0 0 0 0 14.0068
0 0 0 0 1 14.2099
0 0 0 0 1 14.2975
0 0 0 0 1 14.1895
0 0 0 0 1 14.1782
0 0 0 0 1 14.1414
0 0 0 0 1 14.2303
0 0 0 0 0 14.2939
0 0 0 0 1 14.1548
0 0 0 0 1 14.3479
0 0 0 0 1 14.3809
0 0 0 0 0 8.90536
0 0 0 0 0 8.67736
0 0 0 0 0 8.51267
0 0 0 0 1 8.46075
0 0 0 0 1 8.32383
0 0 0 0 1 8.3122
0 0 0 0 1 8.23426
0 0 0 0 1 8.04146
0 0 0 0 1 7.94028
0 0 0 0 1 7.85525
0 0 0 0 1 7.84202
0 0 0 0 0 7.70983
0 0 0 0 0 7.7026
0 0 0 0 1 7.51246
0 0 0 0 1 7.49671
0 0 0 0 0 7.37797
0 0 0 0 1 7.2584
0 0 0 0 1 7.30104
0 0 0 0 1 7.19089
0 0 0 0 0 7.07451
0 0 0 0 0 7.09259
0 0 0 0 1 6.93039
0 0 0 0 1 6.82998
0 0 0 0 1 6.87574
0 0 0 0 1 6.82498
0 0 0 0 1 6.68037
0 0 0 0 1 6.66339
0 0 0 0 1 6.63252
0 0 0 0 0 6.56864
0 0 0 0 0 6.46885
0 0 0 0 1 6.34181
0 0 0 0 1 6.38331
0 0 0 0 0 6.27261
0 0 0 0 1 6.25637
0 0 0 0 1 6.13468
0 0 0 0 0 6.17948
0 0 0 0 1 6.12566
0 0 0 0 1 6.04479
0 0 0 0 1 5.93782
0 0 0 0 1 5.89985
0 0 0 0 1 5.90597
0 0 0 0 1 5.81519
0 0 0 0 1 5.83509
0 0 0 0 0 5.75083
0 0 0 0 0 5.63586
0 0 0 0 1 5.66051
0 0 0 0 0 5.57222
0 0 0 0 1 5.59901
0 0 0 0 1 5.5059
0 0 0 0 1 5.53422
0 0 0 0 0 5.43107
0 0 0 0 1 5.38605
0 0 0 0 1 5.36272
0 0 0 0 1 5.30419
0 0 0 0 1 5.24389
0 0 0 0 1 5.22291
0 0 0 0 1 5.17885
0 0 0 0 1 5.23348
0 0 0 0 0 5.16864
0 0 0 0 0 5.15544
0 0 0 0 1 5.11334
0 0 0 0 1 5.04953
0 0 0 0 1 5.0346
0 0 0 0 1 5.02624
0 0 0 0 1 4.95332
0 0 0 0 0 4.95477
0 0 0 0 0 4.9168
0 0 0 0 1 4.80949
0 0 0 0 1 4.86405
0 0 0 0 1 4.81018
0 0 0 0 1 4.78326
0 0 0 0 1 4.84919
0 0 0 0 1 4.82322
0 0 0 0 1 4.83017
0 0 0 0 0 4.86265
0 0 0 0 0 4.87572
0 0 0 0 1 4.88887
0 0 0 0 1 4.95532
0 0 0 0 1 4.92418
0 0 0 0 1 4.94256
0 0 0 0 1 4.97982
0 0 0 0 1 5.01851
0 0 0 0 1 4.97702
0 0 0 0 1 5.01088
0 0 0 0 0 5.11081
0 0 0 0 1 5.10469
0 0 0 0 1 5.06275
0 0 0 0 1 5.07168
0 0 0 0 0 5.08963
0 0 0 0 1 5.19144
0 0 0 0 1 5.14908
0 0 0 0 1 5.18427
0 0 0 0 0 5.25096
0 0 0 0 1 5.26053
0 0 0 0 0 5.27537
0 0 0 0 1 5.24279
0 0 0 0 1 5.34378
0 0 0 0 1 5.3536
0 0 0 0 0 5.3581
0 0 0 0 1 5.38937
0 0 0 0 0 5.41005
0 0 0 0 0 5.36201
0 0 0 0 1 5.44778
0 0 0 0 1 5.50687
0 0 0 0 1 5.41857
0 0 0 0 1 5.44635
0 0 0 0 0 5.5446
0 0 0 0 1 5.56748
0 0 0 0 1 5.62231
0 0 0 0 1 5.60633
0 0 0 0 1 5.65598
0 0 0 0 0 5.62281
0 0 0 0 0 5.65574
0 0 0 0 1 5.74172
0 0 0 0 0 5.68361
0 0 0 0 1 5.70118
0 0 0 0 1 5.79393
0 0 0 0 0 5.82352
0 0 0 0 0 5.83996
0 0 0 0 1 5.90492
0 0 0 0 0 5.83481
0 0 0 0 1 5.94743
0 0 0 0 1 5.9717
0 0 0 0 1 6.00201
0 0 0 0 1 6.07454
0 0 0 0 1 6.00858
0 0 0 0 1 6.13009
0 0 0 0 1 6.05723
0 0 0 0 1 6.07549
0 0 0 0 1 6.13842
0 0 0 0 1 9.5476
0 0 0 0 1 9.41496
0 0 0 0 1 9.50679
0 0 0 0 0 9.45668
0 0 0 0 1 9.47574
0 0 0 0 1 9.32315
0 0 0 0 0 9.27405
0 0 0 0 0 9.28703
0 0 0 0 1 9.29709
0 0 0 0 1 9.19309
0 0 0 0 1 9.10813
0 0 0 0 1 9.19795
0 0 0 0 1 9.12264
0 0 0 0 1 9.17537
0 0 0 0 1 9.09151
0 0 0 0 0 9.07156
0 0 0 0 1 9.11491
0 0 0 0 1 9.07378
0 0 0 0 0 8.92844
0 0 0 0 1 8.94173
0 0 0 0 1 8.9761
0 0 0 0 1 8.9569
0 0 0 0 1 8.94671
0 0 0 0 1 8.89241
0 0 0 0 1 8.84395
0 0 0 0 1 8.73758
0 0 0 0 1 8.81592
0 0 0 0 1 8.76475
0 0 0 0 1 8.73805
0 0 0 0 1 8.74293
0 0 0 0 1 8.66449
0 0 0 0 1 8.73881
0 0 0 0 1 8.63502
0 0 0 0 1 8.63164
0 0 0 0 1 8.64895
0 0 0 0 1 8.50869
0 0 0 0 1 8.56053
0 0 0 0 1 8.50647
0 0 0 0 1 8.55465
0 0 0 0 1 8.45858
0 0 0 0 1 8.37146
0 0 0 0 1 8.48727
0 0 0 0 0 8.34534
0 0 0 0 1 8.30966
0 0 0 0 0 8.4417
0 0 0 0 1 8.33925
0 0 0 0 1 8.29568
0 0 0 0 1 8.26445
0 0 0 0 1 8.30438
0 0 0 0 1 8.21176
0 0 0 0 1 8.33062
0 0 0 0 1 8.29616
0 0 0 0 0 8.21255
0 0 0 0 1 8.25254
0 0 0 0 1 8.16954
0 0 0 0 1 8.11151
0 0 0 0 1 8.10276
0 0 0 0 0 8.19186
0 0 0 0 1 8.04502
0 0 0 0 1 8.15028
0 0 0 0 1 8.0124
0 0 0 0 1 8.1175
0 0 0 0 1 7.98044
0 0 0 0 1 7.97667
0 0 0 0 1 8.00121
0 0 0 0 1 8.04981
0 0 0 0 0 7.9543
0 0 0 0 1 8.06692
0 0 0 0 1 7.96774
0 0 0 0 0 7.94484
0 0 0 0 1 7.99365
0 0 0 0 1 7.8917
0 0 0 0 1 7.95651
0 0 0 0 1 7.86668
0 0 0 0 1 7.90787
0 0 0 0 1 7.94116
0 0 0 0 1 7.82058
0 0 0 0 1 7.78683
0 0 0 0 1 7.82051
0 0 0 0 0 7.9012
0 0 0 0 1 7.78631
0 0 0 0 1 7.73758
0 0 0 0 1 7.74047
0 0 0 0 1 7.70457
0 0 0 0 1 7.7264
0 0 0 0 1 7.77626
0 0 0 0 1 7.82139
