0 0 0 0 1 5.60282
0 0 0 0 1 5.52311
0 0 0 0 1 5.62136
0 0 0 0 1 5.55523
0 0 0 0 1 5.57028
0 0 0 0 0 5.58549
0 0 0 0 1 5.57195
0 0 0 0 0 5.63778
0 0 0 0 1 5.59396
0 0 0 0 1 5.67145
0 0 0 0 1 5.61981
0 0 0 0 1 5.68092
0 0 0 0 1 5.62581
0 0 0 0 1 5.66465
0 0 0 0 1 5.65838
0 0 0 0 1 5.65991
0 0 0 0 1 5.64808
0 0 0 0 1 5.75598
0 0 0 0 1 5.72735
0 0 0 0 1 5.7597
0 0 0 0 1 5.68532
0 0 0 0 1 5.69105
0 0 0 0 1 5.77736
0 0 0 0 0 5.7201
0 0 0 0 0 5.82029
0 0 0 0 1 5.72259
0 0 0 0 1 5.75201
0 0 0 0 1 5.74679
0 0 0 0 1 5.79981
0 0 0 0 0 5.82397
0 0 0 0 0 5.81326
0 0 0 0 1 5.86269
0 0 0 0 1 5.87128
0 0 0 0 1 5.91951
0 0 0 0 1 5.82676
0 0 0 0 1 5.92832
0 0 0 0 1 5.85896
0 0 0 0 1 5.95525
0 0 0 0 0 5.94514
0 0 0 0 1 5.90528
0 0 0 0 1 5.94285
0 0 0 0 1 5.98663
0 0 0 0 1 5.94808
0 0 0 0 0 5.98012
0 0 0 0 1 6.03644
0 0 0 0 1 6.07498
0 0 0 0 0 5.99156
0 0 0 0 1 6.02425
0 0 0 0 1 6.02064
0 0 0 0 0 6.10241
0 0 0 0 1 6.11739
0 0 0 0 1 6.15698
0 0 0 0 1 6.15892
0 0 0 0 1 6.10142
0 0 0 0 1 6.12286
0 0 0 0 1 6.24962
0 0 0 0 1 6.16614
0 0 0 0 1 6.187
0 0 0 0 1 6.27765
0 0 0 0 1 6.26243
0 0 0 0 1 6.29017
0 0 0 0 0 6.30012
0 0 0 0 0 6.34799
0 0 0 0 1 6.35184
0 0 0 0 1 6.29863
0 0 0 0 1 6.35246
0 0 0 0 1 6.42022
0 0 0 0 0 6.45562
0 0 0 0 1 6.4085
0 0 0 0 1 6.43766
0 0 0 0 1 6.47421
0 0 0 0 0 6.51676
0 0 0 0 1 6.54074
0 0 0 0 1 6.46054
0 0 0 0 1 6.4845
0 0 0 0 1 6.58005
0 0 0 0 1 6.54461
0 0 0 0 1 6.62842
0 0 0 0 1 6.67241
0 0 0 0 1 6.66349
0 0 0 0 1 6.64113
0 0 0 0 1 6.733
0 0 0 0 1 6.64415
0 0 0 0 1 6.72921
0 0 0 0 1 6.80811
0 0 0 0 1 6.73148
0 0 0 0 1 6.8177
0 0 0 0 1 6.78146
0 0 0 0 1 6.79981
0 0 0 0 1 6.85267
0 0 0 0 1 6.89896
0 0 0 0 1 6.9668
0 0 0 0 1 6.93718
0 0 0 0 1 6.97014
0 0 0 0 0 7.0173
0 0 0 0 1 7.02252
0 0 0 0 1 7.07674
0 0 0 0 1 7.06079
0 0 0 0 1 7.06601
0 0 0 0 1 7.10694
0 0 0 0 1 7.16963
0 0 0 0 1 7.18229
0 0 0 0 0 7.18003
0 0 0 0 1 7.29436
0 0 0 0 1 7.35805
0 0 0 0 1 7.27599
0 0 0 0 1 7.4135
0 0 0 0 1 7.40501
0 0 0 0 1 7.35848
0 0 0 0 1 7.46787
0 0 0 0 0 7.5186
0 0 0 0 0 7.49408
0 0 0 0 1 7.55978
0 0 0 0 1 7.51971
0 0 0 0 1 7.68528
0 0 0 0 1 7.59921
0 0 0 0 1 7.66592
0 0 0 0 1 7.66355
0 0 0 0 1 7.69201
0 0 0 0 1 7.86091
0 0 0 0 1 7.89059
0 0 0 0 1 7.84916
0 0 0 0 1 7.86194
0 0 0 0 1 7.86717
0 0 0 0 1 7.93557
0 0 0 0 1 7.95679
0 0 0 0 1 8.01833
0 0 0 0 1 8.12886
0 0 0 0 0 8.1827
0 0 0 0 1 8.23733
0 0 0 0 0 8.16821
0 0 0 0 1 8.20564
0 0 0 0 1 8.35196
0 0 0 0 1 8.432
0 0 0 0 1 8.47052
0 0 0 0 1 8.39071
0 0 0 0 0 8.55631
0 0 0 0 1 8.56089
0 0 0 0 1 8.5745
0 0 0 0 1 8.6304
0 0 0 0 1 8.77274
0 0 0 0 1 8.77715
0 0 0 0 1 8.72763
0 0 0 0 1 8.86453
0 0 0 0 1 8.83193
0 0 0 0 0 8.95951
0 0 0 0 1 8.99811
0 0 0 0 1 8.99136
0 0 0 0 0 9.13999
0 0 0 0 1 9.17891
0 0 0 0 1 9.26392
0 0 0 0 0 9.33087
0 0 0 0 1 9.32449
0 0 0 0 0 9.34344
0 0 0 0 1 9.43887
0 0 0 0 1 9.47658
0 0 0 0 1 9.63879
0 0 0 0 1 9.58176
0 0 0 0 1 9.64829
0 0 0 0 1 9.70524
0 0 0 0 1 9.8903
0 0 0 0 0 9.85056
0 0 0 0 1 9.88638
0 0 0 0 1 10.0843
0 0 0 0 0 10.1004
0 0 0 0 1 10.1481
0 0 0 0 1 10.1734
0 0 0 0 1 10.3845
0 0 0 0 1 10.4744
0 0 0 0 1 10.4895
0 0 0 0 0 10.5143
0 0 0 0 1 10.6858
0 0 0 0 1 10.6998
0 0 0 0 1 10.7324
0 0 0 0 1 9.27798
0 0 0 0 1 9.18895
0 0 0 0 0 9.30893
0 0 0 0 1 9.19266
0 0 0 0 1 9.19235
0 0 0 0 1 9.17824
0 0 0 0 0 9.19644
0 0 0 0 1 9.21918
0 0 0 0 1 9.10031
0 0 0 0 1 9.10514
0 0 0 0 0 9.1782
0 0 0 0 1 9.0106
0 0 0 0 1 9.04746
0 0 0 0 1 8.98482
0 0 0 0 1 8.99939
0 0 0 0 1 8.96429
0 0 0 0 1 9.0509
0 0 0 0 0 9.05188
0 0 0 0 1 8.90087
0 0 0 0 0 8.91122
0 0 0 0 1 8.83738
0 0 0 0 0 8.86579
0 0 0 0 1 8.84093
0 0 0 0 1 8.77196
0 0 0 0 0 8.92444
0 0 0 0 1 8.7901
0 0 0 0 1 8.85407
0 0 0 0 1 8.70685
0 0 0 0 1 8.69194
0 0 0 0 1 8.6947
0 0 0 0 1 8.82882
0 0 0 0 1 8.81917
0 0 0 0 1 8.68258
0 0 0 0 0 8.6423
0 0 0 0 1 8.66308
0 0 0 0 0 8.71861
0 0 0 0 1 8.72211
0 0 0 0 0 8.73437
0 0 0 0 0 8.54812
0 0 0 0 1 8.60396
0 0 0 0 1 8.53925
0 0 0 0 1 8.64676
0 0 0 0 1 8.53093
0 0 0 0 1 8.60411
0 0 0 0 0 8.58308
0 0 0 0 1 8.57079
0 0 0 0 1 8.57875
0 0 0 0 0 8.4474
0 0 0 0 1 8.62701
0 0 0 0 1 8.63904
0 0 0 0 1 8.91274
0 0 0 0 1 8.90505
0 0 0 0 1 9.11146
0 0 0 0 1 9.20983
0 0 0 0 0 9.33508
0 0 0 0 0 9.51718
0 0 0 0 0 9.74881
0 0 0 0 1 9.88471
0 0 0 0 0 9.94975
0 0 0 0 1 10.1536
0 0 0 0 0 10.3691
0 0 0 0 1 10.5951
0 0 0 0 0 10.6731
0 0 0 0 1 10.898
0 0 0 0 1 11.2132
0 0 0 0 1 11.338
0 0 0 0 1 11.5157
0 0 0 0 1 11.7487
0 0 0 0 1 12.0663
0 0 0 0 1 12.3333
0 0 0 0 1 12.4725
0 0 0 0 1 12.9504
0 0 0 0 1 22.66
0 0 0 0 0 22.7547
0 0 0 0 1 22.5983
0 0 0 0 1 22.6484
0 0 0 0 1 22.7894
0 0 0 0 1 22.5458
0 0 0 0 1 22.597
0 0 0 0 1 22.4452
0 0 0 0 1 22.7231
0 0 0 0 1 22.3464
0 0 0 0 1 22.5346
0 0 0 0 1 22.3623
0 0 0 0 1 22.7552
0 0 0 0 1 22.5837
0 0 0 0 1 22.4129
0 0 0 0 1 22.58
0 0 0 0 1 22.2753
0 0 0 0 0 22.2859
0 0 0 0 1 23.4084
0 0 0 0 1 24.0032
0 0 0 0 1 25.0929
0 0 0 0 1 26.1598
0 0 0 0 1 36.5997
0 0 0 0 1 36.1478
0 0 0 0 1 36.6794
0 0 0 0 1 36.2656
0 0 0 0 1 36.4653
0 0 0 0 0 38.3337
0 0 0 0 1 51.8064
0 0 0 0 1 52.5196
0 0 0 0 1 52.3495
0 0 0 0 1 51.5035
0 0 0 0 1 52.0632
0 0 0 0 1 56.7235
0 0 0 0 1 65.0043
0 0 0 0 1 69.1066
0 0 0 0 1 82.1372
0 0 0 0 0 4.98495
0 0 0 0 0 5.00499
0 0 0 0 0 4.96992
0 0 0 0 0 5.02002
0 0 0 0 0 4.98495
0 0 0 0 0 4.97493
0 0 0 0 0 4.99998
0 0 0 0 0 5.02002
0 0 0 0 0 5.05008
0 0 0 0 0 4.99497
0 0 0 0 0 5.0601
0 0 0 0 0 5.02002
0 0 0 0 1 87.1529
0 0 0 0 1 88.3007
0 0 0 0 1 75.2952
0 0 0 0 1 63.4559
0 0 0 0 1 59.9817
0 0 0 0 1 60.1138
0 0 0 0 1 60.0651
0 0 0 0 0 51.1582
0 0 0 0 1 47.5073
0 0 0 0 1 47.7115
0 0 0 0 1 38.8814
0 0 0 0 0 37.0407
0 0 0 0 1 35.3825
0 0 0 0 1 36.0368
0 0 0 0 0 35.3352
0 0 0 0 1 35.4558
0 0 0 0 1 27.9936
0 0 0 0 1 26.8839
0 0 0 0 0 25.434
0 0 0 0 0 24.6638
0 0 0 0 1 24.5031
0 0 0 0 0 24.5892
0 0 0 0 0 24.8965
0 0 0 0 1 24.9098
0 0 0 0 1 24.504
0 0 0 0 1 24.4686
0 0 0 0 1 24.8043
0 0 0 0 1 24.9677
0 0 0 0 1 24.6604
0 0 0 0 1 18.2545
0 0 0 0 1 17.7388
0 0 0 0 1 17.0714
0 0 0 0 1 16.895
0 0 0 0 0 16.4402
0 0 0 0 1 16.0065
0 0 0 0 1 15.6093
0 0 0 0 1 15.227
0 0 0 0 1 14.6097
0 0 0 0 1 14.2788
0 0 0 0 1 14.1413
0 0 0 0 1 13.9842
0 0 0 0 0 13.7737
0 0 0 0 1 14.0222
0 0 0 0 1 13.8119
0 0 0 0 1 13.9776
0 0 0 0 1 13.8113
0 0 0 0 1 14.0756
0 0 0 0 0 13.8515
0 0 0 0 1 13.865
0 0 0 0 1 13.937
0 0 0 0 0 13.937
0 0 0 0 1 13.9233
0 0 0 0 0 14.0783
0 0 0 0 1 13.9268
0 0 0 0 0 14.0545
0 0 0 0 1 14.0134
0 0 0 0 1 14.2433
0 0 0 0 0 14.0049
0 0 0 0 1 14.1058
0 0 0 0 0 14.2382
0 0 0 0 1 14.1698
0 0 0 0 1 14.1469
0 0 0 0 0 14.3488
0 0 0 0 1 14.1414
0 0 0 0 1 14.1162
0 0 0 0 1 14.2939
0 0 0 0 0 14.3407
0 0 0 0 1 14.4338
0 0 0 0 1 14.3666
0 0 0 0 1 8.83475
0 0 0 0 1 8.73834
0 0 0 0 1 8.51267
0 0 0 0 1 8.46075
0 0 0 0 1 8.4413
0 0 0 0 1 8.20447
0 0 0 0 1 8.1769
0 0 0 0 0 8.09809
0 0 0 0 1 7.97227
0 0 0 0 1 7.92637
0 0 0 0 1 7.76384
0 0 0 0 1 7.70211
0 0 0 0 1 7.67968
0 0 0 0 1 7.62582
0 0 0 0 1 7.45933
0 0 0 0 1 7.47417
0 0 0 0 1 7.24377
0 0 0 0 1 7.20688
0 0 0 0 1 7.11919
0 0 0 0 1 7.06742
0 0 0 0 1 7.07854
0 0 0 0 0 6.98606
0 0 0 0 1 6.90572
0 0 0 0 1 6.87574
0 0 0 0 1 6.68983
0 0 0 0 1 6.66029
0 0 0 0 1 6.6435
0 0 0 0 1 6.52746
0 0 0 0 1 6.46459
0 0 0 0 1 6.41726
0 0 0 0 1 6.42484
0 0 0 0 1 6.29465
0 0 0 0 0 6.27261
0 0 0 0 1 6.21901
0 0 0 0 0 6.22108
0 0 0 0 1 6.06324
0 0 0 0 1 6.09534
0 0 0 0 1 5.9906
0 0 0 0 1 5.90798
0 0 0 0 1 5.888
0 0 0 0 1 5.89422
0 0 0 0 1 5.84432
0 0 0 0 1 5.80039
0 0 0 0 1 5.75083
0 0 0 0 0 5.64155
0 0 0 0 0 5.62101
0 0 0 0 1 5.59462
0 0 0 0 1 5.53779
0 0 0 0 0 5.48381
0 0 0 0 0 5.4849
0 0 0 0 0 5.42563
0 0 0 0 1 5.34824
0 0 0 0 1 5.32515
0 0 0 0 1 5.36277
0 0 0 0 1 5.24918
0 0 0 0 1 5.2649
0 0 0 0 1 5.23101
0 0 0 0 1 5.1972
0 0 0 0 1 5.19953
0 0 0 0 1 5.08384
0 0 0 0 1 5.07783
0 0 0 0 1 4.98906
0 0 0 0 1 5.04964
0 0 0 0 0 4.95152
0 0 0 0 1 4.98301
0 0 0 0 1 4.92036
0 0 0 0 0 4.87286
0 0 0 0 0 4.81921
0 0 0 0 0 4.8544
0 0 0 0 1 4.83426
0 0 0 0 0 4.83152
0 0 0 0 1 4.7959
0 0 0 0 1 4.88643
0 0 0 0 1 4.83504
0 0 0 0 1 4.87244
0 0 0 0 1 4.86099
0 0 0 0 1 4.88394
0 0 0 0 1 4.96026
0 0 0 0 1 4.91426
0 0 0 0 1 4.98238
0 0 0 0 1 5.03471
0 0 0 0 1 4.96842
0 0 0 0 1 4.9921
0 0 0 0 1 5.07144
0 0 0 0 1 5.0247
0 0 0 0 0 5.11485
0 0 0 0 1 5.10868
0 0 0 0 0 5.15877
0 0 0 0 1 5.14099
0 0 0 0 1 5.1966
0 0 0 0 1 5.21118
0 0 0 0 1 5.1583
0 0 0 0 0 5.16753
0 0 0 0 1 5.21865
0 0 0 0 0 5.30689
0 0 0 0 0 5.25334
0 0 0 0 1 5.30667
0 0 0 0 1 5.33764
0 0 0 0 1 5.3581
0 0 0 0 1 5.35183
0 0 0 0 1 5.34545
0 0 0 0 0 5.36742
0 0 0 0 1 5.44235
0 0 0 0 1 5.47961
0 0 0 0 1 5.44046
0 0 0 0 1 5.44635
0 0 0 0 0 5.48937
0 0 0 0 1 5.53418
0 0 0 0 0 5.53316
0 0 0 0 1 5.57833
0 0 0 0 1 5.58852
0 0 0 0 1 5.65671
0 0 0 0 1 5.61603
0 0 0 0 1 5.74172
0 0 0 0 1 5.66644
0 0 0 0 0 5.78172
0 0 0 0 0 5.77658
0 0 0 0 0 5.77121
0 0 0 0 0 5.82829
0 0 0 0 1 5.86974
0 0 0 0 1 5.83481
0 0 0 0 1 5.86449
0 0 0 0 1 6.00147
0 0 0 0 1 6.01398
0 0 0 0 0 6.04447
0 0 0 0 1 6.07507
0 0 0 0 1 6.08756
0 0 0 0 0 6.06944
0 0 0 0 1 6.13072
0 0 0 0 0 6.1693
0 0 0 0 1 9.44289
0 0 0 0 1 9.51926
0 0 0 0 0 9.44064
0 0 0 0 1 9.38133
0 0 0 0 0 9.29749
0 0 0 0 1 9.26704
0 0 0 0 1 9.38589
0 0 0 0 1 9.31492
0 0 0 0 1 9.28783
0 0 0 0 0 9.30385
0 0 0 0 1 9.28294
0 0 0 0 1 9.10625
0 0 0 0 1 9.07694
0 0 0 0 1 9.2027
0 0 0 0 1 9.12784
0 0 0 0 1 9.0444
0 0 0 0 1 8.97954
0 0 0 0 1 9.07378
0 0 0 0 1 9.03612
0 0 0 0 1 8.98648
0 0 0 0 0 8.98502
0 0 0 0 1 8.97469
0 0 0 0 1 8.94671
0 0 0 0 1 8.89241
0 0 0 0 1 8.83513
0 0 0 0 1 8.72879
0 0 0 0 1 8.74582
0 0 0 0 1 8.83473
0 0 0 0 1 8.79037
0 0 0 0 1 8.63854
0 0 0 0 0 8.62979
0 0 0 0 1 8.59172
0 0 0 0 0 8.64364
0 0 0 0 1 8.5714
0 0 0 0 1 8.64037
0 0 0 0 1 8.61997
0 0 0 0 0 8.48372
0 0 0 0 1 8.50647
0 0 0 0 0 8.52067
0 0 0 0 1 8.51791
0 0 0 0 1 8.48984
0 0 0 0 1 8.44508
0 0 0 0 1 8.43788
0 0 0 0 1 8.36002
0 0 0 0 1 8.31608
0 0 0 0 1 8.29747
0 0 0 0 0 8.39573
0 0 0 0 1 8.32265
0 0 0 0 1 8.21312
0 0 0 0 1 8.26143
0 0 0 0 1 8.18186
0 0 0 0 0 8.16421
0 0 0 0 1 8.20432
0 0 0 0 0 8.26897
0 0 0 0 0 8.20232
0 0 0 0 1 8.23416
0 0 0 0 1 8.1762
0 0 0 0 1 8.2
0 0 0 0 1 8.08565
0 0 0 0 1 8.11784
0 0 0 0 1 8.05287
0 0 0 0 0 8.01249
0 0 0 0 1 7.98044
0 0 0 0 0 8.09741
0 0 0 0 1 8.08958
0 0 0 0 1 8.0418
0 0 0 0 1 7.93029
0 0 0 0 1 8.03497
0 0 0 0 1 7.9837
0 0 0 0 1 8.04037
0 0 0 0 1 8.00954
0 0 0 0 1 7.87584
0 0 0 0 1 7.84567
0 0 0 0 1 7.96946
0 0 0 0 0 7.93155
0 0 0 0 1 7.95692
0 0 0 0 0 7.93073
0 0 0 0 1 7.89683
0 0 0 0 1 7.85973
0 0 0 0 1 7.90903
0 0 0 0 0 7.79413
0 0 0 0 1 7.72977
0 0 0 0 0 7.77944
0 0 0 0 1 7.72014
0 0 0 0 1 7.74972
0 0 0 0 1 7.78402
0 0 0 0 1 7.68186
