0 0 0 0 0 5.49187
0 0 0 0 0 5.57312
0 0 0 0 0 5.55457
0 0 0 0 1 5.53852
0 0 0 0 1 5.54237
0 0 0 0 1 5.63581
0 0 0 0 1 5.65027
0 0 0 0 1 5.55933
0 0 0 0 1 5.65568
0 0 0 0 1 5.60962
0 0 0 0 0 5.68739
0 0 0 0 1 5.69784
0 0 0 0 1 5.70489
0 0 0 0 1 5.65333
0 0 0 0 1 5.64137
0 0 0 0 1 5.69965
0 0 0 0 1 5.70496
0 0 0 0 1 5.69329
0 0 0 0 0 5.73877
0 0 0 0 1 5.69114
0 0 0 0 1 5.69105
0 0 0 0 1 5.76563
0 0 0 0 1 5.76586
0 0 0 0 1 5.76619
0 0 0 0 0 5.79721
0 0 0 0 0 5.8093
0 0 0 0 1 5.82731
0 0 0 0 1 5.81065
0 0 0 0 1 5.87543
0 0 0 0 1 5.81814
0 0 0 0 1 5.81326
0 0 0 0 1 5.79833
0 0 0 0 1 5.883
0 0 0 0 1 5.91364
0 0 0 0 1 5.87385
0 0 0 0 0 5.85754
0 0 0 0 1 5.85304
0 0 0 0 1 5.90192
0 0 0 0 1 5.97484
0 0 0 0 1 5.94695
0 0 0 0 0 5.92495
0 0 0 0 1 5.92085
0 0 0 0 1 5.97204
0 0 0 0 1 5.96211
0 0 0 0 1 6.04246
0 0 0 0 1 6.07498
0 0 0 0 1 6.06419
0 0 0 0 1 6.04851
0 0 0 0 1 6.02064
0 0 0 0 1 6.05364
0 0 0 0 1 6.09294
0 0 0 0 1 6.06509
0 0 0 0 1 6.09745
0 0 0 0 1 6.21225
0 0 0 0 1 6.1352
0 0 0 0 1 6.17537
0 0 0 0 1 6.18475
0 0 0 0 1 6.187
0 0 0 0 1 6.29637
0 0 0 0 1 6.22489
0 0 0 0 1 6.23995
0 0 0 0 1 6.32529
0 0 0 0 1 6.32275
0 0 0 0 1 6.35184
0 0 0 0 1 6.29863
0 0 0 0 1 6.33973
0 0 0 0 1 6.31811
0 0 0 0 1 6.34675
0 0 0 0 1 6.4085
0 0 0 0 0 6.50855
0 0 0 0 1 6.39667
0 0 0 0 0 6.41949
0 0 0 0 1 6.52124
0 0 0 0 1 6.45403
0 0 0 0 1 6.60216
0 0 0 0 1 6.53413
0 0 0 0 1 6.61703
0 0 0 0 1 6.61522
0 0 0 0 1 6.6194
0 0 0 0 1 6.67679
0 0 0 0 1 6.64781
0 0 0 0 1 6.68615
0 0 0 0 1 6.70455
0 0 0 0 0 6.77636
0 0 0 0 0 6.73374
0 0 0 0 0 6.80612
0 0 0 0 1 6.77002
0 0 0 0 1 6.84983
0 0 0 0 1 6.79981
0 0 0 0 1 6.93531
0 0 0 0 0 6.89896
0 0 0 0 0 6.91134
0 0 0 0 0 6.88847
0 0 0 0 1 6.99109
0 0 0 0 1 7.05235
0 0 0 0 1 7.06474
0 0 0 0 0 7.14036
0 0 0 0 0 7.08917
0 0 0 0 1 7.05888
0 0 0 0 0 7.17129
0 0 0 0 0 7.12657
0 0 0 0 0 7.27594
0 0 0 0 1 7.22346
0 0 0 0 1 7.19991
0 0 0 0 0 7.34346
0 0 0 0 0 7.28331
0 0 0 0 0 7.39877
0 0 0 0 1 7.41239
0 0 0 0 1 7.47717
0 0 0 0 0 7.44551
0 0 0 0 1 7.4363
0 0 0 0 1 7.56173
0 0 0 0 1 7.58999
0 0 0 0 0 7.60317
0 0 0 0 1 7.58626
0 0 0 0 1 7.68339
0 0 0 0 1 7.75819
0 0 0 0 1 7.70217
0 0 0 0 1 7.70753
0 0 0 0 1 7.77513
0 0 0 0 1 7.88276
0 0 0 0 1 7.88849
0 0 0 0 1 7.92521
0 0 0 0 0 7.89101
0 0 0 0 0 8.04745
0 0 0 0 1 8.02102
0 0 0 0 1 8.05867
0 0 0 0 0 8.03971
0 0 0 0 1 8.12565
0 0 0 0 1 8.2537
0 0 0 0 1 8.31643
0 0 0 0 1 8.32156
0 0 0 0 0 8.25213
0 0 0 0 1 8.32325
0 0 0 0 1 8.46211
0 0 0 0 1 8.50067
0 0 0 0 1 8.56481
0 0 0 0 0 8.54379
0 0 0 0 1 8.66042
0 0 0 0 1 8.56993
0 0 0 0 1 8.72057
0 0 0 0 1 8.69847
0 0 0 0 1 8.8508
0 0 0 0 1 8.90872
0 0 0 0 0 8.85861
0 0 0 0 1 8.8879
0 0 0 0 1 9.05216
0 0 0 0 1 9.082
0 0 0 0 1 9.08532
0 0 0 0 1 9.11473
0 0 0 0 1 9.19933
0 0 0 0 1 9.26588
0 0 0 0 1 9.39916
0 0 0 0 0 9.31524
0 0 0 0 1 9.51453
0 0 0 0 1 9.58135
0 0 0 0 0 9.56206
0 0 0 0 1 9.69755
0 0 0 0 1 9.73574
0 0 0 0 1 9.69545
0 0 0 0 1 9.84105
0 0 0 0 1 9.8902
0 0 0 0 1 9.93631
0 0 0 0 1 10.0441
0 0 0 0 1 10.1106
0 0 0 0 1 10.3011
0 0 0 0 1 10.2248
0 0 0 0 1 10.312
0 0 0 0 1 10.4536
0 0 0 0 1 10.4265
0 0 0 0 1 10.5143
0 0 0 0 1 10.6858
0 0 0 0 1 10.7535
0 0 0 0 1 10.9165
0 0 0 0 1 9.26867
0 0 0 0 0 9.18895
0 0 0 0 1 9.19777
0 0 0 0 1 9.31277
0 0 0 0 1 9.16469
0 0 0 0 1 9.16904
0 0 0 0 1 9.23315
0 0 0 0 0 9.06354
0 0 0 0 1 9.1734
0 0 0 0 1 9.05957
0 0 0 0 1 9.12362
0 0 0 0 0 9.0469
0 0 0 0 1 8.97501
0 0 0 0 0 9.12041
0 0 0 0 0 8.98136
0 0 0 0 0 8.94629
0 0 0 0 1 8.9252
0 0 0 0 1 8.98018
0 0 0 0 1 9.02611
0 0 0 0 0 8.88444
0 0 0 0 0 8.87301
0 0 0 0 1 8.93693
0 0 0 0 1 8.93858
0 0 0 0 0 8.77196
0 0 0 0 1 8.87137
0 0 0 0 1 8.77245
0 0 0 0 1 8.88931
0 0 0 0 1 8.74203
0 0 0 0 1 8.71827
0 0 0 0 1 8.721
0 0 0 0 0 8.81132
0 0 0 0 1 8.81917
0 0 0 0 1 8.80463
0 0 0 0 1 8.78155
0 0 0 0 1 8.71521
0 0 0 0 1 8.71861
0 0 0 0 1 8.74809
0 0 0 0 1 8.58735
0 0 0 0 1 8.59993
0 0 0 0 0 8.5781
0 0 0 0 1 8.53064
0 0 0 0 1 8.52642
0 0 0 0 1 8.59101
0 0 0 0 0 8.60411
0 0 0 0 1 8.56596
0 0 0 0 1 8.46824
0 0 0 0 1 8.56168
0 0 0 0 0 8.45592
0 0 0 0 1 8.61843
0 0 0 0 1 8.73474
0 0 0 0 1 8.81567
0 0 0 0 1 8.96776
0 0 0 0 0 9.15693
0 0 0 0 1 9.31144
0 0 0 0 0 9.40075
0 0 0 0 1 9.50764
0 0 0 0 1 9.60359
0 0 0 0 0 9.76657
0 0 0 0 1 9.94975
0 0 0 0 1 10.174
0 0 0 0 1 10.3483
0 0 0 0 0 10.6478
0 0 0 0 1 10.8341
0 0 0 0 0 10.8542
0 0 0 0 0 11.2466
0 0 0 0 1 11.3835
0 0 0 0 1 11.562
0 0 0 0 1 11.8432
0 0 0 0 1 12.1265
0 0 0 0 1 12.3209
0 0 0 0 1 12.5982
0 0 0 0 0 12.976
0 0 0 0 1 22.7737
0 0 0 0 1 22.8683
0 0 0 0 0 22.7571
0 0 0 0 0 22.4444
0 0 0 0 1 22.4723
0 0 0 0 1 22.6816
0 0 0 0 1 22.8006
0 0 0 0 0 22.6486
0 0 0 0 0 22.565
0 0 0 0 1 22.527
0 0 0 0 1 22.6023
0 0 0 0 1 22.6553
0 0 0 0 1 22.5749
0 0 0 0 1 22.4711
0 0 0 0 1 22.5254
0 0 0 0 1 22.3776
0 0 0 0 1 22.5001
0 0 0 0 1 22.6229
0 0 0 0 0 23.2692
0 0 0 0 1 24.0514
0 0 0 0 1 25.3692
0 0 0 0 1 26.3695
0 0 0 0 0 36.0534
0 0 0 0 1 36.439
0 0 0 0 1 36.7522
0 0 0 0 1 36.011
0 0 0 0 1 36.3562
0 0 0 0 1 38.4878
0 0 0 0 1 52.1708
0 0 0 0 1 52.3635
0 0 0 0 1 51.8291
0 0 0 0 1 52.2838
0 0 0 0 1 51.5431
0 0 0 0 1 55.9341
0 0 0 0 1 65.3316
0 0 0 0 1 70.1516
0 0 0 0 0 82.4645
0 0 0 0 0 4.96992
0 0 0 0 0 4.98996
0 0 0 0 0 4.98495
0 0 0 0 0 5.05008
0 0 0 0 0 4.99497
0 0 0 0 0 5.01501
0 0 0 0 0 4.98495
0 0 0 0 0 5.02503
0 0 0 0 0 4.9599
0 0 0 0 0 4.96491
0 0 0 0 0 5.00499
0 0 0 0 0 5.04507
0 0 0 0 1 88.3791
0 0 0 0 0 86.7239
0 0 0 0 1 75.8964
0 0 0 0 0 64.222
0 0 0 0 1 60.708
0 0 0 0 1 60.8403
0 0 0 0 1 60.4889
0 0 0 0 1 51.9833
0 0 0 0 1 47.6992
0 0 0 0 1 47.6635
0 0 0 0 1 39.2349
0 0 0 0 0 36.4884
0 0 0 0 1 35.9175
0 0 0 0 0 35.6444
0 0 0 0 1 35.585
0 0 0 0 0 35.4558
0 0 0 0 0 27.7971
0 0 0 0 1 26.9643
0 0 0 0 0 25.7417
0 0 0 0 1 24.7622
0 0 0 0 1 24.8479
0 0 0 0 1 24.7124
0 0 0 0 1 24.4282
0 0 0 0 1 24.4905
0 0 0 0 1 24.5287
0 0 0 0 1 24.4933
0 0 0 0 0 24.829
0 0 0 0 0 24.6958
0 0 0 0 1 24.7841
0 0 0 0 1 18.0725
0 0 0 0 1 17.615
0 0 0 0 1 17.123
0 0 0 0 1 16.7612
0 0 0 0 0 16.3425
0 0 0 0 1 15.7525
0 0 0 0 1 15.5629
0 0 0 0 0 15.2119
0 0 0 0 1 14.831
0 0 0 0 1 14.3077
0 0 0 0 1 14.0849
0 0 0 0 1 13.8314
0 0 0 0 1 13.9822
0 0 0 0 1 14.0083
0 0 0 0 1 14.0207
0 0 0 0 0 14.0194
0 0 0 0 1 14.0624
0 0 0 0 1 14.0896
0 0 0 0 1 14.117
0 0 0 0 1 13.9069
0 0 0 0 0 14.0211
0 0 0 0 0 13.881
0 0 0 0 1 14.0636
0 0 0 0 1 14.0642
0 0 0 0 1 14.1238
0 0 0 0 1 14.1249
0 0 0 0 1 14.0839
0 0 0 0 0 13.9892
0 0 0 0 1 13.9908
0 0 0 0 1 14.2049
0 0 0 0 1 14.2665
0 0 0 0 1 14.1131
0 0 0 0 0 14.1753
0 0 0 0 1 14.1782
0 0 0 0 1 14.2554
0 0 0 0 1 14.3586
0 0 0 0 1 14.2368
0 0 0 0 1 14.2263
0 0 0 0 1 14.4338
0 0 0 0 1 14.2088
0 0 0 0 1 8.86123
0 0 0 0 0 8.79933
0 0 0 0 1 8.56426
0 0 0 0 0 8.55419
0 0 0 0 1 8.41613
0 0 0 0 0 8.32878
0 0 0 0 1 8.16052
0 0 0 0 1 8.06573
0 0 0 0 1 7.97227
0 0 0 0 1 7.88686
0 0 0 0 1 7.88893
0 0 0 0 1 7.70983
0 0 0 0 1 7.68732
0 0 0 0 1 7.61827
0 0 0 0 1 7.48923
0 0 0 0 1 7.37057
0 0 0 0 1 7.35352
0 0 0 0 1 7.19963
0 0 0 0 0 7.11919
0 0 0 0 1 7.14547
0 0 0 0 0 7.08557
0 0 0 0 1 6.99302
0 0 0 0 1 6.85064
0 0 0 0 1 6.78025
0 0 0 0 1 6.82498
0 0 0 0 1 6.6536
0 0 0 0 1 6.61035
0 0 0 0 1 6.59312
0 0 0 0 1 6.52312
0 0 0 0 1 6.45595
0 0 0 0 1 6.36097
0 0 0 0 0 6.28832
0 0 0 0 1 6.22238
0 0 0 0 1 6.18166
0 0 0 0 0 6.20257
0 0 0 0 0 6.11218
0 0 0 0 1 6.02256
0 0 0 0 1 6.06285
0 0 0 0 1 5.91991
0 0 0 0 0 5.86431
0 0 0 0 1 5.91184
0 0 0 0 1 5.86763
0 0 0 0 0 5.77726
0 0 0 0 1 5.69917
0 0 0 0 1 5.68136
0 0 0 0 0 5.70002
0 0 0 0 1 5.63382
0 0 0 0 1 5.59345
0 0 0 0 1 5.57217
0 0 0 0 1 5.43559
0 0 0 0 1 5.43107
0 0 0 0 1 5.39145
0 0 0 0 1 5.36272
0 0 0 0 1 5.30952
0 0 0 0 1 5.27035
0 0 0 0 1 5.22291
0 0 0 0 1 5.22058
0 0 0 0 1 5.20757
0 0 0 0 1 5.17894
0 0 0 0 1 5.13499
0 0 0 0 1 5.10827
0 0 0 0 1 5.08985
0 0 0 0 1 5.01955
0 0 0 0 1 5.02624
0 0 0 0 1 4.95827
0 0 0 0 0 4.94985
0 0 0 0 1 4.89727
0 0 0 0 1 4.89694
0 0 0 0 1 4.86887
0 0 0 0 1 4.80055
0 0 0 0 1 4.81222
0 0 0 0 1 4.82981
0 0 0 0 0 4.85239
0 0 0 0 0 4.86916
0 0 0 0 1 4.91157
0 0 0 0 1 4.93955
0 0 0 0 1 4.95787
0 0 0 0 1 4.95038
0 0 0 0 1 4.98369
0 0 0 0 1 4.94256
0 0 0 0 0 4.96485
0 0 0 0 1 5.02853
0 0 0 0 1 5.01724
0 0 0 0 1 5.02098
0 0 0 0 1 5.08549
0 0 0 0 1 5.11485
0 0 0 0 1 5.06275
0 0 0 0 0 5.16902
0 0 0 0 1 5.15126
0 0 0 0 0 5.10896
0 0 0 0 1 5.16461
0 0 0 0 0 5.22583
0 0 0 0 0 5.18317
0 0 0 0 1 5.18201
0 0 0 0 0 5.2491
0 0 0 0 0 5.31136
0 0 0 0 1 5.24835
0 0 0 0 1 5.31635
0 0 0 0 1 5.39015
0 0 0 0 1 5.38937
0 0 0 0 1 5.3293
0 0 0 0 1 5.3566
0 0 0 0 0 5.4695
0 0 0 0 1 5.47416
0 0 0 0 1 5.48972
0 0 0 0 1 5.54537
0 0 0 0 0 5.48385
0 0 0 0 1 5.60079
0 0 0 0 1 5.58888
0 0 0 0 0 5.63434
0 0 0 0 1 5.63912
0 0 0 0 1 5.63976
0 0 0 0 1 5.69545
0 0 0 0 1 5.64479
0 0 0 0 0 5.76947
0 0 0 0 1 5.7472
0 0 0 0 1 5.75345
0 0 0 0 1 5.8642
0 0 0 0 0 5.85746
0 0 0 0 0 5.80523
0 0 0 0 1 5.88785
0 0 0 0 1 5.95335
0 0 0 0 1 5.94193
0 0 0 0 1 6.01398
0 0 0 0 0 5.98433
0 0 0 0 0 6.02067
0 0 0 0 0 6.01466
0 0 0 0 1 6.11219
0 0 0 0 1 6.07549
0 0 0 0 1 6.1199
0 0 0 0 1 9.42385
0 0 0 0 1 9.41496
0 0 0 0 1 9.36504
0 0 0 0 1 9.40017
0 0 0 0 0 9.40069
0 0 0 0 0 9.3325
0 0 0 0 1 9.31133
0 0 0 0 0 9.22196
0 0 0 0 0 9.35265
0 0 0 0 1 9.20232
0 0 0 0 1 9.21854
0 0 0 0 1 9.19795
0 0 0 0 1 9.09522
0 0 0 0 1 9.15714
0 0 0 0 1 9.06426
0 0 0 0 1 9.02629
0 0 0 0 1 8.99759
0 0 0 0 1 9.03777
0 0 0 0 1 8.91049
0 0 0 0 1 8.90592
0 0 0 0 0 8.93148
0 0 0 0 1 8.94801
0 0 0 0 1 8.89351
0 0 0 0 0 8.89241
0 0 0 0 1 8.73814
0 0 0 0 1 8.72
0 0 0 0 0 8.84221
0 0 0 0 1 8.71227
0 0 0 0 0 8.64212
0 0 0 0 1 8.70814
0 0 0 0 1 8.7252
0 0 0 0 0 8.62633
0 0 0 0 0 8.59188
0 0 0 0 1 8.63164
0 0 0 0 0 8.52883
0 0 0 0 0 8.58573
0 0 0 0 0 8.60321
0 0 0 0 1 8.48944
0 0 0 0 0 8.45271
0 0 0 0 1 8.4501
0 0 0 0 1 8.46447
0 0 0 0 1 8.36915
0 0 0 0 1 8.49677
0 0 0 0 1 8.31806
0 0 0 0 1 8.45008
0 0 0 0 1 8.39774
0 0 0 0 1 8.26233
0 0 0 0 1 8.27277
0 0 0 0 1 8.2629
0 0 0 0 1 8.24487
0 0 0 0 0 8.25624
0 0 0 0 1 8.29616
0 0 0 0 1 8.1714
0 0 0 0 1 8.17864
0 0 0 0 1 8.15316
0 0 0 0 1 8.09516
0 0 0 0 1 8.11092
0 0 0 0 1 8.11857
0 0 0 0 1 8.07753
0 0 0 0 0 8.13406
0 0 0 0 1 8.03668
0 0 0 0 1 8.09326
0 0 0 0 1 8.08523
0 0 0 0 1 8.02496
0 0 0 0 0 8.08154
0 0 0 0 1 7.96162
0 0 0 0 1 7.92229
0 0 0 0 1 7.97108
0 0 0 0 1 7.93584
0 0 0 0 1 7.92096
0 0 0 0 1 7.91419
0 0 0 0 1 7.94722
0 0 0 0 1 7.98026
0 0 0 0 0 7.83506
0 0 0 0 1 7.94733
0 0 0 0 1 7.94116
0 0 0 0 1 7.78911
0 0 0 0 1 7.84183
0 0 0 0 0 7.78129
0 0 0 0 1 7.79157
0 0 0 0 0 7.8254
0 0 0 0 0 7.83127
0 0 0 0 0 7.76385
0 0 0 0 1 7.76683
0 0 0 0 0 7.69531
0 0 0 0 1 7.72969
0 0 0 0 1 7.78263
