0 0 0 0 1 5.51406
0 0 0 0 1 5.55089
0 0 0 0 1 5.58796
0 0 0 0 1 5.6221
0 0 0 0 1 5.63726
0 0 0 0 1 5.54076
0 0 0 0 1 5.6167
0 0 0 0 0 5.62658
0 0 0 0 0 5.6669
0 0 0 0 0 5.58714
0 0 0 0 1 5.68739
0 0 0 0 1 5.58501
0 0 0 0 1 5.67665
0 0 0 0 1 5.6307
0 0 0 0 1 5.70941
0 0 0 0 1 5.71668
0 0 0 0 1 5.65946
0 0 0 0 1 5.72749
0 0 0 0 1 5.65312
0 0 0 0 1 5.77113
0 0 0 0 1 5.73685
0 0 0 0 1 5.69678
0 0 0 0 0 5.71413
0 0 0 0 1 5.74314
0 0 0 0 1 5.71646
0 0 0 0 1 5.82664
0 0 0 0 1 5.84469
0 0 0 0 1 5.84548
0 0 0 0 1 5.75909
0 0 0 0 1 5.86478
0 0 0 0 1 5.9009
0 0 0 0 0 5.88025
0 0 0 0 1 5.88886
0 0 0 0 1 5.89602
0 0 0 0 1 5.92682
0 0 0 0 0 5.84574
0 0 0 0 0 5.87669
0 0 0 0 1 5.89599
0 0 0 0 1 5.98077
0 0 0 0 1 5.93504
0 0 0 0 1 6.01445
0 0 0 0 1 6.02252
0 0 0 0 0 6.04392
0 0 0 0 1 5.95611
0 0 0 0 1 5.9582
0 0 0 0 1 6.02069
0 0 0 0 1 6.10655
0 0 0 0 1 6.12131
0 0 0 0 1 6.10578
0 0 0 0 1 6.14508
0 0 0 0 1 6.16017
0 0 0 0 0 6.17536
0 0 0 0 1 6.17121
0 0 0 0 1 6.1753
0 0 0 0 1 6.11669
0 0 0 0 1 6.24962
0 0 0 0 1 6.22197
0 0 0 0 1 6.27414
0 0 0 0 1 6.23397
0 0 0 0 1 6.24992
0 0 0 0 1 6.32156
0 0 0 0 0 6.24347
0 0 0 0 0 6.30382
0 0 0 0 1 6.26959
0 0 0 0 1 6.38744
0 0 0 0 1 6.327
0 0 0 0 1 6.44575
0 0 0 0 1 6.39798
0 0 0 0 1 6.47914
0 0 0 0 1 6.46344
0 0 0 0 1 6.40313
0 0 0 0 1 6.49082
0 0 0 0 1 6.50823
0 0 0 0 0 6.54529
0 0 0 0 1 6.47143
0 0 0 0 1 6.61286
0 0 0 0 1 6.52485
0 0 0 0 1 6.569
0 0 0 0 1 6.69228
0 0 0 0 1 6.65684
0 0 0 0 0 6.72123
0 0 0 0 1 6.64599
0 0 0 0 1 6.64415
0 0 0 0 1 6.7831
0 0 0 0 1 6.71346
0 0 0 0 1 6.83326
0 0 0 0 0 6.85175
0 0 0 0 1 6.90452
0 0 0 0 1 6.82725
0 0 0 0 1 6.81823
0 0 0 0 1 6.90587
0 0 0 0 1 6.95986
0 0 0 0 1 6.90935
0 0 0 0 1 7.00506
0 0 0 0 1 7.08039
0 0 0 0 0 7.09289
0 0 0 0 0 7.07674
0 0 0 0 1 7.0395
0 0 0 0 1 7.0945
0 0 0 0 1 7.11409
0 0 0 0 1 7.1481
0 0 0 0 1 7.18949
0 0 0 0 0 7.22346
0 0 0 0 1 7.19264
0 0 0 0 1 7.33616
0 0 0 0 1 7.31262
0 0 0 0 1 7.34724
0 0 0 0 1 7.37548
0 0 0 0 1 7.46975
0 0 0 0 1 7.40079
0 0 0 0 1 7.50363
0 0 0 0 1 7.48656
0 0 0 0 1 7.61265
0 0 0 0 1 7.58041
0 0 0 0 1 7.57102
0 0 0 0 1 7.70635
0 0 0 0 1 7.66592
0 0 0 0 1 7.66355
0 0 0 0 1 7.72305
0 0 0 0 1 7.72834
0 0 0 0 1 7.77317
0 0 0 0 1 7.83343
0 0 0 0 0 7.98849
0 0 0 0 1 7.98637
0 0 0 0 1 7.9995
0 0 0 0 1 8.03708
0 0 0 0 1 8.099
0 0 0 0 1 8.03161
0 0 0 0 0 8.1012
0 0 0 0 1 8.27008
0 0 0 0 0 8.27526
0 0 0 0 1 8.24704
0 0 0 0 1 8.30205
0 0 0 0 1 8.29816
0 0 0 0 1 8.36958
0 0 0 0 1 8.50067
0 0 0 0 0 8.49677
0 0 0 0 1 8.51813
0 0 0 0 1 8.66042
0 0 0 0 0 8.59584
0 0 0 0 1 8.63363
0 0 0 0 1 8.68098
0 0 0 0 0 8.87719
0 0 0 0 1 8.82034
0 0 0 0 1 8.81414
0 0 0 0 1 8.97741
0 0 0 0 1 9.02513
0 0 0 0 1 9.00948
0 0 0 0 0 9.16733
0 0 0 0 1 9.08722
0 0 0 0 1 9.20856
0 0 0 0 1 9.2566
0 0 0 0 0 9.26848
0 0 0 0 1 9.41864
0 0 0 0 1 9.41995
0 0 0 0 1 9.48611
0 0 0 0 1 9.54288
0 0 0 0 1 9.6686
0 0 0 0 1 9.74545
0 0 0 0 0 9.85199
0 0 0 0 1 9.82135
0 0 0 0 1 9.9893
0 0 0 0 0 10.0162
0 0 0 0 1 9.9637
0 0 0 0 1 10.2119
0 0 0 0 1 10.1685
0 0 0 0 1 10.1837
0 0 0 0 1 10.4363
0 0 0 0 1 10.4536
0 0 0 0 1 10.563
0 0 0 0 1 10.4826
0 0 0 0 1 10.7498
0 0 0 0 1 10.7105
0 0 0 0 1 10.7866
0 0 0 0 1 9.3152
0 0 0 0 1 9.32818
0 0 0 0 0 9.33671
0 0 0 0 0 9.21114
0 0 0 0 1 9.29377
0 0 0 0 1 9.15065
0 0 0 0 0 9.25151
0 0 0 0 0 9.0727
0 0 0 0 1 9.21909
0 0 0 0 1 9.05957
0 0 0 0 1 9.08723
0 0 0 0 1 9.14672
0 0 0 0 1 9.0384
0 0 0 0 0 9.09329
0 0 0 0 1 9.00841
0 0 0 0 1 8.98229
0 0 0 0 1 9.04192
0 0 0 0 1 9.025
0 0 0 0 1 8.97243
0 0 0 0 1 8.86658
0 0 0 0 0 8.92646
0 0 0 0 0 8.87468
0 0 0 0 1 8.90307
0 0 0 0 1 8.82512
0 0 0 0 1 8.86253
0 0 0 0 1 8.80775
0 0 0 0 1 8.80121
0 0 0 0 1 8.87395
0 0 0 0 0 8.79729
0 0 0 0 0 8.721
0 0 0 0 1 8.77632
0 0 0 0 1 8.66199
0 0 0 0 1 8.6913
0 0 0 0 1 8.69451
0 0 0 0 1 8.7239
0 0 0 0 0 8.66655
0 0 0 0 1 8.70479
0 0 0 0 1 8.69978
0 0 0 0 1 8.59993
0 0 0 0 1 8.67293
0 0 0 0 1 8.61672
0 0 0 0 1 8.54361
0 0 0 0 1 8.61675
0 0 0 0 1 8.60411
0 0 0 0 0 8.57452
0 0 0 0 1 8.57079
0 0 0 0 0 8.58729
0 0 0 0 1 8.43887
0 0 0 0 1 8.54983
0 0 0 0 1 8.76954
0 0 0 0 1 8.84214
0 0 0 0 0 9.04839
0 0 0 0 0 9.01144
0 0 0 0 0 9.28373
0 0 0 0 0 9.35384
0 0 0 0 1 9.51718
0 0 0 0 1 9.60359
0 0 0 0 1 9.86502
0 0 0 0 0 9.98979
0 0 0 0 1 10.1943
0 0 0 0 1 10.3173
0 0 0 0 1 10.5845
0 0 0 0 1 10.6838
0 0 0 0 1 10.8652
0 0 0 0 1 11.2243
0 0 0 0 0 11.338
0 0 0 0 1 11.6199
0 0 0 0 1 11.855
0 0 0 0 0 11.9457
0 0 0 0 0 12.2594
0 0 0 0 1 12.4725
0 0 0 0 1 12.7576
0 0 0 0 1 22.6828
0 0 0 0 1 22.7775
0 0 0 0 0 22.8479
0 0 0 0 1 22.8071
0 0 0 0 0 22.6988
0 0 0 0 0 22.659
0 0 0 0 1 22.8006
0 0 0 0 1 22.4904
0 0 0 0 0 22.7457
0 0 0 0 1 22.4818
0 0 0 0 1 22.7376
0 0 0 0 0 22.6328
0 0 0 0 1 22.6651
0 0 0 0 0 22.6963
0 0 0 0 1 22.4579
0 0 0 0 1 22.3326
0 0 0 0 1 22.3428
0 0 0 0 1 22.2635
0 0 0 0 1 23.3852
0 0 0 0 1 24.0755
0 0 0 0 1 25.319
0 0 0 0 1 26.1074
0 0 0 0 1 36.709
0 0 0 0 1 36.1478
0 0 0 0 0 36.7158
0 0 0 0 0 36.302
0 0 0 0 1 36.6109
0 0 0 0 1 38.796
0 0 0 0 1 51.8064
0 0 0 0 1 52.3114
0 0 0 0 1 51.8291
0 0 0 0 1 51.7636
0 0 0 0 1 52.4273
0 0 0 0 1 56.5543
0 0 0 0 1 65.7898
0 0 0 0 0 69.1763
0 0 0 0 0 82.6281
0 0 0 0 0 5.0601
0 0 0 0 0 4.96992
0 0 0 0 0 4.97493
0 0 0 0 0 4.96992
0 0 0 0 0 5.00499
0 0 0 0 0 5.01501
0 0 0 0 0 5.04006
0 0 0 0 0 5.0601
0 0 0 0 0 5.05509
0 0 0 0 0 5.02503
0 0 0 0 0 5.02002
0 0 0 0 0 4.99497
0 0 0 0 1 86.9777
0 0 0 0 0 87.7751
0 0 0 0 0 75.3703
0 0 0 0 0 64.222
0 0 0 0 1 60.2238
0 0 0 0 1 60.1138
0 0 0 0 1 60.4284
0 0 0 0 0 51.2097
0 0 0 0 1 48.419
0 0 0 0 1 48.2875
0 0 0 0 1 39.0385
0 0 0 0 1 37.188
0 0 0 0 0 35.8462
0 0 0 0 1 35.3946
0 0 0 0 1 35.478
0 0 0 0 0 35.8842
0 0 0 0 1 27.8252
0 0 0 0 0 26.8571
0 0 0 0 1 25.716
0 0 0 0 1 24.8361
0 0 0 0 1 24.5524
0 0 0 0 1 24.5646
0 0 0 0 1 24.4774
0 0 0 0 1 24.9098
0 0 0 0 1 24.8495
0 0 0 0 1 24.7649
0 0 0 0 1 24.8043
0 0 0 0 1 24.5475
0 0 0 0 0 24.6604
0 0 0 0 1 18.0179
0 0 0 0 1 17.6504
0 0 0 0 1 17.3121
0 0 0 0 1 16.7946
0 0 0 0 0 16.3099
0 0 0 0 1 15.8954
0 0 0 0 1 15.6248
0 0 0 0 1 15.2724
0 0 0 0 1 14.772
0 0 0 0 1 14.5385
0 0 0 0 0 13.958
0 0 0 0 0 13.8176
0 0 0 0 0 13.7876
0 0 0 0 0 14.05
0 0 0 0 1 13.8675
0 0 0 0 1 13.9219
0 0 0 0 1 13.8392
0 0 0 0 1 14.0617
0 0 0 0 1 14.117
0 0 0 0 1 13.9209
0 0 0 0 1 14.1191
0 0 0 0 1 14.1333
0 0 0 0 1 14.1338
0 0 0 0 1 13.9659
0 0 0 0 0 14.1097
0 0 0 0 1 14.1249
0 0 0 0 1 13.9852
0 0 0 0 1 14.1868
0 0 0 0 1 14.0191
0 0 0 0 1 14.1058
0 0 0 0 1 14.309
0 0 0 0 1 14.2266
0 0 0 0 1 14.2321
0 0 0 0 1 14.1782
0 0 0 0 1 14.3123
0 0 0 0 1 14.3443
0 0 0 0 1 14.3653
0 0 0 0 1 14.3979
0 0 0 0 0 14.2333
0 0 0 0 1 14.4096
0 0 0 0 1 8.79944
0 0 0 0 1 8.64251
0 0 0 0 1 8.66745
0 0 0 0 1 8.56269
0 0 0 0 1 8.39934
0 0 0 0 1 8.22104
0 0 0 0 1 8.16052
0 0 0 0 1 8.05764
0 0 0 0 0 8.07622
0 0 0 0 1 7.83154
0 0 0 0 1 7.76384
0 0 0 0 1 7.77163
0 0 0 0 1 7.61091
0 0 0 0 1 7.59559
0 0 0 0 1 7.41449
0 0 0 0 1 7.43717
0 0 0 0 1 7.25109
0 0 0 0 1 7.31552
0 0 0 0 0 7.15504
0 0 0 0 1 7.12418
0 0 0 0 1 7.07854
0 0 0 0 0 6.90952
0 0 0 0 0 6.89195
0 0 0 0 1 6.84164
0 0 0 0 1 6.7101
0 0 0 0 1 6.6536
0 0 0 0 1 6.58383
0 0 0 0 1 6.62596
0 0 0 0 0 6.4906
0 0 0 0 1 6.39146
0 0 0 0 1 6.45038
0 0 0 0 1 6.33898
0 0 0 0 0 6.32284
0 0 0 0 1 6.21279
0 0 0 0 1 6.12234
0 0 0 0 0 6.17948
0 0 0 0 1 6.09534
0 0 0 0 1 6.06887
0 0 0 0 1 5.97959
0 0 0 0 0 5.95316
0 0 0 0 0 5.92358
0 0 0 0 1 5.8385
0 0 0 0 1 5.74256
0 0 0 0 1 5.74509
0 0 0 0 0 5.65292
0 0 0 0 0 5.66615
0 0 0 0 1 5.63382
0 0 0 0 0 5.54336
0 0 0 0 0 5.56664
0 0 0 0 1 5.47395
0 0 0 0 1 5.40932
0 0 0 0 1 5.39686
0 0 0 0 1 5.34662
0 0 0 0 1 5.35745
0 0 0 0 0 5.28622
0 0 0 0 1 5.2754
0 0 0 0 1 5.16842
0 0 0 0 0 5.16093
0 0 0 0 1 5.16864
0 0 0 0 1 5.16567
0 0 0 0 1 5.05754
0 0 0 0 1 4.9941
0 0 0 0 1 5.02457
0 0 0 0 1 4.97144
0 0 0 0 1 4.91868
0 0 0 0 1 4.94002
0 0 0 0 0 4.93145
0 0 0 0 1 4.83379
0 0 0 0 1 4.85922
0 0 0 0 1 4.81018
0 0 0 0 1 4.81222
0 0 0 0 1 4.7959
0 0 0 0 1 4.82322
0 0 0 0 1 4.87891
0 0 0 0 1 4.87733
0 0 0 0 1 4.86099
0 0 0 0 0 4.90858
0 0 0 0 1 4.93061
0 0 0 0 1 4.95393
0 0 0 0 1 5.01224
0 0 0 0 1 4.99978
0 0 0 0 1 4.99848
0 0 0 0 1 4.9921
0 0 0 0 1 4.99574
0 0 0 0 1 5.07029
0 0 0 0 0 5.05384
0 0 0 0 1 5.1291
0 0 0 0 0 5.09217
0 0 0 0 0 5.12558
0 0 0 0 1 5.10896
0 0 0 0 1 5.13356
0 0 0 0 0 5.24661
0 0 0 0 1 5.25096
0 0 0 0 1 5.18725
0 0 0 0 1 5.20706
0 0 0 0 1 5.24807
0 0 0 0 1 5.25366
0 0 0 0 0 5.3536
0 0 0 0 1 5.31002
0 0 0 0 1 5.31429
0 0 0 0 1 5.33468
0 0 0 0 1 5.44858
0 0 0 0 1 5.44778
0 0 0 0 1 5.41418
0 0 0 0 1 5.43499
0 0 0 0 1 5.49586
0 0 0 0 1 5.51146
0 0 0 0 1 5.60079
0 0 0 0 1 5.58331
0 0 0 0 0 5.60633
0 0 0 0 1 5.60538
0 0 0 0 1 5.64541
0 0 0 0 1 5.65007
0 0 0 0 1 5.6961
0 0 0 0 1 5.70078
0 0 0 0 0 5.70118
0 0 0 0 1 5.75345
0 0 0 0 1 5.7654
0 0 0 0 1 5.85163
0 0 0 0 1 5.86974
0 0 0 0 1 5.8407
0 0 0 0 1 5.87042
0 0 0 0 0 5.90621
0 0 0 0 1 5.96611
0 0 0 0 1 6.03846
0 0 0 0 1 6.05089
0 0 0 0 1 6.12401
0 0 0 0 0 6.14272
0 0 0 0 1 6.17981
0 0 0 0 1 6.23105
0 0 0 0 1 9.53808
0 0 0 0 0 9.5003
0 0 0 0 1 9.51624
0 0 0 0 1 9.42843
0 0 0 0 1 9.43822
0 0 0 0 1 9.38861
0 0 0 0 1 9.36725
0 0 0 0 1 9.21266
0 0 0 0 1 9.18597
0 0 0 0 1 9.18386
0 0 0 0 1 9.29214
0 0 0 0 1 9.08791
0 0 0 0 0 9.15007
0 0 0 0 1 9.2027
0 0 0 0 1 8.9916
0 0 0 0 0 9.01724
0 0 0 0 0 8.95246
0 0 0 0 1 8.96575
0 0 0 0 1 9.0092
0 0 0 0 1 8.91487
0 0 0 0 0 8.95825
0 0 0 0 1 8.85017
0 0 0 0 0 8.84031
0 0 0 0 0 8.91893
0 0 0 0 1 8.76459
0 0 0 0 1 8.73758
0 0 0 0 1 8.78963
0 0 0 0 1 8.67728
0 0 0 0 1 8.6334
0 0 0 0 1 8.72554
0 0 0 0 1 8.64714
0 0 0 0 1 8.64364
0 0 0 0 1 8.6609
0 0 0 0 1 8.66606
0 0 0 0 0 8.56315
0 0 0 0 1 8.60285
0 0 0 0 1 8.552
0 0 0 0 1 8.45538
0 0 0 0 1 8.42723
0 0 0 0 1 8.4162
0 0 0 0 1 8.42219
0 0 0 0 1 8.46196
0 0 0 0 0 8.33693
0 0 0 0 1 8.32645
0 0 0 0 1 8.4082
0 0 0 0 0 8.43952
0 0 0 0 1 8.32903
0 0 0 0 1 8.28939
0 0 0 0 1 8.2712
0 0 0 0 1 8.24487
0 0 0 0 1 8.19839
0 0 0 0 1 8.23018
0 0 0 0 1 8.15494
0 0 0 0 1 8.23612
0 0 0 0 1 8.16135
0 0 0 0 1 8.10333
0 0 0 0 1 8.15172
0 0 0 0 1 8.10229
0 0 0 0 1 8.11816
0 0 0 0 1 8.15028
0 0 0 0 1 8.05287
0 0 0 0 1 8.00442
0 0 0 0 1 8.02074
0 0 0 0 1 8.06521
0 0 0 0 1 7.95301
0 0 0 0 1 8.03378
0 0 0 0 1 8.01031
0 0 0 0 1 8.05095
0 0 0 0 1 7.99167
0 0 0 0 1 7.97668
0 0 0 0 1 7.95392
0 0 0 0 1 7.85998
0 0 0 0 1 7.88526
0 0 0 0 0 7.91412
0 0 0 0 1 7.91576
0 0 0 0 1 7.83087
0 0 0 0 1 7.79698
0 0 0 0 1 7.90469
0 0 0 0 1 7.88326
0 0 0 0 1 7.79157
0 0 0 0 1 7.78631
0 0 0 0 1 7.83127
0 0 0 0 0 7.77165
0 0 0 0 1 7.75905
0 0 0 0 0 7.7264
0 0 0 0 1 7.69089
0 0 0 0 1 7.67411
