0 0 0 0 0 5.54179
0 0 0 0 0 5.61201
0 0 0 0 1 5.54344
0 0 0 0 1 5.62767
0 0 0 0 1 5.57586
0 0 0 0 1 5.60786
0 0 0 0 1 5.57754
0 0 0 0 1 5.64339
0 0 0 0 1 5.57152
0 0 0 0 0 5.57028
0 0 0 0 0 5.60855
0 0 0 0 1 5.58501
0 0 0 0 1 5.671
0 0 0 0 1 5.6024
0 0 0 0 1 5.72641
0 0 0 0 1 5.68262
0 0 0 0 1 5.72203
0 0 0 0 1 5.72179
0 0 0 0 0 5.72164
0 0 0 0 1 5.67399
0 0 0 0 1 5.75975
0 0 0 0 0 5.70252
0 0 0 0 0 5.78311
0 0 0 0 1 5.80075
0 0 0 0 0 5.75107
0 0 0 0 1 5.83242
0 0 0 0 0 5.74042
0 0 0 0 1 5.82806
0 0 0 0 1 5.77072
0 0 0 0 1 5.8881
0 0 0 0 1 5.79573
0 0 0 0 1 5.89195
0 0 0 0 1 5.87128
0 0 0 0 0 5.89015
0 0 0 0 1 5.90916
0 0 0 0 1 5.91063
0 0 0 0 0 5.87078
0 0 0 0 1 5.9434
0 0 0 0 1 5.89169
0 0 0 0 1 6.01243
0 0 0 0 1 5.92495
0 0 0 0 1 6.01056
0 0 0 0 1 5.9361
0 0 0 0 1 5.9501
0 0 0 0 1 6.07857
0 0 0 0 0 6.02069
0 0 0 0 1 6.00367
0 0 0 0 1 6.04851
0 0 0 0 1 6.09362
0 0 0 0 1 6.13898
0 0 0 0 1 6.12961
0 0 0 0 1 6.15698
0 0 0 0 1 6.15892
0 0 0 0 1 6.10142
0 0 0 0 0 6.19693
0 0 0 0 1 6.18156
0 0 0 0 1 6.19716
0 0 0 0 1 6.21812
0 0 0 0 1 6.27765
0 0 0 0 1 6.28745
0 0 0 0 1 6.32156
0 0 0 0 1 6.30012
0 0 0 0 1 6.3543
0 0 0 0 1 6.34551
0 0 0 0 1 6.31132
0 0 0 0 1 6.33337
0 0 0 0 1 6.33087
0 0 0 0 1 6.35956
0 0 0 0 1 6.45988
0 0 0 0 0 6.47633
0 0 0 0 0 6.49359
0 0 0 0 0 6.41949
0 0 0 0 1 6.46272
0 0 0 0 1 6.49314
0 0 0 0 1 6.53026
0 0 0 0 1 6.62598
0 0 0 0 1 6.51827
0 0 0 0 1 6.58221
0 0 0 0 0 6.63265
0 0 0 0 0 6.64354
0 0 0 0 1 6.64781
0 0 0 0 1 6.65268
0 0 0 0 0 6.7381
0 0 0 0 1 6.70227
0 0 0 0 0 6.78107
0 0 0 0 1 6.77219
0 0 0 0 1 6.87219
0 0 0 0 1 6.80881
0 0 0 0 0 6.84784
0 0 0 0 1 6.85956
0 0 0 0 1 6.96117
0 0 0 0 1 6.9668
0 0 0 0 1 6.93022
0 0 0 0 0 7.02601
0 0 0 0 1 7.05936
0 0 0 0 1 6.96623
0 0 0 0 1 7.05553
0 0 0 0 1 7.0253
0 0 0 0 1 7.19422
0 0 0 0 0 7.08549
0 0 0 0 1 7.14093
0 0 0 0 1 7.21111
0 0 0 0 1 7.18727
0 0 0 0 0 7.27982
0 0 0 0 1 7.35805
0 0 0 0 0 7.26133
0 0 0 0 1 7.38405
0 0 0 0 1 7.30903
0 0 0 0 0 7.44008
0 0 0 0 1 7.39334
0 0 0 0 0 7.40638
0 0 0 0 1 7.4565
0 0 0 0 1 7.50692
0 0 0 0 1 7.59559
0 0 0 0 1 7.65481
0 0 0 0 1 7.70635
0 0 0 0 1 7.71205
0 0 0 0 1 7.68672
0 0 0 0 1 7.69977
0 0 0 0 0 7.72054
0 0 0 0 0 7.89059
0 0 0 0 1 7.79411
0 0 0 0 1 7.85403
0 0 0 0 1 7.89101
0 0 0 0 1 8.03147
0 0 0 0 0 8.09329
0 0 0 0 1 8.0748
0 0 0 0 1 8.13697
0 0 0 0 1 8.1338
0 0 0 0 0 8.22914
0 0 0 0 1 8.29996
0 0 0 0 0 8.28844
0 0 0 0 1 8.25213
0 0 0 0 0 8.30652
0 0 0 0 1 8.33594
0 0 0 0 1 8.46683
0 0 0 0 1 8.45424
0 0 0 0 1 8.63786
0 0 0 0 1 8.51436
0 0 0 0 1 8.61312
0 0 0 0 1 8.78143
0 0 0 0 1 8.76841
0 0 0 0 1 8.71883
0 0 0 0 1 8.80266
0 0 0 0 1 8.92977
0 0 0 0 1 8.95951
0 0 0 0 1 8.9801
0 0 0 0 1 9.082
0 0 0 0 1 9.04887
0 0 0 0 0 9.1514
0 0 0 0 1 9.30083
0 0 0 0 1 9.22874
0 0 0 0 1 9.24982
0 0 0 0 1 9.49384
0 0 0 0 1 9.50507
0 0 0 0 1 9.53373
0 0 0 0 1 9.56206
0 0 0 0 1 9.6879
0 0 0 0 1 9.72602
0 0 0 0 1 9.77372
0 0 0 0 1 9.84105
0 0 0 0 1 10.0091
0 0 0 0 0 10.0362
0 0 0 0 0 10.0441
0 0 0 0 1 10.0599
0 0 0 0 1 10.2807
0 0 0 0 1 10.2967
0 0 0 0 1 10.2913
0 0 0 0 1 10.4953
0 0 0 0 1 10.5105
0 0 0 0 1 10.6201
0 0 0 0 1 10.5685
0 0 0 0 1 10.8502
0 0 0 0 1 10.884
0 0 0 0 1 9.39895
0 0 0 0 0 9.21679
0 0 0 0 0 9.33671
0 0 0 0 1 9.17419
0 0 0 0 1 9.16469
0 0 0 0 0 9.17824
0 0 0 0 1 9.12301
0 0 0 0 0 9.14594
0 0 0 0 1 9.04549
0 0 0 0 0 9.08691
0 0 0 0 0 9.1782
0 0 0 0 1 9.01968
0 0 0 0 1 9.14708
0 0 0 0 0 8.9577
0 0 0 0 1 9.06251
0 0 0 0 1 8.99129
0 0 0 0 0 9.04192
0 0 0 0 1 8.98915
0 0 0 0 1 8.96349
0 0 0 0 1 9.01837
0 0 0 0 1 8.95319
0 0 0 0 1 8.95472
0 0 0 0 1 8.84981
0 0 0 0 1 8.89601
0 0 0 0 1 8.88906
0 0 0 0 1 8.88718
0 0 0 0 1 8.88931
0 0 0 0 1 8.76842
0 0 0 0 1 8.80607
0 0 0 0 0 8.85247
0 0 0 0 0 8.82882
0 0 0 0 1 8.65326
0 0 0 0 0 8.63028
0 0 0 0 1 8.63359
0 0 0 0 1 8.67176
0 0 0 0 1 8.6145
0 0 0 0 1 8.60951
0 0 0 0 1 8.6133
0 0 0 0 1 8.669
0 0 0 0 1 8.56086
0 0 0 0 1 8.54786
0 0 0 0 1 8.5694
0 0 0 0 1 8.65967
0 0 0 0 1 8.48413
0 0 0 0 1 8.64298
0 0 0 0 1 8.62206
0 0 0 0 0 8.48485
0 0 0 0 0 8.45592
0 0 0 0 1 8.64416
0 0 0 0 0 8.69124
0 0 0 0 1 8.7539
0 0 0 0 1 8.92296
0 0 0 0 1 9.14784
0 0 0 0 1 9.14517
0 0 0 0 1 9.29755
0 0 0 0 1 9.47903
0 0 0 0 1 9.71009
0 0 0 0 1 9.81579
0 0 0 0 1 10.0498
0 0 0 0 1 10.1129
0 0 0 0 1 10.3898
0 0 0 0 1 10.4473
0 0 0 0 1 10.8019
0 0 0 0 1 10.9199
0 0 0 0 1 11.1017
0 0 0 0 0 11.4403
0 0 0 0 1 11.5388
0 0 0 0 1 11.7723
0 0 0 0 0 12.1386
0 0 0 0 0 12.284
0 0 0 0 1 12.5102
0 0 0 0 1 12.9118
0 0 0 0 1 22.8419
0 0 0 0 1 22.6639
0 0 0 0 0 22.8933
0 0 0 0 1 22.8751
0 0 0 0 1 22.8574
0 0 0 0 1 22.5005
0 0 0 0 1 22.4387
0 0 0 0 1 22.513
0 0 0 0 1 22.5198
0 0 0 0 1 22.4818
0 0 0 0 1 22.3316
0 0 0 0 0 22.7229
0 0 0 0 1 22.3947
0 0 0 0 1 22.4261
0 0 0 0 1 22.3229
0 0 0 0 0 22.535
0 0 0 0 1 22.6799
0 0 0 0 1 22.4432
0 0 0 0 1 22.9908
0 0 0 0 0 24.2444
0 0 0 0 1 25.319
0 0 0 0 1 26.0812
0 0 0 0 1 36.6725
0 0 0 0 1 36.3662
0 0 0 0 1 36.0245
0 0 0 0 1 36.4475
0 0 0 0 0 36.6837
0 0 0 0 1 38.7575
0 0 0 0 1 52.1188
0 0 0 0 1 52.4676
0 0 0 0 1 52.0893
0 0 0 0 0 52.3879
0 0 0 0 0 52.3753
0 0 0 0 0 56.949
0 0 0 0 0 64.9388
0 0 0 0 1 70.2909
0 0 0 0 1 81.6464
0 0 0 0 0 5.0601
0 0 0 0 0 5.01501
0 0 0 0 0 4.99998
0 0 0 0 0 5.00499
0 0 0 0 0 4.9599
0 0 0 0 0 5.01501
0 0 0 0 0 5.05008
0 0 0 0 0 4.96491
0 0 0 0 0 4.99497
0 0 0 0 0 4.9599
0 0 0 0 0 5.05008
0 0 0 0 0 4.98495
0 0 0 0 0 88.1164
0 0 0 0 1 87.0743
0 0 0 0 1 74.6189
0 0 0 0 1 64.4774
0 0 0 0 0 60.5869
0 0 0 0 0 60.9614
0 0 0 0 1 60.1862
0 0 0 0 1 51.4676
0 0 0 0 1 47.8432
0 0 0 0 1 48.3835
0 0 0 0 1 38.8814
0 0 0 0 0 37.0775
0 0 0 0 1 35.8818
0 0 0 0 1 35.9655
0 0 0 0 0 35.7278
0 0 0 0 0 35.8485
0 0 0 0 1 27.8532
0 0 0 0 1 26.8571
0 0 0 0 1 25.6904
0 0 0 0 1 24.8361
0 0 0 0 1 24.5031
0 0 0 0 1 24.4906
0 0 0 0 1 24.7979
0 0 0 0 1 24.5891
0 0 0 0 0 24.8248
0 0 0 0 1 24.5674
0 0 0 0 1 24.9278
0 0 0 0 1 24.498
0 0 0 0 0 24.9325
0 0 0 0 1 18.3819
0 0 0 0 0 17.5089
0 0 0 0 1 17.3121
0 0 0 0 1 16.6608
0 0 0 0 1 16.3099
0 0 0 0 1 15.8001
0 0 0 0 1 15.4545
0 0 0 0 1 15.0305
0 0 0 0 1 14.7868
0 0 0 0 1 14.3798
0 0 0 0 1 14.1836
0 0 0 0 1 13.9287
0 0 0 0 1 14.0239
0 0 0 0 1 13.7996
0 0 0 0 1 13.9372
0 0 0 0 1 13.9776
0 0 0 0 1 14.0485
0 0 0 0 1 13.8801
0 0 0 0 1 13.8794
0 0 0 0 1 13.9769
0 0 0 0 1 14.1331
0 0 0 0 1 13.9511
0 0 0 0 0 13.9092
0 0 0 0 1 14.1766
0 0 0 0 1 14.0534
0 0 0 0 1 13.97
0 0 0 0 0 14.0275
0 0 0 0 1 14.2433
0 0 0 0 1 14.0191
0 0 0 0 1 14.1058
0 0 0 0 1 14.0399
0 0 0 0 1 14.3117
0 0 0 0 1 14.2179
0 0 0 0 1 14.292
0 0 0 0 1 14.2554
0 0 0 0 1 14.2303
0 0 0 0 1 14.3082
0 0 0 0 1 14.4122
0 0 0 0 1 14.2906
0 0 0 0 1 14.4526
0 0 0 0 1 8.91418
0 0 0 0 1 8.74705
0 0 0 0 1 8.58146
0 0 0 0 1 8.44376
0 0 0 0 1 8.37417
0 0 0 0 1 8.29563
0 0 0 0 1 8.13594
0 0 0 0 1 8.16281
0 0 0 0 1 7.91629
0 0 0 0 1 7.98169
0 0 0 0 0 7.85766
0 0 0 0 0 7.65576
0 0 0 0 0 7.58034
0 0 0 0 1 7.61071
0 0 0 0 1 7.42196
0 0 0 0 1 7.47417
0 0 0 0 1 7.34621
0 0 0 0 0 7.26482
0 0 0 0 1 7.11202
0 0 0 0 1 7.13128
0 0 0 0 0 7.01534
0 0 0 0 1 6.93039
0 0 0 0 1 6.85064
0 0 0 0 1 6.79389
0 0 0 0 1 6.7101
0 0 0 0 1 6.72053
0 0 0 0 1 6.68328
0 0 0 0 1 6.57342
0 0 0 0 1 6.4971
0 0 0 0 1 6.44305
0 0 0 0 1 6.32904
0 0 0 0 0 6.29465
0 0 0 0 1 6.24121
0 0 0 0 1 6.20656
0 0 0 0 1 6.14702
0 0 0 0 1 6.06935
0 0 0 0 1 6.08927
0 0 0 0 1 6.05683
0 0 0 0 1 6.00346
0 0 0 0 1 5.87023
0 0 0 0 1 5.84726
0 0 0 0 1 5.79188
0 0 0 0 0 5.81196
0 0 0 0 1 5.79674
0 0 0 0 1 5.72686
0 0 0 0 1 5.62101
0 0 0 0 1 5.60582
0 0 0 0 1 5.54336
0 0 0 0 0 5.5059
0 0 0 0 0 5.43011
0 0 0 0 1 5.45282
0 0 0 0 1 5.40766
0 0 0 0 1 5.41104
0 0 0 0 0 5.35212
0 0 0 0 0 5.34443
0 0 0 0 0 5.29639
0 0 0 0 1 5.24144
0 0 0 0 1 5.14021
0 0 0 0 1 5.18923
0 0 0 0 1 5.13499
0 0 0 0 0 5.08291
0 0 0 0 0 5.04449
0 0 0 0 0 4.97944
0 0 0 0 0 4.9565
0 0 0 0 1 4.99786
0 0 0 0 1 4.88595
0 0 0 0 1 4.8338
0 0 0 0 0 4.9018
0 0 0 0 1 4.80132
0 0 0 0 1 4.77166
0 0 0 0 1 4.86531
0 0 0 0 1 4.86372
0 0 0 0 0 4.83781
0 0 0 0 1 4.84966
0 0 0 0 1 4.91646
0 0 0 0 1 4.86099
0 0 0 0 1 4.95787
0 0 0 0 1 4.95532
0 0 0 0 1 4.92914
0 0 0 0 0 4.9326
0 0 0 0 1 5.0397
0 0 0 0 1 4.99347
0 0 0 0 1 4.98205
0 0 0 0 1 5.07144
0 0 0 0 1 5.10575
0 0 0 0 1 5.07926
0 0 0 0 1 5.1393
0 0 0 0 0 5.16389
0 0 0 0 1 5.0999
0 0 0 0 1 5.11927
0 0 0 0 1 5.12838
0 0 0 0 1 5.1583
0 0 0 0 1 5.1936
0 0 0 0 0 5.19772
0 0 0 0 1 5.20181
0 0 0 0 0 5.26389
0 0 0 0 1 5.24835
0 0 0 0 1 5.34828
0 0 0 0 1 5.31536
0 0 0 0 1 5.30893
0 0 0 0 1 5.42081
0 0 0 0 1 5.41611
0 0 0 0 1 5.37717
0 0 0 0 0 5.40873
0 0 0 0 1 5.51709
0 0 0 0 0 5.46836
0 0 0 0 1 5.52803
0 0 0 0 1 5.60634
0 0 0 0 0 5.60002
0 0 0 0 0 5.57273
0 0 0 0 1 5.57727
0 0 0 0 1 5.67367
0 0 0 0 0 5.6217
0 0 0 0 1 5.74172
0 0 0 0 1 5.76947
0 0 0 0 1 5.72419
0 0 0 0 0 5.75923
0 0 0 0 1 5.85839
0 0 0 0 1 5.79328
0 0 0 0 1 5.80523
0 0 0 0 1 5.89964
0 0 0 0 1 5.93558
0 0 0 0 1 5.99552
0 0 0 0 1 6.00201
0 0 0 0 1 6.05049
0 0 0 0 0 6.07507
0 0 0 0 1 6.08148
0 0 0 0 1 6.07555
0 0 0 0 1 6.08162
0 0 0 0 1 6.18165
0 0 0 0 1 9.53808
0 0 0 0 1 9.396
0 0 0 0 1 9.45954
0 0 0 0 1 9.44726
0 0 0 0 1 9.37254
0 0 0 0 1 9.2951
0 0 0 0 0 9.32997
0 0 0 0 0 9.37999
0 0 0 0 0 9.27857
0 0 0 0 0 9.20232
0 0 0 0 1 9.29214
0 0 0 0 1 9.25298
0 0 0 0 1 9.20491
0 0 0 0 1 9.14803
0 0 0 0 1 9.01885
0 0 0 0 0 9.07156
0 0 0 0 1 8.96149
0 0 0 0 1 8.93875
0 0 0 0 0 9.05406
0 0 0 0 1 9.03123
0 0 0 0 0 8.83334
0 0 0 0 1 8.90353
0 0 0 0 1 8.90238
0 0 0 0 1 8.91009
0 0 0 0 1 8.84395
0 0 0 0 0 8.73758
0 0 0 0 0 8.7984
0 0 0 0 1 8.82598
0 0 0 0 1 8.69445
0 0 0 0 1 8.62114
0 0 0 0 1 8.63847
0 0 0 0 1 8.62633
0 0 0 0 1 8.64364
0 0 0 0 1 8.56279
0 0 0 0 1 8.53741
0 0 0 0 0 8.58573
0 0 0 0 1 8.58614
0 0 0 0 1 8.56608
0 0 0 0 1 8.41873
0 0 0 0 1 8.45858
0 0 0 0 0 8.46447
0 0 0 0 1 8.46196
0 0 0 0 1 8.44629
0 0 0 0 1 8.41878
0 0 0 0 1 8.4082
0 0 0 0 1 8.38103
0 0 0 0 1 8.30402
0 0 0 0 1 8.33097
0 0 0 0 1 8.22142
0 0 0 0 1 8.28626
0 0 0 0 1 8.27277
0 0 0 0 1 8.20544
0 0 0 0 0 8.27015
0 0 0 0 1 8.27718
0 0 0 0 1 8.20232
0 0 0 0 1 8.20963
0 0 0 0 1 8.0946
0 0 0 0 1 8.19186
0 0 0 0 0 8.19942
0 0 0 0 1 8.17461
0 0 0 0 1 8.1338
0 0 0 0 1 8.10134
0 0 0 0 1 8.10135
0 0 0 0 1 8.03301
0 0 0 0 1 8.01728
0 0 0 0 1 8.0899
0 0 0 0 1 8.05833
0 0 0 0 1 7.9551
0 0 0 0 1 7.94382
0 0 0 0 1 8.04037
0 0 0 0 0 7.95392
0 0 0 0 0 7.93929
0 0 0 0 1 7.90109
0 0 0 0 0 7.96946
0 0 0 0 1 7.91576
0 0 0 0 1 7.95692
0 0 0 0 1 7.79698
0 0 0 0 0 7.92826
0 0 0 0 1 7.78913
0 0 0 0 1 7.86988
0 0 0 0 0 7.85667
0 0 0 0 1 7.87031
0 0 0 0 1 7.76385
0 0 0 0 1 7.81353
0 0 0 0 1 7.73418
0 0 0 0 1 7.82282
0 0 0 0 1 7.79814
