0 0 0 0 1 5.56398
0 0 0 0 0 5.50644
0 0 0 0 1 5.5824
0 0 0 0 1 5.53852
0 0 0 0 1 5.55354
0 0 0 0 0 5.60226
0 0 0 0 1 5.62789
0 0 0 0 0 5.59856
0 0 0 0 1 5.6164
0 0 0 0 1 5.66021
0 0 0 0 1 5.61418
0 0 0 0 1 5.63579
0 0 0 0 0 5.65406
0 0 0 0 1 5.65333
0 0 0 0 1 5.61869
0 0 0 0 1 5.71101
0 0 0 0 0 5.65946
0 0 0 0 1 5.75028
0 0 0 0 1 5.7559
0 0 0 0 1 5.67399
0 0 0 0 1 5.69677
0 0 0 0 1 5.70826
0 0 0 0 1 5.70263
0 0 0 0 0 5.73162
0 0 0 0 1 5.82605
0 0 0 0 1 5.76884
0 0 0 0 0 5.8331
0 0 0 0 1 5.83387
0 0 0 0 1 5.7649
0 0 0 0 1 5.82397
0 0 0 0 0 5.8191
0 0 0 0 1 5.83344
0 0 0 0 1 5.82441
0 0 0 0 1 5.83142
0 0 0 0 1 5.86796
0 0 0 0 1 5.93422
0 0 0 0 0 5.97129
0 0 0 0 1 5.97303
0 0 0 0 1 5.96296
0 0 0 0 0 6.00647
0 0 0 0 1 5.90705
0 0 0 0 0 5.92683
0 0 0 0 0 5.94209
0 0 0 0 1 5.95611
0 0 0 0 1 6.01237
0 0 0 0 1 6.04482
0 0 0 0 1 6.02787
0 0 0 0 0 6.02425
0 0 0 0 1 6.08754
0 0 0 0 0 6.13898
0 0 0 0 1 6.0685
0 0 0 0 0 6.06509
0 0 0 0 0 6.20194
0 0 0 0 1 6.2184
0 0 0 0 1 6.17841
0 0 0 0 1 6.16918
0 0 0 0 0 6.18475
0 0 0 0 1 6.19323
0 0 0 0 1 6.29637
0 0 0 0 1 6.28745
0 0 0 0 0 6.23368
0 0 0 0 1 6.32529
0 0 0 0 1 6.32906
0 0 0 0 1 6.26327
0 0 0 0 1 6.27961
0 0 0 0 1 6.32064
0 0 0 0 1 6.44575
0 0 0 0 1 6.4236
0 0 0 0 1 6.47272
0 0 0 0 1 6.39255
0 0 0 0 1 6.45482
0 0 0 0 1 6.41949
0 0 0 0 0 6.49523
0 0 0 0 1 6.53878
0 0 0 0 1 6.56948
0 0 0 0 0 6.59318
0 0 0 0 1 6.53144
0 0 0 0 1 6.5426
0 0 0 0 1 6.63265
0 0 0 0 1 6.59034
0 0 0 0 1 6.62778
0 0 0 0 1 6.7263
0 0 0 0 1 6.72468
0 0 0 0 0 6.68206
0 0 0 0 1 6.69318
0 0 0 0 1 6.77898
0 0 0 0 0 6.78364
0 0 0 0 1 6.82248
0 0 0 0 1 6.8547
0 0 0 0 1 6.93531
0 0 0 0 1 6.92661
0 0 0 0 1 6.87668
0 0 0 0 1 6.96501
0 0 0 0 1 7.02601
0 0 0 0 1 6.94018
0 0 0 0 1 6.99438
0 0 0 0 1 7.07674
0 0 0 0 1 7.05369
0 0 0 0 1 7.0945
0 0 0 0 0 7.16414
0 0 0 0 1 7.1194
0 0 0 0 1 7.24713
0 0 0 0 0 7.28136
0 0 0 0 1 7.19264
0 0 0 0 1 7.24856
0 0 0 0 0 7.37857
0 0 0 0 1 7.38405
0 0 0 0 1 7.33118
0 0 0 0 1 7.39557
0 0 0 0 1 7.51258
0 0 0 0 1 7.4363
0 0 0 0 1 7.57676
0 0 0 0 1 7.58999
0 0 0 0 1 7.54247
0 0 0 0 1 7.58626
0 0 0 0 1 7.64512
0 0 0 0 1 7.6121
0 0 0 0 1 7.69445
0 0 0 0 1 7.80067
0 0 0 0 1 7.75953
0 0 0 0 0 7.82013
0 0 0 0 1 7.89635
0 0 0 0 1 7.92521
0 0 0 0 1 8.00226
0 0 0 0 0 7.98352
0 0 0 0 1 7.95679
0 0 0 0 1 8.099
0 0 0 0 0 8.15318
0 0 0 0 1 8.20715
0 0 0 0 1 8.21276
0 0 0 0 0 8.20939
0 0 0 0 1 8.29672
0 0 0 0 1 8.26045
0 0 0 0 1 8.30652
0 0 0 0 0 8.42005
0 0 0 0 0 8.50912
0 0 0 0 0 8.58182
0 0 0 0 0 8.53523
0 0 0 0 1 8.55732
0 0 0 0 1 8.71679
0 0 0 0 1 8.72057
0 0 0 0 1 8.70721
0 0 0 0 1 8.87719
0 0 0 0 1 8.86453
0 0 0 0 1 8.85861
0 0 0 0 1 8.97741
0 0 0 0 1 9.03414
0 0 0 0 0 9.00042
0 0 0 0 1 9.06709
0 0 0 0 1 9.1239
0 0 0 0 0 9.18087
0 0 0 0 1 9.26588
0 0 0 0 1 9.30582
0 0 0 0 1 9.31524
0 0 0 0 1 9.53345
0 0 0 0 0 9.61945
0 0 0 0 1 9.53329
0 0 0 0 1 9.57211
0 0 0 0 1 9.66772
0 0 0 0 1 9.79329
0 0 0 0 1 9.88045
0 0 0 0 1 9.86047
0 0 0 0 1 9.93631
0 0 0 0 0 10.0743
0 0 0 0 0 10.07
0 0 0 0 0 10.1073
0 0 0 0 0 10.3379
0 0 0 0 1 10.281
0 0 0 0 0 10.4432
0 0 0 0 1 10.5105
0 0 0 0 0 10.6836
0 0 0 0 1 10.7285
0 0 0 0 1 10.8502
0 0 0 0 1 10.8082
0 0 0 0 0 9.23145
0 0 0 0 0 9.19823
0 0 0 0 1 9.28114
0 0 0 0 1 9.29429
0 0 0 0 0 9.19235
0 0 0 0 1 9.15984
0 0 0 0 1 9.12301
0 0 0 0 0 9.20087
0 0 0 0 0 9.22822
0 0 0 0 1 9.05957
0 0 0 0 1 9.05085
0 0 0 0 0 9.0469
0 0 0 0 1 9.12897
0 0 0 0 1 9.12041
0 0 0 0 0 9.1076
0 0 0 0 1 8.91029
0 0 0 0 0 9.04192
0 0 0 0 0 9.025
0 0 0 0 0 8.91876
0 0 0 0 0 8.92015
0 0 0 0 1 8.89974
0 0 0 0 1 8.84801
0 0 0 0 1 8.79655
0 0 0 0 1 8.77196
0 0 0 0 1 8.88906
0 0 0 0 1 8.74597
0 0 0 0 1 8.80121
0 0 0 0 1 8.76842
0 0 0 0 1 8.84997
0 0 0 0 0 8.77359
0 0 0 0 1 8.83757
0 0 0 0 1 8.77551
0 0 0 0 1 8.75232
0 0 0 0 1 8.69451
0 0 0 0 0 8.69783
0 0 0 0 1 8.74463
0 0 0 0 1 8.72211
0 0 0 0 1 8.69113
0 0 0 0 1 8.58266
0 0 0 0 1 8.53499
0 0 0 0 1 8.65115
0 0 0 0 1 8.63816
0 0 0 0 1 8.61675
0 0 0 0 1 8.63839
0 0 0 0 1 8.54885
0 0 0 0 1 8.61351
0 0 0 0 1 8.519
0 0 0 0 1 8.4474
0 0 0 0 0 8.51552
0 0 0 0 0 8.76954
0 0 0 0 0 8.84214
0 0 0 0 1 8.93192
0 0 0 0 1 9.12056
0 0 0 0 1 9.21907
0 0 0 0 1 9.34446
0 0 0 0 1 9.45996
0 0 0 0 1 9.77785
0 0 0 0 1 9.92409
0 0 0 0 0 9.94975
0 0 0 0 0 10.286
0 0 0 0 1 10.3794
0 0 0 0 1 10.574
0 0 0 0 1 10.6516
0 0 0 0 1 11.0293
0 0 0 0 1 11.0348
0 0 0 0 1 11.3153
0 0 0 0 0 11.6779
0 0 0 0 1 11.7132
0 0 0 0 1 12.1145
0 0 0 0 1 12.1979
0 0 0 0 1 12.5228
0 0 0 0 1 12.9118
0 0 0 0 0 22.5691
0 0 0 0 1 22.5958
0 0 0 0 1 22.8025
0 0 0 0 0 22.8751
0 0 0 0 1 22.5176
0 0 0 0 1 22.5232
0 0 0 0 1 22.6649
0 0 0 0 1 22.8068
0 0 0 0 1 22.7231
0 0 0 0 0 22.685
0 0 0 0 1 22.7376
0 0 0 0 0 22.5651
0 0 0 0 1 22.62
0 0 0 0 0 22.4486
0 0 0 0 1 22.5929
0 0 0 0 1 22.7149
0 0 0 0 1 22.7024
0 0 0 0 1 22.6903
0 0 0 0 1 22.9908
0 0 0 0 1 24.1962
0 0 0 0 0 25.0427
0 0 0 0 1 26.422
0 0 0 0 1 36.1991
0 0 0 0 1 36.1842
0 0 0 0 1 36.6431
0 0 0 0 0 36.302
0 0 0 0 1 36.6109
0 0 0 0 0 38.9116
0 0 0 0 1 52.3791
0 0 0 0 1 52.4155
0 0 0 0 1 51.9852
0 0 0 0 1 52.1798
0 0 0 0 1 51.9071
0 0 0 0 1 56.0469
0 0 0 0 1 64.8733
0 0 0 0 0 69.5246
0 0 0 0 1 82.2191
0 0 0 0 0 4.9599
0 0 0 0 0 4.98495
0 0 0 0 0 5.00499
0 0 0 0 0 4.97994
0 0 0 0 0 4.97493
0 0 0 0 0 5.03004
0 0 0 0 0 4.98495
0 0 0 0 0 5.02002
0 0 0 0 0 4.9599
0 0 0 0 0 5.05509
0 0 0 0 0 4.9599
0 0 0 0 0 5.05509
0 0 0 0 1 88.4667
0 0 0 0 1 88.4759
0 0 0 0 1 74.4686
0 0 0 0 0 63.3921
0 0 0 0 1 60.2843
0 0 0 0 1 60.6587
0 0 0 0 1 60.9733
0 0 0 0 1 51.2613
0 0 0 0 1 47.7952
0 0 0 0 1 47.5195
0 0 0 0 1 39.3135
0 0 0 0 0 36.4884
0 0 0 0 1 35.5608
0 0 0 0 1 35.6444
0 0 0 0 0 35.942
0 0 0 0 0 35.8128
0 0 0 0 1 28.2744
0 0 0 0 0 26.7231
0 0 0 0 1 25.5879
0 0 0 0 1 24.6638
0 0 0 0 1 24.6509
0 0 0 0 1 24.5892
0 0 0 0 0 24.6007
0 0 0 0 1 24.4165
0 0 0 0 1 24.5287
0 0 0 0 0 24.4933
0 0 0 0 1 24.5325
0 0 0 0 0 24.8441
0 0 0 0 1 24.4873
0 0 0 0 1 18.2181
0 0 0 0 0 17.7565
0 0 0 0 1 17.1402
0 0 0 0 0 16.7946
0 0 0 0 0 16.1469
0 0 0 0 1 15.9589
0 0 0 0 1 15.408
0 0 0 0 1 15.1061
0 0 0 0 1 14.8015
0 0 0 0 1 14.351
0 0 0 0 0 14.1695
0 0 0 0 1 13.7481
0 0 0 0 1 13.8571
0 0 0 0 1 14.0222
0 0 0 0 0 13.9093
0 0 0 0 1 13.8243
0 0 0 0 0 13.9089
0 0 0 0 1 14.0058
0 0 0 0 0 14.1031
0 0 0 0 1 14.1028
0 0 0 0 0 14.0211
0 0 0 0 1 14.0072
0 0 0 0 1 14.1198
0 0 0 0 1 14.0221
0 0 0 0 1 14.18
0 0 0 0 0 14.0545
0 0 0 0 1 14.1121
0 0 0 0 1 14.1304
0 0 0 0 0 14.1604
0 0 0 0 0 14.0209
0 0 0 0 1 14.0399
0 0 0 0 1 14.0989
0 0 0 0 1 14.2889
0 0 0 0 1 14.3346
0 0 0 0 1 14.1414
0 0 0 0 1 14.3586
0 0 0 0 1 14.4082
0 0 0 0 1 14.2835
0 0 0 0 1 14.3336
0 0 0 0 1 14.4096
0 0 0 0 1 8.76414
0 0 0 0 0 8.79061
0 0 0 0 0 8.54706
0 0 0 0 1 8.56269
0 0 0 0 0 8.349
0 0 0 0 1 8.23762
0 0 0 0 1 8.16052
0 0 0 0 1 8.08191
0 0 0 0 1 7.92429
0 0 0 0 1 7.96589
0 0 0 0 1 7.8733
0 0 0 0 1 7.75618
0 0 0 0 1 7.64911
0 0 0 0 1 7.51246
0 0 0 0 1 7.40701
0 0 0 0 1 7.33357
0 0 0 0 1 7.36816
0 0 0 0 1 7.20688
0 0 0 0 1 7.14787
0 0 0 0 1 7.05323
0 0 0 0 0 7.0013
0 0 0 0 0 6.8956
0 0 0 0 1 6.83687
0 0 0 0 1 6.83482
0 0 0 0 0 6.70334
0 0 0 0 1 6.6536
0 0 0 0 0 6.61698
0 0 0 0 0 6.60626
0 0 0 0 1 6.55564
0 0 0 0 1 6.45595
0 0 0 0 1 6.444
0 0 0 0 1 6.39597
0 0 0 0 1 6.24749
0 0 0 0 1 6.26259
0 0 0 0 1 6.13468
0 0 0 0 0 6.16113
0 0 0 0 1 6.04682
0 0 0 0 1 6.03877
0 0 0 0 0 5.93782
0 0 0 0 1 5.93539
0 0 0 0 1 5.91771
0 0 0 0 1 5.85598
0 0 0 0 0 5.79461
0 0 0 0 1 5.70491
0 0 0 0 1 5.63586
0 0 0 0 1 5.62101
0 0 0 0 1 5.54982
0 0 0 0 1 5.57675
0 0 0 0 1 5.57217
0 0 0 0 1 5.46299
0 0 0 0 1 5.42563
0 0 0 0 1 5.35904
0 0 0 0 1 5.31978
0 0 0 0 1 5.35212
0 0 0 0 1 5.32855
0 0 0 0 1 5.23865
0 0 0 0 1 5.16842
0 0 0 0 1 5.20757
0 0 0 0 1 5.19438
0 0 0 0 1 5.15544
0 0 0 0 0 5.06262
0 0 0 0 1 5.04953
0 0 0 0 1 4.97442
0 0 0 0 0 4.96148
0 0 0 0 1 4.91868
0 0 0 0 1 4.9646
0 0 0 0 0 4.86309
0 0 0 0 1 4.80949
0 0 0 0 0 4.79649
0 0 0 0 0 4.80055
0 0 0 0 1 4.846
0 0 0 0 1 4.7959
0 0 0 0 1 4.84267
0 0 0 0 1 4.92277
0 0 0 0 0 4.88711
0 0 0 0 1 4.915
0 0 0 0 1 4.91351
0 0 0 0 1 4.95532
0 0 0 0 1 4.93906
0 0 0 0 1 4.94256
0 0 0 0 1 4.97982
0 0 0 0 1 5.02352
0 0 0 0 1 4.9921
0 0 0 0 1 5.0563
0 0 0 0 0 5.09562
0 0 0 0 0 5.0996
0 0 0 0 0 5.14441
0 0 0 0 1 5.16389
0 0 0 0 1 5.12045
0 0 0 0 1 5.18629
0 0 0 0 1 5.15943
0 0 0 0 1 5.18947
0 0 0 0 0 5.18317
0 0 0 0 0 5.271
0 0 0 0 1 5.29113
0 0 0 0 0 5.32191
0 0 0 0 0 5.26956
0 0 0 0 1 5.27378
0 0 0 0 1 5.33138
0 0 0 0 1 5.40009
0 0 0 0 1 5.4262
0 0 0 0 0 5.46481
0 0 0 0 0 5.44235
0 0 0 0 0 5.50142
0 0 0 0 1 5.42951
0 0 0 0 1 5.48486
0 0 0 0 1 5.50042
0 0 0 0 1 5.51197
0 0 0 0 1 5.62788
0 0 0 0 1 5.62314
0 0 0 0 0 5.63912
0 0 0 0 1 5.59455
0 0 0 0 1 5.72381
0 0 0 0 1 5.74172
0 0 0 0 1 5.75802
0 0 0 0 1 5.77597
0 0 0 0 1 5.77658
0 0 0 0 1 5.75959
0 0 0 0 1 5.79328
0 0 0 0 0 5.88146
0 0 0 0 1 5.84659
0 0 0 0 1 5.94743
0 0 0 0 1 5.8943
0 0 0 0 1 5.96013
0 0 0 0 1 6.03846
0 0 0 0 0 5.9844
0 0 0 0 1 6.02073
0 0 0 0 1 6.14882
0 0 0 0 0 6.17368
0 0 0 0 0 6.13225
0 0 0 0 0 9.58567
0 0 0 0 0 9.5003
0 0 0 0 1 9.40284
0 0 0 0 1 9.50378
0 0 0 0 1 9.46636
0 0 0 0 1 9.3138
0 0 0 0 1 9.26473
0 0 0 0 0 9.37999
0 0 0 0 1 9.24153
0 0 0 0 1 9.20232
0 0 0 0 1 9.13573
0 0 0 0 1 9.24381
0 0 0 0 1 9.19577
0 0 0 0 1 9.02047
0 0 0 0 1 9.00977
0 0 0 0 1 8.99008
0 0 0 0 1 9.04271
0 0 0 0 1 9.02877
0 0 0 0 1 8.95536
0 0 0 0 1 8.89697
0 0 0 0 0 9.01179
0 0 0 0 1 8.81459
0 0 0 0 1 8.90238
0 0 0 0 0 8.75098
0 0 0 0 0 8.85276
0 0 0 0 1 8.79911
0 0 0 0 1 8.73705
0 0 0 0 1 8.70352
0 0 0 0 0 8.77293
0 0 0 0 1 8.67334
0 0 0 0 1 8.69918
0 0 0 0 1 8.56577
0 0 0 0 1 8.71265
0 0 0 0 0 8.56279
0 0 0 0 1 8.52025
0 0 0 0 0 8.51725
0 0 0 0 1 8.45811
0 0 0 0 1 8.4639
0 0 0 0 0 8.57164
0 0 0 0 0 8.4162
0 0 0 0 1 8.43065
0 0 0 0 1 8.47039
0 0 0 0 0 8.35375
0 0 0 0 1 8.45235
0 0 0 0 1 8.43333
0 0 0 0 1 8.37267
0 0 0 0 0 8.42074
0 0 0 0 1 8.29771
0 0 0 0 1 8.31268
0 0 0 0 1 8.31109
0 0 0 0 1 8.27277
0 0 0 0 0 8.20544
0 0 0 0 1 8.1714
0 0 0 0 0 8.16222
0 0 0 0 1 8.15316
0 0 0 0 1 8.25052
0 0 0 0 1 8.08644
0 0 0 0 1 8.2
0 0 0 0 0 8.06127
0 0 0 0 0 8.03674
0 0 0 0 1 8.08524
0 0 0 0 1 8.01249
0 0 0 0 1 8.05299
0 0 0 0 0 8.1296
0 0 0 0 1 8.09761
0 0 0 0 1 8.05783
0 0 0 0 1 8.05833
0 0 0 0 0 7.92316
0 0 0 0 1 8.0475
0 0 0 0 0 8.04037
0 0 0 0 1 7.90624
0 0 0 0 1 7.94722
0 0 0 0 1 7.93276
0 0 0 0 1 7.86668
0 0 0 0 1 7.93155
0 0 0 0 1 7.89389
0 0 0 0 1 7.90713
0 0 0 0 1 7.81826
0 0 0 0 1 7.86757
0 0 0 0 1 7.81506
0 0 0 0 1 7.77849
0 0 0 0 0 7.83908
0 0 0 0 1 7.8496
0 0 0 0 0 7.82909
0 0 0 0 1 7.85077
0 0 0 0 1 7.71417
0 0 0 0 1 7.77488
