0 0 0 0 1 5.52515
0 0 0 0 1 5.50088
0 0 0 0 1 5.5323
0 0 0 0 1 5.51623
0 0 0 0 1 5.62609
0 0 0 0 1 5.5799
0 0 0 0 1 5.61111
0 0 0 0 0 5.59856
0 0 0 0 1 5.65568
0 0 0 0 1 5.604
0 0 0 0 0 5.59166
0 0 0 0 1 5.67528
0 0 0 0 1 5.64276
0 0 0 0 1 5.71558
0 0 0 0 1 5.6924
0 0 0 0 1 5.66559
0 0 0 0 1 5.63102
0 0 0 0 0 5.6591
0 0 0 0 1 5.67025
0 0 0 0 1 5.65685
0 0 0 0 1 5.7483
0 0 0 0 1 5.68531
0 0 0 0 1 5.70838
0 0 0 0 1 5.73738
0 0 0 0 0 5.77991
0 0 0 0 1 5.82086
0 0 0 0 1 5.73463
0 0 0 0 1 5.76421
0 0 0 0 1 5.80562
0 0 0 0 1 5.84146
0 0 0 0 1 5.88921
0 0 0 0 1 5.88025
0 0 0 0 1 5.883
0 0 0 0 1 5.93125
0 0 0 0 1 5.8503
0 0 0 0 0 5.94602
0 0 0 0 1 5.85896
0 0 0 0 0 5.9197
0 0 0 0 1 5.99265
0 0 0 0 1 5.89932
0 0 0 0 1 5.94882
0 0 0 0 0 5.97467
0 0 0 0 0 5.996
0 0 0 0 1 6.05818
0 0 0 0 1 5.9582
0 0 0 0 1 6.05688
0 0 0 0 1 6.03393
0 0 0 0 1 6.00605
0 0 0 0 0 6.02672
0 0 0 0 1 6.03535
0 0 0 0 1 6.10517
0 0 0 0 1 6.08347
0 0 0 0 1 6.09131
0 0 0 0 1 6.18146
0 0 0 0 1 6.1352
0 0 0 0 1 6.23725
0 0 0 0 1 6.24058
0 0 0 0 1 6.2119
0 0 0 0 1 6.22773
0 0 0 0 1 6.31873
0 0 0 0 0 6.24623
0 0 0 0 1 6.24977
0 0 0 0 1 6.29751
0 0 0 0 1 6.33918
0 0 0 0 1 6.33669
0 0 0 0 0 6.33973
0 0 0 0 1 6.43298
0 0 0 0 0 6.35956
0 0 0 0 1 6.47914
0 0 0 0 1 6.46988
0 0 0 0 0 6.51297
0 0 0 0 1 6.51676
0 0 0 0 1 6.44321
0 0 0 0 1 6.56485
0 0 0 0 1 6.60216
0 0 0 0 1 6.50133
0 0 0 0 1 6.56436
0 0 0 0 0 6.5492
0 0 0 0 1 6.59289
0 0 0 0 1 6.66349
0 0 0 0 1 6.7279
0 0 0 0 0 6.71292
0 0 0 0 1 6.76495
0 0 0 0 1 6.79657
0 0 0 0 1 6.74726
0 0 0 0 1 6.75862
0 0 0 0 1 6.79046
0 0 0 0 1 6.87717
0 0 0 0 1 6.87528
0 0 0 0 1 6.85956
0 0 0 0 1 6.87822
0 0 0 0 0 6.9252
0 0 0 0 1 6.99284
0 0 0 0 0 6.99109
0 0 0 0 1 7.02431
0 0 0 0 1 7.00141
0 0 0 0 1 7.02018
0 0 0 0 1 7.12465
0 0 0 0 1 7.16573
0 0 0 0 1 7.07834
0 0 0 0 1 7.18399
0 0 0 0 1 7.23272
0 0 0 0 1 7.29584
0 0 0 0 0 7.27256
0 0 0 0 1 7.31426
0 0 0 0 1 7.34193
0 0 0 0 1 7.42086
0 0 0 0 1 7.39762
0 0 0 0 1 7.38815
0 0 0 0 0 7.46787
0 0 0 0 1 7.51111
0 0 0 0 1 7.44146
0 0 0 0 1 7.58244
0 0 0 0 1 7.56523
0 0 0 0 1 7.65481
0 0 0 0 1 7.62982
0 0 0 0 1 7.70436
0 0 0 0 1 7.78715
0 0 0 0 1 7.73081
0 0 0 0 1 7.81412
0 0 0 0 1 7.77317
0 0 0 0 1 7.91994
0 0 0 0 0 7.90148
0 0 0 0 1 7.91485
0 0 0 0 1 8.07142
0 0 0 0 1 8.09329
0 0 0 0 1 8.0264
0 0 0 0 1 8.03161
0 0 0 0 1 8.19085
0 0 0 0 1 8.10632
0 0 0 0 0 8.25879
0 0 0 0 1 8.33812
0 0 0 0 1 8.37691
0 0 0 0 1 8.28979
0 0 0 0 0 8.35276
0 0 0 0 1 8.46683
0 0 0 0 0 8.5478
0 0 0 0 1 8.58655
0 0 0 0 1 8.63464
0 0 0 0 1 8.70815
0 0 0 0 1 8.74665
0 0 0 0 0 8.80337
0 0 0 0 0 8.88599
0 0 0 0 0 8.82918
0 0 0 0 1 8.80525
0 0 0 0 0 8.92371
0 0 0 0 1 8.95308
0 0 0 0 1 9.04574
0 0 0 0 0 9.03975
0 0 0 0 1 9.23393
0 0 0 0 1 9.19933
0 0 0 0 1 9.36801
0 0 0 0 0 9.28715
0 0 0 0 1 9.37164
0 0 0 0 1 9.48616
0 0 0 0 1 9.59088
0 0 0 0 1 9.6292
0 0 0 0 1 9.55281
0 0 0 0 1 9.70659
0 0 0 0 1 9.70524
0 0 0 0 1 9.77209
0 0 0 0 1 9.93975
0 0 0 0 1 10.0362
0 0 0 0 0 10.1246
0 0 0 0 1 10.2321
0 0 0 0 1 10.2195
0 0 0 0 1 10.2659
0 0 0 0 0 10.4156
0 0 0 0 0 10.3494
0 0 0 0 1 10.521
0 0 0 0 0 10.6624
0 0 0 0 1 10.7712
0 0 0 0 1 10.6568
0 0 0 0 1 10.8191
0 0 0 0 1 9.3152
0 0 0 0 1 9.35602
0 0 0 0 1 9.28114
0 0 0 0 1 9.18343
0 0 0 0 1 9.14625
0 0 0 0 1 9.25181
0 0 0 0 1 9.10466
0 0 0 0 1 9.21918
0 0 0 0 1 9.12772
0 0 0 0 1 9.19628
0 0 0 0 1 9.11452
0 0 0 0 0 9.05597
0 0 0 0 0 9.12897
0 0 0 0 1 8.99386
0 0 0 0 1 9.09858
0 0 0 0 0 8.93729
0 0 0 0 1 8.94315
0 0 0 0 1 8.9533
0 0 0 0 1 8.95454
0 0 0 0 0 8.99159
0 0 0 0 1 8.84629
0 0 0 0 1 8.91025
0 0 0 0 0 8.90307
0 0 0 0 1 8.87829
0 0 0 0 1 8.88022
0 0 0 0 1 8.86953
0 0 0 0 1 8.72192
0 0 0 0 1 8.77721
0 0 0 0 1 8.70949
0 0 0 0 1 8.68594
0 0 0 0 1 8.73257
0 0 0 0 1 8.68819
0 0 0 0 0 8.67387
0 0 0 0 1 8.76414
0 0 0 0 1 8.63701
0 0 0 0 1 8.76198
0 0 0 0 0 8.62683
0 0 0 0 0 8.70843
0 0 0 0 1 8.70354
0 0 0 0 1 8.67293
0 0 0 0 1 8.58229
0 0 0 0 1 8.57799
0 0 0 0 1 8.59959
0 0 0 0 1 8.60411
0 0 0 0 1 8.47183
0 0 0 0 1 8.57933
0 0 0 0 1 8.60436
0 0 0 0 1 8.60083
0 0 0 0 1 8.56698
0 0 0 0 1 8.77824
0 0 0 0 1 8.85097
0 0 0 0 1 8.94088
0 0 0 0 1 9.13874
0 0 0 0 1 9.16364
0 0 0 0 1 9.33508
0 0 0 0 1 9.5744
0 0 0 0 1 9.62296
0 0 0 0 1 9.92409
0 0 0 0 1 10.0599
0 0 0 0 1 10.2249
0 0 0 0 0 10.3691
0 0 0 0 1 10.5845
0 0 0 0 1 10.7804
0 0 0 0 1 10.9965
0 0 0 0 1 11.1909
0 0 0 0 1 11.2471
0 0 0 0 1 11.5968
0 0 0 0 0 11.7132
0 0 0 0 0 12.006
0 0 0 0 1 12.3702
0 0 0 0 0 12.5102
0 0 0 0 0 12.7191
0 0 0 0 1 22.7964
0 0 0 0 0 22.6412
0 0 0 0 1 22.8252
0 0 0 0 1 22.603
0 0 0 0 1 22.4496
0 0 0 0 1 22.5458
0 0 0 0 1 22.6875
0 0 0 0 1 22.8294
0 0 0 0 1 22.6553
0 0 0 0 1 22.3916
0 0 0 0 1 22.3767
0 0 0 0 0 22.7229
0 0 0 0 1 22.3947
0 0 0 0 1 22.7413
0 0 0 0 1 22.5254
0 0 0 0 1 22.3551
0 0 0 0 1 22.6125
0 0 0 0 1 22.3533
0 0 0 0 1 23.0604
0 0 0 0 0 23.8826
0 0 0 0 1 25.2437
0 0 0 0 1 25.9502
0 0 0 0 1 36.2719
0 0 0 0 1 36.4754
0 0 0 0 1 36.4975
0 0 0 0 1 36.0838
0 0 0 0 1 36.1378
0 0 0 0 0 38.3722
0 0 0 0 1 52.2229
0 0 0 0 0 52.5196
0 0 0 0 1 52.0893
0 0 0 0 1 51.8156
0 0 0 0 1 51.4911
0 0 0 0 1 56.7799
0 0 0 0 0 65.8553
0 0 0 0 1 69.5942
0 0 0 0 1 82.0554
0 0 0 0 0 4.96491
0 0 0 0 0 4.97493
0 0 0 0 0 4.99998
0 0 0 0 0 4.98495
0 0 0 0 0 5.05509
0 0 0 0 0 5.03004
0 0 0 0 0 5.03505
0 0 0 0 0 5.03505
0 0 0 0 0 4.97493
0 0 0 0 0 5.03004
0 0 0 0 0 4.99497
0 0 0 0 0 5.05008
0 0 0 0 1 87.0653
0 0 0 0 1 87.0743
0 0 0 0 1 74.8443
0 0 0 0 0 64.3497
0 0 0 0 1 60.7685
0 0 0 0 0 60.356
0 0 0 0 0 60.0651
0 0 0 0 1 51.1066
0 0 0 0 1 47.7952
0 0 0 0 1 48.0955
0 0 0 0 0 38.96
0 0 0 0 1 37.1512
0 0 0 0 1 35.5252
0 0 0 0 1 35.5373
0 0 0 0 1 35.8706
0 0 0 0 1 35.4915
0 0 0 0 1 28.2463
0 0 0 0 1 27.0715
0 0 0 0 1 25.5622
0 0 0 0 1 24.7868
0 0 0 0 1 24.6509
0 0 0 0 0 24.7124
0 0 0 0 1 24.6253
0 0 0 0 1 24.4165
0 0 0 0 1 24.6274
0 0 0 0 1 24.9131
0 0 0 0 1 24.5819
0 0 0 0 1 24.943
0 0 0 0 0 24.7841
0 0 0 0 1 18.0179
0 0 0 0 1 17.615
0 0 0 0 1 17.2089
0 0 0 0 0 16.7779
0 0 0 0 1 16.1795
0 0 0 0 1 15.9113
0 0 0 0 1 15.3306
0 0 0 0 0 15.0002
0 0 0 0 0 14.8901
0 0 0 0 1 14.351
0 0 0 0 1 14.2259
0 0 0 0 1 13.9703
0 0 0 0 1 13.9405
0 0 0 0 1 14.0222
0 0 0 0 1 14.0346
0 0 0 0 1 13.8522
0 0 0 0 1 14.0624
0 0 0 0 1 13.8382
0 0 0 0 1 13.9214
0 0 0 0 1 13.8929
0 0 0 0 1 13.993
0 0 0 0 1 13.895
0 0 0 0 1 13.9373
0 0 0 0 1 14.1485
0 0 0 0 0 14.18
0 0 0 0 1 14.0122
0 0 0 0 1 13.9852
0 0 0 0 1 14.0174
0 0 0 0 1 14.0332
0 0 0 0 1 14.0209
0 0 0 0 1 14.1107
0 0 0 0 0 14.1273
0 0 0 0 1 14.1611
0 0 0 0 0 14.1782
0 0 0 0 1 14.3266
0 0 0 0 0 14.2303
0 0 0 0 1 14.4082
0 0 0 0 1 14.2406
0 0 0 0 1 14.219
0 0 0 0 1 14.1945
0 0 0 0 0 8.89653
0 0 0 0 1 8.70349
0 0 0 0 1 8.57286
0 0 0 0 1 8.42677
0 0 0 0 0 8.45808
0 0 0 0 1 8.34535
0 0 0 0 1 8.22606
0 0 0 0 1 8.02528
0 0 0 0 1 7.94828
0 0 0 0 1 7.87105
0 0 0 0 1 7.89675
0 0 0 0 0 7.77163
0 0 0 0 1 7.56506
0 0 0 0 1 7.61827
0 0 0 0 1 7.40701
0 0 0 0 1 7.38537
0 0 0 0 1 7.37547
0 0 0 0 1 7.17066
0 0 0 0 1 7.24107
0 0 0 0 1 7.03904
0 0 0 0 1 7.02939
0 0 0 0 1 6.93735
0 0 0 0 0 6.89195
0 0 0 0 1 6.84846
0 0 0 0 0 6.82498
0 0 0 0 0 6.63351
0 0 0 0 1 6.57057
0 0 0 0 1 6.60626
0 0 0 0 1 6.54263
0 0 0 0 1 6.41726
0 0 0 0 0 6.38013
0 0 0 0 1 6.28832
0 0 0 0 1 6.28516
0 0 0 0 1 6.20034
0 0 0 0 0 6.21491
0 0 0 0 1 6.14889
0 0 0 0 1 6.12566
0 0 0 0 1 6.04479
0 0 0 0 1 5.95572
0 0 0 0 1 5.89985
0 0 0 0 1 5.90009
0 0 0 0 0 5.84432
0 0 0 0 1 5.80039
0 0 0 0 0 5.77952
0 0 0 0 1 5.70979
0 0 0 0 1 5.6718
0 0 0 0 1 5.55542
0 0 0 0 1 5.58231
0 0 0 0 1 5.52799
0 0 0 0 1 5.46299
0 0 0 0 1 5.40932
0 0 0 0 1 5.35364
0 0 0 0 0 5.41104
0 0 0 0 1 5.35745
0 0 0 0 1 5.31797
0 0 0 0 1 5.2649
0 0 0 0 1 5.20493
0 0 0 0 1 5.17648
0 0 0 0 1 5.12231
0 0 0 0 0 5.1043
0 0 0 0 1 5.03725
0 0 0 0 1 5.08481
0 0 0 0 1 4.97442
0 0 0 0 1 4.9565
0 0 0 0 1 4.93353
0 0 0 0 0 4.87612
0 0 0 0 0 4.92657
0 0 0 0 0 4.84836
0 0 0 0 1 4.77719
0 0 0 0 1 4.86315
0 0 0 0 1 4.85566
0 0 0 0 1 4.89279
0 0 0 0 1 4.89615
0 0 0 0 1 4.9179
0 0 0 0 0 4.87733
0 0 0 0 1 4.94446
0 0 0 0 1 4.95294
0 0 0 0 1 4.89109
0 0 0 0 0 4.94897
0 0 0 0 1 5.01722
0 0 0 0 1 4.9399
0 0 0 0 1 5.02352
0 0 0 0 1 4.9921
0 0 0 0 1 5.03611
0 0 0 0 1 5.01457
0 0 0 0 1 5.13011
0 0 0 0 1 5.11889
0 0 0 0 1 5.10754
0 0 0 0 1 5.16153
0 0 0 0 1 5.13474
0 0 0 0 1 5.12321
0 0 0 0 0 5.18947
0 0 0 0 1 5.25618
0 0 0 0 1 5.20295
0 0 0 0 1 5.30689
0 0 0 0 1 5.30081
0 0 0 0 1 5.25896
0 0 0 0 0 5.27378
0 0 0 0 1 5.38481
0 0 0 0 1 5.33574
0 0 0 0 1 5.39928
0 0 0 0 1 5.42693
0 0 0 0 1 5.4858
0 0 0 0 1 5.39782
0 0 0 0 1 5.52803
0 0 0 0 0 5.47936
0 0 0 0 1 5.57773
0 0 0 0 0 5.56193
0 0 0 0 1 5.55545
0 0 0 0 1 5.58953
0 0 0 0 1 5.58289
0 0 0 0 1 5.59455
0 0 0 0 0 5.65574
0 0 0 0 0 5.73602
0 0 0 0 1 5.67789
0 0 0 0 0 5.79898
0 0 0 0 1 5.72454
0 0 0 0 0 5.80608
0 0 0 0 1 5.78162
0 0 0 0 1 5.92251
0 0 0 0 0 5.92321
0 0 0 0 0 5.90596
0 0 0 0 1 6.00742
0 0 0 0 0 5.94217
0 0 0 0 1 6.03846
0 0 0 0 1 6.06298
0 0 0 0 1 6.03288
0 0 0 0 0 6.07555
0 0 0 0 0 6.19209
0 0 0 0 1 6.13225
0 0 0 0 1 9.52856
0 0 0 0 1 9.53822
0 0 0 0 1 9.50679
0 0 0 0 1 9.33424
0 0 0 0 1 9.45698
0 0 0 0 1 9.44472
0 0 0 0 1 9.30201
0 0 0 0 1 9.26844
0 0 0 0 0 9.23227
0 0 0 0 1 9.15617
0 0 0 0 0 9.26454
0 0 0 0 0 9.16127
0 0 0 0 1 9.20491
0 0 0 0 1 9.10247
0 0 0 0 1 9.15509
0 0 0 0 1 9.00819
0 0 0 0 1 8.99759
0 0 0 0 0 8.99276
0 0 0 0 1 8.88357
0 0 0 0 1 8.92382
0 0 0 0 1 8.84226
0 0 0 0 0 8.87685
0 0 0 0 1 8.80484
0 0 0 0 0 8.83054
0 0 0 0 1 8.80868
0 0 0 0 1 8.70242
0 0 0 0 1 8.77211
0 0 0 0 0 8.78225
0 0 0 0 1 8.70317
0 0 0 0 0 8.73423
0 0 0 0 1 8.74255
0 0 0 0 1 8.7042
0 0 0 0 1 8.64364
0 0 0 0 1 8.63164
0 0 0 0 0 8.64037
0 0 0 0 1 8.53437
0 0 0 0 1 8.552
0 0 0 0 1 8.45538
0 0 0 0 1 8.51218
0 0 0 0 1 8.42468
0 0 0 0 1 8.44756
0 0 0 0 1 8.44508
0 0 0 0 1 8.34534
0 0 0 0 1 8.30966
0 0 0 0 1 8.31608
0 0 0 0 1 8.41445
0 0 0 0 0 8.30402
0 0 0 0 1 8.34759
0 0 0 0 1 8.2629
0 0 0 0 1 8.34421
0 0 0 0 0 8.19013
0 0 0 0 1 8.20544
0 0 0 0 1 8.23723
0 0 0 0 0 8.23612
0 0 0 0 0 8.21871
0 0 0 0 1 8.1851
0 0 0 0 0 8.20884
0 0 0 0 1 8.12672
0 0 0 0 1 8.15066
0 0 0 0 1 8.03674
0 0 0 0 1 8.05287
0 0 0 0 1 8.09326
0 0 0 0 1 8.06911
0 0 0 0 1 8.10546
0 0 0 0 1 8.05744
0 0 0 0 1 7.97765
0 0 0 0 0 8.05833
0 0 0 0 1 7.99504
0 0 0 0 0 8.02357
0 0 0 0 1 8.01649
0 0 0 0 1 7.99365
0 0 0 0 0 7.87584
0 0 0 0 1 7.93276
0 0 0 0 1 7.97737
0 0 0 0 1 7.93944
0 0 0 0 1 7.93328
0 0 0 0 1 7.89139
0 0 0 0 1 7.88897
0 0 0 0 1 7.77345
0 0 0 0 1 7.87771
0 0 0 0 1 7.78631
0 0 0 0 1 7.87031
0 0 0 0 0 7.77165
0 0 0 0 0 7.77461
0 0 0 0 1 7.7264
0 0 0 0 1 7.75297
0 0 0 0 1 7.70512
