0 0 0 0 1 5.59727
0 0 0 0 1 5.6009
0 0 0 0 0 5.58796
0 0 0 0 1 5.53852
0 0 0 0 0 5.59819
0 0 0 0 1 5.6414
0 0 0 0 1 5.63349
0 0 0 0 1 5.60976
0 0 0 0 0 5.66129
0 0 0 0 1 5.57028
0 0 0 0 0 5.61981
0 0 0 0 0 5.59065
0 0 0 0 1 5.65406
0 0 0 0 1 5.62504
0 0 0 0 1 5.64704
0 0 0 0 0 5.63153
0 0 0 0 0 5.65946
0 0 0 0 0 5.73319
0 0 0 0 1 5.73306
0 0 0 0 0 5.74828
0 0 0 0 1 5.70822
0 0 0 0 0 5.78284
0 0 0 0 0 5.77736
0 0 0 0 0 5.73738
0 0 0 0 1 5.82605
0 0 0 0 1 5.75728
0 0 0 0 1 5.8389
0 0 0 0 0 5.79323
0 0 0 0 0 5.8638
0 0 0 0 1 5.84729
0 0 0 0 0 5.85416
0 0 0 0 1 5.80418
0 0 0 0 1 5.81269
0 0 0 0 1 5.84317
0 0 0 0 0 5.92093
0 0 0 0 1 5.83984
0 0 0 0 1 5.85304
0 0 0 0 1 5.98488
0 0 0 0 0 5.91544
0 0 0 0 1 5.90528
0 0 0 0 1 5.95478
0 0 0 0 1 6.04046
0 0 0 0 1 6.04392
0 0 0 0 1 6.01014
0 0 0 0 1 6.02441
0 0 0 0 1 6.00259
0 0 0 0 1 6.1005
0 0 0 0 1 6.02425
0 0 0 0 1 6.13619
0 0 0 0 1 6.13898
0 0 0 0 1 6.09294
0 0 0 0 1 6.16924
0 0 0 0 1 6.15277
0 0 0 0 1 6.16299
0 0 0 0 1 6.19693
0 0 0 0 1 6.12587
0 0 0 0 0 6.21577
0 0 0 0 0 6.23057
0 0 0 0 1 6.20901
0 0 0 0 1 6.22489
0 0 0 0 1 6.25251
0 0 0 0 0 6.27494
0 0 0 0 1 6.28489
0 0 0 0 1 6.34551
0 0 0 0 1 6.29229
0 0 0 0 1 6.37792
0 0 0 0 1 6.33087
0 0 0 0 1 6.35956
0 0 0 0 1 6.3764
0 0 0 0 1 6.45699
0 0 0 0 1 6.40959
0 0 0 0 0 6.4973
0 0 0 0 0 6.49523
0 0 0 0 1 6.48662
0 0 0 0 1 6.49758
0 0 0 0 1 6.59974
0 0 0 0 1 6.59069
0 0 0 0 1 6.65483
0 0 0 0 0 6.67241
0 0 0 0 0 6.62359
0 0 0 0 1 6.73457
0 0 0 0 0 6.65938
0 0 0 0 1 6.66428
0 0 0 0 0 6.6888
0 0 0 0 1 6.80811
0 0 0 0 1 6.81291
0 0 0 0 1 6.84494
0 0 0 0 1 6.79514
0 0 0 0 1 6.89587
0 0 0 0 1 6.82512
0 0 0 0 1 6.92661
0 0 0 0 1 7.00146
0 0 0 0 0 6.97197
0 0 0 0 1 7.04696
0 0 0 0 1 7.08039
0 0 0 0 1 7.07178
0 0 0 0 1 7.10502
0 0 0 0 1 7.08917
0 0 0 0 0 7.06601
0 0 0 0 1 7.19274
0 0 0 0 1 7.14093
0 0 0 0 0 7.21831
0 0 0 0 1 7.24517
0 0 0 0 0 7.33795
0 0 0 0 1 7.25586
0 0 0 0 0 7.31262
0 0 0 0 1 7.31779
0 0 0 0 1 7.30903
0 0 0 0 1 7.492
0 0 0 0 1 7.47532
0 0 0 0 1 7.52608
0 0 0 0 1 7.46401
0 0 0 0 1 7.47671
0 0 0 0 1 7.58041
0 0 0 0 1 7.68528
0 0 0 0 1 7.57625
0 0 0 0 1 7.63516
0 0 0 0 1 7.78715
0 0 0 0 1 7.69977
0 0 0 0 1 7.76733
0 0 0 0 1 7.88276
0 0 0 0 1 7.91208
0 0 0 0 1 7.94894
0 0 0 0 1 7.98637
0 0 0 0 1 8.03946
0 0 0 0 1 7.97285
0 0 0 0 1 8.03447
0 0 0 0 1 8.0235
0 0 0 0 1 8.199
0 0 0 0 1 8.18001
0 0 0 0 1 8.21762
0 0 0 0 1 8.29672
0 0 0 0 0 8.28541
0 0 0 0 1 8.28979
0 0 0 0 1 8.34435
0 0 0 0 1 8.39917
0 0 0 0 0 8.45424
0 0 0 0 1 8.5951
0 0 0 0 1 8.56591
0 0 0 0 1 8.56129
0 0 0 0 1 8.73796
0 0 0 0 1 8.65476
0 0 0 0 1 8.78921
0 0 0 0 0 8.79382
0 0 0 0 1 8.84082
0 0 0 0 1 8.91476
0 0 0 0 1 9.05216
0 0 0 0 1 9.15451
0 0 0 0 1 9.17644
0 0 0 0 1 9.21559
0 0 0 0 1 9.2916
0 0 0 0 0 9.27516
0 0 0 0 1 9.35249
0 0 0 0 1 9.47504
0 0 0 0 1 9.4767
0 0 0 0 1 9.42896
0 0 0 0 1 9.57165
0 0 0 0 1 9.65895
0 0 0 0 1 9.7746
0 0 0 0 1 9.84221
0 0 0 0 1 9.8706
0 0 0 0 1 9.95957
0 0 0 0 1 10.0561
0 0 0 0 1 10.0441
0 0 0 0 1 10.2119
0 0 0 0 1 10.1787
0 0 0 0 1 10.307
0 0 0 0 0 10.3949
0 0 0 0 0 10.4536
0 0 0 0 1 10.395
0 0 0 0 1 10.6307
0 0 0 0 1 10.7072
0 0 0 0 1 10.6783
0 0 0 0 1 10.7757
0 0 0 0 1 9.36173
0 0 0 0 1 9.30961
0 0 0 0 0 9.30893
0 0 0 0 0 9.16495
0 0 0 0 1 9.14625
0 0 0 0 0 9.13225
0 0 0 0 1 9.10466
0 0 0 0 1 9.16425
0 0 0 0 0 9.16426
0 0 0 0 1 9.13248
0 0 0 0 1 9.01446
0 0 0 0 0 9.10134
0 0 0 0 1 9.13803
0 0 0 0 1 8.94866
0 0 0 0 1 9.08055
0 0 0 0 1 8.91929
0 0 0 0 1 9.05988
0 0 0 0 1 9.03396
0 0 0 0 1 8.97243
0 0 0 0 0 8.84872
0 0 0 0 1 8.83738
0 0 0 0 1 8.81244
0 0 0 0 0 8.84093
0 0 0 0 1 8.78082
0 0 0 0 1 8.80946
0 0 0 0 0 8.86953
0 0 0 0 0 8.88931
0 0 0 0 1 8.82998
0 0 0 0 0 8.80607
0 0 0 0 1 8.77359
0 0 0 0 0 8.81132
0 0 0 0 1 8.75805
0 0 0 0 0 8.66515
0 0 0 0 0 8.63359
0 0 0 0 1 8.76734
0 0 0 0 1 8.60583
0 0 0 0 1 8.62683
0 0 0 0 0 8.66519
0 0 0 0 1 8.56539
0 0 0 0 1 8.61259
0 0 0 0 0 8.57368
0 0 0 0 1 8.54361
0 0 0 0 1 8.60817
0 0 0 0 1 8.63839
0 0 0 0 1 8.58308
0 0 0 0 1 8.47679
0 0 0 0 1 8.52753
0 0 0 0 1 8.53264
0 0 0 0 1 8.54125
0 0 0 0 1 8.64774
0 0 0 0 1 8.81567
0 0 0 0 1 8.97672
0 0 0 0 1 9.13874
0 0 0 0 1 9.15441
0 0 0 0 1 9.28817
0 0 0 0 1 9.51718
0 0 0 0 0 9.66168
0 0 0 0 1 9.76657
0 0 0 0 1 10.0599
0 0 0 0 1 10.1536
0 0 0 0 1 10.2655
0 0 0 0 1 10.6267
0 0 0 0 1 10.716
0 0 0 0 1 10.9308
0 0 0 0 1 11.2132
0 0 0 0 1 11.3267
0 0 0 0 0 11.6894
0 0 0 0 1 11.7723
0 0 0 0 0 12.0904
0 0 0 0 0 12.3948
0 0 0 0 0 12.6862
0 0 0 0 1 12.9632
0 0 0 0 1 22.9555
0 0 0 0 1 22.8683
0 0 0 0 1 22.5302
0 0 0 0 1 22.7391
0 0 0 0 1 22.8121
0 0 0 0 1 22.4779
0 0 0 0 0 22.6875
0 0 0 0 1 22.6486
0 0 0 0 1 22.7457
0 0 0 0 1 22.6624
0 0 0 0 0 22.5346
0 0 0 0 1 22.7229
0 0 0 0 1 22.62
0 0 0 0 1 22.6287
0 0 0 0 1 22.6829
0 0 0 0 1 22.6025
0 0 0 0 1 22.5451
0 0 0 0 1 22.3084
0 0 0 0 0 23.1764
0 0 0 0 1 24.1962
0 0 0 0 1 25.0929
0 0 0 0 1 26.4744
0 0 0 0 0 36.1991
0 0 0 0 0 36.1478
0 0 0 0 1 36.0245
0 0 0 0 1 36.3384
0 0 0 0 0 36.3198
0 0 0 0 0 38.6034
0 0 0 0 1 52.2229
0 0 0 0 1 52.4155
0 0 0 0 1 51.9332
0 0 0 0 1 52.3879
0 0 0 0 1 52.4273
0 0 0 0 1 56.5543
0 0 0 0 1 65.0697
0 0 0 0 1 69.5942
0 0 0 0 1 82.3009
0 0 0 0 0 4.98495
0 0 0 0 0 5.02503
0 0 0 0 0 4.98495
0 0 0 0 0 5.03505
0 0 0 0 0 4.98495
0 0 0 0 0 5.03505
0 0 0 0 0 5.03505
0 0 0 0 0 5.03505
0 0 0 0 0 5.02503
0 0 0 0 0 5.01501
0 0 0 0 0 5.04006
0 0 0 0 0 4.99497
0 0 0 0 0 88.3791
0 0 0 0 1 87.3371
0 0 0 0 1 74.4686
0 0 0 0 1 63.5198
0 0 0 0 1 59.9817
0 0 0 0 1 59.9928
0 0 0 0 0 60.2467
0 0 0 0 1 51.3129
0 0 0 0 1 48.3231
0 0 0 0 1 48.4315
0 0 0 0 1 39.5491
0 0 0 0 1 37.0039
0 0 0 0 0 35.4895
0 0 0 0 1 35.3946
0 0 0 0 0 35.4423
0 0 0 0 1 35.7771
0 0 0 0 1 28.1621
0 0 0 0 1 27.0715
0 0 0 0 1 25.434
0 0 0 0 1 24.5161
0 0 0 0 1 24.38
0 0 0 0 0 24.466
0 0 0 0 1 24.6993
0 0 0 0 1 24.5398
0 0 0 0 0 24.5534
0 0 0 0 1 24.8143
0 0 0 0 1 24.6066
0 0 0 0 1 24.77
0 0 0 0 1 24.8088
0 0 0 0 0 18.1271
0 0 0 0 0 17.7388
0 0 0 0 1 17.3293
0 0 0 0 1 16.6943
0 0 0 0 0 16.1632
0 0 0 0 0 15.9748
0 0 0 0 0 15.6093
0 0 0 0 1 15.0305
0 0 0 0 1 14.7425
0 0 0 0 1 14.4086
0 0 0 0 0 14.1272
0 0 0 0 1 13.8314
0 0 0 0 1 13.9683
0 0 0 0 1 13.7718
0 0 0 0 0 13.9789
0 0 0 0 1 13.8243
0 0 0 0 1 14.0345
0 0 0 0 0 13.922
0 0 0 0 0 13.9633
0 0 0 0 1 14.0189
0 0 0 0 1 13.979
0 0 0 0 1 14.1053
0 0 0 0 1 14.0777
0 0 0 0 1 13.9237
0 0 0 0 1 14.1378
0 0 0 0 1 13.9559
0 0 0 0 1 14.1967
0 0 0 0 1 14.088
0 0 0 0 1 14.118
0 0 0 0 1 14.2756
0 0 0 0 1 14.1107
0 0 0 0 1 14.1982
0 0 0 0 1 14.3173
0 0 0 0 1 14.3631
0 0 0 0 1 14.3551
0 0 0 0 1 14.3301
0 0 0 0 1 14.4224
0 0 0 0 0 14.1977
0 0 0 0 1 14.4624
0 0 0 0 1 14.4669
0 0 0 0 0 8.75531
0 0 0 0 1 8.76448
0 0 0 0 0 8.51267
0 0 0 0 1 8.44376
0 0 0 0 0 8.47486
0 0 0 0 0 8.21275
0 0 0 0 1 8.25064
0 0 0 0 1 8.13045
0 0 0 0 1 7.91629
0 0 0 0 0 7.96589
0 0 0 0 1 7.74038
0 0 0 0 1 7.77936
0 0 0 0 1 7.7026
0 0 0 0 1 7.52001
0 0 0 0 1 7.51913
0 0 0 0 0 7.46677
0 0 0 0 1 7.29499
0 0 0 0 0 7.19963
0 0 0 0 1 7.24107
0 0 0 0 0 7.04613
0 0 0 0 1 6.97321
0 0 0 0 1 6.94431
0 0 0 0 1 6.91949
0 0 0 0 0 6.84164
0 0 0 0 1 6.81822
0 0 0 0 1 6.754
0 0 0 0 1 6.69654
0 0 0 0 1 6.56029
0 0 0 0 1 6.47759
0 0 0 0 1 6.43016
0 0 0 0 1 6.3929
0 0 0 0 0 6.30098
0 0 0 0 1 6.26633
0 0 0 0 1 6.24391
0 0 0 0 1 6.19022
0 0 0 0 1 6.14889
0 0 0 0 0 6.08927
0 0 0 0 0 6.07489
0 0 0 0 1 5.91991
0 0 0 0 1 5.888
0 0 0 0 1 5.82965
0 0 0 0 1 5.78023
0 0 0 0 1 5.74256
0 0 0 0 1 5.72787
0 0 0 0 1 5.65292
0 0 0 0 1 5.61536
0 0 0 0 1 5.65063
0 0 0 0 1 5.57675
0 0 0 0 1 5.47276
0 0 0 0 1 5.45203
0 0 0 0 1 5.4202
0 0 0 0 1 5.39145
0 0 0 0 0 5.34125
0 0 0 0 1 5.35745
0 0 0 0 1 5.27564
0 0 0 0 1 5.20191
0 0 0 0 1 5.17364
0 0 0 0 0 5.18684
0 0 0 0 1 5.10172
0 0 0 0 1 5.08896
0 0 0 0 1 5.06262
0 0 0 0 0 5.04953
0 0 0 0 0 5.06468
0 0 0 0 1 4.95152
0 0 0 0 0 4.91868
0 0 0 0 1 4.86629
0 0 0 0 1 4.84844
0 0 0 0 1 4.80949
0 0 0 0 1 4.79649
0 0 0 0 1 4.79574
0 0 0 0 1 4.78326
0 0 0 0 0 4.89279
0 0 0 0 0 4.83781
0 0 0 0 0 4.91303
0 0 0 0 1 4.88711
0 0 0 0 1 4.915
0 0 0 0 0 4.92337
0 0 0 0 1 4.98496
0 0 0 0 1 4.95393
0 0 0 0 1 5.00229
0 0 0 0 1 5.02473
0 0 0 0 0 4.96342
0 0 0 0 1 5.01724
0 0 0 0 0 4.99574
0 0 0 0 1 5.0399
0 0 0 0 1 5.05384
0 0 0 0 1 5.08827
0 0 0 0 1 5.14852
0 0 0 0 1 5.1564
0 0 0 0 0 5.14505
0 0 0 0 1 5.15426
0 0 0 0 0 5.24661
0 0 0 0 1 5.16753
0 0 0 0 1 5.21342
0 0 0 0 1 5.22282
0 0 0 0 1 5.32718
0 0 0 0 0 5.31727
0 0 0 0 1 5.34828
0 0 0 0 1 5.36878
0 0 0 0 1 5.30893
0 0 0 0 1 5.3939
0 0 0 0 1 5.36201
0 0 0 0 1 5.39346
0 0 0 0 1 5.48506
0 0 0 0 1 5.45141
0 0 0 0 1 5.51787
0 0 0 0 0 5.55012
0 0 0 0 1 5.58968
0 0 0 0 1 5.56102
0 0 0 0 1 5.64554
0 0 0 0 1 5.58289
0 0 0 0 1 5.63976
0 0 0 0 1 5.6841
0 0 0 0 1 5.64479
0 0 0 0 1 5.77519
0 0 0 0 1 5.70118
0 0 0 0 1 5.77658
0 0 0 0 1 5.78865
0 0 0 0 1 5.85746
0 0 0 0 1 5.80523
0 0 0 0 1 5.8407
0 0 0 0 1 5.97112
0 0 0 0 0 5.91812
0 0 0 0 1 5.96611
0 0 0 0 1 5.99034
0 0 0 0 1 6.03276
0 0 0 0 1 6.01466
0 0 0 0 1 6.15493
0 0 0 0 1 6.1614
0 0 0 0 1 6.1199
0 0 0 0 1 9.44289
0 0 0 0 1 9.55718
0 0 0 0 1 9.45954
0 0 0 0 1 9.4661
0 0 0 0 1 9.33501
0 0 0 0 0 9.37926
0 0 0 0 1 9.35793
0 0 0 0 1 9.27773
0 0 0 0 1 9.26931
0 0 0 0 1 9.17463
0 0 0 0 0 9.24614
0 0 0 0 1 9.1521
0 0 0 0 1 9.16835
0 0 0 0 1 9.17537
0 0 0 0 1 9.02793
0 0 0 0 1 8.98102
0 0 0 0 1 9.04271
0 0 0 0 1 8.92975
0 0 0 0 1 8.99125
0 0 0 0 1 8.87012
0 0 0 0 1 8.86903
0 0 0 0 0 8.93022
0 0 0 0 1 8.85804
0 0 0 0 0 8.83054
0 0 0 0 1 8.83513
0 0 0 0 0 8.76395
0 0 0 0 1 8.85098
0 0 0 0 1 8.78225
0 0 0 0 1 8.71189
0 0 0 0 1 8.72554
0 0 0 0 1 8.64714
0 0 0 0 0 8.7042
0 0 0 0 1 8.63502
0 0 0 0 0 8.69188
0 0 0 0 0 8.49451
0 0 0 0 1 8.59429
0 0 0 0 1 8.46665
0 0 0 0 1 8.47241
0 0 0 0 1 8.41873
0 0 0 0 0 8.39077
0 0 0 0 1 8.43065
0 0 0 0 0 8.45352
0 0 0 0 0 8.42105
0 0 0 0 1 8.38521
0 0 0 0 0 8.39146
0 0 0 0 1 8.28911
0 0 0 0 1 8.42074
0 0 0 0 0 8.24782
0 0 0 0 0 8.2712
0 0 0 0 1 8.23659
0 0 0 0 1 8.22319
0 0 0 0 0 8.1807
0 0 0 0 0 8.22077
0 0 0 0 1 8.13758
0 0 0 0 1 8.25968
0 0 0 0 1 8.12786
0 0 0 0 1 8.15172
0 0 0 0 1 8.21629
0 0 0 0 0 8.07753
0 0 0 0 0 8.07729
0 0 0 0 1 8.06906
0 0 0 0 1 8.00442
0 0 0 0 1 8.02074
0 0 0 0 1 7.97667
0 0 0 0 1 8.09761
0 0 0 0 0 8.03378
0 0 0 0 1 8.05033
0 0 0 0 1 8.05095
0 0 0 0 1 7.99167
0 0 0 0 1 7.93688
0 0 0 0 1 7.89035
0 0 0 0 1 7.86791
0 0 0 0 1 7.92484
0 0 0 0 1 7.92203
0 0 0 0 0 7.82895
0 0 0 0 0 7.93328
0 0 0 0 1 7.94647
0 0 0 0 1 7.8104
0 0 0 0 1 7.82051
0 0 0 0 1 7.78374
0 0 0 0 1 7.74722
0 0 0 0 1 7.74539
0 0 0 0 1 7.74826
0 0 0 0 0 7.72792
0 0 0 0 0 7.82745
0 0 0 0 1 7.83834
0 0 0 0 1 7.72062
