0 0 0 0 0 5.51406
0 0 0 0 0 5.53422
0 0 0 0 1 5.58796
0 0 0 0 0 5.58309
0 0 0 0 1 5.60377
0 0 0 0 1 5.56872
0 0 0 0 1 5.65027
0 0 0 0 1 5.58174
0 0 0 0 1 5.57152
0 0 0 0 1 5.57028
0 0 0 0 1 5.6536
0 0 0 0 0 5.58501
0 0 0 0 0 5.62581
0 0 0 0 1 5.67597
0 0 0 0 1 5.69807
0 0 0 0 1 5.67127
0 0 0 0 1 5.70496
0 0 0 0 0 5.68759
0 0 0 0 1 5.68167
0 0 0 0 1 5.75399
0 0 0 0 1 5.70822
0 0 0 0 1 5.78284
0 0 0 0 1 5.70263
0 0 0 0 1 5.7489
0 0 0 0 1 5.82605
0 0 0 0 1 5.80352
0 0 0 0 1 5.8331
0 0 0 0 1 5.78162
0 0 0 0 1 5.80562
0 0 0 0 1 5.83563
0 0 0 0 1 5.84832
0 0 0 0 1 5.81003
0 0 0 0 1 5.84199
0 0 0 0 1 5.8784
0 0 0 0 1 5.86208
0 0 0 0 1 5.84574
0 0 0 0 0 5.87669
0 0 0 0 1 5.97303
0 0 0 0 1 5.89763
0 0 0 0 1 5.98266
0 0 0 0 1 5.99655
0 0 0 0 0 6.0285
0 0 0 0 1 5.996
0 0 0 0 1 6.04017
0 0 0 0 0 6.07255
0 0 0 0 0 6.06895
0 0 0 0 1 6.02182
0 0 0 0 1 6.07885
0 0 0 0 1 6.02064
0 0 0 0 1 6.08412
0 0 0 0 1 6.08072
0 0 0 0 1 6.09572
0 0 0 0 1 6.09745
0 0 0 0 1 6.1753
0 0 0 0 0 6.19075
0 0 0 0 0 6.12587
0 0 0 0 1 6.21577
0 0 0 0 1 6.20567
0 0 0 0 1 6.25893
0 0 0 0 0 6.21238
0 0 0 0 1 6.24623
0 0 0 0 1 6.34417
0 0 0 0 0 6.28489
0 0 0 0 1 6.36449
0 0 0 0 1 6.38109
0 0 0 0 1 6.31427
0 0 0 0 0 6.36916
0 0 0 0 1 6.38518
0 0 0 0 1 6.35713
0 0 0 0 0 6.43766
0 0 0 0 1 6.40959
0 0 0 0 0 6.4973
0 0 0 0 1 6.53424
0 0 0 0 1 6.49966
0 0 0 0 1 6.54333
0 0 0 0 0 6.6063
0 0 0 0 1 6.51827
0 0 0 0 0 6.59541
0 0 0 0 1 6.59289
0 0 0 0 0 6.61694
0 0 0 0 1 6.61443
0 0 0 0 1 6.7263
0 0 0 0 1 6.75824
0 0 0 0 1 6.76963
0 0 0 0 1 6.7067
0 0 0 0 0 6.75862
0 0 0 0 1 6.8177
0 0 0 0 1 6.82248
0 0 0 0 1 6.79981
0 0 0 0 1 6.81823
0 0 0 0 1 6.85748
0 0 0 0 1 6.97373
0 0 0 0 1 6.99284
0 0 0 0 1 7.05394
0 0 0 0 0 6.97523
0 0 0 0 1 7.08585
0 0 0 0 0 7.00604
0 0 0 0 1 7.16723
0 0 0 0 1 7.08025
0 0 0 0 0 7.20704
0 0 0 0 1 7.12657
0 0 0 0 1 7.21111
0 0 0 0 1 7.20175
0 0 0 0 1 7.27982
0 0 0 0 1 7.32886
0 0 0 0 1 7.36391
0 0 0 0 1 7.37669
0 0 0 0 1 7.41239
0 0 0 0 1 7.41041
0 0 0 0 0 7.43805
0 0 0 0 0 7.47371
0 0 0 0 1 7.46401
0 0 0 0 1 7.50692
0 0 0 0 0 7.63353
0 0 0 0 1 7.68528
0 0 0 0 1 7.69869
0 0 0 0 1 7.61978
0 0 0 0 0 7.73307
0 0 0 0 1 7.76962
0 0 0 0 1 7.79073
0 0 0 0 0 7.83579
0 0 0 0 1 7.90421
0 0 0 0 0 7.94103
0 0 0 0 1 7.93074
0 0 0 0 1 8.05544
0 0 0 0 1 7.96482
0 0 0 0 1 7.99413
0 0 0 0 1 8.17749
0 0 0 0 0 8.22345
0 0 0 0 0 8.13088
0 0 0 0 0 8.15998
0 0 0 0 1 8.27188
0 0 0 0 0 8.36028
0 0 0 0 1 8.28143
0 0 0 0 1 8.38641
0 0 0 0 1 8.47529
0 0 0 0 0 8.53079
0 0 0 0 1 8.61221
0 0 0 0 1 8.65182
0 0 0 0 1 8.68223
0 0 0 0 0 8.75535
0 0 0 0 1 8.8296
0 0 0 0 0 8.74522
0 0 0 0 1 8.92639
0 0 0 0 1 8.94755
0 0 0 0 1 9.01321
0 0 0 0 1 9.04315
0 0 0 0 1 9.10012
0 0 0 0 1 9.08532
0 0 0 0 1 9.13306
0 0 0 0 1 9.15319
0 0 0 0 1 9.34944
0 0 0 0 1 9.30582
0 0 0 0 1 9.42804
0 0 0 0 0 9.38212
0 0 0 0 1 9.46706
0 0 0 0 1 9.49493
0 0 0 0 1 9.6686
0 0 0 0 1 9.65801
0 0 0 0 0 9.88134
0 0 0 0 1 9.76224
0 0 0 0 1 9.88029
0 0 0 0 1 10.0162
0 0 0 0 1 10.0843
0 0 0 0 0 10.0802
0 0 0 0 1 10.0972
0 0 0 0 0 10.2967
0 0 0 0 0 10.3017
0 0 0 0 1 10.391
0 0 0 0 1 10.563
0 0 0 0 1 10.6624
0 0 0 0 1 10.7392
0 0 0 0 1 10.6998
0 0 0 0 1 10.7866
0 0 0 0 1 9.23145
0 0 0 0 1 9.30033
0 0 0 0 1 9.16999
0 0 0 0 1 9.22962
0 0 0 0 1 9.26611
0 0 0 0 1 9.11386
0 0 0 0 1 9.21479
0 0 0 0 1 9.16425
0 0 0 0 1 9.18254
0 0 0 0 1 9.04134
0 0 0 0 1 9.16
0 0 0 0 1 9.03783
0 0 0 0 1 9.04746
0 0 0 0 1 8.99386
0 0 0 0 1 8.95431
0 0 0 0 0 8.92829
0 0 0 0 1 9.00601
0 0 0 0 1 8.99811
0 0 0 0 0 8.90981
0 0 0 0 1 9.00051
0 0 0 0 1 8.97992
0 0 0 0 1 8.83022
0 0 0 0 1 8.80543
0 0 0 0 1 8.78082
0 0 0 0 1 8.88022
0 0 0 0 1 8.81658
0 0 0 0 1 8.80121
0 0 0 0 1 8.83877
0 0 0 0 1 8.77095
0 0 0 0 0 8.79112
0 0 0 0 1 8.82007
0 0 0 0 1 8.74058
0 0 0 0 1 8.66515
0 0 0 0 1 8.69451
0 0 0 0 0 8.60225
0 0 0 0 1 8.6145
0 0 0 0 1 8.64415
0 0 0 0 1 8.71707
0 0 0 0 1 8.67764
0 0 0 0 1 8.64707
0 0 0 0 0 8.64254
0 0 0 0 1 8.68114
0 0 0 0 0 8.55668
0 0 0 0 1 8.54412
0 0 0 0 0 8.61731
0 0 0 0 1 8.6306
0 0 0 0 1 8.52753
0 0 0 0 1 8.55821
0 0 0 0 1 8.58413
0 0 0 0 1 8.77824
0 0 0 0 0 8.7892
0 0 0 0 1 8.90505
0 0 0 0 1 9.066
0 0 0 0 1 9.20983
0 0 0 0 1 9.34446
0 0 0 0 1 9.63161
0 0 0 0 0 9.72945
0 0 0 0 1 9.92409
0 0 0 0 1 10.0498
0 0 0 0 1 10.2351
0 0 0 0 1 10.3069
0 0 0 0 1 10.5845
0 0 0 0 1 10.6623
0 0 0 0 1 10.8761
0 0 0 0 0 11.2577
0 0 0 0 1 11.4516
0 0 0 0 1 11.701
0 0 0 0 1 11.7368
0 0 0 0 1 12.1024
0 0 0 0 0 12.3209
0 0 0 0 0 12.6737
0 0 0 0 1 12.8604
0 0 0 0 1 22.5464
0 0 0 0 1 22.732
0 0 0 0 1 22.5302
0 0 0 0 1 22.8524
0 0 0 0 1 22.8347
0 0 0 0 1 22.7495
0 0 0 0 1 22.5292
0 0 0 0 0 22.7842
0 0 0 0 1 22.5198
0 0 0 0 1 22.4141
0 0 0 0 1 22.6248
0 0 0 0 1 22.6779
0 0 0 0 1 22.3496
0 0 0 0 1 22.6062
0 0 0 0 1 22.4129
0 0 0 0 0 22.4451
0 0 0 0 0 22.5451
0 0 0 0 1 22.3309
0 0 0 0 0 23.4084
0 0 0 0 0 24.365
0 0 0 0 1 25.1934
0 0 0 0 1 26.2909
0 0 0 0 1 36.0899
0 0 0 0 1 36.439
0 0 0 0 1 36.6067
0 0 0 0 1 36.1201
0 0 0 0 1 36.0286
0 0 0 0 1 38.9116
0 0 0 0 1 52.0146
0 0 0 0 0 52.3635
0 0 0 0 1 52.0893
0 0 0 0 1 51.9717
0 0 0 0 1 51.5431
0 0 0 0 0 55.8213
0 0 0 0 1 65.7898
0 0 0 0 0 70.2909
0 0 0 0 1 82.3009
0 0 0 0 0 4.99998
0 0 0 0 0 5.03505
0 0 0 0 0 5.05008
0 0 0 0 0 5.05008
0 0 0 0 0 4.99497
0 0 0 0 0 5.04507
0 0 0 0 0 5.05509
0 0 0 0 0 4.96992
0 0 0 0 0 5.0601
0 0 0 0 0 4.97493
0 0 0 0 0 4.96992
0 0 0 0 0 5.05509
0 0 0 0 0 88.2916
0 0 0 0 1 87.6875
0 0 0 0 0 75.2952
0 0 0 0 1 63.3921
0 0 0 0 1 60.8896
0 0 0 0 1 61.0824
0 0 0 0 1 60.9733
0 0 0 0 1 51.2097
0 0 0 0 1 47.8432
0 0 0 0 1 47.5675
0 0 0 0 1 39.3527
0 0 0 0 0 37.0775
0 0 0 0 1 35.9175
0 0 0 0 1 35.8228
0 0 0 0 1 35.942
0 0 0 0 1 35.8842
0 0 0 0 0 28.3025
0 0 0 0 1 27.0447
0 0 0 0 0 25.8186
0 0 0 0 1 24.6638
0 0 0 0 0 24.577
0 0 0 0 1 24.7124
0 0 0 0 1 24.7486
0 0 0 0 0 24.4905
0 0 0 0 1 24.8001
0 0 0 0 1 24.8637
0 0 0 0 1 24.7302
0 0 0 0 1 24.9183
0 0 0 0 0 24.9325
0 0 0 0 1 18.0907
0 0 0 0 1 17.8626
0 0 0 0 1 17.3637
0 0 0 0 1 16.6608
0 0 0 0 1 16.3262
0 0 0 0 1 15.9748
0 0 0 0 1 15.5009
0 0 0 0 1 15.0758
0 0 0 0 1 14.9048
0 0 0 0 1 14.2788
0 0 0 0 1 14.1977
0 0 0 0 1 13.9842
0 0 0 0 1 13.8154
0 0 0 0 1 14.0361
0 0 0 0 1 13.9511
0 0 0 0 1 13.8801
0 0 0 0 1 14.0903
0 0 0 0 1 14.0198
0 0 0 0 1 14.0751
0 0 0 0 1 13.9209
0 0 0 0 1 14.0631
0 0 0 0 1 14.1193
0 0 0 0 0 13.9373
0 0 0 0 1 14.1204
0 0 0 0 0 13.9972
0 0 0 0 1 14.1671
0 0 0 0 0 14.1262
0 0 0 0 1 14.1021
0 0 0 0 1 14.1463
0 0 0 0 1 14.2332
0 0 0 0 1 14.2949
0 0 0 0 1 14.2124
0 0 0 0 0 14.1753
0 0 0 0 1 14.1782
0 0 0 0 0 14.1984
0 0 0 0 1 14.3443
0 0 0 0 0 14.2654
0 0 0 0 1 14.1548
0 0 0 0 1 14.2906
0 0 0 0 1 14.4669
0 0 0 0 1 8.79062
0 0 0 0 1 8.73834
0 0 0 0 1 8.62445
0 0 0 0 1 8.50322
0 0 0 0 1 8.44969
0 0 0 0 1 8.2459
0 0 0 0 0 8.16052
0 0 0 0 1 8.09809
0 0 0 0 0 7.94828
0 0 0 0 0 7.83944
0 0 0 0 0 7.81075
0 0 0 0 1 7.64803
0 0 0 0 1 7.61091
0 0 0 0 1 7.49734
0 0 0 0 1 7.41449
0 0 0 0 1 7.32617
0 0 0 0 0 7.30962
0 0 0 0 0 7.21412
0 0 0 0 1 7.2339
0 0 0 0 1 7.08871
0 0 0 0 1 7.0013
0 0 0 0 1 6.97214
0 0 0 0 1 6.83687
0 0 0 0 1 6.85528
0 0 0 0 1 6.73037
0 0 0 0 1 6.7607
0 0 0 0 0 6.65676
0 0 0 0 1 6.52089
0 0 0 0 1 6.53612
0 0 0 0 1 6.46885
0 0 0 0 1 6.43761
0 0 0 0 0 6.37697
0 0 0 0 1 6.34167
0 0 0 0 1 6.21901
0 0 0 0 1 6.17788
0 0 0 0 0 6.16113
0 0 0 0 1 6.03469
0 0 0 0 1 6.00866
0 0 0 0 1 5.94378
0 0 0 0 1 5.98278
0 0 0 0 1 5.8179
0 0 0 0 1 5.83267
0 0 0 0 1 5.74256
0 0 0 0 1 5.74509
0 0 0 0 1 5.73254
0 0 0 0 1 5.68873
0 0 0 0 0 5.65623
0 0 0 0 1 5.54892
0 0 0 0 1 5.50037
0 0 0 0 0 5.4849
0 0 0 0 1 5.47456
0 0 0 0 1 5.39145
0 0 0 0 1 5.35199
0 0 0 0 1 5.30952
0 0 0 0 1 5.2968
0 0 0 0 1 5.30164
0 0 0 0 0 5.21015
0 0 0 0 0 5.12984
0 0 0 0 1 5.1532
0 0 0 0 1 5.11964
0 0 0 0 1 5.09305
0 0 0 0 1 5.07977
0 0 0 0 1 5.06468
0 0 0 0 1 4.98639
0 0 0 0 1 4.95332
0 0 0 0 0 4.89578
0 0 0 0 1 4.87286
0 0 0 0 1 4.87751
0 0 0 0 0 4.77719
0 0 0 0 1 4.78611
0 0 0 0 0 4.78326
0 0 0 0 1 4.88795
0 0 0 0 0 4.85239
0 0 0 0 1 4.92277
0 0 0 0 1 4.8969
0 0 0 0 0 4.95428
0 0 0 0 1 4.89873
0 0 0 0 1 4.94544
0 0 0 0 1 4.91922
0 0 0 0 1 4.98735
0 0 0 0 1 5.00976
0 0 0 0 1 4.95841
0 0 0 0 1 5.07757
0 0 0 0 1 4.99574
0 0 0 0 1 5.01457
0 0 0 0 0 5.06401
0 0 0 0 1 5.14441
0 0 0 0 1 5.16389
0 0 0 0 1 5.12558
0 0 0 0 1 5.14505
0 0 0 0 0 5.19048
0 0 0 0 1 5.1583
0 0 0 0 1 5.19882
0 0 0 0 0 5.28147
0 0 0 0 1 5.22282
0 0 0 0 0 5.31663
0 0 0 0 1 5.25896
0 0 0 0 1 5.26846
0 0 0 0 0 5.36878
0 0 0 0 1 5.40009
0 0 0 0 1 5.38851
0 0 0 0 1 5.43235
0 0 0 0 1 5.4695
0 0 0 0 1 5.50142
0 0 0 0 1 5.45688
0 0 0 0 1 5.45735
0 0 0 0 1 5.56669
0 0 0 0 0 5.54528
0 0 0 0 1 5.55545
0 0 0 0 1 5.65674
0 0 0 0 1 5.65036
0 0 0 0 1 5.63976
0 0 0 0 0 5.66709
0 0 0 0 1 5.64479
0 0 0 0 1 5.66644
0 0 0 0 1 5.74145
0 0 0 0 0 5.82862
0 0 0 0 1 5.8642
0 0 0 0 1 5.88663
0 0 0 0 1 5.88146
0 0 0 0 1 5.91732
0 0 0 0 1 5.88819
0 0 0 0 1 5.91812
0 0 0 0 1 6.01398
0 0 0 0 1 6.00838
0 0 0 0 0 6.02067
0 0 0 0 1 6.13009
0 0 0 0 1 6.1244
0 0 0 0 0 6.08162
0 0 0 0 0 6.11372
0 0 0 0 0 9.49048
0 0 0 0 1 9.51926
0 0 0 0 1 9.43119
0 0 0 0 1 9.35307
0 0 0 0 1 9.42883
0 0 0 0 1 9.3325
0 0 0 0 0 9.38589
0 0 0 0 1 9.34281
0 0 0 0 1 9.18597
0 0 0 0 1 9.23924
0 0 0 0 1 9.21854
0 0 0 0 1 9.08791
0 0 0 0 1 9.1135
0 0 0 0 1 9.06603
0 0 0 0 0 9.0461
0 0 0 0 1 8.96292
0 0 0 0 1 8.97051
0 0 0 0 1 9.09178
0 0 0 0 1 8.94638
0 0 0 0 1 8.93277
0 0 0 0 1 8.91364
0 0 0 0 0 8.83238
0 0 0 0 1 8.83144
0 0 0 0 1 8.7775
0 0 0 0 0 8.79104
0 0 0 0 1 8.82548
0 0 0 0 1 8.7984
0 0 0 0 0 8.65978
0 0 0 0 1 8.65084
0 0 0 0 1 8.76903
0 0 0 0 1 8.75122
0 0 0 0 0 8.7042
0 0 0 0 0 8.61776
0 0 0 0 1 8.67467
0 0 0 0 1 8.58889
0 0 0 0 1 8.61141
0 0 0 0 1 8.44958
0 0 0 0 0 8.54905
0 0 0 0 0 8.53766
0 0 0 0 1 8.45858
0 0 0 0 1 8.50675
0 0 0 0 1 8.35228
0 0 0 0 1 8.3874
0 0 0 0 1 8.46075
0 0 0 0 1 8.38308
0 0 0 0 1 8.31418
0 0 0 0 1 8.42074
0 0 0 0 1 8.29771
0 0 0 0 1 8.27949
0 0 0 0 1 8.1952
0 0 0 0 0 8.2893
0 0 0 0 1 8.3044
0 0 0 0 0 8.23723
0 0 0 0 1 8.14579
0 0 0 0 1 8.15316
0 0 0 0 1 8.12786
0 0 0 0 0 8.22516
0 0 0 0 1 8.06157
0 0 0 0 0 8.17504
0 0 0 0 1 8.09351
0 0 0 0 1 8.0205
0 0 0 0 0 8.10134
0 0 0 0 1 8.06911
0 0 0 0 1 8.02496
0 0 0 0 1 8.08154
0 0 0 0 1 8.00171
0 0 0 0 1 7.93029
0 0 0 0 1 8.01101
0 0 0 0 1 7.95179
0 0 0 0 1 7.88115
0 0 0 0 0 7.93803
0 0 0 0 1 7.94722
0 0 0 0 0 7.92484
0 0 0 0 1 7.87459
0 0 0 0 1 7.95522
0 0 0 0 1 7.91752
0 0 0 0 0 7.87566
0 0 0 0 0 7.87326
0 0 0 0 1 7.85189
0 0 0 0 1 7.90903
0 0 0 0 1 7.83322
0 0 0 0 1 7.77662
0 0 0 0 0 7.86519
0 0 0 0 0 7.75905
0 0 0 0 1 7.83523
0 0 0 0 1 7.69865
0 0 0 0 1 7.74387
