0 0 0 0 1 5.49187
0 0 0 0 0 5.60645
0 0 0 0 1 5.55457
0 0 0 0 1 5.59981
0 0 0 0 1 5.63726
0 0 0 0 1 5.60786
0 0 0 0 1 5.54957
0 0 0 0 1 5.59295
0 0 0 0 1 5.57713
0 0 0 0 1 5.58152
0 0 0 0 0 5.66486
0 0 0 0 1 5.66963
0 0 0 0 1 5.67665
0 0 0 0 1 5.68729
0 0 0 0 1 5.65271
0 0 0 0 1 5.69398
0 0 0 0 1 5.65946
0 0 0 0 0 5.75598
0 0 0 0 1 5.70451
0 0 0 0 0 5.70256
0 0 0 0 1 5.7483
0 0 0 0 0 5.71973
0 0 0 0 0 5.73712
0 0 0 0 0 5.75466
0 0 0 0 1 5.77414
0 0 0 0 1 5.79196
0 0 0 0 1 5.82731
0 0 0 0 1 5.78162
0 0 0 0 1 5.82308
0 0 0 0 1 5.81231
0 0 0 0 1 5.85416
0 0 0 0 1 5.82174
0 0 0 0 1 5.90644
0 0 0 0 0 5.82555
0 0 0 0 1 5.87385
0 0 0 0 0 5.83984
0 0 0 0 1 5.9299
0 0 0 0 1 5.94932
0 0 0 0 1 5.99859
0 0 0 0 1 6.00052
0 0 0 0 1 5.92495
0 0 0 0 1 6.00457
0 0 0 0 1 5.93011
0 0 0 0 1 5.97412
0 0 0 0 1 6.07857
0 0 0 0 1 5.97242
0 0 0 0 1 6.00972
0 0 0 0 1 6.10918
0 0 0 0 1 6.05105
0 0 0 0 1 6.12679
0 0 0 0 0 6.05627
0 0 0 0 0 6.18762
0 0 0 0 1 6.13433
0 0 0 0 1 6.11374
0 0 0 0 0 6.20927
0 0 0 0 1 6.18156
0 0 0 0 1 6.17235
0 0 0 0 0 6.187
0 0 0 0 1 6.26517
0 0 0 0 1 6.26243
0 0 0 0 1 6.29645
0 0 0 0 1 6.24347
0 0 0 0 1 6.33537
0 0 0 0 1 6.33286
0 0 0 0 1 6.33669
0 0 0 0 0 6.37156
0 0 0 0 1 6.42022
0 0 0 0 1 6.37877
0 0 0 0 1 6.44703
0 0 0 0 1 6.48921
0 0 0 0 1 6.48067
0 0 0 0 1 6.52973
0 0 0 0 1 6.46272
0 0 0 0 1 6.48662
0 0 0 0 1 6.56948
0 0 0 0 1 6.56693
0 0 0 0 0 6.55119
0 0 0 0 1 6.63502
0 0 0 0 1 6.66578
0 0 0 0 0 6.67679
0 0 0 0 1 6.69453
0 0 0 0 1 6.7263
0 0 0 0 1 6.64415
0 0 0 0 1 6.66859
0 0 0 0 1 6.82163
0 0 0 0 1 6.81969
0 0 0 0 1 6.86538
0 0 0 0 0 6.84983
0 0 0 0 1 6.88901
0 0 0 0 1 6.83889
0 0 0 0 1 6.93352
0 0 0 0 1 6.9668
0 0 0 0 1 6.95109
0 0 0 0 1 7.03998
0 0 0 0 1 6.98224
0 0 0 0 1 7.02252
0 0 0 0 1 7.04139
0 0 0 0 1 7.11046
0 0 0 0 0 7.14436
0 0 0 0 1 7.22134
0 0 0 0 1 7.12657
0 0 0 0 1 7.18949
0 0 0 0 1 7.17279
0 0 0 0 1 7.2435
0 0 0 0 0 7.30696
0 0 0 0 0 7.25401
0 0 0 0 1 7.40613
0 0 0 0 1 7.31641
0 0 0 0 1 7.48458
0 0 0 0 1 7.40079
0 0 0 0 0 7.45875
0 0 0 0 1 7.53166
0 0 0 0 1 7.53713
0 0 0 0 0 7.56523
0 0 0 0 1 7.58626
0 0 0 0 1 7.68339
0 0 0 0 0 7.61978
0 0 0 0 1 7.679
0 0 0 0 0 7.70753
0 0 0 0 1 7.73614
0 0 0 0 0 7.80448
0 0 0 0 0 7.92781
0 0 0 0 1 7.94894
0 0 0 0 1 8.01815
0 0 0 0 1 7.95954
0 0 0 0 1 7.97285
0 0 0 0 1 8.0506
0 0 0 0 1 8.0235
0 0 0 0 1 8.10935
0 0 0 0 1 8.19639
0 0 0 0 1 8.19292
0 0 0 0 1 8.36296
0 0 0 0 1 8.30205
0 0 0 0 1 8.31489
0 0 0 0 1 8.42846
0 0 0 0 1 8.49221
0 0 0 0 1 8.42873
0 0 0 0 1 8.48392
0 0 0 0 0 8.56591
0 0 0 0 1 8.72543
0 0 0 0 0 8.71188
0 0 0 0 1 8.69847
0 0 0 0 1 8.80681
0 0 0 0 0 8.74963
0 0 0 0 0 8.96534
0 0 0 0 1 8.8879
0 0 0 0 1 8.97109
0 0 0 0 1 9.11825
0 0 0 0 0 9.13999
0 0 0 0 1 9.17891
0 0 0 0 1 9.17165
0 0 0 0 1 9.2566
0 0 0 0 1 9.32449
0 0 0 0 1 9.45624
0 0 0 0 1 9.49562
0 0 0 0 1 9.54325
0 0 0 0 1 9.66756
0 0 0 0 1 9.55281
0 0 0 0 1 9.69687
0 0 0 0 1 9.70524
0 0 0 0 1 9.8706
0 0 0 0 1 9.97939
0 0 0 0 1 9.96627
0 0 0 0 1 10.0843
0 0 0 0 0 10.1004
0 0 0 0 1 10.1379
0 0 0 0 1 10.2865
0 0 0 0 0 10.3224
0 0 0 0 1 10.4744
0 0 0 0 1 10.458
0 0 0 0 1 10.6836
0 0 0 0 1 10.7072
0 0 0 0 1 10.775
0 0 0 0 0 10.8407
0 0 0 0 1 9.34312
0 0 0 0 0 9.18895
0 0 0 0 1 9.34598
0 0 0 0 1 9.27581
0 0 0 0 0 9.31221
0 0 0 0 1 9.16904
0 0 0 0 1 9.20562
0 0 0 0 1 9.1734
0 0 0 0 1 9.20995
0 0 0 0 1 9.19628
0 0 0 0 1 9.07814
0 0 0 0 0 9.09227
0 0 0 0 1 8.96595
0 0 0 0 1 9.06617
0 0 0 0 1 8.99939
0 0 0 0 1 9.07229
0 0 0 0 1 9.05988
0 0 0 0 1 8.8816
0 0 0 0 1 8.96349
0 0 0 0 1 8.93801
0 0 0 0 1 8.91756
0 0 0 0 0 8.8569
0 0 0 0 1 8.80543
0 0 0 0 1 8.83398
0 0 0 0 1 8.80946
0 0 0 0 1 8.84305
0 0 0 0 1 8.86288
0 0 0 0 1 8.84757
0 0 0 0 1 8.80607
0 0 0 0 1 8.81741
0 0 0 0 1 8.76757
0 0 0 0 1 8.69692
0 0 0 0 1 8.66515
0 0 0 0 1 8.651
0 0 0 0 1 8.76734
0 0 0 0 1 8.63185
0 0 0 0 1 8.60085
0 0 0 0 1 8.72572
0 0 0 0 1 8.6172
0 0 0 0 1 8.66431
0 0 0 0 0 8.55646
0 0 0 0 1 8.67254
0 0 0 0 1 8.65967
0 0 0 0 1 8.54412
0 0 0 0 1 8.60875
0 0 0 0 1 8.61351
0 0 0 0 1 8.62143
0 0 0 0 1 8.59231
0 0 0 0 1 8.60128
0 0 0 0 1 8.77824
0 0 0 0 0 8.7892
0 0 0 0 1 8.97672
0 0 0 0 1 9.14784
0 0 0 0 0 9.17288
0 0 0 0 1 9.43828
0 0 0 0 1 9.45996
0 0 0 0 1 9.63264
0 0 0 0 1 9.9044
0 0 0 0 1 10.0599
0 0 0 0 1 10.2351
0 0 0 0 1 10.2862
0 0 0 0 1 10.6373
0 0 0 0 1 10.6623
0 0 0 0 1 10.8652
0 0 0 0 1 11.2132
0 0 0 0 1 11.4175
0 0 0 0 1 11.6779
0 0 0 0 1 11.9378
0 0 0 0 1 12.0904
0 0 0 0 1 12.3825
0 0 0 0 1 12.6485
0 0 0 0 0 12.9247
0 0 0 0 0 22.9555
0 0 0 0 1 22.5504
0 0 0 0 1 22.8706
0 0 0 0 1 22.7164
0 0 0 0 1 22.5176
0 0 0 0 1 22.8401
0 0 0 0 1 22.3935
0 0 0 0 0 22.7164
0 0 0 0 1 22.5424
0 0 0 0 1 22.6173
0 0 0 0 1 22.3316
0 0 0 0 1 22.3397
0 0 0 0 1 22.6876
0 0 0 0 0 22.336
0 0 0 0 1 22.4579
0 0 0 0 1 22.4226
0 0 0 0 1 22.7024
0 0 0 0 1 22.5331
0 0 0 0 1 23.4316
0 0 0 0 1 23.9549
0 0 0 0 1 25.2185
0 0 0 0 1 25.9764
0 0 0 0 0 36.1991
0 0 0 0 1 36.5482
0 0 0 0 1 36.0972
0 0 0 0 1 36.2293
0 0 0 0 0 36.5017
0 0 0 0 1 38.4878
0 0 0 0 0 52.1188
0 0 0 0 1 52.5717
0 0 0 0 0 52.3495
0 0 0 0 1 52.2318
0 0 0 0 1 52.4793
0 0 0 0 1 56.1596
0 0 0 0 0 65.7898
0 0 0 0 1 69.3852
0 0 0 0 0 82.0554
0 0 0 0 0 4.96992
0 0 0 0 0 5.03004
0 0 0 0 0 5.03505
0 0 0 0 0 5.04006
0 0 0 0 0 4.97493
0 0 0 0 0 5.05509
0 0 0 0 0 5.0601
0 0 0 0 0 5.05008
0 0 0 0 0 5.02002
0 0 0 0 0 4.96491
0 0 0 0 0 5.00499
0 0 0 0 0 4.9599
0 0 0 0 1 88.2916
0 0 0 0 1 88.1255
0 0 0 0 0 74.9195
0 0 0 0 1 63.3921
0 0 0 0 1 60.4054
0 0 0 0 0 60.1744
0 0 0 0 1 61.0339
0 0 0 0 1 51.8286
0 0 0 0 1 48.1311
0 0 0 0 0 47.5675
0 0 0 0 1 39.6276
0 0 0 0 1 36.5252
0 0 0 0 0 35.9888
0 0 0 0 0 35.8941
0 0 0 0 1 35.4066
0 0 0 0 0 35.9199
0 0 0 0 1 27.9094
0 0 0 0 1 26.6695
0 0 0 0 0 25.434
0 0 0 0 1 24.6884
0 0 0 0 1 24.6755
0 0 0 0 1 24.6138
0 0 0 0 0 24.6993
0 0 0 0 0 24.5152
0 0 0 0 1 24.8495
0 0 0 0 0 24.5921
0 0 0 0 1 24.5078
0 0 0 0 1 24.498
0 0 0 0 1 24.8088
0 0 0 0 1 18.3819
0 0 0 0 0 17.8449
0 0 0 0 1 17.2949
0 0 0 0 1 16.5939
0 0 0 0 1 16.1307
0 0 0 0 1 15.7842
0 0 0 0 0 15.377
0 0 0 0 0 15.1514
0 0 0 0 1 14.7868
0 0 0 0 1 14.5385
0 0 0 0 0 14.0426
0 0 0 0 0 13.7481
0 0 0 0 1 13.8571
0 0 0 0 1 13.9387
0 0 0 0 1 13.8258
0 0 0 0 1 13.9776
0 0 0 0 1 13.8531
0 0 0 0 1 14.0896
0 0 0 0 0 13.9353
0 0 0 0 1 14.0608
0 0 0 0 1 14.0771
0 0 0 0 1 13.9511
0 0 0 0 0 13.9373
0 0 0 0 1 14.1204
0 0 0 0 1 14.0956
0 0 0 0 1 13.9418
0 0 0 0 1 14.0839
0 0 0 0 1 14.0598
0 0 0 0 1 13.9908
0 0 0 0 1 14.0492
0 0 0 0 1 14.2665
0 0 0 0 1 14.2266
0 0 0 0 1 14.2605
0 0 0 0 0 14.1924
0 0 0 0 1 14.3835
0 0 0 0 1 14.1732
0 0 0 0 1 14.3511
0 0 0 0 1 14.2263
0 0 0 0 1 14.1761
0 0 0 0 1 14.2088
0 0 0 0 1 8.86123
0 0 0 0 1 8.7819
0 0 0 0 1 8.51267
0 0 0 0 1 8.44376
0 0 0 0 1 8.45808
0 0 0 0 1 8.26248
0 0 0 0 1 8.16052
0 0 0 0 1 8.03337
0 0 0 0 1 8.02824
0 0 0 0 1 7.86315
0 0 0 0 1 7.89675
0 0 0 0 1 7.73301
0 0 0 0 1 7.61091
0 0 0 0 1 7.5049
0 0 0 0 1 7.50418
0 0 0 0 1 7.45937
0 0 0 0 1 7.26572
0 0 0 0 1 7.21412
0 0 0 0 0 7.18372
0 0 0 0 1 7.12418
0 0 0 0 1 6.95916
0 0 0 0 1 6.88864
0 0 0 0 0 6.86441
0 0 0 0 0 6.80071
0 0 0 0 1 6.74389
0 0 0 0 1 6.754
0 0 0 0 1 6.63687
0 0 0 0 1 6.60626
0 0 0 0 1 6.45158
0 0 0 0 1 6.40436
0 0 0 0 1 6.36097
0 0 0 0 1 6.34531
0 0 0 0 1 6.2161
0 0 0 0 1 6.17544
0 0 0 0 1 6.18405
0 0 0 0 1 6.13666
0 0 0 0 1 6.03469
0 0 0 0 1 6.07489
0 0 0 0 1 5.94975
0 0 0 0 0 5.9117
0 0 0 0 0 5.88248
0 0 0 0 1 5.85015
0 0 0 0 1 5.75413
0 0 0 0 0 5.7623
0 0 0 0 0 5.64155
0 0 0 0 1 5.59279
0 0 0 0 0 5.55542
0 0 0 0 0 5.56005
0 0 0 0 1 5.51142
0 0 0 0 1 5.49038
0 0 0 0 1 5.39301
0 0 0 0 1 5.43467
0 0 0 0 1 5.35735
0 0 0 0 1 5.34147
0 0 0 0 1 5.26505
0 0 0 0 1 5.25965
0 0 0 0 1 5.17364
0 0 0 0 1 5.13503
0 0 0 0 1 5.1429
0 0 0 0 0 5.15033
0 0 0 0 0 5.11334
0 0 0 0 1 4.9941
0 0 0 0 1 5.05466
0 0 0 0 1 4.95152
0 0 0 0 0 4.93848
0 0 0 0 1 4.94985
0 0 0 0 1 4.85821
0 0 0 0 1 4.80949
0 0 0 0 0 4.77719
0 0 0 0 1 4.8487
0 0 0 0 1 4.79774
0 0 0 0 1 4.7959
0 0 0 0 1 4.81836
0 0 0 0 0 4.89353
0 0 0 0 0 4.87244
0 0 0 0 0 4.88554
0 0 0 0 1 4.93322
0 0 0 0 1 4.92073
0 0 0 0 1 4.98369
0 0 0 0 1 5.01722
0 0 0 0 1 4.99978
0 0 0 0 1 4.97844
0 0 0 0 1 4.97702
0 0 0 0 1 5.09162
0 0 0 0 1 5.05003
0 0 0 0 1 5.13519
0 0 0 0 1 5.14951
0 0 0 0 1 5.11266
0 0 0 0 1 5.13072
0 0 0 0 0 5.20175
0 0 0 0 0 5.22671
0 0 0 0 0 5.16349
0 0 0 0 1 5.23532
0 0 0 0 1 5.24483
0 0 0 0 0 5.29113
0 0 0 0 1 5.31663
0 0 0 0 1 5.33318
0 0 0 0 0 5.31635
0 0 0 0 0 5.3207
0 0 0 0 1 5.41082
0 0 0 0 1 5.34545
0 0 0 0 1 5.46481
0 0 0 0 0 5.40432
0 0 0 0 1 5.47416
0 0 0 0 1 5.51709
0 0 0 0 1 5.52337
0 0 0 0 1 5.48937
0 0 0 0 1 5.57858
0 0 0 0 1 5.54987
0 0 0 0 1 5.55593
0 0 0 0 1 5.57727
0 0 0 0 0 5.66236
0 0 0 0 0 5.72381
0 0 0 0 1 5.65619
0 0 0 0 1 5.76374
0 0 0 0 0 5.76446
0 0 0 0 1 5.73032
0 0 0 0 1 5.80027
0 0 0 0 0 5.8808
0 0 0 0 1 5.86974
0 0 0 0 0 5.8407
0 0 0 0 1 5.93558
0 0 0 0 1 6.00147
0 0 0 0 1 5.99603
0 0 0 0 1 6.03846
0 0 0 0 1 6.02067
0 0 0 0 1 6.12401
0 0 0 0 0 6.07555
0 0 0 0 1 6.16754
0 0 0 0 1 6.16312
0 0 0 0 0 9.47144
0 0 0 0 1 9.57615
0 0 0 0 0 9.36504
0 0 0 0 0 9.34366
0 0 0 0 1 9.46636
0 0 0 0 1 9.32315
0 0 0 0 1 9.31133
0 0 0 0 1 9.27773
0 0 0 0 0 9.35265
0 0 0 0 1 9.1654
0 0 0 0 1 9.15414
0 0 0 0 1 9.25298
0 0 0 0 1 9.10436
0 0 0 0 1 9.17537
0 0 0 0 1 9.16417
0 0 0 0 1 9.09872
0 0 0 0 1 9.08783
0 0 0 0 1 9.05577
0 0 0 0 1 8.94638
0 0 0 0 1 8.88802
0 0 0 0 1 8.83334
0 0 0 0 1 8.88574
0 0 0 0 1 8.87578
0 0 0 0 1 8.8217
0 0 0 0 0 8.79104
0 0 0 0 1 8.70242
0 0 0 0 1 8.68447
0 0 0 0 1 8.78225
0 0 0 0 1 8.76421
0 0 0 0 1 8.64724
0 0 0 0 1 8.7252
0 0 0 0 1 8.67825
0 0 0 0 1 8.66952
0 0 0 0 1 8.61443
0 0 0 0 1 8.66611
0 0 0 0 1 8.54293
0 0 0 0 0 8.45811
0 0 0 0 1 8.54905
0 0 0 0 1 8.41024
0 0 0 0 1 8.54333
0 0 0 0 1 8.42219
0 0 0 0 1 8.41977
0 0 0 0 1 8.36216
0 0 0 0 1 8.34324
0 0 0 0 1 8.39983
0 0 0 0 1 8.31418
0 0 0 0 1 8.40407
0 0 0 0 1 8.25614
0 0 0 0 1 8.23801
0 0 0 0 0 8.30282
0 0 0 0 1 8.27277
0 0 0 0 1 8.23018
0 0 0 0 1 8.16317
0 0 0 0 1 8.22791
0 0 0 0 1 8.21051
0 0 0 0 1 8.14422
0 0 0 0 0 8.16804
0 0 0 0 1 8.19186
0 0 0 0 1 8.19129
0 0 0 0 1 8.10162
0 0 0 0 1 8.07715
0 0 0 0 0 8.02865
0 0 0 0 1 8.11748
0 0 0 0 0 8.03301
0 0 0 0 1 7.96104
0 0 0 0 1 8.08188
0 0 0 0 0 8.03432
0 0 0 0 1 7.97108
0 0 0 0 0 7.96774
0 0 0 0 1 7.88115
0 0 0 0 1 8.01749
0 0 0 0 1 8.01068
0 0 0 0 0 7.99609
0 0 0 0 0 7.82715
0 0 0 0 0 7.83684
0 0 0 0 0 7.83087
0 0 0 0 1 7.94647
0 0 0 0 0 7.77897
0 0 0 0 1 7.90679
0 0 0 0 1 7.81506
0 0 0 0 1 7.73941
0 0 0 0 0 7.73758
0 0 0 0 1 7.83401
0 0 0 0 1 7.83687
0 0 0 0 1 7.80414
0 0 0 0 1 7.74521
0 0 0 0 1 7.73612
