0 0 0 0 0 5.59172
0 0 0 0 1 5.53422
0 0 0 0 1 5.5824
0 0 0 0 0 5.56638
0 0 0 0 1 5.57028
0 0 0 0 1 5.60786
0 0 0 0 1 5.56636
0 0 0 0 1 5.61537
0 0 0 0 0 5.58274
0 0 0 0 0 5.66021
0 0 0 0 1 5.62544
0 0 0 0 1 5.68092
0 0 0 0 0 5.66535
0 0 0 0 1 5.69295
0 0 0 0 1 5.67539
0 0 0 0 1 5.69398
0 0 0 0 0 5.71065
0 0 0 0 1 5.71039
0 0 0 0 1 5.73877
0 0 0 0 1 5.75399
0 0 0 0 1 5.6796
0 0 0 0 0 5.69105
0 0 0 0 1 5.72562
0 0 0 0 1 5.78347
0 0 0 0 1 5.75107
0 0 0 0 1 5.72837
0 0 0 0 0 5.8389
0 0 0 0 1 5.79904
0 0 0 0 1 5.81144
0 0 0 0 1 5.8881
0 0 0 0 0 5.80158
0 0 0 0 1 5.83344
0 0 0 0 0 5.9123
0 0 0 0 1 5.81968
0 0 0 0 0 5.92682
0 0 0 0 1 5.90473
0 0 0 0 1 5.8826
0 0 0 0 1 5.88414
0 0 0 0 1 5.9095
0 0 0 0 1 5.99457
0 0 0 0 1 5.96075
0 0 0 0 1 5.93281
0 0 0 0 1 5.95407
0 0 0 0 1 6.03416
0 0 0 0 1 6.04246
0 0 0 0 1 6.06292
0 0 0 0 1 6.00367
0 0 0 0 1 6.06065
0 0 0 0 0 6.05713
0 0 0 0 1 6.1146
0 0 0 0 1 6.14794
0 0 0 0 1 6.07122
0 0 0 0 1 6.20809
0 0 0 0 0 6.11989
0 0 0 0 0 6.21544
0 0 0 0 0 6.18156
0 0 0 0 0 6.22818
0 0 0 0 0 6.26792
0 0 0 0 1 6.20277
0 0 0 0 1 6.29371
0 0 0 0 1 6.24623
0 0 0 0 1 6.23088
0 0 0 0 0 6.34168
0 0 0 0 1 6.27592
0 0 0 0 1 6.34938
0 0 0 0 1 6.41612
0 0 0 0 1 6.41384
0 0 0 0 1 6.44282
0 0 0 0 1 6.45345
0 0 0 0 1 6.41189
0 0 0 0 1 6.41606
0 0 0 0 1 6.51676
0 0 0 0 0 6.56025
0 0 0 0 0 6.45403
0 0 0 0 1 6.49758
0 0 0 0 1 6.55381
0 0 0 0 1 6.57094
0 0 0 0 1 6.57561
0 0 0 0 1 6.61277
0 0 0 0 1 6.59034
0 0 0 0 1 6.7279
0 0 0 0 0 6.74638
0 0 0 0 1 6.74482
0 0 0 0 1 6.66859
0 0 0 0 1 6.82163
0 0 0 0 1 6.84684
0 0 0 0 1 6.78364
0 0 0 0 1 6.82932
0 0 0 0 1 6.86842
0 0 0 0 1 6.92843
0 0 0 0 0 6.975
0 0 0 0 1 6.89054
0 0 0 0 1 6.90239
0 0 0 0 1 7.01902
0 0 0 0 1 7.06637
0 0 0 0 1 7.09289
0 0 0 0 1 7.14036
0 0 0 0 1 7.11756
0 0 0 0 0 7.13011
0 0 0 0 0 7.13554
0 0 0 0 1 7.1194
0 0 0 0 1 7.24713
0 0 0 0 1 7.20898
0 0 0 0 1 7.2217
0 0 0 0 0 7.35076
0 0 0 0 1 7.34193
0 0 0 0 0 7.34724
0 0 0 0 1 7.3238
0 0 0 0 1 7.45491
0 0 0 0 1 7.41569
0 0 0 0 1 7.51111
0 0 0 0 0 7.55421
0 0 0 0 0 7.51447
0 0 0 0 0 7.66388
0 0 0 0 1 7.56341
0 0 0 0 0 7.72165
0 0 0 0 1 7.6121
0 0 0 0 0 7.79488
0 0 0 0 1 7.80843
0 0 0 0 1 7.82192
0 0 0 0 1 7.85145
0 0 0 0 0 7.92781
0 0 0 0 1 7.94894
0 0 0 0 1 7.97047
0 0 0 0 1 8.02347
0 0 0 0 1 8.03708
0 0 0 0 1 8.05867
0 0 0 0 1 8.08834
0 0 0 0 1 8.14195
0 0 0 0 1 8.11451
0 0 0 0 1 8.15998
0 0 0 0 1 8.33812
0 0 0 0 1 8.30205
0 0 0 0 1 8.30652
0 0 0 0 1 8.47893
0 0 0 0 1 8.40762
0 0 0 0 1 8.48826
0 0 0 0 1 8.61221
0 0 0 0 1 8.62605
0 0 0 0 1 8.69951
0 0 0 0 0 8.61624
0 0 0 0 1 8.67224
0 0 0 0 1 8.72763
0 0 0 0 1 8.79382
0 0 0 0 1 8.98313
0 0 0 0 1 9.03111
0 0 0 0 1 8.91705
0 0 0 0 1 9.01855
0 0 0 0 1 9.09443
0 0 0 0 1 9.09639
0 0 0 0 1 9.16242
0 0 0 0 0 9.36801
0 0 0 0 1 9.28715
0 0 0 0 1 9.30584
0 0 0 0 0 9.53345
0 0 0 0 1 9.51468
0 0 0 0 1 9.6292
0 0 0 0 1 9.69755
0 0 0 0 1 9.61914
0 0 0 0 0 9.85199
0 0 0 0 1 9.84105
0 0 0 0 1 9.86047
0 0 0 0 1 9.97625
0 0 0 0 1 10.014
0 0 0 0 1 10.1815
0 0 0 0 1 10.2501
0 0 0 0 0 10.2454
0 0 0 0 1 10.2913
0 0 0 0 1 10.3806
0 0 0 0 0 10.395
0 0 0 0 1 10.472
0 0 0 0 1 10.6218
0 0 0 0 1 10.732
0 0 0 0 1 10.9382
0 0 0 0 1 9.36173
0 0 0 0 1 9.19823
0 0 0 0 1 9.16999
0 0 0 0 0 9.33125
0 0 0 0 0 9.22923
0 0 0 0 0 9.14145
0 0 0 0 1 9.15055
0 0 0 0 1 9.24664
0 0 0 0 0 9.08203
0 0 0 0 1 9.15071
0 0 0 0 1 9.04175
0 0 0 0 0 9.06505
0 0 0 0 1 9.1018
0 0 0 0 0 8.97578
0 0 0 0 1 8.93627
0 0 0 0 1 8.91029
0 0 0 0 1 8.96111
0 0 0 0 1 8.9533
0 0 0 0 1 8.99032
0 0 0 0 1 8.89337
0 0 0 0 1 8.95319
0 0 0 0 1 8.9725
0 0 0 0 1 8.92082
0 0 0 0 0 8.88715
0 0 0 0 1 8.86253
0 0 0 0 0 8.76362
0 0 0 0 0 8.73954
0 0 0 0 0 8.76842
0 0 0 0 1 8.70071
0 0 0 0 0 8.67717
0 0 0 0 0 8.71507
0 0 0 0 1 8.66199
0 0 0 0 1 8.70874
0 0 0 0 1 8.68581
0 0 0 0 1 8.69783
0 0 0 0 1 8.74463
0 0 0 0 0 8.59219
0 0 0 0 1 8.57871
0 0 0 0 1 8.669
0 0 0 0 1 8.5781
0 0 0 0 1 8.64254
0 0 0 0 1 8.52642
0 0 0 0 1 8.62534
0 0 0 0 1 8.54412
0 0 0 0 1 8.50606
0 0 0 0 1 8.59642
0 0 0 0 1 8.49339
0 0 0 0 1 8.60935
0 0 0 0 1 8.51552
0 0 0 0 0 8.63904
0 0 0 0 0 8.87744
0 0 0 0 1 8.86921
0 0 0 0 1 9.02962
0 0 0 0 1 9.15441
0 0 0 0 0 9.40075
0 0 0 0 1 9.62208
0 0 0 0 1 9.71977
0 0 0 0 1 9.93394
0 0 0 0 1 10.0498
0 0 0 0 0 10.2758
0 0 0 0 1 10.4105
0 0 0 0 1 10.5001
0 0 0 0 1 10.6409
0 0 0 0 1 10.8542
0 0 0 0 0 11.1128
0 0 0 0 1 11.2699
0 0 0 0 1 11.6547
0 0 0 0 0 11.8314
0 0 0 0 0 12.1265
0 0 0 0 1 12.4194
0 0 0 0 1 12.6485
0 0 0 0 1 12.9632
0 0 0 0 1 22.8873
0 0 0 0 0 22.5958
0 0 0 0 1 22.621
0 0 0 0 1 22.8751
0 0 0 0 1 22.6988
0 0 0 0 1 22.7495
0 0 0 0 1 22.4387
0 0 0 0 1 22.5808
0 0 0 0 1 22.5424
0 0 0 0 0 22.4593
0 0 0 0 0 22.4895
0 0 0 0 1 22.475
0 0 0 0 1 22.6425
0 0 0 0 0 22.5612
0 0 0 0 1 22.5254
0 0 0 0 1 22.6475
0 0 0 0 1 22.4551
0 0 0 0 1 22.6004
0 0 0 0 0 23.1532
0 0 0 0 0 24.0755
0 0 0 0 1 25.0929
0 0 0 0 1 25.9764
0 0 0 0 1 36.6361
0 0 0 0 0 36.257
0 0 0 0 1 36.0608
0 0 0 0 1 36.0474
0 0 0 0 1 36.5381
0 0 0 0 1 38.3722
0 0 0 0 1 51.8064
0 0 0 0 1 52.3114
0 0 0 0 1 52.1413
0 0 0 0 0 52.3358
0 0 0 0 1 52.4273
0 0 0 0 0 56.216
0 0 0 0 1 65.397
0 0 0 0 1 69.4549
0 0 0 0 1 82.0554
0 0 0 0 0 5.05509
0 0 0 0 0 4.9599
0 0 0 0 0 5.04006
0 0 0 0 0 5.01501
0 0 0 0 0 5.02002
0 0 0 0 0 5.01501
0 0 0 0 0 5.04507
0 0 0 0 0 4.99497
0 0 0 0 0 5.05509
0 0 0 0 0 5.02002
0 0 0 0 0 5.03004
0 0 0 0 0 5.02002
0 0 0 0 1 88.204
0 0 0 0 1 87.2495
0 0 0 0 1 75.4455
0 0 0 0 1 63.9666
0 0 0 0 1 60.3448
0 0 0 0 1 60.1744
0 0 0 0 1 60.8522
0 0 0 0 1 51.3129
0 0 0 0 1 48.371
0 0 0 0 1 47.8555
0 0 0 0 1 39.1956
0 0 0 0 1 36.8566
0 0 0 0 0 35.4895
0 0 0 0 1 35.573
0 0 0 0 1 35.5137
0 0 0 0 1 35.7414
0 0 0 0 1 28.1902
0 0 0 0 0 26.9911
0 0 0 0 0 25.5622
0 0 0 0 1 24.5653
0 0 0 0 1 24.7986
0 0 0 0 1 24.6631
0 0 0 0 1 24.5268
0 0 0 0 1 24.4658
0 0 0 0 1 24.6521
0 0 0 0 0 24.8884
0 0 0 0 1 24.4831
0 0 0 0 1 24.77
0 0 0 0 1 24.9078
0 0 0 0 1 18.2545
0 0 0 0 1 17.7211
0 0 0 0 1 17.2089
0 0 0 0 1 16.8113
0 0 0 0 1 16.1307
0 0 0 0 1 15.8319
0 0 0 0 1 15.5164
0 0 0 0 1 15.0758
0 0 0 0 1 14.8605
0 0 0 0 1 14.3654
0 0 0 0 0 13.9862
0 0 0 0 1 13.9564
0 0 0 0 0 13.9683
0 0 0 0 1 13.7996
0 0 0 0 1 13.9789
0 0 0 0 0 13.8104
0 0 0 0 1 14.0206
0 0 0 0 1 13.9918
0 0 0 0 1 14.0611
0 0 0 0 1 14.0468
0 0 0 0 1 13.895
0 0 0 0 1 13.9511
0 0 0 0 1 13.9373
0 0 0 0 1 13.9097
0 0 0 0 0 14.1238
0 0 0 0 1 14.2094
0 0 0 0 0 13.957
0 0 0 0 1 14.2574
0 0 0 0 1 14.0897
0 0 0 0 1 14.0209
0 0 0 0 1 14.2665
0 0 0 0 1 14.0563
0 0 0 0 1 14.0759
0 0 0 0 1 14.0929
0 0 0 0 1 14.2981
0 0 0 0 1 14.3016
0 0 0 0 1 14.1369
0 0 0 0 1 14.2835
0 0 0 0 1 14.1904
0 0 0 0 1 14.2232
0 0 0 0 1 8.78179
0 0 0 0 1 8.64251
0 0 0 0 1 8.60726
0 0 0 0 1 8.57118
0 0 0 0 0 8.36578
0 0 0 0 1 8.33706
0 0 0 0 1 8.11955
0 0 0 0 0 8.04955
0 0 0 0 1 7.94028
0 0 0 0 1 7.85525
0 0 0 0 1 7.74038
0 0 0 0 1 7.75618
0 0 0 0 1 7.7026
0 0 0 0 1 7.53513
0 0 0 0 1 7.40701
0 0 0 0 1 7.34837
0 0 0 0 1 7.30962
0 0 0 0 1 7.17791
0 0 0 0 0 7.2339
0 0 0 0 0 7.04613
0 0 0 0 1 7.08557
0 0 0 0 1 6.9791
0 0 0 0 1 6.83687
0 0 0 0 1 6.80071
0 0 0 0 1 6.81822
0 0 0 0 1 6.7607
0 0 0 0 1 6.69654
0 0 0 0 1 6.59969
0 0 0 0 1 6.51661
0 0 0 0 1 6.46885
0 0 0 0 0 6.40568
0 0 0 0 1 6.39597
0 0 0 0 1 6.22238
0 0 0 0 1 6.19411
0 0 0 0 1 6.16554
0 0 0 0 1 6.06324
0 0 0 0 0 6.12566
0 0 0 0 1 6.05683
0 0 0 0 0 5.92588
0 0 0 0 1 5.92947
0 0 0 0 1 5.88835
0 0 0 0 1 5.80936
0 0 0 0 1 5.75413
0 0 0 0 0 5.69343
0 0 0 0 0 5.6643
0 0 0 0 1 5.66615
0 0 0 0 1 5.57782
0 0 0 0 1 5.61014
0 0 0 0 1 5.5059
0 0 0 0 1 5.43011
0 0 0 0 0 5.45282
0 0 0 0 1 5.42927
0 0 0 0 0 5.38956
0 0 0 0 1 5.33082
0 0 0 0 1 5.24918
0 0 0 0 1 5.2649
0 0 0 0 1 5.23101
0 0 0 0 1 5.1713
0 0 0 0 1 5.10686
0 0 0 0 1 5.10941
0 0 0 0 1 5.10827
0 0 0 0 0 5.06969
0 0 0 0 1 5.00451
0 0 0 0 0 4.93159
0 0 0 0 0 4.97806
0 0 0 0 1 4.94002
0 0 0 0 0 4.89727
0 0 0 0 1 4.85322
0 0 0 0 0 4.80132
0 0 0 0 1 4.80537
0 0 0 0 1 4.85566
0 0 0 0 1 4.8395
0 0 0 0 1 4.88643
0 0 0 0 1 4.83017
0 0 0 0 1 4.86754
0 0 0 0 0 4.90027
0 0 0 0 1 4.94801
0 0 0 0 1 4.95532
0 0 0 0 1 4.99856
0 0 0 0 1 5.01224
0 0 0 0 1 4.96984
0 0 0 0 1 5.05357
0 0 0 0 0 5.0474
0 0 0 0 1 5.07648
0 0 0 0 1 5.06016
0 0 0 0 1 5.10469
0 0 0 0 1 5.09337
0 0 0 0 1 5.10754
0 0 0 0 1 5.17181
0 0 0 0 1 5.16051
0 0 0 0 1 5.12321
0 0 0 0 1 5.1583
0 0 0 0 0 5.19882
0 0 0 0 1 5.23959
0 0 0 0 0 5.29113
0 0 0 0 0 5.26916
0 0 0 0 1 5.33848
0 0 0 0 1 5.31635
0 0 0 0 1 5.28865
0 0 0 0 1 5.37328
0 0 0 0 0 5.34007
0 0 0 0 1 5.38906
0 0 0 0 0 5.44778
0 0 0 0 1 5.4578
0 0 0 0 1 5.50067
0 0 0 0 1 5.50686
0 0 0 0 1 5.53355
0 0 0 0 1 5.56748
0 0 0 0 0 5.56102
0 0 0 0 1 5.58953
0 0 0 0 0 5.66161
0 0 0 0 1 5.64541
0 0 0 0 1 5.6444
0 0 0 0 0 5.6847
0 0 0 0 0 5.73513
0 0 0 0 1 5.81049
0 0 0 0 1 5.81127
0 0 0 0 1 5.85839
0 0 0 0 1 5.89246
0 0 0 0 1 5.85801
0 0 0 0 1 5.89964
0 0 0 0 0 5.92966
0 0 0 0 1 6.00147
0 0 0 0 1 6.00201
0 0 0 0 1 6.00237
0 0 0 0 1 6.09925
0 0 0 0 1 6.03896
0 0 0 0 1 6.1305
0 0 0 0 1 6.13072
0 0 0 0 0 6.23105
0 0 0 0 1 9.52856
0 0 0 0 1 9.44341
0 0 0 0 0 9.45954
0 0 0 0 1 9.47552
0 0 0 0 0 9.36316
0 0 0 0 1 9.36991
0 0 0 0 1 9.22744
0 0 0 0 0 9.3614
0 0 0 0 1 9.35265
0 0 0 0 1 9.1654
0 0 0 0 0 9.15414
0 0 0 0 1 9.09708
0 0 0 0 1 9.04952
0 0 0 0 1 9.08425
0 0 0 0 1 9.09151
0 0 0 0 1 8.99008
0 0 0 0 1 9.01564
0 0 0 0 1 8.92975
0 0 0 0 1 9.01817
0 0 0 0 1 8.91487
0 0 0 0 0 8.86903
0 0 0 0 1 8.86795
0 0 0 0 0 8.92898
0 0 0 0 1 8.7775
0 0 0 0 1 8.77341
0 0 0 0 0 8.8079
0 0 0 0 1 8.84221
0 0 0 0 1 8.73851
0 0 0 0 1 8.71189
0 0 0 0 1 8.72554
0 0 0 0 1 8.62979
0 0 0 0 1 8.73881
0 0 0 0 1 8.71265
0 0 0 0 0 8.66606
0 0 0 0 0 8.49451
0 0 0 0 1 8.61141
0 0 0 0 1 8.61174
0 0 0 0 1 8.57459
0 0 0 0 1 8.4782
0 0 0 0 1 8.39925
0 0 0 0 1 8.51521
0 0 0 0 1 8.41977
0 0 0 0 1 8.43788
0 0 0 0 1 8.32645
0 0 0 0 0 8.45845
0 0 0 0 0 8.36432
0 0 0 0 1 8.39573
0 0 0 0 1 8.33097
0 0 0 0 0 8.31268
0 0 0 0 0 8.36076
0 0 0 0 0 8.2893
0 0 0 0 1 8.3044
0 0 0 0 0 8.24546
0 0 0 0 1 8.14579
0 0 0 0 1 8.17774
0 0 0 0 1 8.10333
0 0 0 0 1 8.24148
0 0 0 0 0 8.07786
0 0 0 0 1 8.13441
0 0 0 0 0 8.03674
0 0 0 0 1 8.16618
0 0 0 0 0 8.09326
0 0 0 0 1 8.1336
0 0 0 0 0 7.97667
0 0 0 0 1 8.04941
0 0 0 0 1 7.9536
0 0 0 0 1 8.01031
0 0 0 0 0 7.91517
0 0 0 0 1 7.95977
0 0 0 0 1 7.9528
0 0 0 0 1 7.93008
0 0 0 0 1 8.00274
0 0 0 0 1 7.98818
0 0 0 0 1 7.89831
0 0 0 0 1 7.96311
0 0 0 0 1 7.83874
0 0 0 0 1 7.81271
0 0 0 0 1 7.80254
0 0 0 0 1 7.88326
0 0 0 0 1 7.89337
0 0 0 0 1 7.84885
0 0 0 0 1 7.81566
0 0 0 0 1 7.77944
0 0 0 0 1 7.74348
0 0 0 0 1 7.70309
0 0 0 0 1 7.75297
0 0 0 0 1 7.72062
