0 0 0 0 1 5.56398
0 0 0 0 1 5.52866
0 0 0 0 1 5.56013
0 0 0 0 1 5.62767
0 0 0 0 1 5.58702
0 0 0 0 1 5.55754
0 0 0 0 0 5.59992
0 0 0 0 0 5.56493
0 0 0 0 1 5.57152
0 0 0 0 1 5.59276
0 0 0 0 1 5.63671
0 0 0 0 1 5.68092
0 0 0 0 1 5.59757
0 0 0 0 1 5.69295
0 0 0 0 1 5.61869
0 0 0 0 0 5.69398
0 0 0 0 0 5.71634
0 0 0 0 1 5.75028
0 0 0 0 0 5.72164
0 0 0 0 0 5.76542
0 0 0 0 1 5.69105
0 0 0 0 1 5.72547
0 0 0 0 1 5.73137
0 0 0 0 1 5.75466
0 0 0 0 1 5.72799
0 0 0 0 0 5.7515
0 0 0 0 1 5.82731
0 0 0 0 1 5.84548
0 0 0 0 1 5.7649
0 0 0 0 1 5.81814
0 0 0 0 1 5.88337
0 0 0 0 0 5.85684
0 0 0 0 1 5.91816
0 0 0 0 1 5.89602
0 0 0 0 1 5.90327
0 0 0 0 1 5.88703
0 0 0 0 1 5.93581
0 0 0 0 0 5.93155
0 0 0 0 0 5.93326
0 0 0 0 1 6.00647
0 0 0 0 0 5.98462
0 0 0 0 1 6.00457
0 0 0 0 0 5.94209
0 0 0 0 1 6.04617
0 0 0 0 1 6.03644
0 0 0 0 1 5.97242
0 0 0 0 1 6.09445
0 0 0 0 1 6.09705
0 0 0 0 0 6.0328
0 0 0 0 1 6.07802
0 0 0 0 1 6.0685
0 0 0 0 1 6.08347
0 0 0 0 1 6.18965
0 0 0 0 0 6.16299
0 0 0 0 1 6.1352
0 0 0 0 1 6.2125
0 0 0 0 1 6.25919
0 0 0 0 1 6.2368
0 0 0 0 1 6.18405
0 0 0 0 1 6.24366
0 0 0 0 1 6.31528
0 0 0 0 1 6.35047
0 0 0 0 1 6.31644
0 0 0 0 1 6.33918
0 0 0 0 1 6.29229
0 0 0 0 1 6.35883
0 0 0 0 1 6.36278
0 0 0 0 1 6.41079
0 0 0 0 1 6.38282
0 0 0 0 1 6.47633
0 0 0 0 1 6.47421
0 0 0 0 1 6.53621
0 0 0 0 0 6.44972
0 0 0 0 1 6.53226
0 0 0 0 0 6.50411
0 0 0 0 1 6.54725
0 0 0 0 1 6.59728
0 0 0 0 1 6.63502
0 0 0 0 1 6.60615
0 0 0 0 1 6.60364
0 0 0 0 1 6.72123
0 0 0 0 0 6.69953
0 0 0 0 0 6.66428
0 0 0 0 1 6.76963
0 0 0 0 1 6.76754
0 0 0 0 0 6.75184
0 0 0 0 1 6.8177
0 0 0 0 1 6.88401
0 0 0 0 1 6.88901
0 0 0 0 1 6.91465
0 0 0 0 1 6.85057
0 0 0 0 1 6.89747
0 0 0 0 1 6.88847
0 0 0 0 1 7.05394
0 0 0 0 0 7.02431
0 0 0 0 1 7.08585
0 0 0 0 0 7.09795
0 0 0 0 1 7.16723
0 0 0 0 1 7.08738
0 0 0 0 1 7.19274
0 0 0 0 0 7.22705
0 0 0 0 1 7.21111
0 0 0 0 0 7.2886
0 0 0 0 1 7.22897
0 0 0 0 1 7.34346
0 0 0 0 1 7.36391
0 0 0 0 0 7.32515
0 0 0 0 0 7.42716
0 0 0 0 1 7.47717
0 0 0 0 1 7.37843
0 0 0 0 1 7.45126
0 0 0 0 1 7.53918
0 0 0 0 1 7.55978
0 0 0 0 1 7.62594
0 0 0 0 0 7.54056
0 0 0 0 1 7.714
0 0 0 0 1 7.72743
0 0 0 0 1 7.71762
0 0 0 0 1 7.79291
0 0 0 0 1 7.83752
0 0 0 0 1 7.79665
0 0 0 0 1 7.82557
0 0 0 0 1 7.88566
0 0 0 0 1 7.86717
0 0 0 0 1 8.01548
0 0 0 0 1 7.95679
0 0 0 0 0 7.99413
0 0 0 0 1 8.08834
0 0 0 0 1 8.199
0 0 0 0 0 8.13088
0 0 0 0 1 8.30819
0 0 0 0 1 8.36296
0 0 0 0 1 8.37691
0 0 0 0 1 8.33162
0 0 0 0 1 8.40323
0 0 0 0 0 8.5345
0 0 0 0 0 8.57332
0 0 0 0 1 8.51813
0 0 0 0 1 8.62605
0 0 0 0 1 8.58721
0 0 0 0 1 8.60754
0 0 0 0 0 8.76841
0 0 0 0 1 8.76282
0 0 0 0 1 8.8822
0 0 0 0 1 8.92087
0 0 0 0 0 8.87
0 0 0 0 1 9.07017
0 0 0 0 1 9.12731
0 0 0 0 1 9.02153
0 0 0 0 0 9.17891
0 0 0 0 1 9.25469
0 0 0 0 0 9.29373
0 0 0 0 1 9.24982
0 0 0 0 1 9.30584
0 0 0 0 1 9.48616
0 0 0 0 0 9.53373
0 0 0 0 0 9.6292
0 0 0 0 1 9.67825
0 0 0 0 1 9.7746
0 0 0 0 1 9.82264
0 0 0 0 1 9.86075
0 0 0 0 1 9.83074
0 0 0 0 0 9.9463
0 0 0 0 1 10.1246
0 0 0 0 1 10.1511
0 0 0 0 1 10.1073
0 0 0 0 1 10.379
0 0 0 0 1 10.3845
0 0 0 0 1 10.3389
0 0 0 0 1 10.437
0 0 0 0 0 10.5566
0 0 0 0 1 10.7285
0 0 0 0 1 10.7213
0 0 0 0 1 10.8191
0 0 0 0 1 9.29659
0 0 0 0 1 9.22608
0 0 0 0 0 9.22556
0 0 0 0 1 9.21114
0 0 0 0 1 9.31221
0 0 0 0 1 9.26101
0 0 0 0 0 9.10466
0 0 0 0 1 9.24664
0 0 0 0 1 9.08203
0 0 0 0 1 9.18717
0 0 0 0 1 9.10543
0 0 0 0 1 9.0832
0 0 0 0 1 9.0384
0 0 0 0 0 9.07521
0 0 0 0 1 8.97234
0 0 0 0 1 8.93729
0 0 0 0 1 9.05988
0 0 0 0 1 8.8816
0 0 0 0 1 8.99927
0 0 0 0 1 8.85765
0 0 0 0 1 8.83738
0 0 0 0 1 8.91025
0 0 0 0 1 8.80543
0 0 0 0 1 8.94031
0 0 0 0 0 8.88906
0 0 0 0 1 8.78127
0 0 0 0 1 8.72192
0 0 0 0 0 8.85636
0 0 0 0 0 8.72705
0 0 0 0 1 8.80865
0 0 0 0 1 8.70632
0 0 0 0 1 8.81917
0 0 0 0 0 8.76104
0 0 0 0 1 8.73803
0 0 0 0 1 8.77603
0 0 0 0 1 8.64053
0 0 0 0 1 8.6788
0 0 0 0 1 8.63059
0 0 0 0 1 8.69491
0 0 0 0 1 8.64707
0 0 0 0 0 8.63394
0 0 0 0 1 8.57799
0 0 0 0 1 8.56526
0 0 0 0 0 8.58697
0 0 0 0 1 8.48039
0 0 0 0 1 8.57933
0 0 0 0 1 8.60436
0 0 0 0 1 8.51559
0 0 0 0 1 8.56698
0 0 0 0 0 8.66514
0 0 0 0 1 8.91274
0 0 0 0 1 8.92296
0 0 0 0 1 9.07509
0 0 0 0 1 9.24678
0 0 0 0 1 9.35384
0 0 0 0 1 9.54579
0 0 0 0 1 9.58423
0 0 0 0 1 9.87486
0 0 0 0 1 10.0498
0 0 0 0 1 10.1027
0 0 0 0 0 10.3898
0 0 0 0 1 10.5634
0 0 0 0 1 10.6945
0 0 0 0 1 10.9965
0 0 0 0 1 11.2466
0 0 0 0 1 11.4289
0 0 0 0 1 11.5968
0 0 0 0 1 11.8432
0 0 0 0 1 12.1265
0 0 0 0 1 12.1979
0 0 0 0 0 12.6485
0 0 0 0 1 12.9247
0 0 0 0 0 22.5918
0 0 0 0 0 22.5504
0 0 0 0 1 22.7117
0 0 0 0 0 22.467
0 0 0 0 1 22.5629
0 0 0 0 1 22.5232
0 0 0 0 0 22.7554
0 0 0 0 0 22.739
0 0 0 0 1 22.5424
0 0 0 0 1 22.6173
0 0 0 0 0 22.5797
0 0 0 0 0 22.5651
0 0 0 0 0 22.6425
0 0 0 0 1 22.6287
0 0 0 0 1 22.3904
0 0 0 0 1 22.4226
0 0 0 0 1 22.5001
0 0 0 0 0 22.2859
0 0 0 0 0 23.014
0 0 0 0 1 24.2685
0 0 0 0 1 24.9674
0 0 0 0 1 26.0288
0 0 0 0 0 36.1991
0 0 0 0 1 36.7667
0 0 0 0 1 36.6067
0 0 0 0 1 36.5566
0 0 0 0 0 36.0286
0 0 0 0 0 38.7189
0 0 0 0 1 51.5981
0 0 0 0 1 51.5827
0 0 0 0 1 52.1934
0 0 0 0 1 52.3358
0 0 0 0 0 51.8031
0 0 0 0 0 56.7799
0 0 0 0 0 65.9207
0 0 0 0 1 70.0122
0 0 0 0 1 82.4645
0 0 0 0 0 5.02503
0 0 0 0 0 5.03004
0 0 0 0 0 5.04006
0 0 0 0 0 4.99497
0 0 0 0 0 4.98996
0 0 0 0 0 5.00499
0 0 0 0 0 4.9599
0 0 0 0 0 5.03004
0 0 0 0 0 5.02503
0 0 0 0 0 4.97994
0 0 0 0 0 5.03004
0 0 0 0 0 4.98495
0 0 0 0 1 87.3281
0 0 0 0 1 87.8627
0 0 0 0 1 74.6189
0 0 0 0 1 63.7751
0 0 0 0 1 60.3448
0 0 0 0 1 60.4771
0 0 0 0 1 59.944
0 0 0 0 1 51.5192
0 0 0 0 1 47.6512
0 0 0 0 0 47.6155
0 0 0 0 1 39.4313
0 0 0 0 1 36.8566
0 0 0 0 1 35.3825
0 0 0 0 1 35.3589
0 0 0 0 0 35.5494
0 0 0 0 1 35.6343
0 0 0 0 0 28.3586
0 0 0 0 0 26.7767
0 0 0 0 1 25.3827
0 0 0 0 1 24.713
0 0 0 0 1 24.577
0 0 0 0 0 24.5399
0 0 0 0 1 24.6993
0 0 0 0 1 24.5398
0 0 0 0 1 24.8495
0 0 0 0 1 24.5921
0 0 0 0 1 24.8537
0 0 0 0 1 24.8441
0 0 0 0 1 24.6604
0 0 0 0 0 18.3819
0 0 0 0 1 17.6504
0 0 0 0 1 17.0198
0 0 0 0 1 16.7612
0 0 0 0 1 16.3262
0 0 0 0 1 15.816
0 0 0 0 1 15.5783
0 0 0 0 1 15.091
0 0 0 0 1 14.7277
0 0 0 0 1 14.4663
0 0 0 0 0 14.0003
0 0 0 0 1 14.012
0 0 0 0 1 13.9544
0 0 0 0 1 13.897
0 0 0 0 1 13.8258
0 0 0 0 1 13.9916
0 0 0 0 1 13.9927
0 0 0 0 1 13.8662
0 0 0 0 1 14.0472
0 0 0 0 0 13.8929
0 0 0 0 1 13.923
0 0 0 0 1 13.9931
0 0 0 0 1 14.1198
0 0 0 0 1 14.1485
0 0 0 0 1 13.9972
0 0 0 0 0 14.139
0 0 0 0 1 14.1826
0 0 0 0 1 14.2292
0 0 0 0 1 14.0897
0 0 0 0 1 14.0775
0 0 0 0 1 14.2382
0 0 0 0 1 14.0989
0 0 0 0 1 14.0759
0 0 0 0 1 14.1924
0 0 0 0 1 14.2127
0 0 0 0 1 14.3728
0 0 0 0 1 14.1654
0 0 0 0 1 14.2406
0 0 0 0 0 14.3049
0 0 0 0 1 14.3092
0 0 0 0 0 8.89653
0 0 0 0 1 8.63379
0 0 0 0 0 8.58146
0 0 0 0 1 8.47774
0 0 0 0 1 8.47486
0 0 0 0 1 8.30391
0 0 0 0 0 8.16871
0 0 0 0 1 8.15472
0 0 0 0 1 7.98026
0 0 0 0 1 7.98169
0 0 0 0 1 7.74038
0 0 0 0 1 7.64803
0 0 0 0 1 7.64911
0 0 0 0 1 7.61071
0 0 0 0 1 7.41449
0 0 0 0 0 7.35577
0 0 0 0 1 7.2584
0 0 0 0 1 7.25034
0 0 0 0 0 7.10485
0 0 0 0 1 7.15257
0 0 0 0 1 7.05045
0 0 0 0 1 6.94431
0 0 0 0 1 6.83687
0 0 0 0 1 6.88256
0 0 0 0 1 6.68983
0 0 0 0 1 6.72723
0 0 0 0 1 6.63687
0 0 0 0 1 6.62596
0 0 0 0 1 6.51011
0 0 0 0 1 6.5011
0 0 0 0 1 6.35458
0 0 0 0 1 6.38331
0 0 0 0 0 6.24749
0 0 0 0 1 6.16299
0 0 0 0 1 6.1964
0 0 0 0 1 6.07547
0 0 0 0 1 6.04682
0 0 0 0 1 6.05683
0 0 0 0 1 5.99749
0 0 0 0 1 5.86431
0 0 0 0 1 5.81203
0 0 0 0 1 5.88511
0 0 0 0 1 5.75991
0 0 0 0 1 5.78526
0 0 0 0 1 5.72117
0 0 0 0 1 5.68309
0 0 0 0 1 5.62262
0 0 0 0 1 5.61014
0 0 0 0 0 5.52799
0 0 0 0 1 5.43559
0 0 0 0 0 5.44194
0 0 0 0 1 5.38605
0 0 0 0 1 5.41104
0 0 0 0 1 5.33082
0 0 0 0 0 5.28093
0 0 0 0 1 5.19666
0 0 0 0 1 5.21015
0 0 0 0 0 5.21275
0 0 0 0 1 5.12746
0 0 0 0 1 5.1401
0 0 0 0 1 5.11334
0 0 0 0 1 5.07977
0 0 0 0 1 4.99448
0 0 0 0 1 4.93657
0 0 0 0 1 4.95827
0 0 0 0 0 4.9646
0 0 0 0 1 4.92657
0 0 0 0 1 4.84836
0 0 0 0 0 4.84957
0 0 0 0 1 4.83426
0 0 0 0 1 4.78808
0 0 0 0 0 4.80559
0 0 0 0 1 4.87671
0 0 0 0 1 4.9179
0 0 0 0 1 4.90179
0 0 0 0 0 4.90518
0 0 0 0 1 4.93815
0 0 0 0 0 4.90097
0 0 0 0 1 4.95393
0 0 0 0 0 4.98735
0 0 0 0 1 5.01974
0 0 0 0 1 4.96342
0 0 0 0 1 4.97702
0 0 0 0 1 5.02602
0 0 0 0 0 5.09562
0 0 0 0 1 5.08943
0 0 0 0 1 5.15461
0 0 0 0 1 5.0768
0 0 0 0 1 5.08963
0 0 0 0 1 5.20175
0 0 0 0 0 5.12838
0 0 0 0 1 5.16869
0 0 0 0 1 5.17796
0 0 0 0 0 5.27623
0 0 0 0 1 5.21232
0 0 0 0 1 5.26389
0 0 0 0 1 5.33318
0 0 0 0 1 5.29506
0 0 0 0 1 5.28865
0 0 0 0 1 5.33574
0 0 0 0 1 5.34007
0 0 0 0 0 5.36742
0 0 0 0 1 5.3826
0 0 0 0 1 5.50687
0 0 0 0 1 5.48972
0 0 0 0 0 5.46836
0 0 0 0 1 5.56117
0 0 0 0 1 5.59524
0 0 0 0 1 5.52759
0 0 0 0 1 5.55033
0 0 0 0 1 5.59976
0 0 0 0 1 5.68497
0 0 0 0 0 5.71247
0 0 0 0 1 5.65619
0 0 0 0 0 5.74657
0 0 0 0 1 5.71844
0 0 0 0 0 5.77658
0 0 0 0 1 5.79446
0 0 0 0 1 5.87496
0 0 0 0 0 5.90492
0 0 0 0 1 5.85249
0 0 0 0 1 5.88819
0 0 0 0 0 5.91812
0 0 0 0 1 5.96013
0 0 0 0 1 6.06853
0 0 0 0 1 6.1053
0 0 0 0 0 6.12401
0 0 0 0 0 6.11829
0 0 0 0 0 6.17368
0 0 0 0 1 6.23105
0 0 0 0 0 9.57615
0 0 0 0 1 9.56667
0 0 0 0 0 9.44064
0 0 0 0 1 9.48494
0 0 0 0 1 9.40069
0 0 0 0 0 9.32315
0 0 0 0 0 9.27405
0 0 0 0 1 9.35211
0 0 0 0 1 9.24153
0 0 0 0 0 9.15617
0 0 0 0 0 9.26454
0 0 0 0 0 9.22546
0 0 0 0 1 9.04952
0 0 0 0 1 9.02047
0 0 0 0 1 9.10059
0 0 0 0 1 9.0444
0 0 0 0 0 8.97051
0 0 0 0 1 9.02877
0 0 0 0 0 9.06304
0 0 0 0 1 8.88802
0 0 0 0 1 8.83334
0 0 0 0 0 8.98359
0 0 0 0 1 8.82258
0 0 0 0 1 8.87474
0 0 0 0 1 8.74695
0 0 0 0 1 8.85185
0 0 0 0 1 8.73705
0 0 0 0 1 8.70352
0 0 0 0 1 8.75549
0 0 0 0 1 8.62984
0 0 0 0 0 8.70785
0 0 0 0 1 8.59172
0 0 0 0 1 8.54013
0 0 0 0 1 8.63164
0 0 0 0 1 8.57173
0 0 0 0 0 8.47445
0 0 0 0 0 8.59467
0 0 0 0 1 8.53202
0 0 0 0 0 8.57164
0 0 0 0 1 8.46705
0 0 0 0 1 8.4983
0 0 0 0 1 8.51258
0 0 0 0 0 8.48835
0 0 0 0 1 8.41878
0 0 0 0 1 8.39146
0 0 0 0 1 8.2724
0 0 0 0 0 8.27901
0 0 0 0 1 8.24782
0 0 0 0 1 8.21312
0 0 0 0 1 8.28626
0 0 0 0 1 8.34715
0 0 0 0 1 8.21369
0 0 0 0 1 8.19609
0 0 0 0 1 8.16222
0 0 0 0 1 8.21871
0 0 0 0 1 8.22599
0 0 0 0 1 8.23332
0 0 0 0 1 8.19186
0 0 0 0 1 8.09378
0 0 0 0 0 8.05296
0 0 0 0 0 8.17427
0 0 0 0 1 8.01249
0 0 0 0 1 8.11748
0 0 0 0 0 8.03301
0 0 0 0 1 8.01728
0 0 0 0 1 8.0418
0 0 0 0 1 8.01031
0 0 0 0 0 7.9551
0 0 0 0 1 8.02357
0 0 0 0 1 8.01649
0 0 0 0 1 7.89035
0 0 0 0 1 7.97102
0 0 0 0 1 7.85359
0 0 0 0 0 7.96946
0 0 0 0 1 7.83684
0 0 0 0 1 7.81511
0 0 0 0 1 7.94647
0 0 0 0 1 7.82611
0 0 0 0 1 7.89111
0 0 0 0 1 7.77591
0 0 0 0 0 7.74722
0 0 0 0 1 7.78443
0 0 0 0 1 7.71708
0 0 0 0 0 7.83687
0 0 0 0 1 7.82745
0 0 0 0 1 7.82282
0 0 0 0 0 7.74387
