0 0 0 0 1 5.5196
0 0 0 0 1 5.51755
0 0 0 0 1 5.51004
0 0 0 0 1 5.61095
0 0 0 0 1 5.54237
0 0 0 0 1 5.5799
0 0 0 0 1 5.6223
0 0 0 0 1 5.63778
0 0 0 0 1 5.57713
0 0 0 0 1 5.57028
0 0 0 0 0 5.61981
0 0 0 0 1 5.68656
0 0 0 0 1 5.63146
0 0 0 0 1 5.61938
0 0 0 0 0 5.62436
0 0 0 0 1 5.64288
0 0 0 0 1 5.67652
0 0 0 0 1 5.6477
0 0 0 0 1 5.75019
0 0 0 0 1 5.71971
0 0 0 0 1 5.71395
0 0 0 0 1 5.76563
0 0 0 0 1 5.76011
0 0 0 0 1 5.78347
0 0 0 0 1 5.80298
0 0 0 0 1 5.72837
0 0 0 0 1 5.84469
0 0 0 0 1 5.85709
0 0 0 0 1 5.86961
0 0 0 0 1 5.78316
0 0 0 0 0 5.86
0 0 0 0 0 5.86269
0 0 0 0 1 5.84199
0 0 0 0 1 5.90189
0 0 0 0 1 5.90916
0 0 0 0 1 5.95192
0 0 0 0 1 5.92399
0 0 0 0 0 5.95525
0 0 0 0 0 5.92138
0 0 0 0 1 5.97076
0 0 0 0 1 5.97268
0 0 0 0 1 5.96869
0 0 0 0 1 5.9361
0 0 0 0 0 6.06418
0 0 0 0 1 5.97626
0 0 0 0 1 5.97846
0 0 0 0 1 6.1126
0 0 0 0 1 6.07885
0 0 0 0 0 6.0997
0 0 0 0 1 6.08412
0 0 0 0 1 6.09294
0 0 0 0 1 6.14473
0 0 0 0 1 6.15892
0 0 0 0 0 6.20609
0 0 0 0 1 6.2031
0 0 0 0 1 6.18156
0 0 0 0 1 6.22818
0 0 0 0 1 6.2119
0 0 0 0 1 6.20277
0 0 0 0 1 6.24366
0 0 0 0 0 6.27134
0 0 0 0 1 6.3127
0 0 0 0 1 6.27227
0 0 0 0 1 6.38347
0 0 0 0 0 6.34938
0 0 0 0 0 6.39702
0 0 0 0 1 6.32449
0 0 0 0 1 6.36596
0 0 0 0 1 6.43419
0 0 0 0 0 6.49566
0 0 0 0 1 6.51297
0 0 0 0 1 6.4584
0 0 0 0 1 6.56675
0 0 0 0 1 6.57789
0 0 0 0 1 6.59563
0 0 0 0 0 6.58661
0 0 0 0 1 6.61045
0 0 0 0 1 6.5492
0 0 0 0 1 6.63265
0 0 0 0 1 6.71669
0 0 0 0 1 6.65448
0 0 0 0 1 6.62591
0 0 0 0 1 6.75824
0 0 0 0 1 6.76289
0 0 0 0 1 6.77431
0 0 0 0 1 6.77219
0 0 0 0 0 6.86538
0 0 0 0 1 6.84983
0 0 0 0 1 6.90273
0 0 0 0 1 6.85267
0 0 0 0 0 6.88513
0 0 0 0 0 6.946
0 0 0 0 1 6.98589
0 0 0 0 1 6.96315
0 0 0 0 1 6.98925
0 0 0 0 0 7.05067
0 0 0 0 1 7.01311
0 0 0 0 0 7.14594
0 0 0 0 1 7.05176
0 0 0 0 1 7.19274
0 0 0 0 1 7.13375
0 0 0 0 0 7.24713
0 0 0 0 0 7.19451
0 0 0 0 1 7.2435
0 0 0 0 1 7.24856
0 0 0 0 1 7.37124
0 0 0 0 1 7.33988
0 0 0 0 1 7.35333
0 0 0 0 0 7.46233
0 0 0 0 0 7.4306
0 0 0 0 1 7.49615
0 0 0 0 1 7.44898
0 0 0 0 1 7.56734
0 0 0 0 1 7.6487
0 0 0 0 0 7.69289
0 0 0 0 1 7.62982
0 0 0 0 1 7.75819
0 0 0 0 1 7.70217
0 0 0 0 0 7.7541
0 0 0 0 0 7.73614
0 0 0 0 1 7.75751
0 0 0 0 1 7.85703
0 0 0 0 1 7.93312
0 0 0 0 1 7.93074
0 0 0 0 1 7.94356
0 0 0 0 1 8.00497
0 0 0 0 1 8.0506
0 0 0 0 1 8.07213
0 0 0 0 1 8.17455
0 0 0 0 1 8.17182
0 0 0 0 0 8.20939
0 0 0 0 1 8.23876
0 0 0 0 0 8.33532
0 0 0 0 0 8.35671
0 0 0 0 1 8.4537
0 0 0 0 1 8.47529
0 0 0 0 0 8.55631
0 0 0 0 1 8.47537
0 0 0 0 1 8.54872
0 0 0 0 1 8.65632
0 0 0 0 0 8.71188
0 0 0 0 1 8.67224
0 0 0 0 0 8.82441
0 0 0 0 1 8.8822
0 0 0 0 1 8.92087
0 0 0 0 1 9.04006
0 0 0 0 1 8.95308
0 0 0 0 0 9.09106
0 0 0 0 1 9.13088
0 0 0 0 1 9.09639
0 0 0 0 0 9.15319
0 0 0 0 1 9.30302
0 0 0 0 1 9.34315
0 0 0 0 0 9.42804
0 0 0 0 1 9.39158
0 0 0 0 1 9.60992
0 0 0 0 1 9.57165
0 0 0 0 1 9.55281
0 0 0 0 1 9.79404
0 0 0 0 1 9.70524
0 0 0 0 0 9.8903
0 0 0 0 1 10.0091
0 0 0 0 0 9.99623
0 0 0 0 1 9.99386
0 0 0 0 1 10.0397
0 0 0 0 1 10.1685
0 0 0 0 1 10.3173
0 0 0 0 1 10.281
0 0 0 0 1 10.5265
0 0 0 0 1 10.5945
0 0 0 0 1 10.5037
0 0 0 0 1 10.7178
0 0 0 0 1 10.732
0 0 0 0 1 10.9382
0 0 0 0 1 9.36173
0 0 0 0 1 9.29105
0 0 0 0 1 9.20704
0 0 0 0 1 9.27581
0 0 0 0 1 9.21079
0 0 0 0 1 9.15065
0 0 0 0 0 9.22397
0 0 0 0 0 9.21918
0 0 0 0 1 9.19168
0 0 0 0 1 9.10514
0 0 0 0 1 9.03265
0 0 0 0 0 9.05597
0 0 0 0 0 9.09274
0 0 0 0 1 9.10233
0 0 0 0 1 9.08957
0 0 0 0 0 9.06329
0 0 0 0 1 9.04192
0 0 0 0 1 8.89056
0 0 0 0 1 8.98138
0 0 0 0 0 8.9648
0 0 0 0 1 8.8641
0 0 0 0 1 8.96361
0 0 0 0 1 8.84981
0 0 0 0 1 8.82512
0 0 0 0 1 8.82715
0 0 0 0 0 8.80775
0 0 0 0 1 8.86288
0 0 0 0 1 8.70685
0 0 0 0 1 8.85875
0 0 0 0 1 8.73853
0 0 0 0 1 8.69757
0 0 0 0 1 8.72312
0 0 0 0 1 8.63028
0 0 0 0 0 8.71192
0 0 0 0 1 8.65439
0 0 0 0 1 8.71861
0 0 0 0 1 8.64415
0 0 0 0 1 8.69113
0 0 0 0 1 8.72081
0 0 0 0 1 8.5781
0 0 0 0 1 8.68559
0 0 0 0 1 8.58659
0 0 0 0 1 8.61675
0 0 0 0 1 8.62125
0 0 0 0 1 8.63442
0 0 0 0 0 8.57079
0 0 0 0 1 8.50193
0 0 0 0 1 8.54116
0 0 0 0 1 8.54125
0 0 0 0 1 8.69124
0 0 0 0 1 8.80685
0 0 0 0 1 8.86921
0 0 0 0 1 9.066
0 0 0 0 1 9.28373
0 0 0 0 1 9.44766
0 0 0 0 1 9.47903
0 0 0 0 1 9.76817
0 0 0 0 1 9.93394
0 0 0 0 0 9.9998
0 0 0 0 0 10.2453
0 0 0 0 0 10.2862
0 0 0 0 1 10.6478
0 0 0 0 1 10.6731
0 0 0 0 1 10.8542
0 0 0 0 1 11.1351
0 0 0 0 1 11.4516
0 0 0 0 1 11.5041
0 0 0 0 1 11.7841
0 0 0 0 1 12.006
0 0 0 0 1 12.4317
0 0 0 0 1 12.5982
0 0 0 0 1 12.8219
0 0 0 0 1 22.9328
0 0 0 0 1 22.5277
0 0 0 0 1 22.5302
0 0 0 0 1 22.7844
0 0 0 0 1 22.5855
0 0 0 0 0 22.41
0 0 0 0 1 22.4161
0 0 0 0 1 22.8294
0 0 0 0 1 22.4068
0 0 0 0 1 22.6173
0 0 0 0 1 22.4218
0 0 0 0 1 22.768
0 0 0 0 1 22.7101
0 0 0 0 1 22.7188
0 0 0 0 0 22.7054
0 0 0 0 1 22.6475
0 0 0 0 1 22.5451
0 0 0 0 1 22.2859
0 0 0 0 1 23.362
0 0 0 0 1 24.0514
0 0 0 0 0 25.0929
0 0 0 0 1 26.3171
0 0 0 0 1 36.454
0 0 0 0 1 36.4754
0 0 0 0 1 36.6431
0 0 0 0 1 36.7385
0 0 0 0 1 36.6837
0 0 0 0 1 38.5648
0 0 0 0 1 52.275
0 0 0 0 0 52.2594
0 0 0 0 0 52.3495
0 0 0 0 1 51.7116
0 0 0 0 0 51.6991
0 0 0 0 1 56.4415
0 0 0 0 0 65.1352
0 0 0 0 1 69.7336
0 0 0 0 1 81.6464
0 0 0 0 0 5.02503
0 0 0 0 0 5.0601
0 0 0 0 0 4.99998
0 0 0 0 0 4.96491
0 0 0 0 0 5.04006
0 0 0 0 0 5.03505
0 0 0 0 0 5.05509
0 0 0 0 0 4.96491
0 0 0 0 0 5.04507
0 0 0 0 0 4.97493
0 0 0 0 0 4.97994
0 0 0 0 0 4.9599
0 0 0 0 1 87.4156
0 0 0 0 1 86.8115
0 0 0 0 1 75.2952
0 0 0 0 1 64.4135
0 0 0 0 1 61.0106
0 0 0 0 0 60.5981
0 0 0 0 1 60.6706
0 0 0 0 0 52.0864
0 0 0 0 1 47.6512
0 0 0 0 1 48.3355
0 0 0 0 0 39.4705
0 0 0 0 0 36.8934
0 0 0 0 1 35.4538
0 0 0 0 1 35.7157
0 0 0 0 1 35.478
0 0 0 0 0 35.3843
0 0 0 0 1 28.1902
0 0 0 0 1 27.0179
0 0 0 0 1 25.8955
0 0 0 0 1 24.7868
0 0 0 0 0 24.8233
0 0 0 0 1 24.5646
0 0 0 0 0 24.4774
0 0 0 0 1 24.5645
0 0 0 0 0 24.4793
0 0 0 0 1 24.5674
0 0 0 0 1 24.7549
0 0 0 0 1 24.9677
0 0 0 0 1 24.5368
0 0 0 0 1 18.0725
0 0 0 0 1 17.7919
0 0 0 0 1 17.3293
0 0 0 0 1 16.7612
0 0 0 0 0 16.1307
0 0 0 0 1 16.0224
0 0 0 0 1 15.3306
0 0 0 0 1 15.1363
0 0 0 0 0 14.8458
0 0 0 0 1 14.3942
0 0 0 0 1 14.0849
0 0 0 0 1 13.7898
0 0 0 0 0 13.9822
0 0 0 0 1 13.8831
0 0 0 0 1 13.9372
0 0 0 0 1 14.0055
0 0 0 0 1 13.9368
0 0 0 0 1 14.0617
0 0 0 0 1 13.9633
0 0 0 0 1 13.865
0 0 0 0 1 13.979
0 0 0 0 1 14.1053
0 0 0 0 1 14.0075
0 0 0 0 0 14.1766
0 0 0 0 1 13.9972
0 0 0 0 1 14.0545
0 0 0 0 1 14.1403
0 0 0 0 1 14.1304
0 0 0 0 1 14.2593
0 0 0 0 1 14.0351
0 0 0 0 0 14.2949
0 0 0 0 0 14.0563
0 0 0 0 1 14.2321
0 0 0 0 1 14.2351
0 0 0 0 0 14.1984
0 0 0 0 1 14.3158
0 0 0 0 1 14.3939
0 0 0 0 1 14.1691
0 0 0 0 1 14.219
0 0 0 0 0 14.2519
0 0 0 0 1 8.73766
0 0 0 0 0 8.68607
0 0 0 0 1 8.52127
0 0 0 0 1 8.46075
0 0 0 0 1 8.30704
0 0 0 0 1 8.35364
0 0 0 0 1 8.27522
0 0 0 0 1 8.10618
0 0 0 0 1 7.92429
0 0 0 0 1 7.91057
0 0 0 0 0 7.75602
0 0 0 0 1 7.73301
0 0 0 0 1 7.69496
0 0 0 0 1 7.55025
0 0 0 0 1 7.54903
0 0 0 0 1 7.34837
0 0 0 0 1 7.25109
0 0 0 0 1 7.29379
0 0 0 0 1 7.17655
0 0 0 0 1 7.10999
0 0 0 0 0 6.98023
0 0 0 0 1 7.00693
0 0 0 0 1 6.94703
0 0 0 0 1 6.88938
0 0 0 0 1 6.71686
0 0 0 0 0 6.66029
0 0 0 0 1 6.68991
0 0 0 0 0 6.59312
0 0 0 0 1 6.47759
0 0 0 0 1 6.46885
0 0 0 0 0 6.3482
0 0 0 0 1 6.38331
0 0 0 0 0 6.28516
0 0 0 0 1 6.21279
0 0 0 0 1 6.12851
0 0 0 0 1 6.08771
0 0 0 0 1 6.05288
0 0 0 0 1 6.07489
0 0 0 0 0 5.96169
0 0 0 0 0 5.888
0 0 0 0 1 5.82965
0 0 0 0 1 5.87346
0 0 0 0 1 5.75991
0 0 0 0 1 5.74509
0 0 0 0 1 5.74392
0 0 0 0 1 5.67744
0 0 0 0 1 5.65623
0 0 0 0 1 5.60458
0 0 0 0 1 5.47276
0 0 0 0 1 5.49038
0 0 0 0 1 5.45282
0 0 0 0 1 5.35364
0 0 0 0 0 5.42177
0 0 0 0 1 5.30419
0 0 0 0 1 5.2968
0 0 0 0 1 5.21241
0 0 0 0 1 5.25708
0 0 0 0 1 5.20239
0 0 0 0 0 5.09657
0 0 0 0 1 5.15544
0 0 0 0 1 5.08291
0 0 0 0 1 4.9941
0 0 0 0 1 5.04964
0 0 0 0 1 5.02624
0 0 0 0 1 4.96817
0 0 0 0 0 4.92528
0 0 0 0 0 4.85821
0 0 0 0 0 4.81921
0 0 0 0 1 4.8544
0 0 0 0 1 4.79574
0 0 0 0 1 4.87014
0 0 0 0 1 4.87341
0 0 0 0 1 4.89129
0 0 0 0 1 4.9179
0 0 0 0 1 4.84308
0 0 0 0 1 4.93955
0 0 0 0 0 4.90365
0 0 0 0 1 4.98002
0 0 0 0 1 4.94897
0 0 0 0 1 5.00726
0 0 0 0 1 5.00477
0 0 0 0 1 5.02352
0 0 0 0 1 4.98708
0 0 0 0 1 4.99574
0 0 0 0 0 5.07029
0 0 0 0 1 5.07926
0 0 0 0 1 5.15461
0 0 0 0 1 5.11266
0 0 0 0 1 5.1564
0 0 0 0 1 5.12958
0 0 0 0 1 5.16461
0 0 0 0 0 5.1583
0 0 0 0 1 5.25096
0 0 0 0 1 5.18201
0 0 0 0 0 5.21757
0 0 0 0 1 5.26916
0 0 0 0 1 5.29077
0 0 0 0 0 5.34828
0 0 0 0 1 5.39015
0 0 0 0 0 5.36792
0 0 0 0 1 5.40466
0 0 0 0 1 5.44317
0 0 0 0 1 5.47493
0 0 0 0 1 5.4469
0 0 0 0 1 5.52256
0 0 0 0 1 5.55088
0 0 0 0 1 5.46728
0 0 0 0 1 5.52863
0 0 0 0 0 5.54987
0 0 0 0 1 5.59513
0 0 0 0 1 5.67847
0 0 0 0 0 5.6115
0 0 0 0 1 5.67843
0 0 0 0 0 5.6904
0 0 0 0 1 5.71796
0 0 0 0 1 5.71269
0 0 0 0 1 5.74767
0 0 0 0 1 5.83514
0 0 0 0 1 5.85746
0 0 0 0 1 5.88146
0 0 0 0 1 5.91732
0 0 0 0 1 5.9652
0 0 0 0 1 6.01338
0 0 0 0 1 5.97808
0 0 0 0 1 6.06853
0 0 0 0 1 6.05694
0 0 0 0 1 6.06326
0 0 0 0 1 6.05723
0 0 0 0 1 6.17368
0 0 0 0 1 6.13842
0 0 0 0 0 9.59519
0 0 0 0 0 9.52874
0 0 0 0 0 9.42174
0 0 0 0 1 9.43785
0 0 0 0 0 9.4476
0 0 0 0 1 9.38861
0 0 0 0 0 9.2554
0 0 0 0 1 9.21266
0 0 0 0 1 9.31561
0 0 0 0 1 9.30385
0 0 0 0 1 9.19094
0 0 0 0 1 9.24381
0 0 0 0 1 9.23233
0 0 0 0 1 9.10247
0 0 0 0 0 9.05518
0 0 0 0 1 9.08967
0 0 0 0 1 9.06978
0 0 0 0 1 9.09178
0 0 0 0 1 8.92844
0 0 0 0 1 8.97753
0 0 0 0 1 8.83334
0 0 0 0 1 8.9569
0 0 0 0 1 8.84918
0 0 0 0 0 8.80402
0 0 0 0 0 8.8704
0 0 0 0 1 8.72
0 0 0 0 1 8.75458
0 0 0 0 1 8.82598
0 0 0 0 1 8.80781
0 0 0 0 1 8.62114
0 0 0 0 1 8.71653
0 0 0 0 1 8.6869
0 0 0 0 1 8.70403
0 0 0 0 1 8.53698
0 0 0 0 1 8.66611
0 0 0 0 0 8.58573
0 0 0 0 1 8.62028
0 0 0 0 1 8.59162
0 0 0 0 1 8.51218
0 0 0 0 1 8.50096
0 0 0 0 1 8.39682
0 0 0 0 1 8.47039
0 0 0 0 1 8.43788
0 0 0 0 1 8.36842
0 0 0 0 0 8.29933
0 0 0 0 1 8.28911
0 0 0 0 1 8.36238
0 0 0 0 1 8.30602
0 0 0 0 1 8.32097
0 0 0 0 0 8.29454
0 0 0 0 0 8.30583
0 0 0 0 1 8.23843
0 0 0 0 1 8.27838
0 0 0 0 0 8.25254
0 0 0 0 1 8.26787
0 0 0 0 0 8.13604
0 0 0 0 0 8.14356
0 0 0 0 1 8.21629
0 0 0 0 1 8.18317
0 0 0 0 1 8.04485
0 0 0 0 1 8.02859
0 0 0 0 1 8.02057
0 0 0 0 1 8.09329
0 0 0 0 0 8.07326
0 0 0 0 1 8.02531
0 0 0 0 1 7.9536
0 0 0 0 0 7.9543
0 0 0 0 1 7.94712
0 0 0 0 1 7.92787
0 0 0 0 1 8.04037
0 0 0 0 1 7.93803
0 0 0 0 0 7.90757
0 0 0 0 0 7.88526
0 0 0 0 0 7.85878
0 0 0 0 0 7.88419
0 0 0 0 1 7.80723
0 0 0 0 1 7.9386
0 0 0 0 1 7.87326
0 0 0 0 1 7.77345
0 0 0 0 0 7.86204
0 0 0 0 1 7.89576
0 0 0 0 0 7.83127
0 0 0 0 1 7.80283
0 0 0 0 1 7.75905
0 0 0 0 1 7.78082
0 0 0 0 0 7.79178
0 0 0 0 1 7.67411
