0 0 0 0 1 5.54179
0 0 0 0 1 5.55089
0 0 0 0 1 5.5323
0 0 0 0 0 5.62767
0 0 0 0 1 5.57586
0 0 0 0 1 5.60786
0 0 0 0 1 5.6223
0 0 0 0 1 5.55933
0 0 0 0 1 5.5603
0 0 0 0 1 5.67707
0 0 0 0 0 5.62544
0 0 0 0 1 5.6245
0 0 0 0 1 5.63146
0 0 0 0 1 5.68729
0 0 0 0 1 5.67539
0 0 0 0 1 5.69398
0 0 0 0 0 5.7334
0 0 0 0 1 5.6477
0 0 0 0 1 5.76732
0 0 0 0 0 5.67399
0 0 0 0 1 5.74258
0 0 0 0 0 5.74842
0 0 0 0 1 5.74287
0 0 0 0 1 5.7201
0 0 0 0 1 5.7453
0 0 0 0 1 5.77462
0 0 0 0 1 5.79835
0 0 0 0 0 5.83387
0 0 0 0 1 5.85798
0 0 0 0 1 5.87061
0 0 0 0 0 5.84832
0 0 0 0 1 5.86269
0 0 0 0 1 5.87128
0 0 0 0 1 5.90776
0 0 0 0 1 5.86208
0 0 0 0 1 5.89293
0 0 0 0 0 5.94173
0 0 0 0 0 5.95525
0 0 0 0 1 5.89169
0 0 0 0 1 5.93504
0 0 0 0 1 5.91302
0 0 0 0 0 5.93281
0 0 0 0 1 6.01996
0 0 0 0 0 6.01014
0 0 0 0 0 6.00635
0 0 0 0 0 5.98449
0 0 0 0 1 6.03393
0 0 0 0 1 6.12738
0 0 0 0 1 6.05713
0 0 0 0 0 6.06583
0 0 0 0 1 6.11739
0 0 0 0 1 6.07734
0 0 0 0 1 6.12819
0 0 0 0 1 6.16299
0 0 0 0 0 6.12286
0 0 0 0 1 6.23725
0 0 0 0 1 6.19716
0 0 0 0 1 6.28659
0 0 0 0 1 6.23397
0 0 0 0 1 6.24366
0 0 0 0 1 6.2274
0 0 0 0 1 6.30641
0 0 0 0 1 6.33537
0 0 0 0 1 6.37082
0 0 0 0 1 6.39378
0 0 0 0 1 6.31427
0 0 0 0 1 6.36278
0 0 0 0 1 6.37877
0 0 0 0 1 6.36998
0 0 0 0 1 6.43122
0 0 0 0 1 6.51297
0 0 0 0 0 6.41949
0 0 0 0 1 6.56675
0 0 0 0 1 6.55833
0 0 0 0 0 6.52372
0 0 0 0 0 6.54069
0 0 0 0 0 6.51827
0 0 0 0 0 6.64823
0 0 0 0 1 6.60615
0 0 0 0 1 6.65684
0 0 0 0 1 6.62778
0 0 0 0 1 6.71292
0 0 0 0 0 6.6777
0 0 0 0 1 6.66859
0 0 0 0 0 6.78783
0 0 0 0 1 6.79934
0 0 0 0 1 6.85175
0 0 0 0 1 6.84983
0 0 0 0 0 6.79981
0 0 0 0 1 6.81823
0 0 0 0 0 6.975
0 0 0 0 1 6.93907
0 0 0 0 0 6.96501
0 0 0 0 1 6.97014
0 0 0 0 1 6.99626
0 0 0 0 1 7.04363
0 0 0 0 1 7.04139
0 0 0 0 1 7.16013
0 0 0 0 0 7.15861
0 0 0 0 1 7.12839
0 0 0 0 1 7.16246
0 0 0 0 1 7.18949
0 0 0 0 1 7.2307
0 0 0 0 1 7.27982
0 0 0 0 1 7.37265
0 0 0 0 1 7.37124
0 0 0 0 0 7.39141
0 0 0 0 0 7.41977
0 0 0 0 0 7.37332
0 0 0 0 1 7.39334
0 0 0 0 0 7.42882
0 0 0 0 1 7.56924
0 0 0 0 1 7.58999
0 0 0 0 1 7.55765
0 0 0 0 0 7.63958
0 0 0 0 1 7.66043
0 0 0 0 1 7.65054
0 0 0 0 1 7.75625
0 0 0 0 1 7.68424
0 0 0 0 1 7.80632
0 0 0 0 1 7.80448
0 0 0 0 0 7.80197
0 0 0 0 1 7.90148
0 0 0 0 1 8.0261
0 0 0 0 1 7.91958
0 0 0 0 1 7.95679
0 0 0 0 0 8.04253
0 0 0 0 1 8.12886
0 0 0 0 1 8.07675
0 0 0 0 1 8.24552
0 0 0 0 1 8.25056
0 0 0 0 0 8.19736
0 0 0 0 1 8.25213
0 0 0 0 0 8.33162
0 0 0 0 1 8.40323
0 0 0 0 1 8.54296
0 0 0 0 1 8.5478
0 0 0 0 0 8.578
0 0 0 0 1 8.52295
0 0 0 0 1 8.59584
0 0 0 0 1 8.74665
0 0 0 0 1 8.75966
0 0 0 0 1 8.73643
0 0 0 0 1 8.8822
0 0 0 0 1 8.84082
0 0 0 0 1 8.99531
0 0 0 0 0 9.06116
0 0 0 0 1 8.98229
0 0 0 0 1 9.20378
0 0 0 0 1 9.07805
0 0 0 0 1 9.30083
0 0 0 0 0 9.21017
0 0 0 0 1 9.34315
0 0 0 0 0 9.43744
0 0 0 0 1 9.37267
0 0 0 0 1 9.44801
0 0 0 0 1 9.60043
0 0 0 0 1 9.72649
0 0 0 0 1 9.80375
0 0 0 0 1 9.70524
0 0 0 0 1 9.91
0 0 0 0 1 9.95957
0 0 0 0 1 10.0162
0 0 0 0 1 9.9838
0 0 0 0 1 10.0903
0 0 0 0 1 10.2399
0 0 0 0 0 10.3584
0 0 0 0 1 10.3949
0 0 0 0 1 10.4432
0 0 0 0 1 10.542
0 0 0 0 1 10.5672
0 0 0 0 1 10.6432
0 0 0 0 1 10.6675
0 0 0 0 0 10.7541
0 0 0 0 1 9.36173
0 0 0 0 1 9.21679
0 0 0 0 1 9.16999
0 0 0 0 1 9.29429
0 0 0 0 1 9.30299
0 0 0 0 0 9.10466
0 0 0 0 0 9.12301
0 0 0 0 1 9.22833
0 0 0 0 1 9.18254
0 0 0 0 0 9.19628
0 0 0 0 1 9.08723
0 0 0 0 1 9.06505
0 0 0 0 1 9.11991
0 0 0 0 0 8.94866
0 0 0 0 1 9.1076
0 0 0 0 1 8.95529
0 0 0 0 0 9.01499
0 0 0 0 1 8.98018
0 0 0 0 0 8.99032
0 0 0 0 1 8.88444
0 0 0 0 0 8.81956
0 0 0 0 1 8.92804
0 0 0 0 1 8.96521
0 0 0 0 1 8.83398
0 0 0 0 1 8.85369
0 0 0 0 1 8.84305
0 0 0 0 1 8.74835
0 0 0 0 1 8.74203
0 0 0 0 1 8.73583
0 0 0 0 0 8.67717
0 0 0 0 1 8.80257
0 0 0 0 0 8.64453
0 0 0 0 1 8.639
0 0 0 0 1 8.6684
0 0 0 0 1 8.62832
0 0 0 0 1 8.6839
0 0 0 0 1 8.68746
0 0 0 0 1 8.56141
0 0 0 0 1 8.66037
0 0 0 0 1 8.5781
0 0 0 0 1 8.65115
0 0 0 0 1 8.5694
0 0 0 0 1 8.59101
0 0 0 0 1 8.50984
0 0 0 0 1 8.47183
0 0 0 0 1 8.46824
0 0 0 0 1 8.48485
0 0 0 0 1 8.59231
0 0 0 0 0 8.58413
0 0 0 0 1 8.70864
0 0 0 0 1 8.90391
0 0 0 0 1 8.92296
0 0 0 0 1 9.0569
0 0 0 0 1 9.18212
0 0 0 0 1 9.41952
0 0 0 0 1 9.51718
0 0 0 0 1 9.74881
0 0 0 0 1 9.75672
0 0 0 0 1 10.0498
0 0 0 0 1 10.2758
0 0 0 0 1 10.3691
0 0 0 0 1 10.4579
0 0 0 0 1 10.6731
0 0 0 0 1 11.0512
0 0 0 0 1 11.1909
0 0 0 0 1 11.2926
0 0 0 0 1 11.6547
0 0 0 0 0 11.8905
0 0 0 0 1 11.9337
0 0 0 0 1 12.4194
0 0 0 0 1 12.636
0 0 0 0 0 12.9375
0 0 0 0 1 22.8873
0 0 0 0 1 22.5958
0 0 0 0 1 22.5075
0 0 0 0 1 22.8071
0 0 0 0 1 22.88
0 0 0 0 1 22.5685
0 0 0 0 1 22.7328
0 0 0 0 0 22.8294
0 0 0 0 1 22.4068
0 0 0 0 0 22.4593
0 0 0 0 1 22.7602
0 0 0 0 1 22.768
0 0 0 0 0 22.3722
0 0 0 0 1 22.5837
0 0 0 0 1 22.4129
0 0 0 0 1 22.5575
0 0 0 0 1 22.5226
0 0 0 0 1 22.6004
0 0 0 0 1 23.1068
0 0 0 0 1 24.2685
0 0 0 0 1 25.2437
0 0 0 0 1 26.1336
0 0 0 0 1 36.5997
0 0 0 0 0 36.4754
0 0 0 0 0 36.0245
0 0 0 0 1 36.7021
0 0 0 0 1 36.3198
0 0 0 0 1 38.6419
0 0 0 0 0 52.4832
0 0 0 0 1 51.9471
0 0 0 0 1 51.8811
0 0 0 0 1 51.5555
0 0 0 0 1 51.7511
0 0 0 0 1 56.7799
0 0 0 0 1 65.3316
0 0 0 0 1 68.9673
0 0 0 0 1 81.5646
0 0 0 0 0 5.03004
0 0 0 0 0 5.00499
0 0 0 0 0 5.01501
0 0 0 0 0 4.96992
0 0 0 0 0 5.0601
0 0 0 0 0 5.02002
0 0 0 0 0 5.03004
0 0 0 0 0 5.03505
0 0 0 0 0 4.99497
0 0 0 0 0 5.03505
0 0 0 0 0 5.04507
0 0 0 0 0 5.01501
0 0 0 0 1 88.3791
0 0 0 0 1 88.2131
0 0 0 0 1 74.9946
0 0 0 0 1 64.2858
0 0 0 0 1 60.8896
0 0 0 0 0 60.7797
0 0 0 0 0 60.0045
0 0 0 0 0 51.5192
0 0 0 0 1 47.7472
0 0 0 0 1 47.7115
0 0 0 0 1 39.1956
0 0 0 0 1 36.9303
0 0 0 0 1 35.3468
0 0 0 0 1 35.3946
0 0 0 0 1 35.5137
0 0 0 0 1 35.8485
0 0 0 0 1 28.2183
0 0 0 0 0 26.9107
0 0 0 0 1 25.716
0 0 0 0 1 24.8607
0 0 0 0 1 24.4539
0 0 0 0 1 24.5892
0 0 0 0 1 24.6746
0 0 0 0 0 24.4905
0 0 0 0 1 24.4547
0 0 0 0 1 24.6662
0 0 0 0 1 24.5572
0 0 0 0 1 24.5228
0 0 0 0 1 24.5368
0 0 0 0 0 18.1271
0 0 0 0 1 17.615
0 0 0 0 1 17.3465
0 0 0 0 1 16.6775
0 0 0 0 1 16.261
0 0 0 0 1 15.7366
0 0 0 0 1 15.5164
0 0 0 0 0 15.0305
0 0 0 0 1 14.8605
0 0 0 0 1 14.3077
0 0 0 0 1 14.1413
0 0 0 0 1 14.0259
0 0 0 0 1 14.01
0 0 0 0 1 13.8692
0 0 0 0 0 14.0625
0 0 0 0 1 14.0752
0 0 0 0 1 13.9368
0 0 0 0 1 14.0337
0 0 0 0 1 14.0611
0 0 0 0 0 14.0328
0 0 0 0 0 14.1331
0 0 0 0 1 13.9931
0 0 0 0 1 13.8952
0 0 0 0 1 13.9518
0 0 0 0 1 14.1519
0 0 0 0 1 14.1249
0 0 0 0 1 14.2108
0 0 0 0 1 14.1868
0 0 0 0 0 14.2452
0 0 0 0 1 14.2614
0 0 0 0 0 14.1815
0 0 0 0 1 14.2407
0 0 0 0 1 14.0759
0 0 0 0 1 14.1355
0 0 0 0 1 14.2554
0 0 0 0 1 14.3301
0 0 0 0 1 14.194
0 0 0 0 1 14.1691
0 0 0 0 1 14.4481
0 0 0 0 1 14.3522
0 0 0 0 1 8.8877
0 0 0 0 1 8.65122
0 0 0 0 1 8.62445
0 0 0 0 1 8.46924
0 0 0 0 0 8.46647
0 0 0 0 1 8.30391
0 0 0 0 1 8.20148
0 0 0 0 1 8.1709
0 0 0 0 1 7.98826
0 0 0 0 1 7.86315
0 0 0 0 0 7.79511
0 0 0 0 1 7.69438
0 0 0 0 1 7.58034
0 0 0 0 1 7.49734
0 0 0 0 0 7.45933
0 0 0 0 0 7.37797
0 0 0 0 0 7.26572
0 0 0 0 1 7.26482
0 0 0 0 1 7.1407
0 0 0 0 1 7.08871
0 0 0 0 0 6.96619
0 0 0 0 1 7.00693
0 0 0 0 1 6.85064
0 0 0 0 0 6.85528
0 0 0 0 1 6.70334
0 0 0 0 1 6.66698
0 0 0 0 1 6.56394
0 0 0 0 0 6.61939
0 0 0 0 1 6.4906
0 0 0 0 1 6.39791
0 0 0 0 1 6.33542
0 0 0 0 1 6.27565
0 0 0 0 0 6.2161
0 0 0 0 1 6.24391
0 0 0 0 1 6.15319
0 0 0 0 0 6.06935
0 0 0 0 1 6.11353
0 0 0 0 0 5.9906
0 0 0 0 1 5.96169
0 0 0 0 0 5.95316
0 0 0 0 1 5.88835
0 0 0 0 1 5.87346
0 0 0 0 0 5.7657
0 0 0 0 1 5.70491
0 0 0 0 1 5.72117
0 0 0 0 0 5.61536
0 0 0 0 0 5.62822
0 0 0 0 1 5.59345
0 0 0 0 1 5.57769
0 0 0 0 1 5.4849
0 0 0 0 1 5.38758
0 0 0 0 1 5.42927
0 0 0 0 1 5.38956
0 0 0 0 1 5.32017
0 0 0 0 1 5.28622
0 0 0 0 1 5.2439
0 0 0 0 1 5.16321
0 0 0 0 1 5.16611
0 0 0 0 1 5.1532
0 0 0 0 1 5.07873
0 0 0 0 1 5.03725
0 0 0 0 0 5.07473
0 0 0 0 0 4.9995
0 0 0 0 1 4.93159
0 0 0 0 1 4.90879
0 0 0 0 0 4.89087
0 0 0 0 1 4.93145
0 0 0 0 1 4.8435
0 0 0 0 1 4.79166
0 0 0 0 1 4.83426
0 0 0 0 1 4.83152
0 0 0 0 1 4.89279
0 0 0 0 1 4.90588
0 0 0 0 1 4.88866
0 0 0 0 0 4.86754
0 0 0 0 1 4.92973
0 0 0 0 0 4.91351
0 0 0 0 0 4.90097
0 0 0 0 1 4.93906
0 0 0 0 1 4.92762
0 0 0 0 1 4.94489
0 0 0 0 1 4.97343
0 0 0 0 1 5.00719
0 0 0 0 1 5.03107
0 0 0 0 0 5.04496
0 0 0 0 0 5.11994
0 0 0 0 1 5.1291
0 0 0 0 0 5.16389
0 0 0 0 1 5.08963
0 0 0 0 1 5.20691
0 0 0 0 0 5.13873
0 0 0 0 1 5.16349
0 0 0 0 1 5.18839
0 0 0 0 1 5.19248
0 0 0 0 1 5.22808
0 0 0 0 1 5.24807
0 0 0 0 1 5.28016
0 0 0 0 1 5.33232
0 0 0 0 0 5.39549
0 0 0 0 1 5.40546
0 0 0 0 1 5.43158
0 0 0 0 1 5.38906
0 0 0 0 1 5.45864
0 0 0 0 1 5.40873
0 0 0 0 1 5.42404
0 0 0 0 1 5.55638
0 0 0 0 1 5.47281
0 0 0 0 1 5.59524
0 0 0 0 1 5.5443
0 0 0 0 0 5.57273
0 0 0 0 0 5.57165
0 0 0 0 1 5.68497
0 0 0 0 1 5.69545
0 0 0 0 1 5.6676
0 0 0 0 1 5.68361
0 0 0 0 0 5.80473
0 0 0 0 1 5.7361
0 0 0 0 1 5.83514
0 0 0 0 1 5.85163
0 0 0 0 1 5.84628
0 0 0 0 1 5.8407
0 0 0 0 1 5.9415
0 0 0 0 1 5.96575
0 0 0 0 0 5.97209
0 0 0 0 1 5.96628
0 0 0 0 1 6.09925
0 0 0 0 0 6.02681
0 0 0 0 0 6.11829
0 0 0 0 0 6.18595
0 0 0 0 1 6.12607
0 0 0 0 1 9.44289
0 0 0 0 1 9.38652
0 0 0 0 0 9.38394
0 0 0 0 1 9.4661
0 0 0 0 1 9.41007
0 0 0 0 1 9.41666
0 0 0 0 1 9.24608
0 0 0 0 1 9.24055
0 0 0 0 1 9.35265
0 0 0 0 1 9.21155
0 0 0 0 0 9.29214
0 0 0 0 1 9.1521
0 0 0 0 1 9.10436
0 0 0 0 1 9.09336
0 0 0 0 0 9.07335
0 0 0 0 1 9.0444
0 0 0 0 1 9.06978
0 0 0 0 1 8.92975
0 0 0 0 1 8.94638
0 0 0 0 0 8.95963
0 0 0 0 0 9.00286
0 0 0 0 1 8.85017
0 0 0 0 0 8.87578
0 0 0 0 1 8.92777
0 0 0 0 1 8.83513
0 0 0 0 1 8.86943
0 0 0 0 1 8.68447
0 0 0 0 1 8.756
0 0 0 0 1 8.80781
0 0 0 0 1 8.77773
0 0 0 0 0 8.75122
0 0 0 0 1 8.69555
0 0 0 0 1 8.59188
0 0 0 0 0 8.65746
0 0 0 0 0 8.55457
0 0 0 0 1 8.53437
0 0 0 0 0 8.50079
0 0 0 0 0 8.48093
0 0 0 0 1 8.58014
0 0 0 0 0 8.46705
0 0 0 0 1 8.37991
0 0 0 0 1 8.38603
0 0 0 0 1 8.42105
0 0 0 0 0 8.41039
0 0 0 0 1 8.45845
0 0 0 0 1 8.42281
0 0 0 0 1 8.29568
0 0 0 0 1 8.36422
0 0 0 0 1 8.37904
0 0 0 0 1 8.36076
0 0 0 0 1 8.34715
0 0 0 0 1 8.20544
0 0 0 0 1 8.22077
0 0 0 0 1 8.12937
0 0 0 0 1 8.26787
0 0 0 0 0 8.13604
0 0 0 0 1 8.14356
0 0 0 0 0 8.22443
0 0 0 0 1 8.14254
0 0 0 0 1 8.0854
0 0 0 0 1 8.16618
0 0 0 0 1 8.09326
0 0 0 0 1 8.04493
0 0 0 0 1 8.06521
0 0 0 0 1 8.08154
0 0 0 0 1 8.03378
0 0 0 0 1 8.07433
0 0 0 0 1 7.9551
0 0 0 0 1 7.99965
0 0 0 0 1 8.00056
0 0 0 0 1 8.02543
0 0 0 0 1 7.99481
0 0 0 0 1 7.88526
0 0 0 0 1 7.91412
0 0 0 0 1 7.89998
0 0 0 0 0 7.82299
0 0 0 0 1 7.80485
0 0 0 0 1 7.89683
0 0 0 0 1 7.78913
0 0 0 0 1 7.80723
0 0 0 0 1 7.77849
0 0 0 0 1 7.88593
0 0 0 0 1 7.81842
0 0 0 0 1 7.82909
0 0 0 0 0 7.85077
0 0 0 0 1 7.74521
0 0 0 0 1 7.82139
