0 0 0 0 1 5.59727
0 0 0 0 1 5.53422
0 0 0 0 1 5.59353
0 0 0 0 1 5.52737
0 0 0 0 1 5.58702
0 0 0 0 1 5.61904
0 0 0 0 1 5.63349
0 0 0 0 1 5.63778
0 0 0 0 1 5.65007
0 0 0 0 1 5.57028
0 0 0 0 1 5.61981
0 0 0 0 1 5.61322
0 0 0 0 1 5.60322
0 0 0 0 1 5.64767
0 0 0 0 1 5.61302
0 0 0 0 1 5.62018
0 0 0 0 1 5.68221
0 0 0 0 1 5.75028
0 0 0 0 1 5.69309
0 0 0 0 1 5.69685
0 0 0 0 1 5.73112
0 0 0 0 1 5.72547
0 0 0 0 0 5.78886
0 0 0 0 1 5.72586
0 0 0 0 1 5.73953
0 0 0 0 1 5.83242
0 0 0 0 1 5.85048
0 0 0 0 1 5.79904
0 0 0 0 1 5.78236
0 0 0 0 1 5.81231
0 0 0 0 0 5.87169
0 0 0 0 1 5.80418
0 0 0 0 1 5.87714
0 0 0 0 1 5.83142
0 0 0 0 1 5.8503
0 0 0 0 1 5.87524
0 0 0 0 1 5.94173
0 0 0 0 1 5.95525
0 0 0 0 1 5.99859
0 0 0 0 1 5.95885
0 0 0 0 1 5.99058
0 0 0 0 0 5.98663
0 0 0 0 0 6.04991
0 0 0 0 1 6.03416
0 0 0 0 0 6.03043
0 0 0 0 1 5.97846
0 0 0 0 1 6.02182
0 0 0 0 1 6.03031
0 0 0 0 1 6.13011
0 0 0 0 0 6.13898
0 0 0 0 0 6.14183
0 0 0 0 1 6.15086
0 0 0 0 1 6.1835
0 0 0 0 0 6.2184
0 0 0 0 1 6.16606
0 0 0 0 1 6.14443
0 0 0 0 1 6.17855
0 0 0 0 1 6.2368
0 0 0 0 1 6.20901
0 0 0 0 1 6.30622
0 0 0 0 1 6.29645
0 0 0 0 1 6.34417
0 0 0 0 1 6.25965
0 0 0 0 1 6.37714
0 0 0 0 1 6.37475
0 0 0 0 1 6.33337
0 0 0 0 0 6.41384
0 0 0 0 1 6.37237
0 0 0 0 1 6.39566
0 0 0 0 1 6.5021
0 0 0 0 1 6.42898
0 0 0 0 1 6.51027
0 0 0 0 0 6.54074
0 0 0 0 1 6.49314
0 0 0 0 1 6.51065
0 0 0 0 1 6.52757
0 0 0 0 1 6.53802
0 0 0 0 1 6.5624
0 0 0 0 0 6.59952
0 0 0 0 1 6.62359
0 0 0 0 1 6.64781
0 0 0 0 1 6.7263
0 0 0 0 1 6.69113
0 0 0 0 1 6.74268
0 0 0 0 1 6.78783
0 0 0 0 0 6.79255
0 0 0 0 1 6.86538
0 0 0 0 1 6.82248
0 0 0 0 1 6.87528
0 0 0 0 1 6.92154
0 0 0 0 1 6.8644
0 0 0 0 1 6.89747
0 0 0 0 0 6.9163
0 0 0 0 0 6.94918
0 0 0 0 1 7.03132
0 0 0 0 1 6.99438
0 0 0 0 1 7.11209
0 0 0 0 1 7.10336
0 0 0 0 1 7.0945
0 0 0 0 1 7.14269
0 0 0 0 0 7.10504
0 0 0 0 1 7.16788
0 0 0 0 1 7.21622
0 0 0 0 1 7.19991
0 0 0 0 1 7.24856
0 0 0 0 1 7.35659
0 0 0 0 1 7.43558
0 0 0 0 1 7.42716
0 0 0 0 0 7.37332
0 0 0 0 0 7.4306
0 0 0 0 1 7.52608
0 0 0 0 1 7.56173
0 0 0 0 1 7.6202
0 0 0 0 1 7.62594
0 0 0 0 1 7.55579
0 0 0 0 1 7.66808
0 0 0 0 1 7.73512
0 0 0 0 1 7.70217
0 0 0 0 1 7.77739
0 0 0 0 1 7.83752
0 0 0 0 1 7.76534
0 0 0 0 1 7.80197
0 0 0 0 1 7.90148
0 0 0 0 1 7.92279
0 0 0 0 1 8.05544
0 0 0 0 1 7.95679
0 0 0 0 1 8.09093
0 0 0 0 1 8.03161
0 0 0 0 1 8.15825
0 0 0 0 1 8.2537
0 0 0 0 1 8.18468
0 0 0 0 1 8.19736
0 0 0 0 0 8.2355
0 0 0 0 1 8.31489
0 0 0 0 1 8.42005
0 0 0 0 1 8.52604
0 0 0 0 0 8.42022
0 0 0 0 1 8.50102
0 0 0 0 0 8.56591
0 0 0 0 1 8.70815
0 0 0 0 1 8.74665
0 0 0 0 1 8.7247
0 0 0 0 1 8.842
0 0 0 0 1 8.82918
0 0 0 0 1 8.82304
0 0 0 0 1 9.01321
0 0 0 0 1 9.04315
0 0 0 0 1 8.97323
0 0 0 0 1 9.04887
0 0 0 0 1 9.22476
0 0 0 0 1 9.18087
0 0 0 0 0 9.21017
0 0 0 0 1 9.24982
0 0 0 0 0 9.36224
0 0 0 0 0 9.44833
0 0 0 0 1 9.48611
0 0 0 0 0 9.63879
0 0 0 0 1 9.60105
0 0 0 0 0 9.63858
0 0 0 0 1 9.69545
0 0 0 0 1 9.78194
0 0 0 0 1 9.93975
0 0 0 0 1 10.0262
0 0 0 0 1 10.024
0 0 0 0 1 10.0802
0 0 0 0 0 10.1073
0 0 0 0 1 10.2145
0 0 0 0 1 10.281
0 0 0 0 1 10.4536
0 0 0 0 1 10.521
0 0 0 0 0 10.5461
0 0 0 0 0 10.5579
0 0 0 0 1 10.7965
0 0 0 0 1 10.7866
0 0 0 0 1 9.22214
0 0 0 0 1 9.21679
0 0 0 0 0 9.31819
0 0 0 0 1 9.32201
0 0 0 0 1 9.16469
0 0 0 0 1 9.24261
0 0 0 0 0 9.22397
0 0 0 0 1 9.11847
0 0 0 0 1 9.0729
0 0 0 0 1 9.18717
0 0 0 0 1 9.05994
0 0 0 0 1 9.01968
0 0 0 0 0 9.14708
0 0 0 0 1 9.11137
0 0 0 0 1 8.94529
0 0 0 0 1 9.07229
0 0 0 0 1 9.0509
0 0 0 0 1 8.93537
0 0 0 0 1 8.86509
0 0 0 0 1 8.83979
0 0 0 0 0 8.91756
0 0 0 0 1 8.8569
0 0 0 0 1 8.88532
0 0 0 0 1 8.79854
0 0 0 0 1 8.85369
0 0 0 0 1 8.88718
0 0 0 0 1 8.74835
0 0 0 0 1 8.75962
0 0 0 0 0 8.71827
0 0 0 0 1 8.80865
0 0 0 0 0 8.75882
0 0 0 0 1 8.71439
0 0 0 0 1 8.63028
0 0 0 0 1 8.76414
0 0 0 0 1 8.73259
0 0 0 0 1 8.65788
0 0 0 0 0 8.62683
0 0 0 0 1 8.67383
0 0 0 0 1 8.69491
0 0 0 0 1 8.61259
0 0 0 0 1 8.58229
0 0 0 0 1 8.68114
0 0 0 0 1 8.52235
0 0 0 0 1 8.56126
0 0 0 0 1 8.60019
0 0 0 0 1 8.52806
0 0 0 0 1 8.49339
0 0 0 0 0 8.4474
0 0 0 0 1 8.5584
0 0 0 0 1 8.68254
0 0 0 0 1 8.76272
0 0 0 0 1 8.96776
0 0 0 0 1 9.18421
0 0 0 0 1 9.25602
0 0 0 0 1 9.43828
0 0 0 0 1 9.5744
0 0 0 0 1 9.71977
0 0 0 0 1 9.86502
0 0 0 0 1 10.0398
0 0 0 0 0 10.1638
0 0 0 0 0 10.2965
0 0 0 0 1 10.5001
0 0 0 0 0 10.7053
0 0 0 0 1 10.9965
0 0 0 0 1 11.124
0 0 0 0 1 11.2699
0 0 0 0 1 11.6894
0 0 0 0 1 11.926
0 0 0 0 1 12.1748
0 0 0 0 1 12.284
0 0 0 0 1 12.5479
0 0 0 0 1 12.7448
0 0 0 0 1 22.5918
0 0 0 0 1 22.5731
0 0 0 0 0 22.5756
0 0 0 0 1 22.7391
0 0 0 0 1 22.8121
0 0 0 0 1 22.5685
0 0 0 0 0 22.6875
0 0 0 0 1 22.4678
0 0 0 0 1 22.7005
0 0 0 0 1 22.7527
0 0 0 0 0 22.4218
0 0 0 0 1 22.7004
0 0 0 0 1 22.6651
0 0 0 0 1 22.4036
0 0 0 0 1 22.4579
0 0 0 0 1 22.3101
0 0 0 0 0 22.5226
0 0 0 0 0 22.4432
0 0 0 0 0 23.246
0 0 0 0 1 23.8826
0 0 0 0 1 25.1432
0 0 0 0 1 26.0812
0 0 0 0 1 36.7454
0 0 0 0 1 36.5846
0 0 0 0 1 36.0245
0 0 0 0 1 36.5566
0 0 0 0 1 36.1014
0 0 0 0 0 38.1796
0 0 0 0 1 51.6502
0 0 0 0 1 52.5717
0 0 0 0 1 52.1413
0 0 0 0 1 52.5439
0 0 0 0 1 52.3753
0 0 0 0 1 56.6107
0 0 0 0 1 66.0517
0 0 0 0 1 69.8032
0 0 0 0 1 82.3009
0 0 0 0 0 5.02503
0 0 0 0 0 4.96992
0 0 0 0 0 4.96491
0 0 0 0 0 5.00499
0 0 0 0 0 5.04006
0 0 0 0 0 4.99998
0 0 0 0 0 5.03004
0 0 0 0 0 4.96992
0 0 0 0 0 4.9599
0 0 0 0 0 4.97493
0 0 0 0 0 5.0601
0 0 0 0 0 4.98495
0 0 0 0 1 88.3791
0 0 0 0 1 86.7239
0 0 0 0 1 74.8443
0 0 0 0 1 63.7751
0 0 0 0 1 60.5869
0 0 0 0 0 59.9928
0 0 0 0 1 60.6706
0 0 0 0 1 51.1582
0 0 0 0 0 47.7952
0 0 0 0 1 47.6155
0 0 0 0 1 38.96
0 0 0 0 0 37.188
0 0 0 0 1 35.7035
0 0 0 0 1 35.7157
0 0 0 0 1 35.942
0 0 0 0 1 35.7414
0 0 0 0 1 27.9936
0 0 0 0 1 26.6963
0 0 0 0 1 25.6904
0 0 0 0 1 24.5899
0 0 0 0 0 24.38
0 0 0 0 0 24.8849
0 0 0 0 1 24.4282
0 0 0 0 1 24.4658
0 0 0 0 1 24.8248
0 0 0 0 0 24.839
0 0 0 0 0 24.7796
0 0 0 0 1 24.5228
0 0 0 0 1 24.7841
0 0 0 0 1 18.3273
0 0 0 0 1 17.6681
0 0 0 0 1 17.0542
0 0 0 0 1 16.6441
0 0 0 0 1 16.2447
0 0 0 0 0 15.943
0 0 0 0 1 15.3461
0 0 0 0 1 14.9851
0 0 0 0 1 14.6835
0 0 0 0 1 14.5096
0 0 0 0 0 14.2118
0 0 0 0 1 13.9703
0 0 0 0 1 13.9127
0 0 0 0 1 13.9805
0 0 0 0 0 13.9093
0 0 0 0 1 14.0334
0 0 0 0 1 14.0206
0 0 0 0 1 14.0058
0 0 0 0 1 13.9353
0 0 0 0 1 14.1168
0 0 0 0 1 13.979
0 0 0 0 1 14.0632
0 0 0 0 1 14.0777
0 0 0 0 1 14.1907
0 0 0 0 1 14.1238
0 0 0 0 1 14.0263
0 0 0 0 0 14.0557
0 0 0 0 1 14.1021
0 0 0 0 0 14.0332
0 0 0 0 1 14.1058
0 0 0 0 0 14.054
0 0 0 0 1 14.1556
0 0 0 0 1 14.1185
0 0 0 0 1 14.1213
0 0 0 0 1 14.2981
0 0 0 0 1 14.3728
0 0 0 0 1 14.3082
0 0 0 0 0 14.3836
0 0 0 0 1 14.4481
0 0 0 0 1 14.4526
0 0 0 0 1 8.77297
0 0 0 0 0 8.67736
0 0 0 0 1 8.64165
0 0 0 0 1 8.47774
0 0 0 0 1 8.39934
0 0 0 0 1 8.26248
0 0 0 0 1 8.16871
0 0 0 0 0 8.09809
0 0 0 0 0 8.05223
0 0 0 0 0 7.85525
0 0 0 0 1 7.84984
0 0 0 0 1 7.70211
0 0 0 0 1 7.5727
0 0 0 0 0 7.52757
0 0 0 0 1 7.39954
0 0 0 0 0 7.34097
0 0 0 0 1 7.26572
0 0 0 0 1 7.17066
0 0 0 0 0 7.11202
0 0 0 0 1 7.04613
0 0 0 0 0 7.09259
0 0 0 0 0 6.99997
0 0 0 0 1 6.86441
0 0 0 0 1 6.83482
0 0 0 0 1 6.69659
0 0 0 0 1 6.6469
0 0 0 0 0 6.60372
0 0 0 0 1 6.59312
0 0 0 0 1 6.4906
0 0 0 0 0 6.4882
0 0 0 0 1 6.35458
0 0 0 0 1 6.34531
0 0 0 0 1 6.24121
0 0 0 0 1 6.23769
0 0 0 0 1 6.10999
0 0 0 0 1 6.10606
0 0 0 0 1 6.08927
0 0 0 0 0 6.05683
0 0 0 0 1 5.91991
0 0 0 0 1 5.98278
0 0 0 0 0 5.92358
0 0 0 0 1 5.85015
0 0 0 0 1 5.77726
0 0 0 0 1 5.75083
0 0 0 0 1 5.64155
0 0 0 0 0 5.66051
0 0 0 0 1 5.58342
0 0 0 0 1 5.61014
0 0 0 0 1 5.48381
0 0 0 0 1 5.53422
0 0 0 0 1 5.44738
0 0 0 0 1 5.43467
0 0 0 0 1 5.41104
0 0 0 0 1 5.37875
0 0 0 0 1 5.24918
0 0 0 0 1 5.21241
0 0 0 0 1 5.24144
0 0 0 0 1 5.13503
0 0 0 0 1 5.1429
0 0 0 0 1 5.12476
0 0 0 0 1 5.03218
0 0 0 0 1 5.02434
0 0 0 0 1 5.02457
0 0 0 0 1 5.02126
0 0 0 0 1 4.91868
0 0 0 0 0 4.9007
0 0 0 0 1 4.90215
0 0 0 0 1 4.89694
0 0 0 0 1 4.84474
0 0 0 0 1 4.78129
0 0 0 0 1 4.83635
0 0 0 0 1 4.82013
0 0 0 0 0 4.91074
0 0 0 0 0 4.83992
0 0 0 0 1 4.8969
0 0 0 0 1 4.90027
0 0 0 0 0 4.97265
0 0 0 0 0 4.90591
0 0 0 0 0 4.9936
0 0 0 0 0 4.96744
0 0 0 0 0 5.01475
0 0 0 0 0 5.04856
0 0 0 0 1 5.05243
0 0 0 0 1 5.08153
0 0 0 0 1 5.05003
0 0 0 0 1 5.12502
0 0 0 0 1 5.11378
0 0 0 0 1 5.12803
0 0 0 0 1 5.15126
0 0 0 0 1 5.20175
0 0 0 0 1 5.18013
0 0 0 0 1 5.1531
0 0 0 0 1 5.20403
0 0 0 0 1 5.21342
0 0 0 0 1 5.23859
0 0 0 0 1 5.24279
0 0 0 0 1 5.32257
0 0 0 0 1 5.30039
0 0 0 0 1 5.28865
0 0 0 0 0 5.33574
0 0 0 0 1 5.37775
0 0 0 0 1 5.37824
0 0 0 0 1 5.46407
0 0 0 0 1 5.43054
0 0 0 0 1 5.48972
0 0 0 0 1 5.45735
0 0 0 0 1 5.57773
0 0 0 0 1 5.51197
0 0 0 0 1 5.60002
0 0 0 0 1 5.58953
0 0 0 0 1 5.60538
0 0 0 0 1 5.70757
0 0 0 0 1 5.65007
0 0 0 0 1 5.75312
0 0 0 0 1 5.7523
0 0 0 0 0 5.74145
0 0 0 0 0 5.79393
0 0 0 0 1 5.83514
0 0 0 0 1 5.85746
0 0 0 0 1 5.86974
0 0 0 0 1 5.9291
0 0 0 0 1 5.91781
0 0 0 0 1 5.98361
0 0 0 0 1 5.93021
0 0 0 0 1 6.00237
0 0 0 0 1 6.06903
0 0 0 0 1 6.09971
0 0 0 0 1 6.05723
0 0 0 0 1 6.08776
0 0 0 0 1 6.1446
0 0 0 0 1 9.56663
0 0 0 0 1 9.55718
0 0 0 0 1 9.47844
0 0 0 0 1 9.36249
0 0 0 0 0 9.47574
0 0 0 0 1 9.42601
0 0 0 0 0 9.23676
0 0 0 0 0 9.32422
0 0 0 0 0 9.22301
0 0 0 0 0 9.29462
0 0 0 0 1 9.26454
0 0 0 0 1 9.11542
0 0 0 0 0 9.12264
0 0 0 0 1 9.13892
0 0 0 0 0 9.13692
0 0 0 0 1 8.99008
0 0 0 0 1 8.93441
0 0 0 0 1 8.94775
0 0 0 0 0 8.94638
0 0 0 0 1 8.87012
0 0 0 0 1 8.99394
0 0 0 0 1 8.83238
0 0 0 0 0 8.92011
0 0 0 0 1 8.84822
0 0 0 0 1 8.80868
0 0 0 0 1 8.86943
0 0 0 0 0 8.67571
0 0 0 0 0 8.69477
0 0 0 0 0 8.677
0 0 0 0 1 8.66464
0 0 0 0 0 8.75122
0 0 0 0 1 8.60037
0 0 0 0 1 8.71265
0 0 0 0 1 8.66606
0 0 0 0 1 8.57173
0 0 0 0 1 8.47445
0 0 0 0 1 8.47518
0 0 0 0 1 8.57459
0 0 0 0 0 8.52917
0 0 0 0 1 8.44163
0 0 0 0 1 8.44756
0 0 0 0 1 8.39446
0 0 0 0 0 8.49677
0 0 0 0 0 8.41039
0 0 0 0 0 8.45008
0 0 0 0 1 8.29747
0 0 0 0 1 8.38739
0 0 0 0 0 8.34759
0 0 0 0 1 8.22142
0 0 0 0 1 8.23659
0 0 0 0 1 8.19013
0 0 0 0 0 8.26317
0 0 0 0 0 8.14671
0 0 0 0 1 8.28539
0 0 0 0 1 8.26787
0 0 0 0 1 8.14422
0 0 0 0 1 8.20068
0 0 0 0 1 8.06157
0 0 0 0 1 8.17504
0 0 0 0 1 8.1665
0 0 0 0 1 8.15808
0 0 0 0 0 7.99634
0 0 0 0 1 8.12554
0 0 0 0 1 8.06521
0 0 0 0 1 7.97711
0 0 0 0 0 8.07387
0 0 0 0 1 8.06633
0 0 0 0 1 7.97108
0 0 0 0 1 8.00762
0 0 0 0 1 8.02445
0 0 0 0 1 7.88241
0 0 0 0 1 7.89964
0 0 0 0 1 7.93276
0 0 0 0 1 7.88249
0 0 0 0 1 7.81316
0 0 0 0 1 7.95692
0 0 0 0 1 7.85205
0 0 0 0 1 7.78683
0 0 0 0 1 7.91464
0 0 0 0 1 7.81506
0 0 0 0 0 7.89576
0 0 0 0 1 7.75319
0 0 0 0 1 7.81842
0 0 0 0 1 7.72014
0 0 0 0 1 7.83523
0 0 0 0 1 7.72193
0 0 0 0 0 7.76713
