0 0 0 0 0 5.60282
0 0 0 0 0 5.59534
0 0 0 0 1 5.51561
0 0 0 0 0 5.6221
0 0 0 0 1 5.53121
0 0 0 0 1 5.54076
0 0 0 0 0 5.54398
0 0 0 0 1 5.58174
0 0 0 0 1 5.59957
0 0 0 0 1 5.67707
0 0 0 0 1 5.59166
0 0 0 0 0 5.59065
0 0 0 0 1 5.6597
0 0 0 0 1 5.66465
0 0 0 0 0 5.67539
0 0 0 0 1 5.69965
0 0 0 0 0 5.68221
0 0 0 0 1 5.71039
0 0 0 0 1 5.68167
0 0 0 0 1 5.70828
0 0 0 0 1 5.71395
0 0 0 0 1 5.69678
0 0 0 0 1 5.77161
0 0 0 0 1 5.73738
0 0 0 0 0 5.73953
0 0 0 0 1 5.72837
0 0 0 0 1 5.74622
0 0 0 0 1 5.81645
0 0 0 0 1 5.86961
0 0 0 0 1 5.88227
0 0 0 0 1 5.8191
0 0 0 0 1 5.83929
0 0 0 0 1 5.84785
0 0 0 0 1 5.8784
0 0 0 0 1 5.83265
0 0 0 0 1 5.88703
0 0 0 0 1 5.9299
0 0 0 0 0 5.87822
0 0 0 0 1 5.96296
0 0 0 0 1 5.95885
0 0 0 0 0 5.97268
0 0 0 0 0 5.92085
0 0 0 0 0 6.03793
0 0 0 0 1 6.04617
0 0 0 0 0 6.0545
0 0 0 0 1 5.99052
0 0 0 0 1 6.08234
0 0 0 0 1 6.00605
0 0 0 0 1 6.06321
0 0 0 0 1 6.03535
0 0 0 0 1 6.09294
0 0 0 0 1 6.08959
0 0 0 0 1 6.17736
0 0 0 0 1 6.19993
0 0 0 0 1 6.14755
0 0 0 0 1 6.16918
0 0 0 0 0 6.17855
0 0 0 0 1 6.2119
0 0 0 0 1 6.22149
0 0 0 0 1 6.29997
0 0 0 0 0 6.2839
0 0 0 0 1 6.23718
0 0 0 0 1 6.33537
0 0 0 0 1 6.38347
0 0 0 0 1 6.31766
0 0 0 0 1 6.30791
0 0 0 0 1 6.41384
0 0 0 0 1 6.35315
0 0 0 0 1 6.44703
0 0 0 0 1 6.5021
0 0 0 0 1 6.48067
0 0 0 0 1 6.42598
0 0 0 0 1 6.53424
0 0 0 0 1 6.53226
0 0 0 0 1 6.49758
0 0 0 0 1 6.58661
0 0 0 0 0 6.59728
0 0 0 0 1 6.64823
0 0 0 0 0 6.58627
0 0 0 0 1 6.61694
0 0 0 0 1 6.66115
0 0 0 0 1 6.67945
0 0 0 0 0 6.64415
0 0 0 0 0 6.76289
0 0 0 0 0 6.72022
0 0 0 0 1 6.80612
0 0 0 0 1 6.85856
0 0 0 0 0 6.85666
0 0 0 0 1 6.88214
0 0 0 0 1 6.90088
0 0 0 0 1 6.87131
0 0 0 0 1 6.97373
0 0 0 0 1 6.97197
0 0 0 0 1 6.93521
0 0 0 0 0 7.06637
0 0 0 0 1 7.05771
0 0 0 0 1 7.02018
0 0 0 0 1 7.0253
0 0 0 0 1 7.07313
0 0 0 0 1 7.17129
0 0 0 0 1 7.10504
0 0 0 0 1 7.14627
0 0 0 0 0 7.28136
0 0 0 0 1 7.19264
0 0 0 0 1 7.37265
0 0 0 0 1 7.37857
0 0 0 0 1 7.42822
0 0 0 0 1 7.35333
0 0 0 0 1 7.35848
0 0 0 0 0 7.52749
0 0 0 0 1 7.45875
0 0 0 0 1 7.56173
0 0 0 0 1 7.49937
0 0 0 0 1 7.56523
0 0 0 0 0 7.67004
0 0 0 0 1 7.72165
0 0 0 0 1 7.76588
0 0 0 0 1 7.65582
0 0 0 0 1 7.68424
0 0 0 0 1 7.80632
0 0 0 0 1 7.88276
0 0 0 0 0 7.85703
0 0 0 0 1 7.92521
0 0 0 0 0 8.0261
0 0 0 0 1 7.95954
0 0 0 0 1 8.00497
0 0 0 0 0 8.1232
0 0 0 0 1 8.13697
0 0 0 0 1 8.10935
0 0 0 0 1 8.13088
0 0 0 0 1 8.21762
0 0 0 0 1 8.2636
0 0 0 0 1 8.36028
0 0 0 0 1 8.31489
0 0 0 0 1 8.47893
0 0 0 0 1 8.46683
0 0 0 0 1 8.58182
0 0 0 0 1 8.50958
0 0 0 0 1 8.60887
0 0 0 0 1 8.72543
0 0 0 0 0 8.78143
0 0 0 0 1 8.7247
0 0 0 0 0 8.75402
0 0 0 0 1 8.89988
0 0 0 0 1 8.81414
0 0 0 0 1 8.86105
0 0 0 0 1 9.07918
0 0 0 0 1 9.11825
0 0 0 0 1 9.09443
0 0 0 0 1 9.1239
0 0 0 0 1 9.2916
0 0 0 0 1 9.24731
0 0 0 0 1 9.38982
0 0 0 0 1 9.45624
0 0 0 0 1 9.4767
0 0 0 0 0 9.53373
0 0 0 0 0 9.53329
0 0 0 0 0 9.65895
0 0 0 0 0 9.69687
0 0 0 0 0 9.80307
0 0 0 0 1 9.93956
0 0 0 0 1 9.85056
0 0 0 0 1 9.96627
0 0 0 0 1 10.1246
0 0 0 0 1 10.0802
0 0 0 0 1 10.1481
0 0 0 0 1 10.194
0 0 0 0 0 10.312
0 0 0 0 1 10.464
0 0 0 0 0 10.458
0 0 0 0 1 10.5355
0 0 0 0 1 10.6752
0 0 0 0 1 10.8502
0 0 0 0 1 10.9274
0 0 0 0 1 9.3152
0 0 0 0 1 9.33746
0 0 0 0 0 9.32745
0 0 0 0 1 9.15571
0 0 0 0 1 9.22923
0 0 0 0 1 9.14145
0 0 0 0 1 9.22397
0 0 0 0 1 9.24664
0 0 0 0 1 9.18254
0 0 0 0 1 9.16894
0 0 0 0 1 9.15091
0 0 0 0 1 9.05597
0 0 0 0 1 9.0384
0 0 0 0 1 9.10233
0 0 0 0 1 9.04448
0 0 0 0 1 8.95529
0 0 0 0 0 9.03294
0 0 0 0 1 8.94434
0 0 0 0 1 8.92771
0 0 0 0 1 8.98266
0 0 0 0 0 8.89083
0 0 0 0 1 8.96361
0 0 0 0 1 8.78768
0 0 0 0 1 8.81626
0 0 0 0 0 8.85369
0 0 0 0 1 8.896
0 0 0 0 1 8.76597
0 0 0 0 1 8.77721
0 0 0 0 1 8.80607
0 0 0 0 1 8.6947
0 0 0 0 1 8.82882
0 0 0 0 1 8.74931
0 0 0 0 1 8.66515
0 0 0 0 1 8.78155
0 0 0 0 0 8.77603
0 0 0 0 0 8.6492
0 0 0 0 1 8.63549
0 0 0 0 1 8.60465
0 0 0 0 1 8.54812
0 0 0 0 1 8.63845
0 0 0 0 1 8.65976
0 0 0 0 0 8.60378
0 0 0 0 1 8.51376
0 0 0 0 0 8.4927
0 0 0 0 1 8.54029
0 0 0 0 1 8.46824
0 0 0 0 1 8.45071
0 0 0 0 0 8.57526
0 0 0 0 0 8.5584
0 0 0 0 1 8.77824
0 0 0 0 1 8.79802
0 0 0 0 1 8.99464
0 0 0 0 1 9.0569
0 0 0 0 1 9.21907
0 0 0 0 0 9.41952
0 0 0 0 1 9.55532
0 0 0 0 1 9.71009
0 0 0 0 1 9.82564
0 0 0 0 1 9.97978
0 0 0 0 0 10.123
0 0 0 0 0 10.338
0 0 0 0 0 10.574
0 0 0 0 0 10.7053
0 0 0 0 1 10.8652
0 0 0 0 1 11.1574
0 0 0 0 1 11.3267
0 0 0 0 1 11.5736
0 0 0 0 1 11.8905
0 0 0 0 1 12.1024
0 0 0 0 1 12.2594
0 0 0 0 0 12.4976
0 0 0 0 0 12.976
0 0 0 0 1 22.6146
0 0 0 0 0 22.5277
0 0 0 0 1 22.6664
0 0 0 0 1 22.603
0 0 0 0 1 22.5402
0 0 0 0 1 22.4553
0 0 0 0 1 22.7101
0 0 0 0 1 22.626
0 0 0 0 1 22.4746
0 0 0 0 1 22.7979
0 0 0 0 1 22.7827
0 0 0 0 1 22.3623
0 0 0 0 0 22.3722
0 0 0 0 1 22.336
0 0 0 0 1 22.6829
0 0 0 0 0 22.3326
0 0 0 0 1 22.635
0 0 0 0 1 22.241
0 0 0 0 1 23.1068
0 0 0 0 1 24.172
0 0 0 0 1 24.9674
0 0 0 0 0 26.0288
0 0 0 0 1 36.0899
0 0 0 0 1 36.621
0 0 0 0 0 36.5339
0 0 0 0 1 36.5203
0 0 0 0 1 36.4653
0 0 0 0 1 38.3337
0 0 0 0 1 51.8584
0 0 0 0 1 52.3635
0 0 0 0 1 51.9332
0 0 0 0 1 52.2318
0 0 0 0 1 52.1672
0 0 0 0 1 56.1032
0 0 0 0 1 66.1171
0 0 0 0 1 69.5246
0 0 0 0 0 82.3827
0 0 0 0 0 4.97994
0 0 0 0 0 5.01501
0 0 0 0 0 5.02503
0 0 0 0 0 4.9599
0 0 0 0 0 5.05509
0 0 0 0 0 5.03505
0 0 0 0 0 5.05008
0 0 0 0 0 4.97994
0 0 0 0 0 5.03004
0 0 0 0 0 4.96992
0 0 0 0 0 4.98996
0 0 0 0 0 5.01501
0 0 0 0 0 87.2405
0 0 0 0 1 86.7239
0 0 0 0 1 74.6189
0 0 0 0 1 63.2006
0 0 0 0 0 61.1317
0 0 0 0 1 60.9614
0 0 0 0 1 60.1862
0 0 0 0 1 51.3129
0 0 0 0 1 47.8912
0 0 0 0 0 47.7115
0 0 0 0 1 39.5884
0 0 0 0 1 36.6725
0 0 0 0 1 35.5608
0 0 0 0 0 35.7871
0 0 0 0 1 35.4423
0 0 0 0 1 35.6343
0 0 0 0 0 27.8252
0 0 0 0 1 26.7499
0 0 0 0 0 25.7673
0 0 0 0 0 24.6884
0 0 0 0 1 24.4785
0 0 0 0 1 24.7617
0 0 0 0 1 24.6746
0 0 0 0 1 24.9098
0 0 0 0 1 24.4547
0 0 0 0 1 24.8637
0 0 0 0 1 24.7549
0 0 0 0 1 24.9677
0 0 0 0 1 24.8336
0 0 0 0 0 18.3455
0 0 0 0 0 17.5797
0 0 0 0 1 17.037
0 0 0 0 1 16.895
0 0 0 0 1 16.2447
0 0 0 0 1 15.8477
0 0 0 0 1 15.377
0 0 0 0 1 15.1514
0 0 0 0 1 14.8753
0 0 0 0 1 14.351
0 0 0 0 1 13.9862
0 0 0 0 1 13.9425
0 0 0 0 1 13.7598
0 0 0 0 0 14.0361
0 0 0 0 0 13.8119
0 0 0 0 1 14.0194
0 0 0 0 1 14.0345
0 0 0 0 0 13.8662
0 0 0 0 1 14.117
0 0 0 0 1 13.8789
0 0 0 0 1 14.1051
0 0 0 0 1 14.1474
0 0 0 0 1 14.0215
0 0 0 0 0 14.1626
0 0 0 0 1 13.9409
0 0 0 0 1 14.2094
0 0 0 0 1 14.0416
0 0 0 0 1 13.9751
0 0 0 0 1 14.118
0 0 0 0 1 14.2756
0 0 0 0 1 14.1249
0 0 0 0 1 14.0705
0 0 0 0 1 14.3173
0 0 0 0 1 14.1924
0 0 0 0 1 14.2269
0 0 0 0 1 14.1305
0 0 0 0 1 14.2654
0 0 0 0 1 14.3121
0 0 0 0 1 14.3336
0 0 0 0 1 14.3666
0 0 0 0 1 8.91418
0 0 0 0 0 8.68607
0 0 0 0 1 8.64165
0 0 0 0 1 8.45225
0 0 0 0 1 8.44969
0 0 0 0 1 8.33706
0 0 0 0 1 8.26703
0 0 0 0 1 8.11427
0 0 0 0 1 8.02824
0 0 0 0 1 7.92637
0 0 0 0 1 7.80293
0 0 0 0 1 7.69438
0 0 0 0 1 7.60327
0 0 0 0 1 7.55025
0 0 0 0 1 7.43691
0 0 0 0 1 7.38537
0 0 0 0 1 7.30962
0 0 0 0 1 7.18515
0 0 0 0 1 7.1407
0 0 0 0 0 7.03194
0 0 0 0 0 7.02939
0 0 0 0 1 6.99997
0 0 0 0 1 6.95391
0 0 0 0 1 6.80753
0 0 0 0 1 6.74389
0 0 0 0 1 6.70045
0 0 0 0 1 6.68991
0 0 0 0 1 6.51432
0 0 0 0 1 6.54913
0 0 0 0 1 6.5011
0 0 0 0 1 6.40568
0 0 0 0 1 6.35164
0 0 0 0 1 6.2161
0 0 0 0 1 6.28749
0 0 0 0 1 6.12234
0 0 0 0 1 6.10606
0 0 0 0 1 6.02256
0 0 0 0 1 6.00264
0 0 0 0 1 5.93185
0 0 0 0 1 5.96501
0 0 0 0 1 5.85313
0 0 0 0 1 5.80354
0 0 0 0 1 5.79461
0 0 0 0 1 5.69917
0 0 0 0 1 5.72686
0 0 0 0 0 5.69437
0 0 0 0 0 5.62262
0 0 0 0 1 5.58231
0 0 0 0 1 5.55008
0 0 0 0 1 5.50134
0 0 0 0 1 5.46913
0 0 0 0 1 5.36985
0 0 0 0 0 5.4164
0 0 0 0 1 5.28822
0 0 0 0 1 5.25976
0 0 0 0 1 5.2334
0 0 0 0 1 5.24144
0 0 0 0 1 5.15057
0 0 0 0 1 5.09657
0 0 0 0 1 5.15033
0 0 0 0 0 5.03218
0 0 0 0 1 5.02938
0 0 0 0 1 4.9995
0 0 0 0 1 4.9565
0 0 0 0 1 4.97312
0 0 0 0 0 4.89087
0 0 0 0 1 4.87286
0 0 0 0 1 4.88722
0 0 0 0 1 4.83509
0 0 0 0 1 4.82463
0 0 0 0 1 4.78808
0 0 0 0 1 4.82497
0 0 0 0 1 4.82322
0 0 0 0 1 4.83017
0 0 0 0 1 4.84798
0 0 0 0 1 4.94937
0 0 0 0 1 4.89873
0 0 0 0 0 4.91579
0 0 0 0 1 5.00848
0 0 0 0 0 4.94256
0 0 0 0 1 4.95487
0 0 0 0 1 5.05357
0 0 0 0 1 5.01724
0 0 0 0 1 5.03107
0 0 0 0 0 5.01457
0 0 0 0 0 5.03859
0 0 0 0 1 5.12399
0 0 0 0 1 5.16389
0 0 0 0 0 5.08963
0 0 0 0 1 5.12958
0 0 0 0 1 5.15426
0 0 0 0 0 5.1531
0 0 0 0 1 5.22489
0 0 0 0 1 5.26576
0 0 0 0 1 5.30689
0 0 0 0 1 5.29026
0 0 0 0 1 5.34378
0 0 0 0 1 5.2791
0 0 0 0 0 5.28865
0 0 0 0 1 5.31429
0 0 0 0 1 5.41005
0 0 0 0 1 5.45399
0 0 0 0 1 5.41519
0 0 0 0 1 5.41418
0 0 0 0 0 5.51709
0 0 0 0 0 5.54537
0 0 0 0 1 5.53908
0 0 0 0 1 5.53973
0 0 0 0 0 5.5443
0 0 0 0 1 5.56153
0 0 0 0 1 5.56603
0 0 0 0 0 5.61716
0 0 0 0 1 5.66141
0 0 0 0 1 5.6961
0 0 0 0 1 5.68934
0 0 0 0 1 5.78747
0 0 0 0 1 5.79393
0 0 0 0 1 5.77702
0 0 0 0 1 5.87496
0 0 0 0 0 5.88146
0 0 0 0 1 5.83481
0 0 0 0 1 5.98297
0 0 0 0 0 5.93598
0 0 0 0 1 5.99603
0 0 0 0 1 6.00237
0 0 0 0 1 6.01462
0 0 0 0 0 6.08148
0 0 0 0 1 6.05112
0 0 0 0 1 6.13072
0 0 0 0 1 6.194
0 0 0 0 1 9.47144
0 0 0 0 0 9.53822
0 0 0 0 1 9.45954
0 0 0 0 1 9.40017
0 0 0 0 1 9.45698
0 0 0 0 1 9.41666
0 0 0 0 1 9.22744
0 0 0 0 1 9.24055
0 0 0 0 1 9.16745
0 0 0 0 0 9.17463
0 0 0 0 1 9.18174
0 0 0 0 0 9.10625
0 0 0 0 0 9.04952
0 0 0 0 0 9.10247
0 0 0 0 1 9.10968
0 0 0 0 0 9.06251
0 0 0 0 1 9.00661
0 0 0 0 0 9.02877
0 0 0 0 0 9.01817
0 0 0 0 1 8.93277
0 0 0 0 0 9.00286
0 0 0 0 1 8.85017
0 0 0 0 0 8.87578
0 0 0 0 0 8.8659
0 0 0 0 1 8.89685
0 0 0 0 1 8.82548
0 0 0 0 0 8.73705
0 0 0 0 1 8.78225
0 0 0 0 0 8.79909
0 0 0 0 0 8.62984
0 0 0 0 1 8.68183
0 0 0 0 1 8.71285
0 0 0 0 1 8.71265
0 0 0 0 1 8.62304
0 0 0 0 0 8.61463
0 0 0 0 1 8.61997
0 0 0 0 1 8.58614
0 0 0 0 1 8.54053
0 0 0 0 0 8.50368
0 0 0 0 1 8.51791
0 0 0 0 1 8.50675
0 0 0 0 1 8.51258
0 0 0 0 1 8.42946
0 0 0 0 1 8.32645
0 0 0 0 0 8.33283
0 0 0 0 1 8.28076
0 0 0 0 1 8.36238
0 0 0 0 0 8.33928
0 0 0 0 1 8.22971
0 0 0 0 1 8.21176
0 0 0 0 1 8.33889
0 0 0 0 1 8.18895
0 0 0 0 1 8.29484
0 0 0 0 1 8.26897
0 0 0 0 1 8.20232
0 0 0 0 1 8.16057
0 0 0 0 0 8.10276
0 0 0 0 1 8.086
0 0 0 0 1 8.19129
0 0 0 0 1 8.02863
0 0 0 0 0 8.17427
0 0 0 0 1 8.13365
0 0 0 0 1 8.06911
0 0 0 0 1 8.05716
0 0 0 0 1 8.10564
0 0 0 0 1 7.94558
0 0 0 0 1 7.9463
0 0 0 0 1 7.97906
0 0 0 0 0 7.9837
0 0 0 0 1 7.97668
0 0 0 0 0 7.86651
0 0 0 0 1 7.87584
0 0 0 0 1 7.88526
0 0 0 0 1 7.87459
0 0 0 0 1 7.84473
0 0 0 0 1 7.82299
0 0 0 0 0 7.89926
0 0 0 0 1 7.8654
0 0 0 0 1 7.85973
0 0 0 0 1 7.84638
0 0 0 0 1 7.80195
0 0 0 0 0 7.72977
0 0 0 0 1 7.80283
0 0 0 0 1 7.72792
0 0 0 0 1 7.78859
0 0 0 0 1 7.82282
0 0 0 0 1 7.67411
