0 0 0 0 1 5.53625
0 0 0 0 0 5.512
0 0 0 0 0 5.51561
0 0 0 0 1 5.58309
0 0 0 0 1 5.53679
0 0 0 0 1 5.57431
0 0 0 0 0 5.62789
0 0 0 0 1 5.59856
0 0 0 0 1 5.57713
0 0 0 0 1 5.64897
0 0 0 0 1 5.60855
0 0 0 0 1 5.69784
0 0 0 0 1 5.61452
0 0 0 0 0 5.69861
0 0 0 0 1 5.62436
0 0 0 0 0 5.72236
0 0 0 0 1 5.6424
0 0 0 0 1 5.73888
0 0 0 0 1 5.67596
0 0 0 0 0 5.70828
0 0 0 0 0 5.69677
0 0 0 0 0 5.78857
0 0 0 0 1 5.69113
0 0 0 0 1 5.7489
0 0 0 0 1 5.79144
0 0 0 0 0 5.73994
0 0 0 0 0 5.84469
0 0 0 0 0 5.82806
0 0 0 0 1 5.75909
0 0 0 0 0 5.78316
0 0 0 0 1 5.78989
0 0 0 0 1 5.82759
0 0 0 0 1 5.91816
0 0 0 0 1 5.8784
0 0 0 0 0 5.87385
0 0 0 0 1 5.86344
0 0 0 0 1 5.95355
0 0 0 0 1 5.88414
0 0 0 0 0 5.99265
0 0 0 0 1 5.94099
0 0 0 0 1 5.91898
0 0 0 0 1 5.98663
0 0 0 0 1 6.00199
0 0 0 0 1 6.05217
0 0 0 0 1 5.9883
0 0 0 0 1 5.97242
0 0 0 0 1 6.03998
0 0 0 0 0 6.03031
0 0 0 0 1 6.11794
0 0 0 0 0 6.04144
0 0 0 0 1 6.14183
0 0 0 0 1 6.1141
0 0 0 0 1 6.17121
0 0 0 0 1 6.14452
0 0 0 0 1 6.14755
0 0 0 0 1 6.14443
0 0 0 0 1 6.24058
0 0 0 0 1 6.19945
0 0 0 0 1 6.30261
0 0 0 0 0 6.20612
0 0 0 0 1 6.24623
0 0 0 0 1 6.34417
0 0 0 0 1 6.32275
0 0 0 0 1 6.26327
0 0 0 0 1 6.39378
0 0 0 0 1 6.38429
0 0 0 0 1 6.33087
0 0 0 0 0 6.43001
0 0 0 0 1 6.45988
0 0 0 0 1 6.41189
0 0 0 0 1 6.44836
0 0 0 0 1 6.51676
0 0 0 0 0 6.52774
0 0 0 0 0 6.49314
0 0 0 0 1 6.54333
0 0 0 0 0 6.49477
0 0 0 0 1 6.59069
0 0 0 0 1 6.5558
0 0 0 0 1 6.6459
0 0 0 0 1 6.68344
0 0 0 0 1 6.70788
0 0 0 0 0 6.73969
0 0 0 0 1 6.73139
0 0 0 0 1 6.67532
0 0 0 0 1 6.72022
0 0 0 0 1 6.79934
0 0 0 0 1 6.8177
0 0 0 0 0 6.85666
0 0 0 0 0 6.8547
0 0 0 0 1 6.86644
0 0 0 0 1 6.98191
0 0 0 0 1 6.97373
0 0 0 0 1 7.02068
0 0 0 0 1 6.92125
0 0 0 0 1 7.0173
0 0 0 0 1 6.9803
0 0 0 0 1 7.02725
0 0 0 0 1 7.11756
0 0 0 0 1 7.15148
0 0 0 0 1 7.18559
0 0 0 0 1 7.19116
0 0 0 0 1 7.16788
0 0 0 0 1 7.16556
0 0 0 0 1 7.25076
0 0 0 0 1 7.24856
0 0 0 0 1 7.35659
0 0 0 0 0 7.34724
0 0 0 0 1 7.35333
0 0 0 0 1 7.37332
0 0 0 0 1 7.44551
0 0 0 0 1 7.53356
0 0 0 0 1 7.4565
0 0 0 0 1 7.55978
0 0 0 0 0 7.59559
0 0 0 0 1 7.65481
0 0 0 0 1 7.57625
0 0 0 0 1 7.74281
0 0 0 0 1 7.8026
0 0 0 0 1 7.72305
0 0 0 0 0 7.73614
0 0 0 0 1 7.8671
0 0 0 0 0 7.82557
0 0 0 0 1 7.86985
0 0 0 0 1 7.93869
0 0 0 0 1 7.95155
0 0 0 0 1 8.0692
0 0 0 0 1 8.09093
0 0 0 0 1 8.12886
0 0 0 0 1 8.22345
0 0 0 0 0 8.13907
0 0 0 0 1 8.24232
0 0 0 0 1 8.32156
0 0 0 0 1 8.25213
0 0 0 0 1 8.31489
0 0 0 0 0 8.4537
0 0 0 0 1 8.46683
0 0 0 0 1 8.58182
0 0 0 0 1 8.63786
0 0 0 0 1 8.51436
0 0 0 0 0 8.66496
0 0 0 0 0 8.71188
0 0 0 0 1 8.79463
0 0 0 0 1 8.78921
0 0 0 0 0 8.85569
0 0 0 0 1 8.93866
0 0 0 0 1 9.03111
0 0 0 0 0 9.03414
0 0 0 0 1 9.15451
0 0 0 0 1 9.16733
0 0 0 0 1 9.19725
0 0 0 0 1 9.31928
0 0 0 0 0 9.21946
0 0 0 0 1 9.30582
0 0 0 0 1 9.48444
0 0 0 0 1 9.44833
0 0 0 0 1 9.43849
0 0 0 0 1 9.51411
0 0 0 0 1 9.72649
0 0 0 0 1 9.65801
0 0 0 0 1 9.68567
0 0 0 0 1 9.82135
0 0 0 0 1 9.90011
0 0 0 0 1 9.93631
0 0 0 0 1 9.9838
0 0 0 0 1 10.0498
0 0 0 0 1 10.1277
0 0 0 0 0 10.2967
0 0 0 0 1 10.457
0 0 0 0 1 10.3494
0 0 0 0 1 10.4475
0 0 0 0 1 10.5566
0 0 0 0 1 10.7392
0 0 0 0 1 10.8287
0 0 0 0 1 10.9057
0 0 0 0 1 9.26867
0 0 0 0 1 9.32818
0 0 0 0 1 9.23483
0 0 0 0 1 9.30353
0 0 0 0 0 9.31221
0 0 0 0 1 9.2702
0 0 0 0 0 9.15055
0 0 0 0 0 9.09101
0 0 0 0 1 9.19168
0 0 0 0 1 9.0778
0 0 0 0 1 9.1782
0 0 0 0 0 9.03783
0 0 0 0 1 8.97501
0 0 0 0 1 8.94866
0 0 0 0 1 9.07153
0 0 0 0 0 9.04529
0 0 0 0 1 9.02397
0 0 0 0 0 8.98018
0 0 0 0 0 8.89192
0 0 0 0 1 8.90229
0 0 0 0 1 8.84629
0 0 0 0 0 8.91025
0 0 0 0 0 8.95633
0 0 0 0 1 8.86942
0 0 0 0 1 8.836
0 0 0 0 1 8.79892
0 0 0 0 0 8.81883
0 0 0 0 1 8.77721
0 0 0 0 0 8.69194
0 0 0 0 0 8.721
0 0 0 0 1 8.78507
0 0 0 0 0 8.64453
0 0 0 0 0 8.70874
0 0 0 0 0 8.62489
0 0 0 0 1 8.70652
0 0 0 0 1 8.69258
0 0 0 0 1 8.72211
0 0 0 0 1 8.65654
0 0 0 0 1 8.56539
0 0 0 0 1 8.53499
0 0 0 0 0 8.67698
0 0 0 0 1 8.57799
0 0 0 0 1 8.52235
0 0 0 0 1 8.58697
0 0 0 0 1 8.53173
0 0 0 0 1 8.5537
0 0 0 0 1 8.55314
0 0 0 0 0 8.58378
0 0 0 0 1 8.53267
0 0 0 0 1 8.62164
0 0 0 0 0 8.85979
0 0 0 0 1 9.00359
0 0 0 0 1 9.13874
0 0 0 0 1 9.19136
0 0 0 0 0 9.39137
0 0 0 0 0 9.62208
0 0 0 0 1 9.59391
0 0 0 0 0 9.87486
0 0 0 0 0 10.0498
0 0 0 0 1 10.1536
0 0 0 0 1 10.3794
0 0 0 0 1 10.6162
0 0 0 0 0 10.7912
0 0 0 0 0 11.0293
0 0 0 0 1 11.0794
0 0 0 0 1 11.2471
0 0 0 0 1 11.5504
0 0 0 0 1 11.8314
0 0 0 0 1 12.006
0 0 0 0 0 12.3456
0 0 0 0 1 12.4851
0 0 0 0 1 12.7705
0 0 0 0 1 22.6373
0 0 0 0 0 22.8229
0 0 0 0 1 22.5756
0 0 0 0 1 22.7617
0 0 0 0 1 22.8121
0 0 0 0 0 22.6816
0 0 0 0 0 22.3935
0 0 0 0 1 22.5808
0 0 0 0 1 22.565
0 0 0 0 1 22.7753
0 0 0 0 0 22.3541
0 0 0 0 1 22.6102
0 0 0 0 1 22.7101
0 0 0 0 1 22.7188
0 0 0 0 1 22.6379
0 0 0 0 1 22.3326
0 0 0 0 0 22.6125
0 0 0 0 1 22.578
0 0 0 0 1 23.4084
0 0 0 0 0 24.0997
0 0 0 0 0 24.9171
0 0 0 0 1 26.1598
0 0 0 0 1 36.6361
0 0 0 0 1 36.439
0 0 0 0 1 36.3156
0 0 0 0 1 36.6294
0 0 0 0 0 36.0286
0 0 0 0 0 38.3722
0 0 0 0 1 52.0146
0 0 0 0 0 51.5827
0 0 0 0 1 52.1413
0 0 0 0 1 52.3879
0 0 0 0 1 51.6991
0 0 0 0 1 56.0469
0 0 0 0 1 66.0517
0 0 0 0 0 69.1763
0 0 0 0 1 82.3827
0 0 0 0 0 5.04006
0 0 0 0 0 5.01501
0 0 0 0 0 5.0601
0 0 0 0 0 5.03004
0 0 0 0 0 4.99998
0 0 0 0 0 4.99998
0 0 0 0 0 4.99998
0 0 0 0 0 5.00499
0 0 0 0 0 5.0601
0 0 0 0 0 5.05509
0 0 0 0 0 5.01501
0 0 0 0 0 4.97994
0 0 0 0 1 86.8025
0 0 0 0 1 87.4247
0 0 0 0 1 75.7461
0 0 0 0 1 64.0305
0 0 0 0 1 60.1027
0 0 0 0 1 60.356
0 0 0 0 1 60.3073
0 0 0 0 1 52.0349
0 0 0 0 1 47.5553
0 0 0 0 1 47.7115
0 0 0 0 1 39.0778
0 0 0 0 1 36.8566
0 0 0 0 0 35.4182
0 0 0 0 1 35.8584
0 0 0 0 1 35.8349
0 0 0 0 1 35.9199
0 0 0 0 1 28.0217
0 0 0 0 1 26.5891
0 0 0 0 1 25.6904
0 0 0 0 0 24.4422
0 0 0 0 1 24.4785
0 0 0 0 1 24.6631
0 0 0 0 0 24.7239
0 0 0 0 1 24.6878
0 0 0 0 0 24.5534
0 0 0 0 1 24.7896
0 0 0 0 1 24.4831
0 0 0 0 1 24.9677
0 0 0 0 1 24.7841
0 0 0 0 1 18.2909
0 0 0 0 1 17.5266
0 0 0 0 1 17.1574
0 0 0 0 1 16.7946
0 0 0 0 1 16.3913
0 0 0 0 1 16.0383
0 0 0 0 1 15.6403
0 0 0 0 1 15.2119
0 0 0 0 1 14.8753
0 0 0 0 1 14.3654
0 0 0 0 1 14.0144
0 0 0 0 1 13.9981
0 0 0 0 1 13.7598
0 0 0 0 1 13.9387
0 0 0 0 1 13.784
0 0 0 0 0 13.9637
0 0 0 0 1 14.0764
0 0 0 0 0 13.8522
0 0 0 0 1 14.0052
0 0 0 0 1 13.9069
0 0 0 0 1 14.1051
0 0 0 0 1 13.923
0 0 0 0 1 13.9654
0 0 0 0 1 14.1907
0 0 0 0 1 13.9409
0 0 0 0 1 14.2235
0 0 0 0 1 13.957
0 0 0 0 0 14.1304
0 0 0 0 1 14.0615
0 0 0 0 0 14.0209
0 0 0 0 1 14.0399
0 0 0 0 1 14.2833
0 0 0 0 1 14.2747
0 0 0 0 1 14.164
0 0 0 0 1 14.3693
0 0 0 0 1 14.1447
0 0 0 0 1 14.3368
0 0 0 0 1 14.3836
0 0 0 0 1 14.3908
0 0 0 0 0 14.4813
0 0 0 0 1 8.8524
0 0 0 0 1 8.70349
0 0 0 0 1 8.56426
0 0 0 0 1 8.50322
0 0 0 0 1 8.41613
0 0 0 0 1 8.27077
0 0 0 0 1 8.12774
0 0 0 0 1 8.10618
0 0 0 0 0 8.06822
0 0 0 0 1 7.87105
0 0 0 0 1 7.80293
0 0 0 0 1 7.80254
0 0 0 0 1 7.58798
0 0 0 0 1 7.61071
0 0 0 0 0 7.48923
0 0 0 0 1 7.32617
0 0 0 0 1 7.33157
0 0 0 0 1 7.20688
0 0 0 0 1 7.13353
0 0 0 0 1 7.04613
0 0 0 0 0 7.0645
0 0 0 0 1 6.93039
0 0 0 0 1 6.8231
0 0 0 0 1 6.80071
0 0 0 0 1 6.7101
0 0 0 0 1 6.72723
0 0 0 0 1 6.67665
0 0 0 0 0 6.59969
0 0 0 0 1 6.43857
0 0 0 0 1 6.42371
0 0 0 0 1 6.444
0 0 0 0 1 6.28832
0 0 0 0 1 6.22238
0 0 0 0 0 6.25014
0 0 0 0 1 6.23343
0 0 0 0 1 6.14277
0 0 0 0 1 6.1014
0 0 0 0 1 6.05081
0 0 0 0 1 5.94975
0 0 0 0 1 5.86431
0 0 0 0 1 5.82378
0 0 0 0 0 5.76857
0 0 0 0 1 5.82353
0 0 0 0 1 5.72213
0 0 0 0 1 5.63586
0 0 0 0 0 5.64922
0 0 0 0 1 5.57782
0 0 0 0 1 5.51553
0 0 0 0 1 5.53903
0 0 0 0 0 5.43011
0 0 0 0 1 5.46369
0 0 0 0 0 5.36985
0 0 0 0 0 5.4164
0 0 0 0 1 5.37342
0 0 0 0 1 5.3021
0 0 0 0 1 5.2859
0 0 0 0 1 5.18929
0 0 0 0 0 5.1713
0 0 0 0 1 5.11201
0 0 0 0 1 5.07873
0 0 0 0 1 5.02203
0 0 0 0 0 5.04953
0 0 0 0 1 5.00952
0 0 0 0 1 4.96148
0 0 0 0 1 4.91868
0 0 0 0 1 4.86629
0 0 0 0 1 4.84844
0 0 0 0 1 4.88722
0 0 0 0 0 4.81579
0 0 0 0 1 4.79574
0 0 0 0 1 4.86048
0 0 0 0 1 4.87826
0 0 0 0 1 4.87671
0 0 0 0 1 4.84966
0 0 0 0 1 4.87733
0 0 0 0 0 4.915
0 0 0 0 1 4.90365
0 0 0 0 1 4.97014
0 0 0 0 1 4.9093
0 0 0 0 1 4.92762
0 0 0 0 1 4.97982
0 0 0 0 1 4.98345
0 0 0 0 1 5.00719
0 0 0 0 1 5.02602
0 0 0 0 1 5.11081
0 0 0 0 1 5.09452
0 0 0 0 0 5.1291
0 0 0 0 1 5.15365
0 0 0 0 0 5.0999
0 0 0 0 1 5.17082
0 0 0 0 1 5.16461
0 0 0 0 1 5.22583
0 0 0 0 0 5.18839
0 0 0 0 1 5.23959
0 0 0 0 1 5.22808
0 0 0 0 1 5.32718
0 0 0 0 0 5.24835
0 0 0 0 1 5.3536
0 0 0 0 1 5.3581
0 0 0 0 1 5.33574
0 0 0 0 1 5.42081
0 0 0 0 1 5.38365
0 0 0 0 1 5.40432
0 0 0 0 1 5.43054
0 0 0 0 1 5.46783
0 0 0 0 0 5.51787
0 0 0 0 0 5.51146
0 0 0 0 1 5.60634
0 0 0 0 0 5.52759
0 0 0 0 1 5.59513
0 0 0 0 1 5.63349
0 0 0 0 1 5.66802
0 0 0 0 1 5.6217
0 0 0 0 1 5.73032
0 0 0 0 0 5.74657
0 0 0 0 1 5.81049
0 0 0 0 1 5.77658
0 0 0 0 1 5.84676
0 0 0 0 1 5.77578
0 0 0 0 1 5.8756
0 0 0 0 0 5.85838
0 0 0 0 1 5.90596
0 0 0 0 1 5.8943
0 0 0 0 1 5.97808
0 0 0 0 0 6.06251
0 0 0 0 0 6.00858
0 0 0 0 1 6.03288
0 0 0 0 1 6.14272
0 0 0 0 1 6.14299
0 0 0 0 1 6.12607
0 0 0 0 0 9.44289
0 0 0 0 1 9.38652
0 0 0 0 1 9.35559
0 0 0 0 1 9.40017
0 0 0 0 0 9.29749
0 0 0 0 1 9.37926
0 0 0 0 1 9.39521
0 0 0 0 0 9.26844
0 0 0 0 0 9.27857
0 0 0 0 1 9.14694
0 0 0 0 1 9.28294
0 0 0 0 1 9.19795
0 0 0 0 0 9.07694
0 0 0 0 1 9.0478
0 0 0 0 0 9.00069
0 0 0 0 0 9.10777
0 0 0 0 1 8.95246
0 0 0 0 1 9.04677
0 0 0 0 1 8.94638
0 0 0 0 1 8.93277
0 0 0 0 1 8.89579
0 0 0 0 1 8.85017
0 0 0 0 1 8.80484
0 0 0 0 1 8.83054
0 0 0 0 1 8.75577
0 0 0 0 1 8.86064
0 0 0 0 1 8.84221
0 0 0 0 0 8.78225
0 0 0 0 0 8.72933
0 0 0 0 1 8.69074
0 0 0 0 1 8.66449
0 0 0 0 1 8.62633
0 0 0 0 1 8.59188
0 0 0 0 1 8.55419
0 0 0 0 1 8.58889
0 0 0 0 1 8.48301
0 0 0 0 1 8.50079
0 0 0 0 1 8.54905
0 0 0 0 1 8.51218
0 0 0 0 1 8.50096
0 0 0 0 1 8.44756
0 0 0 0 1 8.35228
0 0 0 0 1 8.32851
0 0 0 0 1 8.40199
0 0 0 0 1 8.43333
0 0 0 0 0 8.28911
0 0 0 0 1 8.35404
0 0 0 0 1 8.23951
0 0 0 0 0 8.28779
0 0 0 0 1 8.24487
0 0 0 0 0 8.19013
0 0 0 0 1 8.26317
0 0 0 0 0 8.27838
0 0 0 0 1 8.28539
0 0 0 0 0 8.27607
0 0 0 0 1 8.11151
0 0 0 0 1 8.24148
0 0 0 0 1 8.19186
0 0 0 0 1 8.14254
0 0 0 0 1 8.06107
0 0 0 0 1 8.08524
0 0 0 0 0 8.02865
0 0 0 0 1 8.11748
0 0 0 0 1 8.08936
0 0 0 0 0 7.96104
0 0 0 0 0 8.02576
0 0 0 0 1 7.93029
0 0 0 0 1 7.94712
0 0 0 0 1 8.03155
0 0 0 0 1 7.93688
0 0 0 0 1 7.87446
0 0 0 0 1 7.97102
0 0 0 0 1 7.90901
0 0 0 0 1 7.82715
0 0 0 0 1 7.8763
0 0 0 0 1 7.90965
0 0 0 0 1 7.89926
0 0 0 0 1 7.89683
0 0 0 0 1 7.87542
0 0 0 0 1 7.86988
0 0 0 0 0 7.88012
0 0 0 0 1 7.78443
0 0 0 0 1 7.75606
0 0 0 0 1 7.70457
0 0 0 0 1 7.80414
0 0 0 0 1 7.75297
0 0 0 0 0 7.81364
