0 0 0 0 1 5.58617
0 0 0 0 0 5.57312
0 0 0 0 1 5.52674
0 0 0 0 1 5.62767
0 0 0 0 0 5.5647
0 0 0 0 1 5.58549
0 0 0 0 1 5.63908
0 0 0 0 1 5.58735
0 0 0 0 1 5.57713
0 0 0 0 1 5.5759
0 0 0 0 1 5.6536
0 0 0 0 0 5.66963
0 0 0 0 1 5.6597
0 0 0 0 1 5.64767
0 0 0 0 1 5.70941
0 0 0 0 1 5.69965
0 0 0 0 0 5.69359
0 0 0 0 1 5.70469
0 0 0 0 1 5.67025
0 0 0 0 1 5.67399
0 0 0 0 1 5.74258
0 0 0 0 1 5.75415
0 0 0 0 1 5.80035
0 0 0 0 1 5.70858
0 0 0 0 1 5.72222
0 0 0 0 0 5.82664
0 0 0 0 0 5.76359
0 0 0 0 1 5.77001
0 0 0 0 1 5.75909
0 0 0 0 0 5.88227
0 0 0 0 1 5.87169
0 0 0 0 0 5.8861
0 0 0 0 1 5.84785
0 0 0 0 0 5.84317
0 0 0 0 1 5.86796
0 0 0 0 1 5.95192
0 0 0 0 1 5.94173
0 0 0 0 1 5.93747
0 0 0 0 1 5.88575
0 0 0 0 1 5.94099
0 0 0 0 1 5.98462
0 0 0 0 1 5.96271
0 0 0 0 1 5.98402
0 0 0 0 1 5.98012
0 0 0 0 1 5.9582
0 0 0 0 0 6.04482
0 0 0 0 1 6.09445
0 0 0 0 0 6.12131
0 0 0 0 1 6.13011
0 0 0 0 1 6.03535
0 0 0 0 1 6.08072
0 0 0 0 1 6.09572
0 0 0 0 1 6.17736
0 0 0 0 1 6.09527
0 0 0 0 1 6.23396
0 0 0 0 1 6.13824
0 0 0 0 1 6.25919
0 0 0 0 1 6.28659
0 0 0 0 1 6.19653
0 0 0 0 1 6.2374
0 0 0 0 1 6.24623
0 0 0 0 1 6.30641
0 0 0 0 1 6.3543
0 0 0 0 0 6.28225
0 0 0 0 1 6.32401
0 0 0 0 1 6.37156
0 0 0 0 1 6.32449
0 0 0 0 1 6.43001
0 0 0 0 1 6.48556
0 0 0 0 0 6.46344
0 0 0 0 1 6.50005
0 0 0 0 1 6.46488
0 0 0 0 1 6.55374
0 0 0 0 1 6.52574
0 0 0 0 0 6.60216
0 0 0 0 1 6.62598
0 0 0 0 1 6.61703
0 0 0 0 1 6.58221
0 0 0 0 0 6.63928
0 0 0 0 1 6.71669
0 0 0 0 0 6.62778
0 0 0 0 1 6.68615
0 0 0 0 1 6.65757
0 0 0 0 1 6.66859
0 0 0 0 1 6.80811
0 0 0 0 1 6.77898
0 0 0 0 1 6.8177
0 0 0 0 1 6.88401
0 0 0 0 1 6.90273
0 0 0 0 0 6.83889
0 0 0 0 1 6.89205
0 0 0 0 1 6.98759
0 0 0 0 1 6.9163
0 0 0 0 1 6.96315
0 0 0 0 1 6.96121
0 0 0 0 1 6.9803
0 0 0 0 1 7.13329
0 0 0 0 0 7.16013
0 0 0 0 1 7.14436
0 0 0 0 0 7.21419
0 0 0 0 1 7.18399
0 0 0 0 1 7.18229
0 0 0 0 0 7.17279
0 0 0 0 1 7.2217
0 0 0 0 1 7.32886
0 0 0 0 1 7.28331
0 0 0 0 1 7.28834
0 0 0 0 1 7.36071
0 0 0 0 0 7.48458
0 0 0 0 1 7.50513
0 0 0 0 0 7.556
0 0 0 0 0 7.56173
0 0 0 0 1 7.49937
0 0 0 0 0 7.59559
0 0 0 0 1 7.57102
0 0 0 0 1 7.66808
0 0 0 0 1 7.6121
0 0 0 0 1 7.70217
0 0 0 0 1 7.81619
0 0 0 0 1 7.82192
0 0 0 0 1 7.80448
0 0 0 0 1 7.8413
0 0 0 0 0 7.88566
0 0 0 0 0 7.89101
0 0 0 0 1 7.96753
0 0 0 0 1 8.05314
0 0 0 0 1 8.01027
0 0 0 0 1 8.04782
0 0 0 0 1 8.0686
0 0 0 0 1 8.10632
0 0 0 0 1 8.29996
0 0 0 0 1 8.305
0 0 0 0 1 8.327
0 0 0 0 1 8.432
0 0 0 0 1 8.42005
0 0 0 0 1 8.50067
0 0 0 0 1 8.5478
0 0 0 0 1 8.47537
0 0 0 0 1 8.61746
0 0 0 0 1 8.69951
0 0 0 0 1 8.65101
0 0 0 0 1 8.7247
0 0 0 0 1 8.77162
0 0 0 0 1 8.8822
0 0 0 0 1 8.83193
0 0 0 0 1 8.8879
0 0 0 0 1 8.93506
0 0 0 0 1 9.00042
0 0 0 0 1 9.16733
0 0 0 0 1 9.21559
0 0 0 0 1 9.31005
0 0 0 0 1 9.34016
0 0 0 0 1 9.35249
0 0 0 0 0 9.40924
0 0 0 0 0 9.54291
0 0 0 0 0 9.59088
0 0 0 0 1 9.57165
0 0 0 0 1 9.57211
0 0 0 0 0 9.78432
0 0 0 0 1 9.75416
0 0 0 0 1 9.8312
0 0 0 0 1 9.82083
0 0 0 0 1 10.0661
0 0 0 0 0 10.0441
0 0 0 0 1 10.07
0 0 0 0 1 10.1277
0 0 0 0 1 10.3481
0 0 0 0 1 10.3845
0 0 0 0 0 10.4327
0 0 0 0 1 10.5105
0 0 0 0 0 10.5249
0 0 0 0 0 10.6538
0 0 0 0 1 10.7857
0 0 0 0 1 10.8624
0 0 0 0 1 9.33381
0 0 0 0 0 9.30033
0 0 0 0 1 9.34598
0 0 0 0 0 9.2481
0 0 0 0 1 9.21079
0 0 0 0 0 9.10466
0 0 0 0 1 9.15973
0 0 0 0 1 9.19171
0 0 0 0 0 9.08203
0 0 0 0 1 9.10514
0 0 0 0 0 9.01446
0 0 0 0 1 8.99246
0 0 0 0 1 8.99312
0 0 0 0 1 9.03002
0 0 0 0 1 8.98136
0 0 0 0 1 8.94629
0 0 0 0 1 9.05988
0 0 0 0 0 8.92641
0 0 0 0 1 8.95454
0 0 0 0 1 8.97373
0 0 0 0 0 8.91756
0 0 0 0 1 8.91915
0 0 0 0 0 8.86756
0 0 0 0 1 8.8517
0 0 0 0 0 8.79177
0 0 0 0 1 8.88718
0 0 0 0 1 8.73954
0 0 0 0 0 8.87395
0 0 0 0 1 8.70949
0 0 0 0 1 8.73853
0 0 0 0 1 8.66257
0 0 0 0 0 8.76678
0 0 0 0 1 8.75232
0 0 0 0 0 8.74673
0 0 0 0 1 8.67176
0 0 0 0 1 8.59715
0 0 0 0 1 8.73943
0 0 0 0 1 8.57006
0 0 0 0 1 8.68627
0 0 0 0 1 8.68155
0 0 0 0 1 8.52203
0 0 0 0 0 8.51783
0 0 0 0 1 8.6425
0 0 0 0 1 8.62982
0 0 0 0 0 8.4975
0 0 0 0 0 8.56224
0 0 0 0 1 8.60436
0 0 0 0 1 8.55821
0 0 0 0 1 8.53267
0 0 0 0 1 8.72604
0 0 0 0 1 8.79802
0 0 0 0 0 8.91401
0 0 0 0 1 9.04781
0 0 0 0 1 9.21907
0 0 0 0 1 9.43828
0 0 0 0 1 9.50764
0 0 0 0 1 9.69072
0 0 0 0 1 9.76657
0 0 0 0 0 9.9998
0 0 0 0 1 10.174
0 0 0 0 0 10.2551
0 0 0 0 1 10.6478
0 0 0 0 1 10.7697
0 0 0 0 1 10.8542
0 0 0 0 1 11.2132
0 0 0 0 1 11.3494
0 0 0 0 1 11.5736
0 0 0 0 1 11.9141
0 0 0 0 0 12.1627
0 0 0 0 1 12.3333
0 0 0 0 1 12.5479
0 0 0 0 1 12.7191
0 0 0 0 1 22.5691
0 0 0 0 1 22.8683
0 0 0 0 1 22.7117
0 0 0 0 0 22.7164
0 0 0 0 1 22.5402
0 0 0 0 1 22.7948
0 0 0 0 1 22.7328
0 0 0 0 1 22.4904
0 0 0 0 0 22.8134
0 0 0 0 0 22.6173
0 0 0 0 0 22.7827
0 0 0 0 1 22.7229
0 0 0 0 1 22.7327
0 0 0 0 1 22.336
0 0 0 0 1 22.3004
0 0 0 0 0 22.4001
0 0 0 0 0 22.2529
0 0 0 0 1 22.6678
0 0 0 0 1 23.1764
0 0 0 0 1 24.1962
0 0 0 0 1 25.319
0 0 0 0 0 26.0812
0 0 0 0 1 36.2355
0 0 0 0 1 36.3662
0 0 0 0 1 36.3156
0 0 0 0 1 36.1929
0 0 0 0 1 36.5017
0 0 0 0 1 38.4878
0 0 0 0 1 51.6502
0 0 0 0 1 52.3635
0 0 0 0 1 51.5689
0 0 0 0 0 51.8676
0 0 0 0 0 51.7511
0 0 0 0 1 55.8777
0 0 0 0 1 65.528
0 0 0 0 1 70.2909
0 0 0 0 1 81.6464
0 0 0 0 0 5.04507
0 0 0 0 0 5.00499
0 0 0 0 0 5.05008
0 0 0 0 0 4.99497
0 0 0 0 0 5.03505
0 0 0 0 0 4.99998
0 0 0 0 0 4.98996
0 0 0 0 0 5.05008
0 0 0 0 0 5.05509
0 0 0 0 0 4.96491
0 0 0 0 0 4.99998
0 0 0 0 0 5.02503
0 0 0 0 1 87.1529
0 0 0 0 1 88.1255
0 0 0 0 1 74.8443
0 0 0 0 1 63.3282
0 0 0 0 0 60.4054
0 0 0 0 1 60.9008
0 0 0 0 1 60.4889
0 0 0 0 1 51.5192
0 0 0 0 1 47.5553
0 0 0 0 1 47.5675
0 0 0 0 0 39.2349
0 0 0 0 1 36.8566
0 0 0 0 1 35.3112
0 0 0 0 1 35.8228
0 0 0 0 0 35.9777
0 0 0 0 1 35.4915
0 0 0 0 1 27.7971
0 0 0 0 0 26.6963
0 0 0 0 1 25.5622
0 0 0 0 0 24.7376
0 0 0 0 1 24.6509
0 0 0 0 0 24.6631
0 0 0 0 1 24.8225
0 0 0 0 0 24.6385
0 0 0 0 1 24.7014
0 0 0 0 1 24.5674
0 0 0 0 1 24.6313
0 0 0 0 1 24.7452
0 0 0 0 1 24.8583
0 0 0 0 1 18.3273
0 0 0 0 1 17.5266
0 0 0 0 1 17.0542
0 0 0 0 1 16.5604
0 0 0 0 1 16.1958
0 0 0 0 1 15.7207
0 0 0 0 1 15.5009
0 0 0 0 1 15.2119
0 0 0 0 1 14.6687
0 0 0 0 1 14.3942
0 0 0 0 1 14.1554
0 0 0 0 1 13.9148
0 0 0 0 1 13.8293
0 0 0 0 1 13.9805
0 0 0 0 0 13.9372
0 0 0 0 1 13.8383
0 0 0 0 1 14.0066
0 0 0 0 1 13.9081
0 0 0 0 1 14.0052
0 0 0 0 1 13.9769
0 0 0 0 0 13.965
0 0 0 0 0 14.1193
0 0 0 0 1 14.1759
0 0 0 0 1 14.0783
0 0 0 0 1 14.1097
0 0 0 0 1 14.1108
0 0 0 0 1 14.1121
0 0 0 0 1 14.0033
0 0 0 0 1 14.0756
0 0 0 0 0 14.0068
0 0 0 0 1 14.224
0 0 0 0 1 14.2124
0 0 0 0 1 14.1895
0 0 0 0 1 14.1924
0 0 0 0 1 14.1984
0 0 0 0 1 14.273
0 0 0 0 0 14.3939
0 0 0 0 1 14.2549
0 0 0 0 1 14.3622
0 0 0 0 1 14.2662
0 0 0 0 1 8.74649
0 0 0 0 1 8.72092
0 0 0 0 1 8.65025
0 0 0 0 1 8.44376
0 0 0 0 1 8.46647
0 0 0 0 1 8.32049
0 0 0 0 1 8.11955
0 0 0 0 1 8.15472
0 0 0 0 1 8.04423
0 0 0 0 1 7.93427
0 0 0 0 0 7.84202
0 0 0 0 0 7.78709
0 0 0 0 0 7.58798
0 0 0 0 0 7.60315
0 0 0 0 1 7.46681
0 0 0 0 1 7.44457
0 0 0 0 1 7.39011
0 0 0 0 1 7.29379
0 0 0 0 1 7.14787
0 0 0 0 0 7.08871
0 0 0 0 0 6.98725
0 0 0 0 1 6.99302
0 0 0 0 1 6.94014
0 0 0 0 0 6.80753
0 0 0 0 1 6.68983
0 0 0 0 1 6.73392
0 0 0 0 1 6.62361
0 0 0 0 1 6.57999
0 0 0 0 1 6.52312
0 0 0 0 1 6.49465
0 0 0 0 0 6.43761
0 0 0 0 1 6.36431
0 0 0 0 1 6.26633
0 0 0 0 0 6.23146
0 0 0 0 1 6.21491
0 0 0 0 1 6.08159
0 0 0 0 0 6.02862
0 0 0 0 1 6.06285
0 0 0 0 1 6.0154
0 0 0 0 1 5.96501
0 0 0 0 0 5.90597
0 0 0 0 1 5.86763
0 0 0 0 1 5.7657
0 0 0 0 1 5.68769
0 0 0 0 1 5.69842
0 0 0 0 1 5.62665
0 0 0 0 1 5.63942
0 0 0 0 1 5.61014
0 0 0 0 0 5.47828
0 0 0 0 1 5.46847
0 0 0 0 1 5.44194
0 0 0 0 1 5.45088
0 0 0 0 0 5.34125
0 0 0 0 1 5.30419
0 0 0 0 0 5.32326
0 0 0 0 1 5.2649
0 0 0 0 1 5.16321
0 0 0 0 0 5.22829
0 0 0 0 1 5.19438
0 0 0 0 1 5.0685
0 0 0 0 1 5.06769
0 0 0 0 1 5.01426
0 0 0 0 1 5.01955
0 0 0 0 1 4.95152
0 0 0 0 1 4.95332
0 0 0 0 1 4.94002
0 0 0 0 1 4.86797
0 0 0 0 1 4.84836
0 0 0 0 1 4.80614
0 0 0 0 1 4.82944
0 0 0 0 1 4.83152
0 0 0 0 1 4.87341
0 0 0 0 1 4.84267
0 0 0 0 0 4.87891
0 0 0 0 0 4.91157
0 0 0 0 1 4.93955
0 0 0 0 1 4.97758
0 0 0 0 0 4.92073
0 0 0 0 1 4.98864
0 0 0 0 0 4.95749
0 0 0 0 1 4.98481
0 0 0 0 1 5.04355
0 0 0 0 1 5.01724
0 0 0 0 0 5.03611
0 0 0 0 0 5.11588
0 0 0 0 0 5.08943
0 0 0 0 1 5.06785
0 0 0 0 1 5.0768
0 0 0 0 1 5.17181
0 0 0 0 1 5.11411
0 0 0 0 1 5.12838
0 0 0 0 1 5.22583
0 0 0 0 0 5.20403
0 0 0 0 1 5.19248
0 0 0 0 1 5.2596
0 0 0 0 1 5.26916
0 0 0 0 1 5.29077
0 0 0 0 1 5.36425
0 0 0 0 1 5.35275
0 0 0 0 1 5.32502
0 0 0 0 1 5.41005
0 0 0 0 0 5.3566
0 0 0 0 1 5.48037
0 0 0 0 1 5.43054
0 0 0 0 0 5.43499
0 0 0 0 1 5.47936
0 0 0 0 1 5.57773
0 0 0 0 0 5.53418
0 0 0 0 1 5.62231
0 0 0 0 1 5.62874
0 0 0 0 0 5.62787
0 0 0 0 1 5.66802
0 0 0 0 1 5.71247
0 0 0 0 0 5.6847
0 0 0 0 1 5.70651
0 0 0 0 1 5.69543
0 0 0 0 1 5.79393
0 0 0 0 1 5.84676
0 0 0 0 1 5.80495
0 0 0 0 1 5.84628
0 0 0 0 1 5.83481
0 0 0 0 1 5.90004
0 0 0 0 1 5.94193
0 0 0 0 1 5.96611
0 0 0 0 0 5.95426
0 0 0 0 1 5.99045
0 0 0 0 0 6.09971
0 0 0 0 1 6.08165
0 0 0 0 1 6.08776
0 0 0 0 1 6.1199
0 0 0 0 1 9.5
0 0 0 0 1 9.51926
0 0 0 0 1 9.49734
0 0 0 0 0 9.42843
0 0 0 0 1 9.39131
0 0 0 0 1 9.41666
0 0 0 0 1 9.41386
0 0 0 0 1 9.27773
0 0 0 0 1 9.23227
0 0 0 0 1 9.14694
0 0 0 0 0 9.25534
0 0 0 0 1 9.09708
0 0 0 0 0 9.10436
0 0 0 0 1 9.09336
0 0 0 0 1 9.03702
0 0 0 0 1 9.09872
0 0 0 0 1 8.98856
0 0 0 0 1 9.02877
0 0 0 0 1 9.03612
0 0 0 0 1 8.98648
0 0 0 0 1 8.98502
0 0 0 0 1 8.84127
0 0 0 0 1 8.90238
0 0 0 0 1 8.76866
0 0 0 0 0 8.87922
0 0 0 0 1 8.81669
0 0 0 0 1 8.71076
0 0 0 0 1 8.66853
0 0 0 0 1 8.77293
0 0 0 0 1 8.65594
0 0 0 0 1 8.60377
0 0 0 0 1 8.69555
0 0 0 0 1 8.61776
0 0 0 0 1 8.61443
0 0 0 0 1 8.60605
0 0 0 0 1 8.59429
0 0 0 0 1 8.60321
0 0 0 0 0 8.54905
0 0 0 0 1 8.43572
0 0 0 0 1 8.40773
0 0 0 0 1 8.52366
0 0 0 0 1 8.41134
0 0 0 0 1 8.34534
0 0 0 0 1 8.32645
0 0 0 0 1 8.32446
0 0 0 0 1 8.30583
0 0 0 0 0 8.37072
0 0 0 0 1 8.33928
0 0 0 0 1 8.37075
0 0 0 0 1 8.22004
0 0 0 0 0 8.28104
0 0 0 0 1 8.26317
0 0 0 0 1 8.21255
0 0 0 0 0 8.26075
0 0 0 0 1 8.21871
0 0 0 0 1 8.09516
0 0 0 0 1 8.16804
0 0 0 0 0 8.11043
0 0 0 0 0 8.0694
0 0 0 0 0 8.0854
0 0 0 0 1 8.15808
0 0 0 0 0 8.09326
0 0 0 0 0 7.99656
0 0 0 0 0 8.1296
0 0 0 0 1 8.06548
0 0 0 0 1 8.06585
0 0 0 0 1 8.02632
0 0 0 0 1 7.91517
0 0 0 0 0 7.89596
0 0 0 0 1 7.97668
0 0 0 0 1 7.90624
0 0 0 0 0 7.97895
0 0 0 0 1 7.83776
0 0 0 0 1 7.98527
0 0 0 0 1 7.82895
0 0 0 0 0 7.88601
0 0 0 0 0 7.89926
0 0 0 0 1 7.88112
0 0 0 0 1 7.80482
0 0 0 0 1 7.78374
0 0 0 0 1 7.76286
0 0 0 0 1 7.81566
0 0 0 0 1 7.75606
0 0 0 0 1 7.7357
0 0 0 0 0 7.81191
0 0 0 0 1 7.75297
0 0 0 0 1 7.78263
