0 0 0 0 1 5.60282
0 0 0 0 1 5.53978
0 0 0 0 1 5.61022
0 0 0 0 1 5.60538
0 0 0 0 0 5.58702
0 0 0 0 1 5.59667
0 0 0 0 1 5.61111
0 0 0 0 0 5.57053
0 0 0 0 1 5.59396
0 0 0 0 0 5.61524
0 0 0 0 1 5.67049
0 0 0 0 1 5.64707
0 0 0 0 1 5.60887
0 0 0 0 1 5.67031
0 0 0 0 1 5.68106
0 0 0 0 1 5.68262
0 0 0 0 1 5.69359
0 0 0 0 0 5.72749
0 0 0 0 1 5.73877
0 0 0 0 1 5.77113
0 0 0 0 1 5.75975
0 0 0 0 1 5.72547
0 0 0 0 1 5.70263
0 0 0 0 0 5.78923
0 0 0 0 0 5.82029
0 0 0 0 0 5.79774
0 0 0 0 1 5.80993
0 0 0 0 1 5.83387
0 0 0 0 0 5.8638
0 0 0 0 1 5.82397
0 0 0 0 1 5.78405
0 0 0 0 0 5.8861
0 0 0 0 1 5.84199
0 0 0 0 1 5.83729
0 0 0 0 1 5.86208
0 0 0 0 1 5.92832
0 0 0 0 1 5.9299
0 0 0 0 1 5.9671
0 0 0 0 1 5.9689
0 0 0 0 1 5.95885
0 0 0 0 1 6.00252
0 0 0 0 1 5.95673
0 0 0 0 1 6.00798
0 0 0 0 0 5.98613
0 0 0 0 0 6.00033
0 0 0 0 1 5.98449
0 0 0 0 1 6.08839
0 0 0 0 1 6.09705
0 0 0 0 1 6.13619
0 0 0 0 1 6.13898
0 0 0 0 1 6.08072
0 0 0 0 1 6.07122
0 0 0 0 1 6.12204
0 0 0 0 0 6.12605
0 0 0 0 0 6.22161
0 0 0 0 1 6.16918
0 0 0 0 1 6.17855
0 0 0 0 1 6.20567
0 0 0 0 1 6.29013
0 0 0 0 1 6.29371
0 0 0 0 1 6.3404
0 0 0 0 1 6.34417
0 0 0 0 1 6.26596
0 0 0 0 1 6.3202
0 0 0 0 1 6.38109
0 0 0 0 1 6.39066
0 0 0 0 1 6.35002
0 0 0 0 1 6.46203
0 0 0 0 1 6.39566
0 0 0 0 1 6.41189
0 0 0 0 1 6.48067
0 0 0 0 1 6.45191
0 0 0 0 1 6.54074
0 0 0 0 1 6.58441
0 0 0 0 1 6.49104
0 0 0 0 0 6.52757
0 0 0 0 1 6.51827
0 0 0 0 0 6.66803
0 0 0 0 1 6.56639
0 0 0 0 1 6.60364
0 0 0 0 0 6.60776
0 0 0 0 1 6.71961
0 0 0 0 1 6.66428
0 0 0 0 1 6.74942
0 0 0 0 1 6.7405
0 0 0 0 1 6.77898
0 0 0 0 1 6.85856
0 0 0 0 1 6.89768
0 0 0 0 0 6.91645
0 0 0 0 0 6.86644
0 0 0 0 1 6.94735
0 0 0 0 1 6.93907
0 0 0 0 1 7.01372
0 0 0 0 0 7.02601
0 0 0 0 1 7.05235
0 0 0 0 1 7.02252
0 0 0 0 0 6.99897
0 0 0 0 1 7.05369
0 0 0 0 1 7.19422
0 0 0 0 1 7.17844
0 0 0 0 0 7.20552
0 0 0 0 1 7.18229
0 0 0 0 1 7.2886
0 0 0 0 1 7.28709
0 0 0 0 1 7.29236
0 0 0 0 1 7.3859
0 0 0 0 1 7.28834
0 0 0 0 1 7.44192
0 0 0 0 1 7.34364
0 0 0 0 1 7.52749
0 0 0 0 0 7.556
0 0 0 0 1 7.54669
0 0 0 0 0 7.50692
0 0 0 0 1 7.54247
0 0 0 0 0 7.60911
0 0 0 0 1 7.63747
0 0 0 0 1 7.73512
0 0 0 0 1 7.71762
0 0 0 0 0 7.70753
0 0 0 0 1 7.80632
0 0 0 0 1 7.89059
0 0 0 0 1 7.78624
0 0 0 0 0 7.9173
0 0 0 0 1 8.00226
0 0 0 0 1 8.05544
0 0 0 0 1 7.97285
0 0 0 0 1 8.01027
0 0 0 0 1 8.03161
0 0 0 0 1 8.0686
0 0 0 0 1 8.13907
0 0 0 0 1 8.26702
0 0 0 0 0 8.31328
0 0 0 0 1 8.33532
0 0 0 0 1 8.41527
0 0 0 0 1 8.33594
0 0 0 0 1 8.37379
0 0 0 0 0 8.44574
0 0 0 0 0 8.47537
0 0 0 0 1 8.66042
0 0 0 0 1 8.71679
0 0 0 0 1 8.62493
0 0 0 0 1 8.75092
0 0 0 0 1 8.8596
0 0 0 0 1 8.76731
0 0 0 0 1 8.84082
0 0 0 0 1 9.01321
0 0 0 0 1 9.08818
0 0 0 0 1 9.01855
0 0 0 0 1 9.15822
0 0 0 0 1 9.09639
0 0 0 0 1 9.2916
0 0 0 0 1 9.33087
0 0 0 0 0 9.39916
0 0 0 0 1 9.37164
0 0 0 0 1 9.46724
0 0 0 0 1 9.46706
0 0 0 0 1 9.49493
0 0 0 0 1 9.69755
0 0 0 0 1 9.78432
0 0 0 0 1 9.68567
0 0 0 0 1 9.8312
0 0 0 0 1 10.0091
0 0 0 0 0 10.0162
0 0 0 0 1 10.1547
0 0 0 0 1 10.1612
0 0 0 0 1 10.2195
0 0 0 0 1 10.2248
0 0 0 0 1 10.3328
0 0 0 0 0 10.3389
0 0 0 0 1 10.542
0 0 0 0 1 10.472
0 0 0 0 1 10.7178
0 0 0 0 1 10.6353
0 0 0 0 1 10.8516
0 0 0 0 1 9.38034
0 0 0 0 1 9.24464
0 0 0 0 1 9.35524
0 0 0 0 1 9.19266
0 0 0 0 1 9.23845
0 0 0 0 1 9.26101
0 0 0 0 1 9.1689
0 0 0 0 1 9.21918
0 0 0 0 1 9.11858
0 0 0 0 1 9.13248
0 0 0 0 1 9.06904
0 0 0 0 1 9.03783
0 0 0 0 1 9.07463
0 0 0 0 1 9.09329
0 0 0 0 1 9.02644
0 0 0 0 1 9.01829
0 0 0 0 0 9.06886
0 0 0 0 1 9.04292
0 0 0 0 1 8.87403
0 0 0 0 1 8.98266
0 0 0 0 1 8.81956
0 0 0 0 1 8.94582
0 0 0 0 0 8.95633
0 0 0 0 1 8.81626
0 0 0 0 1 8.80062
0 0 0 0 1 8.88718
0 0 0 0 1 8.83645
0 0 0 0 1 8.84757
0 0 0 0 1 8.74461
0 0 0 0 1 8.72976
0 0 0 0 1 8.75882
0 0 0 0 1 8.72312
0 0 0 0 1 8.78719
0 0 0 0 1 8.74673
0 0 0 0 0 8.61963
0 0 0 0 1 8.6145
0 0 0 0 0 8.57486
0 0 0 0 1 8.63924
0 0 0 0 1 8.66037
0 0 0 0 1 8.6988
0 0 0 0 1 8.63394
0 0 0 0 1 8.67254
0 0 0 0 1 8.65967
0 0 0 0 0 8.5784
0 0 0 0 0 8.50606
0 0 0 0 1 8.6306
0 0 0 0 0 8.51046
0 0 0 0 0 8.46444
0 0 0 0 1 8.5584
0 0 0 0 0 8.73474
0 0 0 0 1 8.91274
0 0 0 0 1 8.93192
0 0 0 0 1 9.04781
0 0 0 0 1 9.17288
0 0 0 0 1 9.31631
0 0 0 0 0 9.62208
0 0 0 0 1 9.69072
0 0 0 0 1 9.9044
0 0 0 0 1 9.92973
0 0 0 0 1 10.123
0 0 0 0 1 10.3898
0 0 0 0 1 10.5317
0 0 0 0 0 10.6301
0 0 0 0 1 10.8433
0 0 0 0 0 11.202
0 0 0 0 0 11.4516
0 0 0 0 0 11.4693
0 0 0 0 1 11.9023
0 0 0 0 1 12.006
0 0 0 0 1 12.1979
0 0 0 0 1 12.4474
0 0 0 0 1 12.8733
0 0 0 0 0 22.6828
0 0 0 0 0 22.6639
0 0 0 0 0 22.9159
0 0 0 0 0 22.5124
0 0 0 0 1 22.427
0 0 0 0 1 22.5232
0 0 0 0 1 22.7554
0 0 0 0 1 22.8294
0 0 0 0 1 22.4068
0 0 0 0 0 22.7979
0 0 0 0 0 22.5346
0 0 0 0 1 22.6553
0 0 0 0 1 22.7327
0 0 0 0 1 22.5612
0 0 0 0 0 22.2779
0 0 0 0 1 22.3326
0 0 0 0 0 22.2978
0 0 0 0 0 22.5555
0 0 0 0 1 23.4316
0 0 0 0 1 24.0514
0 0 0 0 1 25.0929
0 0 0 0 1 26.0288
0 0 0 0 1 36.1263
0 0 0 0 1 36.5482
0 0 0 0 1 36.7158
0 0 0 0 1 36.5566
0 0 0 0 1 36.1014
0 0 0 0 1 38.3337
0 0 0 0 0 52.1708
0 0 0 0 1 52.1553
0 0 0 0 0 52.4015
0 0 0 0 0 51.7116
0 0 0 0 1 52.1672
0 0 0 0 1 56.8926
0 0 0 0 1 66.1171
0 0 0 0 1 70.0819
0 0 0 0 1 81.6464
0 0 0 0 0 5.03505
0 0 0 0 0 4.97994
0 0 0 0 0 4.96491
0 0 0 0 0 5.03004
0 0 0 0 0 5.0601
0 0 0 0 0 5.03004
0 0 0 0 0 4.96491
0 0 0 0 0 4.98996
0 0 0 0 0 5.04507
0 0 0 0 0 4.96491
0 0 0 0 0 5.04507
0 0 0 0 0 5.04006
0 0 0 0 1 86.8025
0 0 0 0 1 87.9503
0 0 0 0 1 74.5437
0 0 0 0 1 64.3497
0 0 0 0 1 60.4054
0 0 0 0 1 60.7192
0 0 0 0 1 60.3678
0 0 0 0 1 51.1582
0 0 0 0 1 47.6992
0 0 0 0 1 48.1435
0 0 0 0 1 39.4705
0 0 0 0 1 37.188
0 0 0 0 1 35.4538
0 0 0 0 1 35.3589
0 0 0 0 1 36.0133
0 0 0 0 1 36.0628
0 0 0 0 0 28.3586
0 0 0 0 1 26.6963
0 0 0 0 1 25.8186
0 0 0 0 1 24.7622
0 0 0 0 1 24.6755
0 0 0 0 1 24.6631
0 0 0 0 1 24.5514
0 0 0 0 0 24.6878
0 0 0 0 1 24.7014
0 0 0 0 1 24.6662
0 0 0 0 1 24.8537
0 0 0 0 1 24.5722
0 0 0 0 1 24.5615
0 0 0 0 1 18.3637
0 0 0 0 1 17.8273
0 0 0 0 1 17.2949
0 0 0 0 0 16.6273
0 0 0 0 1 16.2284
0 0 0 0 0 15.8477
0 0 0 0 1 15.4699
0 0 0 0 0 15.1061
0 0 0 0 0 14.9048
0 0 0 0 0 14.4808
0 0 0 0 0 14.2118
0 0 0 0 1 13.8176
0 0 0 0 1 13.7737
0 0 0 0 1 13.9526
0 0 0 0 1 13.8815
0 0 0 0 1 14.0473
0 0 0 0 1 14.0624
0 0 0 0 1 13.9918
0 0 0 0 1 13.9353
0 0 0 0 1 13.8929
0 0 0 0 1 14.1191
0 0 0 0 1 14.0773
0 0 0 0 1 14.1619
0 0 0 0 1 14.1766
0 0 0 0 1 14.1238
0 0 0 0 1 13.9418
0 0 0 0 1 14.239
0 0 0 0 1 14.088
0 0 0 0 0 14.2311
0 0 0 0 0 14.2332
0 0 0 0 1 14.1532
0 0 0 0 1 14.2975
0 0 0 0 1 14.3315
0 0 0 0 1 14.1355
0 0 0 0 1 14.3551
0 0 0 0 0 14.1162
0 0 0 0 1 14.2939
0 0 0 0 1 14.3407
0 0 0 0 1 14.4624
0 0 0 0 1 14.2088
0 0 0 0 1 8.87005
0 0 0 0 1 8.65122
0 0 0 0 1 8.59006
0 0 0 0 1 8.52871
0 0 0 0 1 8.32383
0 0 0 0 1 8.35364
0 0 0 0 1 8.21787
0 0 0 0 1 8.13045
0 0 0 0 1 7.92429
0 0 0 0 1 7.83154
0 0 0 0 1 7.78729
0 0 0 0 1 7.77936
0 0 0 0 1 7.7026
0 0 0 0 1 7.53513
0 0 0 0 1 7.49671
0 0 0 0 0 7.42237
0 0 0 0 1 7.39011
0 0 0 0 1 7.28655
0 0 0 0 1 7.20523
0 0 0 0 0 7.15966
0 0 0 0 1 6.95916
0 0 0 0 1 6.99302
0 0 0 0 1 6.85752
0 0 0 0 1 6.7666
0 0 0 0 0 6.82498
0 0 0 0 0 6.70045
0 0 0 0 1 6.56394
0 0 0 0 1 6.57342
0 0 0 0 0 6.51661
0 0 0 0 1 6.4882
0 0 0 0 1 6.37374
0 0 0 0 1 6.30731
0 0 0 0 1 6.29144
0 0 0 0 0 6.21279
0 0 0 0 1 6.14085
0 0 0 0 1 6.08771
0 0 0 0 1 6.08927
0 0 0 0 1 6.03275
0 0 0 0 1 5.98556
0 0 0 0 1 5.91762
0 0 0 0 1 5.87661
0 0 0 0 1 5.76857
0 0 0 0 1 5.80039
0 0 0 0 1 5.791
0 0 0 0 0 5.69842
0 0 0 0 1 5.6718
0 0 0 0 1 5.57782
0 0 0 0 0 5.61014
0 0 0 0 1 5.53903
0 0 0 0 1 5.49586
0 0 0 0 0 5.43107
0 0 0 0 0 5.41847
0 0 0 0 1 5.39493
0 0 0 0 1 5.30952
0 0 0 0 1 5.2968
0 0 0 0 1 5.2544
0 0 0 0 0 5.23101
0 0 0 0 1 5.14021
0 0 0 0 0 5.1429
0 0 0 0 0 5.0685
0 0 0 0 1 5.08798
0 0 0 0 1 5.08985
0 0 0 0 0 4.96439
0 0 0 0 1 4.97642
0 0 0 0 0 4.91373
0 0 0 0 0 4.90561
0 0 0 0 1 4.87286
0 0 0 0 1 4.86779
0 0 0 0 1 4.82062
0 0 0 0 1 4.80055
0 0 0 0 1 4.87496
0 0 0 0 1 4.81528
0 0 0 0 1 4.89129
0 0 0 0 1 4.91303
0 0 0 0 0 4.93114
0 0 0 0 1 4.8659
0 0 0 0 1 4.96772
0 0 0 0 0 4.90591
0 0 0 0 1 4.94401
0 0 0 0 1 4.93758
0 0 0 0 1 4.94988
0 0 0 0 1 5.02352
0 0 0 0 1 4.97702
0 0 0 0 0 4.99574
0 0 0 0 1 5.07029
0 0 0 0 1 5.07926
0 0 0 0 1 5.15461
0 0 0 0 1 5.13316
0 0 0 0 0 5.1564
0 0 0 0 0 5.20691
0 0 0 0 1 5.12838
0 0 0 0 1 5.20505
0 0 0 0 1 5.20403
0 0 0 0 0 5.2867
0 0 0 0 1 5.28062
0 0 0 0 1 5.24807
0 0 0 0 0 5.35438
0 0 0 0 1 5.30571
0 0 0 0 1 5.3207
0 0 0 0 1 5.38937
0 0 0 0 1 5.43158
0 0 0 0 1 5.43776
0 0 0 0 1 5.42062
0 0 0 0 1 5.47416
0 0 0 0 1 5.52256
0 0 0 0 1 5.45735
0 0 0 0 1 5.57221
0 0 0 0 0 5.56748
0 0 0 0 1 5.53316
0 0 0 0 1 5.65674
0 0 0 0 1 5.67847
0 0 0 0 0 5.60585
0 0 0 0 1 5.72949
0 0 0 0 1 5.65049
0 0 0 0 1 5.73513
0 0 0 0 1 5.71269
0 0 0 0 1 5.82284
0 0 0 0 1 5.82933
0 0 0 0 1 5.86329
0 0 0 0 1 5.82283
0 0 0 0 0 5.95268
0 0 0 0 1 5.9415
0 0 0 0 1 5.91216
0 0 0 0 1 5.94816
0 0 0 0 0 5.97831
0 0 0 0 1 6.01462
0 0 0 0 1 6.03288
0 0 0 0 1 6.09387
0 0 0 0 1 6.12458
0 0 0 0 1 6.1693
0 0 0 0 1 9.45241
0 0 0 0 1 9.43393
0 0 0 0 0 9.48789
0 0 0 0 1 9.37191
0 0 0 0 0 9.41007
0 0 0 0 1 9.39796
0 0 0 0 1 9.33929
0 0 0 0 1 9.27773
0 0 0 0 0 9.16745
0 0 0 0 0 9.22078
0 0 0 0 1 9.25534
0 0 0 0 0 9.21629
0 0 0 0 1 9.09522
0 0 0 0 0 9.19359
0 0 0 0 1 9.11876
0 0 0 0 1 9.07156
0 0 0 0 1 9.03369
0 0 0 0 1 8.91174
0 0 0 0 1 8.98228
0 0 0 0 1 9.03123
0 0 0 0 1 8.94041
0 0 0 0 0 8.9658
0 0 0 0 1 8.85804
0 0 0 0 0 8.75982
0 0 0 0 1 8.87922
0 0 0 0 1 8.8079
0 0 0 0 0 8.84221
0 0 0 0 1 8.72101
0 0 0 0 1 8.64212
0 0 0 0 1 8.78643
0 0 0 0 0 8.5951
0 0 0 0 0 8.73016
0 0 0 0 1 8.55738
0 0 0 0 1 8.54558
0 0 0 0 1 8.63179
0 0 0 0 0 8.55149
0 0 0 0 1 8.51786
0 0 0 0 1 8.49796
0 0 0 0 1 8.50368
0 0 0 0 1 8.39925
0 0 0 0 1 8.37146
0 0 0 0 1 8.36072
0 0 0 0 0 8.48835
0 0 0 0 1 8.46914
0 0 0 0 0 8.31608
0 0 0 0 1 8.39774
0 0 0 0 1 8.28734
0 0 0 0 1 8.28108
0 0 0 0 0 8.24631
0 0 0 0 1 8.20348
0 0 0 0 0 8.3141
0 0 0 0 1 8.29616
0 0 0 0 1 8.25369
0 0 0 0 1 8.2936
0 0 0 0 1 8.16954
0 0 0 0 0 8.12786
0 0 0 0 0 8.10276
0 0 0 0 1 8.17558
0 0 0 0 0 8.15879
0 0 0 0 1 8.13406
0 0 0 0 1 8.06096
0 0 0 0 1 8.10134
0 0 0 0 1 8.14166
0 0 0 0 1 8.01692
0 0 0 0 1 8.11368
0 0 0 0 1 7.96964
0 0 0 0 1 7.99431
0 0 0 0 0 8.06692
0 0 0 0 1 8.00762
0 0 0 0 1 8.01649
0 0 0 0 0 7.9857
0 0 0 0 0 7.99481
0 0 0 0 0 7.94859
0 0 0 0 1 7.85878
0 0 0 0 0 7.97101
0 0 0 0 1 7.8545
0 0 0 0 1 7.84419
0 0 0 0 0 7.81826
0 0 0 0 1 7.88326
0 0 0 0 1 7.88554
0 0 0 0 1 7.84104
0 0 0 0 1 7.76881
0 0 0 0 0 7.76385
0 0 0 0 1 7.80574
0 0 0 0 1 7.76527
0 0 0 0 1 7.83058
0 0 0 0 1 7.81364
