0 0 0 0 1 5.59727
0 0 0 0 1 5.57312
0 0 0 0 1 5.62136
0 0 0 0 1 5.59981
0 0 0 0 1 5.55354
0 0 0 0 1 5.62463
0 0 0 0 0 5.63349
0 0 0 0 1 5.6546
0 0 0 0 1 5.6164
0 0 0 0 1 5.57028
0 0 0 0 1 5.68175
0 0 0 0 1 5.6922
0 0 0 0 1 5.59757
0 0 0 0 1 5.63636
0 0 0 0 1 5.65838
0 0 0 0 1 5.73371
0 0 0 0 1 5.7334
0 0 0 0 1 5.68189
0 0 0 0 1 5.68738
0 0 0 0 1 5.72542
0 0 0 0 1 5.7483
0 0 0 0 1 5.71399
0 0 0 0 1 5.70263
0 0 0 0 1 5.80651
0 0 0 0 1 5.82029
0 0 0 0 1 5.76884
0 0 0 0 0 5.79835
0 0 0 0 1 5.86289
0 0 0 0 1 5.82308
0 0 0 0 1 5.82397
0 0 0 0 0 5.86584
0 0 0 0 1 5.84514
0 0 0 0 1 5.82441
0 0 0 0 0 5.92538
0 0 0 0 1 5.87385
0 0 0 0 1 5.91063
0 0 0 0 0 5.94764
0 0 0 0 1 5.93155
0 0 0 0 1 5.95108
0 0 0 0 1 5.92313
0 0 0 0 1 6.01445
0 0 0 0 1 6.0285
0 0 0 0 1 5.94209
0 0 0 0 1 5.98012
0 0 0 0 0 6.01237
0 0 0 0 1 6.04482
0 0 0 0 1 6.00972
0 0 0 0 1 6.04851
0 0 0 0 1 6.11186
0 0 0 0 1 6.07193
0 0 0 0 1 6.15406
0 0 0 0 1 6.08959
0 0 0 0 1 6.17736
0 0 0 0 1 6.11989
0 0 0 0 0 6.15989
0 0 0 0 1 6.24344
0 0 0 0 1 6.22197
0 0 0 0 1 6.1621
0 0 0 0 1 6.23397
0 0 0 0 1 6.2374
0 0 0 0 1 6.22112
0 0 0 0 1 6.33159
0 0 0 0 1 6.32275
0 0 0 0 1 6.2949
0 0 0 0 1 6.31132
0 0 0 0 1 6.35246
0 0 0 0 1 6.32449
0 0 0 0 1 6.4236
0 0 0 0 1 6.45345
0 0 0 0 1 6.46988
0 0 0 0 1 6.5259
0 0 0 0 1 6.44543
0 0 0 0 1 6.46922
0 0 0 0 1 6.46706
0 0 0 0 1 6.51065
0 0 0 0 1 6.52101
0 0 0 0 1 6.55119
0 0 0 0 0 6.5492
0 0 0 0 1 6.57964
0 0 0 0 0 6.64354
0 0 0 0 1 6.68785
0 0 0 0 0 6.6393
0 0 0 0 1 6.65757
0 0 0 0 1 6.71574
0 0 0 0 1 6.77431
0 0 0 0 1 6.73148
0 0 0 0 1 6.76321
0 0 0 0 1 6.80197
0 0 0 0 1 6.83411
0 0 0 0 1 6.81823
0 0 0 0 0 6.84366
0 0 0 0 1 7.00146
0 0 0 0 1 6.88847
0 0 0 0 0 6.92823
0 0 0 0 1 6.94018
0 0 0 0 0 7.05771
0 0 0 0 0 7.12622
0 0 0 0 0 7.12465
0 0 0 0 1 7.0945
0 0 0 0 1 7.13554
0 0 0 0 1 7.19834
0 0 0 0 1 7.14627
0 0 0 0 1 7.28136
0 0 0 0 0 7.19991
0 0 0 0 1 7.26316
0 0 0 0 1 7.31995
0 0 0 0 0 7.34724
0 0 0 0 1 7.39762
0 0 0 0 1 7.34364
0 0 0 0 1 7.47532
0 0 0 0 1 7.51111
0 0 0 0 1 7.53918
0 0 0 0 1 7.54468
0 0 0 0 1 7.52729
0 0 0 0 0 7.66243
0 0 0 0 1 7.69104
0 0 0 0 1 7.62747
0 0 0 0 1 7.66355
0 0 0 0 1 7.78515
0 0 0 0 1 7.85312
0 0 0 0 1 7.77317
0 0 0 0 1 7.80984
0 0 0 0 1 7.94894
0 0 0 0 1 7.86717
0 0 0 0 0 8.07142
0 0 0 0 1 7.98088
0 0 0 0 1 8.09093
0 0 0 0 1 8.08023
0 0 0 0 0 8.07675
0 0 0 0 1 8.23733
0 0 0 0 0 8.25879
0 0 0 0 1 8.29672
0 0 0 0 1 8.37691
0 0 0 0 1 8.44036
0 0 0 0 1 8.37799
0 0 0 0 1 8.39917
0 0 0 0 1 8.48826
0 0 0 0 1 8.49247
0 0 0 0 1 8.55732
0 0 0 0 1 8.58721
0 0 0 0 1 8.64232
0 0 0 0 1 8.76841
0 0 0 0 1 8.76282
0 0 0 0 1 8.74963
0 0 0 0 0 8.98313
0 0 0 0 1 8.86105
0 0 0 0 1 9.06116
0 0 0 0 1 9.10919
0 0 0 0 0 9.02153
0 0 0 0 1 9.26144
0 0 0 0 1 9.26392
0 0 0 0 1 9.35872
0 0 0 0 1 9.29648
0 0 0 0 1 9.40924
0 0 0 0 1 9.42941
0 0 0 0 1 9.51468
0 0 0 0 1 9.61002
0 0 0 0 1 9.57211
0 0 0 0 0 9.74545
0 0 0 0 1 9.71502
0 0 0 0 1 9.81149
0 0 0 0 1 9.92984
0 0 0 0 1 9.90635
0 0 0 0 0 10.024
0 0 0 0 1 10.1004
0 0 0 0 1 10.2705
0 0 0 0 0 10.194
0 0 0 0 1 10.4466
0 0 0 0 1 10.3389
0 0 0 0 1 10.416
0 0 0 0 1 10.6518
0 0 0 0 1 10.7605
0 0 0 0 1 10.6353
0 0 0 0 0 10.7974
0 0 0 0 1 9.37104
0 0 0 0 1 9.32818
0 0 0 0 1 9.18851
0 0 0 0 1 9.14647
0 0 0 0 1 9.16469
0 0 0 0 1 9.2794
0 0 0 0 1 9.24233
0 0 0 0 0 9.20087
0 0 0 0 0 9.10944
0 0 0 0 1 9.10514
0 0 0 0 1 9.08723
0 0 0 0 0 8.98338
0 0 0 0 1 9.11086
0 0 0 0 0 9.0029
0 0 0 0 1 9.03546
0 0 0 0 1 8.99129
0 0 0 0 1 8.97009
0 0 0 0 1 9.01603
0 0 0 0 1 9.01716
0 0 0 0 1 8.98266
0 0 0 0 1 8.92646
0 0 0 0 1 8.98139
0 0 0 0 0 8.82318
0 0 0 0 1 8.78082
0 0 0 0 1 8.92444
0 0 0 0 1 8.84305
0 0 0 0 0 8.87169
0 0 0 0 1 8.70685
0 0 0 0 1 8.80607
0 0 0 0 1 8.75606
0 0 0 0 1 8.73257
0 0 0 0 1 8.8017
0 0 0 0 0 8.639
0 0 0 0 1 8.72062
0 0 0 0 1 8.74997
0 0 0 0 1 8.59715
0 0 0 0 1 8.64415
0 0 0 0 1 8.57006
0 0 0 0 1 8.57402
0 0 0 0 1 8.60396
0 0 0 0 1 8.62533
0 0 0 0 1 8.67254
0 0 0 0 0 8.65108
0 0 0 0 1 8.56126
0 0 0 0 1 8.50606
0 0 0 0 0 8.56224
0 0 0 0 0 8.51046
0 0 0 0 1 8.45592
0 0 0 0 1 8.54125
0 0 0 0 0 8.76084
0 0 0 0 1 8.7539
0 0 0 0 1 8.90505
0 0 0 0 1 9.12965
0 0 0 0 1 9.30221
0 0 0 0 0 9.31631
0 0 0 0 1 9.5744
0 0 0 0 1 9.58423
0 0 0 0 1 9.94378
0 0 0 0 1 9.94975
0 0 0 0 1 10.0823
0 0 0 0 1 10.338
0 0 0 0 1 10.6373
0 0 0 0 0 10.7053
0 0 0 0 1 11.0074
0 0 0 0 1 11.1574
0 0 0 0 1 11.3835
0 0 0 0 1 11.5736
0 0 0 0 0 11.926
0 0 0 0 1 11.9819
0 0 0 0 0 12.3825
0 0 0 0 1 12.4976
0 0 0 0 1 12.809
0 0 0 0 1 22.5237
0 0 0 0 1 22.7775
0 0 0 0 0 22.7344
0 0 0 0 1 22.7391
0 0 0 0 1 22.8347
0 0 0 0 1 22.659
0 0 0 0 1 22.5744
0 0 0 0 1 22.4
0 0 0 0 0 22.6779
0 0 0 0 1 22.6624
0 0 0 0 1 22.4218
0 0 0 0 0 22.4299
0 0 0 0 1 22.6425
0 0 0 0 0 22.7188
0 0 0 0 1 22.7054
0 0 0 0 1 22.67
0 0 0 0 1 22.4102
0 0 0 0 1 22.3983
0 0 0 0 1 23.0836
0 0 0 0 1 24.2203
0 0 0 0 1 24.892
0 0 0 0 1 26.2385
0 0 0 0 1 36.6361
0 0 0 0 0 36.621
0 0 0 0 1 36.3156
0 0 0 0 0 36.5203
0 0 0 0 1 36.5381
0 0 0 0 1 38.873
0 0 0 0 1 51.8064
0 0 0 0 1 52.4155
0 0 0 0 1 51.9332
0 0 0 0 1 51.7636
0 0 0 0 1 52.5313
0 0 0 0 1 56.2724
0 0 0 0 0 66.0517
0 0 0 0 1 69.9426
0 0 0 0 1 81.1555
0 0 0 0 0 5.03004
0 0 0 0 0 4.99497
0 0 0 0 0 5.02503
0 0 0 0 0 5.01501
0 0 0 0 0 4.97994
0 0 0 0 0 4.9599
0 0 0 0 0 5.00499
0 0 0 0 0 5.00499
0 0 0 0 0 5.03004
0 0 0 0 0 4.96992
0 0 0 0 0 5.03505
0 0 0 0 0 4.97994
0 0 0 0 1 88.2916
0 0 0 0 0 87.0743
0 0 0 0 0 75.0698
0 0 0 0 0 63.3921
0 0 0 0 1 60.0422
0 0 0 0 1 61.0219
0 0 0 0 1 61.0339
0 0 0 0 1 52.0864
0 0 0 0 1 48.3231
0 0 0 0 1 47.6155
0 0 0 0 1 39.0778
0 0 0 0 1 36.8566
0 0 0 0 1 35.7392
0 0 0 0 0 35.9298
0 0 0 0 1 35.6564
0 0 0 0 1 36.0628
0 0 0 0 0 27.8813
0 0 0 0 1 26.9643
0 0 0 0 1 25.8442
0 0 0 0 0 24.713
0 0 0 0 1 24.7248
0 0 0 0 1 24.5892
0 0 0 0 1 24.8718
0 0 0 0 1 24.6878
0 0 0 0 1 24.7755
0 0 0 0 1 24.518
0 0 0 0 1 24.5078
0 0 0 0 1 24.8688
0 0 0 0 1 24.5615
0 0 0 0 0 18.2909
0 0 0 0 1 17.5089
0 0 0 0 0 17.037
0 0 0 0 1 16.6106
0 0 0 0 1 16.1307
0 0 0 0 1 15.8636
0 0 0 0 1 15.3615
0 0 0 0 1 15.2724
0 0 0 0 1 14.6835
0 0 0 0 1 14.3654
0 0 0 0 1 14.1554
0 0 0 0 1 13.8731
0 0 0 0 1 13.9405
0 0 0 0 1 14.05
0 0 0 0 1 13.965
0 0 0 0 0 13.9637
0 0 0 0 1 13.8531
0 0 0 0 1 14.0617
0 0 0 0 0 13.8375
0 0 0 0 1 14.0608
0 0 0 0 1 13.965
0 0 0 0 1 13.9511
0 0 0 0 0 13.9934
0 0 0 0 1 14.1485
0 0 0 0 1 13.9409
0 0 0 0 1 14.2094
0 0 0 0 0 14.1262
0 0 0 0 1 14.1868
0 0 0 0 1 14.2311
0 0 0 0 1 14.2332
0 0 0 0 1 14.2524
0 0 0 0 1 14.2407
0 0 0 0 1 14.2179
0 0 0 0 1 14.292
0 0 0 0 0 14.3123
0 0 0 0 1 14.159
0 0 0 0 0 14.4082
0 0 0 0 1 14.355
0 0 0 0 1 14.3908
0 0 0 0 0 14.4239
0 0 0 0 1 8.80827
0 0 0 0 1 8.7819
0 0 0 0 1 8.54706
0 0 0 0 1 8.45225
0 0 0 0 1 8.33222
0 0 0 0 1 8.3122
0 0 0 0 1 8.25884
0 0 0 0 0 8.02528
0 0 0 0 0 8.01225
0 0 0 0 1 7.83154
0 0 0 0 1 7.76384
0 0 0 0 0 7.77936
0 0 0 0 1 7.7026
0 0 0 0 1 7.61827
0 0 0 0 1 7.48923
0 0 0 0 1 7.42977
0 0 0 0 0 7.29499
0 0 0 0 1 7.25758
0 0 0 0 0 7.19089
0 0 0 0 1 7.13838
0 0 0 0 1 6.98023
0 0 0 0 1 6.90256
0 0 0 0 0 6.94014
0 0 0 0 1 6.75978
0 0 0 0 1 6.72362
0 0 0 0 1 6.72053
0 0 0 0 0 6.63687
0 0 0 0 1 6.52746
0 0 0 0 1 6.52312
0 0 0 0 0 6.39146
0 0 0 0 1 6.35458
0 0 0 0 1 6.34531
0 0 0 0 1 6.26633
0 0 0 0 0 6.25637
0 0 0 0 1 6.20257
0 0 0 0 1 6.06935
0 0 0 0 1 6.12566
0 0 0 0 0 5.9605
0 0 0 0 1 5.94975
0 0 0 0 1 5.89985
0 0 0 0 0 5.859
0 0 0 0 1 5.85015
0 0 0 0 1 5.73678
0 0 0 0 1 5.68769
0 0 0 0 1 5.63018
0 0 0 0 1 5.70002
0 0 0 0 1 5.58902
0 0 0 0 0 5.57675
0 0 0 0 1 5.48381
0 0 0 0 1 5.50134
0 0 0 0 0 5.40389
0 0 0 0 1 5.41306
0 0 0 0 1 5.33588
0 0 0 0 1 5.27224
0 0 0 0 0 5.33914
0 0 0 0 1 5.2439
0 0 0 0 1 5.17364
0 0 0 0 1 5.20239
0 0 0 0 1 5.15834
0 0 0 0 1 5.14522
0 0 0 0 0 5.06262
0 0 0 0 0 5.03441
0 0 0 0 1 5.01955
0 0 0 0 0 4.96646
0 0 0 0 1 4.93848
0 0 0 0 1 4.88595
0 0 0 0 1 4.83868
0 0 0 0 1 4.87751
0 0 0 0 1 4.86887
0 0 0 0 1 4.77648
0 0 0 0 1 4.80739
0 0 0 0 0 4.7959
0 0 0 0 1 4.85726
0 0 0 0 1 4.85454
0 0 0 0 0 4.85776
0 0 0 0 1 4.95919
0 0 0 0 0 4.96279
0 0 0 0 1 4.91085
0 0 0 0 1 4.96881
0 0 0 0 1 4.95749
0 0 0 0 1 4.97483
0 0 0 0 1 5.05357
0 0 0 0 1 5.01724
0 0 0 0 1 5.09162
0 0 0 0 1 5.02977
0 0 0 0 1 5.12502
0 0 0 0 1 5.10868
0 0 0 0 0 5.10242
0 0 0 0 1 5.1564
0 0 0 0 1 5.20691
0 0 0 0 1 5.22671
0 0 0 0 1 5.22583
0 0 0 0 1 5.26661
0 0 0 0 0 5.2867
0 0 0 0 1 5.26486
0 0 0 0 1 5.22697
0 0 0 0 1 5.26956
0 0 0 0 1 5.34828
0 0 0 0 0 5.36344
0 0 0 0 0 5.31965
0 0 0 0 1 5.43696
0 0 0 0 1 5.37283
0 0 0 0 1 5.43691
0 0 0 0 1 5.4469
0 0 0 0 0 5.48425
0 0 0 0 0 5.55638
0 0 0 0 1 5.56669
0 0 0 0 1 5.60634
0 0 0 0 1 5.55545
0 0 0 0 1 5.65674
0 0 0 0 1 5.58852
0 0 0 0 1 5.61716
0 0 0 0 0 5.6444
0 0 0 0 1 5.65049
0 0 0 0 1 5.70078
0 0 0 0 1 5.81049
0 0 0 0 1 5.76501
0 0 0 0 1 5.84095
0 0 0 0 1 5.77578
0 0 0 0 0 5.8756
0 0 0 0 1 5.90553
0 0 0 0 1 5.91781
0 0 0 0 1 5.91812
0 0 0 0 0 5.96013
0 0 0 0 1 6.05049
0 0 0 0 1 6.01462
0 0 0 0 0 6.08756
0 0 0 0 0 6.1305
0 0 0 0 0 6.11845
0 0 0 0 1 6.21253
0 0 0 0 1 9.44289
0 0 0 0 1 9.47185
0 0 0 0 1 9.46899
0 0 0 0 1 9.33424
0 0 0 0 1 9.4476
0 0 0 0 1 9.37926
0 0 0 0 1 9.39521
0 0 0 0 1 9.25914
0 0 0 0 1 9.32487
0 0 0 0 0 9.21155
0 0 0 0 0 9.12653
0 0 0 0 1 9.09708
0 0 0 0 0 9.16835
0 0 0 0 1 9.19359
0 0 0 0 1 9.02793
0 0 0 0 1 8.97197
0 0 0 0 1 8.97051
0 0 0 0 1 9.03777
0 0 0 0 1 9.01817
0 0 0 0 1 8.87907
0 0 0 0 1 9.01179
0 0 0 0 1 8.80569
0 0 0 0 1 8.95558
0 0 0 0 1 8.88357
0 0 0 0 0 8.79986
0 0 0 0 1 8.73758
0 0 0 0 1 8.84221
0 0 0 0 1 8.67728
0 0 0 0 0 8.65956
0 0 0 0 0 8.74293
0 0 0 0 1 8.66449
0 0 0 0 1 8.7042
0 0 0 0 1 8.57463
0 0 0 0 1 8.55419
0 0 0 0 1 8.64037
0 0 0 0 1 8.52581
0 0 0 0 1 8.61174
0 0 0 0 1 8.48944
0 0 0 0 1 8.41873
0 0 0 0 1 8.43315
0 0 0 0 1 8.38837
0 0 0 0 1 8.44508
0 0 0 0 1 8.42105
0 0 0 0 1 8.31806
0 0 0 0 1 8.33283
0 0 0 0 0 8.41445
0 0 0 0 1 8.4124
0 0 0 0 0 8.32265
0 0 0 0 0 8.2629
0 0 0 0 1 8.25315
0 0 0 0 1 8.32236
0 0 0 0 1 8.21369
0 0 0 0 1 8.18786
0 0 0 0 1 8.16222
0 0 0 0 1 8.13677
0 0 0 0 1 8.11151
0 0 0 0 1 8.20884
0 0 0 0 1 8.20815
0 0 0 0 1 8.08565
0 0 0 0 0 8.10162
0 0 0 0 1 8.1419
0 0 0 0 1 8.00442
0 0 0 0 1 8.02074
0 0 0 0 1 8.05716
0 0 0 0 0 7.95301
0 0 0 0 1 8.04981
0 0 0 0 1 7.98631
0 0 0 0 1 7.9551
0 0 0 0 1 7.95977
0 0 0 0 1 7.88911
0 0 0 0 0 7.9857
0 0 0 0 1 7.94722
0 0 0 0 1 7.84567
0 0 0 0 1 7.84296
0 0 0 0 1 7.93155
0 0 0 0 1 7.80723
0 0 0 0 1 7.82058
0 0 0 0 1 7.89683
0 0 0 0 1 7.7656
0 0 0 0 1 7.84638
0 0 0 0 1 7.88012
0 0 0 0 1 7.78443
0 0 0 0 0 7.71708
0 0 0 0 1 7.82909
0 0 0 0 1 7.83523
0 0 0 0 1 7.69089
0 0 0 0 1 7.78263
