0 0 0 0 1 5.49742
0 0 0 0 1 5.54533
0 0 0 0 1 5.57683
0 0 0 0 0 5.5218
0 0 0 0 0 5.54795
0 0 0 0 1 5.54635
0 0 0 0 0 5.6223
0 0 0 0 1 5.62097
0 0 0 0 0 5.62201
0 0 0 0 1 5.67707
0 0 0 0 1 5.65923
0 0 0 0 0 5.5963
0 0 0 0 1 5.69924
0 0 0 0 0 5.66465
0 0 0 0 1 5.65838
0 0 0 0 1 5.66559
0 0 0 0 1 5.63671
0 0 0 0 1 5.69329
0 0 0 0 0 5.68738
0 0 0 0 1 5.74256
0 0 0 0 0 5.76548
0 0 0 0 1 5.79431
0 0 0 0 1 5.77161
0 0 0 0 1 5.77771
0 0 0 0 0 5.7453
0 0 0 0 0 5.82086
0 0 0 0 1 5.76939
0 0 0 0 1 5.79904
0 0 0 0 1 5.8638
0 0 0 0 1 5.84729
0 0 0 0 1 5.79573
0 0 0 0 1 5.88025
0 0 0 0 1 5.84785
0 0 0 0 1 5.84904
0 0 0 0 1 5.92093
0 0 0 0 1 5.92832
0 0 0 0 1 5.91808
0 0 0 0 0 5.97303
0 0 0 0 1 5.87981
0 0 0 0 1 5.99457
0 0 0 0 1 5.95478
0 0 0 0 1 5.92683
0 0 0 0 0 6.02595
0 0 0 0 1 6.02215
0 0 0 0 1 5.96422
0 0 0 0 1 6.02672
0 0 0 0 1 6.08234
0 0 0 0 0 6.02425
0 0 0 0 1 6.11794
0 0 0 0 1 6.07193
0 0 0 0 1 6.15406
0 0 0 0 0 6.14473
0 0 0 0 0 6.17121
0 0 0 0 1 6.1753
0 0 0 0 0 6.19075
0 0 0 0 1 6.24344
0 0 0 0 1 6.15374
0 0 0 0 0 6.2119
0 0 0 0 1 6.25893
0 0 0 0 0 6.2374
0 0 0 0 1 6.29017
0 0 0 0 0 6.34417
0 0 0 0 1 6.27227
0 0 0 0 1 6.26959
0 0 0 0 1 6.40647
0 0 0 0 1 6.40975
0 0 0 0 1 6.3564
0 0 0 0 0 6.43641
0 0 0 0 1 6.44703
0 0 0 0 1 6.40544
0 0 0 0 0 6.51944
0 0 0 0 1 6.47785
0 0 0 0 1 6.51473
0 0 0 0 0 6.46054
0 0 0 0 0 6.56294
0 0 0 0 1 6.6063
0 0 0 0 0 6.52485
0 0 0 0 1 6.569
0 0 0 0 0 6.63265
0 0 0 0 1 6.69674
0 0 0 0 1 6.7012
0 0 0 0 1 6.73969
0 0 0 0 1 6.68441
0 0 0 0 1 6.709
0 0 0 0 1 6.72698
0 0 0 0 1 6.73826
0 0 0 0 1 6.74278
0 0 0 0 1 6.81565
0 0 0 0 1 6.82725
0 0 0 0 1 6.92154
0 0 0 0 1 6.84366
0 0 0 0 1 6.86975
0 0 0 0 1 6.97893
0 0 0 0 0 6.99807
0 0 0 0 1 7.03132
0 0 0 0 0 6.98734
0 0 0 0 1 7.08381
0 0 0 0 0 7.0324
0 0 0 0 0 7.07313
0 0 0 0 1 7.08549
0 0 0 0 0 7.11222
0 0 0 0 1 7.13907
0 0 0 0 1 7.18727
0 0 0 0 1 7.32342
0 0 0 0 1 7.31426
0 0 0 0 1 7.33461
0 0 0 0 1 7.32515
0 0 0 0 1 7.39762
0 0 0 0 0 7.46233
0 0 0 0 1 7.52749
0 0 0 0 1 7.47371
0 0 0 0 1 7.47153
0 0 0 0 1 7.48426
0 0 0 0 1 7.51212
0 0 0 0 0 7.67766
0 0 0 0 1 7.68339
0 0 0 0 1 7.69667
0 0 0 0 1 7.8026
0 0 0 0 1 7.70753
0 0 0 0 1 7.83752
0 0 0 0 0 7.88276
0 0 0 0 1 7.80984
0 0 0 0 1 7.90148
0 0 0 0 1 7.91485
0 0 0 0 1 8.06343
0 0 0 0 0 7.95679
0 0 0 0 0 8.099
0 0 0 0 1 8.08834
0 0 0 0 1 8.19085
0 0 0 0 1 8.27008
0 0 0 0 0 8.29996
0 0 0 0 0 8.31328
0 0 0 0 1 8.38523
0 0 0 0 1 8.44873
0 0 0 0 1 8.48735
0 0 0 0 1 8.49221
0 0 0 0 1 8.42873
0 0 0 0 0 8.48392
0 0 0 0 1 8.56591
0 0 0 0 1 8.71679
0 0 0 0 1 8.63363
0 0 0 0 1 8.82086
0 0 0 0 1 8.72763
0 0 0 0 1 8.78499
0 0 0 0 1 8.8764
0 0 0 0 1 9.00426
0 0 0 0 0 8.91705
0 0 0 0 1 9.12731
0 0 0 0 0 9.16733
0 0 0 0 1 9.23393
0 0 0 0 1 9.13474
0 0 0 0 1 9.23803
0 0 0 0 1 9.38982
0 0 0 0 1 9.46564
0 0 0 0 0 9.44833
0 0 0 0 0 9.58135
0 0 0 0 0 9.55247
0 0 0 0 1 9.58176
0 0 0 0 1 9.62886
0 0 0 0 1 9.76394
0 0 0 0 0 9.88045
0 0 0 0 1 9.92984
0 0 0 0 1 10.0661
0 0 0 0 1 10.1045
0 0 0 0 1 10.0498
0 0 0 0 0 10.2297
0 0 0 0 1 10.3584
0 0 0 0 1 10.4363
0 0 0 0 1 10.4848
0 0 0 0 0 10.5315
0 0 0 0 0 10.6518
0 0 0 0 0 10.5579
0 0 0 0 0 10.8287
0 0 0 0 1 10.7433
0 0 0 0 1 9.3152
0 0 0 0 1 9.21679
0 0 0 0 0 9.35524
0 0 0 0 1 9.19266
0 0 0 0 1 9.26611
0 0 0 0 1 9.2794
0 0 0 0 1 9.15055
0 0 0 0 1 9.23749
0 0 0 0 1 9.06376
0 0 0 0 1 9.04134
0 0 0 0 1 9.01446
0 0 0 0 1 8.99246
0 0 0 0 1 9.11086
0 0 0 0 1 8.98482
0 0 0 0 1 8.99038
0 0 0 0 1 9.06329
0 0 0 0 1 8.98805
0 0 0 0 0 9.04292
0 0 0 0 1 8.92771
0 0 0 0 1 9.00051
0 0 0 0 1 8.89083
0 0 0 0 1 8.86579
0 0 0 0 1 8.95633
0 0 0 0 1 8.8517
0 0 0 0 1 8.82715
0 0 0 0 1 8.81658
0 0 0 0 0 8.76597
0 0 0 0 0 8.85636
0 0 0 0 1 8.72705
0 0 0 0 1 8.82618
0 0 0 0 1 8.70632
0 0 0 0 1 8.67073
0 0 0 0 1 8.639
0 0 0 0 1 8.74673
0 0 0 0 0 8.62832
0 0 0 0 1 8.65788
0 0 0 0 1 8.58352
0 0 0 0 1 8.6133
0 0 0 0 1 8.67764
0 0 0 0 1 8.55224
0 0 0 0 1 8.57368
0 0 0 0 0 8.5694
0 0 0 0 0 8.57384
0 0 0 0 0 8.62982
0 0 0 0 1 8.60875
0 0 0 0 1 8.52806
0 0 0 0 1 8.60436
0 0 0 0 1 8.47297
0 0 0 0 1 8.50695
0 0 0 0 1 8.72604
0 0 0 0 1 8.89509
0 0 0 0 1 9.01255
0 0 0 0 1 9.12056
0 0 0 0 1 9.28373
0 0 0 0 1 9.41013
0 0 0 0 1 9.49811
0 0 0 0 1 9.71977
0 0 0 0 1 9.82564
0 0 0 0 0 10.1099
0 0 0 0 1 10.0823
0 0 0 0 1 10.4001
0 0 0 0 1 10.4473
0 0 0 0 0 10.759
0 0 0 0 1 10.9527
0 0 0 0 1 11.1686
0 0 0 0 0 11.463
0 0 0 0 1 11.5736
0 0 0 0 1 11.855
0 0 0 0 1 11.9337
0 0 0 0 1 12.1856
0 0 0 0 1 12.6611
0 0 0 0 1 12.9632
0 0 0 0 1 22.5464
0 0 0 0 0 22.6639
0 0 0 0 1 22.5983
0 0 0 0 1 22.6484
0 0 0 0 1 22.427
0 0 0 0 1 22.6816
0 0 0 0 1 22.5066
0 0 0 0 1 22.7616
0 0 0 0 1 22.7457
0 0 0 0 0 22.7527
0 0 0 0 1 22.4895
0 0 0 0 0 22.3172
0 0 0 0 1 22.5524
0 0 0 0 1 22.291
0 0 0 0 1 22.5479
0 0 0 0 1 22.7149
0 0 0 0 1 22.635
0 0 0 0 1 22.5331
0 0 0 0 1 23.3852
0 0 0 0 0 23.9067
0 0 0 0 1 25.0427
0 0 0 0 1 26.3695
0 0 0 0 0 36.0899
0 0 0 0 1 36.5482
0 0 0 0 1 36.4247
0 0 0 0 1 36.3384
0 0 0 0 1 36.6109
0 0 0 0 1 38.8345
0 0 0 0 1 51.8064
0 0 0 0 1 52.3114
0 0 0 0 1 52.4015
0 0 0 0 0 51.5035
0 0 0 0 0 51.6991
0 0 0 0 1 56.949
0 0 0 0 1 65.2007
0 0 0 0 1 69.1066
0 0 0 0 1 81.3191
0 0 0 0 0 5.0601
0 0 0 0 0 4.9599
0 0 0 0 0 5.03004
0 0 0 0 0 5.05008
0 0 0 0 0 4.9599
0 0 0 0 0 4.97493
0 0 0 0 0 4.96992
0 0 0 0 0 4.9599
0 0 0 0 0 4.98495
0 0 0 0 0 5.02503
0 0 0 0 0 4.97493
0 0 0 0 0 5.02503
0 0 0 0 1 87.1529
0 0 0 0 1 86.8991
0 0 0 0 1 75.6709
0 0 0 0 1 63.4559
0 0 0 0 1 60.8291
0 0 0 0 0 60.4771
0 0 0 0 1 60.0651
0 0 0 0 1 51.3644
0 0 0 0 1 47.6512
0 0 0 0 1 47.8555
0 0 0 0 1 39.3135
0 0 0 0 1 36.7093
0 0 0 0 1 35.3825
0 0 0 0 0 35.7157
0 0 0 0 0 36.049
0 0 0 0 1 36.0628
0 0 0 0 1 28.3025
0 0 0 0 1 26.6695
0 0 0 0 1 25.434
0 0 0 0 1 24.3684
0 0 0 0 1 24.5524
0 0 0 0 1 24.7863
0 0 0 0 1 24.5021
0 0 0 0 1 24.6138
0 0 0 0 1 24.7014
0 0 0 0 0 24.5921
0 0 0 0 0 24.8537
0 0 0 0 0 24.8441
0 0 0 0 1 24.7594
0 0 0 0 1 18.0543
0 0 0 0 0 17.6504
0 0 0 0 1 17.3465
0 0 0 0 1 16.6608
0 0 0 0 1 16.1958
0 0 0 0 1 15.7366
0 0 0 0 1 15.5009
0 0 0 0 0 15.1363
0 0 0 0 1 14.9048
0 0 0 0 0 14.4519
0 0 0 0 1 14.1554
0 0 0 0 0 13.7481
0 0 0 0 1 13.9405
0 0 0 0 1 13.8414
0 0 0 0 1 13.965
0 0 0 0 1 13.9916
0 0 0 0 1 13.9229
0 0 0 0 1 13.936
0 0 0 0 1 13.8654
0 0 0 0 1 14.0748
0 0 0 0 1 13.923
0 0 0 0 1 14.1474
0 0 0 0 1 13.9654
0 0 0 0 0 13.9799
0 0 0 0 1 14.1238
0 0 0 0 0 14.0545
0 0 0 0 0 14.2249
0 0 0 0 1 14.088
0 0 0 0 1 14.0615
0 0 0 0 1 14.1766
0 0 0 0 1 14.0682
0 0 0 0 1 14.1273
0 0 0 0 0 14.3173
0 0 0 0 0 14.2351
0 0 0 0 0 14.1699
0 0 0 0 1 14.1447
0 0 0 0 0 14.1654
0 0 0 0 1 14.3121
0 0 0 0 0 14.2906
0 0 0 0 1 14.4096
0 0 0 0 1 8.8877
0 0 0 0 0 8.77319
0 0 0 0 0 8.56426
0 0 0 0 1 8.51172
0 0 0 0 0 8.4413
0 0 0 0 1 8.21275
0 0 0 0 1 8.22606
0 0 0 0 1 8.12236
0 0 0 0 1 7.91629
0 0 0 0 1 7.87896
0 0 0 0 1 7.77166
0 0 0 0 1 7.64803
0 0 0 0 1 7.63383
0 0 0 0 1 7.60315
0 0 0 0 1 7.45186
0 0 0 0 1 7.37797
0 0 0 0 0 7.39011
0 0 0 0 1 7.21412
0 0 0 0 1 7.22673
0 0 0 0 1 7.13128
0 0 0 0 1 7.07854
0 0 0 0 1 6.92343
0 0 0 0 0 6.82998
0 0 0 0 0 6.78025
0 0 0 0 1 6.69659
0 0 0 0 1 6.66029
0 0 0 0 1 6.57057
0 0 0 0 0 6.58656
0 0 0 0 1 6.47759
0 0 0 0 1 6.49465
0 0 0 0 1 6.35458
0 0 0 0 1 6.28198
0 0 0 0 1 6.27261
0 0 0 0 1 6.27504
0 0 0 0 1 6.13468
0 0 0 0 1 6.06935
0 0 0 0 1 6.08927
0 0 0 0 1 6.06285
0 0 0 0 1 5.90798
0 0 0 0 1 5.89985
0 0 0 0 1 5.89422
0 0 0 0 1 5.79771
0 0 0 0 1 5.731
0 0 0 0 0 5.77952
0 0 0 0 1 5.65861
0 0 0 0 1 5.69437
0 0 0 0 1 5.58902
0 0 0 0 1 5.54892
0 0 0 0 1 5.56664
0 0 0 0 1 5.46299
0 0 0 0 1 5.40932
0 0 0 0 0 5.38605
0 0 0 0 1 5.35735
0 0 0 0 1 5.30952
0 0 0 0 1 5.2386
0 0 0 0 1 5.30164
0 0 0 0 1 5.19972
0 0 0 0 1 5.1972
0 0 0 0 1 5.11716
0 0 0 0 1 5.07873
0 0 0 0 1 5.06769
0 0 0 0 1 5.01426
0 0 0 0 0 4.97442
0 0 0 0 1 4.93159
0 0 0 0 1 4.99786
0 0 0 0 1 4.94002
0 0 0 0 1 4.89239
0 0 0 0 1 4.82893
0 0 0 0 1 4.85922
0 0 0 0 1 4.80537
0 0 0 0 1 4.77843
0 0 0 0 1 4.83466
0 0 0 0 1 4.87671
0 0 0 0 1 4.88378
0 0 0 0 1 4.86754
0 0 0 0 1 4.8659
0 0 0 0 0 4.93815
0 0 0 0 1 4.9899
0 0 0 0 1 5.00848
0 0 0 0 1 4.95251
0 0 0 0 0 4.96485
0 0 0 0 1 5.02853
0 0 0 0 1 5.06249
0 0 0 0 0 5.01593
0 0 0 0 0 5.09055
0 0 0 0 1 5.09452
0 0 0 0 1 5.11378
0 0 0 0 1 5.09217
0 0 0 0 0 5.16153
0 0 0 0 1 5.16567
0 0 0 0 1 5.16978
0 0 0 0 1 5.20505
0 0 0 0 1 5.22489
0 0 0 0 0 5.19772
0 0 0 0 0 5.21757
0 0 0 0 1 5.25862
0 0 0 0 1 5.30667
0 0 0 0 1 5.31635
0 0 0 0 1 5.35275
0 0 0 0 1 5.31965
0 0 0 0 0 5.42081
0 0 0 0 1 5.38365
0 0 0 0 1 5.45864
0 0 0 0 1 5.46871
0 0 0 0 1 5.51161
0 0 0 0 1 5.54537
0 0 0 0 1 5.51146
0 0 0 0 0 5.51752
0 0 0 0 1 5.5443
0 0 0 0 1 5.61193
0 0 0 0 1 5.63912
0 0 0 0 1 5.63411
0 0 0 0 1 5.63305
0 0 0 0 1 5.6961
0 0 0 0 1 5.71223
0 0 0 0 0 5.77021
0 0 0 0 1 5.84018
0 0 0 0 1 5.75377
0 0 0 0 1 5.81662
0 0 0 0 1 5.85801
0 0 0 0 1 5.88195
0 0 0 0 1 5.90596
0 0 0 0 0 5.94789
0 0 0 0 1 6.02595
0 0 0 0 1 5.97831
0 0 0 0 1 6.02067
0 0 0 0 1 6.11186
0 0 0 0 0 6.08165
0 0 0 0 1 6.16754
0 0 0 0 1 6.20635
0 0 0 0 0 9.50952
0 0 0 0 1 9.56667
0 0 0 0 1 9.50679
0 0 0 0 1 9.47552
0 0 0 0 1 9.37254
0 0 0 0 0 9.25769
0 0 0 0 1 9.39521
0 0 0 0 0 9.33351
0 0 0 0 1 9.32487
0 0 0 0 1 9.31308
0 0 0 0 1 9.13573
0 0 0 0 1 9.10625
0 0 0 0 1 9.15921
0 0 0 0 1 9.19359
0 0 0 0 1 9.14601
0 0 0 0 1 9.02629
0 0 0 0 1 9.06978
0 0 0 0 1 8.94775
0 0 0 0 0 9.00022
0 0 0 0 1 8.98648
0 0 0 0 1 8.86903
0 0 0 0 1 8.80569
0 0 0 0 1 8.90238
0 0 0 0 1 8.88357
0 0 0 0 1 8.82631
0 0 0 0 1 8.87822
0 0 0 0 1 8.78963
0 0 0 0 1 8.72976
0 0 0 0 1 8.76421
0 0 0 0 1 8.66464
0 0 0 0 1 8.75989
0 0 0 0 1 8.61768
0 0 0 0 1 8.67815
0 0 0 0 1 8.61443
0 0 0 0 1 8.51167
0 0 0 0 1 8.61997
0 0 0 0 1 8.45811
0 0 0 0 0 8.60014
0 0 0 0 1 8.52067
0 0 0 0 0 8.39077
0 0 0 0 1 8.52366
0 0 0 0 0 8.41977
0 0 0 0 1 8.44629
0 0 0 0 1 8.36002
0 0 0 0 1 8.45845
0 0 0 0 1 8.36432
0 0 0 0 1 8.4124
0 0 0 0 1 8.23951
0 0 0 0 1 8.36245
0 0 0 0 1 8.20348
0 0 0 0 1 8.30583
0 0 0 0 1 8.22194
0 0 0 0 0 8.26192
0 0 0 0 1 8.28539
0 0 0 0 1 8.13677
0 0 0 0 1 8.11969
0 0 0 0 1 8.0946
0 0 0 0 0 8.20815
0 0 0 0 1 8.07753
0 0 0 0 1 8.04485
0 0 0 0 1 8.0205
0 0 0 0 1 8.13365
0 0 0 0 1 8.00462
0 0 0 0 1 8.00887
0 0 0 0 1 7.96104
0 0 0 0 1 8.00171
0 0 0 0 1 7.99431
0 0 0 0 0 8.01101
0 0 0 0 1 7.90394
0 0 0 0 1 7.92096
0 0 0 0 0 7.86651
0 0 0 0 1 7.92343
0 0 0 0 1 7.90901
0 0 0 0 1 7.92993
0 0 0 0 1 7.92365
0 0 0 0 0 7.88601
0 0 0 0 1 7.89926
0 0 0 0 1 7.90469
0 0 0 0 1 7.85973
0 0 0 0 1 7.86988
0 0 0 0 0 7.88012
0 0 0 0 1 7.87812
0 0 0 0 1 7.82621
0 0 0 0 1 7.72792
0 0 0 0 1 7.80414
0 0 0 0 0 7.72969
0 0 0 0 1 7.79038
