0 0 0 0 1 5.60282
0 0 0 0 1 5.58423
0 0 0 0 1 5.61022
0 0 0 0 1 5.60538
0 0 0 0 1 5.5647
0 0 0 0 1 5.61904
0 0 0 0 0 5.65027
0 0 0 0 1 5.57053
0 0 0 0 1 5.65568
0 0 0 0 1 5.63773
0 0 0 0 1 5.58039
0 0 0 0 1 5.5963
0 0 0 0 0 5.61452
0 0 0 0 1 5.67597
0 0 0 0 1 5.67539
0 0 0 0 1 5.6883
0 0 0 0 0 5.72771
0 0 0 0 1 5.68759
0 0 0 0 1 5.71593
0 0 0 0 1 5.73113
0 0 0 0 1 5.7712
0 0 0 0 1 5.71973
0 0 0 0 1 5.69113
0 0 0 0 1 5.74314
0 0 0 0 1 5.80298
0 0 0 0 0 5.7515
0 0 0 0 1 5.78676
0 0 0 0 1 5.86289
0 0 0 0 0 5.87543
0 0 0 0 1 5.83563
0 0 0 0 0 5.84832
0 0 0 0 0 5.9095
0 0 0 0 1 5.83613
0 0 0 0 1 5.8784
0 0 0 0 1 5.83853
0 0 0 0 1 5.89293
0 0 0 0 1 5.90625
0 0 0 0 1 5.98488
0 0 0 0 1 5.89763
0 0 0 0 0 5.92313
0 0 0 0 1 6.01445
0 0 0 0 0 5.95075
0 0 0 0 0 6.00798
0 0 0 0 1 5.9441
0 0 0 0 0 6.0545
0 0 0 0 1 6.07498
0 0 0 0 1 6.06419
0 0 0 0 1 6.02425
0 0 0 0 1 6.02064
0 0 0 0 1 6.04754
0 0 0 0 0 6.08072
0 0 0 0 1 6.06509
0 0 0 0 1 6.12204
0 0 0 0 1 6.09527
0 0 0 0 1 6.22161
0 0 0 0 0 6.14443
0 0 0 0 0 6.23438
0 0 0 0 1 6.187
0 0 0 0 1 6.27141
0 0 0 0 1 6.24992
0 0 0 0 1 6.24623
0 0 0 0 1 6.30641
0 0 0 0 1 6.26596
0 0 0 0 0 6.26327
0 0 0 0 1 6.38744
0 0 0 0 1 6.42885
0 0 0 0 1 6.43298
0 0 0 0 1 6.46203
0 0 0 0 1 6.4663
0 0 0 0 1 6.49566
0 0 0 0 1 6.50651
0 0 0 0 1 6.41949
0 0 0 0 0 6.52124
0 0 0 0 0 6.46054
0 0 0 0 1 6.54333
0 0 0 0 1 6.54069
0 0 0 0 0 6.64995
0 0 0 0 1 6.64823
0 0 0 0 0 6.61277
0 0 0 0 1 6.69009
0 0 0 0 1 6.7012
0 0 0 0 0 6.68615
0 0 0 0 1 6.65086
0 0 0 0 1 6.79657
0 0 0 0 1 6.80135
0 0 0 0 1 6.79255
0 0 0 0 1 6.879
0 0 0 0 1 6.85666
0 0 0 0 1 6.90273
0 0 0 0 0 6.85267
0 0 0 0 0 6.84366
0 0 0 0 1 6.89054
0 0 0 0 1 6.93022
0 0 0 0 1 6.9422
0 0 0 0 1 7.05235
0 0 0 0 1 6.98734
0 0 0 0 1 7.09795
0 0 0 0 0 7.15304
0 0 0 0 1 7.17285
0 0 0 0 0 7.15699
0 0 0 0 1 7.14093
0 0 0 0 0 7.26874
0 0 0 0 1 7.31031
0 0 0 0 1 7.25076
0 0 0 0 1 7.33616
0 0 0 0 1 7.40055
0 0 0 0 1 7.30307
0 0 0 0 1 7.39024
0 0 0 0 1 7.45491
0 0 0 0 0 7.50513
0 0 0 0 1 7.47371
0 0 0 0 1 7.44898
0 0 0 0 1 7.6051
0 0 0 0 1 7.65629
0 0 0 0 1 7.68528
0 0 0 0 1 7.62982
0 0 0 0 0 7.75819
0 0 0 0 1 7.74852
0 0 0 0 0 7.74634
0 0 0 0 1 7.76733
0 0 0 0 1 7.80448
0 0 0 0 1 7.79411
0 0 0 0 0 7.83821
0 0 0 0 1 7.89101
0 0 0 0 1 7.94356
0 0 0 0 1 8.0692
0 0 0 0 1 8.1474
0 0 0 0 1 8.13697
0 0 0 0 1 8.1012
0 0 0 0 1 8.22914
0 0 0 0 1 8.20939
0 0 0 0 1 8.24704
0 0 0 0 1 8.25213
0 0 0 0 1 8.432
0 0 0 0 1 8.38641
0 0 0 0 1 8.42454
0 0 0 0 0 8.56481
0 0 0 0 1 8.56089
0 0 0 0 1 8.58309
0 0 0 0 1 8.56129
0 0 0 0 0 8.65101
0 0 0 0 1 8.80337
0 0 0 0 1 8.842
0 0 0 0 0 8.79382
0 0 0 0 0 8.97424
0 0 0 0 1 8.91476
0 0 0 0 1 8.96208
0 0 0 0 0 9.02761
0 0 0 0 1 9.12177
0 0 0 0 0 9.22476
0 0 0 0 1 9.17165
0 0 0 0 1 9.2566
0 0 0 0 1 9.40849
0 0 0 0 1 9.40924
0 0 0 0 1 9.38212
0 0 0 0 1 9.58135
0 0 0 0 0 9.60043
0 0 0 0 1 9.6686
0 0 0 0 0 9.74545
0 0 0 0 1 9.69545
0 0 0 0 0 9.92971
0 0 0 0 1 10.0091
0 0 0 0 1 9.96627
0 0 0 0 1 10.0944
0 0 0 0 1 10.1207
0 0 0 0 1 10.2909
0 0 0 0 1 10.2659
0 0 0 0 1 10.4052
0 0 0 0 1 10.5057
0 0 0 0 1 10.5525
0 0 0 0 1 10.6201
0 0 0 0 0 10.6325
0 0 0 0 1 10.7965
0 0 0 0 0 10.9057
0 0 0 0 1 9.37104
0 0 0 0 1 9.27249
0 0 0 0 1 9.20704
0 0 0 0 1 9.30353
0 0 0 0 1 9.14625
0 0 0 0 1 9.18743
0 0 0 0 1 9.1689
0 0 0 0 1 9.10932
0 0 0 0 0 9.05462
0 0 0 0 1 9.19628
0 0 0 0 1 9.15091
0 0 0 0 1 9.0469
0 0 0 0 0 9.06557
0 0 0 0 0 9.09329
0 0 0 0 1 9.08055
0 0 0 0 1 9.07229
0 0 0 0 1 9.05988
0 0 0 0 1 8.90849
0 0 0 0 1 8.92771
0 0 0 0 1 8.85765
0 0 0 0 1 8.97992
0 0 0 0 1 8.91025
0 0 0 0 1 8.91195
0 0 0 0 1 8.8517
0 0 0 0 1 8.86253
0 0 0 0 0 8.77245
0 0 0 0 1 8.75716
0 0 0 0 1 8.70685
0 0 0 0 1 8.84997
0 0 0 0 1 8.70347
0 0 0 0 1 8.70632
0 0 0 0 0 8.74058
0 0 0 0 1 8.73489
0 0 0 0 1 8.78155
0 0 0 0 1 8.63701
0 0 0 0 0 8.70125
0 0 0 0 1 8.59219
0 0 0 0 1 8.68248
0 0 0 0 0 8.68627
0 0 0 0 1 8.63845
0 0 0 0 0 8.53925
0 0 0 0 1 8.5694
0 0 0 0 0 8.59101
0 0 0 0 0 8.48413
0 0 0 0 0 8.62587
0 0 0 0 1 8.62206
0 0 0 0 1 8.49339
0 0 0 0 1 8.54969
0 0 0 0 1 8.56698
0 0 0 0 1 8.71734
0 0 0 0 0 8.7892
0 0 0 0 1 8.90505
0 0 0 0 0 9.07509
0 0 0 0 1 9.18212
0 0 0 0 1 9.45704
0 0 0 0 1 9.49811
0 0 0 0 1 9.61328
0 0 0 0 1 9.81579
0 0 0 0 1 9.95976
0 0 0 0 1 10.2351
0 0 0 0 1 10.3898
0 0 0 0 1 10.479
0 0 0 0 1 10.8127
0 0 0 0 1 11.0184
0 0 0 0 1 11.124
0 0 0 0 0 11.4175
0 0 0 0 0 11.6431
0 0 0 0 1 11.7841
0 0 0 0 1 12.0422
0 0 0 0 1 12.1856
0 0 0 0 1 12.6485
0 0 0 0 0 12.976
0 0 0 0 1 22.6146
0 0 0 0 1 22.6412
0 0 0 0 1 22.7344
0 0 0 0 1 22.7391
0 0 0 0 1 22.6988
0 0 0 0 0 22.4779
0 0 0 0 1 22.3935
0 0 0 0 1 22.7164
0 0 0 0 1 22.4972
0 0 0 0 1 22.4141
0 0 0 0 1 22.4444
0 0 0 0 1 22.5201
0 0 0 0 1 22.4172
0 0 0 0 1 22.4711
0 0 0 0 0 22.4354
0 0 0 0 1 22.3551
0 0 0 0 1 22.3203
0 0 0 0 1 22.3309
0 0 0 0 1 23.4316
0 0 0 0 1 24.0273
0 0 0 0 1 25.0176
0 0 0 0 1 26.055
0 0 0 0 1 36.4904
0 0 0 0 0 36.0386
0 0 0 0 0 36.1336
0 0 0 0 1 36.3384
0 0 0 0 0 36.3198
0 0 0 0 1 38.3337
0 0 0 0 1 52.5353
0 0 0 0 0 51.6348
0 0 0 0 1 51.673
0 0 0 0 1 52.4919
0 0 0 0 0 52.4793
0 0 0 0 0 55.8777
0 0 0 0 0 65.397
0 0 0 0 1 68.9673
0 0 0 0 0 81.8918
0 0 0 0 0 5.01501
0 0 0 0 0 4.98996
0 0 0 0 0 4.97493
0 0 0 0 0 5.02002
0 0 0 0 0 5.02002
0 0 0 0 0 4.97493
0 0 0 0 0 4.98996
0 0 0 0 0 5.05509
0 0 0 0 0 4.97493
0 0 0 0 0 5.05509
0 0 0 0 0 4.98495
0 0 0 0 0 4.96491
0 0 0 0 0 88.1164
0 0 0 0 1 87.7751
0 0 0 0 1 74.8443
0 0 0 0 1 64.0943
0 0 0 0 1 60.2238
0 0 0 0 1 60.6587
0 0 0 0 1 61.0339
0 0 0 0 0 52.0349
0 0 0 0 1 47.6512
0 0 0 0 1 47.7595
0 0 0 0 1 39.5491
0 0 0 0 1 36.5621
0 0 0 0 1 35.9175
0 0 0 0 1 35.573
0 0 0 0 1 35.3352
0 0 0 0 1 35.5986
0 0 0 0 0 28.2463
0 0 0 0 1 26.9911
0 0 0 0 1 25.793
0 0 0 0 1 24.6884
0 0 0 0 0 24.7494
0 0 0 0 1 24.8356
0 0 0 0 1 24.4528
0 0 0 0 1 24.4905
0 0 0 0 1 24.8495
0 0 0 0 1 24.5921
0 0 0 0 1 24.7302
0 0 0 0 1 24.5228
0 0 0 0 1 24.8583
0 0 0 0 1 18.1817
0 0 0 0 1 17.615
0 0 0 0 1 17.2089
0 0 0 0 1 16.6441
0 0 0 0 0 16.3262
0 0 0 0 1 15.8954
0 0 0 0 1 15.3461
0 0 0 0 1 15.2573
0 0 0 0 1 14.6097
0 0 0 0 1 14.3365
0 0 0 0 1 14.0003
0 0 0 0 1 13.762
0 0 0 0 1 13.7876
0 0 0 0 1 13.8692
0 0 0 0 1 14.0485
0 0 0 0 0 13.8801
0 0 0 0 1 13.895
0 0 0 0 1 13.9918
0 0 0 0 1 13.8794
0 0 0 0 1 13.9209
0 0 0 0 1 13.951
0 0 0 0 1 14.0913
0 0 0 0 1 13.9233
0 0 0 0 1 13.9659
0 0 0 0 1 14.2082
0 0 0 0 0 13.9418
0 0 0 0 1 14.1967
0 0 0 0 1 13.9751
0 0 0 0 1 14.0615
0 0 0 0 1 14.0775
0 0 0 0 1 14.1957
0 0 0 0 1 14.3258
0 0 0 0 1 14.1895
0 0 0 0 1 14.3488
0 0 0 0 1 14.3551
0 0 0 0 1 14.1447
0 0 0 0 1 14.1369
0 0 0 0 1 14.355
0 0 0 0 1 14.3765
0 0 0 0 1 14.2805
0 0 0 0 1 8.84357
0 0 0 0 1 8.65993
0 0 0 0 1 8.68464
0 0 0 0 1 8.5457
0 0 0 0 1 8.30704
0 0 0 0 0 8.30391
0 0 0 0 1 8.15232
0 0 0 0 1 8.05764
0 0 0 0 1 8.06023
0 0 0 0 1 7.84735
0 0 0 0 1 7.8733
0 0 0 0 1 7.66348
0 0 0 0 1 7.7026
0 0 0 0 1 7.52001
0 0 0 0 0 7.44439
0 0 0 0 1 7.45197
0 0 0 0 1 7.33889
0 0 0 0 1 7.17066
0 0 0 0 1 7.11919
0 0 0 0 0 7.08161
0 0 0 0 0 6.98023
0 0 0 0 0 6.98606
0 0 0 0 0 6.94703
0 0 0 0 1 6.87574
0 0 0 0 1 6.73713
0 0 0 0 1 6.71384
0 0 0 0 0 6.65676
0 0 0 0 0 6.54716
0 0 0 0 1 6.56214
0 0 0 0 1 6.43016
0 0 0 0 0 6.45038
0 0 0 0 1 6.33898
0 0 0 0 0 6.28516
0 0 0 0 0 6.20656
0 0 0 0 1 6.17788
0 0 0 0 1 6.13666
0 0 0 0 1 6.05288
0 0 0 0 1 6.00866
0 0 0 0 0 5.91395
0 0 0 0 0 5.93539
0 0 0 0 1 5.83552
0 0 0 0 1 5.76857
0 0 0 0 1 5.83509
0 0 0 0 1 5.7623
0 0 0 0 1 5.74392
0 0 0 0 0 5.67744
0 0 0 0 1 5.57782
0 0 0 0 1 5.58788
0 0 0 0 1 5.49485
0 0 0 0 1 5.51778
0 0 0 0 1 5.43107
0 0 0 0 0 5.41847
0 0 0 0 0 5.33051
0 0 0 0 1 5.34147
0 0 0 0 1 5.24389
0 0 0 0 1 5.30164
0 0 0 0 1 5.16321
0 0 0 0 1 5.1713
0 0 0 0 1 5.10686
0 0 0 0 1 5.11964
0 0 0 0 1 5.08798
0 0 0 0 1 5.06465
0 0 0 0 1 4.96439
0 0 0 0 1 4.9565
0 0 0 0 1 4.90879
0 0 0 0 1 4.95968
0 0 0 0 0 4.84356
0 0 0 0 1 4.89694
0 0 0 0 1 4.80614
0 0 0 0 1 4.83426
0 0 0 0 1 4.83635
0 0 0 0 1 4.82497
0 0 0 0 1 4.89615
0 0 0 0 1 4.88866
0 0 0 0 1 4.86754
0 0 0 0 0 4.92973
0 0 0 0 1 4.89873
0 0 0 0 1 4.96026
0 0 0 0 1 4.98369
0 0 0 0 1 4.94753
0 0 0 0 1 4.99978
0 0 0 0 1 4.97343
0 0 0 0 1 5.03735
0 0 0 0 1 5.07144
0 0 0 0 0 5.11588
0 0 0 0 1 5.04876
0 0 0 0 1 5.11889
0 0 0 0 1 5.13828
0 0 0 0 1 5.16667
0 0 0 0 1 5.14505
0 0 0 0 0 5.18531
0 0 0 0 0 5.21544
0 0 0 0 1 5.25618
0 0 0 0 0 5.28147
0 0 0 0 1 5.26486
0 0 0 0 0 5.29026
0 0 0 0 1 5.29607
0 0 0 0 1 5.28442
0 0 0 0 1 5.31002
0 0 0 0 1 5.40009
0 0 0 0 0 5.37236
0 0 0 0 1 5.37824
0 0 0 0 1 5.48037
0 0 0 0 0 5.43599
0 0 0 0 1 5.50614
0 0 0 0 1 5.53987
0 0 0 0 1 5.56669
0 0 0 0 1 5.56193
0 0 0 0 1 5.52759
0 0 0 0 1 5.55593
0 0 0 0 1 5.62787
0 0 0 0 1 5.68497
0 0 0 0 1 5.67843
0 0 0 0 0 5.6961
0 0 0 0 0 5.77519
0 0 0 0 0 5.79323
0 0 0 0 0 5.76501
0 0 0 0 1 5.80608
0 0 0 0 0 5.84579
0 0 0 0 1 5.85214
0 0 0 0 1 5.87017
0 0 0 0 1 5.91188
0 0 0 0 1 5.90621
0 0 0 0 1 5.99005
0 0 0 0 1 6.03244
0 0 0 0 1 6.07507
0 0 0 0 1 6.02073
0 0 0 0 1 6.07555
0 0 0 0 1 6.15527
0 0 0 0 1 6.2187
0 0 0 0 1 9.47144
0 0 0 0 1 9.56667
0 0 0 0 1 9.37449
0 0 0 0 1 9.33424
0 0 0 0 1 9.31625
0 0 0 0 0 9.43536
0 0 0 0 0 9.40453
0 0 0 0 1 9.37999
0 0 0 0 0 9.34339
0 0 0 0 1 9.30385
0 0 0 0 1 9.17254
0 0 0 0 1 9.16127
0 0 0 0 1 9.1135
0 0 0 0 0 9.07514
0 0 0 0 1 9.05518
0 0 0 0 1 9.07156
0 0 0 0 1 9.07881
0 0 0 0 0 9.01976
0 0 0 0 1 9.06304
0 0 0 0 1 8.91487
0 0 0 0 1 8.89579
0 0 0 0 1 8.91243
0 0 0 0 1 8.90238
0 0 0 0 0 8.80402
0 0 0 0 1 8.86158
0 0 0 0 0 8.77274
0 0 0 0 1 8.81592
0 0 0 0 0 8.73851
0 0 0 0 1 8.79909
0 0 0 0 1 8.72554
0 0 0 0 1 8.68183
0 0 0 0 1 8.7042
0 0 0 0 1 8.54013
0 0 0 0 0 8.51977
0 0 0 0 1 8.51167
0 0 0 0 1 8.63709
0 0 0 0 1 8.50079
0 0 0 0 1 8.50647
0 0 0 0 1 8.41024
0 0 0 0 1 8.55181
0 0 0 0 0 8.51521
0 0 0 0 0 8.38603
0 0 0 0 0 8.32851
0 0 0 0 1 8.41039
0 0 0 0 0 8.39146
0 0 0 0 1 8.41445
0 0 0 0 1 8.27067
0 0 0 0 1 8.24782
0 0 0 0 1 8.2629
0 0 0 0 1 8.23659
0 0 0 0 1 8.21492
0 0 0 0 1 8.16421
0 0 0 0 1 8.23723
0 0 0 0 1 8.12937
0 0 0 0 1 8.2269
0 0 0 0 0 8.23416
0 0 0 0 0 8.07828
0 0 0 0 1 8.22443
0 0 0 0 1 8.05315
0 0 0 0 1 8.14217
0 0 0 0 1 8.07715
0 0 0 0 1 8.10134
0 0 0 0 0 8.10941
0 0 0 0 1 7.96862
0 0 0 0 1 8.08958
0 0 0 0 1 7.97765
0 0 0 0 1 8.03432
0 0 0 0 0 7.93114
0 0 0 0 0 7.91989
0 0 0 0 0 7.98464
0 0 0 0 1 7.90624
0 0 0 0 1 7.9155
0 0 0 0 1 7.86942
0 0 0 0 1 7.93784
0 0 0 0 1 7.93155
0 0 0 0 1 7.88601
0 0 0 0 1 7.78911
0 0 0 0 1 7.84183
0 0 0 0 1 7.85973
0 0 0 0 0 7.89337
0 0 0 0 1 7.79413
0 0 0 0 1 7.83908
0 0 0 0 1 7.77944
0 0 0 0 1 7.72792
0 0 0 0 1 7.7264
0 0 0 0 0 7.70641
0 0 0 0 1 7.79814
