0 0 0 0 0 5.52515
0 0 0 0 0 5.50088
0 0 0 0 1 5.56013
0 0 0 0 1 5.5608
0 0 0 0 1 5.62609
0 0 0 0 1 5.61904
0 0 0 0 0 5.62789
0 0 0 0 1 5.60976
0 0 0 0 1 5.60518
0 0 0 0 1 5.63773
0 0 0 0 1 5.61981
0 0 0 0 0 5.69784
0 0 0 0 0 5.62581
0 0 0 0 1 5.69295
0 0 0 0 1 5.64704
0 0 0 0 1 5.63153
0 0 0 0 1 5.6424
0 0 0 0 1 5.6705
0 0 0 0 1 5.65883
0 0 0 0 1 5.70256
0 0 0 0 0 5.73685
0 0 0 0 1 5.72547
0 0 0 0 1 5.77161
0 0 0 0 1 5.80651
0 0 0 0 1 5.7453
0 0 0 0 1 5.82664
0 0 0 0 1 5.74622
0 0 0 0 1 5.83387
0 0 0 0 1 5.83471
0 0 0 0 0 5.78899
0 0 0 0 1 5.84832
0 0 0 0 1 5.79248
0 0 0 0 1 5.883
0 0 0 0 1 5.84904
0 0 0 0 1 5.87973
0 0 0 0 1 5.94602
0 0 0 0 0 5.87669
0 0 0 0 1 5.91377
0 0 0 0 1 5.87981
0 0 0 0 1 6.00052
0 0 0 0 1 5.97268
0 0 0 0 1 5.97467
0 0 0 0 1 6.04392
0 0 0 0 1 5.9501
0 0 0 0 1 5.97024
0 0 0 0 1 6.00259
0 0 0 0 0 6.06419
0 0 0 0 1 6.09705
0 0 0 0 1 6.02672
0 0 0 0 1 6.07193
0 0 0 0 1 6.08683
0 0 0 0 1 6.06509
0 0 0 0 1 6.13433
0 0 0 0 1 6.18762
0 0 0 0 1 6.11669
0 0 0 0 1 6.21868
0 0 0 0 1 6.18475
0 0 0 0 0 6.21812
0 0 0 0 1 6.22149
0 0 0 0 1 6.2812
0 0 0 0 1 6.3404
0 0 0 0 1 6.26865
0 0 0 0 1 6.34799
0 0 0 0 1 6.38347
0 0 0 0 0 6.29863
0 0 0 0 0 6.33973
0 0 0 0 0 6.3564
0 0 0 0 1 6.39158
0 0 0 0 1 6.45345
0 0 0 0 1 6.43766
0 0 0 0 0 6.42252
0 0 0 0 1 6.51027
0 0 0 0 1 6.46922
0 0 0 0 1 6.5127
0 0 0 0 1 6.54987
0 0 0 0 0 6.53413
0 0 0 0 1 6.61045
0 0 0 0 0 6.62182
0 0 0 0 1 6.65915
0 0 0 0 1 6.66349
0 0 0 0 1 6.7012
0 0 0 0 1 6.6326
0 0 0 0 1 6.65757
0 0 0 0 1 6.80331
0 0 0 0 0 6.72698
0 0 0 0 1 6.79255
0 0 0 0 1 6.83132
0 0 0 0 1 6.87033
0 0 0 0 1 6.91645
0 0 0 0 1 6.84578
0 0 0 0 1 6.9197
0 0 0 0 1 6.9668
0 0 0 0 1 6.95109
0 0 0 0 1 7.01204
0 0 0 0 1 6.99626
0 0 0 0 1 6.98734
0 0 0 0 0 6.99897
0 0 0 0 1 7.04659
0 0 0 0 1 7.08025
0 0 0 0 1 7.21419
0 0 0 0 1 7.20552
0 0 0 0 1 7.16788
0 0 0 0 1 7.17279
0 0 0 0 1 7.27256
0 0 0 0 1 7.31426
0 0 0 0 1 7.37857
0 0 0 0 0 7.43558
0 0 0 0 1 7.39762
0 0 0 0 0 7.35106
0 0 0 0 1 7.51258
0 0 0 0 1 7.41386
0 0 0 0 1 7.46401
0 0 0 0 1 7.54468
0 0 0 0 1 7.52729
0 0 0 0 1 7.67766
0 0 0 0 1 7.60686
0 0 0 0 1 7.70436
0 0 0 0 0 7.78715
0 0 0 0 1 7.82396
0 0 0 0 1 7.79073
0 0 0 0 1 7.80448
0 0 0 0 1 7.88062
0 0 0 0 1 7.98849
0 0 0 0 1 7.92279
0 0 0 0 1 8.05544
0 0 0 0 1 7.96482
0 0 0 0 0 8.1474
0 0 0 0 1 8.07213
0 0 0 0 1 8.0849
0 0 0 0 1 8.10632
0 0 0 0 1 8.19292
0 0 0 0 1 8.29672
0 0 0 0 1 8.31037
0 0 0 0 1 8.4069
0 0 0 0 1 8.32752
0 0 0 0 1 8.39071
0 0 0 0 1 8.59033
0 0 0 0 1 8.50958
0 0 0 0 1 8.60887
0 0 0 0 1 8.58721
0 0 0 0 1 8.60754
0 0 0 0 0 8.80337
0 0 0 0 1 8.77162
0 0 0 0 1 8.82918
0 0 0 0 1 8.95645
0 0 0 0 1 8.86105
0 0 0 0 0 9.07918
0 0 0 0 1 9.02761
0 0 0 0 1 9.13088
0 0 0 0 1 9.13306
0 0 0 0 1 9.30083
0 0 0 0 1 9.22874
0 0 0 0 1 9.28715
0 0 0 0 1 9.39044
0 0 0 0 1 9.36321
0 0 0 0 0 9.42896
0 0 0 0 1 9.65797
0 0 0 0 1 9.6107
0 0 0 0 0 9.72602
0 0 0 0 1 9.69545
0 0 0 0 1 9.94941
0 0 0 0 1 9.85056
0 0 0 0 1 10.0761
0 0 0 0 1 10.1547
0 0 0 0 1 10.2017
0 0 0 0 1 10.1175
0 0 0 0 0 10.1734
0 0 0 0 0 10.4052
0 0 0 0 1 10.5057
0 0 0 0 1 10.479
0 0 0 0 1 10.6836
0 0 0 0 1 10.6325
0 0 0 0 1 10.732
0 0 0 0 1 10.8624
0 0 0 0 1 9.27798
0 0 0 0 1 9.33746
0 0 0 0 1 9.23483
0 0 0 0 1 9.2019
0 0 0 0 1 9.24767
0 0 0 0 1 9.16904
0 0 0 0 1 9.23315
0 0 0 0 0 9.14594
0 0 0 0 0 9.10031
0 0 0 0 1 9.09602
0 0 0 0 1 9.06904
0 0 0 0 1 9.03783
0 0 0 0 1 9.0384
0 0 0 0 1 9.08425
0 0 0 0 1 9.08957
0 0 0 0 1 8.91029
0 0 0 0 0 8.99703
0 0 0 0 1 9.00707
0 0 0 0 0 8.93665
0 0 0 0 1 8.94694
0 0 0 0 0 8.83738
0 0 0 0 1 8.94582
0 0 0 0 1 8.84981
0 0 0 0 1 8.86942
0 0 0 0 0 8.77408
0 0 0 0 0 8.896
0 0 0 0 1 8.7924
0 0 0 0 0 8.75962
0 0 0 0 0 8.81485
0 0 0 0 0 8.72976
0 0 0 0 1 8.82007
0 0 0 0 1 8.67073
0 0 0 0 0 8.65643
0 0 0 0 1 8.73803
0 0 0 0 1 8.66308
0 0 0 0 1 8.70125
0 0 0 0 0 8.65282
0 0 0 0 0 8.56141
0 0 0 0 1 8.66037
0 0 0 0 0 8.66431
0 0 0 0 0 8.55646
0 0 0 0 1 8.58659
0 0 0 0 1 8.60817
0 0 0 0 0 8.50984
0 0 0 0 1 8.4975
0 0 0 0 1 8.52806
0 0 0 0 0 8.51046
0 0 0 0 0 8.49854
0 0 0 0 1 8.5241
0 0 0 0 1 8.64774
0 0 0 0 1 8.85979
0 0 0 0 1 9.03943
0 0 0 0 1 9.12965
0 0 0 0 1 9.16364
0 0 0 0 1 9.30693
0 0 0 0 1 9.58393
0 0 0 0 1 9.71977
0 0 0 0 1 9.74688
0 0 0 0 0 10.0899
0 0 0 0 1 10.2249
0 0 0 0 1 10.2758
0 0 0 0 1 10.5845
0 0 0 0 1 10.6838
0 0 0 0 0 11.0403
0 0 0 0 1 11.1686
0 0 0 0 1 11.4289
0 0 0 0 1 11.5388
0 0 0 0 1 11.7723
0 0 0 0 1 12.0904
0 0 0 0 1 12.2102
0 0 0 0 0 12.4599
0 0 0 0 1 12.8219
0 0 0 0 1 22.5691
0 0 0 0 1 22.8683
0 0 0 0 1 22.4848
0 0 0 0 1 22.6937
0 0 0 0 1 22.6082
0 0 0 0 0 22.4326
0 0 0 0 1 22.5292
0 0 0 0 1 22.7616
0 0 0 0 1 22.8134
0 0 0 0 1 22.7979
0 0 0 0 1 22.6699
0 0 0 0 1 22.5651
0 0 0 0 1 22.62
0 0 0 0 1 22.6062
0 0 0 0 1 22.3904
0 0 0 0 1 22.535
0 0 0 0 1 22.3428
0 0 0 0 1 22.3084
0 0 0 0 0 23.0604
0 0 0 0 1 24.2685
0 0 0 0 1 24.9674
0 0 0 0 1 26.1074
0 0 0 0 1 36.7818
0 0 0 0 1 36.1842
0 0 0 0 1 36.2064
0 0 0 0 1 36.5566
0 0 0 0 0 36.1378
0 0 0 0 1 38.3337
0 0 0 0 1 51.6502
0 0 0 0 0 52.4155
0 0 0 0 1 51.8291
0 0 0 0 0 52.3879
0 0 0 0 1 51.4911
0 0 0 0 1 56.8926
0 0 0 0 1 65.3316
0 0 0 0 1 68.9673
0 0 0 0 1 82.2191
0 0 0 0 0 4.97493
0 0 0 0 0 5.04006
0 0 0 0 0 5.04507
0 0 0 0 0 4.96992
0 0 0 0 0 4.98996
0 0 0 0 0 4.97994
0 0 0 0 0 5.03505
0 0 0 0 0 5.02503
0 0 0 0 0 5.00499
0 0 0 0 0 5.05509
0 0 0 0 0 5.03505
0 0 0 0 0 5.03004
0 0 0 0 1 87.6784
0 0 0 0 1 88.0379
0 0 0 0 1 75.3703
0 0 0 0 1 64.0943
0 0 0 0 1 60.708
0 0 0 0 1 60.8403
0 0 0 0 1 60.4889
0 0 0 0 1 51.416
0 0 0 0 1 48.0351
0 0 0 0 1 48.0955
0 0 0 0 1 39.4313
0 0 0 0 1 37.188
0 0 0 0 1 35.9175
0 0 0 0 1 36.0012
0 0 0 0 0 36.0133
0 0 0 0 0 35.67
0 0 0 0 0 27.7971
0 0 0 0 1 26.6963
0 0 0 0 1 25.4084
0 0 0 0 0 24.5899
0 0 0 0 1 24.8725
0 0 0 0 1 24.4906
0 0 0 0 1 24.5268
0 0 0 0 0 24.4165
0 0 0 0 0 24.4547
0 0 0 0 0 24.8637
0 0 0 0 1 24.656
0 0 0 0 1 24.7947
0 0 0 0 1 24.5368
0 0 0 0 1 18.1453
0 0 0 0 1 17.7035
0 0 0 0 1 17.123
0 0 0 0 1 16.6273
0 0 0 0 0 16.261
0 0 0 0 1 15.816
0 0 0 0 1 15.4235
0 0 0 0 0 15.2724
0 0 0 0 1 14.8015
0 0 0 0 1 14.3654
0 0 0 0 1 14.1413
0 0 0 0 0 13.9287
0 0 0 0 0 13.9127
0 0 0 0 1 13.8553
0 0 0 0 1 14.0346
0 0 0 0 1 14.0334
0 0 0 0 1 13.8531
0 0 0 0 1 13.8382
0 0 0 0 1 13.8934
0 0 0 0 1 14.1168
0 0 0 0 1 14.1051
0 0 0 0 0 14.1053
0 0 0 0 1 13.9934
0 0 0 0 1 14.1204
0 0 0 0 1 13.969
0 0 0 0 1 14.2094
0 0 0 0 1 14.1121
0 0 0 0 1 14.2433
0 0 0 0 0 14.2452
0 0 0 0 1 14.2614
0 0 0 0 1 14.309
0 0 0 0 0 14.0705
0 0 0 0 1 14.2463
0 0 0 0 1 14.3488
0 0 0 0 1 14.3123
0 0 0 0 0 14.3301
0 0 0 0 1 14.3939
0 0 0 0 1 14.355
0 0 0 0 1 14.1904
0 0 0 0 1 14.4669
0 0 0 0 0 8.78179
0 0 0 0 1 8.73834
0 0 0 0 1 8.64165
0 0 0 0 0 8.57968
0 0 0 0 1 8.349
0 0 0 0 0 8.22104
0 0 0 0 1 8.16052
0 0 0 0 1 8.13045
0 0 0 0 1 8.03624
0 0 0 0 1 7.94218
0 0 0 0 1 7.81075
0 0 0 0 1 7.70211
0 0 0 0 1 7.58034
0 0 0 0 1 7.5049
0 0 0 0 1 7.42944
0 0 0 0 1 7.42237
0 0 0 0 1 7.27304
0 0 0 0 1 7.19239
0 0 0 0 1 7.1407
0 0 0 0 1 7.06742
0 0 0 0 0 7.07854
0 0 0 0 1 6.98606
0 0 0 0 1 6.86441
0 0 0 0 0 6.84846
0 0 0 0 1 6.75065
0 0 0 0 1 6.66029
0 0 0 0 0 6.68328
0 0 0 0 0 6.54716
0 0 0 0 0 6.54913
0 0 0 0 1 6.40436
0 0 0 0 1 6.41206
0 0 0 0 1 6.31365
0 0 0 0 1 6.32912
0 0 0 0 1 6.18789
0 0 0 0 1 6.14702
0 0 0 0 1 6.16725
0 0 0 0 1 6.01043
0 0 0 0 1 6.08091
0 0 0 0 1 5.98556
0 0 0 0 1 5.97686
0 0 0 0 1 5.82965
0 0 0 0 1 5.80354
0 0 0 0 1 5.77148
0 0 0 0 1 5.791
0 0 0 0 1 5.69273
0 0 0 0 1 5.61536
0 0 0 0 1 5.63382
0 0 0 0 1 5.53222
0 0 0 0 0 5.5556
0 0 0 0 1 5.50682
0 0 0 0 1 5.44738
0 0 0 0 0 5.38605
0 0 0 0 1 5.3842
0 0 0 0 0 5.30952
0 0 0 0 0 5.2386
0 0 0 0 1 5.27015
0 0 0 0 1 5.16321
0 0 0 0 1 5.21793
0 0 0 0 1 5.11201
0 0 0 0 1 5.0685
0 0 0 0 1 5.12349
0 0 0 0 0 5.02434
0 0 0 0 1 4.98947
0 0 0 0 1 4.96646
0 0 0 0 1 4.92363
0 0 0 0 1 4.95968
0 0 0 0 0 4.87286
0 0 0 0 0 4.90666
0 0 0 0 1 4.83992
0 0 0 0 1 4.84389
0 0 0 0 1 4.79291
0 0 0 0 1 4.86372
0 0 0 0 1 4.91074
0 0 0 0 1 4.83992
0 0 0 0 1 4.87244
0 0 0 0 1 4.90518
0 0 0 0 1 4.88887
0 0 0 0 1 4.9899
0 0 0 0 1 5.00848
0 0 0 0 1 5.01224
0 0 0 0 1 5.02473
0 0 0 0 1 4.95841
0 0 0 0 0 5.07254
0 0 0 0 1 5.08658
0 0 0 0 1 5.01964
0 0 0 0 0 5.10977
0 0 0 0 1 5.05764
0 0 0 0 1 5.1434
0 0 0 0 1 5.12558
0 0 0 0 1 5.18629
0 0 0 0 0 5.18013
0 0 0 0 1 5.1531
0 0 0 0 1 5.20925
0 0 0 0 1 5.26053
0 0 0 0 1 5.27011
0 0 0 0 1 5.27971
0 0 0 0 0 5.26426
0 0 0 0 1 5.3536
0 0 0 0 1 5.37412
0 0 0 0 1 5.31429
0 0 0 0 1 5.37236
0 0 0 0 1 5.41611
0 0 0 0 1 5.48037
0 0 0 0 1 5.50142
0 0 0 0 1 5.49519
0 0 0 0 1 5.55088
0 0 0 0 1 5.48937
0 0 0 0 1 5.58413
0 0 0 0 1 5.53873
0 0 0 0 1 5.55033
0 0 0 0 1 5.63349
0 0 0 0 0 5.64541
0 0 0 0 1 5.6217
0 0 0 0 0 5.6904
0 0 0 0 1 5.76374
0 0 0 0 1 5.72994
0 0 0 0 0 5.8344
0 0 0 0 1 5.79446
0 0 0 0 1 5.79328
0 0 0 0 1 5.81696
0 0 0 0 1 5.94679
0 0 0 0 1 5.93558
0 0 0 0 1 5.91216
0 0 0 0 0 6.03792
0 0 0 0 1 6.05049
0 0 0 0 1 6.05089
0 0 0 0 1 6.09971
0 0 0 0 1 6.11829
0 0 0 0 1 6.07549
0 0 0 0 1 6.194
0 0 0 0 1 9.50952
0 0 0 0 1 9.52874
0 0 0 0 1 9.50679
0 0 0 0 1 9.45668
0 0 0 0 1 9.39131
0 0 0 0 1 9.41666
0 0 0 0 1 9.29269
0 0 0 0 0 9.25914
0 0 0 0 1 9.30635
0 0 0 0 1 9.27616
0 0 0 0 1 9.10813
0 0 0 0 1 9.12459
0 0 0 0 0 9.15921
0 0 0 0 1 9.14803
0 0 0 0 1 9.17325
0 0 0 0 0 9.06251
0 0 0 0 1 9.05173
0 0 0 0 0 8.92975
0 0 0 0 0 8.91947
0 0 0 0 0 8.88802
0 0 0 0 1 8.84226
0 0 0 0 1 8.88574
0 0 0 0 0 8.92011
0 0 0 0 1 8.8659
0 0 0 0 1 8.72932
0 0 0 0 1 8.78153
0 0 0 0 1 8.67571
0 0 0 0 1 8.76475
0 0 0 0 1 8.65956
0 0 0 0 1 8.62984
0 0 0 0 1 8.60377
0 0 0 0 0 8.58307
0 0 0 0 1 8.60914
0 0 0 0 1 8.56279
0 0 0 0 0 8.63179
0 0 0 0 1 8.51725
0 0 0 0 0 8.62028
0 0 0 0 1 8.43835
0 0 0 0 1 8.52067
0 0 0 0 0 8.39925
0 0 0 0 1 8.53212
0 0 0 0 1 8.35228
0 0 0 0 1 8.48835
0 0 0 0 1 8.43557
0 0 0 0 0 8.29933
0 0 0 0 1 8.38939
0 0 0 0 1 8.30402
0 0 0 0 0 8.23951
0 0 0 0 0 8.27949
0 0 0 0 0 8.25315
0 0 0 0 1 8.28104
0 0 0 0 1 8.21369
0 0 0 0 1 8.18786
0 0 0 0 0 8.15401
0 0 0 0 1 8.14496
0 0 0 0 0 8.15239
0 0 0 0 1 8.217
0 0 0 0 1 8.2
0 0 0 0 1 8.04502
0 0 0 0 1 8.05296
0 0 0 0 0 8.08524
0 0 0 0 1 8.1498
0 0 0 0 1 8.14166
0 0 0 0 0 8.04106
0 0 0 0 1 8.04941
0 0 0 0 1 8.09792
0 0 0 0 1 7.9543
0 0 0 0 1 7.96309
0 0 0 0 1 7.99167
0 0 0 0 1 7.88911
0 0 0 0 1 7.93803
0 0 0 0 1 7.89964
0 0 0 0 1 7.95651
0 0 0 0 1 7.87459
0 0 0 0 0 7.97101
0 0 0 0 0 7.83087
0 0 0 0 0 7.80485
0 0 0 0 0 7.80254
0 0 0 0 1 7.89895
0 0 0 0 1 7.87771
0 0 0 0 1 7.80195
0 0 0 0 0 7.81566
0 0 0 0 1 7.77944
0 0 0 0 1 7.79018
0 0 0 0 1 7.74972
0 0 0 0 1 7.79954
0 0 0 0 1 7.74387
