0 0 0 0 1 5.50296
0 0 0 0 0 5.59534
0 0 0 0 1 5.61022
0 0 0 0 1 5.60538
0 0 0 0 1 5.62609
0 0 0 0 0 5.54635
0 0 0 0 1 5.59992
0 0 0 0 1 5.58735
0 0 0 0 1 5.6669
0 0 0 0 1 5.66021
0 0 0 0 1 5.64797
0 0 0 0 1 5.6922
0 0 0 0 1 5.59757
0 0 0 0 1 5.68729
0 0 0 0 1 5.65271
0 0 0 0 1 5.66559
0 0 0 0 1 5.63671
0 0 0 0 1 5.72179
0 0 0 0 1 5.66454
0 0 0 0 0 5.68542
0 0 0 0 1 5.66815
0 0 0 0 1 5.69678
0 0 0 0 1 5.8061
0 0 0 0 1 5.78923
0 0 0 0 1 5.78568
0 0 0 0 1 5.8382
0 0 0 0 1 5.85048
0 0 0 0 1 5.83387
0 0 0 0 0 5.77072
0 0 0 0 1 5.77733
0 0 0 0 0 5.9009
0 0 0 0 1 5.90365
0 0 0 0 1 5.87128
0 0 0 0 0 5.91951
0 0 0 0 0 5.90916
0 0 0 0 1 5.86344
0 0 0 0 0 5.97129
0 0 0 0 0 5.97303
0 0 0 0 1 5.96296
0 0 0 0 0 5.98266
0 0 0 0 1 5.94882
0 0 0 0 1 6.01654
0 0 0 0 1 5.96605
0 0 0 0 0 6.05818
0 0 0 0 1 6.00033
0 0 0 0 1 6.05085
0 0 0 0 1 6.00972
0 0 0 0 1 6.03638
0 0 0 0 1 6.10578
0 0 0 0 0 6.10241
0 0 0 0 1 6.14794
0 0 0 0 0 6.15086
0 0 0 0 1 6.08516
0 0 0 0 1 6.18146
0 0 0 0 1 6.18458
0 0 0 0 1 6.23725
0 0 0 0 1 6.14753
0 0 0 0 1 6.1621
0 0 0 0 1 6.17781
0 0 0 0 0 6.2374
0 0 0 0 1 6.24623
0 0 0 0 1 6.34417
0 0 0 0 1 6.29751
0 0 0 0 1 6.26327
0 0 0 0 0 6.40647
0 0 0 0 1 6.31427
0 0 0 0 1 6.41384
0 0 0 0 1 6.37237
0 0 0 0 1 6.45345
0 0 0 0 1 6.49566
0 0 0 0 1 6.46775
0 0 0 0 0 6.51676
0 0 0 0 1 6.46272
0 0 0 0 1 6.46054
0 0 0 0 0 6.57602
0 0 0 0 1 6.50789
0 0 0 0 1 6.52485
0 0 0 0 1 6.64823
0 0 0 0 1 6.67241
0 0 0 0 1 6.67014
0 0 0 0 1 6.72123
0 0 0 0 1 6.74638
0 0 0 0 1 6.65757
0 0 0 0 1 6.69553
0 0 0 0 1 6.80811
0 0 0 0 1 6.75862
0 0 0 0 1 6.85175
0 0 0 0 1 6.89768
0 0 0 0 1 6.90273
0 0 0 0 1 6.9422
0 0 0 0 1 6.93352
0 0 0 0 1 6.86281
0 0 0 0 1 6.97893
0 0 0 0 1 7.04696
0 0 0 0 1 7.07338
0 0 0 0 1 7.02252
0 0 0 0 1 7.03432
0 0 0 0 1 7.04659
0 0 0 0 1 7.10162
0 0 0 0 1 7.21419
0 0 0 0 1 7.1481
0 0 0 0 1 7.26153
0 0 0 0 1 7.30308
0 0 0 0 0 7.25076
0 0 0 0 1 7.24126
0 0 0 0 1 7.27599
0 0 0 0 1 7.28834
0 0 0 0 1 7.31641
0 0 0 0 1 7.492
0 0 0 0 0 7.50513
0 0 0 0 0 7.54104
0 0 0 0 1 7.44898
0 0 0 0 1 7.6202
0 0 0 0 0 7.55765
0 0 0 0 1 7.69289
0 0 0 0 1 7.70635
0 0 0 0 1 7.73512
0 0 0 0 1 7.78715
0 0 0 0 1 7.68424
0 0 0 0 0 7.73614
0 0 0 0 1 7.80448
0 0 0 0 0 7.79411
0 0 0 0 1 7.90148
0 0 0 0 1 8.00226
0 0 0 0 1 7.93557
0 0 0 0 1 7.94876
0 0 0 0 1 8.01833
0 0 0 0 1 8.16128
0 0 0 0 1 8.10935
0 0 0 0 1 8.24552
0 0 0 0 1 8.30819
0 0 0 0 1 8.3464
0 0 0 0 1 8.2355
0 0 0 0 0 8.29816
0 0 0 0 1 8.43688
0 0 0 0 1 8.42454
0 0 0 0 1 8.55631
0 0 0 0 1 8.52668
0 0 0 0 1 8.54872
0 0 0 0 0 8.57857
0 0 0 0 1 8.71188
0 0 0 0 1 8.68098
0 0 0 0 1 8.87719
0 0 0 0 1 8.91756
0 0 0 0 0 8.94755
0 0 0 0 1 8.91476
0 0 0 0 1 9.08818
0 0 0 0 1 9.14544
0 0 0 0 1 9.13999
0 0 0 0 1 9.11473
0 0 0 0 1 9.25469
0 0 0 0 1 9.2566
0 0 0 0 1 9.27782
0 0 0 0 0 9.36224
0 0 0 0 1 9.49562
0 0 0 0 1 9.55278
0 0 0 0 0 9.6292
0 0 0 0 0 9.72649
0 0 0 0 1 9.80375
0 0 0 0 1 9.85199
0 0 0 0 1 9.8706
0 0 0 0 1 10.0091
0 0 0 0 1 9.95628
0 0 0 0 1 10.1246
0 0 0 0 1 10.1106
0 0 0 0 1 10.0972
0 0 0 0 0 10.3276
0 0 0 0 0 10.3949
0 0 0 0 1 10.5265
0 0 0 0 1 10.5735
0 0 0 0 1 10.6095
0 0 0 0 0 10.6218
0 0 0 0 1 10.689
0 0 0 0 1 10.7649
0 0 0 0 1 9.35243
0 0 0 0 1 9.29105
0 0 0 0 1 9.30893
0 0 0 0 1 9.15571
0 0 0 0 0 9.22923
0 0 0 0 1 9.13225
0 0 0 0 1 9.09548
0 0 0 0 1 9.18256
0 0 0 0 1 9.16426
0 0 0 0 1 9.05957
0 0 0 0 0 9.05085
0 0 0 0 1 9.01968
0 0 0 0 1 9.04746
0 0 0 0 0 9.07521
0 0 0 0 0 9.0535
0 0 0 0 1 9.00929
0 0 0 0 1 8.9252
0 0 0 0 0 8.91745
0 0 0 0 1 8.91876
0 0 0 0 1 8.91122
0 0 0 0 0 8.82847
0 0 0 0 0 8.95472
0 0 0 0 1 8.92082
0 0 0 0 1 8.93145
0 0 0 0 0 8.81831
0 0 0 0 1 8.896
0 0 0 0 1 8.73073
0 0 0 0 1 8.70685
0 0 0 0 1 8.83241
0 0 0 0 1 8.75606
0 0 0 0 1 8.73257
0 0 0 0 1 8.72312
0 0 0 0 1 8.70874
0 0 0 0 1 8.78155
0 0 0 0 1 8.60225
0 0 0 0 0 8.72728
0 0 0 0 1 8.59219
0 0 0 0 1 8.73437
0 0 0 0 1 8.70354
0 0 0 0 1 8.68155
0 0 0 0 1 8.61672
0 0 0 0 0 8.64676
0 0 0 0 1 8.6425
0 0 0 0 1 8.62125
0 0 0 0 1 8.48895
0 0 0 0 1 8.50242
0 0 0 0 1 8.62143
0 0 0 0 1 8.54116
0 0 0 0 0 8.4898
0 0 0 0 1 8.69124
0 0 0 0 1 8.87744
0 0 0 0 1 8.93192
0 0 0 0 1 9.00234
0 0 0 0 1 9.21907
0 0 0 0 0 9.43828
0 0 0 0 1 9.60301
0 0 0 0 0 9.77785
0 0 0 0 1 9.77641
0 0 0 0 0 10.1099
0 0 0 0 0 10.1943
0 0 0 0 1 10.2758
0 0 0 0 1 10.4473
0 0 0 0 1 10.8234
0 0 0 0 0 11.0184
0 0 0 0 0 11.1351
0 0 0 0 1 11.3153
0 0 0 0 1 11.4809
0 0 0 0 1 11.725
0 0 0 0 0 12.1386
0 0 0 0 1 12.1979
0 0 0 0 1 12.6988
0 0 0 0 1 12.9632
0 0 0 0 1 22.5691
0 0 0 0 1 22.5504
0 0 0 0 0 22.5302
0 0 0 0 0 22.535
0 0 0 0 0 22.4949
0 0 0 0 1 22.7495
0 0 0 0 1 22.4613
0 0 0 0 1 22.513
0 0 0 0 1 22.8134
0 0 0 0 1 22.4367
0 0 0 0 1 22.4218
0 0 0 0 1 22.4975
0 0 0 0 1 22.3947
0 0 0 0 1 22.5387
0 0 0 0 0 22.3229
0 0 0 0 1 22.3326
0 0 0 0 1 22.5675
0 0 0 0 1 22.2635
0 0 0 0 1 23.0604
0 0 0 0 1 24.1479
0 0 0 0 1 25.2185
0 0 0 0 1 26.1074
0 0 0 0 1 36.7454
0 0 0 0 1 36.439
0 0 0 0 1 36.2792
0 0 0 0 1 36.1565
0 0 0 0 1 36.1742
0 0 0 0 0 38.4493
0 0 0 0 0 51.9626
0 0 0 0 1 51.843
0 0 0 0 1 52.1413
0 0 0 0 1 51.6075
0 0 0 0 1 52.5313
0 0 0 0 1 56.7235
0 0 0 0 1 65.3316
0 0 0 0 1 70.1516
0 0 0 0 1 81.401
0 0 0 0 0 5.02503
0 0 0 0 0 4.99998
0 0 0 0 0 4.97994
0 0 0 0 0 5.00499
0 0 0 0 0 4.96491
0 0 0 0 0 5.04006
0 0 0 0 0 5.02503
0 0 0 0 0 4.96992
0 0 0 0 0 4.98996
0 0 0 0 0 5.05008
0 0 0 0 0 5.03505
0 0 0 0 0 5.03505
0 0 0 0 1 88.1164
0 0 0 0 1 87.4247
0 0 0 0 1 75.4455
0 0 0 0 1 63.6474
0 0 0 0 1 60.8291
0 0 0 0 1 60.4165
0 0 0 0 0 60.3073
0 0 0 0 1 52.0864
0 0 0 0 1 47.5073
0 0 0 0 1 47.8555
0 0 0 0 1 39.1956
0 0 0 0 1 37.0407
0 0 0 0 1 35.9532
0 0 0 0 1 35.7871
0 0 0 0 0 35.7635
0 0 0 0 1 35.3486
0 0 0 0 0 28.1059
0 0 0 0 1 27.0447
0 0 0 0 1 25.5109
0 0 0 0 1 24.4176
0 0 0 0 1 24.8479
0 0 0 0 0 24.4906
0 0 0 0 1 24.7732
0 0 0 0 0 24.8111
0 0 0 0 1 24.504
0 0 0 0 1 24.7649
0 0 0 0 1 24.7302
0 0 0 0 1 24.9183
0 0 0 0 1 24.6852
0 0 0 0 0 18.2727
0 0 0 0 0 17.7388
0 0 0 0 1 17.3637
0 0 0 0 1 16.7444
0 0 0 0 1 16.1307
0 0 0 0 0 15.7366
0 0 0 0 1 15.377
0 0 0 0 1 15.1666
0 0 0 0 0 14.7425
0 0 0 0 1 14.5096
0 0 0 0 1 14.0285
0 0 0 0 0 13.9148
0 0 0 0 1 13.7876
0 0 0 0 1 13.7718
0 0 0 0 0 13.8536
0 0 0 0 1 13.8383
0 0 0 0 0 13.8113
0 0 0 0 1 13.936
0 0 0 0 1 14.0472
0 0 0 0 0 13.8789
0 0 0 0 1 14.1051
0 0 0 0 0 13.923
0 0 0 0 1 13.9934
0 0 0 0 1 14.1485
0 0 0 0 0 13.9409
0 0 0 0 1 14.0545
0 0 0 0 1 14.1403
0 0 0 0 0 14.0598
0 0 0 0 1 14.1463
0 0 0 0 1 14.0209
0 0 0 0 1 14.1815
0 0 0 0 1 14.1982
0 0 0 0 1 14.2605
0 0 0 0 1 14.1213
0 0 0 0 1 14.1414
0 0 0 0 0 14.273
0 0 0 0 0 14.4082
0 0 0 0 1 14.4265
0 0 0 0 1 14.3765
0 0 0 0 1 14.4096
0 0 0 0 0 8.90536
0 0 0 0 0 8.74705
0 0 0 0 0 8.58146
0 0 0 0 1 8.57118
0 0 0 0 1 8.45808
0 0 0 0 1 8.2459
0 0 0 0 1 8.13594
0 0 0 0 1 8.12236
0 0 0 0 1 7.95627
0 0 0 0 1 7.88686
0 0 0 0 0 7.8733
0 0 0 0 1 7.70211
0 0 0 0 0 7.65676
0 0 0 0 1 7.48978
0 0 0 0 1 7.50418
0 0 0 0 1 7.37057
0 0 0 0 1 7.29499
0 0 0 0 0 7.26482
0 0 0 0 1 7.19089
0 0 0 0 1 7.03194
0 0 0 0 1 6.98725
0 0 0 0 1 6.95127
0 0 0 0 1 6.81621
0 0 0 0 1 6.80071
0 0 0 0 1 6.74389
0 0 0 0 1 6.7607
0 0 0 0 0 6.69654
0 0 0 0 1 6.63252
0 0 0 0 1 6.54263
0 0 0 0 1 6.41726
0 0 0 0 1 6.32904
0 0 0 0 1 6.30731
0 0 0 0 0 6.31656
0 0 0 0 1 6.18166
0 0 0 0 1 6.20874
0 0 0 0 1 6.05712
0 0 0 0 0 6.09534
0 0 0 0 0 5.96652
0 0 0 0 1 5.98556
0 0 0 0 1 5.89985
0 0 0 0 0 5.84139
0 0 0 0 1 5.7744
0 0 0 0 1 5.80618
0 0 0 0 1 5.77378
0 0 0 0 1 5.63586
0 0 0 0 1 5.67744
0 0 0 0 1 5.65623
0 0 0 0 0 5.52666
0 0 0 0 1 5.46724
0 0 0 0 1 5.49038
0 0 0 0 1 5.44738
0 0 0 0 0 5.38065
0 0 0 0 1 5.4164
0 0 0 0 1 5.27224
0 0 0 0 0 5.33384
0 0 0 0 1 5.20716
0 0 0 0 1 5.19972
0 0 0 0 1 5.15057
0 0 0 0 1 5.19438
0 0 0 0 1 5.08896
0 0 0 0 1 5.08291
0 0 0 0 1 5.07473
0 0 0 0 0 5.04463
0 0 0 0 1 4.95152
0 0 0 0 1 4.94343
0 0 0 0 1 4.9646
0 0 0 0 1 4.89239
0 0 0 0 1 4.83864
0 0 0 0 1 4.81579
0 0 0 0 1 4.86315
0 0 0 0 1 4.80256
0 0 0 0 0 4.7959
0 0 0 0 0 4.87184
0 0 0 0 1 4.86429
0 0 0 0 0 4.84308
0 0 0 0 1 4.915
0 0 0 0 0 4.89873
0 0 0 0 1 4.89109
0 0 0 0 0 4.99856
0 0 0 0 0 4.98238
0 0 0 0 1 5.03471
0 0 0 0 0 4.98345
0 0 0 0 1 5.02227
0 0 0 0 1 5.09162
0 0 0 0 1 5.01457
0 0 0 0 1 5.07418
0 0 0 0 0 5.11378
0 0 0 0 1 5.09729
0 0 0 0 1 5.1564
0 0 0 0 1 5.14505
0 0 0 0 1 5.12838
0 0 0 0 0 5.1531
0 0 0 0 0 5.25096
0 0 0 0 1 5.25006
0 0 0 0 1 5.20706
0 0 0 0 1 5.22697
0 0 0 0 1 5.32257
0 0 0 0 1 5.3536
0 0 0 0 0 5.29399
0 0 0 0 0 5.33038
0 0 0 0 1 5.3293
0 0 0 0 1 5.37824
0 0 0 0 0 5.42062
0 0 0 0 0 5.50687
0 0 0 0 0 5.50067
0 0 0 0 1 5.46836
0 0 0 0 1 5.55012
0 0 0 0 1 5.50087
0 0 0 0 1 5.61674
0 0 0 0 1 5.58393
0 0 0 0 0 5.57165
0 0 0 0 1 5.66236
0 0 0 0 1 5.66141
0 0 0 0 1 5.75882
0 0 0 0 1 5.76947
0 0 0 0 1 5.72419
0 0 0 0 1 5.76501
0 0 0 0 1 5.79446
0 0 0 0 1 5.81662
0 0 0 0 1 5.82869
0 0 0 0 1 5.85249
0 0 0 0 1 5.91781
0 0 0 0 1 6.00147
0 0 0 0 1 5.96013
0 0 0 0 1 5.98433
0 0 0 0 1 5.99649
0 0 0 0 1 6.05111
0 0 0 0 1 6.05723
0 0 0 0 1 6.16754
0 0 0 0 1 6.13842
0 0 0 0 0 9.57615
0 0 0 0 1 9.57615
0 0 0 0 1 9.36504
0 0 0 0 1 9.36249
0 0 0 0 1 9.3444
0 0 0 0 0 9.39796
0 0 0 0 0 9.37657
0 0 0 0 1 9.26844
0 0 0 0 1 9.21375
0 0 0 0 1 9.13771
0 0 0 0 1 9.21854
0 0 0 0 1 9.26215
0 0 0 0 0 9.17749
0 0 0 0 1 9.19359
0 0 0 0 1 9.0461
0 0 0 0 1 9.14399
0 0 0 0 1 9.01564
0 0 0 0 1 9.08278
0 0 0 0 0 9.02714
0 0 0 0 1 8.87012
0 0 0 0 1 8.93148
0 0 0 0 1 8.87685
0 0 0 0 0 8.88464
0 0 0 0 1 8.91893
0 0 0 0 0 8.89685
0 0 0 0 1 8.73758
0 0 0 0 1 8.75458
0 0 0 0 1 8.79974
0 0 0 0 1 8.70317
0 0 0 0 1 8.67334
0 0 0 0 1 8.71653
0 0 0 0 1 8.59172
0 0 0 0 1 8.55738
0 0 0 0 1 8.54558
0 0 0 0 1 8.56315
0 0 0 0 1 8.52581
0 0 0 0 1 8.50932
0 0 0 0 0 8.5235
0 0 0 0 0 8.52067
0 0 0 0 0 8.51791
0 0 0 0 1 8.53212
0 0 0 0 1 8.38603
0 0 0 0 1 8.47994
0 0 0 0 0 8.44396
0 0 0 0 0 8.39983
0 0 0 0 1 8.34761
0 0 0 0 0 8.36238
0 0 0 0 1 8.38917
0 0 0 0 0 8.37075
0 0 0 0 1 8.34421
0 0 0 0 1 8.33062
0 0 0 0 1 8.3044
0 0 0 0 1 8.22077
0 0 0 0 1 8.27718
0 0 0 0 1 8.21051
0 0 0 0 1 8.25869
0 0 0 0 0 8.22516
0 0 0 0 1 8.07786
0 0 0 0 1 8.08565
0 0 0 0 1 8.14217
0 0 0 0 1 8.14999
0 0 0 0 1 8.15788
0 0 0 0 1 8.08523
0 0 0 0 0 8.06521
0 0 0 0 1 7.96908
0 0 0 0 1 8.02576
0 0 0 0 0 7.9543
0 0 0 0 1 8.04296
0 0 0 0 1 8.00762
0 0 0 0 1 7.93688
0 0 0 0 1 7.99365
0 0 0 0 1 7.88377
0 0 0 0 1 7.97234
0 0 0 0 0 7.82715
0 0 0 0 0 7.96311
0 0 0 0 1 7.94116
0 0 0 0 1 7.83632
0 0 0 0 1 7.83397
0 0 0 0 1 7.80482
0 0 0 0 1 7.78374
0 0 0 0 1 7.87231
0 0 0 0 1 7.76881
0 0 0 0 1 7.72488
0 0 0 0 1 7.72014
0 0 0 0 1 7.69531
0 0 0 0 1 7.82282
0 0 0 0 1 7.72837
