0 0 0 0 1 5.57508
0 0 0 0 1 5.55089
0 0 0 0 1 5.55457
0 0 0 0 0 5.61652
0 0 0 0 1 5.59819
0 0 0 0 0 5.5799
0 0 0 0 0 5.57195
0 0 0 0 1 5.6602
0 0 0 0 1 5.55469
0 0 0 0 1 5.64335
0 0 0 0 1 5.60292
0 0 0 0 1 5.61886
0 0 0 0 1 5.69359
0 0 0 0 0 5.6024
0 0 0 0 1 5.69807
0 0 0 0 1 5.63721
0 0 0 0 0 5.69359
0 0 0 0 1 5.642
0 0 0 0 1 5.71593
0 0 0 0 1 5.7597
0 0 0 0 1 5.74258
0 0 0 0 1 5.71399
0 0 0 0 1 5.75437
0 0 0 0 1 5.71434
0 0 0 0 1 5.82029
0 0 0 0 0 5.8093
0 0 0 0 1 5.79835
0 0 0 0 1 5.86289
0 0 0 0 1 5.84053
0 0 0 0 1 5.78316
0 0 0 0 0 5.87169
0 0 0 0 0 5.83344
0 0 0 0 0 5.81269
0 0 0 0 1 5.90189
0 0 0 0 1 5.86796
0 0 0 0 0 5.88113
0 0 0 0 0 5.92399
0 0 0 0 1 5.86637
0 0 0 0 1 5.98671
0 0 0 0 0 5.89337
0 0 0 0 1 5.92495
0 0 0 0 1 5.95075
0 0 0 0 0 5.98402
0 0 0 0 1 5.9441
0 0 0 0 1 5.99431
0 0 0 0 1 6.06895
0 0 0 0 1 6.01577
0 0 0 0 1 6.10311
0 0 0 0 0 6.05713
0 0 0 0 0 6.08412
0 0 0 0 0 6.05627
0 0 0 0 1 6.15086
0 0 0 0 1 6.17121
0 0 0 0 1 6.21225
0 0 0 0 1 6.1352
0 0 0 0 1 6.23106
0 0 0 0 1 6.23438
0 0 0 0 1 6.20567
0 0 0 0 1 6.27765
0 0 0 0 0 6.26243
0 0 0 0 0 6.33412
0 0 0 0 1 6.24977
0 0 0 0 0 6.34168
0 0 0 0 1 6.30123
0 0 0 0 0 6.37475
0 0 0 0 0 6.35246
0 0 0 0 1 6.37555
0 0 0 0 1 6.38518
0 0 0 0 0 6.45345
0 0 0 0 1 6.38611
0 0 0 0 1 6.4419
0 0 0 0 1 6.45191
0 0 0 0 1 6.49523
0 0 0 0 1 6.58441
0 0 0 0 1 6.56294
0 0 0 0 0 6.58661
0 0 0 0 1 6.6302
0 0 0 0 1 6.61522
0 0 0 0 1 6.63928
0 0 0 0 1 6.67679
0 0 0 0 0 6.72123
0 0 0 0 1 6.68615
0 0 0 0 1 6.69784
0 0 0 0 1 6.74942
0 0 0 0 1 6.69318
0 0 0 0 1 6.80612
0 0 0 0 1 6.85856
0 0 0 0 1 6.79514
0 0 0 0 1 6.80667
0 0 0 0 1 6.91465
0 0 0 0 1 6.8644
0 0 0 0 1 6.88361
0 0 0 0 1 7.02763
0 0 0 0 1 6.97014
0 0 0 0 0 7.08039
0 0 0 0 1 7.01549
0 0 0 0 1 7.00604
0 0 0 0 1 7.13884
0 0 0 0 0 7.17997
0 0 0 0 0 7.13554
0 0 0 0 0 7.1194
0 0 0 0 1 7.16788
0 0 0 0 1 7.20898
0 0 0 0 1 7.30162
0 0 0 0 1 7.26316
0 0 0 0 1 7.3053
0 0 0 0 0 7.30307
0 0 0 0 0 7.44192
0 0 0 0 0 7.48458
0 0 0 0 1 7.43805
0 0 0 0 1 7.48867
0 0 0 0 0 7.52414
0 0 0 0 1 7.50692
0 0 0 0 1 7.53488
0 0 0 0 1 7.55579
0 0 0 0 1 7.60686
0 0 0 0 1 7.75819
0 0 0 0 0 7.79488
0 0 0 0 1 7.81619
0 0 0 0 1 7.87651
0 0 0 0 1 7.83579
0 0 0 0 1 7.91994
0 0 0 0 1 7.93312
0 0 0 0 1 7.95458
0 0 0 0 1 7.97552
0 0 0 0 1 8.09329
0 0 0 0 1 8.09093
0 0 0 0 1 8.07213
0 0 0 0 0 8.1012
0 0 0 0 1 8.17182
0 0 0 0 1 8.15175
0 0 0 0 0 8.2222
0 0 0 0 1 8.30205
0 0 0 0 1 8.28143
0 0 0 0 0 8.39482
0 0 0 0 1 8.52604
0 0 0 0 1 8.56481
0 0 0 0 0 8.48392
0 0 0 0 1 8.51436
0 0 0 0 0 8.65632
0 0 0 0 0 8.62493
0 0 0 0 1 8.6635
0 0 0 0 1 8.78042
0 0 0 0 1 8.8822
0 0 0 0 1 8.82304
0 0 0 0 1 8.96846
0 0 0 0 1 8.91705
0 0 0 0 1 9.13638
0 0 0 0 0 9.15822
0 0 0 0 1 9.25227
0 0 0 0 0 9.21778
0 0 0 0 1 9.32159
0 0 0 0 0 9.32449
0 0 0 0 1 9.36224
0 0 0 0 0 9.53345
0 0 0 0 0 9.61945
0 0 0 0 1 9.55247
0 0 0 0 0 9.67825
0 0 0 0 0 9.65801
0 0 0 0 1 9.70524
0 0 0 0 0 9.91
0 0 0 0 1 9.82083
0 0 0 0 0 9.92632
0 0 0 0 0 10.1447
0 0 0 0 1 10.141
0 0 0 0 1 10.1889
0 0 0 0 1 10.3584
0 0 0 0 0 10.3742
0 0 0 0 1 10.464
0 0 0 0 1 10.395
0 0 0 0 1 10.5884
0 0 0 0 1 10.7178
0 0 0 0 1 10.6461
0 0 0 0 1 10.7433
0 0 0 0 1 9.24075
0 0 0 0 1 9.25392
0 0 0 0 1 9.23483
0 0 0 0 1 9.26657
0 0 0 0 1 9.20157
0 0 0 0 1 9.14145
0 0 0 0 1 9.14137
0 0 0 0 1 9.09101
0 0 0 0 1 9.15513
0 0 0 0 1 9.05045
0 0 0 0 1 9.01446
0 0 0 0 1 9.0106
0 0 0 0 1 8.97501
0 0 0 0 1 8.94866
0 0 0 0 1 8.97234
0 0 0 0 1 9.08129
0 0 0 0 0 8.97009
0 0 0 0 1 8.89952
0 0 0 0 0 8.98138
0 0 0 0 1 8.93801
0 0 0 0 1 8.97101
0 0 0 0 1 8.92804
0 0 0 0 1 8.95633
0 0 0 0 1 8.89601
0 0 0 0 0 8.9156
0 0 0 0 0 8.7548
0 0 0 0 1 8.74835
0 0 0 0 1 8.70685
0 0 0 0 1 8.84119
0 0 0 0 0 8.72976
0 0 0 0 1 8.68007
0 0 0 0 1 8.81044
0 0 0 0 0 8.80463
0 0 0 0 1 8.69451
0 0 0 0 1 8.74997
0 0 0 0 1 8.75331
0 0 0 0 1 8.6788
0 0 0 0 1 8.57006
0 0 0 0 1 8.56539
0 0 0 0 1 8.70742
0 0 0 0 1 8.65115
0 0 0 0 0 8.68114
0 0 0 0 1 8.54809
0 0 0 0 1 8.54412
0 0 0 0 1 8.64298
0 0 0 0 1 8.61351
0 0 0 0 1 8.60436
0 0 0 0 1 8.60935
0 0 0 0 1 8.58413
0 0 0 0 1 8.63034
0 0 0 0 1 8.89509
0 0 0 0 1 8.93192
0 0 0 0 1 9.12965
0 0 0 0 0 9.25602
0 0 0 0 1 9.30693
0 0 0 0 1 9.55532
0 0 0 0 1 9.652
0 0 0 0 0 9.77641
0 0 0 0 1 9.97978
0 0 0 0 1 10.286
0 0 0 0 1 10.4623
0 0 0 0 1 10.5845
0 0 0 0 1 10.6838
0 0 0 0 1 11.0184
0 0 0 0 1 11.1574
0 0 0 0 0 11.3039
0 0 0 0 1 11.6779
0 0 0 0 1 11.8669
0 0 0 0 0 11.9457
0 0 0 0 1 12.3579
0 0 0 0 1 12.4599
0 0 0 0 0 12.7319
0 0 0 0 1 22.6146
0 0 0 0 1 22.4822
0 0 0 0 1 22.5529
0 0 0 0 1 22.5577
0 0 0 0 1 22.7894
0 0 0 0 0 22.5685
0 0 0 0 1 22.6649
0 0 0 0 1 22.5808
0 0 0 0 0 22.3617
0 0 0 0 1 22.3916
0 0 0 0 0 22.4669
0 0 0 0 0 22.6779
0 0 0 0 0 22.4623
0 0 0 0 1 22.6513
0 0 0 0 1 22.3454
0 0 0 0 0 22.2876
0 0 0 0 0 22.6574
0 0 0 0 1 22.6454
0 0 0 0 1 23.246
0 0 0 0 0 23.9067
0 0 0 0 0 25.3441
0 0 0 0 1 26.1598
0 0 0 0 1 36.709
0 0 0 0 0 36.2934
0 0 0 0 1 36.1336
0 0 0 0 1 36.302
0 0 0 0 1 36.7201
0 0 0 0 1 38.141
0 0 0 0 0 51.7543
0 0 0 0 1 51.9991
0 0 0 0 1 51.8811
0 0 0 0 1 52.4399
0 0 0 0 1 52.0632
0 0 0 0 0 56.5543
0 0 0 0 0 65.9862
0 0 0 0 0 69.0369
0 0 0 0 0 82.6281
0 0 0 0 0 5.04006
0 0 0 0 0 4.96491
0 0 0 0 0 5.04006
0 0 0 0 0 5.01501
0 0 0 0 0 4.97994
0 0 0 0 0 4.98495
0 0 0 0 0 5.03505
0 0 0 0 0 4.9599
0 0 0 0 0 5.01501
0 0 0 0 0 4.9599
0 0 0 0 0 4.98495
0 0 0 0 0 5.01501
0 0 0 0 0 86.8025
0 0 0 0 0 88.2131
0 0 0 0 1 75.4455
0 0 0 0 1 63.4559
0 0 0 0 1 61.0106
0 0 0 0 1 60.1744
0 0 0 0 1 60.61
0 0 0 0 1 51.8286
0 0 0 0 1 48.2751
0 0 0 0 0 48.2875
0 0 0 0 0 39.5098
0 0 0 0 1 37.0039
0 0 0 0 1 35.5252
0 0 0 0 0 35.6087
0 0 0 0 1 35.8706
0 0 0 0 1 35.8842
0 0 0 0 0 28.3025
0 0 0 0 1 26.9911
0 0 0 0 1 25.3827
0 0 0 0 1 24.7868
0 0 0 0 1 24.8233
0 0 0 0 1 24.8849
0 0 0 0 1 24.5021
0 0 0 0 1 24.8851
0 0 0 0 1 24.8742
0 0 0 0 1 24.4686
0 0 0 0 0 24.7796
0 0 0 0 1 24.7947
0 0 0 0 1 24.8583
0 0 0 0 1 18.3637
0 0 0 0 1 17.5266
0 0 0 0 1 17.037
0 0 0 0 1 16.7779
0 0 0 0 0 16.1958
0 0 0 0 0 15.9907
0 0 0 0 0 15.5474
0 0 0 0 1 15.1061
0 0 0 0 1 14.6982
0 0 0 0 1 14.351
0 0 0 0 1 13.9721
0 0 0 0 1 13.9703
0 0 0 0 0 14.01
0 0 0 0 1 13.9526
0 0 0 0 0 14.0068
0 0 0 0 1 14.0612
0 0 0 0 0 13.8671
0 0 0 0 0 13.9918
0 0 0 0 1 13.8654
0 0 0 0 1 13.8929
0 0 0 0 1 13.965
0 0 0 0 1 14.0773
0 0 0 0 1 13.9233
0 0 0 0 1 13.9378
0 0 0 0 1 13.955
0 0 0 0 0 13.9559
0 0 0 0 1 14.239
0 0 0 0 0 14.2433
0 0 0 0 1 14.0332
0 0 0 0 1 14.12
0 0 0 0 1 14.0965
0 0 0 0 1 14.2691
0 0 0 0 1 14.3031
0 0 0 0 1 14.1924
0 0 0 0 1 14.3408
0 0 0 0 1 14.159
0 0 0 0 0 14.3225
0 0 0 0 1 14.3407
0 0 0 0 1 14.2906
0 0 0 0 0 14.3522
0 0 0 0 1 8.87888
0 0 0 0 1 8.64251
0 0 0 0 0 8.58146
0 0 0 0 0 8.46075
0 0 0 0 1 8.30704
0 0 0 0 1 8.32878
0 0 0 0 1 8.27522
0 0 0 0 0 8.15472
0 0 0 0 1 7.93229
0 0 0 0 1 7.89476
0 0 0 0 1 7.8733
0 0 0 0 1 7.80254
0 0 0 0 1 7.60327
0 0 0 0 1 7.56536
0 0 0 0 1 7.44439
0 0 0 0 1 7.37057
0 0 0 0 1 7.39011
0 0 0 0 1 7.30828
0 0 0 0 1 7.15504
0 0 0 0 1 7.04613
0 0 0 0 1 6.98725
0 0 0 0 1 6.88864
0 0 0 0 0 6.81621
0 0 0 0 0 6.88938
0 0 0 0 1 6.68983
0 0 0 0 1 6.7607
0 0 0 0 1 6.5772
0 0 0 0 1 6.55372
0 0 0 0 1 6.43857
0 0 0 0 1 6.44305
0 0 0 0 1 6.43122
0 0 0 0 0 6.30731
0 0 0 0 0 6.34167
0 0 0 0 1 6.16299
0 0 0 0 0 6.20257
0 0 0 0 0 6.16725
0 0 0 0 0 6.04075
0 0 0 0 1 6.08091
0 0 0 0 1 5.91991
0 0 0 0 1 5.96501
0 0 0 0 1 5.89422
0 0 0 0 1 5.78606
0 0 0 0 1 5.83509
0 0 0 0 1 5.72213
0 0 0 0 0 5.6643
0 0 0 0 0 5.66051
0 0 0 0 1 5.62822
0 0 0 0 1 5.56005
0 0 0 0 0 5.56112
0 0 0 0 0 5.53422
0 0 0 0 1 5.39845
0 0 0 0 0 5.41847
0 0 0 0 1 5.4164
0 0 0 0 1 5.36277
0 0 0 0 1 5.27035
0 0 0 0 1 5.23865
0 0 0 0 0 5.21015
0 0 0 0 1 5.15057
0 0 0 0 1 5.13775
0 0 0 0 1 5.16056
0 0 0 0 1 5.07783
0 0 0 0 1 5.04953
0 0 0 0 0 4.96941
0 0 0 0 1 4.93657
0 0 0 0 1 4.96322
0 0 0 0 0 4.87121
0 0 0 0 1 4.86797
0 0 0 0 1 4.9018
0 0 0 0 1 4.86405
0 0 0 0 1 4.86315
0 0 0 0 1 4.78326
0 0 0 0 1 4.85888
0 0 0 0 0 4.84267
0 0 0 0 0 4.85454
0 0 0 0 1 4.91646
0 0 0 0 1 4.95919
0 0 0 0 1 4.95294
0 0 0 0 1 4.93061
0 0 0 0 1 4.98369
0 0 0 0 1 4.97242
0 0 0 0 1 4.9399
0 0 0 0 1 5.04856
0 0 0 0 1 4.97702
0 0 0 0 0 5.03611
0 0 0 0 1 5.0399
0 0 0 0 0 5.07926
0 0 0 0 1 5.09847
0 0 0 0 0 5.09217
0 0 0 0 1 5.11018
0 0 0 0 1 5.11411
0 0 0 0 1 5.20083
0 0 0 0 0 5.22583
0 0 0 0 1 5.17796
0 0 0 0 0 5.20819
0 0 0 0 1 5.21232
0 0 0 0 0 5.25334
0 0 0 0 1 5.24835
0 0 0 0 1 5.28442
0 0 0 0 1 5.29933
0 0 0 0 1 5.39473
0 0 0 0 1 5.35083
0 0 0 0 1 5.43235
0 0 0 0 1 5.46407
0 0 0 0 1 5.41963
0 0 0 0 1 5.51709
0 0 0 0 1 5.54537
0 0 0 0 1 5.48385
0 0 0 0 0 5.49532
0 0 0 0 1 5.62231
0 0 0 0 1 5.58953
0 0 0 0 1 5.66723
0 0 0 0 1 5.61716
0 0 0 0 1 5.71814
0 0 0 0 1 5.6961
0 0 0 0 1 5.73513
0 0 0 0 1 5.75871
0 0 0 0 1 5.79393
0 0 0 0 1 5.77702
0 0 0 0 1 5.78162
0 0 0 0 0 5.90492
0 0 0 0 0 5.95268
0 0 0 0 1 5.91781
0 0 0 0 1 5.99552
0 0 0 0 1 5.94217
0 0 0 0 1 6.04447
0 0 0 0 0 6.02671
0 0 0 0 0 6.13009
0 0 0 0 1 6.06944
0 0 0 0 0 6.19822
0 0 0 0 0 6.23723
0 0 0 0 1 9.50952
0 0 0 0 1 9.40548
0 0 0 0 1 9.36504
0 0 0 0 1 9.50378
0 0 0 0 1 9.40069
0 0 0 0 1 9.36055
0 0 0 0 0 9.22744
0 0 0 0 1 9.3614
0 0 0 0 1 9.25079
0 0 0 0 1 9.26693
0 0 0 0 0 9.14494
0 0 0 0 1 9.21629
0 0 0 0 1 9.21405
0 0 0 0 1 9.12981
0 0 0 0 1 9.10968
0 0 0 0 1 9.13493
0 0 0 0 1 8.99759
0 0 0 0 1 8.91174
0 0 0 0 1 9.0092
0 0 0 0 0 8.88802
0 0 0 0 0 8.94933
0 0 0 0 1 8.93911
0 0 0 0 1 8.85804
0 0 0 0 1 8.91009
0 0 0 0 1 8.82631
0 0 0 0 0 8.8079
0 0 0 0 0 8.84221
0 0 0 0 1 8.7735
0 0 0 0 1 8.71189
0 0 0 0 1 8.72554
0 0 0 0 1 8.75989
0 0 0 0 1 8.61768
0 0 0 0 1 8.59188
0 0 0 0 1 8.67467
0 0 0 0 1 8.53741
0 0 0 0 1 8.63709
0 0 0 0 1 8.62028
0 0 0 0 1 8.43835
0 0 0 0 1 8.4697
0 0 0 0 1 8.44163
0 0 0 0 0 8.48138
0 0 0 0 0 8.36072
0 0 0 0 1 8.36216
0 0 0 0 1 8.40199
0 0 0 0 1 8.4417
0 0 0 0 1 8.43952
0 0 0 0 1 8.32903
0 0 0 0 1 8.23119
0 0 0 0 1 8.34586
0 0 0 0 1 8.2697
0 0 0 0 1 8.29757
0 0 0 0 1 8.3209
0 0 0 0 1 8.24546
0 0 0 0 1 8.24433
0 0 0 0 1 8.18593
0 0 0 0 1 8.24234
0 0 0 0 1 8.14356
0 0 0 0 1 8.19186
0 0 0 0 1 8.15879
0 0 0 0 0 8.12595
0 0 0 0 1 8.04478
0 0 0 0 1 8.12557
0 0 0 0 1 8.0288
0 0 0 0 1 8.1135
0 0 0 0 1 8.07351
0 0 0 0 1 7.94558
0 0 0 0 1 7.98631
0 0 0 0 1 8.01101
0 0 0 0 1 7.99167
0 0 0 0 1 7.92096
0 0 0 0 1 7.91419
0 0 0 0 1 7.96309
0 0 0 0 1 7.89317
0 0 0 0 1 7.93784
0 0 0 0 1 7.90787
0 0 0 0 1 7.95692
0 0 0 0 1 7.80485
0 0 0 0 1 7.82611
0 0 0 0 1 7.87542
0 0 0 0 1 7.89337
0 0 0 0 1 7.73941
0 0 0 0 1 7.8547
0 0 0 0 1 7.78724
0 0 0 0 1 7.81353
0 0 0 0 1 7.73418
0 0 0 0 1 7.83834
0 0 0 0 1 7.75938
