0 0 0 0 1 5.56953
0 0 0 0 1 5.562
0 0 0 0 1 5.51561
0 0 0 0 0 5.54966
0 0 0 0 0 5.52563
0 0 0 0 1 5.63581
0 0 0 0 1 5.55517
0 0 0 0 1 5.62658
0 0 0 0 1 5.59957
0 0 0 0 1 5.5759
0 0 0 0 1 5.67612
0 0 0 0 1 5.65271
0 0 0 0 1 5.66535
0 0 0 0 1 5.62504
0 0 0 0 1 5.68673
0 0 0 0 1 5.72236
0 0 0 0 1 5.74478
0 0 0 0 1 5.6477
0 0 0 0 1 5.7559
0 0 0 0 1 5.71971
0 0 0 0 1 5.66815
0 0 0 0 1 5.71399
0 0 0 0 1 5.70263
0 0 0 0 1 5.77195
0 0 0 0 1 5.73376
0 0 0 0 1 5.78618
0 0 0 0 1 5.81573
0 0 0 0 1 5.82806
0 0 0 0 1 5.79399
0 0 0 0 1 5.78899
0 0 0 0 1 5.89506
0 0 0 0 1 5.88025
0 0 0 0 1 5.83027
0 0 0 0 1 5.93125
0 0 0 0 1 5.87973
0 0 0 0 1 5.94602
0 0 0 0 1 5.85304
0 0 0 0 0 5.95525
0 0 0 0 1 5.9095
0 0 0 0 0 5.98862
0 0 0 0 1 5.97865
0 0 0 0 1 6.01654
0 0 0 0 1 6.04392
0 0 0 0 1 5.98012
0 0 0 0 1 6.0545
0 0 0 0 0 6.01465
0 0 0 0 1 6.00972
0 0 0 0 0 6.04245
0 0 0 0 1 6.02064
0 0 0 0 1 6.13289
0 0 0 0 1 6.05627
0 0 0 0 1 6.10185
0 0 0 0 1 6.09131
0 0 0 0 1 6.18762
0 0 0 0 0 6.14138
0 0 0 0 1 6.16299
0 0 0 0 0 6.17855
0 0 0 0 1 6.28659
0 0 0 0 1 6.19029
0 0 0 0 1 6.20612
0 0 0 0 1 6.25879
0 0 0 0 1 6.32529
0 0 0 0 1 6.28489
0 0 0 0 1 6.30755
0 0 0 0 1 6.31132
0 0 0 0 1 6.32064
0 0 0 0 1 6.39469
0 0 0 0 1 6.41079
0 0 0 0 0 6.36356
0 0 0 0 1 6.48921
0 0 0 0 1 6.48713
0 0 0 0 1 6.51027
0 0 0 0 1 6.43671
0 0 0 0 1 6.53226
0 0 0 0 1 6.56948
0 0 0 0 1 6.6063
0 0 0 0 1 6.6302
0 0 0 0 1 6.63502
0 0 0 0 1 6.6459
0 0 0 0 1 6.67679
0 0 0 0 0 6.68785
0 0 0 0 1 6.64599
0 0 0 0 1 6.68441
0 0 0 0 0 6.80331
0 0 0 0 1 6.72698
0 0 0 0 0 6.71791
0 0 0 0 1 6.79046
0 0 0 0 1 6.80197
0 0 0 0 1 6.88214
0 0 0 0 1 6.83201
0 0 0 0 1 6.94735
0 0 0 0 1 6.86281
0 0 0 0 1 6.99284
0 0 0 0 1 6.91426
0 0 0 0 1 6.94018
0 0 0 0 0 7.05771
0 0 0 0 1 7.07674
0 0 0 0 1 7.07498
0 0 0 0 1 7.08025
0 0 0 0 1 7.22134
0 0 0 0 1 7.20552
0 0 0 0 0 7.21111
0 0 0 0 0 7.27412
0 0 0 0 1 7.20717
0 0 0 0 0 7.32156
0 0 0 0 1 7.35659
0 0 0 0 1 7.36933
0 0 0 0 1 7.44192
0 0 0 0 1 7.40299
0 0 0 0 1 7.42315
0 0 0 0 1 7.48867
0 0 0 0 1 7.50911
0 0 0 0 1 7.52957
0 0 0 0 0 7.60317
0 0 0 0 1 7.56341
0 0 0 0 1 7.69104
0 0 0 0 0 7.65054
0 0 0 0 1 7.8026
0 0 0 0 1 7.69201
0 0 0 0 1 7.72054
0 0 0 0 1 7.78099
0 0 0 0 1 7.78624
0 0 0 0 1 7.88566
0 0 0 0 1 8.01815
0 0 0 0 1 8.04745
0 0 0 0 1 7.94876
0 0 0 0 1 7.98607
0 0 0 0 0 8.16938
0 0 0 0 1 8.19085
0 0 0 0 1 8.17182
0 0 0 0 1 8.29996
0 0 0 0 0 8.35468
0 0 0 0 1 8.35196
0 0 0 0 1 8.28979
0 0 0 0 0 8.40323
0 0 0 0 0 8.40762
0 0 0 0 1 8.55631
0 0 0 0 1 8.46682
0 0 0 0 1 8.58309
0 0 0 0 1 8.57857
0 0 0 0 1 8.73796
0 0 0 0 1 8.76841
0 0 0 0 1 8.77162
0 0 0 0 0 8.77615
0 0 0 0 1 8.82304
0 0 0 0 1 8.97741
0 0 0 0 1 8.96208
0 0 0 0 1 9.15451
0 0 0 0 1 9.04887
0 0 0 0 1 9.09639
0 0 0 0 0 9.24546
0 0 0 0 0 9.32159
0 0 0 0 1 9.24982
0 0 0 0 1 9.34344
0 0 0 0 1 9.40104
0 0 0 0 1 9.45754
0 0 0 0 1 9.57165
0 0 0 0 1 9.65895
0 0 0 0 1 9.65801
0 0 0 0 1 9.87156
0 0 0 0 0 9.76224
0 0 0 0 1 9.86047
0 0 0 0 1 9.89636
0 0 0 0 1 10.0743
0 0 0 0 0 10.1916
0 0 0 0 1 10.3011
0 0 0 0 1 10.2865
0 0 0 0 0 10.3845
0 0 0 0 1 10.4119
0 0 0 0 1 10.395
0 0 0 0 1 10.5355
0 0 0 0 1 10.6965
0 0 0 0 0 10.7857
0 0 0 0 1 10.7216
0 0 0 0 1 9.35243
0 0 0 0 1 9.2632
0 0 0 0 1 9.27188
0 0 0 0 1 9.30353
0 0 0 0 1 9.31221
0 0 0 0 1 9.2794
0 0 0 0 1 9.09548
0 0 0 0 1 9.20087
0 0 0 0 0 9.10031
0 0 0 0 1 9.12337
0 0 0 0 0 9.06904
0 0 0 0 1 9.13764
0 0 0 0 1 9.0384
0 0 0 0 1 8.94866
0 0 0 0 1 9.02644
0 0 0 0 1 9.01829
0 0 0 0 1 9.00601
0 0 0 0 1 9.00707
0 0 0 0 1 8.85614
0 0 0 0 0 8.91122
0 0 0 0 1 8.91756
0 0 0 0 1 8.93693
0 0 0 0 1 8.84981
0 0 0 0 0 8.90487
0 0 0 0 1 8.89791
0 0 0 0 1 8.7901
0 0 0 0 1 8.7924
0 0 0 0 1 8.82998
0 0 0 0 0 8.75339
0 0 0 0 1 8.72976
0 0 0 0 1 8.68007
0 0 0 0 0 8.65326
0 0 0 0 0 8.639
0 0 0 0 1 8.62489
0 0 0 0 0 8.76734
0 0 0 0 1 8.70993
0 0 0 0 1 8.59219
0 0 0 0 1 8.72572
0 0 0 0 1 8.71218
0 0 0 0 1 8.56948
0 0 0 0 0 8.69419
0 0 0 0 1 8.68114
0 0 0 0 1 8.65108
0 0 0 0 0 8.64696
0 0 0 0 1 8.64298
0 0 0 0 1 8.50242
0 0 0 0 1 8.54461
0 0 0 0 1 8.53264
0 0 0 0 0 8.5584
0 0 0 0 1 8.70864
0 0 0 0 1 8.78037
0 0 0 0 0 8.94088
0 0 0 0 1 9.18421
0 0 0 0 1 9.32992
0 0 0 0 1 9.3257
0 0 0 0 1 9.59347
0 0 0 0 0 9.69072
0 0 0 0 1 9.88471
0 0 0 0 1 9.98979
0 0 0 0 1 10.1536
0 0 0 0 0 10.3173
0 0 0 0 0 10.5001
0 0 0 0 1 10.7482
0 0 0 0 1 10.9199
0 0 0 0 1 11.2243
0 0 0 0 0 11.4289
0 0 0 0 1 11.6199
0 0 0 0 0 11.8787
0 0 0 0 0 12.0181
0 0 0 0 1 12.3702
0 0 0 0 1 12.5605
0 0 0 0 1 12.7576
0 0 0 0 1 22.5237
0 0 0 0 0 22.6639
0 0 0 0 1 22.5529
0 0 0 0 1 22.6937
0 0 0 0 0 22.7215
0 0 0 0 1 22.5911
0 0 0 0 1 22.5744
0 0 0 0 1 22.8294
0 0 0 0 1 22.7005
0 0 0 0 1 22.7076
0 0 0 0 1 22.7602
0 0 0 0 0 22.4299
0 0 0 0 1 22.7327
0 0 0 0 1 22.4711
0 0 0 0 1 22.3004
0 0 0 0 1 22.2876
0 0 0 0 1 22.6574
0 0 0 0 1 22.4881
0 0 0 0 1 23.3852
0 0 0 0 1 24.0032
0 0 0 0 1 24.9171
0 0 0 0 1 26.055
0 0 0 0 1 36.2719
0 0 0 0 0 36.439
0 0 0 0 1 36.7158
0 0 0 0 1 36.4475
0 0 0 0 1 36.0286
0 0 0 0 1 38.6034
0 0 0 0 1 51.8064
0 0 0 0 1 51.9991
0 0 0 0 1 52.2454
0 0 0 0 1 52.3358
0 0 0 0 1 51.4911
0 0 0 0 1 55.9905
0 0 0 0 1 65.1352
0 0 0 0 1 69.4549
0 0 0 0 1 82.2191
0 0 0 0 0 5.03505
0 0 0 0 0 5.03505
0 0 0 0 0 4.99497
0 0 0 0 0 5.03004
0 0 0 0 0 5.05509
0 0 0 0 0 5.0601
0 0 0 0 0 4.96992
0 0 0 0 0 5.00499
0 0 0 0 0 5.02503
0 0 0 0 0 5.04507
0 0 0 0 0 5.05008
0 0 0 0 0 5.02503
0 0 0 0 1 88.4667
0 0 0 0 0 88.1255
0 0 0 0 1 75.2952
0 0 0 0 1 64.4774
0 0 0 0 0 60.2238
0 0 0 0 1 60.7192
0 0 0 0 1 59.944
0 0 0 0 1 51.2613
0 0 0 0 1 48.1791
0 0 0 0 1 47.8555
0 0 0 0 1 39.4705
0 0 0 0 1 36.4516
0 0 0 0 1 35.9175
0 0 0 0 1 35.4303
0 0 0 0 1 35.9777
0 0 0 0 1 35.9913
0 0 0 0 1 28.0217
0 0 0 0 1 26.9911
0 0 0 0 1 25.5879
0 0 0 0 0 24.7622
0 0 0 0 0 24.7001
0 0 0 0 1 24.5399
0 0 0 0 1 24.4282
0 0 0 0 1 24.8604
0 0 0 0 1 24.4547
0 0 0 0 1 24.9378
0 0 0 0 1 24.6066
0 0 0 0 1 24.8441
0 0 0 0 0 24.6604
0 0 0 0 1 18.2545
0 0 0 0 0 17.8449
0 0 0 0 1 17.3637
0 0 0 0 1 16.7779
0 0 0 0 1 16.1307
0 0 0 0 1 15.7366
0 0 0 0 1 15.5938
0 0 0 0 1 15.1817
0 0 0 0 1 14.8015
0 0 0 0 1 14.5529
0 0 0 0 1 14.0567
0 0 0 0 1 13.8731
0 0 0 0 0 13.7737
0 0 0 0 0 13.8274
0 0 0 0 1 14.0346
0 0 0 0 1 13.9637
0 0 0 0 1 13.9648
0 0 0 0 0 13.8382
0 0 0 0 0 13.8515
0 0 0 0 1 13.9769
0 0 0 0 1 14.0911
0 0 0 0 1 14.0632
0 0 0 0 1 14.0496
0 0 0 0 1 14.1626
0 0 0 0 1 14.0394
0 0 0 0 1 14.2235
0 0 0 0 1 14.1685
0 0 0 0 1 14.1727
0 0 0 0 1 14.0615
0 0 0 0 0 14.0068
0 0 0 0 1 14.309
0 0 0 0 1 14.2407
0 0 0 0 1 14.3173
0 0 0 0 1 14.1213
0 0 0 0 1 14.2696
0 0 0 0 1 14.2873
0 0 0 0 1 14.4224
0 0 0 0 1 14.2692
0 0 0 0 1 14.3479
0 0 0 0 1 14.2805
0 0 0 0 1 8.87005
0 0 0 0 1 8.63379
0 0 0 0 1 8.65025
0 0 0 0 1 8.57118
0 0 0 0 1 8.30704
0 0 0 0 1 8.20447
0 0 0 0 1 8.26703
0 0 0 0 1 8.01719
0 0 0 0 1 8.00425
0 0 0 0 1 7.94218
0 0 0 0 1 7.82639
0 0 0 0 0 7.67121
0 0 0 0 1 7.67204
0 0 0 0 1 7.60315
0 0 0 0 1 7.5266
0 0 0 0 1 7.38537
0 0 0 0 1 7.26572
0 0 0 0 0 7.17066
0 0 0 0 1 7.2124
0 0 0 0 1 7.13838
0 0 0 0 1 7.0013
0 0 0 0 0 6.91648
0 0 0 0 1 6.95391
0 0 0 0 1 6.78707
0 0 0 0 1 6.79119
0 0 0 0 1 6.64021
0 0 0 0 1 6.62361
0 0 0 0 1 6.55372
0 0 0 0 1 6.54913
0 0 0 0 1 6.44305
0 0 0 0 1 6.32904
0 0 0 0 1 6.30731
0 0 0 0 0 6.29772
0 0 0 0 0 6.26882
0 0 0 0 1 6.19022
0 0 0 0 1 6.13054
0 0 0 0 1 6.08321
0 0 0 0 1 5.99662
0 0 0 0 1 5.91991
0 0 0 0 1 5.93539
0 0 0 0 1 5.89422
0 0 0 0 1 5.79188
0 0 0 0 1 5.77148
0 0 0 0 1 5.69917
0 0 0 0 1 5.73823
0 0 0 0 0 5.62665
0 0 0 0 0 5.62262
0 0 0 0 1 5.53779
0 0 0 0 1 5.56664
0 0 0 0 1 5.49038
0 0 0 0 1 5.39301
0 0 0 0 0 5.37525
0 0 0 0 1 5.4003
0 0 0 0 1 5.27224
0 0 0 0 1 5.26505
0 0 0 0 1 5.22816
0 0 0 0 1 5.24144
0 0 0 0 1 5.19202
0 0 0 0 1 5.11716
0 0 0 0 1 5.13499
0 0 0 0 0 5.10827
0 0 0 0 0 5.05457
0 0 0 0 0 5.05967
0 0 0 0 0 4.9565
0 0 0 0 1 4.95332
0 0 0 0 1 4.87121
0 0 0 0 1 4.86797
0 0 0 0 1 4.81921
0 0 0 0 1 4.83992
0 0 0 0 1 4.80537
0 0 0 0 1 4.80739
0 0 0 0 0 4.82981
0 0 0 0 1 4.82808
0 0 0 0 0 4.83992
0 0 0 0 1 4.87733
0 0 0 0 1 4.90518
0 0 0 0 1 4.87901
0 0 0 0 1 4.9899
0 0 0 0 1 4.9341
0 0 0 0 1 5.00229
0 0 0 0 1 4.99479
0 0 0 0 1 5.0135
0 0 0 0 1 5.03232
0 0 0 0 1 5.00584
0 0 0 0 1 5.01457
0 0 0 0 0 5.11485
0 0 0 0 1 5.06785
0 0 0 0 1 5.16389
0 0 0 0 1 5.16153
0 0 0 0 1 5.13989
0 0 0 0 1 5.14908
0 0 0 0 1 5.14791
0 0 0 0 1 5.25096
0 0 0 0 1 5.22912
0 0 0 0 1 5.27011
0 0 0 0 1 5.31136
0 0 0 0 1 5.35438
0 0 0 0 1 5.26846
0 0 0 0 0 5.29399
0 0 0 0 1 5.33038
0 0 0 0 1 5.3293
0 0 0 0 1 5.37824
0 0 0 0 1 5.38803
0 0 0 0 1 5.43054
0 0 0 0 1 5.45141
0 0 0 0 0 5.46285
0 0 0 0 0 5.48937
0 0 0 0 1 5.57303
0 0 0 0 1 5.61674
0 0 0 0 0 5.56713
0 0 0 0 1 5.63349
0 0 0 0 1 5.59455
0 0 0 0 0 5.6217
0 0 0 0 1 5.71321
0 0 0 0 1 5.75802
0 0 0 0 1 5.77597
0 0 0 0 1 5.7361
0 0 0 0 1 5.84676
0 0 0 0 1 5.87496
0 0 0 0 1 5.83455
0 0 0 0 1 5.87017
0 0 0 0 1 5.98297
0 0 0 0 0 5.99552
0 0 0 0 1 6.02595
0 0 0 0 1 5.97831
0 0 0 0 0 6.05694
0 0 0 0 1 6.12401
0 0 0 0 1 6.05723
0 0 0 0 0 6.08162
0 0 0 0 1 6.1446
0 0 0 0 1 9.45241
0 0 0 0 0 9.53822
0 0 0 0 1 9.46899
0 0 0 0 1 9.5132
0 0 0 0 1 9.43822
0 0 0 0 1 9.3138
0 0 0 0 1 9.41386
0 0 0 0 1 9.20336
0 0 0 0 0 9.17671
0 0 0 0 0 9.17463
0 0 0 0 1 9.15414
0 0 0 0 1 9.26215
0 0 0 0 1 9.23233
0 0 0 0 1 9.07514
0 0 0 0 1 9.12784
0 0 0 0 0 9.06251
0 0 0 0 0 8.98856
0 0 0 0 1 9.01976
0 0 0 0 1 8.99125
0 0 0 0 1 8.86117
0 0 0 0 1 8.91364
0 0 0 0 1 8.93022
0 0 0 0 1 8.90238
0 0 0 0 1 8.80402
0 0 0 0 1 8.87922
0 0 0 0 1 8.81669
0 0 0 0 1 8.75458
0 0 0 0 0 8.78225
0 0 0 0 1 8.65956
0 0 0 0 1 8.78643
0 0 0 0 1 8.61245
0 0 0 0 1 8.7042
0 0 0 0 1 8.6609
0 0 0 0 0 8.58861
0 0 0 0 0 8.56315
0 0 0 0 1 8.48301
0 0 0 0 1 8.48372
0 0 0 0 0 8.54905
0 0 0 0 1 8.51218
0 0 0 0 0 8.46705
0 0 0 0 1 8.40528
0 0 0 0 1 8.48727
0 0 0 0 0 8.32851
0 0 0 0 0 8.46075
0 0 0 0 1 8.34958
0 0 0 0 1 8.38103
0 0 0 0 1 8.27067
0 0 0 0 1 8.32265
0 0 0 0 0 8.2546
0 0 0 0 1 8.25315
0 0 0 0 0 8.23971
0 0 0 0 1 8.29616
0 0 0 0 1 8.15494
0 0 0 0 1 8.15401
0 0 0 0 1 8.16954
0 0 0 0 1 8.20146
0 0 0 0 1 8.08644
0 0 0 0 1 8.18372
0 0 0 0 1 8.15879
0 0 0 0 1 8.09351
0 0 0 0 1 8.07715
0 0 0 0 1 8.14173
0 0 0 0 0 8.05299
0 0 0 0 1 8.00887
0 0 0 0 1 8.09761
0 0 0 0 1 8.0418
0 0 0 0 1 7.98631
0 0 0 0 1 7.92316
0 0 0 0 1 7.92787
0 0 0 0 0 8.03241
0 0 0 0 1 7.99365
0 0 0 0 1 7.8917
0 0 0 0 1 7.95651
0 0 0 0 1 7.93784
0 0 0 0 1 7.82106
0 0 0 0 0 7.82299
0 0 0 0 1 7.9386
0 0 0 0 1 7.88897
0 0 0 0 1 7.82835
0 0 0 0 1 7.7994
0 0 0 0 1 7.85667
0 0 0 0 1 7.84689
0 0 0 0 1 7.74826
0 0 0 0 1 7.79018
0 0 0 0 1 7.74195
0 0 0 0 1 7.72193
0 0 0 0 0 7.72837
