0 0 0 0 1 5.58063
0 0 0 0 0 5.52311
0 0 0 0 1 5.5323
0 0 0 0 1 5.53852
0 0 0 0 1 5.61493
0 0 0 0 1 5.54635
0 0 0 0 1 5.64468
0 0 0 0 0 5.58174
0 0 0 0 1 5.5603
0 0 0 0 1 5.56465
0 0 0 0 1 5.67049
0 0 0 0 1 5.63014
0 0 0 0 0 5.63711
0 0 0 0 1 5.71558
0 0 0 0 1 5.64137
0 0 0 0 1 5.63721
0 0 0 0 0 5.64808
0 0 0 0 0 5.70469
0 0 0 0 1 5.67025
0 0 0 0 1 5.72542
0 0 0 0 1 5.75403
0 0 0 0 0 5.68531
0 0 0 0 0 5.70838
0 0 0 0 1 5.78923
0 0 0 0 1 5.71069
0 0 0 0 1 5.76306
0 0 0 0 1 5.74622
0 0 0 0 1 5.77001
0 0 0 0 0 5.83471
0 0 0 0 1 5.7715
0 0 0 0 1 5.78989
0 0 0 0 0 5.82174
0 0 0 0 1 5.85371
0 0 0 0 1 5.82555
0 0 0 0 1 5.87973
0 0 0 0 1 5.85754
0 0 0 0 1 5.94173
0 0 0 0 1 5.90785
0 0 0 0 1 5.89763
0 0 0 0 1 5.98862
0 0 0 0 1 5.98462
0 0 0 0 1 5.99261
0 0 0 0 1 5.94209
0 0 0 0 0 6.01615
0 0 0 0 1 6.03043
0 0 0 0 1 6.00259
0 0 0 0 1 6.04603
0 0 0 0 0 6.08491
0 0 0 0 1 6.12403
0 0 0 0 1 6.09021
0 0 0 0 1 6.08683
0 0 0 0 1 6.10185
0 0 0 0 1 6.18965
0 0 0 0 1 6.18762
0 0 0 0 1 6.11669
0 0 0 0 1 6.16918
0 0 0 0 1 6.14753
0 0 0 0 1 6.187
0 0 0 0 1 6.29637
0 0 0 0 1 6.27494
0 0 0 0 1 6.23368
0 0 0 0 0 6.34417
0 0 0 0 1 6.29751
0 0 0 0 0 6.30755
0 0 0 0 1 6.29229
0 0 0 0 0 6.30791
0 0 0 0 1 6.3564
0 0 0 0 1 6.45562
0 0 0 0 0 6.44703
0 0 0 0 0 6.37966
0 0 0 0 0 6.42252
0 0 0 0 1 6.54918
0 0 0 0 0 6.49523
0 0 0 0 1 6.48662
0 0 0 0 1 6.51065
0 0 0 0 1 6.54069
0 0 0 0 1 6.57094
0 0 0 0 1 6.65483
0 0 0 0 0 6.6194
0 0 0 0 1 6.71669
0 0 0 0 0 6.64113
0 0 0 0 1 6.67945
0 0 0 0 0 6.64415
0 0 0 0 1 6.71574
0 0 0 0 0 6.76754
0 0 0 0 1 6.82648
0 0 0 0 1 6.79727
0 0 0 0 1 6.7883
0 0 0 0 1 6.79294
0 0 0 0 1 6.93531
0 0 0 0 0 6.95426
0 0 0 0 1 6.9252
0 0 0 0 1 6.89543
0 0 0 0 1 6.95617
0 0 0 0 1 7.00328
0 0 0 0 1 7.07882
0 0 0 0 1 7.13329
0 0 0 0 0 7.14594
0 0 0 0 1 7.11587
0 0 0 0 1 7.22134
0 0 0 0 0 7.16963
0 0 0 0 1 7.21831
0 0 0 0 1 7.25965
0 0 0 0 0 7.2217
0 0 0 0 1 7.24856
0 0 0 0 0 7.33461
0 0 0 0 1 7.28834
0 0 0 0 1 7.34594
0 0 0 0 1 7.3659
0 0 0 0 1 7.39334
0 0 0 0 1 7.42882
0 0 0 0 1 7.53166
0 0 0 0 1 7.55978
0 0 0 0 1 7.52729
0 0 0 0 1 7.57864
0 0 0 0 0 7.57625
0 0 0 0 1 7.71205
0 0 0 0 1 7.76397
0 0 0 0 1 7.79291
0 0 0 0 1 7.87651
0 0 0 0 1 7.84362
0 0 0 0 1 7.82557
0 0 0 0 1 7.90148
0 0 0 0 1 7.95458
0 0 0 0 1 8.06343
0 0 0 0 0 8.05314
0 0 0 0 1 8.09093
0 0 0 0 1 8.04782
0 0 0 0 1 8.22345
0 0 0 0 1 8.13907
0 0 0 0 0 8.21762
0 0 0 0 1 8.25532
0 0 0 0 1 8.38523
0 0 0 0 1 8.4069
0 0 0 0 1 8.48735
0 0 0 0 0 8.52604
0 0 0 0 1 8.48826
0 0 0 0 1 8.53523
0 0 0 0 0 8.61746
0 0 0 0 1 8.61312
0 0 0 0 1 8.70318
0 0 0 0 1 8.77715
0 0 0 0 0 8.82441
0 0 0 0 1 8.84685
0 0 0 0 1 8.93866
0 0 0 0 1 8.87895
0 0 0 0 1 8.97109
0 0 0 0 1 9.09106
0 0 0 0 0 9.13999
0 0 0 0 0 9.22476
0 0 0 0 1 9.27314
0 0 0 0 1 9.27516
0 0 0 0 1 9.39916
0 0 0 0 1 9.47504
0 0 0 0 1 9.49562
0 0 0 0 1 9.51468
0 0 0 0 1 9.63879
0 0 0 0 1 9.55281
0 0 0 0 1 9.70659
0 0 0 0 1 9.79329
0 0 0 0 0 9.88045
0 0 0 0 0 9.92984
0 0 0 0 0 10.0561
0 0 0 0 1 10.0441
0 0 0 0 1 10.1916
0 0 0 0 1 10.2501
0 0 0 0 0 10.2351
0 0 0 0 1 10.4052
0 0 0 0 1 10.4536
0 0 0 0 1 10.521
0 0 0 0 1 10.6201
0 0 0 0 1 10.6432
0 0 0 0 1 10.8394
0 0 0 0 0 10.9165
0 0 0 0 1 9.38965
0 0 0 0 0 9.37458
0 0 0 0 1 9.2163
0 0 0 0 1 9.15571
0 0 0 0 1 9.12781
0 0 0 0 0 9.23342
0 0 0 0 1 9.14137
0 0 0 0 1 9.14594
0 0 0 0 0 9.05462
0 0 0 0 1 9.1416
0 0 0 0 1 9.07814
0 0 0 0 0 9.16486
0 0 0 0 0 9.11991
0 0 0 0 1 9.12041
0 0 0 0 1 8.95431
0 0 0 0 1 8.99129
0 0 0 0 1 9.00601
0 0 0 0 1 9.025
0 0 0 0 0 8.99032
0 0 0 0 1 8.89337
0 0 0 0 1 8.9621
0 0 0 0 1 8.8569
0 0 0 0 1 8.82318
0 0 0 0 1 8.79854
0 0 0 0 1 8.90675
0 0 0 0 1 8.8607
0 0 0 0 1 8.81883
0 0 0 0 1 8.87395
0 0 0 0 0 8.80607
0 0 0 0 1 8.73853
0 0 0 0 1 8.68882
0 0 0 0 0 8.76678
0 0 0 0 1 8.67387
0 0 0 0 1 8.68581
0 0 0 0 1 8.76734
0 0 0 0 1 8.63185
0 0 0 0 0 8.62683
0 0 0 0 1 8.72572
0 0 0 0 1 8.65173
0 0 0 0 1 8.59534
0 0 0 0 0 8.57368
0 0 0 0 0 8.66395
0 0 0 0 0 8.61675
0 0 0 0 1 8.59554
0 0 0 0 0 8.64298
0 0 0 0 1 8.57933
0 0 0 0 0 8.6129
0 0 0 0 0 8.56673
0 0 0 0 0 8.56698
0 0 0 0 1 8.74344
0 0 0 0 1 8.74507
0 0 0 0 0 8.89609
0 0 0 0 1 9.16602
0 0 0 0 0 9.30221
0 0 0 0 1 9.29755
0 0 0 0 1 9.5744
0 0 0 0 1 9.71009
0 0 0 0 1 9.83548
0 0 0 0 0 9.95976
0 0 0 0 0 10.174
0 0 0 0 1 10.3483
0 0 0 0 1 10.5001
0 0 0 0 1 10.8127
0 0 0 0 0 10.8542
0 0 0 0 1 11.1017
0 0 0 0 0 11.3039
0 0 0 0 1 11.4925
0 0 0 0 0 11.7959
0 0 0 0 1 12.0663
0 0 0 0 1 12.3702
0 0 0 0 1 12.4851
0 0 0 0 1 12.7705
0 0 0 0 1 22.5691
0 0 0 0 0 22.8456
0 0 0 0 1 22.5075
0 0 0 0 0 22.8524
0 0 0 0 0 22.5629
0 0 0 0 1 22.5458
0 0 0 0 1 22.5518
0 0 0 0 1 22.4904
0 0 0 0 1 22.6779
0 0 0 0 1 22.4141
0 0 0 0 1 22.6474
0 0 0 0 1 22.5201
0 0 0 0 0 22.7101
0 0 0 0 0 22.4711
0 0 0 0 1 22.3454
0 0 0 0 0 22.6475
0 0 0 0 1 22.5675
0 0 0 0 0 22.3533
0 0 0 0 0 23.3852
0 0 0 0 1 24.3409
0 0 0 0 0 25.0427
0 0 0 0 1 26.3958
0 0 0 0 1 36.1263
0 0 0 0 1 36.4754
0 0 0 0 1 36.2792
0 0 0 0 1 36.2656
0 0 0 0 1 36.7565
0 0 0 0 1 38.141
0 0 0 0 1 52.327
0 0 0 0 1 51.9471
0 0 0 0 1 51.621
0 0 0 0 0 51.8676
0 0 0 0 1 52.5313
0 0 0 0 1 56.8362
0 0 0 0 1 65.7898
0 0 0 0 1 69.8729
0 0 0 0 1 81.8918
0 0 0 0 0 5.02503
0 0 0 0 0 4.98495
0 0 0 0 0 4.97493
0 0 0 0 0 4.97493
0 0 0 0 0 5.00499
0 0 0 0 0 5.0601
0 0 0 0 0 4.98495
0 0 0 0 0 4.99497
0 0 0 0 0 5.05008
0 0 0 0 0 4.96992
0 0 0 0 0 4.99998
0 0 0 0 0 5.02503
0 0 0 0 1 87.9412
0 0 0 0 0 87.8627
0 0 0 0 1 74.6189
0 0 0 0 1 63.3282
0 0 0 0 1 60.1633
0 0 0 0 1 61.143
0 0 0 0 0 60.1862
0 0 0 0 1 51.9833
0 0 0 0 1 48.3231
0 0 0 0 1 48.1915
0 0 0 0 1 38.8814
0 0 0 0 1 36.783
0 0 0 0 1 35.9532
0 0 0 0 0 35.3589
0 0 0 0 1 36.049
0 0 0 0 1 35.5629
0 0 0 0 0 28.3306
0 0 0 0 1 26.6427
0 0 0 0 1 25.434
0 0 0 0 1 24.8607
0 0 0 0 1 24.4293
0 0 0 0 1 24.7863
0 0 0 0 0 24.5021
0 0 0 0 1 24.6138
0 0 0 0 0 24.9235
0 0 0 0 1 24.4686
0 0 0 0 1 24.6066
0 0 0 0 1 24.77
0 0 0 0 0 24.9325
0 0 0 0 1 18.0907
0 0 0 0 1 17.7211
0 0 0 0 1 17.3465
0 0 0 0 1 16.5604
0 0 0 0 1 16.3588
0 0 0 0 0 15.7842
0 0 0 0 1 15.5629
0 0 0 0 1 15.0002
0 0 0 0 0 14.8163
0 0 0 0 1 14.3077
0 0 0 0 0 13.958
0 0 0 0 1 13.9148
0 0 0 0 0 13.9683
0 0 0 0 1 13.7718
0 0 0 0 0 13.9789
0 0 0 0 1 13.8661
0 0 0 0 1 13.8392
0 0 0 0 1 14.0477
0 0 0 0 1 13.8934
0 0 0 0 1 14.0608
0 0 0 0 1 14.0351
0 0 0 0 1 13.937
0 0 0 0 1 13.9794
0 0 0 0 1 13.9799
0 0 0 0 1 14.1238
0 0 0 0 0 14.2235
0 0 0 0 0 14.1967
0 0 0 0 1 14.088
0 0 0 0 1 14.1604
0 0 0 0 1 14.2473
0 0 0 0 0 14.139
0 0 0 0 0 14.0705
0 0 0 0 1 14.2463
0 0 0 0 1 14.1497
0 0 0 0 1 14.3551
0 0 0 0 1 14.3016
0 0 0 0 1 14.3939
0 0 0 0 1 14.2263
0 0 0 0 1 14.4338
0 0 0 0 1 14.4526
0 0 0 0 1 8.8524
0 0 0 0 1 8.68607
0 0 0 0 1 8.59006
0 0 0 0 1 8.47774
0 0 0 0 0 8.33222
0 0 0 0 1 8.21275
0 0 0 0 1 8.21787
0 0 0 0 1 8.14663
0 0 0 0 1 8.07622
0 0 0 0 1 7.84735
0 0 0 0 1 7.78729
0 0 0 0 1 7.69438
0 0 0 0 0 7.63383
0 0 0 0 0 7.52757
0 0 0 0 1 7.45186
0 0 0 0 1 7.45937
0 0 0 0 1 7.33889
0 0 0 0 1 7.31552
0 0 0 0 1 7.16221
0 0 0 0 1 7.15966
0 0 0 0 1 6.95916
0 0 0 0 1 6.98606
0 0 0 0 1 6.86441
0 0 0 0 1 6.87574
0 0 0 0 1 6.73037
0 0 0 0 1 6.754
0 0 0 0 1 6.68991
0 0 0 0 1 6.50775
0 0 0 0 1 6.45808
0 0 0 0 1 6.514
0 0 0 0 0 6.41845
0 0 0 0 1 6.37064
0 0 0 0 1 6.31028
0 0 0 0 1 6.25637
0 0 0 0 1 6.13468
0 0 0 0 1 6.08159
0 0 0 0 1 6.02256
0 0 0 0 1 6.06285
0 0 0 0 1 6.00943
0 0 0 0 0 5.94132
0 0 0 0 1 5.90597
0 0 0 0 1 5.85598
0 0 0 0 1 5.82931
0 0 0 0 1 5.76804
0 0 0 0 1 5.69842
0 0 0 0 1 5.58714
0 0 0 0 1 5.64502
0 0 0 0 0 5.57118
0 0 0 0 1 5.54455
0 0 0 0 1 5.50134
0 0 0 0 1 5.38758
0 0 0 0 1 5.44548
0 0 0 0 0 5.34125
0 0 0 0 1 5.3468
0 0 0 0 1 5.25976
0 0 0 0 0 5.30164
0 0 0 0 1 5.16842
0 0 0 0 0 5.1713
0 0 0 0 1 5.10686
0 0 0 0 1 5.12987
0 0 0 0 1 5.06262
0 0 0 0 1 5.05961
0 0 0 0 1 5.05967
0 0 0 0 1 4.99635
0 0 0 0 1 4.90384
0 0 0 0 0 4.89578
0 0 0 0 1 4.86309
0 0 0 0 1 4.88722
0 0 0 0 1 4.77719
0 0 0 0 1 4.80537
0 0 0 0 1 4.84118
0 0 0 0 1 4.7959
0 0 0 0 1 4.85726
0 0 0 0 1 4.92277
0 0 0 0 1 4.92136
0 0 0 0 1 4.94937
0 0 0 0 1 4.88394
0 0 0 0 1 4.9652
0 0 0 0 1 4.99856
0 0 0 0 1 4.96744
0 0 0 0 1 4.97982
0 0 0 0 0 5.04856
0 0 0 0 1 5.06249
0 0 0 0 0 5.01593
0 0 0 0 1 5.09055
0 0 0 0 1 5.0691
0 0 0 0 1 5.14951
0 0 0 0 1 5.14852
0 0 0 0 0 5.12558
0 0 0 0 1 5.11927
0 0 0 0 1 5.20083
0 0 0 0 1 5.22583
0 0 0 0 0 5.24053
0 0 0 0 1 5.22912
0 0 0 0 0 5.29639
0 0 0 0 1 5.30081
0 0 0 0 1 5.26956
0 0 0 0 0 5.28974
0 0 0 0 0 5.32604
0 0 0 0 1 5.33574
0 0 0 0 1 5.34545
0 0 0 0 1 5.41611
0 0 0 0 1 5.38803
0 0 0 0 1 5.40328
0 0 0 0 0 5.43499
0 0 0 0 0 5.46836
0 0 0 0 1 5.53908
0 0 0 0 1 5.53973
0 0 0 0 1 5.53873
0 0 0 0 0 5.58953
0 0 0 0 1 5.58289
0 0 0 0 0 5.64541
0 0 0 0 1 5.66141
0 0 0 0 1 5.65619
0 0 0 0 1 5.68361
0 0 0 0 0 5.75871
0 0 0 0 1 5.75345
0 0 0 0 1 5.84676
0 0 0 0 0 5.81079
0 0 0 0 1 5.89906
0 0 0 0 1 5.91142
0 0 0 0 1 5.97112
0 0 0 0 1 5.91812
0 0 0 0 1 5.97808
0 0 0 0 1 5.96628
0 0 0 0 0 6.06298
0 0 0 0 1 6.13616
0 0 0 0 1 6.06944
0 0 0 0 0 6.13072
0 0 0 0 1 6.194
0 0 0 0 0 9.60471
0 0 0 0 1 9.45289
0 0 0 0 0 9.43119
0 0 0 0 1 9.33424
0 0 0 0 1 9.42883
0 0 0 0 1 9.43536
0 0 0 0 1 9.28337
0 0 0 0 1 9.35211
0 0 0 0 0 9.20449
0 0 0 0 1 9.22078
0 0 0 0 1 9.17254
0 0 0 0 1 9.09708
0 0 0 0 1 9.05866
0 0 0 0 1 9.02958
0 0 0 0 0 9.02793
0 0 0 0 0 8.99913
0 0 0 0 1 8.99759
0 0 0 0 1 9.01076
0 0 0 0 1 8.93741
0 0 0 0 0 8.86117
0 0 0 0 1 8.90472
0 0 0 0 1 8.84127
0 0 0 0 0 8.84918
0 0 0 0 1 8.8217
0 0 0 0 1 8.79986
0 0 0 0 1 8.85185
0 0 0 0 1 8.68447
0 0 0 0 0 8.73851
0 0 0 0 0 8.77293
0 0 0 0 0 8.76903
0 0 0 0 1 8.61245
0 0 0 0 1 8.69555
0 0 0 0 0 8.58326
0 0 0 0 0 8.64885
0 0 0 0 1 8.50309
0 0 0 0 0 8.49157
0 0 0 0 1 8.48372
0 0 0 0 1 8.47241
0 0 0 0 1 8.46121
0 0 0 0 0 8.55181
0 0 0 0 1 8.52366
0 0 0 0 1 8.48727
0 0 0 0 0 8.49677
0 0 0 0 1 8.41878
0 0 0 0 1 8.29096
0 0 0 0 1 8.36432
0 0 0 0 0 8.32903
0 0 0 0 1 8.36422
0 0 0 0 1 8.23801
0 0 0 0 1 8.23659
0 0 0 0 1 8.30583
0 0 0 0 1 8.28791
0 0 0 0 1 8.19609
0 0 0 0 1 8.17864
0 0 0 0 1 8.25968
0 0 0 0 1 8.22599
0 0 0 0 1 8.11092
0 0 0 0 1 8.21629
0 0 0 0 1 8.15066
0 0 0 0 0 8.14217
0 0 0 0 0 8.10143
0 0 0 0 1 8.08519
0 0 0 0 1 8.14166
0 0 0 0 1 8.02496
0 0 0 0 1 8.08154
0 0 0 0 0 7.9536
0 0 0 0 0 7.9543
0 0 0 0 1 7.97906
0 0 0 0 1 7.92787
0 0 0 0 1 7.89707
0 0 0 0 1 7.90624
0 0 0 0 1 7.9155
0 0 0 0 1 7.99609
0 0 0 0 0 7.85087
0 0 0 0 0 7.92365
0 0 0 0 1 7.84662
0 0 0 0 0 7.83632
0 0 0 0 1 7.77897
0 0 0 0 1 7.88326
0 0 0 0 1 7.76025
0 0 0 0 1 7.85667
0 0 0 0 1 7.72977
0 0 0 0 1 7.73267
0 0 0 0 1 7.7357
0 0 0 0 1 7.80414
0 0 0 0 1 7.72193
0 0 0 0 1 7.74387
