0 0 0 0 1 5.55844
0 0 0 0 1 5.61201
0 0 0 0 0 5.57126
0 0 0 0 1 5.5608
0 0 0 0 1 5.60935
0 0 0 0 1 5.60226
0 0 0 0 1 5.59992
0 0 0 0 1 5.56493
0 0 0 0 1 5.65568
0 0 0 0 1 5.5759
0 0 0 0 1 5.59166
0 0 0 0 0 5.66399
0 0 0 0 0 5.69924
0 0 0 0 1 5.67597
0 0 0 0 1 5.71508
0 0 0 0 1 5.64288
0 0 0 0 0 5.71065
0 0 0 0 1 5.70469
0 0 0 0 1 5.69309
0 0 0 0 1 5.72542
0 0 0 0 1 5.7712
0 0 0 0 1 5.7312
0 0 0 0 1 5.78886
0 0 0 0 1 5.79499
0 0 0 0 1 5.78568
0 0 0 0 1 5.76306
0 0 0 0 1 5.80993
0 0 0 0 1 5.86289
0 0 0 0 0 5.85798
0 0 0 0 1 5.81814
0 0 0 0 1 5.81326
0 0 0 0 1 5.82759
0 0 0 0 1 5.91816
0 0 0 0 1 5.82555
0 0 0 0 1 5.92682
0 0 0 0 0 5.91653
0 0 0 0 1 5.94764
0 0 0 0 1 5.9197
0 0 0 0 0 5.96296
0 0 0 0 1 5.94099
0 0 0 0 1 5.93092
0 0 0 0 0 5.98663
0 0 0 0 1 5.96605
0 0 0 0 1 5.97412
0 0 0 0 0 5.97626
0 0 0 0 1 6.06895
0 0 0 0 0 5.99761
0 0 0 0 1 6.03638
0 0 0 0 1 6.14227
0 0 0 0 1 6.14508
0 0 0 0 1 6.09905
0 0 0 0 1 6.10797
0 0 0 0 1 6.1958
0 0 0 0 1 6.19377
0 0 0 0 1 6.19693
0 0 0 0 1 6.15062
0 0 0 0 1 6.17235
0 0 0 0 1 6.20567
0 0 0 0 1 6.25269
0 0 0 0 1 6.21864
0 0 0 0 0 6.26506
0 0 0 0 0 6.23088
0 0 0 0 1 6.3543
0 0 0 0 1 6.3202
0 0 0 0 0 6.40647
0 0 0 0 1 6.33973
0 0 0 0 0 6.35002
0 0 0 0 0 6.45562
0 0 0 0 0 6.39566
0 0 0 0 0 6.38611
0 0 0 0 0 6.48067
0 0 0 0 1 6.50379
0 0 0 0 1 6.50823
0 0 0 0 1 6.53226
0 0 0 0 1 6.54333
0 0 0 0 1 6.52101
0 0 0 0 1 6.59069
0 0 0 0 1 6.5492
0 0 0 0 1 6.67903
0 0 0 0 1 6.66349
0 0 0 0 1 6.7279
0 0 0 0 1 6.733
0 0 0 0 1 6.7381
0 0 0 0 1 6.76963
0 0 0 0 1 6.81487
0 0 0 0 1 6.74505
0 0 0 0 0 6.76321
0 0 0 0 1 6.81565
0 0 0 0 1 6.92331
0 0 0 0 1 6.85956
0 0 0 0 0 6.975
0 0 0 0 1 6.89054
0 0 0 0 1 6.96501
0 0 0 0 1 7.02601
0 0 0 0 1 6.98925
0 0 0 0 0 6.9803
0 0 0 0 1 6.99897
0 0 0 0 0 7.07498
0 0 0 0 1 7.17285
0 0 0 0 1 7.12124
0 0 0 0 1 7.20552
0 0 0 0 0 7.13186
0 0 0 0 0 7.16556
0 0 0 0 1 7.19991
0 0 0 0 1 7.27776
0 0 0 0 1 7.34193
0 0 0 0 1 7.39141
0 0 0 0 0 7.39024
0 0 0 0 0 7.46975
0 0 0 0 1 7.41569
0 0 0 0 1 7.46623
0 0 0 0 0 7.57676
0 0 0 0 1 7.49181
0 0 0 0 1 7.54247
0 0 0 0 0 7.55579
0 0 0 0 1 7.59156
0 0 0 0 0 7.73512
0 0 0 0 1 7.75625
0 0 0 0 1 7.7541
0 0 0 0 0 7.79073
0 0 0 0 1 7.85927
0 0 0 0 1 7.80984
0 0 0 0 1 7.86985
0 0 0 0 1 7.95458
0 0 0 0 1 7.96753
0 0 0 0 1 8.05314
0 0 0 0 1 8.01833
0 0 0 0 1 8.04782
0 0 0 0 1 8.10935
0 0 0 0 1 8.2537
0 0 0 0 1 8.15175
0 0 0 0 1 8.24704
0 0 0 0 1 8.2355
0 0 0 0 1 8.28143
0 0 0 0 0 8.32752
0 0 0 0 0 8.41608
0 0 0 0 0 8.43723
0 0 0 0 1 8.49247
0 0 0 0 1 8.53154
0 0 0 0 1 8.66496
0 0 0 0 1 8.73796
0 0 0 0 1 8.68098
0 0 0 0 1 8.88599
0 0 0 0 1 8.76731
0 0 0 0 1 8.8764
0 0 0 0 1 8.8879
0 0 0 0 0 8.9801
0 0 0 0 0 9.00042
0 0 0 0 0 9.09443
0 0 0 0 1 9.16057
0 0 0 0 0 9.19933
0 0 0 0 1 9.34944
0 0 0 0 1 9.26848
0 0 0 0 0 9.47504
0 0 0 0 1 9.4767
0 0 0 0 1 9.61945
0 0 0 0 1 9.66756
0 0 0 0 1 9.73614
0 0 0 0 1 9.70659
0 0 0 0 1 9.68567
0 0 0 0 0 9.79179
0 0 0 0 1 9.82083
0 0 0 0 1 10.0062
0 0 0 0 1 9.9838
0 0 0 0 1 10.1815
0 0 0 0 1 10.1583
0 0 0 0 0 10.2556
0 0 0 0 1 10.2706
0 0 0 0 1 10.3389
0 0 0 0 1 10.584
0 0 0 0 1 10.5355
0 0 0 0 1 10.6538
0 0 0 0 1 10.7213
0 0 0 0 1 10.7866
0 0 0 0 0 9.29659
0 0 0 0 1 9.23536
0 0 0 0 0 9.29966
0 0 0 0 1 9.27581
0 0 0 0 0 9.15547
0 0 0 0 1 9.18743
0 0 0 0 0 9.19644
0 0 0 0 0 9.21918
0 0 0 0 1 9.20995
0 0 0 0 0 9.03222
0 0 0 0 1 9.07814
0 0 0 0 1 9.05597
0 0 0 0 1 9.11991
0 0 0 0 0 8.96674
0 0 0 0 1 9.00841
0 0 0 0 1 9.06329
0 0 0 0 1 8.90724
0 0 0 0 1 8.8816
0 0 0 0 1 9.02611
0 0 0 0 1 9.00944
0 0 0 0 1 8.8552
0 0 0 0 1 8.83022
0 0 0 0 1 8.84093
0 0 0 0 0 8.84284
0 0 0 0 1 8.77408
0 0 0 0 1 8.7901
0 0 0 0 1 8.84526
0 0 0 0 1 8.75083
0 0 0 0 1 8.69194
0 0 0 0 1 8.85247
0 0 0 0 1 8.66257
0 0 0 0 1 8.64453
0 0 0 0 1 8.75232
0 0 0 0 1 8.6423
0 0 0 0 1 8.7239
0 0 0 0 1 8.58848
0 0 0 0 1 8.73077
0 0 0 0 1 8.62195
0 0 0 0 1 8.67764
0 0 0 0 1 8.62983
0 0 0 0 1 8.58229
0 0 0 0 1 8.53502
0 0 0 0 1 8.62534
0 0 0 0 1 8.52698
0 0 0 0 1 8.59164
0 0 0 0 0 8.50242
0 0 0 0 1 8.50193
0 0 0 0 1 8.49854
0 0 0 0 1 8.50695
0 0 0 0 1 8.78694
0 0 0 0 1 8.91274
0 0 0 0 1 8.98568
0 0 0 0 1 9.13874
0 0 0 0 0 9.24678
0 0 0 0 1 9.37261
0 0 0 0 1 9.45996
0 0 0 0 0 9.58423
0 0 0 0 1 9.78626
0 0 0 0 1 9.93974
0 0 0 0 1 10.2656
0 0 0 0 0 10.2758
0 0 0 0 1 10.5423
0 0 0 0 0 10.7912
0 0 0 0 1 11.0184
0 0 0 0 0 11.202
0 0 0 0 1 11.3039
0 0 0 0 1 11.5504
0 0 0 0 0 11.926
0 0 0 0 1 12.1627
0 0 0 0 1 12.3456
0 0 0 0 1 12.4851
0 0 0 0 0 12.809
0 0 0 0 1 22.9328
0 0 0 0 1 22.9137
0 0 0 0 0 22.6664
0 0 0 0 1 22.4444
0 0 0 0 1 22.4949
0 0 0 0 1 22.5911
0 0 0 0 1 22.4613
0 0 0 0 1 22.5808
0 0 0 0 1 22.565
0 0 0 0 1 22.6173
0 0 0 0 1 22.6474
0 0 0 0 1 22.768
0 0 0 0 1 22.4398
0 0 0 0 0 22.6062
0 0 0 0 1 22.5704
0 0 0 0 1 22.3551
0 0 0 0 1 22.3877
0 0 0 0 1 22.3758
0 0 0 0 1 23.4316
0 0 0 0 1 23.9549
0 0 0 0 1 25.1934
0 0 0 0 1 26.2909
0 0 0 0 0 36.1627
0 0 0 0 1 36.439
0 0 0 0 0 36.1336
0 0 0 0 1 36.4111
0 0 0 0 1 36.5017
0 0 0 0 1 38.2566
0 0 0 0 0 52.1708
0 0 0 0 1 51.9991
0 0 0 0 1 51.9852
0 0 0 0 1 51.5035
0 0 0 0 1 52.4273
0 0 0 0 0 56.7799
0 0 0 0 1 65.2007
0 0 0 0 1 69.0369
0 0 0 0 1 82.2191
0 0 0 0 0 5.05008
0 0 0 0 0 5.05008
0 0 0 0 0 4.99998
0 0 0 0 0 5.04006
0 0 0 0 0 5.01501
0 0 0 0 0 5.00499
0 0 0 0 0 5.02002
0 0 0 0 0 5.03004
0 0 0 0 0 5.02503
0 0 0 0 0 4.98495
0 0 0 0 0 4.9599
0 0 0 0 0 4.96992
0 0 0 0 1 87.5032
0 0 0 0 0 88.2131
0 0 0 0 1 74.6189
0 0 0 0 1 64.3497
0 0 0 0 1 60.8291
0 0 0 0 1 60.6587
0 0 0 0 1 60.3678
0 0 0 0 1 51.8286
0 0 0 0 1 48.419
0 0 0 0 1 47.5675
0 0 0 0 1 39.0778
0 0 0 0 1 36.5252
0 0 0 0 1 35.6322
0 0 0 0 1 35.3232
0 0 0 0 1 35.6207
0 0 0 0 0 35.6343
0 0 0 0 1 27.8532
0 0 0 0 0 26.5891
0 0 0 0 0 25.6648
0 0 0 0 1 24.6391
0 0 0 0 1 24.4293
0 0 0 0 1 24.8109
0 0 0 0 1 24.7239
0 0 0 0 1 24.8851
0 0 0 0 1 24.6027
0 0 0 0 1 24.7896
0 0 0 0 1 24.4831
0 0 0 0 1 24.6711
0 0 0 0 1 24.5368
0 0 0 0 0 18.3273
0 0 0 0 1 17.5797
0 0 0 0 0 17.0714
0 0 0 0 1 16.6273
0 0 0 0 0 16.261
0 0 0 0 0 15.9113
0 0 0 0 1 15.4699
0 0 0 0 1 15.1061
0 0 0 0 0 14.8753
0 0 0 0 0 14.3654
0 0 0 0 0 13.958
0 0 0 0 1 13.9425
0 0 0 0 1 13.9544
0 0 0 0 1 14.0083
0 0 0 0 0 13.8397
0 0 0 0 1 13.8104
0 0 0 0 0 13.9368
0 0 0 0 1 13.9499
0 0 0 0 1 13.8654
0 0 0 0 0 14.0328
0 0 0 0 1 13.965
0 0 0 0 1 13.9791
0 0 0 0 1 14.1478
0 0 0 0 0 13.9659
0 0 0 0 1 14.0816
0 0 0 0 0 14.2235
0 0 0 0 1 14.2108
0 0 0 0 1 14.0033
0 0 0 0 1 14.1463
0 0 0 0 0 14.0068
0 0 0 0 1 14.0399
0 0 0 0 1 14.0989
0 0 0 0 1 14.3315
0 0 0 0 1 14.2777
0 0 0 0 1 14.3408
0 0 0 0 1 14.216
0 0 0 0 1 14.2939
0 0 0 0 0 14.2263
0 0 0 0 1 14.4338
0 0 0 0 0 14.2519
0 0 0 0 1 8.77297
0 0 0 0 1 8.7819
0 0 0 0 1 8.54706
0 0 0 0 1 8.5372
0 0 0 0 1 8.41613
0 0 0 0 1 8.2459
0 0 0 0 1 8.15232
0 0 0 0 1 8.11427
0 0 0 0 1 7.94828
0 0 0 0 1 7.95798
0 0 0 0 1 7.78729
0 0 0 0 1 7.76391
0 0 0 0 1 7.5727
0 0 0 0 1 7.60315
0 0 0 0 1 7.48923
0 0 0 0 1 7.46677
0 0 0 0 0 7.28767
0 0 0 0 0 7.21412
0 0 0 0 1 7.24107
0 0 0 0 1 7.06742
0 0 0 0 1 7.05748
0 0 0 0 1 6.8956
0 0 0 0 1 6.84375
0 0 0 0 1 6.84164
0 0 0 0 1 6.7101
0 0 0 0 0 6.66698
0 0 0 0 1 6.68328
0 0 0 0 1 6.51432
0 0 0 0 0 6.52312
0 0 0 0 0 6.39791
0 0 0 0 1 6.45038
0 0 0 0 1 6.36431
0 0 0 0 1 6.25377
0 0 0 0 1 6.16921
0 0 0 0 1 6.12851
0 0 0 0 1 6.17948
0 0 0 0 0 6.02862
0 0 0 0 0 6.07489
0 0 0 0 1 5.97362
0 0 0 0 1 5.90578
0 0 0 0 1 5.82965
0 0 0 0 1 5.82102
0 0 0 0 1 5.84087
0 0 0 0 1 5.75083
0 0 0 0 1 5.69842
0 0 0 0 1 5.61536
0 0 0 0 1 5.54982
0 0 0 0 1 5.52666
0 0 0 0 1 5.50037
0 0 0 0 1 5.52874
0 0 0 0 1 5.44194
0 0 0 0 1 5.45088
0 0 0 0 1 5.39493
0 0 0 0 1 5.29354
0 0 0 0 1 5.31268
0 0 0 0 1 5.2859
0 0 0 0 1 5.17364
0 0 0 0 1 5.15057
0 0 0 0 1 5.18408
0 0 0 0 0 5.07873
0 0 0 0 1 5.05247
0 0 0 0 1 4.9941
0 0 0 0 1 4.98947
0 0 0 0 1 4.94155
0 0 0 0 1 4.98796
0 0 0 0 1 4.9646
0 0 0 0 1 4.90704
0 0 0 0 1 4.85322
0 0 0 0 1 4.80614
0 0 0 0 1 4.79092
0 0 0 0 1 4.78326
0 0 0 0 1 4.82497
0 0 0 0 1 4.85726
0 0 0 0 1 4.9179
0 0 0 0 0 4.8969
0 0 0 0 1 4.8659
0 0 0 0 1 4.89873
0 0 0 0 1 4.9652
0 0 0 0 1 4.9093
0 0 0 0 1 4.95749
0 0 0 0 1 4.97483
0 0 0 0 0 5.0135
0 0 0 0 1 4.98708
0 0 0 0 0 5.03611
0 0 0 0 1 5.09055
0 0 0 0 1 5.11485
0 0 0 0 1 5.07296
0 0 0 0 1 5.09729
0 0 0 0 1 5.17694
0 0 0 0 1 5.13989
0 0 0 0 1 5.14391
0 0 0 0 1 5.22583
0 0 0 0 1 5.16232
0 0 0 0 1 5.24483
0 0 0 0 1 5.24384
0 0 0 0 0 5.31136
0 0 0 0 1 5.25366
0 0 0 0 1 5.30571
0 0 0 0 1 5.37412
0 0 0 0 1 5.40009
0 0 0 0 0 5.35083
0 0 0 0 1 5.42693
0 0 0 0 0 5.40432
0 0 0 0 1 5.39782
0 0 0 0 1 5.47877
0 0 0 0 1 5.47386
0 0 0 0 1 5.50042
0 0 0 0 1 5.52307
0 0 0 0 1 5.62788
0 0 0 0 1 5.65674
0 0 0 0 1 5.56603
0 0 0 0 1 5.63411
0 0 0 0 1 5.63305
0 0 0 0 0 5.72461
0 0 0 0 0 5.74657
0 0 0 0 1 5.77597
0 0 0 0 1 5.77658
0 0 0 0 1 5.7654
0 0 0 0 1 5.88663
0 0 0 0 1 5.84628
0 0 0 0 1 5.87017
0 0 0 0 1 5.90596
0 0 0 0 1 6.01338
0 0 0 0 1 5.94816
0 0 0 0 1 6.0565
0 0 0 0 1 5.99649
0 0 0 0 1 6.02073
0 0 0 0 1 6.14272
0 0 0 0 1 6.15527
0 0 0 0 0 6.23105
0 0 0 0 1 9.46192
0 0 0 0 1 9.45289
0 0 0 0 1 9.43119
0 0 0 0 0 9.5132
0 0 0 0 1 9.4476
0 0 0 0 0 9.36055
0 0 0 0 1 9.40453
0 0 0 0 1 9.35211
0 0 0 0 0 9.32487
0 0 0 0 1 9.14694
0 0 0 0 1 9.25534
0 0 0 0 1 9.10625
0 0 0 0 1 9.20491
0 0 0 0 1 9.08425
0 0 0 0 1 9.00977
0 0 0 0 0 9.11683
0 0 0 0 1 9.06978
0 0 0 0 1 8.98376
0 0 0 0 1 8.91049
0 0 0 0 1 9.00438
0 0 0 0 1 8.8601
0 0 0 0 1 8.97469
0 0 0 0 1 8.93785
0 0 0 0 0 8.8659
0 0 0 0 1 8.80868
0 0 0 0 1 8.86943
0 0 0 0 1 8.80716
0 0 0 0 1 8.66853
0 0 0 0 1 8.66828
0 0 0 0 0 8.69074
0 0 0 0 1 8.64714
0 0 0 0 0 8.57442
0 0 0 0 0 8.60051
0 0 0 0 1 8.52837
0 0 0 0 1 8.62321
0 0 0 0 1 8.63709
0 0 0 0 1 8.54346
0 0 0 0 1 8.48093
0 0 0 0 0 8.50368
0 0 0 0 1 8.50096
0 0 0 0 0 8.42219
0 0 0 0 0 8.4029
0 0 0 0 1 8.47994
0 0 0 0 1 8.42717
0 0 0 0 0 8.41658
0 0 0 0 1 8.4061
0 0 0 0 1 8.4124
0 0 0 0 1 8.28108
0 0 0 0 1 8.37904
0 0 0 0 0 8.30282
0 0 0 0 1 8.33889
0 0 0 0 1 8.21369
0 0 0 0 0 8.23723
0 0 0 0 1 8.16222
0 0 0 0 0 8.18593
0 0 0 0 1 8.16057
0 0 0 0 1 8.11908
0 0 0 0 1 8.22443
0 0 0 0 1 8.13441
0 0 0 0 1 8.17461
0 0 0 0 1 8.10952
0 0 0 0 1 8.02865
0 0 0 0 1 7.99656
0 0 0 0 1 8.1135
0 0 0 0 1 7.95301
0 0 0 0 1 8.03378
0 0 0 0 1 8.01031
0 0 0 0 1 7.99504
0 0 0 0 1 7.99167
0 0 0 0 1 7.89707
0 0 0 0 1 7.97776
0 0 0 0 0 7.86791
0 0 0 0 1 7.89317
0 0 0 0 0 7.91412
0 0 0 0 1 7.88419
0 0 0 0 0 7.94116
0 0 0 0 1 7.92286
0 0 0 0 1 7.8104
0 0 0 0 1 7.86757
0 0 0 0 1 7.86204
0 0 0 0 0 7.74722
0 0 0 0 1 7.81566
0 0 0 0 1 7.83401
0 0 0 0 1 7.81353
0 0 0 0 1 7.74972
0 0 0 0 1 7.78402
0 0 0 0 0 7.71287
