0 0 0 0 1 5.57508
0 0 0 0 1 5.60645
0 0 0 0 1 5.60466
0 0 0 0 1 5.58866
0 0 0 0 1 5.55912
0 0 0 0 1 5.56313
0 0 0 0 1 5.63349
0 0 0 0 1 5.60976
0 0 0 0 1 5.63324
0 0 0 0 1 5.56465
0 0 0 0 1 5.60292
0 0 0 0 1 5.63579
0 0 0 0 1 5.61452
0 0 0 0 1 5.68729
0 0 0 0 1 5.64704
0 0 0 0 0 5.66559
0 0 0 0 0 5.64808
0 0 0 0 1 5.75598
0 0 0 0 1 5.65883
0 0 0 0 1 5.7597
0 0 0 0 1 5.66815
0 0 0 0 1 5.67957
0 0 0 0 1 5.8061
0 0 0 0 1 5.80075
0 0 0 0 1 5.72222
0 0 0 0 1 5.8382
0 0 0 0 0 5.79835
0 0 0 0 1 5.81645
0 0 0 0 0 5.85798
0 0 0 0 1 5.80648
0 0 0 0 0 5.86584
0 0 0 0 1 5.85684
0 0 0 0 1 5.84785
0 0 0 0 1 5.90189
0 0 0 0 0 5.8503
0 0 0 0 1 5.92243
0 0 0 0 1 5.96537
0 0 0 0 1 5.96118
0 0 0 0 1 5.96296
0 0 0 0 1 5.89337
0 0 0 0 1 5.96075
0 0 0 0 0 5.93879
0 0 0 0 1 6.03793
0 0 0 0 0 6.01014
0 0 0 0 1 5.97024
0 0 0 0 1 6.00259
0 0 0 0 1 6.04603
0 0 0 0 1 6.09705
0 0 0 0 1 6.06929
0 0 0 0 1 6.13289
0 0 0 0 1 6.14183
0 0 0 0 0 6.18149
0 0 0 0 1 6.20809
0 0 0 0 1 6.1753
0 0 0 0 1 6.14755
0 0 0 0 1 6.16299
0 0 0 0 0 6.24058
0 0 0 0 1 6.2368
0 0 0 0 1 6.30261
0 0 0 0 1 6.23115
0 0 0 0 0 6.26506
0 0 0 0 1 6.23088
0 0 0 0 1 6.37323
0 0 0 0 1 6.30755
0 0 0 0 0 6.37475
0 0 0 0 1 6.35246
0 0 0 0 1 6.37555
0 0 0 0 1 6.45562
0 0 0 0 0 6.35713
0 0 0 0 0 6.50855
0 0 0 0 1 6.45482
0 0 0 0 1 6.4973
0 0 0 0 1 6.48873
0 0 0 0 1 6.47358
0 0 0 0 1 6.54333
0 0 0 0 1 6.54725
0 0 0 0 1 6.62361
0 0 0 0 1 6.57561
0 0 0 0 0 6.55976
0 0 0 0 1 6.71004
0 0 0 0 1 6.61443
0 0 0 0 1 6.7263
0 0 0 0 0 6.69113
0 0 0 0 1 6.6888
0 0 0 0 1 6.69994
0 0 0 0 1 6.75862
0 0 0 0 0 6.83813
0 0 0 0 0 6.7883
0 0 0 0 0 6.84784
0 0 0 0 0 6.86644
0 0 0 0 0 6.85057
0 0 0 0 1 6.89054
0 0 0 0 1 6.97893
0 0 0 0 1 7.05394
0 0 0 0 0 6.96121
0 0 0 0 1 7.07882
0 0 0 0 1 7.03432
0 0 0 0 1 7.16013
0 0 0 0 1 7.11587
0 0 0 0 1 7.09264
0 0 0 0 1 7.1481
0 0 0 0 1 7.17509
0 0 0 0 1 7.17279
0 0 0 0 1 7.27982
0 0 0 0 1 7.35076
0 0 0 0 1 7.28331
0 0 0 0 1 7.33252
0 0 0 0 1 7.35333
0 0 0 0 1 7.44008
0 0 0 0 1 7.37843
0 0 0 0 1 7.52608
0 0 0 0 1 7.50159
0 0 0 0 0 7.49181
0 0 0 0 1 7.61835
0 0 0 0 0 7.63958
0 0 0 0 1 7.59156
0 0 0 0 1 7.70436
0 0 0 0 1 7.73307
0 0 0 0 1 7.76962
0 0 0 0 1 7.82192
0 0 0 0 0 7.80448
0 0 0 0 0 7.91208
0 0 0 0 1 7.89357
0 0 0 0 1 7.98637
0 0 0 0 1 8.00749
0 0 0 0 0 8.02102
0 0 0 0 1 8.05867
0 0 0 0 0 8.06403
0 0 0 0 1 8.15825
0 0 0 0 1 8.21276
0 0 0 0 1 8.16821
0 0 0 0 1 8.305
0 0 0 0 1 8.26045
0 0 0 0 1 8.33162
0 0 0 0 0 8.40323
0 0 0 0 1 8.39071
0 0 0 0 0 8.49677
0 0 0 0 1 8.54379
0 0 0 0 1 8.63464
0 0 0 0 1 8.69087
0 0 0 0 1 8.64232
0 0 0 0 0 8.67224
0 0 0 0 1 8.8596
0 0 0 0 1 8.82034
0 0 0 0 1 8.84972
0 0 0 0 1 9.04006
0 0 0 0 0 9.05216
0 0 0 0 1 8.97323
0 0 0 0 0 9.06709
0 0 0 0 1 9.20642
0 0 0 0 1 9.15319
0 0 0 0 1 9.30302
0 0 0 0 1 9.34315
0 0 0 0 1 9.30584
0 0 0 0 1 9.49562
0 0 0 0 1 9.46706
0 0 0 0 1 9.5237
0 0 0 0 1 9.7072
0 0 0 0 0 9.72602
0 0 0 0 1 9.68567
0 0 0 0 0 9.91985
0 0 0 0 1 9.88029
0 0 0 0 1 9.90635
0 0 0 0 1 10.0441
0 0 0 0 1 10.1815
0 0 0 0 1 10.2093
0 0 0 0 1 10.3379
0 0 0 0 0 10.3224
0 0 0 0 0 10.3806
0 0 0 0 1 10.5525
0 0 0 0 1 10.4826
0 0 0 0 1 10.6112
0 0 0 0 1 10.8287
0 0 0 0 0 10.7433
0 0 0 0 1 9.22214
0 0 0 0 1 9.24464
0 0 0 0 1 9.29966
0 0 0 0 1 9.19266
0 0 0 0 1 9.29377
0 0 0 0 1 9.15984
0 0 0 0 1 9.10466
0 0 0 0 1 9.24664
0 0 0 0 1 9.12772
0 0 0 0 1 9.04134
0 0 0 0 0 9.03265
0 0 0 0 1 9.15579
0 0 0 0 0 9.04746
0 0 0 0 1 9.10233
0 0 0 0 1 8.94529
0 0 0 0 0 9.08129
0 0 0 0 1 8.93417
0 0 0 0 0 8.94434
0 0 0 0 1 8.91876
0 0 0 0 1 8.99159
0 0 0 0 1 8.94428
0 0 0 0 1 8.98139
0 0 0 0 1 8.92082
0 0 0 0 1 8.81626
0 0 0 0 0 8.87137
0 0 0 0 0 8.87835
0 0 0 0 1 8.8805
0 0 0 0 1 8.72444
0 0 0 0 1 8.75339
0 0 0 0 1 8.78235
0 0 0 0 0 8.71507
0 0 0 0 1 8.79297
0 0 0 0 1 8.76976
0 0 0 0 1 8.73803
0 0 0 0 0 8.77603
0 0 0 0 0 8.75331
0 0 0 0 1 8.60951
0 0 0 0 1 8.73437
0 0 0 0 0 8.65173
0 0 0 0 1 8.60396
0 0 0 0 0 8.66837
0 0 0 0 1 8.55221
0 0 0 0 1 8.6425
0 0 0 0 1 8.55269
0 0 0 0 1 8.4975
0 0 0 0 0 8.53661
0 0 0 0 1 8.55314
0 0 0 0 1 8.57526
0 0 0 0 1 8.51552
0 0 0 0 1 8.62164
0 0 0 0 1 8.78037
0 0 0 0 0 8.99464
0 0 0 0 0 9.14784
0 0 0 0 1 9.19136
0 0 0 0 1 9.3257
0 0 0 0 0 9.48857
0 0 0 0 1 9.73913
0 0 0 0 1 9.74688
0 0 0 0 1 10.0298
0 0 0 0 0 10.2453
0 0 0 0 1 10.4208
0 0 0 0 1 10.5212
0 0 0 0 1 10.7912
0 0 0 0 1 10.8324
0 0 0 0 1 11.2243
0 0 0 0 1 11.3948
0 0 0 0 1 11.6315
0 0 0 0 1 11.7605
0 0 0 0 1 12.0663
0 0 0 0 1 12.284
0 0 0 0 0 12.6988
0 0 0 0 0 12.809
0 0 0 0 0 22.66
0 0 0 0 1 22.7547
0 0 0 0 1 22.8933
0 0 0 0 1 22.8978
0 0 0 0 1 22.8574
0 0 0 0 1 22.7948
0 0 0 0 1 22.5744
0 0 0 0 1 22.7616
0 0 0 0 1 22.4068
0 0 0 0 1 22.6624
0 0 0 0 0 22.6023
0 0 0 0 1 22.768
0 0 0 0 1 22.7101
0 0 0 0 1 22.6513
0 0 0 0 0 22.7054
0 0 0 0 0 22.4675
0 0 0 0 1 22.635
0 0 0 0 1 22.5555
0 0 0 0 1 22.9676
0 0 0 0 1 24.172
0 0 0 0 1 25.3441
0 0 0 0 1 26.1336
0 0 0 0 0 36.1627
0 0 0 0 1 36.5118
0 0 0 0 1 36.4975
0 0 0 0 1 36.4111
0 0 0 0 1 36.5017
0 0 0 0 1 38.4878
0 0 0 0 1 51.7543
0 0 0 0 1 52.2594
0 0 0 0 0 52.1413
0 0 0 0 1 52.3358
0 0 0 0 0 51.5431
0 0 0 0 1 55.8213
0 0 0 0 0 65.397
0 0 0 0 1 70.2212
0 0 0 0 0 82.0554
0 0 0 0 0 4.98996
0 0 0 0 0 5.04507
0 0 0 0 0 5.04507
0 0 0 0 0 4.98996
0 0 0 0 0 4.96491
0 0 0 0 0 4.97994
0 0 0 0 0 4.97493
0 0 0 0 0 5.05008
0 0 0 0 0 4.96992
0 0 0 0 0 4.98996
0 0 0 0 0 4.9599
0 0 0 0 0 5.01501
0 0 0 0 1 88.2916
0 0 0 0 1 87.7751
0 0 0 0 0 74.6189
0 0 0 0 1 63.5836
0 0 0 0 1 59.9212
0 0 0 0 1 61.143
0 0 0 0 1 61.0339
0 0 0 0 1 51.2613
0 0 0 0 1 47.9392
0 0 0 0 1 47.6635
0 0 0 0 1 39.5098
0 0 0 0 0 36.783
0 0 0 0 1 35.5965
0 0 0 0 0 35.6444
0 0 0 0 1 35.9063
0 0 0 0 0 35.67
0 0 0 0 1 27.9656
0 0 0 0 1 26.9643
0 0 0 0 1 25.8699
0 0 0 0 1 24.4176
0 0 0 0 1 24.7986
0 0 0 0 1 24.7617
0 0 0 0 1 24.8225
0 0 0 0 0 24.8604
0 0 0 0 1 24.4793
0 0 0 0 1 24.6662
0 0 0 0 1 24.8537
0 0 0 0 1 24.7947
0 0 0 0 1 24.7841
0 0 0 0 0 18.1089
0 0 0 0 1 17.7035
0 0 0 0 1 17.3465
0 0 0 0 1 16.8783
0 0 0 0 1 16.4402
0 0 0 0 1 15.7842
0 0 0 0 1 15.408
0 0 0 0 0 14.9851
0 0 0 0 1 14.6835
0 0 0 0 1 14.5385
0 0 0 0 1 14.1131
0 0 0 0 1 13.762
0 0 0 0 1 13.7737
0 0 0 0 0 13.8831
0 0 0 0 1 13.8954
0 0 0 0 1 14.0334
0 0 0 0 1 13.8252
0 0 0 0 1 13.8801
0 0 0 0 1 14.0052
0 0 0 0 1 13.9209
0 0 0 0 1 13.965
0 0 0 0 1 14.0632
0 0 0 0 1 14.0777
0 0 0 0 1 13.9378
0 0 0 0 1 14.1519
0 0 0 0 1 14.1671
0 0 0 0 1 14.0275
0 0 0 0 1 14.1868
0 0 0 0 1 14.0615
0 0 0 0 1 14.0492
0 0 0 0 0 14.0257
0 0 0 0 1 14.1131
0 0 0 0 1 14.0759
0 0 0 0 1 14.2777
0 0 0 0 1 14.2981
0 0 0 0 1 14.1875
0 0 0 0 1 14.2511
0 0 0 0 0 14.4408
0 0 0 0 1 14.4481
0 0 0 0 0 14.2949
0 0 0 0 0 8.87888
0 0 0 0 1 8.77319
0 0 0 0 0 8.57286
0 0 0 0 1 8.5457
0 0 0 0 1 8.33222
0 0 0 0 0 8.32878
0 0 0 0 1 8.1769
0 0 0 0 1 8.13854
0 0 0 0 1 7.98026
0 0 0 0 1 7.84735
0 0 0 0 1 7.84202
0 0 0 0 1 7.78709
0 0 0 0 1 7.71025
0 0 0 0 1 7.54269
0 0 0 0 1 7.42196
0 0 0 0 1 7.33357
0 0 0 0 1 7.28035
0 0 0 0 1 7.30104
0 0 0 0 1 7.11919
0 0 0 0 1 7.03904
0 0 0 0 1 7.07152
0 0 0 0 0 6.91648
0 0 0 0 1 6.82998
0 0 0 0 0 6.8621
0 0 0 0 1 6.75065
0 0 0 0 1 6.6536
0 0 0 0 1 6.65013
0 0 0 0 0 6.56029
0 0 0 0 1 6.44507
0 0 0 0 1 6.40436
0 0 0 0 1 6.37374
0 0 0 0 1 6.35798
0 0 0 0 1 6.24749
0 0 0 0 1 6.25014
0 0 0 0 1 6.18405
0 0 0 0 0 6.17948
0 0 0 0 1 6.11353
0 0 0 0 1 6.07489
0 0 0 0 1 5.94378
0 0 0 0 0 5.87616
0 0 0 0 1 5.92358
0 0 0 0 0 5.76857
0 0 0 0 1 5.84087
0 0 0 0 1 5.71065
0 0 0 0 1 5.69842
0 0 0 0 1 5.61536
0 0 0 0 1 5.57222
0 0 0 0 1 5.52666
0 0 0 0 1 5.57769
0 0 0 0 1 5.49586
0 0 0 0 1 5.49087
0 0 0 0 0 5.39686
0 0 0 0 1 5.37883
0 0 0 0 0 5.31484
0 0 0 0 1 5.31797
0 0 0 0 1 5.20191
0 0 0 0 0 5.18929
0 0 0 0 0 5.15575
0 0 0 0 0 5.19438
0 0 0 0 1 5.16056
0 0 0 0 1 5.02203
0 0 0 0 1 5.05961
0 0 0 0 1 4.98445
0 0 0 0 1 5.00133
0 0 0 0 0 4.99786
0 0 0 0 1 4.88104
0 0 0 0 1 4.85821
0 0 0 0 0 4.83379
0 0 0 0 0 4.83992
0 0 0 0 1 4.82944
0 0 0 0 1 4.80256
0 0 0 0 1 4.88795
0 0 0 0 1 4.88643
0 0 0 0 0 4.86429
0 0 0 0 1 4.93114
0 0 0 0 1 4.94446
0 0 0 0 1 4.87901
0 0 0 0 1 4.92567
0 0 0 0 1 4.98864
0 0 0 0 1 5.0222
0 0 0 0 0 5.01974
0 0 0 0 0 5.02352
0 0 0 0 1 5.05243
0 0 0 0 1 5.07144
0 0 0 0 1 5.05003
0 0 0 0 1 5.05893
0 0 0 0 1 5.15461
0 0 0 0 0 5.15365
0 0 0 0 1 5.11531
0 0 0 0 1 5.19144
0 0 0 0 1 5.15943
0 0 0 0 0 5.17388
0 0 0 0 1 5.19882
0 0 0 0 1 5.20295
0 0 0 0 1 5.30689
0 0 0 0 1 5.28499
0 0 0 0 1 5.29077
0 0 0 0 0 5.3536
0 0 0 0 1 5.31536
0 0 0 0 1 5.33038
0 0 0 0 0 5.38851
0 0 0 0 0 5.38365
0 0 0 0 1 5.38803
0 0 0 0 1 5.41418
0 0 0 0 0 5.47877
0 0 0 0 0 5.48486
0 0 0 0 1 5.4949
0 0 0 0 1 5.59524
0 0 0 0 1 5.59445
0 0 0 0 1 5.60633
0 0 0 0 1 5.66723
0 0 0 0 1 5.66236
0 0 0 0 0 5.65574
0 0 0 0 1 5.70751
0 0 0 0 1 5.7523
0 0 0 0 1 5.74145
0 0 0 0 1 5.74767
0 0 0 0 0 5.75377
0 0 0 0 0 5.89246
0 0 0 0 1 5.91665
0 0 0 0 0 5.95268
0 0 0 0 0 5.91188
0 0 0 0 0 5.91812
0 0 0 0 0 5.95414
0 0 0 0 1 5.96628
0 0 0 0 1 6.06903
0 0 0 0 0 6.04503
0 0 0 0 1 6.08776
0 0 0 0 0 6.17981
0 0 0 0 1 6.194
0 0 0 0 1 9.47144
0 0 0 0 1 9.50978
0 0 0 0 1 9.47844
0 0 0 0 1 9.45668
0 0 0 0 0 9.40069
0 0 0 0 1 9.25769
0 0 0 0 0 9.31133
0 0 0 0 1 9.3614
0 0 0 0 1 9.34339
0 0 0 0 1 9.23924
0 0 0 0 1 9.16334
0 0 0 0 0 9.13376
0 0 0 0 0 9.0678
0 0 0 0 0 9.02047
0 0 0 0 1 9.14601
0 0 0 0 1 8.99008
0 0 0 0 1 9.04271
0 0 0 0 1 9.04677
0 0 0 0 1 8.96433
0 0 0 0 1 8.86117
0 0 0 0 1 9.01179
0 0 0 0 1 8.88574
0 0 0 0 1 8.93785
0 0 0 0 1 8.83054
0 0 0 0 1 8.83513
0 0 0 0 0 8.86064
0 0 0 0 0 8.75458
0 0 0 0 0 8.67728
0 0 0 0 1 8.6334
0 0 0 0 1 8.74293
0 0 0 0 0 8.74255
0 0 0 0 1 8.69555
0 0 0 0 1 8.57463
0 0 0 0 1 8.69188
0 0 0 0 1 8.50309
0 0 0 0 1 8.52581
0 0 0 0 1 8.46665
0 0 0 0 1 8.60014
0 0 0 0 1 8.41024
0 0 0 0 1 8.40773
0 0 0 0 1 8.42219
0 0 0 0 1 8.41134
0 0 0 0 1 8.34534
0 0 0 0 1 8.46075
0 0 0 0 1 8.39983
0 0 0 0 1 8.43952
0 0 0 0 1 8.32903
0 0 0 0 1 8.32265
0 0 0 0 0 8.31268
0 0 0 0 1 8.26143
0 0 0 0 1 8.23971
0 0 0 0 1 8.20544
0 0 0 0 1 8.16317
0 0 0 0 1 8.22791
0 0 0 0 1 8.25148
0 0 0 0 1 8.25052
0 0 0 0 1 8.1762
0 0 0 0 1 8.15929
0 0 0 0 1 8.15879
0 0 0 0 1 8.05296
0 0 0 0 1 8.02859
0 0 0 0 1 8.03672
0 0 0 0 1 8.14166
0 0 0 0 1 8.08131
0 0 0 0 1 8.06548
0 0 0 0 1 8.03378
0 0 0 0 1 8.02632
0 0 0 0 1 7.97108
0 0 0 0 1 7.99965
0 0 0 0 1 7.9926
0 0 0 0 1 7.88241
0 0 0 0 1 7.88377
0 0 0 0 0 7.89317
0 0 0 0 0 7.96156
0 0 0 0 1 7.83684
0 0 0 0 1 7.8545
0 0 0 0 1 7.79698
0 0 0 0 1 7.81826
0 0 0 0 1 7.82835
0 0 0 0 1 7.86204
0 0 0 0 1 7.83322
0 0 0 0 1 7.72977
0 0 0 0 1 7.77944
0 0 0 0 1 7.82131
0 0 0 0 1 7.83523
0 0 0 0 1 7.79178
0 0 0 0 1 7.74387
