0 0 0 0 0 5.56398
0 0 0 0 1 5.57867
0 0 0 0 0 5.57126
0 0 0 0 0 5.52737
0 0 0 0 0 5.55354
0 0 0 0 0 5.6414
0 0 0 0 0 5.62789
0 0 0 0 1 5.59295
0 0 0 0 0 5.58274
0 0 0 0 1 5.63773
0 0 0 0 0 5.67612
0 0 0 0 1 5.6245
0 0 0 0 1 5.62581
0 0 0 0 1 5.68163
0 0 0 0 1 5.63003
0 0 0 0 1 5.66559
0 0 0 0 0 5.69359
0 0 0 0 1 5.642
0 0 0 0 1 5.74448
0 0 0 0 1 5.7597
0 0 0 0 1 5.66815
0 0 0 0 1 5.72547
0 0 0 0 1 5.77161
0 0 0 0 1 5.77195
0 0 0 0 1 5.79721
0 0 0 0 1 5.73415
0 0 0 0 1 5.80993
0 0 0 0 0 5.7526
0 0 0 0 1 5.82308
0 0 0 0 1 5.83563
0 0 0 0 1 5.81326
0 0 0 0 1 5.85684
0 0 0 0 1 5.81269
0 0 0 0 0 5.86078
0 0 0 0 1 5.8503
0 0 0 0 1 5.88703
0 0 0 0 1 5.8826
0 0 0 0 0 5.89599
0 0 0 0 1 5.89763
0 0 0 0 0 5.91123
0 0 0 0 1 5.93092
0 0 0 0 1 6.01056
0 0 0 0 1 5.97204
0 0 0 0 1 6.05818
0 0 0 0 1 6.03644
0 0 0 0 0 5.97846
0 0 0 0 1 6.03393
0 0 0 0 1 6.00605
0 0 0 0 1 6.13619
0 0 0 0 1 6.12679
0 0 0 0 1 6.05627
0 0 0 0 1 6.07734
0 0 0 0 1 6.20194
0 0 0 0 0 6.1753
0 0 0 0 1 6.18458
0 0 0 0 1 6.20012
0 0 0 0 0 6.22818
0 0 0 0 1 6.17455
0 0 0 0 1 6.21525
0 0 0 0 1 6.26869
0 0 0 0 1 6.32156
0 0 0 0 1 6.23088
0 0 0 0 0 6.33537
0 0 0 0 1 6.36449
0 0 0 0 0 6.29863
0 0 0 0 1 6.33973
0 0 0 0 1 6.43936
0 0 0 0 1 6.45562
0 0 0 0 1 6.36998
0 0 0 0 1 6.42477
0 0 0 0 1 6.42898
0 0 0 0 1 6.54269
0 0 0 0 1 6.44972
0 0 0 0 1 6.56485
0 0 0 0 1 6.58909
0 0 0 0 1 6.49477
0 0 0 0 1 6.55119
0 0 0 0 1 6.57561
0 0 0 0 1 6.69228
0 0 0 0 0 6.59699
0 0 0 0 1 6.64113
0 0 0 0 1 6.75308
0 0 0 0 0 6.70455
0 0 0 0 1 6.67532
0 0 0 0 1 6.78107
0 0 0 0 1 6.73148
0 0 0 0 0 6.85856
0 0 0 0 1 6.82248
0 0 0 0 0 6.86842
0 0 0 0 1 6.82512
0 0 0 0 1 6.8644
0 0 0 0 1 6.9252
0 0 0 0 1 6.97197
0 0 0 0 1 7.00506
0 0 0 0 1 7.07338
0 0 0 0 1 7.07178
0 0 0 0 1 7.11916
0 0 0 0 1 7.07498
0 0 0 0 1 7.15148
0 0 0 0 1 7.19274
0 0 0 0 1 7.1481
0 0 0 0 1 7.17509
0 0 0 0 1 7.19451
0 0 0 0 1 7.22897
0 0 0 0 1 7.32156
0 0 0 0 1 7.37857
0 0 0 0 1 7.39877
0 0 0 0 1 7.41239
0 0 0 0 1 7.38073
0 0 0 0 0 7.46787
0 0 0 0 1 7.46623
0 0 0 0 1 7.47153
0 0 0 0 1 7.61265
0 0 0 0 1 7.6487
0 0 0 0 0 7.60149
0 0 0 0 1 7.60686
0 0 0 0 1 7.61978
0 0 0 0 1 7.7717
0 0 0 0 1 7.83172
0 0 0 0 0 7.86871
0 0 0 0 1 7.79665
0 0 0 0 1 7.88062
0 0 0 0 0 7.84612
0 0 0 0 1 8.0261
0 0 0 0 1 8.03946
0 0 0 0 1 7.99694
0 0 0 0 1 8.13127
0 0 0 0 1 8.05592
0 0 0 0 1 8.12565
0 0 0 0 1 8.12269
0 0 0 0 1 8.25879
0 0 0 0 1 8.20564
0 0 0 0 0 8.40187
0 0 0 0 1 8.32325
0 0 0 0 0 8.33594
0 0 0 0 1 8.50067
0 0 0 0 1 8.49677
0 0 0 0 1 8.5951
0 0 0 0 1 8.64323
0 0 0 0 1 8.65632
0 0 0 0 1 8.78143
0 0 0 0 1 8.78589
0 0 0 0 1 8.8684
0 0 0 0 1 8.8822
0 0 0 0 1 8.92087
0 0 0 0 1 8.99531
0 0 0 0 1 9.08818
0 0 0 0 1 9.10012
0 0 0 0 0 9.06709
0 0 0 0 0 9.20642
0 0 0 0 1 9.16242
0 0 0 0 1 9.33087
0 0 0 0 1 9.29648
0 0 0 0 1 9.37164
0 0 0 0 1 9.38212
0 0 0 0 1 9.45754
0 0 0 0 1 9.54288
0 0 0 0 1 9.65895
0 0 0 0 1 9.72602
0 0 0 0 1 9.69545
0 0 0 0 0 9.82135
0 0 0 0 1 9.97939
0 0 0 0 1 9.91634
0 0 0 0 0 9.9838
0 0 0 0 1 10.1612
0 0 0 0 1 10.2909
0 0 0 0 1 10.3276
0 0 0 0 1 10.3431
0 0 0 0 0 10.391
0 0 0 0 1 10.458
0 0 0 0 1 10.673
0 0 0 0 1 10.7392
0 0 0 0 1 10.775
0 0 0 0 1 10.7433
0 0 0 0 1 9.26867
0 0 0 0 1 9.25392
0 0 0 0 1 9.23483
0 0 0 0 1 9.32201
0 0 0 0 1 9.29377
0 0 0 0 1 9.16904
0 0 0 0 1 9.18726
0 0 0 0 1 9.20087
0 0 0 0 0 9.15513
0 0 0 0 1 9.05045
0 0 0 0 1 9.06904
0 0 0 0 1 8.99246
0 0 0 0 1 8.98406
0 0 0 0 1 8.96674
0 0 0 0 1 8.93627
0 0 0 0 1 8.94629
0 0 0 0 1 8.95213
0 0 0 0 1 8.87264
0 0 0 0 1 9.03505
0 0 0 0 1 8.92015
0 0 0 0 1 8.88192
0 0 0 0 1 8.83911
0 0 0 0 1 8.96521
0 0 0 0 0 8.86942
0 0 0 0 1 8.86253
0 0 0 0 0 8.78127
0 0 0 0 1 8.75716
0 0 0 0 0 8.88275
0 0 0 0 1 8.70071
0 0 0 0 1 8.80865
0 0 0 0 1 8.80257
0 0 0 0 1 8.68819
0 0 0 0 1 8.65643
0 0 0 0 1 8.67711
0 0 0 0 1 8.73259
0 0 0 0 1 8.74463
0 0 0 0 1 8.60085
0 0 0 0 1 8.66519
0 0 0 0 1 8.70354
0 0 0 0 1 8.56948
0 0 0 0 1 8.65115
0 0 0 0 1 8.55221
0 0 0 0 1 8.4966
0 0 0 0 1 8.55269
0 0 0 0 0 8.54885
0 0 0 0 1 8.60497
0 0 0 0 0 8.57875
0 0 0 0 1 8.60083
0 0 0 0 1 8.49837
0 0 0 0 1 8.76954
0 0 0 0 1 8.79802
0 0 0 0 1 8.94088
0 0 0 0 0 9.15693
0 0 0 0 1 9.14517
0 0 0 0 0 9.37261
0 0 0 0 1 9.48857
0 0 0 0 1 9.63264
0 0 0 0 1 9.94378
0 0 0 0 1 10.0699
0 0 0 0 1 10.1332
0 0 0 0 1 10.3898
0 0 0 0 1 10.4895
0 0 0 0 1 10.6409
0 0 0 0 1 11.0512
0 0 0 0 1 11.1797
0 0 0 0 1 11.3835
0 0 0 0 1 11.5041
0 0 0 0 1 11.8432
0 0 0 0 1 12.0422
0 0 0 0 0 12.2717
0 0 0 0 1 12.5354
0 0 0 0 1 12.9247
0 0 0 0 1 22.9555
0 0 0 0 1 22.6639
0 0 0 0 1 22.5983
0 0 0 0 1 22.4897
0 0 0 0 0 22.6308
0 0 0 0 1 22.7948
0 0 0 0 1 22.5518
0 0 0 0 1 22.5808
0 0 0 0 1 22.3617
0 0 0 0 1 22.369
0 0 0 0 1 22.6699
0 0 0 0 1 22.3623
0 0 0 0 1 22.5975
0 0 0 0 0 22.6963
0 0 0 0 1 22.6604
0 0 0 0 1 22.67
0 0 0 0 1 22.2529
0 0 0 0 0 22.2859
0 0 0 0 1 23.2228
0 0 0 0 1 23.8826
0 0 0 0 1 24.8669
0 0 0 0 0 26.3171
0 0 0 0 1 36.454
0 0 0 0 1 36.5482
0 0 0 0 1 36.5703
0 0 0 0 1 36.4475
0 0 0 0 1 36.065
0 0 0 0 1 38.2951
0 0 0 0 1 51.6502
0 0 0 0 0 52.3635
0 0 0 0 1 51.621
0 0 0 0 1 51.7636
0 0 0 0 1 51.5431
0 0 0 0 1 56.6671
0 0 0 0 1 65.9207
0 0 0 0 1 69.4549
0 0 0 0 0 82.0554
0 0 0 0 0 5.05509
0 0 0 0 0 4.99497
0 0 0 0 0 5.05008
0 0 0 0 0 5.03505
0 0 0 0 0 5.03505
0 0 0 0 0 5.03505
0 0 0 0 0 4.96491
0 0 0 0 0 4.96491
0 0 0 0 0 4.97994
0 0 0 0 0 5.01501
0 0 0 0 0 5.02503
0 0 0 0 0 5.0601
0 0 0 0 1 88.0288
0 0 0 0 1 87.8627
0 0 0 0 1 75.22
0 0 0 0 1 63.5836
0 0 0 0 0 61.0106
0 0 0 0 1 60.1744
0 0 0 0 0 60.3073
0 0 0 0 1 51.9833
0 0 0 0 1 47.6033
0 0 0 0 1 48.4315
0 0 0 0 1 39.4705
0 0 0 0 1 37.0775
0 0 0 0 1 35.4182
0 0 0 0 1 35.7157
0 0 0 0 1 35.478
0 0 0 0 1 35.9199
0 0 0 0 1 28.0217
0 0 0 0 1 26.9375
0 0 0 0 1 25.4084
0 0 0 0 0 24.4176
0 0 0 0 1 24.5031
0 0 0 0 1 24.8849
0 0 0 0 1 24.6746
0 0 0 0 0 24.8111
0 0 0 0 1 24.6274
0 0 0 0 1 24.5427
0 0 0 0 1 24.7796
0 0 0 0 0 24.8936
0 0 0 0 0 24.512
0 0 0 0 0 18.3091
0 0 0 0 1 17.7035
0 0 0 0 1 17.2433
0 0 0 0 1 16.7612
0 0 0 0 1 16.261
0 0 0 0 1 15.816
0 0 0 0 1 15.6248
0 0 0 0 1 15.1817
0 0 0 0 1 14.8901
0 0 0 0 1 14.3798
0 0 0 0 1 14.1836
0 0 0 0 0 13.9981
0 0 0 0 1 14.0378
0 0 0 0 1 13.9248
0 0 0 0 1 13.8258
0 0 0 0 1 14.0752
0 0 0 0 1 13.9089
0 0 0 0 0 14.0617
0 0 0 0 0 14.1031
0 0 0 0 1 14.0888
0 0 0 0 1 14.0491
0 0 0 0 1 13.9931
0 0 0 0 1 14.0496
0 0 0 0 1 14.1907
0 0 0 0 1 14.1941
0 0 0 0 1 13.9981
0 0 0 0 1 14.0839
0 0 0 0 0 14.1021
0 0 0 0 1 14.2735
0 0 0 0 1 14.219
0 0 0 0 1 14.1107
0 0 0 0 1 14.2833
0 0 0 0 1 14.2179
0 0 0 0 1 14.2493
0 0 0 0 1 14.2839
0 0 0 0 1 14.216
0 0 0 0 0 14.1797
0 0 0 0 1 14.1691
0 0 0 0 0 14.4338
0 0 0 0 1 14.2805
0 0 0 0 1 8.86123
0 0 0 0 0 8.72963
0 0 0 0 1 8.65885
0 0 0 0 1 8.56269
0 0 0 0 1 8.44969
0 0 0 0 1 8.30391
0 0 0 0 1 8.16052
0 0 0 0 1 8.07382
0 0 0 0 1 7.94828
0 0 0 0 1 7.91847
0 0 0 0 1 7.7482
0 0 0 0 0 7.64803
0 0 0 0 0 7.58034
0 0 0 0 1 7.58804
0 0 0 0 1 7.54155
0 0 0 0 0 7.40757
0 0 0 0 1 7.25109
0 0 0 0 1 7.25034
0 0 0 0 1 7.10485
0 0 0 0 0 7.13128
0 0 0 0 1 7.03641
0 0 0 0 1 6.92343
0 0 0 0 1 6.85752
0 0 0 0 1 6.87574
0 0 0 0 1 6.75065
0 0 0 0 0 6.66029
0 0 0 0 1 6.6435
0 0 0 0 1 6.59312
0 0 0 0 1 6.46459
0 0 0 0 1 6.41081
0 0 0 0 1 6.3929
0 0 0 0 1 6.31365
0 0 0 0 1 6.32284
0 0 0 0 1 6.19411
0 0 0 0 1 6.11616
0 0 0 0 0 6.09383
0 0 0 0 1 6.1014
0 0 0 0 1 5.98458
0 0 0 0 0 6.00943
0 0 0 0 1 5.888
0 0 0 0 0 5.91184
0 0 0 0 0 5.8618
0 0 0 0 1 5.74256
0 0 0 0 1 5.71639
0 0 0 0 0 5.65292
0 0 0 0 1 5.69437
0 0 0 0 1 5.56662
0 0 0 0 1 5.58788
0 0 0 0 1 5.53903
0 0 0 0 1 5.52874
0 0 0 0 1 5.49087
0 0 0 0 1 5.38605
0 0 0 0 1 5.34662
0 0 0 0 1 5.3468
0 0 0 0 0 5.3021
0 0 0 0 1 5.30164
0 0 0 0 1 5.20493
0 0 0 0 1 5.22311
0 0 0 0 0 5.16864
0 0 0 0 1 5.1401
0 0 0 0 0 5.09812
0 0 0 0 1 5.06969
0 0 0 0 1 5.02958
0 0 0 0 1 4.97642
0 0 0 0 1 4.90879
0 0 0 0 1 4.92528
0 0 0 0 1 4.90704
0 0 0 0 1 4.82893
0 0 0 0 1 4.86887
0 0 0 0 0 4.82463
0 0 0 0 1 4.82187
0 0 0 0 1 4.86372
0 0 0 0 0 4.89129
0 0 0 0 0 4.85454
0 0 0 0 0 4.90668
0 0 0 0 1 4.87081
0 0 0 0 1 4.88394
0 0 0 0 1 4.92567
0 0 0 0 1 4.91426
0 0 0 0 1 5.01224
0 0 0 0 1 4.98481
0 0 0 0 1 5.03354
0 0 0 0 0 5.01221
0 0 0 0 1 5.08658
0 0 0 0 1 5.04496
0 0 0 0 1 5.0996
0 0 0 0 1 5.14441
0 0 0 0 1 5.17414
0 0 0 0 0 5.10504
0 0 0 0 1 5.1502
0 0 0 0 1 5.16461
0 0 0 0 1 5.20505
0 0 0 0 0 5.26661
0 0 0 0 1 5.27623
0 0 0 0 1 5.21757
0 0 0 0 1 5.23224
0 0 0 0 1 5.24835
0 0 0 0 0 5.37489
0 0 0 0 1 5.37412
0 0 0 0 1 5.39473
0 0 0 0 1 5.3616
0 0 0 0 1 5.3566
0 0 0 0 1 5.44235
0 0 0 0 1 5.44144
0 0 0 0 1 5.50067
0 0 0 0 0 5.46285
0 0 0 0 1 5.52803
0 0 0 0 1 5.54528
0 0 0 0 1 5.62231
0 0 0 0 1 5.61193
0 0 0 0 1 5.56603
0 0 0 0 1 5.62281
0 0 0 0 1 5.71814
0 0 0 0 1 5.6733
0 0 0 0 0 5.69506
0 0 0 0 1 5.70118
0 0 0 0 1 5.80549
0 0 0 0 1 5.84676
0 0 0 0 1 5.86913
0 0 0 0 0 5.86974
0 0 0 0 1 5.88195
0 0 0 0 1 5.87042
0 0 0 0 0 5.93002
0 0 0 0 0 5.94816
0 0 0 0 1 6.04447
0 0 0 0 1 6.09925
0 0 0 0 1 6.05111
0 0 0 0 1 6.04502
0 0 0 0 1 6.19822
0 0 0 0 1 6.12607
0 0 0 0 1 9.52856
0 0 0 0 1 9.50978
0 0 0 0 1 9.39339
0 0 0 0 1 9.50378
0 0 0 0 1 9.31625
0 0 0 0 1 9.3138
0 0 0 0 1 9.41386
0 0 0 0 0 9.25914
0 0 0 0 1 9.16745
0 0 0 0 0 9.28539
0 0 0 0 1 9.14494
0 0 0 0 1 9.08791
0 0 0 0 1 9.16835
0 0 0 0 0 9.12981
0 0 0 0 1 9.02793
0 0 0 0 1 9.13493
0 0 0 0 1 9.00661
0 0 0 0 0 8.93875
0 0 0 0 1 9.06304
0 0 0 0 1 8.87907
0 0 0 0 1 8.87795
0 0 0 0 1 8.82348
0 0 0 0 1 8.85804
0 0 0 0 0 8.81286
0 0 0 0 1 8.84395
0 0 0 0 1 8.72879
0 0 0 0 1 8.78087
0 0 0 0 0 8.78225
0 0 0 0 1 8.70317
0 0 0 0 1 8.76033
0 0 0 0 1 8.75122
0 0 0 0 1 8.71285
0 0 0 0 1 8.68677
0 0 0 0 1 8.62304
0 0 0 0 0 8.52025
0 0 0 0 1 8.52581
0 0 0 0 1 8.54346
0 0 0 0 0 8.48093
0 0 0 0 1 8.41873
0 0 0 0 1 8.4501
0 0 0 0 1 8.38837
0 0 0 0 1 8.41134
0 0 0 0 1 8.3874
0 0 0 0 1 8.45235
0 0 0 0 1 8.36633
0 0 0 0 1 8.4061
0 0 0 0 1 8.42074
0 0 0 0 1 8.24782
0 0 0 0 1 8.21312
0 0 0 0 1 8.31937
0 0 0 0 1 8.24798
0 0 0 0 1 8.28791
0 0 0 0 0 8.31129
0 0 0 0 1 8.23612
0 0 0 0 1 8.25148
0 0 0 0 1 8.13604
0 0 0 0 0 8.18436
0 0 0 0 1 8.16743
0 0 0 0 1 8.11003
0 0 0 0 1 8.06107
0 0 0 0 0 8.0205
0 0 0 0 0 8.05288
0 0 0 0 1 8.10941
0 0 0 0 1 8.09741
0 0 0 0 1 8.08154
0 0 0 0 1 8.04981
0 0 0 0 1 7.98631
0 0 0 0 1 7.96309
0 0 0 0 1 8.03953
0 0 0 0 1 8.00852
0 0 0 0 1 7.96981
0 0 0 0 1 7.97102
0 0 0 0 1 7.87734
0 0 0 0 1 7.89831
0 0 0 0 1 7.93155
0 0 0 0 1 7.88601
0 0 0 0 1 7.81271
0 0 0 0 1 7.77897
0 0 0 0 0 7.89895
0 0 0 0 1 7.83855
0 0 0 0 1 7.88012
0 0 0 0 1 7.87812
0 0 0 0 1 7.71708
0 0 0 0 0 7.71236
0 0 0 0 0 7.76527
0 0 0 0 1 7.74521
0 0 0 0 1 7.69736
