0 0 0 0 1 5.5196
0 0 0 0 1 5.54533
0 0 0 0 0 5.61022
0 0 0 0 1 5.52737
0 0 0 0 1 5.54795
0 0 0 0 1 5.63581
0 0 0 0 1 5.64468
0 0 0 0 0 5.63218
0 0 0 0 1 5.66129
0 0 0 0 0 5.64335
0 0 0 0 1 5.64797
0 0 0 0 1 5.63579
0 0 0 0 1 5.63146
0 0 0 0 1 5.70426
0 0 0 0 1 5.61869
0 0 0 0 1 5.65424
0 0 0 0 1 5.66515
0 0 0 0 1 5.6648
0 0 0 0 1 5.65312
0 0 0 0 1 5.66828
0 0 0 0 1 5.71395
0 0 0 0 1 5.70252
0 0 0 0 1 5.73712
0 0 0 0 1 5.81803
0 0 0 0 1 5.7453
0 0 0 0 1 5.8382
0 0 0 0 1 5.75201
0 0 0 0 1 5.81065
0 0 0 0 1 5.7649
0 0 0 0 1 5.78316
0 0 0 0 1 5.9009
0 0 0 0 1 5.89195
0 0 0 0 1 5.81855
0 0 0 0 0 5.88427
0 0 0 0 1 5.85619
0 0 0 0 1 5.95782
0 0 0 0 1 5.94173
0 0 0 0 1 5.87822
0 0 0 0 0 5.89169
0 0 0 0 0 5.94695
0 0 0 0 1 5.98462
0 0 0 0 1 5.94477
0 0 0 0 1 5.97803
0 0 0 0 1 6.02215
0 0 0 0 1 6.06654
0 0 0 0 1 5.99656
0 0 0 0 1 6.00367
0 0 0 0 1 6.05458
0 0 0 0 1 6.13619
0 0 0 0 0 6.1146
0 0 0 0 1 6.10517
0 0 0 0 1 6.15698
0 0 0 0 1 6.09131
0 0 0 0 1 6.20609
0 0 0 0 1 6.15372
0 0 0 0 0 6.23725
0 0 0 0 1 6.14133
0 0 0 0 0 6.28659
0 0 0 0 1 6.19029
0 0 0 0 1 6.24992
0 0 0 0 1 6.32156
0 0 0 0 1 6.35047
0 0 0 0 1 6.31644
0 0 0 0 1 6.35816
0 0 0 0 1 6.34938
0 0 0 0 1 6.33973
0 0 0 0 1 6.4266
0 0 0 0 1 6.41079
0 0 0 0 1 6.3764
0 0 0 0 1 6.41189
0 0 0 0 1 6.47421
0 0 0 0 0 6.51676
0 0 0 0 1 6.44321
0 0 0 0 1 6.48662
0 0 0 0 1 6.47796
0 0 0 0 1 6.59974
0 0 0 0 1 6.55119
0 0 0 0 1 6.569
0 0 0 0 0 6.65253
0 0 0 0 0 6.67014
0 0 0 0 1 6.63446
0 0 0 0 1 6.65938
0 0 0 0 1 6.64415
0 0 0 0 1 6.70227
0 0 0 0 1 6.71346
0 0 0 0 1 6.71791
0 0 0 0 0 6.79046
0 0 0 0 1 6.79514
0 0 0 0 0 6.86842
0 0 0 0 0 6.92154
0 0 0 0 1 6.98191
0 0 0 0 1 6.93907
0 0 0 0 1 6.88847
0 0 0 0 1 7.01902
0 0 0 0 1 7.05936
0 0 0 0 1 7.04363
0 0 0 0 1 7.11209
0 0 0 0 1 7.0395
0 0 0 0 1 7.17997
0 0 0 0 1 7.17129
0 0 0 0 1 7.12657
0 0 0 0 1 7.23992
0 0 0 0 1 7.17279
0 0 0 0 0 7.31615
0 0 0 0 1 7.33616
0 0 0 0 1 7.34193
0 0 0 0 0 7.32515
0 0 0 0 1 7.43454
0 0 0 0 1 7.38073
0 0 0 0 1 7.37843
0 0 0 0 0 7.42882
0 0 0 0 1 7.49408
0 0 0 0 1 7.47671
0 0 0 0 1 7.57282
0 0 0 0 1 7.63196
0 0 0 0 1 7.59156
0 0 0 0 0 7.75819
0 0 0 0 1 7.7408
0 0 0 0 0 7.83172
0 0 0 0 1 7.75953
0 0 0 0 1 7.85927
0 0 0 0 1 7.94354
0 0 0 0 1 7.93312
0 0 0 0 1 7.92279
0 0 0 0 1 8.04745
0 0 0 0 1 8.10131
0 0 0 0 1 8.0748
0 0 0 0 1 8.03971
0 0 0 0 1 8.14195
0 0 0 0 1 8.15545
0 0 0 0 1 8.22585
0 0 0 0 1 8.28844
0 0 0 0 1 8.26877
0 0 0 0 1 8.32325
0 0 0 0 1 8.34435
0 0 0 0 1 8.38225
0 0 0 0 1 8.59033
0 0 0 0 1 8.48392
0 0 0 0 1 8.53154
0 0 0 0 1 8.66496
0 0 0 0 1 8.63363
0 0 0 0 1 8.68098
0 0 0 0 1 8.88599
0 0 0 0 0 8.87337
0 0 0 0 1 8.94755
0 0 0 0 1 8.95951
0 0 0 0 1 8.93506
0 0 0 0 1 9.11825
0 0 0 0 0 9.16733
0 0 0 0 0 9.25227
0 0 0 0 1 9.23624
0 0 0 0 1 9.32159
0 0 0 0 1 9.30582
0 0 0 0 1 9.47504
0 0 0 0 1 9.39158
0 0 0 0 1 9.55278
0 0 0 0 1 9.50452
0 0 0 0 1 9.74579
0 0 0 0 1 9.62886
0 0 0 0 1 9.87156
0 0 0 0 1 9.86075
0 0 0 0 0 9.83074
0 0 0 0 1 10.0262
0 0 0 0 0 9.95364
0 0 0 0 1 10.1815
0 0 0 0 1 10.2705
0 0 0 0 1 10.3173
0 0 0 0 1 10.281
0 0 0 0 0 10.4119
0 0 0 0 0 10.563
0 0 0 0 0 10.5989
0 0 0 0 0 10.6538
0 0 0 0 1 10.6783
0 0 0 0 1 10.9382
0 0 0 0 1 9.35243
0 0 0 0 0 9.33746
0 0 0 0 0 9.17925
0 0 0 0 0 9.15571
0 0 0 0 0 9.19235
0 0 0 0 1 9.26101
0 0 0 0 1 9.15973
0 0 0 0 1 9.10016
0 0 0 0 1 9.06376
0 0 0 0 1 9.2054
0 0 0 0 1 9.1691
0 0 0 0 0 9.0469
0 0 0 0 1 8.99312
0 0 0 0 1 9.11137
0 0 0 0 1 9.06251
0 0 0 0 1 9.01829
0 0 0 0 1 8.91622
0 0 0 0 1 9.03396
0 0 0 0 1 8.87403
0 0 0 0 1 9.01837
0 0 0 0 1 8.8641
0 0 0 0 1 8.83022
0 0 0 0 1 8.80543
0 0 0 0 1 8.92259
0 0 0 0 1 8.89791
0 0 0 0 1 8.85188
0 0 0 0 1 8.87169
0 0 0 0 1 8.73324
0 0 0 0 1 8.74461
0 0 0 0 0 8.79988
0 0 0 0 1 8.66257
0 0 0 0 0 8.64453
0 0 0 0 1 8.65643
0 0 0 0 1 8.6423
0 0 0 0 1 8.66308
0 0 0 0 1 8.6145
0 0 0 0 1 8.70479
0 0 0 0 1 8.73437
0 0 0 0 0 8.55676
0 0 0 0 1 8.54362
0 0 0 0 1 8.63394
0 0 0 0 1 8.55221
0 0 0 0 0 8.65967
0 0 0 0 0 8.58697
0 0 0 0 1 8.56596
0 0 0 0 0 8.5537
0 0 0 0 1 8.48485
0 0 0 0 1 8.54116
0 0 0 0 1 8.62701
0 0 0 0 1 8.63904
0 0 0 0 1 8.78037
0 0 0 0 1 8.89609
0 0 0 0 1 9.01144
0 0 0 0 1 9.21907
0 0 0 0 1 9.37261
0 0 0 0 1 9.47903
0 0 0 0 1 9.76817
0 0 0 0 1 9.76657
0 0 0 0 1 10.0899
0 0 0 0 1 10.2249
0 0 0 0 1 10.3898
0 0 0 0 0 10.6584
0 0 0 0 1 10.6301
0 0 0 0 0 11.0184
0 0 0 0 1 11.2466
0 0 0 0 0 11.3494
0 0 0 0 1 11.5388
0 0 0 0 1 11.9023
0 0 0 0 1 11.9457
0 0 0 0 1 12.1856
0 0 0 0 1 12.4725
0 0 0 0 1 12.9118
0 0 0 0 1 22.9328
0 0 0 0 1 22.8683
0 0 0 0 1 22.6664
0 0 0 0 1 22.6484
0 0 0 0 1 22.6762
0 0 0 0 1 22.7269
0 0 0 0 1 22.7328
0 0 0 0 1 22.5808
0 0 0 0 1 22.7005
0 0 0 0 0 22.4593
0 0 0 0 1 22.4218
0 0 0 0 1 22.3848
0 0 0 0 1 22.4623
0 0 0 0 1 22.4711
0 0 0 0 1 22.4354
0 0 0 0 1 22.535
0 0 0 0 1 22.5001
0 0 0 0 1 22.5331
0 0 0 0 1 23.1068
0 0 0 0 1 23.8826
0 0 0 0 1 25.3441
0 0 0 0 0 26.2385
0 0 0 0 1 36.5633
0 0 0 0 1 36.0386
0 0 0 0 0 36.2064
0 0 0 0 0 36.6658
0 0 0 0 0 36.2834
0 0 0 0 1 38.4493
0 0 0 0 1 52.327
0 0 0 0 0 51.6868
0 0 0 0 1 51.725
0 0 0 0 1 51.9197
0 0 0 0 1 51.9592
0 0 0 0 1 56.7799
0 0 0 0 0 65.9862
0 0 0 0 1 69.2459
0 0 0 0 1 82.3009
0 0 0 0 0 5.01501
0 0 0 0 0 5.00499
0 0 0 0 0 4.97994
0 0 0 0 0 5.05509
0 0 0 0 0 5.00499
0 0 0 0 0 5.05008
0 0 0 0 0 4.9599
0 0 0 0 0 5.0601
0 0 0 0 0 5.03505
0 0 0 0 0 5.03004
0 0 0 0 0 4.96992
0 0 0 0 0 4.96491
0 0 0 0 0 87.0653
0 0 0 0 0 88.0379
0 0 0 0 1 74.6189
0 0 0 0 1 63.4559
0 0 0 0 1 60.7685
0 0 0 0 0 60.7797
0 0 0 0 1 60.7311
0 0 0 0 0 51.416
0 0 0 0 1 48.2751
0 0 0 0 1 47.7595
0 0 0 0 1 39.3135
0 0 0 0 1 36.9303
0 0 0 0 1 35.5608
0 0 0 0 1 35.8941
0 0 0 0 1 35.5494
0 0 0 0 1 35.8485
0 0 0 0 1 28.0498
0 0 0 0 0 26.5355
0 0 0 0 1 25.6648
0 0 0 0 1 24.8115
0 0 0 0 1 24.7248
0 0 0 0 1 24.4167
0 0 0 0 1 24.5021
0 0 0 0 0 24.7371
0 0 0 0 0 24.4793
0 0 0 0 1 24.7896
0 0 0 0 1 24.4584
0 0 0 0 1 24.7947
0 0 0 0 1 24.9325
0 0 0 0 0 18.2727
0 0 0 0 1 17.6681
0 0 0 0 0 17.0714
0 0 0 0 1 16.7946
0 0 0 0 1 16.3588
0 0 0 0 0 15.7525
0 0 0 0 1 15.439
0 0 0 0 1 15.1666
0 0 0 0 1 14.8901
0 0 0 0 1 14.3221
0 0 0 0 1 14.1272
0 0 0 0 0 14.012
0 0 0 0 1 14.0378
0 0 0 0 1 13.9944
0 0 0 0 0 13.9093
0 0 0 0 1 13.9497
0 0 0 0 0 14.0764
0 0 0 0 1 13.9779
0 0 0 0 0 14.0751
0 0 0 0 0 14.1308
0 0 0 0 0 14.1331
0 0 0 0 1 14.1614
0 0 0 0 1 14.0075
0 0 0 0 1 14.0221
0 0 0 0 1 13.969
0 0 0 0 1 14.0545
0 0 0 0 1 14.0698
0 0 0 0 1 14.1868
0 0 0 0 1 14.2452
0 0 0 0 1 14.219
0 0 0 0 0 14.2099
0 0 0 0 1 14.1273
0 0 0 0 0 14.2321
0 0 0 0 1 14.164
0 0 0 0 1 14.2839
0 0 0 0 1 14.2303
0 0 0 0 0 14.2939
0 0 0 0 1 14.2835
0 0 0 0 1 14.3479
0 0 0 0 1 14.4669
0 0 0 0 1 8.87888
0 0 0 0 0 8.66864
0 0 0 0 1 8.56426
0 0 0 0 1 8.56269
0 0 0 0 0 8.31543
0 0 0 0 0 8.29563
0 0 0 0 1 8.22606
0 0 0 0 1 8.1709
0 0 0 0 1 8.06822
0 0 0 0 1 7.98169
0 0 0 0 1 7.79511
0 0 0 0 1 7.78709
0 0 0 0 1 7.61855
0 0 0 0 1 7.58048
0 0 0 0 1 7.41449
0 0 0 0 1 7.32617
0 0 0 0 1 7.32426
0 0 0 0 1 7.30828
0 0 0 0 1 7.19089
0 0 0 0 1 7.03904
0 0 0 0 1 7.09259
0 0 0 0 0 6.94431
0 0 0 0 0 6.87818
0 0 0 0 0 6.77342
0 0 0 0 1 6.72362
0 0 0 0 0 6.754
0 0 0 0 1 6.63687
0 0 0 0 1 6.57999
0 0 0 0 1 6.51661
0 0 0 0 1 6.41081
0 0 0 0 1 6.32904
0 0 0 0 1 6.34531
0 0 0 0 1 6.28516
0 0 0 0 1 6.18789
0 0 0 0 1 6.13468
0 0 0 0 0 6.13666
0 0 0 0 1 6.09534
0 0 0 0 1 5.96652
0 0 0 0 1 5.97959
0 0 0 0 1 5.89393
0 0 0 0 1 5.82378
0 0 0 0 1 5.80354
0 0 0 0 1 5.75991
0 0 0 0 1 5.78526
0 0 0 0 1 5.63018
0 0 0 0 1 5.59279
0 0 0 0 1 5.63942
0 0 0 0 1 5.58788
0 0 0 0 1 5.57217
0 0 0 0 1 5.50134
0 0 0 0 1 5.39845
0 0 0 0 1 5.43467
0 0 0 0 0 5.32515
0 0 0 0 1 5.33615
0 0 0 0 1 5.25976
0 0 0 0 1 5.22291
0 0 0 0 1 5.18407
0 0 0 0 1 5.16611
0 0 0 0 1 5.11201
0 0 0 0 1 5.11964
0 0 0 0 1 5.08291
0 0 0 0 1 5.01426
0 0 0 0 1 4.96439
0 0 0 0 1 4.98639
0 0 0 0 1 4.98301
0 0 0 0 1 4.94985
0 0 0 0 1 4.8338
0 0 0 0 1 4.82893
0 0 0 0 1 4.84474
0 0 0 0 1 4.83426
0 0 0 0 1 4.81704
0 0 0 0 1 4.82981
0 0 0 0 1 4.88157
0 0 0 0 1 4.90328
0 0 0 0 1 4.94092
0 0 0 0 1 4.89045
0 0 0 0 1 4.95787
0 0 0 0 1 4.9652
0 0 0 0 0 4.91922
0 0 0 0 1 5.02717
0 0 0 0 0 4.96485
0 0 0 0 0 5.0135
0 0 0 0 1 5.00719
0 0 0 0 1 5.06135
0 0 0 0 0 5.05509
0 0 0 0 1 5.0996
0 0 0 0 1 5.12399
0 0 0 0 1 5.12803
0 0 0 0 1 5.1564
0 0 0 0 1 5.12958
0 0 0 0 1 5.15943
0 0 0 0 1 5.14791
0 0 0 0 1 5.16232
0 0 0 0 1 5.20819
0 0 0 0 1 5.28062
0 0 0 0 1 5.24279
0 0 0 0 1 5.33318
0 0 0 0 1 5.35892
0 0 0 0 1 5.30467
0 0 0 0 1 5.33574
0 0 0 0 1 5.37236
0 0 0 0 1 5.43235
0 0 0 0 1 5.3826
0 0 0 0 1 5.39782
0 0 0 0 1 5.45688
0 0 0 0 1 5.44635
0 0 0 0 1 5.5446
0 0 0 0 1 5.56193
0 0 0 0 1 5.57774
0 0 0 0 1 5.62874
0 0 0 0 1 5.58289
0 0 0 0 0 5.64541
0 0 0 0 1 5.63305
0 0 0 0 1 5.64479
0 0 0 0 0 5.68361
0 0 0 0 1 5.79323
0 0 0 0 1 5.7708
0 0 0 0 0 5.8642
0 0 0 0 0 5.86913
0 0 0 0 1 5.86974
0 0 0 0 1 5.94089
0 0 0 0 1 5.93558
0 0 0 0 0 5.94789
0 0 0 0 1 6.03792
0 0 0 0 1 6.02041
0 0 0 0 1 6.08716
0 0 0 0 1 6.02681
0 0 0 0 1 6.16103
0 0 0 0 0 6.08776
0 0 0 0 1 6.1199
0 0 0 0 1 9.53808
0 0 0 0 1 9.52874
0 0 0 0 1 9.48789
0 0 0 0 1 9.48494
0 0 0 0 1 9.4476
0 0 0 0 1 9.2951
0 0 0 0 0 9.34861
0 0 0 0 1 9.35211
0 0 0 0 0 9.24153
0 0 0 0 1 9.30385
0 0 0 0 1 9.16334
0 0 0 0 1 9.10625
0 0 0 0 1 9.22319
0 0 0 0 0 9.16626
0 0 0 0 1 9.16417
0 0 0 0 1 9.10777
0 0 0 0 1 9.04271
0 0 0 0 1 8.98376
0 0 0 0 1 8.99125
0 0 0 0 1 8.95963
0 0 0 0 1 8.91364
0 0 0 0 1 8.82348
0 0 0 0 1 8.83144
0 0 0 0 1 8.8659
0 0 0 0 1 8.79986
0 0 0 0 0 8.81669
0 0 0 0 1 8.73705
0 0 0 0 1 8.7735
0 0 0 0 1 8.65084
0 0 0 0 0 8.77773
0 0 0 0 1 8.7252
0 0 0 0 1 8.56577
0 0 0 0 0 8.65227
0 0 0 0 1 8.67467
0 0 0 0 1 8.64037
0 0 0 0 1 8.57717
0 0 0 0 1 8.56053
0 0 0 0 1 8.60014
0 0 0 0 0 8.4782
0 0 0 0 1 8.49248
0 0 0 0 1 8.41374
0 0 0 0 0 8.48727
0 0 0 0 0 8.42105
0 0 0 0 1 8.40199
0 0 0 0 1 8.45845
0 0 0 0 0 8.34761
0 0 0 0 1 8.39573
0 0 0 0 1 8.30602
0 0 0 0 1 8.36245
0 0 0 0 1 8.34421
0 0 0 0 1 8.27277
0 0 0 0 0 8.3209
0 0 0 0 0 8.30306
0 0 0 0 1 8.26075
0 0 0 0 1 8.18593
0 0 0 0 1 8.11151
0 0 0 0 1 8.15172
0 0 0 0 1 8.11857
0 0 0 0 0 8.06127
0 0 0 0 1 8.12595
0 0 0 0 1 8.0205
0 0 0 0 1 8.06096
0 0 0 0 0 8.08523
0 0 0 0 1 8.02496
0 0 0 0 0 8.01728
0 0 0 0 0 7.96964
0 0 0 0 1 7.9463
0 0 0 0 0 7.97906
0 0 0 0 1 8.0156
0 0 0 0 1 8.00056
0 0 0 0 1 8.01749
0 0 0 0 0 7.97102
0 0 0 0 1 7.99609
0 0 0 0 1 7.94574
0 0 0 0 1 7.88419
0 0 0 0 1 7.93328
0 0 0 0 1 7.82058
0 0 0 0 1 7.82611
0 0 0 0 1 7.92248
0 0 0 0 0 7.87771
0 0 0 0 1 7.87231
0 0 0 0 1 7.76881
0 0 0 0 1 7.81842
0 0 0 0 1 7.84466
0 0 0 0 1 7.82745
0 0 0 0 1 7.73745
0 0 0 0 1 7.79038
