0 0 0 0 1 5.5307
0 0 0 0 1 5.6009
0 0 0 0 1 5.52117
0 0 0 0 0 5.58309
0 0 0 0 1 5.55354
0 0 0 0 1 5.6414
0 0 0 0 1 5.57754
0 0 0 0 1 5.56493
0 0 0 0 1 5.57152
0 0 0 0 0 5.67145
0 0 0 0 0 5.67049
0 0 0 0 0 5.67528
0 0 0 0 0 5.64276
0 0 0 0 0 5.71558
0 0 0 0 1 5.66405
0 0 0 0 0 5.62585
0 0 0 0 1 5.69359
0 0 0 0 1 5.73888
0 0 0 0 1 5.69309
0 0 0 0 1 5.67971
0 0 0 0 1 5.7025
0 0 0 0 1 5.72547
0 0 0 0 1 5.71413
0 0 0 0 1 5.74314
0 0 0 0 1 5.71069
0 0 0 0 0 5.76884
0 0 0 0 1 5.85048
0 0 0 0 1 5.81645
0 0 0 0 1 5.82889
0 0 0 0 0 5.87644
0 0 0 0 1 5.82495
0 0 0 0 1 5.80418
0 0 0 0 1 5.87714
0 0 0 0 0 5.92538
0 0 0 0 0 5.85619
0 0 0 0 0 5.85164
0 0 0 0 1 5.95946
0 0 0 0 1 5.97895
0 0 0 0 1 5.90357
0 0 0 0 1 5.90528
0 0 0 0 0 5.94882
0 0 0 0 1 6.02252
0 0 0 0 1 5.94209
0 0 0 0 1 5.96812
0 0 0 0 0 5.99431
0 0 0 0 1 5.97242
0 0 0 0 0 6.10655
0 0 0 0 0 6.00605
0 0 0 0 1 6.08754
0 0 0 0 1 6.07193
0 0 0 0 0 6.14183
0 0 0 0 0 6.18149
0 0 0 0 1 6.09131
0 0 0 0 1 6.10758
0 0 0 0 1 6.17841
0 0 0 0 1 6.22487
0 0 0 0 1 6.20957
0 0 0 0 1 6.20567
0 0 0 0 1 6.28389
0 0 0 0 1 6.21238
0 0 0 0 1 6.27134
0 0 0 0 1 6.35047
0 0 0 0 1 6.34168
0 0 0 0 1 6.38347
0 0 0 0 0 6.40647
0 0 0 0 1 6.33337
0 0 0 0 1 6.31811
0 0 0 0 1 6.36596
0 0 0 0 1 6.40208
0 0 0 0 1 6.41833
0 0 0 0 1 6.44836
0 0 0 0 1 6.50379
0 0 0 0 1 6.50823
0 0 0 0 0 6.45403
0 0 0 0 1 6.57602
0 0 0 0 1 6.58661
0 0 0 0 1 6.53802
0 0 0 0 1 6.62182
0 0 0 0 1 6.63928
0 0 0 0 1 6.68344
0 0 0 0 0 6.64113
0 0 0 0 1 6.75308
0 0 0 0 0 6.75153
0 0 0 0 1 6.68206
0 0 0 0 1 6.69318
0 0 0 0 1 6.79934
0 0 0 0 1 6.77683
0 0 0 0 0 6.80197
0 0 0 0 1 6.90273
0 0 0 0 0 6.81823
0 0 0 0 0 6.84366
0 0 0 0 1 6.89054
0 0 0 0 0 6.97197
0 0 0 0 1 6.96315
0 0 0 0 1 7.03833
0 0 0 0 0 7.09289
0 0 0 0 1 7.13329
0 0 0 0 0 7.15304
0 0 0 0 1 7.13724
0 0 0 0 1 7.07834
0 0 0 0 1 7.18399
0 0 0 0 0 7.15347
0 0 0 0 1 7.30308
0 0 0 0 1 7.33068
0 0 0 0 1 7.22666
0 0 0 0 1 7.34193
0 0 0 0 0 7.40613
0 0 0 0 0 7.3238
0 0 0 0 1 7.41041
0 0 0 0 1 7.52004
0 0 0 0 0 7.42882
0 0 0 0 1 7.46401
0 0 0 0 1 7.48426
0 0 0 0 0 7.66388
0 0 0 0 0 7.56341
0 0 0 0 0 7.714
0 0 0 0 0 7.7505
0 0 0 0 1 7.71762
0 0 0 0 1 7.74634
0 0 0 0 1 7.74394
0 0 0 0 1 7.78882
0 0 0 0 1 7.82557
0 0 0 0 0 7.87776
0 0 0 0 1 8.00226
0 0 0 0 0 7.96753
0 0 0 0 1 8.0692
0 0 0 0 1 8.10707
0 0 0 0 1 8.11265
0 0 0 0 1 8.14195
0 0 0 0 0 8.24552
0 0 0 0 0 8.29996
0 0 0 0 1 8.29672
0 0 0 0 1 8.39355
0 0 0 0 1 8.4069
0 0 0 0 1 8.46211
0 0 0 0 0 8.48375
0 0 0 0 1 8.42022
0 0 0 0 1 8.52668
0 0 0 0 1 8.51436
0 0 0 0 1 8.55265
0 0 0 0 1 8.75535
0 0 0 0 1 8.7247
0 0 0 0 1 8.8508
0 0 0 0 1 8.89988
0 0 0 0 1 8.93866
0 0 0 0 0 8.99531
0 0 0 0 1 8.95308
0 0 0 0 1 9.07293
0 0 0 0 1 9.19467
0 0 0 0 0 9.14223
0 0 0 0 1 9.21778
0 0 0 0 1 9.23803
0 0 0 0 1 9.36182
0 0 0 0 1 9.45624
0 0 0 0 1 9.4767
0 0 0 0 0 9.57183
0 0 0 0 1 9.66756
0 0 0 0 1 9.74579
0 0 0 0 1 9.72602
0 0 0 0 1 9.79329
0 0 0 0 1 9.92971
0 0 0 0 1 9.8902
0 0 0 0 1 9.96627
0 0 0 0 1 9.97375
0 0 0 0 1 10.2017
0 0 0 0 1 10.1685
0 0 0 0 1 10.3584
0 0 0 0 1 10.312
0 0 0 0 1 10.3702
0 0 0 0 1 10.605
0 0 0 0 0 10.5249
0 0 0 0 0 10.7498
0 0 0 0 0 10.6783
0 0 0 0 1 10.8407
0 0 0 0 1 9.33381
0 0 0 0 1 9.34674
0 0 0 0 1 9.34598
0 0 0 0 1 9.21114
0 0 0 0 0 9.24767
0 0 0 0 1 9.13225
0 0 0 0 1 9.1689
0 0 0 0 1 9.20087
0 0 0 0 1 9.11858
0 0 0 0 1 9.04134
0 0 0 0 1 9.18729
0 0 0 0 0 9.16486
0 0 0 0 0 9.06557
0 0 0 0 1 9.02098
0 0 0 0 0 8.99038
0 0 0 0 1 8.94629
0 0 0 0 1 8.98805
0 0 0 0 1 9.025
0 0 0 0 0 8.88298
0 0 0 0 1 8.90229
0 0 0 0 1 8.99773
0 0 0 0 1 8.81244
0 0 0 0 1 8.89419
0 0 0 0 1 8.81626
0 0 0 0 0 8.80062
0 0 0 0 1 8.87835
0 0 0 0 1 8.81883
0 0 0 0 1 8.77721
0 0 0 0 1 8.70071
0 0 0 0 1 8.71223
0 0 0 0 1 8.81132
0 0 0 0 1 8.66199
0 0 0 0 1 8.75232
0 0 0 0 1 8.72933
0 0 0 0 0 8.66308
0 0 0 0 1 8.72728
0 0 0 0 1 8.59219
0 0 0 0 1 8.67383
0 0 0 0 1 8.67764
0 0 0 0 1 8.58672
0 0 0 0 0 8.62533
0 0 0 0 1 8.52642
0 0 0 0 0 8.62534
0 0 0 0 1 8.63839
0 0 0 0 1 8.59164
0 0 0 0 1 8.58788
0 0 0 0 1 8.46778
0 0 0 0 0 8.54969
0 0 0 0 1 8.63558
0 0 0 0 1 8.68254
0 0 0 0 1 8.77155
0 0 0 0 1 8.99464
0 0 0 0 1 9.12965
0 0 0 0 1 9.30221
0 0 0 0 1 9.36322
0 0 0 0 1 9.44089
0 0 0 0 1 9.60359
0 0 0 0 1 9.82564
0 0 0 0 1 9.90971
0 0 0 0 1 10.1943
0 0 0 0 1 10.3794
0 0 0 0 0 10.5423
0 0 0 0 0 10.6838
0 0 0 0 1 10.8652
0 0 0 0 1 11.1909
0 0 0 0 1 11.4516
0 0 0 0 0 11.5388
0 0 0 0 1 11.7723
0 0 0 0 1 12.1627
0 0 0 0 1 12.3948
0 0 0 0 1 12.4474
0 0 0 0 0 12.8347
0 0 0 0 1 22.9555
0 0 0 0 1 22.7547
0 0 0 0 1 22.621
0 0 0 0 1 22.8978
0 0 0 0 1 22.5402
0 0 0 0 1 22.659
0 0 0 0 1 22.7101
0 0 0 0 1 22.4226
0 0 0 0 1 22.6327
0 0 0 0 1 22.4818
0 0 0 0 1 22.7602
0 0 0 0 1 22.3172
0 0 0 0 0 22.3496
0 0 0 0 1 22.5387
0 0 0 0 1 22.5254
0 0 0 0 0 22.6025
0 0 0 0 0 22.6574
0 0 0 0 1 22.2635
0 0 0 0 0 23.4316
0 0 0 0 0 24.2444
0 0 0 0 1 25.1683
0 0 0 0 1 26.4482
0 0 0 0 1 36.0534
0 0 0 0 1 36.257
0 0 0 0 0 36.2792
0 0 0 0 1 36.1565
0 0 0 0 1 36.6473
0 0 0 0 1 38.3722
0 0 0 0 0 52.275
0 0 0 0 1 52.4676
0 0 0 0 1 51.621
0 0 0 0 1 51.9717
0 0 0 0 0 51.9071
0 0 0 0 1 56.5543
0 0 0 0 1 65.6589
0 0 0 0 1 69.1763
0 0 0 0 0 82.3009
0 0 0 0 0 5.03004
0 0 0 0 0 5.01501
0 0 0 0 0 5.02002
0 0 0 0 0 5.01501
0 0 0 0 0 5.03004
0 0 0 0 0 4.99497
0 0 0 0 0 5.01501
0 0 0 0 0 4.98996
0 0 0 0 0 4.99497
0 0 0 0 0 5.00499
0 0 0 0 0 5.0601
0 0 0 0 0 5.05008
0 0 0 0 0 88.1164
0 0 0 0 1 87.4247
0 0 0 0 0 75.6709
0 0 0 0 1 64.4135
0 0 0 0 0 59.9817
0 0 0 0 1 60.8403
0 0 0 0 1 60.2467
0 0 0 0 0 51.1066
0 0 0 0 1 47.8912
0 0 0 0 0 47.8555
0 0 0 0 0 39.6669
0 0 0 0 1 36.6357
0 0 0 0 1 35.4182
0 0 0 0 1 35.6444
0 0 0 0 1 35.9777
0 0 0 0 1 36.0271
0 0 0 0 0 28.134
0 0 0 0 0 27.0179
0 0 0 0 1 25.5879
0 0 0 0 1 24.7622
0 0 0 0 1 24.5524
0 0 0 0 1 24.5646
0 0 0 0 1 24.6007
0 0 0 0 0 24.5398
0 0 0 0 1 24.8248
0 0 0 0 1 24.839
0 0 0 0 1 24.4831
0 0 0 0 1 24.8194
0 0 0 0 1 24.883
0 0 0 0 1 18.1635
0 0 0 0 1 17.6504
0 0 0 0 0 17.1746
0 0 0 0 1 16.5604
0 0 0 0 1 16.1795
0 0 0 0 1 15.9589
0 0 0 0 1 15.6093
0 0 0 0 1 15.2119
0 0 0 0 1 14.8901
0 0 0 0 1 14.2788
0 0 0 0 1 14.2259
0 0 0 0 1 13.762
0 0 0 0 0 13.8571
0 0 0 0 1 13.9805
0 0 0 0 1 13.965
0 0 0 0 1 13.8104
0 0 0 0 1 14.0624
0 0 0 0 0 13.9779
0 0 0 0 1 13.9912
0 0 0 0 1 13.9349
0 0 0 0 0 13.923
0 0 0 0 1 13.909
0 0 0 0 1 13.9513
0 0 0 0 1 13.994
0 0 0 0 1 14.0253
0 0 0 0 1 13.9841
0 0 0 0 1 14.0557
0 0 0 0 1 14.0316
0 0 0 0 1 14.0332
0 0 0 0 0 14.2897
0 0 0 0 0 14.139
0 0 0 0 1 14.2407
0 0 0 0 0 14.1611
0 0 0 0 1 14.1497
0 0 0 0 0 14.1984
0 0 0 0 1 14.2303
0 0 0 0 1 14.2939
0 0 0 0 0 14.2263
0 0 0 0 1 14.2476
0 0 0 0 0 14.2519
0 0 0 0 1 8.83475
0 0 0 0 1 8.66864
0 0 0 0 1 8.58146
0 0 0 0 1 8.57118
0 0 0 0 0 8.42452
0 0 0 0 1 8.22104
0 0 0 0 0 8.1851
0 0 0 0 1 8.08191
0 0 0 0 1 7.93229
0 0 0 0 1 7.93427
0 0 0 0 1 7.79511
0 0 0 0 1 7.66348
0 0 0 0 1 7.6644
0 0 0 0 0 7.56536
0 0 0 0 1 7.50418
0 0 0 0 1 7.34097
0 0 0 0 1 7.2584
0 0 0 0 1 7.25034
0 0 0 0 0 7.09769
0 0 0 0 1 7.12418
0 0 0 0 1 7.05045
0 0 0 0 0 6.96518
0 0 0 0 1 6.89195
0 0 0 0 1 6.85528
0 0 0 0 1 6.82498
0 0 0 0 1 6.6536
0 0 0 0 1 6.67002
0 0 0 0 1 6.57999
0 0 0 0 0 6.45158
0 0 0 0 1 6.43016
0 0 0 0 1 6.39929
0 0 0 0 1 6.30731
0 0 0 0 0 6.23493
0 0 0 0 1 6.18789
0 0 0 0 0 6.1964
0 0 0 0 0 6.06324
0 0 0 0 1 6.1014
0 0 0 0 1 6.00866
0 0 0 0 1 5.98556
0 0 0 0 1 5.87023
0 0 0 0 1 5.89422
0 0 0 0 1 5.78023
0 0 0 0 1 5.80618
0 0 0 0 1 5.73361
0 0 0 0 1 5.69273
0 0 0 0 1 5.69437
0 0 0 0 1 5.58902
0 0 0 0 1 5.51553
0 0 0 0 1 5.47828
0 0 0 0 1 5.45751
0 0 0 0 1 5.49087
0 0 0 0 1 5.44548
0 0 0 0 1 5.36272
0 0 0 0 1 5.27757
0 0 0 0 1 5.24918
0 0 0 0 1 5.21241
0 0 0 0 0 5.16842
0 0 0 0 0 5.16611
0 0 0 0 1 5.18923
0 0 0 0 1 5.12987
0 0 0 0 1 5.06262
0 0 0 0 0 5.05961
0 0 0 0 1 4.97944
0 0 0 0 1 4.96148
0 0 0 0 1 4.96817
0 0 0 0 1 4.95477
0 0 0 0 1 4.84356
0 0 0 0 1 4.81921
0 0 0 0 0 4.83509
0 0 0 0 1 4.80537
0 0 0 0 1 4.86048
0 0 0 0 0 4.86372
0 0 0 0 1 4.86698
0 0 0 0 1 4.86916
0 0 0 0 1 4.90179
0 0 0 0 1 4.95919
0 0 0 0 1 4.91351
0 0 0 0 1 4.98496
0 0 0 0 1 4.9093
0 0 0 0 1 4.99731
0 0 0 0 1 4.95487
0 0 0 0 1 5.04856
0 0 0 0 1 5.04238
0 0 0 0 0 5.07648
0 0 0 0 1 5.08042
0 0 0 0 1 5.06401
0 0 0 0 1 5.08316
0 0 0 0 1 5.13316
0 0 0 0 1 5.12558
0 0 0 0 1 5.18113
0 0 0 0 0 5.19048
0 0 0 0 1 5.14271
0 0 0 0 1 5.26661
0 0 0 0 0 5.18725
0 0 0 0 1 5.26486
0 0 0 0 1 5.24807
0 0 0 0 0 5.32787
0 0 0 0 1 5.31635
0 0 0 0 0 5.35275
0 0 0 0 1 5.40009
0 0 0 0 1 5.43696
0 0 0 0 0 5.36742
0 0 0 0 0 5.47493
0 0 0 0 1 5.50142
0 0 0 0 1 5.47877
0 0 0 0 1 5.50686
0 0 0 0 1 5.4949
0 0 0 0 1 5.50087
0 0 0 0 1 5.52201
0 0 0 0 1 5.56713
0 0 0 0 1 5.66161
0 0 0 0 1 5.69627
0 0 0 0 1 5.65007
0 0 0 0 1 5.6847
0 0 0 0 1 5.71796
0 0 0 0 1 5.71269
0 0 0 0 0 5.7708
0 0 0 0 1 5.82933
0 0 0 0 1 5.86329
0 0 0 0 1 5.85801
0 0 0 0 1 5.86427
0 0 0 0 1 5.91781
0 0 0 0 1 5.95979
0 0 0 0 1 5.92422
0 0 0 0 1 6.00838
0 0 0 0 1 6.02671
0 0 0 0 1 6.11794
0 0 0 0 1 6.08165
0 0 0 0 1 6.07549
0 0 0 0 1 6.13842
0 0 0 0 1 9.60471
0 0 0 0 1 9.56667
0 0 0 0 1 9.52569
0 0 0 0 1 9.39075
0 0 0 0 0 9.40069
0 0 0 0 0 9.41666
0 0 0 0 1 9.32997
0 0 0 0 0 9.3707
0 0 0 0 0 9.19523
0 0 0 0 1 9.17463
0 0 0 0 1 9.17254
0 0 0 0 1 9.11542
0 0 0 0 0 9.17749
0 0 0 0 1 9.1207
0 0 0 0 1 9.06426
0 0 0 0 1 8.99008
0 0 0 0 1 9.04271
0 0 0 0 1 8.97476
0 0 0 0 1 8.90152
0 0 0 0 0 8.99543
0 0 0 0 0 8.96717
0 0 0 0 1 8.90353
0 0 0 0 1 8.78711
0 0 0 0 0 8.79518
0 0 0 0 1 8.83513
0 0 0 0 1 8.8079
0 0 0 0 1 8.69324
0 0 0 0 1 8.80849
0 0 0 0 1 8.69445
0 0 0 0 1 8.77773
0 0 0 0 1 8.75989
0 0 0 0 1 8.6869
0 0 0 0 1 8.70403
0 0 0 0 0 8.55419
0 0 0 0 1 8.64037
0 0 0 0 1 8.58573
0 0 0 0 1 8.51786
0 0 0 0 1 8.44687
0 0 0 0 1 8.46121
0 0 0 0 1 8.4501
0 0 0 0 1 8.51521
0 0 0 0 0 8.45352
0 0 0 0 1 8.43788
0 0 0 0 1 8.35163
0 0 0 0 1 8.35796
0 0 0 0 0 8.38103
0 0 0 0 0 8.27067
0 0 0 0 0 8.23951
0 0 0 0 1 8.30438
0 0 0 0 0 8.35248
0 0 0 0 1 8.27277
0 0 0 0 1 8.3209
0 0 0 0 0 8.30306
0 0 0 0 1 8.25254
0 0 0 0 1 8.16135
0 0 0 0 1 8.23416
0 0 0 0 0 8.08644
0 0 0 0 1 8.10229
0 0 0 0 1 8.10191
0 0 0 0 1 8.06918
0 0 0 0 1 8.04478
0 0 0 0 1 8.15788
0 0 0 0 1 8.08523
0 0 0 0 1 8.10546
0 0 0 0 1 8.07351
0 0 0 0 1 8.08188
0 0 0 0 0 7.92229
0 0 0 0 1 7.97906
0 0 0 0 1 7.99965
0 0 0 0 1 8.01649
0 0 0 0 1 7.87446
0 0 0 0 1 7.99481
0 0 0 0 1 7.93276
0 0 0 0 1 7.97737
0 0 0 0 1 7.82106
0 0 0 0 0 7.94116
0 0 0 0 1 7.915
0 0 0 0 1 7.88897
0 0 0 0 1 7.92248
0 0 0 0 1 7.7994
0 0 0 0 0 7.76286
0 0 0 0 1 7.87031
0 0 0 0 1 7.74826
0 0 0 0 1 7.77461
0 0 0 0 1 7.7264
0 0 0 0 0 7.68313
0 0 0 0 1 7.79814
