0 0 0 0 1 5.56398
0 0 0 0 1 5.562
0 0 0 0 1 5.58796
0 0 0 0 0 5.54409
0 0 0 0 1 5.59261
0 0 0 0 1 5.53517
0 0 0 0 1 5.58314
0 0 0 0 1 5.56493
0 0 0 0 1 5.5603
0 0 0 0 1 5.64897
0 0 0 0 1 5.64234
0 0 0 0 1 5.59065
0 0 0 0 1 5.68795
0 0 0 0 0 5.67597
0 0 0 0 1 5.70941
0 0 0 0 0 5.64288
0 0 0 0 1 5.73909
0 0 0 0 1 5.74458
0 0 0 0 1 5.73877
0 0 0 0 1 5.74256
0 0 0 0 1 5.6796
0 0 0 0 1 5.74842
0 0 0 0 0 5.80035
0 0 0 0 1 5.76619
0 0 0 0 0 5.72799
0 0 0 0 1 5.81508
0 0 0 0 1 5.8389
0 0 0 0 1 5.78162
0 0 0 0 1 5.79399
0 0 0 0 1 5.85312
0 0 0 0 1 5.80742
0 0 0 0 1 5.90365
0 0 0 0 1 5.89472
0 0 0 0 0 5.88427
0 0 0 0 1 5.8915
0 0 0 0 0 5.86344
0 0 0 0 1 5.85896
0 0 0 0 1 5.93155
0 0 0 0 1 5.99265
0 0 0 0 1 5.93504
0 0 0 0 0 6.00252
0 0 0 0 1 5.98663
0 0 0 0 1 5.93011
0 0 0 0 1 6.04017
0 0 0 0 1 6.00033
0 0 0 0 1 6.08705
0 0 0 0 1 6.10655
0 0 0 0 1 6.09705
0 0 0 0 1 6.05105
0 0 0 0 1 6.09021
0 0 0 0 1 6.14183
0 0 0 0 1 6.18762
0 0 0 0 0 6.12819
0 0 0 0 0 6.16915
0 0 0 0 1 6.14138
0 0 0 0 1 6.17537
0 0 0 0 1 6.14133
0 0 0 0 1 6.17455
0 0 0 0 1 6.19029
0 0 0 0 1 6.2812
0 0 0 0 1 6.30901
0 0 0 0 1 6.26865
0 0 0 0 1 6.25965
0 0 0 0 1 6.28857
0 0 0 0 1 6.29229
0 0 0 0 1 6.41612
0 0 0 0 1 6.43936
0 0 0 0 1 6.39798
0 0 0 0 1 6.4663
0 0 0 0 1 6.45699
0 0 0 0 1 6.48713
0 0 0 0 0 6.4584
0 0 0 0 1 6.55374
0 0 0 0 1 6.55181
0 0 0 0 0 6.47796
0 0 0 0 1 6.51445
0 0 0 0 0 6.53802
0 0 0 0 1 6.63502
0 0 0 0 1 6.69228
0 0 0 0 0 6.62359
0 0 0 0 1 6.74125
0 0 0 0 1 6.70623
0 0 0 0 1 6.69784
0 0 0 0 1 6.72248
0 0 0 0 0 6.69994
0 0 0 0 1 6.76541
0 0 0 0 0 6.80408
0 0 0 0 0 6.84983
0 0 0 0 0 6.82039
0 0 0 0 1 6.94909
0 0 0 0 1 6.96117
0 0 0 0 0 6.91827
0 0 0 0 1 6.98589
0 0 0 0 0 6.9422
0 0 0 0 1 6.98224
0 0 0 0 1 7.04363
0 0 0 0 1 7.14036
0 0 0 0 1 7.12465
0 0 0 0 0 7.10874
0 0 0 0 1 7.13554
0 0 0 0 0 7.1481
0 0 0 0 0 7.23992
0 0 0 0 1 7.25241
0 0 0 0 1 7.19991
0 0 0 0 0 7.31426
0 0 0 0 1 7.29797
0 0 0 0 1 7.42822
0 0 0 0 1 7.36809
0 0 0 0 1 7.38815
0 0 0 0 1 7.48277
0 0 0 0 1 7.45126
0 0 0 0 1 7.46401
0 0 0 0 1 7.58244
0 0 0 0 1 7.61835
0 0 0 0 1 7.63958
0 0 0 0 1 7.59156
0 0 0 0 1 7.67361
0 0 0 0 1 7.77943
0 0 0 0 0 7.69977
0 0 0 0 1 7.73614
0 0 0 0 1 7.89841
0 0 0 0 1 7.8413
0 0 0 0 1 7.98058
0 0 0 0 1 7.99431
0 0 0 0 1 8.01548
0 0 0 0 1 7.98088
0 0 0 0 0 8.08287
0 0 0 0 1 8.16938
0 0 0 0 0 8.10935
0 0 0 0 1 8.13088
0 0 0 0 1 8.17645
0 0 0 0 1 8.19736
0 0 0 0 0 8.40187
0 0 0 0 1 8.28143
0 0 0 0 1 8.48735
0 0 0 0 1 8.44992
0 0 0 0 0 8.56481
0 0 0 0 1 8.63786
0 0 0 0 1 8.60027
0 0 0 0 1 8.65632
0 0 0 0 1 8.70318
0 0 0 0 1 8.82086
0 0 0 0 1 8.71003
0 0 0 0 1 8.87337
0 0 0 0 0 8.95645
0 0 0 0 1 8.95951
0 0 0 0 0 8.96208
0 0 0 0 1 9.15451
0 0 0 0 1 9.13088
0 0 0 0 0 9.16057
0 0 0 0 1 9.17165
0 0 0 0 1 9.3123
0 0 0 0 1 9.26848
0 0 0 0 1 9.44684
0 0 0 0 1 9.49562
0 0 0 0 0 9.61945
0 0 0 0 1 9.66756
0 0 0 0 0 9.57211
0 0 0 0 1 9.81347
0 0 0 0 1 9.68567
0 0 0 0 1 9.90015
0 0 0 0 0 9.90011
0 0 0 0 1 9.95628
0 0 0 0 1 9.9637
0 0 0 0 1 10.0903
0 0 0 0 1 10.2093
0 0 0 0 1 10.379
0 0 0 0 1 10.2913
0 0 0 0 1 10.4432
0 0 0 0 1 10.416
0 0 0 0 1 10.4932
0 0 0 0 1 10.7498
0 0 0 0 1 10.7857
0 0 0 0 1 10.8407
0 0 0 0 1 9.25006
0 0 0 0 0 9.30961
0 0 0 0 0 9.20704
0 0 0 0 1 9.30353
0 0 0 0 1 9.26611
0 0 0 0 1 9.15984
0 0 0 0 1 9.22397
0 0 0 0 1 9.12763
0 0 0 0 1 9.1734
0 0 0 0 1 9.04134
0 0 0 0 1 9.14181
0 0 0 0 0 9.16486
0 0 0 0 1 9.04746
0 0 0 0 0 9.12944
0 0 0 0 1 9.03546
0 0 0 0 0 8.91929
0 0 0 0 0 8.88928
0 0 0 0 1 8.89056
0 0 0 0 1 8.99032
0 0 0 0 1 9.00944
0 0 0 0 1 8.94428
0 0 0 0 1 8.94582
0 0 0 0 1 8.91195
0 0 0 0 0 8.8517
0 0 0 0 1 8.85369
0 0 0 0 1 8.87835
0 0 0 0 1 8.85407
0 0 0 0 1 8.75083
0 0 0 0 1 8.82363
0 0 0 0 1 8.77359
0 0 0 0 1 8.75882
0 0 0 0 0 8.64453
0 0 0 0 1 8.77848
0 0 0 0 1 8.73803
0 0 0 0 1 8.75866
0 0 0 0 1 8.63185
0 0 0 0 1 8.64415
0 0 0 0 1 8.60465
0 0 0 0 1 8.669
0 0 0 0 1 8.66431
0 0 0 0 1 8.53064
0 0 0 0 1 8.67254
0 0 0 0 0 8.62534
0 0 0 0 1 8.4927
0 0 0 0 0 8.58308
0 0 0 0 1 8.59642
0 0 0 0 0 8.52753
0 0 0 0 1 8.48149
0 0 0 0 0 8.50695
0 0 0 0 1 8.67384
0 0 0 0 1 8.91274
0 0 0 0 1 8.99464
0 0 0 0 1 9.11146
0 0 0 0 0 9.29297
0 0 0 0 1 9.46643
0 0 0 0 1 9.56486
0 0 0 0 1 9.71977
0 0 0 0 1 9.74688
0 0 0 0 1 10.0298
0 0 0 0 0 10.2758
0 0 0 0 0 10.3691
0 0 0 0 1 10.4473
0 0 0 0 1 10.6731
0 0 0 0 1 10.9965
0 0 0 0 1 11.1574
0 0 0 0 1 11.3721
0 0 0 0 1 11.6083
0 0 0 0 1 11.7605
0 0 0 0 1 12.1386
0 0 0 0 1 12.4194
0 0 0 0 1 12.6988
0 0 0 0 1 12.7833
0 0 0 0 0 22.8646
0 0 0 0 1 22.6185
0 0 0 0 1 22.4848
0 0 0 0 1 22.535
0 0 0 0 1 22.88
0 0 0 0 0 22.5458
0 0 0 0 1 22.4161
0 0 0 0 1 22.7842
0 0 0 0 1 22.3617
0 0 0 0 1 22.369
0 0 0 0 0 22.6474
0 0 0 0 0 22.4524
0 0 0 0 0 22.7552
0 0 0 0 1 22.4711
0 0 0 0 0 22.4804
0 0 0 0 0 22.6475
0 0 0 0 1 22.635
0 0 0 0 1 22.4207
0 0 0 0 1 23.2924
0 0 0 0 0 24.2444
0 0 0 0 1 25.2939
0 0 0 0 1 26.1336
0 0 0 0 1 36.709
0 0 0 0 1 36.257
0 0 0 0 1 36.352
0 0 0 0 1 36.3384
0 0 0 0 1 36.3562
0 0 0 0 0 38.7189
0 0 0 0 1 51.7022
0 0 0 0 0 52.3635
0 0 0 0 1 52.3495
0 0 0 0 1 52.3358
0 0 0 0 0 52.3232
0 0 0 0 1 55.8777
0 0 0 0 1 65.3316
0 0 0 0 1 69.1066
0 0 0 0 0 81.3191
0 0 0 0 0 5.01501
0 0 0 0 0 5.02002
0 0 0 0 0 5.04507
0 0 0 0 0 4.99497
0 0 0 0 0 5.03505
0 0 0 0 0 4.99998
0 0 0 0 0 4.96491
0 0 0 0 0 4.97994
0 0 0 0 0 4.96491
0 0 0 0 0 4.98996
0 0 0 0 0 5.02503
0 0 0 0 0 5.02002
0 0 0 0 0 87.1529
0 0 0 0 1 86.8991
0 0 0 0 1 75.7461
0 0 0 0 0 64.3497
0 0 0 0 1 61.1317
0 0 0 0 1 60.7192
0 0 0 0 1 60.61
0 0 0 0 1 52.0349
0 0 0 0 1 47.7952
0 0 0 0 1 48.4795
0 0 0 0 1 39.6669
0 0 0 0 0 36.7462
0 0 0 0 1 35.6322
0 0 0 0 1 35.7157
0 0 0 0 1 35.3352
0 0 0 0 1 35.4915
0 0 0 0 1 27.8252
0 0 0 0 1 26.8571
0 0 0 0 1 25.5366
0 0 0 0 1 24.6391
0 0 0 0 1 24.5524
0 0 0 0 1 24.5153
0 0 0 0 0 24.4528
0 0 0 0 1 24.9098
0 0 0 0 1 24.504
0 0 0 0 1 24.8884
0 0 0 0 1 24.5078
0 0 0 0 1 24.7947
0 0 0 0 1 24.4873
0 0 0 0 0 18.0179
0 0 0 0 1 17.6504
0 0 0 0 1 17.2949
0 0 0 0 0 16.711
0 0 0 0 1 16.3588
0 0 0 0 1 15.9113
0 0 0 0 0 15.6093
0 0 0 0 1 15.091
0 0 0 0 1 14.8901
0 0 0 0 1 14.3654
0 0 0 0 1 14.1554
0 0 0 0 1 13.7481
0 0 0 0 0 13.7598
0 0 0 0 1 13.7996
0 0 0 0 0 13.8675
0 0 0 0 1 13.9637
0 0 0 0 1 13.9787
0 0 0 0 0 13.8382
0 0 0 0 1 13.9074
0 0 0 0 0 13.865
0 0 0 0 1 14.0911
0 0 0 0 1 13.9931
0 0 0 0 1 14.1198
0 0 0 0 1 14.008
0 0 0 0 1 14.0394
0 0 0 0 1 14.139
0 0 0 0 1 14.0839
0 0 0 0 1 14.0033
0 0 0 0 1 14.0049
0 0 0 0 1 14.1624
0 0 0 0 1 14.1532
0 0 0 0 1 14.2124
0 0 0 0 1 14.1469
0 0 0 0 1 14.164
0 0 0 0 1 14.3123
0 0 0 0 0 14.159
0 0 0 0 1 14.3796
0 0 0 0 1 14.2406
0 0 0 0 1 14.2047
0 0 0 0 1 14.1945
0 0 0 0 1 8.79062
0 0 0 0 1 8.73834
0 0 0 0 1 8.67604
0 0 0 0 0 8.46924
0 0 0 0 0 8.31543
0 0 0 0 1 8.32878
0 0 0 0 0 8.20968
0 0 0 0 1 8.11427
0 0 0 0 1 7.94828
0 0 0 0 0 7.96589
0 0 0 0 1 7.7482
0 0 0 0 1 7.70211
0 0 0 0 1 7.67204
0 0 0 0 1 7.59559
0 0 0 0 0 7.49671
0 0 0 0 1 7.46677
0 0 0 0 1 7.28035
0 0 0 0 1 7.22861
0 0 0 0 1 7.17655
0 0 0 0 1 7.15257
0 0 0 0 1 7.07152
0 0 0 0 1 7.02781
0 0 0 0 1 6.84375
0 0 0 0 1 6.83482
0 0 0 0 1 6.77092
0 0 0 0 1 6.70715
0 0 0 0 1 6.68328
0 0 0 0 1 6.56029
0 0 0 0 1 6.4841
0 0 0 0 1 6.46885
0 0 0 0 1 6.41206
0 0 0 0 1 6.28832
0 0 0 0 1 6.24121
0 0 0 0 1 6.24391
0 0 0 0 1 6.10999
0 0 0 0 0 6.16113
0 0 0 0 1 6.01649
0 0 0 0 1 5.98458
0 0 0 0 1 5.94975
0 0 0 0 1 5.87616
0 0 0 0 1 5.91771
0 0 0 0 1 5.85015
0 0 0 0 1 5.81196
0 0 0 0 1 5.78526
0 0 0 0 1 5.68136
0 0 0 0 1 5.62665
0 0 0 0 1 5.56662
0 0 0 0 1 5.60458
0 0 0 0 0 5.56112
0 0 0 0 0 5.50682
0 0 0 0 1 5.38214
0 0 0 0 1 5.45088
0 0 0 0 1 5.39493
0 0 0 0 1 5.33615
0 0 0 0 1 5.30739
0 0 0 0 1 5.29639
0 0 0 0 1 5.19972
0 0 0 0 1 5.20239
0 0 0 0 1 5.16349
0 0 0 0 1 5.16567
0 0 0 0 0 5.02203
0 0 0 0 1 5.07977
0 0 0 0 1 5.05967
0 0 0 0 0 4.93657
0 0 0 0 1 4.89889
0 0 0 0 0 4.94002
0 0 0 0 1 4.92657
0 0 0 0 1 4.81435
0 0 0 0 1 4.80614
0 0 0 0 1 4.78129
0 0 0 0 1 4.85566
0 0 0 0 1 4.80559
0 0 0 0 1 4.8135
0 0 0 0 1 4.85941
0 0 0 0 0 4.93603
0 0 0 0 1 4.87081
0 0 0 0 1 4.91844
0 0 0 0 1 4.98002
0 0 0 0 1 4.92914
0 0 0 0 1 4.92762
0 0 0 0 1 4.95986
0 0 0 0 1 5.02853
0 0 0 0 1 5.02227
0 0 0 0 1 5.01088
0 0 0 0 1 5.01964
0 0 0 0 1 5.10469
0 0 0 0 1 5.06275
0 0 0 0 0 5.10242
0 0 0 0 1 5.17694
0 0 0 0 1 5.14505
0 0 0 0 1 5.21118
0 0 0 0 1 5.17908
0 0 0 0 1 5.20925
0 0 0 0 0 5.20295
0 0 0 0 0 5.27537
0 0 0 0 1 5.22697
0 0 0 0 1 5.24835
0 0 0 0 0 5.35892
0 0 0 0 1 5.31002
0 0 0 0 1 5.37864
0 0 0 0 0 5.41543
0 0 0 0 1 5.42152
0 0 0 0 1 5.39346
0 0 0 0 1 5.50687
0 0 0 0 0 5.42951
0 0 0 0 0 5.49586
0 0 0 0 1 5.53908
0 0 0 0 1 5.50087
0 0 0 0 1 5.62788
0 0 0 0 1 5.65114
0 0 0 0 1 5.57165
0 0 0 0 1 5.69062
0 0 0 0 1 5.71247
0 0 0 0 0 5.74172
0 0 0 0 0 5.68934
0 0 0 0 1 5.71844
0 0 0 0 1 5.73032
0 0 0 0 1 5.82933
0 0 0 0 1 5.80495
0 0 0 0 1 5.85214
0 0 0 0 1 5.94679
0 0 0 0 0 5.93558
0 0 0 0 1 5.98956
0 0 0 0 1 5.99603
0 0 0 0 1 6.0565
0 0 0 0 1 6.02671
0 0 0 0 0 6.01466
0 0 0 0 0 6.16714
0 0 0 0 1 6.19822
0 0 0 0 1 6.15695
0 0 0 0 1 9.56663
0 0 0 0 1 9.45289
0 0 0 0 1 9.53514
0 0 0 0 0 9.40959
0 0 0 0 1 9.31625
0 0 0 0 1 9.44472
0 0 0 0 1 9.22744
0 0 0 0 1 9.3707
0 0 0 0 1 9.21375
0 0 0 0 1 9.13771
0 0 0 0 1 9.17254
0 0 0 0 1 9.13376
0 0 0 0 1 9.20491
0 0 0 0 1 9.14803
0 0 0 0 1 9.15509
0 0 0 0 1 9.13493
0 0 0 0 1 8.93441
0 0 0 0 1 9.01976
0 0 0 0 1 9.03612
0 0 0 0 0 8.87012
0 0 0 0 0 8.90472
0 0 0 0 0 8.92132
0 0 0 0 1 8.80484
0 0 0 0 1 8.90125
0 0 0 0 1 8.74695
0 0 0 0 0 8.72879
0 0 0 0 1 8.80716
0 0 0 0 1 8.7735
0 0 0 0 1 8.73805
0 0 0 0 1 8.69074
0 0 0 0 1 8.70785
0 0 0 0 1 8.69555
0 0 0 0 1 8.6609
0 0 0 0 0 8.56279
0 0 0 0 1 8.61463
0 0 0 0 1 8.56861
0 0 0 0 0 8.5776
0 0 0 0 1 8.55756
0 0 0 0 1 8.4782
0 0 0 0 1 8.40773
0 0 0 0 1 8.48984
0 0 0 0 0 8.47883
0 0 0 0 1 8.40423
0 0 0 0 1 8.35163
0 0 0 0 1 8.29096
0 0 0 0 1 8.33089
0 0 0 0 1 8.38739
0 0 0 0 1 8.36422
0 0 0 0 1 8.37904
0 0 0 0 1 8.2697
0 0 0 0 1 8.18186
0 0 0 0 1 8.16421
0 0 0 0 1 8.20432
0 0 0 0 1 8.12937
0 0 0 0 0 8.25148
0 0 0 0 1 8.1851
0 0 0 0 0 8.14356
0 0 0 0 1 8.15929
0 0 0 0 1 8.08565
0 0 0 0 1 8.07729
0 0 0 0 1 8.14999
0 0 0 0 1 8.06903
0 0 0 0 1 8.14166
0 0 0 0 1 8.00082
0 0 0 0 1 8.08154
0 0 0 0 1 8.06585
0 0 0 0 1 8.01832
0 0 0 0 1 7.9551
0 0 0 0 1 8.03155
0 0 0 0 1 7.93688
0 0 0 0 1 8.01749
0 0 0 0 1 8.01068
0 0 0 0 1 7.99609
0 0 0 0 1 7.88249
0 0 0 0 0 7.89998
0 0 0 0 1 7.82299
0 0 0 0 0 7.87566
0 0 0 0 1 7.82611
0 0 0 0 0 7.78129
0 0 0 0 0 7.78374
0 0 0 0 1 7.87231
0 0 0 0 0 7.79223
0 0 0 0 1 7.86519
0 0 0 0 1 7.82131
0 0 0 0 1 7.71863
0 0 0 0 0 7.72193
0 0 0 0 1 7.67411
