0 0 0 0 1 5.55844
0 0 0 0 1 5.52311
0 0 0 0 1 5.57683
0 0 0 0 0 5.60538
0 0 0 0 1 5.53679
0 0 0 0 0 5.62463
0 0 0 0 1 5.6223
0 0 0 0 1 5.61537
0 0 0 0 1 5.65568
0 0 0 0 1 5.61524
0 0 0 0 1 5.66486
0 0 0 0 1 5.63579
0 0 0 0 0 5.63711
0 0 0 0 1 5.69861
0 0 0 0 1 5.72641
0 0 0 0 0 5.65991
0 0 0 0 1 5.68221
0 0 0 0 0 5.6534
0 0 0 0 1 5.73877
0 0 0 0 0 5.73685
0 0 0 0 0 5.68532
0 0 0 0 1 5.69105
0 0 0 0 0 5.78886
0 0 0 0 0 5.76619
0 0 0 0 0 5.73953
0 0 0 0 1 5.75728
0 0 0 0 1 5.77518
0 0 0 0 0 5.82806
0 0 0 0 0 5.85798
0 0 0 0 0 5.87644
0 0 0 0 1 5.87169
0 0 0 0 1 5.82174
0 0 0 0 0 5.80097
0 0 0 0 0 5.90189
0 0 0 0 1 5.92093
0 0 0 0 0 5.89293
0 0 0 0 1 5.95355
0 0 0 0 1 5.86637
0 0 0 0 1 5.87981
0 0 0 0 0 5.98862
0 0 0 0 1 6.02638
0 0 0 0 1 5.93879
0 0 0 0 1 6.04392
0 0 0 0 1 5.9501
0 0 0 0 1 6.03043
0 0 0 0 1 6.08705
0 0 0 0 0 6.03393
0 0 0 0 1 6.11525
0 0 0 0 1 6.0328
0 0 0 0 1 6.15118
0 0 0 0 1 6.16017
0 0 0 0 1 6.18762
0 0 0 0 1 6.17121
0 0 0 0 1 6.18762
0 0 0 0 1 6.11669
0 0 0 0 1 6.23725
0 0 0 0 1 6.25299
0 0 0 0 0 6.1621
0 0 0 0 1 6.25893
0 0 0 0 1 6.20612
0 0 0 0 1 6.31528
0 0 0 0 1 6.28123
0 0 0 0 0 6.36061
0 0 0 0 1 6.26327
0 0 0 0 1 6.28595
0 0 0 0 1 6.33973
0 0 0 0 1 6.42022
0 0 0 0 1 6.37877
0 0 0 0 1 6.36356
0 0 0 0 1 6.50855
0 0 0 0 1 6.48067
0 0 0 0 1 6.43894
0 0 0 0 1 6.48873
0 0 0 0 1 6.55181
0 0 0 0 1 6.56948
0 0 0 0 1 6.52757
0 0 0 0 0 6.59069
0 0 0 0 0 6.5492
0 0 0 0 1 6.60615
0 0 0 0 1 6.63689
0 0 0 0 0 6.62778
0 0 0 0 1 6.71292
0 0 0 0 1 6.70455
0 0 0 0 1 6.71574
0 0 0 0 0 6.7067
0 0 0 0 1 6.79934
0 0 0 0 1 6.83813
0 0 0 0 1 6.82932
0 0 0 0 1 6.81353
0 0 0 0 1 6.88022
0 0 0 0 1 6.88513
0 0 0 0 1 6.93907
0 0 0 0 1 6.9998
0 0 0 0 1 7.03299
0 0 0 0 1 7.03132
0 0 0 0 1 6.99438
0 0 0 0 0 7.02725
0 0 0 0 1 7.0253
0 0 0 0 0 7.0945
0 0 0 0 1 7.10694
0 0 0 0 1 7.12657
0 0 0 0 0 7.18949
0 0 0 0 0 7.28136
0 0 0 0 1 7.29436
0 0 0 0 1 7.36535
0 0 0 0 1 7.26133
0 0 0 0 0 7.31043
0 0 0 0 1 7.41977
0 0 0 0 0 7.38815
0 0 0 0 1 7.48277
0 0 0 0 0 7.49615
0 0 0 0 1 7.49408
0 0 0 0 1 7.56734
0 0 0 0 1 7.65629
0 0 0 0 1 7.66243
0 0 0 0 1 7.69104
0 0 0 0 1 7.65054
0 0 0 0 0 7.70217
0 0 0 0 1 7.77739
0 0 0 0 1 7.83752
0 0 0 0 1 7.79665
0 0 0 0 1 7.8177
0 0 0 0 0 7.90148
0 0 0 0 1 7.91485
0 0 0 0 1 8.01548
0 0 0 0 1 7.99694
0 0 0 0 1 7.99413
0 0 0 0 1 8.15318
0 0 0 0 1 8.1175
0 0 0 0 1 8.10632
0 0 0 0 1 8.27526
0 0 0 0 1 8.2636
0 0 0 0 0 8.40187
0 0 0 0 1 8.32325
0 0 0 0 1 8.36958
0 0 0 0 1 8.50912
0 0 0 0 1 8.56481
0 0 0 0 1 8.48392
0 0 0 0 1 8.60027
0 0 0 0 1 8.62176
0 0 0 0 1 8.72057
0 0 0 0 1 8.71595
0 0 0 0 1 8.88599
0 0 0 0 1 8.92639
0 0 0 0 1 8.97424
0 0 0 0 1 9.00426
0 0 0 0 0 9.04315
0 0 0 0 1 9.14544
0 0 0 0 0 9.19467
0 0 0 0 1 9.14223
0 0 0 0 1 9.27314
0 0 0 0 1 9.3123
0 0 0 0 1 9.24982
0 0 0 0 1 9.34344
0 0 0 0 1 9.39158
0 0 0 0 1 9.6004
0 0 0 0 1 9.63879
0 0 0 0 1 9.6879
0 0 0 0 1 9.68716
0 0 0 0 1 9.73459
0 0 0 0 1 9.94941
0 0 0 0 1 9.96948
0 0 0 0 0 10.0162
0 0 0 0 1 9.9637
0 0 0 0 1 10.0903
0 0 0 0 1 10.2909
0 0 0 0 1 10.2454
0 0 0 0 0 10.3638
0 0 0 0 1 10.4536
0 0 0 0 1 10.5945
0 0 0 0 1 10.6624
0 0 0 0 1 10.5899
0 0 0 0 1 10.6783
0 0 0 0 1 10.7433
0 0 0 0 1 9.29659
0 0 0 0 1 9.23536
0 0 0 0 1 9.2904
0 0 0 0 1 9.2481
0 0 0 0 1 9.30299
0 0 0 0 1 9.13225
0 0 0 0 1 9.25151
0 0 0 0 1 9.23749
0 0 0 0 1 9.15513
0 0 0 0 1 9.06868
0 0 0 0 1 9.06904
0 0 0 0 1 9.11042
0 0 0 0 1 9.11991
0 0 0 0 1 9.11137
0 0 0 0 1 8.92725
0 0 0 0 1 8.93729
0 0 0 0 1 8.99703
0 0 0 0 1 8.91745
0 0 0 0 0 8.99032
0 0 0 0 1 8.94694
0 0 0 0 1 8.95319
0 0 0 0 1 8.96361
0 0 0 0 1 8.88532
0 0 0 0 1 8.93145
0 0 0 0 1 8.76524
0 0 0 0 1 8.91365
0 0 0 0 1 8.73073
0 0 0 0 1 8.75083
0 0 0 0 0 8.82363
0 0 0 0 1 8.721
0 0 0 0 1 8.68007
0 0 0 0 1 8.74058
0 0 0 0 1 8.79591
0 0 0 0 1 8.63359
0 0 0 0 0 8.75866
0 0 0 0 1 8.59715
0 0 0 0 1 8.74809
0 0 0 0 1 8.69978
0 0 0 0 0 8.71218
0 0 0 0 1 8.53499
0 0 0 0 1 8.65115
0 0 0 0 1 8.61238
0 0 0 0 1 8.65967
0 0 0 0 1 8.48413
0 0 0 0 1 8.64298
0 0 0 0 1 8.57079
0 0 0 0 1 8.519
0 0 0 0 1 8.49002
0 0 0 0 1 8.4898
0 0 0 0 1 8.76084
0 0 0 0 1 8.77155
0 0 0 0 0 8.98568
0 0 0 0 1 9.12056
0 0 0 0 1 9.32992
0 0 0 0 1 9.28817
0 0 0 0 0 9.48857
0 0 0 0 1 9.63264
0 0 0 0 1 9.85517
0 0 0 0 0 9.93974
0 0 0 0 1 10.1129
0 0 0 0 1 10.4416
0 0 0 0 0 10.6478
0 0 0 0 1 10.8019
0 0 0 0 1 10.9308
0 0 0 0 0 11.1351
0 0 0 0 1 11.2812
0 0 0 0 0 11.5041
0 0 0 0 1 11.8314
0 0 0 0 0 12.0904
0 0 0 0 1 12.3702
0 0 0 0 1 12.6234
0 0 0 0 1 12.9504
0 0 0 0 1 22.5464
0 0 0 0 0 22.6185
0 0 0 0 0 22.8479
0 0 0 0 0 22.7844
0 0 0 0 1 22.7215
0 0 0 0 0 22.659
0 0 0 0 1 22.7101
0 0 0 0 1 22.626
0 0 0 0 1 22.8134
0 0 0 0 0 22.4367
0 0 0 0 1 22.6248
0 0 0 0 1 22.5651
0 0 0 0 1 22.5975
0 0 0 0 1 22.6963
0 0 0 0 1 22.5254
0 0 0 0 0 22.67
0 0 0 0 1 22.4551
0 0 0 0 1 22.2635
0 0 0 0 1 23.2924
0 0 0 0 1 24.0514
0 0 0 0 1 24.9674
0 0 0 0 1 26.055
0 0 0 0 0 36.5269
0 0 0 0 1 36.1114
0 0 0 0 1 36.1336
0 0 0 0 1 36.7385
0 0 0 0 1 36.6109
0 0 0 0 1 38.7189
0 0 0 0 1 52.4832
0 0 0 0 0 52.3635
0 0 0 0 1 51.725
0 0 0 0 1 51.6075
0 0 0 0 1 51.6991
0 0 0 0 1 56.949
0 0 0 0 1 65.2007
0 0 0 0 1 70.2909
0 0 0 0 0 81.2373
0 0 0 0 0 5.04507
0 0 0 0 0 4.96491
0 0 0 0 0 4.96992
0 0 0 0 0 4.96992
0 0 0 0 0 4.98996
0 0 0 0 0 5.03004
0 0 0 0 0 5.03505
0 0 0 0 0 4.97493
0 0 0 0 0 5.01501
0 0 0 0 0 5.05509
0 0 0 0 0 4.98996
0 0 0 0 0 4.9599
0 0 0 0 1 86.8025
0 0 0 0 1 87.0743
0 0 0 0 1 74.9195
0 0 0 0 1 64.2858
0 0 0 0 1 60.8896
0 0 0 0 0 59.9322
0 0 0 0 1 60.1862
0 0 0 0 1 51.416
0 0 0 0 1 48.1311
0 0 0 0 1 47.8555
0 0 0 0 1 39.4705
0 0 0 0 1 36.6725
0 0 0 0 1 35.4182
0 0 0 0 1 35.573
0 0 0 0 1 35.8349
0 0 0 0 1 35.5986
0 0 0 0 0 28.0498
0 0 0 0 1 26.6695
0 0 0 0 1 25.4597
0 0 0 0 0 24.6391
0 0 0 0 1 24.7248
0 0 0 0 1 24.737
0 0 0 0 1 24.8718
0 0 0 0 1 24.7125
0 0 0 0 1 24.9235
0 0 0 0 0 24.8637
0 0 0 0 0 24.5325
0 0 0 0 1 24.6711
0 0 0 0 1 24.5862
0 0 0 0 1 18.2909
0 0 0 0 1 17.6504
0 0 0 0 1 17.3121
0 0 0 0 1 16.6273
0 0 0 0 0 16.4402
0 0 0 0 1 16.0224
0 0 0 0 0 15.6248
0 0 0 0 1 15.227
0 0 0 0 0 14.772
0 0 0 0 1 14.4086
0 0 0 0 1 14.0567
0 0 0 0 1 14.012
0 0 0 0 1 13.9822
0 0 0 0 1 13.7996
0 0 0 0 0 13.9372
0 0 0 0 1 14.0752
0 0 0 0 1 14.0903
0 0 0 0 1 14.0198
0 0 0 0 0 13.9912
0 0 0 0 1 14.0049
0 0 0 0 1 13.895
0 0 0 0 1 14.0072
0 0 0 0 1 14.0496
0 0 0 0 0 13.9659
0 0 0 0 1 13.9409
0 0 0 0 1 13.9559
0 0 0 0 1 14.1121
0 0 0 0 1 14.0033
0 0 0 0 1 14.2735
0 0 0 0 1 14.1766
0 0 0 0 1 14.0965
0 0 0 0 1 14.2833
0 0 0 0 1 14.3173
0 0 0 0 1 14.1355
0 0 0 0 1 14.1699
0 0 0 0 1 14.1305
0 0 0 0 1 14.2083
0 0 0 0 1 14.4408
0 0 0 0 0 14.3765
0 0 0 0 0 14.2519
0 0 0 0 0 8.77297
0 0 0 0 0 8.70349
0 0 0 0 1 8.67604
0 0 0 0 1 8.52021
0 0 0 0 1 8.4413
0 0 0 0 1 8.26248
0 0 0 0 1 8.11136
0 0 0 0 1 8.12236
0 0 0 0 0 7.98826
0 0 0 0 1 7.87896
0 0 0 0 1 7.82639
0 0 0 0 1 7.73301
0 0 0 0 1 7.7026
0 0 0 0 1 7.49734
0 0 0 0 0 7.48923
0 0 0 0 1 7.42977
0 0 0 0 0 7.27304
0 0 0 0 0 7.25034
0 0 0 0 1 7.12636
0 0 0 0 1 7.07451
0 0 0 0 0 7.0013
0 0 0 0 0 6.8956
0 0 0 0 1 6.94703
0 0 0 0 1 6.81435
0 0 0 0 1 6.82498
0 0 0 0 0 6.67368
0 0 0 0 1 6.58383
0 0 0 0 0 6.50119
0 0 0 0 0 6.51011
0 0 0 0 1 6.41726
0 0 0 0 0 6.34181
0 0 0 0 0 6.30731
0 0 0 0 1 6.23493
0 0 0 0 1 6.24391
0 0 0 0 1 6.12851
0 0 0 0 1 6.08159
0 0 0 0 1 6.12566
0 0 0 0 1 6.00866
0 0 0 0 1 5.94975
0 0 0 0 1 5.97686
0 0 0 0 1 5.91184
0 0 0 0 1 5.83267
0 0 0 0 1 5.84087
0 0 0 0 1 5.75656
0 0 0 0 1 5.73254
0 0 0 0 1 5.60972
0 0 0 0 1 5.60582
0 0 0 0 1 5.55449
0 0 0 0 1 5.51142
0 0 0 0 0 5.46299
0 0 0 0 0 5.42563
0 0 0 0 1 5.40766
0 0 0 0 0 5.31441
0 0 0 0 1 5.28822
0 0 0 0 1 5.32326
0 0 0 0 1 5.2754
0 0 0 0 1 5.25708
0 0 0 0 1 5.18684
0 0 0 0 1 5.1326
0 0 0 0 1 5.07361
0 0 0 0 1 5.12349
0 0 0 0 0 5.06969
0 0 0 0 1 4.97442
0 0 0 0 1 4.95152
0 0 0 0 0 4.98796
0 0 0 0 1 4.95477
0 0 0 0 1 4.90704
0 0 0 0 1 4.88722
0 0 0 0 1 4.8544
0 0 0 0 1 4.81981
0 0 0 0 1 4.82187
0 0 0 0 0 4.84919
0 0 0 0 1 4.88157
0 0 0 0 1 4.83992
0 0 0 0 1 4.91646
0 0 0 0 1 4.8659
0 0 0 0 1 4.93322
0 0 0 0 1 4.91579
0 0 0 0 1 4.97873
0 0 0 0 1 4.97242
0 0 0 0 0 4.95986
0 0 0 0 1 4.99848
0 0 0 0 1 5.05243
0 0 0 0 1 5.09667
0 0 0 0 1 5.0247
0 0 0 0 1 5.05893
0 0 0 0 0 5.06785
0 0 0 0 1 5.12803
0 0 0 0 1 5.0999
0 0 0 0 0 5.16051
0 0 0 0 1 5.15426
0 0 0 0 0 5.17388
0 0 0 0 0 5.16753
0 0 0 0 1 5.18725
0 0 0 0 1 5.30164
0 0 0 0 1 5.30608
0 0 0 0 1 5.35438
0 0 0 0 1 5.36957
0 0 0 0 1 5.3207
0 0 0 0 1 5.34647
0 0 0 0 1 5.34545
0 0 0 0 1 5.46481
0 0 0 0 1 5.4858
0 0 0 0 1 5.47416
0 0 0 0 1 5.51161
0 0 0 0 1 5.47936
0 0 0 0 0 5.50594
0 0 0 0 1 5.51752
0 0 0 0 1 5.56659
0 0 0 0 1 5.55593
0 0 0 0 1 5.56603
0 0 0 0 1 5.66236
0 0 0 0 1 5.67843
0 0 0 0 1 5.6676
0 0 0 0 1 5.70651
0 0 0 0 1 5.80473
0 0 0 0 1 5.82862
0 0 0 0 1 5.7654
0 0 0 0 1 5.82246
0 0 0 0 1 5.89906
0 0 0 0 1 5.87606
0 0 0 0 1 5.88227
0 0 0 0 1 5.93598
0 0 0 0 1 6.03792
0 0 0 0 0 6.0565
0 0 0 0 1 6.07507
0 0 0 0 1 6.02681
0 0 0 0 0 6.16103
0 0 0 0 1 6.17981
0 0 0 0 1 6.15077
0 0 0 0 1 9.46192
0 0 0 0 1 9.57615
0 0 0 0 1 9.47844
0 0 0 0 1 9.43785
0 0 0 0 1 9.41945
0 0 0 0 1 9.26704
0 0 0 0 0 9.39521
0 0 0 0 0 9.23125
0 0 0 0 1 9.16745
0 0 0 0 1 9.31308
0 0 0 0 1 9.18174
0 0 0 0 0 9.24381
0 0 0 0 1 9.05866
0 0 0 0 0 9.15714
0 0 0 0 1 9.07335
0 0 0 0 0 9.00819
0 0 0 0 0 8.99759
0 0 0 0 1 8.98376
0 0 0 0 1 9.0092
0 0 0 0 0 9.03123
0 0 0 0 0 8.9761
0 0 0 0 1 8.84127
0 0 0 0 1 8.78711
0 0 0 0 0 8.81286
0 0 0 0 1 8.84395
0 0 0 0 1 8.82548
0 0 0 0 1 8.77211
0 0 0 0 1 8.72101
0 0 0 0 1 8.80781
0 0 0 0 1 8.78643
0 0 0 0 1 8.74255
0 0 0 0 1 8.57442
0 0 0 0 1 8.65227
0 0 0 0 1 8.63164
0 0 0 0 1 8.59747
0 0 0 0 0 8.55149
0 0 0 0 1 8.52639
0 0 0 0 1 8.5235
0 0 0 0 1 8.43572
0 0 0 0 1 8.56028
0 0 0 0 0 8.53212
0 0 0 0 1 8.50414
0 0 0 0 1 8.44629
0 0 0 0 1 8.46075
0 0 0 0 1 8.34121
0 0 0 0 0 8.32254
0 0 0 0 0 8.35404
0 0 0 0 0 8.34759
0 0 0 0 1 8.28779
0 0 0 0 0 8.33593
0 0 0 0 1 8.28104
0 0 0 0 1 8.27142
0 0 0 0 1 8.17963
0 0 0 0 1 8.27718
0 0 0 0 1 8.15316
0 0 0 0 1 8.25869
0 0 0 0 1 8.20884
0 0 0 0 1 8.12672
0 0 0 0 0 8.10191
0 0 0 0 0 8.06107
0 0 0 0 1 8.04478
0 0 0 0 1 8.06096
0 0 0 0 1 8.12554
0 0 0 0 1 8.01692
0 0 0 0 1 7.95301
0 0 0 0 1 7.96162
0 0 0 0 1 8.06633
0 0 0 0 1 7.97108
0 0 0 0 1 7.93584
0 0 0 0 1 7.98464
0 0 0 0 1 7.88241
0 0 0 0 1 7.99481
0 0 0 0 1 7.93276
0 0 0 0 1 7.88249
0 0 0 0 1 7.97101
0 0 0 0 1 7.94904
0 0 0 0 1 7.85992
0 0 0 0 1 7.8654
0 0 0 0 1 7.82051
0 0 0 0 1 7.79157
0 0 0 0 1 7.86449
0 0 0 0 1 7.73758
0 0 0 0 1 7.85739
0 0 0 0 1 7.7357
0 0 0 0 1 7.80414
0 0 0 0 1 7.83058
0 0 0 0 1 7.82139
