0 0 0 0 0 5.53625
0 0 0 0 0 5.54533
0 0 0 0 1 5.549
0 0 0 0 1 5.61095
0 0 0 0 1 5.53679
0 0 0 0 1 5.55194
0 0 0 0 0 5.61111
0 0 0 0 0 5.58174
0 0 0 0 1 5.5603
0 0 0 0 1 5.59276
0 0 0 0 1 5.58603
0 0 0 0 0 5.68092
0 0 0 0 1 5.6597
0 0 0 0 1 5.70992
0 0 0 0 0 5.63003
0 0 0 0 1 5.65991
0 0 0 0 1 5.6424
0 0 0 0 1 5.6477
0 0 0 0 0 5.69309
0 0 0 0 1 5.71971
0 0 0 0 1 5.70822
0 0 0 0 1 5.76563
0 0 0 0 1 5.70838
0 0 0 0 1 5.70282
0 0 0 0 1 5.71069
0 0 0 0 1 5.74572
0 0 0 0 1 5.7578
0 0 0 0 0 5.78162
0 0 0 0 1 5.86961
0 0 0 0 1 5.87061
0 0 0 0 0 5.87753
0 0 0 0 1 5.90365
0 0 0 0 1 5.80683
0 0 0 0 1 5.91951
0 0 0 0 0 5.8503
0 0 0 0 1 5.90473
0 0 0 0 0 5.87669
0 0 0 0 1 5.87229
0 0 0 0 1 5.92138
0 0 0 0 1 5.89932
0 0 0 0 1 5.90705
0 0 0 0 1 5.95075
0 0 0 0 1 6.01397
0 0 0 0 1 5.96812
0 0 0 0 1 6.01237
0 0 0 0 1 6.00259
0 0 0 0 1 6.07024
0 0 0 0 1 6.07278
0 0 0 0 0 6.08754
0 0 0 0 1 6.13898
0 0 0 0 1 6.07461
0 0 0 0 1 6.15086
0 0 0 0 1 6.12204
0 0 0 0 1 6.19377
0 0 0 0 0 6.14138
0 0 0 0 1 6.15062
0 0 0 0 1 6.19096
0 0 0 0 1 6.16833
0 0 0 0 1 6.22149
0 0 0 0 1 6.24366
0 0 0 0 1 6.29645
0 0 0 0 0 6.30641
0 0 0 0 1 6.25334
0 0 0 0 1 6.31388
0 0 0 0 1 6.33669
0 0 0 0 0 6.33973
0 0 0 0 0 6.43936
0 0 0 0 1 6.43641
0 0 0 0 1 6.35713
0 0 0 0 1 6.47633
0 0 0 0 0 6.48713
0 0 0 0 1 6.42598
0 0 0 0 1 6.44321
0 0 0 0 1 6.56485
0 0 0 0 1 6.60216
0 0 0 0 0 6.52101
0 0 0 0 1 6.56436
0 0 0 0 1 6.59541
0 0 0 0 1 6.59952
0 0 0 0 1 6.63689
0 0 0 0 0 6.69453
0 0 0 0 0 6.69953
0 0 0 0 1 6.7381
0 0 0 0 1 6.75616
0 0 0 0 1 6.82163
0 0 0 0 1 6.76541
0 0 0 0 1 6.80408
0 0 0 0 1 6.79514
0 0 0 0 1 6.79981
0 0 0 0 1 6.95597
0 0 0 0 0 6.98191
0 0 0 0 0 6.9668
0 0 0 0 1 6.94414
0 0 0 0 1 7.01204
0 0 0 0 1 7.0173
0 0 0 0 0 7.05771
0 0 0 0 0 7.12622
0 0 0 0 1 7.05369
0 0 0 0 1 7.17997
0 0 0 0 0 7.10694
0 0 0 0 0 7.13375
0 0 0 0 1 7.18949
0 0 0 0 0 7.20898
0 0 0 0 1 7.33068
0 0 0 0 1 7.33616
0 0 0 0 1 7.36391
0 0 0 0 0 7.37669
0 0 0 0 0 7.36809
0 0 0 0 1 7.46975
0 0 0 0 1 7.40079
0 0 0 0 0 7.53356
0 0 0 0 1 7.58428
0 0 0 0 0 7.52202
0 0 0 0 1 7.55006
0 0 0 0 0 7.55579
0 0 0 0 1 7.5839
0 0 0 0 1 7.65823
0 0 0 0 1 7.73307
0 0 0 0 1 7.76962
0 0 0 0 0 7.78293
0 0 0 0 1 7.79665
0 0 0 0 1 7.80984
0 0 0 0 0 7.98058
0 0 0 0 1 7.87511
0 0 0 0 1 8.02347
0 0 0 0 1 8.10934
0 0 0 0 0 8.01833
0 0 0 0 1 8.15318
0 0 0 0 0 8.22345
0 0 0 0 1 8.20458
0 0 0 0 1 8.21762
0 0 0 0 1 8.25532
0 0 0 0 0 8.39355
0 0 0 0 1 8.4069
0 0 0 0 1 8.47052
0 0 0 0 1 8.41608
0 0 0 0 1 8.59033
0 0 0 0 1 8.61221
0 0 0 0 1 8.6776
0 0 0 0 1 8.60448
0 0 0 0 1 8.74665
0 0 0 0 1 8.75966
0 0 0 0 1 8.842
0 0 0 0 0 8.87337
0 0 0 0 1 8.94755
0 0 0 0 1 8.87895
0 0 0 0 1 9.01613
0 0 0 0 1 8.99136
0 0 0 0 1 9.12177
0 0 0 0 0 9.16057
0 0 0 0 1 9.26392
0 0 0 0 1 9.27516
0 0 0 0 0 9.42716
0 0 0 0 1 9.37164
0 0 0 0 1 9.52399
0 0 0 0 1 9.48611
0 0 0 0 1 9.50452
0 0 0 0 1 9.5914
0 0 0 0 1 9.61914
0 0 0 0 0 9.77372
0 0 0 0 1 9.88045
0 0 0 0 1 9.96948
0 0 0 0 1 9.96627
0 0 0 0 1 10.0341
0 0 0 0 0 10.0498
0 0 0 0 1 10.2705
0 0 0 0 0 10.2145
0 0 0 0 0 10.3949
0 0 0 0 1 10.5161
0 0 0 0 1 10.605
0 0 0 0 0 10.6201
0 0 0 0 1 10.5579
0 0 0 0 0 10.6675
0 0 0 0 1 10.9057
0 0 0 0 0 9.25937
0 0 0 0 1 9.19823
0 0 0 0 1 9.32745
0 0 0 0 1 9.32201
0 0 0 0 1 9.25689
0 0 0 0 0 9.17824
0 0 0 0 1 9.20562
0 0 0 0 0 9.19171
0 0 0 0 0 9.20081
0 0 0 0 1 9.02311
0 0 0 0 0 9.03265
0 0 0 0 0 9.02875
0 0 0 0 0 8.97501
0 0 0 0 0 9.11137
0 0 0 0 1 8.95431
0 0 0 0 1 9.06329
0 0 0 0 1 9.05988
0 0 0 0 1 9.01603
0 0 0 0 1 8.97243
0 0 0 0 0 8.86658
0 0 0 0 1 8.83738
0 0 0 0 0 8.91915
0 0 0 0 1 8.88532
0 0 0 0 1 8.81626
0 0 0 0 0 8.85369
0 0 0 0 1 8.88718
0 0 0 0 1 8.83645
0 0 0 0 1 8.77721
0 0 0 0 1 8.84119
0 0 0 0 1 8.80865
0 0 0 0 1 8.72382
0 0 0 0 1 8.65326
0 0 0 0 1 8.80463
0 0 0 0 1 8.77284
0 0 0 0 1 8.75866
0 0 0 0 1 8.73596
0 0 0 0 1 8.70479
0 0 0 0 1 8.69978
0 0 0 0 1 8.69491
0 0 0 0 0 8.63845
0 0 0 0 1 8.64254
0 0 0 0 1 8.68114
0 0 0 0 1 8.60817
0 0 0 0 0 8.52698
0 0 0 0 0 8.56596
0 0 0 0 1 8.5537
0 0 0 0 1 8.62143
0 0 0 0 1 8.59231
0 0 0 0 1 8.58413
0 0 0 0 0 8.67384
0 0 0 0 1 8.84214
0 0 0 0 1 8.91401
0 0 0 0 1 9.02962
0 0 0 0 1 9.15441
0 0 0 0 1 9.44766
0 0 0 0 1 9.55532
0 0 0 0 0 9.60359
0 0 0 0 1 9.94378
0 0 0 0 0 9.91972
0 0 0 0 1 10.1536
0 0 0 0 1 10.3173
0 0 0 0 1 10.4684
0 0 0 0 1 10.6301
0 0 0 0 1 11.0074
0 0 0 0 0 11.1574
0 0 0 0 1 11.3039
0 0 0 0 1 11.6315
0 0 0 0 0 11.926
0 0 0 0 1 12.0663
0 0 0 0 1 12.1856
0 0 0 0 1 12.6988
0 0 0 0 1 12.8861
0 0 0 0 0 22.5009
0 0 0 0 1 22.8002
0 0 0 0 1 22.7571
0 0 0 0 0 22.7617
0 0 0 0 1 22.7215
0 0 0 0 1 22.7948
0 0 0 0 1 22.4161
0 0 0 0 1 22.7616
0 0 0 0 1 22.4068
0 0 0 0 1 22.527
0 0 0 0 0 22.3992
0 0 0 0 1 22.7455
0 0 0 0 0 22.7327
0 0 0 0 1 22.6287
0 0 0 0 1 22.6379
0 0 0 0 0 22.6025
0 0 0 0 1 22.2753
0 0 0 0 1 22.3983
0 0 0 0 1 23.2924
0 0 0 0 1 24.1962
0 0 0 0 1 25.1934
0 0 0 0 1 26.3958
0 0 0 0 0 36.3084
0 0 0 0 1 36.1114
0 0 0 0 1 36.6067
0 0 0 0 1 36.1565
0 0 0 0 0 36.2834
0 0 0 0 0 38.141
0 0 0 0 1 51.6502
0 0 0 0 1 51.6868
0 0 0 0 1 52.5056
0 0 0 0 1 52.3358
0 0 0 0 1 52.4793
0 0 0 0 0 56.0469
0 0 0 0 1 65.0043
0 0 0 0 0 70.3605
0 0 0 0 1 82.4645
0 0 0 0 0 5.03505
0 0 0 0 0 5.00499
0 0 0 0 0 5.04006
0 0 0 0 0 5.04507
0 0 0 0 0 5.04507
0 0 0 0 0 4.98495
0 0 0 0 0 5.02503
0 0 0 0 0 5.02002
0 0 0 0 0 4.97994
0 0 0 0 0 5.02002
0 0 0 0 0 5.05008
0 0 0 0 0 5.05008
0 0 0 0 1 87.5032
0 0 0 0 1 88.0379
0 0 0 0 1 75.0698
0 0 0 0 1 63.2644
0 0 0 0 1 61.0106
0 0 0 0 1 60.2349
0 0 0 0 1 61.0944
0 0 0 0 1 51.3644
0 0 0 0 1 48.2271
0 0 0 0 1 47.9515
0 0 0 0 1 39.0385
0 0 0 0 1 36.5621
0 0 0 0 1 35.4538
0 0 0 0 1 35.8941
0 0 0 0 0 35.5137
0 0 0 0 1 35.3486
0 0 0 0 1 28.0498
0 0 0 0 0 26.9375
0 0 0 0 1 25.5879
0 0 0 0 1 24.4915
0 0 0 0 1 24.774
0 0 0 0 0 24.737
0 0 0 0 1 24.8718
0 0 0 0 0 24.6138
0 0 0 0 0 24.5781
0 0 0 0 1 24.8143
0 0 0 0 1 24.9525
0 0 0 0 1 24.77
0 0 0 0 1 24.5368
0 0 0 0 0 18.2909
0 0 0 0 0 17.5797
0 0 0 0 1 17.3465
0 0 0 0 1 16.7444
0 0 0 0 1 16.3588
0 0 0 0 1 15.8636
0 0 0 0 0 15.3461
0 0 0 0 1 15.2119
0 0 0 0 1 14.6982
0 0 0 0 0 14.5529
0 0 0 0 1 14.1836
0 0 0 0 1 13.8176
0 0 0 0 1 13.8571
0 0 0 0 0 13.9805
0 0 0 0 0 13.8119
0 0 0 0 1 13.8383
0 0 0 0 1 13.8671
0 0 0 0 1 13.9081
0 0 0 0 0 14.0472
0 0 0 0 1 14.1308
0 0 0 0 0 13.937
0 0 0 0 0 14.0072
0 0 0 0 1 13.9373
0 0 0 0 1 14.1485
0 0 0 0 1 14.0534
0 0 0 0 1 14.2094
0 0 0 0 1 14.0134
0 0 0 0 1 14.0598
0 0 0 0 1 14.0191
0 0 0 0 0 14.2473
0 0 0 0 1 14.309
0 0 0 0 1 14.1982
0 0 0 0 1 14.0759
0 0 0 0 1 14.2066
0 0 0 0 1 14.2127
0 0 0 0 1 14.3301
0 0 0 0 1 14.2511
0 0 0 0 1 14.4408
0 0 0 0 1 14.2333
0 0 0 0 1 14.4096
0 0 0 0 1 8.78179
0 0 0 0 1 8.68607
0 0 0 0 1 8.57286
0 0 0 0 0 8.42677
0 0 0 0 1 8.43291
0 0 0 0 1 8.29563
0 0 0 0 1 8.25884
0 0 0 0 1 8.07382
0 0 0 0 1 7.94028
0 0 0 0 1 7.84735
0 0 0 0 1 7.85766
0 0 0 0 1 7.75618
0 0 0 0 1 7.58034
0 0 0 0 1 7.56536
0 0 0 0 1 7.48923
0 0 0 0 0 7.37797
0 0 0 0 1 7.34621
0 0 0 0 1 7.19963
0 0 0 0 1 7.22673
0 0 0 0 1 7.14547
0 0 0 0 0 7.07854
0 0 0 0 1 6.93039
0 0 0 0 1 6.84375
0 0 0 0 1 6.75296
0 0 0 0 1 6.81822
0 0 0 0 1 6.73392
0 0 0 0 1 6.59046
0 0 0 0 1 6.50775
0 0 0 0 1 6.55564
0 0 0 0 1 6.5011
0 0 0 0 1 6.42484
0 0 0 0 1 6.28832
0 0 0 0 1 6.29772
0 0 0 0 1 6.17544
0 0 0 0 1 6.17788
0 0 0 0 1 6.08159
0 0 0 0 1 6.08321
0 0 0 0 1 6.04479
0 0 0 0 0 5.96169
0 0 0 0 1 5.92947
0 0 0 0 0 5.82378
0 0 0 0 1 5.82102
0 0 0 0 1 5.81196
0 0 0 0 1 5.71639
0 0 0 0 1 5.67567
0 0 0 0 0 5.58714
0 0 0 0 1 5.58902
0 0 0 0 1 5.59345
0 0 0 0 1 5.52799
0 0 0 0 1 5.50682
0 0 0 0 1 5.44194
0 0 0 0 1 5.42927
0 0 0 0 1 5.41104
0 0 0 0 1 5.34147
0 0 0 0 1 5.28622
0 0 0 0 1 5.25965
0 0 0 0 1 5.23101
0 0 0 0 1 5.18684
0 0 0 0 1 5.16864
0 0 0 0 1 5.1043
0 0 0 0 1 5.02711
0 0 0 0 1 5.0193
0 0 0 0 0 5.02457
0 0 0 0 1 4.94654
0 0 0 0 1 4.91868
0 0 0 0 1 4.90561
0 0 0 0 1 4.87774
0 0 0 0 1 4.89208
0 0 0 0 1 4.81097
0 0 0 0 1 4.82463
0 0 0 0 1 4.85566
0 0 0 0 1 4.89279
0 0 0 0 1 4.81836
0 0 0 0 1 4.88866
0 0 0 0 1 4.88711
0 0 0 0 1 4.95919
0 0 0 0 1 4.91351
0 0 0 0 1 4.93556
0 0 0 0 1 4.91922
0 0 0 0 1 5.0222
0 0 0 0 1 5.02473
0 0 0 0 1 4.98846
0 0 0 0 1 5.00216
0 0 0 0 0 5.01088
0 0 0 0 0 5.0247
0 0 0 0 1 5.04876
0 0 0 0 1 5.08316
0 0 0 0 1 5.13828
0 0 0 0 1 5.0845
0 0 0 0 1 5.12958
0 0 0 0 0 5.18013
0 0 0 0 0 5.14791
0 0 0 0 0 5.16232
0 0 0 0 0 5.18201
0 0 0 0 1 5.27537
0 0 0 0 1 5.32191
0 0 0 0 1 5.26956
0 0 0 0 1 5.3536
0 0 0 0 1 5.29399
0 0 0 0 1 5.33574
0 0 0 0 0 5.35083
0 0 0 0 1 5.42152
0 0 0 0 1 5.37717
0 0 0 0 1 5.50687
0 0 0 0 0 5.51709
0 0 0 0 1 5.51787
0 0 0 0 1 5.48937
0 0 0 0 1 5.53973
0 0 0 0 1 5.52759
0 0 0 0 1 5.56153
0 0 0 0 1 5.67285
0 0 0 0 0 5.62281
0 0 0 0 0 5.7068
0 0 0 0 0 5.6904
0 0 0 0 1 5.69506
0 0 0 0 1 5.74145
0 0 0 0 1 5.7361
0 0 0 0 0 5.85839
0 0 0 0 1 5.81079
0 0 0 0 1 5.89319
0 0 0 0 1 5.94679
0 0 0 0 0 5.95335
0 0 0 0 0 5.8943
0 0 0 0 0 5.95414
0 0 0 0 1 5.99034
0 0 0 0 1 6.09321
0 0 0 0 1 6.01466
0 0 0 0 1 6.04502
0 0 0 0 1 6.19822
0 0 0 0 1 6.21253
0 0 0 0 1 9.52856
0 0 0 0 1 9.53822
0 0 0 0 1 9.36504
0 0 0 0 1 9.42843
0 0 0 0 0 9.36316
0 0 0 0 1 9.32315
0 0 0 0 1 9.34861
0 0 0 0 1 9.20336
0 0 0 0 1 9.32487
0 0 0 0 1 9.21155
0 0 0 0 1 9.23694
0 0 0 0 1 9.08791
0 0 0 0 1 9.09522
0 0 0 0 1 9.02047
0 0 0 0 1 9.01885
0 0 0 0 1 8.97197
0 0 0 0 1 9.00661
0 0 0 0 1 8.92075
0 0 0 0 1 8.96433
0 0 0 0 1 8.95963
0 0 0 0 1 8.87795
0 0 0 0 1 8.85017
0 0 0 0 0 8.84918
0 0 0 0 1 8.7775
0 0 0 0 0 8.76459
0 0 0 0 1 8.74637
0 0 0 0 1 8.85098
0 0 0 0 1 8.72976
0 0 0 0 0 8.70317
0 0 0 0 1 8.63854
0 0 0 0 1 8.7252
0 0 0 0 1 8.66094
0 0 0 0 1 8.58326
0 0 0 0 0 8.51977
0 0 0 0 1 8.60605
0 0 0 0 1 8.64565
0 0 0 0 1 8.52639
0 0 0 0 1 8.55756
0 0 0 0 1 8.43572
0 0 0 0 0 8.4162
0 0 0 0 1 8.38837
0 0 0 0 1 8.42821
0 0 0 0 1 8.36216
0 0 0 0 1 8.47753
0 0 0 0 1 8.39983
0 0 0 0 0 8.33089
0 0 0 0 1 8.35404
0 0 0 0 0 8.38085
0 0 0 0 0 8.21312
0 0 0 0 1 8.1952
0 0 0 0 1 8.19839
0 0 0 0 1 8.23018
0 0 0 0 1 8.19609
0 0 0 0 1 8.28539
0 0 0 0 0 8.27607
0 0 0 0 0 8.14422
0 0 0 0 1 8.22516
0 0 0 0 1 8.13486
0 0 0 0 1 8.13441
0 0 0 0 1 8.0854
0 0 0 0 1 8.12571
0 0 0 0 1 8.00442
0 0 0 0 0 8.04493
0 0 0 0 1 7.98472
0 0 0 0 1 8.05744
0 0 0 0 1 8.00973
0 0 0 0 0 7.9703
0 0 0 0 0 7.9551
0 0 0 0 1 7.95977
0 0 0 0 1 7.88911
0 0 0 0 1 7.93803
0 0 0 0 1 7.87584
0 0 0 0 1 7.85359
0 0 0 0 1 7.98527
0 0 0 0 1 7.90787
0 0 0 0 1 7.94904
0 0 0 0 0 7.915
0 0 0 0 1 7.84183
0 0 0 0 1 7.89111
0 0 0 0 1 7.79157
0 0 0 0 1 7.78631
0 0 0 0 1 7.8547
0 0 0 0 1 7.72488
0 0 0 0 0 7.81353
0 0 0 0 1 7.70309
0 0 0 0 0 7.70641
0 0 0 0 1 7.76713
