0 0 0 0 1 5.56398
0 0 0 0 1 5.61201
0 0 0 0 1 5.57126
0 0 0 0 1 5.59981
0 0 0 0 0 5.57586
0 0 0 0 0 5.6414
0 0 0 0 1 5.64468
0 0 0 0 1 5.6602
0 0 0 0 1 5.60518
0 0 0 0 1 5.66583
0 0 0 0 1 5.68175
0 0 0 0 1 5.60194
0 0 0 0 1 5.61452
0 0 0 0 1 5.65333
0 0 0 0 1 5.6357
0 0 0 0 1 5.63721
0 0 0 0 0 5.74478
0 0 0 0 0 5.6477
0 0 0 0 0 5.70451
0 0 0 0 1 5.75399
0 0 0 0 1 5.78265
0 0 0 0 1 5.70252
0 0 0 0 1 5.77161
0 0 0 0 1 5.77195
0 0 0 0 0 5.82605
0 0 0 0 1 5.82086
0 0 0 0 1 5.78097
0 0 0 0 0 5.82806
0 0 0 0 1 5.84635
0 0 0 0 1 5.82397
0 0 0 0 1 5.84832
0 0 0 0 1 5.85684
0 0 0 0 1 5.80683
0 0 0 0 1 5.92538
0 0 0 0 1 5.86208
0 0 0 0 1 5.92243
0 0 0 0 1 5.87669
0 0 0 0 0 5.90785
0 0 0 0 1 5.91544
0 0 0 0 0 5.91123
0 0 0 0 1 5.97268
0 0 0 0 0 6.00457
0 0 0 0 1 6.02595
0 0 0 0 1 6.06418
0 0 0 0 1 6.07857
0 0 0 0 1 5.99052
0 0 0 0 0 6.07024
0 0 0 0 1 6.10311
0 0 0 0 1 6.05105
0 0 0 0 1 6.07193
0 0 0 0 1 6.0685
0 0 0 0 1 6.18762
0 0 0 0 0 6.09131
0 0 0 0 1 6.11374
0 0 0 0 0 6.22161
0 0 0 0 1 6.13206
0 0 0 0 1 6.19096
0 0 0 0 0 6.26792
0 0 0 0 1 6.20277
0 0 0 0 1 6.31248
0 0 0 0 1 6.25879
0 0 0 0 1 6.319
0 0 0 0 1 6.37323
0 0 0 0 1 6.38347
0 0 0 0 1 6.31766
0 0 0 0 0 6.40975
0 0 0 0 0 6.37555
0 0 0 0 1 6.38518
0 0 0 0 0 6.4663
0 0 0 0 0 6.48277
0 0 0 0 1 6.39667
0 0 0 0 0 6.50379
0 0 0 0 1 6.54074
0 0 0 0 1 6.54529
0 0 0 0 1 6.50411
0 0 0 0 1 6.62598
0 0 0 0 1 6.64337
0 0 0 0 1 6.64823
0 0 0 0 1 6.66578
0 0 0 0 1 6.68344
0 0 0 0 0 6.64113
0 0 0 0 0 6.6393
0 0 0 0 1 6.69113
0 0 0 0 1 6.78984
0 0 0 0 1 6.76754
0 0 0 0 1 6.85362
0 0 0 0 1 6.85175
0 0 0 0 1 6.89084
0 0 0 0 1 6.82039
0 0 0 0 1 6.85267
0 0 0 0 1 6.94735
0 0 0 0 1 6.86281
0 0 0 0 1 6.93022
0 0 0 0 1 6.93521
0 0 0 0 0 7.00328
0 0 0 0 1 7.09289
0 0 0 0 1 7.02725
0 0 0 0 1 7.14594
0 0 0 0 1 7.10874
0 0 0 0 1 7.07834
0 0 0 0 0 7.14093
0 0 0 0 1 7.26153
0 0 0 0 0 7.21622
0 0 0 0 0 7.21444
0 0 0 0 1 7.33616
0 0 0 0 0 7.31995
0 0 0 0 1 7.33252
0 0 0 0 1 7.31641
0 0 0 0 0 7.48458
0 0 0 0 0 7.38588
0 0 0 0 1 7.4363
0 0 0 0 1 7.54669
0 0 0 0 0 7.53713
0 0 0 0 1 7.56523
0 0 0 0 1 7.57864
0 0 0 0 1 7.66808
0 0 0 0 1 7.6813
0 0 0 0 0 7.71762
0 0 0 0 1 7.70753
0 0 0 0 1 7.86091
0 0 0 0 1 7.76534
0 0 0 0 1 7.8413
0 0 0 0 1 7.94103
0 0 0 0 1 7.97047
0 0 0 0 0 7.91159
0 0 0 0 1 8.08526
0 0 0 0 0 8.13127
0 0 0 0 0 8.14507
0 0 0 0 1 8.1338
0 0 0 0 1 8.19639
0 0 0 0 1 8.19292
0 0 0 0 1 8.33812
0 0 0 0 1 8.30205
0 0 0 0 1 8.31489
0 0 0 0 1 8.47052
0 0 0 0 0 8.5345
0 0 0 0 0 8.47125
0 0 0 0 0 8.50102
0 0 0 0 0 8.55732
0 0 0 0 1 8.56993
0 0 0 0 1 8.65971
0 0 0 0 1 8.65476
0 0 0 0 1 8.71003
0 0 0 0 0 8.86453
0 0 0 0 1 8.94755
0 0 0 0 1 8.87
0 0 0 0 0 9.08818
0 0 0 0 1 9.01855
0 0 0 0 1 9.18556
0 0 0 0 1 9.21559
0 0 0 0 0 9.19933
0 0 0 0 1 9.34944
0 0 0 0 0 9.26848
0 0 0 0 0 9.30584
0 0 0 0 1 9.43887
0 0 0 0 0 9.47658
0 0 0 0 1 9.61961
0 0 0 0 1 9.7072
0 0 0 0 1 9.61914
0 0 0 0 1 9.75416
0 0 0 0 0 9.84105
0 0 0 0 1 9.81092
0 0 0 0 1 9.95628
0 0 0 0 1 9.99386
0 0 0 0 1 10.1714
0 0 0 0 1 10.2705
0 0 0 0 1 10.2865
0 0 0 0 1 10.3742
0 0 0 0 1 10.3702
0 0 0 0 1 10.416
0 0 0 0 1 10.6201
0 0 0 0 1 10.5579
0 0 0 0 0 10.6675
0 0 0 0 1 10.8732
0 0 0 0 1 9.23145
0 0 0 0 1 9.25392
0 0 0 0 1 9.19777
0 0 0 0 1 9.27581
0 0 0 0 1 9.14625
0 0 0 0 1 9.25181
0 0 0 0 1 9.23315
0 0 0 0 1 9.10016
0 0 0 0 0 9.21909
0 0 0 0 1 9.04134
0 0 0 0 1 9.12362
0 0 0 0 0 9.0106
0 0 0 0 1 9.00218
0 0 0 0 1 8.96674
0 0 0 0 0 9.0535
0 0 0 0 0 9.00929
0 0 0 0 1 8.93417
0 0 0 0 1 8.90849
0 0 0 0 0 8.91876
0 0 0 0 1 8.94694
0 0 0 0 1 8.97992
0 0 0 0 1 8.94582
0 0 0 0 0 8.84981
0 0 0 0 1 8.94917
0 0 0 0 0 8.75639
0 0 0 0 0 8.90483
0 0 0 0 1 8.83645
0 0 0 0 1 8.84757
0 0 0 0 0 8.78851
0 0 0 0 1 8.81741
0 0 0 0 1 8.72382
0 0 0 0 1 8.70565
0 0 0 0 1 8.64771
0 0 0 0 1 8.74673
0 0 0 0 0 8.60225
0 0 0 0 1 8.58848
0 0 0 0 1 8.57486
0 0 0 0 1 8.73437
0 0 0 0 1 8.6172
0 0 0 0 1 8.70742
0 0 0 0 1 8.66837
0 0 0 0 1 8.60378
0 0 0 0 1 8.53093
0 0 0 0 1 8.4927
0 0 0 0 1 8.63442
0 0 0 0 1 8.6306
0 0 0 0 1 8.50193
0 0 0 0 0 8.59231
0 0 0 0 1 8.5241
0 0 0 0 1 8.71734
0 0 0 0 1 8.88627
0 0 0 0 1 8.98568
0 0 0 0 0 9.00234
0 0 0 0 1 9.18212
0 0 0 0 0 9.36322
0 0 0 0 1 9.4695
0 0 0 0 1 9.76817
0 0 0 0 0 9.81579
0 0 0 0 1 9.98979
0 0 0 0 1 10.286
0 0 0 0 0 10.338
0 0 0 0 1 10.5317
0 0 0 0 1 10.7697
0 0 0 0 1 10.9199
0 0 0 0 0 11.0794
0 0 0 0 0 11.2926
0 0 0 0 0 11.4693
0 0 0 0 0 11.8078
0 0 0 0 1 11.9819
0 0 0 0 1 12.4317
0 0 0 0 0 12.4474
0 0 0 0 1 12.9247
0 0 0 0 1 22.8646
0 0 0 0 1 22.9137
0 0 0 0 0 22.621
0 0 0 0 0 22.8071
0 0 0 0 1 22.8121
0 0 0 0 1 22.7269
0 0 0 0 1 22.5518
0 0 0 0 1 22.6486
0 0 0 0 1 22.6327
0 0 0 0 1 22.5044
0 0 0 0 1 22.6699
0 0 0 0 1 22.6102
0 0 0 0 1 22.3046
0 0 0 0 1 22.6963
0 0 0 0 0 22.3454
0 0 0 0 0 22.6475
0 0 0 0 1 22.635
0 0 0 0 1 22.3983
0 0 0 0 0 23.4316
0 0 0 0 1 24.2444
0 0 0 0 1 24.9674
0 0 0 0 1 26.1861
0 0 0 0 1 36.709
0 0 0 0 1 36.6939
0 0 0 0 1 36.5339
0 0 0 0 1 36.593
0 0 0 0 1 36.6109
0 0 0 0 1 38.9116
0 0 0 0 1 51.9105
0 0 0 0 1 52.5717
0 0 0 0 0 51.8291
0 0 0 0 1 51.5035
0 0 0 0 0 51.5951
0 0 0 0 1 56.5543
0 0 0 0 1 64.9388
0 0 0 0 1 69.3156
0 0 0 0 1 82.2191
0 0 0 0 0 5.04006
0 0 0 0 0 5.04507
0 0 0 0 0 4.96491
0 0 0 0 0 5.03004
0 0 0 0 0 4.9599
0 0 0 0 0 5.0601
0 0 0 0 0 5.05008
0 0 0 0 0 5.02503
0 0 0 0 0 5.05008
0 0 0 0 0 5.0601
0 0 0 0 0 5.03505
0 0 0 0 0 5.05509
0 0 0 0 1 87.4156
0 0 0 0 0 87.4247
0 0 0 0 1 74.4686
0 0 0 0 1 63.5836
0 0 0 0 1 61.0106
0 0 0 0 0 60.1744
0 0 0 0 1 60.7311
0 0 0 0 1 51.7254
0 0 0 0 0 47.7952
0 0 0 0 1 48.1435
0 0 0 0 1 39.0778
0 0 0 0 1 37.0407
0 0 0 0 0 35.8462
0 0 0 0 0 36.0012
0 0 0 0 1 35.6207
0 0 0 0 1 36.0271
0 0 0 0 1 27.8532
0 0 0 0 1 26.7499
0 0 0 0 1 25.8955
0 0 0 0 1 24.5407
0 0 0 0 0 24.577
0 0 0 0 1 24.8602
0 0 0 0 1 24.6746
0 0 0 0 1 24.6138
0 0 0 0 1 24.9235
0 0 0 0 1 24.839
0 0 0 0 1 24.8537
0 0 0 0 1 24.5969
0 0 0 0 1 24.982
0 0 0 0 0 18.0361
0 0 0 0 1 17.8096
0 0 0 0 0 17.037
0 0 0 0 1 16.5939
0 0 0 0 1 16.4565
0 0 0 0 1 15.9113
0 0 0 0 1 15.439
0 0 0 0 0 15.2119
0 0 0 0 1 14.8901
0 0 0 0 1 14.3654
0 0 0 0 1 14.0003
0 0 0 0 1 13.7898
0 0 0 0 0 13.8432
0 0 0 0 0 13.9665
0 0 0 0 1 13.9372
0 0 0 0 1 13.8661
0 0 0 0 1 13.8113
0 0 0 0 0 13.936
0 0 0 0 1 13.9214
0 0 0 0 0 13.9069
0 0 0 0 0 13.993
0 0 0 0 1 14.0072
0 0 0 0 1 14.1759
0 0 0 0 0 14.008
0 0 0 0 1 14.1519
0 0 0 0 1 14.2235
0 0 0 0 0 14.0134
0 0 0 0 1 14.2433
0 0 0 0 1 14.0191
0 0 0 0 1 14.2614
0 0 0 0 0 14.054
0 0 0 0 1 14.0563
0 0 0 0 1 14.3031
0 0 0 0 0 14.2635
0 0 0 0 1 14.2127
0 0 0 0 1 14.3586
0 0 0 0 1 14.1511
0 0 0 0 1 14.3264
0 0 0 0 0 14.3049
0 0 0 0 1 14.4382
0 0 0 0 1 8.79062
0 0 0 0 0 8.79933
0 0 0 0 1 8.61585
0 0 0 0 1 8.52021
0 0 0 0 1 8.31543
0 0 0 0 1 8.22104
0 0 0 0 1 8.25884
0 0 0 0 0 8.04146
0 0 0 0 1 8.04423
0 0 0 0 1 7.98169
0 0 0 0 1 7.76384
0 0 0 0 0 7.76391
0 0 0 0 1 7.58034
0 0 0 0 1 7.58048
0 0 0 0 0 7.51913
0 0 0 0 1 7.42977
0 0 0 0 0 7.29499
0 0 0 0 1 7.17066
0 0 0 0 1 7.20523
0 0 0 0 1 7.07451
0 0 0 0 1 7.0013
0 0 0 0 0 6.93735
0 0 0 0 1 6.87129
0 0 0 0 1 6.7666
0 0 0 0 1 6.77768
0 0 0 0 0 6.62682
0 0 0 0 1 6.59046
0 0 0 0 0 6.54716
0 0 0 0 1 6.4971
0 0 0 0 1 6.44305
0 0 0 0 1 6.36736
0 0 0 0 1 6.27565
0 0 0 0 1 6.32912
0 0 0 0 1 6.18789
0 0 0 0 1 6.12851
0 0 0 0 0 6.08159
0 0 0 0 1 6.09534
0 0 0 0 1 6.00264
0 0 0 0 1 5.94975
0 0 0 0 1 5.888
0 0 0 0 1 5.8179
0 0 0 0 1 5.7744
0 0 0 0 1 5.7657
0 0 0 0 1 5.77952
0 0 0 0 0 5.65861
0 0 0 0 0 5.66615
0 0 0 0 0 5.63382
0 0 0 0 1 5.51553
0 0 0 0 1 5.48381
0 0 0 0 1 5.42463
0 0 0 0 1 5.39845
0 0 0 0 1 5.39145
0 0 0 0 1 5.31441
0 0 0 0 1 5.31484
0 0 0 0 1 5.2386
0 0 0 0 1 5.23865
0 0 0 0 1 5.23101
0 0 0 0 1 5.18684
0 0 0 0 1 5.12231
0 0 0 0 1 5.16056
0 0 0 0 1 5.09812
0 0 0 0 1 5.00922
0 0 0 0 1 4.97442
0 0 0 0 1 4.98639
0 0 0 0 1 4.92858
0 0 0 0 0 4.92036
0 0 0 0 1 4.8875
0 0 0 0 1 4.86293
0 0 0 0 1 4.8737
0 0 0 0 0 4.84389
0 0 0 0 0 4.80739
0 0 0 0 1 4.85888
0 0 0 0 1 4.8135
0 0 0 0 1 4.88866
0 0 0 0 1 4.86754
0 0 0 0 1 4.91991
0 0 0 0 1 4.97758
0 0 0 0 0 4.95038
0 0 0 0 1 5.00848
0 0 0 0 1 4.9326
0 0 0 0 0 4.9399
0 0 0 0 1 4.97343
0 0 0 0 0 5.05243
0 0 0 0 1 5.06135
0 0 0 0 1 5.05509
0 0 0 0 1 5.10977
0 0 0 0 1 5.05254
0 0 0 0 1 5.09217
0 0 0 0 1 5.17181
0 0 0 0 1 5.17598
0 0 0 0 1 5.14908
0 0 0 0 1 5.21024
0 0 0 0 0 5.25096
0 0 0 0 1 5.22389
0 0 0 0 0 5.2596
0 0 0 0 1 5.22697
0 0 0 0 1 5.34378
0 0 0 0 1 5.31635
0 0 0 0 1 5.29399
0 0 0 0 1 5.30893
0 0 0 0 1 5.35622
0 0 0 0 1 5.39447
0 0 0 0 1 5.4858
0 0 0 0 1 5.42509
0 0 0 0 1 5.45688
0 0 0 0 0 5.52887
0 0 0 0 1 5.48937
0 0 0 0 1 5.51197
0 0 0 0 1 5.52201
0 0 0 0 0 5.61753
0 0 0 0 1 5.61663
0 0 0 0 0 5.59455
0 0 0 0 1 5.72381
0 0 0 0 1 5.73602
0 0 0 0 1 5.7294
0 0 0 0 0 5.79898
0 0 0 0 1 5.7708
0 0 0 0 0 5.83514
0 0 0 0 1 5.88663
0 0 0 0 1 5.90492
0 0 0 0 1 5.87606
0 0 0 0 0 5.97705
0 0 0 0 1 5.97765
0 0 0 0 1 5.99005
0 0 0 0 0 6.03244
0 0 0 0 1 6.0388
0 0 0 0 1 6.05111
0 0 0 0 0 6.14882
0 0 0 0 1 6.17981
0 0 0 0 1 6.16312
0 0 0 0 1 9.44289
0 0 0 0 1 9.5003
0 0 0 0 1 9.35559
0 0 0 0 0 9.33424
0 0 0 0 1 9.30687
0 0 0 0 1 9.26704
0 0 0 0 0 9.34861
0 0 0 0 1 9.21266
0 0 0 0 1 9.19523
0 0 0 0 1 9.23924
0 0 0 0 1 9.13573
0 0 0 0 1 9.25298
0 0 0 0 1 9.10436
0 0 0 0 1 9.15714
0 0 0 0 1 9.0461
0 0 0 0 1 9.00819
0 0 0 0 1 8.97954
0 0 0 0 1 9.05577
0 0 0 0 1 9.00022
0 0 0 0 1 9.01333
0 0 0 0 1 8.89579
0 0 0 0 1 8.83238
0 0 0 0 1 8.78711
0 0 0 0 1 8.75098
0 0 0 0 1 8.8704
0 0 0 0 1 8.72879
0 0 0 0 1 8.71076
0 0 0 0 1 8.76475
0 0 0 0 1 8.79909
0 0 0 0 1 8.71684
0 0 0 0 0 8.69051
0 0 0 0 0 8.57442
0 0 0 0 1 8.59188
0 0 0 0 1 8.66606
0 0 0 0 1 8.65753
0 0 0 0 1 8.63709
0 0 0 0 1 8.48372
0 0 0 0 0 8.60014
0 0 0 0 1 8.54616
0 0 0 0 1 8.40773
0 0 0 0 1 8.39682
0 0 0 0 1 8.35228
0 0 0 0 1 8.47153
0 0 0 0 1 8.43557
0 0 0 0 1 8.39146
0 0 0 0 1 8.28076
0 0 0 0 0 8.37072
0 0 0 0 1 8.23951
0 0 0 0 1 8.24631
0 0 0 0 1 8.34421
0 0 0 0 1 8.30583
0 0 0 0 1 8.1972
0 0 0 0 1 8.20432
0 0 0 0 0 8.12937
0 0 0 0 1 8.16954
0 0 0 0 1 8.12786
0 0 0 0 0 8.10276
0 0 0 0 1 8.11857
0 0 0 0 1 8.16692
0 0 0 0 1 8.05296
0 0 0 0 0 8.1338
0 0 0 0 1 8.00442
0 0 0 0 1 8.08523
0 0 0 0 1 8.00887
0 0 0 0 0 8.02531
0 0 0 0 1 7.9536
0 0 0 0 1 7.93029
0 0 0 0 1 7.91517
0 0 0 0 1 8.02357
0 0 0 0 1 7.96872
0 0 0 0 1 8.0016
0 0 0 0 1 7.96309
0 0 0 0 0 7.92484
0 0 0 0 1 7.85087
0 0 0 0 1 7.83684
0 0 0 0 1 7.90177
0 0 0 0 1 7.90713
0 0 0 0 1 7.90469
0 0 0 0 1 7.91464
0 0 0 0 1 7.86988
0 0 0 0 1 7.77068
0 0 0 0 1 7.8547
0 0 0 0 1 7.78724
0 0 0 0 1 7.75127
0 0 0 0 1 7.74195
0 0 0 0 1 7.70641
0 0 0 0 1 7.68186
