0 0 0 0 1 5.54179
0 0 0 0 1 5.59534
0 0 0 0 1 5.5323
0 0 0 0 1 5.54409
0 0 0 0 1 5.5647
0 0 0 0 1 5.53517
0 0 0 0 1 5.61111
0 0 0 0 1 5.6602
0 0 0 0 1 5.6164
0 0 0 0 1 5.67145
0 0 0 0 1 5.61981
0 0 0 0 1 5.58501
0 0 0 0 1 5.65406
0 0 0 0 0 5.6024
0 0 0 0 1 5.65838
0 0 0 0 0 5.72804
0 0 0 0 1 5.71065
0 0 0 0 1 5.75028
0 0 0 0 1 5.71593
0 0 0 0 1 5.75399
0 0 0 0 1 5.71395
0 0 0 0 0 5.78284
0 0 0 0 0 5.78311
0 0 0 0 1 5.73738
0 0 0 0 0 5.79144
0 0 0 0 1 5.73994
0 0 0 0 1 5.8331
0 0 0 0 1 5.81065
0 0 0 0 1 5.81144
0 0 0 0 1 5.78316
0 0 0 0 0 5.88921
0 0 0 0 1 5.90365
0 0 0 0 0 5.80683
0 0 0 0 1 5.91364
0 0 0 0 0 5.85619
0 0 0 0 1 5.94012
0 0 0 0 1 5.94173
0 0 0 0 1 5.93747
0 0 0 0 1 5.97484
0 0 0 0 1 5.94695
0 0 0 0 1 5.94882
0 0 0 0 1 5.92683
0 0 0 0 1 5.95407
0 0 0 0 1 6.02816
0 0 0 0 1 6.04848
0 0 0 0 1 6.02069
0 0 0 0 1 5.99156
0 0 0 0 1 6.10311
0 0 0 0 1 6.03889
0 0 0 0 1 6.07193
0 0 0 0 1 6.0685
0 0 0 0 1 6.08959
0 0 0 0 1 6.20809
0 0 0 0 1 6.11989
0 0 0 0 0 6.22779
0 0 0 0 1 6.16918
0 0 0 0 1 6.23438
0 0 0 0 1 6.19323
0 0 0 0 1 6.20277
0 0 0 0 0 6.29371
0 0 0 0 1 6.24623
0 0 0 0 1 6.30641
0 0 0 0 1 6.34168
0 0 0 0 1 6.2949
0 0 0 0 1 6.40012
0 0 0 0 1 6.38429
0 0 0 0 1 6.41384
0 0 0 0 1 6.41079
0 0 0 0 1 6.4085
0 0 0 0 0 6.41189
0 0 0 0 0 6.39667
0 0 0 0 1 6.42598
0 0 0 0 1 6.47572
0 0 0 0 1 6.46706
0 0 0 0 1 6.58255
0 0 0 0 1 6.58661
0 0 0 0 0 6.55777
0 0 0 0 1 6.5426
0 0 0 0 1 6.55976
0 0 0 0 1 6.58369
0 0 0 0 1 6.60776
0 0 0 0 0 6.64599
0 0 0 0 1 6.64415
0 0 0 0 1 6.76289
0 0 0 0 0 6.76754
0 0 0 0 1 6.82648
0 0 0 0 0 6.80408
0 0 0 0 1 6.81565
0 0 0 0 1 6.90273
0 0 0 0 1 6.9422
0 0 0 0 1 6.89896
0 0 0 0 0 6.91134
0 0 0 0 1 6.93718
0 0 0 0 1 7.03998
0 0 0 0 1 7.03833
0 0 0 0 1 7.09289
0 0 0 0 1 7.09795
0 0 0 0 1 7.16723
0 0 0 0 1 7.08738
0 0 0 0 1 7.14269
0 0 0 0 1 7.20552
0 0 0 0 1 7.21111
0 0 0 0 1 7.20175
0 0 0 0 1 7.33795
0 0 0 0 1 7.27776
0 0 0 0 1 7.29797
0 0 0 0 1 7.38405
0 0 0 0 1 7.43454
0 0 0 0 0 7.44749
0 0 0 0 1 7.49022
0 0 0 0 1 7.54852
0 0 0 0 1 7.56924
0 0 0 0 1 7.61265
0 0 0 0 1 7.6487
0 0 0 0 1 7.66243
0 0 0 0 1 7.63747
0 0 0 0 1 7.70436
0 0 0 0 1 7.78715
0 0 0 0 1 7.74634
0 0 0 0 1 7.83752
0 0 0 0 1 7.90624
0 0 0 0 1 7.8413
0 0 0 0 0 7.94894
0 0 0 0 1 7.87511
0 0 0 0 1 7.94356
0 0 0 0 1 8.09329
0 0 0 0 1 8.01833
0 0 0 0 0 8.12076
0 0 0 0 0 8.199
0 0 0 0 1 8.22095
0 0 0 0 1 8.27526
0 0 0 0 1 8.305
0 0 0 0 1 8.40187
0 0 0 0 0 8.37344
0 0 0 0 1 8.33594
0 0 0 0 1 8.39917
0 0 0 0 1 8.5478
0 0 0 0 1 8.46682
0 0 0 0 1 8.54013
0 0 0 0 1 8.69087
0 0 0 0 1 8.76404
0 0 0 0 1 8.80337
0 0 0 0 1 8.76282
0 0 0 0 0 8.89104
0 0 0 0 0 8.91198
0 0 0 0 1 9.01321
0 0 0 0 0 9.06116
0 0 0 0 1 8.99136
0 0 0 0 1 9.13088
0 0 0 0 1 9.18808
0 0 0 0 1 9.20856
0 0 0 0 1 9.2566
0 0 0 0 1 9.34315
0 0 0 0 0 9.34344
0 0 0 0 1 9.4767
0 0 0 0 1 9.53373
0 0 0 0 1 9.63879
0 0 0 0 1 9.56246
0 0 0 0 1 9.79404
0 0 0 0 1 9.84221
0 0 0 0 0 9.75239
0 0 0 0 1 9.92984
0 0 0 0 1 10.0462
0 0 0 0 0 10.0743
0 0 0 0 1 10.1207
0 0 0 0 0 10.1685
0 0 0 0 0 10.3687
0 0 0 0 1 10.4466
0 0 0 0 0 10.3494
0 0 0 0 1 10.458
0 0 0 0 1 10.5884
0 0 0 0 1 10.6538
0 0 0 0 0 10.8072
0 0 0 0 1 10.7757
0 0 0 0 1 9.22214
0 0 0 0 1 9.35602
0 0 0 0 1 9.33671
0 0 0 0 0 9.33125
0 0 0 0 1 9.27533
0 0 0 0 1 9.22422
0 0 0 0 1 9.19644
0 0 0 0 1 9.20087
0 0 0 0 0 9.0729
0 0 0 0 1 9.18717
0 0 0 0 1 9.16
0 0 0 0 1 9.01968
0 0 0 0 1 9.1018
0 0 0 0 0 8.94866
0 0 0 0 0 9.03546
0 0 0 0 1 8.92829
0 0 0 0 0 9.00601
0 0 0 0 1 9.01603
0 0 0 0 1 9.03505
0 0 0 0 1 8.83979
0 0 0 0 1 8.83738
0 0 0 0 0 8.92804
0 0 0 0 1 8.84093
0 0 0 0 1 8.88715
0 0 0 0 0 8.80062
0 0 0 0 1 8.85188
0 0 0 0 1 8.82764
0 0 0 0 1 8.81239
0 0 0 0 1 8.70949
0 0 0 0 1 8.79988
0 0 0 0 1 8.68882
0 0 0 0 0 8.68819
0 0 0 0 1 8.77848
0 0 0 0 1 8.73803
0 0 0 0 0 8.70652
0 0 0 0 0 8.65788
0 0 0 0 1 8.68746
0 0 0 0 1 8.73437
0 0 0 0 1 8.57402
0 0 0 0 1 8.63845
0 0 0 0 1 8.65115
0 0 0 0 1 8.61238
0 0 0 0 1 8.65967
0 0 0 0 0 8.55269
0 0 0 0 0 8.47183
0 0 0 0 1 8.6306
0 0 0 0 1 8.57021
0 0 0 0 1 8.4474
0 0 0 0 1 8.63558
0 0 0 0 0 8.69124
0 0 0 0 1 8.74507
0 0 0 0 0 8.97672
0 0 0 0 1 9.07509
0 0 0 0 1 9.25602
0 0 0 0 1 9.43828
0 0 0 0 1 9.45996
0 0 0 0 1 9.71977
0 0 0 0 1 9.88471
0 0 0 0 1 10.0899
0 0 0 0 1 10.174
0 0 0 0 1 10.338
0 0 0 0 1 10.5634
0 0 0 0 1 10.8449
0 0 0 0 1 10.909
0 0 0 0 1 11.2355
0 0 0 0 1 11.463
0 0 0 0 0 11.5736
0 0 0 0 0 11.8432
0 0 0 0 1 12.1024
0 0 0 0 1 12.3948
0 0 0 0 1 12.4474
0 0 0 0 0 12.7319
0 0 0 0 1 22.5464
0 0 0 0 0 22.5731
0 0 0 0 1 22.7344
0 0 0 0 1 22.6937
0 0 0 0 1 22.6762
0 0 0 0 1 22.5005
0 0 0 0 1 22.5292
0 0 0 0 1 22.4678
0 0 0 0 1 22.5424
0 0 0 0 0 22.5044
0 0 0 0 1 22.7602
0 0 0 0 1 22.6328
0 0 0 0 1 22.3722
0 0 0 0 1 22.6287
0 0 0 0 1 22.7054
0 0 0 0 1 22.4675
0 0 0 0 0 22.5675
0 0 0 0 0 22.4881
0 0 0 0 1 23.014
0 0 0 0 1 23.8826
0 0 0 0 1 24.9422
0 0 0 0 1 26.2385
0 0 0 0 1 36.4904
0 0 0 0 1 36.075
0 0 0 0 1 36.0245
0 0 0 0 1 36.1201
0 0 0 0 1 36.5017
0 0 0 0 0 38.873
0 0 0 0 1 52.275
0 0 0 0 1 51.6348
0 0 0 0 1 51.9852
0 0 0 0 1 52.5439
0 0 0 0 0 51.8551
0 0 0 0 1 55.8777
0 0 0 0 1 65.7244
0 0 0 0 1 69.3852
0 0 0 0 1 81.3191
0 0 0 0 0 5.04507
0 0 0 0 0 4.9599
0 0 0 0 0 4.96992
0 0 0 0 0 4.9599
0 0 0 0 0 5.03004
0 0 0 0 0 4.97493
0 0 0 0 0 4.96491
0 0 0 0 0 5.04006
0 0 0 0 0 5.02002
0 0 0 0 0 4.9599
0 0 0 0 0 5.05509
0 0 0 0 0 5.04006
0 0 0 0 1 88.204
0 0 0 0 0 87.2495
0 0 0 0 1 75.3703
0 0 0 0 0 64.0305
0 0 0 0 1 60.6475
0 0 0 0 1 60.7192
0 0 0 0 1 60.7311
0 0 0 0 1 51.6739
0 0 0 0 1 48.0351
0 0 0 0 1 48.0475
0 0 0 0 1 39.3527
0 0 0 0 1 37.1512
0 0 0 0 1 36.0245
0 0 0 0 1 35.7157
0 0 0 0 1 35.4423
0 0 0 0 1 35.3843
0 0 0 0 1 28.2183
0 0 0 0 1 26.5891
0 0 0 0 1 25.6648
0 0 0 0 0 24.6884
0 0 0 0 1 24.4046
0 0 0 0 1 24.5892
0 0 0 0 1 24.7486
0 0 0 0 1 24.8358
0 0 0 0 1 24.4547
0 0 0 0 0 24.6415
0 0 0 0 1 24.7796
0 0 0 0 0 24.6711
0 0 0 0 1 24.5615
0 0 0 0 0 18.3455
0 0 0 0 1 17.7211
0 0 0 0 1 17.3293
0 0 0 0 1 16.5939
0 0 0 0 1 16.1632
0 0 0 0 1 15.7842
0 0 0 0 1 15.5938
0 0 0 0 1 15.091
0 0 0 0 1 14.8753
0 0 0 0 1 14.4519
0 0 0 0 1 14.2118
0 0 0 0 1 13.8314
0 0 0 0 1 13.9683
0 0 0 0 0 14.0083
0 0 0 0 0 13.8536
0 0 0 0 1 14.0055
0 0 0 0 1 14.0624
0 0 0 0 1 13.936
0 0 0 0 1 13.9912
0 0 0 0 1 14.1168
0 0 0 0 1 13.965
0 0 0 0 1 14.1053
0 0 0 0 1 14.1759
0 0 0 0 1 13.994
0 0 0 0 0 13.969
0 0 0 0 1 14.0686
0 0 0 0 1 13.9852
0 0 0 0 1 14.1304
0 0 0 0 0 14.1039
0 0 0 0 1 14.0917
0 0 0 0 1 14.0824
0 0 0 0 1 14.2124
0 0 0 0 0 14.1043
0 0 0 0 1 14.3062
0 0 0 0 0 14.113
0 0 0 0 1 14.216
0 0 0 0 1 14.3082
0 0 0 0 1 14.2406
0 0 0 0 1 14.3622
0 0 0 0 1 14.3666
0 0 0 0 0 8.76414
0 0 0 0 0 8.72092
0 0 0 0 1 8.58146
0 0 0 0 1 8.51172
0 0 0 0 1 8.41613
0 0 0 0 1 8.33706
0 0 0 0 1 8.11955
0 0 0 0 0 8.01719
0 0 0 0 1 7.94828
0 0 0 0 0 7.92637
0 0 0 0 0 7.80293
0 0 0 0 1 7.70211
0 0 0 0 1 7.6644
0 0 0 0 1 7.52001
0 0 0 0 1 7.40701
0 0 0 0 1 7.45197
0 0 0 0 0 7.28035
0 0 0 0 0 7.20688
0 0 0 0 1 7.2124
0 0 0 0 0 7.15966
0 0 0 0 1 7.01534
0 0 0 0 1 6.92343
0 0 0 0 1 6.85064
0 0 0 0 1 6.78025
0 0 0 0 1 6.80471
0 0 0 0 1 6.71384
0 0 0 0 1 6.5772
0 0 0 0 1 6.51432
0 0 0 0 1 6.52962
0 0 0 0 1 6.44305
0 0 0 0 1 6.38013
0 0 0 0 1 6.38964
0 0 0 0 1 6.3354
0 0 0 0 0 6.21279
0 0 0 0 1 6.16554
0 0 0 0 1 6.09995
0 0 0 0 1 6.05895
0 0 0 0 1 6.05683
0 0 0 0 0 6.00346
0 0 0 0 1 5.94724
0 0 0 0 1 5.91771
0 0 0 0 0 5.86763
0 0 0 0 1 5.81196
0 0 0 0 0 5.71639
0 0 0 0 1 5.63018
0 0 0 0 0 5.66051
0 0 0 0 0 5.61142
0 0 0 0 1 5.55449
0 0 0 0 1 5.56112
0 0 0 0 1 5.51778
0 0 0 0 1 5.39845
0 0 0 0 1 5.39686
0 0 0 0 0 5.35199
0 0 0 0 1 5.28822
0 0 0 0 1 5.31268
0 0 0 0 0 5.21766
0 0 0 0 1 5.24665
0 0 0 0 1 5.1713
0 0 0 0 1 5.12231
0 0 0 0 1 5.1043
0 0 0 0 1 5.03725
0 0 0 0 1 5.07977
0 0 0 0 0 5.04964
0 0 0 0 1 5.02126
0 0 0 0 1 4.99786
0 0 0 0 1 4.89087
0 0 0 0 1 4.92657
0 0 0 0 1 4.81921
0 0 0 0 0 4.81579
0 0 0 0 0 4.82944
0 0 0 0 1 4.80256
0 0 0 0 0 4.84919
0 0 0 0 0 4.87671
0 0 0 0 1 4.83504
0 0 0 0 0 4.85776
0 0 0 0 1 4.89045
0 0 0 0 0 4.97758
0 0 0 0 1 4.91085
0 0 0 0 1 4.99856
0 0 0 0 1 5.01722
0 0 0 0 1 5.03471
0 0 0 0 1 5.02352
0 0 0 0 0 5.02227
0 0 0 0 1 5.09162
0 0 0 0 0 5.05509
0 0 0 0 0 5.12502
0 0 0 0 0 5.06275
0 0 0 0 1 5.16902
0 0 0 0 1 5.11531
0 0 0 0 1 5.10896
0 0 0 0 1 5.15426
0 0 0 0 1 5.14791
0 0 0 0 1 5.21968
0 0 0 0 1 5.26053
0 0 0 0 1 5.23859
0 0 0 0 1 5.29026
0 0 0 0 1 5.29607
0 0 0 0 1 5.27378
0 0 0 0 1 5.3581
0 0 0 0 0 5.37328
0 0 0 0 1 5.39928
0 0 0 0 1 5.46481
0 0 0 0 1 5.40976
0 0 0 0 1 5.41963
0 0 0 0 1 5.44593
0 0 0 0 1 5.49586
0 0 0 0 1 5.48385
0 0 0 0 1 5.52863
0 0 0 0 1 5.52201
0 0 0 0 1 5.55593
0 0 0 0 0 5.61663
0 0 0 0 0 5.69627
0 0 0 0 1 5.61603
0 0 0 0 0 5.70751
0 0 0 0 1 5.69506
0 0 0 0 0 5.70118
0 0 0 0 1 5.7361
0 0 0 0 0 5.80608
0 0 0 0 1 5.78745
0 0 0 0 1 5.92251
0 0 0 0 1 5.95268
0 0 0 0 1 5.86449
0 0 0 0 1 5.94193
0 0 0 0 0 5.96013
0 0 0 0 0 6.03846
0 0 0 0 0 6.06903
0 0 0 0 1 6.12401
0 0 0 0 1 6.13661
0 0 0 0 1 6.17368
0 0 0 0 1 6.1693
0 0 0 0 1 9.56663
0 0 0 0 1 9.49082
0 0 0 0 1 9.37449
0 0 0 0 1 9.38133
0 0 0 0 1 9.47574
0 0 0 0 1 9.36055
0 0 0 0 1 9.31133
0 0 0 0 0 9.24985
0 0 0 0 0 9.34339
0 0 0 0 1 9.22078
0 0 0 0 1 9.12653
0 0 0 0 1 9.13376
0 0 0 0 1 9.19577
0 0 0 0 0 9.19359
0 0 0 0 1 9.00977
0 0 0 0 0 9.01724
0 0 0 0 1 8.99759
0 0 0 0 0 8.96575
0 0 0 0 1 8.88357
0 0 0 0 1 8.87012
0 0 0 0 1 9.01179
0 0 0 0 1 8.83238
0 0 0 0 1 8.80484
0 0 0 0 1 8.80402
0 0 0 0 1 8.90567
0 0 0 0 1 8.70242
0 0 0 0 1 8.75458
0 0 0 0 1 8.82598
0 0 0 0 0 8.64212
0 0 0 0 0 8.64724
0 0 0 0 1 8.58643
0 0 0 0 1 8.59172
0 0 0 0 0 8.70403
0 0 0 0 1 8.58861
0 0 0 0 0 8.59747
0 0 0 0 1 8.62853
0 0 0 0 1 8.62028
0 0 0 0 1 8.54053
0 0 0 0 0 8.50368
0 0 0 0 1 8.48401
0 0 0 0 1 8.43065
0 0 0 0 0 8.39446
0 0 0 0 1 8.39581
0 0 0 0 0 8.41039
0 0 0 0 1 8.36633
0 0 0 0 1 8.43952
0 0 0 0 0 8.37072
0 0 0 0 0 8.34759
0 0 0 0 1 8.32097
0 0 0 0 0 8.30282
0 0 0 0 1 8.24798
0 0 0 0 1 8.23018
0 0 0 0 1 8.30306
0 0 0 0 1 8.2197
0 0 0 0 1 8.26787
0 0 0 0 1 8.11969
0 0 0 0 1 8.16804
0 0 0 0 1 8.086
0 0 0 0 0 8.13441
0 0 0 0 1 8.12595
0 0 0 0 1 8.04478
0 0 0 0 1 8.0448
0 0 0 0 0 8.0288
0 0 0 0 1 8.10546
0 0 0 0 0 8.04941
0 0 0 0 1 8.0899
0 0 0 0 0 7.9463
0 0 0 0 1 7.91517
0 0 0 0 1 7.94382
0 0 0 0 0 8.02445
0 0 0 0 0 7.86651
0 0 0 0 0 7.96309
0 0 0 0 1 7.95651
0 0 0 0 1 7.94574
0 0 0 0 0 7.84473
0 0 0 0 1 7.79935
0 0 0 0 0 7.93073
0 0 0 0 0 7.90469
0 0 0 0 1 7.78913
0 0 0 0 1 7.84638
0 0 0 0 1 7.84104
0 0 0 0 1 7.76881
0 0 0 0 1 7.71708
0 0 0 0 1 7.7357
0 0 0 0 1 7.81191
0 0 0 0 0 7.69865
0 0 0 0 1 7.73612
