0 0 0 0 1 5.55289
0 0 0 0 1 5.57867
0 0 0 0 1 5.51561
0 0 0 0 1 5.53852
0 0 0 0 1 5.53679
0 0 0 0 0 5.6414
0 0 0 0 1 5.59992
0 0 0 0 0 5.59295
0 0 0 0 1 5.63885
0 0 0 0 1 5.62648
0 0 0 0 1 5.65923
0 0 0 0 0 5.5963
0 0 0 0 0 5.66535
0 0 0 0 1 5.65333
0 0 0 0 0 5.71508
0 0 0 0 1 5.65424
0 0 0 0 1 5.66515
0 0 0 0 1 5.73888
0 0 0 0 1 5.74448
0 0 0 0 1 5.73685
0 0 0 0 0 5.73685
0 0 0 0 0 5.70252
0 0 0 0 1 5.79461
0 0 0 0 1 5.80075
0 0 0 0 0 5.71646
0 0 0 0 0 5.80352
0 0 0 0 0 5.76939
0 0 0 0 1 5.83387
0 0 0 0 1 5.80562
0 0 0 0 1 5.7715
0 0 0 0 0 5.87753
0 0 0 0 0 5.84514
0 0 0 0 0 5.82441
0 0 0 0 1 5.84317
0 0 0 0 1 5.87385
0 0 0 0 1 5.87524
0 0 0 0 1 5.9299
0 0 0 0 1 5.87229
0 0 0 0 1 5.95702
0 0 0 0 1 5.99457
0 0 0 0 1 5.94882
0 0 0 0 1 5.92683
0 0 0 0 1 6.04991
0 0 0 0 0 6.01615
0 0 0 0 1 5.9883
0 0 0 0 0 5.98449
0 0 0 0 1 6.00972
0 0 0 0 1 6.03031
0 0 0 0 1 6.02064
0 0 0 0 0 6.15727
0 0 0 0 1 6.14183
0 0 0 0 1 6.18762
0 0 0 0 0 6.20809
0 0 0 0 0 6.14452
0 0 0 0 1 6.20927
0 0 0 0 0 6.13206
0 0 0 0 1 6.17235
0 0 0 0 0 6.28037
0 0 0 0 1 6.20901
0 0 0 0 1 6.19987
0 0 0 0 1 6.23368
0 0 0 0 1 6.33159
0 0 0 0 1 6.36061
0 0 0 0 1 6.26327
0 0 0 0 1 6.30498
0 0 0 0 1 6.31427
0 0 0 0 1 6.3564
0 0 0 0 1 6.43001
0 0 0 0 1 6.48556
0 0 0 0 1 6.47633
0 0 0 0 1 6.4419
0 0 0 0 1 6.54918
0 0 0 0 1 6.46922
0 0 0 0 1 6.4801
0 0 0 0 1 6.58909
0 0 0 0 1 6.51445
0 0 0 0 1 6.60386
0 0 0 0 1 6.59541
0 0 0 0 1 6.67903
0 0 0 0 1 6.61029
0 0 0 0 1 6.66115
0 0 0 0 1 6.66607
0 0 0 0 1 6.64415
0 0 0 0 1 6.76289
0 0 0 0 1 6.79459
0 0 0 0 1 6.81291
0 0 0 0 1 6.87219
0 0 0 0 1 6.85666
0 0 0 0 0 6.89587
0 0 0 0 1 6.85267
0 0 0 0 1 6.8644
0 0 0 0 0 7.00146
0 0 0 0 1 6.95109
0 0 0 0 0 6.92823
0 0 0 0 1 7.00328
0 0 0 0 1 7.01549
0 0 0 0 0 7.02018
0 0 0 0 1 7.06788
0 0 0 0 1 7.1871
0 0 0 0 1 7.17129
0 0 0 0 1 7.19116
0 0 0 0 1 7.25433
0 0 0 0 1 7.31031
0 0 0 0 1 7.2435
0 0 0 0 1 7.27776
0 0 0 0 0 7.31995
0 0 0 0 1 7.28834
0 0 0 0 0 7.42716
0 0 0 0 1 7.43266
0 0 0 0 0 7.47532
0 0 0 0 1 7.41386
0 0 0 0 1 7.44146
0 0 0 0 1 7.55978
0 0 0 0 0 7.61076
0 0 0 0 1 7.55579
0 0 0 0 1 7.60686
0 0 0 0 1 7.7505
0 0 0 0 1 7.68672
0 0 0 0 1 7.69977
0 0 0 0 1 7.75173
0 0 0 0 1 7.75751
0 0 0 0 1 7.78624
0 0 0 0 1 7.86194
0 0 0 0 1 7.87511
0 0 0 0 1 7.92758
0 0 0 0 0 8.0692
0 0 0 0 1 8.08287
0 0 0 0 1 8.14507
0 0 0 0 1 8.14195
0 0 0 0 1 8.2537
0 0 0 0 1 8.30819
0 0 0 0 0 8.3464
0 0 0 0 1 8.31037
0 0 0 0 1 8.432
0 0 0 0 1 8.36958
0 0 0 0 1 8.48375
0 0 0 0 1 8.47125
0 0 0 0 1 8.5951
0 0 0 0 1 8.65182
0 0 0 0 1 8.64768
0 0 0 0 0 8.71188
0 0 0 0 1 8.71595
0 0 0 0 0 8.72763
0 0 0 0 1 8.79382
0 0 0 0 1 8.88529
0 0 0 0 1 8.92371
0 0 0 0 1 9.07017
0 0 0 0 1 9.0548
0 0 0 0 1 9.10354
0 0 0 0 1 9.22476
0 0 0 0 0 9.19933
0 0 0 0 1 9.21946
0 0 0 0 1 9.35249
0 0 0 0 0 9.40924
0 0 0 0 1 9.40104
0 0 0 0 0 9.49563
0 0 0 0 1 9.50452
0 0 0 0 0 9.67825
0 0 0 0 1 9.78432
0 0 0 0 1 9.70524
0 0 0 0 1 9.79179
0 0 0 0 0 9.90011
0 0 0 0 1 10.0861
0 0 0 0 0 10.024
0 0 0 0 1 10.141
0 0 0 0 0 10.2603
0 0 0 0 1 10.3173
0 0 0 0 1 10.457
0 0 0 0 0 10.4536
0 0 0 0 1 10.4265
0 0 0 0 1 10.6201
0 0 0 0 1 10.6752
0 0 0 0 0 10.6998
0 0 0 0 0 10.8516
0 0 0 0 1 9.36173
0 0 0 0 1 9.27249
0 0 0 0 1 9.17925
0 0 0 0 1 9.29429
0 0 0 0 1 9.24767
0 0 0 0 1 9.17824
0 0 0 0 1 9.24233
0 0 0 0 1 9.11847
0 0 0 0 1 9.22822
0 0 0 0 1 9.16894
0 0 0 0 1 9.08723
0 0 0 0 0 9.01968
0 0 0 0 0 9.06557
0 0 0 0 1 8.98482
0 0 0 0 1 8.98136
0 0 0 0 0 9.00929
0 0 0 0 1 9.04192
0 0 0 0 1 9.00707
0 0 0 0 1 8.85614
0 0 0 0 1 8.99159
0 0 0 0 1 8.87301
0 0 0 0 1 8.9725
0 0 0 0 1 8.95633
0 0 0 0 1 8.79854
0 0 0 0 0 8.89791
0 0 0 0 0 8.74597
0 0 0 0 0 8.78359
0 0 0 0 1 8.75083
0 0 0 0 0 8.80607
0 0 0 0 1 8.721
0 0 0 0 1 8.82882
0 0 0 0 1 8.8017
0 0 0 0 1 8.639
0 0 0 0 1 8.67711
0 0 0 0 0 8.62832
0 0 0 0 1 8.6492
0 0 0 0 1 8.61817
0 0 0 0 1 8.70843
0 0 0 0 1 8.66037
0 0 0 0 1 8.69018
0 0 0 0 1 8.58229
0 0 0 0 1 8.62097
0 0 0 0 1 8.60817
0 0 0 0 1 8.62125
0 0 0 0 1 8.63442
0 0 0 0 1 8.59642
0 0 0 0 0 8.45925
0 0 0 0 0 8.46444
0 0 0 0 1 8.56698
0 0 0 0 1 8.68254
0 0 0 0 1 8.7539
0 0 0 0 1 8.90505
0 0 0 0 1 9.07509
0 0 0 0 0 9.27449
0 0 0 0 1 9.33508
0 0 0 0 1 9.60301
0 0 0 0 1 9.66168
0 0 0 0 1 9.77641
0 0 0 0 1 9.9998
0 0 0 0 1 10.2045
0 0 0 0 1 10.3276
0 0 0 0 1 10.5317
0 0 0 0 1 10.8449
0 0 0 0 0 10.9965
0 0 0 0 0 11.1574
0 0 0 0 1 11.4062
0 0 0 0 1 11.5041
0 0 0 0 1 11.7132
0 0 0 0 1 12.0301
0 0 0 0 1 12.2717
0 0 0 0 0 12.4725
0 0 0 0 1 12.809
0 0 0 0 0 22.91
0 0 0 0 1 22.4822
0 0 0 0 1 22.6437
0 0 0 0 1 22.603
0 0 0 0 1 22.6082
0 0 0 0 1 22.4779
0 0 0 0 1 22.7554
0 0 0 0 1 22.7616
0 0 0 0 1 22.4972
0 0 0 0 1 22.5044
0 0 0 0 0 22.512
0 0 0 0 0 22.768
0 0 0 0 1 22.3947
0 0 0 0 1 22.5612
0 0 0 0 0 22.3679
0 0 0 0 1 22.5125
0 0 0 0 0 22.4327
0 0 0 0 0 22.5331
0 0 0 0 1 23.13
0 0 0 0 1 23.9067
0 0 0 0 1 25.1934
0 0 0 0 1 26.1074
0 0 0 0 0 36.4904
0 0 0 0 1 36.5482
0 0 0 0 1 36.0972
0 0 0 0 0 36.0838
0 0 0 0 1 36.6109
0 0 0 0 1 38.4493
0 0 0 0 1 51.9626
0 0 0 0 1 51.5307
0 0 0 0 1 51.8291
0 0 0 0 1 52.0757
0 0 0 0 0 51.5431
0 0 0 0 1 56.5543
0 0 0 0 1 64.8733
0 0 0 0 1 70.0122
0 0 0 0 0 82.1372
0 0 0 0 0 4.9599
0 0 0 0 0 5.03505
0 0 0 0 0 5.04006
0 0 0 0 0 5.04006
0 0 0 0 0 5.04507
0 0 0 0 0 5.00499
0 0 0 0 0 5.05008
0 0 0 0 0 5.00499
0 0 0 0 0 4.99998
0 0 0 0 0 5.02002
0 0 0 0 0 4.98495
0 0 0 0 0 4.96992
0 0 0 0 1 87.5032
0 0 0 0 1 88.2131
0 0 0 0 0 74.694
0 0 0 0 1 64.0305
0 0 0 0 1 59.9212
0 0 0 0 1 60.2349
0 0 0 0 1 60.3073
0 0 0 0 1 51.8802
0 0 0 0 1 47.5553
0 0 0 0 1 47.9035
0 0 0 0 1 39.0778
0 0 0 0 1 36.7093
0 0 0 0 1 35.9175
0 0 0 0 1 35.9298
0 0 0 0 1 35.6207
0 0 0 0 1 35.4915
0 0 0 0 1 28.3586
0 0 0 0 1 26.9107
0 0 0 0 1 25.8955
0 0 0 0 1 24.5899
0 0 0 0 1 24.5278
0 0 0 0 1 24.7617
0 0 0 0 1 24.8965
0 0 0 0 0 24.7371
0 0 0 0 1 24.6027
0 0 0 0 0 24.6415
0 0 0 0 1 24.7796
0 0 0 0 1 24.8688
0 0 0 0 1 24.4873
0 0 0 0 1 18.1817
0 0 0 0 0 17.8273
0 0 0 0 1 17.0198
0 0 0 0 1 16.8615
0 0 0 0 1 16.2121
0 0 0 0 1 15.7525
0 0 0 0 1 15.5474
0 0 0 0 1 15.2724
0 0 0 0 1 14.6835
0 0 0 0 1 14.3942
0 0 0 0 1 13.9862
0 0 0 0 1 13.8592
0 0 0 0 1 13.9127
0 0 0 0 1 13.897
0 0 0 0 1 13.8397
0 0 0 0 1 13.8801
0 0 0 0 1 14.0485
0 0 0 0 1 13.922
0 0 0 0 1 13.8515
0 0 0 0 1 14.1308
0 0 0 0 1 13.867
0 0 0 0 1 13.937
0 0 0 0 1 13.9934
0 0 0 0 1 14.1485
0 0 0 0 1 13.9268
0 0 0 0 0 14.0404
0 0 0 0 1 13.9852
0 0 0 0 1 14.0739
0 0 0 0 1 14.2169
0 0 0 0 0 14.0775
0 0 0 0 1 14.1957
0 0 0 0 1 14.0847
0 0 0 0 0 14.2179
0 0 0 0 0 14.3488
0 0 0 0 1 14.1557
0 0 0 0 1 14.216
0 0 0 0 0 14.3939
0 0 0 0 1 14.1548
0 0 0 0 1 14.3765
0 0 0 0 1 14.4526
0 0 0 0 1 8.80827
0 0 0 0 1 8.63379
0 0 0 0 1 8.55566
0 0 0 0 1 8.5457
0 0 0 0 1 8.37417
0 0 0 0 1 8.21275
0 0 0 0 0 8.20148
0 0 0 0 1 8.04146
0 0 0 0 1 8.05223
0 0 0 0 1 7.89476
0 0 0 0 0 7.81075
0 0 0 0 1 7.68666
0 0 0 0 1 7.56506
0 0 0 0 1 7.5049
0 0 0 0 1 7.51913
0 0 0 0 1 7.42977
0 0 0 0 1 7.26572
0 0 0 0 1 7.25034
0 0 0 0 1 7.2339
0 0 0 0 1 7.16676
0 0 0 0 1 7.07854
0 0 0 0 0 6.91648
0 0 0 0 0 6.95391
0 0 0 0 0 6.84164
0 0 0 0 0 6.72362
0 0 0 0 1 6.63351
0 0 0 0 1 6.62361
0 0 0 0 0 6.54059
0 0 0 0 1 6.4841
0 0 0 0 0 6.50755
0 0 0 0 1 6.32265
0 0 0 0 0 6.39597
0 0 0 0 1 6.23493
0 0 0 0 1 6.27504
0 0 0 0 0 6.20257
0 0 0 0 1 6.09995
0 0 0 0 1 6.05895
0 0 0 0 0 5.96652
0 0 0 0 1 5.94378
0 0 0 0 1 5.94724
0 0 0 0 1 5.86487
0 0 0 0 0 5.85015
0 0 0 0 1 5.82931
0 0 0 0 1 5.70491
0 0 0 0 1 5.68136
0 0 0 0 1 5.70002
0 0 0 0 1 5.64502
0 0 0 0 1 5.54892
0 0 0 0 1 5.53903
0 0 0 0 0 5.52326
0 0 0 0 0 5.47456
0 0 0 0 1 5.35364
0 0 0 0 1 5.31978
0 0 0 0 1 5.35212
0 0 0 0 1 5.32326
0 0 0 0 1 5.23865
0 0 0 0 1 5.2623
0 0 0 0 1 5.16093
0 0 0 0 1 5.1326
0 0 0 0 1 5.16567
0 0 0 0 0 5.08798
0 0 0 0 1 4.9941
0 0 0 0 1 4.9995
0 0 0 0 0 4.97642
0 0 0 0 1 4.98301
0 0 0 0 0 4.87121
0 0 0 0 0 4.86797
0 0 0 0 0 4.87751
0 0 0 0 1 4.84957
0 0 0 0 1 4.8487
0 0 0 0 1 4.83152
0 0 0 0 1 4.86372
0 0 0 0 1 4.85726
0 0 0 0 1 4.85941
0 0 0 0 1 4.86754
0 0 0 0 1 4.87572
0 0 0 0 1 4.88394
0 0 0 0 1 4.98002
0 0 0 0 1 4.99856
0 0 0 0 1 4.96247
0 0 0 0 1 4.94988
0 0 0 0 0 5.03354
0 0 0 0 1 5.07254
0 0 0 0 1 5.09667
0 0 0 0 1 5.05509
0 0 0 0 1 5.06401
0 0 0 0 1 5.07296
0 0 0 0 0 5.1434
0 0 0 0 1 5.09477
0 0 0 0 1 5.18629
0 0 0 0 1 5.12321
0 0 0 0 1 5.17388
0 0 0 0 1 5.24053
0 0 0 0 1 5.20295
0 0 0 0 0 5.2596
0 0 0 0 0 5.24279
0 0 0 0 1 5.34908
0 0 0 0 1 5.35892
0 0 0 0 1 5.33673
0 0 0 0 0 5.38401
0 0 0 0 1 5.41005
0 0 0 0 1 5.37824
0 0 0 0 1 5.38803
0 0 0 0 1 5.46871
0 0 0 0 1 5.49519
0 0 0 0 1 5.46285
0 0 0 0 0 5.48937
0 0 0 0 0 5.56748
0 0 0 0 0 5.59445
0 0 0 0 1 5.55033
0 0 0 0 0 5.58289
0 0 0 0 1 5.65671
0 0 0 0 0 5.63872
0 0 0 0 1 5.65619
0 0 0 0 1 5.67789
0 0 0 0 1 5.69543
0 0 0 0 1 5.72454
0 0 0 0 1 5.75959
0 0 0 0 1 5.86913
0 0 0 0 1 5.90492
0 0 0 0 1 5.935
0 0 0 0 1 5.87042
0 0 0 0 1 5.98956
0 0 0 0 1 5.99603
0 0 0 0 1 5.97831
0 0 0 0 0 6.08112
0 0 0 0 1 6.02073
0 0 0 0 1 6.16103
0 0 0 0 1 6.08776
0 0 0 0 1 6.11372
0 0 0 0 1 9.46192
0 0 0 0 1 9.44341
0 0 0 0 1 9.38394
0 0 0 0 1 9.47552
0 0 0 0 1 9.3444
0 0 0 0 1 9.41666
0 0 0 0 1 9.31133
0 0 0 0 1 9.26844
0 0 0 0 1 9.16745
0 0 0 0 0 9.24847
0 0 0 0 0 9.20934
0 0 0 0 1 9.13376
0 0 0 0 1 9.16835
0 0 0 0 1 9.09336
0 0 0 0 1 9.09151
0 0 0 0 1 9.00819
0 0 0 0 0 8.94344
0 0 0 0 1 9.01076
0 0 0 0 1 8.88357
0 0 0 0 1 8.97753
0 0 0 0 1 8.95825
0 0 0 0 0 8.90353
0 0 0 0 1 8.91124
0 0 0 0 0 8.83054
0 0 0 0 1 8.85276
0 0 0 0 1 8.84306
0 0 0 0 1 8.80716
0 0 0 0 1 8.83473
0 0 0 0 1 8.71189
0 0 0 0 1 8.63854
0 0 0 0 1 8.74255
0 0 0 0 1 8.63498
0 0 0 0 1 8.54013
0 0 0 0 1 8.65746
0 0 0 0 0 8.49451
0 0 0 0 0 8.56861
0 0 0 0 1 8.59467
0 0 0 0 1 8.47241
0 0 0 0 1 8.51218
0 0 0 0 1 8.51791
0 0 0 0 1 8.37991
0 0 0 0 1 8.48727
0 0 0 0 1 8.33693
0 0 0 0 1 8.40199
0 0 0 0 1 8.33283
0 0 0 0 1 8.38103
0 0 0 0 1 8.40407
0 0 0 0 1 8.39748
0 0 0 0 1 8.2629
0 0 0 0 1 8.23659
0 0 0 0 1 8.19839
0 0 0 0 1 8.29616
0 0 0 0 1 8.27015
0 0 0 0 1 8.24433
0 0 0 0 1 8.17774
0 0 0 0 1 8.09516
0 0 0 0 1 8.19252
0 0 0 0 1 8.07786
0 0 0 0 1 8.09378
0 0 0 0 0 8.10162
0 0 0 0 1 8.14999
0 0 0 0 1 8.06903
0 0 0 0 1 8.04493
0 0 0 0 0 8.05716
0 0 0 0 0 7.98514
0 0 0 0 1 7.98567
0 0 0 0 0 8.06633
0 0 0 0 1 7.93913
0 0 0 0 1 8.05548
0 0 0 0 0 7.96872
0 0 0 0 1 7.9857
0 0 0 0 0 7.96309
0 0 0 0 1 7.90109
0 0 0 0 1 7.96156
0 0 0 0 1 7.86052
0 0 0 0 1 7.93328
0 0 0 0 1 7.94647
0 0 0 0 1 7.77897
0 0 0 0 0 7.85189
0 0 0 0 1 7.85421
0 0 0 0 0 7.78631
0 0 0 0 0 7.87812
0 0 0 0 1 7.72488
0 0 0 0 1 7.72014
0 0 0 0 1 7.71086
0 0 0 0 1 7.74521
0 0 0 0 0 7.72837
