0 0 0 0 1 5.55289
0 0 0 0 1 5.52311
0 0 0 0 1 5.54344
0 0 0 0 1 5.6221
0 0 0 0 1 5.61493
0 0 0 0 1 5.55194
0 0 0 0 0 5.60552
0 0 0 0 1 5.61537
0 0 0 0 0 5.64446
0 0 0 0 1 5.56465
0 0 0 0 1 5.58039
0 0 0 0 1 5.66399
0 0 0 0 1 5.6823
0 0 0 0 1 5.70992
0 0 0 0 1 5.65838
0 0 0 0 1 5.65424
0 0 0 0 1 5.71634
0 0 0 0 1 5.642
0 0 0 0 1 5.68738
0 0 0 0 1 5.73685
0 0 0 0 1 5.76548
0 0 0 0 1 5.71399
0 0 0 0 1 5.75437
0 0 0 0 0 5.77195
0 0 0 0 1 5.81452
0 0 0 0 1 5.74572
0 0 0 0 1 5.85048
0 0 0 0 1 5.76421
0 0 0 0 0 5.85216
0 0 0 0 0 5.82397
0 0 0 0 1 5.78989
0 0 0 0 1 5.79248
0 0 0 0 1 5.84785
0 0 0 0 0 5.83142
0 0 0 0 0 5.92682
0 0 0 0 1 5.86934
0 0 0 0 0 5.95355
0 0 0 0 1 5.87822
0 0 0 0 1 5.99859
0 0 0 0 1 6.00052
0 0 0 0 0 5.94285
0 0 0 0 1 6.02252
0 0 0 0 0 5.93011
0 0 0 0 1 5.9501
0 0 0 0 1 5.99431
0 0 0 0 1 6.01465
0 0 0 0 1 6.02182
0 0 0 0 1 6.12738
0 0 0 0 1 6.08754
0 0 0 0 1 6.04144
0 0 0 0 0 6.12961
0 0 0 0 1 6.16311
0 0 0 0 1 6.15892
0 0 0 0 1 6.18762
0 0 0 0 1 6.11051
0 0 0 0 1 6.19393
0 0 0 0 1 6.22818
0 0 0 0 0 6.2368
0 0 0 0 0 6.24645
0 0 0 0 1 6.19987
0 0 0 0 1 6.23995
0 0 0 0 1 6.319
0 0 0 0 1 6.32275
0 0 0 0 0 6.34551
0 0 0 0 0 6.36206
0 0 0 0 1 6.37792
0 0 0 0 1 6.31811
0 0 0 0 1 6.46203
0 0 0 0 1 6.44061
0 0 0 0 1 6.48277
0 0 0 0 1 6.48067
0 0 0 0 1 6.41949
0 0 0 0 1 6.53424
0 0 0 0 1 6.55833
0 0 0 0 1 6.50411
0 0 0 0 1 6.6063
0 0 0 0 0 6.55119
0 0 0 0 1 6.58221
0 0 0 0 1 6.61277
0 0 0 0 1 6.65684
0 0 0 0 1 6.66783
0 0 0 0 1 6.733
0 0 0 0 1 6.77166
0 0 0 0 1 6.76289
0 0 0 0 0 6.79459
0 0 0 0 1 6.81969
0 0 0 0 1 6.79727
0 0 0 0 1 6.82932
0 0 0 0 1 6.82039
0 0 0 0 1 6.83201
0 0 0 0 1 6.87822
0 0 0 0 1 6.89054
0 0 0 0 1 6.94414
0 0 0 0 0 7.03998
0 0 0 0 0 6.96822
0 0 0 0 1 6.97327
0 0 0 0 1 6.99897
0 0 0 0 1 7.04659
0 0 0 0 1 7.19422
0 0 0 0 1 7.13554
0 0 0 0 1 7.21987
0 0 0 0 1 7.15347
0 0 0 0 1 7.28136
0 0 0 0 0 7.31615
0 0 0 0 1 7.27046
0 0 0 0 0 7.27599
0 0 0 0 0 7.37669
0 0 0 0 1 7.39762
0 0 0 0 1 7.44008
0 0 0 0 1 7.40824
0 0 0 0 1 7.50363
0 0 0 0 0 7.46401
0 0 0 0 0 7.58244
0 0 0 0 0 7.61835
0 0 0 0 1 7.62434
0 0 0 0 1 7.66808
0 0 0 0 1 7.61978
0 0 0 0 1 7.65582
0 0 0 0 1 7.7541
0 0 0 0 1 7.76733
0 0 0 0 0 7.79665
0 0 0 0 1 7.79411
0 0 0 0 1 7.87776
0 0 0 0 1 7.95458
0 0 0 0 1 8.05544
0 0 0 0 1 7.99694
0 0 0 0 1 8.0022
0 0 0 0 0 8.03161
0 0 0 0 1 8.1012
0 0 0 0 1 8.17182
0 0 0 0 1 8.29173
0 0 0 0 1 8.2222
0 0 0 0 1 8.39355
0 0 0 0 1 8.38181
0 0 0 0 0 8.42005
0 0 0 0 1 8.41608
0 0 0 0 0 8.56481
0 0 0 0 1 8.56089
0 0 0 0 1 8.66901
0 0 0 0 1 8.61312
0 0 0 0 1 8.65971
0 0 0 0 1 8.73344
0 0 0 0 1 8.74522
0 0 0 0 1 8.74963
0 0 0 0 1 8.80525
0 0 0 0 1 9.02216
0 0 0 0 1 9.03414
0 0 0 0 1 9.10919
0 0 0 0 1 9.14911
0 0 0 0 1 9.17891
0 0 0 0 0 9.13474
0 0 0 0 1 9.24731
0 0 0 0 1 9.26848
0 0 0 0 0 9.40924
0 0 0 0 1 9.40104
0 0 0 0 1 9.53373
0 0 0 0 1 9.50452
0 0 0 0 1 9.56246
0 0 0 0 1 9.79404
0 0 0 0 1 9.82264
0 0 0 0 0 9.75239
0 0 0 0 1 9.88029
0 0 0 0 1 9.91634
0 0 0 0 1 10.024
0 0 0 0 1 10.1612
0 0 0 0 1 10.2705
0 0 0 0 1 10.2454
0 0 0 0 0 10.281
0 0 0 0 0 10.5161
0 0 0 0 1 10.4055
0 0 0 0 0 10.5884
0 0 0 0 0 10.5792
0 0 0 0 1 10.7105
0 0 0 0 1 10.7216
0 0 0 0 1 9.21284
0 0 0 0 1 9.24464
0 0 0 0 1 9.16999
0 0 0 0 1 9.25734
0 0 0 0 1 9.24767
0 0 0 0 0 9.26101
0 0 0 0 1 9.12301
0 0 0 0 1 9.22833
0 0 0 0 1 9.20995
0 0 0 0 1 9.09602
0 0 0 0 1 9.15091
0 0 0 0 1 9.05597
0 0 0 0 1 9.04746
0 0 0 0 0 9.07521
0 0 0 0 1 9.06251
0 0 0 0 1 9.04529
0 0 0 0 1 9.05988
0 0 0 0 1 8.92641
0 0 0 0 1 8.89192
0 0 0 0 1 9.00944
0 0 0 0 1 8.91756
0 0 0 0 1 8.80354
0 0 0 0 1 8.80543
0 0 0 0 1 8.92259
0 0 0 0 0 8.86253
0 0 0 0 1 8.86953
0 0 0 0 0 8.83645
0 0 0 0 1 8.71565
0 0 0 0 1 8.86753
0 0 0 0 0 8.67717
0 0 0 0 1 8.69757
0 0 0 0 1 8.74058
0 0 0 0 0 8.76976
0 0 0 0 0 8.73803
0 0 0 0 1 8.66308
0 0 0 0 1 8.66655
0 0 0 0 1 8.65282
0 0 0 0 1 8.63059
0 0 0 0 0 8.669
0 0 0 0 1 8.54362
0 0 0 0 1 8.65976
0 0 0 0 1 8.66395
0 0 0 0 1 8.63392
0 0 0 0 1 8.51841
0 0 0 0 1 8.4975
0 0 0 0 1 8.48533
0 0 0 0 1 8.62143
0 0 0 0 1 8.49002
0 0 0 0 1 8.61843
0 0 0 0 1 8.62164
0 0 0 0 1 8.85097
0 0 0 0 0 8.98568
0 0 0 0 1 9.03872
0 0 0 0 1 9.22831
0 0 0 0 1 9.3257
0 0 0 0 1 9.5744
0 0 0 0 1 9.61328
0 0 0 0 0 9.82564
0 0 0 0 0 9.97978
0 0 0 0 1 10.1434
0 0 0 0 1 10.338
0 0 0 0 1 10.5001
0 0 0 0 1 10.7697
0 0 0 0 1 10.9527
0 0 0 0 1 11.1909
0 0 0 0 0 11.2926
0 0 0 0 1 11.5388
0 0 0 0 0 11.855
0 0 0 0 0 11.9819
0 0 0 0 1 12.3702
0 0 0 0 1 12.5479
0 0 0 0 1 12.809
0 0 0 0 1 22.8191
0 0 0 0 1 22.8002
0 0 0 0 1 22.5075
0 0 0 0 1 22.8298
0 0 0 0 1 22.6082
0 0 0 0 1 22.41
0 0 0 0 1 22.3935
0 0 0 0 1 22.5582
0 0 0 0 0 22.3617
0 0 0 0 1 22.527
0 0 0 0 1 22.7376
0 0 0 0 1 22.6328
0 0 0 0 1 22.4623
0 0 0 0 1 22.4936
0 0 0 0 1 22.4804
0 0 0 0 0 22.58
0 0 0 0 1 22.6799
0 0 0 0 1 22.2635
0 0 0 0 1 23.0372
0 0 0 0 1 24.3168
0 0 0 0 0 25.2437
0 0 0 0 1 26.1861
0 0 0 0 1 36.1263
0 0 0 0 1 36.075
0 0 0 0 1 36.3156
0 0 0 0 0 36.011
0 0 0 0 1 36.1742
0 0 0 0 0 38.2181
0 0 0 0 0 52.4832
0 0 0 0 1 51.895
0 0 0 0 1 51.7771
0 0 0 0 1 51.5555
0 0 0 0 1 52.5313
0 0 0 0 0 56.8362
0 0 0 0 0 65.9862
0 0 0 0 1 69.5246
0 0 0 0 0 81.8918
0 0 0 0 0 5.04507
0 0 0 0 0 4.97493
0 0 0 0 0 5.01501
0 0 0 0 0 5.04006
0 0 0 0 0 5.05008
0 0 0 0 0 4.99998
0 0 0 0 0 5.03004
0 0 0 0 0 5.02503
0 0 0 0 0 4.96491
0 0 0 0 0 4.97493
0 0 0 0 0 4.98996
0 0 0 0 0 4.98996
0 0 0 0 1 88.2916
0 0 0 0 1 87.9503
0 0 0 0 1 74.9946
0 0 0 0 1 63.7751
0 0 0 0 1 60.8896
0 0 0 0 1 61.0219
0 0 0 0 1 60.4889
0 0 0 0 1 51.1066
0 0 0 0 1 47.6512
0 0 0 0 1 47.7595
0 0 0 0 1 39.5098
0 0 0 0 1 36.8566
0 0 0 0 1 35.4182
0 0 0 0 1 35.3589
0 0 0 0 0 35.3709
0 0 0 0 0 35.9199
0 0 0 0 1 28.2183
0 0 0 0 1 27.0715
0 0 0 0 0 25.3827
0 0 0 0 1 24.5161
0 0 0 0 0 24.6016
0 0 0 0 1 24.3921
0 0 0 0 1 24.8225
0 0 0 0 1 24.8358
0 0 0 0 0 24.7014
0 0 0 0 1 24.5427
0 0 0 0 1 24.5819
0 0 0 0 1 24.6464
0 0 0 0 1 24.8336
0 0 0 0 1 18.1271
0 0 0 0 1 17.562
0 0 0 0 0 17.0198
0 0 0 0 1 16.5939
0 0 0 0 1 16.1795
0 0 0 0 1 15.8477
0 0 0 0 0 15.439
0 0 0 0 1 15.0456
0 0 0 0 0 14.7277
0 0 0 0 1 14.351
0 0 0 0 1 14.2118
0 0 0 0 1 13.9981
0 0 0 0 1 14.0239
0 0 0 0 1 13.8414
0 0 0 0 1 13.8954
0 0 0 0 1 13.9776
0 0 0 0 1 13.9648
0 0 0 0 1 14.0337
0 0 0 0 1 14.117
0 0 0 0 1 14.0888
0 0 0 0 1 14.0771
0 0 0 0 0 13.9931
0 0 0 0 0 13.9654
0 0 0 0 1 14.1907
0 0 0 0 1 13.9409
0 0 0 0 1 14.0404
0 0 0 0 1 14.0698
0 0 0 0 1 14.1445
0 0 0 0 0 14.0332
0 0 0 0 1 14.2049
0 0 0 0 1 14.2382
0 0 0 0 1 14.0847
0 0 0 0 1 14.1469
0 0 0 0 1 14.3488
0 0 0 0 1 14.1272
0 0 0 0 0 14.1305
0 0 0 0 1 14.3653
0 0 0 0 1 14.3121
0 0 0 0 1 14.4195
0 0 0 0 1 14.2232
0 0 0 0 1 8.73766
0 0 0 0 1 8.69478
0 0 0 0 1 8.67604
0 0 0 0 0 8.52021
0 0 0 0 0 8.30704
0 0 0 0 1 8.30391
0 0 0 0 1 8.11136
0 0 0 0 1 8.0091
0 0 0 0 1 7.96427
0 0 0 0 1 7.93427
0 0 0 0 1 7.88893
0 0 0 0 1 7.71756
0 0 0 0 0 7.61091
0 0 0 0 0 7.58804
0 0 0 0 1 7.40701
0 0 0 0 1 7.47417
0 0 0 0 1 7.25109
0 0 0 0 0 7.22861
0 0 0 0 0 7.2124
0 0 0 0 0 7.07451
0 0 0 0 1 6.99427
0 0 0 0 1 6.90952
0 0 0 0 1 6.82998
0 0 0 0 1 6.84164
0 0 0 0 1 6.80471
0 0 0 0 1 6.68706
0 0 0 0 0 6.59709
0 0 0 0 1 6.53402
0 0 0 0 1 6.52312
0 0 0 0 1 6.4366
0 0 0 0 1 6.3929
0 0 0 0 1 6.31998
0 0 0 0 1 6.304
0 0 0 0 1 6.28749
0 0 0 0 1 6.19022
0 0 0 0 1 6.09383
0 0 0 0 1 6.03469
0 0 0 0 1 5.9906
0 0 0 0 1 5.94378
0 0 0 0 1 5.91762
0 0 0 0 1 5.85313
0 0 0 0 0 5.8618
0 0 0 0 1 5.75413
0 0 0 0 0 5.79674
0 0 0 0 1 5.74392
0 0 0 0 0 5.6718
0 0 0 0 1 5.62262
0 0 0 0 1 5.61571
0 0 0 0 1 5.57217
0 0 0 0 1 5.49038
0 0 0 0 1 5.44194
0 0 0 0 0 5.39686
0 0 0 0 1 5.34662
0 0 0 0 1 5.3468
0 0 0 0 1 5.25447
0 0 0 0 1 5.20716
0 0 0 0 1 5.2623
0 0 0 0 0 5.14021
0 0 0 0 1 5.11201
0 0 0 0 1 5.12987
0 0 0 0 0 5.09305
0 0 0 0 1 5.04953
0 0 0 0 1 5.00952
0 0 0 0 1 4.99137
0 0 0 0 1 4.90384
0 0 0 0 0 4.93511
0 0 0 0 1 4.87774
0 0 0 0 1 4.87751
0 0 0 0 1 4.82062
0 0 0 0 1 4.79574
0 0 0 0 1 4.86048
0 0 0 0 1 4.80075
0 0 0 0 0 4.81836
0 0 0 0 0 4.82529
0 0 0 0 1 4.86754
0 0 0 0 0 4.91991
0 0 0 0 1 4.90365
0 0 0 0 1 4.95038
0 0 0 0 1 5.00352
0 0 0 0 1 4.99731
0 0 0 0 1 5.0397
0 0 0 0 0 5.05357
0 0 0 0 1 5.07757
0 0 0 0 1 5.05125
0 0 0 0 1 5.07029
0 0 0 0 0 5.07418
0 0 0 0 1 5.05254
0 0 0 0 1 5.09217
0 0 0 0 0 5.11018
0 0 0 0 1 5.11927
0 0 0 0 1 5.20601
0 0 0 0 1 5.17908
0 0 0 0 1 5.21968
0 0 0 0 1 5.23959
0 0 0 0 1 5.28062
0 0 0 0 1 5.26916
0 0 0 0 0 5.31727
0 0 0 0 0 5.30571
0 0 0 0 0 5.36878
0 0 0 0 1 5.41618
0 0 0 0 0 5.37236
0 0 0 0 0 5.44858
0 0 0 0 0 5.4695
0 0 0 0 1 5.49597
0 0 0 0 1 5.48972
0 0 0 0 1 5.52337
0 0 0 0 1 5.47833
0 0 0 0 1 5.50642
0 0 0 0 1 5.53873
0 0 0 0 1 5.62314
0 0 0 0 1 5.59414
0 0 0 0 1 5.6002
0 0 0 0 1 5.6217
0 0 0 0 1 5.64479
0 0 0 0 1 5.67789
0 0 0 0 1 5.75871
0 0 0 0 1 5.76501
0 0 0 0 1 5.84095
0 0 0 0 0 5.82829
0 0 0 0 1 5.84042
0 0 0 0 0 5.87017
0 0 0 0 1 5.87634
0 0 0 0 0 5.91812
0 0 0 0 1 5.99603
0 0 0 0 1 5.97831
0 0 0 0 1 6.03276
0 0 0 0 1 6.09971
0 0 0 0 1 6.14272
0 0 0 0 1 6.19209
0 0 0 0 1 6.11372
0 0 0 0 1 9.57615
0 0 0 0 1 9.47185
0 0 0 0 1 9.45954
0 0 0 0 1 9.44726
0 0 0 0 1 9.35378
0 0 0 0 0 9.39796
0 0 0 0 0 9.37657
0 0 0 0 0 9.20336
0 0 0 0 1 9.20449
0 0 0 0 1 9.32231
0 0 0 0 1 9.27374
0 0 0 0 1 9.22546
0 0 0 0 1 9.23233
0 0 0 0 0 9.2027
0 0 0 0 1 9.16417
0 0 0 0 1 9.07156
0 0 0 0 0 9.05173
0 0 0 0 0 8.96575
0 0 0 0 1 9.00022
0 0 0 0 0 8.87907
0 0 0 0 1 8.94041
0 0 0 0 1 8.85906
0 0 0 0 0 8.95558
0 0 0 0 1 8.79518
0 0 0 0 0 8.79986
0 0 0 0 1 8.87822
0 0 0 0 1 8.69324
0 0 0 0 1 8.79099
0 0 0 0 0 8.78165
0 0 0 0 0 8.69074
0 0 0 0 1 8.60377
0 0 0 0 1 8.69555
0 0 0 0 1 8.61776
0 0 0 0 1 8.51977
0 0 0 0 1 8.62321
0 0 0 0 1 8.61141
0 0 0 0 1 8.46665
0 0 0 0 1 8.59162
0 0 0 0 1 8.58014
0 0 0 0 1 8.50096
0 0 0 0 1 8.44756
0 0 0 0 0 8.4029
0 0 0 0 1 8.3874
0 0 0 0 1 8.36002
0 0 0 0 1 8.34121
0 0 0 0 1 8.37267
0 0 0 0 1 8.31236
0 0 0 0 1 8.25614
0 0 0 0 1 8.28779
0 0 0 0 1 8.20348
0 0 0 0 1 8.21492
0 0 0 0 1 8.29616
0 0 0 0 0 8.19609
0 0 0 0 1 8.28539
0 0 0 0 1 8.13677
0 0 0 0 1 8.1851
0 0 0 0 0 8.08644
0 0 0 0 1 8.12672
0 0 0 0 1 8.07753
0 0 0 0 0 8.15028
0 0 0 0 0 8.08524
0 0 0 0 1 8.09326
0 0 0 0 0 8.05299
0 0 0 0 0 8.06521
0 0 0 0 1 8.08154
0 0 0 0 1 8.06585
0 0 0 0 1 7.9463
0 0 0 0 1 8.05894
0 0 0 0 1 8.05548
0 0 0 0 1 7.97668
0 0 0 0 0 7.90624
0 0 0 0 0 7.97102
0 0 0 0 0 7.93276
0 0 0 0 1 7.89831
0 0 0 0 1 7.94733
0 0 0 0 1 7.84662
0 0 0 0 1 7.90713
0 0 0 0 1 7.88112
0 0 0 0 1 7.79698
0 0 0 0 0 7.79157
0 0 0 0 1 7.80977
0 0 0 0 0 7.75319
0 0 0 0 0 7.87298
0 0 0 0 1 7.81353
0 0 0 0 0 7.70309
0 0 0 0 1 7.79178
0 0 0 0 0 7.82914
