0 0 0 0 0 5.55844
0 0 0 0 1 5.52311
0 0 0 0 1 5.58796
0 0 0 0 1 5.57752
0 0 0 0 1 5.61493
0 0 0 0 0 5.63581
0 0 0 0 1 5.60552
0 0 0 0 1 5.62658
0 0 0 0 1 5.57713
0 0 0 0 1 5.58152
0 0 0 0 1 5.63671
0 0 0 0 1 5.66963
0 0 0 0 0 5.63711
0 0 0 0 0 5.68163
0 0 0 0 1 5.61869
0 0 0 0 0 5.73371
0 0 0 0 1 5.64808
0 0 0 0 1 5.74458
0 0 0 0 1 5.66454
0 0 0 0 1 5.77113
0 0 0 0 0 5.7483
0 0 0 0 0 5.67957
0 0 0 0 1 5.75437
0 0 0 0 1 5.81803
0 0 0 0 1 5.80875
0 0 0 0 1 5.73994
0 0 0 0 1 5.76939
0 0 0 0 0 5.7526
0 0 0 0 0 5.85216
0 0 0 0 1 5.81814
0 0 0 0 1 5.86
0 0 0 0 0 5.86854
0 0 0 0 1 5.89472
0 0 0 0 1 5.84317
0 0 0 0 1 5.8503
0 0 0 0 1 5.88113
0 0 0 0 0 5.8826
0 0 0 0 0 5.91377
0 0 0 0 1 5.94514
0 0 0 0 1 6.00052
0 0 0 0 1 6.01445
0 0 0 0 0 6.01056
0 0 0 0 1 5.94808
0 0 0 0 1 5.9441
0 0 0 0 0 6.04246
0 0 0 0 0 6.07498
0 0 0 0 0 6.01577
0 0 0 0 1 6.12738
0 0 0 0 0 6.13011
0 0 0 0 1 6.05364
0 0 0 0 1 6.14794
0 0 0 0 1 6.12023
0 0 0 0 1 6.08516
0 0 0 0 1 6.21225
0 0 0 0 1 6.15989
0 0 0 0 1 6.18156
0 0 0 0 1 6.20957
0 0 0 0 0 6.28037
0 0 0 0 1 6.21525
0 0 0 0 1 6.26869
0 0 0 0 1 6.25879
0 0 0 0 1 6.26235
0 0 0 0 1 6.25965
0 0 0 0 1 6.28225
0 0 0 0 0 6.40647
0 0 0 0 1 6.37156
0 0 0 0 0 6.33087
0 0 0 0 1 6.39158
0 0 0 0 0 6.47272
0 0 0 0 1 6.40544
0 0 0 0 1 6.44836
0 0 0 0 1 6.45191
0 0 0 0 1 6.50823
0 0 0 0 0 6.57137
0 0 0 0 1 6.56948
0 0 0 0 1 6.6063
0 0 0 0 1 6.57094
0 0 0 0 0 6.57561
0 0 0 0 0 6.65915
0 0 0 0 1 6.61029
0 0 0 0 1 6.69453
0 0 0 0 0 6.67945
0 0 0 0 1 6.6777
0 0 0 0 1 6.76963
0 0 0 0 1 6.81487
0 0 0 0 1 6.73826
0 0 0 0 1 6.83132
0 0 0 0 1 6.7883
0 0 0 0 1 6.8547
0 0 0 0 1 6.93531
0 0 0 0 1 6.96809
0 0 0 0 1 6.88361
0 0 0 0 1 6.9998
0 0 0 0 0 7.03299
0 0 0 0 0 6.96822
0 0 0 0 1 6.97327
0 0 0 0 1 7.04139
0 0 0 0 1 7.05369
0 0 0 0 1 7.17285
0 0 0 0 0 7.22134
0 0 0 0 1 7.13375
0 0 0 0 1 7.16788
0 0 0 0 1 7.19451
0 0 0 0 0 7.21444
0 0 0 0 1 7.36535
0 0 0 0 1 7.29064
0 0 0 0 1 7.39877
0 0 0 0 1 7.36809
0 0 0 0 1 7.46975
0 0 0 0 0 7.39334
0 0 0 0 1 7.50363
0 0 0 0 0 7.58428
0 0 0 0 1 7.52957
0 0 0 0 1 7.58041
0 0 0 0 1 7.63958
0 0 0 0 1 7.68339
0 0 0 0 1 7.65823
0 0 0 0 1 7.78715
0 0 0 0 0 7.74634
0 0 0 0 1 7.87651
0 0 0 0 1 7.8671
0 0 0 0 1 7.94354
0 0 0 0 1 7.84612
0 0 0 0 1 7.88306
0 0 0 0 1 7.93557
0 0 0 0 1 7.95679
0 0 0 0 1 8.1232
0 0 0 0 0 8.08834
0 0 0 0 1 8.1664
0 0 0 0 1 8.14726
0 0 0 0 1 8.22585
0 0 0 0 1 8.2636
0 0 0 0 1 8.38523
0 0 0 0 1 8.39017
0 0 0 0 1 8.43688
0 0 0 0 0 8.5345
0 0 0 0 1 8.5478
0 0 0 0 1 8.47537
0 0 0 0 1 8.58309
0 0 0 0 1 8.62176
0 0 0 0 1 8.63363
0 0 0 0 1 8.77715
0 0 0 0 1 8.8684
0 0 0 0 1 8.89104
0 0 0 0 1 8.96534
0 0 0 0 1 8.89686
0 0 0 0 0 8.94407
0 0 0 0 1 9.10012
0 0 0 0 1 9.16733
0 0 0 0 1 9.14223
0 0 0 0 0 9.28237
0 0 0 0 1 9.24731
0 0 0 0 1 9.35249
0 0 0 0 1 9.38104
0 0 0 0 0 9.53345
0 0 0 0 0 9.50516
0 0 0 0 1 9.51411
0 0 0 0 0 9.5914
0 0 0 0 1 9.79404
0 0 0 0 1 9.82264
0 0 0 0 0 9.8312
0 0 0 0 1 9.90011
0 0 0 0 1 10.0462
0 0 0 0 1 10.0441
0 0 0 0 1 10.0903
0 0 0 0 1 10.2705
0 0 0 0 1 10.2043
0 0 0 0 0 10.3949
0 0 0 0 0 10.4015
0 0 0 0 1 10.5945
0 0 0 0 1 10.5884
0 0 0 0 1 10.7605
0 0 0 0 1 10.6783
0 0 0 0 0 10.8407
0 0 0 0 1 9.27798
0 0 0 0 1 9.23536
0 0 0 0 1 9.35524
0 0 0 0 1 9.2019
0 0 0 0 0 9.13703
0 0 0 0 1 9.15984
0 0 0 0 1 9.11384
0 0 0 0 1 9.16425
0 0 0 0 1 9.0729
0 0 0 0 1 9.05045
0 0 0 0 1 9.06904
0 0 0 0 1 9.11949
0 0 0 0 0 9.02029
0 0 0 0 1 9.12041
0 0 0 0 0 8.92725
0 0 0 0 1 9.01829
0 0 0 0 0 9.05988
0 0 0 0 1 8.89952
0 0 0 0 1 8.89192
0 0 0 0 1 8.91122
0 0 0 0 1 8.82847
0 0 0 0 1 8.81244
0 0 0 0 1 8.88532
0 0 0 0 0 8.84284
0 0 0 0 1 8.88906
0 0 0 0 1 8.79892
0 0 0 0 1 8.74835
0 0 0 0 0 8.75083
0 0 0 0 0 8.70071
0 0 0 0 1 8.78235
0 0 0 0 1 8.66257
0 0 0 0 1 8.68819
0 0 0 0 1 8.64771
0 0 0 0 0 8.75544
0 0 0 0 1 8.74128
0 0 0 0 1 8.6839
0 0 0 0 1 8.69612
0 0 0 0 1 8.63059
0 0 0 0 0 8.58266
0 0 0 0 1 8.65569
0 0 0 0 1 8.65115
0 0 0 0 1 8.67254
0 0 0 0 0 8.53951
0 0 0 0 1 8.53555
0 0 0 0 1 8.64298
0 0 0 0 1 8.62206
0 0 0 0 1 8.48485
0 0 0 0 0 8.57526
0 0 0 0 1 8.49837
0 0 0 0 1 8.62164
0 0 0 0 0 8.74507
0 0 0 0 1 8.91401
0 0 0 0 1 9.08418
0 0 0 0 0 9.19136
0 0 0 0 0 9.47581
0 0 0 0 1 9.54579
0 0 0 0 1 9.67136
0 0 0 0 1 9.76657
0 0 0 0 0 9.94975
0 0 0 0 1 10.1129
0 0 0 0 1 10.4623
0 0 0 0 1 10.6584
0 0 0 0 1 10.7268
0 0 0 0 1 10.8433
0 0 0 0 0 11.124
0 0 0 0 1 11.2812
0 0 0 0 0 11.5041
0 0 0 0 1 11.855
0 0 0 0 1 11.9457
0 0 0 0 1 12.3333
0 0 0 0 1 12.4976
0 0 0 0 1 12.7576
0 0 0 0 0 22.7055
0 0 0 0 1 22.5504
0 0 0 0 1 22.5756
0 0 0 0 1 22.4444
0 0 0 0 0 22.4723
0 0 0 0 1 22.5458
0 0 0 0 1 22.8232
0 0 0 0 1 22.5808
0 0 0 0 0 22.7682
0 0 0 0 1 22.527
0 0 0 0 0 22.4218
0 0 0 0 1 22.475
0 0 0 0 1 22.5074
0 0 0 0 0 22.6287
0 0 0 0 0 22.3004
0 0 0 0 1 22.5125
0 0 0 0 1 22.5001
0 0 0 0 1 22.3983
0 0 0 0 1 23.3852
0 0 0 0 1 24.1479
0 0 0 0 1 25.0929
0 0 0 0 0 26.1336
0 0 0 0 1 36.6725
0 0 0 0 1 36.7667
0 0 0 0 0 36.2428
0 0 0 0 0 36.3384
0 0 0 0 1 36.0286
0 0 0 0 1 38.141
0 0 0 0 1 52.3791
0 0 0 0 1 51.9991
0 0 0 0 1 51.7771
0 0 0 0 1 51.5035
0 0 0 0 1 51.4911
0 0 0 0 1 56.4415
0 0 0 0 1 65.7244
0 0 0 0 1 70.0819
0 0 0 0 1 81.6464
0 0 0 0 0 5.02503
0 0 0 0 0 4.99998
0 0 0 0 0 4.99497
0 0 0 0 0 5.03505
0 0 0 0 0 4.96491
0 0 0 0 0 4.96992
0 0 0 0 0 5.02503
0 0 0 0 0 4.98495
0 0 0 0 0 5.03505
0 0 0 0 0 5.01501
0 0 0 0 0 4.97994
0 0 0 0 0 5.00499
0 0 0 0 1 87.0653
0 0 0 0 0 87.9503
0 0 0 0 1 74.5437
0 0 0 0 1 64.3497
0 0 0 0 1 60.4054
0 0 0 0 1 60.1744
0 0 0 0 0 61.0339
0 0 0 0 0 51.6739
0 0 0 0 1 48.2271
0 0 0 0 1 48.2395
0 0 0 0 1 39.5884
0 0 0 0 0 36.6725
0 0 0 0 1 35.7392
0 0 0 0 1 35.573
0 0 0 0 1 35.6207
0 0 0 0 0 35.9556
0 0 0 0 1 28.3306
0 0 0 0 1 26.6695
0 0 0 0 1 25.4853
0 0 0 0 1 24.4915
0 0 0 0 1 24.6755
0 0 0 0 1 24.466
0 0 0 0 1 24.7239
0 0 0 0 1 24.7125
0 0 0 0 1 24.5287
0 0 0 0 1 24.8143
0 0 0 0 1 24.8784
0 0 0 0 1 24.6464
0 0 0 0 0 24.9572
0 0 0 0 0 18.2181
0 0 0 0 1 17.6681
0 0 0 0 1 17.0886
0 0 0 0 0 16.7444
0 0 0 0 1 16.2447
0 0 0 0 1 15.7207
0 0 0 0 1 15.4235
0 0 0 0 1 15.0607
0 0 0 0 1 14.831
0 0 0 0 1 14.4952
0 0 0 0 1 14.1695
0 0 0 0 1 13.8731
0 0 0 0 1 14.0239
0 0 0 0 1 13.8274
0 0 0 0 0 13.784
0 0 0 0 0 14.0055
0 0 0 0 0 13.9648
0 0 0 0 1 13.8243
0 0 0 0 0 14.1031
0 0 0 0 0 14.0608
0 0 0 0 1 14.0491
0 0 0 0 1 14.0352
0 0 0 0 1 13.9092
0 0 0 0 1 14.0923
0 0 0 0 0 14.0534
0 0 0 0 1 14.0686
0 0 0 0 0 14.1403
0 0 0 0 0 14.0174
0 0 0 0 1 14.0615
0 0 0 0 1 14.2473
0 0 0 0 1 14.2099
0 0 0 0 0 14.2266
0 0 0 0 1 14.2179
0 0 0 0 1 14.1497
0 0 0 0 1 14.2127
0 0 0 0 1 14.2303
0 0 0 0 1 14.2225
0 0 0 0 1 14.1548
0 0 0 0 1 14.1904
0 0 0 0 0 14.2949
0 0 0 0 1 8.89653
0 0 0 0 1 8.74705
0 0 0 0 1 8.52987
0 0 0 0 1 8.48623
0 0 0 0 1 8.40774
0 0 0 0 1 8.33706
0 0 0 0 1 8.1851
0 0 0 0 1 8.14663
0 0 0 0 1 7.93229
0 0 0 0 1 7.83154
0 0 0 0 1 7.76384
0 0 0 0 1 7.78709
0 0 0 0 1 7.63383
0 0 0 0 1 7.61827
0 0 0 0 1 7.39954
0 0 0 0 1 7.46677
0 0 0 0 1 7.28035
0 0 0 0 1 7.21412
0 0 0 0 1 7.22673
0 0 0 0 1 7.13128
0 0 0 0 1 7.04343
0 0 0 0 1 6.96518
0 0 0 0 1 6.94703
0 0 0 0 1 6.78707
0 0 0 0 1 6.73713
0 0 0 0 1 6.68706
0 0 0 0 1 6.59709
0 0 0 0 1 6.57999
0 0 0 0 1 6.52962
0 0 0 0 1 6.4882
0 0 0 0 0 6.42484
0 0 0 0 0 6.27565
0 0 0 0 1 6.27261
0 0 0 0 1 6.28127
0 0 0 0 1 6.20257
0 0 0 0 1 6.17948
0 0 0 0 0 6.05895
0 0 0 0 1 6.06887
0 0 0 0 1 5.95572
0 0 0 0 1 5.96501
0 0 0 0 1 5.85313
0 0 0 0 1 5.82102
0 0 0 0 0 5.74835
0 0 0 0 1 5.75656
0 0 0 0 1 5.72117
0 0 0 0 0 5.59279
0 0 0 0 1 5.65623
0 0 0 0 1 5.54892
0 0 0 0 1 5.56664
0 0 0 0 0 5.5123
0 0 0 0 1 5.38214
0 0 0 0 1 5.36444
0 0 0 0 1 5.34662
0 0 0 0 1 5.29887
0 0 0 0 1 5.34443
0 0 0 0 0 5.29115
0 0 0 0 1 5.19972
0 0 0 0 1 5.14539
0 0 0 0 1 5.12231
0 0 0 0 1 5.15544
0 0 0 0 1 5.0474
0 0 0 0 1 5.03441
0 0 0 0 1 5.0346
0 0 0 0 1 4.93657
0 0 0 0 1 4.95332
0 0 0 0 0 4.86629
0 0 0 0 1 4.86797
0 0 0 0 1 4.83864
0 0 0 0 1 4.83992
0 0 0 0 0 4.78129
0 0 0 0 0 4.79291
0 0 0 0 0 4.87826
0 0 0 0 0 4.82322
0 0 0 0 0 4.85454
0 0 0 0 0 4.84798
0 0 0 0 0 4.95919
0 0 0 0 0 4.96279
0 0 0 0 1 4.91579
0 0 0 0 1 4.9093
0 0 0 0 0 4.98238
0 0 0 0 1 5.01974
0 0 0 0 1 5.00348
0 0 0 0 1 5.06751
0 0 0 0 1 5.00079
0 0 0 0 1 5.01457
0 0 0 0 1 5.03351
0 0 0 0 0 5.09337
0 0 0 0 1 5.08705
0 0 0 0 1 5.0845
0 0 0 0 0 5.1038
0 0 0 0 0 5.18531
0 0 0 0 1 5.20505
0 0 0 0 1 5.23532
0 0 0 0 1 5.23959
0 0 0 0 1 5.2596
0 0 0 0 1 5.24279
0 0 0 0 1 5.27486
0 0 0 0 1 5.27378
0 0 0 0 1 5.37946
0 0 0 0 1 5.31965
0 0 0 0 1 5.43696
0 0 0 0 0 5.38906
0 0 0 0 1 5.44778
0 0 0 0 1 5.40873
0 0 0 0 1 5.46783
0 0 0 0 0 5.52337
0 0 0 0 1 5.55564
0 0 0 0 1 5.57858
0 0 0 0 1 5.5443
0 0 0 0 0 5.60633
0 0 0 0 1 5.67847
0 0 0 0 1 5.63976
0 0 0 0 1 5.63305
0 0 0 0 1 5.72461
0 0 0 0 1 5.73513
0 0 0 0 1 5.80473
0 0 0 0 0 5.74767
0 0 0 0 1 5.75377
0 0 0 0 1 5.83996
0 0 0 0 0 5.88733
0 0 0 0 0 5.85838
0 0 0 0 1 5.93558
0 0 0 0 1 5.94193
0 0 0 0 0 6.00201
0 0 0 0 1 5.9723
0 0 0 0 1 6.03276
0 0 0 0 0 6.13009
0 0 0 0 1 6.04502
0 0 0 0 1 6.1614
0 0 0 0 1 6.11372
0 0 0 0 1 9.56663
0 0 0 0 1 9.46237
0 0 0 0 1 9.52569
0 0 0 0 1 9.39075
0 0 0 0 1 9.36316
0 0 0 0 1 9.38861
0 0 0 0 0 9.23676
0 0 0 0 0 9.3707
0 0 0 0 1 9.19523
0 0 0 0 0 9.28539
0 0 0 0 1 9.21854
0 0 0 0 1 9.11542
0 0 0 0 0 9.12264
0 0 0 0 1 9.07514
0 0 0 0 1 9.16417
0 0 0 0 0 8.98102
0 0 0 0 0 9.01564
0 0 0 0 0 9.03777
0 0 0 0 1 8.92844
0 0 0 0 0 9.01333
0 0 0 0 1 8.87795
0 0 0 0 0 8.91243
0 0 0 0 1 8.90238
0 0 0 0 1 8.8217
0 0 0 0 1 8.89685
0 0 0 0 1 8.76395
0 0 0 0 1 8.81592
0 0 0 0 1 8.70352
0 0 0 0 1 8.64212
0 0 0 0 0 8.67334
0 0 0 0 0 8.60377
0 0 0 0 1 8.73881
0 0 0 0 1 8.63502
0 0 0 0 1 8.58861
0 0 0 0 1 8.54599
0 0 0 0 0 8.48301
0 0 0 0 1 8.552
0 0 0 0 1 8.60014
0 0 0 0 1 8.52917
0 0 0 0 1 8.53486
0 0 0 0 1 8.38837
0 0 0 0 1 8.36915
0 0 0 0 1 8.37899
0 0 0 0 1 8.31806
0 0 0 0 1 8.43333
0 0 0 0 0 8.41445
0 0 0 0 1 8.32069
0 0 0 0 1 8.23119
0 0 0 0 1 8.32927
0 0 0 0 1 8.29454
0 0 0 0 1 8.18186
0 0 0 0 1 8.23018
0 0 0 0 1 8.31129
0 0 0 0 1 8.12937
0 0 0 0 0 8.15316
0 0 0 0 0 8.14422
0 0 0 0 1 8.15172
0 0 0 0 1 8.15929
0 0 0 0 1 8.13441
0 0 0 0 1 8.05296
0 0 0 0 0 8.07715
0 0 0 0 1 8.10942
0 0 0 0 1 8.0288
0 0 0 0 0 8.02496
0 0 0 0 1 7.99318
0 0 0 0 1 8.0418
0 0 0 0 1 8.05833
0 0 0 0 0 8.06692
0 0 0 0 1 7.9837
0 0 0 0 1 7.98464
0 0 0 0 1 7.89035
0 0 0 0 1 7.8917
0 0 0 0 0 7.95651
0 0 0 0 1 7.93784
0 0 0 0 0 7.8763
0 0 0 0 0 7.87026
0 0 0 0 1 7.84419
0 0 0 0 1 7.84969
0 0 0 0 0 7.8362
0 0 0 0 1 7.9012
0 0 0 0 1 7.88012
0 0 0 0 1 7.84689
0 0 0 0 1 7.8418
0 0 0 0 1 7.77461
0 0 0 0 1 7.83523
0 0 0 0 1 7.73745
0 0 0 0 1 7.72837
