0 0 0 0 1 5.56398
0 0 0 0 1 5.58979
0 0 0 0 0 5.61022
0 0 0 0 0 5.59981
0 0 0 0 1 5.55354
0 0 0 0 1 5.55754
0 0 0 0 1 5.6223
0 0 0 0 1 5.55372
0 0 0 0 1 5.56591
0 0 0 0 1 5.66021
0 0 0 0 1 5.68175
0 0 0 0 1 5.5963
0 0 0 0 1 5.63146
0 0 0 0 1 5.65333
0 0 0 0 1 5.69807
0 0 0 0 1 5.62585
0 0 0 0 1 5.74478
0 0 0 0 1 5.75028
0 0 0 0 1 5.68738
0 0 0 0 0 5.66828
0 0 0 0 1 5.73685
0 0 0 0 1 5.68531
0 0 0 0 1 5.70263
0 0 0 0 1 5.80075
0 0 0 0 1 5.80875
0 0 0 0 1 5.72837
0 0 0 0 1 5.82731
0 0 0 0 1 5.82806
0 0 0 0 0 5.77072
0 0 0 0 0 5.84146
0 0 0 0 1 5.80158
0 0 0 0 1 5.8978
0 0 0 0 0 5.80683
0 0 0 0 1 5.82555
0 0 0 0 1 5.87973
0 0 0 0 1 5.92243
0 0 0 0 1 5.89443
0 0 0 0 1 5.89599
0 0 0 0 1 5.98671
0 0 0 0 1 6.01243
0 0 0 0 1 6.00848
0 0 0 0 1 5.92085
0 0 0 0 1 5.95407
0 0 0 0 1 6.06418
0 0 0 0 1 5.9883
0 0 0 0 0 6.05085
0 0 0 0 0 6.1126
0 0 0 0 1 6.07278
0 0 0 0 1 6.02064
0 0 0 0 1 6.05364
0 0 0 0 0 6.10517
0 0 0 0 1 6.15086
0 0 0 0 1 6.09745
0 0 0 0 0 6.19993
0 0 0 0 1 6.23396
0 0 0 0 1 6.16918
0 0 0 0 0 6.24058
0 0 0 0 1 6.24302
0 0 0 0 1 6.22773
0 0 0 0 1 6.20612
0 0 0 0 0 6.30273
0 0 0 0 1 6.24977
0 0 0 0 1 6.28489
0 0 0 0 1 6.30123
0 0 0 0 1 6.38109
0 0 0 0 0 6.42248
0 0 0 0 1 6.33087
0 0 0 0 1 6.38518
0 0 0 0 1 6.44703
0 0 0 0 0 6.48921
0 0 0 0 1 6.43544
0 0 0 0 1 6.42598
0 0 0 0 1 6.52124
0 0 0 0 0 6.54529
0 0 0 0 1 6.51719
0 0 0 0 0 6.54069
0 0 0 0 1 6.64337
0 0 0 0 0 6.5492
0 0 0 0 1 6.65253
0 0 0 0 1 6.68344
0 0 0 0 1 6.66783
0 0 0 0 1 6.64599
0 0 0 0 1 6.68441
0 0 0 0 1 6.70227
0 0 0 0 1 6.69318
0 0 0 0 1 6.74505
0 0 0 0 1 6.74278
0 0 0 0 1 6.8635
0 0 0 0 0 6.84784
0 0 0 0 1 6.9422
0 0 0 0 1 6.9197
0 0 0 0 1 6.95986
0 0 0 0 1 6.97893
0 0 0 0 1 7.01204
0 0 0 0 1 7.07338
0 0 0 0 1 7.00141
0 0 0 0 1 7.09088
0 0 0 0 1 7.0395
0 0 0 0 1 7.08025
0 0 0 0 0 7.22134
0 0 0 0 0 7.1194
0 0 0 0 0 7.23992
0 0 0 0 1 7.18727
0 0 0 0 1 7.33068
0 0 0 0 1 7.35076
0 0 0 0 1 7.33461
0 0 0 0 1 7.4135
0 0 0 0 0 7.39024
0 0 0 0 1 7.37332
0 0 0 0 1 7.47532
0 0 0 0 1 7.42134
0 0 0 0 1 7.52414
0 0 0 0 1 7.62775
0 0 0 0 1 7.66388
0 0 0 0 1 7.66243
0 0 0 0 0 7.69869
0 0 0 0 0 7.74281
0 0 0 0 0 7.8026
0 0 0 0 1 7.72305
0 0 0 0 1 7.72054
0 0 0 0 0 7.90624
0 0 0 0 1 7.79411
0 0 0 0 0 7.9173
0 0 0 0 0 7.95458
0 0 0 0 0 7.95954
0 0 0 0 1 8.07723
0 0 0 0 1 8.01833
0 0 0 0 1 8.15318
0 0 0 0 1 8.1664
0 0 0 0 1 8.14726
0 0 0 0 0 8.24232
0 0 0 0 0 8.35468
0 0 0 0 1 8.39355
0 0 0 0 1 8.39017
0 0 0 0 1 8.38641
0 0 0 0 1 8.41608
0 0 0 0 1 8.51378
0 0 0 0 1 8.50958
0 0 0 0 0 8.51436
0 0 0 0 1 8.55265
0 0 0 0 1 8.60754
0 0 0 0 1 8.67224
0 0 0 0 0 8.77162
0 0 0 0 0 8.92639
0 0 0 0 1 8.94755
0 0 0 0 1 9.02216
0 0 0 0 0 9.04315
0 0 0 0 0 8.98229
0 0 0 0 1 9.07621
0 0 0 0 0 9.19725
0 0 0 0 1 9.2916
0 0 0 0 1 9.22874
0 0 0 0 0 9.27782
0 0 0 0 1 9.30584
0 0 0 0 1 9.55236
0 0 0 0 1 9.6004
0 0 0 0 0 9.51411
0 0 0 0 0 9.56246
0 0 0 0 0 9.76489
0 0 0 0 1 9.69545
0 0 0 0 0 9.80164
0 0 0 0 0 9.95957
0 0 0 0 1 9.90635
0 0 0 0 1 10.0039
0 0 0 0 1 10.1815
0 0 0 0 0 10.1583
0 0 0 0 1 10.3584
0 0 0 0 1 10.4363
0 0 0 0 1 10.3389
0 0 0 0 0 10.437
0 0 0 0 1 10.6201
0 0 0 0 1 10.6858
0 0 0 0 1 10.689
0 0 0 0 0 10.7216
0 0 0 0 1 9.25937
0 0 0 0 1 9.34674
0 0 0 0 1 9.30893
0 0 0 0 0 9.14647
0 0 0 0 1 9.16469
0 0 0 0 1 9.2702
0 0 0 0 1 9.13219
0 0 0 0 0 9.09101
0 0 0 0 1 9.05462
0 0 0 0 0 9.2054
0 0 0 0 1 9.1782
0 0 0 0 1 9.13764
0 0 0 0 1 9.06557
0 0 0 0 1 9.12944
0 0 0 0 0 9.00841
0 0 0 0 1 9.00929
0 0 0 0 1 8.90724
0 0 0 0 1 8.87264
0 0 0 0 1 8.92771
0 0 0 0 1 8.89337
0 0 0 0 1 8.8552
0 0 0 0 1 8.9725
0 0 0 0 1 8.89419
0 0 0 0 0 8.88715
0 0 0 0 0 8.85369
0 0 0 0 0 8.86953
0 0 0 0 1 8.81883
0 0 0 0 1 8.76842
0 0 0 0 1 8.80607
0 0 0 0 1 8.68594
0 0 0 0 1 8.68007
0 0 0 0 1 8.64453
0 0 0 0 1 8.77848
0 0 0 0 1 8.63359
0 0 0 0 1 8.60225
0 0 0 0 1 8.71861
0 0 0 0 1 8.72211
0 0 0 0 1 8.67383
0 0 0 0 1 8.71218
0 0 0 0 1 8.66431
0 0 0 0 1 8.57368
0 0 0 0 1 8.63816
0 0 0 0 1 8.6425
0 0 0 0 1 8.58697
0 0 0 0 1 8.48039
0 0 0 0 1 8.4597
0 0 0 0 1 8.47632
0 0 0 0 1 8.48149
0 0 0 0 1 8.4898
0 0 0 0 1 8.76954
0 0 0 0 1 8.7539
0 0 0 0 1 8.91401
0 0 0 0 1 9.03872
0 0 0 0 1 9.29297
0 0 0 0 1 9.4289
0 0 0 0 0 9.59347
0 0 0 0 1 9.71977
0 0 0 0 1 9.75672
0 0 0 0 0 10.0799
0 0 0 0 0 10.1027
0 0 0 0 1 10.4001
0 0 0 0 0 10.6584
0 0 0 0 1 10.6409
0 0 0 0 1 10.8652
0 0 0 0 1 11.1351
0 0 0 0 1 11.3721
0 0 0 0 1 11.5504
0 0 0 0 1 11.7487
0 0 0 0 1 12.006
0 0 0 0 1 12.3825
0 0 0 0 0 12.4851
0 0 0 0 1 12.899
0 0 0 0 0 22.9328
0 0 0 0 1 22.8002
0 0 0 0 1 22.8252
0 0 0 0 1 22.8071
0 0 0 0 1 22.5402
0 0 0 0 1 22.8627
0 0 0 0 1 22.4839
0 0 0 0 1 22.6938
0 0 0 0 1 22.6101
0 0 0 0 1 22.4367
0 0 0 0 1 22.4895
0 0 0 0 1 22.768
0 0 0 0 1 22.5524
0 0 0 0 1 22.4711
0 0 0 0 1 22.6829
0 0 0 0 1 22.4451
0 0 0 0 1 22.5675
0 0 0 0 1 22.4207
0 0 0 0 1 23.2692
0 0 0 0 0 23.9308
0 0 0 0 0 25.0678
0 0 0 0 0 26.2909
0 0 0 0 1 36.7454
0 0 0 0 1 36.075
0 0 0 0 1 36.4975
0 0 0 0 1 36.0838
0 0 0 0 1 36.6473
0 0 0 0 1 38.1796
0 0 0 0 1 51.6502
0 0 0 0 1 52.1553
0 0 0 0 1 51.673
0 0 0 0 1 51.5555
0 0 0 0 1 52.2192
0 0 0 0 1 56.8362
0 0 0 0 1 65.9862
0 0 0 0 1 70.3605
0 0 0 0 1 82.0554
0 0 0 0 0 5.05509
0 0 0 0 0 5.02002
0 0 0 0 0 4.97994
0 0 0 0 0 5.04006
0 0 0 0 0 5.03505
0 0 0 0 0 4.97493
0 0 0 0 0 4.97994
0 0 0 0 0 5.00499
0 0 0 0 0 5.0601
0 0 0 0 0 5.04006
0 0 0 0 0 4.99497
0 0 0 0 0 4.98495
0 0 0 0 1 88.4667
0 0 0 0 0 88.0379
0 0 0 0 1 75.5206
0 0 0 0 0 63.7113
0 0 0 0 1 61.0106
0 0 0 0 1 60.356
0 0 0 0 1 59.944
0 0 0 0 1 52.0864
0 0 0 0 1 47.6512
0 0 0 0 0 48.3835
0 0 0 0 1 39.0385
0 0 0 0 1 36.4884
0 0 0 0 1 35.5608
0 0 0 0 1 35.6444
0 0 0 0 1 35.7635
0 0 0 0 1 35.9199
0 0 0 0 0 27.9936
0 0 0 0 0 26.7767
0 0 0 0 1 25.5879
0 0 0 0 1 24.8361
0 0 0 0 1 24.4539
0 0 0 0 1 24.466
0 0 0 0 1 24.6746
0 0 0 0 1 24.8111
0 0 0 0 0 24.6521
0 0 0 0 1 24.6415
0 0 0 0 1 24.5572
0 0 0 0 1 24.5969
0 0 0 0 0 24.883
0 0 0 0 1 18.0179
0 0 0 0 0 17.6327
0 0 0 0 1 17.0198
0 0 0 0 1 16.7444
0 0 0 0 1 16.1469
0 0 0 0 1 15.9748
0 0 0 0 1 15.3461
0 0 0 0 1 15.1514
0 0 0 0 1 14.8458
0 0 0 0 1 14.5385
0 0 0 0 1 14.0849
0 0 0 0 1 13.9009
0 0 0 0 1 13.8849
0 0 0 0 0 13.9665
0 0 0 0 1 14.0625
0 0 0 0 1 13.9079
0 0 0 0 0 13.895
0 0 0 0 0 13.8243
0 0 0 0 1 14.0611
0 0 0 0 1 14.0049
0 0 0 0 1 14.1471
0 0 0 0 1 14.1614
0 0 0 0 1 14.1619
0 0 0 0 1 14.0783
0 0 0 0 1 14.0394
0 0 0 0 1 14.1671
0 0 0 0 1 14.0416
0 0 0 0 1 14.2433
0 0 0 0 1 14.2452
0 0 0 0 0 14.2473
0 0 0 0 0 14.0257
0 0 0 0 1 14.1556
0 0 0 0 1 14.1327
0 0 0 0 1 14.3204
0 0 0 0 0 14.1984
0 0 0 0 1 14.273
0 0 0 0 1 14.1797
0 0 0 0 1 14.3407
0 0 0 0 1 14.1761
0 0 0 0 0 14.2519
0 0 0 0 1 8.76414
0 0 0 0 1 8.79061
0 0 0 0 1 8.52987
0 0 0 0 1 8.40978
0 0 0 0 0 8.30704
0 0 0 0 1 8.25419
0 0 0 0 1 8.13594
0 0 0 0 1 8.09809
0 0 0 0 1 7.92429
0 0 0 0 1 7.92637
0 0 0 0 1 7.8733
0 0 0 0 1 7.74073
0 0 0 0 1 7.58034
0 0 0 0 1 7.59559
0 0 0 0 1 7.45933
0 0 0 0 1 7.44457
0 0 0 0 0 7.26572
0 0 0 0 1 7.21412
0 0 0 0 1 7.11919
0 0 0 0 0 7.10999
0 0 0 0 0 7.07152
0 0 0 0 0 6.90952
0 0 0 0 0 6.81621
0 0 0 0 1 6.80071
0 0 0 0 1 6.79795
0 0 0 0 1 6.6469
0 0 0 0 1 6.62361
0 0 0 0 0 6.52746
0 0 0 0 1 6.4841
0 0 0 0 1 6.48175
0 0 0 0 0 6.41845
0 0 0 0 0 6.35164
0 0 0 0 1 6.24749
0 0 0 0 1 6.21279
0 0 0 0 1 6.18405
0 0 0 0 1 6.06935
0 0 0 0 1 6.05288
0 0 0 0 1 6.03275
0 0 0 0 1 5.94975
0 0 0 0 1 5.86431
0 0 0 0 1 5.82378
0 0 0 0 1 5.79771
0 0 0 0 1 5.81196
0 0 0 0 1 5.72213
0 0 0 0 1 5.73823
0 0 0 0 1 5.62665
0 0 0 0 1 5.54982
0 0 0 0 1 5.61571
0 0 0 0 0 5.54455
0 0 0 0 1 5.42463
0 0 0 0 1 5.44738
0 0 0 0 0 5.37525
0 0 0 0 1 5.34125
0 0 0 0 1 5.3468
0 0 0 0 0 5.31268
0 0 0 0 0 5.2544
0 0 0 0 1 5.23622
0 0 0 0 1 5.13503
0 0 0 0 0 5.19953
0 0 0 0 0 5.08896
0 0 0 0 0 5.12349
0 0 0 0 0 5.05961
0 0 0 0 1 4.98445
0 0 0 0 1 4.99635
0 0 0 0 1 4.92858
0 0 0 0 1 4.88595
0 0 0 0 1 4.90215
0 0 0 0 1 4.81435
0 0 0 0 1 4.85922
0 0 0 0 1 4.77648
0 0 0 0 1 4.846
0 0 0 0 1 4.82497
0 0 0 0 1 4.87671
0 0 0 0 1 4.90815
0 0 0 0 0 4.85287
0 0 0 0 0 4.95428
0 0 0 0 1 4.96279
0 0 0 0 1 4.97014
0 0 0 0 1 4.98864
0 0 0 0 1 4.95749
0 0 0 0 0 4.94489
0 0 0 0 1 5.04856
0 0 0 0 1 5.05746
0 0 0 0 1 5.03611
0 0 0 0 1 5.10068
0 0 0 0 1 5.13011
0 0 0 0 1 5.15461
0 0 0 0 1 5.13316
0 0 0 0 1 5.10504
0 0 0 0 0 5.16051
0 0 0 0 1 5.15943
0 0 0 0 1 5.20505
0 0 0 0 1 5.19882
0 0 0 0 0 5.2553
0 0 0 0 1 5.27011
0 0 0 0 1 5.24279
0 0 0 0 0 5.35438
0 0 0 0 1 5.26846
0 0 0 0 0 5.36344
0 0 0 0 0 5.41618
0 0 0 0 1 5.40466
0 0 0 0 0 5.3566
0 0 0 0 0 5.44778
0 0 0 0 1 5.42509
0 0 0 0 1 5.45141
0 0 0 0 1 5.55638
0 0 0 0 1 5.57221
0 0 0 0 1 5.49532
0 0 0 0 1 5.61674
0 0 0 0 0 5.58953
0 0 0 0 1 5.65598
0 0 0 0 1 5.6115
0 0 0 0 1 5.65007
0 0 0 0 1 5.75882
0 0 0 0 1 5.71223
0 0 0 0 1 5.75871
0 0 0 0 0 5.84018
0 0 0 0 1 5.87001
0 0 0 0 1 5.81079
0 0 0 0 1 5.83455
0 0 0 0 1 5.94679
0 0 0 0 1 5.95335
0 0 0 0 1 5.91812
0 0 0 0 1 5.94217
0 0 0 0 1 6.02041
0 0 0 0 1 6.05694
0 0 0 0 1 6.03896
0 0 0 0 1 6.1244
0 0 0 0 1 6.10003
0 0 0 0 1 6.12607
0 0 0 0 0 9.50952
0 0 0 0 0 9.55718
0 0 0 0 1 9.38394
0 0 0 0 1 9.40017
0 0 0 0 1 9.4476
0 0 0 0 0 9.26704
0 0 0 0 0 9.36725
0 0 0 0 0 9.35211
0 0 0 0 1 9.16745
0 0 0 0 1 9.28539
0 0 0 0 1 9.11733
0 0 0 0 0 9.18878
0 0 0 0 0 9.20491
0 0 0 0 1 9.08425
0 0 0 0 1 9.06426
0 0 0 0 1 9.13493
0 0 0 0 1 9.11491
0 0 0 0 1 8.94775
0 0 0 0 1 9.04509
0 0 0 0 1 8.94173
0 0 0 0 0 8.87795
0 0 0 0 1 8.85906
0 0 0 0 1 8.84918
0 0 0 0 1 8.80402
0 0 0 0 1 8.80868
0 0 0 0 1 8.77274
0 0 0 0 1 8.78087
0 0 0 0 1 8.71227
0 0 0 0 1 8.68573
0 0 0 0 1 8.62114
0 0 0 0 1 8.62112
0 0 0 0 0 8.57442
0 0 0 0 1 8.66952
0 0 0 0 1 8.62304
0 0 0 0 1 8.59747
0 0 0 0 1 8.47445
0 0 0 0 1 8.59467
0 0 0 0 1 8.59162
0 0 0 0 1 8.43572
0 0 0 0 1 8.42468
0 0 0 0 0 8.37991
0 0 0 0 1 8.39446
0 0 0 0 1 8.47153
0 0 0 0 0 8.37681
0 0 0 0 1 8.41658
0 0 0 0 1 8.32254
0 0 0 0 1 8.31236
0 0 0 0 0 8.25614
0 0 0 0 0 8.24631
0 0 0 0 0 8.33593
0 0 0 0 1 8.23145
0 0 0 0 1 8.16421
0 0 0 0 1 8.23723
0 0 0 0 1 8.12937
0 0 0 0 1 8.17774
0 0 0 0 1 8.25052
0 0 0 0 1 8.18436
0 0 0 0 1 8.17558
0 0 0 0 0 8.17504
0 0 0 0 1 8.14217
0 0 0 0 1 8.1419
0 0 0 0 1 8.00442
0 0 0 0 0 8.04493
0 0 0 0 1 7.98472
0 0 0 0 1 8.04941
0 0 0 0 1 7.96964
0 0 0 0 1 7.93029
0 0 0 0 1 8.05095
0 0 0 0 1 7.90394
0 0 0 0 1 8.00056
0 0 0 0 1 7.89035
0 0 0 0 1 7.88377
0 0 0 0 1 7.98026
0 0 0 0 0 7.85087
0 0 0 0 0 7.82895
0 0 0 0 1 7.91752
0 0 0 0 1 7.89139
0 0 0 0 1 7.84183
0 0 0 0 1 7.85189
0 0 0 0 1 7.87771
0 0 0 0 1 7.85667
0 0 0 0 1 7.81566
0 0 0 0 1 7.75606
0 0 0 0 1 7.86022
0 0 0 0 1 7.7575
0 0 0 0 1 7.82282
0 0 0 0 1 7.79814
