0 0 0 0 1 5.52515
0 0 0 0 0 5.53422
0 0 0 0 0 5.549
0 0 0 0 0 5.53294
0 0 0 0 0 5.59261
0 0 0 0 1 5.61904
0 0 0 0 1 5.56076
0 0 0 0 1 5.61537
0 0 0 0 1 5.63885
0 0 0 0 1 5.5759
0 0 0 0 1 5.59166
0 0 0 0 1 5.66399
0 0 0 0 1 5.69924
0 0 0 0 1 5.67031
0 0 0 0 1 5.61302
0 0 0 0 0 5.6883
0 0 0 0 1 5.64808
0 0 0 0 1 5.73319
0 0 0 0 1 5.72735
0 0 0 0 0 5.67399
0 0 0 0 1 5.75403
0 0 0 0 1 5.68531
0 0 0 0 1 5.70263
0 0 0 0 1 5.79499
0 0 0 0 0 5.79144
0 0 0 0 1 5.73994
0 0 0 0 1 5.80993
0 0 0 0 0 5.79904
0 0 0 0 0 5.7649
0 0 0 0 1 5.77733
0 0 0 0 1 5.78405
0 0 0 0 0 5.86854
0 0 0 0 0 5.84199
0 0 0 0 1 5.88427
0 0 0 0 1 5.82676
0 0 0 0 1 5.86934
0 0 0 0 1 5.87669
0 0 0 0 1 5.98488
0 0 0 0 1 5.97484
0 0 0 0 1 6.01243
0 0 0 0 0 6.02638
0 0 0 0 1 5.99859
0 0 0 0 1 5.96605
0 0 0 0 1 6.01014
0 0 0 0 1 6.06052
0 0 0 0 1 6.06292
0 0 0 0 1 6.00972
0 0 0 0 1 6.11525
0 0 0 0 1 6.13619
0 0 0 0 0 6.03535
0 0 0 0 1 6.1235
0 0 0 0 1 6.18149
0 0 0 0 1 6.08516
0 0 0 0 1 6.14452
0 0 0 0 1 6.14755
0 0 0 0 1 6.12587
0 0 0 0 1 6.17855
0 0 0 0 1 6.23057
0 0 0 0 1 6.27141
0 0 0 0 1 6.31873
0 0 0 0 1 6.22112
0 0 0 0 0 6.23088
0 0 0 0 1 6.30382
0 0 0 0 1 6.33918
0 0 0 0 1 6.28595
0 0 0 0 1 6.41612
0 0 0 0 1 6.38831
0 0 0 0 1 6.46843
0 0 0 0 0 6.39566
0 0 0 0 1 6.46988
0 0 0 0 0 6.48067
0 0 0 0 0 6.53621
0 0 0 0 1 6.54724
0 0 0 0 1 6.52574
0 0 0 0 1 6.56294
0 0 0 0 1 6.49477
0 0 0 0 0 6.56436
0 0 0 0 1 6.65483
0 0 0 0 1 6.65253
0 0 0 0 1 6.63689
0 0 0 0 1 6.65448
0 0 0 0 1 6.75308
0 0 0 0 1 6.70455
0 0 0 0 1 6.67532
0 0 0 0 0 6.78783
0 0 0 0 1 6.81291
0 0 0 0 1 6.86538
0 0 0 0 1 6.78146
0 0 0 0 1 6.91645
0 0 0 0 1 6.91465
0 0 0 0 1 6.95426
0 0 0 0 0 6.93907
0 0 0 0 1 6.97893
0 0 0 0 1 7.03998
0 0 0 0 0 7.03132
0 0 0 0 1 7.00845
0 0 0 0 0 7.12622
0 0 0 0 1 7.10336
0 0 0 0 1 7.05888
0 0 0 0 1 7.10694
0 0 0 0 1 7.21269
0 0 0 0 0 7.21831
0 0 0 0 1 7.25965
0 0 0 0 1 7.20717
0 0 0 0 1 7.26316
0 0 0 0 1 7.31262
0 0 0 0 1 7.39877
0 0 0 0 0 7.39762
0 0 0 0 1 7.492
0 0 0 0 1 7.43805
0 0 0 0 1 7.45875
0 0 0 0 1 7.4565
0 0 0 0 1 7.50692
0 0 0 0 1 7.53488
0 0 0 0 0 7.60149
0 0 0 0 1 7.66808
0 0 0 0 0 7.65054
0 0 0 0 1 7.77943
0 0 0 0 0 7.71529
0 0 0 0 1 7.77513
0 0 0 0 1 7.82013
0 0 0 0 1 7.91994
0 0 0 0 1 7.88566
0 0 0 0 1 7.95458
0 0 0 0 1 7.91159
0 0 0 0 1 7.99694
0 0 0 0 1 8.01027
0 0 0 0 1 8.05592
0 0 0 0 1 8.19085
0 0 0 0 1 8.19639
0 0 0 0 1 8.30819
0 0 0 0 1 8.24704
0 0 0 0 1 8.24382
0 0 0 0 1 8.30652
0 0 0 0 1 8.36117
0 0 0 0 1 8.47529
0 0 0 0 0 8.57332
0 0 0 0 0 8.62931
0 0 0 0 1 8.64323
0 0 0 0 0 8.66496
0 0 0 0 1 8.76404
0 0 0 0 1 8.80337
0 0 0 0 1 8.8684
0 0 0 0 1 8.90872
0 0 0 0 1 8.91198
0 0 0 0 1 8.92371
0 0 0 0 1 9.04315
0 0 0 0 1 9.0548
0 0 0 0 1 9.20378
0 0 0 0 0 9.26144
0 0 0 0 1 9.1901
0 0 0 0 1 9.27516
0 0 0 0 1 9.24048
0 0 0 0 1 9.44684
0 0 0 0 1 9.41995
0 0 0 0 0 9.54325
0 0 0 0 1 9.51411
0 0 0 0 0 9.6879
0 0 0 0 1 9.66772
0 0 0 0 1 9.71502
0 0 0 0 1 9.94941
0 0 0 0 1 9.93975
0 0 0 0 0 9.88638
0 0 0 0 1 10.024
0 0 0 0 0 10.2119
0 0 0 0 1 10.1889
0 0 0 0 1 10.2043
0 0 0 0 1 10.3845
0 0 0 0 1 10.3598
0 0 0 0 1 10.4265
0 0 0 0 1 10.5355
0 0 0 0 1 10.5579
0 0 0 0 0 10.8502
0 0 0 0 1 10.7866
0 0 0 0 1 9.38965
0 0 0 0 0 9.33746
0 0 0 0 1 9.25335
0 0 0 0 1 9.16495
0 0 0 0 1 9.31221
0 0 0 0 1 9.2702
0 0 0 0 0 9.18726
0 0 0 0 0 9.10016
0 0 0 0 1 9.14599
0 0 0 0 0 9.05045
0 0 0 0 1 9.00537
0 0 0 0 1 9.11042
0 0 0 0 1 9.12897
0 0 0 0 0 9.01194
0 0 0 0 1 9.04448
0 0 0 0 1 9.06329
0 0 0 0 0 9.05988
0 0 0 0 0 8.94434
0 0 0 0 1 8.87403
0 0 0 0 0 8.98266
0 0 0 0 1 8.87301
0 0 0 0 1 8.9725
0 0 0 0 1 8.84093
0 0 0 0 1 8.82512
0 0 0 0 1 8.80062
0 0 0 0 1 8.81658
0 0 0 0 0 8.82764
0 0 0 0 1 8.786
0 0 0 0 0 8.85875
0 0 0 0 1 8.82618
0 0 0 0 1 8.66257
0 0 0 0 1 8.8017
0 0 0 0 1 8.70874
0 0 0 0 1 8.74673
0 0 0 0 1 8.77603
0 0 0 0 1 8.70125
0 0 0 0 1 8.6788
0 0 0 0 1 8.67383
0 0 0 0 1 8.68627
0 0 0 0 1 8.68155
0 0 0 0 1 8.69419
0 0 0 0 1 8.54361
0 0 0 0 0 8.56526
0 0 0 0 1 8.48413
0 0 0 0 1 8.48895
0 0 0 0 0 8.46824
0 0 0 0 1 8.6129
0 0 0 0 1 8.58378
0 0 0 0 1 8.4898
0 0 0 0 1 8.71734
0 0 0 0 1 8.74507
0 0 0 0 0 9.04839
0 0 0 0 1 9.08418
0 0 0 0 1 9.28373
0 0 0 0 1 9.44766
0 0 0 0 1 9.58393
0 0 0 0 1 9.71977
0 0 0 0 1 9.74688
0 0 0 0 1 10.0599
0 0 0 0 1 10.1536
0 0 0 0 1 10.2862
0 0 0 0 1 10.5951
0 0 0 0 0 10.7697
0 0 0 0 0 10.8761
0 0 0 0 1 11.0348
0 0 0 0 1 11.3494
0 0 0 0 1 11.6431
0 0 0 0 1 11.7723
0 0 0 0 1 11.9578
0 0 0 0 1 12.3948
0 0 0 0 1 12.6611
0 0 0 0 1 12.9375
0 0 0 0 0 22.7964
0 0 0 0 0 22.9137
0 0 0 0 1 22.4622
0 0 0 0 1 22.6484
0 0 0 0 1 22.4496
0 0 0 0 1 22.8627
0 0 0 0 1 22.7554
0 0 0 0 1 22.6938
0 0 0 0 1 22.4294
0 0 0 0 1 22.5496
0 0 0 0 0 22.5346
0 0 0 0 0 22.3848
0 0 0 0 1 22.4398
0 0 0 0 1 22.291
0 0 0 0 1 22.3004
0 0 0 0 1 22.6025
0 0 0 0 0 22.4551
0 0 0 0 0 22.2859
0 0 0 0 1 23.1532
0 0 0 0 1 23.8826
0 0 0 0 1 25.2185
0 0 0 0 1 26.422
0 0 0 0 1 36.3084
0 0 0 0 1 36.3298
0 0 0 0 1 36.2428
0 0 0 0 1 36.0838
0 0 0 0 0 36.3562
0 0 0 0 1 38.3722
0 0 0 0 1 52.5874
0 0 0 0 0 51.5307
0 0 0 0 1 51.5169
0 0 0 0 1 52.1798
0 0 0 0 1 51.5431
0 0 0 0 0 56.7235
0 0 0 0 1 64.8079
0 0 0 0 1 70.1516
0 0 0 0 1 81.1555
0 0 0 0 0 5.04006
0 0 0 0 0 5.0601
0 0 0 0 0 5.00499
0 0 0 0 0 4.97493
0 0 0 0 0 5.0601
0 0 0 0 0 4.99497
0 0 0 0 0 5.04006
0 0 0 0 0 4.99998
0 0 0 0 0 5.04006
0 0 0 0 0 5.01501
0 0 0 0 0 4.97493
0 0 0 0 0 5.03505
0 0 0 0 0 86.9777
0 0 0 0 1 87.7751
0 0 0 0 1 74.6189
0 0 0 0 1 63.9666
0 0 0 0 1 61.1317
0 0 0 0 0 61.0824
0 0 0 0 1 60.1862
0 0 0 0 0 51.6223
0 0 0 0 1 47.9392
0 0 0 0 0 47.7595
0 0 0 0 1 39.5098
0 0 0 0 1 36.4516
0 0 0 0 0 35.5965
0 0 0 0 1 35.7871
0 0 0 0 0 35.5494
0 0 0 0 1 35.8485
0 0 0 0 0 27.9656
0 0 0 0 1 26.6427
0 0 0 0 1 25.8955
0 0 0 0 1 24.6391
0 0 0 0 1 24.577
0 0 0 0 0 24.8356
0 0 0 0 1 24.4035
0 0 0 0 1 24.4412
0 0 0 0 1 24.8248
0 0 0 0 0 24.5674
0 0 0 0 1 24.5572
0 0 0 0 1 24.77
0 0 0 0 1 24.6852
0 0 0 0 1 18.2181
0 0 0 0 1 17.6327
0 0 0 0 1 17.2777
0 0 0 0 0 16.895
0 0 0 0 1 16.3588
0 0 0 0 1 15.7525
0 0 0 0 1 15.4235
0 0 0 0 1 14.9851
0 0 0 0 1 14.8163
0 0 0 0 1 14.3077
0 0 0 0 1 14.1131
0 0 0 0 0 13.9425
0 0 0 0 1 13.9127
0 0 0 0 1 13.7857
0 0 0 0 1 13.8954
0 0 0 0 1 13.9916
0 0 0 0 1 13.8531
0 0 0 0 1 13.936
0 0 0 0 1 14.0611
0 0 0 0 0 14.0468
0 0 0 0 0 14.0771
0 0 0 0 1 13.9791
0 0 0 0 1 13.9654
0 0 0 0 1 14.0923
0 0 0 0 0 13.9972
0 0 0 0 1 14.0967
0 0 0 0 1 14.1967
0 0 0 0 1 14.2151
0 0 0 0 1 14.1039
0 0 0 0 1 14.2473
0 0 0 0 1 14.1532
0 0 0 0 1 14.1273
0 0 0 0 0 14.2889
0 0 0 0 1 14.3346
0 0 0 0 1 14.3551
0 0 0 0 1 14.4014
0 0 0 0 1 14.3511
0 0 0 0 1 14.2406
0 0 0 0 1 14.3908
0 0 0 0 1 14.4096
0 0 0 0 1 8.74649
0 0 0 0 1 8.79933
0 0 0 0 1 8.62445
0 0 0 0 1 8.41828
0 0 0 0 1 8.4413
0 0 0 0 1 8.22104
0 0 0 0 1 8.13594
0 0 0 0 1 8.09809
0 0 0 0 1 8.02024
0 0 0 0 1 7.96589
0 0 0 0 0 7.82639
0 0 0 0 1 7.66348
0 0 0 0 1 7.65676
0 0 0 0 0 7.61827
0 0 0 0 1 7.54903
0 0 0 0 1 7.37797
0 0 0 0 1 7.28035
0 0 0 0 1 7.19239
0 0 0 0 1 7.11919
0 0 0 0 0 7.08161
0 0 0 0 1 7.0013
0 0 0 0 0 6.8956
0 0 0 0 1 6.94703
0 0 0 0 1 6.79389
0 0 0 0 1 6.80471
0 0 0 0 1 6.70045
0 0 0 0 1 6.62361
0 0 0 0 1 6.56029
0 0 0 0 1 6.52962
0 0 0 0 1 6.42371
0 0 0 0 1 6.32265
0 0 0 0 1 6.37697
0 0 0 0 1 6.32912
0 0 0 0 1 6.28127
0 0 0 0 0 6.22726
0 0 0 0 0 6.09383
0 0 0 0 1 6.05895
0 0 0 0 1 6.08091
0 0 0 0 1 5.94975
0 0 0 0 1 5.91762
0 0 0 0 0 5.88835
0 0 0 0 1 5.85015
0 0 0 0 0 5.74835
0 0 0 0 1 5.71639
0 0 0 0 1 5.6643
0 0 0 0 1 5.69437
0 0 0 0 1 5.64502
0 0 0 0 1 5.52666
0 0 0 0 1 5.57217
0 0 0 0 1 5.50682
0 0 0 0 1 5.38214
0 0 0 0 1 5.44548
0 0 0 0 1 5.34662
0 0 0 0 1 5.33615
0 0 0 0 1 5.26505
0 0 0 0 1 5.25965
0 0 0 0 1 5.16321
0 0 0 0 0 5.21793
0 0 0 0 0 5.16349
0 0 0 0 1 5.13499
0 0 0 0 1 5.12349
0 0 0 0 1 5.0193
0 0 0 0 1 5.02457
0 0 0 0 1 5.01628
0 0 0 0 0 4.97312
0 0 0 0 1 4.89087
0 0 0 0 1 4.87286
0 0 0 0 0 4.82407
0 0 0 0 0 4.86887
0 0 0 0 1 4.80055
0 0 0 0 1 4.87014
0 0 0 0 1 4.8395
0 0 0 0 0 4.84267
0 0 0 0 1 4.86429
0 0 0 0 0 4.85776
0 0 0 0 1 4.88063
0 0 0 0 1 4.8938
0 0 0 0 0 4.90097
0 0 0 0 0 4.92914
0 0 0 0 1 4.98238
0 0 0 0 1 5.03471
0 0 0 0 0 5.00348
0 0 0 0 1 5.0474
0 0 0 0 1 5.03107
0 0 0 0 1 5.05003
0 0 0 0 0 5.03859
0 0 0 0 1 5.09847
0 0 0 0 1 5.12803
0 0 0 0 1 5.11018
0 0 0 0 0 5.1502
0 0 0 0 1 5.12321
0 0 0 0 1 5.17908
0 0 0 0 1 5.19882
0 0 0 0 1 5.21342
0 0 0 0 1 5.26486
0 0 0 0 1 5.30081
0 0 0 0 1 5.31197
0 0 0 0 1 5.32699
0 0 0 0 0 5.36344
0 0 0 0 1 5.37328
0 0 0 0 1 5.43158
0 0 0 0 1 5.44317
0 0 0 0 1 5.4858
0 0 0 0 1 5.48506
0 0 0 0 1 5.42404
0 0 0 0 1 5.49036
0 0 0 0 0 5.53908
0 0 0 0 1 5.60634
0 0 0 0 1 5.58331
0 0 0 0 0 5.56713
0 0 0 0 1 5.63349
0 0 0 0 1 5.59455
0 0 0 0 1 5.68978
0 0 0 0 1 5.72461
0 0 0 0 1 5.78092
0 0 0 0 1 5.69543
0 0 0 0 0 5.72454
0 0 0 0 1 5.83514
0 0 0 0 1 5.78745
0 0 0 0 1 5.89319
0 0 0 0 1 5.86427
0 0 0 0 1 5.92966
0 0 0 0 1 5.93002
0 0 0 0 0 6.03193
0 0 0 0 1 5.96628
0 0 0 0 1 6.00858
0 0 0 0 1 6.11186
0 0 0 0 1 6.09387
0 0 0 0 1 6.17368
0 0 0 0 1 6.23723
0 0 0 0 1 9.43337
0 0 0 0 1 9.47185
0 0 0 0 1 9.47844
0 0 0 0 0 9.37191
0 0 0 0 1 9.42883
0 0 0 0 1 9.26704
0 0 0 0 1 9.28337
0 0 0 0 1 9.31492
0 0 0 0 0 9.16745
0 0 0 0 1 9.1654
0 0 0 0 1 9.16334
0 0 0 0 0 9.20712
0 0 0 0 1 9.20491
0 0 0 0 1 9.12981
0 0 0 0 1 9.00977
0 0 0 0 1 9.00819
0 0 0 0 1 9.11491
0 0 0 0 1 8.96575
0 0 0 0 1 8.94638
0 0 0 0 1 8.92382
0 0 0 0 1 8.99394
0 0 0 0 1 8.82348
0 0 0 0 1 8.80484
0 0 0 0 1 8.89241
0 0 0 0 0 8.87922
0 0 0 0 1 8.79911
0 0 0 0 1 8.78087
0 0 0 0 1 8.68603
0 0 0 0 1 8.65084
0 0 0 0 1 8.62114
0 0 0 0 1 8.62112
0 0 0 0 1 8.67825
0 0 0 0 1 8.64364
0 0 0 0 1 8.53698
0 0 0 0 1 8.52025
0 0 0 0 1 8.56861
0 0 0 0 1 8.51786
0 0 0 0 1 8.54053
0 0 0 0 1 8.43572
0 0 0 0 1 8.45858
0 0 0 0 1 8.54058
0 0 0 0 1 8.46196
0 0 0 0 0 8.37899
0 0 0 0 1 8.41039
0 0 0 0 1 8.30771
0 0 0 0 1 8.33925
0 0 0 0 0 8.42074
0 0 0 0 1 8.23951
0 0 0 0 1 8.2546
0 0 0 0 1 8.30282
0 0 0 0 0 8.25624
0 0 0 0 1 8.23018
0 0 0 0 1 8.20432
0 0 0 0 0 8.22791
0 0 0 0 1 8.16135
0 0 0 0 1 8.12786
0 0 0 0 1 8.16804
0 0 0 0 1 8.09415
0 0 0 0 1 8.10191
0 0 0 0 1 8.05296
0 0 0 0 1 8.02859
0 0 0 0 1 8.08519
0 0 0 0 1 7.99656
0 0 0 0 0 8.06521
0 0 0 0 1 8.00924
0 0 0 0 1 8.08188
0 0 0 0 1 8.05833
0 0 0 0 1 7.99504
0 0 0 0 1 8.03953
0 0 0 0 0 7.97668
0 0 0 0 1 7.86651
0 0 0 0 1 7.98688
0 0 0 0 1 7.85359
0 0 0 0 1 7.97737
0 0 0 0 1 7.94733
0 0 0 0 1 7.84662
0 0 0 0 1 7.84419
0 0 0 0 1 7.87326
0 0 0 0 0 7.7656
0 0 0 0 1 7.86988
0 0 0 0 1 7.87231
0 0 0 0 1 7.87031
0 0 0 0 1 7.78724
0 0 0 0 0 7.71236
0 0 0 0 0 7.74972
0 0 0 0 1 7.71417
0 0 0 0 0 7.68961
