0 0 0 0 1 5.55289
0 0 0 0 1 5.6009
0 0 0 0 1 5.56013
0 0 0 0 1 5.60538
0 0 0 0 1 5.57586
0 0 0 0 0 5.5799
0 0 0 0 1 5.6223
0 0 0 0 1 5.64339
0 0 0 0 0 5.58835
0 0 0 0 1 5.56465
0 0 0 0 1 5.61418
0 0 0 0 1 5.69784
0 0 0 0 0 5.64276
0 0 0 0 0 5.69295
0 0 0 0 0 5.61302
0 0 0 0 1 5.69398
0 0 0 0 1 5.69928
0 0 0 0 0 5.6705
0 0 0 0 1 5.73877
0 0 0 0 1 5.70256
0 0 0 0 1 5.67387
0 0 0 0 1 5.72547
0 0 0 0 1 5.70838
0 0 0 0 0 5.80075
0 0 0 0 0 5.73953
0 0 0 0 1 5.72837
0 0 0 0 1 5.84469
0 0 0 0 1 5.79323
0 0 0 0 1 5.77654
0 0 0 0 1 5.78316
0 0 0 0 1 5.78989
0 0 0 0 0 5.89195
0 0 0 0 0 5.84785
0 0 0 0 1 5.86666
0 0 0 0 1 5.84442
0 0 0 0 1 5.87524
0 0 0 0 1 5.85896
0 0 0 0 1 5.91377
0 0 0 0 1 5.89763
0 0 0 0 0 5.89337
0 0 0 0 1 5.91302
0 0 0 0 1 5.93281
0 0 0 0 1 6.02595
0 0 0 0 1 6.04017
0 0 0 0 1 6.00033
0 0 0 0 1 6.07498
0 0 0 0 1 6.1126
0 0 0 0 1 6.10311
0 0 0 0 1 6.13011
0 0 0 0 1 6.08412
0 0 0 0 1 6.10517
0 0 0 0 1 6.1141
0 0 0 0 1 6.1958
0 0 0 0 1 6.11374
0 0 0 0 1 6.14755
0 0 0 0 1 6.23106
0 0 0 0 1 6.17235
0 0 0 0 0 6.24924
0 0 0 0 1 6.20277
0 0 0 0 1 6.26243
0 0 0 0 1 6.31528
0 0 0 0 1 6.28123
0 0 0 0 0 6.29751
0 0 0 0 1 6.26959
0 0 0 0 1 6.38109
0 0 0 0 1 6.42248
0 0 0 0 1 6.36278
0 0 0 0 0 6.43641
0 0 0 0 1 6.41493
0 0 0 0 1 6.46344
0 0 0 0 1 6.42252
0 0 0 0 1 6.51676
0 0 0 0 1 6.46272
0 0 0 0 1 6.58441
0 0 0 0 1 6.47143
0 0 0 0 1 6.57349
0 0 0 0 1 6.59728
0 0 0 0 1 6.66143
0 0 0 0 1 6.55976
0 0 0 0 1 6.63689
0 0 0 0 1 6.74125
0 0 0 0 1 6.70623
0 0 0 0 1 6.68441
0 0 0 0 1 6.74942
0 0 0 0 0 6.74726
0 0 0 0 1 6.72469
0 0 0 0 1 6.83132
0 0 0 0 1 6.89084
0 0 0 0 1 6.82725
0 0 0 0 1 6.85267
0 0 0 0 0 6.96809
0 0 0 0 1 6.86281
0 0 0 0 0 6.97893
0 0 0 0 1 6.92823
0 0 0 0 1 7.05936
0 0 0 0 1 7.07882
0 0 0 0 1 7.04139
0 0 0 0 1 7.13175
0 0 0 0 0 7.16573
0 0 0 0 1 7.09979
0 0 0 0 1 7.19834
0 0 0 0 0 7.14627
0 0 0 0 1 7.19451
0 0 0 0 1 7.21444
0 0 0 0 0 7.28506
0 0 0 0 0 7.37857
0 0 0 0 1 7.30307
0 0 0 0 1 7.35333
0 0 0 0 1 7.38073
0 0 0 0 1 7.44551
0 0 0 0 1 7.45875
0 0 0 0 1 7.53918
0 0 0 0 0 7.55978
0 0 0 0 1 7.60317
0 0 0 0 1 7.57102
0 0 0 0 1 7.59156
0 0 0 0 1 7.74281
0 0 0 0 1 7.7099
0 0 0 0 0 7.80843
0 0 0 0 0 7.82192
0 0 0 0 1 7.75751
0 0 0 0 1 7.84916
0 0 0 0 1 7.90148
0 0 0 0 1 8.01815
0 0 0 0 0 8.03147
0 0 0 0 1 7.95679
0 0 0 0 1 8.0506
0 0 0 0 0 8.12886
0 0 0 0 1 8.10935
0 0 0 0 1 8.13907
0 0 0 0 1 8.18468
0 0 0 0 1 8.32156
0 0 0 0 1 8.29373
0 0 0 0 1 8.31489
0 0 0 0 1 8.42846
0 0 0 0 1 8.48375
0 0 0 0 1 8.58182
0 0 0 0 1 8.56944
0 0 0 0 1 8.66901
0 0 0 0 1 8.70815
0 0 0 0 1 8.62493
0 0 0 0 1 8.65476
0 0 0 0 1 8.78042
0 0 0 0 1 8.92639
0 0 0 0 1 8.95645
0 0 0 0 1 8.96846
0 0 0 0 1 9.02513
0 0 0 0 1 9.03668
0 0 0 0 1 9.18556
0 0 0 0 1 9.11473
0 0 0 0 1 9.30083
0 0 0 0 1 9.22874
0 0 0 0 1 9.35249
0 0 0 0 1 9.32464
0 0 0 0 1 9.44833
0 0 0 0 1 9.6004
0 0 0 0 1 9.60043
0 0 0 0 1 9.65895
0 0 0 0 1 9.68716
0 0 0 0 1 9.88134
0 0 0 0 1 9.75239
0 0 0 0 1 9.81092
0 0 0 0 1 10.0561
0 0 0 0 1 10.0642
0 0 0 0 1 10.2321
0 0 0 0 0 10.1583
0 0 0 0 1 10.3687
0 0 0 0 1 10.3742
0 0 0 0 1 10.4848
0 0 0 0 1 10.395
0 0 0 0 0 10.6307
0 0 0 0 1 10.7285
0 0 0 0 1 10.8072
0 0 0 0 0 10.8732
0 0 0 0 1 9.29659
0 0 0 0 1 9.33746
0 0 0 0 0 9.18851
0 0 0 0 1 9.25734
0 0 0 0 1 9.12781
0 0 0 0 0 9.18743
0 0 0 0 1 9.10466
0 0 0 0 0 9.18256
0 0 0 0 1 9.04549
0 0 0 0 1 9.09602
0 0 0 0 1 9.00537
0 0 0 0 0 9.16486
0 0 0 0 1 9.01123
0 0 0 0 1 9.08425
0 0 0 0 1 9.06251
0 0 0 0 1 9.03629
0 0 0 0 1 8.95213
0 0 0 0 1 8.92641
0 0 0 0 1 9.01716
0 0 0 0 1 8.94694
0 0 0 0 0 8.84629
0 0 0 0 1 8.91025
0 0 0 0 1 8.86756
0 0 0 0 0 8.84284
0 0 0 0 1 8.76524
0 0 0 0 1 8.896
0 0 0 0 1 8.74835
0 0 0 0 1 8.82998
0 0 0 0 1 8.83241
0 0 0 0 0 8.75606
0 0 0 0 1 8.66257
0 0 0 0 1 8.75805
0 0 0 0 1 8.65643
0 0 0 0 1 8.79025
0 0 0 0 0 8.7239
0 0 0 0 1 8.66655
0 0 0 0 1 8.65282
0 0 0 0 1 8.73437
0 0 0 0 1 8.68627
0 0 0 0 1 8.64707
0 0 0 0 1 8.68559
0 0 0 0 1 8.60378
0 0 0 0 1 8.51376
0 0 0 0 1 8.65553
0 0 0 0 1 8.47183
0 0 0 0 1 8.52806
0 0 0 0 1 8.50193
0 0 0 0 1 8.43887
0 0 0 0 1 8.60985
0 0 0 0 0 8.71734
0 0 0 0 1 8.83332
0 0 0 0 1 9.00359
0 0 0 0 1 9.02962
0 0 0 0 1 9.24678
0 0 0 0 1 9.31631
0 0 0 0 1 9.47903
0 0 0 0 1 9.72945
0 0 0 0 0 9.85517
0 0 0 0 0 9.93974
0 0 0 0 0 10.1943
0 0 0 0 1 10.4312
0 0 0 0 1 10.4473
0 0 0 0 1 10.6623
0 0 0 0 0 10.9746
0 0 0 0 0 11.2466
0 0 0 0 1 11.2699
0 0 0 0 1 11.5157
0 0 0 0 1 11.9141
0 0 0 0 1 12.1507
0 0 0 0 1 12.4194
0 0 0 0 0 12.4599
0 0 0 0 1 12.8733
0 0 0 0 0 22.8191
0 0 0 0 1 22.5277
0 0 0 0 1 22.5075
0 0 0 0 1 22.6937
0 0 0 0 1 22.6308
0 0 0 0 0 22.7043
0 0 0 0 1 22.4387
0 0 0 0 1 22.4
0 0 0 0 0 22.452
0 0 0 0 1 22.6624
0 0 0 0 1 22.4669
0 0 0 0 1 22.4073
0 0 0 0 1 22.62
0 0 0 0 1 22.7413
0 0 0 0 1 22.3454
0 0 0 0 0 22.4001
0 0 0 0 1 22.3877
0 0 0 0 1 22.3533
0 0 0 0 1 23.4084
0 0 0 0 1 24.0755
0 0 0 0 1 25.2688
0 0 0 0 0 26.3958
0 0 0 0 0 36.0899
0 0 0 0 0 36.4754
0 0 0 0 1 36.5703
0 0 0 0 1 36.2656
0 0 0 0 1 36.4653
0 0 0 0 0 38.6419
0 0 0 0 0 52.0146
0 0 0 0 1 52.4676
0 0 0 0 1 51.8291
0 0 0 0 1 51.9197
0 0 0 0 0 51.9592
0 0 0 0 0 56.3288
0 0 0 0 1 64.9388
0 0 0 0 1 68.9673
0 0 0 0 0 82.4645
0 0 0 0 0 5.02503
0 0 0 0 0 5.02503
0 0 0 0 0 4.99998
0 0 0 0 0 5.02002
0 0 0 0 0 4.9599
0 0 0 0 0 4.99497
0 0 0 0 0 4.99497
0 0 0 0 0 5.04507
0 0 0 0 0 4.98996
0 0 0 0 0 4.98996
0 0 0 0 0 5.05509
0 0 0 0 0 5.01501
0 0 0 0 1 87.5032
0 0 0 0 0 88.3007
0 0 0 0 1 74.9946
0 0 0 0 0 63.6474
0 0 0 0 1 60.9501
0 0 0 0 0 60.5981
0 0 0 0 1 60.7917
0 0 0 0 1 51.3129
0 0 0 0 1 47.5073
0 0 0 0 1 48.1915
0 0 0 0 0 39.3527
0 0 0 0 0 36.5989
0 0 0 0 1 36.0245
0 0 0 0 1 35.466
0 0 0 0 1 35.5137
0 0 0 0 1 35.4558
0 0 0 0 1 28.1059
0 0 0 0 1 26.9107
0 0 0 0 1 25.7417
0 0 0 0 1 24.5407
0 0 0 0 1 24.7986
0 0 0 0 1 24.6138
0 0 0 0 1 24.4282
0 0 0 0 1 24.7125
0 0 0 0 0 24.9235
0 0 0 0 1 24.7402
0 0 0 0 1 24.5078
0 0 0 0 1 24.8936
0 0 0 0 1 24.4873
0 0 0 0 0 18.0543
0 0 0 0 1 17.6327
0 0 0 0 1 17.2949
0 0 0 0 0 16.8113
0 0 0 0 1 16.2773
0 0 0 0 0 15.7207
0 0 0 0 1 15.5783
0 0 0 0 0 15.1061
0 0 0 0 1 14.7277
0 0 0 0 1 14.3942
0 0 0 0 1 14.2259
0 0 0 0 1 13.7481
0 0 0 0 1 13.9544
0 0 0 0 1 14.05
0 0 0 0 0 13.9929
0 0 0 0 0 13.8383
0 0 0 0 1 13.8113
0 0 0 0 1 13.9499
0 0 0 0 1 14.0332
0 0 0 0 1 13.9349
0 0 0 0 1 13.993
0 0 0 0 1 14.0492
0 0 0 0 1 13.9934
0 0 0 0 1 13.994
0 0 0 0 1 13.9831
0 0 0 0 1 13.97
0 0 0 0 0 14.1685
0 0 0 0 1 14.0457
0 0 0 0 0 14.2311
0 0 0 0 1 14.2897
0 0 0 0 1 14.1815
0 0 0 0 0 14.1556
0 0 0 0 1 14.1753
0 0 0 0 1 14.2777
0 0 0 0 1 14.0987
0 0 0 0 0 14.2017
0 0 0 0 1 14.1797
0 0 0 0 1 14.2549
0 0 0 0 1 14.2047
0 0 0 0 1 14.3235
0 0 0 0 1 8.75531
0 0 0 0 0 8.75577
0 0 0 0 1 8.65025
0 0 0 0 1 8.44376
0 0 0 0 1 8.39934
0 0 0 0 1 8.36193
0 0 0 0 1 8.24245
0 0 0 0 0 8.11427
0 0 0 0 1 8.02824
0 0 0 0 1 7.91057
0 0 0 0 1 7.74038
0 0 0 0 1 7.70211
0 0 0 0 1 7.5727
0 0 0 0 1 7.60315
0 0 0 0 1 7.51165
0 0 0 0 0 7.47417
0 0 0 0 1 7.32426
0 0 0 0 1 7.27207
0 0 0 0 1 7.19089
0 0 0 0 1 7.13838
0 0 0 0 1 6.96619
0 0 0 0 1 6.93039
0 0 0 0 1 6.94703
0 0 0 0 1 6.78025
0 0 0 0 1 6.68983
0 0 0 0 1 6.7607
0 0 0 0 1 6.65013
0 0 0 0 0 6.53402
0 0 0 0 1 6.4971
0 0 0 0 1 6.41726
0 0 0 0 1 6.40568
0 0 0 0 1 6.28198
0 0 0 0 1 6.2161
0 0 0 0 0 6.26259
0 0 0 0 0 6.17788
0 0 0 0 1 6.08159
0 0 0 0 1 6.11353
0 0 0 0 1 6.05081
0 0 0 0 0 5.97362
0 0 0 0 0 5.87023
0 0 0 0 1 5.85313
0 0 0 0 1 5.8385
0 0 0 0 1 5.82931
0 0 0 0 1 5.72787
0 0 0 0 1 5.73823
0 0 0 0 1 5.61536
0 0 0 0 0 5.63382
0 0 0 0 1 5.59901
0 0 0 0 1 5.56112
0 0 0 0 1 5.49586
0 0 0 0 1 5.39301
0 0 0 0 1 5.41847
0 0 0 0 1 5.36272
0 0 0 0 1 5.27224
0 0 0 0 0 5.24389
0 0 0 0 1 5.21766
0 0 0 0 1 5.23622
0 0 0 0 1 5.21793
0 0 0 0 1 5.19953
0 0 0 0 1 5.13499
0 0 0 0 1 5.1032
0 0 0 0 0 5.06969
0 0 0 0 1 5.03961
0 0 0 0 1 4.99137
0 0 0 0 1 4.97312
0 0 0 0 1 4.89087
0 0 0 0 1 4.83868
0 0 0 0 1 4.82893
0 0 0 0 0 4.86405
0 0 0 0 1 4.78129
0 0 0 0 0 4.83635
0 0 0 0 1 4.81044
0 0 0 0 1 4.89129
0 0 0 0 1 4.84966
0 0 0 0 1 4.86265
0 0 0 0 0 4.8659
0 0 0 0 1 4.88394
0 0 0 0 1 4.94544
0 0 0 0 1 4.94401
0 0 0 0 0 4.97242
0 0 0 0 0 4.94489
0 0 0 0 1 4.98345
0 0 0 0 1 5.04238
0 0 0 0 1 5.06639
0 0 0 0 1 5.03483
0 0 0 0 1 5.08943
0 0 0 0 0 5.11378
0 0 0 0 0 5.15365
0 0 0 0 1 5.09477
0 0 0 0 1 5.10896
0 0 0 0 1 5.15943
0 0 0 0 0 5.24141
0 0 0 0 1 5.2301
0 0 0 0 1 5.20295
0 0 0 0 1 5.27011
0 0 0 0 1 5.30608
0 0 0 0 1 5.29607
0 0 0 0 1 5.36425
0 0 0 0 0 5.33138
0 0 0 0 1 5.40546
0 0 0 0 1 5.41543
0 0 0 0 1 5.44858
0 0 0 0 1 5.4858
0 0 0 0 0 5.40873
0 0 0 0 1 5.41857
0 0 0 0 1 5.51787
0 0 0 0 1 5.57773
0 0 0 0 1 5.51197
0 0 0 0 1 5.58331
0 0 0 0 0 5.55593
0 0 0 0 0 5.57165
0 0 0 0 1 5.6115
0 0 0 0 0 5.68978
0 0 0 0 1 5.6847
0 0 0 0 0 5.67789
0 0 0 0 1 5.71269
0 0 0 0 1 5.81706
0 0 0 0 0 5.80027
0 0 0 0 1 5.8808
0 0 0 0 1 5.85214
0 0 0 0 1 5.92321
0 0 0 0 1 5.97705
0 0 0 0 0 5.98361
0 0 0 0 0 6.01398
0 0 0 0 1 6.04447
0 0 0 0 0 6.08716
0 0 0 0 0 6.06933
0 0 0 0 1 6.08776
0 0 0 0 1 6.16754
0 0 0 0 1 6.12607
0 0 0 0 1 9.44289
0 0 0 0 1 9.44341
0 0 0 0 1 9.54459
0 0 0 0 1 9.50378
0 0 0 0 1 9.4476
0 0 0 0 0 9.40731
0 0 0 0 1 9.22744
0 0 0 0 1 9.23125
0 0 0 0 1 9.20449
0 0 0 0 1 9.30385
0 0 0 0 1 9.27374
0 0 0 0 0 9.07874
0 0 0 0 1 9.0678
0 0 0 0 1 9.03869
0 0 0 0 0 8.9916
0 0 0 0 1 9.01724
0 0 0 0 1 9.09686
0 0 0 0 1 9.07378
0 0 0 0 1 8.90152
0 0 0 0 1 8.99543
0 0 0 0 1 8.83334
0 0 0 0 1 8.97469
0 0 0 0 1 8.88464
0 0 0 0 0 8.81286
0 0 0 0 1 8.8704
0 0 0 0 1 8.79911
0 0 0 0 1 8.75458
0 0 0 0 1 8.82598
0 0 0 0 1 8.71189
0 0 0 0 1 8.62114
0 0 0 0 1 8.69051
0 0 0 0 1 8.66094
0 0 0 0 1 8.54013
0 0 0 0 1 8.59722
0 0 0 0 1 8.56315
0 0 0 0 1 8.49157
0 0 0 0 1 8.44958
0 0 0 0 1 8.45538
0 0 0 0 1 8.4697
0 0 0 0 0 8.39925
0 0 0 0 1 8.52366
0 0 0 0 1 8.45352
0 0 0 0 1 8.40423
0 0 0 0 1 8.36842
0 0 0 0 1 8.33283
0 0 0 0 0 8.38103
0 0 0 0 1 8.38739
0 0 0 0 1 8.38917
0 0 0 0 1 8.2546
0 0 0 0 1 8.22004
0 0 0 0 0 8.22319
0 0 0 0 1 8.27966
0 0 0 0 1 8.31129
0 0 0 0 1 8.26897
0 0 0 0 1 8.25968
0 0 0 0 1 8.10333
0 0 0 0 1 8.19252
0 0 0 0 1 8.11857
0 0 0 0 1 8.09378
0 0 0 0 1 8.1665
0 0 0 0 1 8.12571
0 0 0 0 1 8.09326
0 0 0 0 1 8.01268
0 0 0 0 1 7.99277
0 0 0 0 1 8.06548
0 0 0 0 1 8.02576
0 0 0 0 1 7.97831
0 0 0 0 0 7.93114
0 0 0 0 0 8.03953
0 0 0 0 1 8.01649
0 0 0 0 1 7.93008
0 0 0 0 1 7.86791
0 0 0 0 1 7.99609
0 0 0 0 1 7.93784
0 0 0 0 1 7.82895
0 0 0 0 1 7.86238
0 0 0 0 1 7.915
0 0 0 0 1 7.9204
0 0 0 0 1 7.82051
0 0 0 0 1 7.80723
0 0 0 0 1 7.89576
0 0 0 0 1 7.78443
0 0 0 0 1 7.76385
0 0 0 0 0 7.81353
0 0 0 0 1 7.70309
0 0 0 0 1 7.72193
0 0 0 0 1 7.78263
