0 0 0 0 0 5.54179
0 0 0 0 1 5.52311
0 0 0 0 1 5.549
0 0 0 0 1 5.52737
0 0 0 0 1 5.62609
0 0 0 0 1 5.6414
0 0 0 0 1 5.56636
0 0 0 0 1 5.64899
0 0 0 0 1 5.57152
0 0 0 0 1 5.59276
0 0 0 0 0 5.58039
0 0 0 0 1 5.60194
0 0 0 0 1 5.62016
0 0 0 0 1 5.66465
0 0 0 0 1 5.65838
0 0 0 0 1 5.68262
0 0 0 0 1 5.7334
0 0 0 0 1 5.6648
0 0 0 0 1 5.67596
0 0 0 0 1 5.75399
0 0 0 0 1 5.7712
0 0 0 0 1 5.71399
0 0 0 0 1 5.70838
0 0 0 0 1 5.77771
0 0 0 0 1 5.71646
0 0 0 0 1 5.76306
0 0 0 0 1 5.80414
0 0 0 0 1 5.84548
0 0 0 0 1 5.7649
0 0 0 0 1 5.80065
0 0 0 0 1 5.81326
0 0 0 0 1 5.8978
0 0 0 0 0 5.87714
0 0 0 0 1 5.84904
0 0 0 0 1 5.86208
0 0 0 0 1 5.85754
0 0 0 0 1 5.97129
0 0 0 0 1 5.9671
0 0 0 0 1 5.9689
0 0 0 0 0 5.98862
0 0 0 0 1 5.90705
0 0 0 0 0 5.99261
0 0 0 0 0 5.97204
0 0 0 0 0 6.02215
0 0 0 0 1 6.07857
0 0 0 0 1 6.09308
0 0 0 0 1 6.02787
0 0 0 0 1 6.03638
0 0 0 0 1 6.09362
0 0 0 0 1 6.07802
0 0 0 0 1 6.08683
0 0 0 0 1 6.15086
0 0 0 0 1 6.1835
0 0 0 0 0 6.09527
0 0 0 0 1 6.22161
0 0 0 0 1 6.15681
0 0 0 0 1 6.25299
0 0 0 0 1 6.2119
0 0 0 0 1 6.26517
0 0 0 0 1 6.2812
0 0 0 0 1 6.23368
0 0 0 0 1 6.33159
0 0 0 0 1 6.32275
0 0 0 0 1 6.26959
0 0 0 0 1 6.33669
0 0 0 0 1 6.35246
0 0 0 0 1 6.43298
0 0 0 0 1 6.34035
0 0 0 0 1 6.38924
0 0 0 0 1 6.5021
0 0 0 0 0 6.50005
0 0 0 0 1 6.44543
0 0 0 0 1 6.51473
0 0 0 0 1 6.56485
0 0 0 0 0 6.56294
0 0 0 0 1 6.49477
0 0 0 0 1 6.59069
0 0 0 0 1 6.66803
0 0 0 0 1 6.66578
0 0 0 0 1 6.59699
0 0 0 0 1 6.7279
0 0 0 0 0 6.64599
0 0 0 0 1 6.7381
0 0 0 0 1 6.74268
0 0 0 0 1 6.75402
0 0 0 0 1 6.76541
0 0 0 0 1 6.80408
0 0 0 0 1 6.84983
0 0 0 0 0 6.91645
0 0 0 0 1 6.85267
0 0 0 0 1 6.96809
0 0 0 0 0 6.9252
0 0 0 0 0 6.96501
0 0 0 0 1 7.01204
0 0 0 0 0 6.96822
0 0 0 0 1 6.96623
0 0 0 0 1 7.07674
0 0 0 0 0 7.08917
0 0 0 0 1 7.17997
0 0 0 0 1 7.12124
0 0 0 0 1 7.18399
0 0 0 0 0 7.27594
0 0 0 0 1 7.25241
0 0 0 0 1 7.2217
0 0 0 0 1 7.23396
0 0 0 0 0 7.37124
0 0 0 0 1 7.42086
0 0 0 0 1 7.42716
0 0 0 0 1 7.41041
0 0 0 0 1 7.37843
0 0 0 0 1 7.46623
0 0 0 0 1 7.53166
0 0 0 0 1 7.56734
0 0 0 0 1 7.55006
0 0 0 0 1 7.54056
0 0 0 0 1 7.66808
0 0 0 0 0 7.6813
0 0 0 0 1 7.79488
0 0 0 0 1 7.69977
0 0 0 0 1 7.86091
0 0 0 0 0 7.81231
0 0 0 0 1 7.85703
0 0 0 0 1 7.94894
0 0 0 0 1 7.9069
0 0 0 0 1 8.03946
0 0 0 0 1 8.013
0 0 0 0 1 8.11513
0 0 0 0 1 8.18559
0 0 0 0 1 8.12565
0 0 0 0 0 8.22095
0 0 0 0 1 8.15175
0 0 0 0 1 8.23876
0 0 0 0 1 8.3686
0 0 0 0 1 8.39854
0 0 0 0 0 8.39482
0 0 0 0 1 8.37379
0 0 0 0 1 8.55631
0 0 0 0 1 8.51813
0 0 0 0 1 8.56591
0 0 0 0 1 8.61312
0 0 0 0 0 8.73796
0 0 0 0 1 8.8296
0 0 0 0 1 8.80681
0 0 0 0 0 8.82034
0 0 0 0 1 8.82304
0 0 0 0 1 9.04006
0 0 0 0 1 8.93506
0 0 0 0 0 9.10919
0 0 0 0 1 9.10354
0 0 0 0 0 9.13306
0 0 0 0 1 9.21778
0 0 0 0 0 9.22874
0 0 0 0 1 9.32449
0 0 0 0 1 9.41864
0 0 0 0 1 9.55236
0 0 0 0 1 9.48611
0 0 0 0 0 9.65797
0 0 0 0 1 9.69755
0 0 0 0 1 9.78432
0 0 0 0 1 9.88134
0 0 0 0 1 9.91985
0 0 0 0 1 9.82083
0 0 0 0 1 9.95628
0 0 0 0 1 10.0843
0 0 0 0 0 10.07
0 0 0 0 1 10.1685
0 0 0 0 1 10.2145
0 0 0 0 0 10.2603
0 0 0 0 0 10.3494
0 0 0 0 0 10.458
0 0 0 0 1 10.5566
0 0 0 0 1 10.7605
0 0 0 0 1 10.7642
0 0 0 0 1 10.9165
0 0 0 0 1 9.33381
0 0 0 0 1 9.3653
0 0 0 0 1 9.2163
0 0 0 0 1 9.16495
0 0 0 0 0 9.27533
0 0 0 0 1 9.11386
0 0 0 0 0 9.26986
0 0 0 0 1 9.12763
0 0 0 0 1 9.18254
0 0 0 0 1 9.06868
0 0 0 0 0 9.04175
0 0 0 0 1 9.00153
0 0 0 0 0 8.98406
0 0 0 0 1 9.12944
0 0 0 0 0 8.92725
0 0 0 0 1 9.04529
0 0 0 0 1 8.91622
0 0 0 0 1 8.87264
0 0 0 0 1 8.90981
0 0 0 0 1 8.90229
0 0 0 0 1 8.83738
0 0 0 0 1 8.95472
0 0 0 0 1 8.89419
0 0 0 0 1 8.84284
0 0 0 0 1 8.79177
0 0 0 0 1 8.81658
0 0 0 0 1 8.72192
0 0 0 0 1 8.74203
0 0 0 0 1 8.85875
0 0 0 0 1 8.75606
0 0 0 0 0 8.75882
0 0 0 0 0 8.81917
0 0 0 0 1 8.78719
0 0 0 0 1 8.68581
0 0 0 0 1 8.76734
0 0 0 0 1 8.71861
0 0 0 0 0 8.57486
0 0 0 0 1 8.69113
0 0 0 0 1 8.66037
0 0 0 0 1 8.68155
0 0 0 0 0 8.56507
0 0 0 0 1 8.62957
0 0 0 0 1 8.54809
0 0 0 0 1 8.64696
0 0 0 0 1 8.52318
0 0 0 0 1 8.47679
0 0 0 0 1 8.47632
0 0 0 0 1 8.48149
0 0 0 0 0 8.53267
0 0 0 0 1 8.69124
0 0 0 0 1 8.84214
0 0 0 0 1 8.94984
0 0 0 0 1 9.10237
0 0 0 0 1 9.29297
0 0 0 0 1 9.31631
0 0 0 0 1 9.54579
0 0 0 0 1 9.58423
0 0 0 0 1 9.83548
0 0 0 0 1 10.0198
0 0 0 0 1 10.1943
0 0 0 0 1 10.3069
0 0 0 0 1 10.4684
0 0 0 0 1 10.6838
0 0 0 0 0 10.9746
0 0 0 0 1 11.2132
0 0 0 0 1 11.3721
0 0 0 0 1 11.5157
0 0 0 0 1 11.7959
0 0 0 0 1 12.1265
0 0 0 0 0 12.3825
0 0 0 0 1 12.6108
0 0 0 0 1 12.8861
0 0 0 0 0 22.7509
0 0 0 0 1 22.8456
0 0 0 0 1 22.6437
0 0 0 0 1 22.5577
0 0 0 0 1 22.4496
0 0 0 0 1 22.7043
0 0 0 0 0 22.597
0 0 0 0 1 22.6712
0 0 0 0 0 22.4294
0 0 0 0 0 22.4367
0 0 0 0 1 22.6023
0 0 0 0 0 22.4524
0 0 0 0 1 22.3271
0 0 0 0 1 22.4261
0 0 0 0 1 22.4354
0 0 0 0 1 22.4451
0 0 0 0 1 22.4102
0 0 0 0 0 22.241
0 0 0 0 1 23.246
0 0 0 0 0 23.9549
0 0 0 0 0 25.3692
0 0 0 0 1 26.0026
0 0 0 0 0 36.5269
0 0 0 0 0 36.2934
0 0 0 0 1 36.0972
0 0 0 0 0 36.5203
0 0 0 0 1 36.1742
0 0 0 0 1 38.796
0 0 0 0 1 51.7543
0 0 0 0 1 51.7909
0 0 0 0 1 52.0893
0 0 0 0 1 51.8676
0 0 0 0 1 52.4273
0 0 0 0 1 56.8926
0 0 0 0 1 65.3316
0 0 0 0 0 69.4549
0 0 0 0 1 82.3009
0 0 0 0 0 5.02002
0 0 0 0 0 4.9599
0 0 0 0 0 5.05008
0 0 0 0 0 4.98495
0 0 0 0 0 4.99998
0 0 0 0 0 5.0601
0 0 0 0 0 4.99497
0 0 0 0 0 4.97493
0 0 0 0 0 5.02503
0 0 0 0 0 4.98996
0 0 0 0 0 5.03505
0 0 0 0 0 5.04006
0 0 0 0 1 87.4156
0 0 0 0 1 88.3883
0 0 0 0 1 74.9946
0 0 0 0 1 64.4774
0 0 0 0 1 60.7685
0 0 0 0 1 60.6587
0 0 0 0 1 60.9128
0 0 0 0 0 51.7254
0 0 0 0 0 47.6033
0 0 0 0 1 48.2395
0 0 0 0 1 39.2349
0 0 0 0 0 36.7462
0 0 0 0 1 35.9175
0 0 0 0 1 35.6444
0 0 0 0 1 36.049
0 0 0 0 1 35.8485
0 0 0 0 0 28.0217
0 0 0 0 0 26.6427
0 0 0 0 0 25.4853
0 0 0 0 1 24.5899
0 0 0 0 0 24.577
0 0 0 0 0 24.5646
0 0 0 0 1 24.6007
0 0 0 0 1 24.6385
0 0 0 0 1 24.7014
0 0 0 0 1 24.6662
0 0 0 0 1 24.5078
0 0 0 0 0 24.8936
0 0 0 0 1 24.611
0 0 0 0 1 18.3637
0 0 0 0 1 17.5797
0 0 0 0 0 17.3293
0 0 0 0 0 16.6441
0 0 0 0 1 16.1469
0 0 0 0 1 15.7683
0 0 0 0 1 15.5629
0 0 0 0 1 15.0305
0 0 0 0 0 14.7277
0 0 0 0 1 14.3077
0 0 0 0 0 14.0426
0 0 0 0 1 13.7481
0 0 0 0 1 13.9127
0 0 0 0 1 14.0222
0 0 0 0 1 14.0485
0 0 0 0 1 13.8801
0 0 0 0 1 13.895
0 0 0 0 1 13.922
0 0 0 0 1 14.0192
0 0 0 0 1 13.9769
0 0 0 0 1 14.0351
0 0 0 0 0 13.895
0 0 0 0 1 14.1057
0 0 0 0 1 13.9097
0 0 0 0 1 14.166
0 0 0 0 1 13.97
0 0 0 0 1 14.0416
0 0 0 0 1 14.0316
0 0 0 0 1 14.118
0 0 0 0 1 14.1624
0 0 0 0 1 14.0965
0 0 0 0 1 14.1131
0 0 0 0 0 14.2889
0 0 0 0 0 14.1355
0 0 0 0 0 14.3408
0 0 0 0 1 14.2303
0 0 0 0 0 14.3796
0 0 0 0 1 14.3979
0 0 0 0 1 14.4338
0 0 0 0 1 14.4096
0 0 0 0 1 8.8524
0 0 0 0 1 8.65122
0 0 0 0 1 8.67604
0 0 0 0 1 8.44376
0 0 0 0 1 8.38256
0 0 0 0 1 8.25419
0 0 0 0 1 8.13594
0 0 0 0 1 8.02528
0 0 0 0 1 7.94028
0 0 0 0 1 7.83944
0 0 0 0 0 7.77947
0 0 0 0 1 7.68666
0 0 0 0 0 7.61091
0 0 0 0 1 7.58804
0 0 0 0 0 7.42196
0 0 0 0 1 7.45937
0 0 0 0 1 7.33157
0 0 0 0 1 7.18515
0 0 0 0 1 7.1407
0 0 0 0 1 7.10999
0 0 0 0 1 7.05045
0 0 0 0 0 6.93735
0 0 0 0 0 6.95391
0 0 0 0 1 6.8621
0 0 0 0 1 6.82498
0 0 0 0 1 6.64021
0 0 0 0 0 6.61035
0 0 0 0 0 6.59312
0 0 0 0 0 6.45808
0 0 0 0 1 6.44305
0 0 0 0 1 6.39929
0 0 0 0 1 6.39597
0 0 0 0 1 6.22238
0 0 0 0 1 6.28749
0 0 0 0 1 6.14702
0 0 0 0 1 6.12442
0 0 0 0 1 6.11353
0 0 0 0 0 6.01469
0 0 0 0 1 6.00943
0 0 0 0 1 5.93539
0 0 0 0 1 5.82378
0 0 0 0 1 5.79771
0 0 0 0 1 5.7657
0 0 0 0 1 5.7623
0 0 0 0 1 5.63018
0 0 0 0 1 5.63794
0 0 0 0 1 5.57782
0 0 0 0 1 5.50996
0 0 0 0 0 5.47828
0 0 0 0 1 5.4849
0 0 0 0 1 5.38214
0 0 0 0 0 5.45628
0 0 0 0 1 5.3842
0 0 0 0 1 5.28289
0 0 0 0 0 5.3021
0 0 0 0 1 5.27015
0 0 0 0 1 5.1945
0 0 0 0 1 5.1972
0 0 0 0 0 5.17894
0 0 0 0 1 5.12987
0 0 0 0 1 5.12349
0 0 0 0 1 5.0193
0 0 0 0 1 5.0346
0 0 0 0 1 4.94155
0 0 0 0 1 4.92363
0 0 0 0 1 4.93019
0 0 0 0 1 4.83868
0 0 0 0 1 4.8435
0 0 0 0 1 4.79166
0 0 0 0 0 4.78129
0 0 0 0 1 4.87014
0 0 0 0 1 4.87341
0 0 0 0 0 4.83781
0 0 0 0 1 4.82529
0 0 0 0 0 4.88222
0 0 0 0 1 4.88063
0 0 0 0 0 4.89873
0 0 0 0 0 4.93556
0 0 0 0 1 4.9093
0 0 0 0 1 5.01224
0 0 0 0 1 5.0397
0 0 0 0 1 4.98846
0 0 0 0 0 5.04238
0 0 0 0 1 5.00584
0 0 0 0 1 5.10575
0 0 0 0 0 5.05384
0 0 0 0 1 5.06275
0 0 0 0 1 5.08193
0 0 0 0 1 5.17694
0 0 0 0 1 5.12958
0 0 0 0 1 5.18013
0 0 0 0 1 5.23102
0 0 0 0 1 5.25618
0 0 0 0 0 5.18201
0 0 0 0 0 5.21757
0 0 0 0 1 5.32191
0 0 0 0 1 5.26956
0 0 0 0 1 5.36957
0 0 0 0 1 5.39549
0 0 0 0 1 5.39473
0 0 0 0 1 5.42081
0 0 0 0 0 5.39988
0 0 0 0 0 5.45864
0 0 0 0 1 5.40328
0 0 0 0 1 5.52256
0 0 0 0 1 5.52337
0 0 0 0 1 5.51146
0 0 0 0 1 5.50642
0 0 0 0 0 5.5443
0 0 0 0 1 5.65114
0 0 0 0 1 5.61663
0 0 0 0 1 5.70757
0 0 0 0 1 5.68978
0 0 0 0 0 5.74742
0 0 0 0 1 5.74657
0 0 0 0 1 5.74145
0 0 0 0 1 5.75923
0 0 0 0 1 5.82352
0 0 0 0 1 5.85163
0 0 0 0 1 5.91078
0 0 0 0 1 5.935
0 0 0 0 1 5.95927
0 0 0 0 1 5.95979
0 0 0 0 1 5.97209
0 0 0 0 1 5.9723
0 0 0 0 1 6.07507
0 0 0 0 1 6.05111
0 0 0 0 1 6.1305
0 0 0 0 0 6.11845
0 0 0 0 1 6.23105
0 0 0 0 1 9.52856
0 0 0 0 1 9.52874
0 0 0 0 1 9.48789
0 0 0 0 0 9.38133
0 0 0 0 1 9.37254
0 0 0 0 1 9.28574
0 0 0 0 1 9.26473
0 0 0 0 1 9.3707
0 0 0 0 0 9.31561
0 0 0 0 1 9.21155
0 0 0 0 1 9.15414
0 0 0 0 1 9.23463
0 0 0 0 1 9.05866
0 0 0 0 1 9.06603
0 0 0 0 0 9.06426
0 0 0 0 1 9.11683
0 0 0 0 1 8.95246
0 0 0 0 1 9.02877
0 0 0 0 1 8.98228
0 0 0 0 1 8.87907
0 0 0 0 1 8.84226
0 0 0 0 1 8.85906
0 0 0 0 1 8.81371
0 0 0 0 1 8.92777
0 0 0 0 0 8.76459
0 0 0 0 1 8.86064
0 0 0 0 1 8.71953
0 0 0 0 1 8.72976
0 0 0 0 1 8.71189
0 0 0 0 1 8.76033
0 0 0 0 0 8.5951
0 0 0 0 0 8.69555
0 0 0 0 1 8.65227
0 0 0 0 1 8.54558
0 0 0 0 1 8.60605
0 0 0 0 1 8.55149
0 0 0 0 1 8.61174
0 0 0 0 0 8.49796
0 0 0 0 0 8.41873
0 0 0 0 1 8.4162
0 0 0 0 0 8.39682
0 0 0 0 1 8.47883
0 0 0 0 1 8.47994
0 0 0 0 0 8.43557
0 0 0 0 1 8.38308
0 0 0 0 1 8.36432
0 0 0 0 1 8.36238
0 0 0 0 1 8.34759
0 0 0 0 1 8.36245
0 0 0 0 1 8.24487
0 0 0 0 0 8.23971
0 0 0 0 1 8.27142
0 0 0 0 1 8.16317
0 0 0 0 0 8.17864
0 0 0 0 0 8.14496
0 0 0 0 1 8.13604
0 0 0 0 1 8.14356
0 0 0 0 1 8.11857
0 0 0 0 1 8.20755
0 0 0 0 1 8.06918
0 0 0 0 1 8.05287
0 0 0 0 1 7.99634
0 0 0 0 1 8.06911
0 0 0 0 0 8.00082
0 0 0 0 0 8.08958
0 0 0 0 1 8.09792
0 0 0 0 0 8.03432
0 0 0 0 0 8.05894
0 0 0 0 0 7.91191
0 0 0 0 0 7.88115
0 0 0 0 1 7.96187
0 0 0 0 1 7.9155
0 0 0 0 1 7.83776
0 0 0 0 1 7.97737
0 0 0 0 1 7.82106
0 0 0 0 0 7.95692
0 0 0 0 0 7.83632
0 0 0 0 1 7.81826
0 0 0 0 1 7.89895
0 0 0 0 1 7.77591
0 0 0 0 1 7.88012
0 0 0 0 1 7.82346
0 0 0 0 1 7.75606
0 0 0 0 1 7.71236
0 0 0 0 1 7.74972
0 0 0 0 1 7.69089
0 0 0 0 1 7.79038
