0 0 0 0 1 5.52515
0 0 0 0 1 5.51755
0 0 0 0 0 5.62136
0 0 0 0 0 5.58309
0 0 0 0 1 5.63168
0 0 0 0 1 5.58549
0 0 0 0 1 5.58873
0 0 0 0 1 5.55372
0 0 0 0 1 5.5603
0 0 0 0 1 5.67707
0 0 0 0 0 5.60292
0 0 0 0 0 5.63014
0 0 0 0 0 5.70489
0 0 0 0 1 5.6024
0 0 0 0 1 5.69807
0 0 0 0 1 5.69965
0 0 0 0 1 5.7334
0 0 0 0 1 5.71039
0 0 0 0 0 5.65883
0 0 0 0 1 5.75399
0 0 0 0 1 5.76548
0 0 0 0 1 5.75415
0 0 0 0 1 5.71413
0 0 0 0 1 5.7201
0 0 0 0 0 5.73376
0 0 0 0 0 5.79774
0 0 0 0 1 5.76939
0 0 0 0 1 5.7526
0 0 0 0 1 5.77654
0 0 0 0 1 5.79482
0 0 0 0 0 5.81326
0 0 0 0 1 5.81003
0 0 0 0 1 5.81269
0 0 0 0 1 5.86666
0 0 0 0 0 5.9327
0 0 0 0 1 5.87524
0 0 0 0 1 5.9299
0 0 0 0 1 5.89007
0 0 0 0 0 5.92138
0 0 0 0 1 6.00647
0 0 0 0 0 5.97268
0 0 0 0 1 5.92683
0 0 0 0 1 6.04392
0 0 0 0 0 6.05217
0 0 0 0 1 5.96422
0 0 0 0 1 6.08101
0 0 0 0 1 6.04603
0 0 0 0 1 6.07885
0 0 0 0 1 6.11186
0 0 0 0 1 6.08412
0 0 0 0 1 6.0685
0 0 0 0 1 6.08959
0 0 0 0 1 6.16506
0 0 0 0 0 6.11374
0 0 0 0 1 6.23396
0 0 0 0 0 6.15681
0 0 0 0 1 6.14133
0 0 0 0 0 6.24302
0 0 0 0 0 6.25893
0 0 0 0 1 6.23115
0 0 0 0 1 6.23995
0 0 0 0 1 6.30012
0 0 0 0 1 6.25334
0 0 0 0 1 6.27592
0 0 0 0 1 6.39378
0 0 0 0 1 6.32064
0 0 0 0 1 6.39469
0 0 0 0 1 6.4172
0 0 0 0 0 6.36998
0 0 0 0 1 6.45699
0 0 0 0 1 6.42898
0 0 0 0 1 6.45191
0 0 0 0 0 6.46272
0 0 0 0 1 6.53878
0 0 0 0 1 6.58255
0 0 0 0 1 6.61286
0 0 0 0 1 6.57094
0 0 0 0 1 6.58881
0 0 0 0 1 6.68566
0 0 0 0 1 6.59699
0 0 0 0 1 6.7012
0 0 0 0 1 6.74638
0 0 0 0 0 6.65086
0 0 0 0 1 6.74268
0 0 0 0 1 6.81487
0 0 0 0 1 6.79255
0 0 0 0 1 6.77002
0 0 0 0 1 6.87033
0 0 0 0 1 6.86842
0 0 0 0 1 6.92154
0 0 0 0 1 6.87131
0 0 0 0 1 6.9668
0 0 0 0 1 7.01372
0 0 0 0 1 6.99807
0 0 0 0 1 7.06637
0 0 0 0 1 7.05067
0 0 0 0 1 7.14036
0 0 0 0 1 7.13175
0 0 0 0 1 7.17285
0 0 0 0 1 7.19989
0 0 0 0 1 7.1194
0 0 0 0 1 7.18229
0 0 0 0 0 7.31031
0 0 0 0 1 7.27982
0 0 0 0 1 7.25586
0 0 0 0 1 7.3859
0 0 0 0 1 7.4135
0 0 0 0 1 7.41239
0 0 0 0 1 7.44749
0 0 0 0 1 7.42315
0 0 0 0 1 7.49615
0 0 0 0 1 7.55421
0 0 0 0 1 7.61265
0 0 0 0 0 7.56523
0 0 0 0 0 7.63196
0 0 0 0 1 7.67574
0 0 0 0 1 7.73512
0 0 0 0 1 7.8026
0 0 0 0 0 7.69201
0 0 0 0 0 7.83752
0 0 0 0 1 7.84362
0 0 0 0 1 7.91994
0 0 0 0 1 7.87776
0 0 0 0 1 7.95458
0 0 0 0 1 7.97552
0 0 0 0 1 7.98088
0 0 0 0 1 8.05867
0 0 0 0 1 8.11265
0 0 0 0 0 8.0686
0 0 0 0 0 8.17182
0 0 0 0 0 8.17645
0 0 0 0 1 8.24704
0 0 0 0 0 8.26045
0 0 0 0 1 8.33998
0 0 0 0 1 8.4537
0 0 0 0 1 8.433
0 0 0 0 1 8.47976
0 0 0 0 1 8.50958
0 0 0 0 0 8.60887
0 0 0 0 1 8.70815
0 0 0 0 1 8.77274
0 0 0 0 1 8.71595
0 0 0 0 0 8.8684
0 0 0 0 1 8.89988
0 0 0 0 1 8.80525
0 0 0 0 1 8.93266
0 0 0 0 1 8.99811
0 0 0 0 1 9.082
0 0 0 0 1 9.08532
0 0 0 0 0 9.21559
0 0 0 0 1 9.31928
0 0 0 0 1 9.33087
0 0 0 0 1 9.30582
0 0 0 0 1 9.49384
0 0 0 0 1 9.38212
0 0 0 0 0 9.60992
0 0 0 0 1 9.53329
0 0 0 0 1 9.7072
0 0 0 0 0 9.78432
0 0 0 0 1 9.69545
0 0 0 0 1 9.8903
0 0 0 0 1 9.81092
0 0 0 0 1 9.96627
0 0 0 0 1 10.1346
0 0 0 0 1 10.0599
0 0 0 0 0 10.0972
0 0 0 0 0 10.2043
0 0 0 0 1 10.3949
0 0 0 0 1 10.4744
0 0 0 0 1 10.605
0 0 0 0 0 10.5566
0 0 0 0 1 10.7285
0 0 0 0 1 10.8072
0 0 0 0 1 10.8082
0 0 0 0 1 9.22214
0 0 0 0 1 9.35602
0 0 0 0 0 9.35524
0 0 0 0 1 9.22962
0 0 0 0 1 9.21079
0 0 0 0 1 9.21502
0 0 0 0 1 9.21479
0 0 0 0 0 9.12763
0 0 0 0 1 9.1734
0 0 0 0 1 9.08691
0 0 0 0 1 9.01446
0 0 0 0 0 9.14672
0 0 0 0 1 9.07463
0 0 0 0 1 9.06617
0 0 0 0 0 9.1076
0 0 0 0 1 8.97329
0 0 0 0 1 9.02397
0 0 0 0 0 8.98915
0 0 0 0 1 8.88298
0 0 0 0 1 8.91122
0 0 0 0 1 8.93537
0 0 0 0 0 8.80354
0 0 0 0 1 8.96521
0 0 0 0 0 8.83398
0 0 0 0 1 8.85369
0 0 0 0 1 8.88718
0 0 0 0 1 8.84526
0 0 0 0 1 8.75083
0 0 0 0 1 8.76217
0 0 0 0 1 8.72976
0 0 0 0 0 8.70632
0 0 0 0 1 8.72312
0 0 0 0 1 8.80463
0 0 0 0 0 8.68581
0 0 0 0 1 8.61094
0 0 0 0 1 8.6492
0 0 0 0 0 8.72211
0 0 0 0 0 8.69113
0 0 0 0 1 8.55676
0 0 0 0 0 8.59534
0 0 0 0 1 8.5995
0 0 0 0 0 8.55221
0 0 0 0 1 8.59101
0 0 0 0 1 8.48413
0 0 0 0 1 8.47183
0 0 0 0 0 8.48533
0 0 0 0 1 8.57875
0 0 0 0 1 8.60083
0 0 0 0 1 8.58413
0 0 0 0 1 8.78694
0 0 0 0 1 8.7539
0 0 0 0 1 8.89609
0 0 0 0 1 9.02053
0 0 0 0 0 9.26526
0 0 0 0 1 9.37261
0 0 0 0 1 9.47903
0 0 0 0 0 9.70041
0 0 0 0 1 9.92409
0 0 0 0 1 9.94975
0 0 0 0 1 10.2656
0 0 0 0 1 10.2758
0 0 0 0 1 10.5951
0 0 0 0 0 10.6838
0 0 0 0 1 10.9199
0 0 0 0 0 11.1797
0 0 0 0 0 11.2699
0 0 0 0 1 11.701
0 0 0 0 1 11.926
0 0 0 0 0 11.9578
0 0 0 0 1 12.3579
0 0 0 0 1 12.5354
0 0 0 0 1 12.9118
0 0 0 0 1 22.6373
0 0 0 0 1 22.9364
0 0 0 0 0 22.8479
0 0 0 0 0 22.4444
0 0 0 0 0 22.4723
0 0 0 0 1 22.4779
0 0 0 0 1 22.6649
0 0 0 0 1 22.4678
0 0 0 0 0 22.8134
0 0 0 0 1 22.6173
0 0 0 0 1 22.3541
0 0 0 0 0 22.5877
0 0 0 0 1 22.62
0 0 0 0 1 22.6287
0 0 0 0 1 22.2779
0 0 0 0 1 22.5125
0 0 0 0 1 22.2978
0 0 0 0 1 22.6004
0 0 0 0 1 22.9676
0 0 0 0 0 24.1962
0 0 0 0 1 25.2939
0 0 0 0 1 26.4482
0 0 0 0 1 36.0534
0 0 0 0 1 36.4754
0 0 0 0 1 36.3156
0 0 0 0 1 36.2656
0 0 0 0 1 36.3198
0 0 0 0 0 38.7575
0 0 0 0 0 51.9105
0 0 0 0 1 51.7909
0 0 0 0 1 51.621
0 0 0 0 0 51.8156
0 0 0 0 1 52.1672
0 0 0 0 0 56.216
0 0 0 0 0 65.2661
0 0 0 0 0 69.3156
0 0 0 0 1 81.9736
0 0 0 0 0 4.98996
0 0 0 0 0 5.00499
0 0 0 0 0 5.01501
0 0 0 0 0 5.03004
0 0 0 0 0 5.02002
0 0 0 0 0 5.02503
0 0 0 0 0 4.96491
0 0 0 0 0 4.98495
0 0 0 0 0 4.96992
0 0 0 0 0 4.99497
0 0 0 0 0 5.00499
0 0 0 0 0 4.99998
0 0 0 0 1 86.9777
0 0 0 0 1 87.7751
0 0 0 0 0 75.5958
0 0 0 0 1 63.5836
0 0 0 0 0 60.9501
0 0 0 0 1 61.0824
0 0 0 0 1 61.0944
0 0 0 0 0 51.416
0 0 0 0 1 48.2271
0 0 0 0 0 47.7115
0 0 0 0 1 38.8814
0 0 0 0 1 37.1512
0 0 0 0 0 35.5965
0 0 0 0 1 35.466
0 0 0 0 1 35.3709
0 0 0 0 1 35.6343
0 0 0 0 1 27.8813
0 0 0 0 1 26.9911
0 0 0 0 1 25.7417
0 0 0 0 0 24.5161
0 0 0 0 1 24.6016
0 0 0 0 1 24.4906
0 0 0 0 1 24.7486
0 0 0 0 0 24.7618
0 0 0 0 1 24.8248
0 0 0 0 1 24.5427
0 0 0 0 1 24.7302
0 0 0 0 0 24.7947
0 0 0 0 1 24.5862
0 0 0 0 1 18.1271
0 0 0 0 1 17.5797
0 0 0 0 0 17.3637
0 0 0 0 0 16.5939
0 0 0 0 1 16.1958
0 0 0 0 1 15.9748
0 0 0 0 1 15.3925
0 0 0 0 1 15.0153
0 0 0 0 1 14.8605
0 0 0 0 1 14.2933
0 0 0 0 1 14.0003
0 0 0 0 1 13.9981
0 0 0 0 0 13.9544
0 0 0 0 1 13.8414
0 0 0 0 1 14.0485
0 0 0 0 1 13.8522
0 0 0 0 1 14.0345
0 0 0 0 1 13.8662
0 0 0 0 1 13.9633
0 0 0 0 1 13.9349
0 0 0 0 0 14.1191
0 0 0 0 0 13.895
0 0 0 0 1 14.1619
0 0 0 0 1 14.1204
0 0 0 0 1 14.2082
0 0 0 0 1 13.9559
0 0 0 0 0 13.957
0 0 0 0 1 14.0174
0 0 0 0 0 14.1604
0 0 0 0 1 14.0492
0 0 0 0 1 14.1957
0 0 0 0 1 14.0847
0 0 0 0 1 14.1895
0 0 0 0 1 14.1782
0 0 0 0 1 14.2127
0 0 0 0 1 14.1875
0 0 0 0 1 14.3511
0 0 0 0 1 14.3407
0 0 0 0 1 14.3622
0 0 0 0 0 14.4096
0 0 0 0 1 8.73766
0 0 0 0 1 8.70349
0 0 0 0 0 8.52127
0 0 0 0 1 8.42677
0 0 0 0 1 8.35739
0 0 0 0 1 8.22104
0 0 0 0 1 8.16871
0 0 0 0 1 8.14663
0 0 0 0 0 8.06023
0 0 0 0 1 7.83944
0 0 0 0 1 7.82639
0 0 0 0 1 7.76391
0 0 0 0 0 7.69496
0 0 0 0 1 7.55025
0 0 0 0 1 7.42196
0 0 0 0 1 7.47417
0 0 0 0 1 7.38279
0 0 0 0 1 7.22136
0 0 0 0 1 7.2339
0 0 0 0 1 7.10999
0 0 0 0 1 7.07854
0 0 0 0 0 6.99997
0 0 0 0 0 6.94014
0 0 0 0 1 6.84164
0 0 0 0 1 6.77092
0 0 0 0 0 6.68706
0 0 0 0 1 6.60372
0 0 0 0 0 6.59969
0 0 0 0 1 6.56864
0 0 0 0 1 6.514
0 0 0 0 1 6.32265
0 0 0 0 1 6.31365
0 0 0 0 1 6.31028
0 0 0 0 1 6.26882
0 0 0 0 1 6.12234
0 0 0 0 1 6.05712
0 0 0 0 1 6.1014
0 0 0 0 0 5.98458
0 0 0 0 0 6.00943
0 0 0 0 1 5.87616
0 0 0 0 1 5.92945
0 0 0 0 1 5.83267
0 0 0 0 1 5.82353
0 0 0 0 0 5.71639
0 0 0 0 1 5.69842
0 0 0 0 1 5.58714
0 0 0 0 1 5.55542
0 0 0 0 1 5.58788
0 0 0 0 1 5.54455
0 0 0 0 1 5.50682
0 0 0 0 0 5.43107
0 0 0 0 1 5.45088
0 0 0 0 1 5.4003
0 0 0 0 1 5.37875
0 0 0 0 1 5.26505
0 0 0 0 1 5.2544
0 0 0 0 1 5.16321
0 0 0 0 1 5.16093
0 0 0 0 0 5.19953
0 0 0 0 1 5.15033
0 0 0 0 1 5.09305
0 0 0 0 1 5.05961
0 0 0 0 1 4.97944
0 0 0 0 1 5.01628
0 0 0 0 1 4.91868
0 0 0 0 1 4.89087
0 0 0 0 0 4.92657
0 0 0 0 1 4.8435
0 0 0 0 1 4.84474
0 0 0 0 1 4.85833
0 0 0 0 1 4.78808
0 0 0 0 1 4.89279
0 0 0 0 1 4.89615
0 0 0 0 1 4.82529
0 0 0 0 0 4.91646
0 0 0 0 1 4.915
0 0 0 0 1 4.91351
0 0 0 0 1 4.93556
0 0 0 0 1 4.92418
0 0 0 0 1 4.95749
0 0 0 0 1 5.0397
0 0 0 0 0 5.03354
0 0 0 0 1 5.05243
0 0 0 0 1 5.01593
0 0 0 0 1 5.08042
0 0 0 0 1 5.10977
0 0 0 0 0 5.15461
0 0 0 0 1 5.13828
0 0 0 0 1 5.17694
0 0 0 0 0 5.11411
0 0 0 0 1 5.20601
0 0 0 0 1 5.23102
0 0 0 0 0 5.18839
0 0 0 0 1 5.2553
0 0 0 0 1 5.28588
0 0 0 0 0 5.24279
0 0 0 0 1 5.34378
0 0 0 0 0 5.37489
0 0 0 0 1 5.29399
0 0 0 0 1 5.33574
0 0 0 0 1 5.3939
0 0 0 0 1 5.44317
0 0 0 0 1 5.45864
0 0 0 0 1 5.4578
0 0 0 0 1 5.41857
0 0 0 0 1 5.55638
0 0 0 0 1 5.5446
0 0 0 0 0 5.54528
0 0 0 0 0 5.5443
0 0 0 0 1 5.60633
0 0 0 0 1 5.59976
0 0 0 0 0 5.68497
0 0 0 0 1 5.71247
0 0 0 0 0 5.75312
0 0 0 0 1 5.73513
0 0 0 0 0 5.74145
0 0 0 0 1 5.82284
0 0 0 0 1 5.84095
0 0 0 0 1 5.79912
0 0 0 0 1 5.84042
0 0 0 0 1 5.90553
0 0 0 0 1 5.87634
0 0 0 0 1 6.00742
0 0 0 0 0 6.02595
0 0 0 0 1 5.9723
0 0 0 0 1 6.09321
0 0 0 0 1 6.11794
0 0 0 0 0 6.14882
0 0 0 0 1 6.1614
0 0 0 0 1 6.15695
0 0 0 0 0 9.49048
0 0 0 0 0 9.50978
0 0 0 0 1 9.46899
0 0 0 0 0 9.45668
0 0 0 0 0 9.46636
0 0 0 0 1 9.42601
0 0 0 0 1 9.34861
0 0 0 0 1 9.23125
0 0 0 0 1 9.28783
0 0 0 0 1 9.27616
0 0 0 0 1 9.25534
0 0 0 0 1 9.26215
0 0 0 0 1 9.12264
0 0 0 0 0 9.12981
0 0 0 0 1 9.13692
0 0 0 0 1 8.97197
0 0 0 0 1 8.99759
0 0 0 0 1 9.05577
0 0 0 0 1 8.98228
0 0 0 0 1 8.87012
0 0 0 0 1 9.01179
0 0 0 0 1 8.82348
0 0 0 0 1 8.90238
0 0 0 0 1 8.8217
0 0 0 0 1 8.79986
0 0 0 0 1 8.70242
0 0 0 0 1 8.71076
0 0 0 0 1 8.81723
0 0 0 0 1 8.6334
0 0 0 0 1 8.69074
0 0 0 0 0 8.75122
0 0 0 0 1 8.72151
0 0 0 0 0 8.59188
0 0 0 0 1 8.65746
0 0 0 0 1 8.58889
0 0 0 0 0 8.49157
0 0 0 0 1 8.59467
0 0 0 0 1 8.60014
0 0 0 0 0 8.45271
0 0 0 0 1 8.53486
0 0 0 0 1 8.51521
0 0 0 0 1 8.47039
0 0 0 0 1 8.33693
0 0 0 0 0 8.36842
0 0 0 0 1 8.29096
0 0 0 0 1 8.43117
0 0 0 0 1 8.38739
0 0 0 0 1 8.35591
0 0 0 0 1 8.34586
0 0 0 0 1 8.32765
0 0 0 0 0 8.32236
0 0 0 0 1 8.16421
0 0 0 0 0 8.20432
0 0 0 0 1 8.13758
0 0 0 0 1 8.12857
0 0 0 0 1 8.12786
0 0 0 0 1 8.07828
0 0 0 0 1 8.086
0 0 0 0 1 8.19129
0 0 0 0 1 8.11784
0 0 0 0 1 8.16618
0 0 0 0 1 8.01249
0 0 0 0 1 8.06911
0 0 0 0 1 8.1135
0 0 0 0 1 7.96104
0 0 0 0 1 8.04981
0 0 0 0 1 7.99431
0 0 0 0 1 7.90718
0 0 0 0 1 8.0475
0 0 0 0 1 7.9926
0 0 0 0 1 7.96981
0 0 0 0 1 7.94722
0 0 0 0 1 7.96443
0 0 0 0 1 7.88249
0 0 0 0 1 7.84473
0 0 0 0 0 7.93328
0 0 0 0 1 7.82058
0 0 0 0 1 7.9204
0 0 0 0 1 7.90679
0 0 0 0 1 7.80723
0 0 0 0 1 7.88012
0 0 0 0 1 7.79223
0 0 0 0 1 7.8418
0 0 0 0 0 7.81353
0 0 0 0 1 7.7575
0 0 0 0 1 7.75297
0 0 0 0 0 7.73612
