0 0 0 0 1 5.50296
0 0 0 0 0 5.6009
0 0 0 0 0 5.61022
0 0 0 0 1 5.5218
0 0 0 0 1 5.62051
0 0 0 0 1 5.54635
0 0 0 0 1 5.62789
0 0 0 0 1 5.6602
0 0 0 0 1 5.63885
0 0 0 0 1 5.66021
0 0 0 0 1 5.60855
0 0 0 0 1 5.67528
0 0 0 0 1 5.59192
0 0 0 0 1 5.64767
0 0 0 0 1 5.6357
0 0 0 0 0 5.65424
0 0 0 0 1 5.70496
0 0 0 0 0 5.68759
0 0 0 0 1 5.68738
0 0 0 0 1 5.71971
0 0 0 0 1 5.66815
0 0 0 0 1 5.72547
0 0 0 0 0 5.75437
0 0 0 0 1 5.73162
0 0 0 0 0 5.7626
0 0 0 0 1 5.8093
0 0 0 0 0 5.79835
0 0 0 0 1 5.85128
0 0 0 0 1 5.78817
0 0 0 0 1 5.85895
0 0 0 0 1 5.80742
0 0 0 0 1 5.89195
0 0 0 0 0 5.9123
0 0 0 0 1 5.93125
0 0 0 0 1 5.8503
0 0 0 0 1 5.86344
0 0 0 0 1 5.95946
0 0 0 0 1 5.87229
0 0 0 0 0 5.88575
0 0 0 0 1 5.92909
0 0 0 0 1 5.97268
0 0 0 0 1 6.01056
0 0 0 0 1 5.98402
0 0 0 0 1 6.06418
0 0 0 0 1 5.98228
0 0 0 0 0 6.03879
0 0 0 0 1 6.02787
0 0 0 0 1 6.09098
0 0 0 0 1 6.11186
0 0 0 0 0 6.08412
0 0 0 0 1 6.15406
0 0 0 0 1 6.16311
0 0 0 0 1 6.12204
0 0 0 0 1 6.16915
0 0 0 0 1 6.15989
0 0 0 0 1 6.23106
0 0 0 0 1 6.19716
0 0 0 0 1 6.24924
0 0 0 0 1 6.29013
0 0 0 0 1 6.21864
0 0 0 0 1 6.26506
0 0 0 0 1 6.319
0 0 0 0 1 6.32275
0 0 0 0 1 6.3202
0 0 0 0 0 6.36841
0 0 0 0 1 6.31427
0 0 0 0 1 6.32449
0 0 0 0 1 6.39158
0 0 0 0 1 6.42777
0 0 0 0 1 6.43766
0 0 0 0 0 6.50651
0 0 0 0 1 6.50379
0 0 0 0 1 6.48873
0 0 0 0 1 6.47358
0 0 0 0 1 6.49104
0 0 0 0 0 6.62598
0 0 0 0 1 6.62361
0 0 0 0 1 6.5492
0 0 0 0 1 6.59289
0 0 0 0 1 6.60364
0 0 0 0 0 6.74125
0 0 0 0 1 6.75308
0 0 0 0 0 6.65086
0 0 0 0 0 6.70227
0 0 0 0 0 6.69994
0 0 0 0 1 6.77219
0 0 0 0 1 6.83813
0 0 0 0 1 6.8635
0 0 0 0 1 6.91645
0 0 0 0 1 6.86644
0 0 0 0 1 6.94044
0 0 0 0 1 6.95986
0 0 0 0 1 7.02763
0 0 0 0 1 7.03299
0 0 0 0 1 7.03132
0 0 0 0 1 7.09993
0 0 0 0 1 7.04139
0 0 0 0 1 7.15304
0 0 0 0 0 7.10162
0 0 0 0 1 7.09264
0 0 0 0 1 7.22705
0 0 0 0 0 7.16068
0 0 0 0 1 7.30308
0 0 0 0 1 7.25803
0 0 0 0 1 7.25586
0 0 0 0 1 7.35659
0 0 0 0 1 7.31779
0 0 0 0 1 7.3238
0 0 0 0 0 7.37332
0 0 0 0 1 7.51258
0 0 0 0 0 7.556
0 0 0 0 1 7.49408
0 0 0 0 1 7.57489
0 0 0 0 1 7.59559
0 0 0 0 1 7.54056
0 0 0 0 0 7.59156
0 0 0 0 1 7.70436
0 0 0 0 1 7.71762
0 0 0 0 1 7.73081
0 0 0 0 1 7.81412
0 0 0 0 0 7.85145
0 0 0 0 1 7.94354
0 0 0 0 0 7.86194
0 0 0 0 1 7.93074
0 0 0 0 0 8.03147
0 0 0 0 1 7.95679
0 0 0 0 1 8.099
0 0 0 0 0 8.07213
0 0 0 0 1 8.19085
0 0 0 0 1 8.18001
0 0 0 0 1 8.22585
0 0 0 0 0 8.27188
0 0 0 0 1 8.3686
0 0 0 0 1 8.30652
0 0 0 0 0 8.46211
0 0 0 0 1 8.51758
0 0 0 0 1 8.5393
0 0 0 0 0 8.53523
0 0 0 0 1 8.56591
0 0 0 0 1 8.55265
0 0 0 0 1 8.70318
0 0 0 0 1 8.81212
0 0 0 0 1 8.73643
0 0 0 0 1 8.90872
0 0 0 0 1 8.86751
0 0 0 0 1 8.92371
0 0 0 0 1 9.06116
0 0 0 0 1 9.00948
0 0 0 0 0 9.14911
0 0 0 0 1 9.1239
0 0 0 0 1 9.13474
0 0 0 0 1 9.24731
0 0 0 0 1 9.25915
0 0 0 0 0 9.34344
0 0 0 0 1 9.43887
0 0 0 0 0 9.60992
0 0 0 0 1 9.5237
0 0 0 0 1 9.65895
0 0 0 0 1 9.69687
0 0 0 0 1 9.70524
0 0 0 0 1 9.93956
0 0 0 0 1 9.94966
0 0 0 0 1 9.89636
0 0 0 0 1 10.1447
0 0 0 0 0 10.0397
0 0 0 0 1 10.1787
0 0 0 0 1 10.3584
0 0 0 0 1 10.4156
0 0 0 0 1 10.3806
0 0 0 0 1 10.4055
0 0 0 0 1 10.472
0 0 0 0 0 10.7285
0 0 0 0 1 10.6353
0 0 0 0 0 10.7757
0 0 0 0 1 9.22214
0 0 0 0 1 9.35602
0 0 0 0 1 9.31819
0 0 0 0 1 9.2019
0 0 0 0 1 9.26611
0 0 0 0 1 9.2702
0 0 0 0 0 9.09548
0 0 0 0 1 9.06354
0 0 0 0 1 9.21909
0 0 0 0 0 9.12337
0 0 0 0 1 9.03265
0 0 0 0 1 9.0832
0 0 0 0 1 9.06557
0 0 0 0 0 8.99386
0 0 0 0 1 9.04448
0 0 0 0 1 8.91029
0 0 0 0 0 8.98805
0 0 0 0 1 8.89056
0 0 0 0 1 8.91876
0 0 0 0 0 8.99159
0 0 0 0 0 8.9621
0 0 0 0 0 8.91915
0 0 0 0 1 8.93858
0 0 0 0 0 8.94031
0 0 0 0 1 8.75639
0 0 0 0 1 8.83423
0 0 0 0 1 8.75716
0 0 0 0 1 8.88275
0 0 0 0 1 8.84997
0 0 0 0 1 8.67717
0 0 0 0 1 8.75882
0 0 0 0 1 8.81917
0 0 0 0 1 8.80463
0 0 0 0 1 8.73803
0 0 0 0 0 8.74128
0 0 0 0 1 8.70125
0 0 0 0 1 8.64415
0 0 0 0 1 8.60465
0 0 0 0 0 8.69491
0 0 0 0 1 8.60396
0 0 0 0 1 8.52203
0 0 0 0 1 8.65535
0 0 0 0 1 8.6425
0 0 0 0 0 8.56126
0 0 0 0 0 8.64298
0 0 0 0 0 8.5537
0 0 0 0 1 8.52753
0 0 0 0 1 8.49002
0 0 0 0 1 8.62701
0 0 0 0 1 8.67384
0 0 0 0 1 8.81567
0 0 0 0 1 8.91401
0 0 0 0 0 9.12056
0 0 0 0 1 9.29297
0 0 0 0 0 9.30693
0 0 0 0 1 9.45996
0 0 0 0 1 9.64232
0 0 0 0 1 9.89456
0 0 0 0 1 9.98979
0 0 0 0 1 10.1943
0 0 0 0 0 10.4623
0 0 0 0 0 10.5845
0 0 0 0 1 10.759
0 0 0 0 1 10.9199
0 0 0 0 1 11.0348
0 0 0 0 1 11.3721
0 0 0 0 0 11.5041
0 0 0 0 0 11.8669
0 0 0 0 1 12.0422
0 0 0 0 1 12.1979
0 0 0 0 1 12.6862
0 0 0 0 1 12.7962
0 0 0 0 1 22.9328
0 0 0 0 1 22.732
0 0 0 0 0 22.5983
0 0 0 0 0 22.7844
0 0 0 0 1 22.88
0 0 0 0 1 22.4779
0 0 0 0 0 22.5744
0 0 0 0 1 22.5582
0 0 0 0 1 22.8134
0 0 0 0 1 22.4367
0 0 0 0 1 22.3992
0 0 0 0 1 22.475
0 0 0 0 1 22.62
0 0 0 0 1 22.6738
0 0 0 0 1 22.3004
0 0 0 0 0 22.4001
0 0 0 0 1 22.3203
0 0 0 0 1 22.4881
0 0 0 0 1 23.0604
0 0 0 0 0 24.365
0 0 0 0 1 25.1683
0 0 0 0 1 25.9764
0 0 0 0 1 36.709
0 0 0 0 1 36.075
0 0 0 0 1 36.352
0 0 0 0 0 36.593
0 0 0 0 1 36.247
0 0 0 0 1 38.1796
0 0 0 0 1 52.4832
0 0 0 0 1 51.9471
0 0 0 0 1 52.2454
0 0 0 0 0 51.9197
0 0 0 0 1 52.5313
0 0 0 0 1 56.8926
0 0 0 0 1 65.7898
0 0 0 0 1 69.0369
0 0 0 0 0 81.2373
0 0 0 0 0 5.01501
0 0 0 0 0 5.02503
0 0 0 0 0 5.04507
0 0 0 0 0 5.00499
0 0 0 0 0 5.01501
0 0 0 0 0 5.01501
0 0 0 0 0 5.01501
0 0 0 0 0 4.97493
0 0 0 0 0 5.04507
0 0 0 0 0 4.96992
0 0 0 0 0 4.97994
0 0 0 0 0 5.0601
0 0 0 0 1 88.204
0 0 0 0 0 87.6875
0 0 0 0 0 74.9946
0 0 0 0 1 63.9028
0 0 0 0 1 60.708
0 0 0 0 1 61.143
0 0 0 0 1 60.4889
0 0 0 0 1 51.3129
0 0 0 0 0 48.2271
0 0 0 0 1 47.8555
0 0 0 0 1 39.0778
0 0 0 0 1 36.6357
0 0 0 0 0 35.9888
0 0 0 0 0 35.8584
0 0 0 0 1 35.6207
0 0 0 0 1 35.7414
0 0 0 0 1 28.1621
0 0 0 0 1 26.7231
0 0 0 0 0 25.3827
0 0 0 0 1 24.5653
0 0 0 0 1 24.5524
0 0 0 0 1 24.5646
0 0 0 0 1 24.4528
0 0 0 0 1 24.4165
0 0 0 0 1 24.8989
0 0 0 0 1 24.839
0 0 0 0 1 24.7549
0 0 0 0 1 24.9677
0 0 0 0 1 24.611
0 0 0 0 1 18.3273
0 0 0 0 0 17.8096
0 0 0 0 1 17.2089
0 0 0 0 1 16.895
0 0 0 0 0 16.1958
0 0 0 0 0 15.8954
0 0 0 0 1 15.377
0 0 0 0 1 15.2119
0 0 0 0 1 14.6392
0 0 0 0 1 14.5529
0 0 0 0 1 14.1413
0 0 0 0 1 13.8314
0 0 0 0 1 13.8154
0 0 0 0 0 13.9665
0 0 0 0 0 13.8119
0 0 0 0 1 13.9776
0 0 0 0 1 14.0066
0 0 0 0 1 13.8522
0 0 0 0 0 13.9912
0 0 0 0 0 14.0748
0 0 0 0 0 13.951
0 0 0 0 0 14.1193
0 0 0 0 1 13.9373
0 0 0 0 1 14.1485
0 0 0 0 1 14.18
0 0 0 0 1 14.1953
0 0 0 0 1 14.0416
0 0 0 0 1 14.2151
0 0 0 0 1 14.0756
0 0 0 0 0 14.2897
0 0 0 0 1 14.0399
0 0 0 0 1 14.0989
0 0 0 0 0 14.3457
0 0 0 0 0 14.3488
0 0 0 0 1 14.3266
0 0 0 0 1 14.1875
0 0 0 0 0 14.2939
0 0 0 0 0 14.4122
0 0 0 0 1 14.3622
0 0 0 0 1 14.2375
0 0 0 0 1 8.8877
0 0 0 0 1 8.65122
0 0 0 0 1 8.60726
0 0 0 0 0 8.46924
0 0 0 0 0 8.40774
0 0 0 0 1 8.3122
0 0 0 0 0 8.21787
0 0 0 0 1 8.06573
0 0 0 0 1 7.97227
0 0 0 0 0 7.87896
0 0 0 0 0 7.84202
0 0 0 0 1 7.76391
0 0 0 0 1 7.6644
0 0 0 0 1 7.62582
0 0 0 0 0 7.53408
0 0 0 0 1 7.45937
0 0 0 0 1 7.39011
0 0 0 0 1 7.26482
0 0 0 0 1 7.11202
0 0 0 0 1 7.02484
0 0 0 0 0 6.97321
0 0 0 0 1 6.88864
0 0 0 0 1 6.94014
0 0 0 0 1 6.86892
0 0 0 0 1 6.68983
0 0 0 0 1 6.74731
0 0 0 0 1 6.57057
0 0 0 0 1 6.56029
0 0 0 0 0 6.47109
0 0 0 0 1 6.46885
0 0 0 0 1 6.3929
0 0 0 0 0 6.38964
0 0 0 0 1 6.25377
0 0 0 0 1 6.20034
0 0 0 0 1 6.20874
0 0 0 0 1 6.06324
0 0 0 0 1 6.01043
0 0 0 0 1 5.97254
0 0 0 0 1 5.92588
0 0 0 0 1 5.91762
0 0 0 0 1 5.84726
0 0 0 0 1 5.81519
0 0 0 0 1 5.80618
0 0 0 0 1 5.76804
0 0 0 0 1 5.64724
0 0 0 0 1 5.66051
0 0 0 0 1 5.63382
0 0 0 0 1 5.58231
0 0 0 0 0 5.56664
0 0 0 0 1 5.53422
0 0 0 0 1 5.44194
0 0 0 0 1 5.35364
0 0 0 0 1 5.3842
0 0 0 0 0 5.33615
0 0 0 0 1 5.31268
0 0 0 0 1 5.29115
0 0 0 0 1 5.18929
0 0 0 0 0 5.14539
0 0 0 0 0 5.15834
0 0 0 0 1 5.06338
0 0 0 0 1 5.02711
0 0 0 0 1 5.07977
0 0 0 0 1 5.04964
0 0 0 0 1 4.97144
0 0 0 0 1 4.96817
0 0 0 0 1 4.95968
0 0 0 0 1 4.92168
0 0 0 0 1 4.86293
0 0 0 0 1 4.81097
0 0 0 0 1 4.80537
0 0 0 0 1 4.81222
0 0 0 0 1 4.8831
0 0 0 0 1 4.90102
0 0 0 0 1 4.91303
0 0 0 0 1 4.87244
0 0 0 0 1 4.90027
0 0 0 0 1 4.90858
0 0 0 0 1 4.89603
0 0 0 0 1 4.9936
0 0 0 0 0 4.94753
0 0 0 0 0 4.94489
0 0 0 0 1 4.98345
0 0 0 0 1 5.05746
0 0 0 0 1 5.03611
0 0 0 0 1 5.09055
0 0 0 0 1 5.13011
0 0 0 0 1 5.08316
0 0 0 0 1 5.10242
0 0 0 0 0 5.11018
0 0 0 0 1 5.16051
0 0 0 0 1 5.16978
0 0 0 0 1 5.17908
0 0 0 0 1 5.18317
0 0 0 0 1 5.23959
0 0 0 0 1 5.27537
0 0 0 0 1 5.28499
0 0 0 0 1 5.27486
0 0 0 0 0 5.36957
0 0 0 0 1 5.29933
0 0 0 0 1 5.35183
0 0 0 0 0 5.41005
0 0 0 0 1 5.46481
0 0 0 0 1 5.45864
0 0 0 0 1 5.49051
0 0 0 0 1 5.43499
0 0 0 0 1 5.45185
0 0 0 0 1 5.50042
0 0 0 0 1 5.50087
0 0 0 0 1 5.56659
0 0 0 0 1 5.63994
0 0 0 0 1 5.63349
0 0 0 0 1 5.59455
0 0 0 0 1 5.65007
0 0 0 0 0 5.64479
0 0 0 0 1 5.74085
0 0 0 0 1 5.78747
0 0 0 0 0 5.78814
0 0 0 0 0 5.87001
0 0 0 0 1 5.89246
0 0 0 0 0 5.91665
0 0 0 0 1 5.91732
0 0 0 0 1 5.86449
0 0 0 0 0 5.99552
0 0 0 0 1 5.94816
0 0 0 0 1 5.98433
0 0 0 0 1 6.00254
0 0 0 0 1 6.03288
0 0 0 0 1 6.16103
0 0 0 0 1 6.12458
0 0 0 0 1 6.15077
0 0 0 0 0 9.61423
0 0 0 0 1 9.46237
0 0 0 0 1 9.48789
0 0 0 0 1 9.34366
0 0 0 0 0 9.35378
0 0 0 0 1 9.41666
0 0 0 0 0 9.38589
0 0 0 0 0 9.23125
0 0 0 0 0 9.34339
0 0 0 0 1 9.22078
0 0 0 0 1 9.12653
0 0 0 0 1 9.22546
0 0 0 0 1 9.08608
0 0 0 0 0 9.19359
0 0 0 0 1 9.00977
0 0 0 0 1 9.00819
0 0 0 0 1 8.94344
0 0 0 0 1 9.05577
0 0 0 0 1 8.98228
0 0 0 0 1 9.04018
0 0 0 0 1 8.8601
0 0 0 0 1 8.93022
0 0 0 0 1 8.77824
0 0 0 0 0 8.8217
0 0 0 0 0 8.89685
0 0 0 0 1 8.75516
0 0 0 0 1 8.72829
0 0 0 0 1 8.82598
0 0 0 0 1 8.72933
0 0 0 0 0 8.63854
0 0 0 0 1 8.7252
0 0 0 0 1 8.59172
0 0 0 0 1 8.65227
0 0 0 0 1 8.66606
0 0 0 0 0 8.62321
0 0 0 0 1 8.54293
0 0 0 0 0 8.58614
0 0 0 0 0 8.54053
0 0 0 0 1 8.56315
0 0 0 0 1 8.43315
0 0 0 0 1 8.47293
0 0 0 0 1 8.36072
0 0 0 0 1 8.40423
0 0 0 0 1 8.44396
0 0 0 0 1 8.45845
0 0 0 0 1 8.33089
0 0 0 0 0 8.32069
0 0 0 0 1 8.28939
0 0 0 0 1 8.32097
0 0 0 0 1 8.23659
0 0 0 0 1 8.3141
0 0 0 0 1 8.3044
0 0 0 0 1 8.30306
0 0 0 0 1 8.23612
0 0 0 0 1 8.18593
0 0 0 0 1 8.16875
0 0 0 0 1 8.22516
0 0 0 0 0 8.18372
0 0 0 0 1 8.13441
0 0 0 0 1 8.04485
0 0 0 0 0 8.1419
0 0 0 0 1 8.1175
0 0 0 0 1 8.0288
0 0 0 0 0 7.97667
0 0 0 0 1 8.00121
0 0 0 0 1 7.97765
0 0 0 0 1 7.9623
0 0 0 0 1 7.97906
0 0 0 0 1 7.93584
0 0 0 0 1 8.01649
0 0 0 0 1 7.86651
0 0 0 0 1 7.87584
0 0 0 0 0 7.96443
0 0 0 0 1 7.83506
0 0 0 0 1 7.91576
0 0 0 0 1 7.94904
0 0 0 0 1 7.79698
0 0 0 0 0 7.79468
0 0 0 0 1 7.89111
0 0 0 0 1 7.89337
0 0 0 0 0 7.74722
0 0 0 0 1 7.74539
0 0 0 0 1 7.73267
0 0 0 0 1 7.76683
0 0 0 0 1 7.78859
0 0 0 0 1 7.8073
0 0 0 0 1 7.74387
