0 0 0 0 1 5.53625
0 0 0 0 1 5.512
0 0 0 0 1 5.54344
0 0 0 0 1 5.54409
0 0 0 0 1 5.53679
0 0 0 0 1 5.60786
0 0 0 0 1 5.63349
0 0 0 0 1 5.64339
0 0 0 0 1 5.60518
0 0 0 0 1 5.58152
0 0 0 0 1 5.67612
0 0 0 0 0 5.59065
0 0 0 0 1 5.66535
0 0 0 0 1 5.6307
0 0 0 0 1 5.69807
0 0 0 0 1 5.6883
0 0 0 0 1 5.65946
0 0 0 0 1 5.642
0 0 0 0 1 5.72735
0 0 0 0 0 5.77113
0 0 0 0 1 5.6796
0 0 0 0 1 5.79431
0 0 0 0 1 5.77161
0 0 0 0 1 5.7489
0 0 0 0 1 5.73376
0 0 0 0 1 5.83242
0 0 0 0 1 5.80414
0 0 0 0 1 5.7526
0 0 0 0 1 5.78236
0 0 0 0 1 5.79482
0 0 0 0 1 5.86584
0 0 0 0 1 5.88025
0 0 0 0 0 5.83027
0 0 0 0 1 5.81968
0 0 0 0 0 5.89739
0 0 0 0 0 5.90473
0 0 0 0 1 5.97129
0 0 0 0 1 5.97303
0 0 0 0 1 5.93326
0 0 0 0 1 6.00647
0 0 0 0 0 5.95478
0 0 0 0 1 6.0285
0 0 0 0 0 6.02595
0 0 0 0 1 6.06418
0 0 0 0 1 6.0545
0 0 0 0 1 6.08101
0 0 0 0 0 6.04603
0 0 0 0 1 6.01211
0 0 0 0 0 6.07537
0 0 0 0 1 6.1207
0 0 0 0 0 6.06239
0 0 0 0 1 6.18762
0 0 0 0 1 6.15277
0 0 0 0 1 6.11374
0 0 0 0 1 6.12286
0 0 0 0 1 6.19393
0 0 0 0 1 6.16614
0 0 0 0 1 6.19323
0 0 0 0 1 6.29013
0 0 0 0 1 6.2374
0 0 0 0 1 6.2839
0 0 0 0 1 6.34417
0 0 0 0 0 6.32275
0 0 0 0 1 6.37714
0 0 0 0 0 6.37475
0 0 0 0 1 6.38429
0 0 0 0 0 6.34364
0 0 0 0 1 6.43001
0 0 0 0 1 6.39566
0 0 0 0 0 6.43766
0 0 0 0 1 6.39667
0 0 0 0 1 6.44543
0 0 0 0 1 6.52774
0 0 0 0 0 6.49314
0 0 0 0 1 6.51719
0 0 0 0 0 6.50789
0 0 0 0 0 6.52485
0 0 0 0 0 6.64823
0 0 0 0 1 6.69228
0 0 0 0 1 6.66349
0 0 0 0 1 6.62111
0 0 0 0 1 6.66607
0 0 0 0 1 6.72468
0 0 0 0 1 6.709
0 0 0 0 0 6.80135
0 0 0 0 0 6.73148
0 0 0 0 1 6.74278
0 0 0 0 1 6.84299
0 0 0 0 1 6.84784
0 0 0 0 0 6.84578
0 0 0 0 0 6.93352
0 0 0 0 1 6.89747
0 0 0 0 1 6.89543
0 0 0 0 0 6.99109
0 0 0 0 1 6.94719
0 0 0 0 1 6.98734
0 0 0 0 0 7.12622
0 0 0 0 1 7.11756
0 0 0 0 1 7.13724
0 0 0 0 0 7.14269
0 0 0 0 1 7.1481
0 0 0 0 1 7.25433
0 0 0 0 1 7.29584
0 0 0 0 0 7.27982
0 0 0 0 1 7.37265
0 0 0 0 1 7.25401
0 0 0 0 0 7.43558
0 0 0 0 1 7.35333
0 0 0 0 1 7.46233
0 0 0 0 0 7.46787
0 0 0 0 1 7.45126
0 0 0 0 1 7.47905
0 0 0 0 1 7.58999
0 0 0 0 0 7.51971
0 0 0 0 0 7.60911
0 0 0 0 0 7.70635
0 0 0 0 0 7.65054
0 0 0 0 1 7.7717
0 0 0 0 1 7.7541
0 0 0 0 1 7.80632
0 0 0 0 0 7.78882
0 0 0 0 1 7.91208
0 0 0 0 1 7.94894
0 0 0 0 1 7.89895
0 0 0 0 1 7.91958
0 0 0 0 1 8.02102
0 0 0 0 1 8.04253
0 0 0 0 1 8.18559
0 0 0 0 1 8.0849
0 0 0 0 1 8.13907
0 0 0 0 0 8.31643
0 0 0 0 1 8.27188
0 0 0 0 0 8.25213
0 0 0 0 0 8.31489
0 0 0 0 1 8.40323
0 0 0 0 1 8.37379
0 0 0 0 1 8.45424
0 0 0 0 1 8.62076
0 0 0 0 1 8.5745
0 0 0 0 1 8.62176
0 0 0 0 1 8.70318
0 0 0 0 1 8.78589
0 0 0 0 0 8.74522
0 0 0 0 1 8.82918
0 0 0 0 0 8.81414
0 0 0 0 1 8.93266
0 0 0 0 1 9.06116
0 0 0 0 1 9.07293
0 0 0 0 1 9.03064
0 0 0 0 0 9.19725
0 0 0 0 1 9.25469
0 0 0 0 1 9.20089
0 0 0 0 1 9.35249
0 0 0 0 1 9.41864
0 0 0 0 1 9.36321
0 0 0 0 1 9.61945
0 0 0 0 1 9.49493
0 0 0 0 1 9.6107
0 0 0 0 1 9.67744
0 0 0 0 1 9.74437
0 0 0 0 1 9.91
0 0 0 0 0 9.95957
0 0 0 0 1 9.90635
0 0 0 0 0 10.0341
0 0 0 0 0 10.141
0 0 0 0 1 10.2909
0 0 0 0 1 10.2454
0 0 0 0 0 10.2603
0 0 0 0 0 10.5161
0 0 0 0 1 10.395
0 0 0 0 1 10.673
0 0 0 0 0 10.7072
0 0 0 0 1 10.7965
0 0 0 0 1 10.7866
0 0 0 0 1 9.25006
0 0 0 0 1 9.33746
0 0 0 0 1 9.32745
0 0 0 0 1 9.29429
0 0 0 0 1 9.18313
0 0 0 0 1 9.26101
0 0 0 0 1 9.26986
0 0 0 0 1 9.21002
0 0 0 0 1 9.18254
0 0 0 0 1 9.04134
0 0 0 0 1 9.1691
0 0 0 0 1 9.02875
0 0 0 0 1 8.97501
0 0 0 0 1 9.03002
0 0 0 0 1 9.07153
0 0 0 0 1 9.02729
0 0 0 0 0 8.89826
0 0 0 0 1 9.04292
0 0 0 0 1 9.02611
0 0 0 0 1 9.00051
0 0 0 0 0 8.82847
0 0 0 0 1 8.84801
0 0 0 0 1 8.84981
0 0 0 0 0 8.81626
0 0 0 0 1 8.87137
0 0 0 0 0 8.77245
0 0 0 0 1 8.80121
0 0 0 0 1 8.786
0 0 0 0 1 8.86753
0 0 0 0 1 8.67717
0 0 0 0 0 8.82882
0 0 0 0 1 8.74931
0 0 0 0 0 8.74361
0 0 0 0 0 8.68581
0 0 0 0 1 8.67176
0 0 0 0 0 8.75331
0 0 0 0 1 8.72211
0 0 0 0 0 8.73437
0 0 0 0 0 8.59129
0 0 0 0 1 8.59534
0 0 0 0 1 8.55646
0 0 0 0 1 8.65535
0 0 0 0 0 8.61675
0 0 0 0 1 8.61268
0 0 0 0 1 8.52318
0 0 0 0 0 8.50242
0 0 0 0 1 8.519
0 0 0 0 1 8.51559
0 0 0 0 1 8.53267
0 0 0 0 1 8.62164
0 0 0 0 1 8.87744
0 0 0 0 1 9.04839
0 0 0 0 1 9.08418
0 0 0 0 0 9.14517
0 0 0 0 1 9.40075
0 0 0 0 1 9.52672
0 0 0 0 0 9.71009
0 0 0 0 0 9.76657
0 0 0 0 1 9.9998
0 0 0 0 1 10.0925
0 0 0 0 1 10.2551
0 0 0 0 1 10.6373
0 0 0 0 1 10.716
0 0 0 0 1 11.0184
0 0 0 0 1 11.0906
0 0 0 0 1 11.2585
0 0 0 0 1 11.5504
0 0 0 0 1 11.7132
0 0 0 0 1 11.9578
0 0 0 0 1 12.284
0 0 0 0 1 12.4851
0 0 0 0 1 12.9504
0 0 0 0 1 22.7055
0 0 0 0 1 22.6866
0 0 0 0 1 22.5983
0 0 0 0 1 22.6257
0 0 0 0 1 22.6082
0 0 0 0 1 22.7948
0 0 0 0 1 22.4161
0 0 0 0 1 22.6938
0 0 0 0 0 22.8134
0 0 0 0 0 22.7527
0 0 0 0 1 22.6474
0 0 0 0 1 22.5651
0 0 0 0 1 22.4848
0 0 0 0 1 22.6287
0 0 0 0 1 22.4129
0 0 0 0 1 22.535
0 0 0 0 1 22.6125
0 0 0 0 1 22.4432
0 0 0 0 1 23.014
0 0 0 0 1 24.2444
0 0 0 0 1 24.9925
0 0 0 0 0 26.4744
0 0 0 0 1 36.3448
0 0 0 0 1 36.257
0 0 0 0 1 36.4611
0 0 0 0 1 36.5566
0 0 0 0 0 36.065
0 0 0 0 1 38.4107
0 0 0 0 1 52.5353
0 0 0 0 1 52.2594
0 0 0 0 1 51.8291
0 0 0 0 0 52.1798
0 0 0 0 1 51.8551
0 0 0 0 1 56.6107
0 0 0 0 1 65.528
0 0 0 0 1 69.9426
0 0 0 0 0 81.1555
0 0 0 0 0 4.99998
0 0 0 0 0 4.97493
0 0 0 0 0 4.99998
0 0 0 0 0 5.04006
0 0 0 0 0 5.0601
0 0 0 0 0 4.96491
0 0 0 0 0 5.02002
0 0 0 0 0 4.97493
0 0 0 0 0 5.02503
0 0 0 0 0 4.97994
0 0 0 0 0 4.98495
0 0 0 0 0 4.98996
0 0 0 0 1 87.766
0 0 0 0 1 87.3371
0 0 0 0 0 74.694
0 0 0 0 1 63.2006
0 0 0 0 1 60.8896
0 0 0 0 1 61.0824
0 0 0 0 1 59.944
0 0 0 0 1 51.4676
0 0 0 0 0 48.419
0 0 0 0 1 47.8075
0 0 0 0 0 39.5491
0 0 0 0 0 36.9671
0 0 0 0 0 35.3468
0 0 0 0 1 35.3589
0 0 0 0 1 35.942
0 0 0 0 1 35.8485
0 0 0 0 1 27.9094
0 0 0 0 1 26.9375
0 0 0 0 1 25.5366
0 0 0 0 1 24.8607
0 0 0 0 1 24.7001
0 0 0 0 1 24.7617
0 0 0 0 1 24.7732
0 0 0 0 1 24.8111
0 0 0 0 1 24.8495
0 0 0 0 1 24.8637
0 0 0 0 0 24.5078
0 0 0 0 1 24.6711
0 0 0 0 1 24.6357
0 0 0 0 1 18.2909
0 0 0 0 1 17.8273
0 0 0 0 1 17.2949
0 0 0 0 1 16.5772
0 0 0 0 1 16.3913
0 0 0 0 1 15.7525
0 0 0 0 0 15.3925
0 0 0 0 0 15.0305
0 0 0 0 0 14.8015
0 0 0 0 1 14.3654
0 0 0 0 1 14.0003
0 0 0 0 1 13.9564
0 0 0 0 1 13.8015
0 0 0 0 1 13.8414
0 0 0 0 0 14.0485
0 0 0 0 1 13.9219
0 0 0 0 1 13.895
0 0 0 0 1 14.0198
0 0 0 0 1 14.0332
0 0 0 0 1 14.0328
0 0 0 0 1 14.0631
0 0 0 0 0 13.923
0 0 0 0 1 13.9654
0 0 0 0 0 14.0221
0 0 0 0 1 14.1519
0 0 0 0 1 14.0967
0 0 0 0 1 14.0134
0 0 0 0 1 14.2433
0 0 0 0 0 14.0615
0 0 0 0 1 14.2756
0 0 0 0 0 14.1107
0 0 0 0 1 14.1273
0 0 0 0 1 14.0901
0 0 0 0 1 14.2066
0 0 0 0 1 14.2839
0 0 0 0 1 14.4014
0 0 0 0 1 14.2654
0 0 0 0 1 14.2549
0 0 0 0 1 14.1904
0 0 0 0 1 14.4382
0 0 0 0 1 8.80827
0 0 0 0 1 8.79061
0 0 0 0 0 8.55566
0 0 0 0 1 8.57968
0 0 0 0 1 8.41613
0 0 0 0 1 8.21275
0 0 0 0 1 8.14413
0 0 0 0 1 8.01719
0 0 0 0 1 8.06822
0 0 0 0 1 7.94218
0 0 0 0 0 7.8733
0 0 0 0 1 7.74846
0 0 0 0 1 7.71025
0 0 0 0 1 7.51246
0 0 0 0 0 7.46681
0 0 0 0 1 7.34837
0 0 0 0 1 7.34621
0 0 0 0 1 7.30828
0 0 0 0 1 7.19089
0 0 0 0 1 7.08871
0 0 0 0 0 6.96619
0 0 0 0 1 6.95127
0 0 0 0 1 6.86441
0 0 0 0 1 6.80753
0 0 0 0 1 6.70334
0 0 0 0 1 6.74061
0 0 0 0 1 6.5772
0 0 0 0 1 6.57999
0 0 0 0 1 6.56864
0 0 0 0 1 6.48175
0 0 0 0 1 6.32904
0 0 0 0 1 6.27565
0 0 0 0 1 6.27261
0 0 0 0 1 6.21901
0 0 0 0 0 6.23343
0 0 0 0 1 6.06324
0 0 0 0 1 6.11353
0 0 0 0 1 6.00264
0 0 0 0 1 5.97959
0 0 0 0 1 5.95909
0 0 0 0 1 5.83552
0 0 0 0 0 5.81519
0 0 0 0 0 5.74835
0 0 0 0 1 5.78526
0 0 0 0 0 5.65861
0 0 0 0 0 5.59843
0 0 0 0 1 5.63382
0 0 0 0 0 5.52109
0 0 0 0 0 5.56664
0 0 0 0 1 5.43559
0 0 0 0 0 5.49087
0 0 0 0 1 5.39686
0 0 0 0 1 5.37346
0 0 0 0 1 5.29887
0 0 0 0 0 5.27564
0 0 0 0 1 5.25965
0 0 0 0 1 5.1945
0 0 0 0 1 5.15575
0 0 0 0 0 5.18923
0 0 0 0 1 5.10941
0 0 0 0 1 5.08291
0 0 0 0 1 4.99914
0 0 0 0 1 5.00952
0 0 0 0 1 4.94155
0 0 0 0 1 4.93848
0 0 0 0 1 4.92528
0 0 0 0 1 4.85333
0 0 0 0 0 4.83379
0 0 0 0 0 4.82062
0 0 0 0 1 4.79092
0 0 0 0 1 4.86531
0 0 0 0 0 4.88795
0 0 0 0 1 4.88643
0 0 0 0 1 4.83992
0 0 0 0 0 4.94092
0 0 0 0 1 4.89045
0 0 0 0 0 4.94308
0 0 0 0 0 4.97014
0 0 0 0 1 4.98864
0 0 0 0 1 4.93758
0 0 0 0 1 5.00477
0 0 0 0 1 5.01851
0 0 0 0 1 5.05746
0 0 0 0 1 5.02098
0 0 0 0 1 5.09055
0 0 0 0 1 5.03351
0 0 0 0 0 5.05254
0 0 0 0 1 5.07168
0 0 0 0 1 5.18208
0 0 0 0 1 5.14505
0 0 0 0 1 5.18531
0 0 0 0 1 5.14791
0 0 0 0 1 5.24053
0 0 0 0 1 5.24483
0 0 0 0 1 5.23859
0 0 0 0 1 5.30081
0 0 0 0 0 5.26426
0 0 0 0 0 5.3536
0 0 0 0 1 5.28865
0 0 0 0 1 5.39473
0 0 0 0 0 5.3616
0 0 0 0 0 5.36201
0 0 0 0 1 5.42062
0 0 0 0 1 5.47416
0 0 0 0 1 5.50614
0 0 0 0 1 5.55088
0 0 0 0 1 5.55012
0 0 0 0 1 5.51752
0 0 0 0 0 5.51644
0 0 0 0 1 5.62314
0 0 0 0 1 5.63349
0 0 0 0 1 5.66802
0 0 0 0 1 5.63872
0 0 0 0 1 5.74742
0 0 0 0 1 5.67789
0 0 0 0 0 5.79898
0 0 0 0 1 5.79971
0 0 0 0 1 5.7654
0 0 0 0 1 5.82829
0 0 0 0 1 5.88146
0 0 0 0 0 5.87606
0 0 0 0 1 5.86449
0 0 0 0 1 5.9717
0 0 0 0 1 5.94816
0 0 0 0 0 6.00838
0 0 0 0 1 6.06903
0 0 0 0 1 6.02681
0 0 0 0 1 6.14882
0 0 0 0 1 6.19209
0 0 0 0 1 6.1446
0 0 0 0 1 9.50952
0 0 0 0 1 9.56667
0 0 0 0 1 9.53514
0 0 0 0 0 9.45668
0 0 0 0 1 9.41945
0 0 0 0 1 9.25769
0 0 0 0 1 9.41386
0 0 0 0 1 9.23125
0 0 0 0 1 9.16745
0 0 0 0 1 9.30385
0 0 0 0 1 9.25534
0 0 0 0 1 9.23463
0 0 0 0 1 9.13178
0 0 0 0 1 9.19359
0 0 0 0 0 9.05518
0 0 0 0 1 9.11683
0 0 0 0 1 8.97051
0 0 0 0 1 8.96575
0 0 0 0 0 8.96433
0 0 0 0 1 8.99543
0 0 0 0 0 8.90472
0 0 0 0 1 8.83238
0 0 0 0 1 8.92898
0 0 0 0 1 8.84822
0 0 0 0 0 8.90567
0 0 0 0 1 8.85185
0 0 0 0 1 8.69324
0 0 0 0 1 8.83473
0 0 0 0 1 8.79909
0 0 0 0 1 8.66464
0 0 0 0 0 8.75989
0 0 0 0 1 8.66094
0 0 0 0 1 8.70403
0 0 0 0 1 8.58861
0 0 0 0 1 8.62321
0 0 0 0 1 8.63709
0 0 0 0 1 8.51786
0 0 0 0 1 8.50647
0 0 0 0 1 8.41873
0 0 0 0 1 8.50096
0 0 0 0 1 8.37146
0 0 0 0 0 8.36915
0 0 0 0 1 8.32851
0 0 0 0 1 8.41878
0 0 0 0 1 8.34958
0 0 0 0 0 8.32254
0 0 0 0 1 8.37072
0 0 0 0 0 8.38085
0 0 0 0 1 8.22971
0 0 0 0 1 8.21176
0 0 0 0 1 8.19013
0 0 0 0 0 8.29616
0 0 0 0 1 8.22077
0 0 0 0 1 8.16222
0 0 0 0 0 8.18593
0 0 0 0 1 8.22599
0 0 0 0 1 8.0946
0 0 0 0 1 8.17558
0 0 0 0 0 8.19942
0 0 0 0 0 8.06918
0 0 0 0 1 8.0205
0 0 0 0 0 8.09326
0 0 0 0 0 8.0288
0 0 0 0 0 8.09741
0 0 0 0 1 7.99318
0 0 0 0 1 8.0418
0 0 0 0 1 7.9543
0 0 0 0 1 8.04296
0 0 0 0 1 8.0156
0 0 0 0 0 7.92096
0 0 0 0 1 7.90624
0 0 0 0 1 8.01068
0 0 0 0 1 7.89317
0 0 0 0 1 7.97737
0 0 0 0 1 7.82895
0 0 0 0 1 7.84662
0 0 0 0 0 7.94647
0 0 0 0 1 7.89683
0 0 0 0 1 7.85189
0 0 0 0 1 7.90903
0 0 0 0 0 7.74722
0 0 0 0 1 7.88593
0 0 0 0 1 7.86519
0 0 0 0 1 7.82909
0 0 0 0 1 7.843
0 0 0 0 1 7.69089
0 0 0 0 1 7.77488
