0 0 0 0 1 5.50296
0 0 0 0 1 5.54533
0 0 0 0 1 5.59353
0 0 0 0 0 5.53852
0 0 0 0 1 5.53679
0 0 0 0 1 5.53517
0 0 0 0 1 5.63908
0 0 0 0 0 5.64339
0 0 0 0 1 5.6164
0 0 0 0 1 5.60962
0 0 0 0 0 5.68739
0 0 0 0 1 5.63014
0 0 0 0 0 5.6597
0 0 0 0 0 5.60806
0 0 0 0 0 5.72641
0 0 0 0 1 5.64856
0 0 0 0 1 5.72771
0 0 0 0 0 5.72179
0 0 0 0 1 5.75019
0 0 0 0 0 5.68542
0 0 0 0 1 5.71967
0 0 0 0 1 5.78284
0 0 0 0 1 5.78311
0 0 0 0 1 5.80651
0 0 0 0 1 5.7626
0 0 0 0 0 5.82086
0 0 0 0 1 5.85048
0 0 0 0 1 5.81645
0 0 0 0 1 5.86961
0 0 0 0 1 5.84729
0 0 0 0 0 5.88921
0 0 0 0 1 5.89195
0 0 0 0 0 5.84199
0 0 0 0 1 5.89602
0 0 0 0 1 5.90327
0 0 0 0 1 5.84574
0 0 0 0 1 5.96537
0 0 0 0 0 5.90192
0 0 0 0 0 5.87981
0 0 0 0 0 5.89337
0 0 0 0 1 5.99058
0 0 0 0 0 5.95673
0 0 0 0 1 5.97204
0 0 0 0 1 5.96812
0 0 0 0 1 5.97024
0 0 0 0 1 6.04482
0 0 0 0 1 6.08839
0 0 0 0 1 6.08491
0 0 0 0 1 6.02672
0 0 0 0 1 6.15727
0 0 0 0 0 6.08683
0 0 0 0 1 6.13861
0 0 0 0 0 6.12819
0 0 0 0 1 6.2184
0 0 0 0 1 6.12903
0 0 0 0 0 6.24344
0 0 0 0 1 6.15994
0 0 0 0 1 6.17455
0 0 0 0 1 6.19653
0 0 0 0 1 6.2812
0 0 0 0 1 6.2839
0 0 0 0 0 6.23088
0 0 0 0 0 6.32906
0 0 0 0 1 6.26959
0 0 0 0 1 6.29229
0 0 0 0 1 6.30154
0 0 0 0 1 6.32449
0 0 0 0 1 6.45562
0 0 0 0 1 6.42777
0 0 0 0 0 6.38611
0 0 0 0 1 6.48067
0 0 0 0 1 6.43894
0 0 0 0 1 6.51473
0 0 0 0 1 6.55833
0 0 0 0 1 6.52372
0 0 0 0 0 6.55381
0 0 0 0 0 6.55119
0 0 0 0 1 6.60862
0 0 0 0 1 6.57302
0 0 0 0 1 6.58369
0 0 0 0 1 6.65448
0 0 0 0 0 6.67276
0 0 0 0 1 6.69113
0 0 0 0 1 6.76963
0 0 0 0 1 6.75402
0 0 0 0 1 6.75184
0 0 0 0 1 6.74278
0 0 0 0 1 6.90452
0 0 0 0 1 6.84097
0 0 0 0 1 6.92154
0 0 0 0 0 6.92661
0 0 0 0 1 6.97373
0 0 0 0 1 6.92326
0 0 0 0 1 6.95617
0 0 0 0 1 6.98925
0 0 0 0 1 7.02252
0 0 0 0 0 7.00604
0 0 0 0 1 7.11046
0 0 0 0 1 7.14436
0 0 0 0 1 7.22134
0 0 0 0 0 7.20552
0 0 0 0 1 7.14627
0 0 0 0 1 7.16556
0 0 0 0 1 7.25803
0 0 0 0 1 7.27046
0 0 0 0 1 7.37124
0 0 0 0 0 7.42822
0 0 0 0 1 7.33856
0 0 0 0 1 7.47717
0 0 0 0 1 7.42315
0 0 0 0 1 7.52608
0 0 0 0 1 7.4565
0 0 0 0 1 7.54468
0 0 0 0 1 7.52729
0 0 0 0 1 7.67004
0 0 0 0 1 7.714
0 0 0 0 1 7.72743
0 0 0 0 1 7.70217
0 0 0 0 1 7.81619
0 0 0 0 0 7.75953
0 0 0 0 1 7.81231
0 0 0 0 1 7.92781
0 0 0 0 1 7.98849
0 0 0 0 1 7.92279
0 0 0 0 1 7.91159
0 0 0 0 1 8.10131
0 0 0 0 1 8.1232
0 0 0 0 0 8.13697
0 0 0 0 1 8.1175
0 0 0 0 1 8.12269
0 0 0 0 1 8.30819
0 0 0 0 1 8.19736
0 0 0 0 1 8.39355
0 0 0 0 1 8.29816
0 0 0 0 1 8.4537
0 0 0 0 1 8.41608
0 0 0 0 0 8.44574
0 0 0 0 1 8.47537
0 0 0 0 1 8.64323
0 0 0 0 1 8.59584
0 0 0 0 1 8.72057
0 0 0 0 1 8.68098
0 0 0 0 1 8.76282
0 0 0 0 1 8.87337
0 0 0 0 0 8.92977
0 0 0 0 1 8.98636
0 0 0 0 0 9.08818
0 0 0 0 1 9.00948
0 0 0 0 1 9.14911
0 0 0 0 1 9.20642
0 0 0 0 1 9.13474
0 0 0 0 1 9.23803
0 0 0 0 1 9.29648
0 0 0 0 1 9.47504
0 0 0 0 1 9.46724
0 0 0 0 1 9.49563
0 0 0 0 1 9.60043
0 0 0 0 1 9.60105
0 0 0 0 0 9.81347
0 0 0 0 1 9.69545
0 0 0 0 0 9.86075
0 0 0 0 1 9.96948
0 0 0 0 1 9.93631
0 0 0 0 1 10.1145
0 0 0 0 0 10.1714
0 0 0 0 0 10.2705
0 0 0 0 1 10.3379
0 0 0 0 1 10.2499
0 0 0 0 1 10.5057
0 0 0 0 0 10.5525
0 0 0 0 1 10.5249
0 0 0 0 1 10.7072
0 0 0 0 1 10.6461
0 0 0 0 1 10.8732
0 0 0 0 1 9.34312
0 0 0 0 1 9.37458
0 0 0 0 1 9.16999
0 0 0 0 1 9.2481
0 0 0 0 1 9.12781
0 0 0 0 0 9.10466
0 0 0 0 1 9.21479
0 0 0 0 1 9.14594
0 0 0 0 1 9.0729
0 0 0 0 1 9.1416
0 0 0 0 1 9.00537
0 0 0 0 1 9.15579
0 0 0 0 1 9.0384
0 0 0 0 0 9.02098
0 0 0 0 1 9.0535
0 0 0 0 1 8.99129
0 0 0 0 1 9.05988
0 0 0 0 1 8.98018
0 0 0 0 0 9.01716
0 0 0 0 0 8.94694
0 0 0 0 0 8.98883
0 0 0 0 1 8.94582
0 0 0 0 1 8.80543
0 0 0 0 1 8.94917
0 0 0 0 1 8.77408
0 0 0 0 1 8.78127
0 0 0 0 1 8.8805
0 0 0 0 1 8.70685
0 0 0 0 1 8.83241
0 0 0 0 1 8.71223
0 0 0 0 1 8.70632
0 0 0 0 1 8.76678
0 0 0 0 1 8.65643
0 0 0 0 1 8.67711
0 0 0 0 1 8.71521
0 0 0 0 1 8.70993
0 0 0 0 1 8.64415
0 0 0 0 1 8.69978
0 0 0 0 1 8.55676
0 0 0 0 1 8.66431
0 0 0 0 1 8.68559
0 0 0 0 1 8.61238
0 0 0 0 1 8.62534
0 0 0 0 1 8.62125
0 0 0 0 0 8.64298
0 0 0 0 0 8.57079
0 0 0 0 1 8.51046
0 0 0 0 1 8.60083
0 0 0 0 1 8.60985
0 0 0 0 1 8.65644
0 0 0 0 1 8.76272
0 0 0 0 1 8.91401
0 0 0 0 1 9.03872
0 0 0 0 1 9.31144
0 0 0 0 1 9.34446
0 0 0 0 1 9.63161
0 0 0 0 1 9.69072
0 0 0 0 1 9.88471
0 0 0 0 1 9.9998
0 0 0 0 1 10.2351
0 0 0 0 1 10.4001
0 0 0 0 1 10.574
0 0 0 0 1 10.716
0 0 0 0 0 10.8871
0 0 0 0 1 11.2466
0 0 0 0 1 11.3494
0 0 0 0 0 11.5157
0 0 0 0 1 11.7959
0 0 0 0 1 12.0422
0 0 0 0 1 12.2225
0 0 0 0 1 12.6988
0 0 0 0 0 12.9375
0 0 0 0 1 22.6373
0 0 0 0 0 22.6412
0 0 0 0 0 22.6664
0 0 0 0 0 22.8298
0 0 0 0 1 22.4949
0 0 0 0 0 22.659
0 0 0 0 1 22.8232
0 0 0 0 1 22.4226
0 0 0 0 1 22.7908
0 0 0 0 0 22.6624
0 0 0 0 1 22.4444
0 0 0 0 1 22.3848
0 0 0 0 0 22.3271
0 0 0 0 1 22.3586
0 0 0 0 1 22.3004
0 0 0 0 1 22.6475
0 0 0 0 1 22.6574
0 0 0 0 1 22.2635
0 0 0 0 1 23.3852
0 0 0 0 1 23.9067
0 0 0 0 1 25.0427
0 0 0 0 0 26.2909
0 0 0 0 1 36.5997
0 0 0 0 1 36.621
0 0 0 0 0 36.4247
0 0 0 0 0 36.1929
0 0 0 0 1 36.4289
0 0 0 0 0 38.8345
0 0 0 0 1 51.9105
0 0 0 0 0 52.4155
0 0 0 0 1 52.3495
0 0 0 0 1 51.8676
0 0 0 0 1 51.9071
0 0 0 0 1 56.4415
0 0 0 0 1 64.9388
0 0 0 0 0 69.5246
0 0 0 0 1 81.7282
0 0 0 0 0 5.05008
0 0 0 0 0 4.99998
0 0 0 0 0 5.04507
0 0 0 0 0 4.98495
0 0 0 0 0 5.02002
0 0 0 0 0 5.00499
0 0 0 0 0 4.97994
0 0 0 0 0 5.01501
0 0 0 0 0 5.05509
0 0 0 0 0 5.02002
0 0 0 0 0 5.03004
0 0 0 0 0 5.0601
0 0 0 0 0 87.0653
0 0 0 0 0 87.7751
0 0 0 0 1 74.4686
0 0 0 0 1 63.3921
0 0 0 0 1 60.2843
0 0 0 0 1 60.1138
0 0 0 0 0 60.3073
0 0 0 0 1 51.3129
0 0 0 0 1 48.419
0 0 0 0 1 48.3835
0 0 0 0 1 39.0778
0 0 0 0 1 36.5252
0 0 0 0 0 35.5252
0 0 0 0 0 35.7514
0 0 0 0 1 35.5137
0 0 0 0 1 35.67
0 0 0 0 1 27.9656
0 0 0 0 1 26.7499
0 0 0 0 1 25.5109
0 0 0 0 1 24.8361
0 0 0 0 1 24.8479
0 0 0 0 0 24.7124
0 0 0 0 1 24.5021
0 0 0 0 1 24.7865
0 0 0 0 1 24.8248
0 0 0 0 1 24.6168
0 0 0 0 1 24.8043
0 0 0 0 0 24.6958
0 0 0 0 1 24.512
0 0 0 0 1 18.2909
0 0 0 0 1 17.7035
0 0 0 0 1 17.2949
0 0 0 0 1 16.5772
0 0 0 0 0 16.2447
0 0 0 0 0 15.9589
0 0 0 0 1 15.6403
0 0 0 0 1 15.0456
0 0 0 0 0 14.6687
0 0 0 0 1 14.524
0 0 0 0 0 14.2259
0 0 0 0 1 13.9842
0 0 0 0 1 14.01
0 0 0 0 1 14.05
0 0 0 0 1 13.9789
0 0 0 0 1 13.8522
0 0 0 0 1 14.0624
0 0 0 0 1 14.0896
0 0 0 0 1 13.8654
0 0 0 0 1 13.9069
0 0 0 0 1 14.1191
0 0 0 0 1 14.0352
0 0 0 0 1 13.9373
0 0 0 0 1 14.1345
0 0 0 0 1 14.0253
0 0 0 0 1 14.0263
0 0 0 0 0 14.1826
0 0 0 0 1 14.1304
0 0 0 0 1 14.1887
0 0 0 0 1 14.1058
0 0 0 0 1 14.1957
0 0 0 0 1 14.1982
0 0 0 0 1 14.2605
0 0 0 0 1 14.1071
0 0 0 0 1 14.2127
0 0 0 0 1 14.3871
0 0 0 0 1 14.2225
0 0 0 0 1 14.1834
0 0 0 0 1 14.4195
0 0 0 0 1 14.4239
0 0 0 0 1 8.79944
0 0 0 0 1 8.7819
0 0 0 0 1 8.55566
0 0 0 0 1 8.45225
0 0 0 0 1 8.43291
0 0 0 0 1 8.30391
0 0 0 0 0 8.13594
0 0 0 0 1 8.09809
0 0 0 0 1 8.02024
0 0 0 0 1 7.89476
0 0 0 0 1 7.74038
0 0 0 0 0 7.79481
0 0 0 0 0 7.56506
0 0 0 0 1 7.5049
0 0 0 0 1 7.40701
0 0 0 0 1 7.37057
0 0 0 0 1 7.29499
0 0 0 0 1 7.30828
0 0 0 0 0 7.19806
0 0 0 0 1 7.15966
0 0 0 0 1 6.95214
0 0 0 0 0 7.01389
0 0 0 0 1 6.85752
0 0 0 0 1 6.80071
0 0 0 0 1 6.74389
0 0 0 0 0 6.6536
0 0 0 0 0 6.62361
0 0 0 0 1 6.54059
0 0 0 0 1 6.52962
0 0 0 0 1 6.40436
0 0 0 0 1 6.45038
0 0 0 0 1 6.28198
0 0 0 0 0 6.23493
0 0 0 0 0 6.21279
0 0 0 0 1 6.15319
0 0 0 0 1 6.13054
0 0 0 0 1 6.05288
0 0 0 0 1 6.03275
0 0 0 0 1 5.98556
0 0 0 0 1 5.97686
0 0 0 0 1 5.92945
0 0 0 0 1 5.78023
0 0 0 0 1 5.7657
0 0 0 0 0 5.75083
0 0 0 0 1 5.72117
0 0 0 0 1 5.59843
0 0 0 0 1 5.64502
0 0 0 0 1 5.53222
0 0 0 0 0 5.46724
0 0 0 0 1 5.43559
0 0 0 0 0 5.41476
0 0 0 0 1 5.45628
0 0 0 0 0 5.32515
0 0 0 0 1 5.3681
0 0 0 0 0 5.25976
0 0 0 0 1 5.2754
0 0 0 0 1 5.16842
0 0 0 0 1 5.1972
0 0 0 0 0 5.15834
0 0 0 0 1 5.0685
0 0 0 0 1 5.06769
0 0 0 0 1 5.04953
0 0 0 0 1 4.98947
0 0 0 0 1 5.03122
0 0 0 0 1 4.91868
0 0 0 0 1 4.87121
0 0 0 0 1 4.8338
0 0 0 0 1 4.85322
0 0 0 0 0 4.80132
0 0 0 0 1 4.79092
0 0 0 0 0 4.78326
0 0 0 0 1 4.89279
0 0 0 0 1 4.90102
0 0 0 0 1 4.86429
0 0 0 0 1 4.93603
0 0 0 0 1 4.93464
0 0 0 0 1 4.90365
0 0 0 0 1 4.97508
0 0 0 0 1 4.99856
0 0 0 0 1 4.98238
0 0 0 0 1 5.0397
0 0 0 0 0 5.00348
0 0 0 0 1 5.05243
0 0 0 0 1 5.00079
0 0 0 0 1 5.07536
0 0 0 0 1 5.11994
0 0 0 0 1 5.11889
0 0 0 0 1 5.16389
0 0 0 0 1 5.15126
0 0 0 0 1 5.17598
0 0 0 0 1 5.12838
0 0 0 0 1 5.1531
0 0 0 0 1 5.1936
0 0 0 0 1 5.22912
0 0 0 0 1 5.30689
0 0 0 0 1 5.31663
0 0 0 0 1 5.28546
0 0 0 0 1 5.36425
0 0 0 0 0 5.3581
0 0 0 0 0 5.35183
0 0 0 0 1 5.36698
0 0 0 0 1 5.43776
0 0 0 0 1 5.3826
0 0 0 0 1 5.40328
0 0 0 0 0 5.48425
0 0 0 0 1 5.46285
0 0 0 0 1 5.47833
0 0 0 0 1 5.60079
0 0 0 0 1 5.62231
0 0 0 0 1 5.64554
0 0 0 0 1 5.64474
0 0 0 0 0 5.70757
0 0 0 0 1 5.69545
0 0 0 0 1 5.6676
0 0 0 0 0 5.73513
0 0 0 0 1 5.78172
0 0 0 0 1 5.81127
0 0 0 0 1 5.83514
0 0 0 0 1 5.88663
0 0 0 0 0 5.82869
0 0 0 0 1 5.9291
0 0 0 0 1 5.91781
0 0 0 0 1 5.98956
0 0 0 0 1 5.93619
0 0 0 0 1 6.03244
0 0 0 0 1 6.08112
0 0 0 0 1 6.09971
0 0 0 0 1 6.05112
0 0 0 0 1 6.15527
0 0 0 0 1 6.15077
0 0 0 0 1 9.58567
0 0 0 0 0 9.53822
0 0 0 0 1 9.49734
0 0 0 0 1 9.37191
0 0 0 0 1 9.31625
0 0 0 0 1 9.44472
0 0 0 0 1 9.33929
0 0 0 0 1 9.33351
0 0 0 0 1 9.27857
0 0 0 0 1 9.15617
0 0 0 0 1 9.15414
0 0 0 0 1 9.1521
0 0 0 0 1 9.0678
0 0 0 0 1 9.05692
0 0 0 0 1 9.07335
0 0 0 0 1 9.14399
0 0 0 0 1 8.99759
0 0 0 0 1 9.07378
0 0 0 0 1 9.06304
0 0 0 0 1 8.91487
0 0 0 0 1 8.91364
0 0 0 0 1 8.90353
0 0 0 0 1 8.88464
0 0 0 0 1 8.75982
0 0 0 0 1 8.75577
0 0 0 0 1 8.82548
0 0 0 0 1 8.73705
0 0 0 0 1 8.83473
0 0 0 0 0 8.71189
0 0 0 0 0 8.68204
0 0 0 0 1 8.62112
0 0 0 0 0 8.64364
0 0 0 0 1 8.63502
0 0 0 0 1 8.64025
0 0 0 0 0 8.56315
0 0 0 0 1 8.60285
0 0 0 0 1 8.60321
0 0 0 0 1 8.60014
0 0 0 0 1 8.58014
0 0 0 0 1 8.44163
0 0 0 0 0 8.44756
0 0 0 0 0 8.35228
0 0 0 0 0 8.32851
0 0 0 0 1 8.44396
0 0 0 0 1 8.41658
0 0 0 0 1 8.41445
0 0 0 0 1 8.29568
0 0 0 0 1 8.24782
0 0 0 0 1 8.35416
0 0 0 0 1 8.25315
0 0 0 0 1 8.19839
0 0 0 0 0 8.27966
0 0 0 0 1 8.25369
0 0 0 0 0 8.16222
0 0 0 0 1 8.16954
0 0 0 0 1 8.25052
0 0 0 0 0 8.18436
0 0 0 0 1 8.11857
0 0 0 0 1 8.15066
0 0 0 0 1 8.11784
0 0 0 0 1 8.06906
0 0 0 0 1 8.13365
0 0 0 0 1 8.05299
0 0 0 0 1 8.05716
0 0 0 0 1 8.08958
0 0 0 0 1 7.96964
0 0 0 0 1 7.93829
0 0 0 0 1 7.94712
0 0 0 0 1 8.0156
0 0 0 0 0 7.96872
0 0 0 0 1 7.9857
0 0 0 0 1 8.00274
0 0 0 0 1 7.94068
0 0 0 0 0 7.98527
0 0 0 0 1 7.86841
0 0 0 0 1 7.88601
0 0 0 0 0 7.87566
0 0 0 0 1 7.91255
0 0 0 0 1 7.89895
0 0 0 0 1 7.89337
0 0 0 0 0 7.83322
0 0 0 0 0 7.761
0 0 0 0 1 7.73267
0 0 0 0 0 7.72014
0 0 0 0 1 7.7575
0 0 0 0 1 7.73745
0 0 0 0 1 7.78263
