0 0 0 0 1 5.53625
0 0 0 0 1 5.562
0 0 0 0 1 5.52117
0 0 0 0 1 5.58866
0 0 0 0 1 5.59819
0 0 0 0 1 5.54076
0 0 0 0 1 5.65027
0 0 0 0 1 5.6546
0 0 0 0 1 5.56591
0 0 0 0 0 5.58714
0 0 0 0 1 5.6536
0 0 0 0 1 5.66399
0 0 0 0 0 5.62581
0 0 0 0 1 5.61372
0 0 0 0 1 5.66405
0 0 0 0 1 5.67127
0 0 0 0 1 5.72771
0 0 0 0 0 5.71609
0 0 0 0 1 5.67025
0 0 0 0 1 5.75399
0 0 0 0 1 5.73112
0 0 0 0 0 5.71399
0 0 0 0 1 5.73137
0 0 0 0 0 5.77771
0 0 0 0 1 5.82605
0 0 0 0 1 5.75728
0 0 0 0 0 5.73463
0 0 0 0 1 5.83967
0 0 0 0 1 5.84635
0 0 0 0 1 5.80065
0 0 0 0 1 5.80742
0 0 0 0 1 5.90365
0 0 0 0 1 5.84785
0 0 0 0 1 5.83729
0 0 0 0 1 5.90327
0 0 0 0 1 5.84574
0 0 0 0 1 5.97129
0 0 0 0 0 5.98488
0 0 0 0 1 5.95702
0 0 0 0 1 5.95885
0 0 0 0 1 6.02042
0 0 0 0 1 5.98663
0 0 0 0 1 5.97803
0 0 0 0 1 6.04617
0 0 0 0 1 5.97024
0 0 0 0 1 6.00862
0 0 0 0 1 6.07629
0 0 0 0 1 6.00605
0 0 0 0 0 6.09362
0 0 0 0 0 6.1146
0 0 0 0 1 6.13572
0 0 0 0 1 6.07122
0 0 0 0 1 6.20194
0 0 0 0 0 6.13221
0 0 0 0 0 6.23396
0 0 0 0 1 6.12587
0 0 0 0 1 6.24679
0 0 0 0 1 6.19945
0 0 0 0 1 6.26517
0 0 0 0 1 6.29371
0 0 0 0 0 6.25879
0 0 0 0 1 6.27494
0 0 0 0 1 6.32275
0 0 0 0 1 6.2949
0 0 0 0 0 6.38109
0 0 0 0 0 6.3461
0 0 0 0 1 6.38831
0 0 0 0 1 6.34035
0 0 0 0 0 6.41493
0 0 0 0 1 6.49566
0 0 0 0 1 6.47421
0 0 0 0 0 6.50379
0 0 0 0 0 6.49523
0 0 0 0 1 6.4801
0 0 0 0 1 6.47796
0 0 0 0 1 6.50133
0 0 0 0 0 6.52485
0 0 0 0 1 6.62842
0 0 0 0 1 6.60615
0 0 0 0 0 6.71669
0 0 0 0 1 6.61443
0 0 0 0 1 6.62591
0 0 0 0 1 6.69113
0 0 0 0 1 6.78984
0 0 0 0 1 6.82839
0 0 0 0 1 6.84005
0 0 0 0 1 6.83132
0 0 0 0 1 6.82248
0 0 0 0 0 6.93018
0 0 0 0 1 6.81823
0 0 0 0 1 6.85057
0 0 0 0 1 6.93907
0 0 0 0 0 6.9163
0 0 0 0 0 7.04696
0 0 0 0 1 6.98925
0 0 0 0 1 6.9803
0 0 0 0 1 7.04139
0 0 0 0 1 7.11756
0 0 0 0 0 7.15861
0 0 0 0 1 7.14269
0 0 0 0 1 7.21987
0 0 0 0 1 7.26874
0 0 0 0 1 7.28136
0 0 0 0 1 7.27982
0 0 0 0 1 7.32886
0 0 0 0 1 7.37857
0 0 0 0 1 7.32515
0 0 0 0 1 7.34594
0 0 0 0 1 7.40299
0 0 0 0 0 7.40079
0 0 0 0 1 7.50363
0 0 0 0 1 7.59179
0 0 0 0 0 7.58244
0 0 0 0 1 7.57282
0 0 0 0 1 7.62434
0 0 0 0 1 7.66808
0 0 0 0 1 7.65823
0 0 0 0 1 7.71762
0 0 0 0 1 7.77739
0 0 0 0 0 7.72054
0 0 0 0 1 7.80448
0 0 0 0 1 7.94354
0 0 0 0 1 7.85403
0 0 0 0 0 8.01815
0 0 0 0 1 8.01548
0 0 0 0 0 8.07723
0 0 0 0 1 8.01833
0 0 0 0 0 8.05592
0 0 0 0 1 8.07675
0 0 0 0 0 8.22914
0 0 0 0 0 8.29173
0 0 0 0 1 8.3464
0 0 0 0 1 8.34364
0 0 0 0 1 8.28979
0 0 0 0 1 8.32752
0 0 0 0 1 8.54296
0 0 0 0 0 8.46275
0 0 0 0 1 8.56089
0 0 0 0 1 8.54872
0 0 0 0 0 8.58721
0 0 0 0 1 8.65971
0 0 0 0 1 8.8296
0 0 0 0 1 8.73643
0 0 0 0 1 8.77615
0 0 0 0 0 8.92087
0 0 0 0 1 8.87895
0 0 0 0 1 9.02513
0 0 0 0 1 9.082
0 0 0 0 1 9.18556
0 0 0 0 0 9.14223
0 0 0 0 1 9.2916
0 0 0 0 1 9.1916
0 0 0 0 0 9.41782
0 0 0 0 0 9.44684
0 0 0 0 1 9.48616
0 0 0 0 1 9.51468
0 0 0 0 0 9.68674
0 0 0 0 0 9.60105
0 0 0 0 1 9.62886
0 0 0 0 1 9.72481
0 0 0 0 1 9.79179
0 0 0 0 1 9.91993
0 0 0 0 1 10.0561
0 0 0 0 0 10.1246
0 0 0 0 1 10.141
0 0 0 0 0 10.2909
0 0 0 0 0 10.2145
0 0 0 0 1 10.2603
0 0 0 0 0 10.464
0 0 0 0 1 10.4475
0 0 0 0 1 10.6307
0 0 0 0 0 10.6965
0 0 0 0 1 10.7965
0 0 0 0 1 10.9382
0 0 0 0 1 9.26867
0 0 0 0 1 9.2632
0 0 0 0 1 9.2904
0 0 0 0 1 9.17419
0 0 0 0 1 9.24767
0 0 0 0 1 9.23342
0 0 0 0 1 9.15973
0 0 0 0 1 9.14594
0 0 0 0 0 9.10944
0 0 0 0 1 9.16894
0 0 0 0 1 9.03265
0 0 0 0 0 9.00153
0 0 0 0 1 9.0384
0 0 0 0 1 8.98482
0 0 0 0 0 8.93627
0 0 0 0 1 9.06329
0 0 0 0 1 9.04192
0 0 0 0 1 9.025
0 0 0 0 1 8.96349
0 0 0 0 1 8.91122
0 0 0 0 1 8.94428
0 0 0 0 1 8.82133
0 0 0 0 1 8.92082
0 0 0 0 0 8.79854
0 0 0 0 1 8.90675
0 0 0 0 1 8.896
0 0 0 0 1 8.77478
0 0 0 0 0 8.786
0 0 0 0 1 8.80607
0 0 0 0 0 8.72976
0 0 0 0 1 8.74132
0 0 0 0 1 8.75805
0 0 0 0 1 8.79591
0 0 0 0 1 8.74673
0 0 0 0 1 8.73259
0 0 0 0 1 8.62318
0 0 0 0 0 8.59219
0 0 0 0 1 8.57006
0 0 0 0 1 8.59129
0 0 0 0 1 8.70742
0 0 0 0 1 8.5995
0 0 0 0 1 8.5608
0 0 0 0 1 8.66825
0 0 0 0 0 8.63839
0 0 0 0 1 8.50606
0 0 0 0 1 8.5537
0 0 0 0 1 8.51046
0 0 0 0 1 8.43887
0 0 0 0 1 8.50695
0 0 0 0 1 8.78694
0 0 0 0 1 8.89509
0 0 0 0 1 8.86921
0 0 0 0 1 9.01144
0 0 0 0 1 9.27449
0 0 0 0 1 9.37261
0 0 0 0 0 9.45043
0 0 0 0 1 9.67136
0 0 0 0 0 9.88471
0 0 0 0 1 10.0899
0 0 0 0 0 10.0925
0 0 0 0 1 10.4623
0 0 0 0 1 10.5106
0 0 0 0 1 10.7053
0 0 0 0 1 10.8433
0 0 0 0 1 11.1128
0 0 0 0 1 11.3153
0 0 0 0 0 11.5272
0 0 0 0 1 11.9023
0 0 0 0 0 12.1265
0 0 0 0 1 12.3579
0 0 0 0 1 12.4976
0 0 0 0 0 12.7319
0 0 0 0 1 22.5464
0 0 0 0 1 22.8002
0 0 0 0 1 22.7798
0 0 0 0 1 22.5577
0 0 0 0 0 22.5402
0 0 0 0 0 22.8627
0 0 0 0 1 22.4161
0 0 0 0 1 22.7842
0 0 0 0 1 22.5424
0 0 0 0 0 22.3916
0 0 0 0 1 22.4444
0 0 0 0 1 22.6328
0 0 0 0 0 22.3722
0 0 0 0 0 22.336
0 0 0 0 1 22.6154
0 0 0 0 1 22.3101
0 0 0 0 1 22.4551
0 0 0 0 0 22.4432
0 0 0 0 1 23.2228
0 0 0 0 1 23.9067
0 0 0 0 1 25.0929
0 0 0 0 1 26.4482
0 0 0 0 1 36.6725
0 0 0 0 0 36.2934
0 0 0 0 0 36.17
0 0 0 0 1 36.302
0 0 0 0 0 36.247
0 0 0 0 1 38.873
0 0 0 0 1 52.2229
0 0 0 0 1 52.5196
0 0 0 0 0 52.1413
0 0 0 0 1 52.3879
0 0 0 0 1 52.4793
0 0 0 0 1 55.9341
0 0 0 0 0 65.6589
0 0 0 0 1 69.3156
0 0 0 0 1 81.7282
0 0 0 0 0 5.02002
0 0 0 0 0 4.98495
0 0 0 0 0 4.98495
0 0 0 0 0 4.96992
0 0 0 0 0 4.97493
0 0 0 0 0 4.96992
0 0 0 0 0 4.97994
0 0 0 0 0 5.03505
0 0 0 0 0 5.01501
0 0 0 0 0 5.00499
0 0 0 0 0 4.99497
0 0 0 0 0 4.99998
0 0 0 0 1 87.1529
0 0 0 0 1 87.0743
0 0 0 0 1 74.6189
0 0 0 0 1 63.7113
0 0 0 0 0 60.5869
0 0 0 0 0 60.1744
0 0 0 0 0 60.4889
0 0 0 0 1 51.3644
0 0 0 0 1 48.3231
0 0 0 0 1 47.8555
0 0 0 0 0 39.2349
0 0 0 0 0 36.9671
0 0 0 0 0 35.7392
0 0 0 0 1 35.5016
0 0 0 0 1 35.8706
0 0 0 0 1 35.5629
0 0 0 0 0 28.0498
0 0 0 0 1 26.6695
0 0 0 0 1 25.5109
0 0 0 0 1 24.3684
0 0 0 0 1 24.8725
0 0 0 0 1 24.5646
0 0 0 0 1 24.8472
0 0 0 0 1 24.8358
0 0 0 0 1 24.4793
0 0 0 0 1 24.8637
0 0 0 0 1 24.6807
0 0 0 0 0 24.5722
0 0 0 0 1 24.6604
0 0 0 0 1 18.3637
0 0 0 0 1 17.7388
0 0 0 0 1 17.3465
0 0 0 0 0 16.6608
0 0 0 0 1 16.2284
0 0 0 0 0 15.9589
0 0 0 0 1 15.5319
0 0 0 0 1 14.9851
0 0 0 0 1 14.7868
0 0 0 0 1 14.5385
0 0 0 0 1 14.1131
0 0 0 0 1 13.9981
0 0 0 0 0 14.0378
0 0 0 0 1 13.7718
0 0 0 0 0 13.9372
0 0 0 0 1 13.8243
0 0 0 0 1 13.8252
0 0 0 0 1 14.0477
0 0 0 0 1 13.8375
0 0 0 0 0 14.0888
0 0 0 0 1 14.0351
0 0 0 0 1 13.937
0 0 0 0 1 14.1478
0 0 0 0 1 14.0221
0 0 0 0 1 14.1378
0 0 0 0 1 14.0122
0 0 0 0 1 14.1121
0 0 0 0 0 13.9892
0 0 0 0 1 14.1604
0 0 0 0 1 14.219
0 0 0 0 1 14.139
0 0 0 0 1 14.1698
0 0 0 0 1 14.2605
0 0 0 0 1 14.2066
0 0 0 0 1 14.1699
0 0 0 0 1 14.273
0 0 0 0 1 14.3225
0 0 0 0 1 14.4122
0 0 0 0 1 14.3622
0 0 0 0 1 14.3809
0 0 0 0 1 8.79062
0 0 0 0 1 8.64251
0 0 0 0 1 8.59006
0 0 0 0 1 8.44376
0 0 0 0 1 8.38256
0 0 0 0 0 8.34535
0 0 0 0 1 8.21787
0 0 0 0 1 8.01719
0 0 0 0 0 8.06023
0 0 0 0 0 7.94218
0 0 0 0 0 7.77166
0 0 0 0 1 7.74846
0 0 0 0 0 7.56506
0 0 0 0 1 7.61827
0 0 0 0 1 7.53408
0 0 0 0 1 7.46677
0 0 0 0 0 7.35352
0 0 0 0 0 7.27931
0 0 0 0 1 7.24107
0 0 0 0 1 7.10999
0 0 0 0 1 6.98725
0 0 0 0 1 6.93039
0 0 0 0 0 6.92637
0 0 0 0 1 6.7666
0 0 0 0 1 6.74389
0 0 0 0 1 6.68706
0 0 0 0 1 6.68328
0 0 0 0 1 6.59969
0 0 0 0 1 6.4971
0 0 0 0 1 6.46885
0 0 0 0 1 6.3929
0 0 0 0 0 6.31998
0 0 0 0 1 6.24749
0 0 0 0 1 6.27504
0 0 0 0 0 6.1964
0 0 0 0 1 6.17337
0 0 0 0 1 6.04682
0 0 0 0 1 6.07489
0 0 0 0 1 5.99153
0 0 0 0 1 5.97093
0 0 0 0 0 5.91184
0 0 0 0 1 5.86763
0 0 0 0 0 5.79461
0 0 0 0 0 5.79674
0 0 0 0 1 5.64155
0 0 0 0 1 5.68309
0 0 0 0 1 5.64502
0 0 0 0 1 5.57675
0 0 0 0 1 5.47276
0 0 0 0 0 5.5123
0 0 0 0 1 5.39301
0 0 0 0 1 5.35364
0 0 0 0 1 5.37883
0 0 0 0 1 5.29354
0 0 0 0 1 5.24389
0 0 0 0 1 5.22291
0 0 0 0 1 5.23622
0 0 0 0 0 5.16611
0 0 0 0 0 5.09657
0 0 0 0 1 5.1401
0 0 0 0 0 5.02203
0 0 0 0 1 5.00418
0 0 0 0 1 5.05466
0 0 0 0 1 4.97642
0 0 0 0 1 4.94343
0 0 0 0 1 4.88595
0 0 0 0 1 4.8875
0 0 0 0 1 4.83864
0 0 0 0 0 4.83992
0 0 0 0 1 4.86315
0 0 0 0 1 4.85566
0 0 0 0 1 4.87826
0 0 0 0 1 4.85239
0 0 0 0 1 4.88378
0 0 0 0 1 4.92625
0 0 0 0 0 4.89045
0 0 0 0 0 4.95294
0 0 0 0 0 4.92567
0 0 0 0 1 4.94401
0 0 0 0 1 4.98238
0 0 0 0 1 5.02972
0 0 0 0 1 5.05357
0 0 0 0 1 5.01724
0 0 0 0 1 5.05125
0 0 0 0 1 5.04496
0 0 0 0 1 5.11994
0 0 0 0 0 5.05764
0 0 0 0 0 5.10754
0 0 0 0 1 5.18721
0 0 0 0 1 5.18113
0 0 0 0 1 5.18013
0 0 0 0 1 5.24661
0 0 0 0 0 5.24575
0 0 0 0 1 5.2867
0 0 0 0 1 5.23333
0 0 0 0 1 5.22697
0 0 0 0 0 5.31197
0 0 0 0 1 5.34828
0 0 0 0 1 5.28865
0 0 0 0 1 5.35719
0 0 0 0 1 5.34007
0 0 0 0 1 5.45399
0 0 0 0 1 5.3826
0 0 0 0 0 5.44144
0 0 0 0 1 5.47877
0 0 0 0 1 5.50686
0 0 0 0 1 5.47281
0 0 0 0 1 5.51197
0 0 0 0 0 5.58331
0 0 0 0 1 5.57273
0 0 0 0 1 5.66723
0 0 0 0 0 5.66236
0 0 0 0 1 5.69545
0 0 0 0 1 5.72461
0 0 0 0 1 5.76947
0 0 0 0 1 5.79323
0 0 0 0 1 5.77658
0 0 0 0 1 5.78865
0 0 0 0 1 5.84579
0 0 0 0 1 5.83455
0 0 0 0 1 5.94089
0 0 0 0 0 5.92966
0 0 0 0 1 5.91812
0 0 0 0 1 6.03193
0 0 0 0 1 5.98433
0 0 0 0 1 6.06903
0 0 0 0 1 6.08148
0 0 0 0 0 6.1244
0 0 0 0 1 6.10003
0 0 0 0 0 6.13842
0 0 0 0 1 9.59519
0 0 0 0 1 9.41496
0 0 0 0 1 9.50679
0 0 0 0 1 9.32482
0 0 0 0 1 9.41007
0 0 0 0 1 9.30445
0 0 0 0 0 9.24608
0 0 0 0 1 9.38929
0 0 0 0 1 9.16745
0 0 0 0 0 9.31308
0 0 0 0 1 9.15414
0 0 0 0 1 9.13376
0 0 0 0 0 9.23233
0 0 0 0 1 9.07514
0 0 0 0 1 9.05518
0 0 0 0 1 9.00819
0 0 0 0 0 8.95246
0 0 0 0 0 9.02877
0 0 0 0 1 8.93741
0 0 0 0 1 8.91487
0 0 0 0 1 8.8601
0 0 0 0 1 8.90353
0 0 0 0 1 8.80484
0 0 0 0 1 8.92777
0 0 0 0 1 8.74695
0 0 0 0 0 8.72879
0 0 0 0 1 8.67571
0 0 0 0 1 8.69477
0 0 0 0 1 8.73805
0 0 0 0 1 8.74293
0 0 0 0 0 8.75989
0 0 0 0 1 8.6869
0 0 0 0 1 8.67815
0 0 0 0 1 8.59722
0 0 0 0 1 8.57173
0 0 0 0 1 8.47445
0 0 0 0 1 8.50932
0 0 0 0 1 8.54905
0 0 0 0 1 8.42723
0 0 0 0 0 8.45858
0 0 0 0 1 8.37146
0 0 0 0 1 8.47883
0 0 0 0 1 8.37899
0 0 0 0 1 8.35163
0 0 0 0 1 8.38308
0 0 0 0 0 8.28911
0 0 0 0 1 8.32903
0 0 0 0 1 8.36422
0 0 0 0 1 8.23801
0 0 0 0 1 8.35248
0 0 0 0 1 8.20666
0 0 0 0 1 8.28791
0 0 0 0 1 8.15494
0 0 0 0 1 8.15401
0 0 0 0 1 8.14496
0 0 0 0 1 8.25052
0 0 0 0 1 8.18436
0 0 0 0 0 8.07786
0 0 0 0 1 8.11816
0 0 0 0 0 8.14217
0 0 0 0 1 8.11762
0 0 0 0 0 8.13365
0 0 0 0 1 8.06911
0 0 0 0 1 7.96862
0 0 0 0 1 8.05744
0 0 0 0 1 7.97765
0 0 0 0 1 7.9623
0 0 0 0 1 8.02699
0 0 0 0 0 8.05548
0 0 0 0 0 7.90503
0 0 0 0 1 8.01749
0 0 0 0 1 7.98688
0 0 0 0 0 7.97234
0 0 0 0 1 7.87459
0 0 0 0 1 7.81316
0 0 0 0 1 7.83087
0 0 0 0 1 7.85992
0 0 0 0 1 7.79468
0 0 0 0 1 7.85973
0 0 0 0 0 7.89337
0 0 0 0 1 7.87231
0 0 0 0 1 7.75319
0 0 0 0 1 7.71708
0 0 0 0 1 7.85244
0 0 0 0 0 7.69531
0 0 0 0 1 7.83058
0 0 0 0 0 7.71287
