0 0 0 0 0 5.59727
0 0 0 0 0 5.60645
0 0 0 0 1 5.61022
0 0 0 0 0 5.61095
0 0 0 0 1 5.63726
0 0 0 0 1 5.63581
0 0 0 0 1 5.63349
0 0 0 0 1 5.6546
0 0 0 0 0 5.57152
0 0 0 0 0 5.65459
0 0 0 0 1 5.64234
0 0 0 0 0 5.59065
0 0 0 0 1 5.68795
0 0 0 0 1 5.69295
0 0 0 0 1 5.6924
0 0 0 0 1 5.67127
0 0 0 0 1 5.6424
0 0 0 0 0 5.6762
0 0 0 0 1 5.65883
0 0 0 0 1 5.76542
0 0 0 0 1 5.69677
0 0 0 0 1 5.70826
0 0 0 0 1 5.71987
0 0 0 0 0 5.77771
0 0 0 0 1 5.71646
0 0 0 0 1 5.7515
0 0 0 0 1 5.79835
0 0 0 0 1 5.7584
0 0 0 0 0 5.84053
0 0 0 0 1 5.87061
0 0 0 0 1 5.86
0 0 0 0 1 5.79248
0 0 0 0 1 5.80097
0 0 0 0 1 5.83729
0 0 0 0 1 5.94447
0 0 0 0 1 5.90473
0 0 0 0 0 5.95946
0 0 0 0 1 5.86637
0 0 0 0 1 5.91544
0 0 0 0 1 5.91718
0 0 0 0 0 5.94285
0 0 0 0 1 5.99859
0 0 0 0 1 5.95407
0 0 0 0 1 5.97412
0 0 0 0 1 6.0545
0 0 0 0 1 5.97242
0 0 0 0 0 6.1005
0 0 0 0 0 6.01211
0 0 0 0 1 6.13619
0 0 0 0 0 6.13289
0 0 0 0 1 6.10517
0 0 0 0 1 6.08347
0 0 0 0 1 6.16506
0 0 0 0 1 6.15068
0 0 0 0 1 6.20927
0 0 0 0 1 6.13824
0 0 0 0 1 6.22818
0 0 0 0 1 6.20567
0 0 0 0 1 6.21525
0 0 0 0 1 6.24366
0 0 0 0 0 6.25879
0 0 0 0 1 6.28753
0 0 0 0 1 6.27227
0 0 0 0 1 6.28225
0 0 0 0 1 6.32401
0 0 0 0 1 6.39066
0 0 0 0 1 6.36278
0 0 0 0 0 6.37237
0 0 0 0 1 6.39566
0 0 0 0 1 6.45055
0 0 0 0 1 6.48713
0 0 0 0 1 6.52324
0 0 0 0 1 6.49523
0 0 0 0 0 6.53878
0 0 0 0 1 6.54333
0 0 0 0 1 6.49477
0 0 0 0 1 6.51827
0 0 0 0 1 6.58881
0 0 0 0 1 6.6194
0 0 0 0 0 6.64354
0 0 0 0 1 6.72123
0 0 0 0 1 6.75308
0 0 0 0 1 6.74482
0 0 0 0 1 6.79657
0 0 0 0 1 6.81487
0 0 0 0 1 6.71791
0 0 0 0 1 6.78364
0 0 0 0 0 6.85666
0 0 0 0 1 6.91645
0 0 0 0 1 6.86644
0 0 0 0 1 6.89205
0 0 0 0 1 6.97373
0 0 0 0 1 7.00676
0 0 0 0 1 6.92125
0 0 0 0 0 7.05936
0 0 0 0 1 6.97327
0 0 0 0 0 7.01311
0 0 0 0 1 7.0395
0 0 0 0 1 7.19422
0 0 0 0 1 7.16414
0 0 0 0 1 7.20552
0 0 0 0 1 7.1967
0 0 0 0 1 7.31031
0 0 0 0 1 7.27256
0 0 0 0 1 7.35805
0 0 0 0 1 7.33461
0 0 0 0 1 7.36933
0 0 0 0 1 7.31641
0 0 0 0 1 7.46233
0 0 0 0 1 7.40079
0 0 0 0 1 7.48867
0 0 0 0 1 7.56173
0 0 0 0 1 7.47671
0 0 0 0 1 7.60317
0 0 0 0 0 7.56341
0 0 0 0 1 7.60686
0 0 0 0 1 7.75819
0 0 0 0 0 7.8026
0 0 0 0 1 7.80067
0 0 0 0 1 7.85312
0 0 0 0 1 7.85927
0 0 0 0 0 7.92781
0 0 0 0 1 7.87776
0 0 0 0 1 8.0261
0 0 0 0 0 7.94356
0 0 0 0 1 8.09329
0 0 0 0 1 8.13127
0 0 0 0 1 8.08834
0 0 0 0 0 8.14195
0 0 0 0 1 8.10632
0 0 0 0 0 8.26702
0 0 0 0 1 8.24704
0 0 0 0 1 8.35196
0 0 0 0 1 8.33998
0 0 0 0 0 8.37799
0 0 0 0 1 8.49221
0 0 0 0 1 8.48826
0 0 0 0 1 8.54379
0 0 0 0 0 8.53154
0 0 0 0 1 8.66496
0 0 0 0 1 8.61624
0 0 0 0 1 8.71595
0 0 0 0 1 8.8508
0 0 0 0 1 8.85569
0 0 0 0 1 8.90308
0 0 0 0 1 8.86105
0 0 0 0 0 9.04315
0 0 0 0 1 9.09106
0 0 0 0 1 9.14911
0 0 0 0 1 9.21559
0 0 0 0 1 9.13474
0 0 0 0 0 9.21017
0 0 0 0 1 9.24048
0 0 0 0 0 9.44684
0 0 0 0 1 9.46724
0 0 0 0 0 9.47658
0 0 0 0 1 9.65797
0 0 0 0 1 9.69755
0 0 0 0 1 9.68716
0 0 0 0 0 9.77372
0 0 0 0 1 9.94941
0 0 0 0 1 9.8902
0 0 0 0 0 10.0262
0 0 0 0 1 10.1145
0 0 0 0 1 10.1207
0 0 0 0 0 10.1277
0 0 0 0 1 10.2454
0 0 0 0 1 10.3328
0 0 0 0 1 10.3598
0 0 0 0 1 10.4685
0 0 0 0 1 10.5355
0 0 0 0 0 10.7605
0 0 0 0 0 10.775
0 0 0 0 1 10.7216
0 0 0 0 1 9.25937
0 0 0 0 1 9.22608
0 0 0 0 1 9.18851
0 0 0 0 1 9.25734
0 0 0 0 1 9.12781
0 0 0 0 1 9.11386
0 0 0 0 0 9.1689
0 0 0 0 1 9.0727
0 0 0 0 0 9.04549
0 0 0 0 1 9.10514
0 0 0 0 1 9.07814
0 0 0 0 1 9.15579
0 0 0 0 1 9.04746
0 0 0 0 0 9.03002
0 0 0 0 1 9.06251
0 0 0 0 1 9.07229
0 0 0 0 1 8.99703
0 0 0 0 1 8.89952
0 0 0 0 1 9.01716
0 0 0 0 1 8.98266
0 0 0 0 0 8.99773
0 0 0 0 1 8.96361
0 0 0 0 1 8.96521
0 0 0 0 1 8.91373
0 0 0 0 1 8.836
0 0 0 0 1 8.84305
0 0 0 0 1 8.72192
0 0 0 0 0 8.80359
0 0 0 0 1 8.75339
0 0 0 0 1 8.74729
0 0 0 0 1 8.78507
0 0 0 0 1 8.79297
0 0 0 0 1 8.65643
0 0 0 0 1 8.69451
0 0 0 0 1 8.67176
0 0 0 0 0 8.59715
0 0 0 0 1 8.69612
0 0 0 0 1 8.70843
0 0 0 0 1 8.57402
0 0 0 0 0 8.68155
0 0 0 0 1 8.57368
0 0 0 0 1 8.57799
0 0 0 0 1 8.57384
0 0 0 0 1 8.58697
0 0 0 0 1 8.53173
0 0 0 0 0 8.53661
0 0 0 0 0 8.51046
0 0 0 0 0 8.50706
0 0 0 0 1 8.51552
0 0 0 0 1 8.65644
0 0 0 0 0 8.88627
0 0 0 0 1 8.89609
0 0 0 0 1 9.17512
0 0 0 0 1 9.16364
0 0 0 0 1 9.35384
0 0 0 0 1 9.58393
0 0 0 0 1 9.73913
0 0 0 0 1 9.7961
0 0 0 0 1 10.0398
0 0 0 0 1 10.2147
0 0 0 0 1 10.2758
0 0 0 0 1 10.5423
0 0 0 0 1 10.7053
0 0 0 0 0 10.8542
0 0 0 0 1 11.046
0 0 0 0 1 11.2585
0 0 0 0 1 11.4809
0 0 0 0 0 11.8078
0 0 0 0 1 11.9939
0 0 0 0 0 12.2225
0 0 0 0 0 12.6234
0 0 0 0 1 12.8861
0 0 0 0 1 22.6373
0 0 0 0 1 22.9364
0 0 0 0 1 22.7798
0 0 0 0 1 22.8751
0 0 0 0 0 22.8574
0 0 0 0 1 22.7043
0 0 0 0 1 22.778
0 0 0 0 1 22.4678
0 0 0 0 0 22.7231
0 0 0 0 1 22.685
0 0 0 0 1 22.5346
0 0 0 0 1 22.5877
0 0 0 0 0 22.7327
0 0 0 0 0 22.5387
0 0 0 0 0 22.3004
0 0 0 0 0 22.3776
0 0 0 0 0 22.3652
0 0 0 0 1 22.5331
0 0 0 0 1 22.9908
0 0 0 0 1 24.0755
0 0 0 0 1 25.2688
0 0 0 0 0 26.1861
0 0 0 0 1 36.6361
0 0 0 0 0 36.5118
0 0 0 0 1 36.7522
0 0 0 0 1 36.6658
0 0 0 0 1 36.5017
0 0 0 0 1 38.6804
0 0 0 0 1 52.327
0 0 0 0 1 51.9471
0 0 0 0 0 52.4536
0 0 0 0 1 52.3358
0 0 0 0 1 52.3232
0 0 0 0 1 56.5543
0 0 0 0 1 65.0697
0 0 0 0 0 69.9426
0 0 0 0 1 81.5646
0 0 0 0 0 4.99998
0 0 0 0 0 4.99998
0 0 0 0 0 4.97493
0 0 0 0 0 4.97994
0 0 0 0 0 5.0601
0 0 0 0 0 4.97493
0 0 0 0 0 4.96491
0 0 0 0 0 4.99998
0 0 0 0 0 5.04507
0 0 0 0 0 5.05008
0 0 0 0 0 4.99998
0 0 0 0 0 4.96992
0 0 0 0 1 87.3281
0 0 0 0 1 86.8115
0 0 0 0 1 74.3935
0 0 0 0 1 63.2006
0 0 0 0 1 60.2238
0 0 0 0 1 61.143
0 0 0 0 1 61.155
0 0 0 0 0 51.8802
0 0 0 0 1 47.7472
0 0 0 0 1 48.4795
0 0 0 0 1 39.392
0 0 0 0 1 36.8566
0 0 0 0 1 35.3112
0 0 0 0 1 36.0368
0 0 0 0 0 35.9063
0 0 0 0 1 35.5272
0 0 0 0 0 28.3586
0 0 0 0 1 27.0715
0 0 0 0 1 25.8442
0 0 0 0 1 24.5899
0 0 0 0 1 24.577
0 0 0 0 1 24.8849
0 0 0 0 1 24.5268
0 0 0 0 1 24.7371
0 0 0 0 1 24.43
0 0 0 0 1 24.4686
0 0 0 0 1 24.9278
0 0 0 0 1 24.6216
0 0 0 0 1 24.982
0 0 0 0 1 18.3091
0 0 0 0 1 17.8096
0 0 0 0 0 17.0714
0 0 0 0 1 16.6273
0 0 0 0 1 16.4402
0 0 0 0 1 15.7366
0 0 0 0 1 15.4545
0 0 0 0 1 15.0456
0 0 0 0 1 14.8901
0 0 0 0 1 14.351
0 0 0 0 1 14.1554
0 0 0 0 1 13.9564
0 0 0 0 1 13.9961
0 0 0 0 0 13.7996
0 0 0 0 1 13.9093
0 0 0 0 0 13.894
0 0 0 0 0 13.9648
0 0 0 0 0 14.0896
0 0 0 0 0 14.117
0 0 0 0 1 14.0468
0 0 0 0 1 13.909
0 0 0 0 0 14.0352
0 0 0 0 1 14.1619
0 0 0 0 1 14.1626
0 0 0 0 1 14.2082
0 0 0 0 1 14.0122
0 0 0 0 1 14.0698
0 0 0 0 1 14.1304
0 0 0 0 1 14.1039
0 0 0 0 1 14.2897
0 0 0 0 1 14.1957
0 0 0 0 0 14.1131
0 0 0 0 1 14.1327
0 0 0 0 1 14.3631
0 0 0 0 1 14.3408
0 0 0 0 1 14.3158
0 0 0 0 1 14.4082
0 0 0 0 1 14.3979
0 0 0 0 1 14.3479
0 0 0 0 1 14.2949
0 0 0 0 1 8.78179
0 0 0 0 1 8.68607
0 0 0 0 0 8.60726
0 0 0 0 1 8.44376
0 0 0 0 1 8.45808
0 0 0 0 1 8.21275
0 0 0 0 1 8.26703
0 0 0 0 1 8.11427
0 0 0 0 1 8.06023
0 0 0 0 0 7.95798
0 0 0 0 0 7.8342
0 0 0 0 1 7.74846
0 0 0 0 1 7.71025
0 0 0 0 1 7.49734
0 0 0 0 0 7.54903
0 0 0 0 1 7.36317
0 0 0 0 1 7.25109
0 0 0 0 0 7.22136
0 0 0 0 1 7.24107
0 0 0 0 1 7.10999
0 0 0 0 0 7.07854
0 0 0 0 1 6.96518
0 0 0 0 0 6.9126
0 0 0 0 0 6.78025
0 0 0 0 1 6.79795
0 0 0 0 0 6.72053
0 0 0 0 0 6.56394
0 0 0 0 1 6.50775
0 0 0 0 1 6.53612
0 0 0 0 0 6.44305
0 0 0 0 1 6.3929
0 0 0 0 0 6.35164
0 0 0 0 0 6.24121
0 0 0 0 0 6.23769
0 0 0 0 1 6.17788
0 0 0 0 0 6.05712
0 0 0 0 1 6.08927
0 0 0 0 1 6.07489
0 0 0 0 1 5.99749
0 0 0 0 1 5.92947
0 0 0 0 1 5.859
0 0 0 0 1 5.81519
0 0 0 0 1 5.81196
0 0 0 0 1 5.69917
0 0 0 0 1 5.73254
0 0 0 0 0 5.59279
0 0 0 0 1 5.60582
0 0 0 0 1 5.59345
0 0 0 0 1 5.49485
0 0 0 0 0 5.42463
0 0 0 0 1 5.46369
0 0 0 0 1 5.36444
0 0 0 0 0 5.33051
0 0 0 0 1 5.27224
0 0 0 0 1 5.28093
0 0 0 0 1 5.20191
0 0 0 0 1 5.18407
0 0 0 0 1 5.1713
0 0 0 0 1 5.11201
0 0 0 0 1 5.1401
0 0 0 0 1 5.11842
0 0 0 0 1 5.04449
0 0 0 0 1 5.00952
0 0 0 0 1 5.02126
0 0 0 0 0 4.93848
0 0 0 0 0 4.88595
0 0 0 0 1 4.8875
0 0 0 0 1 4.82407
0 0 0 0 1 4.79649
0 0 0 0 1 4.78611
0 0 0 0 1 4.85083
0 0 0 0 1 4.87341
0 0 0 0 0 4.85239
0 0 0 0 1 4.9179
0 0 0 0 1 4.88222
0 0 0 0 1 4.89536
0 0 0 0 1 4.87901
0 0 0 0 1 4.92567
0 0 0 0 0 4.98864
0 0 0 0 1 4.97242
0 0 0 0 0 5.00477
0 0 0 0 0 4.98846
0 0 0 0 1 5.03735
0 0 0 0 1 5.08153
0 0 0 0 1 5.03483
0 0 0 0 0 5.06401
0 0 0 0 1 5.1393
0 0 0 0 1 5.13316
0 0 0 0 1 5.0845
0 0 0 0 1 5.10896
0 0 0 0 0 5.16461
0 0 0 0 1 5.20505
0 0 0 0 1 5.25096
0 0 0 0 1 5.25006
0 0 0 0 0 5.23333
0 0 0 0 1 5.30081
0 0 0 0 1 5.27486
0 0 0 0 0 5.37489
0 0 0 0 1 5.28865
0 0 0 0 0 5.35719
0 0 0 0 1 5.4262
0 0 0 0 0 5.40529
0 0 0 0 0 5.43691
0 0 0 0 1 5.46871
0 0 0 0 1 5.43499
0 0 0 0 1 5.49586
0 0 0 0 1 5.47281
0 0 0 0 1 5.53418
0 0 0 0 1 5.60002
0 0 0 0 0 5.60633
0 0 0 0 1 5.60538
0 0 0 0 1 5.63976
0 0 0 0 0 5.70112
0 0 0 0 1 5.75882
0 0 0 0 1 5.76374
0 0 0 0 1 5.76446
0 0 0 0 0 5.7361
0 0 0 0 1 5.77121
0 0 0 0 1 5.79912
0 0 0 0 1 5.80523
0 0 0 0 1 5.935
0 0 0 0 1 5.87042
0 0 0 0 1 5.91216
0 0 0 0 1 5.97808
0 0 0 0 1 6.00838
0 0 0 0 1 6.05694
0 0 0 0 1 6.06933
0 0 0 0 1 6.09387
0 0 0 0 1 6.11231
0 0 0 0 1 6.23723
0 0 0 0 0 9.61423
0 0 0 0 1 9.57615
0 0 0 0 1 9.41229
0 0 0 0 1 9.38133
0 0 0 0 1 9.37254
0 0 0 0 0 9.37926
0 0 0 0 1 9.40453
0 0 0 0 1 9.30562
0 0 0 0 1 9.18597
0 0 0 0 1 9.31308
0 0 0 0 0 9.18174
0 0 0 0 1 9.21629
0 0 0 0 0 9.19577
0 0 0 0 1 9.10247
0 0 0 0 1 9.05518
0 0 0 0 1 8.98102
0 0 0 0 0 9.08783
0 0 0 0 1 9.01976
0 0 0 0 1 8.91049
0 0 0 0 1 8.94173
0 0 0 0 1 8.88687
0 0 0 0 1 8.80569
0 0 0 0 1 8.90238
0 0 0 0 1 8.91009
0 0 0 0 0 8.88803
0 0 0 0 0 8.79911
0 0 0 0 0 8.77211
0 0 0 0 0 8.65978
0 0 0 0 1 8.64212
0 0 0 0 0 8.69074
0 0 0 0 1 8.75122
0 0 0 0 1 8.66959
0 0 0 0 1 8.54013
0 0 0 0 1 8.54558
0 0 0 0 1 8.63179
0 0 0 0 1 8.56861
0 0 0 0 1 8.62028
0 0 0 0 1 8.59162
0 0 0 0 0 8.52067
0 0 0 0 1 8.51791
0 0 0 0 0 8.42219
0 0 0 0 1 8.51258
0 0 0 0 1 8.34534
0 0 0 0 1 8.36002
0 0 0 0 1 8.39146
0 0 0 0 1 8.38103
0 0 0 0 0 8.27901
0 0 0 0 1 8.24782
0 0 0 0 1 8.22142
0 0 0 0 0 8.34421
0 0 0 0 1 8.18186
0 0 0 0 1 8.27966
0 0 0 0 1 8.14671
0 0 0 0 1 8.15401
0 0 0 0 1 8.27607
0 0 0 0 1 8.23416
0 0 0 0 1 8.16804
0 0 0 0 1 8.11043
0 0 0 0 1 8.08565
0 0 0 0 1 8.12595
0 0 0 0 1 8.16618
0 0 0 0 1 8.02865
0 0 0 0 1 8.09329
0 0 0 0 1 8.01692
0 0 0 0 0 8.04941
0 0 0 0 1 8.07387
0 0 0 0 0 8.05833
0 0 0 0 1 8.019
0 0 0 0 1 8.0156
0 0 0 0 1 7.94484
0 0 0 0 0 8.0016
0 0 0 0 1 7.86791
0 0 0 0 1 7.85359
0 0 0 0 0 7.92203
0 0 0 0 1 7.96311
0 0 0 0 1 7.95692
0 0 0 0 1 7.79698
0 0 0 0 0 7.87326
0 0 0 0 1 7.89111
0 0 0 0 1 7.82289
0 0 0 0 0 7.75504
0 0 0 0 1 7.83908
0 0 0 0 1 7.76385
0 0 0 0 1 7.72014
0 0 0 0 1 7.74972
0 0 0 0 1 7.82282
0 0 0 0 1 7.77488
