0 0 0 0 1 5.59172
0 0 0 0 1 5.51755
0 0 0 0 1 5.5323
0 0 0 0 1 5.62767
0 0 0 0 1 5.60377
0 0 0 0 1 5.56872
0 0 0 0 1 5.53838
0 0 0 0 1 5.59295
0 0 0 0 1 5.59957
0 0 0 0 1 5.59276
0 0 0 0 1 5.68739
0 0 0 0 1 5.65271
0 0 0 0 0 5.69359
0 0 0 0 1 5.6024
0 0 0 0 1 5.67539
0 0 0 0 1 5.62018
0 0 0 0 1 5.65377
0 0 0 0 1 5.75598
0 0 0 0 1 5.67025
0 0 0 0 1 5.66828
0 0 0 0 1 5.73112
0 0 0 0 0 5.71973
0 0 0 0 1 5.73712
0 0 0 0 1 5.81227
0 0 0 0 1 5.79721
0 0 0 0 1 5.80352
0 0 0 0 1 5.78097
0 0 0 0 0 5.78743
0 0 0 0 1 5.7649
0 0 0 0 1 5.79482
0 0 0 0 1 5.78989
0 0 0 0 1 5.86269
0 0 0 0 1 5.82441
0 0 0 0 1 5.85491
0 0 0 0 0 5.83853
0 0 0 0 1 5.94602
0 0 0 0 1 5.94173
0 0 0 0 1 5.98488
0 0 0 0 0 5.97484
0 0 0 0 1 5.99457
0 0 0 0 1 6.00252
0 0 0 0 1 5.96869
0 0 0 0 1 6.04392
0 0 0 0 0 6.02816
0 0 0 0 1 5.98228
0 0 0 0 1 5.97242
0 0 0 0 1 6.01577
0 0 0 0 0 6.01211
0 0 0 0 0 6.09362
0 0 0 0 1 6.1085
0 0 0 0 1 6.0685
0 0 0 0 0 6.07122
0 0 0 0 1 6.13433
0 0 0 0 1 6.10142
0 0 0 0 1 6.22161
0 0 0 0 1 6.15681
0 0 0 0 1 6.16614
0 0 0 0 1 6.20567
0 0 0 0 0 6.19029
0 0 0 0 1 6.31873
0 0 0 0 1 6.32156
0 0 0 0 0 6.24977
0 0 0 0 0 6.33537
0 0 0 0 1 6.30755
0 0 0 0 1 6.38744
0 0 0 0 1 6.33337
0 0 0 0 1 6.40746
0 0 0 0 0 6.4236
0 0 0 0 1 6.36998
0 0 0 0 1 6.50855
0 0 0 0 0 6.48713
0 0 0 0 1 6.43894
0 0 0 0 1 6.56025
0 0 0 0 1 6.53226
0 0 0 0 1 6.54333
0 0 0 0 0 6.49477
0 0 0 0 0 6.64337
0 0 0 0 1 6.65483
0 0 0 0 1 6.57964
0 0 0 0 1 6.69674
0 0 0 0 0 6.68118
0 0 0 0 1 6.73969
0 0 0 0 1 6.73139
0 0 0 0 1 6.7831
0 0 0 0 1 6.77431
0 0 0 0 1 6.73826
0 0 0 0 0 6.79727
0 0 0 0 1 6.89084
0 0 0 0 1 6.84784
0 0 0 0 1 6.81823
0 0 0 0 1 6.89205
0 0 0 0 0 6.97373
0 0 0 0 1 7.02068
0 0 0 0 1 7.02601
0 0 0 0 0 7.08039
0 0 0 0 1 7.07178
0 0 0 0 1 7.13329
0 0 0 0 1 7.07498
0 0 0 0 0 7.15861
0 0 0 0 0 7.09264
0 0 0 0 1 7.22705
0 0 0 0 1 7.1967
0 0 0 0 1 7.31031
0 0 0 0 1 7.25803
0 0 0 0 0 7.35805
0 0 0 0 1 7.34926
0 0 0 0 0 7.39877
0 0 0 0 1 7.37548
0 0 0 0 1 7.40299
0 0 0 0 1 7.49768
0 0 0 0 1 7.41386
0 0 0 0 1 7.50911
0 0 0 0 1 7.49181
0 0 0 0 1 7.53488
0 0 0 0 0 7.63958
0 0 0 0 1 7.59156
0 0 0 0 1 7.62747
0 0 0 0 1 7.64809
0 0 0 0 1 7.82396
0 0 0 0 1 7.75953
0 0 0 0 0 7.85145
0 0 0 0 0 7.88062
0 0 0 0 1 7.92521
0 0 0 0 0 7.96253
0 0 0 0 1 8.06343
0 0 0 0 1 7.94876
0 0 0 0 1 8.10707
0 0 0 0 1 8.0235
0 0 0 0 1 8.2153
0 0 0 0 1 8.14726
0 0 0 0 0 8.22585
0 0 0 0 0 8.25532
0 0 0 0 1 8.39355
0 0 0 0 0 8.34835
0 0 0 0 1 8.37799
0 0 0 0 1 8.37379
0 0 0 0 1 8.45424
0 0 0 0 1 8.58655
0 0 0 0 1 8.64323
0 0 0 0 1 8.69087
0 0 0 0 1 8.78143
0 0 0 0 1 8.80337
0 0 0 0 1 8.8596
0 0 0 0 1 8.82918
0 0 0 0 1 8.86751
0 0 0 0 1 9.01321
0 0 0 0 1 9.09719
0 0 0 0 0 9.03668
0 0 0 0 0 9.08532
0 0 0 0 1 9.26144
0 0 0 0 1 9.14397
0 0 0 0 1 9.1916
0 0 0 0 1 9.24048
0 0 0 0 1 9.32464
0 0 0 0 1 9.52399
0 0 0 0 1 9.59088
0 0 0 0 0 9.55247
0 0 0 0 1 9.72649
0 0 0 0 1 9.81347
0 0 0 0 1 9.74437
0 0 0 0 1 9.75239
0 0 0 0 1 9.9893
0 0 0 0 1 9.96627
0 0 0 0 0 9.9637
0 0 0 0 1 10.1106
0 0 0 0 1 10.1175
0 0 0 0 1 10.2454
0 0 0 0 1 10.4259
0 0 0 0 1 10.4119
0 0 0 0 1 10.479
0 0 0 0 1 10.673
0 0 0 0 1 10.6538
0 0 0 0 1 10.7642
0 0 0 0 1 10.8732
0 0 0 0 1 9.37104
0 0 0 0 1 9.2632
0 0 0 0 1 9.25335
0 0 0 0 0 9.22038
0 0 0 0 1 9.12781
0 0 0 0 0 9.26101
0 0 0 0 1 9.0863
0 0 0 0 1 9.12763
0 0 0 0 1 9.14599
0 0 0 0 1 9.18717
0 0 0 0 1 9.12362
0 0 0 0 1 9.0469
0 0 0 0 1 9.01123
0 0 0 0 0 9.06617
0 0 0 0 0 8.94529
0 0 0 0 1 8.92829
0 0 0 0 0 9.0509
0 0 0 0 1 9.025
0 0 0 0 1 8.88298
0 0 0 0 1 9.00051
0 0 0 0 1 8.83738
0 0 0 0 1 8.8569
0 0 0 0 1 8.79655
0 0 0 0 1 8.78082
0 0 0 0 1 8.93329
0 0 0 0 1 8.84305
0 0 0 0 1 8.72192
0 0 0 0 1 8.80359
0 0 0 0 0 8.82363
0 0 0 0 1 8.71223
0 0 0 0 0 8.82007
0 0 0 0 0 8.67073
0 0 0 0 0 8.78719
0 0 0 0 1 8.79025
0 0 0 0 0 8.60225
0 0 0 0 1 8.65788
0 0 0 0 1 8.71345
0 0 0 0 1 8.68248
0 0 0 0 1 8.68627
0 0 0 0 1 8.59534
0 0 0 0 1 8.64254
0 0 0 0 1 8.63816
0 0 0 0 1 8.61675
0 0 0 0 0 8.56126
0 0 0 0 0 8.59164
0 0 0 0 1 8.48533
0 0 0 0 1 8.48485
0 0 0 0 1 8.60935
0 0 0 0 1 8.53267
0 0 0 0 0 8.70864
0 0 0 0 0 8.79802
0 0 0 0 1 9.03943
0 0 0 0 1 9.04781
0 0 0 0 0 9.31144
0 0 0 0 0 9.30693
0 0 0 0 1 9.47903
0 0 0 0 1 9.61328
0 0 0 0 1 9.94378
0 0 0 0 0 9.97978
0 0 0 0 1 10.123
0 0 0 0 1 10.3691
0 0 0 0 0 10.6267
0 0 0 0 0 10.7912
0 0 0 0 1 10.8324
0 0 0 0 1 11.1909
0 0 0 0 0 11.3039
0 0 0 0 1 11.5157
0 0 0 0 1 11.7487
0 0 0 0 1 11.9939
0 0 0 0 1 12.3333
0 0 0 0 1 12.5857
0 0 0 0 1 12.8219
0 0 0 0 1 22.5918
0 0 0 0 1 22.6639
0 0 0 0 1 22.7798
0 0 0 0 1 22.8524
0 0 0 0 1 22.427
0 0 0 0 1 22.7948
0 0 0 0 0 22.6423
0 0 0 0 1 22.7164
0 0 0 0 0 22.6553
0 0 0 0 1 22.4141
0 0 0 0 1 22.6699
0 0 0 0 1 22.475
0 0 0 0 1 22.7101
0 0 0 0 1 22.3135
0 0 0 0 1 22.4579
0 0 0 0 1 22.4226
0 0 0 0 1 22.3203
0 0 0 0 1 22.3533
0 0 0 0 1 22.9676
0 0 0 0 0 23.9549
0 0 0 0 1 25.2185
0 0 0 0 1 26.3695
0 0 0 0 1 36.3084
0 0 0 0 1 36.1114
0 0 0 0 1 36.4975
0 0 0 0 0 36.3384
0 0 0 0 1 36.2834
0 0 0 0 1 38.3722
0 0 0 0 1 52.4832
0 0 0 0 1 51.6868
0 0 0 0 0 52.5576
0 0 0 0 1 51.7116
0 0 0 0 0 52.3232
0 0 0 0 1 56.1596
0 0 0 0 0 65.397
0 0 0 0 0 69.8729
0 0 0 0 1 82.6281
0 0 0 0 0 5.05509
0 0 0 0 0 4.98495
0 0 0 0 0 5.02503
0 0 0 0 0 5.04006
0 0 0 0 0 5.05008
0 0 0 0 0 4.98495
0 0 0 0 0 5.04006
0 0 0 0 0 5.04006
0 0 0 0 0 4.96491
0 0 0 0 0 4.98495
0 0 0 0 0 4.97493
0 0 0 0 0 4.99998
0 0 0 0 1 87.2405
0 0 0 0 1 87.9503
0 0 0 0 0 75.4455
0 0 0 0 1 64.222
0 0 0 0 1 60.3448
0 0 0 0 1 60.4771
0 0 0 0 1 61.0339
0 0 0 0 1 51.2097
0 0 0 0 0 47.8912
0 0 0 0 1 48.4795
0 0 0 0 0 38.9993
0 0 0 0 1 36.9303
0 0 0 0 1 35.3825
0 0 0 0 1 36.0012
0 0 0 0 1 35.585
0 0 0 0 1 35.5629
0 0 0 0 1 28.2183
0 0 0 0 1 26.8303
0 0 0 0 0 25.5879
0 0 0 0 1 24.4176
0 0 0 0 1 24.5031
0 0 0 0 0 24.6878
0 0 0 0 0 24.4528
0 0 0 0 1 24.8111
0 0 0 0 0 24.8248
0 0 0 0 1 24.9131
0 0 0 0 0 24.9525
0 0 0 0 0 24.6216
0 0 0 0 0 24.8583
0 0 0 0 1 18.0543
0 0 0 0 1 17.5797
0 0 0 0 1 17.2777
0 0 0 0 1 16.8281
0 0 0 0 1 16.1795
0 0 0 0 0 16.0224
0 0 0 0 1 15.5164
0 0 0 0 0 15.091
0 0 0 0 1 14.7277
0 0 0 0 1 14.3798
0 0 0 0 1 14.1272
0 0 0 0 1 13.7481
0 0 0 0 0 14.0378
0 0 0 0 1 13.897
0 0 0 0 1 13.8397
0 0 0 0 1 13.8104
0 0 0 0 1 13.9648
0 0 0 0 1 14.0477
0 0 0 0 1 13.8375
0 0 0 0 1 13.9209
0 0 0 0 1 14.1191
0 0 0 0 0 13.9651
0 0 0 0 1 14.0777
0 0 0 0 0 14.1485
0 0 0 0 1 14.1238
0 0 0 0 1 14.2094
0 0 0 0 1 14.1967
0 0 0 0 1 13.9892
0 0 0 0 1 14.2169
0 0 0 0 1 14.2614
0 0 0 0 1 14.1815
0 0 0 0 0 14.1273
0 0 0 0 1 14.1753
0 0 0 0 0 14.2066
0 0 0 0 1 14.3551
0 0 0 0 1 14.3871
0 0 0 0 1 14.2368
0 0 0 0 1 14.2692
0 0 0 0 1 14.4624
0 0 0 0 1 14.4239
0 0 0 0 1 8.87888
0 0 0 0 1 8.63379
0 0 0 0 1 8.52127
0 0 0 0 1 8.45225
0 0 0 0 1 8.32383
0 0 0 0 1 8.25419
0 0 0 0 1 8.1851
0 0 0 0 1 8.11427
0 0 0 0 1 7.97227
0 0 0 0 1 7.93427
0 0 0 0 1 7.81075
0 0 0 0 0 7.79481
0 0 0 0 1 7.7026
0 0 0 0 1 7.59559
0 0 0 0 1 7.41449
0 0 0 0 1 7.42237
0 0 0 0 1 7.36084
0 0 0 0 1 7.27207
0 0 0 0 0 7.21956
0 0 0 0 0 7.10999
0 0 0 0 1 7.05748
0 0 0 0 1 6.90256
0 0 0 0 0 6.90572
0 0 0 0 0 6.8621
0 0 0 0 0 6.7101
0 0 0 0 1 6.74061
0 0 0 0 1 6.61035
0 0 0 0 1 6.62596
0 0 0 0 0 6.44507
0 0 0 0 1 6.4753
0 0 0 0 1 6.42484
0 0 0 0 1 6.26932
0 0 0 0 1 6.26633
0 0 0 0 1 6.25637
0 0 0 0 1 6.11616
0 0 0 0 0 6.10606
0 0 0 0 1 6.02256
0 0 0 0 0 5.9906
0 0 0 0 1 6.00346
0 0 0 0 1 5.88208
0 0 0 0 1 5.88835
0 0 0 0 1 5.79771
0 0 0 0 1 5.79461
0 0 0 0 1 5.74509
0 0 0 0 1 5.64155
0 0 0 0 1 5.65487
0 0 0 0 1 5.61702
0 0 0 0 0 5.62127
0 0 0 0 1 5.56112
0 0 0 0 1 5.51778
0 0 0 0 1 5.38758
0 0 0 0 1 5.38065
0 0 0 0 1 5.4164
0 0 0 0 1 5.33082
0 0 0 0 0 5.30739
0 0 0 0 1 5.19666
0 0 0 0 1 5.24665
0 0 0 0 1 5.14539
0 0 0 0 1 5.12231
0 0 0 0 1 5.16567
0 0 0 0 1 5.10827
0 0 0 0 1 5.00418
0 0 0 0 0 4.99448
0 0 0 0 1 5.03122
0 0 0 0 1 4.98301
0 0 0 0 1 4.91053
0 0 0 0 1 4.93145
0 0 0 0 1 4.83864
0 0 0 0 1 4.78684
0 0 0 0 1 4.78129
0 0 0 0 1 4.78808
0 0 0 0 0 4.87341
0 0 0 0 0 4.82808
0 0 0 0 1 4.9179
0 0 0 0 1 4.92136
0 0 0 0 1 4.94446
0 0 0 0 1 4.90858
0 0 0 0 1 4.92073
0 0 0 0 0 4.96881
0 0 0 0 1 4.97242
0 0 0 0 1 5.01475
0 0 0 0 0 4.97844
0 0 0 0 1 4.9921
0 0 0 0 0 5.01088
0 0 0 0 1 5.01964
0 0 0 0 1 5.05893
0 0 0 0 1 5.1291
0 0 0 0 1 5.10242
0 0 0 0 1 5.14613
0 0 0 0 1 5.13474
0 0 0 0 0 5.13356
0 0 0 0 1 5.16349
0 0 0 0 0 5.20403
0 0 0 0 1 5.21865
0 0 0 0 1 5.28588
0 0 0 0 1 5.32718
0 0 0 0 1 5.32787
0 0 0 0 1 5.29506
0 0 0 0 1 5.34741
0 0 0 0 1 5.33574
0 0 0 0 1 5.3939
0 0 0 0 1 5.42693
0 0 0 0 1 5.37717
0 0 0 0 0 5.42509
0 0 0 0 1 5.48972
0 0 0 0 1 5.48486
0 0 0 0 1 5.57221
0 0 0 0 1 5.59524
0 0 0 0 1 5.56659
0 0 0 0 0 5.57833
0 0 0 0 1 5.65598
0 0 0 0 1 5.66802
0 0 0 0 1 5.65007
0 0 0 0 1 5.72461
0 0 0 0 1 5.76947
0 0 0 0 0 5.7472
0 0 0 0 1 5.76501
0 0 0 0 1 5.75377
0 0 0 0 1 5.80495
0 0 0 0 1 5.8756
0 0 0 0 1 5.9291
0 0 0 0 1 5.92966
0 0 0 0 1 5.98361
0 0 0 0 0 5.96611
0 0 0 0 0 6.03244
0 0 0 0 0 6.06298
0 0 0 0 1 6.09971
0 0 0 0 1 6.09997
0 0 0 0 1 6.07549
0 0 0 0 1 6.15695
0 0 0 0 0 9.55711
0 0 0 0 0 9.52874
0 0 0 0 0 9.51624
0 0 0 0 1 9.44726
0 0 0 0 1 9.39131
0 0 0 0 0 9.25769
0 0 0 0 0 9.34861
0 0 0 0 1 9.33351
0 0 0 0 1 9.31561
0 0 0 0 1 9.24847
0 0 0 0 1 9.24614
0 0 0 0 1 9.18878
0 0 0 0 1 9.19577
0 0 0 0 1 9.19359
0 0 0 0 1 9.15509
0 0 0 0 1 8.98102
0 0 0 0 0 8.99759
0 0 0 0 1 8.97476
0 0 0 0 1 9.03612
0 0 0 0 0 8.94173
0 0 0 0 0 8.83334
0 0 0 0 1 8.92132
0 0 0 0 1 8.79598
0 0 0 0 1 8.79518
0 0 0 0 1 8.90567
0 0 0 0 1 8.75516
0 0 0 0 0 8.67571
0 0 0 0 0 8.72101
0 0 0 0 1 8.677
0 0 0 0 1 8.70814
0 0 0 0 1 8.58643
0 0 0 0 1 8.58307
0 0 0 0 1 8.68677
0 0 0 0 1 8.54558
0 0 0 0 1 8.59747
0 0 0 0 1 8.55149
0 0 0 0 1 8.5776
0 0 0 0 0 8.57459
0 0 0 0 1 8.50368
0 0 0 0 1 8.49248
0 0 0 0 1 8.44756
0 0 0 0 1 8.48727
0 0 0 0 0 8.48835
0 0 0 0 1 8.43557
0 0 0 0 1 8.38308
0 0 0 0 1 8.42281
0 0 0 0 1 8.35404
0 0 0 0 1 8.37254
0 0 0 0 1 8.32927
0 0 0 0 1 8.2697
0 0 0 0 1 8.18186
0 0 0 0 1 8.16421
0 0 0 0 0 8.18786
0 0 0 0 1 8.17864
0 0 0 0 1 8.17774
0 0 0 0 1 8.16057
0 0 0 0 1 8.20068
0 0 0 0 0 8.17558
0 0 0 0 1 8.05315
0 0 0 0 1 8.17461
0 0 0 0 1 8.06906
0 0 0 0 0 8.15788
0 0 0 0 1 7.98044
0 0 0 0 1 8.1135
0 0 0 0 1 7.98514
0 0 0 0 1 8.03378
0 0 0 0 1 7.98631
0 0 0 0 1 8.06692
0 0 0 0 1 7.9837
0 0 0 0 1 8.03241
0 0 0 0 1 7.97776
0 0 0 0 1 7.86791
0 0 0 0 0 7.95651
0 0 0 0 1 7.96156
0 0 0 0 1 7.86052
0 0 0 0 1 7.90177
0 0 0 0 0 7.915
0 0 0 0 1 7.77897
0 0 0 0 0 7.7656
0 0 0 0 0 7.82289
0 0 0 0 1 7.78631
0 0 0 0 1 7.88593
0 0 0 0 1 7.86519
0 0 0 0 1 7.75127
0 0 0 0 0 7.85077
0 0 0 0 1 7.82282
0 0 0 0 1 7.67411
