0 0 0 0 1 5.49187
0 0 0 0 1 5.52866
0 0 0 0 1 5.56013
0 0 0 0 0 5.56638
0 0 0 0 1 5.57586
0 0 0 0 1 5.55194
0 0 0 0 0 5.6167
0 0 0 0 0 5.62097
0 0 0 0 1 5.6164
0 0 0 0 1 5.58714
0 0 0 0 1 5.60855
0 0 0 0 1 5.63014
0 0 0 0 1 5.66535
0 0 0 0 1 5.67031
0 0 0 0 1 5.70374
0 0 0 0 1 5.70533
0 0 0 0 1 5.67652
0 0 0 0 1 5.6705
0 0 0 0 0 5.68167
0 0 0 0 1 5.70256
0 0 0 0 1 5.73685
0 0 0 0 1 5.68531
0 0 0 0 0 5.8061
0 0 0 0 1 5.7489
0 0 0 0 1 5.81452
0 0 0 0 1 5.79196
0 0 0 0 0 5.74042
0 0 0 0 1 5.7526
0 0 0 0 1 5.82308
0 0 0 0 1 5.80648
0 0 0 0 0 5.88337
0 0 0 0 0 5.81003
0 0 0 0 1 5.87714
0 0 0 0 1 5.8138
0 0 0 0 1 5.94447
0 0 0 0 1 5.90473
0 0 0 0 1 5.91808
0 0 0 0 1 5.89007
0 0 0 0 1 5.87981
0 0 0 0 1 6.01243
0 0 0 0 1 5.99058
0 0 0 0 1 6.03448
0 0 0 0 1 6.00199
0 0 0 0 1 5.99814
0 0 0 0 1 6.03644
0 0 0 0 1 6.07498
0 0 0 0 0 6.03393
0 0 0 0 1 6.11525
0 0 0 0 1 6.05105
0 0 0 0 1 6.13898
0 0 0 0 1 6.05627
0 0 0 0 1 6.1141
0 0 0 0 1 6.12204
0 0 0 0 1 6.11374
0 0 0 0 0 6.11051
0 0 0 0 1 6.15681
0 0 0 0 1 6.20957
0 0 0 0 1 6.16833
0 0 0 0 1 6.19029
0 0 0 0 1 6.19361
0 0 0 0 1 6.2274
0 0 0 0 1 6.35676
0 0 0 0 1 6.28489
0 0 0 0 1 6.3202
0 0 0 0 1 6.33035
0 0 0 0 1 6.30791
0 0 0 0 0 6.44575
0 0 0 0 0 6.45562
0 0 0 0 1 6.36998
0 0 0 0 1 6.45055
0 0 0 0 1 6.49359
0 0 0 0 1 6.43894
0 0 0 0 1 6.51473
0 0 0 0 1 6.56485
0 0 0 0 1 6.57602
0 0 0 0 1 6.61286
0 0 0 0 1 6.54461
0 0 0 0 0 6.569
0 0 0 0 1 6.63928
0 0 0 0 1 6.65684
0 0 0 0 1 6.68785
0 0 0 0 0 6.65938
0 0 0 0 1 6.75824
0 0 0 0 1 6.69553
0 0 0 0 0 6.81487
0 0 0 0 1 6.76541
0 0 0 0 0 6.84494
0 0 0 0 1 6.87717
0 0 0 0 0 6.82039
0 0 0 0 0 6.85267
0 0 0 0 1 6.93352
0 0 0 0 1 6.95986
0 0 0 0 1 6.93718
0 0 0 0 1 6.99807
0 0 0 0 0 7.00328
0 0 0 0 1 7.06474
0 0 0 0 1 7.11916
0 0 0 0 1 7.11756
0 0 0 0 1 7.08025
0 0 0 0 1 7.09979
0 0 0 0 1 7.1194
0 0 0 0 1 7.21831
0 0 0 0 1 7.19451
0 0 0 0 1 7.30162
0 0 0 0 1 7.33616
0 0 0 0 0 7.35659
0 0 0 0 1 7.36933
0 0 0 0 1 7.45669
0 0 0 0 0 7.48458
0 0 0 0 1 7.51258
0 0 0 0 1 7.42882
0 0 0 0 1 7.59179
0 0 0 0 1 7.51447
0 0 0 0 1 7.61076
0 0 0 0 1 7.65481
0 0 0 0 1 7.57625
0 0 0 0 1 7.61978
0 0 0 0 1 7.66355
0 0 0 0 1 7.73081
0 0 0 0 0 7.82192
0 0 0 0 1 7.84362
0 0 0 0 0 7.88849
0 0 0 0 1 7.98849
0 0 0 0 0 8.00226
0 0 0 0 1 7.94356
0 0 0 0 1 8.09329
0 0 0 0 1 8.13933
0 0 0 0 0 8.14507
0 0 0 0 1 8.14195
0 0 0 0 0 8.17182
0 0 0 0 1 8.29173
0 0 0 0 1 8.24704
0 0 0 0 1 8.35196
0 0 0 0 0 8.33998
0 0 0 0 1 8.4537
0 0 0 0 1 8.40762
0 0 0 0 1 8.49677
0 0 0 0 1 8.54379
0 0 0 0 1 8.64323
0 0 0 0 0 8.60448
0 0 0 0 1 8.65971
0 0 0 0 1 8.75966
0 0 0 0 1 8.87719
0 0 0 0 1 8.84685
0 0 0 0 1 8.86751
0 0 0 0 0 9.00426
0 0 0 0 1 8.96208
0 0 0 0 1 8.98229
0 0 0 0 1 9.14911
0 0 0 0 1 9.14223
0 0 0 0 0 9.19933
0 0 0 0 1 9.33087
0 0 0 0 0 9.24048
0 0 0 0 0 9.31524
0 0 0 0 1 9.43887
0 0 0 0 1 9.42896
0 0 0 0 1 9.53329
0 0 0 0 1 9.5914
0 0 0 0 1 9.80375
0 0 0 0 1 9.80307
0 0 0 0 1 9.8312
0 0 0 0 1 9.88029
0 0 0 0 1 10.0761
0 0 0 0 1 10.014
0 0 0 0 1 10.1714
0 0 0 0 1 10.2093
0 0 0 0 1 10.2454
0 0 0 0 1 10.3224
0 0 0 0 1 10.4119
0 0 0 0 1 10.521
0 0 0 0 0 10.6201
0 0 0 0 1 10.7498
0 0 0 0 0 10.8287
0 0 0 0 0 10.7974
0 0 0 0 1 9.35243
0 0 0 0 1 9.35602
0 0 0 0 1 9.31819
0 0 0 0 0 9.32201
0 0 0 0 1 9.24767
0 0 0 0 1 9.20583
0 0 0 0 1 9.12301
0 0 0 0 1 9.14594
0 0 0 0 1 9.1734
0 0 0 0 1 9.13248
0 0 0 0 1 9.05085
0 0 0 0 1 9.13764
0 0 0 0 1 9.00218
0 0 0 0 1 8.9577
0 0 0 0 1 9.02644
0 0 0 0 1 9.01829
0 0 0 0 0 8.93417
0 0 0 0 1 8.93537
0 0 0 0 1 8.99927
0 0 0 0 1 8.89337
0 0 0 0 1 8.87301
0 0 0 0 1 8.82133
0 0 0 0 1 8.93858
0 0 0 0 1 8.81626
0 0 0 0 1 8.80062
0 0 0 0 1 8.88718
0 0 0 0 0 8.76597
0 0 0 0 1 8.77721
0 0 0 0 1 8.70071
0 0 0 0 1 8.84371
0 0 0 0 1 8.75882
0 0 0 0 1 8.69692
0 0 0 0 1 8.639
0 0 0 0 1 8.6684
0 0 0 0 1 8.73259
0 0 0 0 1 8.76198
0 0 0 0 0 8.68746
0 0 0 0 1 8.69113
0 0 0 0 1 8.669
0 0 0 0 1 8.56086
0 0 0 0 1 8.5909
0 0 0 0 1 8.63816
0 0 0 0 1 8.6425
0 0 0 0 1 8.4927
0 0 0 0 1 8.57452
0 0 0 0 1 8.47679
0 0 0 0 1 8.52753
0 0 0 0 1 8.50706
0 0 0 0 1 8.49837
0 0 0 0 1 8.63904
0 0 0 0 1 8.91274
0 0 0 0 1 8.99464
0 0 0 0 1 9.02053
0 0 0 0 1 9.16364
0 0 0 0 1 9.47581
0 0 0 0 1 9.45996
0 0 0 0 1 9.66168
0 0 0 0 0 9.92409
0 0 0 0 1 9.95976
0 0 0 0 1 10.123
0 0 0 0 1 10.4623
0 0 0 0 0 10.479
0 0 0 0 0 10.8341
0 0 0 0 0 10.8761
0 0 0 0 1 11.1909
0 0 0 0 0 11.3039
0 0 0 0 1 11.562
0 0 0 0 1 11.8905
0 0 0 0 1 12.006
0 0 0 0 1 12.3333
0 0 0 0 0 12.5479
0 0 0 0 1 12.8347
0 0 0 0 1 22.5237
0 0 0 0 1 22.5277
0 0 0 0 1 22.7798
0 0 0 0 1 22.4444
0 0 0 0 0 22.8121
0 0 0 0 1 22.5458
0 0 0 0 1 22.6649
0 0 0 0 1 22.5356
0 0 0 0 1 22.6553
0 0 0 0 1 22.5947
0 0 0 0 1 22.3316
0 0 0 0 1 22.6102
0 0 0 0 1 22.5074
0 0 0 0 1 22.3135
0 0 0 0 1 22.4579
0 0 0 0 1 22.625
0 0 0 0 1 22.3428
0 0 0 0 0 22.4207
0 0 0 0 1 23.3156
0 0 0 0 1 24.1479
0 0 0 0 1 24.9925
0 0 0 0 1 26.1336
0 0 0 0 0 36.709
0 0 0 0 1 36.6939
0 0 0 0 1 36.2428
0 0 0 0 0 36.1201
0 0 0 0 0 36.4289
0 0 0 0 1 38.7189
0 0 0 0 1 52.4312
0 0 0 0 1 52.1553
0 0 0 0 0 52.4015
0 0 0 0 1 51.7116
0 0 0 0 1 52.2192
0 0 0 0 1 56.1032
0 0 0 0 1 65.528
0 0 0 0 1 70.0819
0 0 0 0 1 81.401
0 0 0 0 0 4.97493
0 0 0 0 0 5.04507
0 0 0 0 0 4.98996
0 0 0 0 0 5.00499
0 0 0 0 0 4.97994
0 0 0 0 0 4.98996
0 0 0 0 0 4.9599
0 0 0 0 0 5.02002
0 0 0 0 0 5.0601
0 0 0 0 0 4.96491
0 0 0 0 0 4.99998
0 0 0 0 0 5.01501
0 0 0 0 1 86.8025
0 0 0 0 1 87.7751
0 0 0 0 0 75.7461
0 0 0 0 0 63.2644
0 0 0 0 1 61.0712
0 0 0 0 1 60.356
0 0 0 0 0 60.3678
0 0 0 0 1 51.777
0 0 0 0 1 48.2271
0 0 0 0 1 48.0475
0 0 0 0 0 38.9207
0 0 0 0 1 37.0407
0 0 0 0 1 35.4895
0 0 0 0 1 35.6087
0 0 0 0 0 35.6564
0 0 0 0 1 36.0271
0 0 0 0 1 28.134
0 0 0 0 1 26.5891
0 0 0 0 1 25.4084
0 0 0 0 1 24.6884
0 0 0 0 1 24.8725
0 0 0 0 1 24.4414
0 0 0 0 1 24.576
0 0 0 0 0 24.7618
0 0 0 0 1 24.7508
0 0 0 0 1 24.7649
0 0 0 0 1 24.5325
0 0 0 0 1 24.8936
0 0 0 0 1 24.883
0 0 0 0 0 18.2909
0 0 0 0 1 17.7565
0 0 0 0 1 17.1574
0 0 0 0 1 16.7946
0 0 0 0 1 16.1795
0 0 0 0 1 15.7366
0 0 0 0 0 15.439
0 0 0 0 1 14.97
0 0 0 0 0 14.7277
0 0 0 0 1 14.5096
0 0 0 0 1 14.0003
0 0 0 0 0 13.9287
0 0 0 0 1 13.8432
0 0 0 0 1 14.0361
0 0 0 0 0 13.8954
0 0 0 0 1 13.9079
0 0 0 0 0 13.881
0 0 0 0 1 14.0756
0 0 0 0 0 13.9353
0 0 0 0 1 14.0888
0 0 0 0 1 13.881
0 0 0 0 1 14.0072
0 0 0 0 0 13.9654
0 0 0 0 1 13.9097
0 0 0 0 1 13.955
0 0 0 0 1 14.1108
0 0 0 0 1 14.0134
0 0 0 0 1 14.1727
0 0 0 0 1 14.1604
0 0 0 0 1 14.2614
0 0 0 0 0 14.054
0 0 0 0 1 14.0847
0 0 0 0 1 14.0901
0 0 0 0 1 14.1497
0 0 0 0 1 14.2839
0 0 0 0 1 14.3728
0 0 0 0 1 14.1654
0 0 0 0 1 14.1691
0 0 0 0 1 14.3765
0 0 0 0 1 14.3666
0 0 0 0 0 8.76414
0 0 0 0 1 8.64251
0 0 0 0 1 8.65885
0 0 0 0 1 8.52021
0 0 0 0 1 8.36578
0 0 0 0 1 8.34535
0 0 0 0 1 8.11136
0 0 0 0 1 8.0091
0 0 0 0 0 7.98026
0 0 0 0 1 7.98169
0 0 0 0 1 7.88893
0 0 0 0 1 7.64803
0 0 0 0 1 7.61855
0 0 0 0 1 7.52757
0 0 0 0 1 7.42944
0 0 0 0 1 7.37797
0 0 0 0 1 7.25109
0 0 0 0 1 7.25034
0 0 0 0 0 7.1407
0 0 0 0 1 7.15257
0 0 0 0 1 7.05748
0 0 0 0 1 6.94431
0 0 0 0 1 6.85064
0 0 0 0 1 6.80753
0 0 0 0 1 6.76416
0 0 0 0 0 6.70045
0 0 0 0 1 6.67665
0 0 0 0 1 6.57342
0 0 0 0 1 6.47109
0 0 0 0 1 6.4753
0 0 0 0 0 6.43122
0 0 0 0 1 6.28198
0 0 0 0 1 6.32912
0 0 0 0 0 6.16921
0 0 0 0 0 6.12851
0 0 0 0 0 6.17337
0 0 0 0 1 6.08321
0 0 0 0 0 6.03275
0 0 0 0 1 6.00943
0 0 0 0 0 5.88208
0 0 0 0 1 5.90009
0 0 0 0 1 5.78023
0 0 0 0 1 5.81196
0 0 0 0 1 5.73361
0 0 0 0 1 5.63586
0 0 0 0 0 5.60972
0 0 0 0 0 5.56662
0 0 0 0 0 5.59345
0 0 0 0 1 5.50037
0 0 0 0 1 5.45203
0 0 0 0 1 5.39845
0 0 0 0 1 5.45088
0 0 0 0 1 5.31441
0 0 0 0 1 5.27757
0 0 0 0 0 5.31797
0 0 0 0 1 5.23865
0 0 0 0 0 5.16842
0 0 0 0 1 5.15057
0 0 0 0 0 5.1532
0 0 0 0 1 5.16567
0 0 0 0 1 5.02203
0 0 0 0 1 5.02938
0 0 0 0 1 5.01955
0 0 0 0 0 4.93657
0 0 0 0 1 4.94343
0 0 0 0 1 4.95968
0 0 0 0 1 4.85821
0 0 0 0 1 4.86293
0 0 0 0 1 4.86887
0 0 0 0 0 4.8487
0 0 0 0 0 4.80739
0 0 0 0 1 4.84919
0 0 0 0 1 4.89615
0 0 0 0 1 4.90328
0 0 0 0 1 4.8969
0 0 0 0 1 4.94446
0 0 0 0 1 4.96279
0 0 0 0 1 4.92073
0 0 0 0 1 4.95393
0 0 0 0 1 5.00229
0 0 0 0 1 4.94489
0 0 0 0 1 4.96342
0 0 0 0 1 4.98708
0 0 0 0 1 5.06639
0 0 0 0 1 5.10575
0 0 0 0 1 5.10469
0 0 0 0 1 5.08316
0 0 0 0 0 5.17414
0 0 0 0 1 5.17181
0 0 0 0 1 5.18629
0 0 0 0 1 5.16978
0 0 0 0 1 5.14791
0 0 0 0 0 5.22489
0 0 0 0 1 5.21342
0 0 0 0 1 5.26486
0 0 0 0 1 5.32718
0 0 0 0 1 5.29607
0 0 0 0 0 5.30571
0 0 0 0 1 5.28865
0 0 0 0 1 5.41082
0 0 0 0 1 5.34545
0 0 0 0 1 5.36201
0 0 0 0 1 5.4695
0 0 0 0 1 5.42509
0 0 0 0 1 5.45688
0 0 0 0 0 5.53987
0 0 0 0 0 5.56669
0 0 0 0 0 5.55638
0 0 0 0 1 5.52201
0 0 0 0 0 5.56713
0 0 0 0 1 5.59976
0 0 0 0 0 5.63411
0 0 0 0 0 5.65007
0 0 0 0 1 5.71321
0 0 0 0 0 5.76374
0 0 0 0 1 5.77597
0 0 0 0 0 5.73032
0 0 0 0 0 5.78283
0 0 0 0 0 5.79328
0 0 0 0 1 5.89906
0 0 0 0 0 5.91732
0 0 0 0 1 5.97112
0 0 0 0 1 5.91812
0 0 0 0 1 6.00201
0 0 0 0 0 5.99034
0 0 0 0 1 6.09321
0 0 0 0 1 6.12401
0 0 0 0 1 6.06944
0 0 0 0 0 6.13072
0 0 0 0 1 6.22488
0 0 0 0 1 9.48096
0 0 0 0 1 9.50978
0 0 0 0 1 9.35559
0 0 0 0 1 9.35307
0 0 0 0 1 9.3444
0 0 0 0 1 9.44472
0 0 0 0 1 9.27405
0 0 0 0 1 9.3614
0 0 0 0 1 9.33413
0 0 0 0 1 9.2577
0 0 0 0 0 9.19094
0 0 0 0 1 9.12459
0 0 0 0 1 9.20491
0 0 0 0 1 9.02047
0 0 0 0 1 9.17325
0 0 0 0 1 8.96292
0 0 0 0 0 8.94344
0 0 0 0 1 9.01076
0 0 0 0 1 8.88357
0 0 0 0 1 8.90592
0 0 0 0 1 8.8601
0 0 0 0 1 8.82348
0 0 0 0 0 8.92898
0 0 0 0 1 8.76866
0 0 0 0 1 8.87922
0 0 0 0 1 8.71121
0 0 0 0 1 8.68447
0 0 0 0 1 8.65978
0 0 0 0 0 8.76421
0 0 0 0 1 8.76033
0 0 0 0 1 8.63847
0 0 0 0 1 8.73016
0 0 0 0 1 8.68677
0 0 0 0 1 8.52837
0 0 0 0 1 8.64895
0 0 0 0 1 8.56861
0 0 0 0 0 8.5776
0 0 0 0 1 8.58311
0 0 0 0 1 8.54616
0 0 0 0 1 8.54333
0 0 0 0 1 8.42219
0 0 0 0 1 8.36072
0 0 0 0 1 8.44629
0 0 0 0 1 8.47753
0 0 0 0 1 8.32446
0 0 0 0 1 8.34761
0 0 0 0 1 8.38739
0 0 0 0 1 8.23951
0 0 0 0 1 8.2629
0 0 0 0 0 8.35248
0 0 0 0 1 8.33062
0 0 0 0 1 8.32914
0 0 0 0 1 8.21255
0 0 0 0 1 8.22791
0 0 0 0 1 8.14496
0 0 0 0 1 8.13604
0 0 0 0 1 8.23332
0 0 0 0 1 8.17558
0 0 0 0 1 8.08565
0 0 0 0 1 8.14217
0 0 0 0 1 8.03668
0 0 0 0 0 8.08519
0 0 0 0 1 8.07717
0 0 0 0 1 7.96862
0 0 0 0 0 8.04138
0 0 0 0 1 8.0899
0 0 0 0 1 8.01031
0 0 0 0 1 7.9551
0 0 0 0 1 7.93584
0 0 0 0 1 7.93688
0 0 0 0 1 7.93008
0 0 0 0 0 7.9155
0 0 0 0 1 7.86151
0 0 0 0 0 7.93784
0 0 0 0 1 7.8763
0 0 0 0 0 7.81511
0 0 0 0 1 7.85205
0 0 0 0 1 7.8654
0 0 0 0 1 7.86757
0 0 0 0 0 7.85421
0 0 0 0 1 7.80977
0 0 0 0 1 7.8547
0 0 0 0 1 7.86519
0 0 0 0 1 7.77461
0 0 0 0 1 7.79636
0 0 0 0 1 7.72969
0 0 0 0 1 7.81364
