0 0 0 0 1 5.52515
0 0 0 0 1 5.50088
0 0 0 0 0 5.54344
0 0 0 0 0 5.62767
0 0 0 0 1 5.54795
0 0 0 0 1 5.63581
0 0 0 0 1 5.6223
0 0 0 0 1 5.63218
0 0 0 0 1 5.57713
0 0 0 0 1 5.60962
0 0 0 0 1 5.63671
0 0 0 0 1 5.60758
0 0 0 0 0 5.671
0 0 0 0 1 5.61938
0 0 0 0 0 5.67539
0 0 0 0 1 5.62585
0 0 0 0 1 5.7334
0 0 0 0 0 5.73319
0 0 0 0 0 5.7559
0 0 0 0 1 5.68542
0 0 0 0 1 5.68532
0 0 0 0 0 5.79431
0 0 0 0 1 5.70838
0 0 0 0 1 5.75466
0 0 0 0 1 5.77991
0 0 0 0 1 5.79774
0 0 0 0 1 5.81573
0 0 0 0 1 5.7526
0 0 0 0 1 5.8638
0 0 0 0 1 5.88227
0 0 0 0 1 5.87753
0 0 0 0 1 5.86269
0 0 0 0 0 5.90644
0 0 0 0 1 5.91364
0 0 0 0 1 5.83265
0 0 0 0 0 5.92832
0 0 0 0 1 5.85896
0 0 0 0 1 5.89007
0 0 0 0 1 5.96296
0 0 0 0 1 6.00052
0 0 0 0 1 5.96075
0 0 0 0 0 5.99859
0 0 0 0 1 5.9361
0 0 0 0 0 6.01615
0 0 0 0 1 6.03043
0 0 0 0 1 6.06895
0 0 0 0 0 6.07629
0 0 0 0 1 6.02425
0 0 0 0 1 6.02064
0 0 0 0 1 6.15727
0 0 0 0 1 6.14183
0 0 0 0 1 6.18762
0 0 0 0 0 6.12819
0 0 0 0 1 6.18146
0 0 0 0 1 6.12903
0 0 0 0 1 6.12587
0 0 0 0 1 6.24058
0 0 0 0 1 6.19945
0 0 0 0 0 6.30261
0 0 0 0 0 6.26869
0 0 0 0 1 6.29017
0 0 0 0 1 6.26865
0 0 0 0 1 6.31644
0 0 0 0 0 6.2949
0 0 0 0 1 6.29229
0 0 0 0 0 6.38429
0 0 0 0 1 6.36278
0 0 0 0 1 6.45562
0 0 0 0 0 6.45988
0 0 0 0 1 6.37966
0 0 0 0 1 6.46775
0 0 0 0 1 6.43246
0 0 0 0 1 6.54074
0 0 0 0 1 6.53226
0 0 0 0 1 6.59563
0 0 0 0 1 6.56693
0 0 0 0 1 6.59069
0 0 0 0 1 6.5558
0 0 0 0 1 6.59952
0 0 0 0 1 6.68344
0 0 0 0 1 6.61443
0 0 0 0 1 6.7263
0 0 0 0 1 6.66428
0 0 0 0 1 6.74942
0 0 0 0 1 6.78107
0 0 0 0 1 6.72469
0 0 0 0 1 6.74959
0 0 0 0 0 6.77463
0 0 0 0 0 6.84784
0 0 0 0 1 6.86644
0 0 0 0 0 6.92661
0 0 0 0 1 7.00146
0 0 0 0 1 6.97893
0 0 0 0 1 6.96315
0 0 0 0 1 6.96121
0 0 0 0 1 7.09993
0 0 0 0 1 7.09088
0 0 0 0 1 7.13175
0 0 0 0 1 7.05176
0 0 0 0 1 7.08549
0 0 0 0 1 7.19116
0 0 0 0 0 7.26153
0 0 0 0 1 7.28136
0 0 0 0 1 7.25803
0 0 0 0 1 7.25586
0 0 0 0 1 7.26866
0 0 0 0 1 7.28834
0 0 0 0 1 7.39762
0 0 0 0 1 7.41041
0 0 0 0 1 7.46787
0 0 0 0 1 7.42134
0 0 0 0 1 7.56173
0 0 0 0 1 7.50692
0 0 0 0 1 7.61835
0 0 0 0 1 7.60911
0 0 0 0 1 7.66808
0 0 0 0 1 7.64285
0 0 0 0 1 7.74852
0 0 0 0 1 7.7541
0 0 0 0 0 7.80632
0 0 0 0 0 7.76534
0 0 0 0 1 7.82557
0 0 0 0 1 7.97267
0 0 0 0 0 7.92279
0 0 0 0 1 7.95954
0 0 0 0 1 8.10131
0 0 0 0 1 8.04253
0 0 0 0 0 8.08023
0 0 0 0 0 8.1338
0 0 0 0 1 8.19639
0 0 0 0 1 8.15175
0 0 0 0 1 8.19736
0 0 0 0 1 8.25213
0 0 0 0 0 8.35671
0 0 0 0 1 8.34435
0 0 0 0 1 8.40762
0 0 0 0 1 8.47125
0 0 0 0 1 8.52668
0 0 0 0 1 8.61746
0 0 0 0 1 8.57857
0 0 0 0 1 8.78143
0 0 0 0 1 8.67224
0 0 0 0 1 8.74522
0 0 0 0 1 8.8115
0 0 0 0 1 8.92087
0 0 0 0 1 8.8879
0 0 0 0 1 8.95308
0 0 0 0 0 9.00948
0 0 0 0 1 9.10354
0 0 0 0 1 9.1514
0 0 0 0 0 9.28237
0 0 0 0 1 9.34016
0 0 0 0 1 9.26848
0 0 0 0 0 9.45624
0 0 0 0 1 9.53345
0 0 0 0 1 9.60992
0 0 0 0 1 9.5237
0 0 0 0 1 9.5914
0 0 0 0 1 9.64829
0 0 0 0 0 9.81286
0 0 0 0 1 9.79179
0 0 0 0 1 9.97939
0 0 0 0 1 9.93631
0 0 0 0 0 10.0642
0 0 0 0 1 10.0802
0 0 0 0 1 10.2501
0 0 0 0 1 10.3481
0 0 0 0 0 10.281
0 0 0 0 1 10.3494
0 0 0 0 1 10.5945
0 0 0 0 1 10.5461
0 0 0 0 1 10.6218
0 0 0 0 1 10.7965
0 0 0 0 1 10.9382
0 0 0 0 1 9.26867
0 0 0 0 1 9.27249
0 0 0 0 0 9.2163
0 0 0 0 1 9.22962
0 0 0 0 1 9.20157
0 0 0 0 0 9.17824
0 0 0 0 1 9.12301
0 0 0 0 1 9.16425
0 0 0 0 1 9.15513
0 0 0 0 1 9.06868
0 0 0 0 1 9.18729
0 0 0 0 1 9.0832
0 0 0 0 0 9.08369
0 0 0 0 1 8.96674
0 0 0 0 0 9.0535
0 0 0 0 1 8.99129
0 0 0 0 1 9.03294
0 0 0 0 1 8.87264
0 0 0 0 1 9.01716
0 0 0 0 1 8.88444
0 0 0 0 1 8.91756
0 0 0 0 1 8.92804
0 0 0 0 1 8.9297
0 0 0 0 1 8.81626
0 0 0 0 1 8.78293
0 0 0 0 1 8.73715
0 0 0 0 1 8.82764
0 0 0 0 1 8.71565
0 0 0 0 1 8.80607
0 0 0 0 1 8.83494
0 0 0 0 1 8.66257
0 0 0 0 1 8.81917
0 0 0 0 0 8.65643
0 0 0 0 1 8.62489
0 0 0 0 0 8.74128
0 0 0 0 1 8.59715
0 0 0 0 1 8.67014
0 0 0 0 1 8.65654
0 0 0 0 1 8.669
0 0 0 0 1 8.6988
0 0 0 0 1 8.55646
0 0 0 0 1 8.66395
0 0 0 0 1 8.6425
0 0 0 0 1 8.54412
0 0 0 0 1 8.62587
0 0 0 0 1 8.56224
0 0 0 0 1 8.45925
0 0 0 0 1 8.48149
0 0 0 0 1 8.58413
0 0 0 0 1 8.69124
0 0 0 0 0 8.86862
0 0 0 0 1 9.04839
0 0 0 0 0 9.13874
0 0 0 0 0 9.21907
0 0 0 0 1 9.44766
0 0 0 0 1 9.51718
0 0 0 0 1 9.66168
0 0 0 0 1 9.80595
0 0 0 0 1 10.0699
0 0 0 0 0 10.2758
0 0 0 0 0 10.4105
0 0 0 0 1 10.5845
0 0 0 0 1 10.7482
0 0 0 0 1 10.9308
0 0 0 0 1 11.0348
0 0 0 0 1 11.4175
0 0 0 0 1 11.6199
0 0 0 0 1 11.7132
0 0 0 0 1 12.0904
0 0 0 0 1 12.4317
0 0 0 0 1 12.6737
0 0 0 0 1 12.7833
0 0 0 0 0 22.5691
0 0 0 0 1 22.6185
0 0 0 0 1 22.6437
0 0 0 0 1 22.6257
0 0 0 0 1 22.5855
0 0 0 0 1 22.5685
0 0 0 0 1 22.5066
0 0 0 0 1 22.6486
0 0 0 0 1 22.452
0 0 0 0 1 22.527
0 0 0 0 1 22.5346
0 0 0 0 1 22.3397
0 0 0 0 1 22.6425
0 0 0 0 1 22.336
0 0 0 0 0 22.7279
0 0 0 0 1 22.6025
0 0 0 0 1 22.6125
0 0 0 0 1 22.4432
0 0 0 0 1 23.3388
0 0 0 0 1 24.3168
0 0 0 0 1 25.319
0 0 0 0 0 26.0026
0 0 0 0 1 36.3084
0 0 0 0 1 36.6939
0 0 0 0 1 36.352
0 0 0 0 1 36.2293
0 0 0 0 1 36.1378
0 0 0 0 1 38.4493
0 0 0 0 1 52.5353
0 0 0 0 1 51.6348
0 0 0 0 1 52.5056
0 0 0 0 1 52.1798
0 0 0 0 1 52.1672
0 0 0 0 1 56.949
0 0 0 0 0 66.1171
0 0 0 0 1 69.9426
0 0 0 0 1 82.3009
0 0 0 0 0 5.03004
0 0 0 0 0 4.99998
0 0 0 0 0 5.02503
0 0 0 0 0 4.9599
0 0 0 0 0 4.96491
0 0 0 0 0 4.97994
0 0 0 0 0 5.03004
0 0 0 0 0 4.99998
0 0 0 0 0 5.03505
0 0 0 0 0 5.04507
0 0 0 0 0 5.04006
0 0 0 0 0 4.98996
0 0 0 0 1 88.3791
0 0 0 0 1 87.5123
0 0 0 0 1 74.8443
0 0 0 0 1 63.5836
0 0 0 0 1 60.2843
0 0 0 0 1 60.6587
0 0 0 0 0 60.1256
0 0 0 0 1 51.2613
0 0 0 0 1 48.1791
0 0 0 0 1 48.3355
0 0 0 0 1 39.6276
0 0 0 0 1 36.9303
0 0 0 0 1 35.9532
0 0 0 0 1 35.5373
0 0 0 0 1 35.7992
0 0 0 0 1 35.6343
0 0 0 0 1 28.3306
0 0 0 0 1 26.5891
0 0 0 0 0 25.7417
0 0 0 0 1 24.7376
0 0 0 0 0 24.7248
0 0 0 0 1 24.6878
0 0 0 0 1 24.5268
0 0 0 0 0 24.8111
0 0 0 0 0 24.7508
0 0 0 0 1 24.5921
0 0 0 0 1 24.8537
0 0 0 0 1 24.6958
0 0 0 0 0 24.8336
0 0 0 0 0 18.2727
0 0 0 0 1 17.5089
0 0 0 0 1 17.2777
0 0 0 0 0 16.6441
0 0 0 0 0 16.3099
0 0 0 0 1 15.8636
0 0 0 0 1 15.5783
0 0 0 0 1 15.1514
0 0 0 0 0 14.831
0 0 0 0 1 14.3942
0 0 0 0 1 14.2118
0 0 0 0 1 13.762
0 0 0 0 1 13.8432
0 0 0 0 1 13.9665
0 0 0 0 1 14.0068
0 0 0 0 1 14.0194
0 0 0 0 0 13.8671
0 0 0 0 1 13.8801
0 0 0 0 1 13.8794
0 0 0 0 0 13.9349
0 0 0 0 1 14.0631
0 0 0 0 1 13.9791
0 0 0 0 1 14.0636
0 0 0 0 1 13.9659
0 0 0 0 1 14.0816
0 0 0 0 0 14.1249
0 0 0 0 0 14.0557
0 0 0 0 1 14.2009
0 0 0 0 0 14.1463
0 0 0 0 1 14.0917
0 0 0 0 1 14.224
0 0 0 0 1 14.2266
0 0 0 0 1 14.1753
0 0 0 0 1 14.3062
0 0 0 0 1 14.2554
0 0 0 0 1 14.3871
0 0 0 0 1 14.3653
0 0 0 0 1 14.3264
0 0 0 0 1 14.4481
0 0 0 0 1 14.3235
0 0 0 0 1 8.83475
0 0 0 0 1 8.72092
0 0 0 0 1 8.66745
0 0 0 0 1 8.45225
0 0 0 0 1 8.43291
0 0 0 0 1 8.34535
0 0 0 0 1 8.25884
0 0 0 0 1 8.08191
0 0 0 0 0 7.94028
0 0 0 0 0 7.98169
0 0 0 0 1 7.8733
0 0 0 0 1 7.77936
0 0 0 0 1 7.68732
0 0 0 0 1 7.61071
0 0 0 0 0 7.50418
0 0 0 0 0 7.34097
0 0 0 0 1 7.33889
0 0 0 0 1 7.22861
0 0 0 0 1 7.11202
0 0 0 0 1 7.06032
0 0 0 0 1 6.95916
0 0 0 0 0 7.01389
0 0 0 0 1 6.87129
0 0 0 0 1 6.83482
0 0 0 0 0 6.73037
0 0 0 0 1 6.71384
0 0 0 0 1 6.66339
0 0 0 0 1 6.57342
0 0 0 0 0 6.45158
0 0 0 0 1 6.5011
0 0 0 0 1 6.40568
0 0 0 0 0 6.30731
0 0 0 0 1 6.34167
0 0 0 0 1 6.21901
0 0 0 0 1 6.17788
0 0 0 0 1 6.15501
0 0 0 0 1 6.04075
0 0 0 0 1 5.9906
0 0 0 0 1 6.02733
0 0 0 0 1 5.95316
0 0 0 0 1 5.88835
0 0 0 0 1 5.82102
0 0 0 0 1 5.82931
0 0 0 0 0 5.77952
0 0 0 0 1 5.74392
0 0 0 0 1 5.68873
0 0 0 0 1 5.54422
0 0 0 0 1 5.56005
0 0 0 0 1 5.52799
0 0 0 0 1 5.52874
0 0 0 0 1 5.46369
0 0 0 0 1 5.41847
0 0 0 0 1 5.34662
0 0 0 0 1 5.33615
0 0 0 0 0 5.27035
0 0 0 0 1 5.30164
0 0 0 0 1 5.20493
0 0 0 0 1 5.15575
0 0 0 0 1 5.10172
0 0 0 0 1 5.13499
0 0 0 0 1 5.11334
0 0 0 0 1 5.04449
0 0 0 0 1 5.00952
0 0 0 0 1 5.01628
0 0 0 0 1 4.97806
0 0 0 0 0 4.90561
0 0 0 0 0 4.89239
0 0 0 0 1 4.82407
0 0 0 0 0 4.80132
0 0 0 0 1 4.83907
0 0 0 0 1 4.82187
0 0 0 0 1 4.81044
0 0 0 0 1 4.87184
0 0 0 0 1 4.90815
0 0 0 0 1 4.85287
0 0 0 0 1 4.91991
0 0 0 0 0 4.91844
0 0 0 0 1 4.9652
0 0 0 0 1 4.96881
0 0 0 0 1 4.99233
0 0 0 0 1 4.97982
0 0 0 0 1 4.96342
0 0 0 0 1 5.0474
0 0 0 0 0 5.07648
0 0 0 0 1 5.06016
0 0 0 0 1 5.07926
0 0 0 0 1 5.1291
0 0 0 0 1 5.15877
0 0 0 0 0 5.12045
0 0 0 0 0 5.20175
0 0 0 0 1 5.12321
0 0 0 0 1 5.16869
0 0 0 0 1 5.18839
0 0 0 0 0 5.23959
0 0 0 0 1 5.2596
0 0 0 0 1 5.31663
0 0 0 0 0 5.34908
0 0 0 0 1 5.30571
0 0 0 0 1 5.29399
0 0 0 0 1 5.41082
0 0 0 0 0 5.37236
0 0 0 0 1 5.44858
0 0 0 0 1 5.47493
0 0 0 0 0 5.46325
0 0 0 0 0 5.47877
0 0 0 0 1 5.55088
0 0 0 0 1 5.55012
0 0 0 0 1 5.56748
0 0 0 0 1 5.53873
0 0 0 0 1 5.56153
0 0 0 0 1 5.66723
0 0 0 0 1 5.66236
0 0 0 0 1 5.63305
0 0 0 0 1 5.73602
0 0 0 0 0 5.76947
0 0 0 0 0 5.7357
0 0 0 0 1 5.77658
0 0 0 0 1 5.75959
0 0 0 0 0 5.84579
0 0 0 0 1 5.84042
0 0 0 0 1 5.935
0 0 0 0 1 5.91781
0 0 0 0 1 5.95979
0 0 0 0 1 5.96611
0 0 0 0 0 5.96628
0 0 0 0 1 5.99649
0 0 0 0 1 6.13616
0 0 0 0 1 6.14882
0 0 0 0 1 6.08162
0 0 0 0 1 6.12607
0 0 0 0 1 9.5
0 0 0 0 1 9.46237
0 0 0 0 1 9.48789
0 0 0 0 1 9.50378
0 0 0 0 1 9.32563
0 0 0 0 1 9.41666
0 0 0 0 1 9.30201
0 0 0 0 1 9.24055
0 0 0 0 1 9.33413
0 0 0 0 1 9.18386
0 0 0 0 1 9.26454
0 0 0 0 1 9.08791
0 0 0 0 1 9.12264
0 0 0 0 0 9.05692
0 0 0 0 1 9.12784
0 0 0 0 0 8.99008
0 0 0 0 0 9.11491
0 0 0 0 1 8.94775
0 0 0 0 1 8.98228
0 0 0 0 1 8.87012
0 0 0 0 1 8.88687
0 0 0 0 0 8.85906
0 0 0 0 1 8.84031
0 0 0 0 1 8.89241
0 0 0 0 1 8.89685
0 0 0 0 1 8.71121
0 0 0 0 1 8.80716
0 0 0 0 1 8.79974
0 0 0 0 0 8.79909
0 0 0 0 0 8.74293
0 0 0 0 1 8.69918
0 0 0 0 1 8.61768
0 0 0 0 1 8.60914
0 0 0 0 1 8.51977
0 0 0 0 1 8.51167
0 0 0 0 1 8.52581
0 0 0 0 0 8.5776
0 0 0 0 1 8.48093
0 0 0 0 1 8.44422
0 0 0 0 1 8.4162
0 0 0 0 0 8.40528
0 0 0 0 1 8.51258
0 0 0 0 1 8.44629
0 0 0 0 1 8.34324
0 0 0 0 1 8.31608
0 0 0 0 0 8.39774
0 0 0 0 1 8.40407
0 0 0 0 1 8.34759
0 0 0 0 1 8.22142
0 0 0 0 1 8.22004
0 0 0 0 1 8.30583
0 0 0 0 1 8.31265
0 0 0 0 0 8.21255
0 0 0 0 0 8.27718
0 0 0 0 0 8.21051
0 0 0 0 1 8.14422
0 0 0 0 0 8.19252
0 0 0 0 1 8.09415
0 0 0 0 1 8.08565
0 0 0 0 1 8.10162
0 0 0 0 1 8.1419
0 0 0 0 1 8.01249
0 0 0 0 1 8.1336
0 0 0 0 1 8.04106
0 0 0 0 1 8.04138
0 0 0 0 1 8.00171
0 0 0 0 1 7.9463
0 0 0 0 0 8.06692
0 0 0 0 1 8.02357
0 0 0 0 0 7.97668
0 0 0 0 1 7.99365
0 0 0 0 1 7.92343
0 0 0 0 0 7.84567
0 0 0 0 1 7.82715
0 0 0 0 0 7.8763
0 0 0 0 1 7.88601
0 0 0 0 1 7.82845
0 0 0 0 1 7.92826
0 0 0 0 1 7.89111
0 0 0 0 1 7.76808
0 0 0 0 1 7.74722
0 0 0 0 1 7.75319
0 0 0 0 0 7.81062
0 0 0 0 1 7.76683
0 0 0 0 1 7.80414
0 0 0 0 0 7.77626
0 0 0 0 0 7.75938
