0 0 0 0 1 5.58063
0 0 0 0 1 5.52311
0 0 0 0 1 5.61579
0 0 0 0 0 5.59424
0 0 0 0 1 5.53679
0 0 0 0 1 5.54635
0 0 0 0 1 5.57754
0 0 0 0 1 5.55933
0 0 0 0 1 5.62201
0 0 0 0 1 5.57028
0 0 0 0 1 5.6536
0 0 0 0 1 5.60194
0 0 0 0 0 5.68795
0 0 0 0 1 5.64202
0 0 0 0 0 5.70374
0 0 0 0 0 5.62585
0 0 0 0 1 5.69928
0 0 0 0 1 5.642
0 0 0 0 1 5.72735
0 0 0 0 1 5.73685
0 0 0 0 1 5.73112
0 0 0 0 1 5.77136
0 0 0 0 1 5.70263
0 0 0 0 1 5.75466
0 0 0 0 0 5.71646
0 0 0 0 1 5.72837
0 0 0 0 1 5.8331
0 0 0 0 1 5.84548
0 0 0 0 1 5.85798
0 0 0 0 1 5.81231
0 0 0 0 0 5.83663
0 0 0 0 1 5.80418
0 0 0 0 1 5.91816
0 0 0 0 1 5.90189
0 0 0 0 1 5.8915
0 0 0 0 1 5.91063
0 0 0 0 1 5.95355
0 0 0 0 1 5.93747
0 0 0 0 1 5.96296
0 0 0 0 1 5.97671
0 0 0 0 1 5.97865
0 0 0 0 1 6.00457
0 0 0 0 1 5.96605
0 0 0 0 1 6.01615
0 0 0 0 1 6.02441
0 0 0 0 1 6.00259
0 0 0 0 0 6.00367
0 0 0 0 0 6.12738
0 0 0 0 1 6.0997
0 0 0 0 1 6.05364
0 0 0 0 1 6.11739
0 0 0 0 1 6.15698
0 0 0 0 0 6.12204
0 0 0 0 1 6.12605
0 0 0 0 1 6.11051
0 0 0 0 1 6.13206
0 0 0 0 1 6.25299
0 0 0 0 1 6.18078
0 0 0 0 0 6.22773
0 0 0 0 1 6.20612
0 0 0 0 1 6.22112
0 0 0 0 1 6.33159
0 0 0 0 0 6.24703
0 0 0 0 0 6.30755
0 0 0 0 1 6.39378
0 0 0 0 1 6.30791
0 0 0 0 1 6.40107
0 0 0 0 0 6.4172
0 0 0 0 0 6.38924
0 0 0 0 1 6.48277
0 0 0 0 1 6.39667
0 0 0 0 1 6.54918
0 0 0 0 1 6.55374
0 0 0 0 1 6.52574
0 0 0 0 1 6.47143
0 0 0 0 1 6.52757
0 0 0 0 1 6.61703
0 0 0 0 1 6.57561
0 0 0 0 1 6.59289
0 0 0 0 1 6.59034
0 0 0 0 1 6.71455
0 0 0 0 0 6.65938
0 0 0 0 1 6.69113
0 0 0 0 1 6.72921
0 0 0 0 1 6.72698
0 0 0 0 0 6.75184
0 0 0 0 1 6.79046
0 0 0 0 1 6.8635
0 0 0 0 1 6.81353
0 0 0 0 1 6.87333
0 0 0 0 0 6.96809
0 0 0 0 1 6.9668
0 0 0 0 1 7.00676
0 0 0 0 1 7.01204
0 0 0 0 1 6.99626
0 0 0 0 0 6.96623
0 0 0 0 1 7.10502
0 0 0 0 1 7.08917
0 0 0 0 1 7.10874
0 0 0 0 1 7.17129
0 0 0 0 0 7.21987
0 0 0 0 1 7.23272
0 0 0 0 1 7.27412
0 0 0 0 1 7.2217
0 0 0 0 1 7.37265
0 0 0 0 1 7.29064
0 0 0 0 1 7.42822
0 0 0 0 1 7.44192
0 0 0 0 1 7.40299
0 0 0 0 1 7.39334
0 0 0 0 1 7.51111
0 0 0 0 1 7.57676
0 0 0 0 0 7.58244
0 0 0 0 1 7.61076
0 0 0 0 1 7.57864
0 0 0 0 1 7.59156
0 0 0 0 0 7.74281
0 0 0 0 1 7.70217
0 0 0 0 1 7.76962
0 0 0 0 1 7.73614
0 0 0 0 1 7.89841
0 0 0 0 1 7.94354
0 0 0 0 0 7.85403
0 0 0 0 1 7.91485
0 0 0 0 1 7.92758
0 0 0 0 1 8.04511
0 0 0 0 0 8.0748
0 0 0 0 1 8.14507
0 0 0 0 1 8.12565
0 0 0 0 1 8.26189
0 0 0 0 0 8.27526
0 0 0 0 1 8.33812
0 0 0 0 1 8.40187
0 0 0 0 1 8.28979
0 0 0 0 1 8.49576
0 0 0 0 1 8.50912
0 0 0 0 1 8.52229
0 0 0 0 1 8.49247
0 0 0 0 1 8.5745
0 0 0 0 1 8.60448
0 0 0 0 0 8.64232
0 0 0 0 0 8.78589
0 0 0 0 1 8.74522
0 0 0 0 1 8.78499
0 0 0 0 1 8.86751
0 0 0 0 1 9.04006
0 0 0 0 0 8.95308
0 0 0 0 1 8.99136
0 0 0 0 1 9.20378
0 0 0 0 1 9.16057
0 0 0 0 1 9.26392
0 0 0 0 1 9.33087
0 0 0 0 1 9.31515
0 0 0 0 1 9.33404
0 0 0 0 1 9.43887
0 0 0 0 0 9.58135
0 0 0 0 1 9.57165
0 0 0 0 1 9.56246
0 0 0 0 1 9.75517
0 0 0 0 1 9.81286
0 0 0 0 1 9.8706
0 0 0 0 1 9.99921
0 0 0 0 1 9.88638
0 0 0 0 1 10.0039
0 0 0 0 1 10.1714
0 0 0 0 1 10.2603
0 0 0 0 0 10.1734
0 0 0 0 0 10.3017
0 0 0 0 1 10.4327
0 0 0 0 1 10.5945
0 0 0 0 1 10.5355
0 0 0 0 0 10.6325
0 0 0 0 1 10.8394
0 0 0 0 0 10.9057
0 0 0 0 1 9.38034
0 0 0 0 1 9.2632
0 0 0 0 1 9.35524
0 0 0 0 1 9.29429
0 0 0 0 0 9.20157
0 0 0 0 1 9.13225
0 0 0 0 1 9.26069
0 0 0 0 1 9.23749
0 0 0 0 1 9.18254
0 0 0 0 1 9.0778
0 0 0 0 1 9.13271
0 0 0 0 1 9.02875
0 0 0 0 1 9.1018
0 0 0 0 0 9.01194
0 0 0 0 1 9.02644
0 0 0 0 1 9.01829
0 0 0 0 1 8.90724
0 0 0 0 0 8.87264
0 0 0 0 1 8.92771
0 0 0 0 1 8.91122
0 0 0 0 0 8.9621
0 0 0 0 1 8.96361
0 0 0 0 1 8.92082
0 0 0 0 1 8.92259
0 0 0 0 1 8.9156
0 0 0 0 1 8.73715
0 0 0 0 0 8.83645
0 0 0 0 1 8.77721
0 0 0 0 1 8.78851
0 0 0 0 1 8.84371
0 0 0 0 1 8.67132
0 0 0 0 1 8.76678
0 0 0 0 1 8.72617
0 0 0 0 0 8.73803
0 0 0 0 0 8.74128
0 0 0 0 0 8.59715
0 0 0 0 1 8.65282
0 0 0 0 1 8.6133
0 0 0 0 1 8.6172
0 0 0 0 1 8.5781
0 0 0 0 1 8.53925
0 0 0 0 1 8.62957
0 0 0 0 1 8.6425
0 0 0 0 1 8.59554
0 0 0 0 1 8.52318
0 0 0 0 1 8.52806
0 0 0 0 1 8.46778
0 0 0 0 1 8.53264
0 0 0 0 1 8.66131
0 0 0 0 1 8.77824
0 0 0 0 1 8.89509
0 0 0 0 0 8.92296
0 0 0 0 1 9.13874
0 0 0 0 1 9.32068
0 0 0 0 1 9.39137
0 0 0 0 0 9.44089
0 0 0 0 1 9.63264
0 0 0 0 1 9.75672
0 0 0 0 1 9.92973
0 0 0 0 1 10.0823
0 0 0 0 0 10.4105
0 0 0 0 1 10.5001
0 0 0 0 1 10.6409
0 0 0 0 1 10.9746
0 0 0 0 0 11.2577
0 0 0 0 0 11.4403
0 0 0 0 1 11.6083
0 0 0 0 1 11.9378
0 0 0 0 0 12.0904
0 0 0 0 0 12.2963
0 0 0 0 1 12.5479
0 0 0 0 1 12.7833
0 0 0 0 1 22.7737
0 0 0 0 1 22.7547
0 0 0 0 0 22.7571
0 0 0 0 1 22.8071
0 0 0 0 1 22.8121
0 0 0 0 1 22.5005
0 0 0 0 0 22.4613
0 0 0 0 1 22.5356
0 0 0 0 0 22.7682
0 0 0 0 0 22.6398
0 0 0 0 1 22.4444
0 0 0 0 1 22.6553
0 0 0 0 1 22.4398
0 0 0 0 1 22.5612
0 0 0 0 1 22.5479
0 0 0 0 0 22.2876
0 0 0 0 1 22.2753
0 0 0 0 1 22.4432
0 0 0 0 0 23.014
0 0 0 0 1 24.0755
0 0 0 0 1 25.0929
0 0 0 0 1 26.1598
0 0 0 0 0 36.6725
0 0 0 0 1 36.439
0 0 0 0 1 36.0608
0 0 0 0 1 36.1929
0 0 0 0 1 36.0286
0 0 0 0 1 38.2951
0 0 0 0 0 51.9105
0 0 0 0 1 52.4155
0 0 0 0 1 52.5576
0 0 0 0 1 52.3358
0 0 0 0 1 52.3232
0 0 0 0 1 56.216
0 0 0 0 1 65.0697
0 0 0 0 1 69.1763
0 0 0 0 0 82.3827
0 0 0 0 0 4.96992
0 0 0 0 0 5.02002
0 0 0 0 0 5.01501
0 0 0 0 0 5.05008
0 0 0 0 0 5.02002
0 0 0 0 0 4.98495
0 0 0 0 0 5.02503
0 0 0 0 0 5.04507
0 0 0 0 0 5.0601
0 0 0 0 0 5.02002
0 0 0 0 0 5.04006
0 0 0 0 0 4.9599
0 0 0 0 1 87.6784
0 0 0 0 1 88.0379
0 0 0 0 1 75.2952
0 0 0 0 1 64.222
0 0 0 0 0 60.3448
0 0 0 0 1 60.0533
0 0 0 0 1 60.3678
0 0 0 0 1 51.8802
0 0 0 0 0 47.5553
0 0 0 0 0 47.5195
0 0 0 0 1 39.2349
0 0 0 0 1 36.4884
0 0 0 0 1 35.3112
0 0 0 0 1 35.7514
0 0 0 0 1 36.0133
0 0 0 0 1 36.0271
0 0 0 0 1 28.3306
0 0 0 0 1 26.6427
0 0 0 0 1 25.7673
0 0 0 0 1 24.5653
0 0 0 0 1 24.8725
0 0 0 0 1 24.8849
0 0 0 0 1 24.4528
0 0 0 0 1 24.7618
0 0 0 0 1 24.7755
0 0 0 0 1 24.8143
0 0 0 0 1 24.9031
0 0 0 0 1 24.6464
0 0 0 0 1 24.8583
0 0 0 0 1 18.0907
0 0 0 0 1 17.8449
0 0 0 0 0 17.3637
0 0 0 0 1 16.5939
0 0 0 0 1 16.3099
0 0 0 0 1 15.9113
0 0 0 0 1 15.6093
0 0 0 0 1 15.0758
0 0 0 0 1 14.6539
0 0 0 0 1 14.351
0 0 0 0 0 14.0849
0 0 0 0 0 13.8731
0 0 0 0 1 13.7598
0 0 0 0 1 13.9665
0 0 0 0 0 13.9789
0 0 0 0 1 13.894
0 0 0 0 0 14.0764
0 0 0 0 0 13.9918
0 0 0 0 1 14.0052
0 0 0 0 1 13.9209
0 0 0 0 0 13.881
0 0 0 0 0 13.9651
0 0 0 0 1 14.0636
0 0 0 0 1 14.008
0 0 0 0 1 14.1519
0 0 0 0 0 14.139
0 0 0 0 1 14.1544
0 0 0 0 0 14.0033
0 0 0 0 1 14.2028
0 0 0 0 0 14.0209
0 0 0 0 0 14.1107
0 0 0 0 0 14.2833
0 0 0 0 1 14.0759
0 0 0 0 1 14.1071
0 0 0 0 1 14.2839
0 0 0 0 1 14.3016
0 0 0 0 0 14.2654
0 0 0 0 1 14.3979
0 0 0 0 1 14.3336
0 0 0 0 1 14.3092
0 0 0 0 1 8.8524
0 0 0 0 1 8.64251
0 0 0 0 0 8.53847
0 0 0 0 1 8.57118
0 0 0 0 1 8.39934
0 0 0 0 1 8.33706
0 0 0 0 1 8.12774
0 0 0 0 1 8.04955
0 0 0 0 1 7.98026
0 0 0 0 0 7.98169
0 0 0 0 1 7.85766
0 0 0 0 0 7.67893
0 0 0 0 0 7.58034
0 0 0 0 1 7.52001
0 0 0 0 1 7.42196
0 0 0 0 1 7.42977
0 0 0 0 0 7.2584
0 0 0 0 0 7.22861
0 0 0 0 1 7.20523
0 0 0 0 1 7.12418
0 0 0 0 1 7.05748
0 0 0 0 1 6.91648
0 0 0 0 1 6.9126
0 0 0 0 1 6.75978
0 0 0 0 0 6.7101
0 0 0 0 1 6.72053
0 0 0 0 1 6.57057
0 0 0 0 1 6.60626
0 0 0 0 1 6.51661
0 0 0 0 1 6.5011
0 0 0 0 1 6.41845
0 0 0 0 1 6.29465
0 0 0 0 0 6.2161
0 0 0 0 1 6.21279
0 0 0 0 1 6.10999
0 0 0 0 0 6.16113
0 0 0 0 1 6.00436
0 0 0 0 1 6.03877
0 0 0 0 1 5.94378
0 0 0 0 0 5.96501
0 0 0 0 1 5.85313
0 0 0 0 0 5.85015
0 0 0 0 0 5.74256
0 0 0 0 0 5.7623
0 0 0 0 1 5.72117
0 0 0 0 1 5.6718
0 0 0 0 0 5.55542
0 0 0 0 1 5.50996
0 0 0 0 1 5.48933
0 0 0 0 0 5.43559
0 0 0 0 1 5.47456
0 0 0 0 1 5.34824
0 0 0 0 1 5.3842
0 0 0 0 1 5.31484
0 0 0 0 1 5.2968
0 0 0 0 1 5.25965
0 0 0 0 1 5.25708
0 0 0 0 0 5.14539
0 0 0 0 1 5.17379
0 0 0 0 1 5.1401
0 0 0 0 1 5.11842
0 0 0 0 0 5.00418
0 0 0 0 1 5.00952
0 0 0 0 0 5.01628
0 0 0 0 1 4.99786
0 0 0 0 0 4.91053
0 0 0 0 1 4.86797
0 0 0 0 1 4.81435
0 0 0 0 1 4.77719
0 0 0 0 1 4.80055
0 0 0 0 0 4.86048
0 0 0 0 1 4.85888
0 0 0 0 1 4.88157
0 0 0 0 1 4.88378
0 0 0 0 1 4.94092
0 0 0 0 1 4.92973
0 0 0 0 1 4.97265
0 0 0 0 1 4.95532
0 0 0 0 1 5.00352
0 0 0 0 1 5.01722
0 0 0 0 1 5.01475
0 0 0 0 1 4.98345
0 0 0 0 1 5.07254
0 0 0 0 0 5.0563
0 0 0 0 1 5.0399
0 0 0 0 0 5.11994
0 0 0 0 0 5.11889
0 0 0 0 1 5.13316
0 0 0 0 1 5.16667
0 0 0 0 1 5.17082
0 0 0 0 1 5.21636
0 0 0 0 0 5.20505
0 0 0 0 1 5.26139
0 0 0 0 1 5.24483
0 0 0 0 1 5.30164
0 0 0 0 1 5.31663
0 0 0 0 1 5.31727
0 0 0 0 1 5.30039
0 0 0 0 1 5.33673
0 0 0 0 1 5.33574
0 0 0 0 1 5.39928
0 0 0 0 1 5.36742
0 0 0 0 1 5.39346
0 0 0 0 1 5.40328
0 0 0 0 1 5.45688
0 0 0 0 1 5.52887
0 0 0 0 0 5.56669
0 0 0 0 1 5.56748
0 0 0 0 1 5.59445
0 0 0 0 1 5.56713
0 0 0 0 1 5.57165
0 0 0 0 0 5.65671
0 0 0 0 1 5.7068
0 0 0 0 1 5.71321
0 0 0 0 1 5.75802
0 0 0 0 1 5.81049
0 0 0 0 1 5.80549
0 0 0 0 0 5.8642
0 0 0 0 0 5.78745
0 0 0 0 0 5.89906
0 0 0 0 1 5.935
0 0 0 0 1 5.93558
0 0 0 0 0 5.90621
0 0 0 0 1 5.94217
0 0 0 0 1 6.02643
0 0 0 0 1 6.02671
0 0 0 0 1 6.12401
0 0 0 0 1 6.16714
0 0 0 0 0 6.15527
0 0 0 0 1 6.13225
0 0 0 0 1 9.48096
0 0 0 0 1 9.5003
0 0 0 0 1 9.46899
0 0 0 0 1 9.5132
0 0 0 0 0 9.43822
0 0 0 0 1 9.38861
0 0 0 0 1 9.31133
0 0 0 0 1 9.32422
0 0 0 0 1 9.31561
0 0 0 0 1 9.19309
0 0 0 0 0 9.23694
0 0 0 0 1 9.12459
0 0 0 0 1 9.18663
0 0 0 0 1 9.12981
0 0 0 0 1 9.07335
0 0 0 0 1 9.09872
0 0 0 0 1 9.07881
0 0 0 0 0 9.01976
0 0 0 0 1 9.03612
0 0 0 0 0 8.91487
0 0 0 0 1 8.9761
0 0 0 0 1 8.93911
0 0 0 0 1 8.79598
0 0 0 0 1 8.90125
0 0 0 0 1 8.76459
0 0 0 0 1 8.77274
0 0 0 0 1 8.83345
0 0 0 0 1 8.72976
0 0 0 0 1 8.72933
0 0 0 0 1 8.61244
0 0 0 0 1 8.71653
0 0 0 0 1 8.62633
0 0 0 0 0 8.6609
0 0 0 0 1 8.62304
0 0 0 0 1 8.60605
0 0 0 0 0 8.49157
0 0 0 0 1 8.61174
0 0 0 0 1 8.42984
0 0 0 0 1 8.56315
0 0 0 0 0 8.43315
0 0 0 0 1 8.47293
0 0 0 0 1 8.47883
0 0 0 0 1 8.32851
0 0 0 0 0 8.47753
0 0 0 0 1 8.45845
0 0 0 0 1 8.43952
0 0 0 0 1 8.39573
0 0 0 0 1 8.28939
0 0 0 0 1 8.32097
0 0 0 0 1 8.30282
0 0 0 0 0 8.3141
0 0 0 0 1 8.25492
0 0 0 0 1 8.21255
0 0 0 0 1 8.14579
0 0 0 0 1 8.21051
0 0 0 0 1 8.22599
0 0 0 0 1 8.23332
0 0 0 0 1 8.15929
0 0 0 0 1 8.16692
0 0 0 0 0 8.11784
0 0 0 0 0 8.14999
0 0 0 0 1 8.10134
0 0 0 0 1 8.07717
0 0 0 0 1 7.99277
0 0 0 0 1 8.04941
0 0 0 0 1 8.0899
0 0 0 0 0 8.05033
0 0 0 0 1 7.94712
0 0 0 0 1 7.93584
0 0 0 0 1 7.913
0 0 0 0 1 8.02543
0 0 0 0 0 7.94722
0 0 0 0 0 7.87734
0 0 0 0 0 7.84296
0 0 0 0 0 7.84473
0 0 0 0 0 7.82299
0 0 0 0 1 7.89139
0 0 0 0 1 7.79468
0 0 0 0 1 7.81267
0 0 0 0 1 7.88554
0 0 0 0 1 7.75504
0 0 0 0 0 7.83908
0 0 0 0 0 7.85739
0 0 0 0 1 7.86022
0 0 0 0 1 7.76527
0 0 0 0 1 7.74521
0 0 0 0 1 7.68186
