0 0 0 0 1 5.50851
0 0 0 0 1 5.562
0 0 0 0 1 5.51561
0 0 0 0 1 5.56638
0 0 0 0 1 5.55912
0 0 0 0 1 5.56872
0 0 0 0 1 5.58314
0 0 0 0 0 5.59295
0 0 0 0 0 5.60518
0 0 0 0 1 5.56465
0 0 0 0 0 5.59729
0 0 0 0 1 5.6245
0 0 0 0 0 5.63711
0 0 0 0 1 5.71558
0 0 0 0 1 5.66405
0 0 0 0 0 5.68262
0 0 0 0 0 5.69928
0 0 0 0 0 5.6705
0 0 0 0 1 5.70451
0 0 0 0 1 5.77113
0 0 0 0 1 5.6796
0 0 0 0 1 5.7312
0 0 0 0 1 5.77161
0 0 0 0 1 5.73738
0 0 0 0 0 5.7453
0 0 0 0 1 5.75728
0 0 0 0 1 5.74042
0 0 0 0 1 5.74679
0 0 0 0 1 5.7649
0 0 0 0 1 5.78899
0 0 0 0 1 5.89506
0 0 0 0 1 5.86269
0 0 0 0 1 5.88886
0 0 0 0 1 5.82555
0 0 0 0 1 5.85619
0 0 0 0 0 5.91063
0 0 0 0 1 5.95946
0 0 0 0 1 5.91377
0 0 0 0 1 5.95702
0 0 0 0 1 5.95885
0 0 0 0 0 5.91302
0 0 0 0 1 6.04046
0 0 0 0 1 6.03793
0 0 0 0 1 5.96812
0 0 0 0 1 5.9582
0 0 0 0 1 6.06895
0 0 0 0 1 6.05813
0 0 0 0 1 6.01818
0 0 0 0 1 6.05105
0 0 0 0 1 6.04144
0 0 0 0 1 6.13572
0 0 0 0 1 6.07122
0 0 0 0 1 6.15892
0 0 0 0 0 6.11374
0 0 0 0 1 6.22779
0 0 0 0 1 6.19393
0 0 0 0 1 6.25919
0 0 0 0 1 6.2368
0 0 0 0 1 6.29637
0 0 0 0 1 6.26869
0 0 0 0 1 6.31528
0 0 0 0 1 6.319
0 0 0 0 0 6.2912
0 0 0 0 1 6.33286
0 0 0 0 1 6.37475
0 0 0 0 0 6.30154
0 0 0 0 1 6.33725
0 0 0 0 0 6.44282
0 0 0 0 0 6.48556
0 0 0 0 0 6.39255
0 0 0 0 0 6.48713
0 0 0 0 1 6.43246
0 0 0 0 1 6.45622
0 0 0 0 1 6.50618
0 0 0 0 1 6.57602
0 0 0 0 1 6.50133
0 0 0 0 1 6.52485
0 0 0 0 1 6.57561
0 0 0 0 0 6.67241
0 0 0 0 0 6.59034
0 0 0 0 0 6.74125
0 0 0 0 1 6.6326
0 0 0 0 1 6.71797
0 0 0 0 1 6.6888
0 0 0 0 1 6.80811
0 0 0 0 1 6.82648
0 0 0 0 1 6.85856
0 0 0 0 1 6.89084
0 0 0 0 1 6.93018
0 0 0 0 1 6.90777
0 0 0 0 0 6.85057
0 0 0 0 1 6.91134
0 0 0 0 1 6.95109
0 0 0 0 1 6.99109
0 0 0 0 1 7.08039
0 0 0 0 1 7.02252
0 0 0 0 1 7.02018
0 0 0 0 1 7.12465
0 0 0 0 1 7.07313
0 0 0 0 1 7.09979
0 0 0 0 1 7.19834
0 0 0 0 0 7.26153
0 0 0 0 0 7.26689
0 0 0 0 1 7.30162
0 0 0 0 1 7.33616
0 0 0 0 0 7.26866
0 0 0 0 1 7.33252
0 0 0 0 1 7.41239
0 0 0 0 1 7.42524
0 0 0 0 0 7.47532
0 0 0 0 1 7.54104
0 0 0 0 1 7.59179
0 0 0 0 1 7.50692
0 0 0 0 0 7.63353
0 0 0 0 1 7.67766
0 0 0 0 1 7.59156
0 0 0 0 1 7.71205
0 0 0 0 0 7.79488
0 0 0 0 1 7.80067
0 0 0 0 1 7.72054
0 0 0 0 1 7.89059
0 0 0 0 1 7.85703
0 0 0 0 0 7.98058
0 0 0 0 1 7.99431
0 0 0 0 1 7.96753
0 0 0 0 1 8.10934
0 0 0 0 1 8.08287
0 0 0 0 1 8.06403
0 0 0 0 1 8.12565
0 0 0 0 0 8.27008
0 0 0 0 0 8.29173
0 0 0 0 0 8.32984
0 0 0 0 1 8.29373
0 0 0 0 1 8.39017
0 0 0 0 1 8.44529
0 0 0 0 1 8.54296
0 0 0 0 1 8.42022
0 0 0 0 1 8.50102
0 0 0 0 1 8.55732
0 0 0 0 1 8.58721
0 0 0 0 1 8.6771
0 0 0 0 1 8.77715
0 0 0 0 1 8.78042
0 0 0 0 0 8.82918
0 0 0 0 0 8.82304
0 0 0 0 1 9.02216
0 0 0 0 1 9.04315
0 0 0 0 1 8.99136
0 0 0 0 1 9.19467
0 0 0 0 1 9.19725
0 0 0 0 1 9.20856
0 0 0 0 0 9.37729
0 0 0 0 1 9.30582
0 0 0 0 0 9.48444
0 0 0 0 0 9.40104
0 0 0 0 1 9.58135
0 0 0 0 1 9.61002
0 0 0 0 1 9.6107
0 0 0 0 1 9.61914
0 0 0 0 1 9.69545
0 0 0 0 0 9.91
0 0 0 0 1 9.85056
0 0 0 0 1 10.0362
0 0 0 0 1 10.1145
0 0 0 0 0 10.1004
0 0 0 0 1 10.2297
0 0 0 0 1 10.2351
0 0 0 0 1 10.4363
0 0 0 0 1 10.5265
0 0 0 0 0 10.5525
0 0 0 0 1 10.5989
0 0 0 0 1 10.5899
0 0 0 0 0 10.732
0 0 0 0 1 10.8732
0 0 0 0 1 9.38034
0 0 0 0 1 9.37458
0 0 0 0 1 9.18851
0 0 0 0 1 9.31277
0 0 0 0 1 9.13703
0 0 0 0 1 9.25181
0 0 0 0 1 9.11384
0 0 0 0 0 9.06354
0 0 0 0 1 9.04549
0 0 0 0 1 9.04134
0 0 0 0 1 9.13271
0 0 0 0 1 9.0832
0 0 0 0 1 9.00218
0 0 0 0 0 9.12944
0 0 0 0 1 9.09858
0 0 0 0 1 8.99129
0 0 0 0 0 9.03294
0 0 0 0 1 8.93537
0 0 0 0 0 9.00822
0 0 0 0 1 8.9648
0 0 0 0 1 8.89974
0 0 0 0 1 8.87468
0 0 0 0 1 8.81431
0 0 0 0 1 8.87829
0 0 0 0 1 8.86253
0 0 0 0 1 8.90483
0 0 0 0 1 8.74835
0 0 0 0 1 8.71565
0 0 0 0 1 8.80607
0 0 0 0 0 8.6947
0 0 0 0 1 8.66257
0 0 0 0 1 8.67946
0 0 0 0 1 8.67387
0 0 0 0 1 8.77284
0 0 0 0 0 8.68045
0 0 0 0 1 8.70125
0 0 0 0 1 8.67014
0 0 0 0 0 8.63924
0 0 0 0 1 8.57402
0 0 0 0 1 8.67293
0 0 0 0 0 8.68559
0 0 0 0 1 8.51783
0 0 0 0 1 8.63392
0 0 0 0 1 8.50984
0 0 0 0 1 8.53173
0 0 0 0 1 8.4597
0 0 0 0 0 8.60436
0 0 0 0 1 8.58378
0 0 0 0 1 8.60985
0 0 0 0 0 8.68254
0 0 0 0 1 8.80685
0 0 0 0 1 9.01255
0 0 0 0 1 9.02962
0 0 0 0 1 9.24678
0 0 0 0 1 9.41013
0 0 0 0 1 9.56486
0 0 0 0 0 9.58423
0 0 0 0 1 9.82564
0 0 0 0 1 10.0198
0 0 0 0 0 10.0823
0 0 0 0 1 10.4208
0 0 0 0 1 10.6584
0 0 0 0 1 10.8449
0 0 0 0 0 11.0184
0 0 0 0 1 11.1909
0 0 0 0 1 11.4516
0 0 0 0 1 11.5041
0 0 0 0 0 11.725
0 0 0 0 1 12.0181
0 0 0 0 1 12.3333
0 0 0 0 0 12.4725
0 0 0 0 1 12.8604
0 0 0 0 0 22.5464
0 0 0 0 1 22.5731
0 0 0 0 1 22.5302
0 0 0 0 0 22.8978
0 0 0 0 0 22.7668
0 0 0 0 1 22.7495
0 0 0 0 1 22.7101
0 0 0 0 1 22.4678
0 0 0 0 1 22.5424
0 0 0 0 1 22.4818
0 0 0 0 0 22.7602
0 0 0 0 1 22.6102
0 0 0 0 0 22.7327
0 0 0 0 0 22.4711
0 0 0 0 1 22.7279
0 0 0 0 1 22.6475
0 0 0 0 1 22.3877
0 0 0 0 1 22.5331
0 0 0 0 1 23.2692
0 0 0 0 1 24.0273
0 0 0 0 1 25.2185
0 0 0 0 1 26.2647
0 0 0 0 1 36.7454
0 0 0 0 1 36.257
0 0 0 0 1 36.352
0 0 0 0 1 36.2656
0 0 0 0 1 36.0286
0 0 0 0 1 38.3722
0 0 0 0 1 52.4832
0 0 0 0 1 51.895
0 0 0 0 1 52.2974
0 0 0 0 1 51.7636
0 0 0 0 1 52.5313
0 0 0 0 1 55.9905
0 0 0 0 1 65.3316
0 0 0 0 1 69.2459
0 0 0 0 1 82.5463
0 0 0 0 0 4.96491
0 0 0 0 0 5.00499
0 0 0 0 0 4.97493
0 0 0 0 0 4.98996
0 0 0 0 0 5.02503
0 0 0 0 0 4.9599
0 0 0 0 0 5.04507
0 0 0 0 0 5.03004
0 0 0 0 0 4.96992
0 0 0 0 0 4.96491
0 0 0 0 0 5.00499
0 0 0 0 0 5.0601
0 0 0 0 0 87.0653
0 0 0 0 1 87.7751
0 0 0 0 1 75.8964
0 0 0 0 0 63.9666
0 0 0 0 0 60.0422
0 0 0 0 1 60.8403
0 0 0 0 1 60.6706
0 0 0 0 1 51.5192
0 0 0 0 0 47.9392
0 0 0 0 1 48.3355
0 0 0 0 1 38.96
0 0 0 0 1 37.1144
0 0 0 0 1 35.4182
0 0 0 0 1 35.466
0 0 0 0 1 35.9777
0 0 0 0 1 36.0271
0 0 0 0 1 28.0498
0 0 0 0 1 26.5891
0 0 0 0 1 25.434
0 0 0 0 1 24.8607
0 0 0 0 1 24.5031
0 0 0 0 1 24.8602
0 0 0 0 1 24.6993
0 0 0 0 1 24.6878
0 0 0 0 1 24.5534
0 0 0 0 1 24.6168
0 0 0 0 1 24.9031
0 0 0 0 1 24.498
0 0 0 0 1 24.8088
0 0 0 0 1 18.1635
0 0 0 0 1 17.7211
0 0 0 0 0 17.2261
0 0 0 0 1 16.7946
0 0 0 0 1 16.4076
0 0 0 0 0 15.8954
0 0 0 0 0 15.5938
0 0 0 0 0 14.97
0 0 0 0 1 14.6244
0 0 0 0 0 14.4375
0 0 0 0 1 14.0426
0 0 0 0 1 13.9564
0 0 0 0 1 13.8849
0 0 0 0 0 13.8414
0 0 0 0 0 13.8954
0 0 0 0 1 13.8243
0 0 0 0 1 13.9229
0 0 0 0 1 13.9918
0 0 0 0 1 13.9493
0 0 0 0 1 13.851
0 0 0 0 1 14.0211
0 0 0 0 1 13.895
0 0 0 0 1 13.9513
0 0 0 0 0 13.9799
0 0 0 0 1 14.1238
0 0 0 0 1 13.9559
0 0 0 0 1 14.1262
0 0 0 0 0 14.2151
0 0 0 0 1 14.1039
0 0 0 0 1 14.2473
0 0 0 0 1 14.2524
0 0 0 0 1 14.1556
0 0 0 0 1 14.2605
0 0 0 0 1 14.3346
0 0 0 0 1 14.3551
0 0 0 0 1 14.3728
0 0 0 0 1 14.1654
0 0 0 0 0 14.2835
0 0 0 0 1 14.3479
0 0 0 0 0 14.1945
0 0 0 0 0 8.83475
0 0 0 0 1 8.65993
0 0 0 0 0 8.68464
0 0 0 0 1 8.45225
0 0 0 0 1 8.46647
0 0 0 0 1 8.20447
0 0 0 0 1 8.13594
0 0 0 0 1 8.04146
0 0 0 0 0 8.02824
0 0 0 0 1 7.95008
0 0 0 0 1 7.82639
0 0 0 0 1 7.70983
0 0 0 0 1 7.61091
0 0 0 0 1 7.49734
0 0 0 0 1 7.41449
0 0 0 0 0 7.44457
0 0 0 0 1 7.27304
0 0 0 0 1 7.30104
0 0 0 0 1 7.22673
0 0 0 0 0 7.03904
0 0 0 0 1 7.0645
0 0 0 0 0 6.8956
0 0 0 0 1 6.93326
0 0 0 0 1 6.87574
0 0 0 0 0 6.72362
0 0 0 0 1 6.70715
0 0 0 0 1 6.61698
0 0 0 0 0 6.58656
0 0 0 0 1 6.51011
0 0 0 0 0 6.43016
0 0 0 0 1 6.32904
0 0 0 0 1 6.31365
0 0 0 0 1 6.22865
0 0 0 0 1 6.27504
0 0 0 0 0 6.14085
0 0 0 0 1 6.17337
0 0 0 0 0 6.00436
0 0 0 0 1 6.06285
0 0 0 0 1 5.98556
0 0 0 0 1 5.95316
0 0 0 0 1 5.8179
0 0 0 0 0 5.79188
0 0 0 0 1 5.78883
0 0 0 0 1 5.76804
0 0 0 0 0 5.73823
0 0 0 0 1 5.68873
0 0 0 0 0 5.58342
0 0 0 0 1 5.53779
0 0 0 0 0 5.5556
0 0 0 0 0 5.49038
0 0 0 0 1 5.49087
0 0 0 0 1 5.39686
0 0 0 0 1 5.35735
0 0 0 0 1 5.27757
0 0 0 0 1 5.2386
0 0 0 0 1 5.22291
0 0 0 0 1 5.20493
0 0 0 0 0 5.16611
0 0 0 0 0 5.16349
0 0 0 0 1 5.09407
0 0 0 0 1 5.02711
0 0 0 0 1 5.0193
0 0 0 0 1 5.0346
0 0 0 0 1 5.01628
0 0 0 0 1 4.99291
0 0 0 0 1 4.95477
0 0 0 0 1 4.86797
0 0 0 0 0 4.8435
0 0 0 0 0 4.81097
0 0 0 0 1 4.77648
0 0 0 0 1 4.77843
0 0 0 0 0 4.80075
0 0 0 0 1 4.87184
0 0 0 0 0 4.8984
0 0 0 0 1 4.92136
0 0 0 0 1 4.90027
0 0 0 0 1 4.95787
0 0 0 0 1 4.97508
0 0 0 0 1 4.96881
0 0 0 0 1 4.93758
0 0 0 0 1 5.01475
0 0 0 0 1 5.03854
0 0 0 0 1 5.01221
0 0 0 0 1 5.01088
0 0 0 0 1 5.09055
0 0 0 0 1 5.13011
0 0 0 0 0 5.07806
0 0 0 0 0 5.11266
0 0 0 0 1 5.16153
0 0 0 0 1 5.18629
0 0 0 0 1 5.18531
0 0 0 0 0 5.24661
0 0 0 0 1 5.23532
0 0 0 0 1 5.19772
0 0 0 0 1 5.21757
0 0 0 0 1 5.25334
0 0 0 0 1 5.31727
0 0 0 0 1 5.31103
0 0 0 0 1 5.33673
0 0 0 0 0 5.38401
0 0 0 0 1 5.34007
0 0 0 0 1 5.44317
0 0 0 0 1 5.40976
0 0 0 0 1 5.41418
0 0 0 0 1 5.42404
0 0 0 0 1 5.52887
0 0 0 0 1 5.46728
0 0 0 0 1 5.56193
0 0 0 0 0 5.59445
0 0 0 0 0 5.55033
0 0 0 0 0 5.58852
0 0 0 0 1 5.70757
0 0 0 0 1 5.66709
0 0 0 0 1 5.65049
0 0 0 0 0 5.73513
0 0 0 0 1 5.78747
0 0 0 0 1 5.78814
0 0 0 0 0 5.80608
0 0 0 0 1 5.88663
0 0 0 0 1 5.86974
0 0 0 0 1 5.86427
0 0 0 0 0 5.92966
0 0 0 0 0 6.01338
0 0 0 0 1 5.92422
0 0 0 0 1 6.03244
0 0 0 0 1 6.03276
0 0 0 0 1 6.11186
0 0 0 0 1 6.1244
0 0 0 0 1 6.11231
0 0 0 0 1 6.1693
0 0 0 0 1 9.43337
0 0 0 0 0 9.44341
0 0 0 0 1 9.40284
0 0 0 0 1 9.45668
0 0 0 0 1 9.46636
0 0 0 0 1 9.27639
0 0 0 0 1 9.26473
0 0 0 0 0 9.24985
0 0 0 0 1 9.31561
0 0 0 0 1 9.19309
0 0 0 0 1 9.13573
0 0 0 0 0 9.17961
0 0 0 0 1 9.20491
0 0 0 0 0 9.03869
0 0 0 0 1 9.14601
0 0 0 0 1 9.02629
0 0 0 0 1 9.08783
0 0 0 0 0 9.06477
0 0 0 0 0 8.95536
0 0 0 0 1 9.03123
0 0 0 0 1 8.95825
0 0 0 0 1 8.80569
0 0 0 0 0 8.80484
0 0 0 0 0 8.88357
0 0 0 0 1 8.87922
0 0 0 0 0 8.83427
0 0 0 0 1 8.77211
0 0 0 0 1 8.756
0 0 0 0 1 8.71189
0 0 0 0 1 8.61244
0 0 0 0 0 8.63847
0 0 0 0 1 8.71285
0 0 0 0 1 8.6954
0 0 0 0 1 8.59722
0 0 0 0 0 8.49451
0 0 0 0 1 8.52581
0 0 0 0 1 8.50079
0 0 0 0 1 8.50647
0 0 0 0 1 8.45271
0 0 0 0 1 8.46705
0 0 0 0 1 8.54058
0 0 0 0 1 8.47039
0 0 0 0 1 8.43788
0 0 0 0 0 8.40199
0 0 0 0 1 8.36633
0 0 0 0 1 8.41445
0 0 0 0 1 8.31236
0 0 0 0 0 8.26445
0 0 0 0 1 8.2629
0 0 0 0 1 8.20348
0 0 0 0 0 8.33889
0 0 0 0 0 8.1807
0 0 0 0 1 8.1714
0 0 0 0 1 8.22791
0 0 0 0 1 8.27607
0 0 0 0 1 8.23416
0 0 0 0 0 8.16804
0 0 0 0 1 8.13486
0 0 0 0 1 8.05315
0 0 0 0 1 8.06107
0 0 0 0 1 8.05287
0 0 0 0 0 8.03672
0 0 0 0 0 8.00462
0 0 0 0 1 8.08936
0 0 0 0 1 8.07351
0 0 0 0 1 8.09792
0 0 0 0 0 8.01031
0 0 0 0 1 8.02699
0 0 0 0 1 7.92787
0 0 0 0 1 8.04037
0 0 0 0 1 7.89035
0 0 0 0 1 7.86791
0 0 0 0 0 7.86942
0 0 0 0 1 7.94574
0 0 0 0 1 7.92365
0 0 0 0 1 7.80723
0 0 0 0 1 7.81271
0 0 0 0 1 7.93612
0 0 0 0 1 7.79698
0 0 0 0 1 7.90903
0 0 0 0 1 7.84104
0 0 0 0 1 7.87031
0 0 0 0 1 7.72488
0 0 0 0 1 7.72014
0 0 0 0 1 7.76527
0 0 0 0 0 7.70641
0 0 0 0 1 7.72837
