0 0 0 0 1 5.49742
0 0 0 0 1 5.52311
0 0 0 0 1 5.51004
0 0 0 0 1 5.62767
0 0 0 0 1 5.61493
0 0 0 0 1 5.64699
0 0 0 0 1 5.58314
0 0 0 0 1 5.55933
0 0 0 0 1 5.58835
0 0 0 0 1 5.60962
0 0 0 0 0 5.58603
0 0 0 0 1 5.69784
0 0 0 0 1 5.60887
0 0 0 0 1 5.67031
0 0 0 0 1 5.65271
0 0 0 0 1 5.72804
0 0 0 0 0 5.71065
0 0 0 0 1 5.6534
0 0 0 0 0 5.75019
0 0 0 0 1 5.76542
0 0 0 0 1 5.69105
0 0 0 0 1 5.75989
0 0 0 0 1 5.71987
0 0 0 0 1 5.78347
0 0 0 0 1 5.80875
0 0 0 0 1 5.75728
0 0 0 0 1 5.8331
0 0 0 0 0 5.78743
0 0 0 0 1 5.77072
0 0 0 0 1 5.88227
0 0 0 0 1 5.78405
0 0 0 0 1 5.89195
0 0 0 0 1 5.80097
0 0 0 0 1 5.90189
0 0 0 0 0 5.90327
0 0 0 0 1 5.94602
0 0 0 0 1 5.91808
0 0 0 0 1 5.93747
0 0 0 0 1 5.95108
0 0 0 0 0 5.97671
0 0 0 0 0 6.02638
0 0 0 0 0 5.98663
0 0 0 0 1 5.96006
0 0 0 0 1 5.9501
0 0 0 0 1 6.0545
0 0 0 0 0 5.97242
0 0 0 0 0 6.04603
0 0 0 0 1 6.04851
0 0 0 0 1 6.08754
0 0 0 0 0 6.05973
0 0 0 0 1 6.07461
0 0 0 0 1 6.10185
0 0 0 0 1 6.08516
0 0 0 0 1 6.13836
0 0 0 0 1 6.23396
0 0 0 0 1 6.13206
0 0 0 0 1 6.14133
0 0 0 0 1 6.19323
0 0 0 0 0 6.25893
0 0 0 0 1 6.21864
0 0 0 0 0 6.25251
0 0 0 0 0 6.34417
0 0 0 0 1 6.27858
0 0 0 0 1 6.35184
0 0 0 0 1 6.33035
0 0 0 0 1 6.35883
0 0 0 0 1 6.37555
0 0 0 0 1 6.38518
0 0 0 0 1 6.3764
0 0 0 0 1 6.46988
0 0 0 0 1 6.44836
0 0 0 0 1 6.54918
0 0 0 0 1 6.54074
0 0 0 0 1 6.57137
0 0 0 0 1 6.52372
0 0 0 0 1 6.59318
0 0 0 0 1 6.59069
0 0 0 0 1 6.63502
0 0 0 0 1 6.6459
0 0 0 0 1 6.59034
0 0 0 0 1 6.62778
0 0 0 0 1 6.71292
0 0 0 0 1 6.72468
0 0 0 0 1 6.72248
0 0 0 0 1 6.75402
0 0 0 0 1 6.75184
0 0 0 0 0 6.76321
0 0 0 0 0 6.80197
0 0 0 0 1 6.89587
0 0 0 0 1 6.94909
0 0 0 0 1 6.94044
0 0 0 0 1 6.95293
0 0 0 0 1 6.90239
0 0 0 0 1 6.96315
0 0 0 0 0 6.96822
0 0 0 0 1 6.99438
0 0 0 0 0 7.04846
0 0 0 0 0 7.04659
0 0 0 0 1 7.0945
0 0 0 0 0 7.09264
0 0 0 0 1 7.19834
0 0 0 0 1 7.18229
0 0 0 0 1 7.30308
0 0 0 0 1 7.32342
0 0 0 0 1 7.35805
0 0 0 0 1 7.26133
0 0 0 0 1 7.36933
0 0 0 0 0 7.41239
0 0 0 0 0 7.42524
0 0 0 0 1 7.40079
0 0 0 0 0 7.40638
0 0 0 0 1 7.57676
0 0 0 0 0 7.55978
0 0 0 0 1 7.61835
0 0 0 0 1 7.54056
0 0 0 0 1 7.59156
0 0 0 0 1 7.71974
0 0 0 0 0 7.67127
0 0 0 0 1 7.7541
0 0 0 0 0 7.79073
0 0 0 0 1 7.85145
0 0 0 0 1 7.8413
0 0 0 0 1 7.86985
0 0 0 0 1 8.00226
0 0 0 0 1 7.97552
0 0 0 0 1 8.07723
0 0 0 0 1 8.13127
0 0 0 0 1 8.18559
0 0 0 0 1 8.20715
0 0 0 0 1 8.24552
0 0 0 0 1 8.17645
0 0 0 0 0 8.21392
0 0 0 0 1 8.3686
0 0 0 0 1 8.38181
0 0 0 0 1 8.32752
0 0 0 0 1 8.48375
0 0 0 0 0 8.45424
0 0 0 0 0 8.60365
0 0 0 0 1 8.60887
0 0 0 0 1 8.70815
0 0 0 0 0 8.62493
0 0 0 0 0 8.76841
0 0 0 0 0 8.88599
0 0 0 0 1 8.75847
0 0 0 0 1 8.95645
0 0 0 0 0 8.96846
0 0 0 0 0 8.9801
0 0 0 0 1 9.10012
0 0 0 0 1 9.08532
0 0 0 0 1 9.20642
0 0 0 0 1 9.1901
0 0 0 0 0 9.21017
0 0 0 0 1 9.42716
0 0 0 0 1 9.45624
0 0 0 0 1 9.36321
0 0 0 0 1 9.55278
0 0 0 0 1 9.6292
0 0 0 0 1 9.6686
0 0 0 0 1 9.75517
0 0 0 0 0 9.69545
0 0 0 0 1 9.88045
0 0 0 0 1 9.85056
0 0 0 0 0 9.92632
0 0 0 0 1 10.1246
0 0 0 0 0 10.07
0 0 0 0 1 10.1175
0 0 0 0 1 10.1734
0 0 0 0 1 10.4259
0 0 0 0 1 10.391
0 0 0 0 1 10.4685
0 0 0 0 1 10.6095
0 0 0 0 1 10.6218
0 0 0 0 1 10.8394
0 0 0 0 1 10.9274
0 0 0 0 1 9.29659
0 0 0 0 1 9.30961
0 0 0 0 1 9.34598
0 0 0 0 1 9.33125
0 0 0 0 1 9.31221
0 0 0 0 1 9.22422
0 0 0 0 1 9.15055
0 0 0 0 1 9.18256
0 0 0 0 1 9.14599
0 0 0 0 1 9.17805
0 0 0 0 0 9.00537
0 0 0 0 1 9.0106
0 0 0 0 1 9.04746
0 0 0 0 1 9.06617
0 0 0 0 1 8.93627
0 0 0 0 1 9.04529
0 0 0 0 1 9.05988
0 0 0 0 0 9.025
0 0 0 0 1 9.03505
0 0 0 0 0 8.99159
0 0 0 0 0 8.87301
0 0 0 0 1 8.96361
0 0 0 0 1 8.92082
0 0 0 0 0 8.79854
0 0 0 0 1 8.82715
0 0 0 0 1 8.73715
0 0 0 0 1 8.76597
0 0 0 0 1 8.786
0 0 0 0 1 8.73583
0 0 0 0 0 8.73853
0 0 0 0 1 8.82007
0 0 0 0 1 8.67073
0 0 0 0 0 8.64771
0 0 0 0 1 8.63359
0 0 0 0 0 8.77603
0 0 0 0 0 8.64053
0 0 0 0 1 8.67014
0 0 0 0 1 8.72572
0 0 0 0 1 8.6431
0 0 0 0 1 8.66431
0 0 0 0 1 8.52203
0 0 0 0 0 8.5694
0 0 0 0 1 8.54809
0 0 0 0 1 8.60411
0 0 0 0 0 8.52318
0 0 0 0 0 8.59642
0 0 0 0 1 8.57021
0 0 0 0 1 8.47297
0 0 0 0 1 8.49837
0 0 0 0 0 8.63034
0 0 0 0 1 8.86862
0 0 0 0 0 8.90505
0 0 0 0 1 9.10237
0 0 0 0 1 9.21907
0 0 0 0 1 9.45704
0 0 0 0 1 9.49811
0 0 0 0 0 9.73913
0 0 0 0 1 9.75672
0 0 0 0 1 10.0799
0 0 0 0 1 10.1638
0 0 0 0 1 10.3691
0 0 0 0 1 10.4579
0 0 0 0 1 10.7053
0 0 0 0 1 10.9746
0 0 0 0 1 11.1909
0 0 0 0 1 11.2471
0 0 0 0 1 11.701
0 0 0 0 0 11.9023
0 0 0 0 1 12.1024
0 0 0 0 1 12.1979
0 0 0 0 1 12.6611
0 0 0 0 1 12.9632
0 0 0 0 0 22.8646
0 0 0 0 0 22.8229
0 0 0 0 1 22.5302
0 0 0 0 0 22.467
0 0 0 0 1 22.7894
0 0 0 0 1 22.659
0 0 0 0 1 22.3935
0 0 0 0 1 22.5582
0 0 0 0 0 22.7231
0 0 0 0 1 22.7076
0 0 0 0 1 22.3541
0 0 0 0 1 22.3848
0 0 0 0 0 22.7552
0 0 0 0 1 22.6963
0 0 0 0 1 22.4129
0 0 0 0 1 22.3776
0 0 0 0 0 22.635
0 0 0 0 1 22.2859
0 0 0 0 1 23.0372
0 0 0 0 1 24.365
0 0 0 0 1 25.1934
0 0 0 0 1 26.4744
0 0 0 0 1 36.2355
0 0 0 0 1 36.439
0 0 0 0 0 36.352
0 0 0 0 1 36.2293
0 0 0 0 0 36.1742
0 0 0 0 1 38.6034
0 0 0 0 1 52.0146
0 0 0 0 0 52.4676
0 0 0 0 0 52.1934
0 0 0 0 0 51.8156
0 0 0 0 1 52.1672
0 0 0 0 1 56.8362
0 0 0 0 0 65.0043
0 0 0 0 1 70.1516
0 0 0 0 1 82.6281
0 0 0 0 0 5.05509
0 0 0 0 0 5.04507
0 0 0 0 0 4.99998
0 0 0 0 0 4.97994
0 0 0 0 0 4.98495
0 0 0 0 0 4.96992
0 0 0 0 0 4.98495
0 0 0 0 0 4.99998
0 0 0 0 0 5.05008
0 0 0 0 0 4.99998
0 0 0 0 0 5.02503
0 0 0 0 0 5.02503
0 0 0 0 1 87.9412
0 0 0 0 1 87.0743
0 0 0 0 1 75.4455
0 0 0 0 1 64.2858
0 0 0 0 0 60.8291
0 0 0 0 1 60.356
0 0 0 0 1 61.0944
0 0 0 0 1 51.4676
0 0 0 0 1 47.8432
0 0 0 0 1 47.6155
0 0 0 0 1 38.9207
0 0 0 0 1 37.188
0 0 0 0 1 35.4895
0 0 0 0 1 35.3589
0 0 0 0 1 35.3352
0 0 0 0 1 35.9199
0 0 0 0 1 28.1621
0 0 0 0 1 26.5355
0 0 0 0 1 25.7673
0 0 0 0 1 24.5407
0 0 0 0 1 24.7001
0 0 0 0 1 24.5646
0 0 0 0 1 24.6007
0 0 0 0 1 24.9098
0 0 0 0 1 24.6521
0 0 0 0 1 24.9131
0 0 0 0 1 24.7302
0 0 0 0 1 24.8441
0 0 0 0 1 24.9325
0 0 0 0 1 18.3455
0 0 0 0 1 17.615
0 0 0 0 0 17.0886
0 0 0 0 1 16.7779
0 0 0 0 1 16.1958
0 0 0 0 1 15.8319
0 0 0 0 1 15.439
0 0 0 0 0 15.1817
0 0 0 0 0 14.772
0 0 0 0 1 14.3942
0 0 0 0 1 14.24
0 0 0 0 1 13.8037
0 0 0 0 1 14.01
0 0 0 0 1 13.9805
0 0 0 0 1 13.9093
0 0 0 0 1 14.0473
0 0 0 0 1 13.9927
0 0 0 0 0 14.0477
0 0 0 0 1 14.0332
0 0 0 0 1 13.9489
0 0 0 0 1 14.0771
0 0 0 0 1 13.923
0 0 0 0 1 14.1619
0 0 0 0 1 13.9378
0 0 0 0 0 14.0394
0 0 0 0 1 14.0545
0 0 0 0 0 13.9711
0 0 0 0 1 14.1586
0 0 0 0 1 14.0897
0 0 0 0 0 14.0209
0 0 0 0 1 14.2099
0 0 0 0 1 14.2975
0 0 0 0 0 14.0901
0 0 0 0 1 14.3346
0 0 0 0 1 14.113
0 0 0 0 1 14.4014
0 0 0 0 1 14.2083
0 0 0 0 1 14.2263
0 0 0 0 1 14.262
0 0 0 0 0 14.2519
0 0 0 0 1 8.80827
0 0 0 0 1 8.63379
0 0 0 0 0 8.65025
0 0 0 0 1 8.46924
0 0 0 0 1 8.30704
0 0 0 0 1 8.25419
0 0 0 0 0 8.11955
0 0 0 0 0 8.06573
0 0 0 0 1 8.06822
0 0 0 0 1 7.87896
0 0 0 0 1 7.88893
0 0 0 0 1 7.73301
0 0 0 0 1 7.58034
0 0 0 0 1 7.62582
0 0 0 0 1 7.43691
0 0 0 0 1 7.42237
0 0 0 0 1 7.24377
0 0 0 0 1 7.22861
0 0 0 0 1 7.14787
0 0 0 0 1 7.06032
0 0 0 0 0 7.07854
0 0 0 0 1 6.9791
0 0 0 0 1 6.85752
0 0 0 0 1 6.80753
0 0 0 0 0 6.75065
0 0 0 0 1 6.6469
0 0 0 0 0 6.69654
0 0 0 0 1 6.54059
0 0 0 0 1 6.52312
0 0 0 0 1 6.4753
0 0 0 0 1 6.32265
0 0 0 0 0 6.30731
0 0 0 0 0 6.31656
0 0 0 0 1 6.23146
0 0 0 0 1 6.19022
0 0 0 0 1 6.14277
0 0 0 0 1 6.11353
0 0 0 0 0 5.99662
0 0 0 0 0 5.91991
0 0 0 0 1 5.96501
0 0 0 0 0 5.91184
0 0 0 0 0 5.80936
0 0 0 0 0 5.78883
0 0 0 0 1 5.71639
0 0 0 0 1 5.65292
0 0 0 0 0 5.68309
0 0 0 0 1 5.57222
0 0 0 0 1 5.59901
0 0 0 0 1 5.55008
0 0 0 0 0 5.5123
0 0 0 0 1 5.49087
0 0 0 0 1 5.36985
0 0 0 0 1 5.31978
0 0 0 0 1 5.33615
0 0 0 0 1 5.25447
0 0 0 0 0 5.27015
0 0 0 0 1 5.24144
0 0 0 0 1 5.1713
0 0 0 0 1 5.11716
0 0 0 0 1 5.15544
0 0 0 0 1 5.03725
0 0 0 0 1 4.99914
0 0 0 0 0 4.99448
0 0 0 0 0 5.03122
0 0 0 0 1 4.91868
0 0 0 0 1 4.95968
0 0 0 0 1 4.92657
0 0 0 0 1 4.88237
0 0 0 0 1 4.81097
0 0 0 0 1 4.86315
0 0 0 0 1 4.84118
0 0 0 0 1 4.81044
0 0 0 0 1 4.83781
0 0 0 0 1 4.87891
0 0 0 0 1 4.93114
0 0 0 0 1 4.91991
0 0 0 0 1 4.93322
0 0 0 0 0 4.94544
0 0 0 0 1 4.92418
0 0 0 0 0 5.00726
0 0 0 0 1 4.99978
0 0 0 0 0 5.04856
0 0 0 0 1 5.03232
0 0 0 0 0 5.09667
0 0 0 0 1 5.10575
0 0 0 0 1 5.0691
0 0 0 0 1 5.14951
0 0 0 0 1 5.17414
0 0 0 0 1 5.13072
0 0 0 0 1 5.18113
0 0 0 0 1 5.15943
0 0 0 0 1 5.20505
0 0 0 0 1 5.25096
0 0 0 0 1 5.19772
0 0 0 0 1 5.20181
0 0 0 0 1 5.26389
0 0 0 0 1 5.29607
0 0 0 0 1 5.34828
0 0 0 0 1 5.39549
0 0 0 0 0 5.35183
0 0 0 0 1 5.34545
0 0 0 0 1 5.44858
0 0 0 0 1 5.44778
0 0 0 0 1 5.49051
0 0 0 0 1 5.41857
0 0 0 0 1 5.52337
0 0 0 0 1 5.56669
0 0 0 0 0 5.58413
0 0 0 0 1 5.57774
0 0 0 0 1 5.55593
0 0 0 0 0 5.61101
0 0 0 0 0 5.61716
0 0 0 0 1 5.71247
0 0 0 0 1 5.73602
0 0 0 0 1 5.68934
0 0 0 0 1 5.80473
0 0 0 0 1 5.74188
0 0 0 0 1 5.82352
0 0 0 0 1 5.83996
0 0 0 0 0 5.80523
0 0 0 0 1 5.94089
0 0 0 0 1 5.89411
0 0 0 0 1 5.98956
0 0 0 0 1 5.95414
0 0 0 0 1 6.03846
0 0 0 0 0 6.0388
0 0 0 0 1 6.03288
0 0 0 0 0 6.13661
0 0 0 0 1 6.13072
0 0 0 0 1 6.18165
0 0 0 0 1 9.5
0 0 0 0 0 9.42445
0 0 0 0 0 9.40284
0 0 0 0 1 9.33424
0 0 0 0 1 9.43822
0 0 0 0 1 9.43536
0 0 0 0 1 9.23676
0 0 0 0 1 9.24055
0 0 0 0 1 9.20449
0 0 0 0 1 9.29462
0 0 0 0 0 9.11733
0 0 0 0 0 9.19795
0 0 0 0 1 9.09522
0 0 0 0 1 9.02047
0 0 0 0 1 9.01885
0 0 0 0 1 9.03535
0 0 0 0 1 9.06978
0 0 0 0 1 8.91174
0 0 0 0 0 9.01817
0 0 0 0 1 8.99543
0 0 0 0 0 8.8601
0 0 0 0 1 8.86795
0 0 0 0 1 8.85804
0 0 0 0 1 8.92777
0 0 0 0 0 8.82631
0 0 0 0 1 8.79911
0 0 0 0 0 8.77211
0 0 0 0 1 8.82598
0 0 0 0 1 8.73805
0 0 0 0 1 8.77773
0 0 0 0 1 8.69918
0 0 0 0 1 8.71285
0 0 0 0 1 8.57463
0 0 0 0 1 8.65746
0 0 0 0 1 8.63179
0 0 0 0 1 8.59429
0 0 0 0 1 8.46665
0 0 0 0 1 8.42984
0 0 0 0 1 8.52067
0 0 0 0 1 8.54333
0 0 0 0 0 8.52366
0 0 0 0 0 8.47039
0 0 0 0 1 8.47994
0 0 0 0 1 8.37681
0 0 0 0 0 8.38308
0 0 0 0 1 8.28076
0 0 0 0 1 8.36238
0 0 0 0 1 8.28108
0 0 0 0 1 8.36245
0 0 0 0 1 8.23659
0 0 0 0 1 8.27277
0 0 0 0 1 8.20544
0 0 0 0 1 8.28661
0 0 0 0 0 8.12937
0 0 0 0 1 8.15316
0 0 0 0 1 8.16057
0 0 0 0 1 8.1354
0 0 0 0 1 8.22443
0 0 0 0 1 8.11003
0 0 0 0 1 8.06918
0 0 0 0 1 8.1338
0 0 0 0 1 8.1498
0 0 0 0 0 8.06911
0 0 0 0 1 8.10546
0 0 0 0 1 8.08154
0 0 0 0 0 7.94558
0 0 0 0 0 8.01031
0 0 0 0 1 7.90718
0 0 0 0 1 8.0156
0 0 0 0 1 8.04037
0 0 0 0 0 7.91419
0 0 0 0 1 7.88377
0 0 0 0 1 7.84567
0 0 0 0 0 7.92203
0 0 0 0 1 7.86052
0 0 0 0 1 7.87026
0 0 0 0 0 7.80485
0 0 0 0 1 7.92826
0 0 0 0 1 7.7656
0 0 0 0 1 7.87771
0 0 0 0 1 7.80195
0 0 0 0 1 7.87812
0 0 0 0 0 7.77165
0 0 0 0 1 7.85244
0 0 0 0 1 7.7575
0 0 0 0 1 7.72969
0 0 0 0 1 7.75938
