0 0 0 0 1 5.52515
0 0 0 0 0 5.50644
0 0 0 0 1 5.52117
0 0 0 0 1 5.5608
0 0 0 0 1 5.61493
0 0 0 0 1 5.61345
0 0 0 0 0 5.59992
0 0 0 0 1 5.6546
0 0 0 0 1 5.55469
0 0 0 0 1 5.5759
0 0 0 0 1 5.68175
0 0 0 0 1 5.64707
0 0 0 0 1 5.59757
0 0 0 0 1 5.68729
0 0 0 0 0 5.70941
0 0 0 0 1 5.62018
0 0 0 0 1 5.66515
0 0 0 0 1 5.70469
0 0 0 0 1 5.67596
0 0 0 0 1 5.74828
0 0 0 0 1 5.69677
0 0 0 0 1 5.71973
0 0 0 0 1 5.74287
0 0 0 0 1 5.74314
0 0 0 0 1 5.78568
0 0 0 0 1 5.72259
0 0 0 0 1 5.80993
0 0 0 0 0 5.85709
0 0 0 0 1 5.84053
0 0 0 0 1 5.78316
0 0 0 0 1 5.84832
0 0 0 0 1 5.86269
0 0 0 0 1 5.89472
0 0 0 0 1 5.88427
0 0 0 0 1 5.90916
0 0 0 0 1 5.86934
0 0 0 0 1 5.97129
0 0 0 0 1 5.93747
0 0 0 0 1 5.98671
0 0 0 0 1 5.94695
0 0 0 0 1 5.91898
0 0 0 0 1 6.01654
0 0 0 0 1 5.98402
0 0 0 0 1 5.9501
0 0 0 0 1 6.04246
0 0 0 0 1 6.00862
0 0 0 0 1 6.05813
0 0 0 0 1 6.01211
0 0 0 0 1 6.0328
0 0 0 0 1 6.05364
0 0 0 0 1 6.17239
0 0 0 0 0 6.16311
0 0 0 0 1 6.18965
0 0 0 0 1 6.1753
0 0 0 0 1 6.20927
0 0 0 0 1 6.17537
0 0 0 0 1 6.15374
0 0 0 0 1 6.19945
0 0 0 0 0 6.22149
0 0 0 0 1 6.22489
0 0 0 0 1 6.30901
0 0 0 0 1 6.24977
0 0 0 0 1 6.2912
0 0 0 0 1 6.28857
0 0 0 0 1 6.35572
0 0 0 0 1 6.35246
0 0 0 0 1 6.39469
0 0 0 0 1 6.37877
0 0 0 0 1 6.36998
0 0 0 0 1 6.40544
0 0 0 0 1 6.40959
0 0 0 0 1 6.4973
0 0 0 0 1 6.52124
0 0 0 0 0 6.49966
0 0 0 0 1 6.51719
0 0 0 0 0 6.56693
0 0 0 0 0 6.63678
0 0 0 0 1 6.5624
0 0 0 0 1 6.69228
0 0 0 0 1 6.58369
0 0 0 0 0 6.71455
0 0 0 0 0 6.7263
0 0 0 0 0 6.75153
0 0 0 0 0 6.6888
0 0 0 0 1 6.7067
0 0 0 0 1 6.73148
0 0 0 0 1 6.74278
0 0 0 0 1 6.89768
0 0 0 0 1 6.8547
0 0 0 0 0 6.95597
0 0 0 0 1 6.85057
0 0 0 0 1 6.90441
0 0 0 0 1 6.99284
0 0 0 0 1 6.99109
0 0 0 0 0 6.94719
0 0 0 0 0 7.06474
0 0 0 0 1 7.04139
0 0 0 0 1 7.04659
0 0 0 0 0 7.13724
0 0 0 0 1 7.13554
0 0 0 0 1 7.10504
0 0 0 0 1 7.25433
0 0 0 0 1 7.26689
0 0 0 0 0 7.30889
0 0 0 0 1 7.24126
0 0 0 0 1 7.3859
0 0 0 0 1 7.34724
0 0 0 0 1 7.31641
0 0 0 0 0 7.44749
0 0 0 0 1 7.39334
0 0 0 0 0 7.52608
0 0 0 0 0 7.58428
0 0 0 0 0 7.49937
0 0 0 0 1 7.59559
0 0 0 0 1 7.57864
0 0 0 0 1 7.72931
0 0 0 0 1 7.71205
0 0 0 0 1 7.76397
0 0 0 0 1 7.7541
0 0 0 0 1 7.84532
0 0 0 0 1 7.88276
0 0 0 0 1 7.88062
0 0 0 0 0 7.97267
0 0 0 0 1 8.01021
0 0 0 0 1 7.97552
0 0 0 0 0 8.08526
0 0 0 0 1 8.08287
0 0 0 0 1 8.15318
0 0 0 0 1 8.22345
0 0 0 0 0 8.10632
0 0 0 0 0 8.20115
0 0 0 0 1 8.32984
0 0 0 0 1 8.38523
0 0 0 0 1 8.33998
0 0 0 0 1 8.47052
0 0 0 0 1 8.39917
0 0 0 0 1 8.53079
0 0 0 0 0 8.50102
0 0 0 0 1 8.52295
0 0 0 0 1 8.61312
0 0 0 0 1 8.77274
0 0 0 0 1 8.7247
0 0 0 0 1 8.71003
0 0 0 0 1 8.8115
0 0 0 0 1 8.8764
0 0 0 0 0 8.92371
0 0 0 0 1 9.07017
0 0 0 0 0 8.98229
0 0 0 0 0 9.09443
0 0 0 0 1 9.11473
0 0 0 0 0 9.14397
0 0 0 0 1 9.34944
0 0 0 0 1 9.31515
0 0 0 0 1 9.38104
0 0 0 0 1 9.38212
0 0 0 0 1 9.46706
0 0 0 0 1 9.66756
0 0 0 0 1 9.69755
0 0 0 0 1 9.68716
0 0 0 0 1 9.85199
0 0 0 0 1 9.76224
0 0 0 0 1 9.87038
0 0 0 0 1 10.0561
0 0 0 0 1 9.9838
0 0 0 0 1 10.1916
0 0 0 0 0 10.2195
0 0 0 0 1 10.2556
0 0 0 0 0 10.4259
0 0 0 0 1 10.464
0 0 0 0 1 10.563
0 0 0 0 1 10.5884
0 0 0 0 1 10.6325
0 0 0 0 1 10.6461
0 0 0 0 1 10.7866
0 0 0 0 1 9.22214
0 0 0 0 1 9.35602
0 0 0 0 1 9.2163
0 0 0 0 1 9.16495
0 0 0 0 1 9.24767
0 0 0 0 1 9.13225
0 0 0 0 0 9.21479
0 0 0 0 1 9.18256
0 0 0 0 0 9.22822
0 0 0 0 1 9.02311
0 0 0 0 1 9.04175
0 0 0 0 1 9.0832
0 0 0 0 0 9.00218
0 0 0 0 1 9.04809
0 0 0 0 1 9.09858
0 0 0 0 1 9.03629
0 0 0 0 0 8.96111
0 0 0 0 0 8.93537
0 0 0 0 1 8.96349
0 0 0 0 1 8.88444
0 0 0 0 1 8.91756
0 0 0 0 0 8.83022
0 0 0 0 0 8.91195
0 0 0 0 1 8.90487
0 0 0 0 1 8.89791
0 0 0 0 1 8.79892
0 0 0 0 1 8.82764
0 0 0 0 1 8.81239
0 0 0 0 1 8.70071
0 0 0 0 1 8.75606
0 0 0 0 1 8.80257
0 0 0 0 0 8.81917
0 0 0 0 1 8.76104
0 0 0 0 1 8.73803
0 0 0 0 1 8.7239
0 0 0 0 1 8.6839
0 0 0 0 1 8.64415
0 0 0 0 1 8.66519
0 0 0 0 1 8.65173
0 0 0 0 1 8.64707
0 0 0 0 1 8.65115
0 0 0 0 0 8.55221
0 0 0 0 1 8.56526
0 0 0 0 0 8.62982
0 0 0 0 0 8.52318
0 0 0 0 1 8.46824
0 0 0 0 1 8.51046
0 0 0 0 0 8.53264
0 0 0 0 1 8.56698
0 0 0 0 1 8.61294
0 0 0 0 1 8.85097
0 0 0 0 1 9.03943
0 0 0 0 1 9.02053
0 0 0 0 1 9.17288
0 0 0 0 1 9.31631
0 0 0 0 0 9.45996
0 0 0 0 1 9.64232
0 0 0 0 1 9.78626
0 0 0 0 1 10.0398
0 0 0 0 1 10.1129
0 0 0 0 1 10.2758
0 0 0 0 1 10.5212
0 0 0 0 1 10.7482
0 0 0 0 1 11.0074
0 0 0 0 1 11.1574
0 0 0 0 1 11.3267
0 0 0 0 1 11.6894
0 0 0 0 1 11.7605
0 0 0 0 0 12.006
0 0 0 0 1 12.2225
0 0 0 0 1 12.4725
0 0 0 0 1 12.809
0 0 0 0 0 22.5918
0 0 0 0 1 22.8002
0 0 0 0 1 22.6664
0 0 0 0 1 22.467
0 0 0 0 1 22.5629
0 0 0 0 1 22.5232
0 0 0 0 0 22.7101
0 0 0 0 1 22.7164
0 0 0 0 0 22.5198
0 0 0 0 1 22.4818
0 0 0 0 1 22.4669
0 0 0 0 0 22.6779
0 0 0 0 1 22.62
0 0 0 0 1 22.4036
0 0 0 0 1 22.6829
0 0 0 0 0 22.6475
0 0 0 0 1 22.2753
0 0 0 0 1 22.3533
0 0 0 0 1 23.3156
0 0 0 0 0 23.9308
0 0 0 0 1 25.2688
0 0 0 0 0 26.2385
0 0 0 0 1 36.0534
0 0 0 0 0 36.1842
0 0 0 0 0 36.7158
0 0 0 0 1 36.0474
0 0 0 0 1 36.247
0 0 0 0 1 38.4878
0 0 0 0 1 51.8584
0 0 0 0 0 52.3114
0 0 0 0 1 52.5576
0 0 0 0 1 52.3358
0 0 0 0 0 51.6471
0 0 0 0 1 56.216
0 0 0 0 1 65.2007
0 0 0 0 1 69.1763
0 0 0 0 1 82.3009
0 0 0 0 0 4.98495
0 0 0 0 0 4.97493
0 0 0 0 0 5.0601
0 0 0 0 0 4.97994
0 0 0 0 0 4.97994
0 0 0 0 0 4.97493
0 0 0 0 0 4.97994
0 0 0 0 0 5.02002
0 0 0 0 0 5.0601
0 0 0 0 0 4.97994
0 0 0 0 0 5.01501
0 0 0 0 0 5.02002
0 0 0 0 1 88.0288
0 0 0 0 1 87.1619
0 0 0 0 1 74.9946
0 0 0 0 1 63.2006
0 0 0 0 1 60.1027
0 0 0 0 1 59.9322
0 0 0 0 1 60.9733
0 0 0 0 0 51.1582
0 0 0 0 1 48.2751
0 0 0 0 1 47.7595
0 0 0 0 1 39.0778
0 0 0 0 1 37.0039
0 0 0 0 1 35.3825
0 0 0 0 1 36.0368
0 0 0 0 1 35.6207
0 0 0 0 1 36.0628
0 0 0 0 1 28.1902
0 0 0 0 1 26.8303
0 0 0 0 1 25.4853
0 0 0 0 1 24.5407
0 0 0 0 1 24.4539
0 0 0 0 1 24.5646
0 0 0 0 1 24.4282
0 0 0 0 1 24.8851
0 0 0 0 1 24.6274
0 0 0 0 1 24.7896
0 0 0 0 1 24.4831
0 0 0 0 0 24.8936
0 0 0 0 1 24.6357
0 0 0 0 1 18.2181
0 0 0 0 1 17.7035
0 0 0 0 1 17.3637
0 0 0 0 1 16.7779
0 0 0 0 0 16.1469
0 0 0 0 1 16.0383
0 0 0 0 1 15.4699
0 0 0 0 1 15.1968
0 0 0 0 1 14.8458
0 0 0 0 0 14.3798
0 0 0 0 1 14.1695
0 0 0 0 1 13.9148
0 0 0 0 1 13.8432
0 0 0 0 0 14.05
0 0 0 0 0 14.0625
0 0 0 0 1 13.8383
0 0 0 0 1 13.8392
0 0 0 0 0 13.8662
0 0 0 0 1 14.0751
0 0 0 0 1 14.1168
0 0 0 0 0 13.979
0 0 0 0 1 14.1053
0 0 0 0 1 13.9794
0 0 0 0 1 14.1204
0 0 0 0 1 13.9409
0 0 0 0 1 13.9981
0 0 0 0 1 13.9993
0 0 0 0 0 14.0174
0 0 0 0 1 14.0191
0 0 0 0 1 14.219
0 0 0 0 1 14.0257
0 0 0 0 1 14.0989
0 0 0 0 1 14.2747
0 0 0 0 0 14.3488
0 0 0 0 1 14.3835
0 0 0 0 1 14.1447
0 0 0 0 1 14.4224
0 0 0 0 1 14.4408
0 0 0 0 0 14.3479
0 0 0 0 1 14.3952
0 0 0 0 1 8.76414
0 0 0 0 1 8.74705
0 0 0 0 1 8.61585
0 0 0 0 1 8.45225
0 0 0 0 0 8.47486
0 0 0 0 1 8.36193
0 0 0 0 1 8.14413
0 0 0 0 1 8.05764
0 0 0 0 0 8.04423
0 0 0 0 1 7.88686
0 0 0 0 1 7.80293
0 0 0 0 1 7.78709
0 0 0 0 0 7.67204
0 0 0 0 0 7.59559
0 0 0 0 1 7.46681
0 0 0 0 1 7.35577
0 0 0 0 1 7.30231
0 0 0 0 1 7.26482
0 0 0 0 1 7.11202
0 0 0 0 1 7.11709
0 0 0 0 1 6.98023
0 0 0 0 0 6.98606
0 0 0 0 1 6.84375
0 0 0 0 1 6.78707
0 0 0 0 1 6.73037
0 0 0 0 1 6.68037
0 0 0 0 1 6.68328
0 0 0 0 1 6.55372
0 0 0 0 0 6.51661
0 0 0 0 1 6.48175
0 0 0 0 1 6.36736
0 0 0 0 1 6.31998
0 0 0 0 1 6.32912
0 0 0 0 1 6.23146
0 0 0 0 1 6.11616
0 0 0 0 1 6.13054
0 0 0 0 1 6.02862
0 0 0 0 1 6.07489
0 0 0 0 1 5.93185
0 0 0 0 1 5.93539
0 0 0 0 1 5.92945
0 0 0 0 1 5.79771
0 0 0 0 1 5.80039
0 0 0 0 0 5.77952
0 0 0 0 1 5.6643
0 0 0 0 1 5.66615
0 0 0 0 1 5.58342
0 0 0 0 1 5.58788
0 0 0 0 0 5.47276
0 0 0 0 1 5.52874
0 0 0 0 1 5.46369
0 0 0 0 1 5.42927
0 0 0 0 1 5.39493
0 0 0 0 1 5.3681
0 0 0 0 1 5.3021
0 0 0 0 0 5.20716
0 0 0 0 1 5.17885
0 0 0 0 1 5.17648
0 0 0 0 1 5.1429
0 0 0 0 1 5.1401
0 0 0 0 1 5.09305
0 0 0 0 1 5.07977
0 0 0 0 1 5.02958
0 0 0 0 0 4.95152
0 0 0 0 1 4.98796
0 0 0 0 1 4.87612
0 0 0 0 1 4.83868
0 0 0 0 1 4.9018
0 0 0 0 1 4.84474
0 0 0 0 1 4.82944
0 0 0 0 1 4.78808
0 0 0 0 0 4.88795
0 0 0 0 0 4.84267
0 0 0 0 0 4.8984
0 0 0 0 0 4.84308
0 0 0 0 1 4.91991
0 0 0 0 1 4.96772
0 0 0 0 1 4.89603
0 0 0 0 1 5.00352
0 0 0 0 1 4.93758
0 0 0 0 0 5.01974
0 0 0 0 0 5.04355
0 0 0 0 1 4.9921
0 0 0 0 1 5.06639
0 0 0 0 1 5.05003
0 0 0 0 0 5.04876
0 0 0 0 0 5.1291
0 0 0 0 0 5.13316
0 0 0 0 1 5.13072
0 0 0 0 1 5.17598
0 0 0 0 1 5.21118
0 0 0 0 1 5.19986
0 0 0 0 1 5.17274
0 0 0 0 1 5.28147
0 0 0 0 1 5.23859
0 0 0 0 1 5.24807
0 0 0 0 1 5.34378
0 0 0 0 1 5.28974
0 0 0 0 1 5.31536
0 0 0 0 1 5.37864
0 0 0 0 1 5.35622
0 0 0 0 1 5.39988
0 0 0 0 1 5.45321
0 0 0 0 1 5.46871
0 0 0 0 1 5.51161
0 0 0 0 1 5.53437
0 0 0 0 1 5.46728
0 0 0 0 1 5.59524
0 0 0 0 1 5.59445
0 0 0 0 1 5.60633
0 0 0 0 1 5.63349
0 0 0 0 1 5.63976
0 0 0 0 1 5.63872
0 0 0 0 0 5.6847
0 0 0 0 1 5.76947
0 0 0 0 1 5.72419
0 0 0 0 1 5.78814
0 0 0 0 0 5.8177
0 0 0 0 1 5.77578
0 0 0 0 1 5.84628
0 0 0 0 1 5.8407
0 0 0 0 0 5.95927
0 0 0 0 0 5.94193
0 0 0 0 1 6.01997
0 0 0 0 1 5.96628
0 0 0 0 1 6.05694
0 0 0 0 1 6.13616
0 0 0 0 0 6.1244
0 0 0 0 0 6.11845
0 0 0 0 1 6.11372
0 0 0 0 0 9.52856
0 0 0 0 1 9.42445
0 0 0 0 1 9.49734
0 0 0 0 0 9.38133
0 0 0 0 1 9.35378
0 0 0 0 0 9.36991
0 0 0 0 1 9.24608
0 0 0 0 0 9.22196
0 0 0 0 1 9.23227
0 0 0 0 0 9.17463
0 0 0 0 0 9.18174
0 0 0 0 1 9.25298
0 0 0 0 0 9.15921
0 0 0 0 1 9.03869
0 0 0 0 0 9.15509
0 0 0 0 1 9.02629
0 0 0 0 1 9.06978
0 0 0 0 1 9.07378
0 0 0 0 1 9.00022
0 0 0 0 1 9.02228
0 0 0 0 0 8.8601
0 0 0 0 1 8.87685
0 0 0 0 1 8.79598
0 0 0 0 1 8.87474
0 0 0 0 0 8.80868
0 0 0 0 1 8.83427
0 0 0 0 0 8.84221
0 0 0 0 1 8.756
0 0 0 0 0 8.76421
0 0 0 0 1 8.66464
0 0 0 0 1 8.5951
0 0 0 0 1 8.67825
0 0 0 0 1 8.64364
0 0 0 0 1 8.53698
0 0 0 0 1 8.57173
0 0 0 0 0 8.63709
0 0 0 0 1 8.5776
0 0 0 0 1 8.59162
0 0 0 0 1 8.53766
0 0 0 0 1 8.55181
0 0 0 0 1 8.52366
0 0 0 0 0 8.46196
0 0 0 0 1 8.3874
0 0 0 0 1 8.30966
0 0 0 0 0 8.34958
0 0 0 0 1 8.43952
0 0 0 0 1 8.37072
0 0 0 0 1 8.32265
0 0 0 0 0 8.21312
0 0 0 0 1 8.2697
0 0 0 0 1 8.22319
0 0 0 0 1 8.18895
0 0 0 0 0 8.14671
0 0 0 0 0 8.20327
0 0 0 0 1 8.14496
0 0 0 0 1 8.23416
0 0 0 0 1 8.0946
0 0 0 0 1 8.06972
0 0 0 0 0 8.14254
0 0 0 0 1 8.02863
0 0 0 0 1 8.08524
0 0 0 0 1 8.06903
0 0 0 0 0 8.1336
0 0 0 0 0 8.08131
0 0 0 0 0 8.01728
0 0 0 0 1 8.0899
0 0 0 0 1 7.99431
0 0 0 0 1 7.93114
0 0 0 0 1 7.99167
0 0 0 0 1 7.93688
0 0 0 0 1 7.8983
0 0 0 0 0 7.96309
0 0 0 0 0 7.94859
0 0 0 0 1 7.87459
0 0 0 0 1 7.86841
0 0 0 0 1 7.83874
0 0 0 0 1 7.89139
0 0 0 0 1 7.9204
0 0 0 0 1 7.82835
0 0 0 0 1 7.75241
0 0 0 0 1 7.88794
0 0 0 0 1 7.73758
0 0 0 0 1 7.81062
0 0 0 0 0 7.80574
0 0 0 0 1 7.78859
0 0 0 0 1 7.79954
0 0 0 0 1 7.82139
