0 0 0 0 1 5.5196
0 0 0 0 1 5.58423
0 0 0 0 0 5.59909
0 0 0 0 1 5.6221
0 0 0 0 1 5.61493
0 0 0 0 1 5.63022
0 0 0 0 1 5.56076
0 0 0 0 1 5.55372
0 0 0 0 1 5.5603
0 0 0 0 0 5.63773
0 0 0 0 1 5.67612
0 0 0 0 1 5.6245
0 0 0 0 1 5.67665
0 0 0 0 0 5.63636
0 0 0 0 0 5.72641
0 0 0 0 1 5.62018
0 0 0 0 1 5.74478
0 0 0 0 1 5.74458
0 0 0 0 1 5.67596
0 0 0 0 1 5.67399
0 0 0 0 1 5.76548
0 0 0 0 1 5.68531
0 0 0 0 1 5.71413
0 0 0 0 1 5.75466
0 0 0 0 0 5.82029
0 0 0 0 1 5.73415
0 0 0 0 1 5.7578
0 0 0 0 1 5.86289
0 0 0 0 1 5.84635
0 0 0 0 0 5.84729
0 0 0 0 1 5.86
0 0 0 0 1 5.85684
0 0 0 0 1 5.87128
0 0 0 0 1 5.89015
0 0 0 0 1 5.86208
0 0 0 0 0 5.91653
0 0 0 0 0 5.94173
0 0 0 0 0 5.87229
0 0 0 0 1 5.87981
0 0 0 0 1 5.95885
0 0 0 0 0 5.97865
0 0 0 0 1 5.99261
0 0 0 0 0 6.01996
0 0 0 0 1 6.05217
0 0 0 0 1 6.03644
0 0 0 0 0 6.05085
0 0 0 0 1 6.1126
0 0 0 0 1 6.12131
0 0 0 0 1 6.06929
0 0 0 0 1 6.06583
0 0 0 0 1 6.13572
0 0 0 0 1 6.18149
0 0 0 0 1 6.17736
0 0 0 0 1 6.14452
0 0 0 0 1 6.12286
0 0 0 0 1 6.14443
0 0 0 0 1 6.17235
0 0 0 0 1 6.17455
0 0 0 0 1 6.24645
0 0 0 0 1 6.22489
0 0 0 0 1 6.32784
0 0 0 0 1 6.35047
0 0 0 0 1 6.31644
0 0 0 0 1 6.30123
0 0 0 0 1 6.27961
0 0 0 0 1 6.31427
0 0 0 0 1 6.33087
0 0 0 0 1 6.44282
0 0 0 0 1 6.48556
0 0 0 0 1 6.37966
0 0 0 0 1 6.51297
0 0 0 0 1 6.51027
0 0 0 0 1 6.56025
0 0 0 0 1 6.5127
0 0 0 0 1 6.49104
0 0 0 0 1 6.58005
0 0 0 0 1 6.51827
0 0 0 0 1 6.5492
0 0 0 0 0 6.67241
0 0 0 0 1 6.63689
0 0 0 0 1 6.7012
0 0 0 0 0 6.75977
0 0 0 0 1 6.76495
0 0 0 0 1 6.71574
0 0 0 0 1 6.73374
0 0 0 0 1 6.82648
0 0 0 0 1 6.74959
0 0 0 0 0 6.85666
0 0 0 0 1 6.84097
0 0 0 0 1 6.89399
0 0 0 0 1 6.89205
0 0 0 0 1 6.88361
0 0 0 0 0 6.97197
0 0 0 0 1 7.03998
0 0 0 0 1 6.94719
0 0 0 0 1 7.07882
0 0 0 0 1 7.02725
0 0 0 0 1 7.0324
0 0 0 0 0 7.07313
0 0 0 0 1 7.15699
0 0 0 0 0 7.20552
0 0 0 0 0 7.21111
0 0 0 0 1 7.18727
0 0 0 0 1 7.2435
0 0 0 0 0 7.25586
0 0 0 0 1 7.25401
0 0 0 0 1 7.39877
0 0 0 0 1 7.45669
0 0 0 0 1 7.39557
0 0 0 0 0 7.44551
0 0 0 0 1 7.53356
0 0 0 0 0 7.49408
0 0 0 0 1 7.48426
0 0 0 0 1 7.54247
0 0 0 0 1 7.60149
0 0 0 0 1 7.66808
0 0 0 0 1 7.64285
0 0 0 0 1 7.8026
0 0 0 0 0 7.80843
0 0 0 0 1 7.72834
0 0 0 0 1 7.76534
0 0 0 0 1 7.82557
0 0 0 0 1 7.8303
0 0 0 0 1 7.95458
0 0 0 0 1 7.92758
0 0 0 0 1 8.03708
0 0 0 0 1 8.0748
0 0 0 0 1 8.03971
0 0 0 0 1 8.1012
0 0 0 0 1 8.11451
0 0 0 0 1 8.30819
0 0 0 0 0 8.25532
0 0 0 0 0 8.39355
0 0 0 0 1 8.432
0 0 0 0 0 8.33594
0 0 0 0 1 8.44146
0 0 0 0 0 8.43723
0 0 0 0 1 8.56089
0 0 0 0 1 8.61746
0 0 0 0 1 8.70815
0 0 0 0 1 8.78143
0 0 0 0 1 8.73344
0 0 0 0 1 8.71883
0 0 0 0 1 8.92639
0 0 0 0 1 8.92087
0 0 0 0 0 8.8879
0 0 0 0 0 8.96208
0 0 0 0 1 9.00948
0 0 0 0 0 9.05798
0 0 0 0 1 9.23393
0 0 0 0 1 9.18087
0 0 0 0 1 9.35872
0 0 0 0 1 9.36182
0 0 0 0 1 9.33404
0 0 0 0 1 9.43887
0 0 0 0 1 9.59088
0 0 0 0 0 9.61002
0 0 0 0 1 9.74579
0 0 0 0 1 9.63858
0 0 0 0 1 9.68567
0 0 0 0 0 9.77209
0 0 0 0 1 9.99921
0 0 0 0 0 10.0462
0 0 0 0 1 10.0642
0 0 0 0 1 10.1106
0 0 0 0 1 10.1277
0 0 0 0 1 10.2556
0 0 0 0 1 10.3638
0 0 0 0 0 10.3389
0 0 0 0 0 10.4265
0 0 0 0 1 10.6307
0 0 0 0 0 10.6858
0 0 0 0 1 10.6353
0 0 0 0 1 10.7324
0 0 0 0 1 9.22214
0 0 0 0 1 9.25392
0 0 0 0 1 9.28114
0 0 0 0 1 9.29429
0 0 0 0 1 9.14625
0 0 0 0 1 9.11386
0 0 0 0 0 9.1689
0 0 0 0 1 9.11847
0 0 0 0 1 9.19168
0 0 0 0 1 9.10514
0 0 0 0 1 9.05994
0 0 0 0 1 8.98338
0 0 0 0 1 9.11086
0 0 0 0 1 8.98482
0 0 0 0 1 9.09858
0 0 0 0 1 8.95529
0 0 0 0 0 8.93417
0 0 0 0 1 9.01603
0 0 0 0 1 8.89192
0 0 0 0 0 8.9648
0 0 0 0 1 8.82847
0 0 0 0 1 8.91915
0 0 0 0 0 8.80543
0 0 0 0 1 8.86942
0 0 0 0 1 8.80946
0 0 0 0 1 8.77245
0 0 0 0 0 8.83645
0 0 0 0 1 8.70685
0 0 0 0 1 8.71827
0 0 0 0 1 8.82618
0 0 0 0 1 8.76757
0 0 0 0 0 8.69692
0 0 0 0 1 8.74361
0 0 0 0 1 8.75544
0 0 0 0 1 8.65439
0 0 0 0 0 8.65788
0 0 0 0 0 8.65282
0 0 0 0 0 8.67383
0 0 0 0 1 8.6431
0 0 0 0 1 8.6988
0 0 0 0 1 8.5909
0 0 0 0 1 8.51783
0 0 0 0 1 8.54809
0 0 0 0 1 8.62125
0 0 0 0 1 8.61731
0 0 0 0 1 8.47679
0 0 0 0 0 8.47632
0 0 0 0 1 8.59231
0 0 0 0 1 8.63558
0 0 0 0 1 8.78694
0 0 0 0 1 8.80685
0 0 0 0 1 8.92296
0 0 0 0 1 9.03872
0 0 0 0 1 9.24678
0 0 0 0 0 9.43828
0 0 0 0 1 9.4695
0 0 0 0 1 9.66168
0 0 0 0 1 9.89456
0 0 0 0 0 10.0398
0 0 0 0 1 10.1434
0 0 0 0 1 10.2758
0 0 0 0 1 10.6056
0 0 0 0 1 10.759
0 0 0 0 1 11.0403
0 0 0 0 1 11.0794
0 0 0 0 1 11.3267
0 0 0 0 1 11.6431
0 0 0 0 1 11.855
0 0 0 0 1 12.1507
0 0 0 0 1 12.1856
0 0 0 0 1 12.5605
0 0 0 0 1 12.8219
0 0 0 0 0 22.7055
0 0 0 0 1 22.5958
0 0 0 0 1 22.8025
0 0 0 0 0 22.6484
0 0 0 0 1 22.4723
0 0 0 0 1 22.5458
0 0 0 0 1 22.8006
0 0 0 0 1 22.4904
0 0 0 0 1 22.4972
0 0 0 0 1 22.7979
0 0 0 0 0 22.715
0 0 0 0 0 22.6102
0 0 0 0 1 22.3947
0 0 0 0 0 22.3811
0 0 0 0 0 22.7054
0 0 0 0 0 22.6475
0 0 0 0 1 22.3428
0 0 0 0 0 22.3084
0 0 0 0 1 23.362
0 0 0 0 1 24.0755
0 0 0 0 1 25.0678
0 0 0 0 0 26.0026
0 0 0 0 1 36.1627
0 0 0 0 1 36.6574
0 0 0 0 1 36.7158
0 0 0 0 1 36.7021
0 0 0 0 0 36.7201
0 0 0 0 0 38.8345
0 0 0 0 0 52.2229
0 0 0 0 0 52.3635
0 0 0 0 0 51.8291
0 0 0 0 1 51.7636
0 0 0 0 1 51.8031
0 0 0 0 1 55.8777
0 0 0 0 1 64.8079
0 0 0 0 1 69.4549
0 0 0 0 0 81.4828
0 0 0 0 0 5.05509
0 0 0 0 0 5.0601
0 0 0 0 0 5.02503
0 0 0 0 0 5.02002
0 0 0 0 0 4.96491
0 0 0 0 0 5.02002
0 0 0 0 0 5.01501
0 0 0 0 0 4.97994
0 0 0 0 0 5.04006
0 0 0 0 0 4.98495
0 0 0 0 0 4.99998
0 0 0 0 0 5.03505
0 0 0 0 1 88.4667
0 0 0 0 1 86.8115
0 0 0 0 0 75.8212
0 0 0 0 1 63.3921
0 0 0 0 1 61.1317
0 0 0 0 1 59.9322
0 0 0 0 1 61.155
0 0 0 0 1 51.6223
0 0 0 0 1 48.3231
0 0 0 0 1 48.3835
0 0 0 0 1 38.8814
0 0 0 0 0 37.0039
0 0 0 0 1 35.9888
0 0 0 0 1 35.8584
0 0 0 0 0 35.585
0 0 0 0 1 35.9913
0 0 0 0 1 28.2183
0 0 0 0 1 27.0179
0 0 0 0 0 25.793
0 0 0 0 1 24.4668
0 0 0 0 1 24.4785
0 0 0 0 1 24.5399
0 0 0 0 1 24.6007
0 0 0 0 1 24.6385
0 0 0 0 0 24.8495
0 0 0 0 0 24.4933
0 0 0 0 1 24.5325
0 0 0 0 0 24.5228
0 0 0 0 1 24.9325
0 0 0 0 1 18.1089
0 0 0 0 1 17.6681
0 0 0 0 1 17.3293
0 0 0 0 1 16.6441
0 0 0 0 1 16.2284
0 0 0 0 1 15.8319
0 0 0 0 1 15.6093
0 0 0 0 1 15.091
0 0 0 0 1 14.8458
0 0 0 0 0 14.5673
0 0 0 0 0 14.1272
0 0 0 0 1 13.8731
0 0 0 0 1 13.9405
0 0 0 0 1 13.9944
0 0 0 0 1 14.0485
0 0 0 0 1 13.9916
0 0 0 0 0 13.9368
0 0 0 0 0 13.9779
0 0 0 0 1 13.9493
0 0 0 0 1 13.9489
0 0 0 0 1 14.1471
0 0 0 0 1 14.1193
0 0 0 0 0 14.0075
0 0 0 0 1 14.1626
0 0 0 0 1 14.1519
0 0 0 0 0 13.97
0 0 0 0 1 14.0839
0 0 0 0 1 14.2009
0 0 0 0 0 14.0756
0 0 0 0 1 14.2897
0 0 0 0 1 14.1532
0 0 0 0 1 14.1556
0 0 0 0 1 14.2605
0 0 0 0 1 14.1355
0 0 0 0 1 14.3408
0 0 0 0 1 14.159
0 0 0 0 1 14.3368
0 0 0 0 1 14.2549
0 0 0 0 1 14.4195
0 0 0 0 1 14.3952
0 0 0 0 1 8.8524
0 0 0 0 1 8.64251
0 0 0 0 0 8.58146
0 0 0 0 1 8.56269
0 0 0 0 0 8.39934
0 0 0 0 1 8.29563
0 0 0 0 1 8.16871
0 0 0 0 1 8.02528
0 0 0 0 1 7.96427
0 0 0 0 1 7.84735
0 0 0 0 0 7.75602
0 0 0 0 1 7.77163
0 0 0 0 1 7.58798
0 0 0 0 1 7.60315
0 0 0 0 1 7.53408
0 0 0 0 0 7.45937
0 0 0 0 1 7.27304
0 0 0 0 0 7.27931
0 0 0 0 1 7.22673
0 0 0 0 1 7.16676
0 0 0 0 1 6.98023
0 0 0 0 1 6.96518
0 0 0 0 1 6.87129
0 0 0 0 1 6.88938
0 0 0 0 1 6.74389
0 0 0 0 1 6.73392
0 0 0 0 0 6.59046
0 0 0 0 1 6.50775
0 0 0 0 1 6.53612
0 0 0 0 1 6.4624
0 0 0 0 1 6.35458
0 0 0 0 0 6.27565
0 0 0 0 1 6.32912
0 0 0 0 1 6.18166
0 0 0 0 1 6.15937
0 0 0 0 0 6.16113
0 0 0 0 0 6.01043
0 0 0 0 1 5.9906
0 0 0 0 1 6.02733
0 0 0 0 0 5.90578
0 0 0 0 0 5.92945
0 0 0 0 1 5.87346
0 0 0 0 1 5.75991
0 0 0 0 0 5.69917
0 0 0 0 1 5.6643
0 0 0 0 0 5.63794
0 0 0 0 0 5.56102
0 0 0 0 1 5.50996
0 0 0 0 0 5.54455
0 0 0 0 1 5.51778
0 0 0 0 1 5.48543
0 0 0 0 1 5.37525
0 0 0 0 1 5.39493
0 0 0 0 1 5.30419
0 0 0 0 1 5.3021
0 0 0 0 1 5.30164
0 0 0 0 0 5.23101
0 0 0 0 0 5.21793
0 0 0 0 1 5.1429
0 0 0 0 1 5.06338
0 0 0 0 1 5.03725
0 0 0 0 1 4.99914
0 0 0 0 0 4.9995
0 0 0 0 1 5.01628
0 0 0 0 1 4.95332
0 0 0 0 1 4.89087
0 0 0 0 0 4.9168
0 0 0 0 1 4.89208
0 0 0 0 1 4.86887
0 0 0 0 1 4.80537
0 0 0 0 1 4.82187
0 0 0 0 0 4.87826
0 0 0 0 1 4.84267
0 0 0 0 1 4.82529
0 0 0 0 0 4.85287
0 0 0 0 1 4.88554
0 0 0 0 1 4.92337
0 0 0 0 1 4.93061
0 0 0 0 0 4.91426
0 0 0 0 1 5.00229
0 0 0 0 1 4.97982
0 0 0 0 1 4.98846
0 0 0 0 1 5.07254
0 0 0 0 1 5.01088
0 0 0 0 1 5.11081
0 0 0 0 1 5.10469
0 0 0 0 1 5.12399
0 0 0 0 1 5.17414
0 0 0 0 1 5.14613
0 0 0 0 1 5.20691
0 0 0 0 1 5.13873
0 0 0 0 0 5.16349
0 0 0 0 1 5.17274
0 0 0 0 1 5.20819
0 0 0 0 0 5.28062
0 0 0 0 1 5.23224
0 0 0 0 1 5.35438
0 0 0 0 1 5.35892
0 0 0 0 1 5.31536
0 0 0 0 1 5.40546
0 0 0 0 1 5.3939
0 0 0 0 1 5.3566
0 0 0 0 1 5.37717
0 0 0 0 1 5.40873
0 0 0 0 0 5.46783
0 0 0 0 1 5.53987
0 0 0 0 1 5.5446
0 0 0 0 1 5.55638
0 0 0 0 1 5.58888
0 0 0 0 1 5.57833
0 0 0 0 1 5.63912
0 0 0 0 0 5.59455
0 0 0 0 1 5.65574
0 0 0 0 1 5.74742
0 0 0 0 1 5.74085
0 0 0 0 1 5.81049
0 0 0 0 1 5.8344
0 0 0 0 0 5.85258
0 0 0 0 1 5.81662
0 0 0 0 1 5.92251
0 0 0 0 1 5.94679
0 0 0 0 1 5.87634
0 0 0 0 1 5.90025
0 0 0 0 1 6.008
0 0 0 0 1 5.99636
0 0 0 0 1 6.06903
0 0 0 0 0 6.10579
0 0 0 0 0 6.13661
0 0 0 0 1 6.14913
0 0 0 0 1 6.18165
0 0 0 0 0 9.61423
0 0 0 0 1 9.38652
0 0 0 0 1 9.36504
0 0 0 0 1 9.43785
0 0 0 0 0 9.4476
0 0 0 0 1 9.37926
0 0 0 0 1 9.41386
0 0 0 0 1 9.26844
0 0 0 0 1 9.28783
0 0 0 0 1 9.2577
0 0 0 0 1 9.14494
0 0 0 0 1 9.10625
0 0 0 0 1 9.09522
0 0 0 0 1 9.10247
0 0 0 0 1 9.0461
0 0 0 0 1 8.98102
0 0 0 0 1 9.04271
0 0 0 0 1 9.05577
0 0 0 0 1 9.01817
0 0 0 0 1 8.99543
0 0 0 0 1 8.94933
0 0 0 0 1 8.98359
0 0 0 0 1 8.89351
0 0 0 0 1 8.8659
0 0 0 0 1 8.84395
0 0 0 0 1 8.73758
0 0 0 0 1 8.81592
0 0 0 0 1 8.73851
0 0 0 0 1 8.677
0 0 0 0 1 8.71684
0 0 0 0 0 8.75989
0 0 0 0 1 8.62633
0 0 0 0 1 8.55738
0 0 0 0 0 8.67467
0 0 0 0 1 8.58889
0 0 0 0 1 8.48301
0 0 0 0 1 8.56907
0 0 0 0 1 8.57459
0 0 0 0 0 8.58014
0 0 0 0 1 8.42468
0 0 0 0 0 8.39682
0 0 0 0 1 8.35228
0 0 0 0 0 8.32851
0 0 0 0 0 8.41878
0 0 0 0 1 8.45845
0 0 0 0 1 8.37267
0 0 0 0 1 8.42074
0 0 0 0 1 8.38085
0 0 0 0 1 8.24631
0 0 0 0 1 8.31109
0 0 0 0 0 8.19839
0 0 0 0 1 8.29616
0 0 0 0 0 8.18786
0 0 0 0 1 8.17864
0 0 0 0 1 8.12857
0 0 0 0 0 8.20146
0 0 0 0 1 8.1762
0 0 0 0 1 8.11043
0 0 0 0 0 8.19942
0 0 0 0 1 8.07729
0 0 0 0 1 8.17427
0 0 0 0 1 8.13365
0 0 0 0 1 8.11748
0 0 0 0 1 8.04106
0 0 0 0 1 8.08154
0 0 0 0 1 8.0418
0 0 0 0 1 7.99431
0 0 0 0 1 8.019
0 0 0 0 1 8.03953
0 0 0 0 1 8.01649
0 0 0 0 1 7.91419
0 0 0 0 1 7.89964
0 0 0 0 1 7.93276
0 0 0 0 1 7.92993
0 0 0 0 1 7.93155
0 0 0 0 1 7.93328
0 0 0 0 1 7.89139
0 0 0 0 1 7.84969
0 0 0 0 0 7.85973
0 0 0 0 1 7.76025
0 0 0 0 0 7.88794
0 0 0 0 1 7.80004
0 0 0 0 0 7.83401
0 0 0 0 0 7.75905
0 0 0 0 1 7.74195
0 0 0 0 1 7.81506
0 0 0 0 0 7.78263
