0 0 0 0 1 5.5196
0 0 0 0 1 5.52311
0 0 0 0 1 5.52117
0 0 0 0 1 5.55523
0 0 0 0 1 5.54237
0 0 0 0 1 5.60786
0 0 0 0 1 5.58314
0 0 0 0 1 5.55372
0 0 0 0 0 5.6669
0 0 0 0 1 5.67707
0 0 0 0 0 5.63671
0 0 0 0 1 5.63579
0 0 0 0 1 5.68795
0 0 0 0 1 5.67031
0 0 0 0 0 5.71508
0 0 0 0 1 5.64856
0 0 0 0 0 5.70496
0 0 0 0 1 5.75598
0 0 0 0 0 5.71593
0 0 0 0 0 5.67399
0 0 0 0 0 5.71967
0 0 0 0 0 5.75989
0 0 0 0 1 5.79461
0 0 0 0 1 5.81227
0 0 0 0 1 5.72799
0 0 0 0 1 5.72837
0 0 0 0 0 5.74622
0 0 0 0 0 5.79323
0 0 0 0 1 5.77072
0 0 0 0 0 5.83563
0 0 0 0 1 5.85416
0 0 0 0 1 5.79833
0 0 0 0 1 5.80683
0 0 0 0 0 5.82555
0 0 0 0 1 5.83853
0 0 0 0 1 5.85164
0 0 0 0 1 5.85304
0 0 0 0 1 5.96118
0 0 0 0 1 5.92138
0 0 0 0 1 5.92313
0 0 0 0 1 6.02042
0 0 0 0 1 5.95075
0 0 0 0 0 5.96006
0 0 0 0 1 6.05217
0 0 0 0 1 6.00635
0 0 0 0 1 5.97242
0 0 0 0 1 6.06419
0 0 0 0 1 6.05458
0 0 0 0 1 6.06321
0 0 0 0 1 6.05973
0 0 0 0 1 6.07461
0 0 0 0 1 6.18149
0 0 0 0 0 6.18965
0 0 0 0 0 6.10142
0 0 0 0 1 6.19693
0 0 0 0 0 6.18156
0 0 0 0 0 6.24058
0 0 0 0 1 6.1621
0 0 0 0 1 6.21525
0 0 0 0 1 6.31248
0 0 0 0 1 6.26506
0 0 0 0 1 6.35676
0 0 0 0 1 6.31644
0 0 0 0 1 6.30755
0 0 0 0 0 6.36206
0 0 0 0 1 6.37156
0 0 0 0 0 6.35002
0 0 0 0 1 6.4172
0 0 0 0 1 6.48556
0 0 0 0 1 6.46344
0 0 0 0 1 6.44836
0 0 0 0 0 6.54269
0 0 0 0 0 6.56675
0 0 0 0 0 6.47358
0 0 0 0 0 6.47796
0 0 0 0 1 6.51445
0 0 0 0 1 6.55777
0 0 0 0 1 6.66143
0 0 0 0 0 6.6459
0 0 0 0 0 6.66349
0 0 0 0 0 6.62111
0 0 0 0 1 6.6393
0 0 0 0 1 6.72468
0 0 0 0 0 6.6888
0 0 0 0 0 6.74726
0 0 0 0 1 6.71791
0 0 0 0 1 6.8177
0 0 0 0 1 6.80881
0 0 0 0 1 6.79981
0 0 0 0 1 6.94909
0 0 0 0 1 6.87131
0 0 0 0 1 6.86975
0 0 0 0 0 7.02763
0 0 0 0 1 7.05394
0 0 0 0 1 6.99626
0 0 0 0 1 7.09289
0 0 0 0 1 7.14036
0 0 0 0 1 7.05369
0 0 0 0 1 7.17285
0 0 0 0 0 7.17844
0 0 0 0 1 7.18399
0 0 0 0 1 7.21111
0 0 0 0 0 7.2307
0 0 0 0 0 7.27982
0 0 0 0 1 7.28506
0 0 0 0 1 7.39322
0 0 0 0 1 7.3546
0 0 0 0 0 7.41977
0 0 0 0 1 7.37332
0 0 0 0 1 7.52749
0 0 0 0 1 7.556
0 0 0 0 1 7.59179
0 0 0 0 1 7.61265
0 0 0 0 1 7.64111
0 0 0 0 1 7.59387
0 0 0 0 0 7.5839
0 0 0 0 1 7.70436
0 0 0 0 0 7.7717
0 0 0 0 0 7.74634
0 0 0 0 1 7.78293
0 0 0 0 0 7.8671
0 0 0 0 0 7.80984
0 0 0 0 1 7.95685
0 0 0 0 1 7.96253
0 0 0 0 1 8.07142
0 0 0 0 1 8.07723
0 0 0 0 1 8.01027
0 0 0 0 1 8.16128
0 0 0 0 1 8.12565
0 0 0 0 0 8.23733
0 0 0 0 0 8.30819
0 0 0 0 1 8.32156
0 0 0 0 1 8.40187
0 0 0 0 0 8.32325
0 0 0 0 1 8.48735
0 0 0 0 1 8.41608
0 0 0 0 1 8.55631
0 0 0 0 0 8.61221
0 0 0 0 1 8.66042
0 0 0 0 1 8.66496
0 0 0 0 0 8.72926
0 0 0 0 1 8.75966
0 0 0 0 0 8.76282
0 0 0 0 1 8.91756
0 0 0 0 1 8.90308
0 0 0 0 1 8.91476
0 0 0 0 1 9.07918
0 0 0 0 1 9.082
0 0 0 0 1 9.06709
0 0 0 0 1 9.11473
0 0 0 0 1 9.25469
0 0 0 0 0 9.22874
0 0 0 0 1 9.37116
0 0 0 0 1 9.42804
0 0 0 0 1 9.49562
0 0 0 0 1 9.43849
0 0 0 0 1 9.60043
0 0 0 0 1 9.56246
0 0 0 0 1 9.68716
0 0 0 0 1 9.75416
0 0 0 0 1 9.78194
0 0 0 0 1 9.93975
0 0 0 0 1 9.89636
0 0 0 0 1 10.0341
0 0 0 0 1 10.1106
0 0 0 0 0 10.1379
0 0 0 0 1 10.2659
0 0 0 0 1 10.3742
0 0 0 0 1 10.4848
0 0 0 0 1 10.521
0 0 0 0 0 10.5249
0 0 0 0 0 10.5792
0 0 0 0 1 10.7105
0 0 0 0 1 10.7757
0 0 0 0 0 9.3152
0 0 0 0 1 9.23536
0 0 0 0 1 9.34598
0 0 0 0 1 9.14647
0 0 0 0 1 9.31221
0 0 0 0 0 9.11386
0 0 0 0 1 9.24233
0 0 0 0 0 9.06354
0 0 0 0 1 9.09117
0 0 0 0 1 9.05957
0 0 0 0 1 9.12362
0 0 0 0 0 9.0832
0 0 0 0 1 9.06557
0 0 0 0 1 9.01194
0 0 0 0 1 8.95431
0 0 0 0 0 8.96429
0 0 0 0 0 8.88928
0 0 0 0 1 8.93537
0 0 0 0 1 8.91876
0 0 0 0 0 9.01837
0 0 0 0 1 8.97101
0 0 0 0 1 8.98139
0 0 0 0 1 8.88532
0 0 0 0 0 8.81626
0 0 0 0 1 8.80062
0 0 0 0 0 8.8607
0 0 0 0 1 8.74835
0 0 0 0 1 8.77721
0 0 0 0 1 8.79729
0 0 0 0 0 8.73853
0 0 0 0 1 8.83757
0 0 0 0 1 8.67946
0 0 0 0 1 8.70874
0 0 0 0 1 8.62489
0 0 0 0 0 8.6457
0 0 0 0 1 8.69258
0 0 0 0 1 8.73077
0 0 0 0 0 8.63924
0 0 0 0 1 8.6172
0 0 0 0 0 8.56086
0 0 0 0 1 8.63394
0 0 0 0 1 8.51783
0 0 0 0 1 8.4966
0 0 0 0 0 8.53555
0 0 0 0 1 8.51462
0 0 0 0 1 8.62206
0 0 0 0 1 8.54461
0 0 0 0 1 8.54969
0 0 0 0 1 8.63558
0 0 0 0 0 8.76084
0 0 0 0 0 8.81567
0 0 0 0 1 8.88713
0 0 0 0 0 9.13874
0 0 0 0 0 9.18212
0 0 0 0 0 9.33508
0 0 0 0 0 9.59347
0 0 0 0 0 9.71977
0 0 0 0 1 9.91425
0 0 0 0 1 10.0599
0 0 0 0 0 10.1943
0 0 0 0 1 10.4519
0 0 0 0 1 10.4684
0 0 0 0 1 10.6623
0 0 0 0 0 10.9855
0 0 0 0 0 11.1574
0 0 0 0 1 11.2585
0 0 0 0 1 11.6315
0 0 0 0 1 11.7959
0 0 0 0 1 12.0181
0 0 0 0 1 12.3825
0 0 0 0 1 12.5982
0 0 0 0 0 12.976
0 0 0 0 1 22.8646
0 0 0 0 1 22.732
0 0 0 0 1 22.8706
0 0 0 0 0 22.8978
0 0 0 0 1 22.4496
0 0 0 0 0 22.7495
0 0 0 0 1 22.5744
0 0 0 0 1 22.8068
0 0 0 0 1 22.5198
0 0 0 0 1 22.7076
0 0 0 0 1 22.4669
0 0 0 0 1 22.4299
0 0 0 0 1 22.5975
0 0 0 0 0 22.6062
0 0 0 0 0 22.5929
0 0 0 0 1 22.2651
0 0 0 0 1 22.59
0 0 0 0 1 22.6229
0 0 0 0 1 23.3852
0 0 0 0 0 24.2444
0 0 0 0 0 24.9171
0 0 0 0 1 26.1861
0 0 0 0 1 36.3084
0 0 0 0 1 36.2934
0 0 0 0 0 36.7522
0 0 0 0 1 36.1201
0 0 0 0 1 36.6837
0 0 0 0 1 38.7189
0 0 0 0 0 52.1188
0 0 0 0 1 52.2073
0 0 0 0 0 51.5169
0 0 0 0 1 52.4919
0 0 0 0 1 52.5313
0 0 0 0 1 56.5543
0 0 0 0 0 64.9388
0 0 0 0 1 70.0122
0 0 0 0 1 81.1555
0 0 0 0 0 4.97994
0 0 0 0 0 4.97994
0 0 0 0 0 5.03505
0 0 0 0 0 5.03004
0 0 0 0 0 4.99497
0 0 0 0 0 5.05509
0 0 0 0 0 5.05008
0 0 0 0 0 5.00499
0 0 0 0 0 5.02503
0 0 0 0 0 4.97994
0 0 0 0 0 5.04006
0 0 0 0 0 5.03505
0 0 0 0 1 87.8536
0 0 0 0 0 87.6875
0 0 0 0 1 75.7461
0 0 0 0 1 64.3497
0 0 0 0 1 60.4054
0 0 0 0 1 60.2954
0 0 0 0 1 60.61
0 0 0 0 0 51.3129
0 0 0 0 1 47.8432
0 0 0 0 1 48.2875
0 0 0 0 1 39.392
0 0 0 0 0 36.9671
0 0 0 0 1 35.4182
0 0 0 0 1 35.8584
0 0 0 0 1 35.3352
0 0 0 0 1 35.3486
0 0 0 0 0 28.0498
0 0 0 0 1 26.9107
0 0 0 0 1 25.8955
0 0 0 0 1 24.3684
0 0 0 0 1 24.4539
0 0 0 0 1 24.6878
0 0 0 0 1 24.7732
0 0 0 0 1 24.7125
0 0 0 0 1 24.8001
0 0 0 0 1 24.518
0 0 0 0 1 24.5078
0 0 0 0 0 24.9183
0 0 0 0 0 24.4873
0 0 0 0 1 18.1271
0 0 0 0 1 17.6504
0 0 0 0 1 17.3637
0 0 0 0 1 16.5939
0 0 0 0 1 16.3751
0 0 0 0 1 16.0065
0 0 0 0 1 15.3306
0 0 0 0 1 15.1968
0 0 0 0 1 14.6835
0 0 0 0 1 14.5096
0 0 0 0 1 13.958
0 0 0 0 0 13.9703
0 0 0 0 1 13.9683
0 0 0 0 1 13.897
0 0 0 0 1 13.8954
0 0 0 0 0 13.9219
0 0 0 0 1 13.9927
0 0 0 0 1 14.0058
0 0 0 0 1 13.9074
0 0 0 0 1 14.0748
0 0 0 0 1 14.0351
0 0 0 0 0 13.923
0 0 0 0 1 13.9373
0 0 0 0 1 13.9799
0 0 0 0 1 14.0394
0 0 0 0 1 14.0122
0 0 0 0 1 14.1685
0 0 0 0 0 14.1304
0 0 0 0 1 13.9908
0 0 0 0 1 14.1624
0 0 0 0 1 14.0682
0 0 0 0 0 14.2833
0 0 0 0 1 14.3315
0 0 0 0 0 14.3631
0 0 0 0 1 14.3693
0 0 0 0 1 14.3016
0 0 0 0 1 14.3939
0 0 0 0 1 14.3693
0 0 0 0 1 14.219
0 0 0 0 0 14.3235
0 0 0 0 1 8.79062
0 0 0 0 0 8.65122
0 0 0 0 1 8.65025
0 0 0 0 1 8.43526
0 0 0 0 1 8.39934
0 0 0 0 1 8.3122
0 0 0 0 1 8.1769
0 0 0 0 1 8.06573
0 0 0 0 1 7.93229
0 0 0 0 1 7.86315
0 0 0 0 1 7.75602
0 0 0 0 1 7.70211
0 0 0 0 1 7.6644
0 0 0 0 1 7.63338
0 0 0 0 1 7.43691
0 0 0 0 1 7.37797
0 0 0 0 1 7.37547
0 0 0 0 1 7.21412
0 0 0 0 1 7.17655
0 0 0 0 0 7.03904
0 0 0 0 1 7.08557
0 0 0 0 1 7.01389
0 0 0 0 1 6.92637
0 0 0 0 1 6.75296
0 0 0 0 1 6.76416
0 0 0 0 1 6.754
0 0 0 0 1 6.67002
0 0 0 0 1 6.54059
0 0 0 0 1 6.54263
0 0 0 0 1 6.41081
0 0 0 0 1 6.3929
0 0 0 0 0 6.30731
0 0 0 0 1 6.28516
0 0 0 0 1 6.28127
0 0 0 0 1 6.20257
0 0 0 0 1 6.09383
0 0 0 0 1 6.08927
0 0 0 0 1 6.00866
0 0 0 0 0 5.99749
0 0 0 0 1 5.97093
0 0 0 0 1 5.92358
0 0 0 0 1 5.83267
0 0 0 0 1 5.81774
0 0 0 0 1 5.71639
0 0 0 0 1 5.68136
0 0 0 0 0 5.68873
0 0 0 0 1 5.61702
0 0 0 0 1 5.56005
0 0 0 0 1 5.48933
0 0 0 0 1 5.47395
0 0 0 0 1 5.4202
0 0 0 0 1 5.42387
0 0 0 0 1 5.31441
0 0 0 0 1 5.27757
0 0 0 0 0 5.28622
0 0 0 0 1 5.28065
0 0 0 0 1 5.17364
0 0 0 0 1 5.13503
0 0 0 0 0 5.16864
0 0 0 0 0 5.0685
0 0 0 0 1 5.06769
0 0 0 0 1 5.02434
0 0 0 0 1 5.04964
0 0 0 0 1 4.98639
0 0 0 0 1 4.99291
0 0 0 0 0 4.9007
0 0 0 0 1 4.92657
0 0 0 0 1 4.9018
0 0 0 0 1 4.86405
0 0 0 0 1 4.85833
0 0 0 0 1 4.80739
0 0 0 0 1 4.81044
0 0 0 0 1 4.84267
0 0 0 0 0 4.87891
0 0 0 0 1 4.94092
0 0 0 0 1 4.88554
0 0 0 0 1 4.91351
0 0 0 0 0 4.90097
0 0 0 0 1 4.96385
0 0 0 0 1 5.01224
0 0 0 0 1 4.97982
0 0 0 0 1 5.03354
0 0 0 0 1 5.01724
0 0 0 0 1 5.02602
0 0 0 0 1 5.10068
0 0 0 0 1 5.0996
0 0 0 0 1 5.10868
0 0 0 0 1 5.09729
0 0 0 0 1 5.11018
0 0 0 0 1 5.18113
0 0 0 0 0 5.15943
0 0 0 0 1 5.16869
0 0 0 0 1 5.2301
0 0 0 0 1 5.22389
0 0 0 0 1 5.22808
0 0 0 0 1 5.22169
0 0 0 0 0 5.29607
0 0 0 0 1 5.36425
0 0 0 0 1 5.38481
0 0 0 0 1 5.40009
0 0 0 0 1 5.33468
0 0 0 0 1 5.39988
0 0 0 0 1 5.4858
0 0 0 0 0 5.39782
0 0 0 0 1 5.42951
0 0 0 0 1 5.48486
0 0 0 0 1 5.4949
0 0 0 0 1 5.54528
0 0 0 0 0 5.60002
0 0 0 0 1 5.60633
0 0 0 0 0 5.67285
0 0 0 0 1 5.67367
0 0 0 0 0 5.62738
0 0 0 0 1 5.65619
0 0 0 0 1 5.7294
0 0 0 0 1 5.70118
0 0 0 0 0 5.72454
0 0 0 0 0 5.79446
0 0 0 0 0 5.81662
0 0 0 0 1 5.89906
0 0 0 0 1 5.91732
0 0 0 0 1 5.89411
0 0 0 0 1 5.96575
0 0 0 0 1 6.0439
0 0 0 0 1 6.07454
0 0 0 0 1 6.08112
0 0 0 0 1 6.02073
0 0 0 0 1 6.09387
0 0 0 0 1 6.10617
0 0 0 0 1 6.18165
0 0 0 0 1 9.53808
0 0 0 0 1 9.51926
0 0 0 0 1 9.43119
0 0 0 0 1 9.47552
0 0 0 0 1 9.32563
0 0 0 0 1 9.36055
0 0 0 0 1 9.36725
0 0 0 0 1 9.24985
0 0 0 0 1 9.19523
0 0 0 0 1 9.21155
0 0 0 0 0 9.27374
0 0 0 0 1 9.23463
0 0 0 0 1 9.1135
0 0 0 0 0 9.14803
0 0 0 0 1 9.00977
0 0 0 0 1 9.00819
0 0 0 0 1 8.97954
0 0 0 0 1 8.91174
0 0 0 0 1 9.06304
0 0 0 0 1 8.86117
0 0 0 0 0 8.89579
0 0 0 0 1 8.84127
0 0 0 0 1 8.78711
0 0 0 0 1 8.84822
0 0 0 0 1 8.77341
0 0 0 0 1 8.75516
0 0 0 0 1 8.78087
0 0 0 0 1 8.66853
0 0 0 0 1 8.78165
0 0 0 0 1 8.61244
0 0 0 0 1 8.75122
0 0 0 0 1 8.59172
0 0 0 0 0 8.54875
0 0 0 0 1 8.5714
0 0 0 0 1 8.60605
0 0 0 0 0 8.51725
0 0 0 0 1 8.60321
0 0 0 0 0 8.53202
0 0 0 0 1 8.46121
0 0 0 0 1 8.48401
0 0 0 0 0 8.48984
0 0 0 0 0 8.48727
0 0 0 0 1 8.49677
0 0 0 0 0 8.41039
0 0 0 0 1 8.4082
0 0 0 0 1 8.39774
0 0 0 0 1 8.38739
0 0 0 0 0 8.24782
0 0 0 0 1 8.34586
0 0 0 0 1 8.29454
0 0 0 0 0 8.22319
0 0 0 0 1 8.31265
0 0 0 0 1 8.17963
0 0 0 0 1 8.12937
0 0 0 0 0 8.27607
0 0 0 0 1 8.19328
0 0 0 0 1 8.10276
0 0 0 0 1 8.15929
0 0 0 0 1 8.14254
0 0 0 0 1 8.07729
0 0 0 0 1 8.03668
0 0 0 0 1 8.03672
0 0 0 0 1 8.07717
0 0 0 0 1 7.97667
0 0 0 0 1 8.04138
0 0 0 0 1 7.93757
0 0 0 0 1 8.02632
0 0 0 0 1 7.92316
0 0 0 0 0 8.03953
0 0 0 0 0 7.92892
0 0 0 0 1 7.93008
0 0 0 0 1 7.89964
0 0 0 0 1 7.95651
0 0 0 0 1 7.85087
0 0 0 0 1 7.88419
0 0 0 0 1 7.8545
0 0 0 0 1 7.82058
0 0 0 0 1 7.91255
0 0 0 0 1 7.81267
0 0 0 0 1 7.81506
0 0 0 0 1 7.85667
0 0 0 0 1 7.761
0 0 0 0 1 7.77165
0 0 0 0 1 7.82131
0 0 0 0 0 7.843
0 0 0 0 0 7.8073
0 0 0 0 1 7.68961
