0 0 0 0 1 5.5196
0 0 0 0 1 5.53422
0 0 0 0 1 5.57126
0 0 0 0 1 5.6221
0 0 0 0 1 5.63168
0 0 0 0 1 5.61904
0 0 0 0 0 5.56636
0 0 0 0 1 5.58174
0 0 0 0 0 5.65007
0 0 0 0 1 5.63773
0 0 0 0 1 5.67049
0 0 0 0 1 5.68092
0 0 0 0 1 5.65406
0 0 0 0 1 5.6307
0 0 0 0 1 5.61869
0 0 0 0 1 5.63721
0 0 0 0 1 5.66515
0 0 0 0 1 5.72749
0 0 0 0 0 5.76732
0 0 0 0 0 5.66257
0 0 0 0 1 5.6796
0 0 0 0 1 5.68531
0 0 0 0 0 5.8061
0 0 0 0 1 5.81803
0 0 0 0 1 5.78568
0 0 0 0 1 5.83242
0 0 0 0 1 5.7578
0 0 0 0 1 5.79904
0 0 0 0 0 5.8638
0 0 0 0 1 5.86478
0 0 0 0 1 5.78405
0 0 0 0 1 5.81589
0 0 0 0 1 5.89472
0 0 0 0 0 5.83729
0 0 0 0 1 5.82676
0 0 0 0 1 5.83984
0 0 0 0 0 5.97129
0 0 0 0 1 5.94932
0 0 0 0 1 5.9095
0 0 0 0 1 5.89337
0 0 0 0 1 5.97865
0 0 0 0 0 5.97467
0 0 0 0 0 5.93011
0 0 0 0 0 6.04017
0 0 0 0 1 6.02441
0 0 0 0 0 6.00259
0 0 0 0 0 5.99761
0 0 0 0 1 6.10311
0 0 0 0 1 6.03889
0 0 0 0 1 6.13898
0 0 0 0 1 6.09294
0 0 0 0 1 6.10185
0 0 0 0 1 6.17736
0 0 0 0 1 6.10142
0 0 0 0 1 6.14755
0 0 0 0 1 6.20012
0 0 0 0 1 6.22818
0 0 0 0 0 6.20567
0 0 0 0 1 6.20277
0 0 0 0 1 6.30622
0 0 0 0 0 6.29645
0 0 0 0 1 6.25606
0 0 0 0 0 6.24703
0 0 0 0 1 6.34551
0 0 0 0 1 6.31766
0 0 0 0 0 6.42885
0 0 0 0 1 6.35002
0 0 0 0 1 6.44922
0 0 0 0 0 6.40208
0 0 0 0 1 6.48921
0 0 0 0 1 6.39667
0 0 0 0 1 6.52324
0 0 0 0 1 6.46272
0 0 0 0 1 6.57789
0 0 0 0 1 6.51719
0 0 0 0 1 6.50789
0 0 0 0 1 6.53802
0 0 0 0 0 6.5624
0 0 0 0 1 6.65253
0 0 0 0 1 6.66349
0 0 0 0 1 6.70788
0 0 0 0 1 6.6326
0 0 0 0 1 6.7381
0 0 0 0 1 6.80331
0 0 0 0 0 6.74726
0 0 0 0 1 6.81969
0 0 0 0 0 6.85175
0 0 0 0 0 6.85666
0 0 0 0 1 6.82725
0 0 0 0 0 6.92154
0 0 0 0 1 6.94735
0 0 0 0 1 6.95293
0 0 0 0 1 6.96501
0 0 0 0 1 6.94918
0 0 0 0 1 7.02431
0 0 0 0 1 7.01549
0 0 0 0 1 7.07674
0 0 0 0 1 7.16723
0 0 0 0 1 7.17997
0 0 0 0 1 7.18559
0 0 0 0 0 7.10504
0 0 0 0 0 7.1967
0 0 0 0 1 7.17279
0 0 0 0 0 7.22897
0 0 0 0 1 7.30696
0 0 0 0 1 7.26133
0 0 0 0 1 7.30307
0 0 0 0 1 7.41977
0 0 0 0 0 7.46233
0 0 0 0 0 7.49768
0 0 0 0 1 7.4363
0 0 0 0 1 7.53166
0 0 0 0 1 7.58999
0 0 0 0 1 7.65629
0 0 0 0 1 7.59387
0 0 0 0 1 7.59156
0 0 0 0 1 7.65823
0 0 0 0 1 7.69445
0 0 0 0 1 7.77739
0 0 0 0 0 7.78293
0 0 0 0 1 7.81231
0 0 0 0 0 7.91208
0 0 0 0 0 7.9173
0 0 0 0 1 7.96253
0 0 0 0 1 8.06343
0 0 0 0 0 8.013
0 0 0 0 1 8.09093
0 0 0 0 1 8.15318
0 0 0 0 1 8.12565
0 0 0 0 1 8.2537
0 0 0 0 1 8.30819
0 0 0 0 1 8.20564
0 0 0 0 1 8.27709
0 0 0 0 0 8.42363
0 0 0 0 1 8.39482
0 0 0 0 1 8.46683
0 0 0 0 0 8.48826
0 0 0 0 1 8.56944
0 0 0 0 1 8.65182
0 0 0 0 0 8.6736
0 0 0 0 1 8.74665
0 0 0 0 1 8.82086
0 0 0 0 1 8.72763
0 0 0 0 1 8.8115
0 0 0 0 1 8.96534
0 0 0 0 1 8.95951
0 0 0 0 1 8.9801
0 0 0 0 1 9.07293
0 0 0 0 1 9.06709
0 0 0 0 0 9.18808
0 0 0 0 1 9.13474
0 0 0 0 1 9.34944
0 0 0 0 1 9.27782
0 0 0 0 1 9.32464
0 0 0 0 1 9.55236
0 0 0 0 0 9.47658
0 0 0 0 1 9.51411
0 0 0 0 1 9.62035
0 0 0 0 1 9.7746
0 0 0 0 1 9.72481
0 0 0 0 1 9.90015
0 0 0 0 1 9.93975
0 0 0 0 1 9.91634
0 0 0 0 1 10.024
0 0 0 0 1 10.2017
0 0 0 0 1 10.2399
0 0 0 0 1 10.3173
0 0 0 0 0 10.4466
0 0 0 0 1 10.4119
0 0 0 0 0 10.5945
0 0 0 0 0 10.6624
0 0 0 0 0 10.6218
0 0 0 0 1 10.6675
0 0 0 0 1 10.8949
0 0 0 0 1 9.34312
0 0 0 0 1 9.3653
0 0 0 0 1 9.24409
0 0 0 0 1 9.15571
0 0 0 0 0 9.13703
0 0 0 0 1 9.10466
0 0 0 0 1 9.1689
0 0 0 0 0 9.20087
0 0 0 0 1 9.08203
0 0 0 0 1 9.13248
0 0 0 0 1 9.01446
0 0 0 0 1 8.98338
0 0 0 0 0 9.14708
0 0 0 0 1 8.97578
0 0 0 0 1 8.97234
0 0 0 0 1 8.92829
0 0 0 0 1 8.91622
0 0 0 0 1 8.98915
0 0 0 0 1 8.86509
0 0 0 0 1 8.95587
0 0 0 0 1 8.89974
0 0 0 0 1 8.98139
0 0 0 0 1 8.85869
0 0 0 0 1 8.84284
0 0 0 0 0 8.80062
0 0 0 0 1 8.76362
0 0 0 0 1 8.78359
0 0 0 0 1 8.73324
0 0 0 0 1 8.74461
0 0 0 0 1 8.72976
0 0 0 0 1 8.72382
0 0 0 0 0 8.74931
0 0 0 0 1 8.70002
0 0 0 0 1 8.651
0 0 0 0 1 8.68045
0 0 0 0 1 8.59715
0 0 0 0 1 8.58352
0 0 0 0 1 8.6133
0 0 0 0 1 8.55676
0 0 0 0 1 8.62983
0 0 0 0 0 8.61672
0 0 0 0 1 8.52642
0 0 0 0 1 8.52235
0 0 0 0 1 8.59554
0 0 0 0 1 8.57452
0 0 0 0 1 8.53661
0 0 0 0 1 8.45071
0 0 0 0 1 8.53264
0 0 0 0 1 8.4898
0 0 0 0 1 8.63904
0 0 0 0 1 8.80685
0 0 0 0 1 8.86921
0 0 0 0 1 9.00234
0 0 0 0 1 9.21907
0 0 0 0 0 9.45704
0 0 0 0 1 9.5744
0 0 0 0 1 9.59391
0 0 0 0 1 9.81579
0 0 0 0 1 10.0398
0 0 0 0 1 10.2351
0 0 0 0 1 10.4623
0 0 0 0 1 10.5106
0 0 0 0 0 10.8234
0 0 0 0 1 10.8871
0 0 0 0 0 11.2132
0 0 0 0 1 11.463
0 0 0 0 1 11.6779
0 0 0 0 1 11.8905
0 0 0 0 1 12.1386
0 0 0 0 1 12.4071
0 0 0 0 1 12.5354
0 0 0 0 1 12.8604
0 0 0 0 1 22.7509
0 0 0 0 1 22.7775
0 0 0 0 0 22.5529
0 0 0 0 0 22.8071
0 0 0 0 1 22.6308
0 0 0 0 0 22.7495
0 0 0 0 1 22.8006
0 0 0 0 1 22.4226
0 0 0 0 1 22.7005
0 0 0 0 1 22.7527
0 0 0 0 1 22.5346
0 0 0 0 1 22.3397
0 0 0 0 1 22.6651
0 0 0 0 1 22.4936
0 0 0 0 1 22.6379
0 0 0 0 0 22.5125
0 0 0 0 1 22.3877
0 0 0 0 1 22.5555
0 0 0 0 1 23.0836
0 0 0 0 0 24.1479
0 0 0 0 1 25.2437
0 0 0 0 1 26.2909
0 0 0 0 0 36.454
0 0 0 0 1 36.6574
0 0 0 0 1 36.0972
0 0 0 0 1 36.4839
0 0 0 0 1 36.1742
0 0 0 0 1 38.796
0 0 0 0 1 52.1708
0 0 0 0 1 51.843
0 0 0 0 1 51.8811
0 0 0 0 1 51.8676
0 0 0 0 1 51.7511
0 0 0 0 1 56.0469
0 0 0 0 1 65.5934
0 0 0 0 0 69.4549
0 0 0 0 1 82.3009
0 0 0 0 0 4.98996
0 0 0 0 0 4.9599
0 0 0 0 0 4.99497
0 0 0 0 0 5.02503
0 0 0 0 0 4.97994
0 0 0 0 0 4.97493
0 0 0 0 0 5.04507
0 0 0 0 0 5.00499
0 0 0 0 0 4.96992
0 0 0 0 0 4.9599
0 0 0 0 0 5.02002
0 0 0 0 0 5.05509
0 0 0 0 1 88.3791
0 0 0 0 1 87.1619
0 0 0 0 1 74.3935
0 0 0 0 1 64.2858
0 0 0 0 0 60.4659
0 0 0 0 1 60.356
0 0 0 0 1 61.0944
0 0 0 0 1 51.5192
0 0 0 0 1 47.5073
0 0 0 0 1 47.7115
0 0 0 0 1 39.392
0 0 0 0 1 36.9671
0 0 0 0 1 35.3825
0 0 0 0 1 35.5373
0 0 0 0 1 35.585
0 0 0 0 1 35.5272
0 0 0 0 1 27.8813
0 0 0 0 1 26.8303
0 0 0 0 0 25.4084
0 0 0 0 1 24.8607
0 0 0 0 1 24.7494
0 0 0 0 1 24.466
0 0 0 0 1 24.4282
0 0 0 0 1 24.8604
0 0 0 0 1 24.9235
0 0 0 0 1 24.9378
0 0 0 0 1 24.9278
0 0 0 0 1 24.8936
0 0 0 0 0 24.8583
0 0 0 0 1 18.2727
0 0 0 0 1 17.7211
0 0 0 0 1 17.2949
0 0 0 0 1 16.8615
0 0 0 0 1 16.3913
0 0 0 0 1 15.816
0 0 0 0 1 15.408
0 0 0 0 1 15.0456
0 0 0 0 1 14.6539
0 0 0 0 1 14.2788
0 0 0 0 1 13.9721
0 0 0 0 1 13.9425
0 0 0 0 1 13.8293
0 0 0 0 1 14.0222
0 0 0 0 1 13.9093
0 0 0 0 1 13.8383
0 0 0 0 0 13.8252
0 0 0 0 1 13.8941
0 0 0 0 0 13.8375
0 0 0 0 1 14.0748
0 0 0 0 1 13.979
0 0 0 0 0 14.0352
0 0 0 0 0 14.1057
0 0 0 0 0 14.0221
0 0 0 0 0 14.0253
0 0 0 0 1 14.139
0 0 0 0 1 14.1826
0 0 0 0 1 14.1445
0 0 0 0 1 14.0191
0 0 0 0 1 14.0917
0 0 0 0 1 14.2665
0 0 0 0 1 14.1131
0 0 0 0 1 14.1043
0 0 0 0 1 14.1782
0 0 0 0 1 14.1557
0 0 0 0 0 14.2873
0 0 0 0 1 14.3368
0 0 0 0 1 14.1691
0 0 0 0 1 14.1761
0 0 0 0 1 14.4096
0 0 0 0 1 8.86123
0 0 0 0 0 8.63379
0 0 0 0 1 8.51267
0 0 0 0 1 8.44376
0 0 0 0 1 8.40774
0 0 0 0 1 8.29563
0 0 0 0 0 8.1851
0 0 0 0 0 8.08191
0 0 0 0 1 8.02824
0 0 0 0 1 7.87896
0 0 0 0 1 7.85766
0 0 0 0 1 7.64803
0 0 0 0 0 7.71025
0 0 0 0 0 7.48223
0 0 0 0 0 7.53408
0 0 0 0 0 7.33357
0 0 0 0 1 7.27304
0 0 0 0 1 7.17066
0 0 0 0 1 7.20523
0 0 0 0 1 7.03194
0 0 0 0 0 6.97321
0 0 0 0 1 7.02085
0 0 0 0 1 6.92637
0 0 0 0 1 6.7666
0 0 0 0 1 6.81822
0 0 0 0 1 6.68037
0 0 0 0 1 6.67002
0 0 0 0 1 6.57342
0 0 0 0 1 6.55564
0 0 0 0 1 6.4753
0 0 0 0 1 6.38013
0 0 0 0 1 6.28832
0 0 0 0 1 6.32284
0 0 0 0 1 6.18789
0 0 0 0 1 6.17788
0 0 0 0 0 6.08771
0 0 0 0 1 6.05288
0 0 0 0 0 5.96652
0 0 0 0 1 6.02733
0 0 0 0 1 5.87023
0 0 0 0 0 5.859
0 0 0 0 1 5.7744
0 0 0 0 1 5.75413
0 0 0 0 1 5.7623
0 0 0 0 1 5.69842
0 0 0 0 1 5.61536
0 0 0 0 1 5.61142
0 0 0 0 1 5.61014
0 0 0 0 1 5.48933
0 0 0 0 1 5.52326
0 0 0 0 1 5.41476
0 0 0 0 1 5.45628
0 0 0 0 1 5.4003
0 0 0 0 1 5.33615
0 0 0 0 1 5.28093
0 0 0 0 1 5.22291
0 0 0 0 1 5.25708
0 0 0 0 0 5.16093
0 0 0 0 1 5.17379
0 0 0 0 1 5.16567
0 0 0 0 1 5.05754
0 0 0 0 1 5.02938
0 0 0 0 1 5.06468
0 0 0 0 1 4.97642
0 0 0 0 1 4.98301
0 0 0 0 1 4.92528
0 0 0 0 1 4.90215
0 0 0 0 0 4.80949
0 0 0 0 1 4.81579
0 0 0 0 1 4.86315
0 0 0 0 1 4.84118
0 0 0 0 0 4.86372
0 0 0 0 0 4.82808
0 0 0 0 1 4.86916
0 0 0 0 1 4.88222
0 0 0 0 1 4.88554
0 0 0 0 1 4.94801
0 0 0 0 1 4.89109
0 0 0 0 1 4.96881
0 0 0 0 1 4.94753
0 0 0 0 1 4.97483
0 0 0 0 1 4.99347
0 0 0 0 1 4.97702
0 0 0 0 1 5.00079
0 0 0 0 1 5.07029
0 0 0 0 1 5.13519
0 0 0 0 1 5.06275
0 0 0 0 1 5.16389
0 0 0 0 1 5.08963
0 0 0 0 1 5.1502
0 0 0 0 1 5.15943
0 0 0 0 1 5.16349
0 0 0 0 1 5.18317
0 0 0 0 1 5.22389
0 0 0 0 1 5.21757
0 0 0 0 1 5.30081
0 0 0 0 1 5.34378
0 0 0 0 0 5.29506
0 0 0 0 1 5.3207
0 0 0 0 1 5.39473
0 0 0 0 1 5.38851
0 0 0 0 1 5.39447
0 0 0 0 1 5.47493
0 0 0 0 1 5.39782
0 0 0 0 0 5.52256
0 0 0 0 1 5.51237
0 0 0 0 1 5.51699
0 0 0 0 1 5.53418
0 0 0 0 1 5.60002
0 0 0 0 1 5.62314
0 0 0 0 1 5.63912
0 0 0 0 1 5.70192
0 0 0 0 1 5.68978
0 0 0 0 1 5.66189
0 0 0 0 1 5.68361
0 0 0 0 1 5.79898
0 0 0 0 0 5.73032
0 0 0 0 0 5.77702
0 0 0 0 0 5.82246
0 0 0 0 1 5.80523
0 0 0 0 1 5.86427
0 0 0 0 0 5.88227
0 0 0 0 1 5.94789
0 0 0 0 0 5.94816
0 0 0 0 0 6.03244
0 0 0 0 1 5.9844
0 0 0 0 1 6.02073
0 0 0 0 1 6.09997
0 0 0 0 1 6.19822
0 0 0 0 1 6.16312
0 0 0 0 1 9.43337
0 0 0 0 0 9.41496
0 0 0 0 1 9.38394
0 0 0 0 1 9.49436
0 0 0 0 1 9.39131
0 0 0 0 1 9.30445
0 0 0 0 1 9.33929
0 0 0 0 1 9.32422
0 0 0 0 1 9.22301
0 0 0 0 1 9.29462
0 0 0 0 1 9.20934
0 0 0 0 0 9.10625
0 0 0 0 1 9.1135
0 0 0 0 1 9.03869
0 0 0 0 1 9.0461
0 0 0 0 1 8.96292
0 0 0 0 1 9.05173
0 0 0 0 1 9.02877
0 0 0 0 1 8.95536
0 0 0 0 0 9.01333
0 0 0 0 1 8.96717
0 0 0 0 0 8.91243
0 0 0 0 0 8.88464
0 0 0 0 1 8.84822
0 0 0 0 0 8.72932
0 0 0 0 0 8.83427
0 0 0 0 1 8.71953
0 0 0 0 0 8.68603
0 0 0 0 1 8.78165
0 0 0 0 1 8.71684
0 0 0 0 1 8.63847
0 0 0 0 1 8.66094
0 0 0 0 1 8.61776
0 0 0 0 1 8.59722
0 0 0 0 1 8.50309
0 0 0 0 1 8.48301
0 0 0 0 1 8.50079
0 0 0 0 1 8.59162
0 0 0 0 1 8.52067
0 0 0 0 1 8.4501
0 0 0 0 1 8.4983
0 0 0 0 1 8.36072
0 0 0 0 1 8.3874
0 0 0 0 0 8.30966
0 0 0 0 0 8.30771
0 0 0 0 1 8.33925
0 0 0 0 1 8.31236
0 0 0 0 1 8.27277
0 0 0 0 1 8.22971
0 0 0 0 1 8.23659
0 0 0 0 1 8.19839
0 0 0 0 0 8.31265
0 0 0 0 1 8.29484
0 0 0 0 0 8.19506
0 0 0 0 1 8.21051
0 0 0 0 0 8.13604
0 0 0 0 1 8.11092
0 0 0 0 1 8.13486
0 0 0 0 1 8.04502
0 0 0 0 0 8.06107
0 0 0 0 0 8.12571
0 0 0 0 1 8.12557
0 0 0 0 0 8.01268
0 0 0 0 1 8.1296
0 0 0 0 1 8.01728
0 0 0 0 1 7.93757
0 0 0 0 1 8.02632
0 0 0 0 0 7.93114
0 0 0 0 0 7.99167
0 0 0 0 0 7.89707
0 0 0 0 1 7.95392
0 0 0 0 0 7.98688
0 0 0 0 1 7.89317
0 0 0 0 1 7.86668
0 0 0 0 0 7.97101
0 0 0 0 1 7.94904
0 0 0 0 1 7.89139
0 0 0 0 1 7.90469
0 0 0 0 1 7.81267
0 0 0 0 0 7.82289
0 0 0 0 1 7.76286
0 0 0 0 1 7.73758
0 0 0 0 1 7.81842
0 0 0 0 1 7.84466
0 0 0 0 1 7.73418
0 0 0 0 1 7.69089
0 0 0 0 1 7.78263
