0 0 0 0 1 5.49742
0 0 0 0 1 5.51755
0 0 0 0 1 5.5323
0 0 0 0 0 5.51623
0 0 0 0 1 5.58702
0 0 0 0 1 5.58549
0 0 0 0 1 5.61111
0 0 0 0 0 5.62658
0 0 0 0 1 5.59396
0 0 0 0 1 5.64335
0 0 0 0 1 5.66486
0 0 0 0 1 5.63014
0 0 0 0 1 5.69924
0 0 0 0 1 5.6024
0 0 0 0 1 5.6924
0 0 0 0 1 5.72804
0 0 0 0 1 5.64808
0 0 0 0 1 5.75028
0 0 0 0 1 5.65312
0 0 0 0 0 5.72542
0 0 0 0 0 5.7483
0 0 0 0 1 5.69678
0 0 0 0 1 5.73137
0 0 0 0 1 5.79499
0 0 0 0 0 5.75107
0 0 0 0 1 5.8093
0 0 0 0 1 5.82731
0 0 0 0 1 5.85709
0 0 0 0 1 5.80562
0 0 0 0 1 5.79482
0 0 0 0 1 5.86584
0 0 0 0 1 5.86269
0 0 0 0 0 5.82441
0 0 0 0 1 5.90189
0 0 0 0 0 5.92682
0 0 0 0 1 5.91653
0 0 0 0 0 5.87078
0 0 0 0 1 5.97895
0 0 0 0 1 5.92138
0 0 0 0 0 5.97671
0 0 0 0 0 6.00848
0 0 0 0 1 5.92683
0 0 0 0 1 5.98402
0 0 0 0 1 5.98012
0 0 0 0 1 5.98228
0 0 0 0 1 6.04482
0 0 0 0 1 6.1126
0 0 0 0 1 6.04245
0 0 0 0 1 6.0328
0 0 0 0 0 6.15727
0 0 0 0 1 6.05016
0 0 0 0 1 6.12023
0 0 0 0 0 6.16506
0 0 0 0 1 6.09527
0 0 0 0 1 6.2031
0 0 0 0 1 6.17537
0 0 0 0 1 6.25299
0 0 0 0 0 6.24924
0 0 0 0 1 6.20277
0 0 0 0 1 6.31873
0 0 0 0 1 6.24623
0 0 0 0 1 6.26865
0 0 0 0 1 6.30382
0 0 0 0 1 6.3898
0 0 0 0 1 6.29863
0 0 0 0 1 6.38429
0 0 0 0 1 6.31811
0 0 0 0 1 6.44922
0 0 0 0 1 6.36356
0 0 0 0 1 6.45699
0 0 0 0 1 6.39667
0 0 0 0 1 6.53621
0 0 0 0 1 6.54074
0 0 0 0 1 6.46706
0 0 0 0 1 6.50411
0 0 0 0 0 6.59974
0 0 0 0 1 6.57753
0 0 0 0 1 6.5426
0 0 0 0 0 6.67241
0 0 0 0 1 6.63689
0 0 0 0 0 6.70788
0 0 0 0 1 6.67276
0 0 0 0 1 6.72468
0 0 0 0 1 6.72921
0 0 0 0 1 6.79459
0 0 0 0 1 6.73148
0 0 0 0 1 6.79046
0 0 0 0 1 6.7883
0 0 0 0 0 6.83411
0 0 0 0 0 6.88022
0 0 0 0 1 6.87131
0 0 0 0 0 6.91134
0 0 0 0 1 7.02068
0 0 0 0 1 7.01204
0 0 0 0 1 6.96121
0 0 0 0 0 7.08585
0 0 0 0 1 7.10502
0 0 0 0 1 7.12465
0 0 0 0 1 7.10874
0 0 0 0 0 7.17844
0 0 0 0 0 7.12657
0 0 0 0 0 7.26153
0 0 0 0 1 7.28136
0 0 0 0 1 7.30162
0 0 0 0 1 7.32886
0 0 0 0 0 7.34926
0 0 0 0 1 7.33988
0 0 0 0 1 7.44192
0 0 0 0 1 7.35106
0 0 0 0 1 7.37843
0 0 0 0 1 7.42134
0 0 0 0 0 7.55421
0 0 0 0 1 7.49937
0 0 0 0 1 7.55006
0 0 0 0 0 7.54056
0 0 0 0 1 7.59921
0 0 0 0 1 7.63516
0 0 0 0 1 7.8026
0 0 0 0 1 7.81619
0 0 0 0 1 7.86871
0 0 0 0 1 7.75751
0 0 0 0 0 7.78624
0 0 0 0 1 7.97267
0 0 0 0 1 7.97842
0 0 0 0 1 7.91159
0 0 0 0 1 7.98088
0 0 0 0 0 8.0022
0 0 0 0 0 8.17749
0 0 0 0 1 8.0849
0 0 0 0 1 8.15545
0 0 0 0 1 8.22585
0 0 0 0 1 8.20564
0 0 0 0 1 8.35196
0 0 0 0 0 8.35671
0 0 0 0 1 8.36958
0 0 0 0 0 8.50067
0 0 0 0 1 8.44574
0 0 0 0 1 8.62076
0 0 0 0 0 8.54013
0 0 0 0 0 8.68223
0 0 0 0 0 8.6771
0 0 0 0 1 8.65476
0 0 0 0 1 8.87719
0 0 0 0 0 8.8822
0 0 0 0 1 8.8764
0 0 0 0 1 8.94161
0 0 0 0 1 9.06116
0 0 0 0 1 9.01855
0 0 0 0 1 9.20378
0 0 0 0 1 9.20642
0 0 0 0 1 9.21778
0 0 0 0 0 9.22874
0 0 0 0 0 9.32449
0 0 0 0 1 9.44684
0 0 0 0 1 9.43887
0 0 0 0 1 9.53373
0 0 0 0 1 9.49493
0 0 0 0 1 9.69755
0 0 0 0 0 9.66772
0 0 0 0 0 9.87156
0 0 0 0 1 9.88045
0 0 0 0 1 9.82083
0 0 0 0 1 9.95628
0 0 0 0 1 10.0743
0 0 0 0 1 10.1004
0 0 0 0 1 10.2501
0 0 0 0 1 10.2351
0 0 0 0 1 10.312
0 0 0 0 1 10.3598
0 0 0 0 1 10.4265
0 0 0 0 1 10.6836
0 0 0 0 1 10.7605
0 0 0 0 1 10.6998
0 0 0 0 1 10.884
0 0 0 0 1 9.38034
0 0 0 0 1 9.21679
0 0 0 0 1 9.2904
0 0 0 0 1 9.32201
0 0 0 0 1 9.15547
0 0 0 0 1 9.2886
0 0 0 0 1 9.13219
0 0 0 0 1 9.13678
0 0 0 0 1 9.20081
0 0 0 0 1 9.18717
0 0 0 0 1 9.03265
0 0 0 0 0 8.98338
0 0 0 0 1 9.02029
0 0 0 0 1 9.11137
0 0 0 0 0 9.08957
0 0 0 0 1 8.94629
0 0 0 0 1 9.03294
0 0 0 0 1 8.89056
0 0 0 0 0 8.90087
0 0 0 0 1 9.00051
0 0 0 0 1 8.99773
0 0 0 0 1 8.8569
0 0 0 0 1 8.9297
0 0 0 0 0 8.84284
0 0 0 0 0 8.86253
0 0 0 0 1 8.76362
0 0 0 0 1 8.78359
0 0 0 0 1 8.80359
0 0 0 0 1 8.85875
0 0 0 0 1 8.74729
0 0 0 0 1 8.79382
0 0 0 0 1 8.8017
0 0 0 0 0 8.639
0 0 0 0 0 8.78155
0 0 0 0 1 8.75866
0 0 0 0 1 8.72728
0 0 0 0 1 8.65282
0 0 0 0 1 8.596
0 0 0 0 1 8.68627
0 0 0 0 0 8.56086
0 0 0 0 1 8.55646
0 0 0 0 1 8.62097
0 0 0 0 1 8.54809
0 0 0 0 1 8.51841
0 0 0 0 1 8.4975
0 0 0 0 1 8.59642
0 0 0 0 1 8.59582
0 0 0 0 1 8.57526
0 0 0 0 0 8.5584
0 0 0 0 1 8.69124
0 0 0 0 0 8.80685
0 0 0 0 1 8.94088
0 0 0 0 1 9.16602
0 0 0 0 1 9.18212
0 0 0 0 1 9.39137
0 0 0 0 1 9.49811
0 0 0 0 1 9.66168
0 0 0 0 0 9.86502
0 0 0 0 0 9.96977
0 0 0 0 1 10.123
0 0 0 0 1 10.4623
0 0 0 0 1 10.4473
0 0 0 0 1 10.8234
0 0 0 0 0 10.8542
0 0 0 0 1 11.202
0 0 0 0 1 11.3494
0 0 0 0 1 11.6894
0 0 0 0 1 11.7132
0 0 0 0 1 12.0904
0 0 0 0 1 12.1856
0 0 0 0 1 12.6611
0 0 0 0 1 12.976
0 0 0 0 1 22.66
0 0 0 0 0 22.5504
0 0 0 0 0 22.6664
0 0 0 0 1 22.6484
0 0 0 0 1 22.6988
0 0 0 0 1 22.6816
0 0 0 0 0 22.6649
0 0 0 0 1 22.5808
0 0 0 0 0 22.4746
0 0 0 0 1 22.5947
0 0 0 0 1 22.715
0 0 0 0 0 22.768
0 0 0 0 0 22.3496
0 0 0 0 1 22.4936
0 0 0 0 1 22.5479
0 0 0 0 1 22.4001
0 0 0 0 0 22.2529
0 0 0 0 1 22.3758
0 0 0 0 1 23.1532
0 0 0 0 1 24.0514
0 0 0 0 1 24.8669
0 0 0 0 1 25.9764
0 0 0 0 1 36.709
0 0 0 0 1 36.2934
0 0 0 0 1 36.5339
0 0 0 0 1 36.4839
0 0 0 0 1 36.0286
0 0 0 0 0 38.7189
0 0 0 0 0 51.5981
0 0 0 0 0 52.5196
0 0 0 0 0 51.8291
0 0 0 0 1 51.7636
0 0 0 0 0 52.1152
0 0 0 0 0 56.4979
0 0 0 0 1 65.2661
0 0 0 0 1 69.5942
0 0 0 0 1 81.5646
0 0 0 0 0 5.02503
0 0 0 0 0 5.00499
0 0 0 0 0 4.9599
0 0 0 0 0 4.99497
0 0 0 0 0 5.01501
0 0 0 0 0 5.00499
0 0 0 0 0 4.98996
0 0 0 0 0 5.05509
0 0 0 0 0 5.03505
0 0 0 0 0 5.05509
0 0 0 0 0 5.03004
0 0 0 0 0 5.04006
0 0 0 0 0 87.8536
0 0 0 0 1 88.3883
0 0 0 0 1 74.9195
0 0 0 0 1 63.7751
0 0 0 0 1 60.1633
0 0 0 0 1 59.9928
0 0 0 0 1 60.3678
0 0 0 0 1 51.2613
0 0 0 0 1 47.7472
0 0 0 0 0 48.0955
0 0 0 0 1 39.4313
0 0 0 0 1 36.8566
0 0 0 0 1 35.7748
0 0 0 0 1 35.3232
0 0 0 0 1 35.9777
0 0 0 0 1 35.9913
0 0 0 0 0 28.134
0 0 0 0 0 26.9107
0 0 0 0 0 25.8955
0 0 0 0 1 24.393
0 0 0 0 1 24.5031
0 0 0 0 1 24.3921
0 0 0 0 1 24.5268
0 0 0 0 1 24.4658
0 0 0 0 0 24.7014
0 0 0 0 0 24.5427
0 0 0 0 1 24.8043
0 0 0 0 1 24.6464
0 0 0 0 1 24.5368
0 0 0 0 1 18.0725
0 0 0 0 1 17.7035
0 0 0 0 1 17.0542
0 0 0 0 1 16.5604
0 0 0 0 1 16.4402
0 0 0 0 1 15.9907
0 0 0 0 1 15.6248
0 0 0 0 0 15.0456
0 0 0 0 0 14.6244
0 0 0 0 0 14.4952
0 0 0 0 1 14.2259
0 0 0 0 1 13.9564
0 0 0 0 1 13.8015
0 0 0 0 1 13.9526
0 0 0 0 1 13.7979
0 0 0 0 0 13.8522
0 0 0 0 1 13.9089
0 0 0 0 0 14.0337
0 0 0 0 1 14.0192
0 0 0 0 1 14.0468
0 0 0 0 1 14.1051
0 0 0 0 1 14.0913
0 0 0 0 0 14.1619
0 0 0 0 0 14.0783
0 0 0 0 0 13.955
0 0 0 0 1 14.1249
0 0 0 0 1 14.2249
0 0 0 0 1 14.1304
0 0 0 0 1 14.0615
0 0 0 0 1 14.1624
0 0 0 0 1 14.0682
0 0 0 0 1 14.1415
0 0 0 0 1 14.1185
0 0 0 0 1 14.1497
0 0 0 0 1 14.3835
0 0 0 0 1 14.3871
0 0 0 0 1 14.4224
0 0 0 0 1 14.3264
0 0 0 0 1 14.4624
0 0 0 0 1 14.2232
0 0 0 0 1 8.76414
0 0 0 0 1 8.63379
0 0 0 0 1 8.67604
0 0 0 0 1 8.46924
0 0 0 0 1 8.42452
0 0 0 0 0 8.21275
0 0 0 0 0 8.26703
0 0 0 0 0 8.07382
0 0 0 0 1 7.95627
0 0 0 0 1 7.98169
0 0 0 0 1 7.85766
0 0 0 0 1 7.74846
0 0 0 0 0 7.56506
0 0 0 0 1 7.5049
0 0 0 0 0 7.51913
0 0 0 0 1 7.41497
0 0 0 0 1 7.38279
0 0 0 0 1 7.22136
0 0 0 0 1 7.2339
0 0 0 0 1 7.08871
0 0 0 0 1 6.96619
0 0 0 0 1 7.01389
0 0 0 0 1 6.86441
0 0 0 0 1 6.81435
0 0 0 0 1 6.79119
0 0 0 0 1 6.6536
0 0 0 0 0 6.60372
0 0 0 0 0 6.56029
0 0 0 0 1 6.54263
0 0 0 0 0 6.4753
0 0 0 0 1 6.33542
0 0 0 0 1 6.28198
0 0 0 0 1 6.27261
0 0 0 0 1 6.16299
0 0 0 0 0 6.15319
0 0 0 0 1 6.16113
0 0 0 0 1 6.00436
0 0 0 0 0 5.9605
0 0 0 0 1 5.90798
0 0 0 0 0 5.94724
0 0 0 0 1 5.859
0 0 0 0 1 5.88511
0 0 0 0 1 5.84087
0 0 0 0 1 5.72213
0 0 0 0 1 5.63586
0 0 0 0 0 5.59279
0 0 0 0 1 5.65623
0 0 0 0 1 5.53222
0 0 0 0 1 5.5059
0 0 0 0 0 5.4849
0 0 0 0 1 5.42563
0 0 0 0 1 5.45628
0 0 0 0 1 5.33051
0 0 0 0 1 5.35212
0 0 0 0 0 5.31268
0 0 0 0 0 5.25965
0 0 0 0 0 5.19972
0 0 0 0 1 5.12984
0 0 0 0 0 5.11716
0 0 0 0 1 5.15544
0 0 0 0 1 5.02711
0 0 0 0 1 5.07473
0 0 0 0 0 4.96439
0 0 0 0 1 4.93159
0 0 0 0 1 4.97312
0 0 0 0 1 4.9007
0 0 0 0 1 4.84844
0 0 0 0 0 4.81921
0 0 0 0 0 4.86405
0 0 0 0 1 4.85352
0 0 0 0 1 4.83152
0 0 0 0 1 4.8831
0 0 0 0 1 4.81836
0 0 0 0 1 4.84479
0 0 0 0 1 4.88222
0 0 0 0 1 4.87572
0 0 0 0 0 4.90365
0 0 0 0 0 4.93061
0 0 0 0 1 5.00352
0 0 0 0 1 5.00229
0 0 0 0 1 5.02473
0 0 0 0 1 5.05858
0 0 0 0 0 5.04238
0 0 0 0 1 5.02098
0 0 0 0 0 5.10575
0 0 0 0 1 5.12502
0 0 0 0 0 5.14441
0 0 0 0 1 5.12803
0 0 0 0 1 5.1564
0 0 0 0 1 5.18113
0 0 0 0 1 5.16461
0 0 0 0 0 5.22063
0 0 0 0 1 5.22489
0 0 0 0 1 5.21865
0 0 0 0 1 5.30689
0 0 0 0 1 5.23752
0 0 0 0 1 5.33848
0 0 0 0 1 5.26846
0 0 0 0 0 5.38481
0 0 0 0 1 5.38401
0 0 0 0 0 5.42081
0 0 0 0 1 5.45399
0 0 0 0 1 5.41519
0 0 0 0 1 5.43054
0 0 0 0 1 5.50614
0 0 0 0 0 5.49036
0 0 0 0 1 5.48937
0 0 0 0 1 5.59524
0 0 0 0 1 5.60002
0 0 0 0 1 5.57833
0 0 0 0 1 5.63349
0 0 0 0 1 5.59455
0 0 0 0 1 5.63305
0 0 0 0 1 5.73602
0 0 0 0 1 5.74085
0 0 0 0 1 5.72419
0 0 0 0 1 5.78814
0 0 0 0 1 5.8642
0 0 0 0 1 5.84579
0 0 0 0 1 5.84628
0 0 0 0 0 5.94089
0 0 0 0 1 5.89411
0 0 0 0 1 5.97765
0 0 0 0 1 5.94816
0 0 0 0 1 6.02643
0 0 0 0 1 6.06298
0 0 0 0 1 6.04503
0 0 0 0 1 6.07555
0 0 0 0 1 6.1614
0 0 0 0 0 6.1199
0 0 0 0 1 9.57615
0 0 0 0 1 9.5003
0 0 0 0 1 9.50679
0 0 0 0 0 9.32482
0 0 0 0 1 9.40069
0 0 0 0 1 9.39796
0 0 0 0 1 9.35793
0 0 0 0 1 9.30562
0 0 0 0 0 9.33413
0 0 0 0 1 9.29462
0 0 0 0 0 9.13573
0 0 0 0 1 9.20712
0 0 0 0 1 9.13178
0 0 0 0 0 9.14803
0 0 0 0 0 9.09151
0 0 0 0 1 9.06251
0 0 0 0 0 9.04271
0 0 0 0 1 9.03777
0 0 0 0 1 8.92844
0 0 0 0 1 9.02228
0 0 0 0 1 9.00286
0 0 0 0 1 8.85017
0 0 0 0 0 8.85804
0 0 0 0 1 8.84822
0 0 0 0 1 8.8704
0 0 0 0 1 8.81669
0 0 0 0 1 8.83345
0 0 0 0 0 8.68603
0 0 0 0 1 8.69445
0 0 0 0 0 8.68204
0 0 0 0 1 8.63847
0 0 0 0 1 8.7042
0 0 0 0 1 8.68677
0 0 0 0 1 8.65746
0 0 0 0 1 8.54599
0 0 0 0 1 8.57717
0 0 0 0 1 8.45811
0 0 0 0 0 8.45538
0 0 0 0 0 8.42723
0 0 0 0 1 8.53486
0 0 0 0 1 8.38837
0 0 0 0 1 8.47883
0 0 0 0 1 8.42105
0 0 0 0 0 8.31806
0 0 0 0 1 8.35796
0 0 0 0 0 8.38103
0 0 0 0 1 8.37072
0 0 0 0 0 8.35591
0 0 0 0 0 8.2712
0 0 0 0 0 8.20348
0 0 0 0 0 8.2893
0 0 0 0 0 8.22194
0 0 0 0 1 8.15494
0 0 0 0 1 8.15401
0 0 0 0 1 8.26787
0 0 0 0 1 8.14422
0 0 0 0 0 8.18436
0 0 0 0 0 8.16743
0 0 0 0 1 8.14254
0 0 0 0 0 8.11784
0 0 0 0 0 8.1338
0 0 0 0 1 8.02865
0 0 0 0 1 8.03687
0 0 0 0 1 8.04106
0 0 0 0 1 8.08958
0 0 0 0 1 7.96964
0 0 0 0 1 7.93029
0 0 0 0 0 8.03497
0 0 0 0 1 7.95179
0 0 0 0 0 7.88911
0 0 0 0 1 7.87446
0 0 0 0 1 7.9155
0 0 0 0 0 7.85359
0 0 0 0 1 7.88249
0 0 0 0 1 7.82106
0 0 0 0 1 7.94116
0 0 0 0 1 7.81271
0 0 0 0 0 7.91255
0 0 0 0 1 7.87542
0 0 0 0 1 7.85421
0 0 0 0 1 7.83322
0 0 0 0 1 7.88593
0 0 0 0 1 7.74826
0 0 0 0 0 7.75127
0 0 0 0 1 7.74195
0 0 0 0 1 7.8073
0 0 0 0 1 7.79038
