0 0 0 0 1 5.5307
0 0 0 0 1 5.562
0 0 0 0 1 5.52117
0 0 0 0 1 5.60538
0 0 0 0 1 5.59261
0 0 0 0 1 5.60786
0 0 0 0 1 5.6167
0 0 0 0 1 5.55933
0 0 0 0 1 5.65007
0 0 0 0 0 5.6321
0 0 0 0 1 5.62544
0 0 0 0 1 5.58501
0 0 0 0 1 5.62581
0 0 0 0 1 5.67597
0 0 0 0 1 5.65271
0 0 0 0 0 5.71668
0 0 0 0 1 5.65946
0 0 0 0 0 5.73319
0 0 0 0 1 5.73877
0 0 0 0 1 5.65685
0 0 0 0 1 5.71967
0 0 0 0 1 5.76563
0 0 0 0 1 5.8061
0 0 0 0 1 5.81227
0 0 0 0 1 5.81452
0 0 0 0 1 5.8093
0 0 0 0 1 5.80414
0 0 0 0 1 5.85709
0 0 0 0 1 5.84635
0 0 0 0 1 5.87061
0 0 0 0 1 5.89506
0 0 0 0 1 5.86854
0 0 0 0 0 5.80097
0 0 0 0 1 5.91951
0 0 0 0 0 5.8503
0 0 0 0 1 5.87524
0 0 0 0 1 5.8826
0 0 0 0 1 5.90192
0 0 0 0 1 5.87981
0 0 0 0 1 6.00052
0 0 0 0 1 5.98462
0 0 0 0 1 5.94477
0 0 0 0 1 6.01397
0 0 0 0 0 5.96812
0 0 0 0 1 6.07857
0 0 0 0 1 6.00862
0 0 0 0 1 6.02787
0 0 0 0 1 6.09705
0 0 0 0 1 6.0997
0 0 0 0 1 6.07193
0 0 0 0 1 6.05627
0 0 0 0 1 6.18149
0 0 0 0 0 6.1835
0 0 0 0 1 6.13221
0 0 0 0 1 6.19075
0 0 0 0 0 6.23106
0 0 0 0 1 6.17235
0 0 0 0 1 6.16833
0 0 0 0 1 6.19653
0 0 0 0 1 6.29371
0 0 0 0 1 6.29017
0 0 0 0 1 6.35676
0 0 0 0 0 6.36692
0 0 0 0 1 6.31388
0 0 0 0 1 6.38744
0 0 0 0 0 6.42248
0 0 0 0 0 6.44575
0 0 0 0 0 6.46843
0 0 0 0 1 6.4663
0 0 0 0 1 6.48921
0 0 0 0 1 6.42898
0 0 0 0 1 6.52324
0 0 0 0 0 6.45622
0 0 0 0 1 6.53226
0 0 0 0 0 6.57602
0 0 0 0 1 6.56693
0 0 0 0 0 6.64337
0 0 0 0 1 6.5426
0 0 0 0 1 6.6194
0 0 0 0 1 6.61694
0 0 0 0 1 6.60776
0 0 0 0 1 6.6326
0 0 0 0 1 6.65757
0 0 0 0 1 6.7831
0 0 0 0 1 6.71346
0 0 0 0 1 6.74505
0 0 0 0 1 6.77002
0 0 0 0 1 6.80197
0 0 0 0 1 6.8547
0 0 0 0 1 6.82512
0 0 0 0 1 6.8644
0 0 0 0 1 6.87668
0 0 0 0 1 6.97893
0 0 0 0 1 6.93521
0 0 0 0 0 6.96121
0 0 0 0 1 6.97327
0 0 0 0 1 7.13329
0 0 0 0 1 7.08207
0 0 0 0 1 7.08738
0 0 0 0 0 7.09264
0 0 0 0 1 7.21269
0 0 0 0 1 7.18229
0 0 0 0 0 7.19451
0 0 0 0 1 7.30889
0 0 0 0 0 7.30696
0 0 0 0 0 7.40055
0 0 0 0 1 7.34724
0 0 0 0 1 7.43454
0 0 0 0 1 7.38815
0 0 0 0 1 7.46041
0 0 0 0 1 7.42882
0 0 0 0 1 7.44898
0 0 0 0 1 7.61265
0 0 0 0 1 7.57282
0 0 0 0 1 7.57102
0 0 0 0 0 7.63747
0 0 0 0 1 7.71205
0 0 0 0 1 7.76397
0 0 0 0 1 7.72305
0 0 0 0 1 7.80632
0 0 0 0 1 7.87493
0 0 0 0 1 7.8177
0 0 0 0 1 7.93312
0 0 0 0 1 7.91485
0 0 0 0 0 8.00749
0 0 0 0 1 8.00497
0 0 0 0 1 8.04253
0 0 0 0 1 8.03971
0 0 0 0 1 8.1175
0 0 0 0 0 8.20458
0 0 0 0 1 8.17645
0 0 0 0 0 8.20564
0 0 0 0 1 8.26877
0 0 0 0 1 8.44036
0 0 0 0 0 8.36958
0 0 0 0 1 8.433
0 0 0 0 1 8.46275
0 0 0 0 1 8.56944
0 0 0 0 1 8.54872
0 0 0 0 1 8.68223
0 0 0 0 1 8.65101
0 0 0 0 1 8.73344
0 0 0 0 0 8.8596
0 0 0 0 1 8.76731
0 0 0 0 0 8.83193
0 0 0 0 0 8.87
0 0 0 0 1 8.91705
0 0 0 0 1 9.12731
0 0 0 0 1 9.03975
0 0 0 0 1 9.11473
0 0 0 0 0 9.18087
0 0 0 0 1 9.36801
0 0 0 0 1 9.37116
0 0 0 0 1 9.45624
0 0 0 0 1 9.49562
0 0 0 0 1 9.47658
0 0 0 0 1 9.60043
0 0 0 0 1 9.6879
0 0 0 0 1 9.66772
0 0 0 0 1 9.72481
0 0 0 0 1 9.77209
0 0 0 0 1 9.82083
0 0 0 0 1 9.93631
0 0 0 0 1 10.1246
0 0 0 0 0 10.1004
0 0 0 0 1 10.1277
0 0 0 0 0 10.307
0 0 0 0 1 10.3017
0 0 0 0 1 10.3494
0 0 0 0 0 10.605
0 0 0 0 1 10.5989
0 0 0 0 1 10.7285
0 0 0 0 1 10.7965
0 0 0 0 1 10.7757
0 0 0 0 1 9.25937
0 0 0 0 1 9.30033
0 0 0 0 1 9.30893
0 0 0 0 1 9.19266
0 0 0 0 1 9.16469
0 0 0 0 1 9.2794
0 0 0 0 1 9.1689
0 0 0 0 0 9.20087
0 0 0 0 1 9.14599
0 0 0 0 1 9.05957
0 0 0 0 1 9.06904
0 0 0 0 1 9.11949
0 0 0 0 1 9.07463
0 0 0 0 1 9.12041
0 0 0 0 0 8.97234
0 0 0 0 1 8.94629
0 0 0 0 0 8.9252
0 0 0 0 1 8.93537
0 0 0 0 1 9.02611
0 0 0 0 1 8.87551
0 0 0 0 0 8.83738
0 0 0 0 1 8.91025
0 0 0 0 0 8.83206
0 0 0 0 1 8.83398
0 0 0 0 1 8.86253
0 0 0 0 1 8.7901
0 0 0 0 1 8.82764
0 0 0 0 1 8.80359
0 0 0 0 1 8.80607
0 0 0 0 1 8.71223
0 0 0 0 1 8.78507
0 0 0 0 0 8.65326
0 0 0 0 0 8.63028
0 0 0 0 1 8.72933
0 0 0 0 1 8.60225
0 0 0 0 1 8.70993
0 0 0 0 1 8.70479
0 0 0 0 1 8.70843
0 0 0 0 0 8.66037
0 0 0 0 0 8.58672
0 0 0 0 1 8.68559
0 0 0 0 1 8.52642
0 0 0 0 1 8.59101
0 0 0 0 0 8.61268
0 0 0 0 1 8.52318
0 0 0 0 0 8.4597
0 0 0 0 0 8.50193
0 0 0 0 1 8.4474
0 0 0 0 1 8.51552
0 0 0 0 1 8.76954
0 0 0 0 1 8.84214
0 0 0 0 1 8.98568
0 0 0 0 1 9.11146
0 0 0 0 0 9.29297
0 0 0 0 1 9.46643
0 0 0 0 1 9.44089
0 0 0 0 1 9.63264
0 0 0 0 1 9.76657
0 0 0 0 1 10.0999
0 0 0 0 0 10.0823
0 0 0 0 0 10.4623
0 0 0 0 1 10.574
0 0 0 0 0 10.7912
0 0 0 0 1 10.8324
0 0 0 0 1 11.2577
0 0 0 0 0 11.3153
0 0 0 0 1 11.4809
0 0 0 0 1 11.7959
0 0 0 0 1 11.9698
0 0 0 0 1 12.4194
0 0 0 0 1 12.6108
0 0 0 0 1 12.7962
0 0 0 0 0 22.5918
0 0 0 0 1 22.8229
0 0 0 0 1 22.6664
0 0 0 0 1 22.5124
0 0 0 0 1 22.5855
0 0 0 0 1 22.7043
0 0 0 0 0 22.778
0 0 0 0 1 22.5356
0 0 0 0 1 22.3843
0 0 0 0 1 22.7527
0 0 0 0 1 22.5346
0 0 0 0 1 22.475
0 0 0 0 1 22.3046
0 0 0 0 1 22.3135
0 0 0 0 1 22.4804
0 0 0 0 1 22.3551
0 0 0 0 1 22.6125
0 0 0 0 0 22.578
0 0 0 0 0 23.2228
0 0 0 0 1 24.0273
0 0 0 0 1 25.1432
0 0 0 0 1 26.2647
0 0 0 0 1 36.3084
0 0 0 0 1 36.7303
0 0 0 0 1 36.6067
0 0 0 0 1 36.2293
0 0 0 0 0 36.3198
0 0 0 0 1 38.141
0 0 0 0 1 51.6502
0 0 0 0 1 52.4676
0 0 0 0 0 52.2974
0 0 0 0 1 51.8156
0 0 0 0 1 52.0632
0 0 0 0 1 56.8926
0 0 0 0 1 65.2661
0 0 0 0 0 70.0122
0 0 0 0 1 82.4645
0 0 0 0 0 5.04507
0 0 0 0 0 4.97493
0 0 0 0 0 4.98495
0 0 0 0 0 4.96491
0 0 0 0 0 5.03004
0 0 0 0 0 4.97994
0 0 0 0 0 4.99497
0 0 0 0 0 5.02002
0 0 0 0 0 4.9599
0 0 0 0 0 5.05509
0 0 0 0 0 5.02503
0 0 0 0 0 4.9599
0 0 0 0 0 87.4156
0 0 0 0 0 87.3371
0 0 0 0 1 75.22
0 0 0 0 0 63.2006
0 0 0 0 1 59.9212
0 0 0 0 1 60.9008
0 0 0 0 1 59.944
0 0 0 0 1 51.8286
0 0 0 0 1 47.8432
0 0 0 0 1 47.7115
0 0 0 0 1 39.3527
0 0 0 0 0 37.1512
0 0 0 0 1 35.4895
0 0 0 0 1 35.9298
0 0 0 0 0 35.5494
0 0 0 0 1 35.9199
0 0 0 0 1 28.2463
0 0 0 0 1 27.0447
0 0 0 0 1 25.4597
0 0 0 0 1 24.7622
0 0 0 0 1 24.4785
0 0 0 0 1 24.4906
0 0 0 0 1 24.4528
0 0 0 0 1 24.6878
0 0 0 0 1 24.6027
0 0 0 0 0 24.7649
0 0 0 0 1 24.5078
0 0 0 0 1 24.5228
0 0 0 0 1 24.6604
0 0 0 0 0 18.0907
0 0 0 0 1 17.7211
0 0 0 0 0 17.037
0 0 0 0 0 16.8113
0 0 0 0 0 16.4565
0 0 0 0 1 15.9271
0 0 0 0 0 15.5319
0 0 0 0 1 15.2573
0 0 0 0 1 14.6539
0 0 0 0 1 14.351
0 0 0 0 1 14.1695
0 0 0 0 1 13.7898
0 0 0 0 1 13.8849
0 0 0 0 1 13.9526
0 0 0 0 1 13.8954
0 0 0 0 1 13.8801
0 0 0 0 0 13.9787
0 0 0 0 1 14.0337
0 0 0 0 0 14.0332
0 0 0 0 1 13.9349
0 0 0 0 1 13.895
0 0 0 0 0 13.9931
0 0 0 0 1 13.9654
0 0 0 0 1 14.1626
0 0 0 0 0 14.0112
0 0 0 0 1 13.9559
0 0 0 0 1 14.2108
0 0 0 0 0 14.0457
0 0 0 0 0 14.2735
0 0 0 0 1 14.0351
0 0 0 0 1 14.2382
0 0 0 0 1 14.0705
0 0 0 0 1 14.1185
0 0 0 0 0 14.3631
0 0 0 0 1 14.1984
0 0 0 0 1 14.3728
0 0 0 0 1 14.2083
0 0 0 0 0 14.1548
0 0 0 0 1 14.219
0 0 0 0 1 14.4526
0 0 0 0 1 8.87005
0 0 0 0 1 8.75577
0 0 0 0 1 8.57286
0 0 0 0 0 8.50322
0 0 0 0 1 8.43291
0 0 0 0 1 8.26248
0 0 0 0 0 8.15232
0 0 0 0 1 8.10618
0 0 0 0 0 7.93229
0 0 0 0 1 7.91057
0 0 0 0 0 7.80293
0 0 0 0 1 7.65576
0 0 0 0 0 7.58798
0 0 0 0 1 7.5049
0 0 0 0 1 7.41449
0 0 0 0 1 7.37057
0 0 0 0 1 7.28035
0 0 0 0 0 7.17791
0 0 0 0 1 7.17655
0 0 0 0 1 7.15966
0 0 0 0 1 6.98023
0 0 0 0 1 6.98606
0 0 0 0 1 6.92637
0 0 0 0 1 6.85528
0 0 0 0 0 6.68983
0 0 0 0 1 6.66029
0 0 0 0 1 6.62361
0 0 0 0 1 6.50775
0 0 0 0 1 6.45158
0 0 0 0 1 6.38501
0 0 0 0 1 6.40568
0 0 0 0 0 6.38331
0 0 0 0 1 6.24749
0 0 0 0 1 6.20034
0 0 0 0 1 6.22726
0 0 0 0 1 6.11218
0 0 0 0 1 6.01649
0 0 0 0 1 6.00264
0 0 0 0 1 6.00346
0 0 0 0 1 5.87616
0 0 0 0 1 5.8179
0 0 0 0 0 5.87346
0 0 0 0 1 5.82353
0 0 0 0 1 5.72787
0 0 0 0 1 5.69273
0 0 0 0 0 5.70002
0 0 0 0 0 5.58342
0 0 0 0 1 5.53222
0 0 0 0 0 5.5556
0 0 0 0 1 5.45203
0 0 0 0 1 5.42563
0 0 0 0 0 5.39145
0 0 0 0 1 5.35735
0 0 0 0 0 5.36277
0 0 0 0 1 5.2968
0 0 0 0 1 5.21241
0 0 0 0 1 5.16321
0 0 0 0 1 5.12984
0 0 0 0 1 5.17379
0 0 0 0 1 5.13499
0 0 0 0 1 5.02203
0 0 0 0 1 5.02938
0 0 0 0 1 5.01955
0 0 0 0 1 5.03122
0 0 0 0 1 4.90879
0 0 0 0 0 4.86629
0 0 0 0 1 4.93145
0 0 0 0 1 4.82407
0 0 0 0 1 4.83509
0 0 0 0 0 4.80537
0 0 0 0 1 4.85083
0 0 0 0 1 4.80075
0 0 0 0 1 4.87184
0 0 0 0 1 4.85454
0 0 0 0 1 4.91646
0 0 0 0 1 4.95428
0 0 0 0 1 4.90858
0 0 0 0 1 4.91085
0 0 0 0 1 4.9936
0 0 0 0 1 5.00726
0 0 0 0 1 5.01475
0 0 0 0 1 5.04856
0 0 0 0 0 5.06249
0 0 0 0 1 5.03107
0 0 0 0 1 5.01457
0 0 0 0 0 5.05384
0 0 0 0 1 5.08827
0 0 0 0 1 5.15365
0 0 0 0 1 5.18721
0 0 0 0 1 5.16567
0 0 0 0 0 5.22153
0 0 0 0 0 5.1531
0 0 0 0 1 5.20925
0 0 0 0 1 5.22912
0 0 0 0 1 5.29113
0 0 0 0 1 5.26916
0 0 0 0 1 5.34378
0 0 0 0 1 5.30039
0 0 0 0 1 5.36344
0 0 0 0 0 5.36792
0 0 0 0 0 5.43696
0 0 0 0 1 5.39988
0 0 0 0 1 5.3826
0 0 0 0 1 5.43054
0 0 0 0 1 5.52803
0 0 0 0 1 5.52887
0 0 0 0 0 5.5446
0 0 0 0 1 5.53418
0 0 0 0 1 5.62231
0 0 0 0 1 5.64554
0 0 0 0 1 5.58289
0 0 0 0 1 5.66236
0 0 0 0 1 5.66141
0 0 0 0 1 5.70751
0 0 0 0 1 5.69506
0 0 0 0 1 5.74145
0 0 0 0 1 5.8344
0 0 0 0 1 5.83514
0 0 0 0 1 5.87496
0 0 0 0 1 5.86974
0 0 0 0 0 5.89964
0 0 0 0 1 5.91188
0 0 0 0 1 5.98361
0 0 0 0 1 5.97808
0 0 0 0 1 5.96628
0 0 0 0 1 6.09925
0 0 0 0 1 6.13616
0 0 0 0 1 6.09387
0 0 0 0 0 6.12458
0 0 0 0 0 6.23105
0 0 0 0 1 9.61423
0 0 0 0 1 9.47185
0 0 0 0 0 9.38394
0 0 0 0 1 9.47552
0 0 0 0 1 9.37254
0 0 0 0 1 9.26704
0 0 0 0 1 9.24608
0 0 0 0 1 9.35211
0 0 0 0 1 9.28783
0 0 0 0 0 9.28539
0 0 0 0 1 9.14494
0 0 0 0 0 9.08791
0 0 0 0 0 9.22319
0 0 0 0 1 9.05692
0 0 0 0 1 9.05518
0 0 0 0 0 9.07156
0 0 0 0 1 8.93441
0 0 0 0 1 9.02877
0 0 0 0 1 9.05406
0 0 0 0 1 9.04018
0 0 0 0 1 8.84226
0 0 0 0 1 8.9658
0 0 0 0 1 8.93785
0 0 0 0 1 8.79518
0 0 0 0 1 8.80868
0 0 0 0 1 8.81669
0 0 0 0 1 8.74582
0 0 0 0 0 8.69477
0 0 0 0 1 8.80781
0 0 0 0 1 8.65594
0 0 0 0 1 8.65581
0 0 0 0 0 8.73016
0 0 0 0 1 8.71265
0 0 0 0 1 8.63164
0 0 0 0 1 8.57173
0 0 0 0 1 8.50869
0 0 0 0 1 8.62028
0 0 0 0 0 8.60014
0 0 0 0 1 8.4697
0 0 0 0 1 8.56028
0 0 0 0 1 8.37991
0 0 0 0 1 8.39446
0 0 0 0 1 8.49677
0 0 0 0 1 8.46075
0 0 0 0 1 8.30771
0 0 0 0 0 8.37267
0 0 0 0 1 8.34571
0 0 0 0 1 8.24782
0 0 0 0 1 8.32927
0 0 0 0 1 8.1952
0 0 0 0 1 8.22319
0 0 0 0 0 8.31265
0 0 0 0 1 8.16317
0 0 0 0 1 8.17864
0 0 0 0 1 8.25148
0 0 0 0 1 8.19328
0 0 0 0 1 8.23332
0 0 0 0 1 8.15929
0 0 0 0 1 8.06127
0 0 0 0 1 8.1665
0 0 0 0 1 8.12571
0 0 0 0 1 7.99634
0 0 0 0 1 8.00462
0 0 0 0 1 8.09741
0 0 0 0 0 8.08958
0 0 0 0 1 7.99369
0 0 0 0 1 7.93029
0 0 0 0 1 7.92316
0 0 0 0 1 8.05548
0 0 0 0 1 8.00852
0 0 0 0 1 8.01749
0 0 0 0 1 7.88377
0 0 0 0 1 7.86942
0 0 0 0 1 7.87459
0 0 0 0 0 7.86841
0 0 0 0 1 7.80723
0 0 0 0 1 7.93073
0 0 0 0 1 7.79468
0 0 0 0 1 7.92248
0 0 0 0 0 7.86988
0 0 0 0 1 7.84885
0 0 0 0 1 7.78443
0 0 0 0 1 7.87298
0 0 0 0 1 7.74348
0 0 0 0 1 7.70309
0 0 0 0 1 7.72969
0 0 0 0 0 7.80589
