0 0 0 0 1 5.56398
0 0 0 0 0 5.61201
0 0 0 0 1 5.58796
0 0 0 0 0 5.58309
0 0 0 0 1 5.55912
0 0 0 0 1 5.54635
0 0 0 0 0 5.60552
0 0 0 0 0 5.57053
0 0 0 0 1 5.65007
0 0 0 0 1 5.63773
0 0 0 0 1 5.59166
0 0 0 0 1 5.68092
0 0 0 0 1 5.62016
0 0 0 0 1 5.64202
0 0 0 0 1 5.72641
0 0 0 0 1 5.63153
0 0 0 0 1 5.72771
0 0 0 0 1 5.73888
0 0 0 0 0 5.76161
0 0 0 0 0 5.77113
0 0 0 0 1 5.75403
0 0 0 0 1 5.7771
0 0 0 0 1 5.77736
0 0 0 0 1 5.76619
0 0 0 0 0 5.73953
0 0 0 0 0 5.73415
0 0 0 0 0 5.76359
0 0 0 0 1 5.79323
0 0 0 0 1 5.85216
0 0 0 0 1 5.81814
0 0 0 0 1 5.79573
0 0 0 0 1 5.81003
0 0 0 0 1 5.91816
0 0 0 0 0 5.91364
0 0 0 0 1 5.90916
0 0 0 0 1 5.92243
0 0 0 0 1 5.94173
0 0 0 0 1 5.91377
0 0 0 0 1 5.89763
0 0 0 0 0 6.01243
0 0 0 0 1 5.93688
0 0 0 0 1 6.03448
0 0 0 0 1 5.96605
0 0 0 0 1 5.99814
0 0 0 0 1 6.03043
0 0 0 0 1 6.01465
0 0 0 0 1 6.08839
0 0 0 0 1 6.04851
0 0 0 0 1 6.05105
0 0 0 0 0 6.03535
0 0 0 0 1 6.05627
0 0 0 0 1 6.10185
0 0 0 0 0 6.1958
0 0 0 0 1 6.14452
0 0 0 0 1 6.22161
0 0 0 0 1 6.20631
0 0 0 0 0 6.17235
0 0 0 0 1 6.17455
0 0 0 0 1 6.29013
0 0 0 0 0 6.21864
0 0 0 0 0 6.3404
0 0 0 0 0 6.25606
0 0 0 0 1 6.31644
0 0 0 0 1 6.35184
0 0 0 0 0 6.32401
0 0 0 0 1 6.35883
0 0 0 0 1 6.36278
0 0 0 0 1 6.4236
0 0 0 0 1 6.45988
0 0 0 0 1 6.39255
0 0 0 0 1 6.5259
0 0 0 0 0 6.44543
0 0 0 0 1 6.44972
0 0 0 0 1 6.57137
0 0 0 0 1 6.59563
0 0 0 0 1 6.59974
0 0 0 0 1 6.53802
0 0 0 0 1 6.59541
0 0 0 0 1 6.63265
0 0 0 0 1 6.66349
0 0 0 0 1 6.64113
0 0 0 0 1 6.62591
0 0 0 0 1 6.73139
0 0 0 0 1 6.72921
0 0 0 0 1 6.79459
0 0 0 0 1 6.75862
0 0 0 0 1 6.74278
0 0 0 0 1 6.7883
0 0 0 0 1 6.82039
0 0 0 0 0 6.91465
0 0 0 0 1 6.85057
0 0 0 0 1 6.99452
0 0 0 0 1 6.97893
0 0 0 0 1 6.99807
0 0 0 0 1 7.07338
0 0 0 0 1 7.09993
0 0 0 0 0 7.04139
0 0 0 0 1 7.05369
0 0 0 0 1 7.07313
0 0 0 0 0 7.20704
0 0 0 0 0 7.20552
0 0 0 0 0 7.23992
0 0 0 0 0 7.18727
0 0 0 0 1 7.27256
0 0 0 0 1 7.34346
0 0 0 0 1 7.37857
0 0 0 0 1 7.39877
0 0 0 0 0 7.34594
0 0 0 0 0 7.35106
0 0 0 0 1 7.40824
0 0 0 0 1 7.54852
0 0 0 0 1 7.53918
0 0 0 0 1 7.48426
0 0 0 0 1 7.51971
0 0 0 0 0 7.65481
0 0 0 0 1 7.62982
0 0 0 0 1 7.65054
0 0 0 0 1 7.69445
0 0 0 0 1 7.7541
0 0 0 0 1 7.73614
0 0 0 0 1 7.78099
0 0 0 0 1 7.83343
0 0 0 0 1 7.89357
0 0 0 0 1 7.95458
0 0 0 0 1 8.03946
0 0 0 0 1 8.0692
0 0 0 0 0 8.0264
0 0 0 0 1 8.12076
0 0 0 0 1 8.17455
0 0 0 0 1 8.17182
0 0 0 0 0 8.25056
0 0 0 0 1 8.305
0 0 0 0 1 8.31037
0 0 0 0 1 8.33162
0 0 0 0 1 8.38641
0 0 0 0 1 8.433
0 0 0 0 1 8.48826
0 0 0 0 0 8.60365
0 0 0 0 1 8.61746
0 0 0 0 0 8.56993
0 0 0 0 0 8.70318
0 0 0 0 1 8.8296
0 0 0 0 1 8.71883
0 0 0 0 1 8.8822
0 0 0 0 1 8.94755
0 0 0 0 0 9.03111
0 0 0 0 1 8.96208
0 0 0 0 1 9.0548
0 0 0 0 0 9.02153
0 0 0 0 1 9.20642
0 0 0 0 0 9.24546
0 0 0 0 0 9.21946
0 0 0 0 1 9.25915
0 0 0 0 1 9.41864
0 0 0 0 1 9.39158
0 0 0 0 0 9.46706
0 0 0 0 1 9.54288
0 0 0 0 1 9.57211
0 0 0 0 1 9.81347
0 0 0 0 1 9.69545
0 0 0 0 0 9.93956
0 0 0 0 1 9.8902
0 0 0 0 0 10.0861
0 0 0 0 0 10.0039
0 0 0 0 1 10.2119
0 0 0 0 1 10.1685
0 0 0 0 1 10.307
0 0 0 0 1 10.281
0 0 0 0 0 10.3598
0 0 0 0 1 10.395
0 0 0 0 0 10.472
0 0 0 0 1 10.7072
0 0 0 0 1 10.7965
0 0 0 0 1 10.8732
0 0 0 0 1 9.26867
0 0 0 0 1 9.20751
0 0 0 0 1 9.25335
0 0 0 0 1 9.2481
0 0 0 0 0 9.19235
0 0 0 0 0 9.25181
0 0 0 0 1 9.14137
0 0 0 0 0 9.06354
0 0 0 0 1 9.0729
0 0 0 0 1 9.18717
0 0 0 0 1 9.08723
0 0 0 0 1 9.13764
0 0 0 0 1 9.02935
0 0 0 0 1 9.01194
0 0 0 0 0 8.93627
0 0 0 0 1 9.08129
0 0 0 0 1 8.98805
0 0 0 0 1 8.89056
0 0 0 0 1 8.91876
0 0 0 0 1 8.9648
0 0 0 0 0 8.98883
0 0 0 0 0 8.92804
0 0 0 0 1 8.84981
0 0 0 0 0 8.8517
0 0 0 0 1 8.80946
0 0 0 0 1 8.76362
0 0 0 0 0 8.77478
0 0 0 0 1 8.76842
0 0 0 0 0 8.72705
0 0 0 0 1 8.77359
0 0 0 0 1 8.77632
0 0 0 0 1 8.70565
0 0 0 0 1 8.80463
0 0 0 0 1 8.75544
0 0 0 0 1 8.71521
0 0 0 0 1 8.70125
0 0 0 0 1 8.62683
0 0 0 0 0 8.56141
0 0 0 0 1 8.70354
0 0 0 0 0 8.69018
0 0 0 0 1 8.67698
0 0 0 0 1 8.64676
0 0 0 0 1 8.60817
0 0 0 0 1 8.48413
0 0 0 0 1 8.53173
0 0 0 0 1 8.47679
0 0 0 0 1 8.59582
0 0 0 0 1 8.43887
0 0 0 0 1 8.66131
0 0 0 0 1 8.74344
0 0 0 0 0 8.7892
0 0 0 0 1 8.98568
0 0 0 0 1 9.14784
0 0 0 0 1 9.18212
0 0 0 0 1 9.31631
0 0 0 0 1 9.63161
0 0 0 0 1 9.71977
0 0 0 0 1 9.86502
0 0 0 0 1 9.93974
0 0 0 0 1 10.123
0 0 0 0 1 10.2551
0 0 0 0 1 10.5423
0 0 0 0 1 10.759
0 0 0 0 1 10.898
0 0 0 0 1 11.124
0 0 0 0 0 11.3948
0 0 0 0 1 11.4925
0 0 0 0 1 11.7014
0 0 0 0 0 12.0422
0 0 0 0 0 12.4071
0 0 0 0 1 12.4599
0 0 0 0 1 12.9118
0 0 0 0 1 22.7055
0 0 0 0 1 22.6639
0 0 0 0 0 22.8025
0 0 0 0 1 22.8298
0 0 0 0 1 22.5855
0 0 0 0 1 22.41
0 0 0 0 1 22.3935
0 0 0 0 1 22.6486
0 0 0 0 1 22.3617
0 0 0 0 0 22.5496
0 0 0 0 1 22.3992
0 0 0 0 1 22.6553
0 0 0 0 0 22.3046
0 0 0 0 1 22.4711
0 0 0 0 1 22.3229
0 0 0 0 1 22.58
0 0 0 0 1 22.4327
0 0 0 0 1 22.6454
0 0 0 0 1 23.2924
0 0 0 0 0 24.2444
0 0 0 0 1 25.2185
0 0 0 0 0 26.2647
0 0 0 0 1 36.5633
0 0 0 0 1 36.3298
0 0 0 0 1 36.7158
0 0 0 0 0 36.1565
0 0 0 0 1 36.7565
0 0 0 0 0 38.7575
0 0 0 0 1 51.5981
0 0 0 0 1 51.9991
0 0 0 0 0 51.7771
0 0 0 0 1 52.2838
0 0 0 0 1 52.0632
0 0 0 0 1 56.3288
0 0 0 0 1 65.2007
0 0 0 0 0 70.1516
0 0 0 0 1 81.2373
0 0 0 0 0 5.02503
0 0 0 0 0 5.03004
0 0 0 0 0 4.98495
0 0 0 0 0 5.04507
0 0 0 0 0 4.99497
0 0 0 0 0 4.99497
0 0 0 0 0 4.97493
0 0 0 0 0 4.99497
0 0 0 0 0 5.04006
0 0 0 0 0 4.98996
0 0 0 0 0 5.05008
0 0 0 0 0 4.96992
0 0 0 0 1 86.7149
0 0 0 0 1 87.8627
0 0 0 0 1 74.694
0 0 0 0 1 63.2644
0 0 0 0 1 60.2238
0 0 0 0 1 59.9322
0 0 0 0 1 60.0651
0 0 0 0 0 51.6739
0 0 0 0 1 48.3231
0 0 0 0 0 47.8075
0 0 0 0 1 39.1564
0 0 0 0 0 36.5252
0 0 0 0 1 35.7035
0 0 0 0 1 35.3589
0 0 0 0 1 35.4066
0 0 0 0 1 36.0628
0 0 0 0 1 28.1059
0 0 0 0 0 26.6963
0 0 0 0 1 25.7417
0 0 0 0 1 24.5407
0 0 0 0 1 24.6509
0 0 0 0 0 24.3921
0 0 0 0 1 24.5268
0 0 0 0 1 24.4412
0 0 0 0 1 24.9235
0 0 0 0 0 24.839
0 0 0 0 1 24.9278
0 0 0 0 1 24.6958
0 0 0 0 1 24.8088
0 0 0 0 1 18.2909
0 0 0 0 0 17.6681
0 0 0 0 1 17.2433
0 0 0 0 0 16.8113
0 0 0 0 1 16.2447
0 0 0 0 1 15.9589
0 0 0 0 1 15.3925
0 0 0 0 0 15.0305
0 0 0 0 0 14.831
0 0 0 0 1 14.5096
0 0 0 0 1 14.1977
0 0 0 0 0 13.9425
0 0 0 0 1 13.9822
0 0 0 0 1 13.8274
0 0 0 0 0 13.8954
0 0 0 0 1 13.9916
0 0 0 0 0 13.9229
0 0 0 0 1 14.0337
0 0 0 0 1 14.0472
0 0 0 0 0 13.9209
0 0 0 0 0 13.979
0 0 0 0 0 14.0913
0 0 0 0 1 13.9092
0 0 0 0 1 14.1204
0 0 0 0 0 14.0112
0 0 0 0 1 13.9559
0 0 0 0 1 14.1967
0 0 0 0 1 14.0174
0 0 0 0 0 13.9908
0 0 0 0 1 14.1766
0 0 0 0 1 14.139
0 0 0 0 1 14.1698
0 0 0 0 1 14.2179
0 0 0 0 1 14.292
0 0 0 0 0 14.2269
0 0 0 0 1 14.2303
0 0 0 0 0 14.1511
0 0 0 0 0 14.2549
0 0 0 0 1 14.1904
0 0 0 0 0 14.3522
0 0 0 0 1 8.74649
0 0 0 0 1 8.65122
0 0 0 0 0 8.60726
0 0 0 0 0 8.5457
0 0 0 0 1 8.34061
0 0 0 0 1 8.33706
0 0 0 0 0 8.20148
0 0 0 0 1 8.09809
0 0 0 0 1 7.95627
0 0 0 0 1 7.83154
0 0 0 0 0 7.76384
0 0 0 0 1 7.70211
0 0 0 0 0 7.71025
0 0 0 0 1 7.48978
0 0 0 0 0 7.51165
0 0 0 0 0 7.38537
0 0 0 0 1 7.2584
0 0 0 0 1 7.23585
0 0 0 0 1 7.12636
0 0 0 0 1 7.14547
0 0 0 0 1 7.05748
0 0 0 0 1 7.02781
0 0 0 0 0 6.94014
0 0 0 0 1 6.84846
0 0 0 0 0 6.68983
0 0 0 0 1 6.73392
0 0 0 0 0 6.62361
0 0 0 0 0 6.51432
0 0 0 0 1 6.56864
0 0 0 0 0 6.4882
0 0 0 0 1 6.33542
0 0 0 0 1 6.35798
0 0 0 0 1 6.25377
0 0 0 0 1 6.18789
0 0 0 0 0 6.21491
0 0 0 0 0 6.14277
0 0 0 0 1 6.08321
0 0 0 0 1 5.98458
0 0 0 0 0 6.02733
0 0 0 0 1 5.89393
0 0 0 0 1 5.89422
0 0 0 0 1 5.7744
0 0 0 0 1 5.72521
0 0 0 0 1 5.77952
0 0 0 0 0 5.74392
0 0 0 0 1 5.62101
0 0 0 0 1 5.58902
0 0 0 0 1 5.55449
0 0 0 0 1 5.54455
0 0 0 0 1 5.5123
0 0 0 0 1 5.48
0 0 0 0 1 5.45088
0 0 0 0 0 5.35735
0 0 0 0 1 5.3681
0 0 0 0 1 5.25447
0 0 0 0 1 5.30164
0 0 0 0 0 5.18407
0 0 0 0 1 5.21275
0 0 0 0 1 5.18923
0 0 0 0 1 5.0685
0 0 0 0 1 5.07783
0 0 0 0 1 4.9941
0 0 0 0 1 5.05967
0 0 0 0 1 4.9565
0 0 0 0 1 4.99786
0 0 0 0 1 4.88595
0 0 0 0 1 4.85821
0 0 0 0 1 4.9018
0 0 0 0 1 4.78684
0 0 0 0 0 4.77166
0 0 0 0 1 4.86531
0 0 0 0 1 4.88795
0 0 0 0 1 4.88157
0 0 0 0 1 4.87891
0 0 0 0 1 4.88711
0 0 0 0 1 4.93464
0 0 0 0 1 4.90858
0 0 0 0 0 4.89109
0 0 0 0 1 4.99856
0 0 0 0 1 4.94753
0 0 0 0 1 5.02473
0 0 0 0 1 5.03854
0 0 0 0 1 4.97702
0 0 0 0 0 5.02602
0 0 0 0 1 5.02977
0 0 0 0 0 5.06401
0 0 0 0 1 5.07296
0 0 0 0 0 5.13316
0 0 0 0 1 5.11018
0 0 0 0 1 5.12442
0 0 0 0 1 5.15426
0 0 0 0 1 5.23622
0 0 0 0 1 5.26661
0 0 0 0 0 5.19248
0 0 0 0 1 5.21232
0 0 0 0 1 5.23752
0 0 0 0 0 5.33318
0 0 0 0 1 5.35892
0 0 0 0 1 5.35275
0 0 0 0 0 5.38937
0 0 0 0 0 5.33468
0 0 0 0 1 5.4594
0 0 0 0 1 5.38803
0 0 0 0 1 5.41418
0 0 0 0 1 5.52256
0 0 0 0 1 5.53437
0 0 0 0 0 5.52803
0 0 0 0 1 5.60634
0 0 0 0 1 5.58331
0 0 0 0 1 5.63994
0 0 0 0 1 5.67847
0 0 0 0 1 5.66236
0 0 0 0 1 5.6444
0 0 0 0 0 5.75312
0 0 0 0 1 5.7294
0 0 0 0 0 5.69543
0 0 0 0 1 5.75345
0 0 0 0 1 5.87001
0 0 0 0 1 5.88663
0 0 0 0 1 5.8756
0 0 0 0 1 5.91732
0 0 0 0 1 5.86449
0 0 0 0 1 5.91812
0 0 0 0 1 5.97209
0 0 0 0 1 5.96628
0 0 0 0 1 5.99045
0 0 0 0 1 6.04503
0 0 0 0 0 6.1244
0 0 0 0 0 6.12458
0 0 0 0 1 6.18783
0 0 0 0 1 9.58567
0 0 0 0 1 9.396
0 0 0 0 1 9.49734
0 0 0 0 1 9.36249
0 0 0 0 0 9.42883
0 0 0 0 1 9.38861
0 0 0 0 0 9.22744
0 0 0 0 1 9.27773
0 0 0 0 0 9.26931
0 0 0 0 0 9.21155
0 0 0 0 1 9.10813
0 0 0 0 1 9.08791
0 0 0 0 0 9.23233
0 0 0 0 0 9.0478
0 0 0 0 1 8.9916
0 0 0 0 1 9.02629
0 0 0 0 1 9.05173
0 0 0 0 0 8.93875
0 0 0 0 1 8.93741
0 0 0 0 1 9.00438
0 0 0 0 1 8.91364
0 0 0 0 0 8.81459
0 0 0 0 0 8.91124
0 0 0 0 1 8.91893
0 0 0 0 1 8.79986
0 0 0 0 1 8.87822
0 0 0 0 1 8.78963
0 0 0 0 1 8.80849
0 0 0 0 1 8.70317
0 0 0 0 1 8.72554
0 0 0 0 1 8.75122
0 0 0 0 0 8.72151
0 0 0 0 1 8.54875
0 0 0 0 1 8.52837
0 0 0 0 1 8.60605
0 0 0 0 1 8.50013
0 0 0 0 0 8.58614
0 0 0 0 1 8.59162
0 0 0 0 1 8.41873
0 0 0 0 1 8.4501
0 0 0 0 1 8.48984
0 0 0 0 0 8.41977
0 0 0 0 1 8.35375
0 0 0 0 1 8.31806
0 0 0 0 1 8.35796
0 0 0 0 1 8.33925
0 0 0 0 1 8.39573
0 0 0 0 0 8.30602
0 0 0 0 0 8.27949
0 0 0 0 1 8.26143
0 0 0 0 1 8.32236
0 0 0 0 1 8.25492
0 0 0 0 1 8.30306
0 0 0 0 1 8.2197
0 0 0 0 1 8.17774
0 0 0 0 0 8.11151
0 0 0 0 1 8.11092
0 0 0 0 0 8.17558
0 0 0 0 0 8.09378
0 0 0 0 1 8.11784
0 0 0 0 1 8.14999
0 0 0 0 1 8.06903
0 0 0 0 1 7.98044
0 0 0 0 0 8.06521
0 0 0 0 1 7.96104
0 0 0 0 0 8.0418
0 0 0 0 1 7.93829
0 0 0 0 1 8.04296
0 0 0 0 1 7.9837
0 0 0 0 0 8.00852
0 0 0 0 1 8.00954
0 0 0 0 0 7.86791
0 0 0 0 1 7.94068
0 0 0 0 1 7.85087
0 0 0 0 1 7.8763
0 0 0 0 1 7.9254
0 0 0 0 1 7.79698
0 0 0 0 1 7.78683
0 0 0 0 1 7.89111
0 0 0 0 1 7.81506
0 0 0 0 1 7.8254
0 0 0 0 1 7.87812
0 0 0 0 1 7.85739
0 0 0 0 1 7.71236
0 0 0 0 1 7.78082
0 0 0 0 1 7.70641
0 0 0 0 1 7.79814
