0 0 0 0 1 5.54179
0 0 0 0 1 5.56756
0 0 0 0 1 5.51561
0 0 0 0 0 5.51623
0 0 0 0 1 5.60377
0 0 0 0 1 5.61345
0 0 0 0 1 5.57195
0 0 0 0 1 5.64899
0 0 0 0 1 5.63885
0 0 0 0 1 5.63773
0 0 0 0 1 5.66486
0 0 0 0 1 5.5963
0 0 0 0 1 5.63711
0 0 0 0 1 5.64202
0 0 0 0 1 5.69807
0 0 0 0 1 5.62018
0 0 0 0 1 5.74478
0 0 0 0 1 5.6591
0 0 0 0 1 5.70451
0 0 0 0 1 5.75399
0 0 0 0 1 5.71395
0 0 0 0 1 5.69105
0 0 0 0 0 5.77736
0 0 0 0 1 5.80651
0 0 0 0 0 5.81452
0 0 0 0 1 5.80352
0 0 0 0 1 5.77518
0 0 0 0 1 5.85128
0 0 0 0 1 5.8638
0 0 0 0 1 5.87644
0 0 0 0 1 5.88337
0 0 0 0 1 5.81003
0 0 0 0 1 5.83613
0 0 0 0 1 5.88427
0 0 0 0 1 5.8915
0 0 0 0 1 5.88703
0 0 0 0 1 5.88852
0 0 0 0 1 5.93747
0 0 0 0 0 5.90357
0 0 0 0 1 6.00052
0 0 0 0 1 6.01445
0 0 0 0 1 5.95673
0 0 0 0 1 6.04991
0 0 0 0 0 5.96211
0 0 0 0 1 6.07857
0 0 0 0 1 6.02672
0 0 0 0 1 6.07629
0 0 0 0 1 6.03031
0 0 0 0 1 6.12403
0 0 0 0 1 6.14508
0 0 0 0 1 6.07461
0 0 0 0 1 6.13248
0 0 0 0 0 6.12204
0 0 0 0 1 6.15068
0 0 0 0 1 6.11669
0 0 0 0 1 6.13206
0 0 0 0 1 6.21577
0 0 0 0 1 6.24924
0 0 0 0 1 6.25269
0 0 0 0 1 6.24992
0 0 0 0 1 6.29017
0 0 0 0 1 6.30641
0 0 0 0 1 6.25965
0 0 0 0 1 6.30755
0 0 0 0 1 6.34938
0 0 0 0 1 6.37792
0 0 0 0 1 6.32449
0 0 0 0 1 6.43001
0 0 0 0 1 6.42777
0 0 0 0 0 6.47633
0 0 0 0 1 6.42898
0 0 0 0 1 6.53621
0 0 0 0 1 6.44321
0 0 0 0 0 6.56485
0 0 0 0 1 6.56294
0 0 0 0 1 6.6063
0 0 0 0 1 6.62361
0 0 0 0 1 6.5426
0 0 0 0 1 6.57302
0 0 0 0 0 6.68344
0 0 0 0 1 6.72123
0 0 0 0 1 6.62591
0 0 0 0 0 6.69784
0 0 0 0 0 6.75616
0 0 0 0 0 6.75402
0 0 0 0 1 6.83326
0 0 0 0 1 6.74959
0 0 0 0 1 6.81565
0 0 0 0 1 6.79294
0 0 0 0 1 6.85267
0 0 0 0 0 6.8644
0 0 0 0 1 6.93907
0 0 0 0 1 7.02068
0 0 0 0 1 7.05394
0 0 0 0 1 7.04534
0 0 0 0 1 6.96623
0 0 0 0 1 7.04139
0 0 0 0 1 7.05369
0 0 0 0 1 7.15148
0 0 0 0 1 7.17844
0 0 0 0 0 7.20552
0 0 0 0 1 7.14627
0 0 0 0 1 7.20175
0 0 0 0 0 7.27256
0 0 0 0 1 7.23396
0 0 0 0 1 7.3859
0 0 0 0 1 7.43558
0 0 0 0 1 7.31641
0 0 0 0 1 7.44749
0 0 0 0 1 7.41569
0 0 0 0 1 7.52608
0 0 0 0 1 7.56173
0 0 0 0 1 7.59754
0 0 0 0 1 7.63353
0 0 0 0 1 7.60149
0 0 0 0 0 7.68339
0 0 0 0 1 7.74281
0 0 0 0 0 7.76397
0 0 0 0 0 7.71529
0 0 0 0 1 7.77513
0 0 0 0 1 7.90624
0 0 0 0 1 7.88062
0 0 0 0 0 7.86194
0 0 0 0 0 7.99431
0 0 0 0 1 8.03946
0 0 0 0 1 7.96482
0 0 0 0 1 8.01833
0 0 0 0 1 8.0235
0 0 0 0 1 8.07675
0 0 0 0 1 8.15545
0 0 0 0 1 8.31643
0 0 0 0 1 8.24704
0 0 0 0 1 8.40187
0 0 0 0 1 8.41527
0 0 0 0 1 8.37799
0 0 0 0 1 8.38225
0 0 0 0 0 8.5393
0 0 0 0 1 8.48392
0 0 0 0 0 8.51436
0 0 0 0 0 8.60448
0 0 0 0 1 8.73796
0 0 0 0 1 8.65476
0 0 0 0 1 8.78921
0 0 0 0 1 8.91756
0 0 0 0 1 8.85861
0 0 0 0 1 8.96846
0 0 0 0 1 8.97109
0 0 0 0 1 8.97323
0 0 0 0 1 9.06709
0 0 0 0 1 9.13306
0 0 0 0 1 9.13474
0 0 0 0 1 9.3123
0 0 0 0 1 9.29648
0 0 0 0 1 9.39044
0 0 0 0 0 9.46724
0 0 0 0 1 9.44801
0 0 0 0 1 9.61002
0 0 0 0 1 9.63
0 0 0 0 1 9.75517
0 0 0 0 1 9.70524
0 0 0 0 0 9.91985
0 0 0 0 1 9.93975
0 0 0 0 0 9.99623
0 0 0 0 1 10.0743
0 0 0 0 1 10.0295
0 0 0 0 1 10.3011
0 0 0 0 0 10.2556
0 0 0 0 0 10.457
0 0 0 0 1 10.3181
0 0 0 0 1 10.479
0 0 0 0 1 10.5249
0 0 0 0 1 10.6432
0 0 0 0 1 10.7213
0 0 0 0 1 10.9274
0 0 0 0 1 9.29659
0 0 0 0 1 9.27249
0 0 0 0 0 9.28114
0 0 0 0 0 9.17419
0 0 0 0 1 9.31221
0 0 0 0 1 9.15984
0 0 0 0 0 9.14137
0 0 0 0 1 9.1734
0 0 0 0 1 9.22822
0 0 0 0 1 9.13248
0 0 0 0 1 9.11452
0 0 0 0 0 9.09227
0 0 0 0 1 9.11991
0 0 0 0 1 9.06617
0 0 0 0 1 8.99939
0 0 0 0 1 9.06329
0 0 0 0 1 8.91622
0 0 0 0 1 8.92641
0 0 0 0 1 9.03505
0 0 0 0 1 8.83979
0 0 0 0 1 8.84629
0 0 0 0 1 8.91915
0 0 0 0 1 8.81431
0 0 0 0 1 8.82512
0 0 0 0 1 8.87137
0 0 0 0 0 8.85188
0 0 0 0 1 8.8805
0 0 0 0 1 8.82118
0 0 0 0 1 8.77095
0 0 0 0 1 8.79112
0 0 0 0 0 8.81132
0 0 0 0 1 8.65326
0 0 0 0 1 8.639
0 0 0 0 1 8.6423
0 0 0 0 1 8.66308
0 0 0 0 1 8.70993
0 0 0 0 1 8.60085
0 0 0 0 1 8.6133
0 0 0 0 1 8.62583
0 0 0 0 1 8.56086
0 0 0 0 0 8.63394
0 0 0 0 1 8.64676
0 0 0 0 1 8.63392
0 0 0 0 0 8.50127
0 0 0 0 1 8.48895
0 0 0 0 1 8.62206
0 0 0 0 1 8.59582
0 0 0 0 1 8.4474
0 0 0 0 1 8.4898
0 0 0 0 1 8.69124
0 0 0 0 1 8.90391
0 0 0 0 1 8.94984
0 0 0 0 1 9.11146
0 0 0 0 0 9.14517
0 0 0 0 0 9.40075
0 0 0 0 1 9.62208
0 0 0 0 0 9.71977
0 0 0 0 0 9.78626
0 0 0 0 1 10.0999
0 0 0 0 0 10.1536
0 0 0 0 0 10.338
0 0 0 0 1 10.5423
0 0 0 0 1 10.6301
0 0 0 0 1 10.9527
0 0 0 0 1 11.2466
0 0 0 0 1 11.4516
0 0 0 0 1 11.4693
0 0 0 0 1 11.8314
0 0 0 0 1 11.9457
0 0 0 0 1 12.2594
0 0 0 0 1 12.5857
0 0 0 0 1 12.7576
0 0 0 0 1 22.8873
0 0 0 0 1 22.8456
0 0 0 0 0 22.5756
0 0 0 0 1 22.8298
0 0 0 0 1 22.4723
0 0 0 0 1 22.41
0 0 0 0 1 22.778
0 0 0 0 1 22.4
0 0 0 0 1 22.4294
0 0 0 0 0 22.5496
0 0 0 0 0 22.3316
0 0 0 0 1 22.7455
0 0 0 0 1 22.7101
0 0 0 0 1 22.6738
0 0 0 0 1 22.3229
0 0 0 0 0 22.6025
0 0 0 0 1 22.5001
0 0 0 0 0 22.6903
0 0 0 0 0 23.2692
0 0 0 0 1 24.0514
0 0 0 0 1 25.3692
0 0 0 0 0 26.055
0 0 0 0 1 36.454
0 0 0 0 1 36.7303
0 0 0 0 0 36.352
0 0 0 0 1 36.2293
0 0 0 0 1 36.5745
0 0 0 0 1 38.3337
0 0 0 0 1 51.8064
0 0 0 0 1 51.5827
0 0 0 0 0 52.0893
0 0 0 0 0 51.9717
0 0 0 0 0 52.2192
0 0 0 0 1 56.7235
0 0 0 0 1 65.6589
0 0 0 0 1 69.5246
0 0 0 0 1 81.4828
0 0 0 0 0 5.03004
0 0 0 0 0 5.02503
0 0 0 0 0 4.97994
0 0 0 0 0 4.96992
0 0 0 0 0 5.03505
0 0 0 0 0 4.98996
0 0 0 0 0 5.0601
0 0 0 0 0 5.04507
0 0 0 0 0 5.01501
0 0 0 0 0 5.02503
0 0 0 0 0 5.04507
0 0 0 0 0 4.99497
0 0 0 0 1 88.0288
0 0 0 0 1 87.8627
0 0 0 0 1 74.5437
0 0 0 0 1 64.2858
0 0 0 0 0 60.8896
0 0 0 0 1 60.2349
0 0 0 0 1 60.3073
0 0 0 0 1 51.055
0 0 0 0 1 48.0831
0 0 0 0 1 47.8075
0 0 0 0 1 39.1564
0 0 0 0 1 36.6725
0 0 0 0 1 35.8105
0 0 0 0 1 36.0012
0 0 0 0 1 35.3352
0 0 0 0 0 35.4558
0 0 0 0 1 27.9936
0 0 0 0 1 26.9107
0 0 0 0 1 25.434
0 0 0 0 1 24.8115
0 0 0 0 1 24.7494
0 0 0 0 1 24.7863
0 0 0 0 1 24.4282
0 0 0 0 1 24.6385
0 0 0 0 1 24.8989
0 0 0 0 1 24.6415
0 0 0 0 1 24.6313
0 0 0 0 1 24.8936
0 0 0 0 1 24.6357
0 0 0 0 1 18.1089
0 0 0 0 1 17.6504
0 0 0 0 1 17.2089
0 0 0 0 1 16.6608
0 0 0 0 1 16.2284
0 0 0 0 0 15.8319
0 0 0 0 1 15.5164
0 0 0 0 1 15.091
0 0 0 0 1 14.6244
0 0 0 0 0 14.4519
0 0 0 0 1 14.0567
0 0 0 0 1 13.9287
0 0 0 0 1 13.8849
0 0 0 0 1 13.9944
0 0 0 0 1 13.9789
0 0 0 0 1 14.0194
0 0 0 0 0 13.9648
0 0 0 0 1 13.9499
0 0 0 0 1 13.9353
0 0 0 0 1 14.0748
0 0 0 0 1 14.0911
0 0 0 0 1 13.9931
0 0 0 0 1 14.0215
0 0 0 0 1 14.008
0 0 0 0 1 14.1097
0 0 0 0 1 13.9559
0 0 0 0 1 13.957
0 0 0 0 1 13.9892
0 0 0 0 1 14.0332
0 0 0 0 1 14.0917
0 0 0 0 0 14.1957
0 0 0 0 1 14.3258
0 0 0 0 1 14.2747
0 0 0 0 1 14.2635
0 0 0 0 1 14.2981
0 0 0 0 1 14.3443
0 0 0 0 1 14.4082
0 0 0 0 1 14.4122
0 0 0 0 1 14.3765
0 0 0 0 0 14.2375
0 0 0 0 1 8.91418
0 0 0 0 1 8.69478
0 0 0 0 0 8.68464
0 0 0 0 1 8.52871
0 0 0 0 1 8.38256
0 0 0 0 0 8.30391
0 0 0 0 1 8.24245
0 0 0 0 0 8.04146
0 0 0 0 1 7.98026
0 0 0 0 1 7.84735
0 0 0 0 1 7.88112
0 0 0 0 1 7.70211
0 0 0 0 0 7.67204
0 0 0 0 1 7.58048
0 0 0 0 0 7.48923
0 0 0 0 1 7.36317
0 0 0 0 1 7.32426
0 0 0 0 0 7.17066
0 0 0 0 1 7.15504
0 0 0 0 1 7.08871
0 0 0 0 1 7.0013
0 0 0 0 1 6.95127
0 0 0 0 1 6.89195
0 0 0 0 0 6.83482
0 0 0 0 0 6.78443
0 0 0 0 1 6.72053
0 0 0 0 1 6.65013
0 0 0 0 1 6.54716
0 0 0 0 1 6.56864
0 0 0 0 1 6.50755
0 0 0 0 1 6.32904
0 0 0 0 1 6.28198
0 0 0 0 1 6.22238
0 0 0 0 1 6.23769
0 0 0 0 1 6.14702
0 0 0 0 1 6.13666
0 0 0 0 1 6.07108
0 0 0 0 1 6.05683
0 0 0 0 1 5.97362
0 0 0 0 1 5.97686
0 0 0 0 0 5.92358
0 0 0 0 1 5.79771
0 0 0 0 1 5.81196
0 0 0 0 1 5.69343
0 0 0 0 1 5.68136
0 0 0 0 0 5.62665
0 0 0 0 1 5.57782
0 0 0 0 0 5.57675
0 0 0 0 1 5.47828
0 0 0 0 1 5.46299
0 0 0 0 1 5.38214
0 0 0 0 0 5.35904
0 0 0 0 1 5.31978
0 0 0 0 1 5.35212
0 0 0 0 1 5.25447
0 0 0 0 1 5.20716
0 0 0 0 0 5.18929
0 0 0 0 1 5.22311
0 0 0 0 1 5.16349
0 0 0 0 1 5.15033
0 0 0 0 1 5.06769
0 0 0 0 0 5.0193
0 0 0 0 1 4.98947
0 0 0 0 0 4.97144
0 0 0 0 1 4.90384
0 0 0 0 1 4.87612
0 0 0 0 1 4.84844
0 0 0 0 1 4.88237
0 0 0 0 1 4.79166
0 0 0 0 1 4.80537
0 0 0 0 1 4.80739
0 0 0 0 0 4.86857
0 0 0 0 1 4.81836
0 0 0 0 0 4.89353
0 0 0 0 1 4.93603
0 0 0 0 1 4.87081
0 0 0 0 1 4.91844
0 0 0 0 1 4.9652
0 0 0 0 1 4.97873
0 0 0 0 1 4.95749
0 0 0 0 1 5.0397
0 0 0 0 1 4.98846
0 0 0 0 0 4.97702
0 0 0 0 1 5.0563
0 0 0 0 0 5.05509
0 0 0 0 1 5.13011
0 0 0 0 0 5.09337
0 0 0 0 1 5.14852
0 0 0 0 1 5.0845
0 0 0 0 1 5.1038
0 0 0 0 0 5.22153
0 0 0 0 1 5.18947
0 0 0 0 1 5.25618
0 0 0 0 0 5.21865
0 0 0 0 1 5.2596
0 0 0 0 1 5.23224
0 0 0 0 1 5.32787
0 0 0 0 1 5.30039
0 0 0 0 1 5.36878
0 0 0 0 1 5.35183
0 0 0 0 1 5.4262
0 0 0 0 0 5.45399
0 0 0 0 1 5.40432
0 0 0 0 1 5.40328
0 0 0 0 1 5.45141
0 0 0 0 1 5.55088
0 0 0 0 1 5.52803
0 0 0 0 0 5.52863
0 0 0 0 1 5.54987
0 0 0 0 1 5.57273
0 0 0 0 1 5.62787
0 0 0 0 1 5.64541
0 0 0 0 1 5.72949
0 0 0 0 1 5.75312
0 0 0 0 1 5.67217
0 0 0 0 1 5.7472
0 0 0 0 0 5.75345
0 0 0 0 1 5.79446
0 0 0 0 1 5.89246
0 0 0 0 1 5.90492
0 0 0 0 1 5.87017
0 0 0 0 1 5.86449
0 0 0 0 0 5.98361
0 0 0 0 1 6.03193
0 0 0 0 1 6.00838
0 0 0 0 1 5.99649
0 0 0 0 1 6.09971
0 0 0 0 0 6.13661
0 0 0 0 1 6.11231
0 0 0 0 1 6.11372
0 0 0 0 1 9.53808
0 0 0 0 1 9.44341
0 0 0 0 1 9.35559
0 0 0 0 0 9.4661
0 0 0 0 1 9.46636
0 0 0 0 1 9.32315
0 0 0 0 1 9.38589
0 0 0 0 1 9.32422
0 0 0 0 1 9.29709
0 0 0 0 1 9.17463
0 0 0 0 0 9.17254
0 0 0 0 0 9.23463
0 0 0 0 1 9.04952
0 0 0 0 1 9.10247
0 0 0 0 0 9.06426
0 0 0 0 0 9.03535
0 0 0 0 0 8.94344
0 0 0 0 1 8.97476
0 0 0 0 1 9.02714
0 0 0 0 1 8.87907
0 0 0 0 1 8.99394
0 0 0 0 0 8.97469
0 0 0 0 1 8.85804
0 0 0 0 1 8.85706
0 0 0 0 1 8.72932
0 0 0 0 1 8.83427
0 0 0 0 1 8.71953
0 0 0 0 1 8.68603
0 0 0 0 0 8.6334
0 0 0 0 1 8.78643
0 0 0 0 1 8.62112
0 0 0 0 1 8.60903
0 0 0 0 1 8.67815
0 0 0 0 1 8.58861
0 0 0 0 1 8.62321
0 0 0 0 1 8.60285
0 0 0 0 0 8.48372
0 0 0 0 1 8.4639
0 0 0 0 1 8.52917
0 0 0 0 1 8.4162
0 0 0 0 1 8.46447
0 0 0 0 1 8.50414
0 0 0 0 1 8.44629
0 0 0 0 1 8.38521
0 0 0 0 1 8.29096
0 0 0 0 1 8.32254
0 0 0 0 1 8.31236
0 0 0 0 0 8.39748
0 0 0 0 1 8.23801
0 0 0 0 1 8.2697
0 0 0 0 0 8.33889
0 0 0 0 0 8.16421
0 0 0 0 0 8.15494
0 0 0 0 0 8.18685
0 0 0 0 1 8.20232
0 0 0 0 0 8.14422
0 0 0 0 0 8.0946
0 0 0 0 0 8.15115
0 0 0 0 1 8.08565
0 0 0 0 1 8.10162
0 0 0 0 1 8.02859
0 0 0 0 1 8.1175
0 0 0 0 1 8.10941
0 0 0 0 1 8.10546
0 0 0 0 0 8.10564
0 0 0 0 1 7.94558
0 0 0 0 1 7.99431
0 0 0 0 1 7.97108
0 0 0 0 0 7.91989
0 0 0 0 1 7.88911
0 0 0 0 1 7.87446
0 0 0 0 1 7.88377
0 0 0 0 1 7.98818
0 0 0 0 1 7.86668
0 0 0 0 0 7.86052
0 0 0 0 1 7.83874
0 0 0 0 1 7.84419
0 0 0 0 0 7.92826
0 0 0 0 1 7.82835
0 0 0 0 1 7.78374
0 0 0 0 1 7.76286
0 0 0 0 1 7.84689
0 0 0 0 1 7.80283
0 0 0 0 1 7.81353
0 0 0 0 1 7.80414
0 0 0 0 1 7.79178
0 0 0 0 1 7.82139
