0 0 0 0 1 5.59727
0 0 0 0 0 5.57312
0 0 0 0 1 5.56013
0 0 0 0 1 5.52737
0 0 0 0 1 5.5647
0 0 0 0 1 5.63581
0 0 0 0 1 5.59992
0 0 0 0 1 5.57614
0 0 0 0 1 5.6164
0 0 0 0 0 5.6321
0 0 0 0 1 5.64797
0 0 0 0 1 5.65835
0 0 0 0 1 5.61452
0 0 0 0 1 5.66465
0 0 0 0 1 5.68673
0 0 0 0 1 5.65424
0 0 0 0 1 5.67652
0 0 0 0 1 5.6534
0 0 0 0 0 5.73877
0 0 0 0 1 5.70256
0 0 0 0 1 5.69105
0 0 0 0 1 5.69105
0 0 0 0 1 5.8061
0 0 0 0 1 5.74314
0 0 0 0 1 5.71646
0 0 0 0 1 5.80352
0 0 0 0 1 5.7578
0 0 0 0 1 5.81065
0 0 0 0 1 5.75909
0 0 0 0 1 5.88227
0 0 0 0 1 5.86
0 0 0 0 1 5.81589
0 0 0 0 1 5.88886
0 0 0 0 0 5.93125
0 0 0 0 1 5.83853
0 0 0 0 0 5.91063
0 0 0 0 1 5.92399
0 0 0 0 1 5.97303
0 0 0 0 1 5.9689
0 0 0 0 1 5.97076
0 0 0 0 1 5.99655
0 0 0 0 0 5.97467
0 0 0 0 0 6.04392
0 0 0 0 1 5.99814
0 0 0 0 1 5.9582
0 0 0 0 1 6.09308
0 0 0 0 1 6.00367
0 0 0 0 1 6.07885
0 0 0 0 1 6.06321
0 0 0 0 1 6.05364
0 0 0 0 1 6.16017
0 0 0 0 1 6.18762
0 0 0 0 1 6.08516
0 0 0 0 1 6.10142
0 0 0 0 0 6.18458
0 0 0 0 1 6.21868
0 0 0 0 0 6.17855
0 0 0 0 1 6.26792
0 0 0 0 1 6.26517
0 0 0 0 0 6.29371
0 0 0 0 1 6.27134
0 0 0 0 1 6.32529
0 0 0 0 1 6.29751
0 0 0 0 1 6.37082
0 0 0 0 1 6.33669
0 0 0 0 1 6.37156
0 0 0 0 0 6.31811
0 0 0 0 1 6.34675
0 0 0 0 1 6.35713
0 0 0 0 1 6.46988
0 0 0 0 1 6.42898
0 0 0 0 1 6.43894
0 0 0 0 1 6.53424
0 0 0 0 1 6.49314
0 0 0 0 1 6.47143
0 0 0 0 1 6.61942
0 0 0 0 0 6.56436
0 0 0 0 0 6.62182
0 0 0 0 1 6.57302
0 0 0 0 1 6.66349
0 0 0 0 0 6.64781
0 0 0 0 1 6.67276
0 0 0 0 1 6.66428
0 0 0 0 0 6.70227
0 0 0 0 1 6.82163
0 0 0 0 1 6.79255
0 0 0 0 1 6.85175
0 0 0 0 1 6.89768
0 0 0 0 1 6.80667
0 0 0 0 1 6.92843
0 0 0 0 0 6.9197
0 0 0 0 0 6.95986
0 0 0 0 1 6.96501
0 0 0 0 0 6.99807
0 0 0 0 0 7.05936
0 0 0 0 1 7.07178
0 0 0 0 1 7.02018
0 0 0 0 1 7.08207
0 0 0 0 1 7.0945
0 0 0 0 1 7.22134
0 0 0 0 1 7.20552
0 0 0 0 1 7.13907
0 0 0 0 0 7.17279
0 0 0 0 1 7.25076
0 0 0 0 1 7.24126
0 0 0 0 0 7.29797
0 0 0 0 1 7.40613
0 0 0 0 1 7.36809
0 0 0 0 1 7.34364
0 0 0 0 1 7.52004
0 0 0 0 1 7.41386
0 0 0 0 0 7.57676
0 0 0 0 1 7.61265
0 0 0 0 1 7.55006
0 0 0 0 0 7.60911
0 0 0 0 1 7.70635
0 0 0 0 1 7.63516
0 0 0 0 1 7.74852
0 0 0 0 1 7.80067
0 0 0 0 1 7.82972
0 0 0 0 1 7.85145
0 0 0 0 1 7.80197
0 0 0 0 1 7.97267
0 0 0 0 1 8.01815
0 0 0 0 1 8.07142
0 0 0 0 1 8.013
0 0 0 0 1 8.0022
0 0 0 0 1 8.04782
0 0 0 0 1 8.1338
0 0 0 0 1 8.2537
0 0 0 0 1 8.22585
0 0 0 0 1 8.36296
0 0 0 0 0 8.31037
0 0 0 0 0 8.4069
0 0 0 0 1 8.38641
0 0 0 0 1 8.49221
0 0 0 0 1 8.49677
0 0 0 0 1 8.47537
0 0 0 0 0 8.56591
0 0 0 0 0 8.71679
0 0 0 0 1 8.77274
0 0 0 0 1 8.6635
0 0 0 0 1 8.72763
0 0 0 0 1 8.77615
0 0 0 0 1 8.98313
0 0 0 0 1 8.91476
0 0 0 0 1 8.98911
0 0 0 0 1 9.13638
0 0 0 0 1 9.16733
0 0 0 0 0 9.26144
0 0 0 0 1 9.26392
0 0 0 0 0 9.24731
0 0 0 0 1 9.39916
0 0 0 0 1 9.40924
0 0 0 0 1 9.4105
0 0 0 0 1 9.61945
0 0 0 0 0 9.5237
0 0 0 0 1 9.6879
0 0 0 0 0 9.64829
0 0 0 0 1 9.77372
0 0 0 0 0 9.86075
0 0 0 0 1 9.91993
0 0 0 0 1 10.0561
0 0 0 0 0 10.0843
0 0 0 0 0 10.1106
0 0 0 0 1 10.2807
0 0 0 0 1 10.3173
0 0 0 0 1 10.3431
0 0 0 0 1 10.4848
0 0 0 0 1 10.5735
0 0 0 0 1 10.6095
0 0 0 0 0 10.6858
0 0 0 0 1 10.7642
0 0 0 0 1 10.8082
0 0 0 0 1 9.39895
0 0 0 0 1 9.34674
0 0 0 0 1 9.2163
0 0 0 0 1 9.15571
0 0 0 0 1 9.17391
0 0 0 0 1 9.17824
0 0 0 0 1 9.10466
0 0 0 0 0 9.22833
0 0 0 0 1 9.05462
0 0 0 0 1 9.04134
0 0 0 0 1 9.13271
0 0 0 0 1 9.11042
0 0 0 0 1 9.1018
0 0 0 0 1 8.96674
0 0 0 0 1 8.98136
0 0 0 0 1 9.09029
0 0 0 0 1 9.06886
0 0 0 0 1 8.93537
0 0 0 0 1 8.97243
0 0 0 0 1 8.86658
0 0 0 0 1 8.91756
0 0 0 0 1 8.86579
0 0 0 0 1 8.81431
0 0 0 0 0 8.8074
0 0 0 0 1 8.9156
0 0 0 0 1 8.79892
0 0 0 0 1 8.88931
0 0 0 0 1 8.84757
0 0 0 0 1 8.77095
0 0 0 0 1 8.75606
0 0 0 0 1 8.83757
0 0 0 0 1 8.81044
0 0 0 0 1 8.76976
0 0 0 0 1 8.73803
0 0 0 0 0 8.63701
0 0 0 0 0 8.65788
0 0 0 0 1 8.64415
0 0 0 0 1 8.57006
0 0 0 0 1 8.59129
0 0 0 0 1 8.56086
0 0 0 0 1 8.57368
0 0 0 0 0 8.51783
0 0 0 0 1 8.6425
0 0 0 0 1 8.54412
0 0 0 0 0 8.60019
0 0 0 0 1 8.61351
0 0 0 0 1 8.45925
0 0 0 0 1 8.54116
0 0 0 0 1 8.65273
0 0 0 0 1 8.70864
0 0 0 0 0 8.73625
0 0 0 0 1 8.99464
0 0 0 0 1 9.15693
0 0 0 0 1 9.31144
0 0 0 0 0 9.46643
0 0 0 0 1 9.48857
0 0 0 0 1 9.63264
0 0 0 0 1 9.77641
0 0 0 0 1 9.96977
0 0 0 0 1 10.174
0 0 0 0 1 10.338
0 0 0 0 1 10.6584
0 0 0 0 1 10.716
0 0 0 0 1 10.9965
0 0 0 0 1 11.202
0 0 0 0 0 11.4403
0 0 0 0 1 11.6199
0 0 0 0 1 11.7487
0 0 0 0 1 12.1024
0 0 0 0 1 12.3456
0 0 0 0 1 12.4725
0 0 0 0 0 12.8861
0 0 0 0 1 22.7055
0 0 0 0 1 22.8456
0 0 0 0 1 22.7344
0 0 0 0 1 22.7844
0 0 0 0 1 22.427
0 0 0 0 0 22.7948
0 0 0 0 1 22.6875
0 0 0 0 1 22.6486
0 0 0 0 1 22.3617
0 0 0 0 1 22.4367
0 0 0 0 1 22.4218
0 0 0 0 1 22.6102
0 0 0 0 1 22.3947
0 0 0 0 0 22.3811
0 0 0 0 0 22.6604
0 0 0 0 1 22.4001
0 0 0 0 1 22.3652
0 0 0 0 0 22.5331
0 0 0 0 1 23.246
0 0 0 0 1 24.0273
0 0 0 0 0 25.3441
0 0 0 0 1 26.0026
0 0 0 0 1 36.454
0 0 0 0 1 36.075
0 0 0 0 1 36.3156
0 0 0 0 1 36.2293
0 0 0 0 1 36.2106
0 0 0 0 1 38.796
0 0 0 0 0 51.8584
0 0 0 0 1 52.2594
0 0 0 0 1 52.1934
0 0 0 0 1 52.4399
0 0 0 0 1 52.4273
0 0 0 0 0 56.6671
0 0 0 0 0 65.2661
0 0 0 0 1 69.8032
0 0 0 0 1 81.8918
0 0 0 0 0 5.05008
0 0 0 0 0 4.98996
0 0 0 0 0 5.0601
0 0 0 0 0 5.03004
0 0 0 0 0 4.99497
0 0 0 0 0 4.97994
0 0 0 0 0 4.99497
0 0 0 0 0 5.04006
0 0 0 0 0 5.02503
0 0 0 0 0 5.00499
0 0 0 0 0 5.0601
0 0 0 0 0 5.02002
0 0 0 0 1 86.8025
0 0 0 0 1 86.7239
0 0 0 0 1 75.6709
0 0 0 0 1 64.222
0 0 0 0 1 60.4659
0 0 0 0 1 60.8403
0 0 0 0 0 61.0944
0 0 0 0 1 52.0864
0 0 0 0 0 47.5073
0 0 0 0 1 48.3355
0 0 0 0 1 39.4705
0 0 0 0 1 36.5989
0 0 0 0 1 35.5252
0 0 0 0 0 35.9655
0 0 0 0 0 35.7278
0 0 0 0 1 35.3843
0 0 0 0 1 27.9936
0 0 0 0 1 26.7499
0 0 0 0 1 25.8186
0 0 0 0 1 24.5407
0 0 0 0 1 24.577
0 0 0 0 1 24.8849
0 0 0 0 1 24.5268
0 0 0 0 1 24.4905
0 0 0 0 1 24.5287
0 0 0 0 1 24.6168
0 0 0 0 1 24.6807
0 0 0 0 1 24.4733
0 0 0 0 0 24.611
0 0 0 0 1 18.1635
0 0 0 0 1 17.8273
0 0 0 0 1 17.3465
0 0 0 0 1 16.7946
0 0 0 0 1 16.4565
0 0 0 0 1 15.8001
0 0 0 0 1 15.3461
0 0 0 0 1 14.97
0 0 0 0 1 14.8015
0 0 0 0 0 14.3942
0 0 0 0 1 14.1836
0 0 0 0 1 13.9564
0 0 0 0 0 13.9127
0 0 0 0 1 13.9526
0 0 0 0 1 13.9093
0 0 0 0 1 13.8383
0 0 0 0 1 13.8531
0 0 0 0 1 14.0198
0 0 0 0 1 14.117
0 0 0 0 1 13.9489
0 0 0 0 1 13.965
0 0 0 0 1 13.9651
0 0 0 0 1 13.9373
0 0 0 0 1 14.0361
0 0 0 0 1 13.9268
0 0 0 0 0 14.0263
0 0 0 0 1 14.2108
0 0 0 0 1 14.0598
0 0 0 0 1 14.2169
0 0 0 0 0 14.0917
0 0 0 0 1 14.1249
0 0 0 0 1 14.2691
0 0 0 0 1 14.1753
0 0 0 0 1 14.1924
0 0 0 0 0 14.1557
0 0 0 0 1 14.3586
0 0 0 0 1 14.2939
0 0 0 0 1 14.1834
0 0 0 0 1 14.1904
0 0 0 0 1 14.4096
0 0 0 0 1 8.90536
0 0 0 0 1 8.79933
0 0 0 0 1 8.52987
0 0 0 0 1 8.55419
0 0 0 0 1 8.46647
0 0 0 0 1 8.34535
0 0 0 0 0 8.25064
0 0 0 0 1 8.14663
0 0 0 0 1 8.00425
0 0 0 0 1 7.96589
0 0 0 0 1 7.84984
0 0 0 0 1 7.65576
0 0 0 0 0 7.58034
0 0 0 0 0 7.48978
0 0 0 0 1 7.46681
0 0 0 0 0 7.35577
0 0 0 0 1 7.36816
0 0 0 0 1 7.27931
0 0 0 0 1 7.24107
0 0 0 0 1 7.02484
0 0 0 0 1 7.09259
0 0 0 0 1 6.95127
0 0 0 0 1 6.89195
0 0 0 0 1 6.80071
0 0 0 0 1 6.7101
0 0 0 0 1 6.70715
0 0 0 0 1 6.56394
0 0 0 0 1 6.51432
0 0 0 0 0 6.51661
0 0 0 0 1 6.4753
0 0 0 0 1 6.3482
0 0 0 0 1 6.31998
0 0 0 0 1 6.22238
0 0 0 0 1 6.18166
0 0 0 0 1 6.18405
0 0 0 0 0 6.09383
0 0 0 0 1 6.00436
0 0 0 0 1 6.06285
0 0 0 0 1 5.93782
0 0 0 0 0 5.93539
0 0 0 0 1 5.92358
0 0 0 0 1 5.78023
0 0 0 0 1 5.77726
0 0 0 0 0 5.77378
0 0 0 0 1 5.63018
0 0 0 0 1 5.66051
0 0 0 0 1 5.58342
0 0 0 0 1 5.52666
0 0 0 0 1 5.47276
0 0 0 0 1 5.4849
0 0 0 0 1 5.42563
0 0 0 0 1 5.42927
0 0 0 0 1 5.33588
0 0 0 0 1 5.33082
0 0 0 0 1 5.27564
0 0 0 0 1 5.20191
0 0 0 0 1 5.16321
0 0 0 0 1 5.13503
0 0 0 0 0 5.17379
0 0 0 0 1 5.15544
0 0 0 0 0 5.08291
0 0 0 0 1 5.06465
0 0 0 0 0 5.0346
0 0 0 0 1 5.00133
0 0 0 0 1 4.95332
0 0 0 0 0 4.88104
0 0 0 0 1 4.91192
0 0 0 0 0 4.82407
0 0 0 0 0 4.82062
0 0 0 0 1 4.82463
0 0 0 0 0 4.81704
0 0 0 0 0 4.81528
0 0 0 0 1 4.81836
0 0 0 0 1 4.87891
0 0 0 0 1 4.86754
0 0 0 0 1 4.88063
0 0 0 0 0 4.95787
0 0 0 0 1 4.97014
0 0 0 0 0 4.93906
0 0 0 0 1 4.98735
0 0 0 0 0 4.94489
0 0 0 0 0 5.05357
0 0 0 0 1 5.05746
0 0 0 0 1 5.09162
0 0 0 0 1 5.06016
0 0 0 0 0 5.09452
0 0 0 0 1 5.08316
0 0 0 0 1 5.15877
0 0 0 0 1 5.14613
0 0 0 0 1 5.1502
0 0 0 0 1 5.13356
0 0 0 0 1 5.14271
0 0 0 0 1 5.24575
0 0 0 0 0 5.2867
0 0 0 0 1 5.28062
0 0 0 0 0 5.30081
0 0 0 0 0 5.28016
0 0 0 0 1 5.27378
0 0 0 0 1 5.37946
0 0 0 0 0 5.37864
0 0 0 0 0 5.41543
0 0 0 0 1 5.36201
0 0 0 0 1 5.43691
0 0 0 0 1 5.41963
0 0 0 0 1 5.42404
0 0 0 0 1 5.47936
0 0 0 0 1 5.47281
0 0 0 0 1 5.49532
0 0 0 0 0 5.56102
0 0 0 0 1 5.58953
0 0 0 0 0 5.66161
0 0 0 0 1 5.65671
0 0 0 0 1 5.71814
0 0 0 0 1 5.66189
0 0 0 0 1 5.75802
0 0 0 0 1 5.71844
0 0 0 0 1 5.73032
0 0 0 0 1 5.87001
0 0 0 0 1 5.86329
0 0 0 0 0 5.82283
0 0 0 0 1 5.87017
0 0 0 0 1 5.87042
0 0 0 0 0 5.90025
0 0 0 0 1 5.96611
0 0 0 0 0 6.07454
0 0 0 0 0 6.02067
0 0 0 0 1 6.06933
0 0 0 0 0 6.13661
0 0 0 0 0 6.17368
0 0 0 0 1 6.23723
0 0 0 0 1 9.52856
0 0 0 0 1 9.5003
0 0 0 0 0 9.49734
0 0 0 0 1 9.47552
0 0 0 0 1 9.45698
0 0 0 0 1 9.30445
0 0 0 0 0 9.2554
0 0 0 0 1 9.37999
0 0 0 0 1 9.24153
0 0 0 0 1 9.23924
0 0 0 0 0 9.22774
0 0 0 0 1 9.24381
0 0 0 0 1 9.21405
0 0 0 0 1 9.08425
0 0 0 0 1 9.01885
0 0 0 0 0 8.97197
0 0 0 0 1 8.99759
0 0 0 0 1 8.93875
0 0 0 0 1 8.96433
0 0 0 0 1 8.94173
0 0 0 0 1 8.90472
0 0 0 0 0 8.80569
0 0 0 0 1 8.87578
0 0 0 0 1 8.90125
0 0 0 0 0 8.79104
0 0 0 0 1 8.72
0 0 0 0 1 8.72829
0 0 0 0 1 8.71227
0 0 0 0 1 8.76421
0 0 0 0 1 8.73423
0 0 0 0 0 8.60377
0 0 0 0 1 8.6869
0 0 0 0 1 8.70403
0 0 0 0 0 8.68328
0 0 0 0 1 8.56315
0 0 0 0 1 8.57717
0 0 0 0 1 8.45811
0 0 0 0 1 8.59162
0 0 0 0 0 8.50368
0 0 0 0 0 8.43315
0 0 0 0 1 8.43065
0 0 0 0 1 8.51258
0 0 0 0 1 8.32851
0 0 0 0 1 8.36842
0 0 0 0 1 8.39146
0 0 0 0 1 8.39774
0 0 0 0 1 8.42074
0 0 0 0 1 8.32265
0 0 0 0 1 8.33756
0 0 0 0 1 8.28626
0 0 0 0 1 8.2893
0 0 0 0 0 8.23018
0 0 0 0 1 8.30306
0 0 0 0 0 8.24433
0 0 0 0 1 8.2351
0 0 0 0 1 8.22599
0 0 0 0 1 8.20068
0 0 0 0 1 8.20815
0 0 0 0 0 8.20755
0 0 0 0 1 8.07729
0 0 0 0 1 8.03668
0 0 0 0 1 8.10134
0 0 0 0 1 8.06911
0 0 0 0 1 8.08936
0 0 0 0 1 8.11368
0 0 0 0 1 8.09792
0 0 0 0 0 8.02632
0 0 0 0 1 7.94712
0 0 0 0 1 8.0475
0 0 0 0 1 8.00056
0 0 0 0 1 7.99365
0 0 0 0 1 7.97895
0 0 0 0 1 7.86151
0 0 0 0 1 7.85878
0 0 0 0 1 7.94733
0 0 0 0 1 7.87026
0 0 0 0 1 7.79698
0 0 0 0 1 7.89683
0 0 0 0 1 7.88326
0 0 0 0 1 7.86988
0 0 0 0 0 7.73941
0 0 0 0 1 7.761
0 0 0 0 0 7.74047
0 0 0 0 1 7.85244
0 0 0 0 1 7.70309
0 0 0 0 0 7.68313
0 0 0 0 0 7.70512
