0 0 0 0 1 5.55289
0 0 0 0 1 5.60645
0 0 0 0 1 5.51004
0 0 0 0 0 5.53852
0 0 0 0 1 5.63168
0 0 0 0 1 5.53517
0 0 0 0 1 5.56076
0 0 0 0 1 5.59856
0 0 0 0 1 5.57152
0 0 0 0 1 5.58152
0 0 0 0 1 5.61981
0 0 0 0 1 5.60758
0 0 0 0 0 5.65406
0 0 0 0 0 5.6024
0 0 0 0 1 5.70374
0 0 0 0 1 5.65424
0 0 0 0 1 5.7334
0 0 0 0 1 5.69329
0 0 0 0 1 5.69309
0 0 0 0 1 5.74256
0 0 0 0 1 5.71967
0 0 0 0 1 5.75415
0 0 0 0 0 5.77736
0 0 0 0 1 5.78347
0 0 0 0 1 5.75107
0 0 0 0 1 5.78618
0 0 0 0 1 5.78676
0 0 0 0 1 5.85709
0 0 0 0 1 5.85216
0 0 0 0 1 5.8881
0 0 0 0 1 5.84832
0 0 0 0 1 5.90365
0 0 0 0 1 5.82441
0 0 0 0 1 5.91364
0 0 0 0 1 5.83265
0 0 0 0 1 5.87524
0 0 0 0 1 5.96537
0 0 0 0 1 5.93747
0 0 0 0 0 5.92732
0 0 0 0 1 5.89932
0 0 0 0 1 5.96075
0 0 0 0 1 5.97467
0 0 0 0 1 6.01397
0 0 0 0 0 5.98613
0 0 0 0 1 5.98228
0 0 0 0 1 5.97242
0 0 0 0 1 5.99761
0 0 0 0 1 6.07885
0 0 0 0 1 6.0997
0 0 0 0 0 6.15727
0 0 0 0 1 6.08072
0 0 0 0 0 6.09572
0 0 0 0 1 6.13433
0 0 0 0 1 6.11989
0 0 0 0 0 6.22779
0 0 0 0 1 6.15062
0 0 0 0 1 6.15994
0 0 0 0 1 6.187
0 0 0 0 1 6.22773
0 0 0 0 1 6.29371
0 0 0 0 1 6.29645
0 0 0 0 0 6.35047
0 0 0 0 1 6.36061
0 0 0 0 1 6.2949
0 0 0 0 1 6.31132
0 0 0 0 1 6.42885
0 0 0 0 0 6.40107
0 0 0 0 0 6.35956
0 0 0 0 1 6.48556
0 0 0 0 1 6.46988
0 0 0 0 1 6.46775
0 0 0 0 1 6.49082
0 0 0 0 1 6.53424
0 0 0 0 1 6.56485
0 0 0 0 1 6.54333
0 0 0 0 1 6.57349
0 0 0 0 1 6.64995
0 0 0 0 0 6.64823
0 0 0 0 1 6.56639
0 0 0 0 1 6.67679
0 0 0 0 1 6.60776
0 0 0 0 1 6.67276
0 0 0 0 1 6.65757
0 0 0 0 0 6.66859
0 0 0 0 1 6.69318
0 0 0 0 1 6.79934
0 0 0 0 1 6.8177
0 0 0 0 1 6.84983
0 0 0 0 1 6.88214
0 0 0 0 0 6.86644
0 0 0 0 1 6.93352
0 0 0 0 0 6.91134
0 0 0 0 0 6.96501
0 0 0 0 1 7.02601
0 0 0 0 0 6.99626
0 0 0 0 0 6.99438
0 0 0 0 1 7.02725
0 0 0 0 1 7.15304
0 0 0 0 1 7.17997
0 0 0 0 1 7.12124
0 0 0 0 1 7.15528
0 0 0 0 1 7.16788
0 0 0 0 1 7.29584
0 0 0 0 1 7.19264
0 0 0 0 1 7.26316
0 0 0 0 1 7.36391
0 0 0 0 0 7.33252
0 0 0 0 0 7.30903
0 0 0 0 1 7.44008
0 0 0 0 1 7.38588
0 0 0 0 1 7.45126
0 0 0 0 0 7.44898
0 0 0 0 0 7.51447
0 0 0 0 1 7.61076
0 0 0 0 1 7.63196
0 0 0 0 1 7.68339
0 0 0 0 1 7.6813
0 0 0 0 0 7.76397
0 0 0 0 1 7.83172
0 0 0 0 1 7.76733
0 0 0 0 1 7.8671
0 0 0 0 1 7.89635
0 0 0 0 1 7.85403
0 0 0 0 1 7.91485
0 0 0 0 1 7.91958
0 0 0 0 0 8.09329
0 0 0 0 0 8.11513
0 0 0 0 1 8.08834
0 0 0 0 1 8.14195
0 0 0 0 1 8.20458
0 0 0 0 0 8.31643
0 0 0 0 1 8.23048
0 0 0 0 1 8.26877
0 0 0 0 1 8.44036
0 0 0 0 1 8.42846
0 0 0 0 1 8.44992
0 0 0 0 1 8.52229
0 0 0 0 0 8.61221
0 0 0 0 1 8.65182
0 0 0 0 0 8.59584
0 0 0 0 0 8.77274
0 0 0 0 1 8.68098
0 0 0 0 1 8.78042
0 0 0 0 1 8.79382
0 0 0 0 0 8.94755
0 0 0 0 1 8.86105
0 0 0 0 0 9.09719
0 0 0 0 1 9.13638
0 0 0 0 1 9.20378
0 0 0 0 0 9.11473
0 0 0 0 1 9.16242
0 0 0 0 0 9.20089
0 0 0 0 0 9.39916
0 0 0 0 1 9.47504
0 0 0 0 0 9.49562
0 0 0 0 1 9.47658
0 0 0 0 0 9.67715
0 0 0 0 0 9.67825
0 0 0 0 1 9.64829
0 0 0 0 1 9.71502
0 0 0 0 1 9.84105
0 0 0 0 1 9.9893
0 0 0 0 1 10.0462
0 0 0 0 1 10.0341
0 0 0 0 1 10.1511
0 0 0 0 1 10.1175
0 0 0 0 1 10.2248
0 0 0 0 1 10.3328
0 0 0 0 1 10.4953
0 0 0 0 0 10.605
0 0 0 0 1 10.6307
0 0 0 0 1 10.6112
0 0 0 0 1 10.7105
0 0 0 0 1 10.8732
0 0 0 0 1 9.3152
0 0 0 0 1 9.27249
0 0 0 0 1 9.25335
0 0 0 0 1 9.26657
0 0 0 0 0 9.17391
0 0 0 0 0 9.25181
0 0 0 0 1 9.15055
0 0 0 0 1 9.10932
0 0 0 0 1 9.12772
0 0 0 0 0 9.12337
0 0 0 0 1 9.07814
0 0 0 0 1 9.01968
0 0 0 0 1 9.07463
0 0 0 0 1 9.07521
0 0 0 0 1 9.09858
0 0 0 0 1 9.00929
0 0 0 0 0 8.99703
0 0 0 0 1 9.03396
0 0 0 0 1 8.93665
0 0 0 0 1 8.86658
0 0 0 0 0 8.98883
0 0 0 0 1 8.82133
0 0 0 0 1 8.90307
0 0 0 0 1 8.94031
0 0 0 0 1 8.9156
0 0 0 0 1 8.78127
0 0 0 0 1 8.81883
0 0 0 0 1 8.82998
0 0 0 0 1 8.83241
0 0 0 0 0 8.79112
0 0 0 0 1 8.68882
0 0 0 0 0 8.75805
0 0 0 0 1 8.65643
0 0 0 0 0 8.67711
0 0 0 0 1 8.73259
0 0 0 0 0 8.71861
0 0 0 0 1 8.74809
0 0 0 0 0 8.58735
0 0 0 0 1 8.57402
0 0 0 0 1 8.56086
0 0 0 0 1 8.58229
0 0 0 0 1 8.58659
0 0 0 0 1 8.51376
0 0 0 0 0 8.55269
0 0 0 0 1 8.56596
0 0 0 0 1 8.57079
0 0 0 0 1 8.62143
0 0 0 0 1 8.55821
0 0 0 0 1 8.61843
0 0 0 0 0 8.70864
0 0 0 0 1 8.84214
0 0 0 0 1 8.88713
0 0 0 0 1 9.15693
0 0 0 0 0 9.21907
0 0 0 0 1 9.33508
0 0 0 0 1 9.52672
0 0 0 0 1 9.75849
0 0 0 0 1 9.78626
0 0 0 0 1 9.9998
0 0 0 0 1 10.1027
0 0 0 0 0 10.3276
0 0 0 0 1 10.6584
0 0 0 0 1 10.7697
0 0 0 0 1 10.8652
0 0 0 0 0 11.046
0 0 0 0 1 11.2471
0 0 0 0 0 11.6779
0 0 0 0 1 11.7959
0 0 0 0 1 12.1507
0 0 0 0 1 12.2102
0 0 0 0 1 12.6485
0 0 0 0 1 12.7705
0 0 0 0 1 22.9555
0 0 0 0 0 22.8229
0 0 0 0 1 22.8706
0 0 0 0 1 22.5124
0 0 0 0 0 22.8121
0 0 0 0 0 22.4553
0 0 0 0 1 22.5518
0 0 0 0 1 22.7616
0 0 0 0 1 22.3617
0 0 0 0 1 22.4367
0 0 0 0 1 22.6023
0 0 0 0 1 22.4975
0 0 0 0 0 22.5524
0 0 0 0 1 22.4936
0 0 0 0 1 22.3679
0 0 0 0 1 22.5575
0 0 0 0 0 22.6799
0 0 0 0 1 22.3309
0 0 0 0 1 23.3388
0 0 0 0 1 23.9308
0 0 0 0 1 25.1934
0 0 0 0 1 26.3433
0 0 0 0 0 36.7818
0 0 0 0 1 36.6939
0 0 0 0 1 36.0972
0 0 0 0 1 36.4475
0 0 0 0 0 36.6109
0 0 0 0 1 38.6804
0 0 0 0 1 51.9105
0 0 0 0 1 52.4676
0 0 0 0 1 51.725
0 0 0 0 1 51.6595
0 0 0 0 1 51.6991
0 0 0 0 1 56.4979
0 0 0 0 1 65.7898
0 0 0 0 1 69.5942
0 0 0 0 1 82.3827
0 0 0 0 0 5.05509
0 0 0 0 0 5.01501
0 0 0 0 0 4.98495
0 0 0 0 0 4.98996
0 0 0 0 0 5.0601
0 0 0 0 0 5.00499
0 0 0 0 0 4.96992
0 0 0 0 0 5.02503
0 0 0 0 0 5.04006
0 0 0 0 0 5.03004
0 0 0 0 0 5.02002
0 0 0 0 0 5.02002
0 0 0 0 1 88.1164
0 0 0 0 1 87.8627
0 0 0 0 1 74.9195
0 0 0 0 0 63.7751
0 0 0 0 1 60.1633
0 0 0 0 1 60.8403
0 0 0 0 1 60.7917
0 0 0 0 1 51.777
0 0 0 0 1 47.6512
0 0 0 0 1 48.0955
0 0 0 0 0 38.96
0 0 0 0 1 36.6725
0 0 0 0 1 35.9175
0 0 0 0 1 35.7514
0 0 0 0 1 35.3709
0 0 0 0 1 36.0628
0 0 0 0 0 27.8813
0 0 0 0 1 26.9643
0 0 0 0 0 25.4597
0 0 0 0 1 24.6391
0 0 0 0 1 24.7248
0 0 0 0 1 24.5153
0 0 0 0 1 24.6746
0 0 0 0 1 24.4905
0 0 0 0 1 24.8742
0 0 0 0 1 24.444
0 0 0 0 1 24.4584
0 0 0 0 1 24.8194
0 0 0 0 1 24.611
0 0 0 0 1 18.1817
0 0 0 0 1 17.615
0 0 0 0 1 17.037
0 0 0 0 1 16.711
0 0 0 0 1 16.261
0 0 0 0 1 15.816
0 0 0 0 1 15.5629
0 0 0 0 1 15.0002
0 0 0 0 1 14.6392
0 0 0 0 1 14.2788
0 0 0 0 1 14.0567
0 0 0 0 1 13.9981
0 0 0 0 1 13.8432
0 0 0 0 1 13.8414
0 0 0 0 1 13.784
0 0 0 0 1 14.0473
0 0 0 0 1 13.9927
0 0 0 0 1 14.1035
0 0 0 0 1 13.8515
0 0 0 0 1 14.1028
0 0 0 0 1 13.867
0 0 0 0 1 14.0632
0 0 0 0 0 14.1759
0 0 0 0 1 14.1204
0 0 0 0 1 13.9268
0 0 0 0 1 14.0545
0 0 0 0 1 14.0839
0 0 0 0 1 14.0598
0 0 0 0 0 14.0897
0 0 0 0 1 14.1766
0 0 0 0 1 14.2665
0 0 0 0 1 14.2833
0 0 0 0 1 14.2747
0 0 0 0 0 14.3631
0 0 0 0 1 14.3266
0 0 0 0 1 14.2303
0 0 0 0 1 14.1654
0 0 0 0 0 14.3693
0 0 0 0 1 14.3622
0 0 0 0 1 14.2375
0 0 0 0 1 8.83475
0 0 0 0 1 8.77319
0 0 0 0 1 8.64165
0 0 0 0 0 8.55419
0 0 0 0 1 8.38256
0 0 0 0 1 8.2459
0 0 0 0 0 8.20148
0 0 0 0 0 8.14663
0 0 0 0 0 8.06023
0 0 0 0 1 7.91057
0 0 0 0 0 7.77947
0 0 0 0 1 7.70211
0 0 0 0 1 7.61091
0 0 0 0 0 7.58804
0 0 0 0 1 7.51165
0 0 0 0 1 7.45937
0 0 0 0 1 7.36084
0 0 0 0 1 7.25034
0 0 0 0 1 7.12636
0 0 0 0 0 7.02484
0 0 0 0 1 7.09259
0 0 0 0 1 6.98606
0 0 0 0 0 6.85064
0 0 0 0 1 6.86892
0 0 0 0 0 6.79119
0 0 0 0 1 6.68706
0 0 0 0 1 6.57057
0 0 0 0 1 6.51432
0 0 0 0 1 6.52962
0 0 0 0 1 6.39146
0 0 0 0 1 6.36736
0 0 0 0 1 6.37064
0 0 0 0 1 6.31028
0 0 0 0 1 6.26259
0 0 0 0 1 6.22726
0 0 0 0 1 6.13054
0 0 0 0 1 6.08321
0 0 0 0 0 5.9605
0 0 0 0 1 5.98556
0 0 0 0 1 5.97686
0 0 0 0 1 5.86487
0 0 0 0 1 5.8618
0 0 0 0 1 5.80618
0 0 0 0 1 5.68195
0 0 0 0 1 5.68136
0 0 0 0 1 5.60408
0 0 0 0 1 5.55542
0 0 0 0 0 5.57118
0 0 0 0 1 5.48381
0 0 0 0 0 5.46847
0 0 0 0 1 5.39845
0 0 0 0 1 5.40766
0 0 0 0 0 5.36272
0 0 0 0 1 5.37342
0 0 0 0 1 5.31268
0 0 0 0 1 5.28065
0 0 0 0 0 5.22579
0 0 0 0 1 5.20239
0 0 0 0 1 5.16864
0 0 0 0 0 5.09918
0 0 0 0 1 5.08291
0 0 0 0 0 5.05457
0 0 0 0 1 5.03961
0 0 0 0 1 5.02126
0 0 0 0 1 4.92858
0 0 0 0 1 4.87612
0 0 0 0 1 4.91192
0 0 0 0 1 4.81921
0 0 0 0 1 4.83992
0 0 0 0 1 4.77166
0 0 0 0 0 4.87496
0 0 0 0 1 4.83466
0 0 0 0 1 4.83295
0 0 0 0 0 4.85941
0 0 0 0 1 4.92136
0 0 0 0 1 4.90518
0 0 0 0 1 4.94308
0 0 0 0 1 4.89109
0 0 0 0 1 4.94897
0 0 0 0 1 4.94753
0 0 0 0 1 4.94489
0 0 0 0 1 5.01851
0 0 0 0 1 5.01221
0 0 0 0 1 5.00079
0 0 0 0 1 5.01457
0 0 0 0 1 5.03351
0 0 0 0 1 5.07296
0 0 0 0 0 5.13316
0 0 0 0 1 5.09477
0 0 0 0 1 5.13989
0 0 0 0 1 5.13873
0 0 0 0 1 5.22583
0 0 0 0 0 5.21968
0 0 0 0 1 5.2867
0 0 0 0 1 5.30689
0 0 0 0 1 5.25334
0 0 0 0 1 5.28546
0 0 0 0 1 5.37489
0 0 0 0 1 5.3207
0 0 0 0 1 5.30893
0 0 0 0 1 5.3616
0 0 0 0 1 5.4594
0 0 0 0 1 5.45321
0 0 0 0 1 5.49597
0 0 0 0 1 5.45688
0 0 0 0 1 5.51787
0 0 0 0 1 5.55564
0 0 0 0 1 5.59524
0 0 0 0 1 5.53873
0 0 0 0 0 5.64554
0 0 0 0 0 5.56603
0 0 0 0 1 5.63976
0 0 0 0 0 5.63305
0 0 0 0 0 5.75882
0 0 0 0 1 5.7523
0 0 0 0 1 5.71844
0 0 0 0 0 5.84018
0 0 0 0 1 5.77702
0 0 0 0 1 5.86329
0 0 0 0 1 5.84042
0 0 0 0 1 5.95268
0 0 0 0 0 5.88819
0 0 0 0 1 6.00742
0 0 0 0 0 5.97209
0 0 0 0 1 5.97831
0 0 0 0 1 5.9844
0 0 0 0 1 6.13616
0 0 0 0 1 6.14882
0 0 0 0 1 6.15527
0 0 0 0 1 6.18165
0 0 0 0 0 9.48096
0 0 0 0 0 9.52874
0 0 0 0 1 9.47844
0 0 0 0 1 9.42843
0 0 0 0 1 9.37254
0 0 0 0 1 9.3325
0 0 0 0 1 9.40453
0 0 0 0 0 9.3614
0 0 0 0 1 9.32487
0 0 0 0 1 9.2577
0 0 0 0 1 9.16334
0 0 0 0 1 9.09708
0 0 0 0 1 9.19577
0 0 0 0 1 9.12981
0 0 0 0 0 9.10059
0 0 0 0 1 9.03535
0 0 0 0 1 8.94344
0 0 0 0 1 8.97476
0 0 0 0 1 9.02714
0 0 0 0 1 9.02228
0 0 0 0 1 8.88687
0 0 0 0 1 8.97469
0 0 0 0 0 8.88464
0 0 0 0 1 8.75098
0 0 0 0 1 8.86158
0 0 0 0 1 8.73758
0 0 0 0 1 8.72829
0 0 0 0 1 8.67728
0 0 0 0 1 8.75549
0 0 0 0 1 8.73423
0 0 0 0 1 8.63847
0 0 0 0 1 8.60903
0 0 0 0 1 8.63502
0 0 0 0 1 8.53698
0 0 0 0 1 8.53741
0 0 0 0 1 8.55149
0 0 0 0 1 8.54346
0 0 0 0 0 8.48093
0 0 0 0 1 8.52917
0 0 0 0 1 8.54333
0 0 0 0 1 8.4391
0 0 0 0 1 8.39446
0 0 0 0 1 8.47153
0 0 0 0 1 8.36002
0 0 0 0 1 8.29933
0 0 0 0 0 8.31418
0 0 0 0 1 8.36238
0 0 0 0 1 8.29771
0 0 0 0 1 8.36245
0 0 0 0 1 8.30282
0 0 0 0 1 8.19013
0 0 0 0 0 8.17246
0 0 0 0 1 8.22077
0 0 0 0 0 8.28539
0 0 0 0 1 8.27607
0 0 0 0 1 8.1851
0 0 0 0 1 8.07828
0 0 0 0 1 8.20815
0 0 0 0 1 8.07753
0 0 0 0 1 8.06107
0 0 0 0 0 8.05287
0 0 0 0 1 8.02865
0 0 0 0 1 8.07717
0 0 0 0 0 8.09741
0 0 0 0 0 7.96104
0 0 0 0 1 8.00973
0 0 0 0 1 8.04232
0 0 0 0 1 7.9551
0 0 0 0 1 7.95179
0 0 0 0 1 7.97668
0 0 0 0 1 7.91419
0 0 0 0 1 7.98688
0 0 0 0 0 7.85359
0 0 0 0 1 7.86668
0 0 0 0 0 7.8763
0 0 0 0 0 7.82299
0 0 0 0 1 7.79698
0 0 0 0 1 7.91255
0 0 0 0 0 7.81267
0 0 0 0 1 7.89337
0 0 0 0 1 7.84104
0 0 0 0 1 7.8547
0 0 0 0 1 7.75606
0 0 0 0 1 7.75127
0 0 0 0 0 7.69531
0 0 0 0 1 7.74521
0 0 0 0 1 7.71287
