0 0 0 0 0 5.59727
0 0 0 0 1 5.58979
0 0 0 0 1 5.52117
0 0 0 0 1 5.51623
0 0 0 0 1 5.63168
0 0 0 0 1 5.5799
0 0 0 0 1 5.54957
0 0 0 0 1 5.63778
0 0 0 0 1 5.5603
0 0 0 0 1 5.66583
0 0 0 0 1 5.58603
0 0 0 0 1 5.64707
0 0 0 0 1 5.70489
0 0 0 0 1 5.61372
0 0 0 0 0 5.68106
0 0 0 0 1 5.64288
0 0 0 0 1 5.71065
0 0 0 0 1 5.6591
0 0 0 0 1 5.7559
0 0 0 0 1 5.67971
0 0 0 0 1 5.74258
0 0 0 0 1 5.74842
0 0 0 0 1 5.79461
0 0 0 0 0 5.71434
0 0 0 0 1 5.78568
0 0 0 0 1 5.83242
0 0 0 0 1 5.74042
0 0 0 0 1 5.85709
0 0 0 0 1 5.7649
0 0 0 0 1 5.85895
0 0 0 0 1 5.83663
0 0 0 0 1 5.9095
0 0 0 0 1 5.84199
0 0 0 0 1 5.90189
0 0 0 0 1 5.94447
0 0 0 0 0 5.91653
0 0 0 0 1 5.96537
0 0 0 0 1 5.89599
0 0 0 0 1 5.89763
0 0 0 0 1 6.00052
0 0 0 0 1 5.97268
0 0 0 0 1 5.93879
0 0 0 0 0 6.02595
0 0 0 0 1 6.05818
0 0 0 0 1 5.98228
0 0 0 0 1 6.06895
0 0 0 0 0 6.1126
0 0 0 0 1 6.07885
0 0 0 0 1 6.11186
0 0 0 0 0 6.08412
0 0 0 0 1 6.0685
0 0 0 0 1 6.10185
0 0 0 0 1 6.09745
0 0 0 0 1 6.14452
0 0 0 0 1 6.22161
0 0 0 0 1 6.14443
0 0 0 0 1 6.25919
0 0 0 0 1 6.21812
0 0 0 0 0 6.22149
0 0 0 0 0 6.20612
0 0 0 0 1 6.24623
0 0 0 0 0 6.23088
0 0 0 0 1 6.31644
0 0 0 0 1 6.33286
0 0 0 0 1 6.30498
0 0 0 0 1 6.31427
0 0 0 0 1 6.33725
0 0 0 0 1 6.44282
0 0 0 0 0 6.45988
0 0 0 0 1 6.41189
0 0 0 0 0 6.48067
0 0 0 0 1 6.43246
0 0 0 0 1 6.49523
0 0 0 0 0 6.50618
0 0 0 0 1 6.56948
0 0 0 0 1 6.58005
0 0 0 0 1 6.60386
0 0 0 0 1 6.5558
0 0 0 0 1 6.66578
0 0 0 0 1 6.61694
0 0 0 0 1 6.64781
0 0 0 0 1 6.71292
0 0 0 0 1 6.75824
0 0 0 0 1 6.72248
0 0 0 0 1 6.74726
0 0 0 0 0 6.75862
0 0 0 0 1 6.85175
0 0 0 0 0 6.8635
0 0 0 0 1 6.84784
0 0 0 0 0 6.88022
0 0 0 0 0 6.92661
0 0 0 0 1 6.86975
0 0 0 0 0 6.93718
0 0 0 0 1 7.01204
0 0 0 0 1 6.98224
0 0 0 0 0 7.09289
0 0 0 0 1 7.03432
0 0 0 0 0 7.12465
0 0 0 0 1 7.07313
0 0 0 0 1 7.14269
0 0 0 0 1 7.16246
0 0 0 0 1 7.18229
0 0 0 0 0 7.2307
0 0 0 0 1 7.33068
0 0 0 0 1 7.37265
0 0 0 0 1 7.29064
0 0 0 0 0 7.43558
0 0 0 0 1 7.31641
0 0 0 0 1 7.3659
0 0 0 0 0 7.4306
0 0 0 0 0 7.54104
0 0 0 0 1 7.53918
0 0 0 0 1 7.51447
0 0 0 0 1 7.54247
0 0 0 0 1 7.67004
0 0 0 0 1 7.66043
0 0 0 0 1 7.69667
0 0 0 0 1 7.75625
0 0 0 0 1 7.79291
0 0 0 0 0 7.87651
0 0 0 0 0 7.8671
0 0 0 0 1 7.88062
0 0 0 0 1 7.96476
0 0 0 0 0 7.87511
0 0 0 0 1 8.03946
0 0 0 0 1 8.09329
0 0 0 0 1 8.1474
0 0 0 0 1 8.03971
0 0 0 0 1 8.20715
0 0 0 0 1 8.22914
0 0 0 0 1 8.30819
0 0 0 0 0 8.31328
0 0 0 0 1 8.34364
0 0 0 0 1 8.432
0 0 0 0 1 8.34435
0 0 0 0 1 8.50067
0 0 0 0 1 8.51378
0 0 0 0 1 8.54379
0 0 0 0 1 8.58309
0 0 0 0 0 8.6304
0 0 0 0 1 8.6771
0 0 0 0 1 8.70721
0 0 0 0 1 8.71883
0 0 0 0 1 8.82918
0 0 0 0 1 8.94755
0 0 0 0 1 8.96846
0 0 0 0 1 9.01613
0 0 0 0 1 9.15451
0 0 0 0 1 9.04887
0 0 0 0 1 9.1239
0 0 0 0 1 9.2916
0 0 0 0 0 9.24731
0 0 0 0 1 9.31515
0 0 0 0 1 9.35284
0 0 0 0 1 9.41995
0 0 0 0 1 9.58135
0 0 0 0 1 9.5237
0 0 0 0 0 9.69755
0 0 0 0 1 9.74545
0 0 0 0 1 9.83242
0 0 0 0 1 9.92971
0 0 0 0 1 9.81092
0 0 0 0 1 10.0561
0 0 0 0 0 10.0441
0 0 0 0 1 10.141
0 0 0 0 0 10.1787
0 0 0 0 1 10.2351
0 0 0 0 0 10.312
0 0 0 0 1 10.3494
0 0 0 0 1 10.542
0 0 0 0 1 10.5249
0 0 0 0 1 10.7178
0 0 0 0 1 10.689
0 0 0 0 0 10.7757
0 0 0 0 1 9.35243
0 0 0 0 1 9.24464
0 0 0 0 1 9.24409
0 0 0 0 0 9.33125
0 0 0 0 0 9.22923
0 0 0 0 0 9.11386
0 0 0 0 1 9.15973
0 0 0 0 1 9.09101
0 0 0 0 1 9.0729
0 0 0 0 1 9.0778
0 0 0 0 0 9.06904
0 0 0 0 1 9.15579
0 0 0 0 1 8.98406
0 0 0 0 1 9.07521
0 0 0 0 1 9.07153
0 0 0 0 1 9.03629
0 0 0 0 0 8.99703
0 0 0 0 1 9.05188
0 0 0 0 1 8.99032
0 0 0 0 0 8.84872
0 0 0 0 1 8.89974
0 0 0 0 1 8.91025
0 0 0 0 1 8.83206
0 0 0 0 1 8.92259
0 0 0 0 1 8.78293
0 0 0 0 0 8.78127
0 0 0 0 1 8.84526
0 0 0 0 1 8.72444
0 0 0 0 1 8.75339
0 0 0 0 1 8.70347
0 0 0 0 1 8.73257
0 0 0 0 1 8.78424
0 0 0 0 1 8.68258
0 0 0 0 1 8.63359
0 0 0 0 1 8.6457
0 0 0 0 1 8.58848
0 0 0 0 1 8.65282
0 0 0 0 1 8.69978
0 0 0 0 1 8.69491
0 0 0 0 1 8.69018
0 0 0 0 1 8.63394
0 0 0 0 1 8.54361
0 0 0 0 0 8.65967
0 0 0 0 0 8.53555
0 0 0 0 1 8.64298
0 0 0 0 0 8.53661
0 0 0 0 0 8.519
0 0 0 0 1 8.49002
0 0 0 0 1 8.50695
0 0 0 0 1 8.76084
0 0 0 0 1 8.91274
0 0 0 0 0 9.03943
0 0 0 0 1 9.12965
0 0 0 0 0 9.20983
0 0 0 0 1 9.47581
0 0 0 0 1 9.51718
0 0 0 0 1 9.73913
0 0 0 0 1 9.86502
0 0 0 0 1 9.9998
0 0 0 0 1 10.1332
0 0 0 0 1 10.3898
0 0 0 0 1 10.4895
0 0 0 0 1 10.8234
0 0 0 0 0 10.8652
0 0 0 0 1 11.2132
0 0 0 0 0 11.3039
0 0 0 0 1 11.6315
0 0 0 0 0 11.8078
0 0 0 0 1 11.9939
0 0 0 0 0 12.3456
0 0 0 0 1 12.6988
0 0 0 0 1 12.9118
0 0 0 0 0 22.7055
0 0 0 0 1 22.5277
0 0 0 0 1 22.7117
0 0 0 0 1 22.8524
0 0 0 0 1 22.4723
0 0 0 0 1 22.8175
0 0 0 0 1 22.8232
0 0 0 0 0 22.8068
0 0 0 0 1 22.4746
0 0 0 0 1 22.7527
0 0 0 0 0 22.7376
0 0 0 0 0 22.7455
0 0 0 0 1 22.62
0 0 0 0 0 22.3811
0 0 0 0 1 22.3454
0 0 0 0 1 22.535
0 0 0 0 1 22.4551
0 0 0 0 1 22.241
0 0 0 0 1 23.1764
0 0 0 0 1 24.1479
0 0 0 0 0 25.0176
0 0 0 0 0 25.9764
0 0 0 0 1 36.4904
0 0 0 0 1 36.7667
0 0 0 0 1 36.6794
0 0 0 0 1 36.3384
0 0 0 0 0 36.1014
0 0 0 0 1 38.2566
0 0 0 0 1 51.7543
0 0 0 0 0 51.5307
0 0 0 0 0 52.1934
0 0 0 0 1 52.4399
0 0 0 0 1 51.5431
0 0 0 0 1 56.4979
0 0 0 0 1 65.5934
0 0 0 0 1 70.2909
0 0 0 0 1 81.6464
0 0 0 0 0 4.97493
0 0 0 0 0 4.99497
0 0 0 0 0 4.99998
0 0 0 0 0 4.98495
0 0 0 0 0 4.9599
0 0 0 0 0 4.97994
0 0 0 0 0 4.9599
0 0 0 0 0 4.99998
0 0 0 0 0 5.02002
0 0 0 0 0 4.96491
0 0 0 0 0 4.98996
0 0 0 0 0 5.00499
0 0 0 0 1 87.3281
0 0 0 0 1 86.9867
0 0 0 0 1 74.7692
0 0 0 0 1 63.4559
0 0 0 0 1 60.4054
0 0 0 0 1 60.7192
0 0 0 0 1 60.7917
0 0 0 0 1 51.8286
0 0 0 0 0 48.1311
0 0 0 0 1 47.9515
0 0 0 0 1 38.96
0 0 0 0 1 36.7462
0 0 0 0 1 35.5608
0 0 0 0 1 35.8941
0 0 0 0 1 35.7278
0 0 0 0 1 35.8842
0 0 0 0 1 27.9656
0 0 0 0 1 26.6695
0 0 0 0 1 25.8442
0 0 0 0 1 24.713
0 0 0 0 1 24.7248
0 0 0 0 0 24.6138
0 0 0 0 1 24.6253
0 0 0 0 1 24.9098
0 0 0 0 0 24.8989
0 0 0 0 1 24.6662
0 0 0 0 0 24.8043
0 0 0 0 1 24.8688
0 0 0 0 1 24.8336
0 0 0 0 1 18.1453
0 0 0 0 1 17.5797
0 0 0 0 1 17.0714
0 0 0 0 0 16.6608
0 0 0 0 1 16.2773
0 0 0 0 0 15.7842
0 0 0 0 1 15.3306
0 0 0 0 1 15.227
0 0 0 0 1 14.831
0 0 0 0 1 14.351
0 0 0 0 1 13.958
0 0 0 0 1 13.9148
0 0 0 0 1 13.9266
0 0 0 0 1 13.7996
0 0 0 0 0 13.8397
0 0 0 0 1 13.7965
0 0 0 0 1 14.0066
0 0 0 0 1 13.8382
0 0 0 0 1 13.9214
0 0 0 0 0 13.8789
0 0 0 0 1 14.0211
0 0 0 0 0 13.909
0 0 0 0 0 14.0917
0 0 0 0 1 13.9237
0 0 0 0 1 13.9972
0 0 0 0 1 14.1531
0 0 0 0 1 14.0134
0 0 0 0 1 14.1304
0 0 0 0 0 14.0897
0 0 0 0 1 14.1624
0 0 0 0 1 14.2524
0 0 0 0 0 14.1273
0 0 0 0 1 14.3173
0 0 0 0 1 14.0786
0 0 0 0 1 14.1414
0 0 0 0 1 14.3586
0 0 0 0 0 14.2368
0 0 0 0 1 14.2263
0 0 0 0 0 14.1761
0 0 0 0 0 14.2232
0 0 0 0 1 8.76414
0 0 0 0 0 8.79933
0 0 0 0 0 8.52127
0 0 0 0 0 8.55419
0 0 0 0 1 8.35739
0 0 0 0 0 8.27905
0 0 0 0 1 8.20968
0 0 0 0 0 8.09809
0 0 0 0 1 7.94028
0 0 0 0 1 7.94218
0 0 0 0 1 7.80293
0 0 0 0 1 7.78709
0 0 0 0 1 7.65676
0 0 0 0 1 7.61827
0 0 0 0 1 7.54903
0 0 0 0 1 7.46677
0 0 0 0 1 7.28767
0 0 0 0 1 7.19963
0 0 0 0 1 7.10485
0 0 0 0 1 7.04613
0 0 0 0 1 7.09259
0 0 0 0 1 6.93039
0 0 0 0 1 6.84375
0 0 0 0 0 6.83482
0 0 0 0 1 6.77768
0 0 0 0 0 6.754
0 0 0 0 1 6.59709
0 0 0 0 0 6.59312
0 0 0 0 1 6.47759
0 0 0 0 0 6.4366
0 0 0 0 1 6.45038
0 0 0 0 1 6.34531
0 0 0 0 1 6.22238
0 0 0 0 0 6.23146
0 0 0 0 1 6.21491
0 0 0 0 1 6.17337
0 0 0 0 1 6.07108
0 0 0 0 1 6.00866
0 0 0 0 0 6.00943
0 0 0 0 1 5.98278
0 0 0 0 1 5.82378
0 0 0 0 0 5.79188
0 0 0 0 1 5.74835
0 0 0 0 0 5.79674
0 0 0 0 1 5.69273
0 0 0 0 1 5.67744
0 0 0 0 0 5.56102
0 0 0 0 1 5.59345
0 0 0 0 0 5.57217
0 0 0 0 1 5.43559
0 0 0 0 0 5.38214
0 0 0 0 1 5.44548
0 0 0 0 1 5.35735
0 0 0 0 1 5.33082
0 0 0 0 1 5.33384
0 0 0 0 1 5.22291
0 0 0 0 1 5.22579
0 0 0 0 0 5.20239
0 0 0 0 1 5.16864
0 0 0 0 1 5.15544
0 0 0 0 1 5.03725
0 0 0 0 1 5.05457
0 0 0 0 0 5.04463
0 0 0 0 1 5.03122
0 0 0 0 0 4.93353
0 0 0 0 0 4.94985
0 0 0 0 0 4.87774
0 0 0 0 0 4.87751
0 0 0 0 1 4.82062
0 0 0 0 0 4.78611
0 0 0 0 1 4.78808
0 0 0 0 0 4.7959
0 0 0 0 1 4.84753
0 0 0 0 1 4.90328
0 0 0 0 1 4.86265
0 0 0 0 1 4.88063
0 0 0 0 1 4.91844
0 0 0 0 1 4.93556
0 0 0 0 1 4.92418
0 0 0 0 1 4.98238
0 0 0 0 1 5.0397
0 0 0 0 1 4.95841
0 0 0 0 1 5.04238
0 0 0 0 1 5.02098
0 0 0 0 1 5.03483
0 0 0 0 1 5.10977
0 0 0 0 0 5.05254
0 0 0 0 1 5.07168
0 0 0 0 1 5.0845
0 0 0 0 1 5.18629
0 0 0 0 1 5.15426
0 0 0 0 1 5.20505
0 0 0 0 1 5.2301
0 0 0 0 1 5.2553
0 0 0 0 1 5.23859
0 0 0 0 1 5.30081
0 0 0 0 0 5.25896
0 0 0 0 1 5.34296
0 0 0 0 0 5.30467
0 0 0 0 1 5.41082
0 0 0 0 1 5.3616
0 0 0 0 0 5.39988
0 0 0 0 0 5.40976
0 0 0 0 1 5.44144
0 0 0 0 0 5.46235
0 0 0 0 1 5.49036
0 0 0 0 1 5.4949
0 0 0 0 1 5.56193
0 0 0 0 1 5.61117
0 0 0 0 1 5.62314
0 0 0 0 0 5.59414
0 0 0 0 0 5.66236
0 0 0 0 1 5.69545
0 0 0 0 1 5.6904
0 0 0 0 0 5.74657
0 0 0 0 1 5.72994
0 0 0 0 0 5.74188
0 0 0 0 1 5.83514
0 0 0 0 1 5.86913
0 0 0 0 1 5.8111
0 0 0 0 0 5.87017
0 0 0 0 1 5.97705
0 0 0 0 0 5.96575
0 0 0 0 0 5.95414
0 0 0 0 1 6.04447
0 0 0 0 0 5.9844
0 0 0 0 0 6.02681
0 0 0 0 1 6.15493
0 0 0 0 1 6.14299
0 0 0 0 0 6.23723
0 0 0 0 1 9.42385
0 0 0 0 1 9.40548
0 0 0 0 1 9.50679
0 0 0 0 1 9.33424
0 0 0 0 1 9.30687
0 0 0 0 1 9.40731
0 0 0 0 1 9.37657
0 0 0 0 1 9.20336
0 0 0 0 1 9.26931
0 0 0 0 1 9.14694
0 0 0 0 1 9.27374
0 0 0 0 1 9.16127
0 0 0 0 1 9.1135
0 0 0 0 1 9.0478
0 0 0 0 0 9.03702
0 0 0 0 1 9.07156
0 0 0 0 0 9.11491
0 0 0 0 1 8.92075
0 0 0 0 1 9.00022
0 0 0 0 1 9.00438
0 0 0 0 1 8.83334
0 0 0 0 1 8.83238
0 0 0 0 1 8.92898
0 0 0 0 1 8.85706
0 0 0 0 1 8.87922
0 0 0 0 1 8.70242
0 0 0 0 1 8.69324
0 0 0 0 1 8.65978
0 0 0 0 1 8.68573
0 0 0 0 0 8.77773
0 0 0 0 1 8.58643
0 0 0 0 0 8.6869
0 0 0 0 1 8.71265
0 0 0 0 1 8.56279
0 0 0 0 1 8.52883
0 0 0 0 1 8.58573
0 0 0 0 1 8.52639
0 0 0 0 0 8.59162
0 0 0 0 1 8.4697
0 0 0 0 1 8.44163
0 0 0 0 1 8.50675
0 0 0 0 1 8.41134
0 0 0 0 1 8.35375
0 0 0 0 1 8.31806
0 0 0 0 1 8.43333
0 0 0 0 1 8.39774
0 0 0 0 1 8.38739
0 0 0 0 1 8.32265
0 0 0 0 1 8.37904
0 0 0 0 1 8.25315
0 0 0 0 1 8.20666
0 0 0 0 1 8.1972
0 0 0 0 1 8.22077
0 0 0 0 1 8.22791
0 0 0 0 1 8.25968
0 0 0 0 0 8.25052
0 0 0 0 1 8.1762
0 0 0 0 1 8.20815
0 0 0 0 0 8.17504
0 0 0 0 1 8.17461
0 0 0 0 1 8.06096
0 0 0 0 1 8.12557
0 0 0 0 0 8.11748
0 0 0 0 1 7.97667
0 0 0 0 1 7.98514
0 0 0 0 1 7.97765
0 0 0 0 1 8.08234
0 0 0 0 1 8.019
0 0 0 0 1 7.93584
0 0 0 0 1 7.9926
0 0 0 0 1 7.86651
0 0 0 0 0 7.90757
0 0 0 0 1 7.89317
0 0 0 0 1 7.8904
0 0 0 0 1 7.91576
0 0 0 0 1 7.86238
0 0 0 0 1 7.89926
0 0 0 0 1 7.78683
0 0 0 0 0 7.80482
0 0 0 0 1 7.77591
0 0 0 0 1 7.84885
0 0 0 0 0 7.8625
0 0 0 0 1 7.72488
0 0 0 0 1 7.79796
0 0 0 0 1 7.78859
0 0 0 0 0 7.71417
0 0 0 0 0 7.82914
