0 0 0 0 1 5.55844
0 0 0 0 1 5.61201
0 0 0 0 1 5.58796
0 0 0 0 0 5.54409
0 0 0 0 1 5.57028
0 0 0 0 1 5.63581
0 0 0 0 1 5.60552
0 0 0 0 1 5.63218
0 0 0 0 1 5.66129
0 0 0 0 1 5.64335
0 0 0 0 1 5.59166
0 0 0 0 0 5.6922
0 0 0 0 0 5.66535
0 0 0 0 0 5.71558
0 0 0 0 0 5.64137
0 0 0 0 0 5.63153
0 0 0 0 1 5.69359
0 0 0 0 0 5.72749
0 0 0 0 1 5.70451
0 0 0 0 1 5.76542
0 0 0 0 0 5.68532
0 0 0 0 1 5.68531
0 0 0 0 0 5.71413
0 0 0 0 0 5.81803
0 0 0 0 1 5.73376
0 0 0 0 1 5.8093
0 0 0 0 0 5.79835
0 0 0 0 1 5.81645
0 0 0 0 1 5.85798
0 0 0 0 0 5.85895
0 0 0 0 1 5.83079
0 0 0 0 1 5.79833
0 0 0 0 0 5.89472
0 0 0 0 1 5.83729
0 0 0 0 0 5.92682
0 0 0 0 1 5.90473
0 0 0 0 0 5.92399
0 0 0 0 1 5.97895
0 0 0 0 1 5.94514
0 0 0 0 0 5.95885
0 0 0 0 1 5.95478
0 0 0 0 1 5.96869
0 0 0 0 1 5.94209
0 0 0 0 1 6.02816
0 0 0 0 1 6.00635
0 0 0 0 1 6.00862
0 0 0 0 1 6.09445
0 0 0 0 1 6.10918
0 0 0 0 1 6.10578
0 0 0 0 1 6.1085
0 0 0 0 1 6.1235
0 0 0 0 1 6.08347
0 0 0 0 0 6.20194
0 0 0 0 1 6.13836
0 0 0 0 1 6.12286
0 0 0 0 1 6.24962
0 0 0 0 1 6.17235
0 0 0 0 1 6.19945
0 0 0 0 1 6.17781
0 0 0 0 1 6.31248
0 0 0 0 1 6.23368
0 0 0 0 1 6.33788
0 0 0 0 1 6.34799
0 0 0 0 0 6.3898
0 0 0 0 0 6.29229
0 0 0 0 0 6.39066
0 0 0 0 1 6.31811
0 0 0 0 1 6.46843
0 0 0 0 1 6.42777
0 0 0 0 1 6.46344
0 0 0 0 1 6.45482
0 0 0 0 1 6.4584
0 0 0 0 0 6.54724
0 0 0 0 1 6.55181
0 0 0 0 1 6.49758
0 0 0 0 1 6.50789
0 0 0 0 1 6.63678
0 0 0 0 1 6.5624
0 0 0 0 0 6.57964
0 0 0 0 1 6.67014
0 0 0 0 1 6.68118
0 0 0 0 1 6.75977
0 0 0 0 1 6.75824
0 0 0 0 0 6.69553
0 0 0 0 0 6.80135
0 0 0 0 1 6.73148
0 0 0 0 1 6.79727
0 0 0 0 0 6.8635
0 0 0 0 1 6.91645
0 0 0 0 1 6.85956
0 0 0 0 1 6.88513
0 0 0 0 1 6.95986
0 0 0 0 1 6.90935
0 0 0 0 1 7.00506
0 0 0 0 0 6.96822
0 0 0 0 1 7.04363
0 0 0 0 0 7.11916
0 0 0 0 1 7.0253
0 0 0 0 1 7.13011
0 0 0 0 1 7.21419
0 0 0 0 0 7.16246
0 0 0 0 1 7.13907
0 0 0 0 1 7.20898
0 0 0 0 1 7.21444
0 0 0 0 1 7.31426
0 0 0 0 0 7.37124
0 0 0 0 1 7.42822
0 0 0 0 1 7.33118
0 0 0 0 1 7.48458
0 0 0 0 1 7.52004
0 0 0 0 1 7.49615
0 0 0 0 0 7.57676
0 0 0 0 1 7.52202
0 0 0 0 1 7.61076
0 0 0 0 1 7.57102
0 0 0 0 0 7.62217
0 0 0 0 0 7.65823
0 0 0 0 1 7.67127
0 0 0 0 1 7.83172
0 0 0 0 1 7.84532
0 0 0 0 1 7.81231
0 0 0 0 1 7.80197
0 0 0 0 1 7.94894
0 0 0 0 0 7.97047
0 0 0 0 1 7.91159
0 0 0 0 1 7.95679
0 0 0 0 1 8.08287
0 0 0 0 1 8.03161
0 0 0 0 1 8.1175
0 0 0 0 1 8.20458
0 0 0 0 1 8.20939
0 0 0 0 1 8.36296
0 0 0 0 0 8.39355
0 0 0 0 1 8.28979
0 0 0 0 1 8.42846
0 0 0 0 1 8.49221
0 0 0 0 1 8.51378
0 0 0 0 0 8.578
0 0 0 0 1 8.53154
0 0 0 0 1 8.69087
0 0 0 0 1 8.74665
0 0 0 0 1 8.65476
0 0 0 0 1 8.87719
0 0 0 0 1 8.87337
0 0 0 0 1 8.97424
0 0 0 0 1 8.94161
0 0 0 0 1 8.97109
0 0 0 0 1 9.0548
0 0 0 0 1 9.02153
0 0 0 0 0 9.17891
0 0 0 0 0 9.14397
0 0 0 0 1 9.2566
0 0 0 0 1 9.26848
0 0 0 0 1 9.41864
0 0 0 0 1 9.4105
0 0 0 0 1 9.49563
0 0 0 0 0 9.66756
0 0 0 0 1 9.60105
0 0 0 0 1 9.79404
0 0 0 0 0 9.74437
0 0 0 0 1 9.81149
0 0 0 0 0 9.94966
0 0 0 0 1 10.0162
0 0 0 0 1 10.0341
0 0 0 0 1 10.0599
0 0 0 0 1 10.1685
0 0 0 0 1 10.2865
0 0 0 0 1 10.3949
0 0 0 0 1 10.4536
0 0 0 0 1 10.437
0 0 0 0 1 10.6518
0 0 0 0 1 10.6965
0 0 0 0 1 10.7642
0 0 0 0 0 10.7649
0 0 0 0 1 9.35243
0 0 0 0 1 9.37458
0 0 0 0 0 9.25335
0 0 0 0 1 9.2481
0 0 0 0 1 9.25689
0 0 0 0 1 9.12306
0 0 0 0 0 9.21479
0 0 0 0 1 9.19171
0 0 0 0 0 9.06376
0 0 0 0 1 9.16894
0 0 0 0 0 9.1782
0 0 0 0 0 9.06505
0 0 0 0 1 8.98406
0 0 0 0 1 9.09329
0 0 0 0 1 8.93627
0 0 0 0 1 9.09029
0 0 0 0 1 8.88928
0 0 0 0 1 8.99811
0 0 0 0 1 8.86509
0 0 0 0 1 8.86658
0 0 0 0 0 8.81956
0 0 0 0 1 8.84801
0 0 0 0 1 8.91195
0 0 0 0 1 8.8517
0 0 0 0 1 8.90675
0 0 0 0 0 8.77245
0 0 0 0 1 8.84526
0 0 0 0 1 8.86516
0 0 0 0 1 8.84997
0 0 0 0 1 8.67717
0 0 0 0 1 8.79382
0 0 0 0 1 8.74931
0 0 0 0 1 8.78719
0 0 0 0 1 8.75544
0 0 0 0 1 8.6457
0 0 0 0 0 8.76198
0 0 0 0 0 8.57486
0 0 0 0 1 8.56141
0 0 0 0 1 8.6431
0 0 0 0 1 8.59534
0 0 0 0 1 8.58229
0 0 0 0 1 8.53502
0 0 0 0 1 8.65108
0 0 0 0 1 8.55269
0 0 0 0 0 8.48895
0 0 0 0 0 8.56224
0 0 0 0 1 8.47632
0 0 0 0 1 8.54116
0 0 0 0 1 8.5927
0 0 0 0 1 8.64774
0 0 0 0 0 8.74507
0 0 0 0 0 9.01255
0 0 0 0 1 9.02053
0 0 0 0 1 9.26526
0 0 0 0 0 9.29755
0 0 0 0 0 9.61254
0 0 0 0 1 9.64232
0 0 0 0 1 9.86502
0 0 0 0 1 10.0198
0 0 0 0 1 10.123
0 0 0 0 0 10.2551
0 0 0 0 0 10.6162
0 0 0 0 0 10.6516
0 0 0 0 1 10.909
0 0 0 0 0 11.2132
0 0 0 0 1 11.3267
0 0 0 0 1 11.6431
0 0 0 0 1 11.7841
0 0 0 0 1 11.9578
0 0 0 0 1 12.2348
0 0 0 0 0 12.6611
0 0 0 0 1 12.8219
0 0 0 0 1 22.8191
0 0 0 0 0 22.8456
0 0 0 0 1 22.5756
0 0 0 0 1 22.5804
0 0 0 0 1 22.6308
0 0 0 0 0 22.5005
0 0 0 0 1 22.6423
0 0 0 0 1 22.4678
0 0 0 0 1 22.452
0 0 0 0 1 22.6173
0 0 0 0 0 22.3541
0 0 0 0 1 22.6553
0 0 0 0 1 22.5749
0 0 0 0 1 22.7188
0 0 0 0 1 22.6604
0 0 0 0 1 22.6924
0 0 0 0 1 22.7024
0 0 0 0 1 22.4207
0 0 0 0 1 23.362
0 0 0 0 1 23.9308
0 0 0 0 1 25.1683
0 0 0 0 0 26.422
0 0 0 0 1 36.2719
0 0 0 0 1 36.439
0 0 0 0 1 36.7158
0 0 0 0 1 36.593
0 0 0 0 1 36.5381
0 0 0 0 1 38.3722
0 0 0 0 1 51.6502
0 0 0 0 1 52.4676
0 0 0 0 1 52.2454
0 0 0 0 1 51.5555
0 0 0 0 1 52.1672
0 0 0 0 1 56.8362
0 0 0 0 1 64.8733
0 0 0 0 1 70.1516
0 0 0 0 1 80.9919
0 0 0 0 0 5.03505
0 0 0 0 0 4.99998
0 0 0 0 0 4.97994
0 0 0 0 0 5.04507
0 0 0 0 0 4.96491
0 0 0 0 0 5.03505
0 0 0 0 0 5.0601
0 0 0 0 0 5.02002
0 0 0 0 0 5.01501
0 0 0 0 0 4.98495
0 0 0 0 0 4.99998
0 0 0 0 0 5.04507
0 0 0 0 1 88.3791
0 0 0 0 1 86.7239
0 0 0 0 0 75.4455
0 0 0 0 0 63.7113
0 0 0 0 1 59.9212
0 0 0 0 1 60.0533
0 0 0 0 1 60.9733
0 0 0 0 1 51.1582
0 0 0 0 1 47.7472
0 0 0 0 0 47.6635
0 0 0 0 1 38.9993
0 0 0 0 1 37.188
0 0 0 0 0 35.6322
0 0 0 0 1 35.8228
0 0 0 0 1 35.9777
0 0 0 0 1 35.5986
0 0 0 0 1 28.3586
0 0 0 0 0 26.7767
0 0 0 0 1 25.5109
0 0 0 0 1 24.5161
0 0 0 0 1 24.5278
0 0 0 0 1 24.7124
0 0 0 0 0 24.4528
0 0 0 0 1 24.7125
0 0 0 0 0 24.4793
0 0 0 0 1 24.8637
0 0 0 0 1 24.5325
0 0 0 0 1 24.6464
0 0 0 0 1 24.5615
0 0 0 0 1 18.2909
0 0 0 0 1 17.5443
0 0 0 0 1 17.1402
0 0 0 0 0 16.8783
0 0 0 0 1 16.1958
0 0 0 0 0 15.8001
0 0 0 0 1 15.4235
0 0 0 0 1 15.091
0 0 0 0 1 14.8901
0 0 0 0 1 14.5529
0 0 0 0 1 13.9721
0 0 0 0 0 13.9842
0 0 0 0 1 14.01
0 0 0 0 1 13.9526
0 0 0 0 1 13.965
0 0 0 0 1 13.9497
0 0 0 0 0 13.8671
0 0 0 0 1 13.922
0 0 0 0 1 13.9633
0 0 0 0 1 13.851
0 0 0 0 1 13.937
0 0 0 0 1 14.1474
0 0 0 0 1 13.8952
0 0 0 0 1 13.9659
0 0 0 0 1 14.166
0 0 0 0 1 14.139
0 0 0 0 1 13.9852
0 0 0 0 0 14.1586
0 0 0 0 1 14.2593
0 0 0 0 0 14.0068
0 0 0 0 1 14.1532
0 0 0 0 1 14.3117
0 0 0 0 1 14.1895
0 0 0 0 1 14.3204
0 0 0 0 1 14.3693
0 0 0 0 1 14.3158
0 0 0 0 0 14.1654
0 0 0 0 1 14.2263
0 0 0 0 1 14.4481
0 0 0 0 1 14.2232
0 0 0 0 1 8.73766
0 0 0 0 1 8.7819
0 0 0 0 0 8.64165
0 0 0 0 0 8.57968
0 0 0 0 1 8.30704
0 0 0 0 1 8.3122
0 0 0 0 1 8.20968
0 0 0 0 1 8.13045
0 0 0 0 1 8.00425
0 0 0 0 0 7.93427
0 0 0 0 1 7.78729
0 0 0 0 0 7.76391
0 0 0 0 0 7.68732
0 0 0 0 1 7.49734
0 0 0 0 1 7.42944
0 0 0 0 1 7.39277
0 0 0 0 1 7.33889
0 0 0 0 1 7.25034
0 0 0 0 1 7.2339
0 0 0 0 1 7.15966
0 0 0 0 1 6.95916
0 0 0 0 0 6.95127
0 0 0 0 0 6.85064
0 0 0 0 0 6.82799
0 0 0 0 1 6.72362
0 0 0 0 0 6.66029
0 0 0 0 1 6.57057
0 0 0 0 1 6.56029
0 0 0 0 1 6.51011
0 0 0 0 1 6.4753
0 0 0 0 0 6.39929
0 0 0 0 1 6.34531
0 0 0 0 1 6.29772
0 0 0 0 1 6.16921
0 0 0 0 0 6.11616
0 0 0 0 1 6.16725
0 0 0 0 1 6.08321
0 0 0 0 1 6.03877
0 0 0 0 1 6.02136
0 0 0 0 0 5.90578
0 0 0 0 1 5.92358
0 0 0 0 0 5.80354
0 0 0 0 1 5.77148
0 0 0 0 0 5.68769
0 0 0 0 0 5.69842
0 0 0 0 0 5.59843
0 0 0 0 1 5.56662
0 0 0 0 1 5.55449
0 0 0 0 0 5.52799
0 0 0 0 1 5.52874
0 0 0 0 1 5.49087
0 0 0 0 0 5.44548
0 0 0 0 1 5.31441
0 0 0 0 1 5.29887
0 0 0 0 0 5.28093
0 0 0 0 1 5.2859
0 0 0 0 1 5.18407
0 0 0 0 1 5.21793
0 0 0 0 1 5.13775
0 0 0 0 0 5.10941
0 0 0 0 1 5.03218
0 0 0 0 1 5.05961
0 0 0 0 1 4.9995
0 0 0 0 0 4.93657
0 0 0 0 1 4.98301
0 0 0 0 1 4.86629
0 0 0 0 1 4.8875
0 0 0 0 0 4.90666
0 0 0 0 1 4.83992
0 0 0 0 1 4.83426
0 0 0 0 1 4.81222
0 0 0 0 0 4.89279
0 0 0 0 0 4.82322
0 0 0 0 1 4.86429
0 0 0 0 1 4.84798
0 0 0 0 0 4.95428
0 0 0 0 1 4.95294
0 0 0 0 1 4.90097
0 0 0 0 1 4.94401
0 0 0 0 1 4.99731
0 0 0 0 1 4.95986
0 0 0 0 1 5.0135
0 0 0 0 1 5.07757
0 0 0 0 1 4.99574
0 0 0 0 0 5.03483
0 0 0 0 1 5.11994
0 0 0 0 1 5.1393
0 0 0 0 1 5.09729
0 0 0 0 1 5.16153
0 0 0 0 1 5.12442
0 0 0 0 0 5.21636
0 0 0 0 1 5.18427
0 0 0 0 1 5.26661
0 0 0 0 1 5.19772
0 0 0 0 0 5.2596
0 0 0 0 1 5.22169
0 0 0 0 1 5.28546
0 0 0 0 1 5.31103
0 0 0 0 0 5.37412
0 0 0 0 0 5.30893
0 0 0 0 1 5.35622
0 0 0 0 1 5.4594
0 0 0 0 1 5.38803
0 0 0 0 1 5.47416
0 0 0 0 1 5.50614
0 0 0 0 1 5.48486
0 0 0 0 1 5.47281
0 0 0 0 1 5.52863
0 0 0 0 1 5.61674
0 0 0 0 1 5.55593
0 0 0 0 1 5.60538
0 0 0 0 1 5.62846
0 0 0 0 1 5.72949
0 0 0 0 1 5.679
0 0 0 0 1 5.70651
0 0 0 0 0 5.7357
0 0 0 0 1 5.79971
0 0 0 0 1 5.77121
0 0 0 0 1 5.86329
0 0 0 0 1 5.91665
0 0 0 0 1 5.935
0 0 0 0 1 5.88227
0 0 0 0 1 5.90621
0 0 0 0 1 6.008
0 0 0 0 1 6.02041
0 0 0 0 0 6.05089
0 0 0 0 1 6.09971
0 0 0 0 1 6.11219
0 0 0 0 1 6.10003
0 0 0 0 0 6.13842
0 0 0 0 1 9.5
0 0 0 0 1 9.40548
0 0 0 0 1 9.47844
0 0 0 0 0 9.49436
0 0 0 0 1 9.39131
0 0 0 0 1 9.3325
0 0 0 0 1 9.34861
0 0 0 0 1 9.33351
0 0 0 0 1 9.19523
0 0 0 0 0 9.23924
0 0 0 0 1 9.13573
0 0 0 0 1 9.22546
0 0 0 0 1 9.13178
0 0 0 0 1 9.19359
0 0 0 0 1 9.15509
0 0 0 0 1 9.01724
0 0 0 0 1 9.00661
0 0 0 0 1 9.01976
0 0 0 0 0 8.98228
0 0 0 0 0 8.89697
0 0 0 0 1 8.8601
0 0 0 0 1 8.98359
0 0 0 0 1 8.89351
0 0 0 0 1 8.8659
0 0 0 0 1 8.77341
0 0 0 0 1 8.77274
0 0 0 0 1 8.78963
0 0 0 0 1 8.70352
0 0 0 0 1 8.65084
0 0 0 0 0 8.74293
0 0 0 0 1 8.71653
0 0 0 0 1 8.64364
0 0 0 0 1 8.57463
0 0 0 0 1 8.69188
0 0 0 0 1 8.64895
0 0 0 0 1 8.54293
0 0 0 0 1 8.52639
0 0 0 0 1 8.48944
0 0 0 0 1 8.57164
0 0 0 0 1 8.52638
0 0 0 0 1 8.51521
0 0 0 0 1 8.48727
0 0 0 0 1 8.39581
0 0 0 0 0 8.43557
0 0 0 0 1 8.4082
0 0 0 0 1 8.30583
0 0 0 0 1 8.27901
0 0 0 0 0 8.39748
0 0 0 0 0 8.32927
0 0 0 0 0 8.1952
0 0 0 0 1 8.22319
0 0 0 0 1 8.29616
0 0 0 0 1 8.14671
0 0 0 0 1 8.17864
0 0 0 0 1 8.13677
0 0 0 0 1 8.21781
0 0 0 0 1 8.16804
0 0 0 0 1 8.18372
0 0 0 0 0 8.0694
0 0 0 0 0 8.14217
0 0 0 0 0 8.17427
0 0 0 0 1 8.08519
0 0 0 0 1 8.00462
0 0 0 0 1 8.10546
0 0 0 0 1 8.08958
0 0 0 0 1 8.09792
0 0 0 0 1 8.04232
0 0 0 0 1 8.02699
0 0 0 0 1 8.0475
0 0 0 0 1 7.9528
0 0 0 0 1 7.96187
0 0 0 0 1 7.94722
0 0 0 0 1 7.96443
0 0 0 0 1 7.97737
0 0 0 0 1 7.8763
0 0 0 0 1 7.90177
0 0 0 0 1 7.82845
0 0 0 0 1 7.8104
0 0 0 0 1 7.78913
0 0 0 0 1 7.82289
0 0 0 0 1 7.80977
0 0 0 0 1 7.87031
0 0 0 0 1 7.71708
0 0 0 0 1 7.7357
0 0 0 0 1 7.79636
0 0 0 0 0 7.78402
0 0 0 0 0 7.79814
