0 0 0 0 1 5.52515
0 0 0 0 1 5.56756
0 0 0 0 1 5.62136
0 0 0 0 1 5.60538
0 0 0 0 1 5.55354
0 0 0 0 0 5.58549
0 0 0 0 1 5.54957
0 0 0 0 1 5.59295
0 0 0 0 1 5.58274
0 0 0 0 0 5.66583
0 0 0 0 1 5.62544
0 0 0 0 1 5.66963
0 0 0 0 0 5.68795
0 0 0 0 1 5.6307
0 0 0 0 1 5.65838
0 0 0 0 1 5.63153
0 0 0 0 1 5.69928
0 0 0 0 1 5.6762
0 0 0 0 1 5.73877
0 0 0 0 1 5.66828
0 0 0 0 1 5.67387
0 0 0 0 0 5.74268
0 0 0 0 1 5.76586
0 0 0 0 1 5.76619
0 0 0 0 0 5.78568
0 0 0 0 0 5.73415
0 0 0 0 1 5.80993
0 0 0 0 1 5.79323
0 0 0 0 1 5.81144
0 0 0 0 0 5.80065
0 0 0 0 1 5.81326
0 0 0 0 1 5.79833
0 0 0 0 1 5.83613
0 0 0 0 1 5.92538
0 0 0 0 1 5.92682
0 0 0 0 0 5.86344
0 0 0 0 1 5.86487
0 0 0 0 1 5.97895
0 0 0 0 1 5.92732
0 0 0 0 1 5.92313
0 0 0 0 1 5.95478
0 0 0 0 1 5.93879
0 0 0 0 0 5.96605
0 0 0 0 1 5.9501
0 0 0 0 1 6.00635
0 0 0 0 1 6.00862
0 0 0 0 1 6.07629
0 0 0 0 1 6.09098
0 0 0 0 0 6.06929
0 0 0 0 0 6.04754
0 0 0 0 1 6.14183
0 0 0 0 1 6.08347
0 0 0 0 1 6.15892
0 0 0 0 1 6.20609
0 0 0 0 1 6.23396
0 0 0 0 0 6.13824
0 0 0 0 1 6.17235
0 0 0 0 1 6.27414
0 0 0 0 1 6.22773
0 0 0 0 1 6.29997
0 0 0 0 1 6.29017
0 0 0 0 1 6.24977
0 0 0 0 1 6.3543
0 0 0 0 1 6.30755
0 0 0 0 1 6.32401
0 0 0 0 1 6.40339
0 0 0 0 1 6.42022
0 0 0 0 1 6.39158
0 0 0 0 1 6.35713
0 0 0 0 1 6.399
0 0 0 0 1 6.50651
0 0 0 0 1 6.54918
0 0 0 0 1 6.46922
0 0 0 0 1 6.48662
0 0 0 0 1 6.60216
0 0 0 0 1 6.54069
0 0 0 0 1 6.64995
0 0 0 0 1 6.58221
0 0 0 0 1 6.56639
0 0 0 0 1 6.60364
0 0 0 0 1 6.62111
0 0 0 0 1 6.7263
0 0 0 0 1 6.76495
0 0 0 0 0 6.7831
0 0 0 0 1 6.78783
0 0 0 0 1 6.81969
0 0 0 0 1 6.80408
0 0 0 0 1 6.77463
0 0 0 0 1 6.82039
0 0 0 0 1 6.87333
0 0 0 0 1 6.96117
0 0 0 0 0 6.91827
0 0 0 0 1 6.99284
0 0 0 0 1 7.01204
0 0 0 0 1 6.99626
0 0 0 0 1 6.96623
0 0 0 0 1 7.11916
0 0 0 0 1 7.13175
0 0 0 0 0 7.05888
0 0 0 0 1 7.13554
0 0 0 0 1 7.14093
0 0 0 0 0 7.27594
0 0 0 0 1 7.20175
0 0 0 0 0 7.30889
0 0 0 0 1 7.28506
0 0 0 0 1 7.26133
0 0 0 0 1 7.32515
0 0 0 0 1 7.34594
0 0 0 0 1 7.41041
0 0 0 0 1 7.46041
0 0 0 0 0 7.53356
0 0 0 0 1 7.59179
0 0 0 0 1 7.56734
0 0 0 0 1 7.51971
0 0 0 0 0 7.67004
0 0 0 0 1 7.66808
0 0 0 0 1 7.7505
0 0 0 0 1 7.7717
0 0 0 0 1 7.82396
0 0 0 0 0 7.86871
0 0 0 0 0 7.83579
0 0 0 0 1 7.89635
0 0 0 0 1 7.8303
0 0 0 0 0 7.89895
0 0 0 0 1 7.96753
0 0 0 0 1 7.95679
0 0 0 0 1 8.0748
0 0 0 0 1 8.06403
0 0 0 0 0 8.07675
0 0 0 0 1 8.17182
0 0 0 0 1 8.18468
0 0 0 0 1 8.32156
0 0 0 0 1 8.28541
0 0 0 0 1 8.39854
0 0 0 0 0 8.37799
0 0 0 0 1 8.40762
0 0 0 0 1 8.55631
0 0 0 0 1 8.578
0 0 0 0 0 8.53154
0 0 0 0 1 8.66496
0 0 0 0 1 8.68579
0 0 0 0 1 8.67224
0 0 0 0 0 8.8332
0 0 0 0 1 8.82034
0 0 0 0 1 8.80525
0 0 0 0 1 9.02216
0 0 0 0 0 8.92606
0 0 0 0 1 8.99136
0 0 0 0 0 9.20378
0 0 0 0 1 9.22476
0 0 0 0 0 9.24546
0 0 0 0 1 9.27516
0 0 0 0 1 9.39916
0 0 0 0 1 9.39044
0 0 0 0 1 9.50507
0 0 0 0 1 9.59088
0 0 0 0 0 9.64838
0 0 0 0 1 9.56246
0 0 0 0 1 9.67744
0 0 0 0 0 9.79329
0 0 0 0 1 9.86075
0 0 0 0 0 9.91993
0 0 0 0 1 10.0462
0 0 0 0 1 10.1547
0 0 0 0 1 10.0498
0 0 0 0 1 10.1481
0 0 0 0 1 10.3481
0 0 0 0 1 10.2603
0 0 0 0 1 10.4848
0 0 0 0 0 10.458
0 0 0 0 1 10.5566
0 0 0 0 1 10.7178
0 0 0 0 0 10.6998
0 0 0 0 1 10.8407
0 0 0 0 1 9.29659
0 0 0 0 1 9.2632
0 0 0 0 1 9.24409
0 0 0 0 1 9.26657
0 0 0 0 1 9.20157
0 0 0 0 0 9.12306
0 0 0 0 1 9.18726
0 0 0 0 1 9.16425
0 0 0 0 1 9.04549
0 0 0 0 0 9.18717
0 0 0 0 0 9.12362
0 0 0 0 1 9.02875
0 0 0 0 0 9.13803
0 0 0 0 1 9.12944
0 0 0 0 0 8.92725
0 0 0 0 0 9.00929
0 0 0 0 1 9.0509
0 0 0 0 1 9.04292
0 0 0 0 1 8.87403
0 0 0 0 1 8.98266
0 0 0 0 1 8.81956
0 0 0 0 1 8.87468
0 0 0 0 0 8.85869
0 0 0 0 1 8.88715
0 0 0 0 1 8.80062
0 0 0 0 0 8.77245
0 0 0 0 1 8.8805
0 0 0 0 1 8.74203
0 0 0 0 0 8.79729
0 0 0 0 1 8.68594
0 0 0 0 1 8.75882
0 0 0 0 1 8.64453
0 0 0 0 1 8.6913
0 0 0 0 1 8.6423
0 0 0 0 1 8.7239
0 0 0 0 0 8.62318
0 0 0 0 1 8.67014
0 0 0 0 1 8.58735
0 0 0 0 1 8.57402
0 0 0 0 1 8.60396
0 0 0 0 1 8.65976
0 0 0 0 1 8.52642
0 0 0 0 1 8.66825
0 0 0 0 1 8.65553
0 0 0 0 1 8.63442
0 0 0 0 1 8.48533
0 0 0 0 1 8.48485
0 0 0 0 1 8.49002
0 0 0 0 1 8.66131
0 0 0 0 1 8.69124
0 0 0 0 0 8.84214
0 0 0 0 1 8.89609
0 0 0 0 1 9.13874
0 0 0 0 1 9.14517
0 0 0 0 1 9.34446
0 0 0 0 1 9.58393
0 0 0 0 1 9.62296
0 0 0 0 1 9.93394
0 0 0 0 1 9.90971
0 0 0 0 1 10.0925
0 0 0 0 1 10.4416
0 0 0 0 1 10.5423
0 0 0 0 1 10.6945
0 0 0 0 1 10.9637
0 0 0 0 1 11.202
0 0 0 0 0 11.4516
0 0 0 0 0 11.6315
0 0 0 0 0 11.926
0 0 0 0 1 12.006
0 0 0 0 0 12.284
0 0 0 0 1 12.6988
0 0 0 0 0 12.9632
0 0 0 0 1 22.6373
0 0 0 0 0 22.8456
0 0 0 0 0 22.5529
0 0 0 0 1 22.7164
0 0 0 0 1 22.5629
0 0 0 0 0 22.4326
0 0 0 0 1 22.8006
0 0 0 0 1 22.513
0 0 0 0 1 22.7457
0 0 0 0 1 22.7753
0 0 0 0 0 22.3541
0 0 0 0 0 22.7455
0 0 0 0 1 22.4398
0 0 0 0 1 22.3586
0 0 0 0 1 22.6154
0 0 0 0 0 22.58
0 0 0 0 1 22.4327
0 0 0 0 1 22.4207
0 0 0 0 1 22.9676
0 0 0 0 0 23.9549
0 0 0 0 1 25.0176
0 0 0 0 0 26.055
0 0 0 0 1 36.5269
0 0 0 0 1 36.4754
0 0 0 0 0 36.4611
0 0 0 0 1 36.1565
0 0 0 0 1 36.4289
0 0 0 0 1 38.3722
0 0 0 0 1 52.327
0 0 0 0 0 51.6868
0 0 0 0 0 52.2974
0 0 0 0 1 51.6075
0 0 0 0 1 51.4911
0 0 0 0 1 56.6107
0 0 0 0 0 65.0043
0 0 0 0 1 69.5246
0 0 0 0 1 81.2373
0 0 0 0 0 4.99497
0 0 0 0 0 4.9599
0 0 0 0 0 5.05008
0 0 0 0 0 5.05509
0 0 0 0 0 5.00499
0 0 0 0 0 4.97493
0 0 0 0 0 4.98996
0 0 0 0 0 4.97994
0 0 0 0 0 4.9599
0 0 0 0 0 4.97493
0 0 0 0 0 4.96491
0 0 0 0 0 4.97994
0 0 0 0 0 88.2916
0 0 0 0 1 86.8991
0 0 0 0 1 74.9946
0 0 0 0 1 64.2858
0 0 0 0 1 60.1027
0 0 0 0 0 60.8403
0 0 0 0 0 61.155
0 0 0 0 1 51.4676
0 0 0 0 1 48.0351
0 0 0 0 1 47.8555
0 0 0 0 0 39.392
0 0 0 0 1 36.4516
0 0 0 0 1 35.3468
0 0 0 0 1 35.3589
0 0 0 0 0 35.5137
0 0 0 0 1 35.67
0 0 0 0 1 28.2463
0 0 0 0 0 26.9643
0 0 0 0 1 25.6904
0 0 0 0 1 24.7868
0 0 0 0 1 24.8479
0 0 0 0 1 24.4167
0 0 0 0 1 24.5268
0 0 0 0 1 24.8358
0 0 0 0 1 24.8001
0 0 0 0 1 24.6168
0 0 0 0 1 24.9525
0 0 0 0 1 24.6711
0 0 0 0 1 24.9325
0 0 0 0 1 18.3455
0 0 0 0 1 17.5973
0 0 0 0 1 17.0198
0 0 0 0 1 16.8783
0 0 0 0 1 16.3588
0 0 0 0 1 15.9907
0 0 0 0 1 15.6403
0 0 0 0 0 14.9851
0 0 0 0 1 14.8605
0 0 0 0 1 14.4952
0 0 0 0 1 14.0567
0 0 0 0 1 13.8176
0 0 0 0 1 13.9822
0 0 0 0 1 13.9526
0 0 0 0 0 13.8536
0 0 0 0 1 13.8522
0 0 0 0 1 14.0764
0 0 0 0 1 13.9779
0 0 0 0 1 13.9074
0 0 0 0 1 13.9349
0 0 0 0 1 13.881
0 0 0 0 0 13.909
0 0 0 0 1 14.1759
0 0 0 0 1 13.9799
0 0 0 0 1 13.9409
0 0 0 0 1 13.9559
0 0 0 0 1 13.957
0 0 0 0 0 14.0598
0 0 0 0 1 14.0615
0 0 0 0 1 14.12
0 0 0 0 0 14.0965
0 0 0 0 1 14.2266
0 0 0 0 1 14.2179
0 0 0 0 1 14.2777
0 0 0 0 1 14.1699
0 0 0 0 1 14.159
0 0 0 0 1 14.3796
0 0 0 0 1 14.2692
0 0 0 0 1 14.3908
0 0 0 0 0 14.1945
0 0 0 0 1 8.78179
0 0 0 0 1 8.70349
0 0 0 0 1 8.57286
0 0 0 0 1 8.44376
0 0 0 0 0 8.34061
0 0 0 0 1 8.23762
0 0 0 0 1 8.16052
0 0 0 0 1 8.02528
0 0 0 0 1 7.98026
0 0 0 0 1 7.83154
0 0 0 0 1 7.80293
0 0 0 0 0 7.70983
0 0 0 0 0 7.58798
0 0 0 0 1 7.52001
0 0 0 0 1 7.54903
0 0 0 0 0 7.37057
0 0 0 0 1 7.35352
0 0 0 0 1 7.17066
0 0 0 0 0 7.21956
0 0 0 0 1 7.03194
0 0 0 0 1 7.08557
0 0 0 0 1 6.95127
0 0 0 0 1 6.87129
0 0 0 0 1 6.75296
0 0 0 0 1 6.75065
0 0 0 0 1 6.74061
0 0 0 0 1 6.68328
0 0 0 0 1 6.50775
0 0 0 0 1 6.4906
0 0 0 0 1 6.39146
0 0 0 0 1 6.34181
0 0 0 0 0 6.36431
0 0 0 0 1 6.24749
0 0 0 0 1 6.28749
0 0 0 0 1 6.12851
0 0 0 0 1 6.11218
0 0 0 0 1 6.10747
0 0 0 0 1 6.03275
0 0 0 0 1 5.94975
0 0 0 0 0 5.95909
0 0 0 0 0 5.88248
0 0 0 0 1 5.8385
0 0 0 0 1 5.80039
0 0 0 0 1 5.7623
0 0 0 0 1 5.73823
0 0 0 0 1 5.59279
0 0 0 0 1 5.56102
0 0 0 0 1 5.56005
0 0 0 0 1 5.46724
0 0 0 0 1 5.4849
0 0 0 0 1 5.44738
0 0 0 0 1 5.39145
0 0 0 0 1 5.35199
0 0 0 0 1 5.36277
0 0 0 0 1 5.27035
0 0 0 0 0 5.22291
0 0 0 0 1 5.18407
0 0 0 0 0 5.21793
0 0 0 0 0 5.10686
0 0 0 0 1 5.07873
0 0 0 0 1 5.10827
0 0 0 0 1 5.04953
0 0 0 0 1 5.05466
0 0 0 0 0 4.99635
0 0 0 0 0 4.89889
0 0 0 0 1 4.90561
0 0 0 0 0 4.87286
0 0 0 0 1 4.82893
0 0 0 0 1 4.83027
0 0 0 0 1 4.84389
0 0 0 0 1 4.86531
0 0 0 0 1 4.82497
0 0 0 0 1 4.91074
0 0 0 0 1 4.82529
0 0 0 0 1 4.94092
0 0 0 0 0 4.87081
0 0 0 0 1 4.93815
0 0 0 0 1 4.92567
0 0 0 0 1 4.91922
0 0 0 0 1 4.99731
0 0 0 0 1 5.03471
0 0 0 0 1 4.97844
0 0 0 0 1 5.07757
0 0 0 0 0 5.02602
0 0 0 0 0 5.05003
0 0 0 0 1 5.09452
0 0 0 0 0 5.12399
0 0 0 0 1 5.17414
0 0 0 0 1 5.11018
0 0 0 0 1 5.19144
0 0 0 0 1 5.14391
0 0 0 0 1 5.22063
0 0 0 0 1 5.21968
0 0 0 0 1 5.20295
0 0 0 0 1 5.20706
0 0 0 0 1 5.31136
0 0 0 0 1 5.30667
0 0 0 0 1 5.30039
0 0 0 0 1 5.29399
0 0 0 0 1 5.35719
0 0 0 0 1 5.36698
0 0 0 0 1 5.39447
0 0 0 0 0 5.38803
0 0 0 0 1 5.46871
0 0 0 0 1 5.47877
0 0 0 0 1 5.51787
0 0 0 0 1 5.56117
0 0 0 0 1 5.53418
0 0 0 0 1 5.60002
0 0 0 0 0 5.61753
0 0 0 0 1 5.67847
0 0 0 0 1 5.61716
0 0 0 0 1 5.72381
0 0 0 0 0 5.74172
0 0 0 0 0 5.69506
0 0 0 0 1 5.72419
0 0 0 0 1 5.7361
0 0 0 0 1 5.8177
0 0 0 0 0 5.85746
0 0 0 0 0 5.86974
0 0 0 0 1 5.8407
0 0 0 0 1 5.9652
0 0 0 0 1 6.00147
0 0 0 0 1 6.00201
0 0 0 0 0 6.06853
0 0 0 0 1 6.06298
0 0 0 0 0 6.08148
0 0 0 0 1 6.14272
0 0 0 0 0 6.08162
0 0 0 0 1 6.16312
0 0 0 0 0 9.55711
0 0 0 0 1 9.49082
0 0 0 0 1 9.40284
0 0 0 0 1 9.39075
0 0 0 0 1 9.39131
0 0 0 0 1 9.37926
0 0 0 0 1 9.39521
0 0 0 0 1 9.23125
0 0 0 0 1 9.34339
0 0 0 0 1 9.21155
0 0 0 0 1 9.29214
0 0 0 0 1 9.20712
0 0 0 0 1 9.23233
0 0 0 0 1 9.03869
0 0 0 0 1 9.05518
0 0 0 0 1 9.13493
0 0 0 0 0 9.01564
0 0 0 0 1 8.92975
0 0 0 0 0 8.90152
0 0 0 0 1 9.04018
0 0 0 0 1 8.84226
0 0 0 0 1 8.98359
0 0 0 0 1 8.91124
0 0 0 0 1 8.79518
0 0 0 0 1 8.80868
0 0 0 0 1 8.77274
0 0 0 0 1 8.78087
0 0 0 0 1 8.72976
0 0 0 0 1 8.64212
0 0 0 0 1 8.71684
0 0 0 0 1 8.70785
0 0 0 0 0 8.72151
0 0 0 0 1 8.71265
0 0 0 0 1 8.67467
0 0 0 0 0 8.65753
0 0 0 0 1 8.50013
0 0 0 0 1 8.44958
0 0 0 0 0 8.5235
0 0 0 0 1 8.51218
0 0 0 0 1 8.53486
0 0 0 0 1 8.41374
0 0 0 0 1 8.4957
0 0 0 0 1 8.42105
0 0 0 0 0 8.36842
0 0 0 0 1 8.32446
0 0 0 0 1 8.37267
0 0 0 0 1 8.26233
0 0 0 0 1 8.38917
0 0 0 0 1 8.21312
0 0 0 0 0 8.29454
0 0 0 0 1 8.3141
0 0 0 0 1 8.1807
0 0 0 0 1 8.14671
0 0 0 0 0 8.16222
0 0 0 0 1 8.24329
0 0 0 0 0 8.21781
0 0 0 0 1 8.22516
0 0 0 0 0 8.06157
0 0 0 0 1 8.15066
0 0 0 0 0 8.0854
0 0 0 0 1 8.05287
0 0 0 0 1 8.09326
0 0 0 0 1 8.03687
0 0 0 0 1 7.99277
0 0 0 0 1 8.07351
0 0 0 0 1 8.04981
0 0 0 0 0 7.97831
0 0 0 0 0 8.02699
0 0 0 0 1 8.02357
0 0 0 0 1 7.92892
0 0 0 0 0 7.86651
0 0 0 0 1 7.97895
0 0 0 0 1 7.88526
0 0 0 0 0 7.84296
0 0 0 0 1 7.89998
0 0 0 0 1 7.80723
0 0 0 0 1 7.83632
0 0 0 0 1 7.88897
0 0 0 0 1 7.8362
0 0 0 0 1 7.84638
0 0 0 0 1 7.84885
0 0 0 0 1 7.79223
0 0 0 0 1 7.78724
0 0 0 0 0 7.82131
0 0 0 0 1 7.83523
0 0 0 0 1 7.81506
0 0 0 0 1 7.72062
