0 0 0 0 1 5.51406
0 0 0 0 1 5.50088
0 0 0 0 1 5.62136
0 0 0 0 0 5.51623
0 0 0 0 1 5.53679
0 0 0 0 1 5.56872
0 0 0 0 0 5.6223
0 0 0 0 1 5.55372
0 0 0 0 1 5.57713
0 0 0 0 1 5.56465
0 0 0 0 1 5.66486
0 0 0 0 1 5.61322
0 0 0 0 1 5.60887
0 0 0 0 1 5.69861
0 0 0 0 0 5.64137
0 0 0 0 1 5.63721
0 0 0 0 1 5.65377
0 0 0 0 1 5.69329
0 0 0 0 1 5.75019
0 0 0 0 1 5.69685
0 0 0 0 1 5.78265
0 0 0 0 1 5.76563
0 0 0 0 1 5.69113
0 0 0 0 1 5.75466
0 0 0 0 1 5.7626
0 0 0 0 1 5.73415
0 0 0 0 0 5.80414
0 0 0 0 1 5.76421
0 0 0 0 0 5.79399
0 0 0 0 0 5.78316
0 0 0 0 1 5.86584
0 0 0 0 1 5.89195
0 0 0 0 0 5.81855
0 0 0 0 1 5.89015
0 0 0 0 1 5.93859
0 0 0 0 1 5.84574
0 0 0 0 1 5.96537
0 0 0 0 1 5.95525
0 0 0 0 0 5.98077
0 0 0 0 1 5.89337
0 0 0 0 1 5.99058
0 0 0 0 1 6.0285
0 0 0 0 1 5.98402
0 0 0 0 1 5.98012
0 0 0 0 1 6.00033
0 0 0 0 0 5.97242
0 0 0 0 1 6.01577
0 0 0 0 1 6.03031
0 0 0 0 1 6.02672
0 0 0 0 0 6.06583
0 0 0 0 1 6.1235
0 0 0 0 1 6.09572
0 0 0 0 1 6.12204
0 0 0 0 1 6.19377
0 0 0 0 1 6.22779
0 0 0 0 1 6.21868
0 0 0 0 1 6.19096
0 0 0 0 1 6.2368
0 0 0 0 1 6.23397
0 0 0 0 1 6.21864
0 0 0 0 1 6.31528
0 0 0 0 1 6.319
0 0 0 0 1 6.3543
0 0 0 0 0 6.31388
0 0 0 0 1 6.37475
0 0 0 0 1 6.38429
0 0 0 0 1 6.3564
0 0 0 0 0 6.44922
0 0 0 0 1 6.38282
0 0 0 0 1 6.50855
0 0 0 0 0 6.40959
0 0 0 0 1 6.52324
0 0 0 0 0 6.56675
0 0 0 0 1 6.50618
0 0 0 0 1 6.58909
0 0 0 0 0 6.62598
0 0 0 0 1 6.54461
0 0 0 0 1 6.569
0 0 0 0 1 6.58627
0 0 0 0 1 6.67679
0 0 0 0 1 6.70788
0 0 0 0 1 6.67276
0 0 0 0 0 6.77837
0 0 0 0 1 6.72921
0 0 0 0 1 6.72022
0 0 0 0 1 6.85362
0 0 0 0 1 6.79046
0 0 0 0 1 6.85666
0 0 0 0 1 6.84097
0 0 0 0 1 6.90088
0 0 0 0 1 6.96117
0 0 0 0 1 6.97373
0 0 0 0 1 7.01372
0 0 0 0 1 7.01204
0 0 0 0 1 6.98925
0 0 0 0 1 7.05067
0 0 0 0 1 7.09088
0 0 0 0 1 7.0324
0 0 0 0 1 7.07313
0 0 0 0 1 7.18559
0 0 0 0 1 7.19116
0 0 0 0 0 7.13907
0 0 0 0 1 7.2307
0 0 0 0 1 7.33068
0 0 0 0 1 7.35076
0 0 0 0 1 7.33461
0 0 0 0 1 7.39141
0 0 0 0 1 7.4493
0 0 0 0 1 7.46233
0 0 0 0 1 7.49768
0 0 0 0 1 7.54104
0 0 0 0 1 7.53166
0 0 0 0 1 7.58999
0 0 0 0 0 7.61076
0 0 0 0 0 7.67766
0 0 0 0 0 7.72165
0 0 0 0 0 7.66592
0 0 0 0 0 7.75625
0 0 0 0 1 7.69977
0 0 0 0 0 7.83752
0 0 0 0 1 7.87493
0 0 0 0 1 7.8413
0 0 0 0 1 7.84612
0 0 0 0 1 7.92279
0 0 0 0 1 8.04745
0 0 0 0 0 8.10131
0 0 0 0 1 8.13127
0 0 0 0 1 8.04782
0 0 0 0 0 8.22345
0 0 0 0 1 8.13907
0 0 0 0 1 8.30819
0 0 0 0 0 8.33812
0 0 0 0 1 8.25213
0 0 0 0 1 8.30652
0 0 0 0 1 8.43688
0 0 0 0 1 8.54296
0 0 0 0 1 8.53079
0 0 0 0 1 8.61221
0 0 0 0 1 8.66901
0 0 0 0 1 8.58721
0 0 0 0 1 8.74665
0 0 0 0 1 8.78589
0 0 0 0 1 8.8684
0 0 0 0 1 8.91756
0 0 0 0 1 8.94755
0 0 0 0 1 8.91476
0 0 0 0 0 9.07017
0 0 0 0 1 9.14544
0 0 0 0 1 9.15822
0 0 0 0 1 9.1239
0 0 0 0 1 9.23624
0 0 0 0 1 9.3123
0 0 0 0 1 9.31515
0 0 0 0 1 9.31524
0 0 0 0 1 9.50507
0 0 0 0 0 9.44801
0 0 0 0 1 9.50452
0 0 0 0 0 9.63
0 0 0 0 1 9.80375
0 0 0 0 1 9.82264
0 0 0 0 0 9.79179
0 0 0 0 1 9.88029
0 0 0 0 1 10.0262
0 0 0 0 1 10.1045
0 0 0 0 0 10.0903
0 0 0 0 1 10.2501
0 0 0 0 0 10.3687
0 0 0 0 0 10.3742
0 0 0 0 1 10.5057
0 0 0 0 1 10.437
0 0 0 0 0 10.5355
0 0 0 0 0 10.6112
0 0 0 0 1 10.8072
0 0 0 0 1 10.7649
0 0 0 0 1 9.32451
0 0 0 0 1 9.3653
0 0 0 0 1 9.23483
0 0 0 0 1 9.25734
0 0 0 0 1 9.22923
0 0 0 0 0 9.11386
0 0 0 0 1 9.23315
0 0 0 0 0 9.22833
0 0 0 0 1 9.16426
0 0 0 0 1 9.05957
0 0 0 0 1 9.13271
0 0 0 0 0 9.11042
0 0 0 0 0 9.02935
0 0 0 0 0 9.12944
0 0 0 0 0 9.03546
0 0 0 0 1 9.04529
0 0 0 0 1 8.93417
0 0 0 0 1 9.03396
0 0 0 0 1 8.87403
0 0 0 0 1 9.01837
0 0 0 0 1 8.84629
0 0 0 0 1 8.94582
0 0 0 0 1 8.91195
0 0 0 0 1 8.93145
0 0 0 0 0 8.836
0 0 0 0 0 8.84305
0 0 0 0 1 8.8805
0 0 0 0 0 8.70685
0 0 0 0 1 8.71827
0 0 0 0 1 8.79112
0 0 0 0 1 8.81132
0 0 0 0 1 8.66199
0 0 0 0 1 8.76976
0 0 0 0 1 8.6423
0 0 0 0 1 8.70652
0 0 0 0 1 8.66655
0 0 0 0 1 8.69612
0 0 0 0 1 8.596
0 0 0 0 0 8.59993
0 0 0 0 1 8.59534
0 0 0 0 1 8.53925
0 0 0 0 1 8.62957
0 0 0 0 1 8.61675
0 0 0 0 1 8.5784
0 0 0 0 1 8.4975
0 0 0 0 1 8.51952
0 0 0 0 1 8.47632
0 0 0 0 1 8.54969
0 0 0 0 1 8.4898
0 0 0 0 1 8.72604
0 0 0 0 1 8.78037
0 0 0 0 1 8.96776
0 0 0 0 1 9.02962
0 0 0 0 1 9.16364
0 0 0 0 1 9.36322
0 0 0 0 1 9.62208
0 0 0 0 0 9.71977
0 0 0 0 1 9.89456
0 0 0 0 1 10.0298
0 0 0 0 1 10.2758
0 0 0 0 0 10.3276
0 0 0 0 1 10.5317
0 0 0 0 1 10.6516
0 0 0 0 1 10.9746
0 0 0 0 1 11.1797
0 0 0 0 1 11.3721
0 0 0 0 0 11.6547
0 0 0 0 1 11.8787
0 0 0 0 1 12.0301
0 0 0 0 1 12.2963
0 0 0 0 1 12.636
0 0 0 0 1 12.809
0 0 0 0 0 22.91
0 0 0 0 1 22.8002
0 0 0 0 0 22.8025
0 0 0 0 1 22.8071
0 0 0 0 1 22.88
0 0 0 0 1 22.7495
0 0 0 0 0 22.5518
0 0 0 0 0 22.4452
0 0 0 0 1 22.3617
0 0 0 0 0 22.4593
0 0 0 0 1 22.4669
0 0 0 0 1 22.5651
0 0 0 0 1 22.6876
0 0 0 0 1 22.4036
0 0 0 0 0 22.5479
0 0 0 0 0 22.58
0 0 0 0 1 22.2753
0 0 0 0 1 22.3309
0 0 0 0 1 23.2692
0 0 0 0 1 24.3168
0 0 0 0 1 24.9171
0 0 0 0 1 26.1074
0 0 0 0 1 36.0534
0 0 0 0 1 36.1114
0 0 0 0 0 36.4247
0 0 0 0 1 36.1201
0 0 0 0 1 36.1014
0 0 0 0 1 38.6034
0 0 0 0 1 51.7022
0 0 0 0 1 52.3635
0 0 0 0 0 51.7771
0 0 0 0 1 52.1798
0 0 0 0 1 52.1152
0 0 0 0 1 55.8213
0 0 0 0 1 65.2661
0 0 0 0 1 68.9673
0 0 0 0 0 82.3009
0 0 0 0 0 5.02002
0 0 0 0 0 5.03004
0 0 0 0 0 5.03004
0 0 0 0 0 4.98996
0 0 0 0 0 4.97493
0 0 0 0 0 4.99497
0 0 0 0 0 4.96491
0 0 0 0 0 4.98495
0 0 0 0 0 5.04507
0 0 0 0 0 4.98996
0 0 0 0 0 5.05008
0 0 0 0 0 5.0601
0 0 0 0 1 87.1529
0 0 0 0 0 88.3007
0 0 0 0 1 75.0698
0 0 0 0 1 64.222
0 0 0 0 0 61.0712
0 0 0 0 1 60.9614
0 0 0 0 1 61.0339
0 0 0 0 1 51.8802
0 0 0 0 1 47.5553
0 0 0 0 0 48.2875
0 0 0 0 0 39.6276
0 0 0 0 1 36.5989
0 0 0 0 1 35.7392
0 0 0 0 1 35.5373
0 0 0 0 1 35.8349
0 0 0 0 1 35.8128
0 0 0 0 1 28.0217
0 0 0 0 1 26.9911
0 0 0 0 0 25.6904
0 0 0 0 1 24.5161
0 0 0 0 1 24.4785
0 0 0 0 1 24.8849
0 0 0 0 0 24.6746
0 0 0 0 1 24.5398
0 0 0 0 1 24.7508
0 0 0 0 1 24.839
0 0 0 0 1 24.656
0 0 0 0 1 24.9677
0 0 0 0 1 24.4873
0 0 0 0 1 18.1817
0 0 0 0 1 17.7565
0 0 0 0 1 17.1058
0 0 0 0 1 16.6943
0 0 0 0 0 16.3913
0 0 0 0 1 15.9113
0 0 0 0 1 15.4545
0 0 0 0 0 15.1968
0 0 0 0 1 14.8458
0 0 0 0 1 14.351
0 0 0 0 1 13.9862
0 0 0 0 1 13.762
0 0 0 0 1 13.871
0 0 0 0 1 14.0361
0 0 0 0 1 13.8536
0 0 0 0 1 13.9776
0 0 0 0 1 13.8252
0 0 0 0 1 13.9081
0 0 0 0 1 13.9353
0 0 0 0 0 13.9349
0 0 0 0 1 14.1051
0 0 0 0 1 14.1333
0 0 0 0 1 14.0636
0 0 0 0 0 14.1626
0 0 0 0 1 14.0394
0 0 0 0 1 13.9981
0 0 0 0 1 14.0698
0 0 0 0 1 14.1304
0 0 0 0 1 14.0049
0 0 0 0 1 14.2897
0 0 0 0 1 14.2099
0 0 0 0 0 14.1556
0 0 0 0 1 14.3457
0 0 0 0 1 14.1782
0 0 0 0 1 14.3266
0 0 0 0 0 14.2303
0 0 0 0 1 14.2225
0 0 0 0 0 14.2263
0 0 0 0 1 14.1761
0 0 0 0 1 14.3809
0 0 0 0 1 8.86123
0 0 0 0 1 8.63379
0 0 0 0 1 8.65025
0 0 0 0 1 8.41828
0 0 0 0 1 8.42452
0 0 0 0 1 8.21275
0 0 0 0 1 8.13594
0 0 0 0 1 8.04955
0 0 0 0 0 8.06023
0 0 0 0 1 7.91847
0 0 0 0 1 7.75602
0 0 0 0 1 7.77163
0 0 0 0 1 7.63383
0 0 0 0 1 7.49734
0 0 0 0 1 7.45933
0 0 0 0 0 7.34097
0 0 0 0 1 7.25109
0 0 0 0 1 7.19239
0 0 0 0 1 7.11202
0 0 0 0 1 7.12418
0 0 0 0 1 7.00832
0 0 0 0 1 7.01389
0 0 0 0 1 6.8231
0 0 0 0 1 6.83482
0 0 0 0 1 6.74389
0 0 0 0 1 6.66698
0 0 0 0 0 6.56394
0 0 0 0 1 6.54059
0 0 0 0 1 6.51661
0 0 0 0 1 6.46885
0 0 0 0 1 6.32904
0 0 0 0 0 6.37697
0 0 0 0 0 6.24749
0 0 0 0 0 6.27504
0 0 0 0 1 6.13468
0 0 0 0 1 6.14277
0 0 0 0 1 6.05895
0 0 0 0 1 6.05683
0 0 0 0 1 5.94975
0 0 0 0 1 5.91762
0 0 0 0 1 5.86487
0 0 0 0 0 5.8385
0 0 0 0 1 5.82353
0 0 0 0 1 5.68769
0 0 0 0 1 5.65861
0 0 0 0 1 5.69437
0 0 0 0 1 5.62822
0 0 0 0 0 5.53779
0 0 0 0 1 5.55008
0 0 0 0 1 5.49586
0 0 0 0 0 5.45825
0 0 0 0 1 5.40766
0 0 0 0 1 5.42177
0 0 0 0 0 5.37875
0 0 0 0 1 5.33384
0 0 0 0 1 5.30164
0 0 0 0 1 5.24144
0 0 0 0 0 5.22829
0 0 0 0 1 5.10172
0 0 0 0 1 5.09918
0 0 0 0 1 5.03725
0 0 0 0 0 5.02938
0 0 0 0 1 5.0346
0 0 0 0 1 5.01628
0 0 0 0 1 4.93353
0 0 0 0 1 4.94494
0 0 0 0 1 4.8875
0 0 0 0 1 4.81921
0 0 0 0 1 4.80132
0 0 0 0 1 4.79092
0 0 0 0 0 4.78808
0 0 0 0 0 4.81528
0 0 0 0 1 4.87184
0 0 0 0 1 4.85454
0 0 0 0 0 4.88222
0 0 0 0 1 4.91991
0 0 0 0 1 4.91351
0 0 0 0 0 4.9652
0 0 0 0 1 4.96385
0 0 0 0 0 5.0222
0 0 0 0 1 4.9399
0 0 0 0 1 5.01851
0 0 0 0 1 4.98205
0 0 0 0 1 4.99574
0 0 0 0 1 5.09055
0 0 0 0 1 5.05893
0 0 0 0 1 5.07806
0 0 0 0 1 5.14852
0 0 0 0 1 5.14099
0 0 0 0 0 5.13989
0 0 0 0 1 5.19048
0 0 0 0 1 5.14271
0 0 0 0 1 5.24575
0 0 0 0 1 5.20295
0 0 0 0 1 5.21232
0 0 0 0 1 5.26389
0 0 0 0 1 5.34378
0 0 0 0 0 5.33764
0 0 0 0 1 5.29933
0 0 0 0 1 5.31429
0 0 0 0 1 5.43696
0 0 0 0 1 5.3566
0 0 0 0 1 5.44235
0 0 0 0 1 5.50142
0 0 0 0 1 5.44593
0 0 0 0 0 5.46285
0 0 0 0 1 5.5446
0 0 0 0 1 5.60079
0 0 0 0 1 5.56659
0 0 0 0 0 5.63434
0 0 0 0 1 5.57727
0 0 0 0 1 5.68497
0 0 0 0 1 5.72381
0 0 0 0 1 5.75312
0 0 0 0 1 5.7523
0 0 0 0 0 5.72994
0 0 0 0 0 5.8344
0 0 0 0 0 5.85258
0 0 0 0 1 5.85746
0 0 0 0 1 5.85214
0 0 0 0 0 5.9291
0 0 0 0 1 5.97705
0 0 0 0 0 5.96575
0 0 0 0 1 5.96013
0 0 0 0 1 5.95426
0 0 0 0 1 6.09321
0 0 0 0 1 6.13616
0 0 0 0 1 6.13661
0 0 0 0 1 6.16754
0 0 0 0 1 6.11372
0 0 0 0 1 9.57615
0 0 0 0 1 9.55718
0 0 0 0 1 9.41229
0 0 0 0 1 9.45668
0 0 0 0 1 9.30687
0 0 0 0 1 9.39796
0 0 0 0 1 9.24608
0 0 0 0 0 9.27773
0 0 0 0 1 9.30635
0 0 0 0 0 9.22078
0 0 0 0 0 9.15414
0 0 0 0 1 9.23463
0 0 0 0 1 9.04952
0 0 0 0 0 9.0478
0 0 0 0 1 9.14601
0 0 0 0 1 9.12588
0 0 0 0 1 9.01564
0 0 0 0 1 9.04677
0 0 0 0 1 9.04509
0 0 0 0 0 8.99543
0 0 0 0 1 8.98502
0 0 0 0 1 8.86795
0 0 0 0 1 8.92898
0 0 0 0 1 8.91009
0 0 0 0 1 8.74695
0 0 0 0 1 8.82548
0 0 0 0 1 8.7984
0 0 0 0 0 8.7735
0 0 0 0 0 8.73805
0 0 0 0 1 8.76903
0 0 0 0 1 8.75989
0 0 0 0 0 8.73016
0 0 0 0 1 8.54875
0 0 0 0 1 8.64885
0 0 0 0 1 8.49451
0 0 0 0 1 8.58573
0 0 0 0 1 8.62028
0 0 0 0 1 8.54905
0 0 0 0 1 8.41024
0 0 0 0 1 8.49248
0 0 0 0 1 8.4391
0 0 0 0 1 8.37759
0 0 0 0 1 8.37899
0 0 0 0 1 8.47753
0 0 0 0 1 8.30771
0 0 0 0 1 8.32254
0 0 0 0 1 8.37072
0 0 0 0 1 8.32265
0 0 0 0 1 8.22142
0 0 0 0 1 8.33593
0 0 0 0 1 8.25624
0 0 0 0 1 8.18895
0 0 0 0 1 8.23723
0 0 0 0 1 8.27718
0 0 0 0 1 8.13677
0 0 0 0 1 8.13604
0 0 0 0 0 8.217
0 0 0 0 0 8.20815
0 0 0 0 1 8.20755
0 0 0 0 0 8.14217
0 0 0 0 1 8.0205
0 0 0 0 1 8.03672
0 0 0 0 1 7.9885
0 0 0 0 1 8.00887
0 0 0 0 1 7.96104
0 0 0 0 0 7.9536
0 0 0 0 1 8.06633
0 0 0 0 0 7.90718
0 0 0 0 1 7.91191
0 0 0 0 0 7.96872
0 0 0 0 1 7.93803
0 0 0 0 1 7.90757
0 0 0 0 1 7.90109
0 0 0 0 1 7.86668
0 0 0 0 1 7.82895
0 0 0 0 0 7.83087
0 0 0 0 1 7.93073
0 0 0 0 1 7.83397
0 0 0 0 0 7.8362
0 0 0 0 0 7.80723
0 0 0 0 1 7.80195
0 0 0 0 0 7.80004
0 0 0 0 1 7.74826
0 0 0 0 1 7.76683
0 0 0 0 0 7.78859
0 0 0 0 1 7.82282
0 0 0 0 1 7.72837
