0 0 0 0 1 5.58063
0 0 0 0 0 5.52866
0 0 0 0 1 5.52117
0 0 0 0 0 5.51623
0 0 0 0 1 5.58702
0 0 0 0 1 5.61904
0 0 0 0 1 5.57754
0 0 0 0 1 5.55933
0 0 0 0 1 5.62201
0 0 0 0 0 5.64335
0 0 0 0 1 5.62544
0 0 0 0 1 5.60194
0 0 0 0 1 5.65406
0 0 0 0 0 5.64767
0 0 0 0 1 5.70941
0 0 0 0 1 5.72804
0 0 0 0 1 5.72771
0 0 0 0 1 5.6648
0 0 0 0 0 5.7559
0 0 0 0 1 5.67399
0 0 0 0 1 5.66815
0 0 0 0 1 5.69678
0 0 0 0 1 5.80035
0 0 0 0 1 5.75466
0 0 0 0 1 5.7626
0 0 0 0 1 5.75728
0 0 0 0 1 5.73463
0 0 0 0 0 5.79904
0 0 0 0 1 5.82308
0 0 0 0 1 5.84729
0 0 0 0 1 5.80158
0 0 0 0 1 5.8744
0 0 0 0 1 5.88886
0 0 0 0 1 5.85491
0 0 0 0 1 5.86208
0 0 0 0 1 5.83984
0 0 0 0 1 5.96537
0 0 0 0 0 5.97895
0 0 0 0 1 5.88575
0 0 0 0 0 5.93504
0 0 0 0 1 5.92495
0 0 0 0 0 6.01056
0 0 0 0 1 6.04991
0 0 0 0 1 5.9441
0 0 0 0 1 6.06654
0 0 0 0 0 6.08101
0 0 0 0 1 6.07629
0 0 0 0 0 6.01211
0 0 0 0 1 6.07537
0 0 0 0 1 6.09021
0 0 0 0 1 6.05016
0 0 0 0 1 6.14473
0 0 0 0 0 6.10975
0 0 0 0 1 6.11989
0 0 0 0 1 6.23396
0 0 0 0 1 6.2125
0 0 0 0 1 6.14753
0 0 0 0 0 6.16833
0 0 0 0 1 6.30261
0 0 0 0 1 6.31873
0 0 0 0 1 6.27134
0 0 0 0 0 6.28753
0 0 0 0 1 6.34168
0 0 0 0 1 6.28857
0 0 0 0 1 6.34938
0 0 0 0 1 6.42248
0 0 0 0 1 6.4266
0 0 0 0 1 6.46843
0 0 0 0 1 6.3764
0 0 0 0 1 6.48277
0 0 0 0 1 6.43544
0 0 0 0 1 6.43894
0 0 0 0 0 6.44972
0 0 0 0 1 6.53226
0 0 0 0 0 6.56294
0 0 0 0 0 6.50789
0 0 0 0 0 6.53144
0 0 0 0 1 6.66143
0 0 0 0 1 6.63265
0 0 0 0 1 6.61694
0 0 0 0 1 6.66783
0 0 0 0 1 6.62591
0 0 0 0 1 6.75153
0 0 0 0 1 6.76289
0 0 0 0 0 6.7067
0 0 0 0 0 6.79255
0 0 0 0 1 6.85175
0 0 0 0 1 6.89768
0 0 0 0 1 6.88901
0 0 0 0 1 6.82512
0 0 0 0 1 6.89205
0 0 0 0 1 6.97373
0 0 0 0 1 6.96501
0 0 0 0 1 6.91426
0 0 0 0 1 7.04534
0 0 0 0 1 7.05067
0 0 0 0 1 7.05553
0 0 0 0 1 7.11756
0 0 0 0 0 7.0945
0 0 0 0 1 7.08549
0 0 0 0 1 7.1194
0 0 0 0 1 7.23992
0 0 0 0 1 7.29584
0 0 0 0 1 7.29436
0 0 0 0 1 7.35805
0 0 0 0 1 7.31262
0 0 0 0 1 7.31043
0 0 0 0 0 7.3238
0 0 0 0 1 7.47717
0 0 0 0 0 7.50513
0 0 0 0 0 7.47371
0 0 0 0 1 7.44146
0 0 0 0 1 7.6051
0 0 0 0 1 7.64111
0 0 0 0 0 7.57864
0 0 0 0 1 7.714
0 0 0 0 1 7.75819
0 0 0 0 1 7.66355
0 0 0 0 1 7.83948
0 0 0 0 1 7.73614
0 0 0 0 1 7.81231
0 0 0 0 1 7.89635
0 0 0 0 1 7.87776
0 0 0 0 1 7.93074
0 0 0 0 1 8.03946
0 0 0 0 1 7.99694
0 0 0 0 1 8.01027
0 0 0 0 1 8.14507
0 0 0 0 1 8.1012
0 0 0 0 1 8.2537
0 0 0 0 1 8.20939
0 0 0 0 1 8.27188
0 0 0 0 0 8.38523
0 0 0 0 0 8.28143
0 0 0 0 1 8.40323
0 0 0 0 1 8.47529
0 0 0 0 1 8.52229
0 0 0 0 1 8.47537
0 0 0 0 1 8.60027
0 0 0 0 1 8.57857
0 0 0 0 1 8.65971
0 0 0 0 1 8.79463
0 0 0 0 0 8.71883
0 0 0 0 1 8.87337
0 0 0 0 1 8.95645
0 0 0 0 1 8.89686
0 0 0 0 1 9.07017
0 0 0 0 1 9.13638
0 0 0 0 0 9.10354
0 0 0 0 1 9.10556
0 0 0 0 1 9.31928
0 0 0 0 0 9.23803
0 0 0 0 0 9.26848
0 0 0 0 1 9.49384
0 0 0 0 1 9.39158
0 0 0 0 1 9.55278
0 0 0 0 1 9.68674
0 0 0 0 1 9.5914
0 0 0 0 1 9.72602
0 0 0 0 0 9.84221
0 0 0 0 1 9.8312
0 0 0 0 1 9.81092
0 0 0 0 1 9.93631
0 0 0 0 1 10.1145
0 0 0 0 0 10.0295
0 0 0 0 0 10.1889
0 0 0 0 1 10.3584
0 0 0 0 1 10.2913
0 0 0 0 1 10.3285
0 0 0 0 1 10.4685
0 0 0 0 1 10.5989
0 0 0 0 1 10.6538
0 0 0 0 0 10.6461
0 0 0 0 1 10.8624
0 0 0 0 1 9.23145
0 0 0 0 1 9.2632
0 0 0 0 1 9.35524
0 0 0 0 1 9.22038
0 0 0 0 1 9.12781
0 0 0 0 1 9.18743
0 0 0 0 1 9.11384
0 0 0 0 1 9.12763
0 0 0 0 0 9.05462
0 0 0 0 0 9.05957
0 0 0 0 1 9.06904
0 0 0 0 0 9.15579
0 0 0 0 0 9.02029
0 0 0 0 1 9.12041
0 0 0 0 1 9.00841
0 0 0 0 1 8.98229
0 0 0 0 1 8.9252
0 0 0 0 1 8.90849
0 0 0 0 1 8.95454
0 0 0 0 1 8.84872
0 0 0 0 1 8.88192
0 0 0 0 1 8.94582
0 0 0 0 1 8.80543
0 0 0 0 1 8.77196
0 0 0 0 0 8.88906
0 0 0 0 0 8.78127
0 0 0 0 1 8.84526
0 0 0 0 1 8.77721
0 0 0 0 1 8.78851
0 0 0 0 1 8.79112
0 0 0 0 1 8.81132
0 0 0 0 1 8.70565
0 0 0 0 1 8.63028
0 0 0 0 1 8.72933
0 0 0 0 1 8.77603
0 0 0 0 0 8.62318
0 0 0 0 0 8.71345
0 0 0 0 1 8.63059
0 0 0 0 0 8.66037
0 0 0 0 0 8.6988
0 0 0 0 0 8.67698
0 0 0 0 1 8.62097
0 0 0 0 1 8.57384
0 0 0 0 1 8.50984
0 0 0 0 1 8.54885
0 0 0 0 1 8.60497
0 0 0 0 1 8.519
0 0 0 0 0 8.60083
0 0 0 0 1 8.54983
0 0 0 0 1 8.67384
0 0 0 0 1 8.85097
0 0 0 0 1 8.97672
0 0 0 0 1 9.15693
0 0 0 0 1 9.24678
0 0 0 0 1 9.29755
0 0 0 0 0 9.45043
0 0 0 0 1 9.74881
0 0 0 0 1 9.80595
0 0 0 0 1 9.94975
0 0 0 0 1 10.0823
0 0 0 0 1 10.338
0 0 0 0 1 10.6584
0 0 0 0 0 10.6945
0 0 0 0 1 10.8871
0 0 0 0 1 11.0906
0 0 0 0 0 11.4403
0 0 0 0 1 11.6547
0 0 0 0 1 11.926
0 0 0 0 1 11.9819
0 0 0 0 1 12.3333
0 0 0 0 1 12.5102
0 0 0 0 1 12.7705
0 0 0 0 0 22.8191
0 0 0 0 1 22.732
0 0 0 0 1 22.6437
0 0 0 0 1 22.6484
0 0 0 0 0 22.6082
0 0 0 0 1 22.4326
0 0 0 0 1 22.8232
0 0 0 0 0 22.8294
0 0 0 0 1 22.6101
0 0 0 0 1 22.4367
0 0 0 0 1 22.7602
0 0 0 0 1 22.4975
0 0 0 0 1 22.5524
0 0 0 0 1 22.4486
0 0 0 0 1 22.6604
0 0 0 0 1 22.5125
0 0 0 0 1 22.3877
0 0 0 0 1 22.6678
0 0 0 0 1 23.3388
0 0 0 0 1 23.9549
0 0 0 0 1 25.2185
0 0 0 0 1 26.0026
0 0 0 0 1 36.7454
0 0 0 0 0 36.7303
0 0 0 0 1 36.7158
0 0 0 0 1 36.1929
0 0 0 0 1 36.5745
0 0 0 0 1 38.2566
0 0 0 0 1 52.275
0 0 0 0 1 52.1032
0 0 0 0 1 51.8291
0 0 0 0 1 52.4399
0 0 0 0 1 52.3753
0 0 0 0 0 56.8926
0 0 0 0 1 66.0517
0 0 0 0 1 70.2212
0 0 0 0 1 81.5646
0 0 0 0 0 5.01501
0 0 0 0 0 5.00499
0 0 0 0 0 4.97994
0 0 0 0 0 4.9599
0 0 0 0 0 4.96491
0 0 0 0 0 5.04507
0 0 0 0 0 5.00499
0 0 0 0 0 5.01501
0 0 0 0 0 4.97994
0 0 0 0 0 5.01501
0 0 0 0 0 4.97493
0 0 0 0 0 4.96491
0 0 0 0 1 86.8901
0 0 0 0 1 87.0743
0 0 0 0 0 74.5437
0 0 0 0 1 64.4774
0 0 0 0 1 60.4659
0 0 0 0 0 60.1138
0 0 0 0 1 60.0045
0 0 0 0 1 51.2613
0 0 0 0 0 48.419
0 0 0 0 1 47.7595
0 0 0 0 0 39.4313
0 0 0 0 1 36.7093
0 0 0 0 0 35.4538
0 0 0 0 1 35.7514
0 0 0 0 1 35.585
0 0 0 0 1 35.5986
0 0 0 0 0 28.2183
0 0 0 0 1 26.5355
0 0 0 0 1 25.5366
0 0 0 0 1 24.5161
0 0 0 0 1 24.5278
0 0 0 0 1 24.4167
0 0 0 0 1 24.5514
0 0 0 0 1 24.8358
0 0 0 0 1 24.7014
0 0 0 0 1 24.7402
0 0 0 0 1 24.6066
0 0 0 0 1 24.7452
0 0 0 0 1 24.6852
0 0 0 0 1 18.2545
0 0 0 0 1 17.7388
0 0 0 0 1 17.2433
0 0 0 0 1 16.5772
0 0 0 0 1 16.2773
0 0 0 0 0 15.816
0 0 0 0 1 15.6093
0 0 0 0 1 15.1817
0 0 0 0 1 14.8015
0 0 0 0 1 14.5673
0 0 0 0 1 14.1554
0 0 0 0 1 13.9287
0 0 0 0 1 14.0239
0 0 0 0 1 13.9944
0 0 0 0 1 13.9372
0 0 0 0 1 14.0055
0 0 0 0 1 13.9368
0 0 0 0 0 13.9918
0 0 0 0 0 14.0192
0 0 0 0 1 13.9769
0 0 0 0 1 13.951
0 0 0 0 1 13.9791
0 0 0 0 1 13.9794
0 0 0 0 1 13.9518
0 0 0 0 1 14.0253
0 0 0 0 1 14.139
0 0 0 0 1 14.2249
0 0 0 0 1 14.0174
0 0 0 0 1 14.0049
0 0 0 0 1 14.0068
0 0 0 0 1 14.054
0 0 0 0 0 14.1415
0 0 0 0 1 14.3031
0 0 0 0 1 14.2635
0 0 0 0 0 14.1699
0 0 0 0 1 14.3728
0 0 0 0 1 14.4224
0 0 0 0 0 14.4122
0 0 0 0 1 14.3908
0 0 0 0 1 14.2375
0 0 0 0 1 8.90536
0 0 0 0 1 8.79933
0 0 0 0 1 8.51267
0 0 0 0 1 8.41828
0 0 0 0 1 8.35739
0 0 0 0 0 8.32049
0 0 0 0 1 8.16052
0 0 0 0 1 8.13854
0 0 0 0 1 8.02024
0 0 0 0 1 7.95798
0 0 0 0 1 7.81075
0 0 0 0 1 7.76391
0 0 0 0 1 7.60327
0 0 0 0 1 7.57292
0 0 0 0 1 7.42196
0 0 0 0 1 7.47417
0 0 0 0 1 7.37547
0 0 0 0 0 7.19239
0 0 0 0 0 7.11202
0 0 0 0 1 7.05323
0 0 0 0 0 6.99427
0 0 0 0 1 6.94431
0 0 0 0 1 6.82998
0 0 0 0 1 6.81435
0 0 0 0 1 6.7101
0 0 0 0 1 6.64021
0 0 0 0 1 6.69654
0 0 0 0 1 6.54059
0 0 0 0 0 6.55564
0 0 0 0 0 6.39791
0 0 0 0 1 6.43122
0 0 0 0 1 6.38331
0 0 0 0 0 6.24121
0 0 0 0 1 6.18789
0 0 0 0 1 6.20874
0 0 0 0 1 6.05712
0 0 0 0 1 6.07108
0 0 0 0 1 5.98458
0 0 0 0 0 5.91991
0 0 0 0 1 5.94132
0 0 0 0 1 5.92358
0 0 0 0 0 5.79771
0 0 0 0 1 5.82353
0 0 0 0 1 5.69343
0 0 0 0 1 5.70411
0 0 0 0 1 5.60408
0 0 0 0 0 5.65623
0 0 0 0 1 5.54892
0 0 0 0 1 5.54455
0 0 0 0 1 5.43559
0 0 0 0 1 5.42563
0 0 0 0 1 5.36985
0 0 0 0 1 5.34662
0 0 0 0 0 5.32017
0 0 0 0 1 5.25976
0 0 0 0 0 5.20716
0 0 0 0 1 5.16321
0 0 0 0 1 5.14539
0 0 0 0 1 5.09657
0 0 0 0 1 5.12476
0 0 0 0 0 5.11334
0 0 0 0 1 4.98906
0 0 0 0 1 5.05967
0 0 0 0 1 5.01129
0 0 0 0 0 4.92363
0 0 0 0 1 4.95968
0 0 0 0 0 4.86309
0 0 0 0 1 4.83864
0 0 0 0 1 4.77719
0 0 0 0 1 4.86315
0 0 0 0 0 4.81222
0 0 0 0 1 4.85888
0 0 0 0 1 4.84267
0 0 0 0 1 4.88378
0 0 0 0 1 4.94092
0 0 0 0 1 4.94446
0 0 0 0 1 4.97758
0 0 0 0 1 4.93556
0 0 0 0 1 4.93906
0 0 0 0 1 4.98735
0 0 0 0 1 5.01475
0 0 0 0 1 5.04355
0 0 0 0 0 5.07254
0 0 0 0 1 4.99574
0 0 0 0 0 5.01964
0 0 0 0 0 5.04876
0 0 0 0 1 5.1342
0 0 0 0 1 5.16902
0 0 0 0 1 5.11018
0 0 0 0 1 5.16051
0 0 0 0 1 5.18531
0 0 0 0 1 5.23622
0 0 0 0 1 5.25096
0 0 0 0 1 5.27623
0 0 0 0 1 5.28588
0 0 0 0 1 5.31136
0 0 0 0 0 5.25366
0 0 0 0 0 5.35892
0 0 0 0 1 5.37946
0 0 0 0 1 5.31429
0 0 0 0 1 5.3939
0 0 0 0 1 5.3566
0 0 0 0 1 5.38803
0 0 0 0 0 5.47961
0 0 0 0 1 5.42404
0 0 0 0 0 5.46836
0 0 0 0 1 5.55564
0 0 0 0 0 5.57303
0 0 0 0 1 5.6056
0 0 0 0 1 5.62314
0 0 0 0 1 5.58289
0 0 0 0 1 5.68497
0 0 0 0 1 5.70112
0 0 0 0 0 5.71891
0 0 0 0 0 5.78092
0 0 0 0 0 5.79898
0 0 0 0 1 5.72454
0 0 0 0 0 5.84095
0 0 0 0 1 5.77578
0 0 0 0 1 5.86974
0 0 0 0 1 5.83481
0 0 0 0 1 5.92966
0 0 0 0 1 6.01338
0 0 0 0 0 5.99005
0 0 0 0 1 5.97831
0 0 0 0 1 5.9844
0 0 0 0 1 6.12401
0 0 0 0 1 6.14882
0 0 0 0 1 6.19209
0 0 0 0 1 6.22488
0 0 0 0 1 9.55711
0 0 0 0 0 9.5003
0 0 0 0 0 9.36504
0 0 0 0 1 9.34366
0 0 0 0 0 9.2881
0 0 0 0 1 9.41666
0 0 0 0 1 9.28337
0 0 0 0 1 9.22196
0 0 0 0 1 9.24153
0 0 0 0 1 9.27616
0 0 0 0 0 9.13573
0 0 0 0 0 9.25298
0 0 0 0 0 9.19577
0 0 0 0 0 9.10247
0 0 0 0 1 9.17325
0 0 0 0 1 9.0444
0 0 0 0 1 9.04271
0 0 0 0 1 8.98376
0 0 0 0 0 8.88357
0 0 0 0 1 8.92382
0 0 0 0 1 8.86903
0 0 0 0 0 8.83238
0 0 0 0 1 8.95558
0 0 0 0 1 8.8217
0 0 0 0 1 8.86158
0 0 0 0 1 8.86064
0 0 0 0 1 8.67571
0 0 0 0 1 8.81723
0 0 0 0 1 8.79037
0 0 0 0 1 8.78643
0 0 0 0 1 8.64714
0 0 0 0 1 8.66959
0 0 0 0 0 8.55738
0 0 0 0 1 8.62304
0 0 0 0 1 8.51167
0 0 0 0 1 8.63709
0 0 0 0 1 8.56053
0 0 0 0 1 8.48944
0 0 0 0 1 8.44422
0 0 0 0 1 8.53486
0 0 0 0 0 8.40528
0 0 0 0 1 8.46196
0 0 0 0 1 8.47994
0 0 0 0 1 8.35163
0 0 0 0 1 8.45008
0 0 0 0 1 8.41445
0 0 0 0 1 8.34571
0 0 0 0 1 8.28108
0 0 0 0 0 8.36245
0 0 0 0 0 8.2697
0 0 0 0 1 8.32236
0 0 0 0 0 8.1807
0 0 0 0 1 8.27838
0 0 0 0 1 8.24433
0 0 0 0 1 8.14496
0 0 0 0 0 8.15239
0 0 0 0 1 8.07828
0 0 0 0 1 8.17558
0 0 0 0 1 8.10191
0 0 0 0 1 8.06918
0 0 0 0 1 8.11762
0 0 0 0 0 8.00442
0 0 0 0 1 8.00462
0 0 0 0 1 8.08936
0 0 0 0 1 7.96908
0 0 0 0 1 8.0899
0 0 0 0 0 7.92229
0 0 0 0 1 7.93114
0 0 0 0 1 7.96774
0 0 0 0 1 7.88911
0 0 0 0 1 8.01749
0 0 0 0 1 8.00274
0 0 0 0 1 7.93276
0 0 0 0 1 7.85087
0 0 0 0 1 7.97101
0 0 0 0 1 7.94116
0 0 0 0 1 7.89139
0 0 0 0 0 7.87326
0 0 0 0 1 7.85973
0 0 0 0 1 7.82289
0 0 0 0 1 7.74722
0 0 0 0 1 7.78443
0 0 0 0 1 7.71708
0 0 0 0 1 7.71236
0 0 0 0 1 7.80414
0 0 0 0 1 7.81506
0 0 0 0 1 7.77488
