0 0 0 0 1 5.52515
0 0 0 0 1 5.58423
0 0 0 0 1 5.5323
0 0 0 0 1 5.62767
0 0 0 0 0 5.53679
0 0 0 0 1 5.63022
0 0 0 0 1 5.64468
0 0 0 0 1 5.6546
0 0 0 0 1 5.57713
0 0 0 0 0 5.64897
0 0 0 0 1 5.58039
0 0 0 0 1 5.69784
0 0 0 0 1 5.60887
0 0 0 0 1 5.70992
0 0 0 0 1 5.6357
0 0 0 0 1 5.67127
0 0 0 0 1 5.73909
0 0 0 0 1 5.74458
0 0 0 0 1 5.6988
0 0 0 0 1 5.67971
0 0 0 0 1 5.76548
0 0 0 0 1 5.7312
0 0 0 0 1 5.70263
0 0 0 0 1 5.73162
0 0 0 0 1 5.7453
0 0 0 0 1 5.73415
0 0 0 0 1 5.78097
0 0 0 0 1 5.85709
0 0 0 0 1 5.86961
0 0 0 0 1 5.81231
0 0 0 0 1 5.8191
0 0 0 0 1 5.82174
0 0 0 0 1 5.883
0 0 0 0 1 5.84904
0 0 0 0 1 5.90916
0 0 0 0 1 5.86934
0 0 0 0 0 5.93581
0 0 0 0 1 5.97303
0 0 0 0 1 5.99265
0 0 0 0 1 5.97076
0 0 0 0 1 5.93092
0 0 0 0 1 6.01056
0 0 0 0 1 5.98402
0 0 0 0 0 6.06418
0 0 0 0 0 6.02441
0 0 0 0 1 6.04482
0 0 0 0 0 6.04603
0 0 0 0 1 6.10311
0 0 0 0 1 6.13619
0 0 0 0 1 6.09021
0 0 0 0 0 6.15406
0 0 0 0 0 6.13861
0 0 0 0 1 6.14048
0 0 0 0 0 6.19993
0 0 0 0 1 6.23396
0 0 0 0 1 6.18156
0 0 0 0 0 6.14753
0 0 0 0 1 6.26792
0 0 0 0 1 6.21525
0 0 0 0 1 6.21864
0 0 0 0 0 6.29017
0 0 0 0 1 6.26235
0 0 0 0 0 6.25965
0 0 0 0 1 6.26327
0 0 0 0 1 6.36206
0 0 0 0 0 6.30791
0 0 0 0 0 6.33087
0 0 0 0 1 6.34675
0 0 0 0 1 6.44061
0 0 0 0 1 6.48277
0 0 0 0 1 6.42252
0 0 0 0 1 6.43246
0 0 0 0 1 6.47572
0 0 0 0 1 6.55833
0 0 0 0 1 6.58255
0 0 0 0 1 6.6063
0 0 0 0 1 6.55119
0 0 0 0 0 6.569
0 0 0 0 0 6.60615
0 0 0 0 1 6.70339
0 0 0 0 0 6.64781
0 0 0 0 1 6.67276
0 0 0 0 1 6.7381
0 0 0 0 1 6.75616
0 0 0 0 1 6.82163
0 0 0 0 1 6.71791
0 0 0 0 1 6.74959
0 0 0 0 1 6.8635
0 0 0 0 0 6.88901
0 0 0 0 1 6.81823
0 0 0 0 1 6.84366
0 0 0 0 1 6.86975
0 0 0 0 1 6.90935
0 0 0 0 1 6.9422
0 0 0 0 0 6.96121
0 0 0 0 1 7.10696
0 0 0 0 0 7.11916
0 0 0 0 1 7.11756
0 0 0 0 1 7.10874
0 0 0 0 1 7.16414
0 0 0 0 1 7.20552
0 0 0 0 1 7.23992
0 0 0 0 1 7.30308
0 0 0 0 1 7.28709
0 0 0 0 0 7.32886
0 0 0 0 0 7.31995
0 0 0 0 0 7.31043
0 0 0 0 1 7.39762
0 0 0 0 1 7.35848
0 0 0 0 1 7.46041
0 0 0 0 1 7.54852
0 0 0 0 0 7.54669
0 0 0 0 1 7.58244
0 0 0 0 0 7.51212
0 0 0 0 1 7.65481
0 0 0 0 1 7.714
0 0 0 0 1 7.62747
0 0 0 0 0 7.7717
0 0 0 0 0 7.81619
0 0 0 0 1 7.83752
0 0 0 0 1 7.90624
0 0 0 0 1 7.89635
0 0 0 0 1 7.88566
0 0 0 0 0 7.86717
0 0 0 0 1 7.94356
0 0 0 0 1 8.03708
0 0 0 0 1 8.0264
0 0 0 0 0 8.08023
0 0 0 0 1 8.0686
0 0 0 0 1 8.13088
0 0 0 0 1 8.27526
0 0 0 0 1 8.27188
0 0 0 0 1 8.37691
0 0 0 0 1 8.30652
0 0 0 0 1 8.40323
0 0 0 0 1 8.41608
0 0 0 0 1 8.47125
0 0 0 0 1 8.54379
0 0 0 0 1 8.60027
0 0 0 0 1 8.66496
0 0 0 0 1 8.64232
0 0 0 0 1 8.7247
0 0 0 0 0 8.74522
0 0 0 0 1 8.85569
0 0 0 0 1 8.96534
0 0 0 0 1 8.96846
0 0 0 0 0 8.94407
0 0 0 0 1 9.02761
0 0 0 0 1 9.18556
0 0 0 0 0 9.22476
0 0 0 0 1 9.20856
0 0 0 0 1 9.35872
0 0 0 0 1 9.26848
0 0 0 0 0 9.41864
0 0 0 0 0 9.40104
0 0 0 0 0 9.54325
0 0 0 0 1 9.61961
0 0 0 0 1 9.6879
0 0 0 0 1 9.62886
0 0 0 0 1 9.86177
0 0 0 0 1 9.80164
0 0 0 0 1 9.84065
0 0 0 0 1 9.92632
0 0 0 0 1 10.1246
0 0 0 0 1 10.222
0 0 0 0 1 10.0972
0 0 0 0 1 10.1837
0 0 0 0 1 10.4259
0 0 0 0 0 10.3494
0 0 0 0 1 10.563
0 0 0 0 1 10.6624
0 0 0 0 1 10.6432
0 0 0 0 1 10.8179
0 0 0 0 1 10.8624
0 0 0 0 1 9.38965
0 0 0 0 1 9.21679
0 0 0 0 1 9.31819
0 0 0 0 1 9.28505
0 0 0 0 1 9.28455
0 0 0 0 0 9.18743
0 0 0 0 1 9.19644
0 0 0 0 1 9.06354
0 0 0 0 1 9.09117
0 0 0 0 1 9.15982
0 0 0 0 1 9.11452
0 0 0 0 0 9.09227
0 0 0 0 0 8.98406
0 0 0 0 1 9.08425
0 0 0 0 1 9.08957
0 0 0 0 0 8.98229
0 0 0 0 0 8.99703
0 0 0 0 1 8.89056
0 0 0 0 1 9.02611
0 0 0 0 1 8.94694
0 0 0 0 1 8.8641
0 0 0 0 1 8.94582
0 0 0 0 0 8.83206
0 0 0 0 1 8.86942
0 0 0 0 1 8.80946
0 0 0 0 1 8.87835
0 0 0 0 1 8.86288
0 0 0 0 1 8.76842
0 0 0 0 1 8.72705
0 0 0 0 1 8.80865
0 0 0 0 1 8.73257
0 0 0 0 1 8.79297
0 0 0 0 1 8.76976
0 0 0 0 0 8.74673
0 0 0 0 1 8.68045
0 0 0 0 1 8.76198
0 0 0 0 0 8.62683
0 0 0 0 0 8.58735
0 0 0 0 1 8.68627
0 0 0 0 1 8.62983
0 0 0 0 0 8.55646
0 0 0 0 1 8.62957
0 0 0 0 0 8.51376
0 0 0 0 1 8.52698
0 0 0 0 1 8.54885
0 0 0 0 0 8.58788
0 0 0 0 0 8.45925
0 0 0 0 1 8.49854
0 0 0 0 1 8.50695
0 0 0 0 1 8.69124
0 0 0 0 1 8.85097
0 0 0 0 1 8.86921
0 0 0 0 1 9.01144
0 0 0 0 1 9.20059
0 0 0 0 1 9.4289
0 0 0 0 1 9.62208
0 0 0 0 0 9.69072
0 0 0 0 1 9.78626
0 0 0 0 1 10.0899
0 0 0 0 1 10.2249
0 0 0 0 1 10.4312
0 0 0 0 0 10.4473
0 0 0 0 0 10.8341
0 0 0 0 1 10.8433
0 0 0 0 0 11.0571
0 0 0 0 0 11.2926
0 0 0 0 0 11.6083
0 0 0 0 1 11.8078
0 0 0 0 1 12.1748
0 0 0 0 1 12.2471
0 0 0 0 1 12.4976
0 0 0 0 1 12.7191
0 0 0 0 1 22.7055
0 0 0 0 1 22.6185
0 0 0 0 1 22.9159
0 0 0 0 1 22.7617
0 0 0 0 1 22.5629
0 0 0 0 1 22.5911
0 0 0 0 1 22.778
0 0 0 0 0 22.8294
0 0 0 0 0 22.565
0 0 0 0 1 22.4818
0 0 0 0 1 22.512
0 0 0 0 1 22.3623
0 0 0 0 0 22.5524
0 0 0 0 1 22.4261
0 0 0 0 0 22.4354
0 0 0 0 0 22.58
0 0 0 0 0 22.7024
0 0 0 0 1 22.4207
0 0 0 0 1 23.2692
0 0 0 0 1 24.0755
0 0 0 0 1 25.2939
0 0 0 0 1 26.422
0 0 0 0 0 36.5269
0 0 0 0 1 36.3298
0 0 0 0 1 36.3156
0 0 0 0 0 36.4839
0 0 0 0 1 36.6837
0 0 0 0 1 38.2951
0 0 0 0 1 51.7543
0 0 0 0 1 52.1032
0 0 0 0 1 52.0893
0 0 0 0 0 51.5035
0 0 0 0 1 52.0632
0 0 0 0 0 56.1032
0 0 0 0 1 65.2007
0 0 0 0 1 69.2459
0 0 0 0 1 82.6281
0 0 0 0 0 4.99998
0 0 0 0 0 4.99497
0 0 0 0 0 4.9599
0 0 0 0 0 4.98495
0 0 0 0 0 4.96491
0 0 0 0 0 4.96992
0 0 0 0 0 5.03004
0 0 0 0 0 4.99497
0 0 0 0 0 4.9599
0 0 0 0 0 5.0601
0 0 0 0 0 5.0601
0 0 0 0 0 4.96491
0 0 0 0 1 88.2916
0 0 0 0 1 87.0743
0 0 0 0 1 74.5437
0 0 0 0 1 63.4559
0 0 0 0 1 60.4054
0 0 0 0 1 61.0219
0 0 0 0 1 60.3073
0 0 0 0 1 51.777
0 0 0 0 1 48.1311
0 0 0 0 1 48.1915
0 0 0 0 1 39.1956
0 0 0 0 1 37.0039
0 0 0 0 1 35.4538
0 0 0 0 1 35.7157
0 0 0 0 1 35.7635
0 0 0 0 1 35.5272
0 0 0 0 1 28.3586
0 0 0 0 1 26.5891
0 0 0 0 1 25.3827
0 0 0 0 1 24.5407
0 0 0 0 1 24.8725
0 0 0 0 1 24.8356
0 0 0 0 1 24.4282
0 0 0 0 1 24.5891
0 0 0 0 1 24.7755
0 0 0 0 0 24.8884
0 0 0 0 1 24.9525
0 0 0 0 1 24.6464
0 0 0 0 1 24.883
0 0 0 0 0 18.2909
0 0 0 0 1 17.5797
0 0 0 0 0 17.3293
0 0 0 0 1 16.6608
0 0 0 0 1 16.2773
0 0 0 0 0 15.9589
0 0 0 0 1 15.3615
0 0 0 0 0 14.9851
0 0 0 0 1 14.7277
0 0 0 0 1 14.5673
0 0 0 0 1 14.0144
0 0 0 0 0 13.9703
0 0 0 0 1 13.8849
0 0 0 0 1 13.8414
0 0 0 0 1 13.8397
0 0 0 0 1 13.8801
0 0 0 0 1 13.9648
0 0 0 0 1 14.0058
0 0 0 0 1 14.1031
0 0 0 0 0 13.9069
0 0 0 0 1 14.1051
0 0 0 0 1 13.9931
0 0 0 0 1 13.9513
0 0 0 0 1 13.9799
0 0 0 0 1 13.9831
0 0 0 0 1 14.1812
0 0 0 0 1 14.1121
0 0 0 0 1 14.2009
0 0 0 0 1 14.1463
0 0 0 0 1 14.2756
0 0 0 0 1 14.2524
0 0 0 0 1 14.0847
0 0 0 0 1 14.3315
0 0 0 0 1 14.3204
0 0 0 0 1 14.0987
0 0 0 0 1 14.1732
0 0 0 0 0 14.3225
0 0 0 0 1 14.212
0 0 0 0 0 14.4195
0 0 0 0 1 14.4096
0 0 0 0 1 8.8171
0 0 0 0 1 8.67736
0 0 0 0 1 8.55566
0 0 0 0 1 8.47774
0 0 0 0 1 8.4413
0 0 0 0 1 8.32878
0 0 0 0 1 8.24245
0 0 0 0 1 8.03337
0 0 0 0 1 8.04423
0 0 0 0 1 7.95798
0 0 0 0 0 7.74038
0 0 0 0 1 7.74846
0 0 0 0 1 7.58034
0 0 0 0 1 7.63338
0 0 0 0 1 7.42944
0 0 0 0 0 7.40757
0 0 0 0 1 7.30231
0 0 0 0 1 7.17066
0 0 0 0 1 7.15504
0 0 0 0 1 7.08161
0 0 0 0 1 7.0645
0 0 0 0 0 6.99302
0 0 0 0 1 6.87818
0 0 0 0 1 6.79389
0 0 0 0 1 6.77768
0 0 0 0 1 6.74061
0 0 0 0 1 6.62361
0 0 0 0 1 6.57342
0 0 0 0 0 6.56864
0 0 0 0 1 6.41081
0 0 0 0 1 6.41206
0 0 0 0 1 6.36431
0 0 0 0 1 6.25377
0 0 0 0 1 6.26882
0 0 0 0 1 6.22108
0 0 0 0 1 6.16113
0 0 0 0 1 6.08321
0 0 0 0 1 6.01469
0 0 0 0 1 6.00943
0 0 0 0 1 5.93539
0 0 0 0 1 5.83552
0 0 0 0 0 5.78023
0 0 0 0 1 5.74835
0 0 0 0 1 5.68195
0 0 0 0 1 5.69842
0 0 0 0 0 5.6718
0 0 0 0 1 5.62262
0 0 0 0 0 5.62127
0 0 0 0 1 5.47276
0 0 0 0 1 5.50682
0 0 0 0 1 5.4202
0 0 0 0 1 5.36985
0 0 0 0 1 5.3842
0 0 0 0 0 5.31484
0 0 0 0 0 5.32326
0 0 0 0 1 5.2544
0 0 0 0 0 5.23622
0 0 0 0 1 5.16093
0 0 0 0 1 5.13775
0 0 0 0 1 5.0685
0 0 0 0 1 5.06262
0 0 0 0 1 5.08985
0 0 0 0 1 5.00952
0 0 0 0 1 5.03122
0 0 0 0 0 4.98796
0 0 0 0 1 4.95968
0 0 0 0 1 4.83868
0 0 0 0 1 4.88237
0 0 0 0 0 4.81097
0 0 0 0 1 4.83426
0 0 0 0 1 4.78326
0 0 0 0 0 4.85404
0 0 0 0 1 4.83781
0 0 0 0 1 4.87891
0 0 0 0 0 4.87733
0 0 0 0 0 4.86099
0 0 0 0 1 4.97758
0 0 0 0 1 4.98002
0 0 0 0 1 4.96385
0 0 0 0 1 4.98238
0 0 0 0 1 5.02972
0 0 0 0 1 4.96842
0 0 0 0 1 4.98205
0 0 0 0 1 4.99574
0 0 0 0 1 5.03483
0 0 0 0 1 5.11485
0 0 0 0 1 5.06785
0 0 0 0 0 5.15365
0 0 0 0 1 5.08963
0 0 0 0 0 5.11927
0 0 0 0 0 5.18013
0 0 0 0 0 5.18427
0 0 0 0 1 5.17274
0 0 0 0 0 5.24483
0 0 0 0 1 5.28062
0 0 0 0 0 5.24807
0 0 0 0 1 5.29077
0 0 0 0 1 5.32699
0 0 0 0 1 5.33138
0 0 0 0 1 5.32502
0 0 0 0 1 5.37236
0 0 0 0 1 5.42693
0 0 0 0 0 5.41519
0 0 0 0 0 5.50687
0 0 0 0 1 5.42951
0 0 0 0 1 5.46285
0 0 0 0 1 5.57773
0 0 0 0 0 5.52863
0 0 0 0 1 5.59445
0 0 0 0 1 5.60633
0 0 0 0 0 5.66161
0 0 0 0 0 5.70757
0 0 0 0 1 5.71247
0 0 0 0 1 5.66189
0 0 0 0 1 5.71796
0 0 0 0 1 5.71269
0 0 0 0 0 5.84018
0 0 0 0 1 5.84676
0 0 0 0 1 5.82246
0 0 0 0 1 5.81696
0 0 0 0 1 5.88195
0 0 0 0 1 5.9652
0 0 0 0 1 5.92407
0 0 0 0 1 5.93021
0 0 0 0 0 5.96027
0 0 0 0 0 6.07507
0 0 0 0 1 6.03896
0 0 0 0 0 6.11829
0 0 0 0 0 6.1614
0 0 0 0 1 6.13225
0 0 0 0 0 9.46192
0 0 0 0 1 9.44341
0 0 0 0 1 9.42174
0 0 0 0 1 9.32482
0 0 0 0 1 9.41007
0 0 0 0 1 9.44472
0 0 0 0 1 9.23676
0 0 0 0 1 9.37999
0 0 0 0 1 9.19523
0 0 0 0 0 9.28539
0 0 0 0 0 9.10813
0 0 0 0 1 9.12459
0 0 0 0 1 9.05866
0 0 0 0 1 9.1207
0 0 0 0 0 9.14601
0 0 0 0 1 8.96292
0 0 0 0 1 8.97051
0 0 0 0 1 9.05577
0 0 0 0 1 9.02714
0 0 0 0 1 8.87907
0 0 0 0 0 8.84226
0 0 0 0 1 8.85906
0 0 0 0 1 8.85804
0 0 0 0 0 8.80402
0 0 0 0 1 8.79986
0 0 0 0 1 8.77274
0 0 0 0 1 8.7984
0 0 0 0 1 8.756
0 0 0 0 1 8.677
0 0 0 0 1 8.70814
0 0 0 0 1 8.61245
0 0 0 0 1 8.73016
0 0 0 0 1 8.54875
0 0 0 0 0 8.63164
0 0 0 0 1 8.57173
0 0 0 0 1 8.50013
0 0 0 0 1 8.61174
0 0 0 0 1 8.57459
0 0 0 0 1 8.50368
0 0 0 0 1 8.4162
0 0 0 0 1 8.42219
0 0 0 0 1 8.41134
0 0 0 0 0 8.36216
0 0 0 0 1 8.33484
0 0 0 0 1 8.4082
0 0 0 0 1 8.42281
0 0 0 0 1 8.37905
0 0 0 0 1 8.36422
0 0 0 0 1 8.32927
0 0 0 0 1 8.21176
0 0 0 0 1 8.33062
0 0 0 0 1 8.17246
0 0 0 0 1 8.29484
0 0 0 0 1 8.13758
0 0 0 0 1 8.2269
0 0 0 0 1 8.15239
0 0 0 0 0 8.24148
0 0 0 0 1 8.07786
0 0 0 0 1 8.04502
0 0 0 0 1 8.15839
0 0 0 0 1 8.08524
0 0 0 0 1 8.10134
0 0 0 0 1 7.99656
0 0 0 0 1 8.1135
0 0 0 0 1 7.98514
0 0 0 0 1 7.99369
0 0 0 0 1 8.05833
0 0 0 0 0 7.97108
0 0 0 0 0 7.89596
0 0 0 0 1 8.02445
0 0 0 0 1 7.99365
0 0 0 0 1 7.99481
0 0 0 0 1 7.97234
0 0 0 0 0 7.8904
0 0 0 0 1 7.94733
0 0 0 0 1 7.94116
0 0 0 0 0 7.89139
0 0 0 0 1 7.81826
0 0 0 0 1 7.85189
0 0 0 0 1 7.89337
0 0 0 0 1 7.80195
0 0 0 0 1 7.88593
0 0 0 0 0 7.76385
0 0 0 0 1 7.86022
0 0 0 0 1 7.70309
0 0 0 0 1 7.8073
0 0 0 0 1 7.79038
