0 0 0 0 1 5.51406
0 0 0 0 1 5.512
0 0 0 0 0 5.57683
0 0 0 0 1 5.5608
0 0 0 0 1 5.54795
0 0 0 0 0 5.54076
0 0 0 0 1 5.57754
0 0 0 0 1 5.63778
0 0 0 0 1 5.66129
0 0 0 0 0 5.67145
0 0 0 0 1 5.64797
0 0 0 0 1 5.63014
0 0 0 0 0 5.6823
0 0 0 0 1 5.69295
0 0 0 0 1 5.63003
0 0 0 0 0 5.72236
0 0 0 0 1 5.71065
0 0 0 0 1 5.71039
0 0 0 0 1 5.72735
0 0 0 0 0 5.72542
0 0 0 0 1 5.70822
0 0 0 0 1 5.74842
0 0 0 0 1 5.71413
0 0 0 0 1 5.70282
0 0 0 0 1 5.72222
0 0 0 0 0 5.8382
0 0 0 0 1 5.78676
0 0 0 0 1 5.81645
0 0 0 0 1 5.7649
0 0 0 0 1 5.86478
0 0 0 0 1 5.87169
0 0 0 0 1 5.83344
0 0 0 0 0 5.80097
0 0 0 0 1 5.90776
0 0 0 0 1 5.86796
0 0 0 0 1 5.95782
0 0 0 0 1 5.89443
0 0 0 0 1 5.95525
0 0 0 0 1 5.97484
0 0 0 0 1 5.9648
0 0 0 0 1 5.99058
0 0 0 0 1 5.94477
0 0 0 0 0 5.996
0 0 0 0 0 5.98613
0 0 0 0 1 5.9582
0 0 0 0 1 6.08101
0 0 0 0 1 6.07629
0 0 0 0 1 6.10918
0 0 0 0 1 6.0328
0 0 0 0 0 6.04754
0 0 0 0 1 6.17239
0 0 0 0 0 6.17536
0 0 0 0 0 6.16506
0 0 0 0 1 6.2184
0 0 0 0 0 6.23396
0 0 0 0 1 6.17537
0 0 0 0 1 6.24058
0 0 0 0 1 6.20567
0 0 0 0 1 6.26517
0 0 0 0 1 6.2374
0 0 0 0 0 6.3404
0 0 0 0 1 6.32529
0 0 0 0 0 6.37323
0 0 0 0 1 6.35184
0 0 0 0 1 6.31766
0 0 0 0 1 6.327
0 0 0 0 1 6.42022
0 0 0 0 0 6.46203
0 0 0 0 1 6.42777
0 0 0 0 1 6.49566
0 0 0 0 1 6.45482
0 0 0 0 1 6.52324
0 0 0 0 1 6.45622
0 0 0 0 0 6.46706
0 0 0 0 1 6.54333
0 0 0 0 1 6.61286
0 0 0 0 1 6.54461
0 0 0 0 1 6.59541
0 0 0 0 1 6.57302
0 0 0 0 1 6.58369
0 0 0 0 1 6.62111
0 0 0 0 0 6.74638
0 0 0 0 1 6.66428
0 0 0 0 1 6.77636
0 0 0 0 1 6.79459
0 0 0 0 1 6.83326
0 0 0 0 0 6.77683
0 0 0 0 1 6.79514
0 0 0 0 0 6.92331
0 0 0 0 1 6.87333
0 0 0 0 0 6.96117
0 0 0 0 0 6.97373
0 0 0 0 1 6.98589
0 0 0 0 1 6.91426
0 0 0 0 1 7.0173
0 0 0 0 1 7.08585
0 0 0 0 1 6.99897
0 0 0 0 1 7.10336
0 0 0 0 1 7.13724
0 0 0 0 1 7.18559
0 0 0 0 0 7.18399
0 0 0 0 0 7.15347
0 0 0 0 0 7.25241
0 0 0 0 1 7.23623
0 0 0 0 1 7.24856
0 0 0 0 1 7.29064
0 0 0 0 1 7.39877
0 0 0 0 1 7.42716
0 0 0 0 0 7.35848
0 0 0 0 1 7.49768
0 0 0 0 1 7.50363
0 0 0 0 1 7.58428
0 0 0 0 1 7.47671
0 0 0 0 1 7.63353
0 0 0 0 1 7.63958
0 0 0 0 1 7.61451
0 0 0 0 1 7.66592
0 0 0 0 1 7.7408
0 0 0 0 1 7.70753
0 0 0 0 1 7.73614
0 0 0 0 1 7.77317
0 0 0 0 1 7.83343
0 0 0 0 1 7.98849
0 0 0 0 0 7.89895
0 0 0 0 1 8.05544
0 0 0 0 1 8.07723
0 0 0 0 1 8.0748
0 0 0 0 1 8.12076
0 0 0 0 1 8.2316
0 0 0 0 1 8.15545
0 0 0 0 1 8.25056
0 0 0 0 1 8.23048
0 0 0 0 0 8.33532
0 0 0 0 0 8.33162
0 0 0 0 1 8.43688
0 0 0 0 1 8.50912
0 0 0 0 1 8.51378
0 0 0 0 1 8.53523
0 0 0 0 0 8.63464
0 0 0 0 0 8.70815
0 0 0 0 1 8.63363
0 0 0 0 1 8.79463
0 0 0 0 1 8.77162
0 0 0 0 1 8.91756
0 0 0 0 1 8.88529
0 0 0 0 1 8.95951
0 0 0 0 1 8.95308
0 0 0 0 1 9.11825
0 0 0 0 1 9.18556
0 0 0 0 1 9.14223
0 0 0 0 0 9.20856
0 0 0 0 1 9.34944
0 0 0 0 1 9.38049
0 0 0 0 0 9.42804
0 0 0 0 1 9.41995
0 0 0 0 1 9.48611
0 0 0 0 1 9.60043
0 0 0 0 1 9.58176
0 0 0 0 0 9.75517
0 0 0 0 1 9.81286
0 0 0 0 1 9.91
0 0 0 0 1 9.96948
0 0 0 0 1 10.0162
0 0 0 0 1 10.014
0 0 0 0 1 10.2017
0 0 0 0 1 10.1787
0 0 0 0 1 10.2043
0 0 0 0 1 10.3431
0 0 0 0 0 10.4119
0 0 0 0 1 10.4895
0 0 0 0 1 10.6518
0 0 0 0 0 10.5685
0 0 0 0 1 10.7105
0 0 0 0 1 10.8191
0 0 0 0 1 9.28728
0 0 0 0 1 9.21679
0 0 0 0 1 9.20704
0 0 0 0 1 9.18343
0 0 0 0 1 9.25689
0 0 0 0 1 9.2702
0 0 0 0 1 9.26986
0 0 0 0 1 9.1734
0 0 0 0 1 9.11858
0 0 0 0 1 9.05045
0 0 0 0 1 9.1691
0 0 0 0 1 9.16486
0 0 0 0 1 9.00218
0 0 0 0 1 9.11137
0 0 0 0 0 8.92725
0 0 0 0 0 8.91929
0 0 0 0 0 9.02397
0 0 0 0 1 8.91745
0 0 0 0 1 8.99927
0 0 0 0 1 8.93801
0 0 0 0 1 8.87301
0 0 0 0 0 8.90136
0 0 0 0 0 8.79655
0 0 0 0 0 8.94917
0 0 0 0 1 8.89791
0 0 0 0 1 8.83423
0 0 0 0 1 8.83645
0 0 0 0 1 8.77721
0 0 0 0 1 8.82363
0 0 0 0 1 8.84371
0 0 0 0 1 8.71507
0 0 0 0 1 8.72312
0 0 0 0 1 8.64771
0 0 0 0 1 8.61619
0 0 0 0 1 8.74128
0 0 0 0 1 8.62318
0 0 0 0 1 8.64415
0 0 0 0 1 8.63924
0 0 0 0 1 8.58266
0 0 0 0 0 8.61259
0 0 0 0 1 8.62533
0 0 0 0 1 8.53502
0 0 0 0 0 8.6425
0 0 0 0 0 8.48413
0 0 0 0 0 8.58308
0 0 0 0 0 8.51097
0 0 0 0 0 8.57875
0 0 0 0 1 8.53264
0 0 0 0 1 8.65273
0 0 0 0 0 8.73474
0 0 0 0 1 8.73625
0 0 0 0 1 8.90505
0 0 0 0 0 9.16602
0 0 0 0 1 9.22831
0 0 0 0 1 9.30693
0 0 0 0 1 9.48857
0 0 0 0 1 9.652
0 0 0 0 1 9.78626
0 0 0 0 1 9.95976
0 0 0 0 0 10.2453
0 0 0 0 1 10.2551
0 0 0 0 1 10.6267
0 0 0 0 1 10.716
0 0 0 0 1 10.9637
0 0 0 0 1 11.0571
0 0 0 0 1 11.2926
0 0 0 0 1 11.5968
0 0 0 0 1 11.7841
0 0 0 0 0 12.1024
0 0 0 0 1 12.2963
0 0 0 0 0 12.6108
0 0 0 0 1 12.8604
0 0 0 0 1 22.6828
0 0 0 0 1 22.891
0 0 0 0 1 22.8479
0 0 0 0 1 22.6257
0 0 0 0 1 22.4949
0 0 0 0 1 22.5458
0 0 0 0 1 22.4613
0 0 0 0 0 22.5582
0 0 0 0 1 22.4972
0 0 0 0 1 22.527
0 0 0 0 1 22.5346
0 0 0 0 1 22.768
0 0 0 0 1 22.5975
0 0 0 0 1 22.3811
0 0 0 0 1 22.3904
0 0 0 0 1 22.625
0 0 0 0 1 22.5451
0 0 0 0 1 22.3533
0 0 0 0 1 23.2692
0 0 0 0 1 24.0514
0 0 0 0 1 25.0929
0 0 0 0 1 26.0288
0 0 0 0 1 36.1991
0 0 0 0 1 36.5846
0 0 0 0 0 36.7522
0 0 0 0 1 36.3384
0 0 0 0 0 36.2834
0 0 0 0 1 38.1796
0 0 0 0 1 52.1188
0 0 0 0 1 52.1032
0 0 0 0 1 52.5576
0 0 0 0 1 52.4399
0 0 0 0 1 52.4273
0 0 0 0 1 56.8362
0 0 0 0 1 64.9388
0 0 0 0 1 69.2459
0 0 0 0 0 82.3009
0 0 0 0 0 5.03505
0 0 0 0 0 4.9599
0 0 0 0 0 4.99998
0 0 0 0 0 4.98996
0 0 0 0 0 5.02503
0 0 0 0 0 5.05509
0 0 0 0 0 5.04507
0 0 0 0 0 4.9599
0 0 0 0 0 4.99998
0 0 0 0 0 4.9599
0 0 0 0 0 4.97994
0 0 0 0 0 4.96992
0 0 0 0 0 86.8025
0 0 0 0 1 88.3883
0 0 0 0 1 74.9195
0 0 0 0 1 64.1582
0 0 0 0 1 60.4659
0 0 0 0 1 59.9322
0 0 0 0 0 60.9128
0 0 0 0 1 51.9833
0 0 0 0 0 48.3231
0 0 0 0 1 47.8555
0 0 0 0 0 39.3135
0 0 0 0 1 37.1144
0 0 0 0 0 35.7748
0 0 0 0 1 35.9655
0 0 0 0 0 35.8706
0 0 0 0 1 35.5986
0 0 0 0 1 27.9094
0 0 0 0 1 26.9643
0 0 0 0 1 25.434
0 0 0 0 1 24.5161
0 0 0 0 0 24.7986
0 0 0 0 1 24.6138
0 0 0 0 1 24.6253
0 0 0 0 0 24.5152
0 0 0 0 0 24.43
0 0 0 0 1 24.444
0 0 0 0 1 24.9031
0 0 0 0 1 24.4733
0 0 0 0 1 24.5615
0 0 0 0 0 18.2181
0 0 0 0 1 17.7211
0 0 0 0 0 17.1402
0 0 0 0 1 16.5604
0 0 0 0 1 16.3425
0 0 0 0 0 15.7207
0 0 0 0 1 15.6248
0 0 0 0 1 15.1514
0 0 0 0 1 14.6835
0 0 0 0 1 14.524
0 0 0 0 1 14.2118
0 0 0 0 1 13.7898
0 0 0 0 0 13.9961
0 0 0 0 1 13.7857
0 0 0 0 1 13.9093
0 0 0 0 1 13.8243
0 0 0 0 0 13.8252
0 0 0 0 1 14.1035
0 0 0 0 1 14.0472
0 0 0 0 0 14.0608
0 0 0 0 0 13.867
0 0 0 0 0 13.9791
0 0 0 0 1 13.9233
0 0 0 0 1 13.9659
0 0 0 0 1 14.166
0 0 0 0 0 13.9418
0 0 0 0 1 14.0557
0 0 0 0 1 14.1868
0 0 0 0 1 14.0049
0 0 0 0 1 14.1058
0 0 0 0 1 14.2524
0 0 0 0 0 14.0705
0 0 0 0 1 14.2463
0 0 0 0 0 14.1497
0 0 0 0 1 14.3123
0 0 0 0 1 14.1732
0 0 0 0 1 14.194
0 0 0 0 0 14.1691
0 0 0 0 1 14.262
0 0 0 0 1 14.2375
0 0 0 0 1 8.8877
0 0 0 0 1 8.72092
0 0 0 0 1 8.63305
0 0 0 0 1 8.44376
0 0 0 0 0 8.35739
0 0 0 0 1 8.36193
0 0 0 0 1 8.27522
0 0 0 0 0 8.14663
0 0 0 0 0 7.94028
0 0 0 0 1 7.83944
0 0 0 0 0 7.80293
0 0 0 0 1 7.75618
0 0 0 0 1 7.59562
0 0 0 0 1 7.58048
0 0 0 0 0 7.43691
0 0 0 0 1 7.37797
0 0 0 0 1 7.34621
0 0 0 0 1 7.28655
0 0 0 0 1 7.14787
0 0 0 0 1 7.14547
0 0 0 0 1 6.97321
0 0 0 0 0 6.88864
0 0 0 0 1 6.91949
0 0 0 0 0 6.78707
0 0 0 0 0 6.69659
0 0 0 0 1 6.63351
0 0 0 0 1 6.65013
0 0 0 0 1 6.60626
0 0 0 0 0 6.56864
0 0 0 0 1 6.50755
0 0 0 0 0 6.43761
0 0 0 0 1 6.37697
0 0 0 0 1 6.31656
0 0 0 0 1 6.26882
0 0 0 0 1 6.22726
0 0 0 0 1 6.15501
0 0 0 0 1 6.04075
0 0 0 0 0 6.05081
0 0 0 0 1 5.99749
0 0 0 0 1 5.93539
0 0 0 0 0 5.86487
0 0 0 0 0 5.79771
0 0 0 0 1 5.80039
0 0 0 0 1 5.76804
0 0 0 0 1 5.64155
0 0 0 0 1 5.67744
0 0 0 0 1 5.58902
0 0 0 0 1 5.51553
0 0 0 0 1 5.56664
0 0 0 0 1 5.44655
0 0 0 0 1 5.4202
0 0 0 0 1 5.44548
0 0 0 0 1 5.42177
0 0 0 0 1 5.35212
0 0 0 0 1 5.33914
0 0 0 0 1 5.23865
0 0 0 0 1 5.2623
0 0 0 0 1 5.20757
0 0 0 0 1 5.12231
0 0 0 0 1 5.13499
0 0 0 0 0 5.04232
0 0 0 0 1 5.05961
0 0 0 0 1 5.03961
0 0 0 0 1 4.99635
0 0 0 0 1 4.92858
0 0 0 0 1 4.92528
0 0 0 0 1 4.8875
0 0 0 0 1 4.83864
0 0 0 0 1 4.78684
0 0 0 0 0 4.77166
0 0 0 0 1 4.86531
0 0 0 0 1 4.8831
0 0 0 0 1 4.87184
0 0 0 0 1 4.89353
0 0 0 0 0 4.88222
0 0 0 0 1 4.91991
0 0 0 0 1 4.93322
0 0 0 0 0 4.9899
0 0 0 0 1 4.95393
0 0 0 0 1 4.98238
0 0 0 0 1 4.97982
0 0 0 0 1 5.02352
0 0 0 0 1 5.07254
0 0 0 0 1 5.03107
0 0 0 0 1 5.07536
0 0 0 0 1 5.0996
0 0 0 0 1 5.10868
0 0 0 0 1 5.09729
0 0 0 0 1 5.18208
0 0 0 0 1 5.20691
0 0 0 0 1 5.13356
0 0 0 0 1 5.16349
0 0 0 0 1 5.19882
0 0 0 0 1 5.18725
0 0 0 0 1 5.26486
0 0 0 0 1 5.32718
0 0 0 0 1 5.27486
0 0 0 0 1 5.28442
0 0 0 0 1 5.3581
0 0 0 0 1 5.31429
0 0 0 0 1 5.43696
0 0 0 0 1 5.41611
0 0 0 0 1 5.4858
0 0 0 0 1 5.40873
0 0 0 0 1 5.48972
0 0 0 0 1 5.48486
0 0 0 0 1 5.47833
0 0 0 0 1 5.57303
0 0 0 0 1 5.62788
0 0 0 0 1 5.64554
0 0 0 0 1 5.57727
0 0 0 0 1 5.62281
0 0 0 0 0 5.63305
0 0 0 0 1 5.75882
0 0 0 0 0 5.73513
0 0 0 0 1 5.79323
0 0 0 0 1 5.75345
0 0 0 0 0 5.83514
0 0 0 0 1 5.86329
0 0 0 0 1 5.82283
0 0 0 0 1 5.91142
0 0 0 0 1 5.98297
0 0 0 0 0 5.92407
0 0 0 0 0 6.03792
0 0 0 0 0 5.98433
0 0 0 0 1 6.03276
0 0 0 0 1 6.13616
0 0 0 0 1 6.06334
0 0 0 0 1 6.11231
0 0 0 0 1 6.13225
0 0 0 0 1 9.46192
0 0 0 0 1 9.57615
0 0 0 0 1 9.52569
0 0 0 0 1 9.43785
0 0 0 0 1 9.46636
0 0 0 0 1 9.40731
0 0 0 0 1 9.31133
0 0 0 0 1 9.25914
0 0 0 0 1 9.16745
0 0 0 0 1 9.13771
0 0 0 0 1 9.20934
0 0 0 0 1 9.1521
0 0 0 0 1 9.20491
0 0 0 0 0 9.06603
0 0 0 0 1 9.12784
0 0 0 0 1 9.03535
0 0 0 0 1 8.94344
0 0 0 0 1 9.04677
0 0 0 0 1 8.98228
0 0 0 0 1 8.90592
0 0 0 0 1 8.91364
0 0 0 0 0 8.85017
0 0 0 0 1 8.83144
0 0 0 0 1 8.81286
0 0 0 0 1 8.83513
0 0 0 0 1 8.73758
0 0 0 0 1 8.702
0 0 0 0 1 8.71227
0 0 0 0 0 8.68573
0 0 0 0 1 8.66464
0 0 0 0 1 8.60377
0 0 0 0 1 8.61768
0 0 0 0 1 8.64364
0 0 0 0 1 8.56279
0 0 0 0 1 8.65753
0 0 0 0 1 8.47445
0 0 0 0 1 8.44958
0 0 0 0 1 8.54905
0 0 0 0 0 8.50368
0 0 0 0 1 8.39077
0 0 0 0 1 8.37146
0 0 0 0 1 8.47883
0 0 0 0 1 8.34534
0 0 0 0 1 8.38521
0 0 0 0 1 8.39983
0 0 0 0 1 8.29747
0 0 0 0 1 8.38739
0 0 0 0 1 8.28108
0 0 0 0 1 8.30438
0 0 0 0 1 8.25315
0 0 0 0 1 8.34715
0 0 0 0 0 8.16421
0 0 0 0 1 8.23723
0 0 0 0 1 8.17043
0 0 0 0 1 8.13677
0 0 0 0 1 8.11151
0 0 0 0 1 8.217
0 0 0 0 1 8.20815
0 0 0 0 1 8.15879
0 0 0 0 1 8.12595
0 0 0 0 1 8.04478
0 0 0 0 1 8.0448
0 0 0 0 1 8.05299
0 0 0 0 1 7.96862
0 0 0 0 1 8.00924
0 0 0 0 0 8.03378
0 0 0 0 1 8.05833
0 0 0 0 1 7.93114
0 0 0 0 1 8.03953
0 0 0 0 1 7.94484
0 0 0 0 1 7.97776
0 0 0 0 1 7.85205
0 0 0 0 1 7.87734
0 0 0 0 0 7.93784
0 0 0 0 1 7.86841
0 0 0 0 1 7.89389
0 0 0 0 0 7.88352
0 0 0 0 0 7.91255
0 0 0 0 1 7.85189
0 0 0 0 1 7.7994
0 0 0 0 0 7.80195
0 0 0 0 1 7.84689
0 0 0 0 0 7.82621
0 0 0 0 1 7.79018
0 0 0 0 0 7.83523
0 0 0 0 1 7.79954
0 0 0 0 0 7.74387
