0 0 0 0 0 5.49742
0 0 0 0 1 5.58979
0 0 0 0 1 5.59353
0 0 0 0 1 5.53294
0 0 0 0 1 5.62051
0 0 0 0 0 5.55194
0 0 0 0 1 5.64468
0 0 0 0 1 5.62658
0 0 0 0 0 5.58835
0 0 0 0 1 5.66021
0 0 0 0 1 5.65923
0 0 0 0 1 5.59065
0 0 0 0 0 5.62016
0 0 0 0 1 5.61372
0 0 0 0 1 5.66405
0 0 0 0 1 5.71101
0 0 0 0 1 5.7334
0 0 0 0 1 5.6762
0 0 0 0 0 5.75019
0 0 0 0 1 5.73685
0 0 0 0 1 5.68532
0 0 0 0 1 5.71973
0 0 0 0 0 5.71413
0 0 0 0 1 5.78923
0 0 0 0 1 5.81452
0 0 0 0 1 5.8382
0 0 0 0 1 5.76939
0 0 0 0 1 5.81645
0 0 0 0 1 5.7649
0 0 0 0 1 5.86478
0 0 0 0 1 5.84832
0 0 0 0 1 5.79248
0 0 0 0 1 5.91816
0 0 0 0 1 5.93125
0 0 0 0 0 5.82676
0 0 0 0 1 5.91653
0 0 0 0 1 5.9299
0 0 0 0 1 5.91377
0 0 0 0 0 5.92138
0 0 0 0 1 5.99457
0 0 0 0 0 5.98462
0 0 0 0 1 6.00457
0 0 0 0 1 5.97803
0 0 0 0 1 6.02215
0 0 0 0 1 6.00033
0 0 0 0 1 6.05688
0 0 0 0 0 6.07024
0 0 0 0 1 6.10918
0 0 0 0 1 6.08754
0 0 0 0 1 6.04144
0 0 0 0 0 6.06239
0 0 0 0 1 6.16924
0 0 0 0 1 6.18965
0 0 0 0 1 6.18762
0 0 0 0 1 6.22779
0 0 0 0 1 6.16918
0 0 0 0 1 6.15374
0 0 0 0 1 6.23057
0 0 0 0 0 6.24645
0 0 0 0 1 6.20612
0 0 0 0 0 6.3404
0 0 0 0 1 6.33788
0 0 0 0 0 6.29751
0 0 0 0 1 6.31388
0 0 0 0 0 6.29229
0 0 0 0 1 6.35246
0 0 0 0 0 6.35002
0 0 0 0 1 6.39798
0 0 0 0 1 6.3764
0 0 0 0 0 6.50855
0 0 0 0 1 6.4419
0 0 0 0 1 6.52324
0 0 0 0 1 6.46272
0 0 0 0 0 6.57137
0 0 0 0 1 6.52372
0 0 0 0 1 6.57349
0 0 0 0 1 6.59728
0 0 0 0 0 6.5624
0 0 0 0 1 6.55976
0 0 0 0 1 6.69674
0 0 0 0 1 6.7012
0 0 0 0 1 6.66607
0 0 0 0 1 6.77837
0 0 0 0 1 6.709
0 0 0 0 1 6.69994
0 0 0 0 1 6.79934
0 0 0 0 1 6.80408
0 0 0 0 1 6.85666
0 0 0 0 1 6.79294
0 0 0 0 1 6.81823
0 0 0 0 1 6.95426
0 0 0 0 1 6.95986
0 0 0 0 1 6.92326
0 0 0 0 1 6.9422
0 0 0 0 0 6.99626
0 0 0 0 1 7.05771
0 0 0 0 1 7.14036
0 0 0 0 1 7.13884
0 0 0 0 1 7.16573
0 0 0 0 1 7.09264
0 0 0 0 1 7.2414
0 0 0 0 1 7.16788
0 0 0 0 1 7.17279
0 0 0 0 1 7.27982
0 0 0 0 0 7.37265
0 0 0 0 1 7.3859
0 0 0 0 0 7.31043
0 0 0 0 0 7.45669
0 0 0 0 1 7.39557
0 0 0 0 1 7.49768
0 0 0 0 1 7.5186
0 0 0 0 1 7.56173
0 0 0 0 1 7.56734
0 0 0 0 1 7.61076
0 0 0 0 1 7.59387
0 0 0 0 1 7.63747
0 0 0 0 0 7.61978
0 0 0 0 1 7.64809
0 0 0 0 1 7.70753
0 0 0 0 1 7.86091
0 0 0 0 0 7.89059
0 0 0 0 0 7.94354
0 0 0 0 1 7.8303
0 0 0 0 1 7.93074
0 0 0 0 1 8.03946
0 0 0 0 1 8.02102
0 0 0 0 1 8.0506
0 0 0 0 1 8.09644
0 0 0 0 1 8.07675
0 0 0 0 1 8.2537
0 0 0 0 1 8.25879
0 0 0 0 1 8.23876
0 0 0 0 1 8.3686
0 0 0 0 1 8.28979
0 0 0 0 1 8.36958
0 0 0 0 1 8.42454
0 0 0 0 1 8.57332
0 0 0 0 1 8.62931
0 0 0 0 1 8.50577
0 0 0 0 1 8.66496
0 0 0 0 1 8.72057
0 0 0 0 0 8.80337
0 0 0 0 1 8.87719
0 0 0 0 1 8.87337
0 0 0 0 1 8.85861
0 0 0 0 1 9.04006
0 0 0 0 1 8.94407
0 0 0 0 1 9.10012
0 0 0 0 0 9.10354
0 0 0 0 1 9.2431
0 0 0 0 1 9.31928
0 0 0 0 0 9.37729
0 0 0 0 1 9.28715
0 0 0 0 0 9.45624
0 0 0 0 1 9.39158
0 0 0 0 1 9.50516
0 0 0 0 1 9.54288
0 0 0 0 1 9.72649
0 0 0 0 1 9.72602
0 0 0 0 0 9.75416
0 0 0 0 1 9.88045
0 0 0 0 1 9.86047
0 0 0 0 0 10.0262
0 0 0 0 1 9.99386
0 0 0 0 1 10.0599
0 0 0 0 1 10.2909
0 0 0 0 0 10.3687
0 0 0 0 1 10.457
0 0 0 0 1 10.4432
0 0 0 0 1 10.5105
0 0 0 0 0 10.5143
0 0 0 0 1 10.6112
0 0 0 0 1 10.8502
0 0 0 0 0 10.7649
0 0 0 0 1 9.21284
0 0 0 0 1 9.21679
0 0 0 0 1 9.2904
0 0 0 0 1 9.22038
0 0 0 0 1 9.19235
0 0 0 0 1 9.10466
0 0 0 0 1 9.26986
0 0 0 0 1 9.10016
0 0 0 0 0 9.21909
0 0 0 0 0 9.04134
0 0 0 0 1 9.04175
0 0 0 0 1 9.02875
0 0 0 0 1 8.98406
0 0 0 0 1 9.05713
0 0 0 0 1 8.99038
0 0 0 0 1 9.02729
0 0 0 0 0 8.96111
0 0 0 0 0 8.87264
0 0 0 0 1 8.88298
0 0 0 0 1 9.01837
0 0 0 0 1 8.87301
0 0 0 0 1 8.95472
0 0 0 0 0 8.81431
0 0 0 0 1 8.86942
0 0 0 0 1 8.88022
0 0 0 0 1 8.88718
0 0 0 0 1 8.7924
0 0 0 0 1 8.82118
0 0 0 0 0 8.71827
0 0 0 0 1 8.79112
0 0 0 0 0 8.74132
0 0 0 0 1 8.81044
0 0 0 0 0 8.76104
0 0 0 0 1 8.71192
0 0 0 0 0 8.71521
0 0 0 0 1 8.70125
0 0 0 0 0 8.73077
0 0 0 0 1 8.73437
0 0 0 0 0 8.69491
0 0 0 0 0 8.68155
0 0 0 0 1 8.67698
0 0 0 0 1 8.63816
0 0 0 0 1 8.65108
0 0 0 0 1 8.48413
0 0 0 0 0 8.50606
0 0 0 0 1 8.57933
0 0 0 0 1 8.50193
0 0 0 0 1 8.54116
0 0 0 0 1 8.56698
0 0 0 0 1 8.69124
0 0 0 0 1 8.90391
0 0 0 0 0 9.04839
0 0 0 0 0 9.0569
0 0 0 0 1 9.17288
0 0 0 0 1 9.45704
0 0 0 0 1 9.48857
0 0 0 0 1 9.71977
0 0 0 0 1 9.76657
0 0 0 0 1 10.0198
0 0 0 0 1 10.2656
0 0 0 0 1 10.3794
0 0 0 0 1 10.5845
0 0 0 0 1 10.6301
0 0 0 0 1 11.0403
0 0 0 0 1 11.0683
0 0 0 0 0 11.338
0 0 0 0 1 11.4925
0 0 0 0 0 11.926
0 0 0 0 1 11.9698
0 0 0 0 0 12.3948
0 0 0 0 0 12.4599
0 0 0 0 1 12.7705
0 0 0 0 1 22.5918
0 0 0 0 1 22.5049
0 0 0 0 0 22.6437
0 0 0 0 1 22.6257
0 0 0 0 1 22.7215
0 0 0 0 1 22.8401
0 0 0 0 1 22.6423
0 0 0 0 1 22.6712
0 0 0 0 1 22.7005
0 0 0 0 0 22.4141
0 0 0 0 1 22.3316
0 0 0 0 1 22.3623
0 0 0 0 1 22.3496
0 0 0 0 1 22.7188
0 0 0 0 1 22.6379
0 0 0 0 1 22.5125
0 0 0 0 0 22.3652
0 0 0 0 1 22.241
0 0 0 0 1 23.1764
0 0 0 0 1 24.1479
0 0 0 0 1 24.9925
0 0 0 0 1 26.2909
0 0 0 0 1 36.5269
0 0 0 0 1 36.5118
0 0 0 0 1 36.0972
0 0 0 0 1 36.302
0 0 0 0 1 36.1378
0 0 0 0 0 38.9116
0 0 0 0 1 51.5981
0 0 0 0 1 51.9991
0 0 0 0 1 51.8811
0 0 0 0 0 51.8156
0 0 0 0 0 51.9592
0 0 0 0 1 56.0469
0 0 0 0 1 65.7244
0 0 0 0 1 69.3852
0 0 0 0 1 82.4645
0 0 0 0 0 4.96992
0 0 0 0 0 5.04507
0 0 0 0 0 4.97493
0 0 0 0 0 4.9599
0 0 0 0 0 5.04507
0 0 0 0 0 5.04006
0 0 0 0 0 4.96992
0 0 0 0 0 5.03505
0 0 0 0 0 4.99998
0 0 0 0 0 5.03004
0 0 0 0 0 5.02002
0 0 0 0 0 4.99497
0 0 0 0 1 87.0653
0 0 0 0 1 87.8627
0 0 0 0 1 75.3703
0 0 0 0 1 63.9666
0 0 0 0 0 60.5869
0 0 0 0 1 60.4165
0 0 0 0 0 60.61
0 0 0 0 0 51.055
0 0 0 0 1 47.8432
0 0 0 0 1 47.8075
0 0 0 0 1 38.9207
0 0 0 0 1 36.7093
0 0 0 0 1 35.6322
0 0 0 0 1 35.9655
0 0 0 0 1 36.049
0 0 0 0 1 35.6343
0 0 0 0 1 27.9375
0 0 0 0 1 26.9107
0 0 0 0 1 25.8186
0 0 0 0 0 24.7376
0 0 0 0 1 24.7494
0 0 0 0 1 24.8849
0 0 0 0 1 24.576
0 0 0 0 1 24.9098
0 0 0 0 0 24.4547
0 0 0 0 1 24.7649
0 0 0 0 1 24.7302
0 0 0 0 1 24.498
0 0 0 0 1 24.5615
0 0 0 0 1 18.0725
0 0 0 0 1 17.7388
0 0 0 0 1 17.123
0 0 0 0 0 16.5772
0 0 0 0 0 16.2284
0 0 0 0 1 15.8636
0 0 0 0 1 15.4235
0 0 0 0 1 15.1061
0 0 0 0 1 14.7277
0 0 0 0 0 14.4086
0 0 0 0 1 13.958
0 0 0 0 1 14.012
0 0 0 0 1 13.7598
0 0 0 0 0 13.8135
0 0 0 0 1 14.0207
0 0 0 0 0 13.894
0 0 0 0 1 13.9787
0 0 0 0 1 14.0477
0 0 0 0 1 13.8515
0 0 0 0 1 14.0888
0 0 0 0 1 13.895
0 0 0 0 1 14.0072
0 0 0 0 1 13.9373
0 0 0 0 1 13.9799
0 0 0 0 1 13.9972
0 0 0 0 1 14.2235
0 0 0 0 1 13.957
0 0 0 0 1 14.1868
0 0 0 0 1 14.2735
0 0 0 0 0 14.1058
0 0 0 0 1 14.1815
0 0 0 0 1 14.2124
0 0 0 0 1 14.3315
0 0 0 0 1 14.3488
0 0 0 0 0 14.3266
0 0 0 0 1 14.159
0 0 0 0 1 14.194
0 0 0 0 1 14.2406
0 0 0 0 1 14.3622
0 0 0 0 1 14.4096
0 0 0 0 1 8.79944
0 0 0 0 1 8.76448
0 0 0 0 1 8.62445
0 0 0 0 1 8.56269
0 0 0 0 1 8.43291
0 0 0 0 1 8.30391
0 0 0 0 0 8.23426
0 0 0 0 1 8.08191
0 0 0 0 1 8.05223
0 0 0 0 1 7.95008
0 0 0 0 1 7.85766
0 0 0 0 1 7.71756
0 0 0 0 1 7.59562
0 0 0 0 1 7.60315
0 0 0 0 1 7.5266
0 0 0 0 1 7.43717
0 0 0 0 1 7.37547
0 0 0 0 1 7.30828
0 0 0 0 1 7.24107
0 0 0 0 0 7.05323
0 0 0 0 1 6.96619
0 0 0 0 1 6.90952
0 0 0 0 1 6.94014
0 0 0 0 1 6.7666
0 0 0 0 1 6.69659
0 0 0 0 0 6.73392
0 0 0 0 0 6.5772
0 0 0 0 0 6.57342
0 0 0 0 1 6.43857
0 0 0 0 1 6.44305
0 0 0 0 0 6.42484
0 0 0 0 1 6.38964
0 0 0 0 0 6.23493
0 0 0 0 1 6.24391
0 0 0 0 1 6.14702
0 0 0 0 0 6.16113
0 0 0 0 1 6.03469
0 0 0 0 1 5.99662
0 0 0 0 0 5.98556
0 0 0 0 0 5.92947
0 0 0 0 0 5.88835
0 0 0 0 0 5.85015
0 0 0 0 1 5.82931
0 0 0 0 1 5.77952
0 0 0 0 1 5.72117
0 0 0 0 0 5.66615
0 0 0 0 1 5.56102
0 0 0 0 0 5.59345
0 0 0 0 1 5.53903
0 0 0 0 1 5.50134
0 0 0 0 0 5.40932
0 0 0 0 1 5.41847
0 0 0 0 1 5.33051
0 0 0 0 1 5.30952
0 0 0 0 1 5.24918
0 0 0 0 1 5.25965
0 0 0 0 1 5.16321
0 0 0 0 1 5.17648
0 0 0 0 0 5.1429
0 0 0 0 1 5.07873
0 0 0 0 1 5.0474
0 0 0 0 1 5.05457
0 0 0 0 1 5.02958
0 0 0 0 1 5.02624
0 0 0 0 0 4.93848
0 0 0 0 1 4.9646
0 0 0 0 1 4.92657
0 0 0 0 1 4.87265
0 0 0 0 1 4.86405
0 0 0 0 1 4.78611
0 0 0 0 1 4.78808
0 0 0 0 1 4.82497
0 0 0 0 1 4.88157
0 0 0 0 1 4.92277
0 0 0 0 0 4.88222
0 0 0 0 0 4.94446
0 0 0 0 1 4.96279
0 0 0 0 1 4.98496
0 0 0 0 1 4.95393
0 0 0 0 1 4.95251
0 0 0 0 1 5.01974
0 0 0 0 1 5.0135
0 0 0 0 1 4.98205
0 0 0 0 1 5.06639
0 0 0 0 0 5.03483
0 0 0 0 1 5.05384
0 0 0 0 0 5.08316
0 0 0 0 1 5.11779
0 0 0 0 1 5.08963
0 0 0 0 1 5.20175
0 0 0 0 1 5.14391
0 0 0 0 1 5.16349
0 0 0 0 1 5.1936
0 0 0 0 1 5.25006
0 0 0 0 0 5.20706
0 0 0 0 1 5.32191
0 0 0 0 1 5.35438
0 0 0 0 0 5.33232
0 0 0 0 1 5.28865
0 0 0 0 0 5.35719
0 0 0 0 1 5.38851
0 0 0 0 1 5.40529
0 0 0 0 1 5.44235
0 0 0 0 0 5.4578
0 0 0 0 1 5.51161
0 0 0 0 1 5.53437
0 0 0 0 1 5.51699
0 0 0 0 1 5.49532
0 0 0 0 0 5.58331
0 0 0 0 1 5.60633
0 0 0 0 1 5.56603
0 0 0 0 1 5.59455
0 0 0 0 1 5.63305
0 0 0 0 1 5.6733
0 0 0 0 0 5.74085
0 0 0 0 0 5.72994
0 0 0 0 1 5.7708
0 0 0 0 1 5.8642
0 0 0 0 1 5.87496
0 0 0 0 1 5.92251
0 0 0 0 1 5.87017
0 0 0 0 1 5.94743
0 0 0 0 1 5.90025
0 0 0 0 1 5.96611
0 0 0 0 1 5.97831
0 0 0 0 0 6.05089
0 0 0 0 1 6.03896
0 0 0 0 1 6.09997
0 0 0 0 1 6.18595
0 0 0 0 1 6.12607
0 0 0 0 1 9.61423
0 0 0 0 1 9.57615
0 0 0 0 1 9.49734
0 0 0 0 1 9.50378
0 0 0 0 1 9.32563
0 0 0 0 1 9.36991
0 0 0 0 1 9.30201
0 0 0 0 1 9.24055
0 0 0 0 0 9.29709
0 0 0 0 0 9.15617
0 0 0 0 1 9.10813
0 0 0 0 1 9.24381
0 0 0 0 0 9.18663
0 0 0 0 1 9.0478
0 0 0 0 1 9.13692
0 0 0 0 1 9.14399
0 0 0 0 1 9.00661
0 0 0 0 1 8.98376
0 0 0 0 1 9.04509
0 0 0 0 1 8.86117
0 0 0 0 1 8.98502
0 0 0 0 1 8.87685
0 0 0 0 1 8.88464
0 0 0 0 1 8.88357
0 0 0 0 1 8.80868
0 0 0 0 1 8.70242
0 0 0 0 1 8.84221
0 0 0 0 0 8.66853
0 0 0 0 1 8.80781
0 0 0 0 1 8.62114
0 0 0 0 0 8.7252
0 0 0 0 1 8.64364
0 0 0 0 0 8.61776
0 0 0 0 1 8.54558
0 0 0 0 1 8.62321
0 0 0 0 1 8.53437
0 0 0 0 1 8.50932
0 0 0 0 0 8.4639
0 0 0 0 1 8.41873
0 0 0 0 1 8.43315
0 0 0 0 1 8.48984
0 0 0 0 1 8.47039
0 0 0 0 1 8.44629
0 0 0 0 1 8.30966
0 0 0 0 1 8.32446
0 0 0 0 1 8.31418
0 0 0 0 1 8.35404
0 0 0 0 0 8.29771
0 0 0 0 1 8.32927
0 0 0 0 1 8.36076
0 0 0 0 1 8.21492
0 0 0 0 1 8.27142
0 0 0 0 1 8.24546
0 0 0 0 1 8.16222
0 0 0 0 1 8.21051
0 0 0 0 1 8.11969
0 0 0 0 1 8.19252
0 0 0 0 1 8.15115
0 0 0 0 0 8.05315
0 0 0 0 1 8.1665
0 0 0 0 1 8.03668
0 0 0 0 1 8.06096
0 0 0 0 1 8.0288
0 0 0 0 0 8.09741
0 0 0 0 1 8.00924
0 0 0 0 1 7.94558
0 0 0 0 0 8.08234
0 0 0 0 1 8.02699
0 0 0 0 1 7.95179
0 0 0 0 1 7.92892
0 0 0 0 0 7.96981
0 0 0 0 1 7.88377
0 0 0 0 0 7.86942
0 0 0 0 1 7.96946
0 0 0 0 0 7.89998
0 0 0 0 1 7.79935
0 0 0 0 1 7.89139
0 0 0 0 0 7.93612
0 0 0 0 1 7.8362
0 0 0 0 1 7.86988
0 0 0 0 1 7.8254
0 0 0 0 1 7.76881
0 0 0 0 1 7.72488
0 0 0 0 1 7.82909
0 0 0 0 1 7.81191
0 0 0 0 1 7.79954
0 0 0 0 0 7.76713
