0 0 0 0 1 5.60282
0 0 0 0 1 5.53978
0 0 0 0 0 5.51004
0 0 0 0 0 5.54409
0 0 0 0 1 5.57586
0 0 0 0 1 5.55194
0 0 0 0 1 5.54957
0 0 0 0 1 5.63778
0 0 0 0 1 5.6669
0 0 0 0 1 5.59838
0 0 0 0 1 5.58039
0 0 0 0 0 5.63579
0 0 0 0 1 5.65406
0 0 0 0 1 5.66465
0 0 0 0 1 5.66405
0 0 0 0 1 5.63721
0 0 0 0 0 5.73909
0 0 0 0 1 5.74458
0 0 0 0 1 5.68167
0 0 0 0 1 5.65685
0 0 0 0 0 5.71395
0 0 0 0 1 5.67957
0 0 0 0 1 5.80035
0 0 0 0 1 5.77195
0 0 0 0 1 5.7626
0 0 0 0 1 5.77462
0 0 0 0 1 5.73463
0 0 0 0 1 5.82806
0 0 0 0 0 5.83471
0 0 0 0 1 5.81814
0 0 0 0 1 5.83663
0 0 0 0 1 5.9095
0 0 0 0 1 5.87714
0 0 0 0 1 5.83142
0 0 0 0 1 5.9327
0 0 0 0 1 5.94602
0 0 0 0 1 5.87669
0 0 0 0 0 5.88414
0 0 0 0 1 5.87981
0 0 0 0 1 5.98266
0 0 0 0 1 6.01445
0 0 0 0 1 5.92683
0 0 0 0 1 5.96605
0 0 0 0 1 5.99814
0 0 0 0 1 5.97626
0 0 0 0 1 6.06292
0 0 0 0 0 6.04603
0 0 0 0 1 6.04851
0 0 0 0 0 6.14227
0 0 0 0 1 6.13289
0 0 0 0 0 6.08072
0 0 0 0 1 6.08959
0 0 0 0 1 6.09131
0 0 0 0 1 6.12605
0 0 0 0 1 6.14138
0 0 0 0 1 6.18156
0 0 0 0 1 6.19716
0 0 0 0 1 6.2119
0 0 0 0 1 6.25893
0 0 0 0 1 6.22489
0 0 0 0 1 6.30273
0 0 0 0 1 6.25606
0 0 0 0 1 6.25334
0 0 0 0 1 6.28225
0 0 0 0 1 6.37475
0 0 0 0 1 6.37156
0 0 0 0 1 6.42022
0 0 0 0 0 6.4236
0 0 0 0 1 6.48556
0 0 0 0 1 6.48921
0 0 0 0 1 6.39667
0 0 0 0 0 6.43894
0 0 0 0 1 6.46272
0 0 0 0 1 6.50618
0 0 0 0 1 6.50411
0 0 0 0 1 6.51445
0 0 0 0 1 6.62361
0 0 0 0 1 6.65483
0 0 0 0 0 6.63265
0 0 0 0 1 6.70339
0 0 0 0 1 6.62778
0 0 0 0 1 6.6326
0 0 0 0 1 6.70455
0 0 0 0 1 6.76289
0 0 0 0 1 6.77431
0 0 0 0 1 6.81291
0 0 0 0 1 6.86538
0 0 0 0 1 6.80197
0 0 0 0 1 6.8547
0 0 0 0 1 6.9422
0 0 0 0 0 6.975
0 0 0 0 0 6.95293
0 0 0 0 1 6.88847
0 0 0 0 0 7.01204
0 0 0 0 1 7.00328
0 0 0 0 1 7.00845
0 0 0 0 1 7.10502
0 0 0 0 1 7.11046
0 0 0 0 1 7.17285
0 0 0 0 1 7.09264
0 0 0 0 0 7.22705
0 0 0 0 1 7.22551
0 0 0 0 1 7.2307
0 0 0 0 0 7.21444
0 0 0 0 1 7.27046
0 0 0 0 1 7.40055
0 0 0 0 1 7.43558
0 0 0 0 1 7.4493
0 0 0 0 1 7.46233
0 0 0 0 1 7.43805
0 0 0 0 1 7.5186
0 0 0 0 1 7.52414
0 0 0 0 1 7.55978
0 0 0 0 1 7.61076
0 0 0 0 1 7.59387
0 0 0 0 1 7.67574
0 0 0 0 0 7.75819
0 0 0 0 1 7.75625
0 0 0 0 1 7.80843
0 0 0 0 1 7.75953
0 0 0 0 1 7.74968
0 0 0 0 1 7.8413
0 0 0 0 1 7.92521
0 0 0 0 1 8.01021
0 0 0 0 1 8.07142
0 0 0 0 1 8.07723
0 0 0 0 1 8.0748
0 0 0 0 1 8.0235
0 0 0 0 1 8.19085
0 0 0 0 1 8.20458
0 0 0 0 0 8.25879
0 0 0 0 1 8.305
0 0 0 0 1 8.26877
0 0 0 0 1 8.34835
0 0 0 0 1 8.48735
0 0 0 0 1 8.52604
0 0 0 0 1 8.52229
0 0 0 0 0 8.53523
0 0 0 0 1 8.63464
0 0 0 0 1 8.57857
0 0 0 0 1 8.63363
0 0 0 0 1 8.69847
0 0 0 0 1 8.8596
0 0 0 0 1 8.75847
0 0 0 0 0 8.80525
0 0 0 0 1 9.02216
0 0 0 0 1 8.98911
0 0 0 0 1 9.10012
0 0 0 0 0 9.16733
0 0 0 0 1 9.21559
0 0 0 0 1 9.26392
0 0 0 0 1 9.34016
0 0 0 0 1 9.30582
0 0 0 0 0 9.31524
0 0 0 0 1 9.53345
0 0 0 0 1 9.47658
0 0 0 0 0 9.5237
0 0 0 0 1 9.67825
0 0 0 0 1 9.70659
0 0 0 0 1 9.70524
0 0 0 0 1 9.78194
0 0 0 0 1 9.9893
0 0 0 0 1 9.91634
0 0 0 0 0 10.024
0 0 0 0 0 10.1815
0 0 0 0 0 10.1685
0 0 0 0 1 10.2145
0 0 0 0 1 10.281
0 0 0 0 1 10.3389
0 0 0 0 1 10.5525
0 0 0 0 1 10.5884
0 0 0 0 1 10.6005
0 0 0 0 1 10.689
0 0 0 0 1 10.7866
0 0 0 0 1 9.27798
0 0 0 0 1 9.25392
0 0 0 0 0 9.35524
0 0 0 0 0 9.14647
0 0 0 0 1 9.27533
0 0 0 0 1 9.24261
0 0 0 0 0 9.20562
0 0 0 0 1 9.16425
0 0 0 0 1 9.21909
0 0 0 0 1 9.18717
0 0 0 0 1 9.1691
0 0 0 0 1 9.02875
0 0 0 0 1 9.12897
0 0 0 0 1 9.01194
0 0 0 0 1 9.04448
0 0 0 0 1 8.91029
0 0 0 0 1 8.96111
0 0 0 0 1 9.025
0 0 0 0 1 9.02611
0 0 0 0 1 8.91122
0 0 0 0 1 8.91756
0 0 0 0 1 8.94582
0 0 0 0 0 8.80543
0 0 0 0 1 8.89601
0 0 0 0 1 8.87137
0 0 0 0 0 8.80775
0 0 0 0 0 8.88931
0 0 0 0 1 8.76842
0 0 0 0 1 8.76217
0 0 0 0 0 8.78235
0 0 0 0 1 8.78507
0 0 0 0 1 8.77551
0 0 0 0 1 8.66515
0 0 0 0 1 8.77284
0 0 0 0 1 8.60225
0 0 0 0 1 8.76198
0 0 0 0 1 8.69612
0 0 0 0 1 8.67383
0 0 0 0 1 8.54812
0 0 0 0 1 8.5781
0 0 0 0 1 8.65976
0 0 0 0 1 8.61238
0 0 0 0 1 8.51376
0 0 0 0 1 8.59554
0 0 0 0 1 8.48895
0 0 0 0 1 8.50242
0 0 0 0 1 8.57875
0 0 0 0 1 8.54116
0 0 0 0 1 8.58413
0 0 0 0 1 8.78694
0 0 0 0 1 8.78037
0 0 0 0 1 8.99464
0 0 0 0 1 9.10237
0 0 0 0 1 9.32068
0 0 0 0 1 9.29755
0 0 0 0 1 9.55532
0 0 0 0 1 9.71009
0 0 0 0 1 9.82564
0 0 0 0 1 9.90971
0 0 0 0 1 10.286
0 0 0 0 1 10.2862
0 0 0 0 1 10.574
0 0 0 0 0 10.7697
0 0 0 0 1 10.909
0 0 0 0 0 11.0906
0 0 0 0 1 11.3948
0 0 0 0 0 11.5504
0 0 0 0 1 11.8669
0 0 0 0 1 12.0422
0 0 0 0 1 12.3456
0 0 0 0 1 12.6485
0 0 0 0 1 12.8861
0 0 0 0 0 22.91
0 0 0 0 0 22.9137
0 0 0 0 1 22.7344
0 0 0 0 0 22.8751
0 0 0 0 1 22.8574
0 0 0 0 1 22.8175
0 0 0 0 1 22.7328
0 0 0 0 1 22.5582
0 0 0 0 1 22.8134
0 0 0 0 0 22.4593
0 0 0 0 1 22.6925
0 0 0 0 1 22.7455
0 0 0 0 1 22.4848
0 0 0 0 1 22.4036
0 0 0 0 1 22.2779
0 0 0 0 1 22.7149
0 0 0 0 0 22.7024
0 0 0 0 1 22.3533
0 0 0 0 1 23.1532
0 0 0 0 1 24.0514
0 0 0 0 1 25.1683
0 0 0 0 1 26.1336
0 0 0 0 1 36.6725
0 0 0 0 1 36.1114
0 0 0 0 1 36.5703
0 0 0 0 1 36.1565
0 0 0 0 1 36.6473
0 0 0 0 1 38.2181
0 0 0 0 1 52.327
0 0 0 0 0 52.2594
0 0 0 0 0 52.3495
0 0 0 0 0 52.1278
0 0 0 0 0 52.0632
0 0 0 0 1 56.1596
0 0 0 0 1 65.5934
0 0 0 0 1 69.5942
0 0 0 0 1 81.7282
0 0 0 0 0 5.05509
0 0 0 0 0 5.00499
0 0 0 0 0 4.97994
0 0 0 0 0 5.04006
0 0 0 0 0 5.05008
0 0 0 0 0 5.03004
0 0 0 0 0 5.03505
0 0 0 0 0 5.04507
0 0 0 0 0 4.98495
0 0 0 0 0 5.04507
0 0 0 0 0 4.99998
0 0 0 0 0 5.02503
0 0 0 0 1 87.8536
0 0 0 0 1 87.7751
0 0 0 0 0 74.9946
0 0 0 0 1 63.3282
0 0 0 0 0 60.708
0 0 0 0 0 60.6587
0 0 0 0 0 60.1862
0 0 0 0 1 51.1066
0 0 0 0 1 47.6512
0 0 0 0 0 47.5195
0 0 0 0 1 39.6276
0 0 0 0 1 36.6357
0 0 0 0 1 35.7748
0 0 0 0 1 35.6444
0 0 0 0 1 35.5137
0 0 0 0 0 35.4558
0 0 0 0 1 28.1902
0 0 0 0 0 26.5623
0 0 0 0 1 25.5366
0 0 0 0 1 24.6391
0 0 0 0 1 24.577
0 0 0 0 1 24.6138
0 0 0 0 1 24.5021
0 0 0 0 1 24.6138
0 0 0 0 0 24.4793
0 0 0 0 0 24.7896
0 0 0 0 0 24.4584
0 0 0 0 0 24.943
0 0 0 0 1 24.6852
0 0 0 0 1 18.0725
0 0 0 0 1 17.5443
0 0 0 0 1 17.037
0 0 0 0 0 16.8783
0 0 0 0 1 16.3099
0 0 0 0 1 15.7842
0 0 0 0 1 15.6093
0 0 0 0 1 15.2422
0 0 0 0 1 14.8163
0 0 0 0 1 14.3221
0 0 0 0 1 14.0285
0 0 0 0 1 13.9564
0 0 0 0 0 14.01
0 0 0 0 1 13.8831
0 0 0 0 1 13.7979
0 0 0 0 0 14.0612
0 0 0 0 0 14.0764
0 0 0 0 1 13.9081
0 0 0 0 0 13.9912
0 0 0 0 1 13.8789
0 0 0 0 1 13.993
0 0 0 0 1 13.9931
0 0 0 0 1 13.9794
0 0 0 0 1 14.1204
0 0 0 0 1 14.1519
0 0 0 0 0 14.1671
0 0 0 0 1 14.2249
0 0 0 0 1 14.0739
0 0 0 0 0 14.1887
0 0 0 0 1 14.0351
0 0 0 0 1 14.0824
0 0 0 0 1 14.3258
0 0 0 0 0 14.1327
0 0 0 0 1 14.2493
0 0 0 0 1 14.1414
0 0 0 0 1 14.1732
0 0 0 0 1 14.2368
0 0 0 0 1 14.1834
0 0 0 0 1 14.4052
0 0 0 0 1 14.2519
0 0 0 0 1 8.8524
0 0 0 0 1 8.68607
0 0 0 0 1 8.51267
0 0 0 0 1 8.44376
0 0 0 0 1 8.35739
0 0 0 0 1 8.27905
0 0 0 0 1 8.15232
0 0 0 0 0 8.09809
0 0 0 0 1 8.07622
0 0 0 0 1 7.89476
0 0 0 0 0 7.76384
0 0 0 0 1 7.78709
0 0 0 0 1 7.60327
0 0 0 0 0 7.58048
0 0 0 0 1 7.42196
0 0 0 0 1 7.38537
0 0 0 0 1 7.36816
0 0 0 0 0 7.30104
0 0 0 0 1 7.16221
0 0 0 0 0 7.1029
0 0 0 0 1 7.02939
0 0 0 0 0 6.94431
0 0 0 0 1 6.90572
0 0 0 0 1 6.86892
0 0 0 0 1 6.81146
0 0 0 0 1 6.70715
0 0 0 0 1 6.67002
0 0 0 0 1 6.60626
0 0 0 0 0 6.55564
0 0 0 0 1 6.41081
0 0 0 0 1 6.36736
0 0 0 0 1 6.29465
0 0 0 0 1 6.2161
0 0 0 0 0 6.18789
0 0 0 0 1 6.16554
0 0 0 0 1 6.16113
0 0 0 0 0 6.11353
0 0 0 0 0 5.9906
0 0 0 0 1 5.99153
0 0 0 0 0 5.94724
0 0 0 0 1 5.88248
0 0 0 0 1 5.81519
0 0 0 0 1 5.81774
0 0 0 0 1 5.72213
0 0 0 0 1 5.65861
0 0 0 0 1 5.70002
0 0 0 0 0 5.58342
0 0 0 0 1 5.52666
0 0 0 0 1 5.51142
0 0 0 0 1 5.49038
0 0 0 0 1 5.39845
0 0 0 0 1 5.45628
0 0 0 0 1 5.36272
0 0 0 0 1 5.30419
0 0 0 0 1 5.2386
0 0 0 0 0 5.22816
0 0 0 0 1 5.17364
0 0 0 0 1 5.12984
0 0 0 0 1 5.17379
0 0 0 0 1 5.1043
0 0 0 0 1 5.0474
0 0 0 0 0 5.07977
0 0 0 0 0 5.05466
0 0 0 0 0 5.01129
0 0 0 0 0 4.91373
0 0 0 0 0 4.91053
0 0 0 0 1 4.91192
0 0 0 0 0 4.85322
0 0 0 0 1 4.83027
0 0 0 0 1 4.77648
0 0 0 0 1 4.78326
0 0 0 0 1 4.87341
0 0 0 0 0 4.91074
0 0 0 0 0 4.83017
0 0 0 0 1 4.86754
0 0 0 0 1 4.93464
0 0 0 0 1 4.92337
0 0 0 0 0 4.95532
0 0 0 0 1 5.00352
0 0 0 0 0 4.96744
0 0 0 0 1 4.98481
0 0 0 0 0 5.04355
0 0 0 0 1 5.07254
0 0 0 0 1 5.08658
0 0 0 0 1 5.09562
0 0 0 0 1 5.11485
0 0 0 0 1 5.11889
0 0 0 0 0 5.1434
0 0 0 0 1 5.18721
0 0 0 0 0 5.10896
0 0 0 0 1 5.22671
0 0 0 0 1 5.24661
0 0 0 0 1 5.25096
0 0 0 0 1 5.18725
0 0 0 0 1 5.27011
0 0 0 0 1 5.30081
0 0 0 0 0 5.34908
0 0 0 0 1 5.27378
0 0 0 0 1 5.28865
0 0 0 0 1 5.35183
0 0 0 0 1 5.3293
0 0 0 0 1 5.4594
0 0 0 0 1 5.44235
0 0 0 0 1 5.4578
0 0 0 0 1 5.49519
0 0 0 0 1 5.53987
0 0 0 0 1 5.55012
0 0 0 0 1 5.56193
0 0 0 0 1 5.52201
0 0 0 0 1 5.64554
0 0 0 0 1 5.66161
0 0 0 0 1 5.65671
0 0 0 0 1 5.62738
0 0 0 0 1 5.74172
0 0 0 0 1 5.68361
0 0 0 0 0 5.72994
0 0 0 0 1 5.7708
0 0 0 0 0 5.77121
0 0 0 0 1 5.82246
0 0 0 0 0 5.92251
0 0 0 0 1 5.95268
0 0 0 0 1 5.98297
0 0 0 0 1 5.95979
0 0 0 0 0 6.00201
0 0 0 0 1 6.02643
0 0 0 0 1 5.9844
0 0 0 0 0 6.09364
0 0 0 0 1 6.16714
0 0 0 0 0 6.14299
0 0 0 0 1 6.13842
0 0 0 0 1 9.59519
0 0 0 0 1 9.42445
0 0 0 0 0 9.44064
0 0 0 0 0 9.38133
0 0 0 0 1 9.46636
0 0 0 0 1 9.27639
0 0 0 0 1 9.2554
0 0 0 0 1 9.28703
0 0 0 0 0 9.21375
0 0 0 0 1 9.30385
0 0 0 0 1 9.16334
0 0 0 0 0 9.19795
0 0 0 0 0 9.17749
0 0 0 0 1 9.18448
0 0 0 0 1 9.10059
0 0 0 0 0 9.02629
0 0 0 0 1 8.98856
0 0 0 0 1 9.08278
0 0 0 0 1 9.0092
0 0 0 0 1 8.87012
0 0 0 0 0 8.93148
0 0 0 0 1 8.86795
0 0 0 0 1 8.95558
0 0 0 0 1 8.91009
0 0 0 0 0 8.77341
0 0 0 0 1 8.72
0 0 0 0 1 8.78087
0 0 0 0 0 8.67728
0 0 0 0 1 8.77293
0 0 0 0 0 8.76903
0 0 0 0 1 8.68183
0 0 0 0 1 8.61768
0 0 0 0 1 8.63502
0 0 0 0 1 8.55419
0 0 0 0 1 8.57173
0 0 0 0 0 8.49157
0 0 0 0 1 8.56907
0 0 0 0 1 8.43835
0 0 0 0 1 8.50368
0 0 0 0 1 8.39925
0 0 0 0 1 8.39682
0 0 0 0 0 8.45352
0 0 0 0 1 8.37899
0 0 0 0 0 8.46914
0 0 0 0 0 8.43333
0 0 0 0 1 8.28076
0 0 0 0 1 8.26233
0 0 0 0 1 8.23119
0 0 0 0 1 8.32927
0 0 0 0 1 8.31109
0 0 0 0 1 8.33062
0 0 0 0 0 8.16421
0 0 0 0 0 8.23723
0 0 0 0 1 8.24433
0 0 0 0 1 8.2351
0 0 0 0 1 8.22599
0 0 0 0 1 8.22516
0 0 0 0 1 8.17558
0 0 0 0 1 8.11816
0 0 0 0 0 8.14217
0 0 0 0 0 8.12571
0 0 0 0 1 8.06903
0 0 0 0 1 7.98044
0 0 0 0 1 8.05716
0 0 0 0 1 8.10564
0 0 0 0 1 8.07387
0 0 0 0 1 7.99431
0 0 0 0 1 8.04296
0 0 0 0 1 8.0156
0 0 0 0 1 8.01649
0 0 0 0 1 7.93803
0 0 0 0 1 7.87584
0 0 0 0 0 7.86151
0 0 0 0 1 7.8904
0 0 0 0 1 7.91576
0 0 0 0 1 7.94116
0 0 0 0 1 7.89926
0 0 0 0 1 7.92826
0 0 0 0 1 7.87542
0 0 0 0 1 7.87771
0 0 0 0 1 7.77068
0 0 0 0 0 7.76881
0 0 0 0 1 7.76385
0 0 0 0 1 7.79796
0 0 0 0 1 7.71863
0 0 0 0 1 7.7685
0 0 0 0 0 7.74387
