0 0 0 0 1 5.5196
0 0 0 0 1 5.562
0 0 0 0 1 5.59353
0 0 0 0 0 5.62767
0 0 0 0 0 5.63168
0 0 0 0 1 5.54635
0 0 0 0 1 5.55517
0 0 0 0 1 5.57614
0 0 0 0 0 5.63324
0 0 0 0 1 5.56465
0 0 0 0 1 5.60292
0 0 0 0 1 5.61322
0 0 0 0 0 5.66535
0 0 0 0 1 5.61372
0 0 0 0 1 5.6357
0 0 0 0 1 5.71101
0 0 0 0 1 5.67084
0 0 0 0 1 5.69329
0 0 0 0 0 5.72164
0 0 0 0 0 5.67971
0 0 0 0 1 5.73685
0 0 0 0 1 5.7771
0 0 0 0 1 5.76011
0 0 0 0 1 5.71434
0 0 0 0 1 5.7453
0 0 0 0 1 5.78618
0 0 0 0 0 5.81573
0 0 0 0 1 5.82226
0 0 0 0 1 5.78817
0 0 0 0 1 5.7715
0 0 0 0 1 5.89506
0 0 0 0 0 5.8744
0 0 0 0 0 5.87128
0 0 0 0 1 5.84904
0 0 0 0 1 5.91505
0 0 0 0 0 5.95192
0 0 0 0 1 5.90625
0 0 0 0 1 5.9434
0 0 0 0 0 5.97484
0 0 0 0 1 6.01243
0 0 0 0 1 6.01445
0 0 0 0 1 6.0285
0 0 0 0 1 5.94209
0 0 0 0 1 6.04017
0 0 0 0 1 6.06654
0 0 0 0 1 5.97242
0 0 0 0 1 5.99761
0 0 0 0 0 6.12738
0 0 0 0 1 6.06321
0 0 0 0 1 6.15727
0 0 0 0 1 6.0685
0 0 0 0 1 6.18149
0 0 0 0 0 6.20809
0 0 0 0 0 6.11374
0 0 0 0 1 6.20927
0 0 0 0 1 6.17537
0 0 0 0 1 6.15374
0 0 0 0 0 6.18078
0 0 0 0 0 6.22773
0 0 0 0 0 6.31248
0 0 0 0 1 6.2839
0 0 0 0 1 6.33788
0 0 0 0 0 6.25334
0 0 0 0 0 6.31388
0 0 0 0 1 6.39378
0 0 0 0 1 6.38429
0 0 0 0 1 6.33725
0 0 0 0 1 6.39798
0 0 0 0 1 6.35713
0 0 0 0 1 6.399
0 0 0 0 0 6.46775
0 0 0 0 1 6.50379
0 0 0 0 1 6.50823
0 0 0 0 1 6.49314
0 0 0 0 1 6.58255
0 0 0 0 1 6.50133
0 0 0 0 1 6.57753
0 0 0 0 1 6.58881
0 0 0 0 1 6.67903
0 0 0 0 0 6.69674
0 0 0 0 1 6.7012
0 0 0 0 1 6.69953
0 0 0 0 1 6.68441
0 0 0 0 1 6.76289
0 0 0 0 1 6.69994
0 0 0 0 1 6.75184
0 0 0 0 0 6.83813
0 0 0 0 0 6.7883
0 0 0 0 0 6.88214
0 0 0 0 1 6.94909
0 0 0 0 1 6.96809
0 0 0 0 1 6.95293
0 0 0 0 1 6.88847
0 0 0 0 1 6.91426
0 0 0 0 0 6.99626
0 0 0 0 0 6.99438
0 0 0 0 1 7.08381
0 0 0 0 1 7.16723
0 0 0 0 1 7.05176
0 0 0 0 0 7.12839
0 0 0 0 1 7.18399
0 0 0 0 1 7.13186
0 0 0 0 1 7.27412
0 0 0 0 1 7.2435
0 0 0 0 1 7.30696
0 0 0 0 1 7.37857
0 0 0 0 1 7.34724
0 0 0 0 1 7.34594
0 0 0 0 1 7.42524
0 0 0 0 1 7.40824
0 0 0 0 1 7.4363
0 0 0 0 1 7.44146
0 0 0 0 1 7.50692
0 0 0 0 1 7.58041
0 0 0 0 1 7.67766
0 0 0 0 0 7.69104
0 0 0 0 0 7.62747
0 0 0 0 0 7.8026
0 0 0 0 1 7.83948
0 0 0 0 1 7.79073
0 0 0 0 1 7.83579
0 0 0 0 1 7.79411
0 0 0 0 1 7.86194
0 0 0 0 1 7.89101
0 0 0 0 0 7.93557
0 0 0 0 1 7.95679
0 0 0 0 1 8.0022
0 0 0 0 1 8.12076
0 0 0 0 0 8.10935
0 0 0 0 0 8.22095
0 0 0 0 1 8.30819
0 0 0 0 1 8.305
0 0 0 0 1 8.38523
0 0 0 0 1 8.432
0 0 0 0 1 8.44529
0 0 0 0 1 8.38225
0 0 0 0 1 8.51378
0 0 0 0 1 8.48392
0 0 0 0 0 8.6776
0 0 0 0 1 8.57857
0 0 0 0 1 8.71188
0 0 0 0 1 8.76841
0 0 0 0 1 8.72763
0 0 0 0 1 8.89988
0 0 0 0 1 8.84082
0 0 0 0 0 8.87895
0 0 0 0 1 9.04315
0 0 0 0 1 9.02761
0 0 0 0 1 9.04887
0 0 0 0 1 9.1239
0 0 0 0 1 9.13474
0 0 0 0 0 9.2566
0 0 0 0 1 9.34315
0 0 0 0 1 9.41864
0 0 0 0 1 9.43887
0 0 0 0 0 9.59088
0 0 0 0 0 9.50452
0 0 0 0 1 9.6686
0 0 0 0 1 9.68716
0 0 0 0 0 9.74437
0 0 0 0 1 9.76224
0 0 0 0 0 9.90011
0 0 0 0 1 9.88638
0 0 0 0 1 10.1447
0 0 0 0 1 10.0295
0 0 0 0 1 10.1787
0 0 0 0 0 10.2351
0 0 0 0 1 10.3845
0 0 0 0 0 10.3181
0 0 0 0 1 10.584
0 0 0 0 1 10.5989
0 0 0 0 1 10.7072
0 0 0 0 0 10.6783
0 0 0 0 1 10.7541
0 0 0 0 0 9.27798
0 0 0 0 0 9.30961
0 0 0 0 0 9.23483
0 0 0 0 0 9.16495
0 0 0 0 1 9.29377
0 0 0 0 1 9.15984
0 0 0 0 1 9.26986
0 0 0 0 1 9.0727
0 0 0 0 0 9.14599
0 0 0 0 0 9.2054
0 0 0 0 0 9.14181
0 0 0 0 1 9.0106
0 0 0 0 1 9.01123
0 0 0 0 1 9.08425
0 0 0 0 1 9.00841
0 0 0 0 1 9.04529
0 0 0 0 1 9.06886
0 0 0 0 1 9.03396
0 0 0 0 1 9.02611
0 0 0 0 0 8.91122
0 0 0 0 1 8.97992
0 0 0 0 1 8.93693
0 0 0 0 1 8.96521
0 0 0 0 1 8.87829
0 0 0 0 1 8.78293
0 0 0 0 1 8.78127
0 0 0 0 1 8.78359
0 0 0 0 1 8.85636
0 0 0 0 1 8.69194
0 0 0 0 1 8.83494
0 0 0 0 1 8.67132
0 0 0 0 1 8.74931
0 0 0 0 0 8.67387
0 0 0 0 1 8.76414
0 0 0 0 1 8.74128
0 0 0 0 1 8.75331
0 0 0 0 1 8.62683
0 0 0 0 1 8.56141
0 0 0 0 1 8.66037
0 0 0 0 1 8.53499
0 0 0 0 0 8.68559
0 0 0 0 0 8.5694
0 0 0 0 1 8.59959
0 0 0 0 1 8.58697
0 0 0 0 1 8.51462
0 0 0 0 1 8.48533
0 0 0 0 1 8.45925
0 0 0 0 1 8.53264
0 0 0 0 1 8.5241
0 0 0 0 1 8.78694
0 0 0 0 1 8.85097
0 0 0 0 1 9.03047
0 0 0 0 1 9.04781
0 0 0 0 1 9.30221
0 0 0 0 1 9.4289
0 0 0 0 1 9.58393
0 0 0 0 1 9.71977
0 0 0 0 0 9.85517
0 0 0 0 1 10.0699
0 0 0 0 1 10.174
0 0 0 0 0 10.3483
0 0 0 0 0 10.6478
0 0 0 0 0 10.7804
0 0 0 0 1 10.898
0 0 0 0 1 11.1128
0 0 0 0 0 11.2471
0 0 0 0 1 11.6083
0 0 0 0 1 11.8787
0 0 0 0 1 12.1265
0 0 0 0 1 12.3456
0 0 0 0 0 12.6108
0 0 0 0 1 12.7448
0 0 0 0 1 22.91
0 0 0 0 1 22.8456
0 0 0 0 1 22.8025
0 0 0 0 1 22.7164
0 0 0 0 1 22.6082
0 0 0 0 1 22.5685
0 0 0 0 1 22.4387
0 0 0 0 1 22.5582
0 0 0 0 1 22.7231
0 0 0 0 1 22.527
0 0 0 0 1 22.3767
0 0 0 0 1 22.7455
0 0 0 0 1 22.4398
0 0 0 0 0 22.6287
0 0 0 0 1 22.3004
0 0 0 0 0 22.4675
0 0 0 0 1 22.2529
0 0 0 0 1 22.5555
0 0 0 0 1 23.2692
0 0 0 0 1 23.9308
0 0 0 0 1 25.1432
0 0 0 0 1 26.3171
0 0 0 0 1 36.0899
0 0 0 0 0 36.4754
0 0 0 0 1 36.5339
0 0 0 0 1 36.593
0 0 0 0 1 36.2834
0 0 0 0 1 38.5648
0 0 0 0 1 51.7543
0 0 0 0 1 52.5717
0 0 0 0 1 51.7771
0 0 0 0 1 52.2838
0 0 0 0 0 52.0632
0 0 0 0 1 56.7799
0 0 0 0 1 65.2007
0 0 0 0 1 69.1763
0 0 0 0 1 81.0737
0 0 0 0 0 5.02503
0 0 0 0 0 4.96491
0 0 0 0 0 5.00499
0 0 0 0 0 4.99497
0 0 0 0 0 5.04006
0 0 0 0 0 5.02002
0 0 0 0 0 5.04006
0 0 0 0 0 4.97493
0 0 0 0 0 4.96491
0 0 0 0 0 4.98495
0 0 0 0 0 5.04006
0 0 0 0 0 4.9599
0 0 0 0 1 88.0288
0 0 0 0 1 88.0379
0 0 0 0 1 74.6189
0 0 0 0 1 64.4135
0 0 0 0 1 60.708
0 0 0 0 1 60.1138
0 0 0 0 1 60.7917
0 0 0 0 1 51.3129
0 0 0 0 0 47.5553
0 0 0 0 0 47.5195
0 0 0 0 1 38.9207
0 0 0 0 1 36.6357
0 0 0 0 1 35.4538
0 0 0 0 0 35.9655
0 0 0 0 1 35.9063
0 0 0 0 0 35.7771
0 0 0 0 1 28.3306
0 0 0 0 1 26.9107
0 0 0 0 1 25.8186
0 0 0 0 1 24.4176
0 0 0 0 1 24.4046
0 0 0 0 0 24.4167
0 0 0 0 0 24.5021
0 0 0 0 1 24.7865
0 0 0 0 1 24.8742
0 0 0 0 1 24.5427
0 0 0 0 0 24.656
0 0 0 0 1 24.8194
0 0 0 0 1 24.7841
0 0 0 0 0 18.1817
0 0 0 0 1 17.6327
0 0 0 0 1 17.123
0 0 0 0 1 16.8281
0 0 0 0 0 16.1795
0 0 0 0 1 15.9907
0 0 0 0 1 15.3461
0 0 0 0 1 15.1514
0 0 0 0 1 14.8458
0 0 0 0 0 14.2933
0 0 0 0 0 14.0003
0 0 0 0 1 13.9009
0 0 0 0 1 13.7737
0 0 0 0 1 13.9944
0 0 0 0 0 13.8258
0 0 0 0 0 13.8522
0 0 0 0 0 13.9089
0 0 0 0 0 14.0617
0 0 0 0 1 13.9493
0 0 0 0 1 13.9209
0 0 0 0 1 13.993
0 0 0 0 1 14.0072
0 0 0 0 1 14.0636
0 0 0 0 0 13.994
0 0 0 0 0 14.1941
0 0 0 0 1 14.0545
0 0 0 0 1 14.0698
0 0 0 0 1 14.0598
0 0 0 0 1 14.0049
0 0 0 0 1 14.0634
0 0 0 0 1 14.1249
0 0 0 0 1 14.1556
0 0 0 0 0 14.0759
0 0 0 0 0 14.292
0 0 0 0 0 14.3123
0 0 0 0 1 14.2445
0 0 0 0 1 14.3939
0 0 0 0 1 14.2263
0 0 0 0 1 14.2763
0 0 0 0 0 14.3666
0 0 0 0 1 8.91418
0 0 0 0 1 8.72963
0 0 0 0 1 8.68464
0 0 0 0 1 8.52871
0 0 0 0 0 8.32383
0 0 0 0 1 8.27905
0 0 0 0 1 8.27522
0 0 0 0 1 8.14663
0 0 0 0 0 7.92429
0 0 0 0 1 7.91057
0 0 0 0 1 7.81075
0 0 0 0 1 7.77936
0 0 0 0 1 7.7026
0 0 0 0 1 7.49734
0 0 0 0 1 7.54903
0 0 0 0 1 7.41497
0 0 0 0 1 7.26572
0 0 0 0 1 7.21412
0 0 0 0 1 7.22673
0 0 0 0 1 7.16676
0 0 0 0 0 6.97321
0 0 0 0 1 6.88864
0 0 0 0 1 6.92637
0 0 0 0 1 6.82799
0 0 0 0 1 6.73037
0 0 0 0 1 6.72053
0 0 0 0 1 6.68991
0 0 0 0 1 6.59312
0 0 0 0 0 6.4906
0 0 0 0 0 6.5011
0 0 0 0 1 6.41845
0 0 0 0 1 6.35164
0 0 0 0 0 6.23493
0 0 0 0 0 6.24391
0 0 0 0 1 6.12234
0 0 0 0 1 6.17337
0 0 0 0 1 6.00436
0 0 0 0 1 6.05683
0 0 0 0 1 5.92588
0 0 0 0 0 5.94132
0 0 0 0 1 5.90009
0 0 0 0 0 5.79188
0 0 0 0 1 5.77148
0 0 0 0 0 5.71639
0 0 0 0 1 5.72117
0 0 0 0 1 5.61536
0 0 0 0 1 5.63942
0 0 0 0 1 5.55449
0 0 0 0 0 5.55008
0 0 0 0 1 5.4849
0 0 0 0 0 5.47456
0 0 0 0 1 5.42387
0 0 0 0 0 5.33588
0 0 0 0 1 5.37875
0 0 0 0 1 5.32326
0 0 0 0 1 5.29639
0 0 0 0 0 5.22579
0 0 0 0 1 5.14539
0 0 0 0 1 5.10172
0 0 0 0 1 5.16056
0 0 0 0 0 5.09305
0 0 0 0 0 5.03441
0 0 0 0 1 5.01955
0 0 0 0 1 4.96148
0 0 0 0 1 4.95332
0 0 0 0 1 4.91053
0 0 0 0 1 4.90215
0 0 0 0 0 4.85322
0 0 0 0 1 4.80132
0 0 0 0 1 4.83426
0 0 0 0 1 4.80256
0 0 0 0 0 4.81044
0 0 0 0 1 4.87184
0 0 0 0 1 4.83017
0 0 0 0 1 4.87244
0 0 0 0 1 4.90027
0 0 0 0 1 4.96279
0 0 0 0 1 4.89603
0 0 0 0 1 4.92914
0 0 0 0 1 4.95251
0 0 0 0 1 4.96485
0 0 0 0 1 4.97844
0 0 0 0 1 5.03232
0 0 0 0 0 5.07144
0 0 0 0 1 5.10068
0 0 0 0 1 5.04876
0 0 0 0 1 5.10868
0 0 0 0 1 5.13828
0 0 0 0 1 5.0845
0 0 0 0 0 5.14505
0 0 0 0 1 5.13873
0 0 0 0 1 5.21024
0 0 0 0 1 5.25096
0 0 0 0 1 5.2867
0 0 0 0 1 5.2491
0 0 0 0 1 5.22169
0 0 0 0 1 5.33848
0 0 0 0 0 5.3536
0 0 0 0 0 5.29399
0 0 0 0 0 5.34647
0 0 0 0 1 5.37236
0 0 0 0 1 5.36742
0 0 0 0 1 5.42605
0 0 0 0 1 5.47416
0 0 0 0 1 5.49519
0 0 0 0 1 5.45185
0 0 0 0 1 5.57773
0 0 0 0 1 5.51197
0 0 0 0 1 5.60002
0 0 0 0 1 5.62874
0 0 0 0 0 5.56603
0 0 0 0 1 5.68497
0 0 0 0 1 5.63305
0 0 0 0 1 5.74172
0 0 0 0 0 5.68361
0 0 0 0 1 5.71269
0 0 0 0 1 5.80549
0 0 0 0 1 5.8642
0 0 0 0 1 5.89246
0 0 0 0 1 5.83455
0 0 0 0 1 5.9291
0 0 0 0 1 5.91781
0 0 0 0 1 5.91216
0 0 0 0 1 6.01997
0 0 0 0 1 6.06251
0 0 0 0 0 5.99045
0 0 0 0 1 6.10579
0 0 0 0 0 6.14272
0 0 0 0 1 6.08776
0 0 0 0 1 6.12607
0 0 0 0 1 9.57615
0 0 0 0 1 9.40548
0 0 0 0 1 9.40284
0 0 0 0 0 9.50378
0 0 0 0 1 9.37254
0 0 0 0 0 9.40731
0 0 0 0 1 9.37657
0 0 0 0 1 9.3707
0 0 0 0 0 9.16745
0 0 0 0 0 9.29462
0 0 0 0 0 9.16334
0 0 0 0 1 9.18878
0 0 0 0 0 9.07694
0 0 0 0 1 9.06603
0 0 0 0 0 9.07335
0 0 0 0 1 9.09872
0 0 0 0 1 9.06978
0 0 0 0 1 8.91174
0 0 0 0 1 9.03612
0 0 0 0 1 9.04018
0 0 0 0 1 8.87795
0 0 0 0 1 8.82348
0 0 0 0 0 8.84031
0 0 0 0 0 8.79518
0 0 0 0 1 8.88803
0 0 0 0 1 8.81669
0 0 0 0 1 8.67571
0 0 0 0 1 8.83473
0 0 0 0 0 8.74677
0 0 0 0 1 8.64724
0 0 0 0 1 8.75989
0 0 0 0 1 8.59172
0 0 0 0 1 8.6954
0 0 0 0 1 8.65746
0 0 0 0 1 8.55457
0 0 0 0 0 8.52581
0 0 0 0 1 8.62028
0 0 0 0 0 8.44687
0 0 0 0 0 8.4782
0 0 0 0 1 8.50096
0 0 0 0 1 8.47293
0 0 0 0 0 8.52101
0 0 0 0 1 8.33693
0 0 0 0 1 8.31806
0 0 0 0 0 8.34121
0 0 0 0 1 8.38103
0 0 0 0 0 8.30402
0 0 0 0 1 8.32265
0 0 0 0 1 8.24631
0 0 0 0 1 8.32765
0 0 0 0 1 8.21492
0 0 0 0 1 8.31265
0 0 0 0 1 8.19609
0 0 0 0 1 8.20327
0 0 0 0 1 8.21871
0 0 0 0 1 8.11969
0 0 0 0 0 8.217
0 0 0 0 1 8.10229
0 0 0 0 0 8.19129
0 0 0 0 0 8.10162
0 0 0 0 1 8.16618
0 0 0 0 1 8.03672
0 0 0 0 0 8.09329
0 0 0 0 0 8.07326
0 0 0 0 0 8.04138
0 0 0 0 1 8.08188
0 0 0 0 1 7.97831
0 0 0 0 1 7.97108
0 0 0 0 0 8.02357
0 0 0 0 1 8.00056
0 0 0 0 1 7.93803
0 0 0 0 1 7.85205
0 0 0 0 0 7.96443
0 0 0 0 1 7.92203
0 0 0 0 1 7.93944
0 0 0 0 1 7.90965
0 0 0 0 0 7.915
0 0 0 0 1 7.84183
0 0 0 0 1 7.89895
0 0 0 0 1 7.75241
0 0 0 0 1 7.75504
0 0 0 0 0 7.87031
0 0 0 0 1 7.75606
0 0 0 0 1 7.83687
0 0 0 0 1 7.80414
0 0 0 0 1 7.69089
0 0 0 0 0 7.68961
