0 0 0 0 1 5.55844
0 0 0 0 1 5.50088
0 0 0 0 1 5.51004
0 0 0 0 1 5.51623
0 0 0 0 1 5.60377
0 0 0 0 1 5.61345
0 0 0 0 1 5.56076
0 0 0 0 0 5.60976
0 0 0 0 1 5.58274
0 0 0 0 0 5.5759
0 0 0 0 1 5.64234
0 0 0 0 1 5.69784
0 0 0 0 1 5.60322
0 0 0 0 0 5.65333
0 0 0 0 1 5.72075
0 0 0 0 1 5.71101
0 0 0 0 1 5.67652
0 0 0 0 0 5.68759
0 0 0 0 1 5.70451
0 0 0 0 1 5.69114
0 0 0 0 1 5.78265
0 0 0 0 1 5.70826
0 0 0 0 1 5.78311
0 0 0 0 1 5.81227
0 0 0 0 1 5.71646
0 0 0 0 1 5.79774
0 0 0 0 1 5.76359
0 0 0 0 1 5.82226
0 0 0 0 1 5.79399
0 0 0 0 1 5.8881
0 0 0 0 1 5.87753
0 0 0 0 1 5.86854
0 0 0 0 1 5.89472
0 0 0 0 0 5.89015
0 0 0 0 0 5.90916
0 0 0 0 1 5.87524
0 0 0 0 1 5.87669
0 0 0 0 1 5.87822
0 0 0 0 0 5.99859
0 0 0 0 1 5.92313
0 0 0 0 1 5.99058
0 0 0 0 0 5.94477
0 0 0 0 1 6.01996
0 0 0 0 1 6.02215
0 0 0 0 1 5.99431
0 0 0 0 1 6.06895
0 0 0 0 0 6.02787
0 0 0 0 1 6.09705
0 0 0 0 0 6.11186
0 0 0 0 1 6.13898
0 0 0 0 1 6.16017
0 0 0 0 1 6.07122
0 0 0 0 1 6.11589
0 0 0 0 1 6.10758
0 0 0 0 1 6.14755
0 0 0 0 1 6.22487
0 0 0 0 1 6.19096
0 0 0 0 1 6.2119
0 0 0 0 1 6.21525
0 0 0 0 0 6.19361
0 0 0 0 1 6.2274
0 0 0 0 1 6.26235
0 0 0 0 1 6.27858
0 0 0 0 1 6.35816
0 0 0 0 1 6.29863
0 0 0 0 1 6.327
0 0 0 0 1 6.41384
0 0 0 0 0 6.4236
0 0 0 0 1 6.39566
0 0 0 0 1 6.50855
0 0 0 0 1 6.41606
0 0 0 0 1 6.4973
0 0 0 0 1 6.54724
0 0 0 0 1 6.58441
0 0 0 0 1 6.57602
0 0 0 0 1 6.58661
0 0 0 0 0 6.61703
0 0 0 0 1 6.62182
0 0 0 0 1 6.56639
0 0 0 0 1 6.65684
0 0 0 0 1 6.62111
0 0 0 0 1 6.7263
0 0 0 0 1 6.7381
0 0 0 0 1 6.72921
0 0 0 0 1 6.75402
0 0 0 0 1 6.79934
0 0 0 0 0 6.7564
0 0 0 0 1 6.76779
0 0 0 0 1 6.82725
0 0 0 0 1 6.86644
0 0 0 0 1 6.87131
0 0 0 0 1 6.86975
0 0 0 0 1 6.88847
0 0 0 0 1 6.96315
0 0 0 0 0 7.05235
0 0 0 0 0 6.98734
0 0 0 0 1 7.12622
0 0 0 0 1 7.14594
0 0 0 0 1 7.19422
0 0 0 0 1 7.19989
0 0 0 0 1 7.16963
0 0 0 0 1 7.27594
0 0 0 0 0 7.21622
0 0 0 0 1 7.25076
0 0 0 0 1 7.26316
0 0 0 0 1 7.26866
0 0 0 0 1 7.40613
0 0 0 0 1 7.31641
0 0 0 0 1 7.44008
0 0 0 0 1 7.46787
0 0 0 0 1 7.5186
0 0 0 0 1 7.48656
0 0 0 0 1 7.55978
0 0 0 0 1 7.56523
0 0 0 0 1 7.60911
0 0 0 0 1 7.69869
0 0 0 0 1 7.6813
0 0 0 0 0 7.71762
0 0 0 0 0 7.78515
0 0 0 0 1 7.75173
0 0 0 0 1 7.79665
0 0 0 0 1 7.90421
0 0 0 0 1 7.96476
0 0 0 0 1 8.01815
0 0 0 0 1 8.03946
0 0 0 0 0 8.013
0 0 0 0 1 7.99413
0 0 0 0 1 8.17749
0 0 0 0 1 8.19085
0 0 0 0 1 8.17182
0 0 0 0 0 8.31643
0 0 0 0 1 8.27188
0 0 0 0 1 8.29373
0 0 0 0 1 8.44873
0 0 0 0 1 8.38641
0 0 0 0 0 8.52604
0 0 0 0 1 8.59033
0 0 0 0 1 8.56089
0 0 0 0 1 8.62605
0 0 0 0 1 8.62176
0 0 0 0 0 8.78143
0 0 0 0 1 8.7247
0 0 0 0 0 8.71883
0 0 0 0 1 8.8115
0 0 0 0 0 8.81414
0 0 0 0 1 8.8879
0 0 0 0 1 9.08818
0 0 0 0 1 9.12731
0 0 0 0 0 9.08532
0 0 0 0 1 9.25227
0 0 0 0 1 9.20856
0 0 0 0 0 9.30302
0 0 0 0 1 9.42716
0 0 0 0 1 9.34344
0 0 0 0 1 9.40104
0 0 0 0 1 9.43849
0 0 0 0 1 9.57165
0 0 0 0 1 9.67825
0 0 0 0 1 9.72602
0 0 0 0 0 9.88134
0 0 0 0 1 9.8312
0 0 0 0 1 10.0091
0 0 0 0 0 9.95628
0 0 0 0 1 9.9838
0 0 0 0 1 10.141
0 0 0 0 1 10.2807
0 0 0 0 1 10.3584
0 0 0 0 1 10.3742
0 0 0 0 1 10.5265
0 0 0 0 1 10.458
0 0 0 0 1 10.4826
0 0 0 0 1 10.6965
0 0 0 0 1 10.8394
0 0 0 0 1 10.7649
0 0 0 0 1 9.24075
0 0 0 0 0 9.30033
0 0 0 0 0 9.35524
0 0 0 0 1 9.17419
0 0 0 0 1 9.31221
0 0 0 0 1 9.16904
0 0 0 0 1 9.20562
0 0 0 0 1 9.16425
0 0 0 0 0 9.16426
0 0 0 0 0 9.05957
0 0 0 0 1 9.04175
0 0 0 0 1 9.05597
0 0 0 0 1 9.06557
0 0 0 0 1 9.08425
0 0 0 0 0 9.1076
0 0 0 0 0 9.01829
0 0 0 0 1 8.99703
0 0 0 0 1 9.00707
0 0 0 0 1 8.85614
0 0 0 0 0 8.93801
0 0 0 0 1 8.8552
0 0 0 0 1 8.94582
0 0 0 0 1 8.95633
0 0 0 0 1 8.88715
0 0 0 0 0 8.76524
0 0 0 0 1 8.83423
0 0 0 0 1 8.89812
0 0 0 0 1 8.83877
0 0 0 0 0 8.69194
0 0 0 0 1 8.77359
0 0 0 0 1 8.68007
0 0 0 0 1 8.75805
0 0 0 0 1 8.72617
0 0 0 0 1 8.72062
0 0 0 0 1 8.63701
0 0 0 0 1 8.58848
0 0 0 0 1 8.71345
0 0 0 0 1 8.56141
0 0 0 0 0 8.6431
0 0 0 0 1 8.63845
0 0 0 0 0 8.55646
0 0 0 0 1 8.61238
0 0 0 0 0 8.66825
0 0 0 0 1 8.55269
0 0 0 0 1 8.58308
0 0 0 0 1 8.52806
0 0 0 0 1 8.51046
0 0 0 0 1 8.56673
0 0 0 0 1 8.62701
0 0 0 0 1 8.63034
0 0 0 0 1 8.89509
0 0 0 0 1 8.89609
0 0 0 0 1 9.07509
0 0 0 0 1 9.32992
0 0 0 0 1 9.41013
0 0 0 0 1 9.50764
0 0 0 0 1 9.69072
0 0 0 0 0 9.9044
0 0 0 0 1 10.0699
0 0 0 0 0 10.1129
0 0 0 0 1 10.4105
0 0 0 0 1 10.5106
0 0 0 0 0 10.8234
0 0 0 0 0 10.8652
0 0 0 0 1 11.0571
0 0 0 0 1 11.3267
0 0 0 0 1 11.5388
0 0 0 0 0 11.7605
0 0 0 0 1 12.1627
0 0 0 0 0 12.3825
0 0 0 0 1 12.6862
0 0 0 0 1 12.8861
0 0 0 0 1 22.5237
0 0 0 0 1 22.891
0 0 0 0 1 22.4848
0 0 0 0 1 22.4444
0 0 0 0 1 22.6762
0 0 0 0 1 22.7043
0 0 0 0 1 22.7101
0 0 0 0 1 22.4
0 0 0 0 1 22.4294
0 0 0 0 1 22.369
0 0 0 0 1 22.7602
0 0 0 0 1 22.4524
0 0 0 0 1 22.3271
0 0 0 0 0 22.5387
0 0 0 0 0 22.7054
0 0 0 0 0 22.6025
0 0 0 0 0 22.6125
0 0 0 0 1 22.6678
0 0 0 0 1 23.246
0 0 0 0 1 23.9308
0 0 0 0 1 25.0929
0 0 0 0 1 26.0026
0 0 0 0 0 36.0899
0 0 0 0 0 36.3298
0 0 0 0 1 36.0608
0 0 0 0 1 36.593
0 0 0 0 1 36.1378
0 0 0 0 1 38.1796
0 0 0 0 1 52.1188
0 0 0 0 1 51.9471
0 0 0 0 0 51.8291
0 0 0 0 1 51.6075
0 0 0 0 1 51.5431
0 0 0 0 1 56.8362
0 0 0 0 1 65.7244
0 0 0 0 1 70.3605
0 0 0 0 0 82.4645
0 0 0 0 0 5.01501
0 0 0 0 0 4.96992
0 0 0 0 0 5.05008
0 0 0 0 0 4.99497
0 0 0 0 0 4.99998
0 0 0 0 0 4.99998
0 0 0 0 0 4.98996
0 0 0 0 0 5.03004
0 0 0 0 0 5.05509
0 0 0 0 0 4.99998
0 0 0 0 0 5.00499
0 0 0 0 0 4.96491
0 0 0 0 0 88.1164
0 0 0 0 0 87.4247
0 0 0 0 0 74.8443
0 0 0 0 1 63.9028
0 0 0 0 1 60.8291
0 0 0 0 0 60.356
0 0 0 0 1 60.1862
0 0 0 0 1 51.3129
0 0 0 0 1 47.6992
0 0 0 0 0 48.1915
0 0 0 0 0 39.0385
0 0 0 0 0 36.4516
0 0 0 0 0 35.8818
0 0 0 0 1 35.9655
0 0 0 0 0 36.049
0 0 0 0 0 35.5272
0 0 0 0 0 28.3025
0 0 0 0 1 26.6695
0 0 0 0 0 25.8186
0 0 0 0 0 24.6391
0 0 0 0 1 24.577
0 0 0 0 1 24.6878
0 0 0 0 1 24.5021
0 0 0 0 1 24.4905
0 0 0 0 1 24.9235
0 0 0 0 1 24.518
0 0 0 0 1 24.8784
0 0 0 0 1 24.9183
0 0 0 0 1 24.7841
0 0 0 0 1 18.1271
0 0 0 0 1 17.7035
0 0 0 0 1 17.1574
0 0 0 0 1 16.8615
0 0 0 0 0 16.3425
0 0 0 0 1 15.9589
0 0 0 0 1 15.5319
0 0 0 0 1 15.1968
0 0 0 0 1 14.772
0 0 0 0 1 14.3365
0 0 0 0 1 14.1695
0 0 0 0 1 13.9009
0 0 0 0 1 13.8571
0 0 0 0 1 13.9248
0 0 0 0 1 14.0485
0 0 0 0 1 13.8661
0 0 0 0 1 13.8113
0 0 0 0 1 13.9918
0 0 0 0 1 14.0751
0 0 0 0 1 13.9769
0 0 0 0 0 14.0211
0 0 0 0 1 14.0913
0 0 0 0 1 14.0075
0 0 0 0 0 13.9518
0 0 0 0 1 14.0394
0 0 0 0 1 13.97
0 0 0 0 1 14.1121
0 0 0 0 1 14.0739
0 0 0 0 1 14.1039
0 0 0 0 1 14.2473
0 0 0 0 1 14.2949
0 0 0 0 1 14.0847
0 0 0 0 0 14.3031
0 0 0 0 1 14.164
0 0 0 0 1 14.2839
0 0 0 0 1 14.1305
0 0 0 0 0 14.1797
0 0 0 0 1 14.1691
0 0 0 0 1 14.3336
0 0 0 0 1 14.3809
0 0 0 0 1 8.77297
0 0 0 0 1 8.64251
0 0 0 0 1 8.54706
0 0 0 0 1 8.48623
0 0 0 0 0 8.33222
0 0 0 0 1 8.22104
0 0 0 0 1 8.1769
0 0 0 0 1 8.01719
0 0 0 0 1 7.91629
0 0 0 0 1 7.95008
0 0 0 0 1 7.76384
0 0 0 0 1 7.69438
0 0 0 0 1 7.71789
0 0 0 0 1 7.57292
0 0 0 0 1 7.50418
0 0 0 0 0 7.45197
0 0 0 0 1 7.30231
0 0 0 0 1 7.17791
0 0 0 0 1 7.24107
0 0 0 0 1 7.13128
0 0 0 0 1 7.04343
0 0 0 0 1 6.92343
0 0 0 0 0 6.85064
0 0 0 0 1 6.82799
0 0 0 0 1 6.82498
0 0 0 0 1 6.7607
0 0 0 0 0 6.67665
0 0 0 0 1 6.58656
0 0 0 0 1 6.56864
0 0 0 0 1 6.5011
0 0 0 0 1 6.43761
0 0 0 0 1 6.33898
0 0 0 0 1 6.304
0 0 0 0 1 6.23769
0 0 0 0 0 6.10999
0 0 0 0 1 6.09995
0 0 0 0 1 6.01043
0 0 0 0 1 6.00264
0 0 0 0 1 5.91395
0 0 0 0 1 5.93539
0 0 0 0 1 5.82965
0 0 0 0 1 5.84432
0 0 0 0 0 5.7657
0 0 0 0 0 5.69343
0 0 0 0 1 5.74392
0 0 0 0 1 5.6718
0 0 0 0 1 5.65063
0 0 0 0 1 5.61571
0 0 0 0 1 5.56664
0 0 0 0 1 5.42463
0 0 0 0 0 5.38758
0 0 0 0 1 5.36444
0 0 0 0 1 5.37883
0 0 0 0 1 5.29354
0 0 0 0 0 5.30739
0 0 0 0 0 5.2544
0 0 0 0 1 5.22058
0 0 0 0 0 5.22829
0 0 0 0 1 5.13775
0 0 0 0 1 5.15544
0 0 0 0 0 5.1032
0 0 0 0 0 5.04953
0 0 0 0 1 5.00952
0 0 0 0 1 5.01129
0 0 0 0 1 4.89889
0 0 0 0 1 4.90561
0 0 0 0 1 4.91192
0 0 0 0 1 4.89694
0 0 0 0 1 4.79649
0 0 0 0 1 4.79574
0 0 0 0 1 4.86048
0 0 0 0 1 4.82981
0 0 0 0 1 4.85726
0 0 0 0 1 4.91303
0 0 0 0 0 4.84798
0 0 0 0 1 4.88554
0 0 0 0 1 4.93815
0 0 0 0 1 4.93061
0 0 0 0 0 4.96881
0 0 0 0 0 5.0222
0 0 0 0 1 5.01475
0 0 0 0 1 5.03854
0 0 0 0 1 5.07254
0 0 0 0 1 5.00079
0 0 0 0 1 5.01457
0 0 0 0 1 5.05893
0 0 0 0 1 5.14441
0 0 0 0 1 5.15877
0 0 0 0 1 5.11018
0 0 0 0 1 5.10896
0 0 0 0 1 5.15426
0 0 0 0 1 5.17908
0 0 0 0 1 5.17796
0 0 0 0 0 5.19248
0 0 0 0 1 5.28062
0 0 0 0 1 5.29026
0 0 0 0 1 5.34378
0 0 0 0 1 5.33764
0 0 0 0 1 5.38481
0 0 0 0 1 5.41618
0 0 0 0 0 5.37236
0 0 0 0 1 5.42693
0 0 0 0 1 5.4695
0 0 0 0 0 5.43599
0 0 0 0 1 5.51709
0 0 0 0 0 5.50686
0 0 0 0 0 5.47833
0 0 0 0 1 5.50087
0 0 0 0 0 5.62231
0 0 0 0 1 5.64554
0 0 0 0 1 5.59414
0 0 0 0 1 5.60585
0 0 0 0 1 5.65007
0 0 0 0 1 5.75882
0 0 0 0 1 5.68934
0 0 0 0 1 5.74145
0 0 0 0 1 5.81706
0 0 0 0 1 5.80027
0 0 0 0 1 5.82246
0 0 0 0 1 5.91078
0 0 0 0 1 5.95268
0 0 0 0 1 5.9415
0 0 0 0 1 5.94193
0 0 0 0 1 6.00201
0 0 0 0 0 5.99034
0 0 0 0 0 5.9844
0 0 0 0 0 6.11794
0 0 0 0 0 6.04502
0 0 0 0 1 6.1614
0 0 0 0 1 6.23723
0 0 0 0 0 9.5
0 0 0 0 1 9.41496
0 0 0 0 1 9.40284
0 0 0 0 0 9.34366
0 0 0 0 1 9.41945
0 0 0 0 1 9.3325
0 0 0 0 0 9.28337
0 0 0 0 1 9.38929
0 0 0 0 1 9.32487
0 0 0 0 1 9.18386
0 0 0 0 1 9.20934
0 0 0 0 0 9.18878
0 0 0 0 1 9.10436
0 0 0 0 1 9.14803
0 0 0 0 1 9.10968
0 0 0 0 0 9.03535
0 0 0 0 1 8.93441
0 0 0 0 1 9.09178
0 0 0 0 0 9.00022
0 0 0 0 1 8.89697
0 0 0 0 1 8.91364
0 0 0 0 1 8.92132
0 0 0 0 1 8.84918
0 0 0 0 1 8.85706
0 0 0 0 1 8.86158
0 0 0 0 0 8.75516
0 0 0 0 1 8.85098
0 0 0 0 1 8.80849
0 0 0 0 1 8.80781
0 0 0 0 1 8.68204
0 0 0 0 0 8.69051
0 0 0 0 1 8.66959
0 0 0 0 1 8.61776
0 0 0 0 1 8.5714
0 0 0 0 1 8.51167
0 0 0 0 0 8.64565
0 0 0 0 1 8.46665
0 0 0 0 1 8.58311
0 0 0 0 1 8.48669
0 0 0 0 0 8.46705
0 0 0 0 1 8.52366
0 0 0 0 1 8.41977
0 0 0 0 1 8.37899
0 0 0 0 1 8.43557
0 0 0 0 1 8.42495
0 0 0 0 1 8.31418
0 0 0 0 1 8.39573
0 0 0 0 1 8.30602
0 0 0 0 1 8.23801
0 0 0 0 1 8.20348
0 0 0 0 1 8.3141
0 0 0 0 0 8.27142
0 0 0 0 1 8.16317
0 0 0 0 0 8.17864
0 0 0 0 1 8.26787
0 0 0 0 1 8.16875
0 0 0 0 1 8.11092
0 0 0 0 1 8.13486
0 0 0 0 0 8.17504
0 0 0 0 1 8.18272
0 0 0 0 1 8.06096
0 0 0 0 1 8.15788
0 0 0 0 1 8.05299
0 0 0 0 1 8.12155
0 0 0 0 1 7.96908
0 0 0 0 1 7.96964
0 0 0 0 1 8.03432
0 0 0 0 1 8.05894
0 0 0 0 1 7.89596
0 0 0 0 1 7.92096
0 0 0 0 1 7.99365
0 0 0 0 0 7.97102
0 0 0 0 0 7.92484
0 0 0 0 1 7.97737
0 0 0 0 1 7.86052
0 0 0 0 1 7.89389
0 0 0 0 1 7.85205
0 0 0 0 1 7.79468
0 0 0 0 1 7.86757
0 0 0 0 1 7.85421
0 0 0 0 1 7.88794
0 0 0 0 1 7.8625
0 0 0 0 1 7.71708
0 0 0 0 1 7.72792
0 0 0 0 0 7.78859
0 0 0 0 1 7.72193
0 0 0 0 1 7.79814
