0 0 0 0 1 5.55289
0 0 0 0 1 5.50644
0 0 0 0 0 5.5323
0 0 0 0 1 5.6221
0 0 0 0 1 5.59819
0 0 0 0 1 5.6414
0 0 0 0 0 5.63349
0 0 0 0 1 5.54812
0 0 0 0 1 5.66129
0 0 0 0 1 5.60962
0 0 0 0 0 5.61418
0 0 0 0 1 5.63014
0 0 0 0 0 5.62016
0 0 0 0 1 5.64202
0 0 0 0 1 5.70374
0 0 0 0 1 5.70533
0 0 0 0 1 5.69928
0 0 0 0 1 5.6591
0 0 0 0 1 5.73306
0 0 0 0 1 5.67399
0 0 0 0 1 5.73112
0 0 0 0 0 5.70826
0 0 0 0 1 5.69113
0 0 0 0 0 5.73738
0 0 0 0 1 5.75683
0 0 0 0 1 5.76306
0 0 0 0 1 5.84469
0 0 0 0 1 5.84548
0 0 0 0 1 5.78817
0 0 0 0 1 5.7715
0 0 0 0 1 5.86
0 0 0 0 0 5.8861
0 0 0 0 1 5.80097
0 0 0 0 0 5.81968
0 0 0 0 1 5.8915
0 0 0 0 1 5.91063
0 0 0 0 1 5.91808
0 0 0 0 1 5.90785
0 0 0 0 1 5.88575
0 0 0 0 0 5.89932
0 0 0 0 1 5.92495
0 0 0 0 1 5.95673
0 0 0 0 1 6.01996
0 0 0 0 0 6.06418
0 0 0 0 0 5.9883
0 0 0 0 1 6.07498
0 0 0 0 1 6.1126
0 0 0 0 1 6.08491
0 0 0 0 1 6.02672
0 0 0 0 1 6.04144
0 0 0 0 1 6.05016
0 0 0 0 1 6.16311
0 0 0 0 0 6.15892
0 0 0 0 1 6.10758
0 0 0 0 1 6.11051
0 0 0 0 0 6.15681
0 0 0 0 1 6.14753
0 0 0 0 1 6.2119
0 0 0 0 0 6.22773
0 0 0 0 1 6.24366
0 0 0 0 0 6.25251
0 0 0 0 1 6.35676
0 0 0 0 1 6.25334
0 0 0 0 1 6.3898
0 0 0 0 0 6.33669
0 0 0 0 0 6.33973
0 0 0 0 0 6.37555
0 0 0 0 1 6.38518
0 0 0 0 1 6.48556
0 0 0 0 0 6.43122
0 0 0 0 1 6.51944
0 0 0 0 1 6.42598
0 0 0 0 1 6.46922
0 0 0 0 0 6.49966
0 0 0 0 1 6.51065
0 0 0 0 1 6.54725
0 0 0 0 1 6.53802
0 0 0 0 1 6.5558
0 0 0 0 1 6.66578
0 0 0 0 0 6.63689
0 0 0 0 1 6.72123
0 0 0 0 1 6.74638
0 0 0 0 1 6.73139
0 0 0 0 1 6.77636
0 0 0 0 1 6.77431
0 0 0 0 0 6.76541
0 0 0 0 1 6.79046
0 0 0 0 1 6.84299
0 0 0 0 1 6.8547
0 0 0 0 1 6.90088
0 0 0 0 1 6.8644
0 0 0 0 0 6.93907
0 0 0 0 1 6.96501
0 0 0 0 0 6.91426
0 0 0 0 1 6.97523
0 0 0 0 1 7.02956
0 0 0 0 1 7.02725
0 0 0 0 1 7.0395
0 0 0 0 1 7.10162
0 0 0 0 1 7.17844
0 0 0 0 1 7.20552
0 0 0 0 1 7.21831
0 0 0 0 1 7.19451
0 0 0 0 1 7.33068
0 0 0 0 0 7.23396
0 0 0 0 1 7.27599
0 0 0 0 1 7.39877
0 0 0 0 1 7.37548
0 0 0 0 0 7.42524
0 0 0 0 0 7.43805
0 0 0 0 1 7.53356
0 0 0 0 0 7.54669
0 0 0 0 0 7.48426
0 0 0 0 1 7.55006
0 0 0 0 1 7.56341
0 0 0 0 1 7.57625
0 0 0 0 1 7.66592
0 0 0 0 1 7.8026
0 0 0 0 1 7.77739
0 0 0 0 1 7.72834
0 0 0 0 1 7.85145
0 0 0 0 1 7.84916
0 0 0 0 1 7.86985
0 0 0 0 1 7.89895
0 0 0 0 1 8.03147
0 0 0 0 1 7.97285
0 0 0 0 0 8.0506
0 0 0 0 1 8.16938
0 0 0 0 1 8.1664
0 0 0 0 0 8.2537
0 0 0 0 1 8.31643
0 0 0 0 1 8.25532
0 0 0 0 1 8.33532
0 0 0 0 1 8.29816
0 0 0 0 0 8.38641
0 0 0 0 1 8.50912
0 0 0 0 0 8.42873
0 0 0 0 1 8.578
0 0 0 0 1 8.55732
0 0 0 0 1 8.69087
0 0 0 0 1 8.68579
0 0 0 0 1 8.75966
0 0 0 0 1 8.71003
0 0 0 0 1 8.89988
0 0 0 0 1 8.98313
0 0 0 0 1 8.87895
0 0 0 0 0 9.09719
0 0 0 0 1 9.13638
0 0 0 0 1 9.15822
0 0 0 0 1 9.13306
0 0 0 0 1 9.19933
0 0 0 0 0 9.21017
0 0 0 0 1 9.34315
0 0 0 0 1 9.46564
0 0 0 0 0 9.44833
0 0 0 0 1 9.5623
0 0 0 0 1 9.51411
0 0 0 0 1 9.74579
0 0 0 0 1 9.66772
0 0 0 0 1 9.85199
0 0 0 0 1 9.8903
0 0 0 0 1 9.88029
0 0 0 0 1 9.96627
0 0 0 0 1 10.0341
0 0 0 0 0 10.1511
0 0 0 0 1 10.1379
0 0 0 0 1 10.194
0 0 0 0 1 10.3638
0 0 0 0 1 10.3702
0 0 0 0 1 10.4265
0 0 0 0 1 10.6095
0 0 0 0 0 10.6965
0 0 0 0 1 10.7213
0 0 0 0 1 10.7433
0 0 0 0 1 9.37104
0 0 0 0 1 9.25392
0 0 0 0 0 9.2904
0 0 0 0 1 9.28505
0 0 0 0 1 9.14625
0 0 0 0 1 9.14145
0 0 0 0 1 9.14137
0 0 0 0 1 9.11847
0 0 0 0 1 9.20081
0 0 0 0 1 9.09602
0 0 0 0 1 9.14181
0 0 0 0 1 9.16486
0 0 0 0 1 9.06557
0 0 0 0 1 9.07521
0 0 0 0 1 9.03546
0 0 0 0 1 8.97329
0 0 0 0 0 9.05988
0 0 0 0 1 9.025
0 0 0 0 1 9.01716
0 0 0 0 0 8.88444
0 0 0 0 1 8.89974
0 0 0 0 1 8.96361
0 0 0 0 1 8.88532
0 0 0 0 1 8.77196
0 0 0 0 1 8.80062
0 0 0 0 1 8.74597
0 0 0 0 1 8.77478
0 0 0 0 0 8.74203
0 0 0 0 0 8.82363
0 0 0 0 1 8.67717
0 0 0 0 0 8.67132
0 0 0 0 1 8.74058
0 0 0 0 1 8.78719
0 0 0 0 1 8.76414
0 0 0 0 1 8.7239
0 0 0 0 1 8.70125
0 0 0 0 0 8.61817
0 0 0 0 0 8.56141
0 0 0 0 1 8.59993
0 0 0 0 1 8.64707
0 0 0 0 1 8.67698
0 0 0 0 1 8.62097
0 0 0 0 1 8.66825
0 0 0 0 0 8.62982
0 0 0 0 1 8.47183
0 0 0 0 1 8.57079
0 0 0 0 1 8.58729
0 0 0 0 1 8.4474
0 0 0 0 1 8.60128
0 0 0 0 1 8.72604
0 0 0 0 1 8.77155
0 0 0 0 1 8.92296
0 0 0 0 0 9.03872
0 0 0 0 1 9.14517
0 0 0 0 1 9.46643
0 0 0 0 0 9.58393
0 0 0 0 1 9.59391
0 0 0 0 1 9.7961
0 0 0 0 1 10.0799
0 0 0 0 1 10.1943
0 0 0 0 1 10.2862
0 0 0 0 1 10.6056
0 0 0 0 1 10.8449
0 0 0 0 1 10.898
0 0 0 0 0 11.202
0 0 0 0 1 11.4403
0 0 0 0 1 11.6083
0 0 0 0 1 11.8669
0 0 0 0 1 12.0783
0 0 0 0 1 12.2717
0 0 0 0 1 12.4851
0 0 0 0 1 12.809
0 0 0 0 1 22.8191
0 0 0 0 1 22.6639
0 0 0 0 1 22.7571
0 0 0 0 1 22.8071
0 0 0 0 1 22.8121
0 0 0 0 1 22.6137
0 0 0 0 0 22.5292
0 0 0 0 1 22.513
0 0 0 0 1 22.6101
0 0 0 0 1 22.5947
0 0 0 0 1 22.3767
0 0 0 0 1 22.3172
0 0 0 0 1 22.3947
0 0 0 0 1 22.7413
0 0 0 0 0 22.5704
0 0 0 0 1 22.3326
0 0 0 0 1 22.635
0 0 0 0 1 22.6678
0 0 0 0 1 23.3388
0 0 0 0 0 24.2203
0 0 0 0 0 24.892
0 0 0 0 0 26.2385
0 0 0 0 1 36.5269
0 0 0 0 1 36.2934
0 0 0 0 1 36.17
0 0 0 0 1 36.2293
0 0 0 0 1 36.7565
0 0 0 0 1 38.873
0 0 0 0 1 51.9626
0 0 0 0 1 51.7389
0 0 0 0 1 51.7771
0 0 0 0 0 51.8676
0 0 0 0 1 51.8551
0 0 0 0 0 56.1032
0 0 0 0 1 66.0517
0 0 0 0 0 69.1066
0 0 0 0 1 81.2373
0 0 0 0 0 4.98996
0 0 0 0 0 5.00499
0 0 0 0 0 5.04507
0 0 0 0 0 5.03505
0 0 0 0 0 4.96491
0 0 0 0 0 4.97994
0 0 0 0 0 5.00499
0 0 0 0 0 4.96992
0 0 0 0 0 5.02002
0 0 0 0 0 4.98996
0 0 0 0 0 5.05509
0 0 0 0 0 4.99497
0 0 0 0 1 88.4667
0 0 0 0 1 87.7751
0 0 0 0 1 75.6709
0 0 0 0 1 64.0305
0 0 0 0 1 59.9212
0 0 0 0 0 60.0533
0 0 0 0 1 60.4889
0 0 0 0 1 51.9317
0 0 0 0 1 47.8912
0 0 0 0 1 47.6155
0 0 0 0 1 39.3135
0 0 0 0 1 36.8934
0 0 0 0 1 35.8818
0 0 0 0 1 35.6444
0 0 0 0 1 35.9777
0 0 0 0 1 35.6343
0 0 0 0 1 27.9936
0 0 0 0 1 26.8303
0 0 0 0 1 25.5622
0 0 0 0 1 24.6638
0 0 0 0 1 24.8233
0 0 0 0 1 24.8849
0 0 0 0 0 24.5514
0 0 0 0 1 24.4905
0 0 0 0 1 24.8001
0 0 0 0 1 24.8884
0 0 0 0 1 24.7302
0 0 0 0 1 24.498
0 0 0 0 0 24.6852
0 0 0 0 1 18.2545
0 0 0 0 1 17.5089
0 0 0 0 0 17.0198
0 0 0 0 0 16.8281
0 0 0 0 1 16.4076
0 0 0 0 0 15.943
0 0 0 0 1 15.6403
0 0 0 0 1 15.2724
0 0 0 0 1 14.8901
0 0 0 0 1 14.351
0 0 0 0 1 13.958
0 0 0 0 0 14.0259
0 0 0 0 1 14.0239
0 0 0 0 1 13.8831
0 0 0 0 1 13.784
0 0 0 0 1 14.0612
0 0 0 0 1 13.895
0 0 0 0 1 14.0896
0 0 0 0 1 13.9214
0 0 0 0 0 13.9209
0 0 0 0 1 14.0631
0 0 0 0 0 13.9511
0 0 0 0 0 14.1198
0 0 0 0 1 13.9237
0 0 0 0 1 14.1097
0 0 0 0 0 13.97
0 0 0 0 1 14.239
0 0 0 0 1 14.2009
0 0 0 0 1 14.1463
0 0 0 0 1 14.1624
0 0 0 0 1 14.309
0 0 0 0 1 14.3258
0 0 0 0 1 14.1895
0 0 0 0 1 14.1497
0 0 0 0 1 14.1414
0 0 0 0 1 14.3301
0 0 0 0 1 14.2225
0 0 0 0 1 14.3407
0 0 0 0 0 14.3908
0 0 0 0 1 14.2232
0 0 0 0 0 8.90536
0 0 0 0 0 8.66864
0 0 0 0 1 8.51267
0 0 0 0 1 8.40978
0 0 0 0 1 8.30704
0 0 0 0 1 8.27077
0 0 0 0 1 8.20148
0 0 0 0 1 8.13854
0 0 0 0 1 7.96427
0 0 0 0 1 7.91057
0 0 0 0 1 7.82639
0 0 0 0 0 7.73301
0 0 0 0 1 7.69496
0 0 0 0 0 7.52757
0 0 0 0 1 7.39954
0 0 0 0 1 7.40757
0 0 0 0 1 7.34621
0 0 0 0 1 7.17066
0 0 0 0 1 7.2124
0 0 0 0 0 7.15966
0 0 0 0 0 7.00832
0 0 0 0 1 6.93039
0 0 0 0 1 6.83687
0 0 0 0 1 6.82799
0 0 0 0 1 6.76416
0 0 0 0 1 6.72723
0 0 0 0 0 6.56394
0 0 0 0 1 6.56029
0 0 0 0 1 6.51011
0 0 0 0 1 6.48175
0 0 0 0 1 6.37374
0 0 0 0 1 6.34531
0 0 0 0 1 6.23493
0 0 0 0 1 6.21279
0 0 0 0 1 6.14085
0 0 0 0 1 6.06935
0 0 0 0 1 6.05288
0 0 0 0 1 5.97856
0 0 0 0 1 5.94975
0 0 0 0 0 5.91762
0 0 0 0 1 5.88248
0 0 0 0 0 5.82102
0 0 0 0 1 5.72521
0 0 0 0 0 5.74509
0 0 0 0 1 5.70979
0 0 0 0 1 5.60972
0 0 0 0 1 5.65063
0 0 0 0 1 5.51553
0 0 0 0 1 5.48933
0 0 0 0 0 5.45203
0 0 0 0 1 5.46913
0 0 0 0 1 5.45628
0 0 0 0 0 5.34125
0 0 0 0 1 5.35745
0 0 0 0 1 5.28622
0 0 0 0 1 5.21766
0 0 0 0 1 5.21015
0 0 0 0 0 5.17648
0 0 0 0 1 5.11716
0 0 0 0 0 5.08384
0 0 0 0 0 5.10827
0 0 0 0 1 5.0193
0 0 0 0 1 5.00451
0 0 0 0 1 5.00631
0 0 0 0 1 4.99786
0 0 0 0 1 4.87612
0 0 0 0 1 4.89239
0 0 0 0 0 4.89694
0 0 0 0 1 4.80614
0 0 0 0 1 4.81981
0 0 0 0 1 4.77843
0 0 0 0 1 4.85404
0 0 0 0 0 4.85239
0 0 0 0 0 4.90815
0 0 0 0 1 4.85287
0 0 0 0 1 4.91991
0 0 0 0 1 4.90858
0 0 0 0 0 4.90591
0 0 0 0 1 4.98864
0 0 0 0 0 5.0222
0 0 0 0 1 4.9399
0 0 0 0 1 4.97844
0 0 0 0 0 5.07254
0 0 0 0 0 5.05125
0 0 0 0 1 5.10575
0 0 0 0 1 5.07418
0 0 0 0 0 5.09847
0 0 0 0 1 5.09729
0 0 0 0 1 5.1564
0 0 0 0 1 5.1966
0 0 0 0 0 5.15943
0 0 0 0 1 5.20505
0 0 0 0 1 5.1936
0 0 0 0 0 5.20295
0 0 0 0 0 5.30689
0 0 0 0 0 5.22697
0 0 0 0 0 5.33318
0 0 0 0 1 5.32699
0 0 0 0 1 5.35275
0 0 0 0 1 5.33038
0 0 0 0 1 5.3293
0 0 0 0 1 5.43776
0 0 0 0 0 5.40432
0 0 0 0 1 5.4578
0 0 0 0 1 5.42404
0 0 0 0 1 5.55088
0 0 0 0 1 5.50042
0 0 0 0 1 5.51197
0 0 0 0 0 5.6056
0 0 0 0 1 5.56713
0 0 0 0 1 5.58289
0 0 0 0 1 5.59455
0 0 0 0 1 5.66709
0 0 0 0 1 5.75312
0 0 0 0 1 5.75802
0 0 0 0 1 5.80473
0 0 0 0 1 5.79971
0 0 0 0 1 5.84676
0 0 0 0 1 5.87496
0 0 0 0 1 5.80523
0 0 0 0 1 5.90553
0 0 0 0 1 5.88227
0 0 0 0 0 5.90621
0 0 0 0 0 6.01997
0 0 0 0 1 5.95426
0 0 0 0 1 6.0388
0 0 0 0 1 6.09971
0 0 0 0 1 6.05723
0 0 0 0 1 6.11845
0 0 0 0 1 6.16312
0 0 0 0 1 9.52856
0 0 0 0 1 9.57615
0 0 0 0 1 9.40284
0 0 0 0 0 9.32482
0 0 0 0 1 9.42883
0 0 0 0 1 9.36991
0 0 0 0 1 9.40453
0 0 0 0 1 9.21266
0 0 0 0 1 9.25079
0 0 0 0 1 9.23924
0 0 0 0 1 9.23694
0 0 0 0 1 9.07874
0 0 0 0 1 9.05866
0 0 0 0 0 9.07514
0 0 0 0 1 9.0461
0 0 0 0 1 9.08967
0 0 0 0 1 8.97051
0 0 0 0 1 8.98376
0 0 0 0 0 8.88357
0 0 0 0 1 8.98648
0 0 0 0 1 8.8601
0 0 0 0 1 8.80569
0 0 0 0 1 8.84031
0 0 0 0 1 8.91893
0 0 0 0 1 8.76459
0 0 0 0 1 8.83427
0 0 0 0 1 8.69324
0 0 0 0 1 8.79099
0 0 0 0 1 8.64212
0 0 0 0 1 8.62114
0 0 0 0 0 8.60377
0 0 0 0 1 8.66094
0 0 0 0 1 8.56601
0 0 0 0 1 8.52837
0 0 0 0 1 8.65753
0 0 0 0 1 8.55149
0 0 0 0 1 8.60321
0 0 0 0 0 8.60014
0 0 0 0 1 8.52917
0 0 0 0 0 8.52638
0 0 0 0 1 8.47293
0 0 0 0 1 8.50414
0 0 0 0 1 8.46312
0 0 0 0 1 8.47753
0 0 0 0 1 8.43333
0 0 0 0 1 8.43952
0 0 0 0 0 8.42074
0 0 0 0 1 8.24782
0 0 0 0 1 8.32927
0 0 0 0 1 8.20348
0 0 0 0 0 8.30583
0 0 0 0 1 8.21369
0 0 0 0 1 8.26192
0 0 0 0 1 8.16222
0 0 0 0 1 8.16135
0 0 0 0 1 8.1851
0 0 0 0 1 8.11908
0 0 0 0 1 8.13486
0 0 0 0 1 8.19942
0 0 0 0 1 8.1665
0 0 0 0 0 8.02859
0 0 0 0 0 8.12557
0 0 0 0 1 7.9885
0 0 0 0 1 8.08131
0 0 0 0 0 8.00924
0 0 0 0 1 7.99369
0 0 0 0 1 7.9543
0 0 0 0 1 7.99504
0 0 0 0 1 8.03155
0 0 0 0 1 7.96872
0 0 0 0 1 7.89035
0 0 0 0 1 7.97895
0 0 0 0 1 7.83776
0 0 0 0 1 7.93784
0 0 0 0 0 7.93944
0 0 0 0 1 7.90965
0 0 0 0 0 7.93073
0 0 0 0 1 7.91255
0 0 0 0 0 7.85189
0 0 0 0 1 7.83855
0 0 0 0 1 7.8254
0 0 0 0 0 7.88593
0 0 0 0 1 7.72488
0 0 0 0 1 7.82131
0 0 0 0 0 7.70309
0 0 0 0 1 7.72969
0 0 0 0 1 7.82914
