0 0 0 0 1 5.59172
0 0 0 0 0 5.59534
0 0 0 0 1 5.57126
0 0 0 0 0 5.60538
0 0 0 0 1 5.57028
0 0 0 0 1 5.61345
0 0 0 0 1 5.55517
0 0 0 0 1 5.57614
0 0 0 0 1 5.59957
0 0 0 0 1 5.59838
0 0 0 0 1 5.60292
0 0 0 0 0 5.63579
0 0 0 0 1 5.62016
0 0 0 0 1 5.69861
0 0 0 0 1 5.6924
0 0 0 0 1 5.64288
0 0 0 0 1 5.63102
0 0 0 0 0 5.6534
0 0 0 0 0 5.72164
0 0 0 0 1 5.74256
0 0 0 0 0 5.75403
0 0 0 0 1 5.68531
0 0 0 0 1 5.71987
0 0 0 0 1 5.70858
0 0 0 0 1 5.82605
0 0 0 0 1 5.74572
0 0 0 0 1 5.77518
0 0 0 0 1 5.85128
0 0 0 0 1 5.85216
0 0 0 0 1 5.8881
0 0 0 0 1 5.85416
0 0 0 0 1 5.86854
0 0 0 0 1 5.80683
0 0 0 0 1 5.8138
0 0 0 0 1 5.85619
0 0 0 0 1 5.91063
0 0 0 0 1 5.95946
0 0 0 0 1 5.88414
0 0 0 0 1 5.98077
0 0 0 0 1 5.91718
0 0 0 0 1 5.91898
0 0 0 0 1 5.97467
0 0 0 0 0 5.94808
0 0 0 0 1 5.9441
0 0 0 0 0 5.9582
0 0 0 0 1 6.06895
0 0 0 0 0 5.99761
0 0 0 0 1 6.09098
0 0 0 0 0 6.0997
0 0 0 0 1 6.07193
0 0 0 0 1 6.14183
0 0 0 0 1 6.16924
0 0 0 0 1 6.20809
0 0 0 0 1 6.2184
0 0 0 0 0 6.12286
0 0 0 0 1 6.20012
0 0 0 0 1 6.15994
0 0 0 0 1 6.26792
0 0 0 0 1 6.25893
0 0 0 0 1 6.31248
0 0 0 0 0 6.30273
0 0 0 0 1 6.30641
0 0 0 0 1 6.27858
0 0 0 0 1 6.33918
0 0 0 0 1 6.32401
0 0 0 0 1 6.40339
0 0 0 0 1 6.43298
0 0 0 0 1 6.4236
0 0 0 0 0 6.40208
0 0 0 0 0 6.37966
0 0 0 0 0 6.48067
0 0 0 0 0 6.51676
0 0 0 0 1 6.53424
0 0 0 0 1 6.50618
0 0 0 0 1 6.51065
0 0 0 0 1 6.58661
0 0 0 0 1 6.52485
0 0 0 0 1 6.66143
0 0 0 0 1 6.66578
0 0 0 0 1 6.67679
0 0 0 0 1 6.7279
0 0 0 0 1 6.62591
0 0 0 0 1 6.65757
0 0 0 0 1 6.76289
0 0 0 0 1 6.69994
0 0 0 0 1 6.83326
0 0 0 0 1 6.84494
0 0 0 0 1 6.87717
0 0 0 0 1 6.80667
0 0 0 0 1 6.85267
0 0 0 0 1 6.94044
0 0 0 0 1 6.91827
0 0 0 0 0 6.97197
0 0 0 0 1 6.92823
0 0 0 0 1 7.0173
0 0 0 0 1 7.08585
0 0 0 0 1 7.07674
0 0 0 0 1 7.08917
0 0 0 0 1 7.05176
0 0 0 0 1 7.13554
0 0 0 0 1 7.23422
0 0 0 0 1 7.18229
0 0 0 0 0 7.25241
0 0 0 0 1 7.33068
0 0 0 0 1 7.33616
0 0 0 0 1 7.37857
0 0 0 0 0 7.42086
0 0 0 0 1 7.44192
0 0 0 0 1 7.37332
0 0 0 0 1 7.38588
0 0 0 0 1 7.48867
0 0 0 0 1 7.58428
0 0 0 0 0 7.52957
0 0 0 0 1 7.57282
0 0 0 0 1 7.54056
0 0 0 0 1 7.61451
0 0 0 0 1 7.73512
0 0 0 0 0 7.66355
0 0 0 0 1 7.71529
0 0 0 0 0 7.72834
0 0 0 0 0 7.82013
0 0 0 0 1 7.79411
0 0 0 0 1 7.88566
0 0 0 0 1 7.89895
0 0 0 0 1 8.06343
0 0 0 0 0 7.96482
0 0 0 0 1 8.10707
0 0 0 0 1 8.03971
0 0 0 0 1 8.2316
0 0 0 0 1 8.2537
0 0 0 0 1 8.17645
0 0 0 0 1 8.23048
0 0 0 0 1 8.27709
0 0 0 0 1 8.44036
0 0 0 0 0 8.46211
0 0 0 0 1 8.52604
0 0 0 0 1 8.56481
0 0 0 0 0 8.48392
0 0 0 0 1 8.60887
0 0 0 0 1 8.65632
0 0 0 0 1 8.76404
0 0 0 0 1 8.71595
0 0 0 0 1 8.76282
0 0 0 0 1 8.8822
0 0 0 0 1 8.83193
0 0 0 0 0 8.96846
0 0 0 0 0 9.01613
0 0 0 0 1 9.09106
0 0 0 0 1 9.06709
0 0 0 0 1 9.09639
0 0 0 0 1 9.27314
0 0 0 0 1 9.35872
0 0 0 0 0 9.30582
0 0 0 0 1 9.45624
0 0 0 0 1 9.54291
0 0 0 0 1 9.47658
0 0 0 0 1 9.51411
0 0 0 0 1 9.57211
0 0 0 0 1 9.70659
0 0 0 0 1 9.86177
0 0 0 0 1 9.80164
0 0 0 0 1 9.96948
0 0 0 0 1 9.97625
0 0 0 0 1 10.1346
0 0 0 0 1 10.2017
0 0 0 0 1 10.2297
0 0 0 0 1 10.2454
0 0 0 0 0 10.281
0 0 0 0 1 10.4119
0 0 0 0 1 10.584
0 0 0 0 1 10.4826
0 0 0 0 1 10.7285
0 0 0 0 1 10.8502
0 0 0 0 1 10.7649
0 0 0 0 0 9.28728
0 0 0 0 1 9.30033
0 0 0 0 0 9.34598
0 0 0 0 1 9.28505
0 0 0 0 1 9.16469
0 0 0 0 1 9.21502
0 0 0 0 1 9.14137
0 0 0 0 1 9.22833
0 0 0 0 0 9.11858
0 0 0 0 0 9.12337
0 0 0 0 0 9.07814
0 0 0 0 1 9.06505
0 0 0 0 1 9.01123
0 0 0 0 1 9.03002
0 0 0 0 0 9.1076
0 0 0 0 1 9.08129
0 0 0 0 1 8.91622
0 0 0 0 1 8.87264
0 0 0 0 1 8.97243
0 0 0 0 1 9.00051
0 0 0 0 1 8.93537
0 0 0 0 1 8.94582
0 0 0 0 1 8.95633
0 0 0 0 1 8.92259
0 0 0 0 1 8.80946
0 0 0 0 0 8.77245
0 0 0 0 1 8.85407
0 0 0 0 0 8.74203
0 0 0 0 1 8.69194
0 0 0 0 0 8.78235
0 0 0 0 1 8.77632
0 0 0 0 1 8.81044
0 0 0 0 1 8.72617
0 0 0 0 1 8.76414
0 0 0 0 1 8.67176
0 0 0 0 1 8.69258
0 0 0 0 0 8.73943
0 0 0 0 1 8.57871
0 0 0 0 1 8.669
0 0 0 0 1 8.53499
0 0 0 0 1 8.69419
0 0 0 0 1 8.62097
0 0 0 0 1 8.53951
0 0 0 0 0 8.51841
0 0 0 0 1 8.56596
0 0 0 0 1 8.4597
0 0 0 0 1 8.52753
0 0 0 0 1 8.50706
0 0 0 0 1 8.60985
0 0 0 0 0 8.63904
0 0 0 0 1 8.7892
0 0 0 0 1 8.94088
0 0 0 0 1 9.17512
0 0 0 0 0 9.19136
0 0 0 0 1 9.3257
0 0 0 0 1 9.62208
0 0 0 0 0 9.62296
0 0 0 0 1 9.91425
0 0 0 0 1 9.96977
0 0 0 0 1 10.286
0 0 0 0 1 10.3069
0 0 0 0 0 10.6056
0 0 0 0 0 10.8127
0 0 0 0 1 10.9855
0 0 0 0 1 11.1017
0 0 0 0 1 11.2699
0 0 0 0 1 11.4693
0 0 0 0 1 11.725
0 0 0 0 1 12.0904
0 0 0 0 1 12.2594
0 0 0 0 1 12.6485
0 0 0 0 1 12.9247
0 0 0 0 1 22.7509
0 0 0 0 1 22.8002
0 0 0 0 1 22.4622
0 0 0 0 0 22.7844
0 0 0 0 1 22.5855
0 0 0 0 0 22.4326
0 0 0 0 1 22.4839
0 0 0 0 1 22.7616
0 0 0 0 0 22.6327
0 0 0 0 1 22.3464
0 0 0 0 1 22.4218
0 0 0 0 1 22.3623
0 0 0 0 1 22.5749
0 0 0 0 0 22.6287
0 0 0 0 0 22.5704
0 0 0 0 1 22.6475
0 0 0 0 0 22.4102
0 0 0 0 1 22.6004
0 0 0 0 0 23.014
0 0 0 0 1 24.365
0 0 0 0 1 25.0176
0 0 0 0 1 26.1598
0 0 0 0 1 36.7818
0 0 0 0 1 36.5118
0 0 0 0 1 36.0972
0 0 0 0 1 36.1201
0 0 0 0 1 36.6109
0 0 0 0 0 38.1796
0 0 0 0 1 52.5353
0 0 0 0 0 52.3114
0 0 0 0 1 51.673
0 0 0 0 1 52.0757
0 0 0 0 1 52.5313
0 0 0 0 1 56.7235
0 0 0 0 1 65.397
0 0 0 0 1 69.1066
0 0 0 0 0 81.8918
0 0 0 0 0 5.04507
0 0 0 0 0 4.98996
0 0 0 0 0 4.99998
0 0 0 0 0 5.03505
0 0 0 0 0 5.05509
0 0 0 0 0 4.98495
0 0 0 0 0 4.97994
0 0 0 0 0 5.05509
0 0 0 0 0 5.04507
0 0 0 0 0 5.04507
0 0 0 0 0 5.03505
0 0 0 0 0 5.05509
0 0 0 0 0 87.3281
0 0 0 0 1 87.4247
0 0 0 0 1 75.7461
0 0 0 0 1 63.6474
0 0 0 0 0 60.9501
0 0 0 0 1 60.1744
0 0 0 0 0 60.3678
0 0 0 0 1 52.0864
0 0 0 0 0 47.6992
0 0 0 0 1 47.7115
0 0 0 0 1 39.4313
0 0 0 0 0 36.7462
0 0 0 0 1 35.4538
0 0 0 0 1 35.5373
0 0 0 0 0 35.4423
0 0 0 0 0 35.7414
0 0 0 0 1 28.134
0 0 0 0 0 26.8571
0 0 0 0 1 25.5366
0 0 0 0 1 24.8607
0 0 0 0 0 24.5524
0 0 0 0 1 24.5399
0 0 0 0 1 24.8472
0 0 0 0 1 24.5645
0 0 0 0 1 24.8742
0 0 0 0 1 24.9131
0 0 0 0 1 24.5325
0 0 0 0 0 24.498
0 0 0 0 1 24.982
0 0 0 0 1 18.1453
0 0 0 0 1 17.562
0 0 0 0 0 17.3293
0 0 0 0 1 16.7946
0 0 0 0 1 16.2121
0 0 0 0 0 15.9907
0 0 0 0 0 15.5164
0 0 0 0 1 15.2573
0 0 0 0 0 14.8015
0 0 0 0 1 14.3654
0 0 0 0 1 14.1977
0 0 0 0 1 13.9981
0 0 0 0 1 13.9544
0 0 0 0 1 13.8692
0 0 0 0 1 13.8397
0 0 0 0 1 13.8801
0 0 0 0 1 13.895
0 0 0 0 1 13.8522
0 0 0 0 1 13.8654
0 0 0 0 1 14.0748
0 0 0 0 0 14.1051
0 0 0 0 1 14.1053
0 0 0 0 1 13.9934
0 0 0 0 1 13.9518
0 0 0 0 1 14.0534
0 0 0 0 1 14.139
0 0 0 0 1 13.9711
0 0 0 0 1 14.1304
0 0 0 0 0 13.9908
0 0 0 0 1 14.219
0 0 0 0 1 14.2382
0 0 0 0 1 14.1415
0 0 0 0 1 14.1043
0 0 0 0 1 14.3062
0 0 0 0 0 14.3123
0 0 0 0 1 14.1305
0 0 0 0 1 14.2368
0 0 0 0 1 14.1691
0 0 0 0 0 14.219
0 0 0 0 1 14.3235
0 0 0 0 0 8.80827
0 0 0 0 1 8.79933
0 0 0 0 0 8.61585
0 0 0 0 1 8.50322
0 0 0 0 1 8.39934
0 0 0 0 1 8.36193
0 0 0 0 1 8.24245
0 0 0 0 1 8.13854
0 0 0 0 0 8.06822
0 0 0 0 1 7.93427
0 0 0 0 0 7.77947
0 0 0 0 1 7.70983
0 0 0 0 1 7.69496
0 0 0 0 0 7.61827
0 0 0 0 1 7.46681
0 0 0 0 1 7.37057
0 0 0 0 1 7.30231
0 0 0 0 1 7.30828
0 0 0 0 1 7.24107
0 0 0 0 1 7.04613
0 0 0 0 1 7.0645
0 0 0 0 1 6.93039
0 0 0 0 1 6.87818
0 0 0 0 1 6.84846
0 0 0 0 0 6.77768
0 0 0 0 1 6.70715
0 0 0 0 1 6.62361
0 0 0 0 1 6.56029
0 0 0 0 1 6.56864
0 0 0 0 1 6.46885
0 0 0 0 1 6.42484
0 0 0 0 1 6.30098
0 0 0 0 0 6.304
0 0 0 0 1 6.20034
0 0 0 0 1 6.11616
0 0 0 0 1 6.11218
0 0 0 0 0 6.01043
0 0 0 0 1 5.97856
0 0 0 0 0 5.97959
0 0 0 0 1 5.89985
0 0 0 0 1 5.92945
0 0 0 0 1 5.8385
0 0 0 0 1 5.77726
0 0 0 0 1 5.77952
0 0 0 0 0 5.73254
0 0 0 0 1 5.66615
0 0 0 0 1 5.65623
0 0 0 0 1 5.59901
0 0 0 0 1 5.51142
0 0 0 0 0 5.52326
0 0 0 0 0 5.44738
0 0 0 0 1 5.34824
0 0 0 0 1 5.33051
0 0 0 0 1 5.30952
0 0 0 0 1 5.30739
0 0 0 0 1 5.25965
0 0 0 0 1 5.17364
0 0 0 0 1 5.22829
0 0 0 0 1 5.1326
0 0 0 0 1 5.0685
0 0 0 0 1 5.07783
0 0 0 0 1 5.00922
0 0 0 0 0 5.05466
0 0 0 0 0 5.03122
0 0 0 0 1 4.91373
0 0 0 0 1 4.9646
0 0 0 0 1 4.84356
0 0 0 0 1 4.85322
0 0 0 0 1 4.8544
0 0 0 0 1 4.83426
0 0 0 0 1 4.78326
0 0 0 0 1 4.84919
0 0 0 0 1 4.87671
0 0 0 0 1 4.84966
0 0 0 0 0 4.91157
0 0 0 0 1 4.90518
0 0 0 0 0 4.96772
0 0 0 0 1 4.98002
0 0 0 0 1 4.96881
0 0 0 0 1 4.95251
0 0 0 0 1 4.96984
0 0 0 0 1 4.99848
0 0 0 0 1 5.02227
0 0 0 0 1 5.02602
0 0 0 0 1 5.01964
0 0 0 0 1 5.06401
0 0 0 0 1 5.1342
0 0 0 0 1 5.11779
0 0 0 0 0 5.09477
0 0 0 0 1 5.1038
0 0 0 0 0 5.12838
0 0 0 0 1 5.21024
0 0 0 0 1 5.26661
0 0 0 0 0 5.26576
0 0 0 0 0 5.27537
0 0 0 0 1 5.31663
0 0 0 0 1 5.25366
0 0 0 0 0 5.28974
0 0 0 0 1 5.39549
0 0 0 0 1 5.33574
0 0 0 0 1 5.4262
0 0 0 0 1 5.43776
0 0 0 0 1 5.42062
0 0 0 0 0 5.50142
0 0 0 0 1 5.46235
0 0 0 0 1 5.53437
0 0 0 0 1 5.47281
0 0 0 0 0 5.57303
0 0 0 0 0 5.53873
0 0 0 0 0 5.58393
0 0 0 0 1 5.65036
0 0 0 0 1 5.67932
0 0 0 0 1 5.6444
0 0 0 0 1 5.6676
0 0 0 0 1 5.73513
0 0 0 0 1 5.7357
0 0 0 0 1 5.80549
0 0 0 0 1 5.75959
0 0 0 0 0 5.89246
0 0 0 0 1 5.82283
0 0 0 0 1 5.85249
0 0 0 0 0 5.97705
0 0 0 0 1 6.00742
0 0 0 0 1 5.96013
0 0 0 0 1 6.03244
0 0 0 0 0 6.08112
0 0 0 0 1 6.05111
0 0 0 0 1 6.05112
0 0 0 0 1 6.11231
0 0 0 0 1 6.16312
0 0 0 0 1 9.47144
0 0 0 0 1 9.51926
0 0 0 0 1 9.47844
0 0 0 0 1 9.39075
0 0 0 0 0 9.3444
0 0 0 0 1 9.43536
0 0 0 0 0 9.34861
0 0 0 0 1 9.34281
0 0 0 0 1 9.22301
0 0 0 0 0 9.23924
0 0 0 0 0 9.19094
0 0 0 0 1 9.26215
0 0 0 0 1 9.19577
0 0 0 0 1 9.13892
0 0 0 0 1 9.11876
0 0 0 0 1 9.08967
0 0 0 0 1 9.06076
0 0 0 0 0 8.92975
0 0 0 0 1 9.02714
0 0 0 0 1 9.03123
0 0 0 0 1 8.88687
0 0 0 0 1 8.9569
0 0 0 0 1 8.95558
0 0 0 0 1 8.84822
0 0 0 0 1 8.86158
0 0 0 0 1 8.72
0 0 0 0 1 8.7984
0 0 0 0 1 8.66853
0 0 0 0 1 8.71189
0 0 0 0 1 8.65594
0 0 0 0 1 8.69918
0 0 0 0 1 8.66094
0 0 0 0 1 8.60914
0 0 0 0 1 8.61443
0 0 0 0 1 8.64037
0 0 0 0 1 8.47445
0 0 0 0 1 8.58614
0 0 0 0 1 8.58311
0 0 0 0 1 8.52917
0 0 0 0 1 8.40773
0 0 0 0 1 8.37991
0 0 0 0 0 8.52101
0 0 0 0 0 8.32851
0 0 0 0 1 8.30966
0 0 0 0 0 8.29933
0 0 0 0 1 8.38103
0 0 0 0 1 8.37905
0 0 0 0 0 8.30602
0 0 0 0 0 8.21312
0 0 0 0 1 8.34421
0 0 0 0 1 8.30583
0 0 0 0 0 8.1972
0 0 0 0 1 8.28661
0 0 0 0 1 8.20327
0 0 0 0 0 8.13677
0 0 0 0 1 8.16875
0 0 0 0 0 8.19252
0 0 0 0 1 8.19186
0 0 0 0 0 8.05315
0 0 0 0 1 8.07729
0 0 0 0 1 8.0205
0 0 0 0 1 8.1175
0 0 0 0 1 8.03687
0 0 0 0 1 7.98472
0 0 0 0 1 7.96908
0 0 0 0 1 8.03378
0 0 0 0 1 7.9463
0 0 0 0 1 8.019
0 0 0 0 0 8.0475
0 0 0 0 1 7.9926
0 0 0 0 0 7.96187
0 0 0 0 1 8.00274
0 0 0 0 1 7.86942
0 0 0 0 1 7.93784
0 0 0 0 1 7.85262
0 0 0 0 1 7.91752
0 0 0 0 1 7.81271
0 0 0 0 1 7.90469
0 0 0 0 1 7.87542
0 0 0 0 0 7.82289
0 0 0 0 1 7.88012
0 0 0 0 1 7.87812
0 0 0 0 1 7.71708
0 0 0 0 1 7.84466
0 0 0 0 0 7.71863
0 0 0 0 1 7.74521
0 0 0 0 1 7.68961
