0 0 0 0 1 5.58063
0 0 0 0 0 5.59534
0 0 0 0 1 5.58796
0 0 0 0 0 5.61652
0 0 0 0 1 5.62609
0 0 0 0 1 5.60226
0 0 0 0 1 5.54957
0 0 0 0 1 5.62097
0 0 0 0 1 5.57152
0 0 0 0 1 5.60962
0 0 0 0 0 5.66486
0 0 0 0 1 5.6245
0 0 0 0 1 5.69924
0 0 0 0 1 5.61372
0 0 0 0 1 5.62436
0 0 0 0 1 5.69398
0 0 0 0 1 5.63102
0 0 0 0 1 5.642
0 0 0 0 1 5.72735
0 0 0 0 1 5.67971
0 0 0 0 1 5.76548
0 0 0 0 1 5.7771
0 0 0 0 1 5.69113
0 0 0 0 1 5.77195
0 0 0 0 1 5.75683
0 0 0 0 1 5.74572
0 0 0 0 1 5.8389
0 0 0 0 1 5.76421
0 0 0 0 1 5.86961
0 0 0 0 1 5.7715
0 0 0 0 1 5.78989
0 0 0 0 1 5.84514
0 0 0 0 0 5.883
0 0 0 0 1 5.85491
0 0 0 0 0 5.85619
0 0 0 0 1 5.90473
0 0 0 0 1 5.86487
0 0 0 0 1 5.98488
0 0 0 0 1 5.96296
0 0 0 0 1 5.94695
0 0 0 0 1 5.95478
0 0 0 0 0 5.99859
0 0 0 0 1 5.94209
0 0 0 0 1 5.98012
0 0 0 0 1 6.07857
0 0 0 0 1 6.05085
0 0 0 0 1 6.05813
0 0 0 0 1 6.02425
0 0 0 0 1 6.11794
0 0 0 0 0 6.15727
0 0 0 0 1 6.06239
0 0 0 0 1 6.15086
0 0 0 0 1 6.10975
0 0 0 0 0 6.1753
0 0 0 0 1 6.16606
0 0 0 0 1 6.22487
0 0 0 0 1 6.20957
0 0 0 0 1 6.24924
0 0 0 0 1 6.30261
0 0 0 0 0 6.19987
0 0 0 0 0 6.25879
0 0 0 0 1 6.30641
0 0 0 0 1 6.32906
0 0 0 0 1 6.35816
0 0 0 0 0 6.37475
0 0 0 0 0 6.39066
0 0 0 0 0 6.44575
0 0 0 0 1 6.36596
0 0 0 0 1 6.45345
0 0 0 0 1 6.49566
0 0 0 0 1 6.4419
0 0 0 0 1 6.51676
0 0 0 0 1 6.52774
0 0 0 0 0 6.52574
0 0 0 0 1 6.58909
0 0 0 0 1 6.54069
0 0 0 0 1 6.56436
0 0 0 0 1 6.64163
0 0 0 0 1 6.67903
0 0 0 0 1 6.58369
0 0 0 0 1 6.7279
0 0 0 0 0 6.71961
0 0 0 0 1 6.75824
0 0 0 0 1 6.80331
0 0 0 0 1 6.74726
0 0 0 0 1 6.76541
0 0 0 0 1 6.77002
0 0 0 0 1 6.87033
0 0 0 0 0 6.86842
0 0 0 0 1 6.83889
0 0 0 0 1 6.94735
0 0 0 0 1 6.86975
0 0 0 0 0 6.90239
0 0 0 0 1 7.04696
0 0 0 0 1 6.98925
0 0 0 0 1 7.09289
0 0 0 0 1 7.01311
0 0 0 0 1 7.08207
0 0 0 0 1 7.05888
0 0 0 0 1 7.17844
0 0 0 0 1 7.21269
0 0 0 0 1 7.16788
0 0 0 0 1 7.25241
0 0 0 0 1 7.33068
0 0 0 0 0 7.35076
0 0 0 0 1 7.34926
0 0 0 0 1 7.34724
0 0 0 0 1 7.35333
0 0 0 0 0 7.38073
0 0 0 0 0 7.49022
0 0 0 0 1 7.50363
0 0 0 0 1 7.57676
0 0 0 0 1 7.58999
0 0 0 0 1 7.66388
0 0 0 0 1 7.65481
0 0 0 0 1 7.72165
0 0 0 0 1 7.74281
0 0 0 0 1 7.679
0 0 0 0 0 7.69201
0 0 0 0 0 7.73614
0 0 0 0 1 7.82013
0 0 0 0 1 7.87276
0 0 0 0 1 7.96476
0 0 0 0 1 7.86717
0 0 0 0 0 8.06343
0 0 0 0 0 8.06117
0 0 0 0 1 8.1232
0 0 0 0 0 8.06403
0 0 0 0 1 8.07675
0 0 0 0 1 8.17182
0 0 0 0 1 8.20115
0 0 0 0 1 8.27188
0 0 0 0 1 8.2355
0 0 0 0 0 8.432
0 0 0 0 0 8.33594
0 0 0 0 1 8.50067
0 0 0 0 1 8.51378
0 0 0 0 1 8.47537
0 0 0 0 1 8.55732
0 0 0 0 1 8.65632
0 0 0 0 0 8.63363
0 0 0 0 1 8.76841
0 0 0 0 0 8.73643
0 0 0 0 1 8.77615
0 0 0 0 0 8.85861
0 0 0 0 1 8.98636
0 0 0 0 1 9.05216
0 0 0 0 1 9.11825
0 0 0 0 1 9.08532
0 0 0 0 0 9.11473
0 0 0 0 1 9.1901
0 0 0 0 1 9.23803
0 0 0 0 0 9.30582
0 0 0 0 1 9.43744
0 0 0 0 1 9.39158
0 0 0 0 0 9.50516
0 0 0 0 1 9.53329
0 0 0 0 1 9.6686
0 0 0 0 1 9.78432
0 0 0 0 1 9.81286
0 0 0 0 1 9.84105
0 0 0 0 1 9.88029
0 0 0 0 1 9.9463
0 0 0 0 1 10.0441
0 0 0 0 0 10.0599
0 0 0 0 0 10.1481
0 0 0 0 1 10.3173
0 0 0 0 0 10.2913
0 0 0 0 1 10.4953
0 0 0 0 1 10.5525
0 0 0 0 1 10.5884
0 0 0 0 1 10.6965
0 0 0 0 1 10.7213
0 0 0 0 1 10.9057
0 0 0 0 0 9.37104
0 0 0 0 1 9.32818
0 0 0 0 1 9.18851
0 0 0 0 1 9.32201
0 0 0 0 1 9.26611
0 0 0 0 1 9.15065
0 0 0 0 1 9.10466
0 0 0 0 1 9.20087
0 0 0 0 0 9.09117
0 0 0 0 1 9.05045
0 0 0 0 1 9.01446
0 0 0 0 1 9.02875
0 0 0 0 1 9.07463
0 0 0 0 1 9.07521
0 0 0 0 1 8.98136
0 0 0 0 0 8.92829
0 0 0 0 1 8.95213
0 0 0 0 0 8.89952
0 0 0 0 1 8.88298
0 0 0 0 1 8.89337
0 0 0 0 1 8.88192
0 0 0 0 1 8.98139
0 0 0 0 1 8.81431
0 0 0 0 0 8.90487
0 0 0 0 1 8.80062
0 0 0 0 1 8.86953
0 0 0 0 1 8.81883
0 0 0 0 1 8.75962
0 0 0 0 1 8.71827
0 0 0 0 1 8.77359
0 0 0 0 1 8.73257
0 0 0 0 0 8.81917
0 0 0 0 1 8.76976
0 0 0 0 1 8.78155
0 0 0 0 1 8.67176
0 0 0 0 0 8.6145
0 0 0 0 1 8.67014
0 0 0 0 1 8.63059
0 0 0 0 1 8.58266
0 0 0 0 1 8.54362
0 0 0 0 1 8.53925
0 0 0 0 1 8.67254
0 0 0 0 1 8.4966
0 0 0 0 1 8.55269
0 0 0 0 1 8.54029
0 0 0 0 1 8.52806
0 0 0 0 1 8.52753
0 0 0 0 0 8.49002
0 0 0 0 1 8.63558
0 0 0 0 1 8.77824
0 0 0 0 1 8.80685
0 0 0 0 1 9.03943
0 0 0 0 1 9.08418
0 0 0 0 0 9.27449
0 0 0 0 1 9.31631
0 0 0 0 1 9.55532
0 0 0 0 1 9.62296
0 0 0 0 1 9.92409
0 0 0 0 1 9.95976
0 0 0 0 0 10.0823
0 0 0 0 0 10.4105
0 0 0 0 1 10.6267
0 0 0 0 1 10.7697
0 0 0 0 1 10.8324
0 0 0 0 1 11.2243
0 0 0 0 1 11.2699
0 0 0 0 1 11.6431
0 0 0 0 1 11.8787
0 0 0 0 1 12.0904
0 0 0 0 0 12.2963
0 0 0 0 0 12.5228
0 0 0 0 0 12.809
0 0 0 0 1 22.91
0 0 0 0 1 22.5731
0 0 0 0 1 22.4622
0 0 0 0 1 22.8298
0 0 0 0 1 22.7668
0 0 0 0 0 22.4779
0 0 0 0 1 22.4839
0 0 0 0 1 22.4678
0 0 0 0 1 22.6101
0 0 0 0 1 22.4818
0 0 0 0 0 22.5797
0 0 0 0 0 22.4073
0 0 0 0 0 22.5074
0 0 0 0 1 22.4486
0 0 0 0 1 22.3004
0 0 0 0 1 22.4226
0 0 0 0 1 22.6125
0 0 0 0 1 22.241
0 0 0 0 1 23.3388
0 0 0 0 0 24.0997
0 0 0 0 1 24.8669
0 0 0 0 1 26.422
0 0 0 0 1 36.4904
0 0 0 0 1 36.5482
0 0 0 0 0 36.0608
0 0 0 0 1 36.2656
0 0 0 0 1 36.0286
0 0 0 0 1 38.7189
0 0 0 0 1 52.5874
0 0 0 0 1 52.4155
0 0 0 0 1 51.8291
0 0 0 0 0 52.2318
0 0 0 0 1 51.6471
0 0 0 0 1 56.4415
0 0 0 0 1 65.7244
0 0 0 0 1 69.8032
0 0 0 0 1 81.0737
0 0 0 0 0 4.9599
0 0 0 0 0 4.96491
0 0 0 0 0 5.00499
0 0 0 0 0 4.98996
0 0 0 0 0 4.97493
0 0 0 0 0 4.9599
0 0 0 0 0 5.04507
0 0 0 0 0 5.04006
0 0 0 0 0 5.05008
0 0 0 0 0 4.96992
0 0 0 0 0 4.98495
0 0 0 0 0 5.03505
0 0 0 0 1 86.8901
0 0 0 0 1 86.8115
0 0 0 0 1 74.3935
0 0 0 0 1 64.3497
0 0 0 0 1 60.6475
0 0 0 0 0 60.2954
0 0 0 0 1 60.3678
0 0 0 0 1 51.777
0 0 0 0 0 48.1791
0 0 0 0 1 48.1915
0 0 0 0 1 39.0385
0 0 0 0 1 36.4884
0 0 0 0 1 35.8105
0 0 0 0 1 36.0368
0 0 0 0 0 35.478
0 0 0 0 1 36.0271
0 0 0 0 1 28.1621
0 0 0 0 1 26.9911
0 0 0 0 1 25.5622
0 0 0 0 1 24.713
0 0 0 0 1 24.5031
0 0 0 0 0 24.4906
0 0 0 0 1 24.4282
0 0 0 0 1 24.7865
0 0 0 0 1 24.7755
0 0 0 0 1 24.9378
0 0 0 0 1 24.7796
0 0 0 0 1 24.5475
0 0 0 0 1 24.6604
0 0 0 0 1 18.3637
0 0 0 0 1 17.7388
0 0 0 0 1 17.0886
0 0 0 0 0 16.7444
0 0 0 0 1 16.3099
0 0 0 0 1 15.9589
0 0 0 0 1 15.4235
0 0 0 0 1 15.0758
0 0 0 0 1 14.8458
0 0 0 0 0 14.4952
0 0 0 0 1 14.1977
0 0 0 0 1 13.8037
0 0 0 0 0 13.9405
0 0 0 0 1 13.9248
0 0 0 0 1 13.9929
0 0 0 0 0 14.0055
0 0 0 0 1 14.0485
0 0 0 0 1 14.0896
0 0 0 0 1 13.8654
0 0 0 0 1 14.0049
0 0 0 0 1 14.1191
0 0 0 0 1 13.9651
0 0 0 0 1 13.9794
0 0 0 0 1 14.1204
0 0 0 0 1 14.1238
0 0 0 0 0 14.2094
0 0 0 0 1 14.0557
0 0 0 0 0 14.0316
0 0 0 0 1 14.1745
0 0 0 0 1 14.1624
0 0 0 0 0 14.139
0 0 0 0 1 14.2691
0 0 0 0 1 14.3031
0 0 0 0 0 14.3631
0 0 0 0 1 14.1414
0 0 0 0 0 14.3586
0 0 0 0 1 14.3939
0 0 0 0 1 14.2835
0 0 0 0 1 14.3049
0 0 0 0 1 14.2949
0 0 0 0 1 8.87005
0 0 0 0 0 8.75577
0 0 0 0 1 8.65025
0 0 0 0 1 8.46924
0 0 0 0 1 8.31543
0 0 0 0 1 8.22104
0 0 0 0 1 8.13594
0 0 0 0 1 8.07382
0 0 0 0 1 7.98826
0 0 0 0 0 7.87896
0 0 0 0 1 7.74038
0 0 0 0 0 7.77936
0 0 0 0 1 7.56506
0 0 0 0 1 7.48978
0 0 0 0 0 7.45933
0 0 0 0 1 7.43717
0 0 0 0 1 7.26572
0 0 0 0 1 7.30104
0 0 0 0 1 7.11202
0 0 0 0 1 7.03194
0 0 0 0 0 6.95214
0 0 0 0 1 6.94431
0 0 0 0 1 6.92637
0 0 0 0 0 6.79389
0 0 0 0 0 6.81822
0 0 0 0 1 6.754
0 0 0 0 0 6.68991
0 0 0 0 1 6.52089
0 0 0 0 1 6.47109
0 0 0 0 1 6.43016
0 0 0 0 1 6.41845
0 0 0 0 1 6.29465
0 0 0 0 0 6.29144
0 0 0 0 0 6.28749
0 0 0 0 1 6.23343
0 0 0 0 0 6.15501
0 0 0 0 1 6.07714
0 0 0 0 1 6.07489
0 0 0 0 1 6.02733
0 0 0 0 1 5.94132
0 0 0 0 1 5.84139
0 0 0 0 1 5.8618
0 0 0 0 1 5.79461
0 0 0 0 1 5.72787
0 0 0 0 1 5.64724
0 0 0 0 1 5.70002
0 0 0 0 0 5.58342
0 0 0 0 1 5.61014
0 0 0 0 1 5.47276
0 0 0 0 1 5.53422
0 0 0 0 1 5.48543
0 0 0 0 1 5.38605
0 0 0 0 1 5.34125
0 0 0 0 1 5.33082
0 0 0 0 0 5.31268
0 0 0 0 1 5.22291
0 0 0 0 1 5.22058
0 0 0 0 1 5.12984
0 0 0 0 1 5.10172
0 0 0 0 0 5.13499
0 0 0 0 1 5.09305
0 0 0 0 1 5.07977
0 0 0 0 0 5.01955
0 0 0 0 1 4.95152
0 0 0 0 1 4.97312
0 0 0 0 1 4.95477
0 0 0 0 0 4.93145
0 0 0 0 1 4.89208
0 0 0 0 1 4.85922
0 0 0 0 1 4.76685
0 0 0 0 1 4.83152
0 0 0 0 1 4.81528
0 0 0 0 0 4.86698
0 0 0 0 1 4.83504
0 0 0 0 1 4.86265
0 0 0 0 1 4.94446
0 0 0 0 1 4.88394
0 0 0 0 1 4.96026
0 0 0 0 1 4.96385
0 0 0 0 1 4.93758
0 0 0 0 1 5.01974
0 0 0 0 1 4.99347
0 0 0 0 0 5.00216
0 0 0 0 0 5.06135
0 0 0 0 1 5.01457
0 0 0 0 1 5.07926
0 0 0 0 1 5.15461
0 0 0 0 1 5.08193
0 0 0 0 1 5.17181
0 0 0 0 1 5.12958
0 0 0 0 1 5.14391
0 0 0 0 1 5.16869
0 0 0 0 1 5.26661
0 0 0 0 1 5.2867
0 0 0 0 1 5.20181
0 0 0 0 1 5.31663
0 0 0 0 0 5.26426
0 0 0 0 0 5.37489
0 0 0 0 1 5.36878
0 0 0 0 0 5.40009
0 0 0 0 0 5.41005
0 0 0 0 1 5.42693
0 0 0 0 1 5.40976
0 0 0 0 1 5.47416
0 0 0 0 0 5.42951
0 0 0 0 1 5.50686
0 0 0 0 1 5.5446
0 0 0 0 0 5.51752
0 0 0 0 1 5.51644
0 0 0 0 0 5.54472
0 0 0 0 1 5.63349
0 0 0 0 1 5.66236
0 0 0 0 1 5.66141
0 0 0 0 1 5.71321
0 0 0 0 0 5.73513
0 0 0 0 0 5.78172
0 0 0 0 1 5.77658
0 0 0 0 0 5.8177
0 0 0 0 1 5.81079
0 0 0 0 1 5.88733
0 0 0 0 1 5.83481
0 0 0 0 1 5.95927
0 0 0 0 1 5.96575
0 0 0 0 1 5.95414
0 0 0 0 1 6.03846
0 0 0 0 1 5.9844
0 0 0 0 1 6.01466
0 0 0 0 1 6.16714
0 0 0 0 0 6.10617
0 0 0 0 1 6.1199
0 0 0 0 1 9.58567
0 0 0 0 1 9.40548
0 0 0 0 0 9.46899
0 0 0 0 1 9.36249
0 0 0 0 1 9.41945
0 0 0 0 1 9.32315
0 0 0 0 0 9.38589
0 0 0 0 0 9.37999
0 0 0 0 1 9.27857
0 0 0 0 1 9.30385
0 0 0 0 1 9.26454
0 0 0 0 1 9.09708
0 0 0 0 1 9.20491
0 0 0 0 1 9.13892
0 0 0 0 0 9.01885
0 0 0 0 1 9.09872
0 0 0 0 1 9.11491
0 0 0 0 1 8.94775
0 0 0 0 1 9.01817
0 0 0 0 1 8.87012
0 0 0 0 1 8.88687
0 0 0 0 0 8.88574
0 0 0 0 0 8.81371
0 0 0 0 1 8.92777
0 0 0 0 0 8.82631
0 0 0 0 0 8.8079
0 0 0 0 0 8.78087
0 0 0 0 1 8.72976
0 0 0 0 1 8.73805
0 0 0 0 0 8.78643
0 0 0 0 0 8.65581
0 0 0 0 1 8.59172
0 0 0 0 1 8.6954
0 0 0 0 1 8.61443
0 0 0 0 0 8.65753
0 0 0 0 1 8.49157
0 0 0 0 0 8.45811
0 0 0 0 1 8.53202
0 0 0 0 1 8.45271
0 0 0 0 1 8.39077
0 0 0 0 0 8.51521
0 0 0 0 1 8.50414
0 0 0 0 1 8.34534
0 0 0 0 1 8.47753
0 0 0 0 1 8.45008
0 0 0 0 1 8.33089
0 0 0 0 1 8.39573
0 0 0 0 1 8.28108
0 0 0 0 0 8.37904
0 0 0 0 0 8.21176
0 0 0 0 1 8.18186
0 0 0 0 1 8.31265
0 0 0 0 1 8.19609
0 0 0 0 1 8.24433
0 0 0 0 0 8.25148
0 0 0 0 1 8.11969
0 0 0 0 0 8.12724
0 0 0 0 0 8.06157
0 0 0 0 1 8.17504
0 0 0 0 1 8.04485
0 0 0 0 1 8.10952
0 0 0 0 1 8.05288
0 0 0 0 0 7.9885
0 0 0 0 1 8.08936
0 0 0 0 1 7.99318
0 0 0 0 1 7.9536
0 0 0 0 1 8.01031
0 0 0 0 1 8.019
0 0 0 0 1 7.91989
0 0 0 0 1 8.00056
0 0 0 0 1 7.93803
0 0 0 0 1 7.92343
0 0 0 0 1 7.90109
0 0 0 0 1 7.8904
0 0 0 0 1 7.84473
0 0 0 0 0 7.94904
0 0 0 0 1 7.80485
0 0 0 0 0 7.92826
0 0 0 0 1 7.91464
0 0 0 0 1 7.88554
0 0 0 0 1 7.89576
0 0 0 0 0 7.8625
0 0 0 0 1 7.74826
0 0 0 0 0 7.75905
0 0 0 0 1 7.82745
0 0 0 0 1 7.79178
0 0 0 0 1 7.71287
