0 0 0 0 1 5.49187
0 0 0 0 1 5.56756
0 0 0 0 0 5.5824
0 0 0 0 0 5.57752
0 0 0 0 1 5.59819
0 0 0 0 1 5.58549
0 0 0 0 1 5.55517
0 0 0 0 1 5.63218
0 0 0 0 0 5.63324
0 0 0 0 1 5.62648
0 0 0 0 1 5.59729
0 0 0 0 1 5.67528
0 0 0 0 1 5.69359
0 0 0 0 1 5.67597
0 0 0 0 1 5.67539
0 0 0 0 1 5.65424
0 0 0 0 1 5.64808
0 0 0 0 1 5.71039
0 0 0 0 1 5.67596
0 0 0 0 1 5.66828
0 0 0 0 1 5.73685
0 0 0 0 1 5.68531
0 0 0 0 1 5.70263
0 0 0 0 1 5.75466
0 0 0 0 1 5.71069
0 0 0 0 1 5.83242
0 0 0 0 0 5.81573
0 0 0 0 1 5.83967
0 0 0 0 0 5.80562
0 0 0 0 0 5.7715
0 0 0 0 1 5.89506
0 0 0 0 1 5.8978
0 0 0 0 1 5.87128
0 0 0 0 1 5.92538
0 0 0 0 1 5.86208
0 0 0 0 1 5.95782
0 0 0 0 1 5.86487
0 0 0 0 1 5.94932
0 0 0 0 0 5.98671
0 0 0 0 0 5.89932
0 0 0 0 0 5.97268
0 0 0 0 0 5.92683
0 0 0 0 1 5.93011
0 0 0 0 1 5.98613
0 0 0 0 1 6.02441
0 0 0 0 0 5.99052
0 0 0 0 1 6.1126
0 0 0 0 0 6.08491
0 0 0 0 1 6.03889
0 0 0 0 0 6.05973
0 0 0 0 1 6.09905
0 0 0 0 1 6.17536
0 0 0 0 0 6.14048
0 0 0 0 1 6.16299
0 0 0 0 0 6.20927
0 0 0 0 0 6.23106
0 0 0 0 1 6.16614
0 0 0 0 1 6.24302
0 0 0 0 1 6.27141
0 0 0 0 1 6.21238
0 0 0 0 1 6.22112
0 0 0 0 0 6.34417
0 0 0 0 1 6.32906
0 0 0 0 0 6.33286
0 0 0 0 1 6.29863
0 0 0 0 1 6.31427
0 0 0 0 1 6.39469
0 0 0 0 1 6.45562
0 0 0 0 0 6.36998
0 0 0 0 0 6.42477
0 0 0 0 1 6.40959
0 0 0 0 1 6.54269
0 0 0 0 0 6.52774
0 0 0 0 1 6.53878
0 0 0 0 1 6.55641
0 0 0 0 1 6.59974
0 0 0 0 0 6.54461
0 0 0 0 1 6.64163
0 0 0 0 1 6.67903
0 0 0 0 0 6.67014
0 0 0 0 1 6.66115
0 0 0 0 0 6.66607
0 0 0 0 1 6.72468
0 0 0 0 1 6.74942
0 0 0 0 1 6.82839
0 0 0 0 1 6.75184
0 0 0 0 1 6.83813
0 0 0 0 1 6.8635
0 0 0 0 1 6.82039
0 0 0 0 1 6.84578
0 0 0 0 1 6.94044
0 0 0 0 0 6.89054
0 0 0 0 1 6.95109
0 0 0 0 1 7.05394
0 0 0 0 1 6.9542
0 0 0 0 1 7.02956
0 0 0 0 1 7.11209
0 0 0 0 0 7.16013
0 0 0 0 1 7.10162
0 0 0 0 1 7.12839
0 0 0 0 0 7.22705
0 0 0 0 1 7.26153
0 0 0 0 1 7.24517
0 0 0 0 0 7.25803
0 0 0 0 1 7.30696
0 0 0 0 1 7.27599
0 0 0 0 1 7.38405
0 0 0 0 0 7.41239
0 0 0 0 1 7.48458
0 0 0 0 1 7.47532
0 0 0 0 1 7.45126
0 0 0 0 1 7.57676
0 0 0 0 0 7.56734
0 0 0 0 1 7.65629
0 0 0 0 1 7.54056
0 0 0 0 1 7.60686
0 0 0 0 1 7.65054
0 0 0 0 1 7.77943
0 0 0 0 1 7.82396
0 0 0 0 1 7.75953
0 0 0 0 1 7.8671
0 0 0 0 1 7.78624
0 0 0 0 1 7.98849
0 0 0 0 0 7.98637
0 0 0 0 1 8.01548
0 0 0 0 0 7.97285
0 0 0 0 1 8.03447
0 0 0 0 1 8.08023
0 0 0 0 1 8.1664
0 0 0 0 1 8.16363
0 0 0 0 1 8.21762
0 0 0 0 1 8.31328
0 0 0 0 0 8.2355
0 0 0 0 1 8.29816
0 0 0 0 1 8.49576
0 0 0 0 1 8.52604
0 0 0 0 1 8.43723
0 0 0 0 1 8.53523
0 0 0 0 1 8.54013
0 0 0 0 1 8.59584
0 0 0 0 1 8.74665
0 0 0 0 1 8.75966
0 0 0 0 0 8.71003
0 0 0 0 1 8.86453
0 0 0 0 1 8.91198
0 0 0 0 1 8.91476
0 0 0 0 1 8.92606
0 0 0 0 1 9.082
0 0 0 0 1 9.06709
0 0 0 0 1 9.07805
0 0 0 0 1 9.23624
0 0 0 0 1 9.26588
0 0 0 0 1 9.35249
0 0 0 0 1 9.36224
0 0 0 0 1 9.48616
0 0 0 0 1 9.61945
0 0 0 0 0 9.63879
0 0 0 0 1 9.63
0 0 0 0 1 9.66772
0 0 0 0 1 9.73459
0 0 0 0 1 9.80164
0 0 0 0 1 9.85056
0 0 0 0 0 10.0362
0 0 0 0 0 10.1447
0 0 0 0 0 10.2017
0 0 0 0 1 10.1787
0 0 0 0 1 10.1734
0 0 0 0 0 10.3845
0 0 0 0 0 10.3806
0 0 0 0 1 10.416
0 0 0 0 1 10.4932
0 0 0 0 1 10.6752
0 0 0 0 1 10.8394
0 0 0 0 0 10.8191
0 0 0 0 1 9.28728
0 0 0 0 1 9.23536
0 0 0 0 1 9.27188
0 0 0 0 0 9.27581
0 0 0 0 1 9.22923
0 0 0 0 1 9.16904
0 0 0 0 1 9.23315
0 0 0 0 1 9.19171
0 0 0 0 0 9.04549
0 0 0 0 1 9.05957
0 0 0 0 1 9.15091
0 0 0 0 1 9.03783
0 0 0 0 1 8.96595
0 0 0 0 1 8.94866
0 0 0 0 1 8.96332
0 0 0 0 1 8.94629
0 0 0 0 1 8.94315
0 0 0 0 1 8.99811
0 0 0 0 0 8.99927
0 0 0 0 1 8.90229
0 0 0 0 1 8.9621
0 0 0 0 0 8.81244
0 0 0 0 0 8.93858
0 0 0 0 0 8.92259
0 0 0 0 1 8.78293
0 0 0 0 1 8.73715
0 0 0 0 1 8.83645
0 0 0 0 1 8.82118
0 0 0 0 1 8.77095
0 0 0 0 1 8.6947
0 0 0 0 1 8.76757
0 0 0 0 1 8.81044
0 0 0 0 0 8.75232
0 0 0 0 1 8.62489
0 0 0 0 1 8.62832
0 0 0 0 1 8.6492
0 0 0 0 0 8.60085
0 0 0 0 1 8.69978
0 0 0 0 1 8.669
0 0 0 0 1 8.59534
0 0 0 0 1 8.65976
0 0 0 0 1 8.61238
0 0 0 0 1 8.53951
0 0 0 0 0 8.58697
0 0 0 0 1 8.61731
0 0 0 0 1 8.57079
0 0 0 0 1 8.54461
0 0 0 0 1 8.49854
0 0 0 0 1 8.61843
0 0 0 0 1 8.73474
0 0 0 0 1 8.80685
0 0 0 0 1 8.90505
0 0 0 0 1 9.066
0 0 0 0 1 9.24678
0 0 0 0 0 9.30693
0 0 0 0 0 9.52672
0 0 0 0 1 9.70041
0 0 0 0 1 9.89456
0 0 0 0 1 10.0298
0 0 0 0 1 10.1536
0 0 0 0 1 10.2655
0 0 0 0 1 10.5634
0 0 0 0 1 10.8449
0 0 0 0 1 11.0403
0 0 0 0 1 11.0571
0 0 0 0 1 11.3267
0 0 0 0 1 11.6083
0 0 0 0 1 11.7487
0 0 0 0 1 12.1024
0 0 0 0 1 12.4071
0 0 0 0 0 12.5479
0 0 0 0 1 12.8219
0 0 0 0 0 22.91
0 0 0 0 1 22.891
0 0 0 0 1 22.5983
0 0 0 0 0 22.7617
0 0 0 0 1 22.4496
0 0 0 0 1 22.7269
0 0 0 0 1 22.597
0 0 0 0 0 22.4904
0 0 0 0 1 22.6101
0 0 0 0 1 22.3464
0 0 0 0 0 22.715
0 0 0 0 1 22.4073
0 0 0 0 1 22.3947
0 0 0 0 1 22.6513
0 0 0 0 1 22.6604
0 0 0 0 1 22.535
0 0 0 0 1 22.6125
0 0 0 0 0 22.5555
0 0 0 0 1 23.3156
0 0 0 0 0 23.8826
0 0 0 0 1 25.1934
0 0 0 0 1 26.1861
0 0 0 0 1 36.5633
0 0 0 0 1 36.0386
0 0 0 0 1 36.4975
0 0 0 0 0 36.2293
0 0 0 0 1 36.7565
0 0 0 0 1 38.3337
0 0 0 0 0 51.7022
0 0 0 0 0 52.2073
0 0 0 0 0 52.1413
0 0 0 0 0 52.1798
0 0 0 0 0 52.3232
0 0 0 0 1 56.1032
0 0 0 0 1 65.6589
0 0 0 0 1 69.5942
0 0 0 0 0 81.6464
0 0 0 0 0 5.01501
0 0 0 0 0 5.00499
0 0 0 0 0 4.98495
0 0 0 0 0 5.04006
0 0 0 0 0 4.99497
0 0 0 0 0 4.99497
0 0 0 0 0 5.00499
0 0 0 0 0 5.05509
0 0 0 0 0 5.05509
0 0 0 0 0 5.02503
0 0 0 0 0 5.05008
0 0 0 0 0 5.02503
0 0 0 0 0 87.0653
0 0 0 0 1 87.9503
0 0 0 0 1 75.5958
0 0 0 0 1 64.0305
0 0 0 0 0 59.9212
0 0 0 0 1 60.1744
0 0 0 0 1 60.0651
0 0 0 0 1 51.3644
0 0 0 0 1 48.2751
0 0 0 0 1 47.9515
0 0 0 0 1 39.6276
0 0 0 0 1 36.6725
0 0 0 0 1 35.5252
0 0 0 0 1 35.3589
0 0 0 0 0 35.7635
0 0 0 0 1 35.4558
0 0 0 0 0 27.8252
0 0 0 0 1 27.0179
0 0 0 0 1 25.6135
0 0 0 0 1 24.6638
0 0 0 0 1 24.7494
0 0 0 0 1 24.4414
0 0 0 0 0 24.5268
0 0 0 0 1 24.5645
0 0 0 0 0 24.8989
0 0 0 0 1 24.8143
0 0 0 0 1 24.8784
0 0 0 0 1 24.7947
0 0 0 0 1 24.9325
0 0 0 0 0 18.1817
0 0 0 0 1 17.8096
0 0 0 0 0 17.1746
0 0 0 0 1 16.711
0 0 0 0 1 16.1469
0 0 0 0 1 15.8636
0 0 0 0 1 15.3925
0 0 0 0 1 14.9851
0 0 0 0 1 14.772
0 0 0 0 1 14.4086
0 0 0 0 1 13.958
0 0 0 0 0 13.9981
0 0 0 0 1 13.9544
0 0 0 0 1 14.05
0 0 0 0 1 13.9789
0 0 0 0 1 13.9916
0 0 0 0 1 13.8252
0 0 0 0 1 13.9499
0 0 0 0 0 13.8515
0 0 0 0 1 14.1308
0 0 0 0 0 13.895
0 0 0 0 1 13.9511
0 0 0 0 0 14.0917
0 0 0 0 1 13.994
0 0 0 0 1 14.0816
0 0 0 0 0 13.9841
0 0 0 0 1 14.0698
0 0 0 0 1 14.0598
0 0 0 0 1 14.2169
0 0 0 0 1 14.1058
0 0 0 0 0 14.1107
0 0 0 0 1 14.0422
0 0 0 0 1 14.3315
0 0 0 0 1 14.2351
0 0 0 0 1 14.3266
0 0 0 0 0 14.3443
0 0 0 0 1 14.4082
0 0 0 0 1 14.2406
0 0 0 0 1 14.3479
0 0 0 0 1 14.3666
0 0 0 0 1 8.78179
0 0 0 0 0 8.69478
0 0 0 0 1 8.58146
0 0 0 0 0 8.56269
0 0 0 0 1 8.38256
0 0 0 0 1 8.27077
0 0 0 0 1 8.12774
0 0 0 0 1 8.03337
0 0 0 0 1 8.00425
0 0 0 0 1 7.82364
0 0 0 0 0 7.78729
0 0 0 0 1 7.74846
0 0 0 0 1 7.5727
0 0 0 0 0 7.49734
0 0 0 0 1 7.44439
0 0 0 0 1 7.46677
0 0 0 0 1 7.26572
0 0 0 0 1 7.29379
0 0 0 0 1 7.22673
0 0 0 0 1 7.15966
0 0 0 0 1 6.95214
0 0 0 0 1 6.91648
0 0 0 0 1 6.82998
0 0 0 0 1 6.85528
0 0 0 0 1 6.71686
0 0 0 0 1 6.68037
0 0 0 0 1 6.65676
0 0 0 0 1 6.59969
0 0 0 0 0 6.45808
0 0 0 0 0 6.40436
0 0 0 0 1 6.37374
0 0 0 0 1 6.34531
0 0 0 0 1 6.32284
0 0 0 0 1 6.27504
0 0 0 0 1 6.12234
0 0 0 0 1 6.09995
0 0 0 0 0 6.12566
0 0 0 0 1 6.05683
0 0 0 0 0 5.94378
0 0 0 0 1 5.87616
0 0 0 0 1 5.91184
0 0 0 0 1 5.79188
0 0 0 0 1 5.74835
0 0 0 0 0 5.69343
0 0 0 0 0 5.72686
0 0 0 0 1 5.66051
0 0 0 0 1 5.61142
0 0 0 0 1 5.56005
0 0 0 0 1 5.5556
0 0 0 0 1 5.50682
0 0 0 0 1 5.48
0 0 0 0 1 5.42387
0 0 0 0 0 5.33051
0 0 0 0 1 5.36277
0 0 0 0 0 5.34443
0 0 0 0 1 5.2439
0 0 0 0 1 5.24144
0 0 0 0 0 5.20239
0 0 0 0 0 5.09657
0 0 0 0 1 5.07873
0 0 0 0 1 5.05754
0 0 0 0 1 5.07473
0 0 0 0 1 5.04463
0 0 0 0 1 4.98639
0 0 0 0 1 4.91868
0 0 0 0 1 4.90561
0 0 0 0 0 4.87774
0 0 0 0 1 4.88722
0 0 0 0 1 4.83509
0 0 0 0 0 4.83426
0 0 0 0 1 4.87014
0 0 0 0 1 4.81528
0 0 0 0 1 4.87671
0 0 0 0 1 4.88866
0 0 0 0 0 4.86754
0 0 0 0 0 4.93464
0 0 0 0 1 4.93322
0 0 0 0 0 4.89109
0 0 0 0 1 4.92418
0 0 0 0 1 5.00726
0 0 0 0 1 4.98481
0 0 0 0 1 5.03354
0 0 0 0 1 5.05243
0 0 0 0 0 5.06135
0 0 0 0 0 5.05003
0 0 0 0 1 5.06401
0 0 0 0 0 5.10868
0 0 0 0 1 5.09217
0 0 0 0 1 5.11018
0 0 0 0 0 5.18113
0 0 0 0 1 5.13356
0 0 0 0 1 5.17908
0 0 0 0 1 5.16753
0 0 0 0 0 5.21865
0 0 0 0 1 5.27011
0 0 0 0 0 5.24279
0 0 0 0 1 5.27486
0 0 0 0 0 5.33232
0 0 0 0 0 5.3207
0 0 0 0 1 5.31429
0 0 0 0 0 5.3616
0 0 0 0 1 5.36201
0 0 0 0 1 5.39346
0 0 0 0 1 5.41418
0 0 0 0 1 5.50614
0 0 0 0 1 5.47386
0 0 0 0 0 5.50042
0 0 0 0 1 5.54528
0 0 0 0 1 5.58331
0 0 0 0 1 5.61753
0 0 0 0 1 5.64474
0 0 0 0 1 5.66802
0 0 0 0 1 5.63872
0 0 0 0 1 5.65619
0 0 0 0 1 5.73513
0 0 0 0 1 5.75871
0 0 0 0 1 5.7361
0 0 0 0 0 5.77121
0 0 0 0 1 5.85163
0 0 0 0 1 5.85214
0 0 0 0 1 5.935
0 0 0 0 1 5.86449
0 0 0 0 0 5.9717
0 0 0 0 1 5.94816
0 0 0 0 1 6.02643
0 0 0 0 1 6.05089
0 0 0 0 1 6.05111
0 0 0 0 1 6.08165
0 0 0 0 0 6.16754
0 0 0 0 1 6.11372
0 0 0 0 1 9.44289
0 0 0 0 1 9.49082
0 0 0 0 1 9.47844
0 0 0 0 1 9.34366
0 0 0 0 1 9.36316
0 0 0 0 0 9.2951
0 0 0 0 1 9.24608
0 0 0 0 1 9.3614
0 0 0 0 1 9.30635
0 0 0 0 1 9.13771
0 0 0 0 0 9.24614
0 0 0 0 1 9.23463
0 0 0 0 1 9.08608
0 0 0 0 1 9.2027
0 0 0 0 0 9.00977
0 0 0 0 0 9.14399
0 0 0 0 1 9.09686
0 0 0 0 1 9.09178
0 0 0 0 1 9.0092
0 0 0 0 1 8.89697
0 0 0 0 1 8.89579
0 0 0 0 1 8.93911
0 0 0 0 1 8.85804
0 0 0 0 1 8.88357
0 0 0 0 1 8.80868
0 0 0 0 1 8.76395
0 0 0 0 1 8.78963
0 0 0 0 1 8.71227
0 0 0 0 0 8.72933
0 0 0 0 1 8.61244
0 0 0 0 1 8.75989
0 0 0 0 1 8.73016
0 0 0 0 1 8.68677
0 0 0 0 0 8.67467
0 0 0 0 1 8.58889
0 0 0 0 1 8.61997
0 0 0 0 1 8.49225
0 0 0 0 1 8.59162
0 0 0 0 1 8.50368
0 0 0 0 0 8.50096
0 0 0 0 1 8.41374
0 0 0 0 0 8.41134
0 0 0 0 1 8.3874
0 0 0 0 1 8.41039
0 0 0 0 0 8.36633
0 0 0 0 1 8.30583
0 0 0 0 1 8.32903
0 0 0 0 1 8.38917
0 0 0 0 1 8.30438
0 0 0 0 1 8.32765
0 0 0 0 0 8.3141
0 0 0 0 1 8.18895
0 0 0 0 1 8.20432
0 0 0 0 1 8.25254
0 0 0 0 0 8.21051
0 0 0 0 1 8.09516
0 0 0 0 1 8.11092
0 0 0 0 1 8.06157
0 0 0 0 1 8.11816
0 0 0 0 0 8.07729
0 0 0 0 1 8.11762
0 0 0 0 1 8.02057
0 0 0 0 1 8.04493
0 0 0 0 0 7.98472
0 0 0 0 1 8.06548
0 0 0 0 1 8.07387
0 0 0 0 1 7.99431
0 0 0 0 0 7.92316
0 0 0 0 0 7.91989
0 0 0 0 1 7.97668
0 0 0 0 1 7.90624
0 0 0 0 1 7.92343
0 0 0 0 1 7.95651
0 0 0 0 1 7.97737
0 0 0 0 1 7.86052
0 0 0 0 0 7.8545
0 0 0 0 1 7.89139
0 0 0 0 1 7.84969
0 0 0 0 0 7.77345
0 0 0 0 1 7.78374
0 0 0 0 1 7.74722
0 0 0 0 1 7.761
0 0 0 0 0 7.71708
0 0 0 0 1 7.72792
0 0 0 0 1 7.78082
0 0 0 0 0 7.72969
0 0 0 0 0 7.72062
