0 0 0 0 1 5.53625
0 0 0 0 1 5.57312
0 0 0 0 1 5.58796
0 0 0 0 1 5.5218
0 0 0 0 0 5.53679
0 0 0 0 1 5.53517
0 0 0 0 1 5.58873
0 0 0 0 1 5.62097
0 0 0 0 1 5.65568
0 0 0 0 1 5.63773
0 0 0 0 1 5.60855
0 0 0 0 1 5.61886
0 0 0 0 1 5.61452
0 0 0 0 1 5.64767
0 0 0 0 1 5.68106
0 0 0 0 1 5.63153
0 0 0 0 1 5.63671
0 0 0 0 1 5.73888
0 0 0 0 1 5.69309
0 0 0 0 1 5.67399
0 0 0 0 0 5.67387
0 0 0 0 1 5.77136
0 0 0 0 1 5.73137
0 0 0 0 1 5.7489
0 0 0 0 1 5.77414
0 0 0 0 1 5.75728
0 0 0 0 1 5.82731
0 0 0 0 1 5.81065
0 0 0 0 1 5.84635
0 0 0 0 1 5.84146
0 0 0 0 1 5.87753
0 0 0 0 1 5.79248
0 0 0 0 1 5.90644
0 0 0 0 0 5.85491
0 0 0 0 0 5.85619
0 0 0 0 0 5.91653
0 0 0 0 1 5.94764
0 0 0 0 1 5.96118
0 0 0 0 1 5.98077
0 0 0 0 1 5.89337
0 0 0 0 1 6.00252
0 0 0 0 1 5.92683
0 0 0 0 1 6.03793
0 0 0 0 1 6.04617
0 0 0 0 1 6.00635
0 0 0 0 1 5.97242
0 0 0 0 1 6.06419
0 0 0 0 0 6.10311
0 0 0 0 0 6.14227
0 0 0 0 1 6.14508
0 0 0 0 1 6.08683
0 0 0 0 1 6.1141
0 0 0 0 1 6.20194
0 0 0 0 1 6.18146
0 0 0 0 1 6.15989
0 0 0 0 1 6.19393
0 0 0 0 1 6.24058
0 0 0 0 0 6.187
0 0 0 0 0 6.29637
0 0 0 0 0 6.2374
0 0 0 0 0 6.23368
0 0 0 0 1 6.34417
0 0 0 0 1 6.3543
0 0 0 0 1 6.33918
0 0 0 0 1 6.30498
0 0 0 0 1 6.35246
0 0 0 0 1 6.34364
0 0 0 0 1 6.46203
0 0 0 0 0 6.35713
0 0 0 0 1 6.40544
0 0 0 0 1 6.51944
0 0 0 0 1 6.47137
0 0 0 0 1 6.53424
0 0 0 0 1 6.45403
0 0 0 0 1 6.54333
0 0 0 0 1 6.49477
0 0 0 0 1 6.63678
0 0 0 0 1 6.65483
0 0 0 0 1 6.60615
0 0 0 0 1 6.69009
0 0 0 0 1 6.71455
0 0 0 0 0 6.64599
0 0 0 0 1 6.7381
0 0 0 0 1 6.71574
0 0 0 0 1 6.7067
0 0 0 0 1 6.81291
0 0 0 0 0 6.86538
0 0 0 0 1 6.78146
0 0 0 0 1 6.8547
0 0 0 0 0 6.83889
0 0 0 0 0 6.9197
0 0 0 0 1 6.97373
0 0 0 0 1 6.97893
0 0 0 0 1 7.02601
0 0 0 0 0 6.94018
0 0 0 0 1 7.10696
0 0 0 0 1 7.00604
0 0 0 0 1 7.16723
0 0 0 0 0 7.0945
0 0 0 0 0 7.07834
0 0 0 0 0 7.1481
0 0 0 0 1 7.23272
0 0 0 0 1 7.26689
0 0 0 0 1 7.21444
0 0 0 0 1 7.28506
0 0 0 0 1 7.34193
0 0 0 0 1 7.43558
0 0 0 0 1 7.30903
0 0 0 0 1 7.44008
0 0 0 0 1 7.52749
0 0 0 0 0 7.41386
0 0 0 0 1 7.53918
0 0 0 0 1 7.53713
0 0 0 0 1 7.58041
0 0 0 0 1 7.54056
0 0 0 0 1 7.72931
0 0 0 0 1 7.64285
0 0 0 0 1 7.7099
0 0 0 0 1 7.70753
0 0 0 0 1 7.82192
0 0 0 0 1 7.87493
0 0 0 0 1 7.94354
0 0 0 0 1 7.8303
0 0 0 0 1 7.88306
0 0 0 0 1 7.98352
0 0 0 0 0 8.10131
0 0 0 0 1 8.0264
0 0 0 0 0 8.15318
0 0 0 0 1 8.10935
0 0 0 0 0 8.15545
0 0 0 0 1 8.25056
0 0 0 0 1 8.2222
0 0 0 0 0 8.24382
0 0 0 0 1 8.4069
0 0 0 0 1 8.47893
0 0 0 0 0 8.44992
0 0 0 0 0 8.42022
0 0 0 0 1 8.578
0 0 0 0 1 8.6776
0 0 0 0 1 8.68223
0 0 0 0 1 8.61624
0 0 0 0 1 8.7247
0 0 0 0 1 8.78042
0 0 0 0 1 8.90872
0 0 0 0 1 8.83193
0 0 0 0 1 8.96846
0 0 0 0 0 8.9801
0 0 0 0 1 9.00948
0 0 0 0 1 9.13088
0 0 0 0 0 9.23393
0 0 0 0 1 9.25469
0 0 0 0 1 9.20089
0 0 0 0 1 9.38982
0 0 0 0 0 9.38104
0 0 0 0 1 9.53345
0 0 0 0 0 9.50516
0 0 0 0 1 9.56206
0 0 0 0 1 9.73614
0 0 0 0 0 9.72602
0 0 0 0 1 9.79329
0 0 0 0 0 9.92971
0 0 0 0 1 9.85056
0 0 0 0 0 10.0062
0 0 0 0 1 9.99386
0 0 0 0 1 10.1106
0 0 0 0 1 10.3011
0 0 0 0 1 10.3687
0 0 0 0 1 10.457
0 0 0 0 1 10.391
0 0 0 0 0 10.4685
0 0 0 0 1 10.472
0 0 0 0 1 10.7285
0 0 0 0 1 10.7213
0 0 0 0 1 10.8407
0 0 0 0 1 9.21284
0 0 0 0 1 9.3653
0 0 0 0 1 9.31819
0 0 0 0 1 9.19266
0 0 0 0 0 9.18313
0 0 0 0 1 9.15984
0 0 0 0 0 9.18726
0 0 0 0 1 9.13678
0 0 0 0 1 9.15513
0 0 0 0 1 9.18717
0 0 0 0 1 9.15091
0 0 0 0 1 9.09227
0 0 0 0 1 8.97501
0 0 0 0 1 8.97578
0 0 0 0 1 8.93627
0 0 0 0 1 9.04529
0 0 0 0 1 8.9252
0 0 0 0 1 9.03396
0 0 0 0 1 8.92771
0 0 0 0 0 8.97373
0 0 0 0 1 8.8552
0 0 0 0 0 8.96361
0 0 0 0 1 8.95633
0 0 0 0 1 8.79854
0 0 0 0 1 8.82715
0 0 0 0 1 8.896
0 0 0 0 1 8.73954
0 0 0 0 0 8.80359
0 0 0 0 1 8.75339
0 0 0 0 0 8.82618
0 0 0 0 1 8.73257
0 0 0 0 0 8.76678
0 0 0 0 1 8.76104
0 0 0 0 0 8.651
0 0 0 0 0 8.74997
0 0 0 0 1 8.63185
0 0 0 0 1 8.69612
0 0 0 0 1 8.60465
0 0 0 0 0 8.62583
0 0 0 0 1 8.59534
0 0 0 0 1 8.61672
0 0 0 0 0 8.50923
0 0 0 0 1 8.54809
0 0 0 0 1 8.64696
0 0 0 0 1 8.51462
0 0 0 0 0 8.46824
0 0 0 0 0 8.60436
0 0 0 0 1 8.56673
0 0 0 0 1 8.58413
0 0 0 0 1 8.76954
0 0 0 0 1 8.7539
0 0 0 0 1 9.03943
0 0 0 0 0 9.02962
0 0 0 0 1 9.14517
0 0 0 0 0 9.3257
0 0 0 0 1 9.4695
0 0 0 0 0 9.77785
0 0 0 0 1 9.91425
0 0 0 0 0 9.94975
0 0 0 0 1 10.2045
0 0 0 0 1 10.4623
0 0 0 0 0 10.5845
0 0 0 0 1 10.7912
0 0 0 0 1 10.9199
0 0 0 0 0 11.2132
0 0 0 0 1 11.4516
0 0 0 0 1 11.701
0 0 0 0 1 11.8787
0 0 0 0 1 12.1386
0 0 0 0 1 12.284
0 0 0 0 1 12.6737
0 0 0 0 1 12.8604
0 0 0 0 1 22.5464
0 0 0 0 1 22.8456
0 0 0 0 1 22.6437
0 0 0 0 0 22.8524
0 0 0 0 1 22.4949
0 0 0 0 1 22.5458
0 0 0 0 1 22.5292
0 0 0 0 0 22.8294
0 0 0 0 1 22.4294
0 0 0 0 1 22.4818
0 0 0 0 1 22.5346
0 0 0 0 1 22.6779
0 0 0 0 1 22.4172
0 0 0 0 0 22.6738
0 0 0 0 1 22.3454
0 0 0 0 1 22.67
0 0 0 0 1 22.4102
0 0 0 0 0 22.6903
0 0 0 0 1 23.246
0 0 0 0 0 23.9308
0 0 0 0 1 25.3692
0 0 0 0 0 26.1598
0 0 0 0 1 36.0899
0 0 0 0 0 36.1842
0 0 0 0 1 36.4611
0 0 0 0 1 36.2293
0 0 0 0 1 36.1742
0 0 0 0 1 38.2181
0 0 0 0 1 52.1188
0 0 0 0 0 51.7909
0 0 0 0 1 51.673
0 0 0 0 0 52.0757
0 0 0 0 1 51.5951
0 0 0 0 1 56.6671
0 0 0 0 1 65.9207
0 0 0 0 1 69.3852
0 0 0 0 0 81.0737
0 0 0 0 0 4.96491
0 0 0 0 0 4.97994
0 0 0 0 0 4.96491
0 0 0 0 0 4.98996
0 0 0 0 0 5.02503
0 0 0 0 0 4.99998
0 0 0 0 0 4.97994
0 0 0 0 0 5.01501
0 0 0 0 0 5.02503
0 0 0 0 0 5.03004
0 0 0 0 0 4.98996
0 0 0 0 0 5.03004
0 0 0 0 1 87.5032
0 0 0 0 1 88.2131
0 0 0 0 1 75.6709
0 0 0 0 1 64.0305
0 0 0 0 1 60.1633
0 0 0 0 1 60.9614
0 0 0 0 1 60.7311
0 0 0 0 0 51.9833
0 0 0 0 1 48.1311
0 0 0 0 1 47.8555
0 0 0 0 1 39.392
0 0 0 0 0 36.9303
0 0 0 0 1 35.9888
0 0 0 0 1 35.8228
0 0 0 0 1 35.478
0 0 0 0 1 35.67
0 0 0 0 1 27.9375
0 0 0 0 0 27.0715
0 0 0 0 1 25.716
0 0 0 0 1 24.3684
0 0 0 0 0 24.4539
0 0 0 0 1 24.4167
0 0 0 0 1 24.576
0 0 0 0 0 24.6878
0 0 0 0 0 24.5287
0 0 0 0 1 24.9131
0 0 0 0 1 24.7796
0 0 0 0 0 24.5228
0 0 0 0 0 24.512
0 0 0 0 1 18.1817
0 0 0 0 1 17.5797
0 0 0 0 1 17.1058
0 0 0 0 1 16.8615
0 0 0 0 1 16.4076
0 0 0 0 1 15.7842
0 0 0 0 0 15.4235
0 0 0 0 0 15.0456
0 0 0 0 1 14.8015
0 0 0 0 1 14.3365
0 0 0 0 0 13.958
0 0 0 0 1 13.9842
0 0 0 0 1 13.8849
0 0 0 0 1 13.9665
0 0 0 0 1 13.9789
0 0 0 0 0 13.8243
0 0 0 0 1 13.9368
0 0 0 0 1 13.936
0 0 0 0 1 13.9633
0 0 0 0 0 14.0468
0 0 0 0 1 14.0491
0 0 0 0 1 14.1474
0 0 0 0 1 14.0496
0 0 0 0 1 13.9799
0 0 0 0 1 13.969
0 0 0 0 1 14.1812
0 0 0 0 1 14.1544
0 0 0 0 1 14.2574
0 0 0 0 1 14.1745
0 0 0 0 1 14.0492
0 0 0 0 1 14.0965
0 0 0 0 1 14.0847
0 0 0 0 1 14.1895
0 0 0 0 1 14.3488
0 0 0 0 1 14.2981
0 0 0 0 1 14.3871
0 0 0 0 1 14.2511
0 0 0 0 1 14.2263
0 0 0 0 1 14.262
0 0 0 0 1 14.2805
0 0 0 0 1 8.73766
0 0 0 0 1 8.62508
0 0 0 0 1 8.65025
0 0 0 0 1 8.5372
0 0 0 0 1 8.42452
0 0 0 0 1 8.35364
0 0 0 0 1 8.16871
0 0 0 0 0 8.06573
0 0 0 0 0 8.06822
0 0 0 0 1 7.91057
0 0 0 0 1 7.77166
0 0 0 0 1 7.76391
0 0 0 0 1 7.59562
0 0 0 0 1 7.48223
0 0 0 0 1 7.45186
0 0 0 0 1 7.40757
0 0 0 0 1 7.35352
0 0 0 0 1 7.27931
0 0 0 0 0 7.19089
0 0 0 0 1 7.08871
0 0 0 0 1 7.02939
0 0 0 0 0 6.9791
0 0 0 0 0 6.8231
0 0 0 0 1 6.75978
0 0 0 0 1 6.68983
0 0 0 0 1 6.7607
0 0 0 0 1 6.66339
0 0 0 0 0 6.60626
0 0 0 0 1 6.51011
0 0 0 0 1 6.45595
0 0 0 0 1 6.41845
0 0 0 0 0 6.39597
0 0 0 0 1 6.32284
0 0 0 0 1 6.25637
0 0 0 0 1 6.14085
0 0 0 0 1 6.14889
0 0 0 0 1 6.07714
0 0 0 0 1 5.97254
0 0 0 0 1 5.91395
0 0 0 0 1 5.94724
0 0 0 0 1 5.92358
0 0 0 0 0 5.78606
0 0 0 0 1 5.82931
0 0 0 0 1 5.79674
0 0 0 0 1 5.71548
0 0 0 0 1 5.66051
0 0 0 0 1 5.54422
0 0 0 0 0 5.62127
0 0 0 0 1 5.55008
0 0 0 0 1 5.4849
0 0 0 0 1 5.45825
0 0 0 0 0 5.34824
0 0 0 0 1 5.4164
0 0 0 0 1 5.30419
0 0 0 0 1 5.34443
0 0 0 0 0 5.30164
0 0 0 0 0 5.22579
0 0 0 0 1 5.1713
0 0 0 0 1 5.18923
0 0 0 0 1 5.15544
0 0 0 0 1 5.1032
0 0 0 0 0 5.00922
0 0 0 0 1 5.05967
0 0 0 0 1 4.9565
0 0 0 0 0 4.98796
0 0 0 0 1 4.90561
0 0 0 0 1 4.87774
0 0 0 0 1 4.88722
0 0 0 0 1 4.78684
0 0 0 0 1 4.83426
0 0 0 0 1 4.77843
0 0 0 0 1 4.81528
0 0 0 0 1 4.82322
0 0 0 0 1 4.90328
0 0 0 0 1 4.85287
0 0 0 0 0 4.90518
0 0 0 0 1 4.8938
0 0 0 0 0 4.93556
0 0 0 0 1 4.96385
0 0 0 0 1 4.96744
0 0 0 0 1 4.95986
0 0 0 0 1 5.01851
0 0 0 0 1 5.0474
0 0 0 0 1 5.02098
0 0 0 0 1 5.11588
0 0 0 0 1 5.11485
0 0 0 0 0 5.12399
0 0 0 0 0 5.16902
0 0 0 0 1 5.14613
0 0 0 0 1 5.14505
0 0 0 0 1 5.13873
0 0 0 0 1 5.24661
0 0 0 0 1 5.17274
0 0 0 0 1 5.21342
0 0 0 0 1 5.30164
0 0 0 0 1 5.24279
0 0 0 0 0 5.34378
0 0 0 0 1 5.3536
0 0 0 0 1 5.37412
0 0 0 0 1 5.31429
0 0 0 0 1 5.34545
0 0 0 0 1 5.42693
0 0 0 0 1 5.41519
0 0 0 0 1 5.47961
0 0 0 0 0 5.49519
0 0 0 0 1 5.53987
0 0 0 0 1 5.47833
0 0 0 0 0 5.57303
0 0 0 0 1 5.5443
0 0 0 0 1 5.57833
0 0 0 0 0 5.67847
0 0 0 0 1 5.65671
0 0 0 0 1 5.72949
0 0 0 0 1 5.65619
0 0 0 0 1 5.74085
0 0 0 0 1 5.76446
0 0 0 0 1 5.7708
0 0 0 0 1 5.8642
0 0 0 0 1 5.78162
0 0 0 0 0 5.86974
0 0 0 0 1 5.88195
0 0 0 0 0 5.94743
0 0 0 0 1 5.92407
0 0 0 0 1 5.99603
0 0 0 0 0 6.06853
0 0 0 0 1 6.09321
0 0 0 0 1 6.06933
0 0 0 0 1 6.09997
0 0 0 0 1 6.11845
0 0 0 0 0 6.16312
0 0 0 0 0 9.45241
0 0 0 0 0 9.56667
0 0 0 0 1 9.52569
0 0 0 0 0 9.40959
0 0 0 0 1 9.40069
0 0 0 0 1 9.3325
0 0 0 0 1 9.30201
0 0 0 0 0 9.24055
0 0 0 0 1 9.26931
0 0 0 0 0 9.20232
0 0 0 0 1 9.18174
0 0 0 0 0 9.16127
0 0 0 0 0 9.23233
0 0 0 0 1 9.03869
0 0 0 0 1 9.11876
0 0 0 0 1 9.12588
0 0 0 0 1 8.97051
0 0 0 0 1 9.06477
0 0 0 0 1 8.98228
0 0 0 0 0 9.04018
0 0 0 0 1 8.83334
0 0 0 0 1 8.97469
0 0 0 0 1 8.79598
0 0 0 0 1 8.8659
0 0 0 0 1 8.87922
0 0 0 0 1 8.70242
0 0 0 0 1 8.84221
0 0 0 0 1 8.79099
0 0 0 0 1 8.71189
0 0 0 0 0 8.75163
0 0 0 0 0 8.61245
0 0 0 0 1 8.73881
0 0 0 0 1 8.60051
0 0 0 0 1 8.58001
0 0 0 0 1 8.64895
0 0 0 0 1 8.52581
0 0 0 0 1 8.5776
0 0 0 0 1 8.53202
0 0 0 0 1 8.52917
0 0 0 0 1 8.39925
0 0 0 0 1 8.4391
0 0 0 0 1 8.47039
0 0 0 0 0 8.44629
0 0 0 0 1 8.45235
0 0 0 0 1 8.29933
0 0 0 0 1 8.37267
0 0 0 0 1 8.39573
0 0 0 0 0 8.23951
0 0 0 0 1 8.35416
0 0 0 0 1 8.2697
0 0 0 0 1 8.2893
0 0 0 0 1 8.22194
0 0 0 0 0 8.16317
0 0 0 0 1 8.13758
0 0 0 0 1 8.12857
0 0 0 0 0 8.21781
0 0 0 0 0 8.22516
0 0 0 0 1 8.22443
0 0 0 0 1 8.10191
0 0 0 0 0 8.05296
0 0 0 0 1 8.08524
0 0 0 0 1 8.05288
0 0 0 0 1 8.14166
0 0 0 0 1 8.09741
0 0 0 0 1 8.05744
0 0 0 0 1 8.0418
0 0 0 0 1 7.9463
0 0 0 0 1 8.06692
0 0 0 0 1 7.99965
0 0 0 0 1 7.97668
0 0 0 0 1 8.0016
0 0 0 0 1 7.99481
0 0 0 0 1 7.84567
0 0 0 0 1 7.93784
0 0 0 0 0 7.89998
0 0 0 0 1 7.81511
0 0 0 0 1 7.80485
0 0 0 0 1 7.92826
0 0 0 0 1 7.91464
0 0 0 0 1 7.87771
0 0 0 0 0 7.8254
0 0 0 0 1 7.761
0 0 0 0 1 7.76385
0 0 0 0 1 7.81353
0 0 0 0 1 7.82745
0 0 0 0 1 7.69089
0 0 0 0 1 7.79814
