0 0 0 0 1 5.58617
0 0 0 0 1 5.512
0 0 0 0 1 5.55457
0 0 0 0 1 5.58866
0 0 0 0 1 5.55912
0 0 0 0 1 5.57431
0 0 0 0 1 5.59992
0 0 0 0 1 5.62658
0 0 0 0 1 5.65568
0 0 0 0 1 5.66583
0 0 0 0 0 5.61981
0 0 0 0 1 5.68092
0 0 0 0 1 5.62016
0 0 0 0 1 5.60806
0 0 0 0 1 5.67539
0 0 0 0 1 5.65991
0 0 0 0 0 5.64808
0 0 0 0 1 5.71039
0 0 0 0 1 5.67025
0 0 0 0 1 5.74828
0 0 0 0 1 5.69105
0 0 0 0 0 5.7771
0 0 0 0 1 5.80035
0 0 0 0 1 5.76619
0 0 0 0 0 5.73376
0 0 0 0 1 5.73415
0 0 0 0 0 5.85048
0 0 0 0 1 5.77582
0 0 0 0 0 5.81144
0 0 0 0 1 5.87061
0 0 0 0 1 5.78405
0 0 0 0 1 5.81003
0 0 0 0 1 5.88886
0 0 0 0 1 5.92538
0 0 0 0 1 5.93859
0 0 0 0 1 5.83984
0 0 0 0 1 5.97129
0 0 0 0 0 5.96118
0 0 0 0 0 5.9689
0 0 0 0 1 5.98266
0 0 0 0 0 5.93688
0 0 0 0 1 5.95075
0 0 0 0 1 5.97803
0 0 0 0 1 5.98012
0 0 0 0 1 5.97626
0 0 0 0 1 6.02672
0 0 0 0 1 6.07024
0 0 0 0 1 6.04245
0 0 0 0 1 6.05105
0 0 0 0 1 6.1207
0 0 0 0 1 6.14794
0 0 0 0 1 6.16311
0 0 0 0 1 6.13433
0 0 0 0 1 6.18146
0 0 0 0 1 6.17841
0 0 0 0 1 6.21868
0 0 0 0 1 6.25919
0 0 0 0 0 6.187
0 0 0 0 1 6.17781
0 0 0 0 1 6.26243
0 0 0 0 0 6.26506
0 0 0 0 1 6.34417
0 0 0 0 1 6.36061
0 0 0 0 1 6.27592
0 0 0 0 1 6.31132
0 0 0 0 1 6.35883
0 0 0 0 1 6.36916
0 0 0 0 1 6.46203
0 0 0 0 1 6.36356
0 0 0 0 1 6.39255
0 0 0 0 1 6.40959
0 0 0 0 1 6.52973
0 0 0 0 0 6.45622
0 0 0 0 1 6.53878
0 0 0 0 1 6.51065
0 0 0 0 0 6.55381
0 0 0 0 1 6.61703
0 0 0 0 0 6.62842
0 0 0 0 1 6.57302
0 0 0 0 1 6.71004
0 0 0 0 1 6.69453
0 0 0 0 1 6.7263
0 0 0 0 1 6.70455
0 0 0 0 1 6.72248
0 0 0 0 1 6.7405
0 0 0 0 1 6.75862
0 0 0 0 0 6.80408
0 0 0 0 1 6.90452
0 0 0 0 1 6.93018
0 0 0 0 1 6.9422
0 0 0 0 1 6.975
0 0 0 0 1 6.99452
0 0 0 0 1 6.95109
0 0 0 0 0 6.99807
0 0 0 0 1 7.00328
0 0 0 0 1 7.06474
0 0 0 0 0 7.0626
0 0 0 0 0 7.12465
0 0 0 0 1 7.15148
0 0 0 0 1 7.09264
0 0 0 0 1 7.11222
0 0 0 0 0 7.27594
0 0 0 0 0 7.25241
0 0 0 0 1 7.19264
0 0 0 0 1 7.35805
0 0 0 0 1 7.31995
0 0 0 0 0 7.42822
0 0 0 0 1 7.3238
0 0 0 0 1 7.43266
0 0 0 0 1 7.40079
0 0 0 0 1 7.44378
0 0 0 0 0 7.57676
0 0 0 0 1 7.47671
0 0 0 0 1 7.59559
0 0 0 0 1 7.67004
0 0 0 0 1 7.72165
0 0 0 0 1 7.70436
0 0 0 0 0 7.679
0 0 0 0 0 7.80067
0 0 0 0 1 7.85312
0 0 0 0 0 7.83579
0 0 0 0 1 7.80197
0 0 0 0 1 7.86194
0 0 0 0 0 7.89101
0 0 0 0 1 7.93557
0 0 0 0 1 8.02102
0 0 0 0 1 8.1474
0 0 0 0 1 8.0235
0 0 0 0 1 8.0849
0 0 0 0 0 8.16363
0 0 0 0 0 8.29996
0 0 0 0 1 8.19736
0 0 0 0 0 8.24382
0 0 0 0 1 8.29816
0 0 0 0 0 8.38641
0 0 0 0 1 8.51758
0 0 0 0 0 8.43723
0 0 0 0 1 8.49247
0 0 0 0 0 8.60887
0 0 0 0 1 8.60448
0 0 0 0 1 8.72926
0 0 0 0 0 8.70721
0 0 0 0 1 8.76282
0 0 0 0 1 8.82034
0 0 0 0 1 8.8764
0 0 0 0 0 9.04006
0 0 0 0 0 8.97109
0 0 0 0 1 9.01855
0 0 0 0 0 9.15822
0 0 0 0 1 9.18808
0 0 0 0 1 9.14397
0 0 0 0 1 9.33087
0 0 0 0 1 9.26848
0 0 0 0 1 9.45624
0 0 0 0 0 9.37267
0 0 0 0 1 9.61945
0 0 0 0 1 9.54288
0 0 0 0 1 9.6686
0 0 0 0 0 9.74545
0 0 0 0 1 9.73459
0 0 0 0 1 9.81149
0 0 0 0 1 9.87038
0 0 0 0 1 10.0062
0 0 0 0 1 10.024
0 0 0 0 0 10.0498
0 0 0 0 1 10.2807
0 0 0 0 1 10.2967
0 0 0 0 1 10.2603
0 0 0 0 1 10.3494
0 0 0 0 0 10.521
0 0 0 0 1 10.5143
0 0 0 0 1 10.7285
0 0 0 0 1 10.7213
0 0 0 0 1 10.884
0 0 0 0 0 9.25937
0 0 0 0 1 9.34674
0 0 0 0 1 9.32745
0 0 0 0 1 9.25734
0 0 0 0 0 9.24767
0 0 0 0 1 9.10466
0 0 0 0 0 9.19644
0 0 0 0 1 9.24664
0 0 0 0 1 9.06376
0 0 0 0 0 9.0778
0 0 0 0 1 9.08723
0 0 0 0 1 9.10134
0 0 0 0 1 9.11086
0 0 0 0 1 8.98482
0 0 0 0 1 9.09858
0 0 0 0 1 8.97329
0 0 0 0 1 9.04192
0 0 0 0 1 8.94434
0 0 0 0 1 8.90087
0 0 0 0 1 8.97373
0 0 0 0 1 8.97992
0 0 0 0 1 8.98139
0 0 0 0 1 8.86756
0 0 0 0 0 8.8517
0 0 0 0 0 8.80946
0 0 0 0 1 8.76362
0 0 0 0 1 8.81883
0 0 0 0 1 8.70685
0 0 0 0 1 8.76217
0 0 0 0 1 8.78235
0 0 0 0 1 8.72382
0 0 0 0 1 8.74058
0 0 0 0 1 8.76104
0 0 0 0 1 8.78155
0 0 0 0 1 8.77603
0 0 0 0 1 8.71861
0 0 0 0 1 8.73943
0 0 0 0 1 8.62195
0 0 0 0 0 8.69491
0 0 0 0 1 8.62983
0 0 0 0 1 8.65976
0 0 0 0 0 8.64676
0 0 0 0 1 8.56526
0 0 0 0 1 8.4927
0 0 0 0 1 8.60019
0 0 0 0 1 8.4597
0 0 0 0 1 8.46778
0 0 0 0 1 8.50706
0 0 0 0 1 8.49837
0 0 0 0 1 8.68254
0 0 0 0 1 8.91274
0 0 0 0 1 9.01255
0 0 0 0 1 9.07509
0 0 0 0 0 9.14517
0 0 0 0 1 9.39137
0 0 0 0 1 9.45043
0 0 0 0 1 9.70041
0 0 0 0 1 9.93394
0 0 0 0 1 10.0398
0 0 0 0 1 10.1434
0 0 0 0 0 10.3794
0 0 0 0 1 10.5001
0 0 0 0 1 10.716
0 0 0 0 1 11.0403
0 0 0 0 1 11.2243
0 0 0 0 1 11.3835
0 0 0 0 0 11.5736
0 0 0 0 0 11.8432
0 0 0 0 1 12.0783
0 0 0 0 1 12.2471
0 0 0 0 1 12.6988
0 0 0 0 1 12.899
0 0 0 0 1 22.8646
0 0 0 0 1 22.8002
0 0 0 0 0 22.8706
0 0 0 0 1 22.535
0 0 0 0 1 22.4723
0 0 0 0 1 22.6137
0 0 0 0 1 22.8006
0 0 0 0 1 22.7616
0 0 0 0 1 22.5198
0 0 0 0 0 22.5044
0 0 0 0 1 22.6474
0 0 0 0 1 22.3397
0 0 0 0 1 22.7327
0 0 0 0 0 22.4711
0 0 0 0 1 22.7279
0 0 0 0 1 22.4226
0 0 0 0 1 22.7024
0 0 0 0 1 22.6229
0 0 0 0 1 23.3156
0 0 0 0 1 23.9067
0 0 0 0 0 25.1683
0 0 0 0 1 26.0026
0 0 0 0 1 36.1627
0 0 0 0 1 36.1114
0 0 0 0 1 36.7522
0 0 0 0 0 36.4475
0 0 0 0 1 36.4653
0 0 0 0 1 38.5648
0 0 0 0 1 52.1708
0 0 0 0 1 52.3635
0 0 0 0 1 51.7771
0 0 0 0 1 52.4399
0 0 0 0 1 51.5951
0 0 0 0 1 56.949
0 0 0 0 1 65.1352
0 0 0 0 1 69.8729
0 0 0 0 1 81.7282
0 0 0 0 0 5.05509
0 0 0 0 0 5.05008
0 0 0 0 0 4.96992
0 0 0 0 0 5.02503
0 0 0 0 0 4.98996
0 0 0 0 0 4.98996
0 0 0 0 0 5.03505
0 0 0 0 0 4.96992
0 0 0 0 0 4.98495
0 0 0 0 0 4.98495
0 0 0 0 0 5.04507
0 0 0 0 0 5.00499
0 0 0 0 1 87.1529
0 0 0 0 1 86.7239
0 0 0 0 1 75.7461
0 0 0 0 0 63.3921
0 0 0 0 0 60.4659
0 0 0 0 0 61.0824
0 0 0 0 0 60.1862
0 0 0 0 1 51.8802
0 0 0 0 1 48.0831
0 0 0 0 1 47.7595
0 0 0 0 1 39.2349
0 0 0 0 0 37.1512
0 0 0 0 1 35.5608
0 0 0 0 1 35.5373
0 0 0 0 0 35.585
0 0 0 0 1 35.9913
0 0 0 0 0 28.0498
0 0 0 0 1 26.8839
0 0 0 0 0 25.5879
0 0 0 0 1 24.4668
0 0 0 0 1 24.7001
0 0 0 0 1 24.7617
0 0 0 0 0 24.7486
0 0 0 0 1 24.5891
0 0 0 0 1 24.6521
0 0 0 0 1 24.6662
0 0 0 0 0 24.5819
0 0 0 0 1 24.8936
0 0 0 0 1 24.6852
0 0 0 0 1 18.2727
0 0 0 0 1 17.7388
0 0 0 0 1 17.1058
0 0 0 0 1 16.7444
0 0 0 0 0 16.4239
0 0 0 0 1 15.7842
0 0 0 0 0 15.4235
0 0 0 0 1 15.1061
0 0 0 0 1 14.6982
0 0 0 0 1 14.5673
0 0 0 0 1 14.24
0 0 0 0 1 13.9981
0 0 0 0 0 14.0378
0 0 0 0 1 13.9387
0 0 0 0 1 14.0346
0 0 0 0 1 13.9219
0 0 0 0 1 14.0485
0 0 0 0 1 14.0058
0 0 0 0 0 13.9214
0 0 0 0 1 14.1168
0 0 0 0 0 13.937
0 0 0 0 1 14.1053
0 0 0 0 1 13.9233
0 0 0 0 1 13.9518
0 0 0 0 0 14.1519
0 0 0 0 1 14.1812
0 0 0 0 1 14.0698
0 0 0 0 1 14.0598
0 0 0 0 0 14.2169
0 0 0 0 1 14.0917
0 0 0 0 1 14.1107
0 0 0 0 1 14.1982
0 0 0 0 1 14.1043
0 0 0 0 1 14.1213
0 0 0 0 1 14.1557
0 0 0 0 1 14.1447
0 0 0 0 1 14.2225
0 0 0 0 0 14.3407
0 0 0 0 0 14.1904
0 0 0 0 1 14.4096
0 0 0 0 1 8.91418
0 0 0 0 0 8.75577
0 0 0 0 1 8.53847
0 0 0 0 1 8.47774
0 0 0 0 0 8.43291
0 0 0 0 1 8.21275
0 0 0 0 1 8.20148
0 0 0 0 1 8.10618
0 0 0 0 1 8.04423
0 0 0 0 1 7.93427
0 0 0 0 1 7.76384
0 0 0 0 0 7.65576
0 0 0 0 1 7.58798
0 0 0 0 1 7.49734
0 0 0 0 1 7.45933
0 0 0 0 1 7.46677
0 0 0 0 1 7.33889
0 0 0 0 1 7.22136
0 0 0 0 1 7.1407
0 0 0 0 1 7.1029
0 0 0 0 1 7.09259
0 0 0 0 1 6.99302
0 0 0 0 1 6.82998
0 0 0 0 1 6.85528
0 0 0 0 1 6.73037
0 0 0 0 1 6.7607
0 0 0 0 1 6.6435
0 0 0 0 1 6.56029
0 0 0 0 0 6.52312
0 0 0 0 1 6.42371
0 0 0 0 1 6.45038
0 0 0 0 1 6.38331
0 0 0 0 1 6.304
0 0 0 0 0 6.28127
0 0 0 0 1 6.22726
0 0 0 0 1 6.09383
0 0 0 0 1 6.00436
0 0 0 0 1 6.01469
0 0 0 0 1 6.02136
0 0 0 0 1 5.86431
0 0 0 0 1 5.8179
0 0 0 0 1 5.83267
0 0 0 0 1 5.81774
0 0 0 0 1 5.79674
0 0 0 0 0 5.70411
0 0 0 0 1 5.66615
0 0 0 0 0 5.56102
0 0 0 0 1 5.57118
0 0 0 0 1 5.57217
0 0 0 0 1 5.43559
0 0 0 0 1 5.39301
0 0 0 0 1 5.35904
0 0 0 0 1 5.32515
0 0 0 0 1 5.34147
0 0 0 0 0 5.34443
0 0 0 0 0 5.2334
0 0 0 0 1 5.18929
0 0 0 0 1 5.14539
0 0 0 0 1 5.12746
0 0 0 0 1 5.08896
0 0 0 0 1 5.11842
0 0 0 0 1 5.01426
0 0 0 0 1 5.00952
0 0 0 0 1 4.96646
0 0 0 0 1 4.99291
0 0 0 0 0 4.87612
0 0 0 0 1 4.86309
0 0 0 0 1 4.88722
0 0 0 0 0 4.79649
0 0 0 0 1 4.79574
0 0 0 0 1 4.87014
0 0 0 0 0 4.85888
0 0 0 0 1 4.88643
0 0 0 0 1 4.83017
0 0 0 0 0 4.84308
0 0 0 0 1 4.95919
0 0 0 0 1 4.91844
0 0 0 0 1 4.97508
0 0 0 0 1 4.95393
0 0 0 0 1 4.96247
0 0 0 0 1 4.96485
0 0 0 0 0 4.95841
0 0 0 0 1 4.98205
0 0 0 0 1 5.04116
0 0 0 0 1 5.11081
0 0 0 0 1 5.07418
0 0 0 0 1 5.09337
0 0 0 0 0 5.08193
0 0 0 0 0 5.11018
0 0 0 0 1 5.11411
0 0 0 0 1 5.15943
0 0 0 0 1 5.24661
0 0 0 0 1 5.18317
0 0 0 0 0 5.22912
0 0 0 0 1 5.20706
0 0 0 0 1 5.30608
0 0 0 0 1 5.28546
0 0 0 0 1 5.32699
0 0 0 0 0 5.37946
0 0 0 0 1 5.33038
0 0 0 0 1 5.3939
0 0 0 0 1 5.37283
0 0 0 0 1 5.44778
0 0 0 0 1 5.46871
0 0 0 0 1 5.52256
0 0 0 0 1 5.51787
0 0 0 0 1 5.53355
0 0 0 0 0 5.56193
0 0 0 0 1 5.53316
0 0 0 0 1 5.60633
0 0 0 0 1 5.58289
0 0 0 0 1 5.69062
0 0 0 0 0 5.67843
0 0 0 0 0 5.71891
0 0 0 0 1 5.7294
0 0 0 0 1 5.71269
0 0 0 0 1 5.78814
0 0 0 0 1 5.77121
0 0 0 0 1 5.89246
0 0 0 0 1 5.91665
0 0 0 0 1 5.94679
0 0 0 0 1 5.9415
0 0 0 0 1 5.93002
0 0 0 0 0 5.96611
0 0 0 0 1 6.05049
0 0 0 0 1 6.09925
0 0 0 0 1 6.12401
0 0 0 0 1 6.14882
0 0 0 0 1 6.14299
0 0 0 0 1 6.194
0 0 0 0 1 9.53808
0 0 0 0 1 9.41496
0 0 0 0 1 9.54459
0 0 0 0 1 9.50378
0 0 0 0 1 9.47574
0 0 0 0 1 9.44472
0 0 0 0 1 9.28337
0 0 0 0 1 9.23125
0 0 0 0 1 9.20449
0 0 0 0 1 9.18386
0 0 0 0 1 9.29214
0 0 0 0 1 9.12459
0 0 0 0 0 9.22319
0 0 0 0 1 9.1207
0 0 0 0 1 9.00069
0 0 0 0 1 9.13493
0 0 0 0 0 8.95246
0 0 0 0 1 8.92975
0 0 0 0 1 8.93741
0 0 0 0 1 8.94173
0 0 0 0 0 8.95825
0 0 0 0 1 8.94801
0 0 0 0 0 8.95558
0 0 0 0 1 8.90125
0 0 0 0 1 8.79104
0 0 0 0 1 8.74637
0 0 0 0 1 8.82469
0 0 0 0 0 8.72976
0 0 0 0 1 8.70317
0 0 0 0 1 8.68204
0 0 0 0 1 8.69051
0 0 0 0 1 8.63498
0 0 0 0 1 8.6609
0 0 0 0 0 8.64885
0 0 0 0 0 8.51167
0 0 0 0 1 8.48301
0 0 0 0 0 8.52639
0 0 0 0 1 8.42984
0 0 0 0 1 8.58014
0 0 0 0 1 8.4162
0 0 0 0 1 8.51521
0 0 0 0 1 8.45352
0 0 0 0 1 8.39581
0 0 0 0 1 8.46075
0 0 0 0 1 8.34121
0 0 0 0 1 8.31418
0 0 0 0 1 8.31236
0 0 0 0 1 8.27277
0 0 0 0 0 8.37904
0 0 0 0 1 8.30282
0 0 0 0 1 8.30583
0 0 0 0 1 8.1807
0 0 0 0 1 8.20432
0 0 0 0 1 8.24433
0 0 0 0 1 8.15316
0 0 0 0 1 8.20146
0 0 0 0 1 8.20884
0 0 0 0 1 8.16743
0 0 0 0 1 8.15879
0 0 0 0 1 8.12595
0 0 0 0 1 8.17427
0 0 0 0 1 8.02057
0 0 0 0 1 8.07717
0 0 0 0 1 8.02496
0 0 0 0 0 7.96104
0 0 0 0 1 8.05783
0 0 0 0 1 7.97831
0 0 0 0 1 7.97906
0 0 0 0 1 8.00762
0 0 0 0 1 7.88911
0 0 0 0 1 7.97776
0 0 0 0 1 7.98688
0 0 0 0 1 7.83776
0 0 0 0 1 7.86668
0 0 0 0 1 7.82106
0 0 0 0 0 7.81511
0 0 0 0 1 7.80485
0 0 0 0 0 7.8654
0 0 0 0 0 7.79698
0 0 0 0 1 7.80723
0 0 0 0 1 7.80195
0 0 0 0 1 7.78443
0 0 0 0 1 7.87298
0 0 0 0 0 7.86022
0 0 0 0 1 7.80414
0 0 0 0 1 7.7685
0 0 0 0 1 7.68186
