0 0 0 0 1 5.52515
0 0 0 0 1 5.512
0 0 0 0 1 5.52674
0 0 0 0 1 5.5608
0 0 0 0 1 5.63168
0 0 0 0 1 5.6414
0 0 0 0 1 5.56636
0 0 0 0 1 5.64339
0 0 0 0 1 5.66129
0 0 0 0 1 5.57028
0 0 0 0 1 5.64234
0 0 0 0 1 5.65835
0 0 0 0 1 5.671
0 0 0 0 1 5.67031
0 0 0 0 1 5.71508
0 0 0 0 1 5.65424
0 0 0 0 1 5.63671
0 0 0 0 1 5.6534
0 0 0 0 1 5.6988
0 0 0 0 0 5.68542
0 0 0 0 0 5.73685
0 0 0 0 1 5.69678
0 0 0 0 1 5.78311
0 0 0 0 1 5.73738
0 0 0 0 0 5.71646
0 0 0 0 1 5.8382
0 0 0 0 1 5.8389
0 0 0 0 1 5.83967
0 0 0 0 1 5.77072
0 0 0 0 1 5.7715
0 0 0 0 0 5.82495
0 0 0 0 1 5.83344
0 0 0 0 1 5.81269
0 0 0 0 1 5.90776
0 0 0 0 0 5.94447
0 0 0 0 1 5.95192
0 0 0 0 1 5.88852
0 0 0 0 0 5.88414
0 0 0 0 1 5.97484
0 0 0 0 1 5.89932
0 0 0 0 1 5.92495
0 0 0 0 1 5.97467
0 0 0 0 0 6.01397
0 0 0 0 1 6.02215
0 0 0 0 1 5.97626
0 0 0 0 0 5.99656
0 0 0 0 1 6.09445
0 0 0 0 1 6.10311
0 0 0 0 1 6.07537
0 0 0 0 1 6.07802
0 0 0 0 1 6.11739
0 0 0 0 1 6.13248
0 0 0 0 0 6.11589
0 0 0 0 0 6.20609
0 0 0 0 1 6.19075
0 0 0 0 1 6.12587
0 0 0 0 1 6.2654
0 0 0 0 0 6.21812
0 0 0 0 1 6.23397
0 0 0 0 1 6.21238
0 0 0 0 0 6.27134
0 0 0 0 1 6.28753
0 0 0 0 1 6.33537
0 0 0 0 1 6.26959
0 0 0 0 0 6.27961
0 0 0 0 1 6.31427
0 0 0 0 1 6.38831
0 0 0 0 1 6.44282
0 0 0 0 0 6.3764
0 0 0 0 1 6.42477
0 0 0 0 0 6.45482
0 0 0 0 1 6.41949
0 0 0 0 0 6.48873
0 0 0 0 0 6.45403
0 0 0 0 1 6.58909
0 0 0 0 0 6.53413
0 0 0 0 1 6.61703
0 0 0 0 1 6.5426
0 0 0 0 1 6.6194
0 0 0 0 1 6.58369
0 0 0 0 1 6.66783
0 0 0 0 1 6.71961
0 0 0 0 1 6.69784
0 0 0 0 0 6.6888
0 0 0 0 0 6.82839
0 0 0 0 1 6.71791
0 0 0 0 1 6.8177
0 0 0 0 1 6.90452
0 0 0 0 0 6.79981
0 0 0 0 0 6.89399
0 0 0 0 1 6.92661
0 0 0 0 1 6.91827
0 0 0 0 1 6.93718
0 0 0 0 1 6.97014
0 0 0 0 1 6.97523
0 0 0 0 0 7.06474
0 0 0 0 1 7.09088
0 0 0 0 1 7.16013
0 0 0 0 1 7.14436
0 0 0 0 1 7.18559
0 0 0 0 1 7.10504
0 0 0 0 1 7.14627
0 0 0 0 1 7.17279
0 0 0 0 0 7.25076
0 0 0 0 1 7.28506
0 0 0 0 1 7.34193
0 0 0 0 1 7.42822
0 0 0 0 1 7.4493
0 0 0 0 1 7.44008
0 0 0 0 1 7.40824
0 0 0 0 1 7.5186
0 0 0 0 1 7.47153
0 0 0 0 1 7.52202
0 0 0 0 1 7.55765
0 0 0 0 1 7.63958
0 0 0 0 0 7.59921
0 0 0 0 1 7.69667
0 0 0 0 1 7.75625
0 0 0 0 1 7.80843
0 0 0 0 1 7.86871
0 0 0 0 1 7.85145
0 0 0 0 0 7.78624
0 0 0 0 1 7.88566
0 0 0 0 1 8.00226
0 0 0 0 1 8.00749
0 0 0 0 1 7.99694
0 0 0 0 1 8.0022
0 0 0 0 1 8.16128
0 0 0 0 1 8.10935
0 0 0 0 1 8.18001
0 0 0 0 0 8.17645
0 0 0 0 1 8.2222
0 0 0 0 0 8.27709
0 0 0 0 1 8.33998
0 0 0 0 1 8.37799
0 0 0 0 1 8.51758
0 0 0 0 1 8.42873
0 0 0 0 1 8.50102
0 0 0 0 1 8.60027
0 0 0 0 1 8.68223
0 0 0 0 1 8.64232
0 0 0 0 1 8.67224
0 0 0 0 1 8.72763
0 0 0 0 1 8.82918
0 0 0 0 1 8.90308
0 0 0 0 1 8.93266
0 0 0 0 1 8.98911
0 0 0 0 0 9.0548
0 0 0 0 1 9.07621
0 0 0 0 0 9.09639
0 0 0 0 0 9.25469
0 0 0 0 0 9.26588
0 0 0 0 1 9.38049
0 0 0 0 1 9.45624
0 0 0 0 1 9.4767
0 0 0 0 1 9.58135
0 0 0 0 1 9.55247
0 0 0 0 1 9.63
0 0 0 0 0 9.79404
0 0 0 0 1 9.86177
0 0 0 0 1 9.86075
0 0 0 0 1 9.83074
0 0 0 0 1 9.97625
0 0 0 0 1 10.1346
0 0 0 0 0 10.1612
0 0 0 0 1 10.1787
0 0 0 0 1 10.2865
0 0 0 0 1 10.2603
0 0 0 0 1 10.3806
0 0 0 0 1 10.542
0 0 0 0 1 10.6307
0 0 0 0 0 10.6432
0 0 0 0 1 10.7213
0 0 0 0 1 10.8949
0 0 0 0 1 9.36173
0 0 0 0 0 9.29105
0 0 0 0 1 9.2904
0 0 0 0 1 9.32201
0 0 0 0 1 9.26611
0 0 0 0 1 9.13225
0 0 0 0 1 9.12301
0 0 0 0 1 9.1734
0 0 0 0 0 9.22822
0 0 0 0 1 9.09602
0 0 0 0 1 9.1691
0 0 0 0 1 9.11042
0 0 0 0 0 9.08369
0 0 0 0 1 9.09329
0 0 0 0 1 8.99038
0 0 0 0 1 8.98229
0 0 0 0 0 8.94315
0 0 0 0 1 9.04292
0 0 0 0 1 8.96349
0 0 0 0 0 8.88444
0 0 0 0 0 8.98883
0 0 0 0 1 8.92804
0 0 0 0 1 8.93858
0 0 0 0 1 8.83398
0 0 0 0 1 8.79177
0 0 0 0 1 8.83423
0 0 0 0 1 8.74835
0 0 0 0 1 8.75962
0 0 0 0 0 8.78851
0 0 0 0 1 8.83494
0 0 0 0 1 8.80257
0 0 0 0 0 8.81917
0 0 0 0 0 8.79591
0 0 0 0 0 8.74673
0 0 0 0 1 8.61094
0 0 0 0 1 8.63185
0 0 0 0 0 8.74809
0 0 0 0 0 8.57871
0 0 0 0 1 8.58266
0 0 0 0 1 8.61259
0 0 0 0 1 8.61672
0 0 0 0 0 8.54361
0 0 0 0 1 8.53093
0 0 0 0 1 8.59554
0 0 0 0 1 8.58308
0 0 0 0 1 8.47679
0 0 0 0 1 8.62143
0 0 0 0 1 8.49002
0 0 0 0 1 8.49837
0 0 0 0 1 8.64774
0 0 0 0 1 8.80685
0 0 0 0 1 9.00359
0 0 0 0 0 9.00234
0 0 0 0 1 9.26526
0 0 0 0 1 9.43828
0 0 0 0 1 9.52672
0 0 0 0 1 9.70041
0 0 0 0 0 9.89456
0 0 0 0 1 10.0699
0 0 0 0 1 10.174
0 0 0 0 0 10.4105
0 0 0 0 1 10.4684
0 0 0 0 1 10.8127
0 0 0 0 1 10.9965
0 0 0 0 1 11.1017
0 0 0 0 1 11.3039
0 0 0 0 1 11.5504
0 0 0 0 1 11.7368
0 0 0 0 1 12.1386
0 0 0 0 0 12.3702
0 0 0 0 1 12.6611
0 0 0 0 1 12.8219
0 0 0 0 0 22.8873
0 0 0 0 1 22.8456
0 0 0 0 1 22.8252
0 0 0 0 1 22.7844
0 0 0 0 1 22.7668
0 0 0 0 0 22.7043
0 0 0 0 1 22.6423
0 0 0 0 0 22.626
0 0 0 0 1 22.4068
0 0 0 0 1 22.6173
0 0 0 0 1 22.7827
0 0 0 0 1 22.5201
0 0 0 0 0 22.6425
0 0 0 0 1 22.4711
0 0 0 0 1 22.4129
0 0 0 0 0 22.2876
0 0 0 0 1 22.59
0 0 0 0 1 22.6678
0 0 0 0 0 22.9908
0 0 0 0 0 24.2444
0 0 0 0 1 25.0929
0 0 0 0 0 26.0026
0 0 0 0 1 36.7818
0 0 0 0 1 36.3298
0 0 0 0 1 36.4611
0 0 0 0 1 36.011
0 0 0 0 0 36.1014
0 0 0 0 1 38.1796
0 0 0 0 0 52.5353
0 0 0 0 1 52.3635
0 0 0 0 1 52.5576
0 0 0 0 1 51.5555
0 0 0 0 0 52.4793
0 0 0 0 1 55.8777
0 0 0 0 1 64.9388
0 0 0 0 0 70.2212
0 0 0 0 1 81.7282
0 0 0 0 0 5.04006
0 0 0 0 0 5.05509
0 0 0 0 0 5.05509
0 0 0 0 0 4.96491
0 0 0 0 0 5.02503
0 0 0 0 0 5.0601
0 0 0 0 0 4.97493
0 0 0 0 0 4.99998
0 0 0 0 0 4.97493
0 0 0 0 0 5.01501
0 0 0 0 0 5.00499
0 0 0 0 0 5.02002
0 0 0 0 0 88.204
0 0 0 0 1 88.3007
0 0 0 0 0 74.7692
0 0 0 0 1 63.9666
0 0 0 0 1 60.708
0 0 0 0 0 59.9322
0 0 0 0 1 60.1256
0 0 0 0 0 51.6223
0 0 0 0 0 47.9392
0 0 0 0 1 48.0955
0 0 0 0 1 39.3527
0 0 0 0 1 36.5989
0 0 0 0 1 35.3468
0 0 0 0 1 35.6087
0 0 0 0 1 35.6207
0 0 0 0 1 35.8485
0 0 0 0 0 28.1059
0 0 0 0 1 26.5623
0 0 0 0 1 25.5879
0 0 0 0 1 24.713
0 0 0 0 1 24.8233
0 0 0 0 1 24.6138
0 0 0 0 1 24.4774
0 0 0 0 1 24.8604
0 0 0 0 1 24.504
0 0 0 0 1 24.9378
0 0 0 0 0 24.7549
0 0 0 0 1 24.498
0 0 0 0 1 24.8583
0 0 0 0 1 18.0179
0 0 0 0 1 17.5797
0 0 0 0 1 17.037
0 0 0 0 1 16.8783
0 0 0 0 1 16.1632
0 0 0 0 1 15.8477
0 0 0 0 0 15.5009
0 0 0 0 0 15.1666
0 0 0 0 1 14.9048
0 0 0 0 1 14.2788
0 0 0 0 1 14.1836
0 0 0 0 0 13.7898
0 0 0 0 1 13.8154
0 0 0 0 1 13.9248
0 0 0 0 1 13.8119
0 0 0 0 1 14.0612
0 0 0 0 1 14.0485
0 0 0 0 1 14.0198
0 0 0 0 1 14.0052
0 0 0 0 1 13.9769
0 0 0 0 1 14.0351
0 0 0 0 1 14.0773
0 0 0 0 1 14.0075
0 0 0 0 1 13.9237
0 0 0 0 1 14.0112
0 0 0 0 1 14.0263
0 0 0 0 1 13.9852
0 0 0 0 1 14.1304
0 0 0 0 1 14.1604
0 0 0 0 0 14.2332
0 0 0 0 0 14.0257
0 0 0 0 1 14.0847
0 0 0 0 1 14.3457
0 0 0 0 1 14.3488
0 0 0 0 1 14.2981
0 0 0 0 0 14.2303
0 0 0 0 0 14.3653
0 0 0 0 1 14.3836
0 0 0 0 1 14.2476
0 0 0 0 1 14.4096
0 0 0 0 1 8.76414
0 0 0 0 1 8.67736
0 0 0 0 1 8.65025
0 0 0 0 1 8.43526
0 0 0 0 0 8.39934
0 0 0 0 1 8.27077
0 0 0 0 1 8.16052
0 0 0 0 1 8.16281
0 0 0 0 1 8.03624
0 0 0 0 1 7.91847
0 0 0 0 1 7.8342
0 0 0 0 1 7.66348
0 0 0 0 1 7.64911
0 0 0 0 1 7.5049
0 0 0 0 1 7.45933
0 0 0 0 1 7.40757
0 0 0 0 1 7.32426
0 0 0 0 1 7.25034
0 0 0 0 1 7.22673
0 0 0 0 1 7.04613
0 0 0 0 1 7.03641
0 0 0 0 0 6.93039
0 0 0 0 1 6.81621
0 0 0 0 1 6.77342
0 0 0 0 1 6.7101
0 0 0 0 0 6.68706
0 0 0 0 0 6.61698
0 0 0 0 1 6.54716
0 0 0 0 1 6.53612
0 0 0 0 1 6.39791
0 0 0 0 1 6.43761
0 0 0 0 0 6.30098
0 0 0 0 1 6.32912
0 0 0 0 1 6.19411
0 0 0 0 1 6.15319
0 0 0 0 0 6.09383
0 0 0 0 1 6.05288
0 0 0 0 1 5.96652
0 0 0 0 1 5.99749
0 0 0 0 1 5.888
0 0 0 0 0 5.85313
0 0 0 0 1 5.80936
0 0 0 0 1 5.77726
0 0 0 0 1 5.68195
0 0 0 0 0 5.65292
0 0 0 0 0 5.64922
0 0 0 0 1 5.56102
0 0 0 0 1 5.52666
0 0 0 0 1 5.47276
0 0 0 0 1 5.4849
0 0 0 0 1 5.45282
0 0 0 0 1 5.42927
0 0 0 0 1 5.36272
0 0 0 0 1 5.33615
0 0 0 0 1 5.25976
0 0 0 0 1 5.29639
0 0 0 0 1 5.24144
0 0 0 0 0 5.20757
0 0 0 0 0 5.15834
0 0 0 0 1 5.0685
0 0 0 0 1 5.02711
0 0 0 0 1 5.01426
0 0 0 0 0 4.97442
0 0 0 0 1 4.93159
0 0 0 0 1 4.95332
0 0 0 0 1 4.9646
0 0 0 0 1 4.86309
0 0 0 0 1 4.8435
0 0 0 0 0 4.86887
0 0 0 0 1 4.79092
0 0 0 0 1 4.81704
0 0 0 0 1 4.88795
0 0 0 0 1 4.82322
0 0 0 0 1 4.92277
0 0 0 0 1 4.91157
0 0 0 0 1 4.90518
0 0 0 0 1 4.89873
0 0 0 0 1 4.92567
0 0 0 0 1 4.93906
0 0 0 0 1 4.97242
0 0 0 0 1 4.96984
0 0 0 0 1 4.97844
0 0 0 0 1 5.05746
0 0 0 0 0 5.08658
0 0 0 0 1 5.06016
0 0 0 0 1 5.06401
0 0 0 0 0 5.08827
0 0 0 0 1 5.08193
0 0 0 0 0 5.18721
0 0 0 0 1 5.12958
0 0 0 0 1 5.20601
0 0 0 0 1 5.18947
0 0 0 0 1 5.25618
0 0 0 0 1 5.2553
0 0 0 0 1 5.29639
0 0 0 0 1 5.25334
0 0 0 0 1 5.34378
0 0 0 0 1 5.28974
0 0 0 0 1 5.35275
0 0 0 0 1 5.38937
0 0 0 0 1 5.33468
0 0 0 0 1 5.44317
0 0 0 0 1 5.37717
0 0 0 0 0 5.47416
0 0 0 0 0 5.51709
0 0 0 0 1 5.49586
0 0 0 0 0 5.57221
0 0 0 0 1 5.49532
0 0 0 0 1 5.62788
0 0 0 0 1 5.58393
0 0 0 0 0 5.56603
0 0 0 0 1 5.68497
0 0 0 0 1 5.71247
0 0 0 0 1 5.65619
0 0 0 0 1 5.76374
0 0 0 0 0 5.70693
0 0 0 0 1 5.76501
0 0 0 0 1 5.85258
0 0 0 0 1 5.78162
0 0 0 0 1 5.8111
0 0 0 0 1 5.91142
0 0 0 0 1 5.95335
0 0 0 0 0 6.01338
0 0 0 0 1 5.95414
0 0 0 0 1 6.03244
0 0 0 0 1 6.01462
0 0 0 0 1 6.05111
0 0 0 0 0 6.06334
0 0 0 0 0 6.08162
0 0 0 0 0 6.194
0 0 0 0 1 9.5476
0 0 0 0 0 9.56667
0 0 0 0 1 9.36504
0 0 0 0 1 9.33424
0 0 0 0 1 9.30687
0 0 0 0 1 9.27639
0 0 0 0 1 9.26473
0 0 0 0 0 9.24055
0 0 0 0 1 9.23227
0 0 0 0 1 9.27616
0 0 0 0 1 9.27374
0 0 0 0 0 9.07874
0 0 0 0 1 9.13178
0 0 0 0 1 9.06603
0 0 0 0 1 9.17325
0 0 0 0 1 9.01724
0 0 0 0 1 9.06076
0 0 0 0 1 8.96575
0 0 0 0 1 9.04509
0 0 0 0 1 8.95963
0 0 0 0 0 8.85118
0 0 0 0 1 8.9569
0 0 0 0 1 8.92011
0 0 0 0 1 8.75098
0 0 0 0 1 8.89685
0 0 0 0 1 8.86943
0 0 0 0 1 8.69324
0 0 0 0 1 8.69477
0 0 0 0 1 8.74677
0 0 0 0 1 8.75163
0 0 0 0 1 8.74255
0 0 0 0 1 8.67825
0 0 0 0 1 8.60051
0 0 0 0 0 8.64025
0 0 0 0 1 8.49451
0 0 0 0 1 8.52581
0 0 0 0 0 8.58614
0 0 0 0 1 8.54053
0 0 0 0 1 8.50368
0 0 0 0 1 8.39077
0 0 0 0 1 8.53212
0 0 0 0 1 8.47039
0 0 0 0 0 8.44629
0 0 0 0 1 8.42717
0 0 0 0 1 8.30771
0 0 0 0 1 8.42281
0 0 0 0 1 8.27067
0 0 0 0 1 8.33928
0 0 0 0 1 8.37904
0 0 0 0 0 8.31937
0 0 0 0 1 8.27277
0 0 0 0 1 8.1972
0 0 0 0 1 8.29484
0 0 0 0 1 8.2936
0 0 0 0 1 8.14496
0 0 0 0 1 8.19328
0 0 0 0 1 8.23332
0 0 0 0 1 8.2
0 0 0 0 0 8.20755
0 0 0 0 1 8.14217
0 0 0 0 1 8.12571
0 0 0 0 1 8.02057
0 0 0 0 1 8.06911
0 0 0 0 1 8.00887
0 0 0 0 1 7.98514
0 0 0 0 1 8.03378
0 0 0 0 1 8.07433
0 0 0 0 1 8.00303
0 0 0 0 1 7.91989
0 0 0 0 1 7.96872
0 0 0 0 1 7.88241
0 0 0 0 1 7.86791
0 0 0 0 1 7.94859
0 0 0 0 1 7.91412
0 0 0 0 1 7.93944
0 0 0 0 1 7.83874
0 0 0 0 0 7.81271
0 0 0 0 0 7.92826
0 0 0 0 1 7.87542
0 0 0 0 1 7.86204
0 0 0 0 0 7.79413
0 0 0 0 0 7.87812
0 0 0 0 1 7.72488
0 0 0 0 1 7.79796
0 0 0 0 1 7.73418
0 0 0 0 1 7.70641
0 0 0 0 1 7.68961
