0 0 0 0 0 5.57508
0 0 0 0 1 5.58979
0 0 0 0 1 5.57683
0 0 0 0 1 5.59424
0 0 0 0 1 5.54795
0 0 0 0 1 5.54076
0 0 0 0 1 5.65027
0 0 0 0 1 5.55933
0 0 0 0 1 5.65007
0 0 0 0 1 5.63773
0 0 0 0 1 5.67049
0 0 0 0 1 5.63579
0 0 0 0 1 5.68795
0 0 0 0 0 5.70426
0 0 0 0 1 5.61869
0 0 0 0 0 5.62018
0 0 0 0 1 5.67652
0 0 0 0 1 5.75028
0 0 0 0 1 5.73877
0 0 0 0 1 5.73685
0 0 0 0 1 5.66815
0 0 0 0 1 5.70252
0 0 0 0 1 5.71413
0 0 0 0 1 5.79499
0 0 0 0 1 5.7453
0 0 0 0 1 5.82086
0 0 0 0 1 5.77518
0 0 0 0 1 5.77582
0 0 0 0 1 5.84053
0 0 0 0 0 5.81231
0 0 0 0 1 5.87753
0 0 0 0 1 5.88025
0 0 0 0 0 5.85371
0 0 0 0 1 5.93125
0 0 0 0 1 5.94447
0 0 0 0 1 5.93422
0 0 0 0 1 5.94173
0 0 0 0 1 5.91377
0 0 0 0 1 5.94514
0 0 0 0 0 6.00647
0 0 0 0 1 5.90705
0 0 0 0 1 5.99261
0 0 0 0 1 6.01996
0 0 0 0 0 5.97412
0 0 0 0 1 6.07857
0 0 0 0 1 6.01465
0 0 0 0 1 6.07024
0 0 0 0 1 6.01211
0 0 0 0 0 6.06321
0 0 0 0 1 6.09021
0 0 0 0 1 6.08072
0 0 0 0 1 6.17536
0 0 0 0 1 6.17736
0 0 0 0 1 6.18146
0 0 0 0 1 6.11051
0 0 0 0 0 6.15062
0 0 0 0 1 6.14753
0 0 0 0 1 6.20567
0 0 0 0 1 6.27765
0 0 0 0 1 6.29997
0 0 0 0 1 6.3404
0 0 0 0 0 6.26865
0 0 0 0 1 6.24703
0 0 0 0 1 6.33918
0 0 0 0 0 6.40012
0 0 0 0 1 6.35246
0 0 0 0 1 6.36278
0 0 0 0 0 6.38518
0 0 0 0 1 6.42777
0 0 0 0 1 6.39255
0 0 0 0 0 6.48713
0 0 0 0 0 6.47785
0 0 0 0 1 6.43671
0 0 0 0 1 6.55833
0 0 0 0 1 6.56948
0 0 0 0 1 6.52757
0 0 0 0 1 6.57094
0 0 0 0 0 6.569
0 0 0 0 1 6.65253
0 0 0 0 1 6.63024
0 0 0 0 1 6.7012
0 0 0 0 0 6.6326
0 0 0 0 1 6.75153
0 0 0 0 1 6.71574
0 0 0 0 0 6.72022
0 0 0 0 1 6.79934
0 0 0 0 1 6.77002
0 0 0 0 0 6.76779
0 0 0 0 1 6.89587
0 0 0 0 0 6.89399
0 0 0 0 1 6.9197
0 0 0 0 1 6.98759
0 0 0 0 1 6.93022
0 0 0 0 1 6.97014
0 0 0 0 1 7.00328
0 0 0 0 0 7.05067
0 0 0 0 1 7.11916
0 0 0 0 1 7.0395
0 0 0 0 1 7.06601
0 0 0 0 1 7.08549
0 0 0 0 1 7.16963
0 0 0 0 1 7.17509
0 0 0 0 1 7.25965
0 0 0 0 1 7.30162
0 0 0 0 1 7.36535
0 0 0 0 0 7.27599
0 0 0 0 0 7.32515
0 0 0 0 1 7.33856
0 0 0 0 1 7.44749
0 0 0 0 0 7.44551
0 0 0 0 1 7.45875
0 0 0 0 0 7.55421
0 0 0 0 1 7.55978
0 0 0 0 1 7.60317
0 0 0 0 1 7.68528
0 0 0 0 1 7.72931
0 0 0 0 0 7.73512
0 0 0 0 0 7.75625
0 0 0 0 0 7.74634
0 0 0 0 0 7.73614
0 0 0 0 1 7.82013
0 0 0 0 0 7.82557
0 0 0 0 1 7.94103
0 0 0 0 0 7.89101
0 0 0 0 1 7.95155
0 0 0 0 1 8.10131
0 0 0 0 0 8.04253
0 0 0 0 1 8.17749
0 0 0 0 1 8.1338
0 0 0 0 1 8.15545
0 0 0 0 1 8.18468
0 0 0 0 1 8.2636
0 0 0 0 1 8.29373
0 0 0 0 1 8.33998
0 0 0 0 0 8.46211
0 0 0 0 1 8.54296
0 0 0 0 1 8.5478
0 0 0 0 0 8.56944
0 0 0 0 1 8.5745
0 0 0 0 1 8.69087
0 0 0 0 0 8.62493
0 0 0 0 1 8.75092
0 0 0 0 1 8.88599
0 0 0 0 1 8.90872
0 0 0 0 0 8.85861
0 0 0 0 1 9.00426
0 0 0 0 1 8.94407
0 0 0 0 1 9.15451
0 0 0 0 1 9.12177
0 0 0 0 1 9.08722
0 0 0 0 1 9.1901
0 0 0 0 0 9.22874
0 0 0 0 1 9.36182
0 0 0 0 1 9.35284
0 0 0 0 1 9.4767
0 0 0 0 0 9.50516
0 0 0 0 1 9.56206
0 0 0 0 1 9.71685
0 0 0 0 1 9.66772
0 0 0 0 1 9.71502
0 0 0 0 1 9.92971
0 0 0 0 1 9.96948
0 0 0 0 1 10.0861
0 0 0 0 1 10.1045
0 0 0 0 1 10.1612
0 0 0 0 1 10.1175
0 0 0 0 1 10.3276
0 0 0 0 1 10.3845
0 0 0 0 0 10.5161
0 0 0 0 1 10.542
0 0 0 0 1 10.6413
0 0 0 0 1 10.6538
0 0 0 0 1 10.7535
0 0 0 0 0 10.9057
0 0 0 0 0 9.23145
0 0 0 0 1 9.34674
0 0 0 0 1 9.27188
0 0 0 0 1 9.2019
0 0 0 0 0 9.21079
0 0 0 0 1 9.17824
0 0 0 0 0 9.24233
0 0 0 0 1 9.21002
0 0 0 0 1 9.14599
0 0 0 0 0 9.09602
0 0 0 0 1 9.15091
0 0 0 0 1 9.11949
0 0 0 0 1 9.14708
0 0 0 0 1 9.04809
0 0 0 0 1 9.08055
0 0 0 0 1 9.09029
0 0 0 0 0 9.00601
0 0 0 0 1 8.89952
0 0 0 0 0 9.01716
0 0 0 0 1 8.87551
0 0 0 0 0 8.95319
0 0 0 0 1 8.90136
0 0 0 0 1 8.85869
0 0 0 0 0 8.77196
0 0 0 0 1 8.836
0 0 0 0 0 8.7901
0 0 0 0 1 8.78359
0 0 0 0 1 8.85636
0 0 0 0 0 8.74461
0 0 0 0 0 8.80865
0 0 0 0 1 8.83757
0 0 0 0 1 8.76678
0 0 0 0 1 8.64771
0 0 0 0 0 8.6423
0 0 0 0 1 8.68045
0 0 0 0 0 8.76198
0 0 0 0 1 8.72211
0 0 0 0 0 8.65654
0 0 0 0 1 8.59129
0 0 0 0 1 8.64707
0 0 0 0 1 8.55646
0 0 0 0 1 8.5694
0 0 0 0 1 8.59959
0 0 0 0 1 8.65553
0 0 0 0 1 8.61731
0 0 0 0 1 8.49388
0 0 0 0 1 8.52753
0 0 0 0 1 8.50706
0 0 0 0 1 8.65273
0 0 0 0 1 8.74344
0 0 0 0 1 8.74507
0 0 0 0 1 8.90505
0 0 0 0 1 9.03872
0 0 0 0 1 9.24678
0 0 0 0 1 9.40075
0 0 0 0 1 9.45043
0 0 0 0 1 9.61328
0 0 0 0 1 9.80595
0 0 0 0 1 9.98979
0 0 0 0 1 10.174
0 0 0 0 1 10.2758
0 0 0 0 1 10.5951
0 0 0 0 1 10.7804
0 0 0 0 1 10.9746
0 0 0 0 1 11.1797
0 0 0 0 1 11.3835
0 0 0 0 0 11.4693
0 0 0 0 0 11.9141
0 0 0 0 1 12.1024
0 0 0 0 1 12.3825
0 0 0 0 1 12.4976
0 0 0 0 1 12.8347
0 0 0 0 1 22.8419
0 0 0 0 1 22.4822
0 0 0 0 0 22.4848
0 0 0 0 1 22.535
0 0 0 0 1 22.8121
0 0 0 0 1 22.5458
0 0 0 0 1 22.8459
0 0 0 0 1 22.4
0 0 0 0 1 22.3843
0 0 0 0 0 22.527
0 0 0 0 1 22.3316
0 0 0 0 1 22.5201
0 0 0 0 1 22.3271
0 0 0 0 0 22.6738
0 0 0 0 0 22.5479
0 0 0 0 1 22.6025
0 0 0 0 0 22.3203
0 0 0 0 1 22.3533
0 0 0 0 0 23.3156
0 0 0 0 0 23.9308
0 0 0 0 1 25.1432
0 0 0 0 1 26.422
0 0 0 0 1 36.7818
0 0 0 0 1 36.439
0 0 0 0 1 36.17
0 0 0 0 1 36.302
0 0 0 0 0 36.7565
0 0 0 0 1 38.6804
0 0 0 0 1 52.5874
0 0 0 0 1 52.4676
0 0 0 0 1 52.3495
0 0 0 0 1 51.9717
0 0 0 0 0 51.8031
0 0 0 0 1 56.2724
0 0 0 0 1 65.2661
0 0 0 0 1 69.8729
0 0 0 0 1 82.5463
0 0 0 0 0 5.01501
0 0 0 0 0 5.05509
0 0 0 0 0 5.05008
0 0 0 0 0 4.96491
0 0 0 0 0 5.04507
0 0 0 0 0 5.03004
0 0 0 0 0 5.03004
0 0 0 0 0 5.03505
0 0 0 0 0 5.01501
0 0 0 0 0 5.04006
0 0 0 0 0 5.00499
0 0 0 0 0 4.96992
0 0 0 0 0 87.766
0 0 0 0 1 88.0379
0 0 0 0 1 74.6189
0 0 0 0 1 63.2006
0 0 0 0 1 60.4659
0 0 0 0 1 60.1744
0 0 0 0 1 60.61
0 0 0 0 1 51.5192
0 0 0 0 1 48.371
0 0 0 0 1 47.8075
0 0 0 0 0 39.4313
0 0 0 0 1 36.7462
0 0 0 0 1 35.5252
0 0 0 0 1 35.3589
0 0 0 0 0 35.5494
0 0 0 0 0 35.9199
0 0 0 0 0 28.0498
0 0 0 0 0 26.5355
0 0 0 0 1 25.8955
0 0 0 0 1 24.8361
0 0 0 0 1 24.5031
0 0 0 0 1 24.8109
0 0 0 0 1 24.8718
0 0 0 0 1 24.7371
0 0 0 0 1 24.6521
0 0 0 0 1 24.8637
0 0 0 0 1 24.8537
0 0 0 0 0 24.5722
0 0 0 0 1 24.5368
0 0 0 0 1 18.1453
0 0 0 0 1 17.5443
0 0 0 0 1 17.2605
0 0 0 0 1 16.7444
0 0 0 0 1 16.3262
0 0 0 0 1 15.9271
0 0 0 0 0 15.6403
0 0 0 0 1 15.091
0 0 0 0 1 14.772
0 0 0 0 0 14.3221
0 0 0 0 0 13.9721
0 0 0 0 1 14.0259
0 0 0 0 0 14.0378
0 0 0 0 1 13.9526
0 0 0 0 1 13.7979
0 0 0 0 1 13.8522
0 0 0 0 0 14.0485
0 0 0 0 0 13.8522
0 0 0 0 1 13.9353
0 0 0 0 1 14.0748
0 0 0 0 1 14.0491
0 0 0 0 1 14.1614
0 0 0 0 1 14.0075
0 0 0 0 0 13.9237
0 0 0 0 1 13.969
0 0 0 0 0 14.139
0 0 0 0 1 14.2108
0 0 0 0 1 14.2292
0 0 0 0 1 14.2452
0 0 0 0 1 14.0775
0 0 0 0 1 14.0399
0 0 0 0 1 14.3258
0 0 0 0 1 14.3173
0 0 0 0 1 14.292
0 0 0 0 0 14.1984
0 0 0 0 1 14.3301
0 0 0 0 1 14.3225
0 0 0 0 1 14.1834
0 0 0 0 1 14.3622
0 0 0 0 0 14.4382
0 0 0 0 1 8.73766
0 0 0 0 1 8.77319
0 0 0 0 1 8.51267
0 0 0 0 1 8.47774
0 0 0 0 1 8.38256
0 0 0 0 1 8.21275
0 0 0 0 1 8.11955
0 0 0 0 1 8.09809
0 0 0 0 1 8.02824
0 0 0 0 1 7.82364
0 0 0 0 1 7.86548
0 0 0 0 1 7.77163
0 0 0 0 1 7.7026
0 0 0 0 0 7.52757
0 0 0 0 0 7.44439
0 0 0 0 0 7.35577
0 0 0 0 1 7.34621
0 0 0 0 1 7.28655
0 0 0 0 0 7.2339
0 0 0 0 1 7.08161
0 0 0 0 1 6.95916
0 0 0 0 0 7.02781
0 0 0 0 1 6.84375
0 0 0 0 1 6.79389
0 0 0 0 0 6.81146
0 0 0 0 1 6.72053
0 0 0 0 1 6.59046
0 0 0 0 1 6.61939
0 0 0 0 1 6.56214
0 0 0 0 1 6.4624
0 0 0 0 1 6.41206
0 0 0 0 1 6.38331
0 0 0 0 1 6.22865
0 0 0 0 1 6.20034
0 0 0 0 1 6.17788
0 0 0 0 1 6.16725
0 0 0 0 1 6.04682
0 0 0 0 1 5.97254
0 0 0 0 1 5.95572
0 0 0 0 1 5.97686
0 0 0 0 1 5.88248
0 0 0 0 0 5.78023
0 0 0 0 0 5.80039
0 0 0 0 1 5.77378
0 0 0 0 0 5.73254
0 0 0 0 1 5.61536
0 0 0 0 1 5.57222
0 0 0 0 1 5.57118
0 0 0 0 1 5.47828
0 0 0 0 1 5.44107
0 0 0 0 0 5.38758
0 0 0 0 1 5.42927
0 0 0 0 1 5.3842
0 0 0 0 1 5.31484
0 0 0 0 0 5.30739
0 0 0 0 1 5.28065
0 0 0 0 1 5.24144
0 0 0 0 1 5.20757
0 0 0 0 1 5.16349
0 0 0 0 0 5.16567
0 0 0 0 1 5.04232
0 0 0 0 0 5.00418
0 0 0 0 1 4.96439
0 0 0 0 0 4.96646
0 0 0 0 0 4.90384
0 0 0 0 1 4.9646
0 0 0 0 1 4.85821
0 0 0 0 1 4.82407
0 0 0 0 0 4.84474
0 0 0 0 1 4.78129
0 0 0 0 1 4.86048
0 0 0 0 1 4.86857
0 0 0 0 1 4.8135
0 0 0 0 1 4.90328
0 0 0 0 0 4.8969
0 0 0 0 1 4.95428
0 0 0 0 0 4.96772
0 0 0 0 0 4.95532
0 0 0 0 1 4.92914
0 0 0 0 1 4.99233
0 0 0 0 1 4.99978
0 0 0 0 1 4.98345
0 0 0 0 0 5.06751
0 0 0 0 1 5.06639
0 0 0 0 1 5.08042
0 0 0 0 1 5.13011
0 0 0 0 1 5.09847
0 0 0 0 1 5.13316
0 0 0 0 1 5.10504
0 0 0 0 1 5.1502
0 0 0 0 1 5.16461
0 0 0 0 0 5.16349
0 0 0 0 1 5.20925
0 0 0 0 1 5.271
0 0 0 0 1 5.27011
0 0 0 0 1 5.25862
0 0 0 0 1 5.26956
0 0 0 0 1 5.36957
0 0 0 0 0 5.37946
0 0 0 0 1 5.40009
0 0 0 0 1 5.43158
0 0 0 0 1 5.36742
0 0 0 0 1 5.43691
0 0 0 0 1 5.49051
0 0 0 0 1 5.50067
0 0 0 0 1 5.49586
0 0 0 0 1 5.57221
0 0 0 0 0 5.56748
0 0 0 0 1 5.61674
0 0 0 0 1 5.55033
0 0 0 0 1 5.57727
0 0 0 0 1 5.66236
0 0 0 0 0 5.69545
0 0 0 0 1 5.72461
0 0 0 0 0 5.7523
0 0 0 0 1 5.70118
0 0 0 0 0 5.74767
0 0 0 0 1 5.75377
0 0 0 0 1 5.89246
0 0 0 0 1 5.89319
0 0 0 0 1 5.85838
0 0 0 0 1 5.92966
0 0 0 0 1 5.93598
0 0 0 0 0 6.03193
0 0 0 0 1 6.03846
0 0 0 0 0 6.00858
0 0 0 0 1 6.10579
0 0 0 0 0 6.05723
0 0 0 0 1 6.10617
0 0 0 0 1 6.15695
0 0 0 0 0 9.58567
0 0 0 0 1 9.41496
0 0 0 0 1 9.41229
0 0 0 0 1 9.34366
0 0 0 0 1 9.42883
0 0 0 0 0 9.3138
0 0 0 0 1 9.38589
0 0 0 0 0 9.20336
0 0 0 0 1 9.17671
0 0 0 0 1 9.14694
0 0 0 0 1 9.12653
0 0 0 0 1 9.09708
0 0 0 0 1 9.20491
0 0 0 0 1 9.02047
0 0 0 0 1 9.09151
0 0 0 0 0 8.99913
0 0 0 0 1 9.11491
0 0 0 0 1 8.91174
0 0 0 0 0 9.06304
0 0 0 0 1 9.00438
0 0 0 0 1 8.95825
0 0 0 0 1 8.80569
0 0 0 0 1 8.79598
0 0 0 0 0 8.91893
0 0 0 0 1 8.79104
0 0 0 0 1 8.81669
0 0 0 0 1 8.69324
0 0 0 0 1 8.82598
0 0 0 0 1 8.71189
0 0 0 0 1 8.75163
0 0 0 0 0 8.73387
0 0 0 0 1 8.58307
0 0 0 0 1 8.60914
0 0 0 0 0 8.55419
0 0 0 0 1 8.56315
0 0 0 0 1 8.56861
0 0 0 0 1 8.50079
0 0 0 0 1 8.47241
0 0 0 0 1 8.52917
0 0 0 0 0 8.44163
0 0 0 0 1 8.43065
0 0 0 0 1 8.50414
0 0 0 0 0 8.49677
0 0 0 0 0 8.35163
0 0 0 0 0 8.39983
0 0 0 0 1 8.41445
0 0 0 0 1 8.32069
0 0 0 0 1 8.25614
0 0 0 0 1 8.34586
0 0 0 0 1 8.21176
0 0 0 0 1 8.30583
0 0 0 0 1 8.22194
0 0 0 0 1 8.25369
0 0 0 0 1 8.24433
0 0 0 0 1 8.24329
0 0 0 0 1 8.1851
0 0 0 0 1 8.1354
0 0 0 0 1 8.16743
0 0 0 0 1 8.04502
0 0 0 0 1 8.13406
0 0 0 0 1 8.16618
0 0 0 0 1 8.09326
0 0 0 0 0 8.00462
0 0 0 0 1 8.12155
0 0 0 0 1 7.96104
0 0 0 0 0 8.06585
0 0 0 0 1 8.03432
0 0 0 0 1 7.96309
0 0 0 0 1 8.05548
0 0 0 0 1 8.02445
0 0 0 0 1 7.96981
0 0 0 0 1 7.98688
0 0 0 0 0 7.98818
0 0 0 0 1 7.85087
0 0 0 0 1 7.82895
0 0 0 0 1 7.86238
0 0 0 0 1 7.93073
0 0 0 0 0 7.89683
0 0 0 0 1 7.82835
0 0 0 0 1 7.78374
0 0 0 0 1 7.77068
0 0 0 0 1 7.8625
0 0 0 0 1 7.80283
0 0 0 0 1 7.79796
0 0 0 0 1 7.71863
0 0 0 0 0 7.70641
0 0 0 0 1 7.79814
