0 0 0 0 1 5.57508
0 0 0 0 1 5.58423
0 0 0 0 1 5.62136
0 0 0 0 1 5.53852
0 0 0 0 1 5.55354
0 0 0 0 1 5.55754
0 0 0 0 1 5.59992
0 0 0 0 1 5.59856
0 0 0 0 0 5.6669
0 0 0 0 1 5.604
0 0 0 0 0 5.59166
0 0 0 0 1 5.69784
0 0 0 0 1 5.63146
0 0 0 0 0 5.63636
0 0 0 0 1 5.61302
0 0 0 0 1 5.66559
0 0 0 0 1 5.64808
0 0 0 0 1 5.6762
0 0 0 0 1 5.67025
0 0 0 0 1 5.68542
0 0 0 0 1 5.71395
0 0 0 0 1 5.72547
0 0 0 0 1 5.69688
0 0 0 0 1 5.78347
0 0 0 0 1 5.73953
0 0 0 0 1 5.8382
0 0 0 0 1 5.81573
0 0 0 0 0 5.82806
0 0 0 0 1 5.84635
0 0 0 0 1 5.85312
0 0 0 0 1 5.81326
0 0 0 0 1 5.86269
0 0 0 0 1 5.83027
0 0 0 0 1 5.88427
0 0 0 0 0 5.92682
0 0 0 0 1 5.83984
0 0 0 0 1 5.88852
0 0 0 0 1 5.93155
0 0 0 0 1 5.94514
0 0 0 0 0 5.91123
0 0 0 0 1 5.90705
0 0 0 0 1 5.93879
0 0 0 0 0 5.94209
0 0 0 0 1 6.05818
0 0 0 0 1 6.03644
0 0 0 0 1 5.97242
0 0 0 0 1 6.07024
0 0 0 0 1 6.06065
0 0 0 0 1 6.04497
0 0 0 0 1 6.13289
0 0 0 0 1 6.05016
0 0 0 0 1 6.08347
0 0 0 0 1 6.15277
0 0 0 0 0 6.16299
0 0 0 0 1 6.23396
0 0 0 0 1 6.2125
0 0 0 0 0 6.21577
0 0 0 0 0 6.23057
0 0 0 0 0 6.17781
0 0 0 0 1 6.31248
0 0 0 0 1 6.2839
0 0 0 0 1 6.35047
0 0 0 0 1 6.34168
0 0 0 0 1 6.37082
0 0 0 0 1 6.31766
0 0 0 0 0 6.39066
0 0 0 0 1 6.34364
0 0 0 0 1 6.37877
0 0 0 0 0 6.4085
0 0 0 0 1 6.399
0 0 0 0 1 6.40959
0 0 0 0 1 6.4584
0 0 0 0 1 6.49523
0 0 0 0 1 6.46706
0 0 0 0 1 6.58255
0 0 0 0 0 6.52101
0 0 0 0 1 6.57094
0 0 0 0 0 6.60862
0 0 0 0 0 6.68566
0 0 0 0 0 6.69674
0 0 0 0 0 6.62778
0 0 0 0 0 6.71292
0 0 0 0 1 6.6777
0 0 0 0 1 6.76963
0 0 0 0 1 6.76754
0 0 0 0 1 6.81291
0 0 0 0 1 6.74959
0 0 0 0 1 6.87717
0 0 0 0 1 6.89587
0 0 0 0 1 6.82512
0 0 0 0 1 6.87822
0 0 0 0 0 6.88361
0 0 0 0 1 6.94414
0 0 0 0 1 7.05394
0 0 0 0 1 7.02431
0 0 0 0 1 7.00141
0 0 0 0 1 7.04846
0 0 0 0 1 7.16013
0 0 0 0 0 7.11587
0 0 0 0 1 7.08549
0 0 0 0 1 7.15528
0 0 0 0 0 7.13907
0 0 0 0 1 7.18003
0 0 0 0 1 7.30889
0 0 0 0 1 7.24126
0 0 0 0 1 7.29797
0 0 0 0 1 7.42822
0 0 0 0 1 7.41977
0 0 0 0 1 7.44008
0 0 0 0 1 7.4306
0 0 0 0 1 7.45875
0 0 0 0 0 7.44898
0 0 0 0 1 7.59754
0 0 0 0 0 7.51971
0 0 0 0 1 7.60911
0 0 0 0 0 7.69869
0 0 0 0 1 7.63516
0 0 0 0 1 7.68672
0 0 0 0 1 7.72305
0 0 0 0 1 7.81412
0 0 0 0 1 7.89059
0 0 0 0 1 7.8413
0 0 0 0 1 7.98058
0 0 0 0 1 7.98637
0 0 0 0 1 8.02347
0 0 0 0 1 8.00497
0 0 0 0 1 8.04253
0 0 0 0 1 8.12886
0 0 0 0 0 8.19085
0 0 0 0 1 8.18001
0 0 0 0 1 8.25056
0 0 0 0 1 8.19736
0 0 0 0 1 8.29373
0 0 0 0 1 8.44873
0 0 0 0 1 8.34435
0 0 0 0 1 8.50067
0 0 0 0 1 8.55631
0 0 0 0 1 8.62931
0 0 0 0 1 8.50577
0 0 0 0 1 8.62176
0 0 0 0 1 8.72926
0 0 0 0 0 8.7247
0 0 0 0 0 8.8332
0 0 0 0 0 8.82918
0 0 0 0 1 8.95645
0 0 0 0 1 8.89686
0 0 0 0 1 9.01613
0 0 0 0 1 9.0548
0 0 0 0 0 9.17644
0 0 0 0 0 9.08722
0 0 0 0 1 9.18087
0 0 0 0 1 9.32159
0 0 0 0 0 9.35249
0 0 0 0 1 9.45624
0 0 0 0 1 9.42941
0 0 0 0 1 9.58135
0 0 0 0 0 9.58124
0 0 0 0 1 9.57211
0 0 0 0 1 9.70659
0 0 0 0 1 9.74437
0 0 0 0 1 9.82135
0 0 0 0 1 9.83074
0 0 0 0 0 10.0761
0 0 0 0 1 9.9838
0 0 0 0 0 10.1004
0 0 0 0 1 10.2297
0 0 0 0 1 10.3276
0 0 0 0 0 10.4052
0 0 0 0 1 10.5057
0 0 0 0 1 10.5105
0 0 0 0 1 10.6307
0 0 0 0 0 10.5792
0 0 0 0 1 10.6461
0 0 0 0 1 10.7541
0 0 0 0 1 9.37104
0 0 0 0 1 9.33746
0 0 0 0 0 9.19777
0 0 0 0 1 9.2019
0 0 0 0 1 9.26611
0 0 0 0 1 9.11386
0 0 0 0 1 9.15055
0 0 0 0 1 9.16425
0 0 0 0 1 9.11858
0 0 0 0 0 9.10514
0 0 0 0 0 9.08723
0 0 0 0 1 9.00153
0 0 0 0 1 9.02935
0 0 0 0 1 9.0029
0 0 0 0 1 8.93627
0 0 0 0 1 8.91029
0 0 0 0 1 8.96111
0 0 0 0 1 9.03396
0 0 0 0 0 8.89192
0 0 0 0 1 8.89337
0 0 0 0 1 8.84629
0 0 0 0 0 8.86579
0 0 0 0 1 8.86756
0 0 0 0 1 8.93145
0 0 0 0 1 8.75639
0 0 0 0 0 8.88718
0 0 0 0 0 8.89812
0 0 0 0 1 8.76842
0 0 0 0 1 8.82363
0 0 0 0 1 8.6947
0 0 0 0 1 8.79382
0 0 0 0 1 8.8017
0 0 0 0 1 8.73489
0 0 0 0 0 8.73803
0 0 0 0 1 8.61963
0 0 0 0 1 8.58848
0 0 0 0 1 8.73943
0 0 0 0 0 8.70843
0 0 0 0 1 8.69491
0 0 0 0 1 8.55224
0 0 0 0 0 8.56507
0 0 0 0 0 8.54361
0 0 0 0 1 8.59959
0 0 0 0 1 8.53555
0 0 0 0 1 8.60019
0 0 0 0 1 8.46824
0 0 0 0 0 8.58729
0 0 0 0 1 8.57526
0 0 0 0 1 8.66131
0 0 0 0 1 8.65644
0 0 0 0 1 8.73625
0 0 0 0 1 8.87817
0 0 0 0 1 9.10237
0 0 0 0 1 9.16364
0 0 0 0 1 9.31631
0 0 0 0 1 9.45043
0 0 0 0 1 9.70041
0 0 0 0 1 9.7961
0 0 0 0 1 10.1099
0 0 0 0 1 10.2249
0 0 0 0 0 10.4001
0 0 0 0 0 10.6056
0 0 0 0 0 10.7804
0 0 0 0 1 10.8761
0 0 0 0 1 11.1017
0 0 0 0 1 11.3948
0 0 0 0 1 11.5272
0 0 0 0 1 11.8078
0 0 0 0 0 12.1386
0 0 0 0 1 12.1856
0 0 0 0 1 12.4599
0 0 0 0 1 12.7319
0 0 0 0 1 22.5691
0 0 0 0 0 22.8002
0 0 0 0 1 22.7571
0 0 0 0 0 22.6937
0 0 0 0 0 22.7668
0 0 0 0 0 22.5911
0 0 0 0 1 22.4387
0 0 0 0 1 22.6938
0 0 0 0 1 22.6553
0 0 0 0 1 22.4141
0 0 0 0 0 22.512
0 0 0 0 1 22.4524
0 0 0 0 0 22.3496
0 0 0 0 1 22.4486
0 0 0 0 1 22.3454
0 0 0 0 1 22.4226
0 0 0 0 1 22.6574
0 0 0 0 1 22.2859
0 0 0 0 1 23.1532
0 0 0 0 1 24.0997
0 0 0 0 1 25.1683
0 0 0 0 1 26.0288
0 0 0 0 1 36.3084
0 0 0 0 0 36.075
0 0 0 0 0 36.4611
0 0 0 0 1 36.7385
0 0 0 0 1 36.2106
0 0 0 0 1 38.5648
0 0 0 0 1 52.1188
0 0 0 0 1 52.1553
0 0 0 0 1 51.8811
0 0 0 0 0 51.6075
0 0 0 0 1 51.6991
0 0 0 0 0 56.0469
0 0 0 0 0 66.1171
0 0 0 0 1 69.8729
0 0 0 0 1 82.4645
0 0 0 0 0 4.97994
0 0 0 0 0 5.03004
0 0 0 0 0 5.04006
0 0 0 0 0 4.96491
0 0 0 0 0 5.04507
0 0 0 0 0 4.99497
0 0 0 0 0 4.96992
0 0 0 0 0 5.05509
0 0 0 0 0 5.05509
0 0 0 0 0 4.98996
0 0 0 0 0 5.00499
0 0 0 0 0 5.04507
0 0 0 0 1 86.8025
0 0 0 0 1 87.9503
0 0 0 0 1 75.22
0 0 0 0 1 63.3282
0 0 0 0 1 60.8896
0 0 0 0 0 60.5981
0 0 0 0 1 61.0339
0 0 0 0 1 52.0349
0 0 0 0 1 48.1311
0 0 0 0 0 47.8555
0 0 0 0 1 39.0385
0 0 0 0 1 37.1512
0 0 0 0 1 36.0245
0 0 0 0 1 35.9298
0 0 0 0 1 35.3352
0 0 0 0 1 35.7414
0 0 0 0 1 28.0217
0 0 0 0 1 26.8571
0 0 0 0 1 25.793
0 0 0 0 1 24.6391
0 0 0 0 0 24.4046
0 0 0 0 1 24.5646
0 0 0 0 0 24.4035
0 0 0 0 1 24.4905
0 0 0 0 1 24.7014
0 0 0 0 1 24.7156
0 0 0 0 1 24.7796
0 0 0 0 1 24.5475
0 0 0 0 1 24.7841
0 0 0 0 1 18.3091
0 0 0 0 1 17.8096
0 0 0 0 1 17.2777
0 0 0 0 1 16.8113
0 0 0 0 1 16.4239
0 0 0 0 1 15.9113
0 0 0 0 1 15.4235
0 0 0 0 1 15.0002
0 0 0 0 1 14.6392
0 0 0 0 0 14.524
0 0 0 0 1 14.1977
0 0 0 0 1 14.0259
0 0 0 0 1 13.9405
0 0 0 0 1 14.0083
0 0 0 0 1 13.8815
0 0 0 0 0 14.0194
0 0 0 0 1 14.0624
0 0 0 0 1 13.9499
0 0 0 0 1 14.0611
0 0 0 0 1 14.0468
0 0 0 0 1 14.0351
0 0 0 0 1 13.9931
0 0 0 0 1 13.9934
0 0 0 0 0 14.1766
0 0 0 0 1 14.1941
0 0 0 0 0 13.9418
0 0 0 0 1 14.1826
0 0 0 0 1 13.9892
0 0 0 0 1 14.2452
0 0 0 0 1 14.1341
0 0 0 0 1 14.139
0 0 0 0 1 14.2124
0 0 0 0 0 14.2463
0 0 0 0 0 14.3346
0 0 0 0 1 14.2696
0 0 0 0 1 14.2017
0 0 0 0 1 14.2225
0 0 0 0 0 14.2835
0 0 0 0 0 14.3479
0 0 0 0 1 14.3666
0 0 0 0 0 8.8524
0 0 0 0 1 8.63379
0 0 0 0 1 8.60726
0 0 0 0 0 8.40978
0 0 0 0 1 8.44969
0 0 0 0 1 8.27077
0 0 0 0 1 8.16052
0 0 0 0 1 8.01719
0 0 0 0 0 7.93229
0 0 0 0 1 7.95008
0 0 0 0 1 7.74038
0 0 0 0 1 7.70211
0 0 0 0 1 7.68732
0 0 0 0 1 7.53513
0 0 0 0 1 7.45186
0 0 0 0 0 7.37057
0 0 0 0 1 7.37547
0 0 0 0 1 7.31552
0 0 0 0 1 7.09769
0 0 0 0 1 7.13128
0 0 0 0 1 6.96619
0 0 0 0 1 6.8956
0 0 0 0 1 6.86441
0 0 0 0 1 6.80753
0 0 0 0 1 6.73713
0 0 0 0 1 6.74061
0 0 0 0 1 6.6435
0 0 0 0 1 6.51432
0 0 0 0 0 6.4971
0 0 0 0 1 6.38501
0 0 0 0 0 6.444
0 0 0 0 1 6.32631
0 0 0 0 1 6.22865
0 0 0 0 1 6.16299
0 0 0 0 1 6.12234
0 0 0 0 1 6.17337
0 0 0 0 1 6.03469
0 0 0 0 0 6.07489
0 0 0 0 1 5.96169
0 0 0 0 0 5.98278
0 0 0 0 1 5.92358
0 0 0 0 0 5.82102
0 0 0 0 1 5.79461
0 0 0 0 1 5.75083
0 0 0 0 0 5.63586
0 0 0 0 0 5.61536
0 0 0 0 1 5.60582
0 0 0 0 1 5.62127
0 0 0 0 1 5.57769
0 0 0 0 1 5.46299
0 0 0 0 1 5.45282
0 0 0 0 1 5.45088
0 0 0 0 1 5.31441
0 0 0 0 1 5.31484
0 0 0 0 1 5.28093
0 0 0 0 1 5.21241
0 0 0 0 0 5.23622
0 0 0 0 1 5.16093
0 0 0 0 1 5.18408
0 0 0 0 1 5.09407
0 0 0 0 1 5.06262
0 0 0 0 1 5.00922
0 0 0 0 1 5.00451
0 0 0 0 0 4.99137
0 0 0 0 1 4.96817
0 0 0 0 1 4.92036
0 0 0 0 1 4.83868
0 0 0 0 0 4.88237
0 0 0 0 1 4.85922
0 0 0 0 1 4.77648
0 0 0 0 1 4.80256
0 0 0 0 1 4.85404
0 0 0 0 1 4.89129
0 0 0 0 1 4.83504
0 0 0 0 0 4.91646
0 0 0 0 1 4.89536
0 0 0 0 0 4.87901
0 0 0 0 1 4.90097
0 0 0 0 1 4.92418
0 0 0 0 1 5.00229
0 0 0 0 1 4.94489
0 0 0 0 0 5.0135
0 0 0 0 1 4.98708
0 0 0 0 0 5.07144
0 0 0 0 0 5.07536
0 0 0 0 1 5.07926
0 0 0 0 0 5.11378
0 0 0 0 1 5.15877
0 0 0 0 1 5.14099
0 0 0 0 1 5.16051
0 0 0 0 1 5.22671
0 0 0 0 1 5.24661
0 0 0 0 1 5.25618
0 0 0 0 1 5.26053
0 0 0 0 1 5.23333
0 0 0 0 1 5.32191
0 0 0 0 1 5.25366
0 0 0 0 1 5.2791
0 0 0 0 1 5.31536
0 0 0 0 1 5.41618
0 0 0 0 1 5.36698
0 0 0 0 0 5.45399
0 0 0 0 1 5.47493
0 0 0 0 1 5.48506
0 0 0 0 1 5.49519
0 0 0 0 1 5.51787
0 0 0 0 1 5.56669
0 0 0 0 1 5.53973
0 0 0 0 1 5.56102
0 0 0 0 1 5.57833
0 0 0 0 1 5.59976
0 0 0 0 1 5.59455
0 0 0 0 1 5.6841
0 0 0 0 0 5.70751
0 0 0 0 1 5.71223
0 0 0 0 0 5.71269
0 0 0 0 1 5.8344
0 0 0 0 1 5.77121
0 0 0 0 1 5.83996
0 0 0 0 1 5.88146
0 0 0 0 0 5.87606
0 0 0 0 1 5.93558
0 0 0 0 0 6.00742
0 0 0 0 1 6.00201
0 0 0 0 1 5.96027
0 0 0 0 1 6.02671
0 0 0 0 0 6.04503
0 0 0 0 1 6.08165
0 0 0 0 1 6.0939
0 0 0 0 0 6.18165
0 0 0 0 1 9.58567
0 0 0 0 1 9.42445
0 0 0 0 1 9.50679
0 0 0 0 1 9.49436
0 0 0 0 1 9.4476
0 0 0 0 0 9.27639
0 0 0 0 0 9.29269
0 0 0 0 0 9.30562
0 0 0 0 1 9.31561
0 0 0 0 1 9.15617
0 0 0 0 1 9.17254
0 0 0 0 1 9.22546
0 0 0 0 1 9.17749
0 0 0 0 1 9.07514
0 0 0 0 1 9.12784
0 0 0 0 1 8.96292
0 0 0 0 1 9.11491
0 0 0 0 1 9.08278
0 0 0 0 1 8.90152
0 0 0 0 0 8.99543
0 0 0 0 1 8.9761
0 0 0 0 0 8.88574
0 0 0 0 1 8.84031
0 0 0 0 1 8.85706
0 0 0 0 1 8.82631
0 0 0 0 0 8.74637
0 0 0 0 1 8.75458
0 0 0 0 1 8.72101
0 0 0 0 1 8.77293
0 0 0 0 1 8.76903
0 0 0 0 1 8.66449
0 0 0 0 0 8.66959
0 0 0 0 1 8.67815
0 0 0 0 1 8.69188
0 0 0 0 1 8.59747
0 0 0 0 1 8.61997
0 0 0 0 1 8.58614
0 0 0 0 1 8.5235
0 0 0 0 0 8.4697
0 0 0 0 1 8.53486
0 0 0 0 1 8.46447
0 0 0 0 1 8.42821
0 0 0 0 1 8.40423
0 0 0 0 1 8.45235
0 0 0 0 1 8.29096
0 0 0 0 1 8.28911
0 0 0 0 0 8.37072
0 0 0 0 1 8.33928
0 0 0 0 1 8.35416
0 0 0 0 1 8.23659
0 0 0 0 1 8.19839
0 0 0 0 1 8.23843
0 0 0 0 0 8.16317
0 0 0 0 1 8.19506
0 0 0 0 1 8.2351
0 0 0 0 0 8.10333
0 0 0 0 1 8.0946
0 0 0 0 1 8.09415
0 0 0 0 1 8.10191
0 0 0 0 1 8.04485
0 0 0 0 1 8.1419
0 0 0 0 1 8.06096
0 0 0 0 1 8.10135
0 0 0 0 1 8.02496
0 0 0 0 1 7.96104
0 0 0 0 1 7.9536
0 0 0 0 1 8.03432
0 0 0 0 0 7.97906
0 0 0 0 1 7.91989
0 0 0 0 1 8.01649
0 0 0 0 1 7.90624
0 0 0 0 0 7.88377
0 0 0 0 0 7.84567
0 0 0 0 1 7.85878
0 0 0 0 1 7.86052
0 0 0 0 1 7.86238
0 0 0 0 1 7.94647
0 0 0 0 1 7.87326
0 0 0 0 1 7.85973
0 0 0 0 1 7.78374
0 0 0 0 0 7.74722
0 0 0 0 1 7.82346
0 0 0 0 1 7.81062
0 0 0 0 1 7.86022
0 0 0 0 1 7.73418
0 0 0 0 1 7.7685
0 0 0 0 0 7.68961
