0 0 0 0 0 5.49187
0 0 0 0 1 5.53978
0 0 0 0 0 5.52117
0 0 0 0 1 5.57752
0 0 0 0 0 5.55912
0 0 0 0 1 5.60226
0 0 0 0 1 5.53838
0 0 0 0 1 5.56493
0 0 0 0 1 5.58835
0 0 0 0 1 5.64897
0 0 0 0 1 5.57476
0 0 0 0 0 5.60758
0 0 0 0 1 5.66535
0 0 0 0 1 5.61372
0 0 0 0 1 5.71508
0 0 0 0 1 5.65424
0 0 0 0 1 5.69359
0 0 0 0 0 5.6591
0 0 0 0 1 5.75019
0 0 0 0 0 5.70828
0 0 0 0 1 5.73685
0 0 0 0 1 5.70826
0 0 0 0 1 5.72562
0 0 0 0 1 5.77771
0 0 0 0 1 5.73376
0 0 0 0 0 5.73415
0 0 0 0 0 5.73463
0 0 0 0 0 5.74679
0 0 0 0 1 5.80562
0 0 0 0 0 5.8881
0 0 0 0 1 5.80742
0 0 0 0 1 5.82174
0 0 0 0 1 5.87128
0 0 0 0 1 5.89602
0 0 0 0 1 5.85619
0 0 0 0 1 5.87524
0 0 0 0 1 5.97129
0 0 0 0 1 5.87822
0 0 0 0 1 5.9689
0 0 0 0 0 5.90528
0 0 0 0 1 5.91302
0 0 0 0 0 5.92683
0 0 0 0 1 6.01996
0 0 0 0 1 5.95611
0 0 0 0 1 5.98228
0 0 0 0 0 5.99656
0 0 0 0 0 6.09445
0 0 0 0 0 6.04851
0 0 0 0 1 6.11794
0 0 0 0 0 6.04144
0 0 0 0 1 6.15406
0 0 0 0 1 6.16924
0 0 0 0 1 6.14048
0 0 0 0 1 6.20609
0 0 0 0 1 6.15989
0 0 0 0 1 6.20631
0 0 0 0 1 6.25299
0 0 0 0 1 6.187
0 0 0 0 1 6.29013
0 0 0 0 0 6.29997
0 0 0 0 1 6.30901
0 0 0 0 1 6.319
0 0 0 0 0 6.33537
0 0 0 0 1 6.31388
0 0 0 0 1 6.37475
0 0 0 0 0 6.30791
0 0 0 0 1 6.42022
0 0 0 0 0 6.44922
0 0 0 0 0 6.41493
0 0 0 0 1 6.45055
0 0 0 0 1 6.50005
0 0 0 0 1 6.4584
0 0 0 0 0 6.56675
0 0 0 0 1 6.53878
0 0 0 0 1 6.56294
0 0 0 0 1 6.61286
0 0 0 0 1 6.61045
0 0 0 0 1 6.64163
0 0 0 0 1 6.67241
0 0 0 0 1 6.62359
0 0 0 0 0 6.72123
0 0 0 0 1 6.75977
0 0 0 0 0 6.70455
0 0 0 0 1 6.72248
0 0 0 0 0 6.81487
0 0 0 0 1 6.81291
0 0 0 0 1 6.79727
0 0 0 0 1 6.90452
0 0 0 0 0 6.84784
0 0 0 0 1 6.94909
0 0 0 0 0 6.975
0 0 0 0 0 6.89054
0 0 0 0 0 6.97197
0 0 0 0 1 6.96315
0 0 0 0 1 7.0173
0 0 0 0 1 7.10696
0 0 0 0 1 7.00604
0 0 0 0 1 7.14594
0 0 0 0 1 7.14436
0 0 0 0 1 7.16414
0 0 0 0 1 7.16963
0 0 0 0 0 7.22551
0 0 0 0 0 7.21622
0 0 0 0 1 7.25076
0 0 0 0 1 7.28506
0 0 0 0 0 7.28331
0 0 0 0 1 7.33252
0 0 0 0 1 7.39024
0 0 0 0 0 7.492
0 0 0 0 1 7.39334
0 0 0 0 1 7.45126
0 0 0 0 0 7.44898
0 0 0 0 1 7.50692
0 0 0 0 1 7.53488
0 0 0 0 1 7.65481
0 0 0 0 1 7.5839
0 0 0 0 1 7.65823
0 0 0 0 0 7.7099
0 0 0 0 1 7.76962
0 0 0 0 0 7.83752
0 0 0 0 1 7.78099
0 0 0 0 0 7.78624
0 0 0 0 1 7.96476
0 0 0 0 1 8.01021
0 0 0 0 1 7.94356
0 0 0 0 1 8.00497
0 0 0 0 0 8.01027
0 0 0 0 1 8.12076
0 0 0 0 1 8.1664
0 0 0 0 0 8.19639
0 0 0 0 1 8.20115
0 0 0 0 1 8.35468
0 0 0 0 0 8.34364
0 0 0 0 1 8.4069
0 0 0 0 1 8.33594
0 0 0 0 1 8.39071
0 0 0 0 1 8.55631
0 0 0 0 1 8.46682
0 0 0 0 1 8.56591
0 0 0 0 1 8.6304
0 0 0 0 1 8.64232
0 0 0 0 1 8.73344
0 0 0 0 1 8.76282
0 0 0 0 1 8.82034
0 0 0 0 1 8.8764
0 0 0 0 1 8.86105
0 0 0 0 1 9.08818
0 0 0 0 1 9.07293
0 0 0 0 1 9.19467
0 0 0 0 1 9.19725
0 0 0 0 1 9.19933
0 0 0 0 0 9.2566
0 0 0 0 0 9.35249
0 0 0 0 0 9.33404
0 0 0 0 1 9.44833
0 0 0 0 1 9.58135
0 0 0 0 1 9.63879
0 0 0 0 1 9.56246
0 0 0 0 1 9.64829
0 0 0 0 1 9.74437
0 0 0 0 0 9.84105
0 0 0 0 1 9.8902
0 0 0 0 1 9.89636
0 0 0 0 1 10.0039
0 0 0 0 1 10.1511
0 0 0 0 0 10.1889
0 0 0 0 1 10.1734
0 0 0 0 1 10.312
0 0 0 0 0 10.3389
0 0 0 0 0 10.521
0 0 0 0 1 10.6624
0 0 0 0 1 10.6538
0 0 0 0 1 10.7965
0 0 0 0 1 10.9274
0 0 0 0 0 9.23145
0 0 0 0 0 9.23536
0 0 0 0 1 9.28114
0 0 0 0 1 9.29429
0 0 0 0 1 9.14625
0 0 0 0 1 9.25181
0 0 0 0 1 9.12301
0 0 0 0 0 9.18256
0 0 0 0 0 9.18254
0 0 0 0 0 9.18717
0 0 0 0 1 9.1691
0 0 0 0 1 9.13764
0 0 0 0 1 8.98406
0 0 0 0 1 9.04809
0 0 0 0 1 8.99939
0 0 0 0 1 9.07229
0 0 0 0 1 9.00601
0 0 0 0 1 9.025
0 0 0 0 1 8.96349
0 0 0 0 0 8.94694
0 0 0 0 1 8.8552
0 0 0 0 1 8.98139
0 0 0 0 1 8.85869
0 0 0 0 1 8.91373
0 0 0 0 1 8.78293
0 0 0 0 0 8.91365
0 0 0 0 0 8.81883
0 0 0 0 0 8.72444
0 0 0 0 1 8.79729
0 0 0 0 0 8.84371
0 0 0 0 1 8.68882
0 0 0 0 1 8.77551
0 0 0 0 1 8.70002
0 0 0 0 1 8.67711
0 0 0 0 1 8.60225
0 0 0 0 1 8.60583
0 0 0 0 1 8.63549
0 0 0 0 1 8.67383
0 0 0 0 0 8.54812
0 0 0 0 1 8.61259
0 0 0 0 0 8.58229
0 0 0 0 0 8.54361
0 0 0 0 1 8.60817
0 0 0 0 1 8.52698
0 0 0 0 1 8.60875
0 0 0 0 1 8.49388
0 0 0 0 1 8.49339
0 0 0 0 1 8.51559
0 0 0 0 1 8.5241
0 0 0 0 1 8.68254
0 0 0 0 1 8.90391
0 0 0 0 1 8.90505
0 0 0 0 0 9.00234
0 0 0 0 1 9.29297
0 0 0 0 1 9.37261
0 0 0 0 0 9.55532
0 0 0 0 1 9.74881
0 0 0 0 0 9.74688
0 0 0 0 1 10.0699
0 0 0 0 0 10.1027
0 0 0 0 1 10.3173
0 0 0 0 1 10.574
0 0 0 0 1 10.6409
0 0 0 0 1 11.0074
0 0 0 0 0 11.1909
0 0 0 0 1 11.2699
0 0 0 0 1 11.5272
0 0 0 0 1 11.9141
0 0 0 0 1 11.9457
0 0 0 0 0 12.3456
0 0 0 0 1 12.4851
0 0 0 0 0 12.7448
0 0 0 0 1 22.5237
0 0 0 0 1 22.8002
0 0 0 0 1 22.7117
0 0 0 0 0 22.5804
0 0 0 0 1 22.427
0 0 0 0 1 22.7269
0 0 0 0 0 22.4387
0 0 0 0 1 22.4452
0 0 0 0 1 22.4972
0 0 0 0 0 22.685
0 0 0 0 0 22.7602
0 0 0 0 0 22.4299
0 0 0 0 0 22.3722
0 0 0 0 0 22.6963
0 0 0 0 1 22.6604
0 0 0 0 1 22.4226
0 0 0 0 0 22.3203
0 0 0 0 0 22.4432
0 0 0 0 1 23.1532
0 0 0 0 1 23.8826
0 0 0 0 1 25.1683
0 0 0 0 1 26.2909
0 0 0 0 1 36.6725
0 0 0 0 1 36.0386
0 0 0 0 1 36.6431
0 0 0 0 1 36.6294
0 0 0 0 1 36.5017
0 0 0 0 1 38.8345
0 0 0 0 1 52.1708
0 0 0 0 1 51.895
0 0 0 0 1 51.5169
0 0 0 0 1 51.9717
0 0 0 0 0 51.9592
0 0 0 0 1 56.6107
0 0 0 0 1 66.1171
0 0 0 0 0 69.5942
0 0 0 0 0 81.6464
0 0 0 0 0 5.05008
0 0 0 0 0 4.98996
0 0 0 0 0 4.97994
0 0 0 0 0 5.03004
0 0 0 0 0 4.9599
0 0 0 0 0 4.9599
0 0 0 0 0 5.03505
0 0 0 0 0 4.96491
0 0 0 0 0 5.04507
0 0 0 0 0 4.98495
0 0 0 0 0 5.04507
0 0 0 0 0 5.0601
0 0 0 0 0 87.766
0 0 0 0 1 86.7239
0 0 0 0 1 75.6709
0 0 0 0 1 63.5198
0 0 0 0 0 61.0712
0 0 0 0 1 60.9614
0 0 0 0 1 60.3678
0 0 0 0 1 51.2097
0 0 0 0 1 47.8432
0 0 0 0 1 47.8075
0 0 0 0 1 39.3527
0 0 0 0 1 36.7093
0 0 0 0 1 35.6322
0 0 0 0 1 35.7157
0 0 0 0 1 36.049
0 0 0 0 1 35.8842
0 0 0 0 1 28.1059
0 0 0 0 0 26.9375
0 0 0 0 0 25.6904
0 0 0 0 1 24.4915
0 0 0 0 1 24.7494
0 0 0 0 1 24.737
0 0 0 0 1 24.5268
0 0 0 0 1 24.4658
0 0 0 0 1 24.8742
0 0 0 0 1 24.518
0 0 0 0 1 24.6313
0 0 0 0 1 24.5969
0 0 0 0 1 24.7594
0 0 0 0 0 18.3637
0 0 0 0 1 17.7565
0 0 0 0 0 17.0886
0 0 0 0 0 16.6273
0 0 0 0 0 16.1469
0 0 0 0 1 15.9271
0 0 0 0 1 15.5783
0 0 0 0 1 15.2119
0 0 0 0 1 14.8605
0 0 0 0 1 14.4952
0 0 0 0 1 14.24
0 0 0 0 1 13.8453
0 0 0 0 1 13.9266
0 0 0 0 1 13.9387
0 0 0 0 1 14.0068
0 0 0 0 1 13.9079
0 0 0 0 1 14.0066
0 0 0 0 1 14.0198
0 0 0 0 1 14.0332
0 0 0 0 1 13.851
0 0 0 0 0 14.0491
0 0 0 0 0 13.923
0 0 0 0 1 14.1478
0 0 0 0 0 13.9237
0 0 0 0 1 14.1378
0 0 0 0 1 14.0263
0 0 0 0 1 13.9993
0 0 0 0 1 14.1727
0 0 0 0 1 14.2028
0 0 0 0 1 14.0351
0 0 0 0 1 14.2949
0 0 0 0 1 14.2549
0 0 0 0 1 14.3315
0 0 0 0 0 14.3488
0 0 0 0 1 14.3551
0 0 0 0 0 14.3301
0 0 0 0 1 14.3511
0 0 0 0 1 14.2263
0 0 0 0 1 14.1761
0 0 0 0 1 14.3235
0 0 0 0 1 8.74649
0 0 0 0 1 8.65122
0 0 0 0 1 8.53847
0 0 0 0 1 8.51172
0 0 0 0 1 8.36578
0 0 0 0 1 8.2459
0 0 0 0 0 8.27522
0 0 0 0 1 8.12236
0 0 0 0 1 8.07622
0 0 0 0 0 7.91057
0 0 0 0 1 7.84202
0 0 0 0 1 7.68666
0 0 0 0 1 7.58798
0 0 0 0 0 7.51246
0 0 0 0 1 7.43691
0 0 0 0 1 7.43717
0 0 0 0 1 7.28767
0 0 0 0 0 7.30104
0 0 0 0 1 7.18372
0 0 0 0 1 7.1029
0 0 0 0 1 7.03641
0 0 0 0 0 6.92343
0 0 0 0 1 6.82998
0 0 0 0 1 6.75296
0 0 0 0 1 6.70334
0 0 0 0 0 6.67368
0 0 0 0 1 6.68991
0 0 0 0 0 6.56029
0 0 0 0 1 6.53612
0 0 0 0 1 6.42371
0 0 0 0 1 6.42484
0 0 0 0 1 6.30731
0 0 0 0 0 6.28516
0 0 0 0 1 6.16921
0 0 0 0 1 6.12851
0 0 0 0 1 6.09383
0 0 0 0 0 6.02256
0 0 0 0 1 6.05081
0 0 0 0 0 6.00346
0 0 0 0 1 5.93539
0 0 0 0 1 5.84139
0 0 0 0 1 5.87346
0 0 0 0 1 5.74256
0 0 0 0 1 5.73361
0 0 0 0 1 5.70979
0 0 0 0 1 5.60972
0 0 0 0 1 5.56102
0 0 0 0 1 5.54336
0 0 0 0 0 5.5556
0 0 0 0 1 5.44655
0 0 0 0 1 5.46913
0 0 0 0 1 5.36985
0 0 0 0 1 5.37346
0 0 0 0 1 5.33615
0 0 0 0 0 5.24918
0 0 0 0 0 5.2859
0 0 0 0 1 5.18929
0 0 0 0 0 5.23348
0 0 0 0 0 5.1326
0 0 0 0 1 5.1043
0 0 0 0 1 5.12349
0 0 0 0 0 5.01426
0 0 0 0 1 5.04964
0 0 0 0 0 4.97642
0 0 0 0 1 4.96322
0 0 0 0 1 4.91053
0 0 0 0 1 4.84356
0 0 0 0 1 4.87751
0 0 0 0 1 4.80132
0 0 0 0 1 4.82944
0 0 0 0 1 4.83152
0 0 0 0 0 4.87826
0 0 0 0 1 4.89615
0 0 0 0 1 4.91303
0 0 0 0 1 4.93114
0 0 0 0 1 4.93955
0 0 0 0 1 4.94801
0 0 0 0 0 4.93061
0 0 0 0 1 4.94401
0 0 0 0 1 4.96247
0 0 0 0 1 5.02972
0 0 0 0 1 5.05357
0 0 0 0 1 5.06249
0 0 0 0 1 5.01088
0 0 0 0 1 5.10575
0 0 0 0 0 5.0691
0 0 0 0 1 5.06785
0 0 0 0 1 5.1434
0 0 0 0 1 5.11018
0 0 0 0 1 5.10896
0 0 0 0 0 5.19048
0 0 0 0 1 5.17388
0 0 0 0 1 5.18317
0 0 0 0 1 5.18725
0 0 0 0 0 5.2491
0 0 0 0 1 5.23752
0 0 0 0 0 5.26956
0 0 0 0 0 5.2791
0 0 0 0 1 5.29933
0 0 0 0 1 5.31429
0 0 0 0 1 5.42081
0 0 0 0 1 5.36201
0 0 0 0 0 5.3826
0 0 0 0 1 5.41418
0 0 0 0 1 5.50614
0 0 0 0 1 5.50686
0 0 0 0 0 5.51699
0 0 0 0 1 5.60079
0 0 0 0 1 5.52201
0 0 0 0 1 5.61193
0 0 0 0 1 5.63349
0 0 0 0 0 5.70192
0 0 0 0 1 5.72949
0 0 0 0 1 5.6733
0 0 0 0 1 5.76947
0 0 0 0 1 5.76446
0 0 0 0 0 5.73032
0 0 0 0 1 5.78283
0 0 0 0 1 5.80495
0 0 0 0 1 5.84628
0 0 0 0 0 5.94089
0 0 0 0 1 5.95335
0 0 0 0 1 5.91216
0 0 0 0 1 5.97808
0 0 0 0 0 6.05049
0 0 0 0 1 6.02671
0 0 0 0 1 6.11186
0 0 0 0 0 6.1305
0 0 0 0 1 6.11231
0 0 0 0 0 6.16312
0 0 0 0 1 9.52856
0 0 0 0 1 9.45289
0 0 0 0 1 9.35559
0 0 0 0 1 9.42843
0 0 0 0 1 9.3444
0 0 0 0 1 9.3138
0 0 0 0 0 9.35793
0 0 0 0 0 9.32422
0 0 0 0 1 9.25079
0 0 0 0 1 9.32231
0 0 0 0 0 9.27374
0 0 0 0 1 9.18878
0 0 0 0 1 9.04952
0 0 0 0 0 9.1207
0 0 0 0 1 9.00069
0 0 0 0 1 8.99008
0 0 0 0 1 9.07881
0 0 0 0 1 9.02877
0 0 0 0 1 8.93741
0 0 0 0 1 8.97753
0 0 0 0 1 8.89579
0 0 0 0 0 8.93022
0 0 0 0 0 8.94671
0 0 0 0 0 8.91009
0 0 0 0 0 8.84395
0 0 0 0 0 8.78153
0 0 0 0 1 8.81592
0 0 0 0 1 8.7735
0 0 0 0 1 8.77293
0 0 0 0 1 8.78643
0 0 0 0 1 8.74255
0 0 0 0 0 8.56577
0 0 0 0 1 8.55738
0 0 0 0 0 8.56279
0 0 0 0 1 8.57173
0 0 0 0 1 8.52581
0 0 0 0 1 8.50079
0 0 0 0 1 8.44687
0 0 0 0 1 8.55465
0 0 0 0 1 8.44163
0 0 0 0 1 8.38837
0 0 0 0 1 8.48727
0 0 0 0 1 8.37899
0 0 0 0 1 8.46914
0 0 0 0 0 8.39983
0 0 0 0 1 8.31418
0 0 0 0 1 8.30402
0 0 0 0 0 8.38917
0 0 0 0 1 8.37075
0 0 0 0 1 8.26143
0 0 0 0 1 8.33062
0 0 0 0 1 8.1972
0 0 0 0 0 8.1714
0 0 0 0 1 8.12937
0 0 0 0 1 8.2351
0 0 0 0 1 8.20963
0 0 0 0 1 8.08644
0 0 0 0 1 8.13486
0 0 0 0 1 8.06127
0 0 0 0 0 8.11784
0 0 0 0 0 8.14999
0 0 0 0 1 8.01249
0 0 0 0 1 8.03687
0 0 0 0 1 8.1296
0 0 0 0 1 8.06548
0 0 0 0 0 7.97765
0 0 0 0 1 8.01031
0 0 0 0 1 7.99504
0 0 0 0 1 7.92787
0 0 0 0 1 7.9926
0 0 0 0 0 7.99365
0 0 0 0 1 7.92343
0 0 0 0 1 7.86151
0 0 0 0 1 7.93784
0 0 0 0 1 7.84473
0 0 0 0 1 7.90177
0 0 0 0 1 7.87566
0 0 0 0 1 7.8104
0 0 0 0 1 7.89895
0 0 0 0 1 7.90903
0 0 0 0 0 7.74722
0 0 0 0 1 7.83127
0 0 0 0 0 7.8418
0 0 0 0 1 7.74348
0 0 0 0 1 7.76527
0 0 0 0 0 7.70641
0 0 0 0 1 7.79814
