0 0 0 0 1 5.51406
0 0 0 0 1 5.53422
0 0 0 0 1 5.51004
0 0 0 0 1 5.58309
0 0 0 0 1 5.59819
0 0 0 0 1 5.56313
0 0 0 0 1 5.60552
0 0 0 0 1 5.60976
0 0 0 0 1 5.59957
0 0 0 0 1 5.5759
0 0 0 0 0 5.68175
0 0 0 0 1 5.64707
0 0 0 0 1 5.60322
0 0 0 0 1 5.70426
0 0 0 0 1 5.70374
0 0 0 0 0 5.71101
0 0 0 0 1 5.69928
0 0 0 0 1 5.75028
0 0 0 0 1 5.76161
0 0 0 0 0 5.66257
0 0 0 0 1 5.78265
0 0 0 0 1 5.74268
0 0 0 0 1 5.73712
0 0 0 0 1 5.80651
0 0 0 0 1 5.7453
0 0 0 0 1 5.77462
0 0 0 0 0 5.81573
0 0 0 0 1 5.82226
0 0 0 0 0 5.83471
0 0 0 0 1 5.83563
0 0 0 0 0 5.78405
0 0 0 0 1 5.82174
0 0 0 0 1 5.80097
0 0 0 0 1 5.93125
0 0 0 0 1 5.87973
0 0 0 0 1 5.85754
0 0 0 0 1 5.8826
0 0 0 0 1 5.89007
0 0 0 0 1 5.92138
0 0 0 0 1 5.90528
0 0 0 0 1 5.91898
0 0 0 0 1 5.97467
0 0 0 0 1 6.01397
0 0 0 0 1 5.9501
0 0 0 0 1 5.97626
0 0 0 0 1 6.05688
0 0 0 0 0 6.08234
0 0 0 0 1 6.09705
0 0 0 0 1 6.11186
0 0 0 0 1 6.03535
0 0 0 0 1 6.05016
0 0 0 0 0 6.08347
0 0 0 0 0 6.20194
0 0 0 0 1 6.20609
0 0 0 0 1 6.14138
0 0 0 0 1 6.23106
0 0 0 0 1 6.14753
0 0 0 0 1 6.21812
0 0 0 0 0 6.20901
0 0 0 0 1 6.28745
0 0 0 0 1 6.33412
0 0 0 0 1 6.35676
0 0 0 0 1 6.32275
0 0 0 0 1 6.36449
0 0 0 0 1 6.36206
0 0 0 0 1 6.42885
0 0 0 0 0 6.42022
0 0 0 0 1 6.44922
0 0 0 0 0 6.43419
0 0 0 0 1 6.45055
0 0 0 0 1 6.42898
0 0 0 0 0 6.49082
0 0 0 0 1 6.43671
0 0 0 0 1 6.46706
0 0 0 0 1 6.49104
0 0 0 0 1 6.56693
0 0 0 0 1 6.51827
0 0 0 0 1 6.5426
0 0 0 0 0 6.67903
0 0 0 0 1 6.61029
0 0 0 0 1 6.62111
0 0 0 0 1 6.70623
0 0 0 0 1 6.68441
0 0 0 0 1 6.74942
0 0 0 0 0 6.80135
0 0 0 0 1 6.79934
0 0 0 0 1 6.7564
0 0 0 0 1 6.82932
0 0 0 0 0 6.84097
0 0 0 0 1 6.89399
0 0 0 0 1 6.90587
0 0 0 0 1 6.86281
0 0 0 0 1 6.96501
0 0 0 0 1 6.95617
0 0 0 0 1 6.94719
0 0 0 0 1 7.09289
0 0 0 0 1 7.01311
0 0 0 0 1 7.0253
0 0 0 0 1 7.16573
0 0 0 0 1 7.17844
0 0 0 0 1 7.24858
0 0 0 0 1 7.21111
0 0 0 0 1 7.31031
0 0 0 0 1 7.2217
0 0 0 0 1 7.25586
0 0 0 0 1 7.34193
0 0 0 0 0 7.28834
0 0 0 0 0 7.41239
0 0 0 0 1 7.34364
0 0 0 0 1 7.44551
0 0 0 0 0 7.54852
0 0 0 0 1 7.55421
0 0 0 0 0 7.62775
0 0 0 0 1 7.52729
0 0 0 0 0 7.63196
0 0 0 0 0 7.70635
0 0 0 0 1 7.61978
0 0 0 0 1 7.73307
0 0 0 0 1 7.68424
0 0 0 0 1 7.76733
0 0 0 0 1 7.76534
0 0 0 0 1 7.88849
0 0 0 0 1 7.85403
0 0 0 0 0 8.0261
0 0 0 0 1 7.91958
0 0 0 0 1 7.94876
0 0 0 0 0 8.0506
0 0 0 0 1 8.12076
0 0 0 0 1 8.12565
0 0 0 0 0 8.10632
0 0 0 0 1 8.29996
0 0 0 0 1 8.32156
0 0 0 0 1 8.36028
0 0 0 0 1 8.32325
0 0 0 0 0 8.37799
0 0 0 0 1 8.5345
0 0 0 0 1 8.49677
0 0 0 0 1 8.56089
0 0 0 0 1 8.60887
0 0 0 0 1 8.58721
0 0 0 0 1 8.71188
0 0 0 0 0 8.79463
0 0 0 0 0 8.72763
0 0 0 0 1 8.8115
0 0 0 0 1 8.91198
0 0 0 0 0 8.8879
0 0 0 0 1 8.97109
0 0 0 0 1 9.082
0 0 0 0 1 9.08532
0 0 0 0 1 9.23393
0 0 0 0 1 9.15319
0 0 0 0 1 9.23803
0 0 0 0 1 9.40849
0 0 0 0 1 9.44684
0 0 0 0 1 9.39158
0 0 0 0 1 9.42896
0 0 0 0 1 9.54288
0 0 0 0 1 9.69755
0 0 0 0 1 9.68716
0 0 0 0 1 9.69545
0 0 0 0 1 9.91985
0 0 0 0 1 9.94966
0 0 0 0 1 10.0362
0 0 0 0 0 10.1145
0 0 0 0 1 10.141
0 0 0 0 0 10.1583
0 0 0 0 1 10.3379
0 0 0 0 1 10.4466
0 0 0 0 1 10.4953
0 0 0 0 1 10.584
0 0 0 0 1 10.5989
0 0 0 0 1 10.7498
0 0 0 0 1 10.7965
0 0 0 0 0 10.9382
0 0 0 0 1 9.37104
0 0 0 0 1 9.19823
0 0 0 0 1 9.25335
0 0 0 0 1 9.17419
0 0 0 0 1 9.31221
0 0 0 0 0 9.15984
0 0 0 0 0 9.18726
0 0 0 0 0 9.11847
0 0 0 0 0 9.0729
0 0 0 0 1 9.05957
0 0 0 0 1 9.03265
0 0 0 0 1 9.0106
0 0 0 0 1 8.99312
0 0 0 0 0 9.01194
0 0 0 0 1 8.93627
0 0 0 0 0 9.00929
0 0 0 0 1 9.02397
0 0 0 0 1 8.98018
0 0 0 0 1 8.96349
0 0 0 0 1 8.88444
0 0 0 0 0 8.8552
0 0 0 0 1 8.83911
0 0 0 0 1 8.94745
0 0 0 0 0 8.86942
0 0 0 0 1 8.88022
0 0 0 0 1 8.7901
0 0 0 0 1 8.72192
0 0 0 0 1 8.83877
0 0 0 0 1 8.74461
0 0 0 0 1 8.71223
0 0 0 0 1 8.83757
0 0 0 0 0 8.68819
0 0 0 0 0 8.66515
0 0 0 0 1 8.6597
0 0 0 0 1 8.76734
0 0 0 0 1 8.6145
0 0 0 0 0 8.69612
0 0 0 0 0 8.67383
0 0 0 0 1 8.59993
0 0 0 0 1 8.56086
0 0 0 0 1 8.69419
0 0 0 0 1 8.63816
0 0 0 0 1 8.55668
0 0 0 0 1 8.63839
0 0 0 0 0 8.60875
0 0 0 0 1 8.51097
0 0 0 0 1 8.57875
0 0 0 0 1 8.54969
0 0 0 0 1 8.63558
0 0 0 0 0 8.73474
0 0 0 0 0 8.76272
0 0 0 0 1 8.94984
0 0 0 0 1 9.12965
0 0 0 0 0 9.22831
0 0 0 0 0 9.3257
0 0 0 0 1 9.61254
0 0 0 0 1 9.71977
0 0 0 0 1 9.89456
0 0 0 0 1 9.95976
0 0 0 0 0 10.2453
0 0 0 0 0 10.4416
0 0 0 0 0 10.6373
0 0 0 0 1 10.7804
0 0 0 0 1 11.0293
0 0 0 0 1 11.2466
0 0 0 0 1 11.3267
0 0 0 0 1 11.4693
0 0 0 0 1 11.7487
0 0 0 0 1 12.0663
0 0 0 0 1 12.284
0 0 0 0 1 12.636
0 0 0 0 0 12.8604
0 0 0 0 0 22.6146
0 0 0 0 0 22.891
0 0 0 0 1 22.8479
0 0 0 0 1 22.7844
0 0 0 0 1 22.6308
0 0 0 0 1 22.7043
0 0 0 0 1 22.5518
0 0 0 0 1 22.8294
0 0 0 0 1 22.7457
0 0 0 0 1 22.6173
0 0 0 0 0 22.6699
0 0 0 0 0 22.5201
0 0 0 0 0 22.6425
0 0 0 0 1 22.6738
0 0 0 0 1 22.7279
0 0 0 0 1 22.3326
0 0 0 0 1 22.4102
0 0 0 0 1 22.5331
0 0 0 0 1 23.2924
0 0 0 0 0 24.2203
0 0 0 0 1 25.3441
0 0 0 0 1 26.0026
0 0 0 0 0 36.1991
0 0 0 0 1 36.3662
0 0 0 0 0 36.1336
0 0 0 0 0 36.302
0 0 0 0 1 36.1378
0 0 0 0 1 38.796
0 0 0 0 0 51.5981
0 0 0 0 0 52.5717
0 0 0 0 1 52.4536
0 0 0 0 1 51.9197
0 0 0 0 1 52.2712
0 0 0 0 1 56.8362
0 0 0 0 1 65.7898
0 0 0 0 1 70.1516
0 0 0 0 1 82.5463
0 0 0 0 0 4.98996
0 0 0 0 0 4.98996
0 0 0 0 0 5.03004
0 0 0 0 0 4.98495
0 0 0 0 0 5.02503
0 0 0 0 0 4.96491
0 0 0 0 0 4.97493
0 0 0 0 0 4.98996
0 0 0 0 0 5.04006
0 0 0 0 0 5.05008
0 0 0 0 0 4.96992
0 0 0 0 0 5.04006
0 0 0 0 1 87.766
0 0 0 0 0 88.4759
0 0 0 0 1 75.5206
0 0 0 0 1 63.3921
0 0 0 0 0 60.708
0 0 0 0 1 60.6587
0 0 0 0 1 61.155
0 0 0 0 1 51.9833
0 0 0 0 1 47.6512
0 0 0 0 1 48.3355
0 0 0 0 1 39.1564
0 0 0 0 1 37.1512
0 0 0 0 1 35.6322
0 0 0 0 0 35.3946
0 0 0 0 0 35.9063
0 0 0 0 1 35.3843
0 0 0 0 1 27.9656
0 0 0 0 1 26.9375
0 0 0 0 1 25.5109
0 0 0 0 1 24.5161
0 0 0 0 1 24.5278
0 0 0 0 1 24.8109
0 0 0 0 1 24.6746
0 0 0 0 1 24.4165
0 0 0 0 1 24.7014
0 0 0 0 0 24.444
0 0 0 0 1 24.9031
0 0 0 0 1 24.8936
0 0 0 0 0 24.8336
0 0 0 0 0 18.0179
0 0 0 0 1 17.7565
0 0 0 0 1 17.3121
0 0 0 0 0 16.7612
0 0 0 0 1 16.2773
0 0 0 0 0 15.9589
0 0 0 0 1 15.408
0 0 0 0 0 15.1817
0 0 0 0 1 14.772
0 0 0 0 1 14.3077
0 0 0 0 1 13.958
0 0 0 0 1 13.9842
0 0 0 0 1 13.9405
0 0 0 0 0 13.9805
0 0 0 0 1 14.0207
0 0 0 0 0 13.9916
0 0 0 0 0 13.881
0 0 0 0 1 14.1035
0 0 0 0 1 13.9074
0 0 0 0 0 14.0608
0 0 0 0 1 13.951
0 0 0 0 1 14.1053
0 0 0 0 1 14.0917
0 0 0 0 1 14.1766
0 0 0 0 1 14.166
0 0 0 0 1 14.1108
0 0 0 0 1 14.239
0 0 0 0 1 14.2009
0 0 0 0 1 14.2028
0 0 0 0 1 14.2614
0 0 0 0 1 14.1249
0 0 0 0 1 14.1273
0 0 0 0 0 14.2321
0 0 0 0 1 14.3204
0 0 0 0 1 14.3835
0 0 0 0 1 14.3158
0 0 0 0 0 14.2654
0 0 0 0 1 14.2835
0 0 0 0 1 14.2333
0 0 0 0 1 14.4669
0 0 0 0 1 8.87005
0 0 0 0 1 8.63379
0 0 0 0 1 8.65885
0 0 0 0 1 8.48623
0 0 0 0 1 8.46647
0 0 0 0 0 8.22933
0 0 0 0 1 8.15232
0 0 0 0 0 8.06573
0 0 0 0 1 8.07622
0 0 0 0 1 7.98169
0 0 0 0 0 7.82639
0 0 0 0 1 7.67121
0 0 0 0 1 7.56506
0 0 0 0 1 7.5049
0 0 0 0 0 7.51913
0 0 0 0 1 7.45197
0 0 0 0 1 7.32426
0 0 0 0 1 7.18515
0 0 0 0 1 7.2124
0 0 0 0 1 7.1029
0 0 0 0 0 7.03641
0 0 0 0 1 7.01389
0 0 0 0 0 6.92637
0 0 0 0 0 6.8621
0 0 0 0 1 6.68983
0 0 0 0 0 6.71384
0 0 0 0 1 6.6435
0 0 0 0 1 6.50119
0 0 0 0 1 6.46459
0 0 0 0 1 6.40436
0 0 0 0 1 6.39929
0 0 0 0 0 6.27565
0 0 0 0 1 6.26005
0 0 0 0 1 6.25014
0 0 0 0 1 6.17788
0 0 0 0 1 6.14889
0 0 0 0 0 6.07714
0 0 0 0 0 5.97254
0 0 0 0 0 6.02136
0 0 0 0 0 5.94132
0 0 0 0 1 5.92945
0 0 0 0 1 5.8618
0 0 0 0 1 5.80618
0 0 0 0 1 5.71065
0 0 0 0 1 5.64724
0 0 0 0 0 5.62101
0 0 0 0 1 5.62822
0 0 0 0 1 5.57675
0 0 0 0 1 5.53351
0 0 0 0 0 5.50682
0 0 0 0 1 5.43107
0 0 0 0 1 5.41847
0 0 0 0 0 5.40567
0 0 0 0 1 5.37342
0 0 0 0 1 5.24918
0 0 0 0 0 5.2649
0 0 0 0 0 5.25187
0 0 0 0 1 5.21275
0 0 0 0 1 5.12231
0 0 0 0 0 5.09918
0 0 0 0 0 5.1032
0 0 0 0 1 5.08481
0 0 0 0 1 5.04463
0 0 0 0 1 5.02624
0 0 0 0 1 4.91373
0 0 0 0 1 4.9007
0 0 0 0 1 4.87774
0 0 0 0 1 4.88237
0 0 0 0 1 4.83509
0 0 0 0 0 4.86315
0 0 0 0 1 4.83152
0 0 0 0 1 4.8831
0 0 0 0 1 4.83781
0 0 0 0 1 4.90328
0 0 0 0 1 4.93603
0 0 0 0 1 4.94937
0 0 0 0 0 4.97758
0 0 0 0 1 4.89109
0 0 0 0 1 4.99856
0 0 0 0 1 5.0222
0 0 0 0 0 5.02972
0 0 0 0 1 5.02853
0 0 0 0 0 5.03232
0 0 0 0 1 5.01088
0 0 0 0 1 5.10575
0 0 0 0 0 5.05893
0 0 0 0 1 5.09847
0 0 0 0 1 5.13316
0 0 0 0 1 5.10504
0 0 0 0 1 5.11927
0 0 0 0 0 5.22671
0 0 0 0 0 5.18427
0 0 0 0 1 5.20925
0 0 0 0 1 5.21865
0 0 0 0 1 5.29113
0 0 0 0 1 5.26916
0 0 0 0 1 5.27486
0 0 0 0 0 5.34828
0 0 0 0 1 5.33673
0 0 0 0 1 5.36792
0 0 0 0 1 5.37775
0 0 0 0 1 5.38365
0 0 0 0 1 5.40976
0 0 0 0 1 5.39782
0 0 0 0 1 5.47877
0 0 0 0 1 5.52337
0 0 0 0 1 5.57773
0 0 0 0 0 5.53973
0 0 0 0 1 5.5443
0 0 0 0 1 5.58393
0 0 0 0 0 5.62787
0 0 0 0 1 5.68497
0 0 0 0 1 5.7068
0 0 0 0 1 5.6847
0 0 0 0 1 5.67789
0 0 0 0 1 5.72994
0 0 0 0 1 5.8344
0 0 0 0 1 5.87001
0 0 0 0 0 5.89246
0 0 0 0 1 5.91665
0 0 0 0 0 5.91142
0 0 0 0 1 5.94743
0 0 0 0 1 5.93002
0 0 0 0 1 5.94217
0 0 0 0 0 6.04447
0 0 0 0 0 6.07507
0 0 0 0 1 6.08148
0 0 0 0 1 6.05723
0 0 0 0 1 6.19209
0 0 0 0 0 6.13842
0 0 0 0 1 9.48096
0 0 0 0 1 9.50978
0 0 0 0 1 9.54459
0 0 0 0 1 9.48494
0 0 0 0 0 9.42883
0 0 0 0 1 9.3138
0 0 0 0 1 9.22744
0 0 0 0 1 9.38929
0 0 0 0 1 9.26931
0 0 0 0 1 9.17463
0 0 0 0 1 9.14494
0 0 0 0 1 9.14293
0 0 0 0 1 9.19577
0 0 0 0 1 9.02958
0 0 0 0 1 9.0461
0 0 0 0 1 9.08061
0 0 0 0 1 9.08783
0 0 0 0 1 8.92975
0 0 0 0 1 9.00022
0 0 0 0 1 8.89697
0 0 0 0 0 9.01179
0 0 0 0 1 8.93911
0 0 0 0 1 8.77824
0 0 0 0 0 8.83054
0 0 0 0 1 8.74695
0 0 0 0 1 8.76395
0 0 0 0 0 8.80716
0 0 0 0 1 8.71227
0 0 0 0 1 8.79909
0 0 0 0 1 8.62984
0 0 0 0 0 8.73387
0 0 0 0 1 8.63498
0 0 0 0 1 8.70403
0 0 0 0 0 8.64025
0 0 0 0 1 8.64037
0 0 0 0 1 8.58573
0 0 0 0 1 8.58614
0 0 0 0 1 8.4639
0 0 0 0 1 8.51218
0 0 0 0 1 8.39077
0 0 0 0 1 8.43065
0 0 0 0 1 8.50414
0 0 0 0 0 8.47994
0 0 0 0 1 8.41039
0 0 0 0 1 8.43333
0 0 0 0 1 8.43952
0 0 0 0 1 8.30402
0 0 0 0 1 8.34759
0 0 0 0 1 8.30438
0 0 0 0 1 8.2697
0 0 0 0 1 8.22319
0 0 0 0 1 8.3044
0 0 0 0 1 8.14671
0 0 0 0 0 8.18685
0 0 0 0 0 8.18593
0 0 0 0 0 8.09516
0 0 0 0 1 8.1762
0 0 0 0 1 8.10229
0 0 0 0 0 8.15066
0 0 0 0 1 8.14217
0 0 0 0 0 8.06906
0 0 0 0 0 8.06096
0 0 0 0 1 8.12554
0 0 0 0 1 8.08131
0 0 0 0 1 8.11368
0 0 0 0 1 7.9536
0 0 0 0 1 8.05033
0 0 0 0 1 7.97108
0 0 0 0 1 7.96774
0 0 0 0 0 7.92892
0 0 0 0 0 7.91419
0 0 0 0 1 7.92343
0 0 0 0 1 7.96443
0 0 0 0 0 7.86668
0 0 0 0 1 7.8763
0 0 0 0 0 7.90177
0 0 0 0 1 7.85992
0 0 0 0 1 7.91255
0 0 0 0 1 7.79698
0 0 0 0 1 7.84638
0 0 0 0 1 7.78631
0 0 0 0 1 7.8625
0 0 0 0 1 7.77165
0 0 0 0 1 7.72014
0 0 0 0 1 7.80414
0 0 0 0 1 7.8073
0 0 0 0 1 7.77488
