0 0 0 0 1 5.58063
0 0 0 0 0 5.61201
0 0 0 0 0 5.59909
0 0 0 0 1 5.62767
0 0 0 0 1 5.57586
0 0 0 0 0 5.63022
0 0 0 0 1 5.6223
0 0 0 0 1 5.62097
0 0 0 0 0 5.66129
0 0 0 0 0 5.61524
0 0 0 0 0 5.66486
0 0 0 0 0 5.60194
0 0 0 0 1 5.69924
0 0 0 0 1 5.61372
0 0 0 0 1 5.69807
0 0 0 0 1 5.69965
0 0 0 0 1 5.63102
0 0 0 0 1 5.6534
0 0 0 0 1 5.68167
0 0 0 0 1 5.70828
0 0 0 0 0 5.66815
0 0 0 0 0 5.68531
0 0 0 0 1 5.69113
0 0 0 0 1 5.70282
0 0 0 0 1 5.73953
0 0 0 0 1 5.77462
0 0 0 0 1 5.84469
0 0 0 0 1 5.7526
0 0 0 0 1 5.78236
0 0 0 0 1 5.86478
0 0 0 0 1 5.83079
0 0 0 0 1 5.79248
0 0 0 0 0 5.9123
0 0 0 0 1 5.84317
0 0 0 0 1 5.8915
0 0 0 0 1 5.95192
0 0 0 0 1 5.93581
0 0 0 0 1 5.93155
0 0 0 0 1 5.91544
0 0 0 0 1 5.95885
0 0 0 0 1 5.97865
0 0 0 0 0 5.93281
0 0 0 0 1 5.98402
0 0 0 0 1 5.97412
0 0 0 0 1 6.07255
0 0 0 0 1 6.06895
0 0 0 0 0 6.03998
0 0 0 0 1 6.03031
0 0 0 0 1 6.13619
0 0 0 0 0 6.12679
0 0 0 0 0 6.07461
0 0 0 0 1 6.13248
0 0 0 0 1 6.12819
0 0 0 0 1 6.11989
0 0 0 0 0 6.2031
0 0 0 0 1 6.15062
0 0 0 0 1 6.23438
0 0 0 0 1 6.19945
0 0 0 0 1 6.27141
0 0 0 0 0 6.30622
0 0 0 0 1 6.30273
0 0 0 0 0 6.30641
0 0 0 0 0 6.33537
0 0 0 0 1 6.27592
0 0 0 0 1 6.40012
0 0 0 0 1 6.30791
0 0 0 0 1 6.3564
0 0 0 0 1 6.39798
0 0 0 0 1 6.35713
0 0 0 0 0 6.46988
0 0 0 0 1 6.41606
0 0 0 0 1 6.52973
0 0 0 0 1 6.46272
0 0 0 0 1 6.5127
0 0 0 0 1 6.52372
0 0 0 0 0 6.6063
0 0 0 0 0 6.57753
0 0 0 0 1 6.63502
0 0 0 0 0 6.57302
0 0 0 0 1 6.60364
0 0 0 0 1 6.63446
0 0 0 0 0 6.66607
0 0 0 0 0 6.77837
0 0 0 0 1 6.79657
0 0 0 0 1 6.80135
0 0 0 0 1 6.79255
0 0 0 0 1 6.84494
0 0 0 0 0 6.79514
0 0 0 0 1 6.90959
0 0 0 0 0 6.90088
0 0 0 0 0 6.92661
0 0 0 0 1 6.9252
0 0 0 0 1 7.02068
0 0 0 0 1 6.99109
0 0 0 0 1 7.05235
0 0 0 0 1 7.04363
0 0 0 0 1 7.13329
0 0 0 0 1 7.16013
0 0 0 0 1 7.1871
0 0 0 0 1 7.18559
0 0 0 0 1 7.15528
0 0 0 0 1 7.13907
0 0 0 0 0 7.22346
0 0 0 0 1 7.31615
0 0 0 0 1 7.26316
0 0 0 0 0 7.25401
0 0 0 0 1 7.28834
0 0 0 0 1 7.37548
0 0 0 0 0 7.38073
0 0 0 0 1 7.41569
0 0 0 0 0 7.45875
0 0 0 0 0 7.59179
0 0 0 0 1 7.50692
0 0 0 0 1 7.55006
0 0 0 0 1 7.60911
0 0 0 0 1 7.72165
0 0 0 0 1 7.61978
0 0 0 0 1 7.79488
0 0 0 0 1 7.79291
0 0 0 0 1 7.80632
0 0 0 0 1 7.81231
0 0 0 0 1 7.94354
0 0 0 0 1 7.83821
0 0 0 0 1 7.91485
0 0 0 0 1 8.05544
0 0 0 0 0 8.07723
0 0 0 0 0 8.13127
0 0 0 0 1 8.08834
0 0 0 0 1 8.2316
0 0 0 0 0 8.26189
0 0 0 0 1 8.25879
0 0 0 0 1 8.2222
0 0 0 0 0 8.2355
0 0 0 0 0 8.37344
0 0 0 0 1 8.33594
0 0 0 0 1 8.47529
0 0 0 0 1 8.43723
0 0 0 0 0 8.62076
0 0 0 0 1 8.60887
0 0 0 0 1 8.69087
0 0 0 0 0 8.74665
0 0 0 0 1 8.77715
0 0 0 0 0 8.76282
0 0 0 0 1 8.89104
0 0 0 0 1 8.91198
0 0 0 0 1 8.86105
0 0 0 0 1 9.09719
0 0 0 0 0 9.15451
0 0 0 0 0 9.09443
0 0 0 0 1 9.26144
0 0 0 0 1 9.27314
0 0 0 0 1 9.21946
0 0 0 0 1 9.39916
0 0 0 0 0 9.34344
0 0 0 0 1 9.39158
0 0 0 0 1 9.58135
0 0 0 0 1 9.49493
0 0 0 0 1 9.58176
0 0 0 0 1 9.81347
0 0 0 0 1 9.73459
0 0 0 0 1 9.81149
0 0 0 0 1 9.90011
0 0 0 0 1 10.0162
0 0 0 0 1 9.9838
0 0 0 0 0 10.0599
0 0 0 0 0 10.2195
0 0 0 0 1 10.307
0 0 0 0 1 10.3949
0 0 0 0 1 10.3389
0 0 0 0 1 10.521
0 0 0 0 0 10.472
0 0 0 0 1 10.5579
0 0 0 0 1 10.6461
0 0 0 0 1 10.8949
0 0 0 0 1 9.33381
0 0 0 0 1 9.22608
0 0 0 0 1 9.24409
0 0 0 0 1 9.18343
0 0 0 0 1 9.26611
0 0 0 0 1 9.26101
0 0 0 0 0 9.15055
0 0 0 0 1 9.24664
0 0 0 0 1 9.08203
0 0 0 0 1 9.18717
0 0 0 0 1 9.10543
0 0 0 0 1 9.02875
0 0 0 0 0 9.09274
0 0 0 0 1 8.94866
0 0 0 0 1 8.93627
0 0 0 0 1 8.97329
0 0 0 0 1 9.0509
0 0 0 0 1 8.89056
0 0 0 0 1 8.98138
0 0 0 0 1 9.00051
0 0 0 0 1 8.99773
0 0 0 0 1 8.91025
0 0 0 0 1 8.79655
0 0 0 0 1 8.87829
0 0 0 0 1 8.78293
0 0 0 0 1 8.81658
0 0 0 0 1 8.76597
0 0 0 0 1 8.81239
0 0 0 0 1 8.77095
0 0 0 0 0 8.79988
0 0 0 0 1 8.69757
0 0 0 0 0 8.65326
0 0 0 0 0 8.64771
0 0 0 0 0 8.79025
0 0 0 0 1 8.74997
0 0 0 0 0 8.72728
0 0 0 0 1 8.67014
0 0 0 0 1 8.71707
0 0 0 0 1 8.67764
0 0 0 0 1 8.62983
0 0 0 0 1 8.58229
0 0 0 0 0 8.61238
0 0 0 0 0 8.56526
0 0 0 0 1 8.4927
0 0 0 0 1 8.52318
0 0 0 0 0 8.56224
0 0 0 0 1 8.56168
0 0 0 0 0 8.49002
0 0 0 0 1 8.50695
0 0 0 0 1 8.73474
0 0 0 0 0 8.87744
0 0 0 0 1 8.88713
0 0 0 0 0 9.16602
0 0 0 0 0 9.14517
0 0 0 0 0 9.4289
0 0 0 0 0 9.52672
0 0 0 0 1 9.73913
0 0 0 0 1 9.75672
0 0 0 0 1 9.91972
0 0 0 0 1 10.1943
0 0 0 0 1 10.2655
0 0 0 0 1 10.6584
0 0 0 0 1 10.6301
0 0 0 0 1 10.9527
0 0 0 0 1 11.1574
0 0 0 0 1 11.4744
0 0 0 0 1 11.6199
0 0 0 0 1 11.8432
0 0 0 0 1 12.006
0 0 0 0 1 12.2348
0 0 0 0 1 12.4851
0 0 0 0 1 12.8347
0 0 0 0 1 22.7509
0 0 0 0 1 22.891
0 0 0 0 0 22.6437
0 0 0 0 1 22.7617
0 0 0 0 1 22.7215
0 0 0 0 1 22.7948
0 0 0 0 1 22.5292
0 0 0 0 1 22.8294
0 0 0 0 1 22.6327
0 0 0 0 1 22.6398
0 0 0 0 1 22.6248
0 0 0 0 1 22.3397
0 0 0 0 0 22.5524
0 0 0 0 0 22.7188
0 0 0 0 1 22.6829
0 0 0 0 0 22.3551
0 0 0 0 1 22.5451
0 0 0 0 1 22.2635
0 0 0 0 1 23.0604
0 0 0 0 1 24.0755
0 0 0 0 1 24.9171
0 0 0 0 1 26.1074
0 0 0 0 1 36.454
0 0 0 0 1 36.4754
0 0 0 0 1 36.0972
0 0 0 0 1 36.7021
0 0 0 0 1 36.6837
0 0 0 0 1 38.6034
0 0 0 0 1 52.275
0 0 0 0 0 51.5307
0 0 0 0 1 51.725
0 0 0 0 1 52.3358
0 0 0 0 1 52.1672
0 0 0 0 1 55.9341
0 0 0 0 0 65.6589
0 0 0 0 0 69.8032
0 0 0 0 1 81.401
0 0 0 0 0 4.97994
0 0 0 0 0 5.03505
0 0 0 0 0 5.02002
0 0 0 0 0 5.01501
0 0 0 0 0 5.00499
0 0 0 0 0 5.05509
0 0 0 0 0 5.00499
0 0 0 0 0 5.03004
0 0 0 0 0 5.02002
0 0 0 0 0 5.01501
0 0 0 0 0 4.98495
0 0 0 0 0 5.05509
0 0 0 0 1 87.4156
0 0 0 0 1 87.9503
0 0 0 0 1 75.2952
0 0 0 0 1 63.6474
0 0 0 0 1 60.3448
0 0 0 0 0 60.2349
0 0 0 0 1 60.0651
0 0 0 0 1 51.416
0 0 0 0 1 48.1791
0 0 0 0 0 47.9035
0 0 0 0 1 39.5884
0 0 0 0 1 37.1512
0 0 0 0 1 35.3112
0 0 0 0 1 35.3232
0 0 0 0 1 35.478
0 0 0 0 1 35.5272
0 0 0 0 1 28.134
0 0 0 0 1 26.5623
0 0 0 0 1 25.793
0 0 0 0 1 24.4176
0 0 0 0 1 24.774
0 0 0 0 1 24.8109
0 0 0 0 1 24.6746
0 0 0 0 1 24.4905
0 0 0 0 1 24.7508
0 0 0 0 1 24.6662
0 0 0 0 1 24.8784
0 0 0 0 0 24.8936
0 0 0 0 1 24.8336
0 0 0 0 1 18.1271
0 0 0 0 1 17.7919
0 0 0 0 1 17.1402
0 0 0 0 0 16.6943
0 0 0 0 1 16.2284
0 0 0 0 1 15.8319
0 0 0 0 1 15.439
0 0 0 0 0 15.0002
0 0 0 0 1 14.8901
0 0 0 0 0 14.351
0 0 0 0 1 14.1131
0 0 0 0 1 13.8453
0 0 0 0 1 13.8154
0 0 0 0 1 13.9526
0 0 0 0 0 14.0485
0 0 0 0 1 14.0612
0 0 0 0 1 14.0206
0 0 0 0 1 14.0477
0 0 0 0 1 14.0192
0 0 0 0 0 14.0608
0 0 0 0 1 14.1191
0 0 0 0 1 14.0352
0 0 0 0 1 14.0496
0 0 0 0 1 14.1064
0 0 0 0 1 14.0534
0 0 0 0 1 13.97
0 0 0 0 1 13.957
0 0 0 0 1 13.9892
0 0 0 0 1 14.0191
0 0 0 0 1 14.0068
0 0 0 0 1 14.2524
0 0 0 0 1 14.3117
0 0 0 0 1 14.2605
0 0 0 0 0 14.0929
0 0 0 0 1 14.2127
0 0 0 0 1 14.2303
0 0 0 0 1 14.2939
0 0 0 0 1 14.3264
0 0 0 0 1 14.2763
0 0 0 0 1 14.3952
0 0 0 0 1 8.77297
0 0 0 0 1 8.68607
0 0 0 0 1 8.66745
0 0 0 0 1 8.40978
0 0 0 0 1 8.47486
0 0 0 0 1 8.34535
0 0 0 0 1 8.21787
0 0 0 0 1 8.0091
0 0 0 0 1 8.07622
0 0 0 0 1 7.89476
0 0 0 0 1 7.82639
0 0 0 0 1 7.79481
0 0 0 0 1 7.67968
0 0 0 0 1 7.55025
0 0 0 0 1 7.48923
0 0 0 0 1 7.36317
0 0 0 0 0 7.2584
0 0 0 0 0 7.27207
0 0 0 0 1 7.24107
0 0 0 0 1 7.13128
0 0 0 0 1 7.08557
0 0 0 0 1 7.00693
0 0 0 0 1 6.81621
0 0 0 0 1 6.81435
0 0 0 0 1 6.81822
0 0 0 0 1 6.74061
0 0 0 0 1 6.56394
0 0 0 0 1 6.52089
0 0 0 0 1 6.52962
0 0 0 0 1 6.4753
0 0 0 0 1 6.45038
0 0 0 0 1 6.28832
0 0 0 0 1 6.29772
0 0 0 0 1 6.25637
0 0 0 0 1 6.16554
0 0 0 0 1 6.08159
0 0 0 0 1 6.05288
0 0 0 0 1 5.98458
0 0 0 0 1 5.99749
0 0 0 0 1 5.9117
0 0 0 0 0 5.90009
0 0 0 0 1 5.88511
0 0 0 0 1 5.80039
0 0 0 0 1 5.791
0 0 0 0 1 5.74392
0 0 0 0 0 5.64922
0 0 0 0 1 5.59462
0 0 0 0 1 5.61571
0 0 0 0 0 5.53351
0 0 0 0 1 5.43559
0 0 0 0 1 5.45282
0 0 0 0 1 5.35904
0 0 0 0 1 5.31978
0 0 0 0 1 5.37875
0 0 0 0 1 5.24918
0 0 0 0 1 5.22816
0 0 0 0 1 5.18407
0 0 0 0 1 5.21793
0 0 0 0 1 5.1429
0 0 0 0 1 5.1401
0 0 0 0 1 5.12349
0 0 0 0 1 5.07473
0 0 0 0 1 5.02457
0 0 0 0 1 4.93657
0 0 0 0 1 4.96817
0 0 0 0 0 4.88595
0 0 0 0 0 4.83868
0 0 0 0 1 4.80949
0 0 0 0 1 4.81579
0 0 0 0 1 4.77166
0 0 0 0 1 4.79291
0 0 0 0 0 4.7959
0 0 0 0 0 4.89129
0 0 0 0 1 4.82529
0 0 0 0 1 4.93603
0 0 0 0 0 4.88063
0 0 0 0 1 4.87901
0 0 0 0 1 4.94544
0 0 0 0 0 4.91922
0 0 0 0 1 4.94753
0 0 0 0 0 5.01974
0 0 0 0 1 4.96842
0 0 0 0 0 5.07254
0 0 0 0 1 5.00584
0 0 0 0 1 5.05003
0 0 0 0 1 5.0691
0 0 0 0 1 5.11378
0 0 0 0 1 5.15877
0 0 0 0 1 5.1564
0 0 0 0 1 5.12442
0 0 0 0 0 5.21636
0 0 0 0 1 5.23622
0 0 0 0 1 5.24575
0 0 0 0 0 5.21865
0 0 0 0 1 5.20706
0 0 0 0 1 5.27971
0 0 0 0 1 5.24835
0 0 0 0 0 5.36425
0 0 0 0 1 5.31002
0 0 0 0 1 5.37864
0 0 0 0 1 5.37775
0 0 0 0 0 5.45399
0 0 0 0 1 5.42062
0 0 0 0 0 5.50142
0 0 0 0 1 5.48425
0 0 0 0 1 5.54537
0 0 0 0 1 5.50042
0 0 0 0 1 5.49532
0 0 0 0 1 5.62231
0 0 0 0 1 5.65114
0 0 0 0 1 5.60538
0 0 0 0 1 5.66236
0 0 0 0 1 5.6444
0 0 0 0 0 5.66189
0 0 0 0 1 5.68361
0 0 0 0 1 5.81049
0 0 0 0 1 5.84018
0 0 0 0 1 5.75959
0 0 0 0 1 5.82246
0 0 0 0 1 5.82869
0 0 0 0 1 5.83481
0 0 0 0 1 5.95927
0 0 0 0 1 5.99552
0 0 0 0 1 6.03792
0 0 0 0 0 6.00237
0 0 0 0 1 6.09321
0 0 0 0 1 6.12401
0 0 0 0 1 6.11829
0 0 0 0 1 6.08776
0 0 0 0 1 6.1446
0 0 0 0 1 9.56663
0 0 0 0 0 9.38652
0 0 0 0 1 9.35559
0 0 0 0 1 9.45668
0 0 0 0 1 9.37254
0 0 0 0 1 9.3138
0 0 0 0 1 9.34861
0 0 0 0 1 9.24055
0 0 0 0 1 9.35265
0 0 0 0 1 9.23924
0 0 0 0 1 9.26454
0 0 0 0 0 9.1521
0 0 0 0 1 9.22319
0 0 0 0 1 9.14803
0 0 0 0 1 9.10059
0 0 0 0 1 9.07156
0 0 0 0 1 9.06978
0 0 0 0 1 8.98376
0 0 0 0 1 8.98228
0 0 0 0 1 8.92382
0 0 0 0 1 8.8601
0 0 0 0 1 8.91243
0 0 0 0 1 8.85804
0 0 0 0 1 8.90125
0 0 0 0 1 8.79104
0 0 0 0 1 8.82548
0 0 0 0 0 8.84221
0 0 0 0 0 8.70352
0 0 0 0 0 8.72933
0 0 0 0 0 8.75163
0 0 0 0 0 8.62112
0 0 0 0 0 8.6869
0 0 0 0 0 8.60914
0 0 0 0 1 8.52837
0 0 0 0 1 8.49451
0 0 0 0 0 8.50869
0 0 0 0 1 8.52639
0 0 0 0 1 8.59162
0 0 0 0 0 8.53766
0 0 0 0 1 8.50096
0 0 0 0 1 8.37991
0 0 0 0 1 8.46196
0 0 0 0 1 8.37058
0 0 0 0 1 8.42717
0 0 0 0 1 8.34958
0 0 0 0 0 8.38103
0 0 0 0 0 8.39573
0 0 0 0 0 8.38085
0 0 0 0 1 8.35416
0 0 0 0 1 8.21176
0 0 0 0 1 8.24798
0 0 0 0 1 8.29616
0 0 0 0 1 8.27015
0 0 0 0 1 8.20327
0 0 0 0 1 8.12857
0 0 0 0 0 8.25869
0 0 0 0 0 8.24148
0 0 0 0 1 8.11857
0 0 0 0 1 8.07753
0 0 0 0 0 8.1665
0 0 0 0 0 8.0205
0 0 0 0 1 8.09326
0 0 0 0 1 8.0288
0 0 0 0 1 8.01692
0 0 0 0 1 8.08154
0 0 0 0 1 8.0418
0 0 0 0 1 7.93829
0 0 0 0 1 7.97906
0 0 0 0 1 7.92787
0 0 0 0 0 7.92892
0 0 0 0 1 8.02543
0 0 0 0 1 7.89964
0 0 0 0 1 7.98026
0 0 0 0 1 7.85878
0 0 0 0 1 7.91576
0 0 0 0 1 7.87026
0 0 0 0 1 7.90713
0 0 0 0 1 7.8654
0 0 0 0 1 7.78129
0 0 0 0 0 7.86204
0 0 0 0 1 7.77068
0 0 0 0 1 7.761
0 0 0 0 1 7.86519
0 0 0 0 0 7.75905
0 0 0 0 1 7.83523
0 0 0 0 1 7.78402
0 0 0 0 0 7.82139
