0 0 0 0 1 5.56398
0 0 0 0 0 5.52311
0 0 0 0 1 5.52674
0 0 0 0 1 5.62767
0 0 0 0 1 5.5647
0 0 0 0 1 5.6414
0 0 0 0 0 5.64468
0 0 0 0 1 5.58735
0 0 0 0 1 5.57713
0 0 0 0 1 5.61524
0 0 0 0 0 5.61418
0 0 0 0 1 5.65835
0 0 0 0 1 5.6823
0 0 0 0 0 5.64202
0 0 0 0 1 5.72075
0 0 0 0 1 5.6883
0 0 0 0 1 5.7334
0 0 0 0 1 5.72749
0 0 0 0 1 5.74448
0 0 0 0 1 5.75399
0 0 0 0 1 5.76548
0 0 0 0 1 5.70826
0 0 0 0 0 5.76586
0 0 0 0 0 5.77195
0 0 0 0 1 5.71646
0 0 0 0 0 5.83242
0 0 0 0 0 5.78097
0 0 0 0 0 5.84548
0 0 0 0 1 5.75909
0 0 0 0 1 5.77733
0 0 0 0 0 5.88337
0 0 0 0 1 5.86269
0 0 0 0 1 5.85371
0 0 0 0 1 5.88427
0 0 0 0 1 5.90916
0 0 0 0 1 5.88113
0 0 0 0 1 5.96537
0 0 0 0 1 5.97303
0 0 0 0 0 5.88575
0 0 0 0 1 5.97671
0 0 0 0 1 6.02042
0 0 0 0 1 5.95075
0 0 0 0 1 5.97204
0 0 0 0 0 5.96812
0 0 0 0 1 6.07857
0 0 0 0 1 6.02672
0 0 0 0 1 5.99156
0 0 0 0 1 6.04245
0 0 0 0 1 6.07537
0 0 0 0 0 6.12679
0 0 0 0 1 6.12961
0 0 0 0 1 6.15086
0 0 0 0 1 6.17121
0 0 0 0 1 6.11374
0 0 0 0 1 6.15989
0 0 0 0 1 6.16918
0 0 0 0 1 6.25299
0 0 0 0 1 6.23057
0 0 0 0 1 6.29637
0 0 0 0 1 6.26243
0 0 0 0 1 6.32156
0 0 0 0 1 6.27494
0 0 0 0 0 6.29751
0 0 0 0 1 6.28857
0 0 0 0 1 6.37475
0 0 0 0 1 6.31427
0 0 0 0 1 6.41384
0 0 0 0 1 6.46203
0 0 0 0 1 6.45988
0 0 0 0 1 6.40544
0 0 0 0 1 6.4419
0 0 0 0 1 6.45191
0 0 0 0 0 6.49523
0 0 0 0 1 6.57789
0 0 0 0 1 6.59563
0 0 0 0 1 6.6063
0 0 0 0 1 6.59069
0 0 0 0 1 6.62842
0 0 0 0 1 6.68566
0 0 0 0 1 6.59034
0 0 0 0 1 6.64781
0 0 0 0 1 6.67276
0 0 0 0 1 6.74482
0 0 0 0 1 6.76289
0 0 0 0 0 6.78783
0 0 0 0 1 6.79255
0 0 0 0 1 6.85175
0 0 0 0 1 6.78146
0 0 0 0 1 6.80667
0 0 0 0 1 6.81823
0 0 0 0 1 6.85057
0 0 0 0 1 6.89747
0 0 0 0 1 6.95109
0 0 0 0 1 6.92125
0 0 0 0 1 7.02431
0 0 0 0 1 7.10696
0 0 0 0 0 7.01311
0 0 0 0 0 7.11756
0 0 0 0 0 7.14436
0 0 0 0 1 7.11409
0 0 0 0 1 7.1481
0 0 0 0 1 7.17509
0 0 0 0 1 7.22346
0 0 0 0 1 7.21444
0 0 0 0 1 7.36535
0 0 0 0 1 7.3859
0 0 0 0 1 7.28834
0 0 0 0 1 7.34594
0 0 0 0 1 7.34364
0 0 0 0 1 7.43805
0 0 0 0 1 7.41386
0 0 0 0 1 7.58428
0 0 0 0 1 7.47671
0 0 0 0 1 7.55765
0 0 0 0 1 7.60911
0 0 0 0 0 7.69869
0 0 0 0 1 7.63516
0 0 0 0 0 7.70217
0 0 0 0 1 7.83948
0 0 0 0 1 7.84532
0 0 0 0 1 7.85927
0 0 0 0 0 7.92781
0 0 0 0 1 7.96476
0 0 0 0 1 7.93869
0 0 0 0 1 7.93557
0 0 0 0 1 8.09329
0 0 0 0 1 8.0264
0 0 0 0 0 8.06403
0 0 0 0 1 8.1827
0 0 0 0 0 8.16363
0 0 0 0 1 8.28349
0 0 0 0 1 8.19736
0 0 0 0 1 8.38523
0 0 0 0 1 8.37344
0 0 0 0 1 8.48735
0 0 0 0 1 8.39071
0 0 0 0 1 8.42873
0 0 0 0 0 8.62931
0 0 0 0 1 8.55732
0 0 0 0 1 8.59584
0 0 0 0 1 8.70318
0 0 0 0 1 8.68973
0 0 0 0 1 8.75402
0 0 0 0 1 8.74963
0 0 0 0 1 8.84082
0 0 0 0 1 8.98636
0 0 0 0 1 8.92606
0 0 0 0 1 9.0548
0 0 0 0 1 9.18556
0 0 0 0 1 9.14223
0 0 0 0 0 9.14397
0 0 0 0 1 9.27516
0 0 0 0 1 9.24982
0 0 0 0 0 9.49384
0 0 0 0 1 9.41995
0 0 0 0 1 9.53373
0 0 0 0 0 9.51411
0 0 0 0 0 9.63
0 0 0 0 1 9.76489
0 0 0 0 1 9.84221
0 0 0 0 1 9.80164
0 0 0 0 1 9.81092
0 0 0 0 1 9.97625
0 0 0 0 0 10.1145
0 0 0 0 1 10.0599
0 0 0 0 1 10.0972
0 0 0 0 1 10.3481
0 0 0 0 1 10.4156
0 0 0 0 1 10.4744
0 0 0 0 1 10.605
0 0 0 0 1 10.6201
0 0 0 0 1 10.5685
0 0 0 0 1 10.6998
0 0 0 0 1 10.8407
0 0 0 0 0 9.39895
0 0 0 0 0 9.34674
0 0 0 0 1 9.32745
0 0 0 0 1 9.25734
0 0 0 0 1 9.29377
0 0 0 0 1 9.10466
0 0 0 0 1 9.12301
0 0 0 0 1 9.10932
0 0 0 0 1 9.12772
0 0 0 0 1 9.0778
0 0 0 0 1 9.1782
0 0 0 0 1 9.10134
0 0 0 0 1 8.98406
0 0 0 0 1 9.05713
0 0 0 0 1 8.97234
0 0 0 0 1 8.95529
0 0 0 0 0 9.04192
0 0 0 0 1 9.03396
0 0 0 0 1 9.02611
0 0 0 0 1 8.95587
0 0 0 0 0 8.95319
0 0 0 0 1 8.98139
0 0 0 0 1 8.85869
0 0 0 0 1 8.90487
0 0 0 0 0 8.9156
0 0 0 0 1 8.7901
0 0 0 0 0 8.72192
0 0 0 0 1 8.83877
0 0 0 0 0 8.83241
0 0 0 0 1 8.68594
0 0 0 0 1 8.71507
0 0 0 0 0 8.77551
0 0 0 0 1 8.66515
0 0 0 0 1 8.651
0 0 0 0 1 8.75866
0 0 0 0 1 8.65788
0 0 0 0 1 8.60951
0 0 0 0 1 8.60465
0 0 0 0 1 8.67764
0 0 0 0 0 8.6988
0 0 0 0 1 8.5909
0 0 0 0 0 8.68114
0 0 0 0 1 8.56526
0 0 0 0 1 8.58697
0 0 0 0 1 8.53173
0 0 0 0 0 8.56224
0 0 0 0 1 8.52753
0 0 0 0 1 8.43887
0 0 0 0 1 8.62701
0 0 0 0 1 8.78694
0 0 0 0 1 8.86862
0 0 0 0 0 8.89609
0 0 0 0 1 9.12056
0 0 0 0 1 9.14517
0 0 0 0 0 9.39137
0 0 0 0 0 9.48857
0 0 0 0 0 9.71977
0 0 0 0 1 9.83548
0 0 0 0 1 9.98979
0 0 0 0 1 10.2045
0 0 0 0 1 10.3691
0 0 0 0 1 10.6056
0 0 0 0 1 10.6623
0 0 0 0 1 11.0074
0 0 0 0 1 11.1909
0 0 0 0 0 11.4062
0 0 0 0 1 11.6547
0 0 0 0 1 11.855
0 0 0 0 1 12.1024
0 0 0 0 0 12.1856
0 0 0 0 0 12.636
0 0 0 0 1 12.976
0 0 0 0 1 22.8873
0 0 0 0 1 22.5504
0 0 0 0 1 22.7344
0 0 0 0 1 22.7617
0 0 0 0 0 22.4496
0 0 0 0 1 22.5005
0 0 0 0 1 22.7554
0 0 0 0 1 22.513
0 0 0 0 1 22.6553
0 0 0 0 1 22.4367
0 0 0 0 1 22.3767
0 0 0 0 1 22.4524
0 0 0 0 1 22.4172
0 0 0 0 0 22.5837
0 0 0 0 1 22.5929
0 0 0 0 1 22.5125
0 0 0 0 1 22.2753
0 0 0 0 0 22.241
0 0 0 0 1 23.0836
0 0 0 0 1 24.365
0 0 0 0 1 24.9925
0 0 0 0 0 26.2647
0 0 0 0 1 36.709
0 0 0 0 1 36.5118
0 0 0 0 0 36.5703
0 0 0 0 0 36.7021
0 0 0 0 1 36.6837
0 0 0 0 1 38.2566
0 0 0 0 1 51.8584
0 0 0 0 1 52.2594
0 0 0 0 1 51.5169
0 0 0 0 1 52.3358
0 0 0 0 1 51.4911
0 0 0 0 1 56.216
0 0 0 0 1 65.397
0 0 0 0 0 69.8032
0 0 0 0 1 81.401
0 0 0 0 0 5.02002
0 0 0 0 0 5.05509
0 0 0 0 0 5.04507
0 0 0 0 0 5.05008
0 0 0 0 0 5.04507
0 0 0 0 0 5.02503
0 0 0 0 0 4.98996
0 0 0 0 0 4.98495
0 0 0 0 0 4.9599
0 0 0 0 0 5.05008
0 0 0 0 0 5.05509
0 0 0 0 0 4.9599
0 0 0 0 1 87.6784
0 0 0 0 1 88.3883
0 0 0 0 1 74.3935
0 0 0 0 1 63.3921
0 0 0 0 1 60.2238
0 0 0 0 1 60.4165
0 0 0 0 1 60.2467
0 0 0 0 1 51.9317
0 0 0 0 1 48.1791
0 0 0 0 0 47.9035
0 0 0 0 1 39.4313
0 0 0 0 1 36.9303
0 0 0 0 0 35.7392
0 0 0 0 0 35.7514
0 0 0 0 1 35.9063
0 0 0 0 0 35.4915
0 0 0 0 1 27.9936
0 0 0 0 1 26.9911
0 0 0 0 1 25.4597
0 0 0 0 1 24.7868
0 0 0 0 0 24.4539
0 0 0 0 1 24.6138
0 0 0 0 1 24.5514
0 0 0 0 1 24.7371
0 0 0 0 0 24.5534
0 0 0 0 1 24.7649
0 0 0 0 0 24.5572
0 0 0 0 0 24.6958
0 0 0 0 0 24.9078
0 0 0 0 1 18.2545
0 0 0 0 0 17.562
0 0 0 0 1 17.1574
0 0 0 0 1 16.8281
0 0 0 0 1 16.4565
0 0 0 0 0 15.8636
0 0 0 0 0 15.439
0 0 0 0 0 15.2724
0 0 0 0 1 14.8458
0 0 0 0 1 14.3077
0 0 0 0 1 14.0849
0 0 0 0 1 13.7481
0 0 0 0 1 14.0239
0 0 0 0 1 13.7996
0 0 0 0 1 13.9511
0 0 0 0 1 13.9776
0 0 0 0 1 13.895
0 0 0 0 1 14.0058
0 0 0 0 1 13.9493
0 0 0 0 1 13.9629
0 0 0 0 1 13.867
0 0 0 0 1 14.1614
0 0 0 0 1 14.1759
0 0 0 0 0 14.0783
0 0 0 0 0 14.0534
0 0 0 0 0 13.9418
0 0 0 0 1 14.1544
0 0 0 0 0 14.0457
0 0 0 0 0 14.1604
0 0 0 0 1 14.0917
0 0 0 0 1 14.0257
0 0 0 0 1 14.2124
0 0 0 0 1 14.3173
0 0 0 0 1 14.1213
0 0 0 0 1 14.3266
0 0 0 0 0 14.159
0 0 0 0 0 14.4224
0 0 0 0 0 14.1834
0 0 0 0 1 14.3479
0 0 0 0 1 14.2375
0 0 0 0 1 8.90536
0 0 0 0 1 8.69478
0 0 0 0 1 8.65885
0 0 0 0 1 8.50322
0 0 0 0 1 8.35739
0 0 0 0 0 8.36193
0 0 0 0 1 8.11136
0 0 0 0 1 8.15472
0 0 0 0 0 8.06822
0 0 0 0 1 7.94218
0 0 0 0 0 7.8733
0 0 0 0 0 7.80254
0 0 0 0 0 7.7026
0 0 0 0 1 7.58048
0 0 0 0 1 7.39954
0 0 0 0 1 7.39277
0 0 0 0 1 7.35352
0 0 0 0 1 7.19239
0 0 0 0 0 7.16221
0 0 0 0 1 7.02484
0 0 0 0 1 7.02939
0 0 0 0 1 6.8956
0 0 0 0 1 6.93326
0 0 0 0 1 6.8621
0 0 0 0 1 6.70334
0 0 0 0 1 6.68706
0 0 0 0 1 6.67002
0 0 0 0 1 6.57999
0 0 0 0 1 6.45808
0 0 0 0 1 6.46885
0 0 0 0 1 6.32265
0 0 0 0 0 6.29465
0 0 0 0 1 6.304
0 0 0 0 1 6.21279
0 0 0 0 1 6.15937
0 0 0 0 0 6.07547
0 0 0 0 1 6.10747
0 0 0 0 0 5.96652
0 0 0 0 0 5.93185
0 0 0 0 1 5.89985
0 0 0 0 0 5.90597
0 0 0 0 1 5.85598
0 0 0 0 1 5.75991
0 0 0 0 1 5.77378
0 0 0 0 1 5.63586
0 0 0 0 1 5.68873
0 0 0 0 1 5.61142
0 0 0 0 0 5.59345
0 0 0 0 1 5.5556
0 0 0 0 1 5.44655
0 0 0 0 1 5.45825
0 0 0 0 1 5.42387
0 0 0 0 1 5.34125
0 0 0 0 0 5.33615
0 0 0 0 0 5.31268
0 0 0 0 1 5.20716
0 0 0 0 0 5.18407
0 0 0 0 1 5.1713
0 0 0 0 1 5.15834
0 0 0 0 1 5.15544
0 0 0 0 1 5.02711
0 0 0 0 1 5.02938
0 0 0 0 1 4.9995
0 0 0 0 1 5.02624
0 0 0 0 1 4.95827
0 0 0 0 1 4.9007
0 0 0 0 1 4.8338
0 0 0 0 1 4.9018
0 0 0 0 1 4.81579
0 0 0 0 1 4.82463
0 0 0 0 1 4.80739
0 0 0 0 1 4.86857
0 0 0 0 1 4.90588
0 0 0 0 1 4.87891
0 0 0 0 0 4.86265
0 0 0 0 1 4.92973
0 0 0 0 1 4.91351
0 0 0 0 1 4.91579
0 0 0 0 1 4.92914
0 0 0 0 1 4.98238
0 0 0 0 1 5.00976
0 0 0 0 1 5.02853
0 0 0 0 1 4.99713
0 0 0 0 1 4.99574
0 0 0 0 0 5.04496
0 0 0 0 1 5.13519
0 0 0 0 1 5.14951
0 0 0 0 1 5.10242
0 0 0 0 0 5.18721
0 0 0 0 1 5.1966
0 0 0 0 1 5.21636
0 0 0 0 1 5.14791
0 0 0 0 0 5.16232
0 0 0 0 1 5.26576
0 0 0 0 1 5.22808
0 0 0 0 1 5.22697
0 0 0 0 1 5.24835
0 0 0 0 1 5.31635
0 0 0 0 1 5.39015
0 0 0 0 1 5.40546
0 0 0 0 0 5.37775
0 0 0 0 1 5.36201
0 0 0 0 0 5.48037
0 0 0 0 1 5.44144
0 0 0 0 1 5.51709
0 0 0 0 1 5.51237
0 0 0 0 1 5.5446
0 0 0 0 0 5.55638
0 0 0 0 1 5.58331
0 0 0 0 0 5.61193
0 0 0 0 1 5.63349
0 0 0 0 1 5.62281
0 0 0 0 1 5.66709
0 0 0 0 1 5.75882
0 0 0 0 1 5.7523
0 0 0 0 1 5.7357
0 0 0 0 1 5.80549
0 0 0 0 1 5.83514
0 0 0 0 1 5.82246
0 0 0 0 1 5.80523
0 0 0 0 0 5.90553
0 0 0 0 1 5.87042
0 0 0 0 0 5.94193
0 0 0 0 1 6.03193
0 0 0 0 0 5.9723
0 0 0 0 1 6.0388
0 0 0 0 0 6.08148
0 0 0 0 1 6.16103
0 0 0 0 1 6.10617
0 0 0 0 1 6.23105
0 0 0 0 0 9.60471
0 0 0 0 1 9.5477
0 0 0 0 1 9.42174
0 0 0 0 1 9.4661
0 0 0 0 0 9.33501
0 0 0 0 0 9.34185
0 0 0 0 1 9.26473
0 0 0 0 1 9.34281
0 0 0 0 0 9.34339
0 0 0 0 1 9.29462
0 0 0 0 0 9.12653
0 0 0 0 1 9.07874
0 0 0 0 1 9.23233
0 0 0 0 1 9.18448
0 0 0 0 1 9.12784
0 0 0 0 1 8.97197
0 0 0 0 1 9.04271
0 0 0 0 0 9.06477
0 0 0 0 1 9.05406
0 0 0 0 0 8.91487
0 0 0 0 0 8.99394
0 0 0 0 1 8.85017
0 0 0 0 0 8.87578
0 0 0 0 0 8.81286
0 0 0 0 0 8.78222
0 0 0 0 1 8.75516
0 0 0 0 0 8.72829
0 0 0 0 1 8.71227
0 0 0 0 1 8.75549
0 0 0 0 1 8.63854
0 0 0 0 0 8.71653
0 0 0 0 1 8.6869
0 0 0 0 1 8.66952
0 0 0 0 1 8.61443
0 0 0 0 0 8.52883
0 0 0 0 1 8.61997
0 0 0 0 1 8.51786
0 0 0 0 1 8.50647
0 0 0 0 1 8.53766
0 0 0 0 1 8.52638
0 0 0 0 1 8.54058
0 0 0 0 0 8.4029
0 0 0 0 1 8.33693
0 0 0 0 1 8.34324
0 0 0 0 1 8.29096
0 0 0 0 1 8.33925
0 0 0 0 0 8.28734
0 0 0 0 0 8.25614
0 0 0 0 0 8.27949
0 0 0 0 1 8.34421
0 0 0 0 1 8.24798
0 0 0 0 1 8.17246
0 0 0 0 1 8.20432
0 0 0 0 1 8.2936
0 0 0 0 1 8.12857
0 0 0 0 1 8.19328
0 0 0 0 1 8.24148
0 0 0 0 1 8.2
0 0 0 0 1 8.11816
0 0 0 0 1 8.11784
0 0 0 0 1 8.06906
0 0 0 0 1 8.06903
0 0 0 0 0 7.98044
0 0 0 0 0 8.10546
0 0 0 0 1 7.95301
0 0 0 0 0 8.09792
0 0 0 0 1 8.03432
0 0 0 0 1 8.00303
0 0 0 0 1 8.03953
0 0 0 0 1 8.02445
0 0 0 0 0 7.90624
0 0 0 0 1 7.92343
0 0 0 0 1 7.98818
0 0 0 0 1 7.96156
0 0 0 0 1 7.93155
0 0 0 0 1 7.80723
0 0 0 0 1 7.88352
0 0 0 0 1 7.84969
0 0 0 0 1 7.85973
0 0 0 0 1 7.75241
0 0 0 0 1 7.80195
0 0 0 0 1 7.81566
0 0 0 0 1 7.81842
0 0 0 0 0 7.7357
0 0 0 0 1 7.74972
0 0 0 0 1 7.70641
0 0 0 0 1 7.81364
