0 0 0 0 1 5.57508
0 0 0 0 0 5.6009
0 0 0 0 1 5.5323
0 0 0 0 1 5.54966
0 0 0 0 1 5.59261
0 0 0 0 0 5.5799
0 0 0 0 1 5.6223
0 0 0 0 1 5.55933
0 0 0 0 1 5.59396
0 0 0 0 0 5.60962
0 0 0 0 0 5.66486
0 0 0 0 1 5.63579
0 0 0 0 1 5.59757
0 0 0 0 0 5.69295
0 0 0 0 1 5.69807
0 0 0 0 0 5.63721
0 0 0 0 1 5.65377
0 0 0 0 1 5.71609
0 0 0 0 1 5.76732
0 0 0 0 0 5.70828
0 0 0 0 1 5.7483
0 0 0 0 1 5.72547
0 0 0 0 1 5.74287
0 0 0 0 0 5.79499
0 0 0 0 1 5.79721
0 0 0 0 1 5.7515
0 0 0 0 0 5.85048
0 0 0 0 1 5.7584
0 0 0 0 1 5.84053
0 0 0 0 1 5.80648
0 0 0 0 0 5.88921
0 0 0 0 0 5.9095
0 0 0 0 1 5.91816
0 0 0 0 1 5.89602
0 0 0 0 1 5.92682
0 0 0 0 0 5.83984
0 0 0 0 1 5.94764
0 0 0 0 1 5.89599
0 0 0 0 1 5.97484
0 0 0 0 1 5.89932
0 0 0 0 1 5.99655
0 0 0 0 1 5.93281
0 0 0 0 1 5.996
0 0 0 0 1 5.99213
0 0 0 0 1 6.02441
0 0 0 0 1 5.97242
0 0 0 0 1 6.1005
0 0 0 0 1 6.07885
0 0 0 0 0 6.10578
0 0 0 0 1 6.13289
0 0 0 0 1 6.14183
0 0 0 0 1 6.06509
0 0 0 0 1 6.12204
0 0 0 0 1 6.11989
0 0 0 0 1 6.15989
0 0 0 0 0 6.24962
0 0 0 0 1 6.24058
0 0 0 0 1 6.16833
0 0 0 0 1 6.19029
0 0 0 0 1 6.30622
0 0 0 0 1 6.32784
0 0 0 0 1 6.30641
0 0 0 0 1 6.25965
0 0 0 0 0 6.35816
0 0 0 0 1 6.34938
0 0 0 0 0 6.35246
0 0 0 0 1 6.33725
0 0 0 0 1 6.36596
0 0 0 0 1 6.35713
0 0 0 0 0 6.5021
0 0 0 0 1 6.51944
0 0 0 0 1 6.42598
0 0 0 0 0 6.54074
0 0 0 0 1 6.57789
0 0 0 0 0 6.51065
0 0 0 0 0 6.61942
0 0 0 0 1 6.53144
0 0 0 0 1 6.65483
0 0 0 0 1 6.60615
0 0 0 0 1 6.61694
0 0 0 0 1 6.65448
0 0 0 0 1 6.75977
0 0 0 0 1 6.67099
0 0 0 0 1 6.68206
0 0 0 0 1 6.82839
0 0 0 0 1 6.80612
0 0 0 0 1 6.83132
0 0 0 0 0 6.76779
0 0 0 0 1 6.79294
0 0 0 0 1 6.95597
0 0 0 0 1 6.98191
0 0 0 0 1 6.90441
0 0 0 0 1 7.02068
0 0 0 0 0 6.91426
0 0 0 0 0 6.98925
0 0 0 0 1 6.96623
0 0 0 0 0 7.04846
0 0 0 0 0 7.08917
0 0 0 0 1 7.13011
0 0 0 0 0 7.22134
0 0 0 0 1 7.16246
0 0 0 0 1 7.21831
0 0 0 0 1 7.27412
0 0 0 0 1 7.27982
0 0 0 0 1 7.36535
0 0 0 0 1 7.36391
0 0 0 0 1 7.37669
0 0 0 0 1 7.43454
0 0 0 0 1 7.492
0 0 0 0 1 7.47532
0 0 0 0 1 7.4363
0 0 0 0 0 7.55421
0 0 0 0 1 7.6051
0 0 0 0 1 7.55006
0 0 0 0 1 7.54056
0 0 0 0 1 7.5839
0 0 0 0 1 7.69667
0 0 0 0 1 7.76397
0 0 0 0 1 7.7541
0 0 0 0 1 7.81412
0 0 0 0 1 7.75751
0 0 0 0 1 7.79411
0 0 0 0 1 7.88566
0 0 0 0 1 7.98637
0 0 0 0 1 7.91958
0 0 0 0 1 8.08526
0 0 0 0 1 8.13127
0 0 0 0 0 8.16938
0 0 0 0 1 8.2153
0 0 0 0 1 8.14726
0 0 0 0 1 8.22585
0 0 0 0 1 8.33812
0 0 0 0 1 8.38523
0 0 0 0 1 8.39854
0 0 0 0 0 8.34435
0 0 0 0 1 8.42454
0 0 0 0 1 8.48826
0 0 0 0 1 8.5951
0 0 0 0 1 8.55732
0 0 0 0 1 8.55265
0 0 0 0 0 8.6771
0 0 0 0 1 8.73344
0 0 0 0 1 8.88599
0 0 0 0 1 8.79382
0 0 0 0 0 8.94755
0 0 0 0 1 8.94161
0 0 0 0 1 9.01613
0 0 0 0 1 9.00948
0 0 0 0 1 9.20378
0 0 0 0 1 9.1239
0 0 0 0 1 9.13474
0 0 0 0 0 9.21017
0 0 0 0 1 9.38049
0 0 0 0 1 9.47504
0 0 0 0 1 9.38212
0 0 0 0 0 9.46706
0 0 0 0 1 9.51411
0 0 0 0 1 9.69755
0 0 0 0 1 9.66772
0 0 0 0 1 9.73459
0 0 0 0 0 9.81149
0 0 0 0 1 10.0091
0 0 0 0 1 9.88638
0 0 0 0 1 10.0843
0 0 0 0 1 10.1207
0 0 0 0 1 10.2501
0 0 0 0 1 10.2043
0 0 0 0 0 10.2913
0 0 0 0 1 10.4015
0 0 0 0 1 10.5735
0 0 0 0 1 10.5566
0 0 0 0 1 10.6858
0 0 0 0 1 10.689
0 0 0 0 1 10.9382
0 0 0 0 1 9.34312
0 0 0 0 1 9.37458
0 0 0 0 0 9.30893
0 0 0 0 1 9.30353
0 0 0 0 0 9.18313
0 0 0 0 0 9.16904
0 0 0 0 0 9.18726
0 0 0 0 1 9.0727
0 0 0 0 1 9.20081
0 0 0 0 1 9.05957
0 0 0 0 0 9.16
0 0 0 0 1 8.99246
0 0 0 0 1 9.1018
0 0 0 0 0 9.10233
0 0 0 0 1 8.93627
0 0 0 0 1 8.94629
0 0 0 0 1 9.03294
0 0 0 0 1 8.97122
0 0 0 0 1 8.95454
0 0 0 0 0 8.99159
0 0 0 0 1 8.91756
0 0 0 0 0 8.94582
0 0 0 0 0 8.9297
0 0 0 0 1 8.93145
0 0 0 0 1 8.76524
0 0 0 0 1 8.91365
0 0 0 0 1 8.87169
0 0 0 0 1 8.84757
0 0 0 0 1 8.85875
0 0 0 0 1 8.82618
0 0 0 0 0 8.79382
0 0 0 0 0 8.71439
0 0 0 0 1 8.70874
0 0 0 0 1 8.77284
0 0 0 0 0 8.61094
0 0 0 0 1 8.75331
0 0 0 0 0 8.58352
0 0 0 0 1 8.66519
0 0 0 0 1 8.70354
0 0 0 0 1 8.65569
0 0 0 0 1 8.65115
0 0 0 0 1 8.58659
0 0 0 0 1 8.50518
0 0 0 0 1 8.60411
0 0 0 0 1 8.50606
0 0 0 0 1 8.53661
0 0 0 0 1 8.45925
0 0 0 0 1 8.57526
0 0 0 0 1 8.5584
0 0 0 0 0 8.62164
0 0 0 0 1 8.79802
0 0 0 0 1 9.03943
0 0 0 0 1 9.11146
0 0 0 0 1 9.20059
0 0 0 0 1 9.41952
0 0 0 0 1 9.5744
0 0 0 0 1 9.77785
0 0 0 0 0 9.83548
0 0 0 0 0 10.0498
0 0 0 0 1 10.2351
0 0 0 0 1 10.2965
0 0 0 0 0 10.4579
0 0 0 0 1 10.8127
0 0 0 0 1 10.9527
0 0 0 0 1 11.0348
0 0 0 0 0 11.2699
0 0 0 0 1 11.6894
0 0 0 0 1 11.9023
0 0 0 0 0 12.0422
0 0 0 0 1 12.4317
0 0 0 0 1 12.5354
0 0 0 0 1 12.8347
0 0 0 0 1 22.5691
0 0 0 0 1 22.6412
0 0 0 0 0 22.5075
0 0 0 0 1 22.7844
0 0 0 0 1 22.88
0 0 0 0 1 22.7722
0 0 0 0 0 22.4387
0 0 0 0 1 22.739
0 0 0 0 1 22.3617
0 0 0 0 0 22.4593
0 0 0 0 1 22.3541
0 0 0 0 1 22.4299
0 0 0 0 0 22.3722
0 0 0 0 1 22.336
0 0 0 0 1 22.6604
0 0 0 0 1 22.4675
0 0 0 0 1 22.4551
0 0 0 0 0 22.5331
0 0 0 0 1 23.1068
0 0 0 0 0 24.2927
0 0 0 0 1 25.2185
0 0 0 0 1 26.4744
0 0 0 0 1 36.1627
0 0 0 0 1 36.5118
0 0 0 0 0 36.0608
0 0 0 0 0 36.2293
0 0 0 0 1 36.247
0 0 0 0 1 38.1796
0 0 0 0 1 52.2229
0 0 0 0 1 52.3114
0 0 0 0 1 52.0893
0 0 0 0 0 51.8676
0 0 0 0 1 51.6991
0 0 0 0 1 56.4415
0 0 0 0 1 65.528
0 0 0 0 1 69.2459
0 0 0 0 1 81.8918
0 0 0 0 0 5.00499
0 0 0 0 0 4.96992
0 0 0 0 0 5.0601
0 0 0 0 0 4.98495
0 0 0 0 0 5.04006
0 0 0 0 0 5.03004
0 0 0 0 0 5.01501
0 0 0 0 0 5.01501
0 0 0 0 0 5.01501
0 0 0 0 0 4.9599
0 0 0 0 0 4.96491
0 0 0 0 0 4.96992
0 0 0 0 1 88.3791
0 0 0 0 0 88.3007
0 0 0 0 1 75.8964
0 0 0 0 1 63.3921
0 0 0 0 1 60.5869
0 0 0 0 0 59.9322
0 0 0 0 1 60.61
0 0 0 0 1 51.777
0 0 0 0 1 48.2271
0 0 0 0 1 47.6155
0 0 0 0 1 39.1564
0 0 0 0 1 36.6357
0 0 0 0 1 35.8818
0 0 0 0 0 35.8228
0 0 0 0 1 35.9063
0 0 0 0 1 35.9199
0 0 0 0 0 28.1059
0 0 0 0 1 26.5891
0 0 0 0 1 25.5879
0 0 0 0 1 24.7376
0 0 0 0 1 24.5031
0 0 0 0 1 24.5646
0 0 0 0 1 24.7486
0 0 0 0 0 24.4165
0 0 0 0 1 24.4547
0 0 0 0 1 24.9131
0 0 0 0 1 24.7302
0 0 0 0 1 24.5228
0 0 0 0 1 24.8088
0 0 0 0 1 18.3637
0 0 0 0 1 17.6327
0 0 0 0 0 17.0542
0 0 0 0 1 16.7779
0 0 0 0 0 16.1958
0 0 0 0 1 15.943
0 0 0 0 1 15.6248
0 0 0 0 0 14.97
0 0 0 0 1 14.8605
0 0 0 0 1 14.524
0 0 0 0 0 14.1413
0 0 0 0 0 13.7481
0 0 0 0 1 13.9822
0 0 0 0 1 13.897
0 0 0 0 0 13.9789
0 0 0 0 1 13.8661
0 0 0 0 1 13.8671
0 0 0 0 1 14.0756
0 0 0 0 1 13.9353
0 0 0 0 1 13.9629
0 0 0 0 1 13.923
0 0 0 0 1 14.1614
0 0 0 0 1 13.8952
0 0 0 0 1 14.1626
0 0 0 0 1 13.969
0 0 0 0 1 14.0404
0 0 0 0 1 14.2249
0 0 0 0 1 14.1021
0 0 0 0 1 14.0049
0 0 0 0 0 14.1624
0 0 0 0 1 14.0257
0 0 0 0 0 14.1273
0 0 0 0 1 14.3315
0 0 0 0 1 14.2351
0 0 0 0 1 14.3408
0 0 0 0 1 14.3728
0 0 0 0 0 14.2368
0 0 0 0 1 14.1548
0 0 0 0 1 14.4481
0 0 0 0 0 14.4813
0 0 0 0 0 8.74649
0 0 0 0 1 8.7819
0 0 0 0 0 8.60726
0 0 0 0 1 8.52871
0 0 0 0 1 8.42452
0 0 0 0 1 8.20447
0 0 0 0 1 8.16052
0 0 0 0 1 8.06573
0 0 0 0 1 7.94828
0 0 0 0 1 7.87896
0 0 0 0 1 7.81075
0 0 0 0 1 7.70211
0 0 0 0 1 7.62619
0 0 0 0 0 7.60315
0 0 0 0 0 7.45186
0 0 0 0 0 7.40757
0 0 0 0 1 7.29499
0 0 0 0 1 7.17791
0 0 0 0 1 7.18372
0 0 0 0 1 7.15966
0 0 0 0 1 7.03641
0 0 0 0 1 7.01389
0 0 0 0 1 6.84375
0 0 0 0 1 6.88938
0 0 0 0 1 6.79119
0 0 0 0 0 6.66029
0 0 0 0 1 6.56394
0 0 0 0 1 6.59312
0 0 0 0 1 6.45808
0 0 0 0 1 6.39146
0 0 0 0 1 6.444
0 0 0 0 1 6.37064
0 0 0 0 1 6.2161
0 0 0 0 1 6.23146
0 0 0 0 1 6.1964
0 0 0 0 1 6.08159
0 0 0 0 0 6.12566
0 0 0 0 1 5.9906
0 0 0 0 1 5.98556
0 0 0 0 1 5.92947
0 0 0 0 1 5.8179
0 0 0 0 0 5.83267
0 0 0 0 1 5.74835
0 0 0 0 1 5.68769
0 0 0 0 1 5.67567
0 0 0 0 1 5.69437
0 0 0 0 1 5.59462
0 0 0 0 1 5.55449
0 0 0 0 1 5.57769
0 0 0 0 1 5.53422
0 0 0 0 1 5.44194
0 0 0 0 1 5.44007
0 0 0 0 1 5.34662
0 0 0 0 1 5.37342
0 0 0 0 1 5.27035
0 0 0 0 0 5.2439
0 0 0 0 1 5.24144
0 0 0 0 1 5.14539
0 0 0 0 1 5.13775
0 0 0 0 0 5.16056
0 0 0 0 1 5.1032
0 0 0 0 1 5.04449
0 0 0 0 1 5.00952
0 0 0 0 1 5.01129
0 0 0 0 0 4.91373
0 0 0 0 1 4.86629
0 0 0 0 1 4.93145
0 0 0 0 1 4.88722
0 0 0 0 0 4.80132
0 0 0 0 0 4.85833
0 0 0 0 1 4.78808
0 0 0 0 1 4.85888
0 0 0 0 1 4.87671
0 0 0 0 1 4.85941
0 0 0 0 0 4.87733
0 0 0 0 1 4.93464
0 0 0 0 0 4.88394
0 0 0 0 0 4.90591
0 0 0 0 1 4.91426
0 0 0 0 1 5.0222
0 0 0 0 1 4.96984
0 0 0 0 0 4.97343
0 0 0 0 1 4.99713
0 0 0 0 1 5.07144
0 0 0 0 0 5.07029
0 0 0 0 1 5.0996
0 0 0 0 1 5.15461
0 0 0 0 1 5.16389
0 0 0 0 1 5.14613
0 0 0 0 1 5.1966
0 0 0 0 1 5.19048
0 0 0 0 1 5.21544
0 0 0 0 1 5.19882
0 0 0 0 1 5.18725
0 0 0 0 1 5.2491
0 0 0 0 1 5.30608
0 0 0 0 0 5.27486
0 0 0 0 1 5.28974
0 0 0 0 0 5.36878
0 0 0 0 1 5.31965
0 0 0 0 0 5.36698
0 0 0 0 1 5.45399
0 0 0 0 1 5.45864
0 0 0 0 1 5.49051
0 0 0 0 1 5.42951
0 0 0 0 1 5.54537
0 0 0 0 1 5.55012
0 0 0 0 0 5.52863
0 0 0 0 0 5.53873
0 0 0 0 1 5.57273
0 0 0 0 1 5.59976
0 0 0 0 1 5.68497
0 0 0 0 1 5.7068
0 0 0 0 0 5.64479
0 0 0 0 1 5.74657
0 0 0 0 1 5.80473
0 0 0 0 1 5.8344
0 0 0 0 1 5.78865
0 0 0 0 1 5.89246
0 0 0 0 0 5.85214
0 0 0 0 1 5.935
0 0 0 0 0 5.9652
0 0 0 0 1 5.90621
0 0 0 0 0 6.0439
0 0 0 0 1 5.97831
0 0 0 0 1 6.06903
0 0 0 0 1 6.11186
0 0 0 0 1 6.09997
0 0 0 0 1 6.08776
0 0 0 0 0 6.20018
0 0 0 0 1 9.55711
0 0 0 0 1 9.5003
0 0 0 0 1 9.40284
0 0 0 0 1 9.34366
0 0 0 0 0 9.45698
0 0 0 0 1 9.36991
0 0 0 0 1 9.31133
0 0 0 0 1 9.20336
0 0 0 0 1 9.28783
0 0 0 0 1 9.2577
0 0 0 0 1 9.10813
0 0 0 0 1 9.09708
0 0 0 0 1 9.13178
0 0 0 0 1 9.16626
0 0 0 0 1 9.11876
0 0 0 0 1 8.99913
0 0 0 0 1 9.06076
0 0 0 0 0 8.93875
0 0 0 0 1 8.90152
0 0 0 0 1 8.87907
0 0 0 0 1 8.99394
0 0 0 0 0 8.82348
0 0 0 0 1 8.84918
0 0 0 0 1 8.91009
0 0 0 0 1 8.74695
0 0 0 0 1 8.71121
0 0 0 0 1 8.81592
0 0 0 0 1 8.76475
0 0 0 0 1 8.71189
0 0 0 0 1 8.70814
0 0 0 0 1 8.7252
0 0 0 0 1 8.64364
0 0 0 0 0 8.63502
0 0 0 0 1 8.59722
0 0 0 0 1 8.63179
0 0 0 0 1 8.48301
0 0 0 0 0 8.552
0 0 0 0 0 8.48093
0 0 0 0 1 8.42723
0 0 0 0 1 8.42468
0 0 0 0 1 8.47293
0 0 0 0 1 8.4029
0 0 0 0 1 8.37058
0 0 0 0 1 8.37681
0 0 0 0 0 8.39146
0 0 0 0 1 8.36432
0 0 0 0 1 8.32069
0 0 0 0 1 8.39748
0 0 0 0 0 8.2712
0 0 0 0 1 8.28626
0 0 0 0 1 8.33062
0 0 0 0 0 8.21369
0 0 0 0 0 8.14671
0 0 0 0 0 8.24433
0 0 0 0 1 8.25148
0 0 0 0 1 8.23416
0 0 0 0 1 8.20068
0 0 0 0 1 8.11043
0 0 0 0 1 8.16692
0 0 0 0 0 8.15028
0 0 0 0 1 8.0124
0 0 0 0 1 8.14173
0 0 0 0 1 7.98044
0 0 0 0 1 7.96862
0 0 0 0 1 7.98514
0 0 0 0 1 7.96162
0 0 0 0 0 7.9703
0 0 0 0 1 8.019
0 0 0 0 0 8.0156
0 0 0 0 1 7.92892
0 0 0 0 1 7.95392
0 0 0 0 1 7.90757
0 0 0 0 0 7.98026
0 0 0 0 1 7.89831
0 0 0 0 1 7.91576
0 0 0 0 1 7.93328
0 0 0 0 1 7.89926
0 0 0 0 0 7.79468
0 0 0 0 1 7.78129
0 0 0 0 1 7.90903
0 0 0 0 0 7.80195
0 0 0 0 1 7.76881
0 0 0 0 1 7.81062
0 0 0 0 1 7.86022
0 0 0 0 1 7.71086
0 0 0 0 0 7.72969
0 0 0 0 1 7.76713
