0 0 0 0 1 5.50851
0 0 0 0 1 5.562
0 0 0 0 1 5.52117
0 0 0 0 1 5.60538
0 0 0 0 1 5.55912
0 0 0 0 1 5.59667
0 0 0 0 0 5.54398
0 0 0 0 0 5.55372
0 0 0 0 1 5.65007
0 0 0 0 1 5.67145
0 0 0 0 1 5.64234
0 0 0 0 0 5.65271
0 0 0 0 1 5.59192
0 0 0 0 1 5.69861
0 0 0 0 1 5.71508
0 0 0 0 1 5.69965
0 0 0 0 0 5.7334
0 0 0 0 1 5.72179
0 0 0 0 1 5.71593
0 0 0 0 0 5.65685
0 0 0 0 1 5.73112
0 0 0 0 1 5.70826
0 0 0 0 1 5.76011
0 0 0 0 1 5.77195
0 0 0 0 1 5.75107
0 0 0 0 0 5.80352
0 0 0 0 1 5.81573
0 0 0 0 1 5.79904
0 0 0 0 1 5.77654
0 0 0 0 1 5.85895
0 0 0 0 1 5.88337
0 0 0 0 1 5.82174
0 0 0 0 1 5.88886
0 0 0 0 0 5.86078
0 0 0 0 1 5.8503
0 0 0 0 1 5.94012
0 0 0 0 1 5.96537
0 0 0 0 1 5.98488
0 0 0 0 1 5.98671
0 0 0 0 1 5.94695
0 0 0 0 1 5.96075
0 0 0 0 0 5.93879
0 0 0 0 0 6.00199
0 0 0 0 1 5.96812
0 0 0 0 1 6.04848
0 0 0 0 1 6.03879
0 0 0 0 1 6.08234
0 0 0 0 1 6.02425
0 0 0 0 1 6.14227
0 0 0 0 0 6.13289
0 0 0 0 1 6.1235
0 0 0 0 1 6.12023
0 0 0 0 1 6.1958
0 0 0 0 1 6.14452
0 0 0 0 1 6.16606
0 0 0 0 1 6.21868
0 0 0 0 1 6.2654
0 0 0 0 0 6.26169
0 0 0 0 1 6.19653
0 0 0 0 1 6.24366
0 0 0 0 1 6.29645
0 0 0 0 0 6.34417
0 0 0 0 1 6.24703
0 0 0 0 1 6.37714
0 0 0 0 0 6.33669
0 0 0 0 1 6.327
0 0 0 0 1 6.38831
0 0 0 0 1 6.36596
0 0 0 0 1 6.4085
0 0 0 0 1 6.43122
0 0 0 0 1 6.39667
0 0 0 0 1 6.43246
0 0 0 0 1 6.50823
0 0 0 0 1 6.45403
0 0 0 0 1 6.52372
0 0 0 0 1 6.52757
0 0 0 0 0 6.53802
0 0 0 0 1 6.64163
0 0 0 0 1 6.57964
0 0 0 0 0 6.63689
0 0 0 0 0 6.72123
0 0 0 0 0 6.65938
0 0 0 0 1 6.7381
0 0 0 0 1 6.71574
0 0 0 0 1 6.80811
0 0 0 0 1 6.74505
0 0 0 0 0 6.77002
0 0 0 0 0 6.78146
0 0 0 0 1 6.82725
0 0 0 0 1 6.93531
0 0 0 0 0 6.96117
0 0 0 0 1 6.97373
0 0 0 0 1 6.93022
0 0 0 0 1 6.97014
0 0 0 0 1 6.96822
0 0 0 0 1 7.07882
0 0 0 0 1 7.07674
0 0 0 0 1 7.08917
0 0 0 0 0 7.10162
0 0 0 0 1 7.22134
0 0 0 0 1 7.19116
0 0 0 0 1 7.13186
0 0 0 0 1 7.21622
0 0 0 0 1 7.27982
0 0 0 0 0 7.25586
0 0 0 0 1 7.33461
0 0 0 0 0 7.42086
0 0 0 0 1 7.33118
0 0 0 0 1 7.39557
0 0 0 0 1 7.49768
0 0 0 0 1 7.54852
0 0 0 0 1 7.47153
0 0 0 0 1 7.49937
0 0 0 0 0 7.51971
0 0 0 0 1 7.64719
0 0 0 0 0 7.67574
0 0 0 0 1 7.66592
0 0 0 0 1 7.68672
0 0 0 0 1 7.74634
0 0 0 0 1 7.72054
0 0 0 0 1 7.78882
0 0 0 0 1 7.91208
0 0 0 0 1 7.96476
0 0 0 0 0 7.91485
0 0 0 0 1 8.05544
0 0 0 0 0 8.09329
0 0 0 0 1 8.1232
0 0 0 0 1 8.18559
0 0 0 0 0 8.22345
0 0 0 0 1 8.13088
0 0 0 0 1 8.25056
0 0 0 0 1 8.19736
0 0 0 0 1 8.26877
0 0 0 0 1 8.44036
0 0 0 0 1 8.36117
0 0 0 0 1 8.52604
0 0 0 0 1 8.53079
0 0 0 0 0 8.62076
0 0 0 0 1 8.60887
0 0 0 0 1 8.69087
0 0 0 0 1 8.62493
0 0 0 0 0 8.79463
0 0 0 0 1 8.8596
0 0 0 0 1 8.90872
0 0 0 0 1 8.95645
0 0 0 0 1 8.94161
0 0 0 0 1 9.09719
0 0 0 0 1 9.00042
0 0 0 0 1 9.19467
0 0 0 0 1 9.13306
0 0 0 0 1 9.27314
0 0 0 0 0 9.22874
0 0 0 0 1 9.37116
0 0 0 0 1 9.37164
0 0 0 0 1 9.55236
0 0 0 0 1 9.54325
0 0 0 0 0 9.66756
0 0 0 0 0 9.6879
0 0 0 0 1 9.74545
0 0 0 0 1 9.74437
0 0 0 0 0 9.75239
0 0 0 0 1 9.9893
0 0 0 0 1 10.0062
0 0 0 0 1 10.0843
0 0 0 0 1 10.0498
0 0 0 0 1 10.2297
0 0 0 0 1 10.3687
0 0 0 0 0 10.2913
0 0 0 0 1 10.464
0 0 0 0 1 10.4265
0 0 0 0 0 10.6413
0 0 0 0 1 10.6538
0 0 0 0 1 10.6675
0 0 0 0 0 10.8191
0 0 0 0 1 9.32451
0 0 0 0 1 9.22608
0 0 0 0 1 9.20704
0 0 0 0 0 9.14647
0 0 0 0 0 9.29377
0 0 0 0 1 9.23342
0 0 0 0 1 9.11384
0 0 0 0 1 9.22833
0 0 0 0 1 9.1734
0 0 0 0 1 9.2054
0 0 0 0 1 9.1691
0 0 0 0 0 8.99246
0 0 0 0 0 9.12897
0 0 0 0 1 9.12041
0 0 0 0 0 8.93627
0 0 0 0 1 9.01829
0 0 0 0 1 9.05988
0 0 0 0 1 8.91745
0 0 0 0 1 8.90981
0 0 0 0 1 9.00051
0 0 0 0 0 8.8641
0 0 0 0 0 8.91025
0 0 0 0 0 8.85869
0 0 0 0 1 8.81626
0 0 0 0 0 8.93329
0 0 0 0 1 8.7548
0 0 0 0 0 8.88931
0 0 0 0 1 8.85636
0 0 0 0 1 8.77095
0 0 0 0 1 8.75606
0 0 0 0 1 8.68007
0 0 0 0 0 8.76678
0 0 0 0 1 8.78719
0 0 0 0 1 8.73803
0 0 0 0 1 8.73259
0 0 0 0 1 8.58848
0 0 0 0 1 8.67014
0 0 0 0 1 8.70843
0 0 0 0 1 8.67764
0 0 0 0 0 8.70742
0 0 0 0 1 8.53064
0 0 0 0 1 8.63816
0 0 0 0 0 8.61675
0 0 0 0 0 8.50984
0 0 0 0 0 8.58308
0 0 0 0 1 8.46824
0 0 0 0 1 8.519
0 0 0 0 1 8.45592
0 0 0 0 1 8.62701
0 0 0 0 1 8.64774
0 0 0 0 1 8.73625
0 0 0 0 1 9.04839
0 0 0 0 0 9.00234
0 0 0 0 0 9.24678
0 0 0 0 1 9.40075
0 0 0 0 1 9.62208
0 0 0 0 0 9.71009
0 0 0 0 1 9.80595
0 0 0 0 1 10.0899
0 0 0 0 1 10.1027
0 0 0 0 0 10.3691
0 0 0 0 1 10.6373
0 0 0 0 1 10.7053
0 0 0 0 0 10.9965
0 0 0 0 0 11.0794
0 0 0 0 1 11.3267
0 0 0 0 1 11.6663
0 0 0 0 1 11.7014
0 0 0 0 1 11.9939
0 0 0 0 1 12.3209
0 0 0 0 1 12.6108
0 0 0 0 1 12.7833
0 0 0 0 1 22.9328
0 0 0 0 1 22.732
0 0 0 0 1 22.4622
0 0 0 0 1 22.8071
0 0 0 0 1 22.6762
0 0 0 0 1 22.5005
0 0 0 0 1 22.5518
0 0 0 0 1 22.5356
0 0 0 0 1 22.4972
0 0 0 0 0 22.7301
0 0 0 0 1 22.7827
0 0 0 0 1 22.5877
0 0 0 0 1 22.3271
0 0 0 0 1 22.7413
0 0 0 0 1 22.6829
0 0 0 0 1 22.4001
0 0 0 0 1 22.4102
0 0 0 0 1 22.6004
0 0 0 0 0 22.9676
0 0 0 0 1 24.0032
0 0 0 0 0 24.892
0 0 0 0 1 26.4482
0 0 0 0 1 36.1627
0 0 0 0 0 36.5482
0 0 0 0 0 36.352
0 0 0 0 1 36.1565
0 0 0 0 0 36.3198
0 0 0 0 1 38.141
0 0 0 0 1 52.1708
0 0 0 0 1 51.895
0 0 0 0 0 51.673
0 0 0 0 1 51.8156
0 0 0 0 0 52.3232
0 0 0 0 1 56.2724
0 0 0 0 1 64.8733
0 0 0 0 1 69.2459
0 0 0 0 1 81.8918
0 0 0 0 0 5.0601
0 0 0 0 0 5.04507
0 0 0 0 0 5.03505
0 0 0 0 0 5.02002
0 0 0 0 0 5.02503
0 0 0 0 0 4.96491
0 0 0 0 0 4.97994
0 0 0 0 0 5.04507
0 0 0 0 0 5.04006
0 0 0 0 0 4.98495
0 0 0 0 0 4.97994
0 0 0 0 0 5.02503
0 0 0 0 1 87.0653
0 0 0 0 1 87.5123
0 0 0 0 1 75.0698
0 0 0 0 1 63.7113
0 0 0 0 1 60.8291
0 0 0 0 1 60.7797
0 0 0 0 1 60.61
0 0 0 0 0 51.5192
0 0 0 0 0 47.7472
0 0 0 0 1 48.3835
0 0 0 0 1 39.2349
0 0 0 0 1 37.0407
0 0 0 0 1 36.0245
0 0 0 0 0 35.6087
0 0 0 0 0 35.7278
0 0 0 0 1 35.5272
0 0 0 0 1 28.3306
0 0 0 0 1 26.8303
0 0 0 0 1 25.793
0 0 0 0 1 24.393
0 0 0 0 1 24.4046
0 0 0 0 1 24.8109
0 0 0 0 1 24.6007
0 0 0 0 1 24.8358
0 0 0 0 0 24.5287
0 0 0 0 1 24.5921
0 0 0 0 1 24.5572
0 0 0 0 1 24.498
0 0 0 0 1 24.9325
0 0 0 0 1 18.3455
0 0 0 0 1 17.7035
0 0 0 0 1 17.1058
0 0 0 0 1 16.8783
0 0 0 0 1 16.1469
0 0 0 0 0 15.9907
0 0 0 0 1 15.5783
0 0 0 0 1 15.0758
0 0 0 0 1 14.6392
0 0 0 0 1 14.4952
0 0 0 0 1 14.2118
0 0 0 0 1 13.9981
0 0 0 0 1 13.9266
0 0 0 0 0 13.897
0 0 0 0 1 13.9093
0 0 0 0 1 13.8383
0 0 0 0 1 14.0624
0 0 0 0 1 13.9918
0 0 0 0 1 13.9353
0 0 0 0 1 14.0888
0 0 0 0 1 13.895
0 0 0 0 0 14.1333
0 0 0 0 1 13.9794
0 0 0 0 1 14.1345
0 0 0 0 1 14.1519
0 0 0 0 1 14.2094
0 0 0 0 1 14.1544
0 0 0 0 0 14.0316
0 0 0 0 1 13.9908
0 0 0 0 0 14.0634
0 0 0 0 1 14.224
0 0 0 0 1 14.3258
0 0 0 0 1 14.0901
0 0 0 0 0 14.0786
0 0 0 0 0 14.3123
0 0 0 0 1 14.3301
0 0 0 0 1 14.3368
0 0 0 0 1 14.2835
0 0 0 0 1 14.2476
0 0 0 0 0 14.4382
0 0 0 0 1 8.78179
0 0 0 0 1 8.68607
0 0 0 0 1 8.68464
0 0 0 0 1 8.40978
0 0 0 0 1 8.43291
0 0 0 0 1 8.32049
0 0 0 0 1 8.14413
0 0 0 0 1 8.08191
0 0 0 0 1 7.91629
0 0 0 0 0 7.94218
0 0 0 0 1 7.84202
0 0 0 0 0 7.76391
0 0 0 0 0 7.61855
0 0 0 0 1 7.51246
0 0 0 0 0 7.46681
0 0 0 0 1 7.42237
0 0 0 0 1 7.29499
0 0 0 0 0 7.22136
0 0 0 0 1 7.19806
0 0 0 0 1 7.07451
0 0 0 0 1 6.96619
0 0 0 0 0 6.92343
0 0 0 0 1 6.9126
0 0 0 0 1 6.79389
0 0 0 0 1 6.79119
0 0 0 0 1 6.70045
0 0 0 0 1 6.67002
0 0 0 0 1 6.51432
0 0 0 0 1 6.51661
0 0 0 0 1 6.41081
0 0 0 0 1 6.45038
0 0 0 0 1 6.35798
0 0 0 0 1 6.24121
0 0 0 0 1 6.23769
0 0 0 0 1 6.14702
0 0 0 0 1 6.08159
0 0 0 0 1 6.04075
0 0 0 0 0 6.03877
0 0 0 0 1 5.94378
0 0 0 0 1 5.95909
0 0 0 0 1 5.84139
0 0 0 0 1 5.80354
0 0 0 0 0 5.83509
0 0 0 0 0 5.72787
0 0 0 0 1 5.69273
0 0 0 0 1 5.62665
0 0 0 0 1 5.56662
0 0 0 0 1 5.51553
0 0 0 0 1 5.5556
0 0 0 0 1 5.46299
0 0 0 0 0 5.39845
0 0 0 0 1 5.42927
0 0 0 0 1 5.34125
0 0 0 0 1 5.35745
0 0 0 0 1 5.34443
0 0 0 0 1 5.28065
0 0 0 0 1 5.1945
0 0 0 0 1 5.18684
0 0 0 0 1 5.11716
0 0 0 0 1 5.06338
0 0 0 0 0 5.11842
0 0 0 0 0 5.04953
0 0 0 0 1 5.05466
0 0 0 0 1 4.94155
0 0 0 0 1 4.97312
0 0 0 0 1 4.89578
0 0 0 0 1 4.8338
0 0 0 0 1 4.81921
0 0 0 0 1 4.83509
0 0 0 0 1 4.79092
0 0 0 0 1 4.81222
0 0 0 0 1 4.8395
0 0 0 0 1 4.87184
0 0 0 0 1 4.85454
0 0 0 0 1 4.88222
0 0 0 0 1 4.89045
0 0 0 0 0 4.94801
0 0 0 0 1 4.97508
0 0 0 0 1 4.92418
0 0 0 0 0 5.00726
0 0 0 0 1 5.02473
0 0 0 0 0 5.05357
0 0 0 0 1 4.99713
0 0 0 0 1 5.06639
0 0 0 0 0 5.09055
0 0 0 0 1 5.06401
0 0 0 0 1 5.11889
0 0 0 0 1 5.09217
0 0 0 0 1 5.11018
0 0 0 0 1 5.18113
0 0 0 0 1 5.20601
0 0 0 0 1 5.22583
0 0 0 0 1 5.17796
0 0 0 0 1 5.19248
0 0 0 0 1 5.21757
0 0 0 0 1 5.32718
0 0 0 0 1 5.35438
0 0 0 0 0 5.27378
0 0 0 0 0 5.31536
0 0 0 0 1 5.41082
0 0 0 0 1 5.33468
0 0 0 0 1 5.43776
0 0 0 0 1 5.42605
0 0 0 0 1 5.49051
0 0 0 0 1 5.50614
0 0 0 0 1 5.48486
0 0 0 0 0 5.57221
0 0 0 0 1 5.55638
0 0 0 0 0 5.58888
0 0 0 0 1 5.57833
0 0 0 0 0 5.57727
0 0 0 0 1 5.63411
0 0 0 0 1 5.62738
0 0 0 0 1 5.6904
0 0 0 0 0 5.69506
0 0 0 0 1 5.71269
0 0 0 0 1 5.76501
0 0 0 0 1 5.82352
0 0 0 0 1 5.88663
0 0 0 0 1 5.83455
0 0 0 0 1 5.90553
0 0 0 0 1 5.87634
0 0 0 0 1 5.99552
0 0 0 0 0 5.93619
0 0 0 0 1 6.06251
0 0 0 0 1 6.08716
0 0 0 0 0 6.09971
0 0 0 0 0 6.06334
0 0 0 0 1 6.17368
0 0 0 0 1 6.21253
0 0 0 0 1 9.55711
0 0 0 0 0 9.38652
0 0 0 0 1 9.37449
0 0 0 0 1 9.42843
0 0 0 0 1 9.35378
0 0 0 0 1 9.3325
0 0 0 0 1 9.35793
0 0 0 0 1 9.24055
0 0 0 0 1 9.34339
0 0 0 0 0 9.1654
0 0 0 0 1 9.23694
0 0 0 0 1 9.10625
0 0 0 0 1 9.20491
0 0 0 0 1 9.06603
0 0 0 0 1 9.06426
0 0 0 0 1 9.09872
0 0 0 0 1 9.00661
0 0 0 0 1 9.04677
0 0 0 0 1 9.0092
0 0 0 0 0 8.93277
0 0 0 0 1 8.94933
0 0 0 0 1 8.91243
0 0 0 0 1 8.77824
0 0 0 0 1 8.83054
0 0 0 0 1 8.8704
0 0 0 0 1 8.72
0 0 0 0 1 8.78963
0 0 0 0 1 8.79974
0 0 0 0 1 8.677
0 0 0 0 1 8.74293
0 0 0 0 0 8.66449
0 0 0 0 1 8.73881
0 0 0 0 0 8.56601
0 0 0 0 1 8.5714
0 0 0 0 1 8.49451
0 0 0 0 1 8.56861
0 0 0 0 1 8.59467
0 0 0 0 1 8.54053
0 0 0 0 1 8.52067
0 0 0 0 1 8.39925
0 0 0 0 1 8.38837
0 0 0 0 1 8.39446
0 0 0 0 1 8.34534
0 0 0 0 0 8.41039
0 0 0 0 1 8.41658
0 0 0 0 1 8.42281
0 0 0 0 0 8.40407
0 0 0 0 1 8.36422
0 0 0 0 1 8.24631
0 0 0 0 0 8.22831
0 0 0 0 1 8.30583
0 0 0 0 1 8.17246
0 0 0 0 0 8.30306
0 0 0 0 1 8.14579
0 0 0 0 1 8.24329
0 0 0 0 1 8.11969
0 0 0 0 0 8.19252
0 0 0 0 1 8.22443
0 0 0 0 1 8.05315
0 0 0 0 0 8.11784
0 0 0 0 1 8.15808
0 0 0 0 0 8.1175
0 0 0 0 1 8.04493
0 0 0 0 1 8.07326
0 0 0 0 1 7.98514
0 0 0 0 0 8.09792
0 0 0 0 1 7.9463
0 0 0 0 1 8.02699
0 0 0 0 1 8.0156
0 0 0 0 1 7.97668
0 0 0 0 1 7.88241
0 0 0 0 1 7.85998
0 0 0 0 1 7.99609
0 0 0 0 1 7.8904
0 0 0 0 1 7.93944
0 0 0 0 1 7.9254
0 0 0 0 0 7.87566
0 0 0 0 1 7.79468
0 0 0 0 1 7.82835
0 0 0 0 1 7.84638
0 0 0 0 1 7.80977
0 0 0 0 1 7.761
0 0 0 0 1 7.82621
0 0 0 0 0 7.7357
0 0 0 0 1 7.76527
0 0 0 0 1 7.7685
0 0 0 0 1 7.81364
