0 0 0 0 1 5.55844
0 0 0 0 1 5.50088
0 0 0 0 1 5.58796
0 0 0 0 1 5.59424
0 0 0 0 1 5.55912
0 0 0 0 1 5.6414
0 0 0 0 1 5.55517
0 0 0 0 0 5.57614
0 0 0 0 1 5.65007
0 0 0 0 1 5.66583
0 0 0 0 1 5.61418
0 0 0 0 0 5.61886
0 0 0 0 1 5.671
0 0 0 0 1 5.66465
0 0 0 0 1 5.61302
0 0 0 0 1 5.6883
0 0 0 0 1 5.74478
0 0 0 0 1 5.75598
0 0 0 0 1 5.76161
0 0 0 0 1 5.66828
0 0 0 0 1 5.73685
0 0 0 0 0 5.72547
0 0 0 0 1 5.77736
0 0 0 0 1 5.78347
0 0 0 0 0 5.82605
0 0 0 0 1 5.76884
0 0 0 0 1 5.82152
0 0 0 0 1 5.79904
0 0 0 0 1 5.75909
0 0 0 0 0 5.88227
0 0 0 0 1 5.87753
0 0 0 0 1 5.82759
0 0 0 0 1 5.83027
0 0 0 0 1 5.93125
0 0 0 0 1 5.8503
0 0 0 0 1 5.94012
0 0 0 0 0 5.85304
0 0 0 0 1 5.89599
0 0 0 0 0 5.96296
0 0 0 0 0 5.91123
0 0 0 0 0 6.02042
0 0 0 0 1 5.93879
0 0 0 0 1 6.02595
0 0 0 0 1 5.96211
0 0 0 0 1 5.99431
0 0 0 0 1 5.99656
0 0 0 0 1 6.08839
0 0 0 0 0 6.10918
0 0 0 0 1 6.13011
0 0 0 0 1 6.13898
0 0 0 0 1 6.1235
0 0 0 0 1 6.09572
0 0 0 0 1 6.15277
0 0 0 0 1 6.1753
0 0 0 0 1 6.22161
0 0 0 0 1 6.13824
0 0 0 0 0 6.14133
0 0 0 0 1 6.20567
0 0 0 0 1 6.18405
0 0 0 0 1 6.19987
0 0 0 0 0 6.3404
0 0 0 0 1 6.24977
0 0 0 0 1 6.25334
0 0 0 0 0 6.28225
0 0 0 0 1 6.36841
0 0 0 0 1 6.42248
0 0 0 0 1 6.33087
0 0 0 0 1 6.39798
0 0 0 0 1 6.45345
0 0 0 0 1 6.46988
0 0 0 0 1 6.43544
0 0 0 0 1 6.53621
0 0 0 0 1 6.56675
0 0 0 0 1 6.57789
0 0 0 0 1 6.56294
0 0 0 0 1 6.58005
0 0 0 0 1 6.64337
0 0 0 0 1 6.63502
0 0 0 0 1 6.69228
0 0 0 0 1 6.62359
0 0 0 0 0 6.68118
0 0 0 0 1 6.71961
0 0 0 0 1 6.67099
0 0 0 0 1 6.75616
0 0 0 0 1 6.72698
0 0 0 0 1 6.77898
0 0 0 0 1 6.879
0 0 0 0 1 6.85666
0 0 0 0 0 6.82725
0 0 0 0 1 6.88022
0 0 0 0 1 6.8644
0 0 0 0 1 6.98066
0 0 0 0 0 6.97197
0 0 0 0 1 7.05394
0 0 0 0 0 7.05936
0 0 0 0 1 6.96623
0 0 0 0 1 7.11209
0 0 0 0 1 7.06079
0 0 0 0 1 7.05888
0 0 0 0 1 7.09264
0 0 0 0 1 7.16963
0 0 0 0 1 7.1967
0 0 0 0 1 7.2886
0 0 0 0 1 7.19991
0 0 0 0 0 7.35805
0 0 0 0 1 7.27599
0 0 0 0 1 7.43558
0 0 0 0 1 7.41977
0 0 0 0 0 7.46975
0 0 0 0 1 7.40079
0 0 0 0 1 7.40638
0 0 0 0 0 7.47905
0 0 0 0 1 7.51447
0 0 0 0 1 7.53488
0 0 0 0 1 7.65481
0 0 0 0 1 7.67574
0 0 0 0 1 7.71205
0 0 0 0 1 7.77943
0 0 0 0 1 7.82396
0 0 0 0 1 7.87651
0 0 0 0 1 7.79665
0 0 0 0 1 7.80197
0 0 0 0 1 7.96476
0 0 0 0 1 7.99431
0 0 0 0 1 7.9995
0 0 0 0 1 7.95679
0 0 0 0 0 7.99413
0 0 0 0 1 8.0235
0 0 0 0 1 8.1175
0 0 0 0 1 8.19639
0 0 0 0 1 8.15175
0 0 0 0 1 8.28844
0 0 0 0 0 8.28541
0 0 0 0 1 8.38181
0 0 0 0 1 8.48735
0 0 0 0 1 8.5345
0 0 0 0 1 8.5393
0 0 0 0 1 8.49247
0 0 0 0 1 8.62605
0 0 0 0 0 8.71679
0 0 0 0 1 8.6684
0 0 0 0 0 8.73344
0 0 0 0 1 8.81561
0 0 0 0 1 8.90872
0 0 0 0 1 8.95645
0 0 0 0 0 9.00426
0 0 0 0 1 8.95308
0 0 0 0 1 9.03668
0 0 0 0 1 9.04887
0 0 0 0 1 9.07805
0 0 0 0 1 9.16242
0 0 0 0 1 9.21946
0 0 0 0 1 9.32449
0 0 0 0 1 9.44684
0 0 0 0 1 9.38212
0 0 0 0 1 9.6004
0 0 0 0 1 9.54288
0 0 0 0 1 9.71685
0 0 0 0 0 9.78432
0 0 0 0 1 9.72481
0 0 0 0 1 9.79179
0 0 0 0 1 9.9893
0 0 0 0 1 10.0861
0 0 0 0 1 9.97375
0 0 0 0 1 10.1511
0 0 0 0 1 10.2603
0 0 0 0 1 10.3173
0 0 0 0 1 10.3224
0 0 0 0 1 10.3285
0 0 0 0 1 10.458
0 0 0 0 1 10.5989
0 0 0 0 1 10.6965
0 0 0 0 0 10.6675
0 0 0 0 1 10.9057
0 0 0 0 1 9.35243
0 0 0 0 1 9.2632
0 0 0 0 0 9.32745
0 0 0 0 1 9.18343
0 0 0 0 1 9.18313
0 0 0 0 1 9.26101
0 0 0 0 1 9.14137
0 0 0 0 1 9.21002
0 0 0 0 1 9.18254
0 0 0 0 1 9.04134
0 0 0 0 1 9.05994
0 0 0 0 1 9.14672
0 0 0 0 1 9.1018
0 0 0 0 1 8.94866
0 0 0 0 1 9.03546
0 0 0 0 1 9.08129
0 0 0 0 0 9.03294
0 0 0 0 1 8.9533
0 0 0 0 1 9.01716
0 0 0 0 1 8.89337
0 0 0 0 1 8.99773
0 0 0 0 0 8.92804
0 0 0 0 1 8.88532
0 0 0 0 1 8.83398
0 0 0 0 1 8.78293
0 0 0 0 1 8.74597
0 0 0 0 0 8.75716
0 0 0 0 1 8.70685
0 0 0 0 1 8.80607
0 0 0 0 1 8.79988
0 0 0 0 1 8.66257
0 0 0 0 0 8.77551
0 0 0 0 1 8.72617
0 0 0 0 1 8.75544
0 0 0 0 1 8.74128
0 0 0 0 1 8.74463
0 0 0 0 1 8.70479
0 0 0 0 1 8.60465
0 0 0 0 1 8.66037
0 0 0 0 0 8.5781
0 0 0 0 1 8.65976
0 0 0 0 1 8.63816
0 0 0 0 1 8.6425
0 0 0 0 0 8.64696
0 0 0 0 1 8.54885
0 0 0 0 1 8.58788
0 0 0 0 0 8.54461
0 0 0 0 1 8.59231
0 0 0 0 1 8.5584
0 0 0 0 1 8.66514
0 0 0 0 0 8.88627
0 0 0 0 1 8.94088
0 0 0 0 1 9.04781
0 0 0 0 1 9.17288
0 0 0 0 1 9.30693
0 0 0 0 1 9.4695
0 0 0 0 1 9.73913
0 0 0 0 1 9.75672
0 0 0 0 1 10.0599
0 0 0 0 1 10.2045
0 0 0 0 1 10.3691
0 0 0 0 1 10.574
0 0 0 0 1 10.8234
0 0 0 0 1 10.9746
0 0 0 0 1 11.0348
0 0 0 0 1 11.463
0 0 0 0 1 11.5272
0 0 0 0 0 11.7605
0 0 0 0 1 12.1145
0 0 0 0 0 12.2348
0 0 0 0 1 12.6234
0 0 0 0 1 12.809
0 0 0 0 0 22.7737
0 0 0 0 0 22.8229
0 0 0 0 1 22.621
0 0 0 0 1 22.4897
0 0 0 0 1 22.7215
0 0 0 0 0 22.7043
0 0 0 0 0 22.7328
0 0 0 0 0 22.8294
0 0 0 0 1 22.5198
0 0 0 0 1 22.5044
0 0 0 0 1 22.7376
0 0 0 0 1 22.768
0 0 0 0 1 22.3271
0 0 0 0 1 22.6963
0 0 0 0 0 22.5254
0 0 0 0 0 22.6025
0 0 0 0 1 22.7024
0 0 0 0 1 22.241
0 0 0 0 1 23.1764
0 0 0 0 1 23.9308
0 0 0 0 1 25.319
0 0 0 0 1 26.055
0 0 0 0 1 36.2719
0 0 0 0 1 36.1478
0 0 0 0 1 36.3156
0 0 0 0 1 36.1565
0 0 0 0 0 36.3562
0 0 0 0 1 38.8345
0 0 0 0 1 52.5874
0 0 0 0 0 52.1553
0 0 0 0 1 51.621
0 0 0 0 0 52.3879
0 0 0 0 1 52.4273
0 0 0 0 1 56.4979
0 0 0 0 1 65.2007
0 0 0 0 1 70.3605
0 0 0 0 1 82.6281
0 0 0 0 0 5.0601
0 0 0 0 0 4.98996
0 0 0 0 0 4.96491
0 0 0 0 0 4.99497
0 0 0 0 0 5.04507
0 0 0 0 0 5.05509
0 0 0 0 0 5.02002
0 0 0 0 0 4.99497
0 0 0 0 0 5.03004
0 0 0 0 0 4.98996
0 0 0 0 0 4.99497
0 0 0 0 0 5.05509
0 0 0 0 0 87.766
0 0 0 0 1 87.5123
0 0 0 0 1 75.2952
0 0 0 0 1 63.7113
0 0 0 0 1 60.2843
0 0 0 0 1 60.1138
0 0 0 0 1 61.0339
0 0 0 0 1 51.8286
0 0 0 0 1 48.371
0 0 0 0 1 48.4315
0 0 0 0 1 38.9993
0 0 0 0 1 36.7093
0 0 0 0 0 35.8105
0 0 0 0 0 36.0368
0 0 0 0 1 35.6207
0 0 0 0 1 36.0271
0 0 0 0 1 28.0498
0 0 0 0 1 26.6695
0 0 0 0 0 25.3827
0 0 0 0 0 24.393
0 0 0 0 1 24.5278
0 0 0 0 0 24.4414
0 0 0 0 0 24.8965
0 0 0 0 1 24.4165
0 0 0 0 1 24.4547
0 0 0 0 0 24.6662
0 0 0 0 1 24.6066
0 0 0 0 0 24.498
0 0 0 0 1 24.8088
0 0 0 0 1 18.2727
0 0 0 0 1 17.7742
0 0 0 0 0 17.0886
0 0 0 0 1 16.6106
0 0 0 0 1 16.3262
0 0 0 0 0 15.9113
0 0 0 0 1 15.5319
0 0 0 0 0 15.1514
0 0 0 0 1 14.9048
0 0 0 0 1 14.4086
0 0 0 0 1 14.1131
0 0 0 0 1 14.0259
0 0 0 0 1 13.8293
0 0 0 0 1 14.05
0 0 0 0 1 13.9093
0 0 0 0 1 13.8383
0 0 0 0 1 13.8392
0 0 0 0 1 14.1035
0 0 0 0 0 14.0751
0 0 0 0 1 14.0888
0 0 0 0 1 14.0491
0 0 0 0 1 14.0072
0 0 0 0 1 13.9233
0 0 0 0 1 14.0221
0 0 0 0 1 14.0534
0 0 0 0 1 13.9981
0 0 0 0 1 13.9852
0 0 0 0 1 14.1868
0 0 0 0 1 14.2169
0 0 0 0 1 14.2614
0 0 0 0 1 14.0824
0 0 0 0 1 14.1131
0 0 0 0 0 14.0901
0 0 0 0 1 14.2777
0 0 0 0 0 14.3835
0 0 0 0 0 14.1305
0 0 0 0 1 14.3368
0 0 0 0 1 14.1977
0 0 0 0 1 14.4052
0 0 0 0 1 14.2375
0 0 0 0 1 8.86123
0 0 0 0 1 8.7819
0 0 0 0 1 8.61585
0 0 0 0 1 8.41828
0 0 0 0 1 8.40774
0 0 0 0 1 8.27077
0 0 0 0 1 8.20968
0 0 0 0 0 8.04146
0 0 0 0 1 8.06822
0 0 0 0 1 7.91057
0 0 0 0 0 7.76384
0 0 0 0 1 7.73301
0 0 0 0 1 7.67204
0 0 0 0 1 7.60315
0 0 0 0 1 7.53408
0 0 0 0 1 7.33357
0 0 0 0 1 7.39011
0 0 0 0 0 7.20688
0 0 0 0 1 7.09769
0 0 0 0 1 7.02484
0 0 0 0 1 7.05045
0 0 0 0 0 7.02085
0 0 0 0 1 6.82998
0 0 0 0 0 6.81435
0 0 0 0 1 6.77768
0 0 0 0 1 6.72053
0 0 0 0 1 6.61035
0 0 0 0 1 6.58656
0 0 0 0 1 6.47759
0 0 0 0 1 6.39146
0 0 0 0 1 6.42484
0 0 0 0 1 6.26932
0 0 0 0 1 6.32284
0 0 0 0 1 6.23146
0 0 0 0 1 6.18405
0 0 0 0 1 6.11218
0 0 0 0 0 6.01043
0 0 0 0 1 6.03877
0 0 0 0 1 5.95572
0 0 0 0 1 5.9117
0 0 0 0 1 5.81203
0 0 0 0 1 5.85598
0 0 0 0 1 5.82353
0 0 0 0 1 5.79674
0 0 0 0 1 5.66999
0 0 0 0 0 5.63794
0 0 0 0 0 5.61142
0 0 0 0 1 5.61014
0 0 0 0 0 5.50037
0 0 0 0 0 5.51778
0 0 0 0 1 5.42563
0 0 0 0 1 5.35364
0 0 0 0 1 5.4164
0 0 0 0 1 5.32017
0 0 0 0 1 5.31268
0 0 0 0 1 5.25965
0 0 0 0 1 5.22058
0 0 0 0 1 5.15575
0 0 0 0 1 5.17379
0 0 0 0 1 5.07361
0 0 0 0 0 5.11842
0 0 0 0 0 5.08985
0 0 0 0 1 4.96439
0 0 0 0 1 4.96646
0 0 0 0 1 4.97312
0 0 0 0 0 4.9007
0 0 0 0 1 4.89239
0 0 0 0 1 4.86779
0 0 0 0 0 4.83992
0 0 0 0 1 4.77166
0 0 0 0 1 4.77843
0 0 0 0 1 4.87826
0 0 0 0 1 4.82808
0 0 0 0 1 4.86429
0 0 0 0 1 4.85287
0 0 0 0 1 4.92973
0 0 0 0 1 4.90858
0 0 0 0 1 4.89603
0 0 0 0 0 4.9093
0 0 0 0 1 4.95251
0 0 0 0 0 5.02473
0 0 0 0 0 4.97343
0 0 0 0 0 5.01221
0 0 0 0 1 5.00584
0 0 0 0 0 5.11588
0 0 0 0 1 5.07418
0 0 0 0 1 5.05764
0 0 0 0 1 5.10754
0 0 0 0 0 5.09477
0 0 0 0 1 5.13989
0 0 0 0 0 5.16461
0 0 0 0 1 5.21024
0 0 0 0 0 5.22489
0 0 0 0 0 5.20295
0 0 0 0 1 5.28588
0 0 0 0 1 5.32718
0 0 0 0 1 5.35438
0 0 0 0 1 5.26846
0 0 0 0 1 5.35275
0 0 0 0 1 5.41618
0 0 0 0 1 5.37775
0 0 0 0 1 5.43235
0 0 0 0 0 5.37717
0 0 0 0 1 5.47961
0 0 0 0 1 5.41857
0 0 0 0 1 5.47936
0 0 0 0 1 5.52803
0 0 0 0 1 5.51197
0 0 0 0 1 5.58331
0 0 0 0 1 5.58393
0 0 0 0 1 5.67847
0 0 0 0 0 5.60585
0 0 0 0 1 5.7068
0 0 0 0 1 5.6676
0 0 0 0 1 5.75802
0 0 0 0 1 5.78172
0 0 0 0 1 5.82862
0 0 0 0 0 5.82352
0 0 0 0 1 5.84579
0 0 0 0 1 5.89319
0 0 0 0 1 5.9291
0 0 0 0 0 5.90004
0 0 0 0 1 5.97765
0 0 0 0 1 5.93021
0 0 0 0 1 6.05049
0 0 0 0 0 5.99045
0 0 0 0 0 6.13616
0 0 0 0 0 6.06944
0 0 0 0 1 6.18595
0 0 0 0 1 6.2187
0 0 0 0 1 9.55711
0 0 0 0 1 9.396
0 0 0 0 1 9.51624
0 0 0 0 1 9.40959
0 0 0 0 1 9.39131
0 0 0 0 1 9.37926
0 0 0 0 1 9.2554
0 0 0 0 1 9.37999
0 0 0 0 1 9.22301
0 0 0 0 1 9.19309
0 0 0 0 0 9.22774
0 0 0 0 1 9.18878
0 0 0 0 0 9.08608
0 0 0 0 1 9.05692
0 0 0 0 1 9.14601
0 0 0 0 1 9.06251
0 0 0 0 1 9.08783
0 0 0 0 1 9.01976
0 0 0 0 1 8.94638
0 0 0 0 1 9.01333
0 0 0 0 1 8.90472
0 0 0 0 1 8.93911
0 0 0 0 1 8.78711
0 0 0 0 1 8.79518
0 0 0 0 1 8.73814
0 0 0 0 1 8.75516
0 0 0 0 1 8.67571
0 0 0 0 1 8.81723
0 0 0 0 1 8.74677
0 0 0 0 1 8.73423
0 0 0 0 1 8.61245
0 0 0 0 1 8.60037
0 0 0 0 1 8.64364
0 0 0 0 1 8.64025
0 0 0 0 0 8.49451
0 0 0 0 1 8.61141
0 0 0 0 1 8.62028
0 0 0 0 1 8.48093
0 0 0 0 0 8.56315
0 0 0 0 1 8.44163
0 0 0 0 1 8.51521
0 0 0 0 1 8.41134
0 0 0 0 1 8.42105
0 0 0 0 1 8.32645
0 0 0 0 1 8.39983
0 0 0 0 0 8.33925
0 0 0 0 1 8.31236
0 0 0 0 1 8.34759
0 0 0 0 0 8.24631
0 0 0 0 1 8.30282
0 0 0 0 1 8.25624
0 0 0 0 0 8.21369
0 0 0 0 1 8.1714
0 0 0 0 1 8.13758
0 0 0 0 1 8.12857
0 0 0 0 1 8.16057
0 0 0 0 0 8.10276
0 0 0 0 0 8.06972
0 0 0 0 0 8.13441
0 0 0 0 1 8.05296
0 0 0 0 1 8.0205
0 0 0 0 1 8.12557
0 0 0 0 1 8.10135
0 0 0 0 1 8.12155
0 0 0 0 1 8.05744
0 0 0 0 1 7.96964
0 0 0 0 1 7.9703
0 0 0 0 1 7.90718
0 0 0 0 1 7.91191
0 0 0 0 1 7.92892
0 0 0 0 0 7.92214
0 0 0 0 1 7.95516
0 0 0 0 1 7.98026
0 0 0 0 1 7.96946
0 0 0 0 1 7.92365
0 0 0 0 1 7.94904
0 0 0 0 0 7.81271
0 0 0 0 1 7.77897
0 0 0 0 0 7.86757
0 0 0 0 1 7.7994
0 0 0 0 1 7.78631
0 0 0 0 1 7.73758
0 0 0 0 1 7.71708
0 0 0 0 0 7.82909
0 0 0 0 0 7.81191
0 0 0 0 1 7.8073
0 0 0 0 1 7.78263
