0 0 0 0 1 5.51406
0 0 0 0 1 5.50644
0 0 0 0 1 5.59909
0 0 0 0 1 5.5608
0 0 0 0 1 5.62051
0 0 0 0 1 5.58549
0 0 0 0 1 5.63908
0 0 0 0 1 5.62097
0 0 0 0 1 5.60518
0 0 0 0 1 5.59276
0 0 0 0 1 5.66486
0 0 0 0 1 5.61886
0 0 0 0 1 5.69359
0 0 0 0 1 5.70426
0 0 0 0 1 5.71508
0 0 0 0 0 5.68262
0 0 0 0 1 5.63671
0 0 0 0 1 5.70469
0 0 0 0 1 5.76161
0 0 0 0 1 5.74256
0 0 0 0 1 5.67387
0 0 0 0 1 5.69105
0 0 0 0 1 5.75437
0 0 0 0 1 5.81227
0 0 0 0 1 5.73953
0 0 0 0 1 5.73994
0 0 0 0 1 5.81573
0 0 0 0 1 5.82226
0 0 0 0 1 5.82889
0 0 0 0 1 5.80648
0 0 0 0 1 5.8191
0 0 0 0 1 5.89195
0 0 0 0 1 5.90058
0 0 0 0 1 5.90776
0 0 0 0 1 5.83853
0 0 0 0 1 5.84574
0 0 0 0 0 5.91808
0 0 0 0 0 5.86637
0 0 0 0 0 5.99859
0 0 0 0 1 5.94695
0 0 0 0 1 6.00848
0 0 0 0 1 5.93281
0 0 0 0 0 5.96605
0 0 0 0 1 6.04017
0 0 0 0 1 6.00033
0 0 0 0 1 6.00259
0 0 0 0 1 6.00972
0 0 0 0 1 6.05458
0 0 0 0 1 6.14227
0 0 0 0 0 6.04144
0 0 0 0 1 6.08072
0 0 0 0 1 6.16924
0 0 0 0 1 6.15892
0 0 0 0 0 6.13836
0 0 0 0 1 6.20927
0 0 0 0 1 6.22487
0 0 0 0 1 6.25919
0 0 0 0 0 6.19945
0 0 0 0 0 6.29013
0 0 0 0 1 6.31873
0 0 0 0 1 6.33412
0 0 0 0 1 6.30012
0 0 0 0 1 6.32906
0 0 0 0 1 6.33286
0 0 0 0 0 6.27961
0 0 0 0 1 6.30791
0 0 0 0 1 6.33087
0 0 0 0 1 6.43641
0 0 0 0 1 6.42777
0 0 0 0 1 6.39255
0 0 0 0 1 6.42898
0 0 0 0 1 6.47137
0 0 0 0 1 6.46922
0 0 0 0 1 6.46054
0 0 0 0 1 6.60216
0 0 0 0 1 6.58005
0 0 0 0 1 6.55777
0 0 0 0 1 6.64823
0 0 0 0 1 6.65915
0 0 0 0 1 6.61694
0 0 0 0 1 6.61443
0 0 0 0 1 6.69953
0 0 0 0 0 6.65757
0 0 0 0 1 6.709
0 0 0 0 1 6.82163
0 0 0 0 1 6.76541
0 0 0 0 1 6.85856
0 0 0 0 1 6.87717
0 0 0 0 1 6.87528
0 0 0 0 0 6.88022
0 0 0 0 1 6.88513
0 0 0 0 0 6.91827
0 0 0 0 1 6.99284
0 0 0 0 1 6.9422
0 0 0 0 1 7.03132
0 0 0 0 0 7.07882
0 0 0 0 1 7.02018
0 0 0 0 1 7.16723
0 0 0 0 1 7.05176
0 0 0 0 1 7.08549
0 0 0 0 1 7.21987
0 0 0 0 0 7.25433
0 0 0 0 0 7.25965
0 0 0 0 1 7.25076
0 0 0 0 1 7.29236
0 0 0 0 1 7.26133
0 0 0 0 1 7.31779
0 0 0 0 1 7.39024
0 0 0 0 1 7.37332
0 0 0 0 1 7.44551
0 0 0 0 1 7.5186
0 0 0 0 1 7.57676
0 0 0 0 1 7.62775
0 0 0 0 1 7.51971
0 0 0 0 1 7.54056
0 0 0 0 1 7.72165
0 0 0 0 1 7.66592
0 0 0 0 0 7.65582
0 0 0 0 1 7.73081
0 0 0 0 0 7.72834
0 0 0 0 1 7.79665
0 0 0 0 1 7.83343
0 0 0 0 1 7.95685
0 0 0 0 1 7.96253
0 0 0 0 1 7.91958
0 0 0 0 1 7.94876
0 0 0 0 1 8.05867
0 0 0 0 1 8.0235
0 0 0 0 1 8.2153
0 0 0 0 1 8.20458
0 0 0 0 1 8.21762
0 0 0 0 1 8.23876
0 0 0 0 1 8.327
0 0 0 0 0 8.28143
0 0 0 0 1 8.34435
0 0 0 0 0 8.48375
0 0 0 0 1 8.52229
0 0 0 0 0 8.50102
0 0 0 0 1 8.64323
0 0 0 0 1 8.58721
0 0 0 0 1 8.78143
0 0 0 0 0 8.77715
0 0 0 0 1 8.842
0 0 0 0 1 8.89104
0 0 0 0 1 8.84972
0 0 0 0 1 8.91476
0 0 0 0 1 8.99811
0 0 0 0 1 9.14544
0 0 0 0 0 9.02153
0 0 0 0 1 9.22476
0 0 0 0 1 9.18087
0 0 0 0 1 9.36801
0 0 0 0 1 9.39916
0 0 0 0 0 9.41864
0 0 0 0 1 9.51453
0 0 0 0 1 9.42896
0 0 0 0 0 9.50452
0 0 0 0 1 9.74579
0 0 0 0 1 9.61914
0 0 0 0 0 9.85199
0 0 0 0 0 9.8706
0 0 0 0 1 9.82083
0 0 0 0 1 9.88638
0 0 0 0 1 9.95364
0 0 0 0 1 10.2017
0 0 0 0 0 10.1787
0 0 0 0 0 10.2145
0 0 0 0 1 10.3328
0 0 0 0 1 10.4953
0 0 0 0 1 10.563
0 0 0 0 1 10.5143
0 0 0 0 1 10.7498
0 0 0 0 1 10.6998
0 0 0 0 1 10.8407
0 0 0 0 1 9.33381
0 0 0 0 0 9.20751
0 0 0 0 1 9.17925
0 0 0 0 0 9.31277
0 0 0 0 0 9.19235
0 0 0 0 0 9.26101
0 0 0 0 0 9.20562
0 0 0 0 0 9.08185
0 0 0 0 0 9.21909
0 0 0 0 0 9.18717
0 0 0 0 1 9.15091
0 0 0 0 1 9.01968
0 0 0 0 1 9.01123
0 0 0 0 1 8.98482
0 0 0 0 0 8.97234
0 0 0 0 1 8.91929
0 0 0 0 1 8.9252
0 0 0 0 1 8.97122
0 0 0 0 1 8.96349
0 0 0 0 1 9.01837
0 0 0 0 1 8.87301
0 0 0 0 1 8.91025
0 0 0 0 0 8.90307
0 0 0 0 1 8.78968
0 0 0 0 1 8.81831
0 0 0 0 0 8.74597
0 0 0 0 1 8.88931
0 0 0 0 1 8.77721
0 0 0 0 0 8.81485
0 0 0 0 1 8.68594
0 0 0 0 1 8.81132
0 0 0 0 1 8.74058
0 0 0 0 0 8.73489
0 0 0 0 1 8.74673
0 0 0 0 0 8.75866
0 0 0 0 1 8.73596
0 0 0 0 0 8.60951
0 0 0 0 0 8.66519
0 0 0 0 1 8.56539
0 0 0 0 1 8.5781
0 0 0 0 1 8.61672
0 0 0 0 1 8.60378
0 0 0 0 1 8.54809
0 0 0 0 0 8.54412
0 0 0 0 1 8.58308
0 0 0 0 1 8.5537
0 0 0 0 1 8.54461
0 0 0 0 1 8.49854
0 0 0 0 0 8.61843
0 0 0 0 1 8.73474
0 0 0 0 0 8.87744
0 0 0 0 1 9.03943
0 0 0 0 1 9.12056
0 0 0 0 1 9.25602
0 0 0 0 1 9.44766
0 0 0 0 1 9.59347
0 0 0 0 1 9.63264
0 0 0 0 1 9.74688
0 0 0 0 1 10.0799
0 0 0 0 1 10.1027
0 0 0 0 0 10.3691
0 0 0 0 1 10.6373
0 0 0 0 0 10.8019
0 0 0 0 0 11.0512
0 0 0 0 1 11.202
0 0 0 0 1 11.2926
0 0 0 0 0 11.6315
0 0 0 0 0 11.7841
0 0 0 0 0 11.9819
0 0 0 0 1 12.3209
0 0 0 0 1 12.5228
0 0 0 0 1 12.976
0 0 0 0 1 22.6146
0 0 0 0 1 22.7547
0 0 0 0 1 22.5983
0 0 0 0 1 22.7844
0 0 0 0 0 22.5629
0 0 0 0 1 22.5685
0 0 0 0 1 22.778
0 0 0 0 1 22.4452
0 0 0 0 1 22.8134
0 0 0 0 1 22.5044
0 0 0 0 1 22.5346
0 0 0 0 1 22.768
0 0 0 0 1 22.4623
0 0 0 0 0 22.6062
0 0 0 0 1 22.4129
0 0 0 0 1 22.6025
0 0 0 0 1 22.5001
0 0 0 0 0 22.578
0 0 0 0 1 23.3852
0 0 0 0 1 24.365
0 0 0 0 0 25.319
0 0 0 0 1 26.1336
0 0 0 0 1 36.3084
0 0 0 0 1 36.2934
0 0 0 0 1 36.7522
0 0 0 0 1 36.1201
0 0 0 0 1 36.1014
0 0 0 0 1 38.2181
0 0 0 0 1 52.2229
0 0 0 0 1 51.5307
0 0 0 0 1 51.725
0 0 0 0 1 51.9197
0 0 0 0 1 51.5431
0 0 0 0 1 56.1032
0 0 0 0 1 65.7244
0 0 0 0 1 69.8032
0 0 0 0 1 81.1555
0 0 0 0 0 5.01501
0 0 0 0 0 4.99998
0 0 0 0 0 5.03505
0 0 0 0 0 4.99497
0 0 0 0 0 4.97994
0 0 0 0 0 4.96992
0 0 0 0 0 5.05509
0 0 0 0 0 4.98996
0 0 0 0 0 5.0601
0 0 0 0 0 4.98495
0 0 0 0 0 4.96491
0 0 0 0 0 5.05008
0 0 0 0 1 87.5032
0 0 0 0 1 87.5123
0 0 0 0 1 75.4455
0 0 0 0 1 63.9666
0 0 0 0 1 60.7685
0 0 0 0 1 60.4771
0 0 0 0 0 60.61
0 0 0 0 1 51.1582
0 0 0 0 0 48.1791
0 0 0 0 0 47.9515
0 0 0 0 1 38.96
0 0 0 0 0 36.9303
0 0 0 0 1 35.6322
0 0 0 0 1 35.7871
0 0 0 0 0 35.7992
0 0 0 0 0 35.9556
0 0 0 0 1 28.2463
0 0 0 0 1 26.6695
0 0 0 0 1 25.3827
0 0 0 0 1 24.4915
0 0 0 0 1 24.774
0 0 0 0 0 24.6631
0 0 0 0 1 24.6007
0 0 0 0 1 24.4165
0 0 0 0 1 24.6521
0 0 0 0 1 24.8637
0 0 0 0 0 24.5819
0 0 0 0 1 24.4733
0 0 0 0 1 24.611
0 0 0 0 1 18.0179
0 0 0 0 1 17.7388
0 0 0 0 1 17.3293
0 0 0 0 1 16.6441
0 0 0 0 1 16.4402
0 0 0 0 1 15.9271
0 0 0 0 1 15.6093
0 0 0 0 1 15.2422
0 0 0 0 1 14.7277
0 0 0 0 0 14.5673
0 0 0 0 0 14.0144
0 0 0 0 1 13.7481
0 0 0 0 1 13.9127
0 0 0 0 1 13.9665
0 0 0 0 1 13.8815
0 0 0 0 1 13.8104
0 0 0 0 1 13.881
0 0 0 0 1 14.1035
0 0 0 0 1 13.8794
0 0 0 0 1 14.0468
0 0 0 0 1 13.951
0 0 0 0 1 14.1614
0 0 0 0 1 13.9373
0 0 0 0 1 14.1907
0 0 0 0 0 13.955
0 0 0 0 0 14.0404
0 0 0 0 1 14.0275
0 0 0 0 1 14.2433
0 0 0 0 1 14.1745
0 0 0 0 1 14.1058
0 0 0 0 0 14.2807
0 0 0 0 1 14.1131
0 0 0 0 1 14.3457
0 0 0 0 1 14.0786
0 0 0 0 0 14.2981
0 0 0 0 0 14.3728
0 0 0 0 0 14.1797
0 0 0 0 1 14.1977
0 0 0 0 1 14.3049
0 0 0 0 1 14.2519
0 0 0 0 1 8.87888
0 0 0 0 1 8.74705
0 0 0 0 1 8.58146
0 0 0 0 1 8.40978
0 0 0 0 1 8.42452
0 0 0 0 1 8.3122
0 0 0 0 0 8.20148
0 0 0 0 1 8.1709
0 0 0 0 1 7.92429
0 0 0 0 1 7.93427
0 0 0 0 1 7.78729
0 0 0 0 1 7.78709
0 0 0 0 1 7.7026
0 0 0 0 1 7.55025
0 0 0 0 1 7.51913
0 0 0 0 1 7.37797
0 0 0 0 1 7.28767
0 0 0 0 0 7.25758
0 0 0 0 1 7.17655
0 0 0 0 1 7.1029
0 0 0 0 1 7.0013
0 0 0 0 1 7.01389
0 0 0 0 1 6.87818
0 0 0 0 1 6.80071
0 0 0 0 1 6.74389
0 0 0 0 1 6.66029
0 0 0 0 1 6.63687
0 0 0 0 1 6.59312
0 0 0 0 0 6.53612
0 0 0 0 1 6.45595
0 0 0 0 0 6.40568
0 0 0 0 1 6.37064
0 0 0 0 0 6.29772
0 0 0 0 1 6.23146
0 0 0 0 1 6.20874
0 0 0 0 1 6.15501
0 0 0 0 1 6.00436
0 0 0 0 0 6.04479
0 0 0 0 1 5.99749
0 0 0 0 1 5.89985
0 0 0 0 1 5.83552
0 0 0 0 1 5.84432
0 0 0 0 1 5.75413
0 0 0 0 1 5.68769
0 0 0 0 1 5.73254
0 0 0 0 1 5.61536
0 0 0 0 1 5.63942
0 0 0 0 1 5.54336
0 0 0 0 0 5.53351
0 0 0 0 1 5.43011
0 0 0 0 1 5.38214
0 0 0 0 1 5.36444
0 0 0 0 1 5.31441
0 0 0 0 1 5.27757
0 0 0 0 1 5.24918
0 0 0 0 1 5.21241
0 0 0 0 1 5.1945
0 0 0 0 1 5.21793
0 0 0 0 1 5.11716
0 0 0 0 0 5.16567
0 0 0 0 1 5.05247
0 0 0 0 1 5.02938
0 0 0 0 1 4.96941
0 0 0 0 0 4.97642
0 0 0 0 1 4.98301
0 0 0 0 1 4.88595
0 0 0 0 1 4.93145
0 0 0 0 1 4.83864
0 0 0 0 1 4.86405
0 0 0 0 0 4.77166
0 0 0 0 1 4.846
0 0 0 0 1 4.82497
0 0 0 0 1 4.83781
0 0 0 0 1 4.86916
0 0 0 0 0 4.88711
0 0 0 0 1 4.89536
0 0 0 0 1 4.93322
0 0 0 0 1 4.92073
0 0 0 0 1 4.98369
0 0 0 0 0 5.00726
0 0 0 0 0 5.01974
0 0 0 0 1 4.97844
0 0 0 0 0 5.01221
0 0 0 0 1 5.01593
0 0 0 0 1 5.03483
0 0 0 0 1 5.07926
0 0 0 0 1 5.1342
0 0 0 0 1 5.09217
0 0 0 0 0 5.08963
0 0 0 0 0 5.20691
0 0 0 0 0 5.12321
0 0 0 0 1 5.18427
0 0 0 0 1 5.16753
0 0 0 0 1 5.18201
0 0 0 0 0 5.28062
0 0 0 0 1 5.31136
0 0 0 0 1 5.26426
0 0 0 0 1 5.35892
0 0 0 0 1 5.3581
0 0 0 0 1 5.40546
0 0 0 0 1 5.34545
0 0 0 0 1 5.4594
0 0 0 0 1 5.44778
0 0 0 0 1 5.44144
0 0 0 0 1 5.52256
0 0 0 0 1 5.51237
0 0 0 0 1 5.50042
0 0 0 0 0 5.50087
0 0 0 0 0 5.52201
0 0 0 0 1 5.60633
0 0 0 0 1 5.61101
0 0 0 0 1 5.61716
0 0 0 0 0 5.6841
0 0 0 0 1 5.6847
0 0 0 0 0 5.70651
0 0 0 0 1 5.80473
0 0 0 0 1 5.78814
0 0 0 0 1 5.84676
0 0 0 0 1 5.89246
0 0 0 0 1 5.90492
0 0 0 0 1 5.91732
0 0 0 0 1 5.88819
0 0 0 0 1 5.90621
0 0 0 0 1 5.94816
0 0 0 0 1 6.00237
0 0 0 0 0 6.02671
0 0 0 0 1 6.09364
0 0 0 0 1 6.04502
0 0 0 0 1 6.1614
0 0 0 0 1 6.2187
0 0 0 0 1 9.45241
0 0 0 0 0 9.47185
0 0 0 0 1 9.51624
0 0 0 0 1 9.39075
0 0 0 0 1 9.45698
0 0 0 0 1 9.40731
0 0 0 0 1 9.31133
0 0 0 0 1 9.34281
0 0 0 0 1 9.24153
0 0 0 0 1 9.1654
0 0 0 0 1 9.10813
0 0 0 0 0 9.16127
0 0 0 0 1 9.22319
0 0 0 0 1 9.15714
0 0 0 0 1 9.05518
0 0 0 0 1 9.12588
0 0 0 0 0 9.08783
0 0 0 0 0 9.01076
0 0 0 0 1 9.05406
0 0 0 0 1 9.04018
0 0 0 0 0 8.83334
0 0 0 0 1 8.93911
0 0 0 0 0 8.95558
0 0 0 0 1 8.81286
0 0 0 0 0 8.79986
0 0 0 0 1 8.86064
0 0 0 0 1 8.7984
0 0 0 0 1 8.78225
0 0 0 0 0 8.78165
0 0 0 0 1 8.62114
0 0 0 0 1 8.61245
0 0 0 0 0 8.57442
0 0 0 0 1 8.59188
0 0 0 0 1 8.51977
0 0 0 0 1 8.58889
0 0 0 0 1 8.51725
0 0 0 0 0 8.46665
0 0 0 0 0 8.53202
0 0 0 0 0 8.4782
0 0 0 0 1 8.46705
0 0 0 0 1 8.40528
0 0 0 0 1 8.37759
0 0 0 0 1 8.35375
0 0 0 0 1 8.41039
0 0 0 0 1 8.35796
0 0 0 0 1 8.28911
0 0 0 0 0 8.39573
0 0 0 0 1 8.23119
0 0 0 0 0 8.2546
0 0 0 0 1 8.2697
0 0 0 0 0 8.32236
0 0 0 0 1 8.29616
0 0 0 0 0 8.30306
0 0 0 0 0 8.2936
0 0 0 0 1 8.12038
0 0 0 0 1 8.1851
0 0 0 0 1 8.16804
0 0 0 0 1 8.19186
0 0 0 0 1 8.19129
0 0 0 0 0 8.14217
0 0 0 0 1 8.10952
0 0 0 0 0 8.06096
0 0 0 0 1 8.04493
0 0 0 0 1 8.07326
0 0 0 0 1 8.10564
0 0 0 0 1 8.0899
0 0 0 0 0 7.93029
0 0 0 0 1 8.06692
0 0 0 0 0 7.96774
0 0 0 0 1 8.03241
0 0 0 0 1 7.92214
0 0 0 0 1 7.97895
0 0 0 0 1 7.84567
0 0 0 0 1 7.84296
0 0 0 0 1 7.86841
0 0 0 0 1 7.87026
0 0 0 0 1 7.82845
0 0 0 0 1 7.88112
0 0 0 0 1 7.79698
0 0 0 0 1 7.76808
0 0 0 0 1 7.74722
0 0 0 0 0 7.87031
0 0 0 0 0 7.72488
0 0 0 0 1 7.79796
0 0 0 0 1 7.82745
0 0 0 0 0 7.77626
0 0 0 0 1 7.70512
