0 0 0 0 1 5.58617
0 0 0 0 1 5.55089
0 0 0 0 0 5.62136
0 0 0 0 1 5.59424
0 0 0 0 1 5.63168
0 0 0 0 1 5.64699
0 0 0 0 1 5.57754
0 0 0 0 0 5.6546
0 0 0 0 1 5.66129
0 0 0 0 1 5.57028
0 0 0 0 0 5.59166
0 0 0 0 1 5.6245
0 0 0 0 1 5.65406
0 0 0 0 1 5.63636
0 0 0 0 1 5.70374
0 0 0 0 0 5.63153
0 0 0 0 1 5.69928
0 0 0 0 1 5.71609
0 0 0 0 0 5.76732
0 0 0 0 1 5.76542
0 0 0 0 1 5.73112
0 0 0 0 0 5.74268
0 0 0 0 1 5.70263
0 0 0 0 1 5.80075
0 0 0 0 0 5.7453
0 0 0 0 0 5.72837
0 0 0 0 1 5.81573
0 0 0 0 1 5.82806
0 0 0 0 1 5.80562
0 0 0 0 1 5.86478
0 0 0 0 0 5.88337
0 0 0 0 1 5.85684
0 0 0 0 1 5.91816
0 0 0 0 1 5.89015
0 0 0 0 1 5.87385
0 0 0 0 1 5.95782
0 0 0 0 0 5.86487
0 0 0 0 1 5.96118
0 0 0 0 1 5.96296
0 0 0 0 1 5.91718
0 0 0 0 0 5.93092
0 0 0 0 1 5.96271
0 0 0 0 0 5.9361
0 0 0 0 1 5.96812
0 0 0 0 1 6.07255
0 0 0 0 1 5.99052
0 0 0 0 1 6.08234
0 0 0 0 1 6.01211
0 0 0 0 1 6.0328
0 0 0 0 0 6.12679
0 0 0 0 1 6.06239
0 0 0 0 0 6.06509
0 0 0 0 1 6.18965
0 0 0 0 0 6.14452
0 0 0 0 1 6.11051
0 0 0 0 1 6.2125
0 0 0 0 0 6.22818
0 0 0 0 1 6.26169
0 0 0 0 1 6.22149
0 0 0 0 1 6.29371
0 0 0 0 0 6.21484
0 0 0 0 1 6.3127
0 0 0 0 1 6.3543
0 0 0 0 1 6.30123
0 0 0 0 1 6.36841
0 0 0 0 0 6.37792
0 0 0 0 1 6.32449
0 0 0 0 1 6.41079
0 0 0 0 1 6.4663
0 0 0 0 0 6.37966
0 0 0 0 1 6.43544
0 0 0 0 1 6.43246
0 0 0 0 1 6.46922
0 0 0 0 1 6.49966
0 0 0 0 1 6.58255
0 0 0 0 1 6.49477
0 0 0 0 1 6.53802
0 0 0 0 0 6.57561
0 0 0 0 1 6.63265
0 0 0 0 1 6.62359
0 0 0 0 1 6.74125
0 0 0 0 0 6.6393
0 0 0 0 1 6.74482
0 0 0 0 0 6.74268
0 0 0 0 0 6.7067
0 0 0 0 1 6.81969
0 0 0 0 1 6.85175
0 0 0 0 1 6.89084
0 0 0 0 1 6.88901
0 0 0 0 0 6.83201
0 0 0 0 1 6.96117
0 0 0 0 1 6.86975
0 0 0 0 1 6.90239
0 0 0 0 0 6.97014
0 0 0 0 1 6.97523
0 0 0 0 1 6.96623
0 0 0 0 1 7.07674
0 0 0 0 0 7.0395
0 0 0 0 1 7.10874
0 0 0 0 1 7.15699
0 0 0 0 1 7.19116
0 0 0 0 1 7.18949
0 0 0 0 1 7.30308
0 0 0 0 1 7.20717
0 0 0 0 1 7.32156
0 0 0 0 1 7.29797
0 0 0 0 1 7.30307
0 0 0 0 0 7.41239
0 0 0 0 1 7.47717
0 0 0 0 1 7.51258
0 0 0 0 1 7.48867
0 0 0 0 1 7.48656
0 0 0 0 1 7.50692
0 0 0 0 1 7.55006
0 0 0 0 1 7.55579
0 0 0 0 1 7.59921
0 0 0 0 1 7.7505
0 0 0 0 1 7.679
0 0 0 0 1 7.69201
0 0 0 0 1 7.81412
0 0 0 0 1 7.85145
0 0 0 0 1 7.79411
0 0 0 0 1 7.85403
0 0 0 0 1 7.88306
0 0 0 0 1 8.00749
0 0 0 0 0 8.08526
0 0 0 0 1 8.0506
0 0 0 0 1 8.17749
0 0 0 0 1 8.1175
0 0 0 0 1 8.21276
0 0 0 0 1 8.29996
0 0 0 0 1 8.36296
0 0 0 0 1 8.34364
0 0 0 0 1 8.38181
0 0 0 0 0 8.35276
0 0 0 0 1 8.47529
0 0 0 0 1 8.42022
0 0 0 0 1 8.62931
0 0 0 0 1 8.55732
0 0 0 0 1 8.60448
0 0 0 0 1 8.62493
0 0 0 0 1 8.77715
0 0 0 0 1 8.87719
0 0 0 0 0 8.75847
0 0 0 0 0 8.82304
0 0 0 0 1 8.8879
0 0 0 0 1 9.09719
0 0 0 0 1 9.13638
0 0 0 0 1 9.05798
0 0 0 0 0 9.22476
0 0 0 0 1 9.30083
0 0 0 0 0 9.20089
0 0 0 0 0 9.30582
0 0 0 0 1 9.48444
0 0 0 0 0 9.41995
0 0 0 0 1 9.50516
0 0 0 0 0 9.68674
0 0 0 0 1 9.67825
0 0 0 0 1 9.64829
0 0 0 0 1 9.69545
0 0 0 0 1 9.8706
0 0 0 0 1 9.94966
0 0 0 0 0 10.0661
0 0 0 0 0 9.99386
0 0 0 0 1 10.2321
0 0 0 0 1 10.1583
0 0 0 0 1 10.2043
0 0 0 0 1 10.2913
0 0 0 0 1 10.4327
0 0 0 0 1 10.584
0 0 0 0 1 10.472
0 0 0 0 1 10.6218
0 0 0 0 1 10.8287
0 0 0 0 1 10.7433
0 0 0 0 1 9.38034
0 0 0 0 1 9.29105
0 0 0 0 1 9.32745
0 0 0 0 1 9.19266
0 0 0 0 0 9.17391
0 0 0 0 0 9.21502
0 0 0 0 1 9.22397
0 0 0 0 1 9.09101
0 0 0 0 1 9.15513
0 0 0 0 1 9.03222
0 0 0 0 1 9.1782
0 0 0 0 1 9.02875
0 0 0 0 1 8.96595
0 0 0 0 0 8.98482
0 0 0 0 1 9.04448
0 0 0 0 1 8.97329
0 0 0 0 1 9.00601
0 0 0 0 1 8.98915
0 0 0 0 0 8.97243
0 0 0 0 0 9.00051
0 0 0 0 1 8.9621
0 0 0 0 1 8.82133
0 0 0 0 1 8.9297
0 0 0 0 1 8.84284
0 0 0 0 0 8.9156
0 0 0 0 1 8.91365
0 0 0 0 1 8.82764
0 0 0 0 1 8.83877
0 0 0 0 1 8.83241
0 0 0 0 1 8.85247
0 0 0 0 1 8.74132
0 0 0 0 1 8.74058
0 0 0 0 1 8.72617
0 0 0 0 1 8.69451
0 0 0 0 1 8.74128
0 0 0 0 1 8.60583
0 0 0 0 0 8.63549
0 0 0 0 1 8.63059
0 0 0 0 0 8.55676
0 0 0 0 1 8.64707
0 0 0 0 1 8.62533
0 0 0 0 1 8.60378
0 0 0 0 1 8.65967
0 0 0 0 1 8.56126
0 0 0 0 1 8.58308
0 0 0 0 1 8.61351
0 0 0 0 1 8.62143
0 0 0 0 0 8.50706
0 0 0 0 1 8.64416
0 0 0 0 0 8.76084
0 0 0 0 1 8.85097
0 0 0 0 1 9.02151
0 0 0 0 0 9.12056
0 0 0 0 1 9.25602
0 0 0 0 1 9.39137
0 0 0 0 1 9.4695
0 0 0 0 1 9.58423
0 0 0 0 0 9.86502
0 0 0 0 0 9.93974
0 0 0 0 1 10.123
0 0 0 0 0 10.2862
0 0 0 0 1 10.5845
0 0 0 0 1 10.759
0 0 0 0 1 10.9965
0 0 0 0 1 11.2355
0 0 0 0 1 11.3267
0 0 0 0 1 11.6779
0 0 0 0 0 11.7132
0 0 0 0 1 12.1265
0 0 0 0 1 12.2102
0 0 0 0 1 12.4599
0 0 0 0 1 12.8219
0 0 0 0 1 22.5691
0 0 0 0 1 22.6185
0 0 0 0 1 22.5756
0 0 0 0 1 22.603
0 0 0 0 0 22.7668
0 0 0 0 1 22.7269
0 0 0 0 1 22.3935
0 0 0 0 0 22.6486
0 0 0 0 1 22.4746
0 0 0 0 1 22.7301
0 0 0 0 1 22.7602
0 0 0 0 0 22.7455
0 0 0 0 1 22.7552
0 0 0 0 0 22.5387
0 0 0 0 1 22.5704
0 0 0 0 1 22.3776
0 0 0 0 1 22.6799
0 0 0 0 1 22.5555
0 0 0 0 0 23.3156
0 0 0 0 1 24.1479
0 0 0 0 0 24.9674
0 0 0 0 1 26.0026
0 0 0 0 1 36.2355
0 0 0 0 1 36.257
0 0 0 0 0 36.352
0 0 0 0 1 36.302
0 0 0 0 1 36.1014
0 0 0 0 0 38.9116
0 0 0 0 0 51.6502
0 0 0 0 1 51.9471
0 0 0 0 1 52.1934
0 0 0 0 1 52.1278
0 0 0 0 1 52.4793
0 0 0 0 1 56.4979
0 0 0 0 0 65.7898
0 0 0 0 1 69.5246
0 0 0 0 0 82.6281
0 0 0 0 0 4.98996
0 0 0 0 0 4.9599
0 0 0 0 0 4.99497
0 0 0 0 0 5.03505
0 0 0 0 0 5.01501
0 0 0 0 0 4.99497
0 0 0 0 0 5.01501
0 0 0 0 0 5.04006
0 0 0 0 0 4.97994
0 0 0 0 0 4.98996
0 0 0 0 0 4.96992
0 0 0 0 0 5.02503
0 0 0 0 1 88.3791
0 0 0 0 0 86.8115
0 0 0 0 1 74.8443
0 0 0 0 1 63.5198
0 0 0 0 1 60.5869
0 0 0 0 1 60.4165
0 0 0 0 1 60.8522
0 0 0 0 1 51.3644
0 0 0 0 1 48.419
0 0 0 0 1 48.1435
0 0 0 0 1 39.5491
0 0 0 0 1 36.9303
0 0 0 0 1 36.0245
0 0 0 0 1 35.9298
0 0 0 0 1 35.7635
0 0 0 0 1 35.9556
0 0 0 0 0 28.3025
0 0 0 0 1 26.6695
0 0 0 0 1 25.8442
0 0 0 0 1 24.8607
0 0 0 0 1 24.774
0 0 0 0 1 24.8849
0 0 0 0 1 24.8718
0 0 0 0 1 24.7371
0 0 0 0 1 24.5781
0 0 0 0 1 24.4933
0 0 0 0 1 24.9525
0 0 0 0 1 24.6464
0 0 0 0 0 24.9078
0 0 0 0 1 18.2363
0 0 0 0 1 17.5089
0 0 0 0 1 17.2089
0 0 0 0 1 16.8615
0 0 0 0 1 16.2773
0 0 0 0 1 16.0065
0 0 0 0 0 15.3615
0 0 0 0 1 15.1968
0 0 0 0 1 14.772
0 0 0 0 1 14.4086
0 0 0 0 1 14.1977
0 0 0 0 1 13.9425
0 0 0 0 0 13.9544
0 0 0 0 1 13.8553
0 0 0 0 0 13.9929
0 0 0 0 1 13.8661
0 0 0 0 1 13.9648
0 0 0 0 1 14.0337
0 0 0 0 1 14.0472
0 0 0 0 0 14.0189
0 0 0 0 1 14.0211
0 0 0 0 1 13.895
0 0 0 0 1 13.9654
0 0 0 0 1 14.1485
0 0 0 0 1 13.9831
0 0 0 0 1 14.0404
0 0 0 0 1 14.1685
0 0 0 0 1 14.2433
0 0 0 0 1 14.1887
0 0 0 0 0 14.2332
0 0 0 0 1 14.1815
0 0 0 0 1 14.1698
0 0 0 0 0 14.1469
0 0 0 0 1 14.164
0 0 0 0 1 14.3408
0 0 0 0 0 14.3301
0 0 0 0 1 14.3511
0 0 0 0 1 14.3836
0 0 0 0 0 14.2906
0 0 0 0 0 14.2662
0 0 0 0 1 8.79062
0 0 0 0 1 8.64251
0 0 0 0 0 8.68464
0 0 0 0 1 8.43526
0 0 0 0 1 8.44969
0 0 0 0 1 8.3122
0 0 0 0 0 8.15232
0 0 0 0 1 8.16281
0 0 0 0 1 8.07622
0 0 0 0 1 7.98169
0 0 0 0 1 7.78729
0 0 0 0 1 7.74846
0 0 0 0 1 7.68732
0 0 0 0 0 7.61071
0 0 0 0 1 7.49671
0 0 0 0 1 7.40757
0 0 0 0 1 7.33157
0 0 0 0 0 7.31552
0 0 0 0 0 7.09769
0 0 0 0 1 7.07451
0 0 0 0 0 7.05748
0 0 0 0 1 7.01389
0 0 0 0 0 6.87129
0 0 0 0 1 6.79389
0 0 0 0 1 6.77092
0 0 0 0 1 6.754
0 0 0 0 0 6.58383
0 0 0 0 1 6.59312
0 0 0 0 0 6.52962
0 0 0 0 0 6.46885
0 0 0 0 1 6.40568
0 0 0 0 1 6.26932
0 0 0 0 1 6.26005
0 0 0 0 0 6.23769
0 0 0 0 1 6.15319
0 0 0 0 1 6.09383
0 0 0 0 1 6.01043
0 0 0 0 0 6.03877
0 0 0 0 1 5.93185
0 0 0 0 0 5.87616
0 0 0 0 1 5.91771
0 0 0 0 0 5.82102
0 0 0 0 0 5.731
0 0 0 0 0 5.73361
0 0 0 0 0 5.63018
0 0 0 0 1 5.64922
0 0 0 0 0 5.62262
0 0 0 0 1 5.62127
0 0 0 0 1 5.57769
0 0 0 0 1 5.44107
0 0 0 0 1 5.43107
0 0 0 0 1 5.36444
0 0 0 0 1 5.39493
0 0 0 0 1 5.36277
0 0 0 0 1 5.25976
0 0 0 0 1 5.2649
0 0 0 0 1 5.16321
0 0 0 0 1 5.1972
0 0 0 0 1 5.17894
0 0 0 0 1 5.12476
0 0 0 0 0 5.03218
0 0 0 0 1 5.02434
0 0 0 0 1 5.00451
0 0 0 0 1 4.95152
0 0 0 0 1 4.99786
0 0 0 0 0 4.95477
0 0 0 0 1 4.86309
0 0 0 0 1 4.82407
0 0 0 0 1 4.82062
0 0 0 0 1 4.83907
0 0 0 0 1 4.79291
0 0 0 0 1 4.82013
0 0 0 0 1 4.90588
0 0 0 0 1 4.87891
0 0 0 0 1 4.88222
0 0 0 0 0 4.90518
0 0 0 0 1 4.93815
0 0 0 0 1 4.96026
0 0 0 0 1 4.96881
0 0 0 0 1 4.99233
0 0 0 0 0 5.00976
0 0 0 0 1 5.04856
0 0 0 0 1 5.01221
0 0 0 0 1 5.04116
0 0 0 0 1 5.08549
0 0 0 0 1 5.08943
0 0 0 0 1 5.09337
0 0 0 0 1 5.11266
0 0 0 0 1 5.17181
0 0 0 0 1 5.1038
0 0 0 0 0 5.19566
0 0 0 0 1 5.14271
0 0 0 0 1 5.17274
0 0 0 0 1 5.2553
0 0 0 0 1 5.20181
0 0 0 0 1 5.25862
0 0 0 0 1 5.35438
0 0 0 0 1 5.33232
0 0 0 0 1 5.39015
0 0 0 0 1 5.41618
0 0 0 0 1 5.37236
0 0 0 0 1 5.39447
0 0 0 0 1 5.45321
0 0 0 0 0 5.41418
0 0 0 0 1 5.41857
0 0 0 0 1 5.45735
0 0 0 0 1 5.51146
0 0 0 0 0 5.56193
0 0 0 0 1 5.54987
0 0 0 0 0 5.61753
0 0 0 0 0 5.58289
0 0 0 0 1 5.62281
0 0 0 0 1 5.66141
0 0 0 0 1 5.6904
0 0 0 0 1 5.68934
0 0 0 0 1 5.80473
0 0 0 0 1 5.7708
0 0 0 0 1 5.84676
0 0 0 0 1 5.79912
0 0 0 0 1 5.90492
0 0 0 0 1 5.89964
0 0 0 0 0 5.92966
0 0 0 0 1 6.01338
0 0 0 0 0 5.94816
0 0 0 0 1 6.02643
0 0 0 0 1 6.09925
0 0 0 0 1 6.01466
0 0 0 0 0 6.05112
0 0 0 0 0 6.15527
0 0 0 0 0 6.21253
0 0 0 0 1 9.56663
0 0 0 0 0 9.52874
0 0 0 0 1 9.36504
0 0 0 0 1 9.50378
0 0 0 0 1 9.42883
0 0 0 0 1 9.42601
0 0 0 0 0 9.26473
0 0 0 0 1 9.22196
0 0 0 0 0 9.16745
0 0 0 0 0 9.2577
0 0 0 0 1 9.12653
0 0 0 0 1 9.08791
0 0 0 0 1 9.09522
0 0 0 0 0 9.09336
0 0 0 0 1 9.07335
0 0 0 0 1 9.13493
0 0 0 0 0 8.97954
0 0 0 0 1 8.98376
0 0 0 0 1 9.0092
0 0 0 0 1 9.04018
0 0 0 0 1 8.95825
0 0 0 0 1 8.98359
0 0 0 0 1 8.92898
0 0 0 0 1 8.76866
0 0 0 0 1 8.77341
0 0 0 0 0 8.76395
0 0 0 0 1 8.85098
0 0 0 0 1 8.68603
0 0 0 0 1 8.80781
0 0 0 0 1 8.66464
0 0 0 0 1 8.62979
0 0 0 0 1 8.72151
0 0 0 0 1 8.70403
0 0 0 0 0 8.55419
0 0 0 0 1 8.58889
0 0 0 0 1 8.61141
0 0 0 0 1 8.54346
0 0 0 0 1 8.54053
0 0 0 0 1 8.58014
0 0 0 0 1 8.4501
0 0 0 0 1 8.4391
0 0 0 0 0 8.51258
0 0 0 0 1 8.42946
0 0 0 0 1 8.35163
0 0 0 0 1 8.36633
0 0 0 0 1 8.43952
0 0 0 0 1 8.25399
0 0 0 0 1 8.25614
0 0 0 0 1 8.31268
0 0 0 0 1 8.2697
0 0 0 0 0 8.29757
0 0 0 0 1 8.28791
0 0 0 0 1 8.18786
0 0 0 0 1 8.24433
0 0 0 0 0 8.25148
0 0 0 0 1 8.16057
0 0 0 0 1 8.07828
0 0 0 0 1 8.10229
0 0 0 0 0 8.10191
0 0 0 0 1 8.0854
0 0 0 0 0 8.17427
0 0 0 0 1 8.14173
0 0 0 0 1 8.07717
0 0 0 0 1 8.00082
0 0 0 0 1 8.02531
0 0 0 0 1 8.02576
0 0 0 0 1 7.93829
0 0 0 0 1 7.93114
0 0 0 0 1 8.03953
0 0 0 0 1 7.97668
0 0 0 0 1 7.92214
0 0 0 0 1 7.94722
0 0 0 0 0 7.92484
0 0 0 0 1 7.83506
0 0 0 0 1 7.86841
0 0 0 0 1 7.83874
0 0 0 0 1 7.89139
0 0 0 0 0 7.89683
0 0 0 0 0 7.77345
0 0 0 0 0 7.75241
0 0 0 0 1 7.77068
0 0 0 0 1 7.88593
0 0 0 0 1 7.74826
0 0 0 0 1 7.75127
0 0 0 0 1 7.76527
0 0 0 0 1 7.69089
0 0 0 0 1 7.68186
