0 0 0 0 1 5.57508
0 0 0 0 1 5.53978
0 0 0 0 1 5.51561
0 0 0 0 1 5.55523
0 0 0 0 1 5.55912
0 0 0 0 1 5.6414
0 0 0 0 0 5.54957
0 0 0 0 0 5.56493
0 0 0 0 1 5.58835
0 0 0 0 0 5.62648
0 0 0 0 1 5.65923
0 0 0 0 0 5.67528
0 0 0 0 1 5.6597
0 0 0 0 0 5.70426
0 0 0 0 1 5.65271
0 0 0 0 0 5.65991
0 0 0 0 1 5.69359
0 0 0 0 0 5.75028
0 0 0 0 1 5.6988
0 0 0 0 1 5.73113
0 0 0 0 1 5.78265
0 0 0 0 1 5.68531
0 0 0 0 1 5.79461
0 0 0 0 1 5.80075
0 0 0 0 0 5.82029
0 0 0 0 1 5.79196
0 0 0 0 1 5.82152
0 0 0 0 1 5.85128
0 0 0 0 1 5.79981
0 0 0 0 1 5.79482
0 0 0 0 1 5.83079
0 0 0 0 1 5.82174
0 0 0 0 1 5.85371
0 0 0 0 1 5.82555
0 0 0 0 0 5.82676
0 0 0 0 1 5.85164
0 0 0 0 1 5.88852
0 0 0 0 1 5.9671
0 0 0 0 1 5.96296
0 0 0 0 1 5.90528
0 0 0 0 0 5.97865
0 0 0 0 1 6.0285
0 0 0 0 1 6.02595
0 0 0 0 1 5.97412
0 0 0 0 1 6.0545
0 0 0 0 1 6.02672
0 0 0 0 1 6.07629
0 0 0 0 1 6.12131
0 0 0 0 1 6.09362
0 0 0 0 0 6.05973
0 0 0 0 1 6.13572
0 0 0 0 0 6.07734
0 0 0 0 1 6.15892
0 0 0 0 1 6.10142
0 0 0 0 1 6.19693
0 0 0 0 1 6.23106
0 0 0 0 0 6.14753
0 0 0 0 1 6.24924
0 0 0 0 1 6.23397
0 0 0 0 1 6.26869
0 0 0 0 1 6.26506
0 0 0 0 1 6.30641
0 0 0 0 1 6.36061
0 0 0 0 1 6.3898
0 0 0 0 1 6.28595
0 0 0 0 0 6.35246
0 0 0 0 1 6.31811
0 0 0 0 1 6.35315
0 0 0 0 1 6.4085
0 0 0 0 1 6.5021
0 0 0 0 1 6.42252
0 0 0 0 1 6.45191
0 0 0 0 1 6.54074
0 0 0 0 0 6.49314
0 0 0 0 1 6.49104
0 0 0 0 0 6.52101
0 0 0 0 1 6.6302
0 0 0 0 0 6.58221
0 0 0 0 1 6.6194
0 0 0 0 1 6.61029
0 0 0 0 0 6.65448
0 0 0 0 1 6.65268
0 0 0 0 1 6.72468
0 0 0 0 1 6.69553
0 0 0 0 1 6.73374
0 0 0 0 0 6.75184
0 0 0 0 1 6.74278
0 0 0 0 1 6.82932
0 0 0 0 1 6.88214
0 0 0 0 1 6.85956
0 0 0 0 1 6.8644
0 0 0 0 1 6.95293
0 0 0 0 1 6.98589
0 0 0 0 1 6.93521
0 0 0 0 1 7.03833
0 0 0 0 1 7.04363
0 0 0 0 0 7.04846
0 0 0 0 1 7.16013
0 0 0 0 1 7.17997
0 0 0 0 1 7.12839
0 0 0 0 1 7.19834
0 0 0 0 1 7.21831
0 0 0 0 1 7.18003
0 0 0 0 1 7.2217
0 0 0 0 0 7.36535
0 0 0 0 1 7.29064
0 0 0 0 1 7.28834
0 0 0 0 1 7.35333
0 0 0 0 1 7.35106
0 0 0 0 1 7.42315
0 0 0 0 1 7.42134
0 0 0 0 1 7.49408
0 0 0 0 0 7.57489
0 0 0 0 1 7.51212
0 0 0 0 1 7.62434
0 0 0 0 1 7.72165
0 0 0 0 1 7.63516
0 0 0 0 0 7.64809
0 0 0 0 1 7.70753
0 0 0 0 1 7.81412
0 0 0 0 1 7.83579
0 0 0 0 1 7.93567
0 0 0 0 0 7.98849
0 0 0 0 1 7.93869
0 0 0 0 1 7.93557
0 0 0 0 1 8.00497
0 0 0 0 1 8.1474
0 0 0 0 1 8.08834
0 0 0 0 1 8.0849
0 0 0 0 1 8.22095
0 0 0 0 1 8.28349
0 0 0 0 1 8.33812
0 0 0 0 1 8.25213
0 0 0 0 0 8.44873
0 0 0 0 1 8.47052
0 0 0 0 1 8.54296
0 0 0 0 1 8.5478
0 0 0 0 1 8.46682
0 0 0 0 1 8.66901
0 0 0 0 1 8.60448
0 0 0 0 1 8.76404
0 0 0 0 0 8.65476
0 0 0 0 1 8.81561
0 0 0 0 1 8.92639
0 0 0 0 0 8.92087
0 0 0 0 1 8.92371
0 0 0 0 1 8.94407
0 0 0 0 1 9.10012
0 0 0 0 1 9.15822
0 0 0 0 1 9.11473
0 0 0 0 1 9.21778
0 0 0 0 1 9.37729
0 0 0 0 1 9.24048
0 0 0 0 1 9.41864
0 0 0 0 1 9.36321
0 0 0 0 1 9.47658
0 0 0 0 1 9.54288
0 0 0 0 0 9.65895
0 0 0 0 1 9.81347
0 0 0 0 1 9.71502
0 0 0 0 1 9.86075
0 0 0 0 1 9.90011
0 0 0 0 0 10.0362
0 0 0 0 1 10.0441
0 0 0 0 1 10.2017
0 0 0 0 1 10.2501
0 0 0 0 1 10.2454
0 0 0 0 0 10.3224
0 0 0 0 1 10.4953
0 0 0 0 1 10.5525
0 0 0 0 1 10.4826
0 0 0 0 1 10.5899
0 0 0 0 1 10.8502
0 0 0 0 1 10.9057
0 0 0 0 1 9.32451
0 0 0 0 1 9.32818
0 0 0 0 0 9.35524
0 0 0 0 1 9.22962
0 0 0 0 1 9.17391
0 0 0 0 1 9.14145
0 0 0 0 1 9.10466
0 0 0 0 1 9.10016
0 0 0 0 1 9.21909
0 0 0 0 1 9.0778
0 0 0 0 0 9.1691
0 0 0 0 1 8.98338
0 0 0 0 1 9.1018
0 0 0 0 1 8.96674
0 0 0 0 0 8.93627
0 0 0 0 1 8.99129
0 0 0 0 1 8.98805
0 0 0 0 0 8.89952
0 0 0 0 1 8.90981
0 0 0 0 1 8.88444
0 0 0 0 1 8.92646
0 0 0 0 1 8.80354
0 0 0 0 1 8.81431
0 0 0 0 1 8.91373
0 0 0 0 0 8.92444
0 0 0 0 1 8.76362
0 0 0 0 1 8.80121
0 0 0 0 1 8.82118
0 0 0 0 1 8.69194
0 0 0 0 0 8.721
0 0 0 0 1 8.75882
0 0 0 0 0 8.68819
0 0 0 0 1 8.72617
0 0 0 0 1 8.62489
0 0 0 0 1 8.70652
0 0 0 0 1 8.70993
0 0 0 0 1 8.6788
0 0 0 0 1 8.70843
0 0 0 0 1 8.66037
0 0 0 0 1 8.6988
0 0 0 0 0 8.68559
0 0 0 0 1 8.57799
0 0 0 0 1 8.4966
0 0 0 0 1 8.4927
0 0 0 0 0 8.51462
0 0 0 0 0 8.59642
0 0 0 0 1 8.58729
0 0 0 0 1 8.57526
0 0 0 0 1 8.58413
0 0 0 0 0 8.78694
0 0 0 0 1 8.86862
0 0 0 0 1 9.04839
0 0 0 0 1 9.03872
0 0 0 0 1 9.16364
0 0 0 0 0 9.33508
0 0 0 0 0 9.48857
0 0 0 0 1 9.73913
0 0 0 0 1 9.76657
0 0 0 0 1 9.96977
0 0 0 0 1 10.2453
0 0 0 0 1 10.4623
0 0 0 0 1 10.6056
0 0 0 0 1 10.716
0 0 0 0 1 11.0403
0 0 0 0 1 11.0683
0 0 0 0 1 11.2585
0 0 0 0 1 11.4809
0 0 0 0 1 11.9023
0 0 0 0 1 11.9939
0 0 0 0 1 12.2717
0 0 0 0 1 12.6988
0 0 0 0 1 12.899
0 0 0 0 1 22.5009
0 0 0 0 1 22.5277
0 0 0 0 1 22.7798
0 0 0 0 1 22.8298
0 0 0 0 1 22.7441
0 0 0 0 1 22.5005
0 0 0 0 0 22.5292
0 0 0 0 1 22.4678
0 0 0 0 1 22.6101
0 0 0 0 0 22.7527
0 0 0 0 1 22.3992
0 0 0 0 1 22.6102
0 0 0 0 1 22.3947
0 0 0 0 1 22.5387
0 0 0 0 0 22.4579
0 0 0 0 1 22.3101
0 0 0 0 1 22.5451
0 0 0 0 1 22.6004
0 0 0 0 1 23.4316
0 0 0 0 1 24.0273
0 0 0 0 1 25.319
0 0 0 0 1 26.3958
0 0 0 0 1 36.1627
0 0 0 0 1 36.0386
0 0 0 0 1 36.4247
0 0 0 0 1 36.1201
0 0 0 0 0 36.2106
0 0 0 0 1 38.4878
0 0 0 0 0 52.4832
0 0 0 0 0 51.7909
0 0 0 0 1 52.3495
0 0 0 0 0 51.8156
0 0 0 0 1 51.9071
0 0 0 0 1 55.9905
0 0 0 0 0 64.8733
0 0 0 0 1 68.9673
0 0 0 0 1 81.3191
0 0 0 0 0 5.02002
0 0 0 0 0 5.03505
0 0 0 0 0 4.97493
0 0 0 0 0 5.04507
0 0 0 0 0 5.05509
0 0 0 0 0 5.01501
0 0 0 0 0 4.96491
0 0 0 0 0 4.96491
0 0 0 0 0 4.96992
0 0 0 0 0 4.99998
0 0 0 0 0 5.05509
0 0 0 0 0 5.02002
0 0 0 0 1 87.2405
0 0 0 0 1 88.3883
0 0 0 0 1 75.3703
0 0 0 0 1 64.3497
0 0 0 0 1 60.2238
0 0 0 0 1 60.4165
0 0 0 0 1 59.944
0 0 0 0 1 51.7254
0 0 0 0 1 48.1791
0 0 0 0 1 47.6635
0 0 0 0 1 38.8814
0 0 0 0 1 36.783
0 0 0 0 1 35.4538
0 0 0 0 1 35.5016
0 0 0 0 1 35.3709
0 0 0 0 1 35.7771
0 0 0 0 1 27.9936
0 0 0 0 0 26.7231
0 0 0 0 1 25.793
0 0 0 0 0 24.8115
0 0 0 0 1 24.4539
0 0 0 0 0 24.4906
0 0 0 0 1 24.6746
0 0 0 0 1 24.6138
0 0 0 0 1 24.6027
0 0 0 0 0 24.7649
0 0 0 0 1 24.5819
0 0 0 0 1 24.6464
0 0 0 0 1 24.9078
0 0 0 0 1 18.2181
0 0 0 0 1 17.7742
0 0 0 0 0 17.2433
0 0 0 0 1 16.8448
0 0 0 0 1 16.1307
0 0 0 0 1 15.9907
0 0 0 0 1 15.6093
0 0 0 0 1 15.2724
0 0 0 0 1 14.8605
0 0 0 0 1 14.3942
0 0 0 0 1 14.0144
0 0 0 0 1 13.8592
0 0 0 0 1 13.8293
0 0 0 0 1 13.8274
0 0 0 0 1 13.784
0 0 0 0 0 13.8661
0 0 0 0 1 13.8252
0 0 0 0 1 14.0058
0 0 0 0 1 14.1031
0 0 0 0 1 13.9209
0 0 0 0 1 13.937
0 0 0 0 1 14.0632
0 0 0 0 1 14.0777
0 0 0 0 1 13.9378
0 0 0 0 1 13.955
0 0 0 0 1 13.9841
0 0 0 0 1 13.9852
0 0 0 0 1 14.1868
0 0 0 0 1 14.1604
0 0 0 0 1 14.1058
0 0 0 0 1 14.139
0 0 0 0 1 14.1415
0 0 0 0 1 14.3457
0 0 0 0 1 14.1497
0 0 0 0 1 14.2269
0 0 0 0 1 14.2303
0 0 0 0 1 14.3939
0 0 0 0 1 14.4122
0 0 0 0 1 14.3765
0 0 0 0 1 14.4669
0 0 0 0 1 8.89653
0 0 0 0 1 8.7819
0 0 0 0 1 8.60726
0 0 0 0 0 8.57118
0 0 0 0 1 8.40774
0 0 0 0 0 8.36193
0 0 0 0 1 8.14413
0 0 0 0 1 8.07382
0 0 0 0 1 8.06023
0 0 0 0 1 7.96589
0 0 0 0 1 7.77166
0 0 0 0 1 7.77163
0 0 0 0 1 7.64911
0 0 0 0 1 7.49734
0 0 0 0 1 7.54903
0 0 0 0 1 7.32617
0 0 0 0 1 7.34621
0 0 0 0 1 7.18515
0 0 0 0 1 7.16221
0 0 0 0 1 7.13128
0 0 0 0 1 7.09259
0 0 0 0 1 6.95127
0 0 0 0 1 6.87818
0 0 0 0 0 6.80753
0 0 0 0 1 6.79795
0 0 0 0 0 6.73392
0 0 0 0 1 6.61035
0 0 0 0 1 6.61282
0 0 0 0 1 6.51661
0 0 0 0 1 6.50755
0 0 0 0 1 6.39929
0 0 0 0 1 6.34531
0 0 0 0 0 6.34167
0 0 0 0 0 6.20656
0 0 0 0 0 6.20874
0 0 0 0 1 6.15501
0 0 0 0 0 6.1196
0 0 0 0 1 6.05081
0 0 0 0 1 5.99749
0 0 0 0 0 5.94724
0 0 0 0 1 5.84726
0 0 0 0 1 5.78606
0 0 0 0 0 5.80618
0 0 0 0 1 5.78526
0 0 0 0 1 5.63018
0 0 0 0 1 5.68873
0 0 0 0 1 5.61142
0 0 0 0 1 5.60458
0 0 0 0 1 5.50037
0 0 0 0 1 5.49038
0 0 0 0 0 5.40932
0 0 0 0 1 5.38065
0 0 0 0 1 5.4164
0 0 0 0 1 5.33615
0 0 0 0 0 5.25976
0 0 0 0 1 5.29115
0 0 0 0 1 5.23101
0 0 0 0 1 5.20239
0 0 0 0 1 5.11716
0 0 0 0 1 5.1401
0 0 0 0 0 5.02711
0 0 0 0 0 5.08481
0 0 0 0 1 5.06468
0 0 0 0 1 4.93657
0 0 0 0 1 4.93848
0 0 0 0 1 4.92528
0 0 0 0 1 4.84356
0 0 0 0 1 4.90666
0 0 0 0 1 4.78201
0 0 0 0 0 4.79574
0 0 0 0 1 4.78808
0 0 0 0 1 4.82497
0 0 0 0 0 4.90102
0 0 0 0 1 4.83992
0 0 0 0 1 4.94092
0 0 0 0 0 4.88554
0 0 0 0 1 4.92337
0 0 0 0 1 4.98496
0 0 0 0 0 4.99856
0 0 0 0 1 4.9326
0 0 0 0 1 5.0397
0 0 0 0 1 5.00348
0 0 0 0 1 5.05243
0 0 0 0 1 5.07144
0 0 0 0 1 5.01964
0 0 0 0 0 5.04876
0 0 0 0 0 5.1342
0 0 0 0 1 5.17414
0 0 0 0 1 5.11531
0 0 0 0 1 5.1502
0 0 0 0 1 5.13873
0 0 0 0 1 5.18427
0 0 0 0 1 5.24053
0 0 0 0 1 5.25006
0 0 0 0 1 5.29639
0 0 0 0 0 5.31136
0 0 0 0 0 5.27486
0 0 0 0 1 5.32699
0 0 0 0 1 5.36344
0 0 0 0 1 5.38401
0 0 0 0 1 5.41543
0 0 0 0 1 5.38365
0 0 0 0 1 5.39889
0 0 0 0 1 5.49597
0 0 0 0 1 5.42951
0 0 0 0 1 5.46836
0 0 0 0 0 5.56669
0 0 0 0 1 5.58413
0 0 0 0 1 5.6056
0 0 0 0 1 5.56153
0 0 0 0 1 5.57727
0 0 0 0 1 5.6002
0 0 0 0 1 5.66141
0 0 0 0 1 5.71891
0 0 0 0 1 5.70078
0 0 0 0 1 5.79323
0 0 0 0 1 5.81706
0 0 0 0 1 5.7654
0 0 0 0 1 5.85746
0 0 0 0 1 5.89906
0 0 0 0 0 5.84659
0 0 0 0 1 5.89411
0 0 0 0 1 5.90621
0 0 0 0 1 5.93619
0 0 0 0 1 6.03244
0 0 0 0 1 6.06903
0 0 0 0 1 6.12401
0 0 0 0 1 6.05723
0 0 0 0 1 6.14913
0 0 0 0 1 6.23105
0 0 0 0 1 9.43337
0 0 0 0 1 9.44341
0 0 0 0 1 9.54459
0 0 0 0 1 9.45668
0 0 0 0 0 9.41945
0 0 0 0 1 9.42601
0 0 0 0 0 9.29269
0 0 0 0 1 9.31492
0 0 0 0 1 9.29709
0 0 0 0 1 9.24847
0 0 0 0 0 9.29214
0 0 0 0 1 9.22546
0 0 0 0 1 9.04952
0 0 0 0 1 9.0478
0 0 0 0 1 9.14601
0 0 0 0 1 9.00819
0 0 0 0 1 8.99759
0 0 0 0 0 9.01076
0 0 0 0 1 9.0092
0 0 0 0 0 8.94173
0 0 0 0 1 9.01179
0 0 0 0 1 8.87685
0 0 0 0 1 8.80484
0 0 0 0 1 8.80402
0 0 0 0 1 8.78222
0 0 0 0 1 8.87822
0 0 0 0 0 8.7984
0 0 0 0 1 8.80849
0 0 0 0 1 8.74677
0 0 0 0 1 8.75163
0 0 0 0 1 8.62112
0 0 0 0 1 8.6869
0 0 0 0 1 8.60051
0 0 0 0 1 8.63164
0 0 0 0 1 8.61463
0 0 0 0 1 8.50013
0 0 0 0 1 8.54346
0 0 0 0 0 8.58311
0 0 0 0 1 8.53766
0 0 0 0 1 8.42468
0 0 0 0 1 8.40528
0 0 0 0 1 8.50414
0 0 0 0 1 8.37899
0 0 0 0 0 8.32645
0 0 0 0 0 8.42495
0 0 0 0 1 8.4061
0 0 0 0 1 8.30402
0 0 0 0 1 8.33097
0 0 0 0 1 8.37904
0 0 0 0 1 8.31937
0 0 0 0 1 8.22319
0 0 0 0 0 8.27966
0 0 0 0 1 8.21255
0 0 0 0 1 8.26075
0 0 0 0 1 8.18593
0 0 0 0 0 8.14422
0 0 0 0 1 8.1762
0 0 0 0 1 8.11043
0 0 0 0 1 8.07753
0 0 0 0 0 8.03674
0 0 0 0 0 8.17427
0 0 0 0 1 8.0448
0 0 0 0 1 8.11748
0 0 0 0 0 8.03301
0 0 0 0 0 8.02531
0 0 0 0 1 8.07387
0 0 0 0 1 8.07433
0 0 0 0 1 7.93114
0 0 0 0 1 7.9837
0 0 0 0 1 7.9926
0 0 0 0 1 7.96187
0 0 0 0 1 7.9155
0 0 0 0 1 7.88526
0 0 0 0 0 7.97737
0 0 0 0 0 7.93155
0 0 0 0 0 7.94904
0 0 0 0 0 7.78911
0 0 0 0 1 7.84969
0 0 0 0 0 7.78913
0 0 0 0 1 7.86988
0 0 0 0 1 7.78631
0 0 0 0 1 7.76881
0 0 0 0 1 7.83401
0 0 0 0 1 7.80574
0 0 0 0 1 7.81968
0 0 0 0 1 7.73745
0 0 0 0 1 7.82139
