0 0 0 0 1 5.55844
0 0 0 0 1 5.56756
0 0 0 0 1 5.5323
0 0 0 0 1 5.55523
0 0 0 0 1 5.60377
0 0 0 0 1 5.63581
0 0 0 0 1 5.62789
0 0 0 0 1 5.6546
0 0 0 0 1 5.58274
0 0 0 0 1 5.58714
0 0 0 0 1 5.67049
0 0 0 0 1 5.65271
0 0 0 0 1 5.63711
0 0 0 0 1 5.64202
0 0 0 0 1 5.72641
0 0 0 0 0 5.65991
0 0 0 0 1 5.74478
0 0 0 0 1 5.72179
0 0 0 0 1 5.66454
0 0 0 0 0 5.74828
0 0 0 0 1 5.73112
0 0 0 0 1 5.71973
0 0 0 0 1 5.78311
0 0 0 0 0 5.78347
0 0 0 0 1 5.72799
0 0 0 0 0 5.80352
0 0 0 0 1 5.76359
0 0 0 0 1 5.83967
0 0 0 0 1 5.8638
0 0 0 0 1 5.81814
0 0 0 0 1 5.79573
0 0 0 0 0 5.79248
0 0 0 0 1 5.90644
0 0 0 0 1 5.85491
0 0 0 0 1 5.8915
0 0 0 0 1 5.84574
0 0 0 0 1 5.87669
0 0 0 0 1 5.88414
0 0 0 0 1 5.96296
0 0 0 0 1 5.9648
0 0 0 0 1 5.93092
0 0 0 0 1 6.02252
0 0 0 0 1 6.00199
0 0 0 0 1 6.04617
0 0 0 0 1 6.03043
0 0 0 0 1 6.08705
0 0 0 0 1 6.05813
0 0 0 0 1 6.10918
0 0 0 0 0 6.02064
0 0 0 0 0 6.09021
0 0 0 0 1 6.14183
0 0 0 0 1 6.13861
0 0 0 0 0 6.10975
0 0 0 0 1 6.16915
0 0 0 0 1 6.14138
0 0 0 0 0 6.12587
0 0 0 0 1 6.19096
0 0 0 0 1 6.187
0 0 0 0 1 6.30261
0 0 0 0 1 6.26243
0 0 0 0 1 6.25251
0 0 0 0 1 6.3127
0 0 0 0 1 6.25334
0 0 0 0 1 6.3202
0 0 0 0 0 6.33669
0 0 0 0 1 6.38429
0 0 0 0 1 6.35002
0 0 0 0 1 6.4236
0 0 0 0 1 6.40208
0 0 0 0 1 6.45699
0 0 0 0 1 6.39667
0 0 0 0 1 6.44543
0 0 0 0 1 6.47572
0 0 0 0 1 6.5127
0 0 0 0 1 6.55641
0 0 0 0 1 6.56693
0 0 0 0 0 6.61703
0 0 0 0 1 6.5426
0 0 0 0 1 6.59289
0 0 0 0 1 6.68344
0 0 0 0 1 6.68785
0 0 0 0 1 6.6326
0 0 0 0 1 6.77166
0 0 0 0 1 6.6888
0 0 0 0 1 6.7067
0 0 0 0 1 6.79934
0 0 0 0 1 6.82451
0 0 0 0 1 6.77463
0 0 0 0 0 6.8547
0 0 0 0 1 6.85267
0 0 0 0 1 6.975
0 0 0 0 1 7.00146
0 0 0 0 1 6.9998
0 0 0 0 1 6.91426
0 0 0 0 1 7.06637
0 0 0 0 1 6.96623
0 0 0 0 0 7.00604
0 0 0 0 1 7.07498
0 0 0 0 1 7.0945
0 0 0 0 0 7.12839
0 0 0 0 1 7.15528
0 0 0 0 1 7.15347
0 0 0 0 1 7.29584
0 0 0 0 1 7.22897
0 0 0 0 1 7.34346
0 0 0 0 1 7.28331
0 0 0 0 1 7.34724
0 0 0 0 1 7.42716
0 0 0 0 0 7.40299
0 0 0 0 1 7.38588
0 0 0 0 1 7.42134
0 0 0 0 1 7.48656
0 0 0 0 1 7.52202
0 0 0 0 1 7.52729
0 0 0 0 1 7.59387
0 0 0 0 0 7.72931
0 0 0 0 0 7.63516
0 0 0 0 1 7.66355
0 0 0 0 1 7.76962
0 0 0 0 0 7.86091
0 0 0 0 1 7.77317
0 0 0 0 1 7.8413
0 0 0 0 0 7.96476
0 0 0 0 0 7.89895
0 0 0 0 0 7.9995
0 0 0 0 0 7.98088
0 0 0 0 1 8.0264
0 0 0 0 0 8.13697
0 0 0 0 1 8.22345
0 0 0 0 1 8.18001
0 0 0 0 1 8.20115
0 0 0 0 0 8.305
0 0 0 0 1 8.40187
0 0 0 0 1 8.44873
0 0 0 0 0 8.46211
0 0 0 0 1 8.44146
0 0 0 0 0 8.46275
0 0 0 0 0 8.48392
0 0 0 0 1 8.52295
0 0 0 0 1 8.57857
0 0 0 0 1 8.72057
0 0 0 0 1 8.77715
0 0 0 0 1 8.8596
0 0 0 0 1 8.80266
0 0 0 0 1 8.92087
0 0 0 0 1 8.8879
0 0 0 0 0 8.92606
0 0 0 0 1 9.09106
0 0 0 0 0 9.05798
0 0 0 0 1 9.1514
0 0 0 0 0 9.30083
0 0 0 0 1 9.21017
0 0 0 0 0 9.42716
0 0 0 0 0 9.33404
0 0 0 0 1 9.37267
0 0 0 0 1 9.46706
0 0 0 0 0 9.53329
0 0 0 0 1 9.63965
0 0 0 0 1 9.78432
0 0 0 0 1 9.72481
0 0 0 0 0 9.91985
0 0 0 0 0 9.86047
0 0 0 0 1 10.0162
0 0 0 0 1 10.0743
0 0 0 0 0 10.141
0 0 0 0 1 10.2909
0 0 0 0 1 10.2454
0 0 0 0 1 10.3224
0 0 0 0 1 10.4536
0 0 0 0 1 10.4475
0 0 0 0 1 10.5461
0 0 0 0 0 10.6538
0 0 0 0 1 10.775
0 0 0 0 0 10.7433
0 0 0 0 1 9.37104
0 0 0 0 1 9.30033
0 0 0 0 1 9.23483
0 0 0 0 1 9.16495
0 0 0 0 1 9.13703
0 0 0 0 1 9.16904
0 0 0 0 1 9.20562
0 0 0 0 1 9.1734
0 0 0 0 0 9.16426
0 0 0 0 1 9.05957
0 0 0 0 1 9.05085
0 0 0 0 1 9.10134
0 0 0 0 1 9.11086
0 0 0 0 1 8.9577
0 0 0 0 1 8.97234
0 0 0 0 1 8.91029
0 0 0 0 0 8.95213
0 0 0 0 0 9.03396
0 0 0 0 1 8.96349
0 0 0 0 1 9.00051
0 0 0 0 1 8.95319
0 0 0 0 1 8.9725
0 0 0 0 1 8.83206
0 0 0 0 0 8.78968
0 0 0 0 1 8.86253
0 0 0 0 1 8.81658
0 0 0 0 1 8.8805
0 0 0 0 1 8.72444
0 0 0 0 1 8.78851
0 0 0 0 1 8.79112
0 0 0 0 1 8.82882
0 0 0 0 0 8.67073
0 0 0 0 1 8.63028
0 0 0 0 1 8.79025
0 0 0 0 1 8.75866
0 0 0 0 0 8.69258
0 0 0 0 1 8.60951
0 0 0 0 1 8.68248
0 0 0 0 1 8.67764
0 0 0 0 0 8.68155
0 0 0 0 1 8.65115
0 0 0 0 1 8.60378
0 0 0 0 0 8.53951
0 0 0 0 0 8.65553
0 0 0 0 1 8.50606
0 0 0 0 1 8.5537
0 0 0 0 1 8.49339
0 0 0 0 1 8.53264
0 0 0 0 1 8.66131
0 0 0 0 1 8.74344
0 0 0 0 1 8.91274
0 0 0 0 0 8.91401
0 0 0 0 1 9.03872
0 0 0 0 1 9.24678
0 0 0 0 1 9.45704
0 0 0 0 0 9.62208
0 0 0 0 1 9.75849
0 0 0 0 1 9.74688
0 0 0 0 1 10.0498
0 0 0 0 0 10.2656
0 0 0 0 1 10.4416
0 0 0 0 1 10.6584
0 0 0 0 1 10.759
0 0 0 0 1 10.9527
0 0 0 0 1 11.124
0 0 0 0 0 11.4516
0 0 0 0 1 11.5388
0 0 0 0 0 11.8787
0 0 0 0 0 11.9578
0 0 0 0 1 12.2471
0 0 0 0 0 12.6737
0 0 0 0 1 12.7576
0 0 0 0 0 22.8419
0 0 0 0 1 22.4822
0 0 0 0 0 22.9159
0 0 0 0 0 22.6484
0 0 0 0 1 22.7215
0 0 0 0 1 22.6137
0 0 0 0 0 22.8232
0 0 0 0 0 22.7616
0 0 0 0 1 22.7231
0 0 0 0 1 22.7979
0 0 0 0 1 22.5797
0 0 0 0 1 22.3623
0 0 0 0 1 22.5749
0 0 0 0 0 22.7413
0 0 0 0 1 22.4129
0 0 0 0 1 22.2876
0 0 0 0 1 22.6574
0 0 0 0 1 22.5555
0 0 0 0 0 23.13
0 0 0 0 1 24.3168
0 0 0 0 1 25.3441
0 0 0 0 0 26.0812
0 0 0 0 0 36.7818
0 0 0 0 0 36.6574
0 0 0 0 1 36.2064
0 0 0 0 0 36.1929
0 0 0 0 1 36.3198
0 0 0 0 1 38.796
0 0 0 0 1 52.327
0 0 0 0 1 51.9471
0 0 0 0 0 51.5169
0 0 0 0 1 52.0757
0 0 0 0 1 51.6471
0 0 0 0 1 55.9905
0 0 0 0 1 65.5934
0 0 0 0 1 70.0122
0 0 0 0 1 81.1555
0 0 0 0 0 4.98996
0 0 0 0 0 4.98495
0 0 0 0 0 4.99998
0 0 0 0 0 5.01501
0 0 0 0 0 4.99998
0 0 0 0 0 4.98996
0 0 0 0 0 5.0601
0 0 0 0 0 4.99998
0 0 0 0 0 5.05509
0 0 0 0 0 4.97493
0 0 0 0 0 4.97994
0 0 0 0 0 4.98996
0 0 0 0 0 87.3281
0 0 0 0 0 86.8991
0 0 0 0 0 74.9946
0 0 0 0 1 64.3497
0 0 0 0 0 60.0422
0 0 0 0 0 60.1138
0 0 0 0 1 60.9128
0 0 0 0 1 51.777
0 0 0 0 1 48.467
0 0 0 0 1 47.9035
0 0 0 0 1 38.96
0 0 0 0 1 36.4516
0 0 0 0 1 35.9888
0 0 0 0 1 35.5016
0 0 0 0 1 35.3709
0 0 0 0 1 35.5629
0 0 0 0 1 28.134
0 0 0 0 1 26.7767
0 0 0 0 1 25.8955
0 0 0 0 1 24.4668
0 0 0 0 1 24.8725
0 0 0 0 1 24.6631
0 0 0 0 0 24.7486
0 0 0 0 0 24.7371
0 0 0 0 1 24.9235
0 0 0 0 1 24.9131
0 0 0 0 1 24.5078
0 0 0 0 1 24.9677
0 0 0 0 1 24.6357
0 0 0 0 1 18.3819
0 0 0 0 0 17.5443
0 0 0 0 1 17.2261
0 0 0 0 1 16.6775
0 0 0 0 1 16.4239
0 0 0 0 1 15.7207
0 0 0 0 1 15.3615
0 0 0 0 1 15.2119
0 0 0 0 1 14.6244
0 0 0 0 1 14.3654
0 0 0 0 1 14.2118
0 0 0 0 1 13.8176
0 0 0 0 1 13.9405
0 0 0 0 1 13.9387
0 0 0 0 1 13.9789
0 0 0 0 1 13.8801
0 0 0 0 1 13.8113
0 0 0 0 1 14.1035
0 0 0 0 1 13.9353
0 0 0 0 1 14.0328
0 0 0 0 1 14.0211
0 0 0 0 0 14.0773
0 0 0 0 1 14.0636
0 0 0 0 1 13.994
0 0 0 0 1 14.1941
0 0 0 0 0 14.0967
0 0 0 0 1 13.9711
0 0 0 0 1 14.1304
0 0 0 0 1 14.0473
0 0 0 0 1 14.0917
0 0 0 0 1 14.2665
0 0 0 0 1 14.0422
0 0 0 0 1 14.2889
0 0 0 0 0 14.3346
0 0 0 0 1 14.2696
0 0 0 0 0 14.2017
0 0 0 0 1 14.1797
0 0 0 0 1 14.3836
0 0 0 0 1 14.3049
0 0 0 0 0 14.4669
0 0 0 0 1 8.78179
0 0 0 0 1 8.79933
0 0 0 0 1 8.54706
0 0 0 0 1 8.43526
0 0 0 0 1 8.4413
0 0 0 0 1 8.22933
0 0 0 0 1 8.22606
0 0 0 0 0 8.0091
0 0 0 0 0 7.97227
0 0 0 0 1 7.95008
0 0 0 0 1 7.85766
0 0 0 0 0 7.75618
0 0 0 0 1 7.61855
0 0 0 0 0 7.59559
0 0 0 0 1 7.43691
0 0 0 0 1 7.38537
0 0 0 0 0 7.25109
0 0 0 0 0 7.27207
0 0 0 0 1 7.2339
0 0 0 0 0 7.08161
0 0 0 0 1 7.00832
0 0 0 0 1 6.96518
0 0 0 0 1 6.9126
0 0 0 0 0 6.75296
0 0 0 0 0 6.70334
0 0 0 0 1 6.70045
0 0 0 0 1 6.65013
0 0 0 0 1 6.50775
0 0 0 0 1 6.45158
0 0 0 0 0 6.514
0 0 0 0 1 6.41206
0 0 0 0 1 6.38331
0 0 0 0 1 6.27261
0 0 0 0 1 6.21901
0 0 0 0 1 6.19022
0 0 0 0 1 6.06935
0 0 0 0 1 6.05288
0 0 0 0 0 5.97856
0 0 0 0 0 5.91991
0 0 0 0 1 5.96501
0 0 0 0 1 5.8179
0 0 0 0 0 5.80936
0 0 0 0 1 5.72521
0 0 0 0 1 5.72213
0 0 0 0 1 5.74392
0 0 0 0 1 5.63794
0 0 0 0 1 5.60582
0 0 0 0 0 5.53222
0 0 0 0 1 5.53351
0 0 0 0 0 5.5123
0 0 0 0 0 5.48543
0 0 0 0 1 5.43467
0 0 0 0 0 5.39493
0 0 0 0 1 5.34147
0 0 0 0 1 5.33914
0 0 0 0 1 5.2754
0 0 0 0 0 5.17364
0 0 0 0 1 5.20239
0 0 0 0 1 5.13775
0 0 0 0 1 5.15544
0 0 0 0 0 5.05754
0 0 0 0 1 5.04953
0 0 0 0 1 5.0346
0 0 0 0 1 4.93159
0 0 0 0 1 4.91868
0 0 0 0 1 4.90561
0 0 0 0 1 4.87286
0 0 0 0 1 4.89208
0 0 0 0 1 4.79166
0 0 0 0 1 4.85833
0 0 0 0 1 4.87014
0 0 0 0 0 4.8395
0 0 0 0 1 4.87184
0 0 0 0 0 4.84479
0 0 0 0 1 4.87733
0 0 0 0 1 4.93955
0 0 0 0 0 4.88887
0 0 0 0 1 4.91085
0 0 0 0 0 4.91426
0 0 0 0 1 5.0222
0 0 0 0 1 4.99479
0 0 0 0 1 5.01851
0 0 0 0 1 5.01221
0 0 0 0 1 5.08153
0 0 0 0 0 5.02977
0 0 0 0 1 5.10977
0 0 0 0 0 5.07296
0 0 0 0 0 5.14852
0 0 0 0 1 5.18208
0 0 0 0 0 5.1502
0 0 0 0 1 5.15426
0 0 0 0 0 5.21544
0 0 0 0 1 5.24053
0 0 0 0 1 5.28147
0 0 0 0 0 5.28062
0 0 0 0 1 5.25334
0 0 0 0 1 5.31727
0 0 0 0 1 5.28442
0 0 0 0 1 5.32604
0 0 0 0 1 5.38937
0 0 0 0 1 5.35622
0 0 0 0 1 5.3566
0 0 0 0 1 5.42062
0 0 0 0 0 5.42509
0 0 0 0 1 5.45141
0 0 0 0 1 5.52337
0 0 0 0 0 5.46728
0 0 0 0 1 5.50087
0 0 0 0 1 5.51644
0 0 0 0 1 5.54472
0 0 0 0 0 5.57727
0 0 0 0 1 5.67367
0 0 0 0 1 5.68978
0 0 0 0 1 5.72461
0 0 0 0 0 5.68361
0 0 0 0 0 5.71269
0 0 0 0 1 5.78814
0 0 0 0 1 5.83514
0 0 0 0 1 5.81079
0 0 0 0 0 5.92251
0 0 0 0 0 5.88785
0 0 0 0 0 5.94743
0 0 0 0 0 5.93002
0 0 0 0 0 6.01398
0 0 0 0 1 6.06853
0 0 0 0 0 6.08716
0 0 0 0 0 6.12401
0 0 0 0 0 6.11829
0 0 0 0 1 6.0939
0 0 0 0 1 6.2187
0 0 0 0 1 9.58567
0 0 0 0 0 9.47185
0 0 0 0 1 9.45954
0 0 0 0 1 9.36249
0 0 0 0 1 9.33501
0 0 0 0 1 9.25769
0 0 0 0 1 9.38589
0 0 0 0 1 9.26844
0 0 0 0 1 9.33413
0 0 0 0 1 9.24847
0 0 0 0 1 9.25534
0 0 0 0 0 9.22546
0 0 0 0 0 9.09522
0 0 0 0 1 9.19359
0 0 0 0 0 9.11876
0 0 0 0 1 9.03535
0 0 0 0 1 8.98856
0 0 0 0 1 8.91174
0 0 0 0 1 8.95536
0 0 0 0 1 9.01333
0 0 0 0 1 8.83334
0 0 0 0 1 8.9569
0 0 0 0 0 8.79598
0 0 0 0 1 8.8217
0 0 0 0 1 8.84395
0 0 0 0 1 8.71121
0 0 0 0 1 8.67571
0 0 0 0 1 8.76475
0 0 0 0 1 8.66828
0 0 0 0 0 8.68204
0 0 0 0 0 8.63847
0 0 0 0 1 8.60037
0 0 0 0 0 8.65227
0 0 0 0 1 8.53698
0 0 0 0 0 8.49451
0 0 0 0 0 8.64565
0 0 0 0 0 8.45811
0 0 0 0 1 8.54905
0 0 0 0 1 8.45271
0 0 0 0 1 8.51791
0 0 0 0 1 8.47293
0 0 0 0 1 8.41134
0 0 0 0 1 8.37899
0 0 0 0 1 8.40199
0 0 0 0 0 8.34121
0 0 0 0 1 8.30583
0 0 0 0 1 8.26233
0 0 0 0 0 8.37254
0 0 0 0 1 8.32097
0 0 0 0 1 8.31937
0 0 0 0 1 8.23971
0 0 0 0 1 8.31265
0 0 0 0 1 8.21255
0 0 0 0 1 8.27718
0 0 0 0 0 8.14496
0 0 0 0 1 8.11151
0 0 0 0 1 8.12724
0 0 0 0 1 8.10229
0 0 0 0 1 8.09378
0 0 0 0 1 8.0854
0 0 0 0 0 8.11762
0 0 0 0 1 8.05288
0 0 0 0 1 8.12554
0 0 0 0 1 7.98472
0 0 0 0 1 8.04941
0 0 0 0 1 8.0418
0 0 0 0 0 7.93829
0 0 0 0 1 7.94712
0 0 0 0 1 7.9837
0 0 0 0 0 7.96872
0 0 0 0 1 7.86651
0 0 0 0 1 7.87584
0 0 0 0 1 7.99609
0 0 0 0 1 7.83506
0 0 0 0 1 7.83684
0 0 0 0 0 7.80723
0 0 0 0 0 7.85205
0 0 0 0 1 7.77897
0 0 0 0 1 7.88326
0 0 0 0 1 7.86988
0 0 0 0 1 7.74722
0 0 0 0 1 7.72977
0 0 0 0 1 7.83401
0 0 0 0 1 7.83687
0 0 0 0 1 7.81968
0 0 0 0 0 7.73745
0 0 0 0 0 7.81364
