0 0 0 0 1 5.5196
0 0 0 0 1 5.58423
0 0 0 0 1 5.53787
0 0 0 0 0 5.58866
0 0 0 0 1 5.54237
0 0 0 0 0 5.63581
0 0 0 0 0 5.61111
0 0 0 0 1 5.61537
0 0 0 0 1 5.63324
0 0 0 0 1 5.61524
0 0 0 0 0 5.59729
0 0 0 0 1 5.63014
0 0 0 0 1 5.62016
0 0 0 0 1 5.71558
0 0 0 0 0 5.70374
0 0 0 0 1 5.67127
0 0 0 0 1 5.70496
0 0 0 0 1 5.642
0 0 0 0 1 5.73306
0 0 0 0 1 5.68542
0 0 0 0 1 5.75403
0 0 0 0 1 5.69678
0 0 0 0 1 5.71413
0 0 0 0 1 5.76619
0 0 0 0 1 5.79721
0 0 0 0 1 5.83242
0 0 0 0 1 5.8389
0 0 0 0 0 5.83967
0 0 0 0 1 5.79399
0 0 0 0 1 5.80648
0 0 0 0 1 5.80158
0 0 0 0 1 5.81003
0 0 0 0 1 5.9123
0 0 0 0 1 5.92538
0 0 0 0 1 5.93859
0 0 0 0 1 5.91653
0 0 0 0 1 5.88852
0 0 0 0 1 5.90192
0 0 0 0 1 5.96296
0 0 0 0 1 5.89337
0 0 0 0 1 5.98462
0 0 0 0 1 5.99261
0 0 0 0 0 6.01397
0 0 0 0 0 6.01014
0 0 0 0 1 6.07255
0 0 0 0 1 6.00862
0 0 0 0 0 6.1126
0 0 0 0 1 6.12131
0 0 0 0 1 6.02064
0 0 0 0 1 6.15118
0 0 0 0 1 6.07461
0 0 0 0 1 6.13861
0 0 0 0 0 6.12819
0 0 0 0 1 6.13836
0 0 0 0 1 6.1352
0 0 0 0 0 6.21868
0 0 0 0 1 6.15374
0 0 0 0 1 6.26792
0 0 0 0 1 6.21525
0 0 0 0 1 6.23115
0 0 0 0 0 6.30273
0 0 0 0 0 6.35676
0 0 0 0 0 6.36061
0 0 0 0 1 6.3898
0 0 0 0 1 6.32401
0 0 0 0 1 6.39702
0 0 0 0 1 6.36916
0 0 0 0 1 6.35315
0 0 0 0 1 6.45345
0 0 0 0 1 6.40544
0 0 0 0 1 6.48067
0 0 0 0 0 6.41949
0 0 0 0 1 6.44972
0 0 0 0 1 6.53878
0 0 0 0 0 6.56294
0 0 0 0 0 6.61942
0 0 0 0 1 6.54461
0 0 0 0 1 6.62842
0 0 0 0 1 6.69228
0 0 0 0 0 6.69674
0 0 0 0 1 6.69453
0 0 0 0 0 6.7263
0 0 0 0 1 6.67099
0 0 0 0 1 6.66859
0 0 0 0 1 6.76754
0 0 0 0 1 6.73826
0 0 0 0 0 6.87219
0 0 0 0 1 6.76779
0 0 0 0 0 6.84784
0 0 0 0 0 6.87333
0 0 0 0 1 6.90587
0 0 0 0 1 6.98759
0 0 0 0 1 6.88847
0 0 0 0 1 6.92125
0 0 0 0 1 6.98224
0 0 0 0 1 6.98734
0 0 0 0 1 7.09795
0 0 0 0 1 7.08207
0 0 0 0 1 7.14436
0 0 0 0 0 7.11409
0 0 0 0 1 7.19834
0 0 0 0 1 7.17509
0 0 0 0 0 7.28136
0 0 0 0 0 7.20717
0 0 0 0 1 7.33616
0 0 0 0 1 7.40055
0 0 0 0 1 7.43558
0 0 0 0 1 7.33856
0 0 0 0 1 7.35106
0 0 0 0 1 7.40079
0 0 0 0 1 7.40638
0 0 0 0 0 7.52414
0 0 0 0 1 7.54468
0 0 0 0 1 7.51971
0 0 0 0 1 7.57102
0 0 0 0 1 7.67574
0 0 0 0 1 7.73512
0 0 0 0 1 7.67127
0 0 0 0 1 7.73858
0 0 0 0 1 7.86871
0 0 0 0 0 7.78099
0 0 0 0 1 7.8413
0 0 0 0 1 7.90148
0 0 0 0 1 7.93869
0 0 0 0 1 8.05544
0 0 0 0 1 8.03708
0 0 0 0 1 8.10707
0 0 0 0 1 8.13697
0 0 0 0 0 8.22345
0 0 0 0 0 8.15545
0 0 0 0 1 8.25879
0 0 0 0 1 8.305
0 0 0 0 1 8.27709
0 0 0 0 0 8.32325
0 0 0 0 1 8.48735
0 0 0 0 0 8.50067
0 0 0 0 1 8.53079
0 0 0 0 1 8.46682
0 0 0 0 1 8.54013
0 0 0 0 1 8.70815
0 0 0 0 1 8.65101
0 0 0 0 1 8.68973
0 0 0 0 0 8.78921
0 0 0 0 0 8.80266
0 0 0 0 1 8.86751
0 0 0 0 1 9.00426
0 0 0 0 0 9.08818
0 0 0 0 1 9.10012
0 0 0 0 1 9.08532
0 0 0 0 0 9.23393
0 0 0 0 1 9.2916
0 0 0 0 1 9.1916
0 0 0 0 1 9.29648
0 0 0 0 1 9.46564
0 0 0 0 1 9.46724
0 0 0 0 1 9.55278
0 0 0 0 1 9.60043
0 0 0 0 1 9.55281
0 0 0 0 1 9.68716
0 0 0 0 1 9.77372
0 0 0 0 0 9.82135
0 0 0 0 1 9.96948
0 0 0 0 1 10.0262
0 0 0 0 1 10.0642
0 0 0 0 0 10.1511
0 0 0 0 1 10.1685
0 0 0 0 0 10.2351
0 0 0 0 1 10.4156
0 0 0 0 1 10.5161
0 0 0 0 1 10.479
0 0 0 0 1 10.5566
0 0 0 0 1 10.6965
0 0 0 0 1 10.7857
0 0 0 0 1 10.8624
0 0 0 0 1 9.25937
0 0 0 0 1 9.18895
0 0 0 0 1 9.2904
0 0 0 0 1 9.2019
0 0 0 0 1 9.18313
0 0 0 0 1 9.22422
0 0 0 0 1 9.10466
0 0 0 0 1 9.09101
0 0 0 0 1 9.22822
0 0 0 0 1 9.13248
0 0 0 0 1 9.1782
0 0 0 0 0 9.09227
0 0 0 0 1 9.11086
0 0 0 0 1 8.99386
0 0 0 0 1 8.98136
0 0 0 0 1 8.99129
0 0 0 0 0 9.03294
0 0 0 0 1 8.97122
0 0 0 0 1 8.99927
0 0 0 0 1 8.90229
0 0 0 0 1 8.94428
0 0 0 0 1 8.82133
0 0 0 0 1 8.92082
0 0 0 0 1 8.89601
0 0 0 0 1 8.85369
0 0 0 0 1 8.87835
0 0 0 0 0 8.81883
0 0 0 0 0 8.85636
0 0 0 0 1 8.73583
0 0 0 0 0 8.85247
0 0 0 0 1 8.68882
0 0 0 0 0 8.78424
0 0 0 0 1 8.6913
0 0 0 0 1 8.75544
0 0 0 0 1 8.73259
0 0 0 0 1 8.58848
0 0 0 0 0 8.73943
0 0 0 0 0 8.70843
0 0 0 0 1 8.65173
0 0 0 0 0 8.56086
0 0 0 0 1 8.62533
0 0 0 0 1 8.5608
0 0 0 0 1 8.51376
0 0 0 0 1 8.5784
0 0 0 0 1 8.60875
0 0 0 0 1 8.47679
0 0 0 0 1 8.519
0 0 0 0 1 8.45592
0 0 0 0 1 8.54125
0 0 0 0 0 8.67384
0 0 0 0 1 8.91274
0 0 0 0 1 8.88713
0 0 0 0 1 9.13874
0 0 0 0 1 9.31144
0 0 0 0 1 9.45704
0 0 0 0 1 9.4695
0 0 0 0 1 9.71977
0 0 0 0 0 9.93394
0 0 0 0 1 9.94975
0 0 0 0 1 10.1332
0 0 0 0 1 10.338
0 0 0 0 1 10.5951
0 0 0 0 1 10.8234
0 0 0 0 1 10.8324
0 0 0 0 1 11.1686
0 0 0 0 1 11.4062
0 0 0 0 0 11.4693
0 0 0 0 1 11.7723
0 0 0 0 1 11.9457
0 0 0 0 1 12.1856
0 0 0 0 1 12.6108
0 0 0 0 1 12.8347
0 0 0 0 0 22.9328
0 0 0 0 1 22.6185
0 0 0 0 1 22.4848
0 0 0 0 1 22.8524
0 0 0 0 1 22.6082
0 0 0 0 1 22.7269
0 0 0 0 1 22.4387
0 0 0 0 1 22.7164
0 0 0 0 1 22.4746
0 0 0 0 1 22.4367
0 0 0 0 1 22.6248
0 0 0 0 0 22.4524
0 0 0 0 1 22.4848
0 0 0 0 1 22.4711
0 0 0 0 0 22.5479
0 0 0 0 1 22.3551
0 0 0 0 1 22.3877
0 0 0 0 1 22.3983
0 0 0 0 1 23.0372
0 0 0 0 0 23.9549
0 0 0 0 1 24.9674
0 0 0 0 1 26.3958
0 0 0 0 1 36.2719
0 0 0 0 1 36.3662
0 0 0 0 0 36.5703
0 0 0 0 1 36.1929
0 0 0 0 1 36.5381
0 0 0 0 1 38.9116
0 0 0 0 1 51.7022
0 0 0 0 1 51.9471
0 0 0 0 1 52.1934
0 0 0 0 1 52.3358
0 0 0 0 1 51.7511
0 0 0 0 0 55.8213
0 0 0 0 1 65.3316
0 0 0 0 0 69.0369
0 0 0 0 1 81.1555
0 0 0 0 0 5.0601
0 0 0 0 0 4.98996
0 0 0 0 0 5.0601
0 0 0 0 0 5.03505
0 0 0 0 0 4.99497
0 0 0 0 0 4.98495
0 0 0 0 0 4.99497
0 0 0 0 0 5.0601
0 0 0 0 0 5.05509
0 0 0 0 0 5.02503
0 0 0 0 0 4.96992
0 0 0 0 0 4.9599
0 0 0 0 0 87.4156
0 0 0 0 0 88.3883
0 0 0 0 1 74.5437
0 0 0 0 0 64.0305
0 0 0 0 1 61.0712
0 0 0 0 0 60.7797
0 0 0 0 1 61.0339
0 0 0 0 1 51.416
0 0 0 0 1 48.3231
0 0 0 0 0 47.6155
0 0 0 0 1 39.3135
0 0 0 0 1 36.6725
0 0 0 0 1 36.0245
0 0 0 0 1 35.9655
0 0 0 0 1 35.478
0 0 0 0 1 35.9556
0 0 0 0 1 27.9936
0 0 0 0 0 26.5623
0 0 0 0 1 25.6904
0 0 0 0 1 24.5653
0 0 0 0 1 24.577
0 0 0 0 1 24.8849
0 0 0 0 1 24.5268
0 0 0 0 1 24.5891
0 0 0 0 1 24.8001
0 0 0 0 1 24.7649
0 0 0 0 0 24.6807
0 0 0 0 1 24.6216
0 0 0 0 1 24.7594
0 0 0 0 1 18.1817
0 0 0 0 1 17.8449
0 0 0 0 1 17.1058
0 0 0 0 1 16.711
0 0 0 0 1 16.3425
0 0 0 0 1 15.943
0 0 0 0 0 15.5319
0 0 0 0 0 15.227
0 0 0 0 1 14.7425
0 0 0 0 1 14.4086
0 0 0 0 1 14.0567
0 0 0 0 1 13.9425
0 0 0 0 0 14.01
0 0 0 0 1 13.8414
0 0 0 0 1 13.784
0 0 0 0 1 14.0473
0 0 0 0 1 14.0345
0 0 0 0 1 14.0198
0 0 0 0 1 14.0052
0 0 0 0 1 14.1308
0 0 0 0 1 14.0211
0 0 0 0 0 14.0773
0 0 0 0 0 13.9794
0 0 0 0 1 13.9097
0 0 0 0 1 14.0816
0 0 0 0 1 13.9981
0 0 0 0 1 14.0275
0 0 0 0 1 14.2433
0 0 0 0 1 14.2169
0 0 0 0 1 14.0917
0 0 0 0 1 14.2099
0 0 0 0 0 14.1273
0 0 0 0 0 14.1469
0 0 0 0 1 14.2635
0 0 0 0 0 14.2554
0 0 0 0 1 14.4014
0 0 0 0 1 14.3225
0 0 0 0 1 14.3836
0 0 0 0 1 14.2763
0 0 0 0 1 14.2232
0 0 0 0 1 8.74649
0 0 0 0 1 8.74705
0 0 0 0 1 8.55566
0 0 0 0 1 8.41828
0 0 0 0 1 8.37417
0 0 0 0 1 8.2459
0 0 0 0 1 8.13594
0 0 0 0 0 8.1709
0 0 0 0 1 8.02024
0 0 0 0 1 7.94218
0 0 0 0 0 7.89675
0 0 0 0 1 7.68666
0 0 0 0 1 7.69496
0 0 0 0 1 7.56536
0 0 0 0 1 7.42196
0 0 0 0 1 7.42977
0 0 0 0 1 7.33157
0 0 0 0 1 7.20688
0 0 0 0 1 7.19089
0 0 0 0 1 7.15966
0 0 0 0 1 6.95214
0 0 0 0 1 7.02781
0 0 0 0 1 6.89883
0 0 0 0 1 6.81435
0 0 0 0 1 6.69659
0 0 0 0 1 6.74731
0 0 0 0 1 6.5772
0 0 0 0 1 6.54716
0 0 0 0 1 6.45808
0 0 0 0 1 6.4366
0 0 0 0 1 6.3929
0 0 0 0 1 6.33898
0 0 0 0 1 6.24749
0 0 0 0 1 6.21901
0 0 0 0 1 6.20257
0 0 0 0 1 6.09383
0 0 0 0 1 6.07714
0 0 0 0 1 6.06285
0 0 0 0 1 6.02136
0 0 0 0 1 5.97686
0 0 0 0 0 5.90009
0 0 0 0 1 5.8618
0 0 0 0 1 5.81196
0 0 0 0 1 5.75083
0 0 0 0 1 5.63586
0 0 0 0 1 5.68873
0 0 0 0 1 5.63382
0 0 0 0 1 5.59901
0 0 0 0 1 5.53351
0 0 0 0 1 5.42463
0 0 0 0 1 5.40932
0 0 0 0 1 5.45088
0 0 0 0 0 5.35735
0 0 0 0 0 5.35212
0 0 0 0 1 5.2386
0 0 0 0 0 5.2754
0 0 0 0 1 5.25187
0 0 0 0 1 5.14539
0 0 0 0 1 5.1326
0 0 0 0 0 5.13499
0 0 0 0 0 5.09305
0 0 0 0 1 5.04449
0 0 0 0 1 4.97944
0 0 0 0 1 4.94155
0 0 0 0 1 4.92363
0 0 0 0 1 4.90561
0 0 0 0 1 4.85821
0 0 0 0 1 4.88722
0 0 0 0 1 4.84957
0 0 0 0 1 4.76685
0 0 0 0 0 4.87496
0 0 0 0 1 4.85888
0 0 0 0 1 4.87184
0 0 0 0 0 4.85454
0 0 0 0 1 4.90179
0 0 0 0 1 4.88063
0 0 0 0 1 4.90858
0 0 0 0 1 4.93061
0 0 0 0 1 4.92418
0 0 0 0 1 4.98735
0 0 0 0 1 5.02473
0 0 0 0 1 5.04355
0 0 0 0 1 5.01724
0 0 0 0 1 5.02602
0 0 0 0 0 5.10068
0 0 0 0 1 5.08943
0 0 0 0 1 5.05254
0 0 0 0 1 5.14852
0 0 0 0 1 5.08963
0 0 0 0 1 5.1966
0 0 0 0 1 5.20083
0 0 0 0 0 5.22063
0 0 0 0 1 5.25618
0 0 0 0 1 5.18201
0 0 0 0 1 5.20181
0 0 0 0 0 5.30608
0 0 0 0 1 5.26956
0 0 0 0 1 5.28974
0 0 0 0 1 5.31536
0 0 0 0 1 5.40546
0 0 0 0 0 5.40466
0 0 0 0 0 5.45399
0 0 0 0 1 5.39346
0 0 0 0 1 5.49597
0 0 0 0 1 5.46235
0 0 0 0 1 5.50686
0 0 0 0 1 5.4949
0 0 0 0 1 5.50087
0 0 0 0 1 5.56102
0 0 0 0 0 5.62314
0 0 0 0 1 5.58289
0 0 0 0 1 5.67932
0 0 0 0 0 5.70112
0 0 0 0 1 5.75882
0 0 0 0 1 5.70078
0 0 0 0 1 5.74145
0 0 0 0 1 5.75345
0 0 0 0 1 5.78865
0 0 0 0 1 5.86329
0 0 0 0 1 5.84042
0 0 0 0 1 5.83481
0 0 0 0 0 5.97705
0 0 0 0 1 5.99552
0 0 0 0 1 6.02595
0 0 0 0 1 5.99034
0 0 0 0 1 6.08716
0 0 0 0 1 6.13616
0 0 0 0 1 6.04502
0 0 0 0 1 6.11845
0 0 0 0 1 6.20635
0 0 0 0 1 9.43337
0 0 0 0 1 9.46237
0 0 0 0 1 9.42174
0 0 0 0 1 9.35307
0 0 0 0 1 9.41945
0 0 0 0 1 9.37926
0 0 0 0 1 9.37657
0 0 0 0 1 9.21266
0 0 0 0 1 9.22301
0 0 0 0 1 9.17463
0 0 0 0 0 9.24614
0 0 0 0 1 9.12459
0 0 0 0 1 9.13178
0 0 0 0 1 9.0478
0 0 0 0 1 9.13692
0 0 0 0 1 9.13493
0 0 0 0 1 9.01564
0 0 0 0 1 8.94775
0 0 0 0 0 9.03612
0 0 0 0 1 9.02228
0 0 0 0 1 8.94041
0 0 0 0 0 8.91243
0 0 0 0 1 8.81371
0 0 0 0 1 8.8217
0 0 0 0 1 8.76459
0 0 0 0 1 8.78153
0 0 0 0 1 8.83345
0 0 0 0 1 8.72101
0 0 0 0 1 8.79909
0 0 0 0 1 8.69074
0 0 0 0 1 8.66449
0 0 0 0 1 8.66094
0 0 0 0 0 8.65227
0 0 0 0 1 8.58001
0 0 0 0 1 8.52883
0 0 0 0 1 8.51725
0 0 0 0 1 8.5776
0 0 0 0 0 8.43835
0 0 0 0 0 8.42723
0 0 0 0 1 8.4162
0 0 0 0 1 8.38837
0 0 0 0 1 8.42821
0 0 0 0 1 8.32851
0 0 0 0 0 8.42717
0 0 0 0 1 8.34958
0 0 0 0 0 8.33925
0 0 0 0 1 8.32069
0 0 0 0 1 8.33097
0 0 0 0 1 8.28779
0 0 0 0 1 8.22004
0 0 0 0 1 8.23145
0 0 0 0 1 8.1807
0 0 0 0 1 8.26192
0 0 0 0 1 8.25254
0 0 0 0 1 8.25148
0 0 0 0 1 8.20963
0 0 0 0 1 8.0946
0 0 0 0 1 8.19186
0 0 0 0 1 8.05315
0 0 0 0 1 8.10162
0 0 0 0 0 8.15808
0 0 0 0 0 8.10942
0 0 0 0 1 7.9885
0 0 0 0 1 8.09741
0 0 0 0 1 8.11368
0 0 0 0 1 7.96964
0 0 0 0 1 7.93029
0 0 0 0 0 8.02699
0 0 0 0 1 7.99965
0 0 0 0 1 8.04037
0 0 0 0 1 7.99365
0 0 0 0 0 7.87584
0 0 0 0 1 7.87734
0 0 0 0 1 7.97737
0 0 0 0 1 7.88419
0 0 0 0 1 7.83874
0 0 0 0 1 7.82058
0 0 0 0 1 7.83397
0 0 0 0 0 7.90679
0 0 0 0 1 7.81506
0 0 0 0 1 7.85667
0 0 0 0 1 7.72977
0 0 0 0 1 7.74047
0 0 0 0 1 7.72792
0 0 0 0 1 7.85077
0 0 0 0 1 7.82282
0 0 0 0 1 7.75938
