0 0 0 0 1 5.51406
0 0 0 0 1 5.562
0 0 0 0 1 5.52117
0 0 0 0 1 5.5608
0 0 0 0 1 5.54237
0 0 0 0 0 5.54635
0 0 0 0 1 5.54398
0 0 0 0 1 5.57053
0 0 0 0 0 5.64446
0 0 0 0 1 5.6321
0 0 0 0 1 5.64234
0 0 0 0 1 5.6922
0 0 0 0 1 5.64276
0 0 0 0 1 5.70992
0 0 0 0 1 5.70941
0 0 0 0 1 5.64856
0 0 0 0 1 5.69359
0 0 0 0 1 5.69329
0 0 0 0 1 5.65883
0 0 0 0 1 5.73113
0 0 0 0 1 5.71967
0 0 0 0 1 5.76563
0 0 0 0 1 5.79461
0 0 0 0 0 5.80075
0 0 0 0 1 5.80298
0 0 0 0 0 5.83242
0 0 0 0 0 5.80414
0 0 0 0 1 5.83387
0 0 0 0 1 5.75909
0 0 0 0 1 5.80648
0 0 0 0 1 5.83663
0 0 0 0 1 5.81589
0 0 0 0 1 5.9123
0 0 0 0 1 5.8784
0 0 0 0 1 5.87973
0 0 0 0 1 5.86344
0 0 0 0 0 5.95355
0 0 0 0 1 5.96118
0 0 0 0 1 5.92138
0 0 0 0 0 6.01243
0 0 0 0 1 5.93092
0 0 0 0 0 5.99859
0 0 0 0 0 6.01996
0 0 0 0 1 5.99814
0 0 0 0 1 5.9582
0 0 0 0 1 6.08101
0 0 0 0 1 6.06419
0 0 0 0 1 6.05458
0 0 0 0 1 6.07537
0 0 0 0 1 6.13289
0 0 0 0 1 6.12961
0 0 0 0 1 6.13248
0 0 0 0 1 6.10975
0 0 0 0 1 6.11989
0 0 0 0 1 6.2031
0 0 0 0 0 6.18156
0 0 0 0 1 6.19096
0 0 0 0 1 6.2368
0 0 0 0 1 6.25893
0 0 0 0 1 6.21238
0 0 0 0 1 6.22112
0 0 0 0 1 6.34417
0 0 0 0 0 6.2912
0 0 0 0 1 6.33286
0 0 0 0 0 6.38744
0 0 0 0 0 6.30791
0 0 0 0 1 6.40746
0 0 0 0 1 6.34035
0 0 0 0 0 6.38924
0 0 0 0 1 6.5021
0 0 0 0 1 6.47421
0 0 0 0 0 6.47137
0 0 0 0 1 6.48223
0 0 0 0 0 6.46054
0 0 0 0 0 6.47143
0 0 0 0 1 6.51445
0 0 0 0 1 6.64995
0 0 0 0 0 6.64823
0 0 0 0 1 6.63265
0 0 0 0 1 6.69009
0 0 0 0 1 6.62778
0 0 0 0 1 6.733
0 0 0 0 1 6.65086
0 0 0 0 0 6.72921
0 0 0 0 1 6.80811
0 0 0 0 1 6.81291
0 0 0 0 1 6.80408
0 0 0 0 1 6.77463
0 0 0 0 1 6.8547
0 0 0 0 1 6.94909
0 0 0 0 1 6.93352
0 0 0 0 1 6.98066
0 0 0 0 1 6.98589
0 0 0 0 1 7.01204
0 0 0 0 1 7.06637
0 0 0 0 1 7.00845
0 0 0 0 1 7.04846
0 0 0 0 1 7.0395
0 0 0 0 1 7.05888
0 0 0 0 1 7.22134
0 0 0 0 1 7.19834
0 0 0 0 1 7.26153
0 0 0 0 1 7.29584
0 0 0 0 0 7.21444
0 0 0 0 0 7.30696
0 0 0 0 1 7.3053
0 0 0 0 1 7.42822
0 0 0 0 1 7.33118
0 0 0 0 1 7.39557
0 0 0 0 0 7.43805
0 0 0 0 1 7.41386
0 0 0 0 1 7.58428
0 0 0 0 1 7.47671
0 0 0 0 1 7.57282
0 0 0 0 1 7.63958
0 0 0 0 1 7.68339
0 0 0 0 0 7.73512
0 0 0 0 1 7.78715
0 0 0 0 1 7.74634
0 0 0 0 1 7.85312
0 0 0 0 0 7.85145
0 0 0 0 1 7.88062
0 0 0 0 1 7.90148
0 0 0 0 1 7.97842
0 0 0 0 1 7.95954
0 0 0 0 1 8.10934
0 0 0 0 1 8.01027
0 0 0 0 0 8.17749
0 0 0 0 1 8.19085
0 0 0 0 1 8.20458
0 0 0 0 1 8.20115
0 0 0 0 1 8.32156
0 0 0 0 0 8.40187
0 0 0 0 1 8.432
0 0 0 0 1 8.35276
0 0 0 0 1 8.50912
0 0 0 0 1 8.42873
0 0 0 0 1 8.51813
0 0 0 0 1 8.64323
0 0 0 0 1 8.62176
0 0 0 0 1 8.70318
0 0 0 0 1 8.77715
0 0 0 0 1 8.82441
0 0 0 0 1 8.80266
0 0 0 0 0 8.85861
0 0 0 0 1 8.92371
0 0 0 0 1 8.94407
0 0 0 0 1 9.07293
0 0 0 0 1 9.06709
0 0 0 0 0 9.2431
0 0 0 0 1 9.21778
0 0 0 0 1 9.3123
0 0 0 0 1 9.39916
0 0 0 0 1 9.35284
0 0 0 0 1 9.37267
0 0 0 0 1 9.46706
0 0 0 0 0 9.53329
0 0 0 0 0 9.57211
0 0 0 0 1 9.79404
0 0 0 0 1 9.72481
0 0 0 0 1 9.76224
0 0 0 0 1 9.94966
0 0 0 0 1 10.0761
0 0 0 0 1 10.0743
0 0 0 0 1 10.1106
0 0 0 0 1 10.2705
0 0 0 0 1 10.2454
0 0 0 0 1 10.457
0 0 0 0 1 10.391
0 0 0 0 1 10.563
0 0 0 0 0 10.472
0 0 0 0 1 10.7605
0 0 0 0 1 10.7965
0 0 0 0 1 10.9382
0 0 0 0 1 9.26867
0 0 0 0 1 9.22608
0 0 0 0 1 9.35524
0 0 0 0 1 9.18343
0 0 0 0 1 9.17391
0 0 0 0 1 9.2886
0 0 0 0 1 9.21479
0 0 0 0 1 9.20087
0 0 0 0 0 9.1734
0 0 0 0 0 9.10514
0 0 0 0 1 9.00537
0 0 0 0 1 9.16486
0 0 0 0 1 9.12897
0 0 0 0 1 9.03002
0 0 0 0 1 8.94529
0 0 0 0 1 8.93729
0 0 0 0 1 9.00601
0 0 0 0 0 9.01603
0 0 0 0 0 9.03505
0 0 0 0 1 8.97373
0 0 0 0 1 8.87301
0 0 0 0 1 8.83022
0 0 0 0 1 8.91195
0 0 0 0 1 8.92259
0 0 0 0 1 8.75639
0 0 0 0 0 8.81658
0 0 0 0 0 8.89812
0 0 0 0 1 8.74203
0 0 0 0 0 8.84119
0 0 0 0 1 8.82618
0 0 0 0 0 8.69757
0 0 0 0 1 8.66199
0 0 0 0 1 8.70002
0 0 0 0 1 8.6597
0 0 0 0 1 8.74997
0 0 0 0 1 8.75331
0 0 0 0 1 8.70479
0 0 0 0 1 8.57871
0 0 0 0 1 8.67764
0 0 0 0 0 8.6988
0 0 0 0 1 8.53064
0 0 0 0 1 8.51783
0 0 0 0 0 8.6425
0 0 0 0 0 8.48413
0 0 0 0 0 8.54029
0 0 0 0 1 8.51952
0 0 0 0 1 8.45925
0 0 0 0 0 8.60083
0 0 0 0 1 8.54125
0 0 0 0 0 8.62164
0 0 0 0 1 8.73625
0 0 0 0 1 8.92296
0 0 0 0 1 9.03872
0 0 0 0 0 9.32992
0 0 0 0 0 9.41952
0 0 0 0 1 9.62208
0 0 0 0 1 9.74881
0 0 0 0 1 9.75672
0 0 0 0 0 10.0999
0 0 0 0 0 10.2453
0 0 0 0 0 10.4416
0 0 0 0 1 10.4579
0 0 0 0 0 10.8449
0 0 0 0 1 10.909
0 0 0 0 1 11.1797
0 0 0 0 1 11.4289
0 0 0 0 1 11.6083
0 0 0 0 1 11.8787
0 0 0 0 1 12.1145
0 0 0 0 1 12.2225
0 0 0 0 1 12.4599
0 0 0 0 0 12.8219
0 0 0 0 0 22.5918
0 0 0 0 1 22.5731
0 0 0 0 0 22.6664
0 0 0 0 1 22.8071
0 0 0 0 0 22.7441
0 0 0 0 0 22.7043
0 0 0 0 1 22.6875
0 0 0 0 1 22.7164
0 0 0 0 1 22.6553
0 0 0 0 1 22.7076
0 0 0 0 1 22.3992
0 0 0 0 0 22.6102
0 0 0 0 1 22.5975
0 0 0 0 1 22.291
0 0 0 0 1 22.6379
0 0 0 0 0 22.2651
0 0 0 0 1 22.3652
0 0 0 0 1 22.3983
0 0 0 0 1 23.4316
0 0 0 0 0 23.9549
0 0 0 0 1 25.1432
0 0 0 0 1 26.2647
0 0 0 0 1 36.1991
0 0 0 0 1 36.5482
0 0 0 0 1 36.4247
0 0 0 0 0 36.302
0 0 0 0 1 36.1378
0 0 0 0 1 38.2181
0 0 0 0 0 51.7022
0 0 0 0 1 51.843
0 0 0 0 1 51.725
0 0 0 0 1 51.7116
0 0 0 0 0 52.0632
0 0 0 0 0 55.8213
0 0 0 0 1 65.2661
0 0 0 0 1 69.7336
0 0 0 0 1 80.9919
0 0 0 0 0 5.05008
0 0 0 0 0 4.96992
0 0 0 0 0 5.03505
0 0 0 0 0 4.97493
0 0 0 0 0 4.9599
0 0 0 0 0 4.96992
0 0 0 0 0 4.9599
0 0 0 0 0 5.02503
0 0 0 0 0 4.98996
0 0 0 0 0 4.98495
0 0 0 0 0 4.98996
0 0 0 0 0 5.04006
0 0 0 0 1 86.8025
0 0 0 0 0 87.8627
0 0 0 0 1 74.9946
0 0 0 0 1 64.4774
0 0 0 0 0 60.8896
0 0 0 0 1 60.4771
0 0 0 0 0 60.6706
0 0 0 0 1 51.5192
0 0 0 0 0 48.3231
0 0 0 0 1 47.9515
0 0 0 0 0 39.1564
0 0 0 0 1 36.4884
0 0 0 0 1 35.4895
0 0 0 0 1 35.9655
0 0 0 0 1 35.8706
0 0 0 0 1 35.7771
0 0 0 0 1 27.9094
0 0 0 0 1 26.7499
0 0 0 0 1 25.5622
0 0 0 0 1 24.4422
0 0 0 0 1 24.4293
0 0 0 0 1 24.8849
0 0 0 0 0 24.8965
0 0 0 0 1 24.8851
0 0 0 0 0 24.8001
0 0 0 0 1 24.6168
0 0 0 0 1 24.5819
0 0 0 0 1 24.77
0 0 0 0 1 24.8583
0 0 0 0 0 18.3455
0 0 0 0 1 17.8273
0 0 0 0 0 17.1402
0 0 0 0 1 16.8448
0 0 0 0 1 16.2284
0 0 0 0 1 15.8636
0 0 0 0 1 15.3461
0 0 0 0 0 15.0305
0 0 0 0 1 14.8015
0 0 0 0 0 14.3942
0 0 0 0 1 14.1977
0 0 0 0 1 13.8592
0 0 0 0 1 14.0378
0 0 0 0 0 14.0222
0 0 0 0 1 13.8954
0 0 0 0 1 13.9776
0 0 0 0 1 13.9648
0 0 0 0 1 13.9918
0 0 0 0 0 14.117
0 0 0 0 0 14.0189
0 0 0 0 1 14.1471
0 0 0 0 1 14.1474
0 0 0 0 1 14.0215
0 0 0 0 1 14.0923
0 0 0 0 1 14.1238
0 0 0 0 1 14.1953
0 0 0 0 1 13.9852
0 0 0 0 1 14.2009
0 0 0 0 1 14.118
0 0 0 0 1 14.0068
0 0 0 0 1 14.309
0 0 0 0 1 14.2975
0 0 0 0 1 14.2605
0 0 0 0 1 14.3488
0 0 0 0 1 14.2269
0 0 0 0 1 14.3016
0 0 0 0 1 14.1511
0 0 0 0 1 14.1834
0 0 0 0 1 14.2333
0 0 0 0 1 14.4096
0 0 0 0 1 8.91418
0 0 0 0 1 8.65993
0 0 0 0 0 8.67604
0 0 0 0 1 8.5457
0 0 0 0 1 8.42452
0 0 0 0 1 8.37021
0 0 0 0 1 8.23426
0 0 0 0 1 8.02528
0 0 0 0 1 8.02824
0 0 0 0 1 7.88686
0 0 0 0 1 7.8733
0 0 0 0 1 7.67893
0 0 0 0 1 7.61855
0 0 0 0 1 7.58804
0 0 0 0 1 7.42196
0 0 0 0 1 7.42977
0 0 0 0 1 7.33157
0 0 0 0 0 7.22136
0 0 0 0 1 7.24107
0 0 0 0 0 7.15257
0 0 0 0 1 7.05748
0 0 0 0 0 6.95127
0 0 0 0 1 6.85064
0 0 0 0 1 6.80753
0 0 0 0 0 6.74389
0 0 0 0 1 6.70045
0 0 0 0 1 6.58383
0 0 0 0 1 6.62596
0 0 0 0 0 6.4906
0 0 0 0 1 6.4624
0 0 0 0 1 6.42484
0 0 0 0 1 6.35164
0 0 0 0 1 6.32912
0 0 0 0 1 6.21901
0 0 0 0 1 6.22726
0 0 0 0 1 6.14889
0 0 0 0 1 6.01043
0 0 0 0 1 5.96652
0 0 0 0 1 6.02136
0 0 0 0 1 5.888
0 0 0 0 0 5.87661
0 0 0 0 0 5.8385
0 0 0 0 1 5.75991
0 0 0 0 0 5.71065
0 0 0 0 0 5.66999
0 0 0 0 1 5.65487
0 0 0 0 1 5.65063
0 0 0 0 0 5.61571
0 0 0 0 1 5.54455
0 0 0 0 1 5.5123
0 0 0 0 1 5.44194
0 0 0 0 1 5.36444
0 0 0 0 0 5.34125
0 0 0 0 0 5.32017
0 0 0 0 1 5.25447
0 0 0 0 1 5.25965
0 0 0 0 1 5.21015
0 0 0 0 1 5.12984
0 0 0 0 1 5.13775
0 0 0 0 1 5.12987
0 0 0 0 1 5.12349
0 0 0 0 1 5.07473
0 0 0 0 1 4.96439
0 0 0 0 1 4.96646
0 0 0 0 0 4.90879
0 0 0 0 1 4.93511
0 0 0 0 0 4.85821
0 0 0 0 1 4.87751
0 0 0 0 1 4.79649
0 0 0 0 0 4.81018
0 0 0 0 1 4.79774
0 0 0 0 1 4.82981
0 0 0 0 1 4.86698
0 0 0 0 1 4.90815
0 0 0 0 1 4.92625
0 0 0 0 1 4.89045
0 0 0 0 1 4.96772
0 0 0 0 1 4.90097
0 0 0 0 1 4.96881
0 0 0 0 0 5.01224
0 0 0 0 1 4.96984
0 0 0 0 1 5.04355
0 0 0 0 0 5.05243
0 0 0 0 1 5.04116
0 0 0 0 1 5.06016
0 0 0 0 1 5.11994
0 0 0 0 1 5.07296
0 0 0 0 1 5.16389
0 0 0 0 0 5.16153
0 0 0 0 1 5.1966
0 0 0 0 1 5.13356
0 0 0 0 1 5.14271
0 0 0 0 1 5.16753
0 0 0 0 1 5.20819
0 0 0 0 1 5.20181
0 0 0 0 0 5.24807
0 0 0 0 1 5.29077
0 0 0 0 0 5.36425
0 0 0 0 1 5.37412
0 0 0 0 1 5.34647
0 0 0 0 1 5.37775
0 0 0 0 1 5.43235
0 0 0 0 1 5.47493
0 0 0 0 1 5.47416
0 0 0 0 1 5.52256
0 0 0 0 1 5.50686
0 0 0 0 0 5.4949
0 0 0 0 1 5.58968
0 0 0 0 1 5.54987
0 0 0 0 0 5.59513
0 0 0 0 0 5.59976
0 0 0 0 1 5.60585
0 0 0 0 1 5.72381
0 0 0 0 1 5.679
0 0 0 0 1 5.7294
0 0 0 0 1 5.77021
0 0 0 0 1 5.81706
0 0 0 0 1 5.85839
0 0 0 0 1 5.8808
0 0 0 0 1 5.92251
0 0 0 0 0 5.87606
0 0 0 0 1 5.88819
0 0 0 0 1 5.90025
0 0 0 0 0 6.03792
0 0 0 0 1 6.07454
0 0 0 0 0 6.00254
0 0 0 0 0 6.13616
0 0 0 0 1 6.06944
0 0 0 0 0 6.14913
0 0 0 0 0 6.194
0 0 0 0 0 9.52856
0 0 0 0 1 9.55718
0 0 0 0 1 9.45954
0 0 0 0 1 9.49436
0 0 0 0 1 9.37254
0 0 0 0 1 9.34185
0 0 0 0 1 9.22744
0 0 0 0 1 9.30562
0 0 0 0 1 9.24153
0 0 0 0 1 9.18386
0 0 0 0 0 9.23694
0 0 0 0 1 9.14293
0 0 0 0 0 9.23233
0 0 0 0 1 9.08425
0 0 0 0 1 9.07335
0 0 0 0 1 8.96292
0 0 0 0 1 9.07881
0 0 0 0 0 8.94775
0 0 0 0 1 9.05406
0 0 0 0 1 8.96858
0 0 0 0 1 8.8601
0 0 0 0 1 8.82348
0 0 0 0 1 8.88464
0 0 0 0 1 8.88357
0 0 0 0 1 8.86158
0 0 0 0 1 8.82548
0 0 0 0 0 8.702
0 0 0 0 1 8.79974
0 0 0 0 1 8.65084
0 0 0 0 1 8.78643
0 0 0 0 1 8.75122
0 0 0 0 1 8.69555
0 0 0 0 0 8.55738
0 0 0 0 1 8.64885
0 0 0 0 1 8.65753
0 0 0 0 1 8.50869
0 0 0 0 1 8.46665
0 0 0 0 1 8.54053
0 0 0 0 0 8.44422
0 0 0 0 1 8.42468
0 0 0 0 1 8.37991
0 0 0 0 1 8.51258
0 0 0 0 1 8.39581
0 0 0 0 1 8.37681
0 0 0 0 1 8.33283
0 0 0 0 1 8.33925
0 0 0 0 1 8.35404
0 0 0 0 1 8.34759
0 0 0 0 1 8.27949
0 0 0 0 0 8.33593
0 0 0 0 1 8.28104
0 0 0 0 1 8.21369
0 0 0 0 1 8.23723
0 0 0 0 1 8.14579
0 0 0 0 1 8.12038
0 0 0 0 1 8.11969
0 0 0 0 0 8.23332
0 0 0 0 1 8.22443
0 0 0 0 1 8.0694
0 0 0 0 0 8.04485
0 0 0 0 1 8.11762
0 0 0 0 1 8.06096
0 0 0 0 1 8.02074
0 0 0 0 1 8.00887
0 0 0 0 0 8.01728
0 0 0 0 1 8.00171
0 0 0 0 1 7.97831
0 0 0 0 0 7.97108
0 0 0 0 1 7.96774
0 0 0 0 1 8.03241
0 0 0 0 1 7.95392
0 0 0 0 1 7.8917
0 0 0 0 1 7.89317
0 0 0 0 1 7.93784
0 0 0 0 0 7.86841
0 0 0 0 1 7.90177
0 0 0 0 0 7.82058
0 0 0 0 1 7.89683
0 0 0 0 1 7.86757
0 0 0 0 1 7.83855
0 0 0 0 1 7.73941
0 0 0 0 1 7.72977
0 0 0 0 1 7.81062
0 0 0 0 0 7.77461
0 0 0 0 1 7.80414
0 0 0 0 1 7.7685
0 0 0 0 1 7.67411
