0 0 0 0 1 5.59727
0 0 0 0 1 5.50644
0 0 0 0 1 5.57126
0 0 0 0 1 5.60538
0 0 0 0 1 5.59819
0 0 0 0 1 5.56872
0 0 0 0 1 5.58873
0 0 0 0 0 5.57614
0 0 0 0 0 5.6669
0 0 0 0 1 5.63773
0 0 0 0 1 5.6536
0 0 0 0 1 5.67528
0 0 0 0 1 5.6597
0 0 0 0 1 5.62504
0 0 0 0 0 5.65838
0 0 0 0 1 5.62585
0 0 0 0 1 5.67652
0 0 0 0 0 5.6762
0 0 0 0 0 5.67596
0 0 0 0 0 5.69685
0 0 0 0 1 5.70822
0 0 0 0 1 5.7771
0 0 0 0 1 5.75437
0 0 0 0 1 5.72586
0 0 0 0 1 5.81452
0 0 0 0 1 5.74572
0 0 0 0 1 5.82731
0 0 0 0 1 5.79323
0 0 0 0 0 5.84635
0 0 0 0 1 5.83563
0 0 0 0 1 5.8191
0 0 0 0 1 5.79248
0 0 0 0 1 5.9123
0 0 0 0 0 5.86078
0 0 0 0 1 5.82676
0 0 0 0 1 5.95782
0 0 0 0 0 5.85304
0 0 0 0 1 5.98488
0 0 0 0 1 5.9689
0 0 0 0 1 6.00052
0 0 0 0 1 5.94285
0 0 0 0 1 5.99859
0 0 0 0 1 5.96605
0 0 0 0 1 6.01615
0 0 0 0 1 5.96422
0 0 0 0 1 6.03879
0 0 0 0 0 6.00972
0 0 0 0 1 6.01818
0 0 0 0 1 6.06929
0 0 0 0 1 6.08412
0 0 0 0 1 6.12961
0 0 0 0 1 6.17536
0 0 0 0 1 6.17736
0 0 0 0 0 6.13221
0 0 0 0 0 6.15372
0 0 0 0 1 6.15062
0 0 0 0 1 6.19096
0 0 0 0 1 6.187
0 0 0 0 0 6.29637
0 0 0 0 1 6.21864
0 0 0 0 1 6.22112
0 0 0 0 1 6.30641
0 0 0 0 1 6.28489
0 0 0 0 1 6.35816
0 0 0 0 1 6.38744
0 0 0 0 1 6.30791
0 0 0 0 0 6.38831
0 0 0 0 1 6.37877
0 0 0 0 1 6.36998
0 0 0 0 1 6.399
0 0 0 0 0 6.39667
0 0 0 0 1 6.4973
0 0 0 0 1 6.44972
0 0 0 0 1 6.46706
0 0 0 0 1 6.50411
0 0 0 0 1 6.56693
0 0 0 0 1 6.6302
0 0 0 0 0 6.5426
0 0 0 0 1 6.57302
0 0 0 0 1 6.63689
0 0 0 0 1 6.63446
0 0 0 0 0 6.71292
0 0 0 0 0 6.64415
0 0 0 0 0 6.66859
0 0 0 0 1 6.7067
0 0 0 0 1 6.73148
0 0 0 0 1 6.77683
0 0 0 0 1 6.90452
0 0 0 0 1 6.84784
0 0 0 0 1 6.95597
0 0 0 0 1 6.85748
0 0 0 0 1 6.97373
0 0 0 0 1 6.92326
0 0 0 0 1 7.05394
0 0 0 0 1 6.96822
0 0 0 0 1 7.02956
0 0 0 0 1 7.01311
0 0 0 0 1 7.13175
0 0 0 0 0 7.10162
0 0 0 0 1 7.22134
0 0 0 0 1 7.1481
0 0 0 0 1 7.23272
0 0 0 0 1 7.28136
0 0 0 0 0 7.30889
0 0 0 0 0 7.28506
0 0 0 0 0 7.26866
0 0 0 0 1 7.29571
0 0 0 0 1 7.37548
0 0 0 0 1 7.41041
0 0 0 0 1 7.39334
0 0 0 0 1 7.5186
0 0 0 0 1 7.56924
0 0 0 0 1 7.49181
0 0 0 0 1 7.65629
0 0 0 0 0 7.54056
0 0 0 0 0 7.70635
0 0 0 0 1 7.6121
0 0 0 0 1 7.68672
0 0 0 0 0 7.7541
0 0 0 0 0 7.87651
0 0 0 0 1 7.78882
0 0 0 0 0 7.84916
0 0 0 0 1 7.87776
0 0 0 0 1 7.88306
0 0 0 0 1 8.03147
0 0 0 0 1 8.03708
0 0 0 0 1 8.01027
0 0 0 0 1 8.08023
0 0 0 0 1 8.15825
0 0 0 0 0 8.13907
0 0 0 0 1 8.15998
0 0 0 0 1 8.29672
0 0 0 0 1 8.327
0 0 0 0 1 8.33998
0 0 0 0 0 8.43688
0 0 0 0 0 8.52604
0 0 0 0 1 8.5393
0 0 0 0 1 8.63786
0 0 0 0 1 8.64323
0 0 0 0 0 8.6736
0 0 0 0 1 8.72926
0 0 0 0 0 8.67224
0 0 0 0 1 8.842
0 0 0 0 1 8.84685
0 0 0 0 1 8.96534
0 0 0 0 1 8.90581
0 0 0 0 1 9.07017
0 0 0 0 0 9.00042
0 0 0 0 0 9.18556
0 0 0 0 1 9.20642
0 0 0 0 1 9.19933
0 0 0 0 1 9.26588
0 0 0 0 1 9.31515
0 0 0 0 0 9.30584
0 0 0 0 1 9.41995
0 0 0 0 1 9.43849
0 0 0 0 1 9.5237
0 0 0 0 1 9.57211
0 0 0 0 1 9.69687
0 0 0 0 0 9.87156
0 0 0 0 1 9.92971
0 0 0 0 1 9.85056
0 0 0 0 1 9.9463
0 0 0 0 1 10.1145
0 0 0 0 1 10.0295
0 0 0 0 1 10.1379
0 0 0 0 1 10.1837
0 0 0 0 1 10.3638
0 0 0 0 1 10.391
0 0 0 0 1 10.4895
0 0 0 0 1 10.6836
0 0 0 0 1 10.6218
0 0 0 0 1 10.7105
0 0 0 0 1 10.8407
0 0 0 0 0 9.27798
0 0 0 0 1 9.25392
0 0 0 0 1 9.19777
0 0 0 0 0 9.17419
0 0 0 0 0 9.15547
0 0 0 0 1 9.2702
0 0 0 0 1 9.15973
0 0 0 0 1 9.18256
0 0 0 0 1 9.09117
0 0 0 0 1 9.10514
0 0 0 0 1 9.02356
0 0 0 0 1 9.02875
0 0 0 0 0 9.00218
0 0 0 0 1 9.03002
0 0 0 0 1 8.93627
0 0 0 0 0 9.08129
0 0 0 0 0 8.94315
0 0 0 0 0 9.05188
0 0 0 0 1 8.96349
0 0 0 0 0 8.86658
0 0 0 0 1 8.9621
0 0 0 0 1 8.87468
0 0 0 0 0 8.89419
0 0 0 0 1 8.8074
0 0 0 0 1 8.82715
0 0 0 0 1 8.86953
0 0 0 0 0 8.77478
0 0 0 0 1 8.81239
0 0 0 0 1 8.69194
0 0 0 0 1 8.73853
0 0 0 0 0 8.70632
0 0 0 0 1 8.76678
0 0 0 0 1 8.75232
0 0 0 0 1 8.69451
0 0 0 0 0 8.62832
0 0 0 0 1 8.63185
0 0 0 0 1 8.74809
0 0 0 0 1 8.73437
0 0 0 0 1 8.59129
0 0 0 0 1 8.60396
0 0 0 0 0 8.5909
0 0 0 0 1 8.54361
0 0 0 0 1 8.65108
0 0 0 0 1 8.58697
0 0 0 0 1 8.56596
0 0 0 0 1 8.58788
0 0 0 0 1 8.57021
0 0 0 0 0 8.4474
0 0 0 0 1 8.61843
0 0 0 0 1 8.68254
0 0 0 0 1 8.88627
0 0 0 0 0 9.01255
0 0 0 0 0 9.07509
0 0 0 0 0 9.31144
0 0 0 0 1 9.30693
0 0 0 0 1 9.45996
0 0 0 0 1 9.58423
0 0 0 0 0 9.77641
0 0 0 0 1 10.0498
0 0 0 0 1 10.1027
0 0 0 0 1 10.3069
0 0 0 0 1 10.5634
0 0 0 0 1 10.6516
0 0 0 0 1 10.9527
0 0 0 0 0 11.1128
0 0 0 0 1 11.4289
0 0 0 0 1 11.5736
0 0 0 0 1 11.8787
0 0 0 0 1 12.0301
0 0 0 0 1 12.3209
0 0 0 0 0 12.4599
0 0 0 0 0 12.7705
0 0 0 0 1 22.9555
0 0 0 0 1 22.891
0 0 0 0 0 22.7344
0 0 0 0 0 22.7617
0 0 0 0 1 22.7215
0 0 0 0 1 22.4326
0 0 0 0 1 22.7101
0 0 0 0 1 22.6938
0 0 0 0 1 22.8134
0 0 0 0 1 22.3464
0 0 0 0 1 22.5797
0 0 0 0 1 22.6553
0 0 0 0 1 22.3496
0 0 0 0 1 22.3135
0 0 0 0 1 22.3229
0 0 0 0 1 22.4001
0 0 0 0 1 22.4327
0 0 0 0 0 22.4881
0 0 0 0 1 23.2228
0 0 0 0 0 24.0514
0 0 0 0 1 25.2437
0 0 0 0 1 26.422
0 0 0 0 1 36.3812
0 0 0 0 1 36.0386
0 0 0 0 1 36.1336
0 0 0 0 1 36.6658
0 0 0 0 1 36.1378
0 0 0 0 1 38.3337
0 0 0 0 1 51.9105
0 0 0 0 1 51.9471
0 0 0 0 1 51.673
0 0 0 0 1 51.6075
0 0 0 0 0 51.8031
0 0 0 0 1 56.7799
0 0 0 0 0 65.397
0 0 0 0 1 70.2212
0 0 0 0 0 81.2373
0 0 0 0 0 5.05509
0 0 0 0 0 4.96491
0 0 0 0 0 4.99998
0 0 0 0 0 5.04006
0 0 0 0 0 5.04006
0 0 0 0 0 4.98996
0 0 0 0 0 4.97493
0 0 0 0 0 4.9599
0 0 0 0 0 5.03505
0 0 0 0 0 4.99497
0 0 0 0 0 4.98996
0 0 0 0 0 5.02503
0 0 0 0 1 86.7149
0 0 0 0 1 87.5123
0 0 0 0 1 75.22
0 0 0 0 1 64.3497
0 0 0 0 1 60.2238
0 0 0 0 1 60.7797
0 0 0 0 1 60.6706
0 0 0 0 1 51.8802
0 0 0 0 1 48.0351
0 0 0 0 1 48.1435
0 0 0 0 1 39.0778
0 0 0 0 1 37.188
0 0 0 0 1 35.7392
0 0 0 0 0 35.6087
0 0 0 0 1 35.478
0 0 0 0 1 35.5629
0 0 0 0 1 28.2463
0 0 0 0 0 27.0179
0 0 0 0 1 25.793
0 0 0 0 1 24.8115
0 0 0 0 0 24.7001
0 0 0 0 1 24.3921
0 0 0 0 1 24.7979
0 0 0 0 0 24.5152
0 0 0 0 1 24.5781
0 0 0 0 1 24.7156
0 0 0 0 1 24.9525
0 0 0 0 1 24.498
0 0 0 0 1 24.982
0 0 0 0 0 18.1089
0 0 0 0 0 17.5973
0 0 0 0 1 17.1402
0 0 0 0 1 16.8783
0 0 0 0 1 16.2284
0 0 0 0 1 15.7683
0 0 0 0 1 15.439
0 0 0 0 1 15.227
0 0 0 0 1 14.772
0 0 0 0 1 14.5529
0 0 0 0 1 14.1977
0 0 0 0 1 13.9009
0 0 0 0 1 13.9405
0 0 0 0 0 13.9248
0 0 0 0 1 13.8397
0 0 0 0 1 13.9637
0 0 0 0 1 14.0345
0 0 0 0 1 13.936
0 0 0 0 0 13.9493
0 0 0 0 1 13.9769
0 0 0 0 1 13.965
0 0 0 0 1 14.1193
0 0 0 0 0 14.1198
0 0 0 0 0 14.0642
0 0 0 0 1 13.9268
0 0 0 0 1 13.9841
0 0 0 0 1 14.239
0 0 0 0 1 14.0457
0 0 0 0 1 14.0332
0 0 0 0 1 14.0775
0 0 0 0 0 14.0257
0 0 0 0 1 14.0705
0 0 0 0 1 14.1327
0 0 0 0 1 14.1924
0 0 0 0 1 14.3551
0 0 0 0 1 14.3443
0 0 0 0 1 14.194
0 0 0 0 1 14.2835
0 0 0 0 1 14.4052
0 0 0 0 1 14.3809
0 0 0 0 1 8.87888
0 0 0 0 1 8.65993
0 0 0 0 0 8.67604
0 0 0 0 1 8.43526
0 0 0 0 0 8.47486
0 0 0 0 1 8.22104
0 0 0 0 1 8.26703
0 0 0 0 1 8.12236
0 0 0 0 1 7.98026
0 0 0 0 1 7.86315
0 0 0 0 0 7.76384
0 0 0 0 1 7.78709
0 0 0 0 1 7.56506
0 0 0 0 1 7.51246
0 0 0 0 0 7.46681
0 0 0 0 0 7.43717
0 0 0 0 1 7.33157
0 0 0 0 1 7.27207
0 0 0 0 1 7.10485
0 0 0 0 0 7.02484
0 0 0 0 1 6.98725
0 0 0 0 0 6.90952
0 0 0 0 1 6.9126
0 0 0 0 1 6.84164
0 0 0 0 1 6.77768
0 0 0 0 1 6.71384
0 0 0 0 0 6.60372
0 0 0 0 0 6.56029
0 0 0 0 1 6.4971
0 0 0 0 0 6.45595
0 0 0 0 1 6.33542
0 0 0 0 0 6.30098
0 0 0 0 0 6.32912
0 0 0 0 0 6.18789
0 0 0 0 1 6.11616
0 0 0 0 1 6.08159
0 0 0 0 1 6.04075
0 0 0 0 1 5.98458
0 0 0 0 0 5.95572
0 0 0 0 1 5.88208
0 0 0 0 1 5.859
0 0 0 0 1 5.79771
0 0 0 0 1 5.82353
0 0 0 0 1 5.77378
0 0 0 0 1 5.73254
0 0 0 0 1 5.69437
0 0 0 0 1 5.56102
0 0 0 0 1 5.61571
0 0 0 0 1 5.57769
0 0 0 0 1 5.50134
0 0 0 0 1 5.41476
0 0 0 0 0 5.36985
0 0 0 0 1 5.33051
0 0 0 0 0 5.37342
0 0 0 0 0 5.25447
0 0 0 0 1 5.22291
0 0 0 0 1 5.18929
0 0 0 0 1 5.21275
0 0 0 0 1 5.13775
0 0 0 0 1 5.15033
0 0 0 0 1 5.09305
0 0 0 0 1 4.9941
0 0 0 0 1 4.96439
0 0 0 0 0 4.96646
0 0 0 0 1 4.92363
0 0 0 0 0 4.88104
0 0 0 0 1 4.90704
0 0 0 0 1 4.83864
0 0 0 0 1 4.86887
0 0 0 0 1 4.83426
0 0 0 0 1 4.80256
0 0 0 0 1 4.82981
0 0 0 0 1 4.83295
0 0 0 0 1 4.86429
0 0 0 0 1 4.91646
0 0 0 0 0 4.93955
0 0 0 0 1 4.93815
0 0 0 0 1 4.94544
0 0 0 0 1 4.96881
0 0 0 0 1 4.94753
0 0 0 0 1 4.95487
0 0 0 0 0 5.0135
0 0 0 0 1 5.01221
0 0 0 0 1 5.09667
0 0 0 0 1 5.11588
0 0 0 0 0 5.10469
0 0 0 0 1 5.08316
0 0 0 0 1 5.07168
0 0 0 0 0 5.12045
0 0 0 0 1 5.1966
0 0 0 0 1 5.18013
0 0 0 0 1 5.20505
0 0 0 0 1 5.24053
0 0 0 0 1 5.271
0 0 0 0 1 5.2491
0 0 0 0 1 5.29554
0 0 0 0 0 5.29077
0 0 0 0 1 5.32699
0 0 0 0 1 5.31002
0 0 0 0 1 5.40009
0 0 0 0 1 5.41005
0 0 0 0 0 5.36742
0 0 0 0 1 5.45864
0 0 0 0 1 5.46871
0 0 0 0 1 5.51161
0 0 0 0 1 5.44635
0 0 0 0 1 5.56669
0 0 0 0 1 5.58413
0 0 0 0 1 5.55545
0 0 0 0 0 5.63434
0 0 0 0 1 5.65598
0 0 0 0 0 5.62281
0 0 0 0 0 5.67843
0 0 0 0 0 5.70751
0 0 0 0 1 5.77519
0 0 0 0 0 5.69543
0 0 0 0 1 5.82284
0 0 0 0 0 5.82933
0 0 0 0 0 5.88663
0 0 0 0 1 5.89906
0 0 0 0 1 5.85249
0 0 0 0 1 5.95927
0 0 0 0 1 5.95979
0 0 0 0 1 6.00201
0 0 0 0 0 6.00237
0 0 0 0 0 6.09321
0 0 0 0 1 6.11186
0 0 0 0 0 6.07555
0 0 0 0 0 6.0939
0 0 0 0 1 6.18783
0 0 0 0 1 9.5
0 0 0 0 0 9.53822
0 0 0 0 1 9.46899
0 0 0 0 1 9.44726
0 0 0 0 1 9.33501
0 0 0 0 1 9.39796
0 0 0 0 1 9.30201
0 0 0 0 1 9.24055
0 0 0 0 0 9.25079
0 0 0 0 1 9.20232
0 0 0 0 1 9.28294
0 0 0 0 1 9.12459
0 0 0 0 1 9.17749
0 0 0 0 1 9.2027
0 0 0 0 1 9.0461
0 0 0 0 0 8.99913
0 0 0 0 1 9.06978
0 0 0 0 1 8.91174
0 0 0 0 1 8.88357
0 0 0 0 1 9.01333
0 0 0 0 1 8.98502
0 0 0 0 1 8.9569
0 0 0 0 1 8.84918
0 0 0 0 1 8.87474
0 0 0 0 0 8.86158
0 0 0 0 0 8.72
0 0 0 0 1 8.83345
0 0 0 0 1 8.71227
0 0 0 0 1 8.79037
0 0 0 0 1 8.75163
0 0 0 0 1 8.73387
0 0 0 0 0 8.69555
0 0 0 0 1 8.60051
0 0 0 0 1 8.61443
0 0 0 0 0 8.58889
0 0 0 0 0 8.49157
0 0 0 0 0 8.552
0 0 0 0 1 8.42984
0 0 0 0 1 8.51218
0 0 0 0 0 8.52638
0 0 0 0 1 8.54058
0 0 0 0 1 8.45352
0 0 0 0 1 8.47994
0 0 0 0 1 8.33484
0 0 0 0 0 8.34121
0 0 0 0 1 8.43952
0 0 0 0 1 8.37905
0 0 0 0 1 8.29771
0 0 0 0 1 8.32927
0 0 0 0 1 8.20348
0 0 0 0 1 8.30583
0 0 0 0 1 8.25492
0 0 0 0 1 8.22077
0 0 0 0 1 8.20327
0 0 0 0 1 8.11218
0 0 0 0 1 8.23416
0 0 0 0 1 8.16804
0 0 0 0 1 8.20815
0 0 0 0 1 8.11816
0 0 0 0 1 8.09351
0 0 0 0 1 8.06096
0 0 0 0 1 8.13365
0 0 0 0 1 8.08523
0 0 0 0 1 8.10546
0 0 0 0 1 8.01728
0 0 0 0 1 8.04981
0 0 0 0 1 8.05833
0 0 0 0 0 7.97906
0 0 0 0 1 7.93584
0 0 0 0 1 7.92892
0 0 0 0 1 7.9857
0 0 0 0 1 7.88377
0 0 0 0 0 7.83776
0 0 0 0 1 7.85878
0 0 0 0 1 7.86841
0 0 0 0 1 7.94904
0 0 0 0 1 7.87566
0 0 0 0 0 7.8654
0 0 0 0 1 7.86757
0 0 0 0 1 7.7994
0 0 0 0 1 7.75504
0 0 0 0 1 7.75319
0 0 0 0 1 7.86519
0 0 0 0 0 7.81353
0 0 0 0 1 7.81968
0 0 0 0 1 7.78402
0 0 0 0 1 7.73612
