0 0 0 0 1 5.58063
0 0 0 0 1 5.52866
0 0 0 0 1 5.57126
0 0 0 0 1 5.6221
0 0 0 0 1 5.62051
0 0 0 0 1 5.55194
0 0 0 0 1 5.64468
0 0 0 0 1 5.62658
0 0 0 0 1 5.58274
0 0 0 0 1 5.60962
0 0 0 0 1 5.59166
0 0 0 0 1 5.58501
0 0 0 0 1 5.61452
0 0 0 0 1 5.64767
0 0 0 0 1 5.61302
0 0 0 0 1 5.62585
0 0 0 0 1 5.70496
0 0 0 0 1 5.6648
0 0 0 0 0 5.70451
0 0 0 0 0 5.68542
0 0 0 0 1 5.6796
0 0 0 0 1 5.69678
0 0 0 0 0 5.77736
0 0 0 0 1 5.71434
0 0 0 0 0 5.80298
0 0 0 0 1 5.76306
0 0 0 0 1 5.78097
0 0 0 0 0 5.78162
0 0 0 0 0 5.79399
0 0 0 0 1 5.80065
0 0 0 0 1 5.87753
0 0 0 0 1 5.81003
0 0 0 0 1 5.81269
0 0 0 0 1 5.89015
0 0 0 0 1 5.87385
0 0 0 0 1 5.85164
0 0 0 0 1 5.91808
0 0 0 0 0 5.87822
0 0 0 0 0 5.91544
0 0 0 0 1 5.92313
0 0 0 0 1 5.98462
0 0 0 0 1 6.01654
0 0 0 0 0 5.97204
0 0 0 0 1 5.99213
0 0 0 0 0 6.02441
0 0 0 0 0 6.06292
0 0 0 0 1 6.1126
0 0 0 0 1 6.04851
0 0 0 0 1 6.02064
0 0 0 0 1 6.04144
0 0 0 0 1 6.07461
0 0 0 0 1 6.07122
0 0 0 0 1 6.12204
0 0 0 0 1 6.21225
0 0 0 0 1 6.21544
0 0 0 0 1 6.13206
0 0 0 0 1 6.23438
0 0 0 0 1 6.26169
0 0 0 0 1 6.19029
0 0 0 0 1 6.24992
0 0 0 0 1 6.30901
0 0 0 0 1 6.24977
0 0 0 0 1 6.31644
0 0 0 0 1 6.28857
0 0 0 0 1 6.30498
0 0 0 0 1 6.37156
0 0 0 0 1 6.40107
0 0 0 0 0 6.46843
0 0 0 0 1 6.41493
0 0 0 0 1 6.43766
0 0 0 0 1 6.43544
0 0 0 0 1 6.51027
0 0 0 0 1 6.55374
0 0 0 0 1 6.46054
0 0 0 0 1 6.58255
0 0 0 0 1 6.59974
0 0 0 0 1 6.64995
0 0 0 0 1 6.5492
0 0 0 0 1 6.66578
0 0 0 0 1 6.67014
0 0 0 0 1 6.62778
0 0 0 0 1 6.65268
0 0 0 0 0 6.75824
0 0 0 0 0 6.75616
0 0 0 0 0 6.81487
0 0 0 0 1 6.81969
0 0 0 0 1 6.76321
0 0 0 0 1 6.89084
0 0 0 0 1 6.81353
0 0 0 0 1 6.89399
0 0 0 0 1 6.98191
0 0 0 0 1 6.91827
0 0 0 0 1 6.88847
0 0 0 0 0 6.92823
0 0 0 0 1 7.02431
0 0 0 0 1 7.07178
0 0 0 0 1 7.14036
0 0 0 0 1 7.10336
0 0 0 0 0 7.17997
0 0 0 0 0 7.22134
0 0 0 0 1 7.2414
0 0 0 0 1 7.18949
0 0 0 0 1 7.26689
0 0 0 0 1 7.25803
0 0 0 0 1 7.30696
0 0 0 0 1 7.29064
0 0 0 0 1 7.43558
0 0 0 0 0 7.40501
0 0 0 0 1 7.37332
0 0 0 0 1 7.46041
0 0 0 0 1 7.50363
0 0 0 0 1 7.59179
0 0 0 0 1 7.49937
0 0 0 0 1 7.57282
0 0 0 0 1 7.56341
0 0 0 0 1 7.72931
0 0 0 0 1 7.65054
0 0 0 0 0 7.73307
0 0 0 0 1 7.73081
0 0 0 0 1 7.76733
0 0 0 0 1 7.82013
0 0 0 0 0 7.91208
0 0 0 0 1 7.97267
0 0 0 0 1 7.93074
0 0 0 0 0 7.96753
0 0 0 0 1 8.02102
0 0 0 0 1 8.0264
0 0 0 0 1 8.07213
0 0 0 0 0 8.22345
0 0 0 0 0 8.11451
0 0 0 0 1 8.21762
0 0 0 0 1 8.32984
0 0 0 0 1 8.38523
0 0 0 0 1 8.30652
0 0 0 0 0 8.33594
0 0 0 0 1 8.433
0 0 0 0 1 8.47125
0 0 0 0 1 8.52668
0 0 0 0 1 8.54013
0 0 0 0 1 8.56993
0 0 0 0 1 8.70318
0 0 0 0 1 8.80337
0 0 0 0 1 8.73643
0 0 0 0 1 8.82918
0 0 0 0 1 8.82304
0 0 0 0 0 8.8879
0 0 0 0 1 9.07918
0 0 0 0 1 9.01855
0 0 0 0 1 9.18556
0 0 0 0 1 9.13306
0 0 0 0 1 9.20856
0 0 0 0 1 9.34016
0 0 0 0 1 9.40849
0 0 0 0 1 9.42804
0 0 0 0 1 9.39158
0 0 0 0 0 9.45754
0 0 0 0 1 9.60043
0 0 0 0 1 9.72649
0 0 0 0 0 9.70659
0 0 0 0 0 9.87156
0 0 0 0 1 9.82135
0 0 0 0 1 9.81092
0 0 0 0 1 10.0162
0 0 0 0 1 10.0441
0 0 0 0 0 10.0295
0 0 0 0 1 10.1379
0 0 0 0 1 10.2556
0 0 0 0 1 10.3431
0 0 0 0 1 10.3494
0 0 0 0 1 10.4265
0 0 0 0 1 10.4932
0 0 0 0 1 10.6218
0 0 0 0 1 10.6353
0 0 0 0 1 10.7649
0 0 0 0 0 9.22214
0 0 0 0 0 9.35602
0 0 0 0 1 9.22556
0 0 0 0 1 9.14647
0 0 0 0 1 9.17391
0 0 0 0 1 9.23342
0 0 0 0 1 9.13219
0 0 0 0 1 9.21918
0 0 0 0 1 9.19168
0 0 0 0 1 9.06868
0 0 0 0 1 9.00537
0 0 0 0 1 9.11949
0 0 0 0 1 9.07463
0 0 0 0 1 8.98482
0 0 0 0 1 9.00841
0 0 0 0 1 9.00929
0 0 0 0 1 8.94315
0 0 0 0 1 8.93537
0 0 0 0 0 8.99927
0 0 0 0 1 8.84872
0 0 0 0 1 8.99773
0 0 0 0 1 8.8569
0 0 0 0 0 8.91195
0 0 0 0 1 8.81626
0 0 0 0 0 8.89791
0 0 0 0 1 8.85188
0 0 0 0 1 8.75716
0 0 0 0 1 8.786
0 0 0 0 1 8.82363
0 0 0 0 1 8.82618
0 0 0 0 1 8.78507
0 0 0 0 0 8.71439
0 0 0 0 1 8.74361
0 0 0 0 0 8.76414
0 0 0 0 1 8.61094
0 0 0 0 0 8.6839
0 0 0 0 1 8.57486
0 0 0 0 0 8.56141
0 0 0 0 1 8.62583
0 0 0 0 0 8.55224
0 0 0 0 1 8.54786
0 0 0 0 0 8.66395
0 0 0 0 1 8.65108
0 0 0 0 1 8.65553
0 0 0 0 1 8.63442
0 0 0 0 1 8.61351
0 0 0 0 1 8.45925
0 0 0 0 1 8.56673
0 0 0 0 0 8.56698
0 0 0 0 1 8.71734
0 0 0 0 1 8.76272
0 0 0 0 0 9.02151
0 0 0 0 1 9.04781
0 0 0 0 1 9.19136
0 0 0 0 1 9.34446
0 0 0 0 1 9.58393
0 0 0 0 1 9.62296
0 0 0 0 1 9.74688
0 0 0 0 0 9.91972
0 0 0 0 1 10.2656
0 0 0 0 1 10.3069
0 0 0 0 0 10.5001
0 0 0 0 1 10.8127
0 0 0 0 1 11.0184
0 0 0 0 1 11.1351
0 0 0 0 1 11.2812
0 0 0 0 0 11.6199
0 0 0 0 1 11.8669
0 0 0 0 1 12.1627
0 0 0 0 1 12.2225
0 0 0 0 0 12.4599
0 0 0 0 1 12.809
0 0 0 0 1 22.91
0 0 0 0 1 22.7547
0 0 0 0 1 22.7571
0 0 0 0 1 22.7844
0 0 0 0 1 22.6082
0 0 0 0 1 22.7495
0 0 0 0 1 22.8459
0 0 0 0 1 22.4904
0 0 0 0 1 22.4294
0 0 0 0 1 22.6624
0 0 0 0 1 22.4895
0 0 0 0 1 22.7455
0 0 0 0 1 22.3496
0 0 0 0 0 22.4486
0 0 0 0 1 22.5479
0 0 0 0 1 22.6924
0 0 0 0 1 22.3203
0 0 0 0 1 22.4207
0 0 0 0 1 23.0836
0 0 0 0 1 24.3409
0 0 0 0 1 25.1432
0 0 0 0 0 26.422
0 0 0 0 1 36.0534
0 0 0 0 1 36.2206
0 0 0 0 1 36.3156
0 0 0 0 1 36.2656
0 0 0 0 1 36.6109
0 0 0 0 1 38.3722
0 0 0 0 1 52.3791
0 0 0 0 1 52.2594
0 0 0 0 1 52.5576
0 0 0 0 0 51.8156
0 0 0 0 0 52.1672
0 0 0 0 1 56.6671
0 0 0 0 0 65.7244
0 0 0 0 1 69.7336
0 0 0 0 1 81.6464
0 0 0 0 0 5.0601
0 0 0 0 0 5.0601
0 0 0 0 0 4.99497
0 0 0 0 0 4.96491
0 0 0 0 0 5.01501
0 0 0 0 0 5.05509
0 0 0 0 0 5.02503
0 0 0 0 0 4.98495
0 0 0 0 0 4.96992
0 0 0 0 0 4.99998
0 0 0 0 0 5.02503
0 0 0 0 0 5.00499
0 0 0 0 1 86.8901
0 0 0 0 1 87.7751
0 0 0 0 1 75.0698
0 0 0 0 1 63.9028
0 0 0 0 1 61.0712
0 0 0 0 0 60.5981
0 0 0 0 1 60.2467
0 0 0 0 1 51.1582
0 0 0 0 1 47.5553
0 0 0 0 1 47.7115
0 0 0 0 1 38.8814
0 0 0 0 1 36.9671
0 0 0 0 0 35.5252
0 0 0 0 1 35.573
0 0 0 0 1 35.3709
0 0 0 0 0 35.4558
0 0 0 0 1 28.2463
0 0 0 0 1 26.7767
0 0 0 0 0 25.5109
0 0 0 0 1 24.5899
0 0 0 0 1 24.7494
0 0 0 0 1 24.4167
0 0 0 0 1 24.7486
0 0 0 0 1 24.4165
0 0 0 0 1 24.6027
0 0 0 0 1 24.9378
0 0 0 0 0 24.5572
0 0 0 0 1 24.77
0 0 0 0 1 24.8088
0 0 0 0 1 18.2727
0 0 0 0 0 17.7388
0 0 0 0 1 17.2089
0 0 0 0 0 16.5939
0 0 0 0 1 16.2121
0 0 0 0 1 15.7842
0 0 0 0 1 15.5938
0 0 0 0 0 15.0758
0 0 0 0 1 14.6097
0 0 0 0 1 14.3798
0 0 0 0 1 14.1413
0 0 0 0 1 13.9981
0 0 0 0 1 13.9961
0 0 0 0 0 13.8414
0 0 0 0 1 13.8675
0 0 0 0 0 14.0612
0 0 0 0 1 13.8113
0 0 0 0 0 13.8941
0 0 0 0 1 13.9493
0 0 0 0 1 13.851
0 0 0 0 0 13.937
0 0 0 0 1 13.895
0 0 0 0 1 13.9794
0 0 0 0 1 14.0221
0 0 0 0 1 14.1519
0 0 0 0 1 14.1812
0 0 0 0 1 14.2108
0 0 0 0 1 14.1445
0 0 0 0 1 14.118
0 0 0 0 1 14.1766
0 0 0 0 0 14.2099
0 0 0 0 0 14.1982
0 0 0 0 1 14.1895
0 0 0 0 1 14.2493
0 0 0 0 1 14.2269
0 0 0 0 1 14.216
0 0 0 0 1 14.3511
0 0 0 0 0 14.3264
0 0 0 0 1 14.3479
0 0 0 0 1 14.3952
0 0 0 0 1 8.83475
0 0 0 0 0 8.65993
0 0 0 0 1 8.53847
0 0 0 0 0 8.52871
0 0 0 0 1 8.40774
0 0 0 0 0 8.25419
0 0 0 0 1 8.13594
0 0 0 0 1 8.13045
0 0 0 0 0 8.01225
0 0 0 0 1 7.84735
0 0 0 0 1 7.79511
0 0 0 0 1 7.77163
0 0 0 0 1 7.65676
0 0 0 0 1 7.60315
0 0 0 0 1 7.45186
0 0 0 0 1 7.45937
0 0 0 0 1 7.36084
0 0 0 0 1 7.30104
0 0 0 0 0 7.12636
0 0 0 0 0 7.02484
0 0 0 0 1 7.0013
0 0 0 0 1 7.01389
0 0 0 0 0 6.82998
0 0 0 0 1 6.86892
0 0 0 0 1 6.77092
0 0 0 0 1 6.72723
0 0 0 0 0 6.61698
0 0 0 0 0 6.58656
0 0 0 0 1 6.54263
0 0 0 0 1 6.44305
0 0 0 0 1 6.3929
0 0 0 0 1 6.26932
0 0 0 0 0 6.32912
0 0 0 0 1 6.26882
0 0 0 0 0 6.23343
0 0 0 0 1 6.12442
0 0 0 0 1 6.08321
0 0 0 0 1 6.03877
0 0 0 0 0 5.91395
0 0 0 0 1 5.97686
0 0 0 0 1 5.88835
0 0 0 0 0 5.81519
0 0 0 0 1 5.81196
0 0 0 0 1 5.68195
0 0 0 0 1 5.70979
0 0 0 0 0 5.66615
0 0 0 0 1 5.62822
0 0 0 0 1 5.52666
0 0 0 0 1 5.48933
0 0 0 0 1 5.43559
0 0 0 0 0 5.41476
0 0 0 0 1 5.35904
0 0 0 0 1 5.34125
0 0 0 0 1 5.3681
0 0 0 0 1 5.28622
0 0 0 0 1 5.21766
0 0 0 0 0 5.21015
0 0 0 0 1 5.14539
0 0 0 0 1 5.17379
0 0 0 0 0 5.08896
0 0 0 0 1 5.03218
0 0 0 0 0 5.05961
0 0 0 0 1 5.02958
0 0 0 0 1 5.02126
0 0 0 0 1 4.99786
0 0 0 0 1 4.89578
0 0 0 0 0 4.91192
0 0 0 0 1 4.87751
0 0 0 0 1 4.8737
0 0 0 0 1 4.86315
0 0 0 0 0 4.78808
0 0 0 0 1 4.82013
0 0 0 0 1 4.84753
0 0 0 0 1 4.92277
0 0 0 0 1 4.8969
0 0 0 0 1 4.88554
0 0 0 0 0 4.96279
0 0 0 0 1 4.95038
0 0 0 0 1 4.92418
0 0 0 0 1 4.9326
0 0 0 0 0 5.00976
0 0 0 0 0 5.02352
0 0 0 0 0 4.9921
0 0 0 0 1 5.08153
0 0 0 0 1 5.11081
0 0 0 0 1 5.0691
0 0 0 0 0 5.05764
0 0 0 0 0 5.15365
0 0 0 0 0 5.1564
0 0 0 0 0 5.13474
0 0 0 0 1 5.21636
0 0 0 0 1 5.16349
0 0 0 0 1 5.17274
0 0 0 0 1 5.20295
0 0 0 0 1 5.29639
0 0 0 0 1 5.30081
0 0 0 0 1 5.34378
0 0 0 0 1 5.28442
0 0 0 0 1 5.36344
0 0 0 0 1 5.37328
0 0 0 0 1 5.3293
0 0 0 0 1 5.45399
0 0 0 0 1 5.3826
0 0 0 0 1 5.48506
0 0 0 0 1 5.52803
0 0 0 0 1 5.50686
0 0 0 0 1 5.56117
0 0 0 0 1 5.57858
0 0 0 0 1 5.53873
0 0 0 0 1 5.55033
0 0 0 0 1 5.63349
0 0 0 0 0 5.6002
0 0 0 0 0 5.6444
0 0 0 0 1 5.73602
0 0 0 0 1 5.66644
0 0 0 0 1 5.78747
0 0 0 0 1 5.84018
0 0 0 0 1 5.85839
0 0 0 0 0 5.78162
0 0 0 0 1 5.88146
0 0 0 0 1 5.83481
0 0 0 0 1 5.90596
0 0 0 0 1 5.95979
0 0 0 0 1 5.97808
0 0 0 0 1 6.02643
0 0 0 0 1 6.05089
0 0 0 0 1 6.05718
0 0 0 0 1 6.14272
0 0 0 0 1 6.19822
0 0 0 0 1 6.20018
0 0 0 0 1 9.47144
0 0 0 0 1 9.396
0 0 0 0 1 9.38394
0 0 0 0 1 9.38133
0 0 0 0 1 9.37254
0 0 0 0 1 9.3138
0 0 0 0 1 9.26473
0 0 0 0 1 9.32422
0 0 0 0 0 9.23227
0 0 0 0 0 9.31308
0 0 0 0 1 9.20934
0 0 0 0 1 9.19795
0 0 0 0 1 9.13178
0 0 0 0 1 9.1207
0 0 0 0 1 9.09151
0 0 0 0 1 8.98102
0 0 0 0 1 9.05173
0 0 0 0 1 9.04677
0 0 0 0 1 8.98228
0 0 0 0 1 8.92382
0 0 0 0 1 8.83334
0 0 0 0 1 8.86795
0 0 0 0 1 8.84031
0 0 0 0 0 8.80402
0 0 0 0 1 8.77341
0 0 0 0 1 8.73758
0 0 0 0 1 8.68447
0 0 0 0 1 8.67728
0 0 0 0 0 8.77293
0 0 0 0 1 8.75163
0 0 0 0 1 8.66449
0 0 0 0 1 8.60037
0 0 0 0 1 8.63502
0 0 0 0 0 8.59722
0 0 0 0 1 8.55457
0 0 0 0 1 8.63709
0 0 0 0 1 8.59467
0 0 0 0 1 8.44687
0 0 0 0 1 8.52067
0 0 0 0 1 8.42468
0 0 0 0 0 8.4391
0 0 0 0 1 8.39446
0 0 0 0 1 8.35375
0 0 0 0 1 8.32645
0 0 0 0 0 8.39146
0 0 0 0 1 8.4061
0 0 0 0 1 8.35404
0 0 0 0 1 8.28108
0 0 0 0 1 8.34586
0 0 0 0 0 8.24487
0 0 0 0 1 8.29757
0 0 0 0 1 8.25492
0 0 0 0 0 8.19609
0 0 0 0 1 8.2936
0 0 0 0 0 8.11218
0 0 0 0 0 8.19328
0 0 0 0 1 8.15172
0 0 0 0 1 8.18372
0 0 0 0 1 8.15066
0 0 0 0 0 8.09351
0 0 0 0 1 8.14999
0 0 0 0 1 8.14173
0 0 0 0 0 7.99656
0 0 0 0 1 8.07326
0 0 0 0 1 7.99318
0 0 0 0 1 8.09792
0 0 0 0 1 8.05033
0 0 0 0 1 7.99504
0 0 0 0 1 7.99965
0 0 0 0 1 7.93688
0 0 0 0 0 7.93008
0 0 0 0 1 7.88377
0 0 0 0 1 7.95651
0 0 0 0 0 7.97737
0 0 0 0 0 7.8763
0 0 0 0 1 7.91752
0 0 0 0 1 7.94647
0 0 0 0 1 7.88897
0 0 0 0 1 7.86757
0 0 0 0 1 7.79157
0 0 0 0 1 7.8254
0 0 0 0 1 7.74539
0 0 0 0 1 7.75606
0 0 0 0 1 7.72792
0 0 0 0 0 7.80414
0 0 0 0 0 7.73745
0 0 0 0 1 7.82914
