0 0 0 0 1 5.56953
0 0 0 0 1 5.54533
0 0 0 0 1 5.51561
0 0 0 0 1 5.54966
0 0 0 0 1 5.59261
0 0 0 0 1 5.53517
0 0 0 0 1 5.6167
0 0 0 0 1 5.63778
0 0 0 0 0 5.66129
0 0 0 0 1 5.59838
0 0 0 0 1 5.68739
0 0 0 0 1 5.68092
0 0 0 0 1 5.69924
0 0 0 0 1 5.61938
0 0 0 0 1 5.69807
0 0 0 0 1 5.62018
0 0 0 0 0 5.74478
0 0 0 0 1 5.6534
0 0 0 0 1 5.70451
0 0 0 0 0 5.71971
0 0 0 0 1 5.71395
0 0 0 0 1 5.67957
0 0 0 0 1 5.8061
0 0 0 0 0 5.78923
0 0 0 0 0 5.82029
0 0 0 0 1 5.77462
0 0 0 0 1 5.85048
0 0 0 0 1 5.86289
0 0 0 0 1 5.85798
0 0 0 0 1 5.77733
0 0 0 0 1 5.87753
0 0 0 0 1 5.79248
0 0 0 0 1 5.88886
0 0 0 0 1 5.92538
0 0 0 0 1 5.85619
0 0 0 0 1 5.85164
0 0 0 0 1 5.94173
0 0 0 0 1 5.87229
0 0 0 0 1 5.88575
0 0 0 0 1 5.98266
0 0 0 0 0 5.91302
0 0 0 0 0 5.99261
0 0 0 0 1 6.00798
0 0 0 0 0 6.05818
0 0 0 0 1 6.07857
0 0 0 0 1 5.98449
0 0 0 0 0 6.02182
0 0 0 0 1 6.00605
0 0 0 0 1 6.02672
0 0 0 0 1 6.03535
0 0 0 0 1 6.16628
0 0 0 0 1 6.12023
0 0 0 0 1 6.12819
0 0 0 0 1 6.12605
0 0 0 0 1 6.18458
0 0 0 0 0 6.15681
0 0 0 0 0 6.24058
0 0 0 0 1 6.19323
0 0 0 0 1 6.20901
0 0 0 0 0 6.24992
0 0 0 0 1 6.25251
0 0 0 0 1 6.30012
0 0 0 0 1 6.36692
0 0 0 0 1 6.37714
0 0 0 0 1 6.30498
0 0 0 0 1 6.32064
0 0 0 0 1 6.31811
0 0 0 0 1 6.34675
0 0 0 0 0 6.4085
0 0 0 0 0 6.43766
0 0 0 0 1 6.5259
0 0 0 0 0 6.52973
0 0 0 0 0 6.53424
0 0 0 0 1 6.4801
0 0 0 0 1 6.60216
0 0 0 0 1 6.59974
0 0 0 0 1 6.55777
0 0 0 0 1 6.5558
0 0 0 0 1 6.66578
0 0 0 0 0 6.71004
0 0 0 0 1 6.68118
0 0 0 0 1 6.73969
0 0 0 0 1 6.72468
0 0 0 0 0 6.69553
0 0 0 0 0 6.73374
0 0 0 0 1 6.79255
0 0 0 0 0 6.7564
0 0 0 0 0 6.82932
0 0 0 0 1 6.90273
0 0 0 0 1 6.95597
0 0 0 0 1 6.9197
0 0 0 0 1 6.9668
0 0 0 0 1 6.88847
0 0 0 0 1 6.92125
0 0 0 0 1 7.07338
0 0 0 0 1 7.07882
0 0 0 0 0 7.01311
0 0 0 0 0 7.06079
0 0 0 0 1 7.08738
0 0 0 0 1 7.16414
0 0 0 0 1 7.21987
0 0 0 0 1 7.24713
0 0 0 0 1 7.31031
0 0 0 0 1 7.29436
0 0 0 0 1 7.32156
0 0 0 0 1 7.29064
0 0 0 0 1 7.3546
0 0 0 0 1 7.3238
0 0 0 0 1 7.34364
0 0 0 0 1 7.52749
0 0 0 0 1 7.54104
0 0 0 0 1 7.48656
0 0 0 0 1 7.6051
0 0 0 0 0 7.63353
0 0 0 0 1 7.67766
0 0 0 0 1 7.72165
0 0 0 0 1 7.72743
0 0 0 0 1 7.78715
0 0 0 0 1 7.71529
0 0 0 0 1 7.85312
0 0 0 0 0 7.90624
0 0 0 0 0 7.79411
0 0 0 0 0 7.88566
0 0 0 0 1 8.01021
0 0 0 0 1 7.91159
0 0 0 0 0 7.94876
0 0 0 0 1 8.10707
0 0 0 0 1 8.09644
0 0 0 0 1 8.199
0 0 0 0 1 8.15545
0 0 0 0 1 8.30819
0 0 0 0 1 8.33812
0 0 0 0 1 8.34364
0 0 0 0 1 8.31489
0 0 0 0 0 8.38641
0 0 0 0 0 8.49221
0 0 0 0 1 8.5478
0 0 0 0 1 8.48392
0 0 0 0 1 8.65182
0 0 0 0 1 8.56129
0 0 0 0 1 8.60754
0 0 0 0 1 8.65476
0 0 0 0 1 8.71003
0 0 0 0 1 8.74963
0 0 0 0 1 8.83193
0 0 0 0 0 9.01321
0 0 0 0 1 8.98911
0 0 0 0 1 9.10919
0 0 0 0 1 9.17644
0 0 0 0 1 9.17891
0 0 0 0 1 9.15319
0 0 0 0 0 9.33087
0 0 0 0 1 9.29648
0 0 0 0 1 9.45624
0 0 0 0 1 9.36321
0 0 0 0 1 9.45754
0 0 0 0 1 9.63879
0 0 0 0 1 9.55281
0 0 0 0 1 9.67744
0 0 0 0 1 9.77372
0 0 0 0 1 9.79179
0 0 0 0 1 9.81092
0 0 0 0 1 10.0761
0 0 0 0 1 10.014
0 0 0 0 1 10.0802
0 0 0 0 1 10.1787
0 0 0 0 1 10.1734
0 0 0 0 1 10.4259
0 0 0 0 1 10.3389
0 0 0 0 1 10.4685
0 0 0 0 0 10.5566
0 0 0 0 1 10.6752
0 0 0 0 0 10.775
0 0 0 0 1 10.7433
0 0 0 0 1 9.25937
0 0 0 0 1 9.29105
0 0 0 0 1 9.29966
0 0 0 0 0 9.30353
0 0 0 0 0 9.17391
0 0 0 0 1 9.23342
0 0 0 0 1 9.12301
0 0 0 0 1 9.14594
0 0 0 0 0 9.12772
0 0 0 0 1 9.06868
0 0 0 0 0 9.05085
0 0 0 0 1 9.06505
0 0 0 0 1 9.01123
0 0 0 0 1 8.9577
0 0 0 0 1 8.98136
0 0 0 0 1 8.94629
0 0 0 0 0 9.04192
0 0 0 0 0 8.98915
0 0 0 0 1 8.91876
0 0 0 0 1 8.86658
0 0 0 0 1 8.82847
0 0 0 0 0 8.86579
0 0 0 0 0 8.86756
0 0 0 0 0 8.84284
0 0 0 0 1 8.9156
0 0 0 0 1 8.86953
0 0 0 0 1 8.8805
0 0 0 0 0 8.86516
0 0 0 0 1 8.71827
0 0 0 0 1 8.70347
0 0 0 0 1 8.67132
0 0 0 0 1 8.68819
0 0 0 0 1 8.78719
0 0 0 0 1 8.6684
0 0 0 0 0 8.68045
0 0 0 0 1 8.65788
0 0 0 0 0 8.68746
0 0 0 0 1 8.57006
0 0 0 0 1 8.65173
0 0 0 0 1 8.65569
0 0 0 0 1 8.53064
0 0 0 0 1 8.58659
0 0 0 0 0 8.66825
0 0 0 0 1 8.62125
0 0 0 0 1 8.56596
0 0 0 0 0 8.49388
0 0 0 0 1 8.50193
0 0 0 0 1 8.49854
0 0 0 0 0 8.64416
0 0 0 0 1 8.68254
0 0 0 0 1 8.85097
0 0 0 0 1 8.96776
0 0 0 0 1 9.02053
0 0 0 0 1 9.29297
0 0 0 0 1 9.31631
0 0 0 0 1 9.62208
0 0 0 0 1 9.75849
0 0 0 0 1 9.94378
0 0 0 0 0 9.96977
0 0 0 0 1 10.123
0 0 0 0 0 10.3069
0 0 0 0 1 10.4684
0 0 0 0 0 10.7268
0 0 0 0 1 10.9637
0 0 0 0 1 11.2132
0 0 0 0 1 11.3267
0 0 0 0 1 11.6315
0 0 0 0 0 11.8078
0 0 0 0 1 12.1024
0 0 0 0 1 12.2225
0 0 0 0 1 12.4474
0 0 0 0 1 12.9247
0 0 0 0 1 22.5237
0 0 0 0 1 22.8456
0 0 0 0 1 22.8933
0 0 0 0 0 22.8978
0 0 0 0 1 22.8121
0 0 0 0 1 22.6816
0 0 0 0 1 22.778
0 0 0 0 0 22.6712
0 0 0 0 1 22.5424
0 0 0 0 1 22.7076
0 0 0 0 1 22.7376
0 0 0 0 1 22.3623
0 0 0 0 1 22.6876
0 0 0 0 1 22.336
0 0 0 0 1 22.3004
0 0 0 0 0 22.3776
0 0 0 0 1 22.2753
0 0 0 0 1 22.3533
0 0 0 0 1 22.9908
0 0 0 0 1 24.3409
0 0 0 0 1 25.0929
0 0 0 0 1 26.3958
0 0 0 0 1 36.5269
0 0 0 0 1 36.5118
0 0 0 0 1 36.4247
0 0 0 0 1 36.0838
0 0 0 0 1 36.065
0 0 0 0 1 38.2951
0 0 0 0 1 51.5981
0 0 0 0 0 52.4155
0 0 0 0 1 52.4015
0 0 0 0 1 51.5555
0 0 0 0 0 51.6991
0 0 0 0 1 55.8213
0 0 0 0 1 65.6589
0 0 0 0 0 68.9673
0 0 0 0 0 81.7282
0 0 0 0 0 5.02503
0 0 0 0 0 5.04507
0 0 0 0 0 4.99998
0 0 0 0 0 5.0601
0 0 0 0 0 4.98495
0 0 0 0 0 4.96491
0 0 0 0 0 5.03505
0 0 0 0 0 4.99998
0 0 0 0 0 4.99998
0 0 0 0 0 5.01501
0 0 0 0 0 4.96491
0 0 0 0 0 4.9599
0 0 0 0 1 88.2916
0 0 0 0 0 88.3007
0 0 0 0 1 75.0698
0 0 0 0 1 63.7113
0 0 0 0 1 60.5869
0 0 0 0 1 60.0533
0 0 0 0 0 60.7917
0 0 0 0 1 51.777
0 0 0 0 1 47.6992
0 0 0 0 1 48.4795
0 0 0 0 0 39.6669
0 0 0 0 1 36.6725
0 0 0 0 1 35.3825
0 0 0 0 0 35.7157
0 0 0 0 1 35.6564
0 0 0 0 0 35.9199
0 0 0 0 1 27.9656
0 0 0 0 0 26.9107
0 0 0 0 1 25.6135
0 0 0 0 1 24.8115
0 0 0 0 1 24.4046
0 0 0 0 1 24.6631
0 0 0 0 0 24.7979
0 0 0 0 1 24.7618
0 0 0 0 0 24.8495
0 0 0 0 1 24.7896
0 0 0 0 1 24.6313
0 0 0 0 1 24.9677
0 0 0 0 1 24.5615
0 0 0 0 1 18.3637
0 0 0 0 0 17.5797
0 0 0 0 1 17.0886
0 0 0 0 1 16.6273
0 0 0 0 1 16.4402
0 0 0 0 1 16.0383
0 0 0 0 1 15.5783
0 0 0 0 0 15.1514
0 0 0 0 1 14.6835
0 0 0 0 1 14.5096
0 0 0 0 1 14.1836
0 0 0 0 1 13.8037
0 0 0 0 0 14.0239
0 0 0 0 1 13.8414
0 0 0 0 1 14.0346
0 0 0 0 1 13.8522
0 0 0 0 1 13.9648
0 0 0 0 1 13.8243
0 0 0 0 1 14.117
0 0 0 0 1 13.851
0 0 0 0 1 14.0911
0 0 0 0 1 14.0773
0 0 0 0 1 14.0777
0 0 0 0 0 14.1204
0 0 0 0 1 13.9972
0 0 0 0 1 14.2235
0 0 0 0 0 14.1967
0 0 0 0 0 14.0316
0 0 0 0 0 14.0332
0 0 0 0 0 14.2473
0 0 0 0 0 14.2099
0 0 0 0 0 14.0563
0 0 0 0 0 14.0901
0 0 0 0 1 14.292
0 0 0 0 0 14.3551
0 0 0 0 0 14.3158
0 0 0 0 0 14.3368
0 0 0 0 1 14.2835
0 0 0 0 1 14.3622
0 0 0 0 1 14.4813
0 0 0 0 1 8.83475
0 0 0 0 1 8.79933
0 0 0 0 1 8.64165
0 0 0 0 1 8.52871
0 0 0 0 0 8.38256
0 0 0 0 1 8.34535
0 0 0 0 1 8.16871
0 0 0 0 1 8.06573
0 0 0 0 1 8.04423
0 0 0 0 1 7.88686
0 0 0 0 1 7.8342
0 0 0 0 1 7.70211
0 0 0 0 1 7.59562
0 0 0 0 1 7.61827
0 0 0 0 1 7.39954
0 0 0 0 1 7.34097
0 0 0 0 1 7.29499
0 0 0 0 0 7.26482
0 0 0 0 1 7.15504
0 0 0 0 1 7.1029
0 0 0 0 1 7.05045
0 0 0 0 1 6.99997
0 0 0 0 1 6.91949
0 0 0 0 1 6.80753
0 0 0 0 0 6.76416
0 0 0 0 1 6.70045
0 0 0 0 0 6.63687
0 0 0 0 1 6.50119
0 0 0 0 1 6.53612
0 0 0 0 1 6.46885
0 0 0 0 1 6.38013
0 0 0 0 1 6.35164
0 0 0 0 0 6.24121
0 0 0 0 1 6.28749
0 0 0 0 1 6.1964
0 0 0 0 0 6.12442
0 0 0 0 0 6.02256
0 0 0 0 1 6.06285
0 0 0 0 1 5.97959
0 0 0 0 1 5.97686
0 0 0 0 1 5.92358
0 0 0 0 0 5.85598
0 0 0 0 1 5.82931
0 0 0 0 1 5.70491
0 0 0 0 1 5.73254
0 0 0 0 0 5.63794
0 0 0 0 0 5.55542
0 0 0 0 1 5.52109
0 0 0 0 1 5.54455
0 0 0 0 1 5.4849
0 0 0 0 1 5.48543
0 0 0 0 1 5.41306
0 0 0 0 1 5.34125
0 0 0 0 1 5.35212
0 0 0 0 1 5.26505
0 0 0 0 1 5.28065
0 0 0 0 1 5.17364
0 0 0 0 1 5.20757
0 0 0 0 1 5.12746
0 0 0 0 1 5.09918
0 0 0 0 1 5.06262
0 0 0 0 1 5.01426
0 0 0 0 0 4.98445
0 0 0 0 1 4.97642
0 0 0 0 1 4.90384
0 0 0 0 1 4.94985
0 0 0 0 0 4.93145
0 0 0 0 1 4.86779
0 0 0 0 1 4.80132
0 0 0 0 1 4.78611
0 0 0 0 0 4.82187
0 0 0 0 1 4.7959
0 0 0 0 1 4.90588
0 0 0 0 1 4.86429
0 0 0 0 1 4.86265
0 0 0 0 1 4.90518
0 0 0 0 0 4.90365
0 0 0 0 1 4.94544
0 0 0 0 1 4.96881
0 0 0 0 0 4.96247
0 0 0 0 1 5.00976
0 0 0 0 1 4.96842
0 0 0 0 1 5.02227
0 0 0 0 1 5.07144
0 0 0 0 1 5.07029
0 0 0 0 1 5.10977
0 0 0 0 1 5.07806
0 0 0 0 1 5.07168
0 0 0 0 1 5.11531
0 0 0 0 1 5.13989
0 0 0 0 1 5.12321
0 0 0 0 1 5.19986
0 0 0 0 1 5.24575
0 0 0 0 0 5.271
0 0 0 0 1 5.27537
0 0 0 0 1 5.24279
0 0 0 0 0 5.24835
0 0 0 0 1 5.28974
0 0 0 0 0 5.36878
0 0 0 0 1 5.37864
0 0 0 0 1 5.35083
0 0 0 0 1 5.37824
0 0 0 0 1 5.41519
0 0 0 0 1 5.43054
0 0 0 0 1 5.41857
0 0 0 0 1 5.51237
0 0 0 0 1 5.48385
0 0 0 0 1 5.56193
0 0 0 0 1 5.62231
0 0 0 0 1 5.65114
0 0 0 0 1 5.65036
0 0 0 0 1 5.63411
0 0 0 0 0 5.63872
0 0 0 0 1 5.71321
0 0 0 0 1 5.74657
0 0 0 0 1 5.74145
0 0 0 0 0 5.75345
0 0 0 0 1 5.84095
0 0 0 0 1 5.87496
0 0 0 0 1 5.91665
0 0 0 0 1 5.94089
0 0 0 0 1 5.9415
0 0 0 0 1 5.93598
0 0 0 0 1 5.94217
0 0 0 0 0 6.03846
0 0 0 0 1 6.00858
0 0 0 0 1 6.08756
0 0 0 0 1 6.11219
0 0 0 0 1 6.07549
0 0 0 0 1 6.1693
0 0 0 0 1 9.57615
0 0 0 0 1 9.51926
0 0 0 0 0 9.44064
0 0 0 0 1 9.34366
0 0 0 0 1 9.47574
0 0 0 0 1 9.42601
0 0 0 0 0 9.29269
0 0 0 0 1 9.24985
0 0 0 0 1 9.30635
0 0 0 0 1 9.20232
0 0 0 0 1 9.20934
0 0 0 0 1 9.18878
0 0 0 0 1 9.21405
0 0 0 0 1 9.02958
0 0 0 0 1 9.13692
0 0 0 0 0 9.02629
0 0 0 0 1 9.11491
0 0 0 0 0 9.05577
0 0 0 0 1 8.98228
0 0 0 0 1 8.87012
0 0 0 0 1 8.88687
0 0 0 0 1 8.9569
0 0 0 0 0 8.85804
0 0 0 0 1 8.84822
0 0 0 0 1 8.77341
0 0 0 0 1 8.74637
0 0 0 0 1 8.85098
0 0 0 0 1 8.72101
0 0 0 0 1 8.76421
0 0 0 0 1 8.75163
0 0 0 0 0 8.66449
0 0 0 0 0 8.64364
0 0 0 0 0 8.58326
0 0 0 0 0 8.59722
0 0 0 0 0 8.59747
0 0 0 0 0 8.59429
0 0 0 0 1 8.56907
0 0 0 0 0 8.53202
0 0 0 0 1 8.56315
0 0 0 0 1 8.40773
0 0 0 0 0 8.37146
0 0 0 0 1 8.45352
0 0 0 0 0 8.4547
0 0 0 0 1 8.40199
0 0 0 0 1 8.31608
0 0 0 0 0 8.38939
0 0 0 0 1 8.35404
0 0 0 0 1 8.28939
0 0 0 0 1 8.31268
0 0 0 0 1 8.28626
0 0 0 0 1 8.19839
0 0 0 0 1 8.16421
0 0 0 0 1 8.22077
0 0 0 0 1 8.17864
0 0 0 0 1 8.26787
0 0 0 0 1 8.14422
0 0 0 0 1 8.1762
0 0 0 0 0 8.16743
0 0 0 0 0 8.13441
0 0 0 0 1 8.11784
0 0 0 0 1 8.0124
0 0 0 0 1 8.02057
0 0 0 0 1 8.03687
0 0 0 0 1 8.08131
0 0 0 0 1 8.09761
0 0 0 0 0 8.00973
0 0 0 0 0 8.05033
0 0 0 0 1 8.02699
0 0 0 0 1 7.95179
0 0 0 0 1 7.913
0 0 0 0 1 7.96187
0 0 0 0 1 7.96309
0 0 0 0 1 7.95651
0 0 0 0 0 7.85878
0 0 0 0 1 7.88419
0 0 0 0 1 7.79935
0 0 0 0 1 7.89139
0 0 0 0 1 7.81826
0 0 0 0 1 7.77345
0 0 0 0 1 7.87771
0 0 0 0 1 7.75504
0 0 0 0 1 7.84689
0 0 0 0 0 7.83401
0 0 0 0 1 7.76683
0 0 0 0 1 7.82745
0 0 0 0 0 7.68313
0 0 0 0 1 7.70512
