0 0 0 0 1 5.60282
0 0 0 0 1 5.51755
0 0 0 0 1 5.549
0 0 0 0 1 5.58866
0 0 0 0 1 5.60377
0 0 0 0 1 5.59667
0 0 0 0 1 5.54398
0 0 0 0 0 5.56493
0 0 0 0 1 5.64446
0 0 0 0 0 5.6321
0 0 0 0 1 5.58603
0 0 0 0 1 5.65835
0 0 0 0 0 5.6823
0 0 0 0 1 5.66465
0 0 0 0 1 5.61302
0 0 0 0 0 5.62585
0 0 0 0 0 5.67652
0 0 0 0 1 5.6762
0 0 0 0 1 5.65312
0 0 0 0 1 5.71971
0 0 0 0 1 5.67387
0 0 0 0 1 5.75415
0 0 0 0 1 5.71413
0 0 0 0 1 5.7201
0 0 0 0 0 5.79721
0 0 0 0 0 5.73415
0 0 0 0 1 5.84469
0 0 0 0 1 5.76421
0 0 0 0 1 5.85216
0 0 0 0 0 5.77733
0 0 0 0 1 5.80742
0 0 0 0 1 5.82759
0 0 0 0 1 5.81269
0 0 0 0 1 5.83729
0 0 0 0 1 5.93859
0 0 0 0 1 5.86344
0 0 0 0 1 5.90034
0 0 0 0 1 5.95525
0 0 0 0 1 5.92732
0 0 0 0 1 5.93504
0 0 0 0 1 5.92495
0 0 0 0 1 6.0285
0 0 0 0 1 5.96605
0 0 0 0 1 6.02816
0 0 0 0 1 6.0545
0 0 0 0 0 6.06895
0 0 0 0 1 6.00972
0 0 0 0 0 6.04245
0 0 0 0 1 6.13619
0 0 0 0 1 6.12679
0 0 0 0 1 6.08683
0 0 0 0 1 6.15086
0 0 0 0 1 6.15277
0 0 0 0 1 6.09527
0 0 0 0 1 6.11051
0 0 0 0 1 6.22487
0 0 0 0 1 6.25919
0 0 0 0 1 6.19323
0 0 0 0 1 6.20901
0 0 0 0 1 6.2812
0 0 0 0 1 6.27134
0 0 0 0 1 6.30641
0 0 0 0 1 6.29751
0 0 0 0 1 6.37714
0 0 0 0 1 6.27961
0 0 0 0 1 6.35246
0 0 0 0 1 6.31811
0 0 0 0 0 6.39798
0 0 0 0 1 6.4663
0 0 0 0 0 6.43122
0 0 0 0 1 6.40959
0 0 0 0 1 6.51676
0 0 0 0 1 6.45622
0 0 0 0 1 6.53226
0 0 0 0 1 6.55641
0 0 0 0 1 6.52757
0 0 0 0 0 6.6302
0 0 0 0 1 6.59541
0 0 0 0 1 6.58627
0 0 0 0 1 6.69674
0 0 0 0 1 6.66783
0 0 0 0 1 6.67276
0 0 0 0 1 6.67099
0 0 0 0 1 6.77636
0 0 0 0 1 6.75402
0 0 0 0 1 6.71791
0 0 0 0 1 6.78364
0 0 0 0 0 6.89084
0 0 0 0 1 6.79294
0 0 0 0 1 6.85956
0 0 0 0 1 6.87822
0 0 0 0 1 6.89747
0 0 0 0 1 6.96501
0 0 0 0 1 6.97014
0 0 0 0 0 6.98224
0 0 0 0 1 6.98734
0 0 0 0 1 7.08381
0 0 0 0 1 7.08207
0 0 0 0 1 7.17285
0 0 0 0 0 7.09979
0 0 0 0 1 7.19834
0 0 0 0 1 7.23992
0 0 0 0 1 7.27412
0 0 0 0 0 7.25076
0 0 0 0 1 7.30696
0 0 0 0 1 7.34926
0 0 0 0 1 7.33252
0 0 0 0 1 7.31641
0 0 0 0 1 7.39557
0 0 0 0 1 7.44551
0 0 0 0 1 7.41386
0 0 0 0 1 7.46401
0 0 0 0 0 7.55978
0 0 0 0 0 7.54247
0 0 0 0 1 7.54056
0 0 0 0 1 7.67574
0 0 0 0 0 7.63516
0 0 0 0 1 7.67127
0 0 0 0 1 7.69977
0 0 0 0 1 7.75953
0 0 0 0 1 7.82013
0 0 0 0 1 7.79411
0 0 0 0 1 7.86985
0 0 0 0 1 7.97842
0 0 0 0 1 8.01548
0 0 0 0 1 8.10934
0 0 0 0 1 8.0748
0 0 0 0 1 8.16938
0 0 0 0 1 8.17455
0 0 0 0 0 8.20458
0 0 0 0 1 8.27526
0 0 0 0 0 8.23876
0 0 0 0 0 8.26877
0 0 0 0 0 8.37344
0 0 0 0 1 8.4537
0 0 0 0 1 8.52604
0 0 0 0 1 8.53079
0 0 0 0 1 8.50958
0 0 0 0 0 8.50577
0 0 0 0 0 8.65632
0 0 0 0 0 8.70318
0 0 0 0 1 8.69847
0 0 0 0 1 8.88599
0 0 0 0 1 8.85569
0 0 0 0 1 8.84972
0 0 0 0 1 9.01321
0 0 0 0 1 9.04315
0 0 0 0 1 9.15451
0 0 0 0 1 9.14911
0 0 0 0 1 9.1239
0 0 0 0 1 9.15319
0 0 0 0 1 9.24731
0 0 0 0 1 9.25915
0 0 0 0 0 9.41864
0 0 0 0 0 9.48616
0 0 0 0 1 9.53373
0 0 0 0 1 9.54288
0 0 0 0 0 9.69755
0 0 0 0 1 9.73574
0 0 0 0 1 9.84221
0 0 0 0 0 9.8312
0 0 0 0 0 9.95957
0 0 0 0 0 9.88638
0 0 0 0 1 10.1145
0 0 0 0 1 10.1612
0 0 0 0 0 10.1277
0 0 0 0 1 10.1837
0 0 0 0 1 10.3431
0 0 0 0 1 10.4327
0 0 0 0 1 10.5735
0 0 0 0 1 10.5566
0 0 0 0 1 10.6112
0 0 0 0 0 10.7642
0 0 0 0 1 10.7866
0 0 0 0 1 9.21284
0 0 0 0 1 9.20751
0 0 0 0 1 9.28114
0 0 0 0 1 9.30353
0 0 0 0 1 9.24767
0 0 0 0 1 9.14145
0 0 0 0 1 9.19644
0 0 0 0 1 9.23749
0 0 0 0 1 9.04549
0 0 0 0 1 9.1416
0 0 0 0 1 9.1782
0 0 0 0 1 9.02875
0 0 0 0 1 9.11991
0 0 0 0 1 9.08425
0 0 0 0 1 9.1076
0 0 0 0 1 8.96429
0 0 0 0 0 8.93417
0 0 0 0 1 8.94434
0 0 0 0 1 8.95454
0 0 0 0 1 8.93801
0 0 0 0 1 8.84629
0 0 0 0 0 8.84801
0 0 0 0 1 8.96521
0 0 0 0 1 8.89601
0 0 0 0 1 8.79177
0 0 0 0 1 8.83423
0 0 0 0 1 8.82764
0 0 0 0 1 8.70685
0 0 0 0 1 8.75339
0 0 0 0 1 8.74729
0 0 0 0 1 8.67132
0 0 0 0 1 8.81044
0 0 0 0 1 8.67387
0 0 0 0 1 8.67711
0 0 0 0 1 8.75866
0 0 0 0 1 8.70993
0 0 0 0 1 8.61817
0 0 0 0 1 8.69978
0 0 0 0 1 8.68627
0 0 0 0 1 8.61259
0 0 0 0 0 8.68559
0 0 0 0 1 8.66395
0 0 0 0 1 8.55668
0 0 0 0 1 8.56126
0 0 0 0 1 8.62587
0 0 0 0 0 8.51097
0 0 0 0 0 8.57021
0 0 0 0 1 8.49854
0 0 0 0 1 8.5927
0 0 0 0 1 8.78694
0 0 0 0 1 8.81567
0 0 0 0 1 9.04839
0 0 0 0 1 9.11146
0 0 0 0 1 9.29297
0 0 0 0 1 9.29755
0 0 0 0 1 9.47903
0 0 0 0 1 9.76817
0 0 0 0 1 9.89456
0 0 0 0 1 9.9998
0 0 0 0 1 10.1332
0 0 0 0 1 10.338
0 0 0 0 0 10.6584
0 0 0 0 1 10.6731
0 0 0 0 0 11.0403
0 0 0 0 1 11.1797
0 0 0 0 1 11.4175
0 0 0 0 1 11.701
0 0 0 0 0 11.8432
0 0 0 0 1 12.0663
0 0 0 0 1 12.2225
0 0 0 0 1 12.6485
0 0 0 0 0 12.9247
0 0 0 0 1 22.6373
0 0 0 0 1 22.5731
0 0 0 0 1 22.4622
0 0 0 0 1 22.7844
0 0 0 0 0 22.5176
0 0 0 0 1 22.5005
0 0 0 0 1 22.4161
0 0 0 0 1 22.4452
0 0 0 0 1 22.8134
0 0 0 0 1 22.3464
0 0 0 0 0 22.4218
0 0 0 0 1 22.5651
0 0 0 0 1 22.3271
0 0 0 0 1 22.7413
0 0 0 0 1 22.4354
0 0 0 0 0 22.4001
0 0 0 0 1 22.2753
0 0 0 0 1 22.241
0 0 0 0 0 22.9676
0 0 0 0 0 24.2685
0 0 0 0 1 25.0427
0 0 0 0 1 26.1598
0 0 0 0 1 36.0534
0 0 0 0 1 36.3298
0 0 0 0 1 36.352
0 0 0 0 1 36.7385
0 0 0 0 1 36.0286
0 0 0 0 1 38.5648
0 0 0 0 1 51.9105
0 0 0 0 1 51.6348
0 0 0 0 1 51.7771
0 0 0 0 1 51.6595
0 0 0 0 1 52.0632
0 0 0 0 1 56.0469
0 0 0 0 1 65.0697
0 0 0 0 1 70.1516
0 0 0 0 1 81.2373
0 0 0 0 0 5.05008
0 0 0 0 0 4.96992
0 0 0 0 0 5.02002
0 0 0 0 0 4.98996
0 0 0 0 0 5.05509
0 0 0 0 0 4.99998
0 0 0 0 0 4.97994
0 0 0 0 0 5.01501
0 0 0 0 0 5.02002
0 0 0 0 0 5.03505
0 0 0 0 0 4.96491
0 0 0 0 0 4.97994
0 0 0 0 0 86.7149
0 0 0 0 1 87.0743
0 0 0 0 1 74.7692
0 0 0 0 1 64.222
0 0 0 0 1 61.0712
0 0 0 0 1 60.4165
0 0 0 0 1 60.1256
0 0 0 0 0 51.2097
0 0 0 0 1 48.1311
0 0 0 0 1 48.1915
0 0 0 0 0 38.8814
0 0 0 0 1 36.9671
0 0 0 0 1 35.4895
0 0 0 0 1 35.7514
0 0 0 0 0 36.0133
0 0 0 0 0 35.5272
0 0 0 0 1 27.9094
0 0 0 0 1 26.5891
0 0 0 0 1 25.6904
0 0 0 0 1 24.4422
0 0 0 0 0 24.7248
0 0 0 0 0 24.7617
0 0 0 0 1 24.8225
0 0 0 0 1 24.5152
0 0 0 0 1 24.504
0 0 0 0 0 24.9131
0 0 0 0 0 24.4831
0 0 0 0 1 24.9677
0 0 0 0 0 24.9078
0 0 0 0 1 18.3819
0 0 0 0 1 17.7742
0 0 0 0 1 17.2433
0 0 0 0 1 16.7444
0 0 0 0 1 16.3262
0 0 0 0 0 15.8954
0 0 0 0 1 15.6093
0 0 0 0 1 15.1817
0 0 0 0 1 14.8458
0 0 0 0 1 14.4808
0 0 0 0 0 13.9862
0 0 0 0 1 13.9009
0 0 0 0 1 13.9822
0 0 0 0 1 13.9665
0 0 0 0 1 13.965
0 0 0 0 1 13.9497
0 0 0 0 0 13.8252
0 0 0 0 1 14.1035
0 0 0 0 1 13.9353
0 0 0 0 0 13.9349
0 0 0 0 1 14.0631
0 0 0 0 1 14.0492
0 0 0 0 1 14.0636
0 0 0 0 0 13.9097
0 0 0 0 1 14.1238
0 0 0 0 1 14.1953
0 0 0 0 0 14.1262
0 0 0 0 1 14.0598
0 0 0 0 1 14.1039
0 0 0 0 1 14.0209
0 0 0 0 1 14.309
0 0 0 0 1 14.0563
0 0 0 0 1 14.1043
0 0 0 0 1 14.2493
0 0 0 0 1 14.1984
0 0 0 0 0 14.1875
0 0 0 0 1 14.3368
0 0 0 0 1 14.2692
0 0 0 0 1 14.1904
0 0 0 0 1 14.2519
0 0 0 0 1 8.84357
0 0 0 0 1 8.7819
0 0 0 0 1 8.63305
0 0 0 0 0 8.5372
0 0 0 0 0 8.39934
0 0 0 0 1 8.21275
0 0 0 0 0 8.23426
0 0 0 0 1 8.06573
0 0 0 0 1 7.94828
0 0 0 0 1 7.86315
0 0 0 0 1 7.86548
0 0 0 0 1 7.69438
0 0 0 0 1 7.58798
0 0 0 0 1 7.54269
0 0 0 0 0 7.40701
0 0 0 0 1 7.47417
0 0 0 0 0 7.33889
0 0 0 0 0 7.25034
0 0 0 0 1 7.10485
0 0 0 0 1 7.02484
0 0 0 0 1 7.02939
0 0 0 0 1 6.9791
0 0 0 0 1 6.91949
0 0 0 0 0 6.85528
0 0 0 0 0 6.77768
0 0 0 0 1 6.6469
0 0 0 0 0 6.58383
0 0 0 0 1 6.54716
0 0 0 0 1 6.4971
0 0 0 0 1 6.48175
0 0 0 0 1 6.43761
0 0 0 0 1 6.30098
0 0 0 0 1 6.27261
0 0 0 0 1 6.21901
0 0 0 0 1 6.1964
0 0 0 0 1 6.16113
0 0 0 0 0 6.04682
0 0 0 0 1 6.00866
0 0 0 0 1 5.95572
0 0 0 0 1 5.89393
0 0 0 0 1 5.92358
0 0 0 0 1 5.76857
0 0 0 0 1 5.77148
0 0 0 0 1 5.75656
0 0 0 0 1 5.65292
0 0 0 0 0 5.59279
0 0 0 0 1 5.57222
0 0 0 0 1 5.58788
0 0 0 0 1 5.48933
0 0 0 0 1 5.49038
0 0 0 0 1 5.48543
0 0 0 0 1 5.34824
0 0 0 0 1 5.39493
0 0 0 0 1 5.33082
0 0 0 0 1 5.27564
0 0 0 0 0 5.27015
0 0 0 0 1 5.26752
0 0 0 0 1 5.16611
0 0 0 0 1 5.19438
0 0 0 0 1 5.09407
0 0 0 0 0 5.07783
0 0 0 0 1 4.9941
0 0 0 0 1 5.02457
0 0 0 0 1 4.98639
0 0 0 0 1 4.99291
0 0 0 0 1 4.91053
0 0 0 0 0 4.89727
0 0 0 0 0 4.89208
0 0 0 0 0 4.78684
0 0 0 0 1 4.82944
0 0 0 0 1 4.846
0 0 0 0 1 4.86857
0 0 0 0 0 4.81836
0 0 0 0 1 4.83017
0 0 0 0 1 4.85776
0 0 0 0 1 4.86099
0 0 0 0 1 4.90365
0 0 0 0 1 4.93061
0 0 0 0 1 4.97377
0 0 0 0 1 4.96247
0 0 0 0 1 5.00976
0 0 0 0 1 5.05858
0 0 0 0 1 5.06249
0 0 0 0 1 5.00584
0 0 0 0 0 5.01964
0 0 0 0 0 5.12502
0 0 0 0 1 5.05254
0 0 0 0 1 5.14852
0 0 0 0 0 5.16153
0 0 0 0 1 5.20691
0 0 0 0 1 5.20083
0 0 0 0 1 5.17388
0 0 0 0 1 5.1936
0 0 0 0 0 5.19248
0 0 0 0 1 5.21757
0 0 0 0 1 5.32191
0 0 0 0 0 5.25366
0 0 0 0 1 5.29506
0 0 0 0 1 5.39549
0 0 0 0 0 5.32502
0 0 0 0 1 5.37775
0 0 0 0 0 5.44858
0 0 0 0 1 5.38803
0 0 0 0 1 5.43054
0 0 0 0 0 5.44593
0 0 0 0 1 5.46836
0 0 0 0 1 5.46728
0 0 0 0 1 5.56748
0 0 0 0 1 5.53873
0 0 0 0 1 5.57273
0 0 0 0 0 5.66161
0 0 0 0 1 5.66236
0 0 0 0 1 5.63305
0 0 0 0 1 5.70751
0 0 0 0 1 5.7294
0 0 0 0 1 5.71269
0 0 0 0 1 5.73032
0 0 0 0 1 5.78283
0 0 0 0 1 5.87496
0 0 0 0 0 5.89319
0 0 0 0 1 5.91732
0 0 0 0 1 5.91188
0 0 0 0 1 5.98956
0 0 0 0 1 6.01997
0 0 0 0 0 6.00237
0 0 0 0 1 5.9844
0 0 0 0 1 6.05718
0 0 0 0 1 6.06334
0 0 0 0 0 6.19209
0 0 0 0 0 6.22488
0 0 0 0 1 9.48096
0 0 0 0 1 9.40548
0 0 0 0 0 9.52569
0 0 0 0 1 9.40959
0 0 0 0 1 9.41945
0 0 0 0 1 9.32315
0 0 0 0 0 9.33929
0 0 0 0 1 9.32422
0 0 0 0 1 9.27857
0 0 0 0 1 9.24847
0 0 0 0 1 9.18174
0 0 0 0 0 9.24381
0 0 0 0 0 9.0678
0 0 0 0 1 9.15714
0 0 0 0 1 9.05518
0 0 0 0 1 8.96292
0 0 0 0 1 9.03369
0 0 0 0 1 9.03777
0 0 0 0 1 8.90152
0 0 0 0 0 8.88802
0 0 0 0 1 9.00286
0 0 0 0 1 8.82348
0 0 0 0 1 8.90238
0 0 0 0 0 8.89241
0 0 0 0 1 8.77341
0 0 0 0 1 8.84306
0 0 0 0 1 8.84221
0 0 0 0 1 8.68603
0 0 0 0 1 8.6334
0 0 0 0 1 8.66464
0 0 0 0 1 8.75989
0 0 0 0 1 8.57442
0 0 0 0 0 8.64364
0 0 0 0 1 8.55419
0 0 0 0 1 8.64895
0 0 0 0 0 8.48301
0 0 0 0 1 8.45811
0 0 0 0 1 8.44687
0 0 0 0 0 8.58014
0 0 0 0 1 8.46705
0 0 0 0 1 8.52366
0 0 0 0 1 8.36072
0 0 0 0 1 8.47994
0 0 0 0 1 8.36002
0 0 0 0 1 8.29096
0 0 0 0 1 8.32254
0 0 0 0 1 8.31236
0 0 0 0 1 8.37254
0 0 0 0 1 8.31268
0 0 0 0 1 8.29454
0 0 0 0 1 8.27277
0 0 0 0 1 8.27142
0 0 0 0 1 8.22077
0 0 0 0 1 8.26897
0 0 0 0 0 8.25148
0 0 0 0 1 8.12786
0 0 0 0 1 8.23332
0 0 0 0 1 8.17558
0 0 0 0 0 8.05315
0 0 0 0 1 8.06918
0 0 0 0 1 8.05287
0 0 0 0 1 8.13365
0 0 0 0 1 8.06911
0 0 0 0 1 8.07326
0 0 0 0 1 8.05744
0 0 0 0 1 7.99369
0 0 0 0 1 7.99431
0 0 0 0 1 8.03497
0 0 0 0 1 8.0475
0 0 0 0 1 7.9926
0 0 0 0 0 7.89035
0 0 0 0 1 7.87584
0 0 0 0 1 7.99609
0 0 0 0 1 7.96156
0 0 0 0 1 7.97101
0 0 0 0 1 7.94904
0 0 0 0 1 7.87566
0 0 0 0 0 7.90469
0 0 0 0 1 7.86757
0 0 0 0 1 7.75241
0 0 0 0 1 7.84104
0 0 0 0 1 7.88593
0 0 0 0 0 7.8496
0 0 0 0 1 7.82131
0 0 0 0 1 7.69531
0 0 0 0 0 7.7685
0 0 0 0 1 7.77488
