0 0 0 0 1 5.54179
0 0 0 0 1 5.53978
0 0 0 0 0 5.549
0 0 0 0 1 5.55523
0 0 0 0 1 5.58702
0 0 0 0 1 5.5799
0 0 0 0 1 5.54957
0 0 0 0 1 5.6546
0 0 0 0 1 5.60518
0 0 0 0 1 5.67707
0 0 0 0 1 5.68175
0 0 0 0 0 5.65271
0 0 0 0 0 5.62016
0 0 0 0 1 5.62504
0 0 0 0 1 5.65838
0 0 0 0 1 5.70533
0 0 0 0 0 5.6424
0 0 0 0 1 5.6591
0 0 0 0 1 5.74448
0 0 0 0 1 5.70256
0 0 0 0 1 5.71395
0 0 0 0 1 5.74842
0 0 0 0 1 5.77736
0 0 0 0 1 5.7489
0 0 0 0 1 5.77414
0 0 0 0 1 5.82086
0 0 0 0 1 5.82731
0 0 0 0 1 5.86289
0 0 0 0 0 5.80562
0 0 0 0 1 5.7715
0 0 0 0 1 5.89506
0 0 0 0 1 5.86269
0 0 0 0 1 5.86542
0 0 0 0 0 5.81968
0 0 0 0 1 5.82676
0 0 0 0 1 5.87524
0 0 0 0 1 5.93581
0 0 0 0 0 5.97895
0 0 0 0 1 5.90357
0 0 0 0 0 6.00052
0 0 0 0 1 6.00252
0 0 0 0 1 6.00457
0 0 0 0 1 6.04392
0 0 0 0 0 6.02215
0 0 0 0 1 6.01237
0 0 0 0 1 5.97846
0 0 0 0 1 6.10655
0 0 0 0 1 6.12131
0 0 0 0 1 6.03889
0 0 0 0 1 6.15118
0 0 0 0 1 6.0685
0 0 0 0 1 6.15086
0 0 0 0 1 6.16506
0 0 0 0 1 6.20609
0 0 0 0 1 6.11051
0 0 0 0 1 6.18156
0 0 0 0 1 6.15994
0 0 0 0 1 6.26792
0 0 0 0 0 6.28389
0 0 0 0 1 6.2812
0 0 0 0 0 6.29645
0 0 0 0 1 6.24347
0 0 0 0 1 6.29751
0 0 0 0 1 6.30755
0 0 0 0 1 6.38109
0 0 0 0 1 6.42248
0 0 0 0 1 6.36916
0 0 0 0 0 6.37877
0 0 0 0 1 6.4085
0 0 0 0 0 6.46344
0 0 0 0 1 6.42898
0 0 0 0 1 6.50379
0 0 0 0 1 6.50823
0 0 0 0 0 6.53878
0 0 0 0 0 6.49758
0 0 0 0 1 6.54069
0 0 0 0 1 6.62361
0 0 0 0 1 6.62842
0 0 0 0 0 6.56639
0 0 0 0 1 6.61694
0 0 0 0 1 6.66115
0 0 0 0 1 6.74638
0 0 0 0 1 6.77166
0 0 0 0 1 6.76289
0 0 0 0 0 6.7405
0 0 0 0 1 6.75184
0 0 0 0 1 6.79727
0 0 0 0 1 6.89084
0 0 0 0 0 6.84097
0 0 0 0 1 6.85267
0 0 0 0 1 6.87822
0 0 0 0 0 6.97373
0 0 0 0 1 6.96501
0 0 0 0 1 6.92125
0 0 0 0 1 6.97523
0 0 0 0 1 7.00141
0 0 0 0 0 7.02018
0 0 0 0 1 7.13175
0 0 0 0 1 7.13724
0 0 0 0 0 7.10694
0 0 0 0 1 7.1481
0 0 0 0 1 7.23272
0 0 0 0 1 7.16556
0 0 0 0 1 7.2435
0 0 0 0 1 7.26316
0 0 0 0 1 7.29797
0 0 0 0 0 7.43558
0 0 0 0 1 7.4493
0 0 0 0 1 7.492
0 0 0 0 1 7.44551
0 0 0 0 1 7.5186
0 0 0 0 1 7.4565
0 0 0 0 1 7.6051
0 0 0 0 1 7.60317
0 0 0 0 1 7.56341
0 0 0 0 1 7.68339
0 0 0 0 0 7.67361
0 0 0 0 0 7.8026
0 0 0 0 1 7.69201
0 0 0 0 1 7.87651
0 0 0 0 0 7.90624
0 0 0 0 1 7.8413
0 0 0 0 1 7.96476
0 0 0 0 1 7.93869
0 0 0 0 1 7.93557
0 0 0 0 1 8.09329
0 0 0 0 1 8.1474
0 0 0 0 1 8.05592
0 0 0 0 1 8.199
0 0 0 0 1 8.11451
0 0 0 0 1 8.26702
0 0 0 0 1 8.36296
0 0 0 0 1 8.37691
0 0 0 0 1 8.39017
0 0 0 0 1 8.32752
0 0 0 0 1 8.50912
0 0 0 0 1 8.46275
0 0 0 0 1 8.51813
0 0 0 0 1 8.63464
0 0 0 0 0 8.56993
0 0 0 0 1 8.74665
0 0 0 0 0 8.75092
0 0 0 0 1 8.88599
0 0 0 0 1 8.8822
0 0 0 0 0 8.88529
0 0 0 0 1 9.02216
0 0 0 0 1 9.09719
0 0 0 0 1 9.07293
0 0 0 0 0 9.16733
0 0 0 0 1 9.16057
0 0 0 0 1 9.31005
0 0 0 0 1 9.34944
0 0 0 0 1 9.28715
0 0 0 0 1 9.32464
0 0 0 0 1 9.55236
0 0 0 0 1 9.45754
0 0 0 0 1 9.65797
0 0 0 0 1 9.73614
0 0 0 0 1 9.61914
0 0 0 0 1 9.72481
0 0 0 0 1 9.94941
0 0 0 0 1 9.91993
0 0 0 0 0 10.0262
0 0 0 0 1 10.0039
0 0 0 0 1 10.07
0 0 0 0 1 10.1277
0 0 0 0 0 10.2659
0 0 0 0 1 10.281
0 0 0 0 1 10.5057
0 0 0 0 1 10.437
0 0 0 0 1 10.6201
0 0 0 0 1 10.6112
0 0 0 0 1 10.8394
0 0 0 0 0 10.9165
0 0 0 0 1 9.22214
0 0 0 0 1 9.19823
0 0 0 0 1 9.32745
0 0 0 0 1 9.31277
0 0 0 0 1 9.29377
0 0 0 0 1 9.14145
0 0 0 0 0 9.15055
0 0 0 0 1 9.09101
0 0 0 0 1 9.21909
0 0 0 0 1 9.02311
0 0 0 0 1 9.08723
0 0 0 0 1 9.0469
0 0 0 0 1 8.96595
0 0 0 0 0 9.05713
0 0 0 0 1 8.96332
0 0 0 0 1 9.00929
0 0 0 0 0 8.93417
0 0 0 0 1 8.8816
0 0 0 0 1 8.92771
0 0 0 0 1 9.00944
0 0 0 0 1 8.84629
0 0 0 0 1 8.81244
0 0 0 0 1 8.91195
0 0 0 0 1 8.84284
0 0 0 0 0 8.88022
0 0 0 0 1 8.7901
0 0 0 0 1 8.78359
0 0 0 0 1 8.77721
0 0 0 0 1 8.70949
0 0 0 0 1 8.71223
0 0 0 0 1 8.74132
0 0 0 0 1 8.67073
0 0 0 0 1 8.68258
0 0 0 0 1 8.79025
0 0 0 0 1 8.67176
0 0 0 0 1 8.6145
0 0 0 0 0 8.60951
0 0 0 0 1 8.58735
0 0 0 0 1 8.66037
0 0 0 0 0 8.61259
0 0 0 0 0 8.5909
0 0 0 0 1 8.64676
0 0 0 0 1 8.52235
0 0 0 0 1 8.60411
0 0 0 0 1 8.47183
0 0 0 0 0 8.62206
0 0 0 0 1 8.50193
0 0 0 0 1 8.60083
0 0 0 0 0 8.61843
0 0 0 0 1 8.72604
0 0 0 0 1 8.79802
0 0 0 0 0 8.96776
0 0 0 0 1 9.02053
0 0 0 0 1 9.27449
0 0 0 0 1 9.3257
0 0 0 0 1 9.48857
0 0 0 0 1 9.72945
0 0 0 0 0 9.74688
0 0 0 0 1 9.9998
0 0 0 0 1 10.2147
0 0 0 0 1 10.4416
0 0 0 0 1 10.5001
0 0 0 0 1 10.7697
0 0 0 0 1 10.909
0 0 0 0 1 11.0348
0 0 0 0 1 11.338
0 0 0 0 1 11.5736
0 0 0 0 1 11.7132
0 0 0 0 1 12.0181
0 0 0 0 0 12.3456
0 0 0 0 1 12.5102
0 0 0 0 1 12.8219
0 0 0 0 1 22.7055
0 0 0 0 0 22.5049
0 0 0 0 0 22.7117
0 0 0 0 0 22.8978
0 0 0 0 1 22.7215
0 0 0 0 1 22.7948
0 0 0 0 1 22.3935
0 0 0 0 0 22.4904
0 0 0 0 0 22.3843
0 0 0 0 0 22.4818
0 0 0 0 0 22.512
0 0 0 0 1 22.3172
0 0 0 0 0 22.6425
0 0 0 0 1 22.4711
0 0 0 0 1 22.3004
0 0 0 0 1 22.2876
0 0 0 0 1 22.5226
0 0 0 0 1 22.6903
0 0 0 0 1 23.362
0 0 0 0 1 24.172
0 0 0 0 1 25.0929
0 0 0 0 1 26.3695
0 0 0 0 1 36.3812
0 0 0 0 1 36.5482
0 0 0 0 0 36.352
0 0 0 0 1 36.011
0 0 0 0 1 36.5017
0 0 0 0 1 38.5648
0 0 0 0 1 52.5874
0 0 0 0 1 52.1032
0 0 0 0 1 52.4536
0 0 0 0 1 52.1798
0 0 0 0 1 52.2192
0 0 0 0 1 56.1032
0 0 0 0 1 65.6589
0 0 0 0 1 69.3852
0 0 0 0 1 81.5646
0 0 0 0 0 4.97994
0 0 0 0 0 4.99998
0 0 0 0 0 4.99497
0 0 0 0 0 4.99998
0 0 0 0 0 5.00499
0 0 0 0 0 5.04507
0 0 0 0 0 5.04507
0 0 0 0 0 5.03004
0 0 0 0 0 4.96992
0 0 0 0 0 5.04507
0 0 0 0 0 5.02503
0 0 0 0 0 5.04507
0 0 0 0 0 86.8025
0 0 0 0 1 87.2495
0 0 0 0 1 75.0698
0 0 0 0 1 64.1582
0 0 0 0 1 61.0712
0 0 0 0 1 60.5981
0 0 0 0 1 60.0045
0 0 0 0 1 51.8802
0 0 0 0 1 47.8432
0 0 0 0 0 48.2875
0 0 0 0 1 39.3527
0 0 0 0 0 36.5252
0 0 0 0 1 35.7035
0 0 0 0 1 35.9298
0 0 0 0 1 35.7992
0 0 0 0 1 35.67
0 0 0 0 1 27.8532
0 0 0 0 0 26.5891
0 0 0 0 1 25.4084
0 0 0 0 1 24.713
0 0 0 0 1 24.5278
0 0 0 0 1 24.8356
0 0 0 0 1 24.4528
0 0 0 0 1 24.5152
0 0 0 0 1 24.7755
0 0 0 0 1 24.8884
0 0 0 0 1 24.8537
0 0 0 0 1 24.498
0 0 0 0 1 24.7099
0 0 0 0 1 18.3273
0 0 0 0 0 17.6327
0 0 0 0 1 17.3121
0 0 0 0 1 16.6273
0 0 0 0 0 16.1307
0 0 0 0 0 15.943
0 0 0 0 1 15.377
0 0 0 0 0 15.091
0 0 0 0 1 14.6835
0 0 0 0 1 14.3221
0 0 0 0 1 14.0426
0 0 0 0 1 13.7898
0 0 0 0 1 13.9683
0 0 0 0 1 13.7857
0 0 0 0 1 13.8258
0 0 0 0 1 13.9637
0 0 0 0 1 14.0206
0 0 0 0 1 13.8522
0 0 0 0 1 13.9493
0 0 0 0 0 13.9209
0 0 0 0 0 13.951
0 0 0 0 1 13.9931
0 0 0 0 1 13.9373
0 0 0 0 1 14.1626
0 0 0 0 1 14.0816
0 0 0 0 1 14.0263
0 0 0 0 1 14.2108
0 0 0 0 1 14.0598
0 0 0 0 0 14.0332
0 0 0 0 1 14.0209
0 0 0 0 1 14.309
0 0 0 0 1 14.1131
0 0 0 0 1 14.2321
0 0 0 0 0 14.1213
0 0 0 0 1 14.1272
0 0 0 0 1 14.3301
0 0 0 0 1 14.2368
0 0 0 0 1 14.4122
0 0 0 0 0 14.3908
0 0 0 0 1 14.2232
0 0 0 0 1 8.86123
0 0 0 0 1 8.7819
0 0 0 0 1 8.52987
0 0 0 0 1 8.41828
0 0 0 0 1 8.45808
0 0 0 0 1 8.34535
0 0 0 0 1 8.26703
0 0 0 0 0 8.04955
0 0 0 0 1 7.94828
0 0 0 0 1 7.84735
0 0 0 0 1 7.8342
0 0 0 0 1 7.80254
0 0 0 0 1 7.5727
0 0 0 0 1 7.52757
0 0 0 0 1 7.42944
0 0 0 0 0 7.37797
0 0 0 0 0 7.30231
0 0 0 0 1 7.31552
0 0 0 0 1 7.09769
0 0 0 0 0 7.16676
0 0 0 0 1 6.95916
0 0 0 0 1 6.90256
0 0 0 0 1 6.8231
0 0 0 0 1 6.86892
0 0 0 0 0 6.74389
0 0 0 0 1 6.74731
0 0 0 0 1 6.59709
0 0 0 0 1 6.57999
0 0 0 0 0 6.56864
0 0 0 0 1 6.38501
0 0 0 0 0 6.36097
0 0 0 0 1 6.36431
0 0 0 0 1 6.2161
0 0 0 0 1 6.18166
0 0 0 0 1 6.20874
0 0 0 0 1 6.08159
0 0 0 0 1 6.08927
0 0 0 0 0 5.97254
0 0 0 0 1 6.00346
0 0 0 0 1 5.86431
0 0 0 0 1 5.87661
0 0 0 0 0 5.76857
0 0 0 0 1 5.82931
0 0 0 0 1 5.76804
0 0 0 0 0 5.6643
0 0 0 0 1 5.65487
0 0 0 0 1 5.58902
0 0 0 0 0 5.56005
0 0 0 0 1 5.53903
0 0 0 0 1 5.45751
0 0 0 0 1 5.38758
0 0 0 0 1 5.45628
0 0 0 0 0 5.34125
0 0 0 0 1 5.33615
0 0 0 0 0 5.2386
0 0 0 0 1 5.2649
0 0 0 0 1 5.24665
0 0 0 0 0 5.21793
0 0 0 0 1 5.17894
0 0 0 0 1 5.09407
0 0 0 0 1 5.06769
0 0 0 0 1 5.04953
0 0 0 0 1 5.00451
0 0 0 0 1 5.03122
0 0 0 0 1 4.91868
0 0 0 0 1 4.9007
0 0 0 0 1 4.8338
0 0 0 0 0 4.81435
0 0 0 0 1 4.86405
0 0 0 0 0 4.80537
0 0 0 0 1 4.846
0 0 0 0 1 4.83466
0 0 0 0 1 4.89615
0 0 0 0 1 4.86916
0 0 0 0 1 4.87244
0 0 0 0 1 4.89045
0 0 0 0 1 4.93322
0 0 0 0 0 4.9652
0 0 0 0 1 4.94897
0 0 0 0 1 5.02717
0 0 0 0 1 4.95986
0 0 0 0 0 5.03854
0 0 0 0 0 5.01221
0 0 0 0 1 5.00079
0 0 0 0 1 5.0247
0 0 0 0 0 5.08943
0 0 0 0 0 5.14951
0 0 0 0 1 5.12803
0 0 0 0 1 5.13072
0 0 0 0 1 5.20691
0 0 0 0 1 5.12321
0 0 0 0 1 5.20505
0 0 0 0 1 5.26139
0 0 0 0 1 5.26053
0 0 0 0 1 5.22808
0 0 0 0 0 5.28499
0 0 0 0 1 5.31727
0 0 0 0 1 5.31635
0 0 0 0 0 5.31536
0 0 0 0 0 5.35183
0 0 0 0 1 5.40466
0 0 0 0 1 5.38906
0 0 0 0 0 5.40976
0 0 0 0 1 5.39782
0 0 0 0 1 5.51161
0 0 0 0 1 5.46285
0 0 0 0 1 5.4949
0 0 0 0 0 5.54528
0 0 0 0 1 5.58888
0 0 0 0 1 5.54472
0 0 0 0 1 5.63912
0 0 0 0 1 5.6115
0 0 0 0 1 5.66709
0 0 0 0 0 5.73602
0 0 0 0 0 5.73513
0 0 0 0 0 5.7472
0 0 0 0 1 5.77658
0 0 0 0 1 5.79446
0 0 0 0 1 5.79912
0 0 0 0 1 5.82869
0 0 0 0 0 5.84659
0 0 0 0 1 5.88227
0 0 0 0 0 5.94789
0 0 0 0 1 5.99005
0 0 0 0 1 6.02041
0 0 0 0 0 6.09925
0 0 0 0 1 6.05111
0 0 0 0 1 6.09387
0 0 0 0 1 6.1614
0 0 0 0 1 6.2187
0 0 0 0 0 9.48096
0 0 0 0 1 9.55718
0 0 0 0 0 9.50679
0 0 0 0 0 9.50378
0 0 0 0 1 9.4476
0 0 0 0 0 9.44472
0 0 0 0 1 9.33929
0 0 0 0 1 9.21266
0 0 0 0 1 9.28783
0 0 0 0 1 9.28539
0 0 0 0 1 9.10813
0 0 0 0 1 9.25298
0 0 0 0 0 9.04952
0 0 0 0 1 9.08425
0 0 0 0 1 9.0461
0 0 0 0 0 8.98102
0 0 0 0 1 9.06076
0 0 0 0 1 9.04677
0 0 0 0 0 8.96433
0 0 0 0 1 9.02228
0 0 0 0 1 8.88687
0 0 0 0 1 8.84127
0 0 0 0 1 8.90238
0 0 0 0 1 8.78634
0 0 0 0 1 8.83513
0 0 0 0 0 8.83427
0 0 0 0 1 8.73705
0 0 0 0 1 8.72101
0 0 0 0 1 8.68573
0 0 0 0 0 8.72554
0 0 0 0 1 8.60377
0 0 0 0 1 8.56577
0 0 0 0 1 8.64364
0 0 0 0 1 8.54558
0 0 0 0 0 8.60605
0 0 0 0 1 8.56861
0 0 0 0 1 8.47518
0 0 0 0 1 8.48093
0 0 0 0 1 8.58014
0 0 0 0 0 8.48401
0 0 0 0 1 8.47293
0 0 0 0 1 8.38603
0 0 0 0 1 8.42105
0 0 0 0 0 8.33484
0 0 0 0 0 8.33283
0 0 0 0 1 8.33925
0 0 0 0 1 8.27901
0 0 0 0 1 8.33928
0 0 0 0 1 8.2629
0 0 0 0 1 8.24487
0 0 0 0 1 8.20666
0 0 0 0 1 8.32914
0 0 0 0 0 8.24546
0 0 0 0 1 8.24433
0 0 0 0 1 8.21871
0 0 0 0 1 8.19328
0 0 0 0 1 8.19252
0 0 0 0 1 8.19186
0 0 0 0 1 8.20755
0 0 0 0 0 8.10162
0 0 0 0 1 8.07715
0 0 0 0 1 8.09326
0 0 0 0 1 7.98044
0 0 0 0 1 7.96862
0 0 0 0 1 7.97711
0 0 0 0 1 8.07387
0 0 0 0 1 7.93829
0 0 0 0 1 8.06692
0 0 0 0 1 7.89596
0 0 0 0 0 8.00056
0 0 0 0 1 7.90624
0 0 0 0 1 7.9155
0 0 0 0 0 7.94068
0 0 0 0 1 7.82715
0 0 0 0 1 7.93944
0 0 0 0 1 7.94904
0 0 0 0 1 7.83632
0 0 0 0 1 7.89683
0 0 0 0 1 7.90679
0 0 0 0 1 7.89337
0 0 0 0 0 7.86449
0 0 0 0 1 7.82346
0 0 0 0 1 7.8418
0 0 0 0 1 7.70457
0 0 0 0 1 7.83523
0 0 0 0 0 7.71417
0 0 0 0 1 7.78263
