0 0 0 0 1 5.56953
0 0 0 0 1 5.562
0 0 0 0 1 5.53787
0 0 0 0 1 5.6221
0 0 0 0 1 5.60377
0 0 0 0 1 5.58549
0 0 0 0 1 5.64468
0 0 0 0 1 5.63778
0 0 0 0 1 5.59957
0 0 0 0 1 5.59838
0 0 0 0 1 5.63671
0 0 0 0 0 5.68656
0 0 0 0 1 5.67665
0 0 0 0 1 5.6307
0 0 0 0 1 5.71508
0 0 0 0 0 5.6883
0 0 0 0 1 5.69359
0 0 0 0 0 5.6648
0 0 0 0 1 5.72164
0 0 0 0 1 5.74828
0 0 0 0 0 5.73685
0 0 0 0 1 5.70826
0 0 0 0 0 5.74287
0 0 0 0 1 5.75466
0 0 0 0 1 5.77991
0 0 0 0 1 5.79196
0 0 0 0 1 5.85048
0 0 0 0 0 5.74679
0 0 0 0 1 5.77072
0 0 0 0 1 5.87644
0 0 0 0 1 5.80742
0 0 0 0 1 5.81589
0 0 0 0 0 5.82441
0 0 0 0 1 5.85491
0 0 0 0 1 5.92093
0 0 0 0 0 5.86344
0 0 0 0 1 5.87078
0 0 0 0 1 5.97895
0 0 0 0 0 5.9095
0 0 0 0 1 6.01243
0 0 0 0 1 5.99655
0 0 0 0 1 5.96869
0 0 0 0 1 6.03793
0 0 0 0 0 6.01014
0 0 0 0 1 5.9582
0 0 0 0 0 6.08101
0 0 0 0 1 6.1005
0 0 0 0 1 6.12738
0 0 0 0 1 6.13619
0 0 0 0 1 6.1085
0 0 0 0 1 6.14183
0 0 0 0 1 6.07734
0 0 0 0 1 6.1036
0 0 0 0 1 6.13836
0 0 0 0 1 6.22161
0 0 0 0 1 6.17537
0 0 0 0 1 6.24058
0 0 0 0 1 6.24302
0 0 0 0 1 6.25893
0 0 0 0 1 6.26243
0 0 0 0 0 6.2839
0 0 0 0 1 6.25606
0 0 0 0 1 6.28489
0 0 0 0 1 6.33286
0 0 0 0 0 6.29863
0 0 0 0 1 6.37792
0 0 0 0 0 6.32449
0 0 0 0 1 6.37237
0 0 0 0 1 6.38282
0 0 0 0 1 6.45055
0 0 0 0 0 6.51944
0 0 0 0 0 6.51027
0 0 0 0 1 6.43671
0 0 0 0 1 6.48662
0 0 0 0 1 6.47796
0 0 0 0 0 6.55381
0 0 0 0 1 6.55777
0 0 0 0 1 6.58221
0 0 0 0 1 6.69228
0 0 0 0 1 6.63024
0 0 0 0 1 6.62778
0 0 0 0 1 6.65268
0 0 0 0 1 6.77166
0 0 0 0 1 6.75616
0 0 0 0 0 6.76754
0 0 0 0 1 6.73148
0 0 0 0 0 6.85856
0 0 0 0 0 6.88401
0 0 0 0 1 6.93018
0 0 0 0 1 6.94909
0 0 0 0 0 6.87822
0 0 0 0 0 7.00146
0 0 0 0 0 6.93718
0 0 0 0 0 6.96315
0 0 0 0 1 6.9542
0 0 0 0 1 7.09993
0 0 0 0 0 6.99897
0 0 0 0 1 7.07498
0 0 0 0 1 7.17997
0 0 0 0 1 7.17844
0 0 0 0 1 7.21269
0 0 0 0 0 7.26153
0 0 0 0 0 7.24517
0 0 0 0 1 7.28709
0 0 0 0 1 7.24126
0 0 0 0 1 7.26133
0 0 0 0 1 7.39141
0 0 0 0 1 7.4493
0 0 0 0 1 7.38073
0 0 0 0 1 7.40824
0 0 0 0 1 7.46623
0 0 0 0 1 7.53918
0 0 0 0 1 7.6051
0 0 0 0 0 7.61076
0 0 0 0 1 7.57864
0 0 0 0 1 7.67574
0 0 0 0 1 7.63516
0 0 0 0 1 7.70217
0 0 0 0 1 7.74634
0 0 0 0 0 7.87651
0 0 0 0 1 7.8671
0 0 0 0 0 7.89635
0 0 0 0 1 7.97267
0 0 0 0 1 8.00226
0 0 0 0 0 8.05544
0 0 0 0 0 8.05314
0 0 0 0 0 8.01833
0 0 0 0 1 8.06403
0 0 0 0 1 8.1827
0 0 0 0 0 8.11451
0 0 0 0 1 8.29996
0 0 0 0 1 8.25532
0 0 0 0 1 8.29373
0 0 0 0 1 8.29816
0 0 0 0 0 8.49576
0 0 0 0 1 8.54296
0 0 0 0 0 8.59033
0 0 0 0 1 8.62076
0 0 0 0 1 8.52295
0 0 0 0 0 8.61312
0 0 0 0 1 8.78143
0 0 0 0 1 8.75092
0 0 0 0 1 8.81561
0 0 0 0 0 8.79382
0 0 0 0 1 8.94755
0 0 0 0 1 9.03111
0 0 0 0 1 8.95308
0 0 0 0 0 9.09106
0 0 0 0 0 9.03064
0 0 0 0 1 9.26144
0 0 0 0 1 9.16242
0 0 0 0 1 9.21017
0 0 0 0 0 9.39916
0 0 0 0 1 9.36224
0 0 0 0 1 9.50507
0 0 0 0 0 9.61945
0 0 0 0 1 9.67715
0 0 0 0 1 9.74579
0 0 0 0 0 9.72602
0 0 0 0 1 9.75416
0 0 0 0 1 9.90015
0 0 0 0 1 9.83074
0 0 0 0 1 9.95628
0 0 0 0 0 10.0743
0 0 0 0 1 10.141
0 0 0 0 1 10.2297
0 0 0 0 1 10.2865
0 0 0 0 1 10.2499
0 0 0 0 0 10.4327
0 0 0 0 1 10.521
0 0 0 0 1 10.6201
0 0 0 0 1 10.5792
0 0 0 0 1 10.8287
0 0 0 0 0 10.7866
0 0 0 0 1 9.21284
0 0 0 0 1 9.23536
0 0 0 0 1 9.18851
0 0 0 0 1 9.22962
0 0 0 0 1 9.18313
0 0 0 0 1 9.20583
0 0 0 0 1 9.15973
0 0 0 0 1 9.19171
0 0 0 0 1 9.08203
0 0 0 0 1 9.05957
0 0 0 0 1 9.1782
0 0 0 0 0 9.0106
0 0 0 0 1 9.1018
0 0 0 0 1 9.10233
0 0 0 0 1 9.08957
0 0 0 0 1 9.05429
0 0 0 0 1 8.93417
0 0 0 0 1 9.04292
0 0 0 0 1 8.87403
0 0 0 0 1 8.93801
0 0 0 0 1 8.95319
0 0 0 0 0 8.94582
0 0 0 0 1 8.89419
0 0 0 0 1 8.8517
0 0 0 0 1 8.87137
0 0 0 0 0 8.84305
0 0 0 0 1 8.85407
0 0 0 0 1 8.71565
0 0 0 0 0 8.78851
0 0 0 0 1 8.83494
0 0 0 0 0 8.81132
0 0 0 0 1 8.78424
0 0 0 0 0 8.68258
0 0 0 0 1 8.651
0 0 0 0 1 8.73259
0 0 0 0 1 8.63185
0 0 0 0 0 8.59219
0 0 0 0 0 8.63924
0 0 0 0 1 8.6431
0 0 0 0 0 8.5781
0 0 0 0 1 8.69419
0 0 0 0 1 8.5608
0 0 0 0 1 8.60817
0 0 0 0 1 8.53555
0 0 0 0 0 8.53173
0 0 0 0 1 8.52806
0 0 0 0 1 8.57875
0 0 0 0 1 8.59231
0 0 0 0 1 8.60128
0 0 0 0 1 8.74344
0 0 0 0 1 8.76272
0 0 0 0 1 8.99464
0 0 0 0 1 9.0569
0 0 0 0 1 9.29297
0 0 0 0 0 9.35384
0 0 0 0 1 9.60301
0 0 0 0 1 9.76817
0 0 0 0 1 9.9044
0 0 0 0 1 10.0799
0 0 0 0 0 10.1536
0 0 0 0 1 10.3276
0 0 0 0 0 10.6056
0 0 0 0 1 10.716
0 0 0 0 1 10.9746
0 0 0 0 0 11.1128
0 0 0 0 1 11.3039
0 0 0 0 1 11.6663
0 0 0 0 1 11.7368
0 0 0 0 1 11.9939
0 0 0 0 1 12.1856
0 0 0 0 1 12.5479
0 0 0 0 0 12.7319
0 0 0 0 1 22.5918
0 0 0 0 1 22.6185
0 0 0 0 1 22.5075
0 0 0 0 1 22.6257
0 0 0 0 0 22.8121
0 0 0 0 0 22.6816
0 0 0 0 1 22.8232
0 0 0 0 1 22.4678
0 0 0 0 1 22.3843
0 0 0 0 1 22.527
0 0 0 0 1 22.6023
0 0 0 0 1 22.5877
0 0 0 0 1 22.4848
0 0 0 0 1 22.4936
0 0 0 0 0 22.3004
0 0 0 0 1 22.58
0 0 0 0 1 22.3652
0 0 0 0 1 22.5555
0 0 0 0 1 23.1764
0 0 0 0 1 24.2444
0 0 0 0 1 25.1934
0 0 0 0 1 26.0288
0 0 0 0 0 36.7454
0 0 0 0 0 36.1842
0 0 0 0 1 36.3156
0 0 0 0 0 36.2293
0 0 0 0 1 36.3198
0 0 0 0 1 38.2181
0 0 0 0 1 51.9626
0 0 0 0 1 51.6348
0 0 0 0 1 51.8291
0 0 0 0 1 51.7116
0 0 0 0 1 52.4793
0 0 0 0 1 56.216
0 0 0 0 0 65.8553
0 0 0 0 1 69.8032
0 0 0 0 1 80.9919
0 0 0 0 0 4.98495
0 0 0 0 0 4.98996
0 0 0 0 0 4.99998
0 0 0 0 0 4.97994
0 0 0 0 0 5.03004
0 0 0 0 0 5.0601
0 0 0 0 0 5.00499
0 0 0 0 0 4.98495
0 0 0 0 0 5.05509
0 0 0 0 0 4.99998
0 0 0 0 0 4.96992
0 0 0 0 0 4.96992
0 0 0 0 1 86.8901
0 0 0 0 1 87.9503
0 0 0 0 0 75.8212
0 0 0 0 1 64.4135
0 0 0 0 1 60.7685
0 0 0 0 1 60.4165
0 0 0 0 1 60.7917
0 0 0 0 1 51.8802
0 0 0 0 1 48.467
0 0 0 0 1 48.4795
0 0 0 0 0 39.2349
0 0 0 0 1 36.5989
0 0 0 0 1 35.4182
0 0 0 0 1 35.6444
0 0 0 0 1 35.6207
0 0 0 0 1 35.9556
0 0 0 0 1 27.7971
0 0 0 0 1 27.0179
0 0 0 0 0 25.5622
0 0 0 0 1 24.7868
0 0 0 0 0 24.4785
0 0 0 0 1 24.737
0 0 0 0 1 24.6993
0 0 0 0 1 24.6878
0 0 0 0 1 24.7014
0 0 0 0 1 24.7402
0 0 0 0 1 24.4584
0 0 0 0 0 24.498
0 0 0 0 1 24.5368
0 0 0 0 1 18.3091
0 0 0 0 1 17.6681
0 0 0 0 0 17.2605
0 0 0 0 1 16.5604
0 0 0 0 1 16.1469
0 0 0 0 0 15.7683
0 0 0 0 1 15.4699
0 0 0 0 1 15.2119
0 0 0 0 1 14.713
0 0 0 0 1 14.4519
0 0 0 0 1 14.0567
0 0 0 0 1 13.8453
0 0 0 0 1 14.01
0 0 0 0 1 13.897
0 0 0 0 1 14.0068
0 0 0 0 1 14.0473
0 0 0 0 1 13.881
0 0 0 0 1 14.0617
0 0 0 0 1 13.9353
0 0 0 0 1 14.0189
0 0 0 0 1 14.1051
0 0 0 0 1 14.0913
0 0 0 0 0 13.9934
0 0 0 0 0 14.1064
0 0 0 0 1 14.0394
0 0 0 0 1 14.2094
0 0 0 0 0 14.1262
0 0 0 0 0 14.1868
0 0 0 0 1 14.2593
0 0 0 0 1 14.0917
0 0 0 0 1 14.1249
0 0 0 0 1 14.0847
0 0 0 0 1 14.1753
0 0 0 0 1 14.1213
0 0 0 0 1 14.2554
0 0 0 0 1 14.3016
0 0 0 0 1 14.2654
0 0 0 0 1 14.1977
0 0 0 0 1 14.3908
0 0 0 0 1 14.1945
0 0 0 0 1 8.78179
0 0 0 0 1 8.62508
0 0 0 0 1 8.57286
0 0 0 0 1 8.48623
0 0 0 0 1 8.36578
0 0 0 0 0 8.35364
0 0 0 0 0 8.26703
0 0 0 0 1 8.02528
0 0 0 0 1 7.95627
0 0 0 0 1 7.96589
0 0 0 0 1 7.89675
0 0 0 0 1 7.75618
0 0 0 0 0 7.71789
0 0 0 0 1 7.59559
0 0 0 0 1 7.41449
0 0 0 0 1 7.46677
0 0 0 0 1 7.36816
0 0 0 0 1 7.23585
0 0 0 0 1 7.18372
0 0 0 0 1 7.06742
0 0 0 0 1 7.0645
0 0 0 0 1 6.8956
0 0 0 0 1 6.81621
0 0 0 0 1 6.75978
0 0 0 0 1 6.71686
0 0 0 0 1 6.62682
0 0 0 0 1 6.58383
0 0 0 0 1 6.52746
0 0 0 0 0 6.46459
0 0 0 0 0 6.45595
0 0 0 0 1 6.444
0 0 0 0 1 6.39597
0 0 0 0 1 6.27261
0 0 0 0 1 6.19411
0 0 0 0 1 6.20874
0 0 0 0 1 6.14277
0 0 0 0 1 6.11353
0 0 0 0 1 5.97254
0 0 0 0 1 5.94975
0 0 0 0 1 5.89985
0 0 0 0 0 5.84726
0 0 0 0 0 5.8385
0 0 0 0 1 5.80618
0 0 0 0 0 5.77378
0 0 0 0 1 5.72117
0 0 0 0 1 5.62665
0 0 0 0 1 5.62822
0 0 0 0 1 5.62127
0 0 0 0 1 5.56112
0 0 0 0 1 5.43559
0 0 0 0 1 5.39301
0 0 0 0 1 5.43467
0 0 0 0 1 5.31441
0 0 0 0 1 5.37342
0 0 0 0 1 5.27564
0 0 0 0 1 5.20191
0 0 0 0 0 5.25708
0 0 0 0 0 5.14539
0 0 0 0 1 5.13775
0 0 0 0 1 5.15033
0 0 0 0 0 5.04232
0 0 0 0 0 5.07473
0 0 0 0 1 5.01955
0 0 0 0 1 5.00631
0 0 0 0 1 4.99291
0 0 0 0 1 4.89087
0 0 0 0 0 4.89239
0 0 0 0 1 4.88722
0 0 0 0 1 4.80132
0 0 0 0 1 4.79092
0 0 0 0 1 4.86048
0 0 0 0 1 4.8831
0 0 0 0 1 4.85726
0 0 0 0 0 4.83992
0 0 0 0 1 4.88711
0 0 0 0 1 4.91991
0 0 0 0 1 4.89873
0 0 0 0 1 4.95038
0 0 0 0 1 4.9936
0 0 0 0 1 5.00229
0 0 0 0 1 4.99479
0 0 0 0 1 4.97343
0 0 0 0 0 5.06751
0 0 0 0 0 5.06135
0 0 0 0 0 5.07536
0 0 0 0 1 5.13011
0 0 0 0 1 5.08316
0 0 0 0 1 5.14852
0 0 0 0 0 5.18208
0 0 0 0 1 5.11927
0 0 0 0 1 5.12321
0 0 0 0 1 5.18947
0 0 0 0 0 5.21968
0 0 0 0 1 5.271
0 0 0 0 1 5.29113
0 0 0 0 0 5.28499
0 0 0 0 1 5.33318
0 0 0 0 1 5.33232
0 0 0 0 0 5.36878
0 0 0 0 1 5.36792
0 0 0 0 1 5.40466
0 0 0 0 1 5.43776
0 0 0 0 1 5.47493
0 0 0 0 0 5.50687
0 0 0 0 1 5.47877
0 0 0 0 1 5.53987
0 0 0 0 1 5.51699
0 0 0 0 1 5.52863
0 0 0 0 1 5.5443
0 0 0 0 1 5.65674
0 0 0 0 1 5.56603
0 0 0 0 0 5.64541
0 0 0 0 0 5.72381
0 0 0 0 1 5.6847
0 0 0 0 0 5.69506
0 0 0 0 1 5.75871
0 0 0 0 1 5.82284
0 0 0 0 1 5.77702
0 0 0 0 1 5.86913
0 0 0 0 1 5.83455
0 0 0 0 1 5.95268
0 0 0 0 1 5.92966
0 0 0 0 1 5.8943
0 0 0 0 1 5.93021
0 0 0 0 1 5.99034
0 0 0 0 1 6.06903
0 0 0 0 1 6.08148
0 0 0 0 1 6.16714
0 0 0 0 1 6.10003
0 0 0 0 0 6.20018
0 0 0 0 1 9.47144
0 0 0 0 1 9.38652
0 0 0 0 0 9.50679
0 0 0 0 1 9.40017
0 0 0 0 1 9.43822
0 0 0 0 1 9.27639
0 0 0 0 1 9.24608
0 0 0 0 1 9.35211
0 0 0 0 0 9.21375
0 0 0 0 1 9.2577
0 0 0 0 1 9.28294
0 0 0 0 1 9.19795
0 0 0 0 1 9.08608
0 0 0 0 0 9.19359
0 0 0 0 0 8.9916
0 0 0 0 1 9.03535
0 0 0 0 0 9.10588
0 0 0 0 1 8.98376
0 0 0 0 1 9.03612
0 0 0 0 1 9.03123
0 0 0 0 1 8.88687
0 0 0 0 0 8.86795
0 0 0 0 0 8.91124
0 0 0 0 1 8.85706
0 0 0 0 1 8.80868
0 0 0 0 1 8.71121
0 0 0 0 1 8.702
0 0 0 0 1 8.82598
0 0 0 0 0 8.6334
0 0 0 0 1 8.68204
0 0 0 0 1 8.62112
0 0 0 0 0 8.57442
0 0 0 0 1 8.61776
0 0 0 0 1 8.64885
0 0 0 0 1 8.65753
0 0 0 0 1 8.59429
0 0 0 0 1 8.60321
0 0 0 0 1 8.54905
0 0 0 0 1 8.51218
0 0 0 0 1 8.4501
0 0 0 0 1 8.4983
0 0 0 0 1 8.45352
0 0 0 0 0 8.44629
0 0 0 0 1 8.30966
0 0 0 0 1 8.32446
0 0 0 0 1 8.39774
0 0 0 0 1 8.40407
0 0 0 0 1 8.26445
0 0 0 0 1 8.37075
0 0 0 0 1 8.34421
0 0 0 0 1 8.32236
0 0 0 0 1 8.18895
0 0 0 0 0 8.1714
0 0 0 0 1 8.25254
0 0 0 0 1 8.16954
0 0 0 0 1 8.20146
0 0 0 0 1 8.12724
0 0 0 0 1 8.22443
0 0 0 0 1 8.14254
0 0 0 0 1 8.10162
0 0 0 0 1 8.16618
0 0 0 0 1 8.14173
0 0 0 0 1 8.07717
0 0 0 0 1 8.1135
0 0 0 0 0 7.98514
0 0 0 0 1 8.00973
0 0 0 0 1 8.05833
0 0 0 0 1 7.93913
0 0 0 0 1 7.90394
0 0 0 0 1 7.88911
0 0 0 0 1 7.86651
0 0 0 0 1 7.97895
0 0 0 0 1 7.92484
0 0 0 0 1 7.84296
0 0 0 0 1 7.82895
0 0 0 0 1 7.82299
0 0 0 0 1 7.85205
0 0 0 0 0 7.93612
0 0 0 0 1 7.90679
0 0 0 0 0 7.86988
0 0 0 0 1 7.75504
0 0 0 0 1 7.83127
0 0 0 0 1 7.73267
0 0 0 0 1 7.79018
0 0 0 0 1 7.82745
0 0 0 0 1 7.7685
0 0 0 0 1 7.69736
