0 0 0 0 1 5.56398
0 0 0 0 1 5.50088
0 0 0 0 1 5.549
0 0 0 0 0 5.58866
0 0 0 0 1 5.60935
0 0 0 0 1 5.63022
0 0 0 0 1 5.58873
0 0 0 0 1 5.54812
0 0 0 0 1 5.5603
0 0 0 0 0 5.6321
0 0 0 0 0 5.6536
0 0 0 0 1 5.6245
0 0 0 0 1 5.59192
0 0 0 0 1 5.61938
0 0 0 0 1 5.63003
0 0 0 0 1 5.71101
0 0 0 0 1 5.73909
0 0 0 0 1 5.69329
0 0 0 0 1 5.6988
0 0 0 0 1 5.68542
0 0 0 0 1 5.78265
0 0 0 0 1 5.69678
0 0 0 0 1 5.77161
0 0 0 0 1 5.81803
0 0 0 0 1 5.73953
0 0 0 0 1 5.78618
0 0 0 0 0 5.77518
0 0 0 0 0 5.77582
0 0 0 0 0 5.84635
0 0 0 0 1 5.85312
0 0 0 0 1 5.89506
0 0 0 0 1 5.8744
0 0 0 0 0 5.89472
0 0 0 0 1 5.86666
0 0 0 0 0 5.86208
0 0 0 0 1 5.86934
0 0 0 0 1 5.86487
0 0 0 0 1 5.87822
0 0 0 0 1 5.98671
0 0 0 0 1 5.89932
0 0 0 0 1 5.90705
0 0 0 0 0 6.03448
0 0 0 0 0 6.03194
0 0 0 0 1 6.04617
0 0 0 0 1 6.00635
0 0 0 0 1 6.02672
0 0 0 0 1 6.10655
0 0 0 0 0 6.01818
0 0 0 0 1 6.0328
0 0 0 0 1 6.03535
0 0 0 0 0 6.05016
0 0 0 0 1 6.07734
0 0 0 0 1 6.13433
0 0 0 0 0 6.11374
0 0 0 0 1 6.23396
0 0 0 0 1 6.19393
0 0 0 0 1 6.15994
0 0 0 0 0 6.23057
0 0 0 0 0 6.18405
0 0 0 0 1 6.22489
0 0 0 0 1 6.30273
0 0 0 0 1 6.24347
0 0 0 0 1 6.27227
0 0 0 0 1 6.30123
0 0 0 0 1 6.27961
0 0 0 0 1 6.30791
0 0 0 0 1 6.35002
0 0 0 0 0 6.39798
0 0 0 0 1 6.4663
0 0 0 0 1 6.46344
0 0 0 0 1 6.42898
0 0 0 0 1 6.43246
0 0 0 0 1 6.55374
0 0 0 0 1 6.47358
0 0 0 0 1 6.59563
0 0 0 0 1 6.50789
0 0 0 0 1 6.57094
0 0 0 0 1 6.569
0 0 0 0 1 6.55976
0 0 0 0 1 6.58369
0 0 0 0 0 6.7012
0 0 0 0 1 6.68615
0 0 0 0 1 6.73139
0 0 0 0 1 6.66859
0 0 0 0 1 6.69318
0 0 0 0 1 6.81291
0 0 0 0 1 6.77683
0 0 0 0 1 6.78146
0 0 0 0 0 6.82725
0 0 0 0 0 6.92843
0 0 0 0 1 6.96117
0 0 0 0 1 6.95293
0 0 0 0 1 6.96501
0 0 0 0 1 7.03998
0 0 0 0 1 6.9542
0 0 0 0 1 7.02956
0 0 0 0 1 7.02725
0 0 0 0 1 7.10336
0 0 0 0 1 7.15861
0 0 0 0 1 7.10694
0 0 0 0 1 7.21269
0 0 0 0 1 7.21111
0 0 0 0 1 7.17279
0 0 0 0 1 7.32342
0 0 0 0 1 7.27046
0 0 0 0 1 7.26133
0 0 0 0 1 7.42086
0 0 0 0 1 7.34594
0 0 0 0 1 7.40299
0 0 0 0 1 7.46787
0 0 0 0 1 7.5186
0 0 0 0 1 7.55421
0 0 0 0 1 7.58244
0 0 0 0 1 7.62594
0 0 0 0 1 7.54817
0 0 0 0 0 7.60686
0 0 0 0 0 7.70436
0 0 0 0 1 7.73307
0 0 0 0 1 7.77739
0 0 0 0 0 7.79073
0 0 0 0 1 7.80448
0 0 0 0 0 7.80984
0 0 0 0 0 7.96476
0 0 0 0 1 7.92279
0 0 0 0 1 7.95155
0 0 0 0 0 8.03708
0 0 0 0 1 8.13933
0 0 0 0 1 8.17749
0 0 0 0 1 8.12565
0 0 0 0 1 8.22095
0 0 0 0 1 8.28349
0 0 0 0 1 8.33812
0 0 0 0 1 8.2355
0 0 0 0 1 8.35671
0 0 0 0 1 8.36117
0 0 0 0 1 8.42454
0 0 0 0 1 8.52229
0 0 0 0 1 8.61221
0 0 0 0 1 8.55732
0 0 0 0 1 8.69087
0 0 0 0 1 8.64232
0 0 0 0 1 8.65476
0 0 0 0 1 8.71003
0 0 0 0 0 8.74963
0 0 0 0 1 8.95645
0 0 0 0 1 8.87
0 0 0 0 1 9.03414
0 0 0 0 1 9.00042
0 0 0 0 1 9.15822
0 0 0 0 1 9.25227
0 0 0 0 1 9.15319
0 0 0 0 1 9.21017
0 0 0 0 1 9.38049
0 0 0 0 1 9.39044
0 0 0 0 1 9.50507
0 0 0 0 1 9.57183
0 0 0 0 1 9.61002
0 0 0 0 1 9.6107
0 0 0 0 1 9.69687
0 0 0 0 1 9.71502
0 0 0 0 1 9.91
0 0 0 0 1 9.81092
0 0 0 0 1 9.97625
0 0 0 0 1 9.97375
0 0 0 0 1 10.1207
0 0 0 0 1 10.2603
0 0 0 0 1 10.2043
0 0 0 0 1 10.281
0 0 0 0 1 10.4432
0 0 0 0 1 10.542
0 0 0 0 1 10.5461
0 0 0 0 1 10.6005
0 0 0 0 1 10.7213
0 0 0 0 1 10.7324
0 0 0 0 1 9.28728
0 0 0 0 1 9.32818
0 0 0 0 1 9.34598
0 0 0 0 1 9.16495
0 0 0 0 1 9.27533
0 0 0 0 1 9.11386
0 0 0 0 1 9.11384
0 0 0 0 0 9.23749
0 0 0 0 1 9.10031
0 0 0 0 1 9.05045
0 0 0 0 1 9.02356
0 0 0 0 0 9.05597
0 0 0 0 1 8.99312
0 0 0 0 1 9.04809
0 0 0 0 1 8.94529
0 0 0 0 1 9.02729
0 0 0 0 1 8.98805
0 0 0 0 1 9.00707
0 0 0 0 1 8.85614
0 0 0 0 0 8.90229
0 0 0 0 1 8.8552
0 0 0 0 0 8.95472
0 0 0 0 1 8.84093
0 0 0 0 1 8.83398
0 0 0 0 1 8.85369
0 0 0 0 0 8.83423
0 0 0 0 0 8.8805
0 0 0 0 1 8.75962
0 0 0 0 0 8.82363
0 0 0 0 1 8.78235
0 0 0 0 1 8.69757
0 0 0 0 0 8.67946
0 0 0 0 1 8.63028
0 0 0 0 1 8.651
0 0 0 0 0 8.65439
0 0 0 0 1 8.62318
0 0 0 0 0 8.61817
0 0 0 0 0 8.67383
0 0 0 0 1 8.669
0 0 0 0 1 8.53499
0 0 0 0 1 8.56507
0 0 0 0 1 8.60378
0 0 0 0 1 8.65967
0 0 0 0 0 8.52698
0 0 0 0 0 8.56596
0 0 0 0 1 8.48533
0 0 0 0 1 8.48485
0 0 0 0 1 8.45592
0 0 0 0 0 8.56698
0 0 0 0 1 8.71734
0 0 0 0 0 8.88627
0 0 0 0 1 8.94984
0 0 0 0 1 9.07509
0 0 0 0 1 9.26526
0 0 0 0 0 9.43828
0 0 0 0 1 9.59347
0 0 0 0 1 9.58423
0 0 0 0 1 9.76657
0 0 0 0 0 9.95976
0 0 0 0 1 10.2351
0 0 0 0 1 10.4519
0 0 0 0 1 10.4895
0 0 0 0 0 10.8234
0 0 0 0 1 10.9308
0 0 0 0 1 11.2132
0 0 0 0 1 11.3267
0 0 0 0 1 11.6663
0 0 0 0 0 11.7132
0 0 0 0 1 11.9698
0 0 0 0 1 12.284
0 0 0 0 0 12.6485
0 0 0 0 1 12.809
0 0 0 0 0 22.8419
0 0 0 0 1 22.732
0 0 0 0 1 22.5983
0 0 0 0 1 22.8524
0 0 0 0 1 22.7894
0 0 0 0 1 22.7948
0 0 0 0 0 22.778
0 0 0 0 0 22.4226
0 0 0 0 1 22.8134
0 0 0 0 1 22.369
0 0 0 0 0 22.3541
0 0 0 0 0 22.4975
0 0 0 0 1 22.7327
0 0 0 0 1 22.3586
0 0 0 0 0 22.4579
0 0 0 0 1 22.3326
0 0 0 0 1 22.3428
0 0 0 0 1 22.6229
0 0 0 0 1 23.0836
0 0 0 0 1 24.3168
0 0 0 0 1 25.1432
0 0 0 0 1 26.0812
0 0 0 0 1 36.1263
0 0 0 0 1 36.1114
0 0 0 0 1 36.0972
0 0 0 0 0 36.0838
0 0 0 0 0 36.5381
0 0 0 0 1 38.6804
0 0 0 0 1 51.8064
0 0 0 0 1 52.4155
0 0 0 0 1 51.5689
0 0 0 0 1 51.7636
0 0 0 0 0 51.7511
0 0 0 0 1 56.6107
0 0 0 0 1 64.8733
0 0 0 0 0 70.2909
0 0 0 0 0 82.6281
0 0 0 0 0 5.02002
0 0 0 0 0 5.02503
0 0 0 0 0 4.97994
0 0 0 0 0 5.02002
0 0 0 0 0 4.98495
0 0 0 0 0 4.97493
0 0 0 0 0 4.96491
0 0 0 0 0 5.05509
0 0 0 0 0 4.97493
0 0 0 0 0 4.96992
0 0 0 0 0 4.97994
0 0 0 0 0 4.97493
0 0 0 0 1 87.0653
0 0 0 0 1 88.3007
0 0 0 0 1 75.8964
0 0 0 0 1 63.2644
0 0 0 0 1 60.6475
0 0 0 0 1 60.9008
0 0 0 0 1 60.8522
0 0 0 0 1 51.777
0 0 0 0 1 48.0351
0 0 0 0 1 48.2395
0 0 0 0 1 39.0778
0 0 0 0 1 36.4884
0 0 0 0 1 35.7392
0 0 0 0 1 35.8941
0 0 0 0 1 35.4066
0 0 0 0 0 35.9199
0 0 0 0 0 28.2744
0 0 0 0 1 26.5623
0 0 0 0 1 25.5622
0 0 0 0 1 24.5161
0 0 0 0 0 24.8725
0 0 0 0 1 24.7124
0 0 0 0 1 24.8472
0 0 0 0 1 24.4658
0 0 0 0 1 24.8742
0 0 0 0 0 24.6168
0 0 0 0 0 24.829
0 0 0 0 1 24.77
0 0 0 0 0 24.8336
0 0 0 0 1 18.0725
0 0 0 0 1 17.7919
0 0 0 0 1 17.1402
0 0 0 0 1 16.7612
0 0 0 0 1 16.4239
0 0 0 0 1 15.7683
0 0 0 0 1 15.5474
0 0 0 0 0 15.1817
0 0 0 0 0 14.8458
0 0 0 0 0 14.3798
0 0 0 0 1 14.1836
0 0 0 0 1 13.8731
0 0 0 0 0 13.8154
0 0 0 0 0 14.0222
0 0 0 0 1 13.9093
0 0 0 0 1 13.8243
0 0 0 0 1 13.9787
0 0 0 0 1 13.8801
0 0 0 0 0 13.8375
0 0 0 0 1 13.9629
0 0 0 0 1 14.0631
0 0 0 0 1 14.1614
0 0 0 0 1 14.0215
0 0 0 0 0 14.0923
0 0 0 0 1 14.2082
0 0 0 0 1 14.0263
0 0 0 0 0 14.1262
0 0 0 0 0 14.2574
0 0 0 0 1 14.118
0 0 0 0 1 14.2756
0 0 0 0 1 14.0682
0 0 0 0 1 14.2549
0 0 0 0 1 14.1185
0 0 0 0 1 14.1355
0 0 0 0 1 14.2981
0 0 0 0 0 14.2445
0 0 0 0 1 14.3225
0 0 0 0 1 14.2263
0 0 0 0 1 14.1904
0 0 0 0 0 14.2662
0 0 0 0 1 8.87005
0 0 0 0 1 8.7819
0 0 0 0 0 8.58146
0 0 0 0 1 8.55419
0 0 0 0 1 8.47486
0 0 0 0 0 8.35364
0 0 0 0 1 8.22606
0 0 0 0 1 8.15472
0 0 0 0 1 8.05223
0 0 0 0 0 7.93427
0 0 0 0 1 7.82639
0 0 0 0 1 7.64803
0 0 0 0 1 7.56506
0 0 0 0 1 7.5049
0 0 0 0 1 7.54155
0 0 0 0 1 7.34837
0 0 0 0 1 7.28767
0 0 0 0 1 7.25034
0 0 0 0 1 7.10485
0 0 0 0 1 7.15966
0 0 0 0 1 7.07152
0 0 0 0 1 6.92343
0 0 0 0 1 6.83687
0 0 0 0 1 6.7666
0 0 0 0 0 6.7101
0 0 0 0 1 6.66698
0 0 0 0 1 6.61035
0 0 0 0 1 6.52089
0 0 0 0 1 6.45158
0 0 0 0 0 6.39146
0 0 0 0 1 6.41206
0 0 0 0 1 6.38331
0 0 0 0 0 6.32912
0 0 0 0 1 6.23146
0 0 0 0 1 6.23343
0 0 0 0 0 6.09383
0 0 0 0 1 6.03469
0 0 0 0 1 6.00866
0 0 0 0 0 5.92588
0 0 0 0 1 5.89393
0 0 0 0 1 5.88835
0 0 0 0 0 5.80936
0 0 0 0 0 5.7657
0 0 0 0 1 5.69917
0 0 0 0 0 5.73823
0 0 0 0 1 5.63794
0 0 0 0 0 5.64502
0 0 0 0 1 5.52666
0 0 0 0 1 5.51694
0 0 0 0 1 5.51778
0 0 0 0 1 5.44194
0 0 0 0 1 5.44007
0 0 0 0 0 5.3842
0 0 0 0 0 5.33082
0 0 0 0 0 5.33384
0 0 0 0 1 5.19666
0 0 0 0 1 5.24144
0 0 0 0 0 5.1713
0 0 0 0 1 5.10172
0 0 0 0 1 5.09918
0 0 0 0 0 5.05754
0 0 0 0 0 5.0193
0 0 0 0 1 5.02457
0 0 0 0 0 5.01129
0 0 0 0 1 4.98796
0 0 0 0 1 4.89087
0 0 0 0 1 4.85821
0 0 0 0 1 4.9018
0 0 0 0 0 4.81579
0 0 0 0 0 4.79574
0 0 0 0 0 4.79774
0 0 0 0 1 4.86372
0 0 0 0 1 4.88157
0 0 0 0 0 4.85941
0 0 0 0 1 4.84798
0 0 0 0 1 4.88554
0 0 0 0 1 4.8938
0 0 0 0 1 4.97508
0 0 0 0 1 4.9093
0 0 0 0 1 4.98735
0 0 0 0 0 5.01475
0 0 0 0 0 4.99347
0 0 0 0 1 5.03735
0 0 0 0 1 5.06135
0 0 0 0 1 5.01457
0 0 0 0 1 5.03351
0 0 0 0 1 5.1291
0 0 0 0 0 5.16389
0 0 0 0 1 5.11531
0 0 0 0 0 5.16051
0 0 0 0 1 5.15943
0 0 0 0 1 5.18427
0 0 0 0 0 5.22489
0 0 0 0 1 5.19772
0 0 0 0 1 5.26486
0 0 0 0 0 5.32718
0 0 0 0 1 5.31197
0 0 0 0 0 5.30039
0 0 0 0 1 5.37412
0 0 0 0 1 5.41618
0 0 0 0 1 5.37775
0 0 0 0 0 5.43235
0 0 0 0 0 5.39346
0 0 0 0 1 5.4469
0 0 0 0 1 5.51161
0 0 0 0 0 5.45185
0 0 0 0 1 5.57773
0 0 0 0 1 5.58968
0 0 0 0 1 5.53873
0 0 0 0 1 5.65114
0 0 0 0 1 5.67285
0 0 0 0 1 5.63976
0 0 0 0 1 5.66709
0 0 0 0 1 5.75312
0 0 0 0 1 5.78092
0 0 0 0 1 5.72994
0 0 0 0 0 5.78814
0 0 0 0 0 5.8642
0 0 0 0 1 5.81662
0 0 0 0 1 5.80523
0 0 0 0 1 5.89964
0 0 0 0 0 5.86449
0 0 0 0 1 5.90621
0 0 0 0 1 5.94816
0 0 0 0 1 6.07454
0 0 0 0 1 6.02067
0 0 0 0 1 6.01466
0 0 0 0 1 6.07555
0 0 0 0 1 6.08776
0 0 0 0 1 6.11372
0 0 0 0 0 9.46192
0 0 0 0 0 9.45289
0 0 0 0 0 9.52569
0 0 0 0 1 9.47552
0 0 0 0 1 9.37254
0 0 0 0 0 9.44472
0 0 0 0 1 9.22744
0 0 0 0 0 9.35211
0 0 0 0 1 9.23227
0 0 0 0 0 9.26693
0 0 0 0 1 9.10813
0 0 0 0 1 9.08791
0 0 0 0 1 9.10436
0 0 0 0 1 9.17537
0 0 0 0 0 9.01885
0 0 0 0 0 9.08967
0 0 0 0 0 8.94344
0 0 0 0 1 9.01076
0 0 0 0 1 9.0092
0 0 0 0 0 9.03123
0 0 0 0 1 8.90472
0 0 0 0 1 8.97469
0 0 0 0 1 8.84031
0 0 0 0 1 8.85706
0 0 0 0 1 8.83513
0 0 0 0 1 8.70242
0 0 0 0 1 8.71076
0 0 0 0 1 8.80849
0 0 0 0 1 8.65084
0 0 0 0 0 8.62984
0 0 0 0 1 8.68183
0 0 0 0 1 8.72151
0 0 0 0 1 8.6954
0 0 0 0 1 8.5714
0 0 0 0 1 8.63179
0 0 0 0 0 8.58573
0 0 0 0 1 8.48372
0 0 0 0 1 8.47241
0 0 0 0 1 8.41873
0 0 0 0 1 8.55181
0 0 0 0 1 8.52366
0 0 0 0 1 8.38603
0 0 0 0 1 8.37899
0 0 0 0 0 8.45235
0 0 0 0 1 8.33283
0 0 0 0 1 8.43952
0 0 0 0 1 8.32903
0 0 0 0 0 8.27277
0 0 0 0 1 8.2712
0 0 0 0 1 8.36076
0 0 0 0 1 8.23145
0 0 0 0 0 8.31265
0 0 0 0 0 8.23723
0 0 0 0 1 8.23612
0 0 0 0 0 8.12857
0 0 0 0 1 8.25052
0 0 0 0 1 8.12724
0 0 0 0 1 8.12672
0 0 0 0 0 8.05315
0 0 0 0 1 8.18272
0 0 0 0 1 8.1338
0 0 0 0 1 8.03672
0 0 0 0 0 7.98044
0 0 0 0 1 7.97667
0 0 0 0 1 8.00121
0 0 0 0 1 7.99369
0 0 0 0 1 8.05833
0 0 0 0 0 7.99504
0 0 0 0 1 7.99965
0 0 0 0 1 7.96872
0 0 0 0 0 7.9857
0 0 0 0 0 7.90757
0 0 0 0 1 7.93276
0 0 0 0 0 7.86668
0 0 0 0 1 7.91576
0 0 0 0 1 7.94904
0 0 0 0 1 7.88352
0 0 0 0 1 7.9204
0 0 0 0 1 7.91464
0 0 0 0 1 7.9012
0 0 0 0 1 7.88794
0 0 0 0 1 7.83127
0 0 0 0 1 7.81062
0 0 0 0 1 7.79796
0 0 0 0 1 7.843
0 0 0 0 1 7.77626
0 0 0 0 1 7.74387
