0 0 0 0 1 5.58617
0 0 0 0 0 5.53978
0 0 0 0 1 5.57683
0 0 0 0 1 5.58866
0 0 0 0 1 5.61493
0 0 0 0 0 5.59667
0 0 0 0 1 5.63908
0 0 0 0 1 5.55372
0 0 0 0 1 5.56591
0 0 0 0 1 5.59276
0 0 0 0 1 5.68739
0 0 0 0 1 5.65835
0 0 0 0 1 5.62016
0 0 0 0 0 5.71558
0 0 0 0 0 5.6357
0 0 0 0 1 5.65424
0 0 0 0 0 5.74478
0 0 0 0 0 5.68189
0 0 0 0 1 5.74448
0 0 0 0 1 5.76542
0 0 0 0 1 5.6796
0 0 0 0 1 5.72547
0 0 0 0 1 5.76586
0 0 0 0 0 5.7489
0 0 0 0 1 5.82605
0 0 0 0 0 5.8093
0 0 0 0 0 5.7578
0 0 0 0 1 5.74679
0 0 0 0 1 5.82889
0 0 0 0 1 5.88227
0 0 0 0 0 5.82495
0 0 0 0 1 5.82174
0 0 0 0 0 5.80683
0 0 0 0 0 5.90189
0 0 0 0 1 5.82676
0 0 0 0 1 5.94012
0 0 0 0 1 5.86487
0 0 0 0 1 5.93747
0 0 0 0 1 5.88575
0 0 0 0 1 5.98862
0 0 0 0 1 6.02042
0 0 0 0 1 6.0285
0 0 0 0 0 6.00798
0 0 0 0 0 6.04017
0 0 0 0 1 6.00033
0 0 0 0 1 6.02672
0 0 0 0 1 6.08234
0 0 0 0 1 6.07885
0 0 0 0 0 6.13011
0 0 0 0 1 6.05973
0 0 0 0 1 6.0685
0 0 0 0 1 6.16311
0 0 0 0 1 6.09745
0 0 0 0 1 6.18146
0 0 0 0 1 6.21544
0 0 0 0 1 6.24344
0 0 0 0 1 6.22818
0 0 0 0 0 6.26792
0 0 0 0 1 6.18405
0 0 0 0 1 6.26869
0 0 0 0 1 6.29645
0 0 0 0 1 6.35676
0 0 0 0 1 6.27227
0 0 0 0 0 6.38347
0 0 0 0 1 6.38109
0 0 0 0 1 6.31427
0 0 0 0 0 6.43298
0 0 0 0 0 6.35956
0 0 0 0 1 6.36998
0 0 0 0 1 6.45055
0 0 0 0 1 6.4419
0 0 0 0 1 6.51027
0 0 0 0 1 6.44972
0 0 0 0 1 6.49314
0 0 0 0 0 6.51719
0 0 0 0 1 6.61942
0 0 0 0 1 6.57094
0 0 0 0 0 6.5426
0 0 0 0 0 6.63265
0 0 0 0 0 6.61029
0 0 0 0 1 6.66115
0 0 0 0 1 6.71292
0 0 0 0 0 6.64415
0 0 0 0 0 6.80331
0 0 0 0 0 6.80135
0 0 0 0 1 6.81969
0 0 0 0 0 6.86538
0 0 0 0 1 6.89084
0 0 0 0 1 6.82725
0 0 0 0 1 6.91465
0 0 0 0 1 6.87131
0 0 0 0 1 6.86975
0 0 0 0 1 6.97197
0 0 0 0 0 7.03998
0 0 0 0 1 6.94018
0 0 0 0 1 7.02252
0 0 0 0 1 7.07674
0 0 0 0 1 7.0395
0 0 0 0 1 7.07313
0 0 0 0 1 7.20704
0 0 0 0 1 7.18399
0 0 0 0 1 7.22551
0 0 0 0 1 7.20898
0 0 0 0 1 7.27256
0 0 0 0 1 7.28506
0 0 0 0 1 7.36391
0 0 0 0 1 7.36933
0 0 0 0 1 7.30903
0 0 0 0 0 7.44749
0 0 0 0 1 7.4306
0 0 0 0 0 7.51111
0 0 0 0 1 7.57676
0 0 0 0 1 7.49181
0 0 0 0 1 7.55006
0 0 0 0 1 7.54056
0 0 0 0 1 7.62217
0 0 0 0 1 7.61978
0 0 0 0 0 7.7717
0 0 0 0 1 7.69977
0 0 0 0 1 7.74394
0 0 0 0 0 7.75751
0 0 0 0 1 7.92781
0 0 0 0 1 7.87776
0 0 0 0 0 7.86717
0 0 0 0 0 8.02347
0 0 0 0 1 8.10131
0 0 0 0 1 8.0748
0 0 0 0 1 8.07213
0 0 0 0 0 8.1012
0 0 0 0 1 8.14726
0 0 0 0 0 8.15998
0 0 0 0 1 8.32156
0 0 0 0 1 8.29373
0 0 0 0 0 8.44873
0 0 0 0 1 8.49576
0 0 0 0 1 8.52604
0 0 0 0 1 8.5393
0 0 0 0 0 8.51813
0 0 0 0 0 8.53154
0 0 0 0 1 8.57857
0 0 0 0 1 8.61624
0 0 0 0 1 8.78589
0 0 0 0 1 8.8508
0 0 0 0 1 8.77615
0 0 0 0 1 8.84082
0 0 0 0 1 8.95951
0 0 0 0 1 9.07017
0 0 0 0 1 9.04574
0 0 0 0 1 9.14911
0 0 0 0 1 9.23393
0 0 0 0 1 9.23624
0 0 0 0 1 9.30302
0 0 0 0 1 9.24982
0 0 0 0 0 9.35284
0 0 0 0 0 9.48616
0 0 0 0 1 9.48611
0 0 0 0 1 9.49493
0 0 0 0 1 9.63965
0 0 0 0 0 9.80375
0 0 0 0 1 9.80307
0 0 0 0 1 9.91
0 0 0 0 1 9.91993
0 0 0 0 0 10.0861
0 0 0 0 1 10.1246
0 0 0 0 0 10.0903
0 0 0 0 1 10.2909
0 0 0 0 1 10.3687
0 0 0 0 0 10.3845
0 0 0 0 1 10.4536
0 0 0 0 1 10.584
0 0 0 0 1 10.5355
0 0 0 0 1 10.6538
0 0 0 0 1 10.732
0 0 0 0 1 10.8191
0 0 0 0 1 9.38965
0 0 0 0 0 9.30033
0 0 0 0 1 9.35524
0 0 0 0 0 9.25734
0 0 0 0 1 9.23845
0 0 0 0 0 9.18743
0 0 0 0 1 9.24233
0 0 0 0 1 9.18256
0 0 0 0 1 9.22822
0 0 0 0 1 9.16894
0 0 0 0 1 9.18729
0 0 0 0 1 9.10134
0 0 0 0 1 8.96595
0 0 0 0 1 9.05713
0 0 0 0 1 8.99939
0 0 0 0 1 8.93729
0 0 0 0 1 8.89826
0 0 0 0 1 8.98915
0 0 0 0 1 8.85614
0 0 0 0 1 8.90229
0 0 0 0 1 8.9621
0 0 0 0 1 8.92804
0 0 0 0 0 8.92082
0 0 0 0 1 8.77196
0 0 0 0 1 8.93329
0 0 0 0 0 8.90483
0 0 0 0 1 8.87169
0 0 0 0 0 8.786
0 0 0 0 0 8.83241
0 0 0 0 1 8.6947
0 0 0 0 1 8.82007
0 0 0 0 0 8.78424
0 0 0 0 1 8.73489
0 0 0 0 1 8.62489
0 0 0 0 1 8.75866
0 0 0 0 1 8.65788
0 0 0 0 0 8.58352
0 0 0 0 1 8.62195
0 0 0 0 1 8.65173
0 0 0 0 1 8.69018
0 0 0 0 1 8.54786
0 0 0 0 1 8.66395
0 0 0 0 1 8.63392
0 0 0 0 1 8.5784
0 0 0 0 1 8.52318
0 0 0 0 1 8.62206
0 0 0 0 1 8.50193
0 0 0 0 1 8.49002
0 0 0 0 1 8.54125
0 0 0 0 1 8.74344
0 0 0 0 1 8.83332
0 0 0 0 1 8.90505
0 0 0 0 1 9.12965
0 0 0 0 1 9.26526
0 0 0 0 1 9.39137
0 0 0 0 1 9.58393
0 0 0 0 1 9.62296
0 0 0 0 1 9.86502
0 0 0 0 1 9.97978
0 0 0 0 1 10.2147
0 0 0 0 0 10.4208
0 0 0 0 0 10.479
0 0 0 0 1 10.8019
0 0 0 0 1 10.9637
0 0 0 0 1 11.0683
0 0 0 0 1 11.2812
0 0 0 0 1 11.6315
0 0 0 0 1 11.926
0 0 0 0 1 12.1024
0 0 0 0 1 12.3333
0 0 0 0 1 12.4725
0 0 0 0 0 12.7962
0 0 0 0 0 22.6146
0 0 0 0 0 22.732
0 0 0 0 1 22.5075
0 0 0 0 1 22.6484
0 0 0 0 1 22.6762
0 0 0 0 1 22.659
0 0 0 0 1 22.5518
0 0 0 0 0 22.6486
0 0 0 0 1 22.7457
0 0 0 0 1 22.4367
0 0 0 0 1 22.4218
0 0 0 0 1 22.4975
0 0 0 0 1 22.3722
0 0 0 0 1 22.291
0 0 0 0 1 22.4804
0 0 0 0 1 22.4675
0 0 0 0 1 22.635
0 0 0 0 1 22.3084
0 0 0 0 1 23.0372
0 0 0 0 1 24.172
0 0 0 0 1 25.1683
0 0 0 0 1 26.1598
0 0 0 0 0 36.1991
0 0 0 0 1 36.439
0 0 0 0 1 36.6431
0 0 0 0 1 36.5566
0 0 0 0 1 36.5745
0 0 0 0 0 38.4107
0 0 0 0 1 51.546
0 0 0 0 1 52.2073
0 0 0 0 1 52.4536
0 0 0 0 1 51.9717
0 0 0 0 1 52.0632
0 0 0 0 1 55.9905
0 0 0 0 1 65.397
0 0 0 0 1 69.4549
0 0 0 0 1 81.3191
0 0 0 0 0 4.97994
0 0 0 0 0 5.01501
0 0 0 0 0 4.97493
0 0 0 0 0 4.97994
0 0 0 0 0 5.03505
0 0 0 0 0 5.04006
0 0 0 0 0 5.00499
0 0 0 0 0 4.98996
0 0 0 0 0 4.96491
0 0 0 0 0 5.05509
0 0 0 0 0 4.99497
0 0 0 0 0 5.01501
0 0 0 0 1 88.1164
0 0 0 0 1 87.2495
0 0 0 0 1 75.8212
0 0 0 0 1 64.1582
0 0 0 0 1 61.1317
0 0 0 0 1 60.356
0 0 0 0 1 60.3678
0 0 0 0 1 51.8802
0 0 0 0 1 47.6992
0 0 0 0 0 47.7115
0 0 0 0 1 39.3527
0 0 0 0 1 36.7462
0 0 0 0 1 35.7035
0 0 0 0 0 35.7157
0 0 0 0 1 35.6207
0 0 0 0 1 36.0628
0 0 0 0 0 28.3025
0 0 0 0 1 26.7499
0 0 0 0 1 25.8955
0 0 0 0 1 24.5407
0 0 0 0 1 24.8725
0 0 0 0 0 24.8109
0 0 0 0 1 24.8225
0 0 0 0 1 24.8358
0 0 0 0 1 24.8989
0 0 0 0 0 24.518
0 0 0 0 1 24.9525
0 0 0 0 1 24.9183
0 0 0 0 0 24.4873
0 0 0 0 1 18.1453
0 0 0 0 0 17.6504
0 0 0 0 1 17.0886
0 0 0 0 0 16.6441
0 0 0 0 1 16.3751
0 0 0 0 0 16.0383
0 0 0 0 1 15.5783
0 0 0 0 1 15.2724
0 0 0 0 1 14.6097
0 0 0 0 1 14.4375
0 0 0 0 1 14.2259
0 0 0 0 1 13.7898
0 0 0 0 1 13.8571
0 0 0 0 0 13.8553
0 0 0 0 1 14.0207
0 0 0 0 0 13.8383
0 0 0 0 0 13.9787
0 0 0 0 1 13.9779
0 0 0 0 1 13.8515
0 0 0 0 1 13.9489
0 0 0 0 1 13.965
0 0 0 0 1 14.1474
0 0 0 0 1 14.1198
0 0 0 0 1 14.1766
0 0 0 0 1 14.0956
0 0 0 0 1 14.1531
0 0 0 0 0 13.9852
0 0 0 0 1 14.0457
0 0 0 0 1 14.118
0 0 0 0 1 14.1341
0 0 0 0 1 14.0965
0 0 0 0 1 14.2975
0 0 0 0 1 14.1895
0 0 0 0 1 14.2066
0 0 0 0 1 14.2839
0 0 0 0 0 14.3158
0 0 0 0 1 14.3225
0 0 0 0 1 14.3836
0 0 0 0 0 14.262
0 0 0 0 1 14.2375
0 0 0 0 0 8.79062
0 0 0 0 1 8.75577
0 0 0 0 1 8.51267
0 0 0 0 1 8.40978
0 0 0 0 1 8.31543
0 0 0 0 0 8.34535
0 0 0 0 1 8.27522
0 0 0 0 0 8.16281
0 0 0 0 1 7.94828
0 0 0 0 1 7.83154
0 0 0 0 1 7.84202
0 0 0 0 1 7.64803
0 0 0 0 1 7.71025
0 0 0 0 1 7.48978
0 0 0 0 1 7.44439
0 0 0 0 1 7.33357
0 0 0 0 0 7.37547
0 0 0 0 1 7.25034
0 0 0 0 1 7.1407
0 0 0 0 1 7.04613
0 0 0 0 1 7.04343
0 0 0 0 1 6.92343
0 0 0 0 1 6.81621
0 0 0 0 1 6.80753
0 0 0 0 1 6.69659
0 0 0 0 1 6.6469
0 0 0 0 0 6.63687
0 0 0 0 0 6.56029
0 0 0 0 1 6.55564
0 0 0 0 1 6.41081
0 0 0 0 1 6.33542
0 0 0 0 1 6.32631
0 0 0 0 0 6.28516
0 0 0 0 1 6.19411
0 0 0 0 1 6.1964
0 0 0 0 0 6.15501
0 0 0 0 1 6.1196
0 0 0 0 0 6.00866
0 0 0 0 1 5.98556
0 0 0 0 1 5.87023
0 0 0 0 1 5.91771
0 0 0 0 1 5.81519
0 0 0 0 1 5.75991
0 0 0 0 1 5.72213
0 0 0 0 1 5.73254
0 0 0 0 1 5.64922
0 0 0 0 1 5.62262
0 0 0 0 1 5.54892
0 0 0 0 1 5.46724
0 0 0 0 0 5.4849
0 0 0 0 1 5.43107
0 0 0 0 1 5.36985
0 0 0 0 1 5.41104
0 0 0 0 1 5.3681
0 0 0 0 1 5.24389
0 0 0 0 1 5.21766
0 0 0 0 1 5.16842
0 0 0 0 0 5.13503
0 0 0 0 1 5.11201
0 0 0 0 1 5.09407
0 0 0 0 1 5.05247
0 0 0 0 1 5.07977
0 0 0 0 1 5.03961
0 0 0 0 1 4.94654
0 0 0 0 1 4.90384
0 0 0 0 1 4.89578
0 0 0 0 1 4.83868
0 0 0 0 1 4.84836
0 0 0 0 0 4.79649
0 0 0 0 1 4.8487
0 0 0 0 0 4.83635
0 0 0 0 1 4.80559
0 0 0 0 0 4.8135
0 0 0 0 0 4.86429
0 0 0 0 0 4.86754
0 0 0 0 1 4.87081
0 0 0 0 0 4.90858
0 0 0 0 0 4.97014
0 0 0 0 1 4.9936
0 0 0 0 0 5.0222
0 0 0 0 1 4.97982
0 0 0 0 1 4.97343
0 0 0 0 1 5.07254
0 0 0 0 0 5.01088
0 0 0 0 1 5.01964
0 0 0 0 1 5.05893
0 0 0 0 1 5.11378
0 0 0 0 1 5.15365
0 0 0 0 0 5.18208
0 0 0 0 1 5.20175
0 0 0 0 0 5.16978
0 0 0 0 1 5.14271
0 0 0 0 0 5.21968
0 0 0 0 0 5.25006
0 0 0 0 1 5.2596
0 0 0 0 1 5.29026
0 0 0 0 1 5.26956
0 0 0 0 1 5.28974
0 0 0 0 1 5.3207
0 0 0 0 1 5.31429
0 0 0 0 1 5.42081
0 0 0 0 0 5.3566
0 0 0 0 0 5.47493
0 0 0 0 1 5.50687
0 0 0 0 1 5.51161
0 0 0 0 1 5.53437
0 0 0 0 1 5.4949
0 0 0 0 1 5.53418
0 0 0 0 1 5.58888
0 0 0 0 1 5.57273
0 0 0 0 1 5.60538
0 0 0 0 1 5.69627
0 0 0 0 1 5.71247
0 0 0 0 0 5.6733
0 0 0 0 1 5.70078
0 0 0 0 1 5.79898
0 0 0 0 1 5.81127
0 0 0 0 0 5.77121
0 0 0 0 1 5.79328
0 0 0 0 1 5.8111
0 0 0 0 1 5.95268
0 0 0 0 0 5.91781
0 0 0 0 1 5.91216
0 0 0 0 0 5.96013
0 0 0 0 1 6.07454
0 0 0 0 1 6.01462
0 0 0 0 1 6.06326
0 0 0 0 1 6.14882
0 0 0 0 1 6.18595
0 0 0 0 1 6.12607
0 0 0 0 1 9.60471
0 0 0 0 0 9.55718
0 0 0 0 1 9.41229
0 0 0 0 1 9.47552
0 0 0 0 0 9.40069
0 0 0 0 1 9.38861
0 0 0 0 1 9.28337
0 0 0 0 0 9.20336
0 0 0 0 1 9.28783
0 0 0 0 0 9.23924
0 0 0 0 1 9.22774
0 0 0 0 1 9.09708
0 0 0 0 1 9.16835
0 0 0 0 1 9.09336
0 0 0 0 0 9.10968
0 0 0 0 1 9.06251
0 0 0 0 1 9.01564
0 0 0 0 0 9.08278
0 0 0 0 1 8.92844
0 0 0 0 1 8.91487
0 0 0 0 0 8.8601
0 0 0 0 0 8.90353
0 0 0 0 1 8.93785
0 0 0 0 0 8.78634
0 0 0 0 1 8.73814
0 0 0 0 1 8.72879
0 0 0 0 1 8.71076
0 0 0 0 1 8.67728
0 0 0 0 1 8.71189
0 0 0 0 1 8.77773
0 0 0 0 1 8.70785
0 0 0 0 1 8.6869
0 0 0 0 1 8.71265
0 0 0 0 1 8.56279
0 0 0 0 0 8.55457
0 0 0 0 1 8.48301
0 0 0 0 1 8.5776
0 0 0 0 0 8.56608
0 0 0 0 1 8.52067
0 0 0 0 1 8.55181
0 0 0 0 1 8.42219
0 0 0 0 1 8.45352
0 0 0 0 1 8.39581
0 0 0 0 1 8.34324
0 0 0 0 1 8.41658
0 0 0 0 1 8.38103
0 0 0 0 1 8.35404
0 0 0 0 0 8.39748
0 0 0 0 1 8.35416
0 0 0 0 0 8.35248
0 0 0 0 1 8.18186
0 0 0 0 1 8.21369
0 0 0 0 1 8.26192
0 0 0 0 1 8.13758
0 0 0 0 1 8.11218
0 0 0 0 1 8.1851
0 0 0 0 0 8.12724
0 0 0 0 1 8.16743
0 0 0 0 1 8.04502
0 0 0 0 1 8.10162
0 0 0 0 1 8.17427
0 0 0 0 0 8.01249
0 0 0 0 1 8.04493
0 0 0 0 1 7.99277
0 0 0 0 1 7.96908
0 0 0 0 1 7.96964
0 0 0 0 1 7.99431
0 0 0 0 1 7.94712
0 0 0 0 1 8.0475
0 0 0 0 1 7.98464
0 0 0 0 1 7.9857
0 0 0 0 1 7.9155
0 0 0 0 1 7.94859
0 0 0 0 1 7.93784
0 0 0 0 1 7.84473
0 0 0 0 1 7.94116
0 0 0 0 1 7.89926
0 0 0 0 1 7.81826
0 0 0 0 1 7.81267
0 0 0 0 1 7.79157
0 0 0 0 0 7.89576
0 0 0 0 1 7.74539
0 0 0 0 0 7.8496
0 0 0 0 1 7.72792
0 0 0 0 0 7.78859
0 0 0 0 1 7.78402
0 0 0 0 0 7.68186
