0 0 0 0 1 5.58617
0 0 0 0 1 5.61201
0 0 0 0 1 5.51004
0 0 0 0 1 5.56638
0 0 0 0 0 5.55912
0 0 0 0 1 5.63022
0 0 0 0 1 5.6167
0 0 0 0 1 5.57053
0 0 0 0 1 5.5603
0 0 0 0 0 5.57028
0 0 0 0 1 5.61981
0 0 0 0 1 5.61322
0 0 0 0 1 5.70489
0 0 0 0 1 5.68163
0 0 0 0 1 5.61302
0 0 0 0 1 5.69965
0 0 0 0 0 5.63102
0 0 0 0 1 5.6648
0 0 0 0 0 5.68738
0 0 0 0 1 5.76542
0 0 0 0 1 5.66815
0 0 0 0 1 5.70826
0 0 0 0 1 5.71413
0 0 0 0 1 5.77195
0 0 0 0 1 5.7626
0 0 0 0 1 5.72259
0 0 0 0 1 5.85048
0 0 0 0 1 5.76421
0 0 0 0 1 5.77654
0 0 0 0 1 5.78316
0 0 0 0 1 5.86
0 0 0 0 1 5.79248
0 0 0 0 1 5.90644
0 0 0 0 1 5.82555
0 0 0 0 1 5.87385
0 0 0 0 1 5.91653
0 0 0 0 0 5.87669
0 0 0 0 1 5.97303
0 0 0 0 1 5.98671
0 0 0 0 0 5.93504
0 0 0 0 1 5.94285
0 0 0 0 1 5.96869
0 0 0 0 1 6.00798
0 0 0 0 1 5.96211
0 0 0 0 0 5.96422
0 0 0 0 1 5.99052
0 0 0 0 1 6.09445
0 0 0 0 1 6.12738
0 0 0 0 0 6.02672
0 0 0 0 1 6.06583
0 0 0 0 1 6.09294
0 0 0 0 1 6.15086
0 0 0 0 1 6.1835
0 0 0 0 1 6.13221
0 0 0 0 1 6.15372
0 0 0 0 1 6.15681
0 0 0 0 0 6.16614
0 0 0 0 1 6.23057
0 0 0 0 1 6.26517
0 0 0 0 1 6.30622
0 0 0 0 1 6.31528
0 0 0 0 0 6.32529
0 0 0 0 1 6.29751
0 0 0 0 1 6.3898
0 0 0 0 1 6.31132
0 0 0 0 1 6.35883
0 0 0 0 1 6.39469
0 0 0 0 1 6.4172
0 0 0 0 1 6.41493
0 0 0 0 1 6.49566
0 0 0 0 1 6.50005
0 0 0 0 1 6.54918
0 0 0 0 1 6.56675
0 0 0 0 1 6.5127
0 0 0 0 0 6.47143
0 0 0 0 1 6.6063
0 0 0 0 1 6.51827
0 0 0 0 1 6.63502
0 0 0 0 1 6.6459
0 0 0 0 0 6.63689
0 0 0 0 1 6.66783
0 0 0 0 1 6.74638
0 0 0 0 0 6.65086
0 0 0 0 0 6.72921
0 0 0 0 1 6.80135
0 0 0 0 1 6.80612
0 0 0 0 1 6.79727
0 0 0 0 0 6.76779
0 0 0 0 1 6.8547
0 0 0 0 1 6.83889
0 0 0 0 1 6.87822
0 0 0 0 1 6.95293
0 0 0 0 1 6.90935
0 0 0 0 1 6.9422
0 0 0 0 1 7.03833
0 0 0 0 1 7.05067
0 0 0 0 1 7.03432
0 0 0 0 1 7.12465
0 0 0 0 1 7.17997
0 0 0 0 1 7.14269
0 0 0 0 1 7.10504
0 0 0 0 1 7.18949
0 0 0 0 1 7.27412
0 0 0 0 1 7.19264
0 0 0 0 1 7.37265
0 0 0 0 1 7.31262
0 0 0 0 1 7.32515
0 0 0 0 1 7.44192
0 0 0 0 1 7.37332
0 0 0 0 1 7.4306
0 0 0 0 1 7.42882
0 0 0 0 1 7.54669
0 0 0 0 1 7.6202
0 0 0 0 1 7.58041
0 0 0 0 1 7.58626
0 0 0 0 1 7.67574
0 0 0 0 0 7.76588
0 0 0 0 0 7.69445
0 0 0 0 1 7.69977
0 0 0 0 1 7.77513
0 0 0 0 0 7.79665
0 0 0 0 1 7.80984
0 0 0 0 1 7.86194
0 0 0 0 1 7.87511
0 0 0 0 1 8.00749
0 0 0 0 1 7.96482
0 0 0 0 1 8.0748
0 0 0 0 0 8.06403
0 0 0 0 1 8.1827
0 0 0 0 1 8.21276
0 0 0 0 1 8.19292
0 0 0 0 1 8.25532
0 0 0 0 1 8.28541
0 0 0 0 1 8.31489
0 0 0 0 1 8.48735
0 0 0 0 1 8.44992
0 0 0 0 1 8.5478
0 0 0 0 1 8.61221
0 0 0 0 1 8.54013
0 0 0 0 1 8.56129
0 0 0 0 1 8.76404
0 0 0 0 1 8.77715
0 0 0 0 0 8.8596
0 0 0 0 1 8.75847
0 0 0 0 1 8.88529
0 0 0 0 0 9.02216
0 0 0 0 1 9.04315
0 0 0 0 1 9.11825
0 0 0 0 1 9.12177
0 0 0 0 1 9.2431
0 0 0 0 1 9.31928
0 0 0 0 1 9.21017
0 0 0 0 0 9.32449
0 0 0 0 1 9.34344
0 0 0 0 1 9.44833
0 0 0 0 1 9.45754
0 0 0 0 1 9.61002
0 0 0 0 1 9.63965
0 0 0 0 1 9.79404
0 0 0 0 1 9.70524
0 0 0 0 1 9.86075
0 0 0 0 0 9.88029
0 0 0 0 1 9.99623
0 0 0 0 1 9.9637
0 0 0 0 1 10.1511
0 0 0 0 0 10.3011
0 0 0 0 1 10.2145
0 0 0 0 1 10.3949
0 0 0 0 1 10.391
0 0 0 0 1 10.5945
0 0 0 0 1 10.5355
0 0 0 0 0 10.6112
0 0 0 0 0 10.689
0 0 0 0 0 10.8732
0 0 0 0 1 9.23145
0 0 0 0 1 9.35602
0 0 0 0 1 9.29966
0 0 0 0 1 9.17419
0 0 0 0 1 9.18313
0 0 0 0 1 9.18743
0 0 0 0 1 9.22397
0 0 0 0 1 9.20087
0 0 0 0 0 9.05462
0 0 0 0 1 9.2054
0 0 0 0 1 9.03265
0 0 0 0 0 9.14672
0 0 0 0 0 8.96595
0 0 0 0 1 8.96674
0 0 0 0 0 8.99939
0 0 0 0 0 8.91929
0 0 0 0 1 8.88928
0 0 0 0 0 8.91745
0 0 0 0 0 8.86509
0 0 0 0 1 8.93801
0 0 0 0 1 8.89083
0 0 0 0 1 8.91915
0 0 0 0 1 8.82318
0 0 0 0 0 8.91373
0 0 0 0 1 8.75639
0 0 0 0 1 8.91365
0 0 0 0 1 8.75716
0 0 0 0 0 8.81239
0 0 0 0 1 8.80607
0 0 0 0 1 8.78235
0 0 0 0 1 8.69757
0 0 0 0 1 8.68819
0 0 0 0 1 8.70002
0 0 0 0 1 8.74673
0 0 0 0 1 8.77603
0 0 0 0 1 8.58848
0 0 0 0 1 8.58352
0 0 0 0 1 8.67383
0 0 0 0 0 8.68627
0 0 0 0 1 8.5781
0 0 0 0 0 8.61672
0 0 0 0 1 8.5608
0 0 0 0 1 8.59101
0 0 0 0 1 8.5784
0 0 0 0 1 8.54029
0 0 0 0 1 8.58788
0 0 0 0 0 8.45071
0 0 0 0 1 8.4474
0 0 0 0 1 8.63558
0 0 0 0 0 8.73474
0 0 0 0 1 8.7539
0 0 0 0 1 8.99464
0 0 0 0 1 9.12965
0 0 0 0 1 9.28373
0 0 0 0 1 9.35384
0 0 0 0 1 9.63161
0 0 0 0 0 9.63264
0 0 0 0 1 9.77641
0 0 0 0 1 9.95976
0 0 0 0 1 10.2351
0 0 0 0 1 10.2965
0 0 0 0 0 10.6267
0 0 0 0 1 10.6945
0 0 0 0 0 10.8761
0 0 0 0 1 11.1128
0 0 0 0 1 11.3948
0 0 0 0 1 11.5157
0 0 0 0 1 11.7841
0 0 0 0 1 11.9819
0 0 0 0 1 12.2717
0 0 0 0 1 12.4474
0 0 0 0 1 12.7962
0 0 0 0 1 22.6373
0 0 0 0 1 22.9137
0 0 0 0 1 22.6664
0 0 0 0 1 22.4897
0 0 0 0 1 22.8347
0 0 0 0 1 22.8175
0 0 0 0 1 22.3935
0 0 0 0 0 22.7842
0 0 0 0 1 22.3843
0 0 0 0 1 22.7979
0 0 0 0 1 22.4218
0 0 0 0 1 22.5201
0 0 0 0 1 22.5749
0 0 0 0 1 22.4936
0 0 0 0 1 22.3229
0 0 0 0 1 22.6924
0 0 0 0 1 22.6574
0 0 0 0 0 22.4207
0 0 0 0 0 23.3388
0 0 0 0 1 23.979
0 0 0 0 0 24.9171
0 0 0 0 1 25.9764
0 0 0 0 1 36.5997
0 0 0 0 0 36.7303
0 0 0 0 1 36.4975
0 0 0 0 0 36.593
0 0 0 0 1 36.6109
0 0 0 0 1 38.4493
0 0 0 0 1 52.4832
0 0 0 0 1 51.5827
0 0 0 0 1 52.3495
0 0 0 0 1 52.4399
0 0 0 0 1 52.3232
0 0 0 0 0 56.4415
0 0 0 0 1 65.5934
0 0 0 0 1 69.1066
0 0 0 0 1 82.2191
0 0 0 0 0 4.97493
0 0 0 0 0 4.97994
0 0 0 0 0 4.97493
0 0 0 0 0 4.96992
0 0 0 0 0 5.01501
0 0 0 0 0 4.98495
0 0 0 0 0 4.97493
0 0 0 0 0 4.97994
0 0 0 0 0 4.96491
0 0 0 0 0 5.02002
0 0 0 0 0 5.03505
0 0 0 0 0 5.03004
0 0 0 0 0 86.7149
0 0 0 0 1 86.8115
0 0 0 0 1 74.7692
0 0 0 0 1 64.0305
0 0 0 0 1 60.6475
0 0 0 0 1 60.8403
0 0 0 0 0 60.7311
0 0 0 0 1 51.9317
0 0 0 0 1 47.5553
0 0 0 0 1 48.0955
0 0 0 0 1 39.1171
0 0 0 0 1 36.7093
0 0 0 0 1 35.3825
0 0 0 0 1 35.5016
0 0 0 0 1 35.942
0 0 0 0 1 36.0271
0 0 0 0 1 28.0498
0 0 0 0 0 26.5891
0 0 0 0 0 25.6135
0 0 0 0 1 24.7622
0 0 0 0 1 24.8233
0 0 0 0 1 24.8109
0 0 0 0 1 24.5268
0 0 0 0 1 24.8358
0 0 0 0 0 24.9235
0 0 0 0 0 24.839
0 0 0 0 0 24.7302
0 0 0 0 1 24.498
0 0 0 0 1 24.6852
0 0 0 0 0 18.3637
0 0 0 0 1 17.6327
0 0 0 0 1 17.3293
0 0 0 0 1 16.8615
0 0 0 0 1 16.4565
0 0 0 0 1 15.7525
0 0 0 0 1 15.5474
0 0 0 0 1 15.1817
0 0 0 0 0 14.8901
0 0 0 0 1 14.3221
0 0 0 0 1 13.958
0 0 0 0 1 13.7759
0 0 0 0 1 13.8571
0 0 0 0 1 13.9526
0 0 0 0 0 13.8675
0 0 0 0 1 13.9916
0 0 0 0 1 14.0485
0 0 0 0 0 13.922
0 0 0 0 1 13.9493
0 0 0 0 1 14.0608
0 0 0 0 0 13.979
0 0 0 0 1 14.1333
0 0 0 0 1 14.0777
0 0 0 0 0 14.0783
0 0 0 0 0 14.1378
0 0 0 0 1 14.0263
0 0 0 0 1 14.1544
0 0 0 0 1 14.2574
0 0 0 0 1 14.1887
0 0 0 0 1 14.1766
0 0 0 0 1 14.2099
0 0 0 0 1 14.0563
0 0 0 0 1 14.1753
0 0 0 0 1 14.1497
0 0 0 0 1 14.1414
0 0 0 0 1 14.273
0 0 0 0 0 14.2083
0 0 0 0 1 14.2263
0 0 0 0 1 14.3479
0 0 0 0 1 14.2375
0 0 0 0 1 8.78179
0 0 0 0 1 8.77319
0 0 0 0 1 8.58146
0 0 0 0 1 8.57968
0 0 0 0 1 8.44969
0 0 0 0 1 8.23762
0 0 0 0 0 8.15232
0 0 0 0 1 8.03337
0 0 0 0 1 8.04423
0 0 0 0 1 7.94218
0 0 0 0 1 7.82639
0 0 0 0 0 7.77163
0 0 0 0 1 7.5727
0 0 0 0 1 7.56536
0 0 0 0 1 7.42196
0 0 0 0 0 7.45197
0 0 0 0 0 7.32426
0 0 0 0 1 7.30828
0 0 0 0 1 7.14787
0 0 0 0 1 7.03904
0 0 0 0 0 6.98725
0 0 0 0 1 6.99302
0 0 0 0 1 6.87129
0 0 0 0 1 6.78025
0 0 0 0 0 6.77092
0 0 0 0 0 6.74731
0 0 0 0 0 6.68328
0 0 0 0 0 6.59312
0 0 0 0 1 6.53612
0 0 0 0 1 6.39146
0 0 0 0 1 6.42484
0 0 0 0 0 6.38964
0 0 0 0 1 6.31656
0 0 0 0 0 6.18166
0 0 0 0 1 6.19022
0 0 0 0 0 6.17948
0 0 0 0 1 6.02256
0 0 0 0 1 5.98458
0 0 0 0 1 5.93782
0 0 0 0 1 5.91762
0 0 0 0 1 5.92945
0 0 0 0 1 5.82102
0 0 0 0 1 5.78883
0 0 0 0 1 5.79674
0 0 0 0 0 5.69273
0 0 0 0 1 5.60408
0 0 0 0 1 5.65623
0 0 0 0 1 5.51553
0 0 0 0 0 5.50037
0 0 0 0 0 5.53422
0 0 0 0 1 5.41476
0 0 0 0 1 5.39145
0 0 0 0 1 5.31978
0 0 0 0 0 5.37342
0 0 0 0 1 5.31797
0 0 0 0 0 5.27015
0 0 0 0 1 5.24144
0 0 0 0 0 5.20239
0 0 0 0 1 5.11201
0 0 0 0 1 5.15544
0 0 0 0 1 5.10827
0 0 0 0 1 4.9941
0 0 0 0 0 4.99448
0 0 0 0 1 4.94654
0 0 0 0 1 4.91868
0 0 0 0 1 4.92528
0 0 0 0 1 4.91192
0 0 0 0 0 4.82893
0 0 0 0 0 4.79166
0 0 0 0 1 4.83907
0 0 0 0 1 4.83635
0 0 0 0 1 4.80075
0 0 0 0 1 4.88157
0 0 0 0 1 4.92277
0 0 0 0 0 4.84798
0 0 0 0 1 4.94446
0 0 0 0 0 4.95294
0 0 0 0 0 4.89109
0 0 0 0 1 4.94401
0 0 0 0 1 5.01722
0 0 0 0 1 4.94988
0 0 0 0 0 5.02853
0 0 0 0 0 5.01221
0 0 0 0 1 5.06135
0 0 0 0 1 5.07536
0 0 0 0 1 5.06401
0 0 0 0 1 5.06785
0 0 0 0 1 5.10754
0 0 0 0 1 5.09477
0 0 0 0 0 5.18629
0 0 0 0 1 5.13873
0 0 0 0 1 5.23102
0 0 0 0 0 5.1936
0 0 0 0 1 5.22912
0 0 0 0 1 5.29639
0 0 0 0 1 5.22169
0 0 0 0 1 5.29607
0 0 0 0 0 5.34828
0 0 0 0 1 5.33673
0 0 0 0 1 5.37864
0 0 0 0 1 5.42081
0 0 0 0 1 5.37283
0 0 0 0 1 5.4858
0 0 0 0 1 5.50142
0 0 0 0 1 5.51709
0 0 0 0 1 5.47386
0 0 0 0 1 5.4949
0 0 0 0 1 5.52863
0 0 0 0 1 5.56659
0 0 0 0 0 5.54472
0 0 0 0 1 5.56603
0 0 0 0 1 5.64541
0 0 0 0 1 5.68978
0 0 0 0 1 5.6961
0 0 0 0 1 5.7294
0 0 0 0 1 5.76446
0 0 0 0 1 5.7361
0 0 0 0 1 5.8642
0 0 0 0 1 5.79912
0 0 0 0 0 5.89906
0 0 0 0 0 5.94089
0 0 0 0 1 5.97705
0 0 0 0 0 5.97765
0 0 0 0 1 6.03193
0 0 0 0 1 6.06853
0 0 0 0 1 5.9844
0 0 0 0 1 6.03896
0 0 0 0 1 6.09997
0 0 0 0 1 6.19209
0 0 0 0 1 6.18783
0 0 0 0 0 9.50952
0 0 0 0 1 9.46237
0 0 0 0 1 9.50679
0 0 0 0 1 9.32482
0 0 0 0 1 9.37254
0 0 0 0 1 9.38861
0 0 0 0 1 9.32997
0 0 0 0 0 9.34281
0 0 0 0 1 9.30635
0 0 0 0 1 9.14694
0 0 0 0 1 9.11733
0 0 0 0 1 9.12459
0 0 0 0 0 9.22319
0 0 0 0 1 9.08425
0 0 0 0 1 9.14601
0 0 0 0 0 9.0444
0 0 0 0 0 8.93441
0 0 0 0 1 9.08278
0 0 0 0 1 9.06304
0 0 0 0 0 8.94173
0 0 0 0 1 8.88687
0 0 0 0 1 8.87685
0 0 0 0 1 8.85804
0 0 0 0 1 8.89241
0 0 0 0 0 8.83513
0 0 0 0 0 8.79911
0 0 0 0 1 8.78087
0 0 0 0 1 8.756
0 0 0 0 1 8.75549
0 0 0 0 1 8.75163
0 0 0 0 1 8.58643
0 0 0 0 1 8.66094
0 0 0 0 1 8.57463
0 0 0 0 1 8.66606
0 0 0 0 1 8.56315
0 0 0 0 1 8.64565
0 0 0 0 1 8.46665
0 0 0 0 0 8.45538
0 0 0 0 0 8.57164
0 0 0 0 1 8.4501
0 0 0 0 1 8.42219
0 0 0 0 1 8.4029
0 0 0 0 1 8.37899
0 0 0 0 1 8.34324
0 0 0 0 1 8.4082
0 0 0 0 1 8.2724
0 0 0 0 1 8.42074
0 0 0 0 1 8.28939
0 0 0 0 1 8.22971
0 0 0 0 1 8.23659
0 0 0 0 1 8.19839
0 0 0 0 1 8.3044
0 0 0 0 1 8.1714
0 0 0 0 1 8.2936
0 0 0 0 1 8.18593
0 0 0 0 1 8.15239
0 0 0 0 1 8.22516
0 0 0 0 1 8.086
0 0 0 0 1 8.15066
0 0 0 0 1 8.15839
0 0 0 0 1 8.06906
0 0 0 0 1 8.02057
0 0 0 0 1 8.10135
0 0 0 0 1 7.99277
0 0 0 0 1 8.02531
0 0 0 0 0 8.06585
0 0 0 0 0 7.9623
0 0 0 0 1 8.04296
0 0 0 0 0 8.03953
0 0 0 0 0 7.88911
0 0 0 0 1 7.91419
0 0 0 0 1 7.86791
0 0 0 0 1 7.90109
0 0 0 0 1 7.88249
0 0 0 0 1 7.85262
0 0 0 0 1 7.90177
0 0 0 0 1 7.93073
0 0 0 0 1 7.77897
0 0 0 0 1 7.90679
0 0 0 0 0 7.86988
0 0 0 0 0 7.79413
0 0 0 0 0 7.88593
0 0 0 0 1 7.82621
0 0 0 0 1 7.79796
0 0 0 0 1 7.82745
0 0 0 0 0 7.82282
0 0 0 0 1 7.68961
