0 0 0 0 1 5.19734
0 0 0 0 1 5.22424
0 0 0 0 1 5.17611
0 0 0 0 1 5.25022
0 0 0 0 1 5.27546
0 0 0 0 1 5.20857
0 0 0 0 0 5.22026
0 0 0 0 0 5.25109
0 0 0 0 1 5.23669
0 0 0 0 0 5.22757
0 0 0 0 1 5.25881
0 0 0 0 1 5.27971
0 0 0 0 1 5.2708
0 0 0 0 1 5.2619
0 0 0 0 0 5.27784
0 0 0 0 1 5.3542
0 0 0 0 1 5.33855
0 0 0 0 0 5.31924
0 0 0 0 0 5.34109
0 0 0 0 1 5.41293
0 0 0 0 1 5.3654
0 0 0 0 1 5.43226
0 0 0 0 1 5.4171
0 0 0 0 1 5.34794
0 0 0 0 1 5.40451
0 0 0 0 1 5.42877
0 0 0 0 1 5.48437
0 0 0 0 1 5.43147
0 0 0 0 0 5.49841
0 0 0 0 1 5.43581
0 0 0 0 1 5.42648
0 0 0 0 1 5.47757
0 0 0 0 0 5.45316
0 0 0 0 1 5.48927
0 0 0 0 1 5.49128
0 0 0 0 1 5.53763
0 0 0 0 1 5.58427
0 0 0 0 1 5.50999
0 0 0 0 0 5.54015
0 0 0 0 1 5.54819
0 0 0 0 1 5.55734
0 0 0 0 1 5.59919
0 0 0 0 0 5.6413
0 0 0 0 1 5.66678
0 0 0 0 1 5.60864
0 0 0 0 0 5.63988
0 0 0 0 1 5.66484
0 0 0 0 0 5.72006
0 0 0 0 1 5.73488
0 0 0 0 1 5.68123
0 0 0 0 1 5.69038
0 0 0 0 1 5.71757
0 0 0 0 1 5.77805
0 0 0 0 1 5.75298
0 0 0 0 1 5.76835
0 0 0 0 1 5.76126
0 0 0 0 0 5.86403
0 0 0 0 1 5.78011
0 0 0 0 0 5.84322
0 0 0 0 1 5.87089
0 0 0 0 1 5.92179
0 0 0 0 1 5.86778
0 0 0 0 1 5.86624
0 0 0 0 0 5.89981
0 0 0 0 1 5.9579
0 0 0 0 1 6.0223
0 0 0 0 1 6.03919
0 0 0 0 0 6.0018
0 0 0 0 1 6.00105
0 0 0 0 0 6.08416
0 0 0 0 1 6.00451
0 0 0 0 0 6.02164
0 0 0 0 0 6.11198
0 0 0 0 1 6.11091
0 0 0 0 1 6.10424
0 0 0 0 0 6.14003
0 0 0 0 0 6.13285
0 0 0 0 1 6.21277
0 0 0 0 1 6.2555
0 0 0 0 1 6.24866
0 0 0 0 1 6.30445
0 0 0 0 1 6.28528
0 0 0 0 1 6.26581
0 0 0 0 1 6.3032
0 0 0 0 1 6.39774
0 0 0 0 1 6.41023
0 0 0 0 1 6.41005
0 0 0 0 0 6.40336
0 0 0 0 0 6.40944
0 0 0 0 1 6.49952
0 0 0 0 1 6.49297
0 0 0 0 1 6.48636
0 0 0 0 0 6.4796
0 0 0 0 1 6.56444
0 0 0 0 1 6.62354
0 0 0 0 0 6.66325
0 0 0 0 0 6.69666
0 0 0 0 1 6.68355
0 0 0 0 1 6.67034
0 0 0 0 1 6.67034
0 0 0 0 1 6.78468
0 0 0 0 1 6.812
0 0 0 0 1 6.81231
0 0 0 0 1 6.75803
0 0 0 0 1 6.86053
0 0 0 0 0 6.83327
0 0 0 0 1 6.88848
0 0 0 0 1 6.88165
0 0 0 0 1 6.96512
0 0 0 0 0 7.00723
0 0 0 0 1 6.98644
0 0 0 0 1 7.06404
0 0 0 0 1 7.14921
0 0 0 0 0 7.09284
0 0 0 0 1 7.11434
0 0 0 0 1 7.10719
0 0 0 0 0 7.27282
0 0 0 0 1 7.28777
0 0 0 0 1 7.32443
0 0 0 0 1 7.33209
0 0 0 0 0 7.3029
0 0 0 0 1 7.42079
0 0 0 0 1 7.42103
0 0 0 0 1 7.46575
0 0 0 0 1 7.42833
0 0 0 0 0 7.57092
0 0 0 0 0 7.54832
0 0 0 0 1 7.67728
0 0 0 0 1 7.68506
0 0 0 0 1 7.75409
0 0 0 0 1 7.76184
0 0 0 0 1 7.80041
0 0 0 0 1 7.83913
0 0 0 0 1 7.78376
0 0 0 0 0 7.86168
0 0 0 0 1 7.97173
0 0 0 0 0 7.90738
0 0 0 0 1 8.09839
0 0 0 0 1 8.03338
0 0 0 0 1 8.12923
0 0 0 0 1 8.22583
0 0 0 0 1 8.25773
0 0 0 0 1 8.2975
0 0 0 0 0 8.27973
0 0 0 0 1 8.28579
0 0 0 0 1 8.44288
0 0 0 0 1 8.38191
0 0 0 0 1 8.50624
0 0 0 0 1 8.55508
0 0 0 0 1 8.66423
0 0 0 0 1 8.63542
0 0 0 0 1 8.77158
0 0 0 0 0 8.69007
0 0 0 0 1 8.77327
0 0 0 0 1 8.81382
0 0 0 0 1 8.83588
0 0 0 0 1 8.95578
0 0 0 0 1 8.98687
0 0 0 0 1 9.09064
0 0 0 0 0 9.19515
0 0 0 0 1 9.24426
0 0 0 0 1 9.26627
0 0 0 0 1 9.38999
0 0 0 0 1 9.50613
0 0 0 0 1 9.42199
0 0 0 0 1 9.52803
0 0 0 0 1 9.6637
0 0 0 0 1 9.74228
0 0 0 0 1 9.71367
0 0 0 0 1 9.76131
0 0 0 0 0 9.939
0 0 0 0 1 10.0972
0 0 0 0 0 10.1157
0 0 0 0 1 10.164
0 0 0 0 1 10.2427
0 0 0 0 1 10.2804
0 0 0 0 0 10.4007
0 0 0 0 0 10.4469
0 0 0 0 0 10.5471
0 0 0 0 1 10.5609
0 0 0 0 0 10.8312
0 0 0 0 1 10.8973
0 0 0 0 1 10.8339
0 0 0 0 1 10.9643
0 0 0 0 1 11.0066
0 0 0 0 1 11.1153
0 0 0 0 1 11.2472
0 0 0 0 0 11.3912
0 0 0 0 1 11.5798
0 0 0 0 1 11.526
0 0 0 0 1 11.6833
0 0 0 0 1 11.8126
0 0 0 0 1 12.0529
0 0 0 0 0 12.0515
0 0 0 0 1 12.2797
0 0 0 0 1 12.4117
0 0 0 0 1 12.4041
0 0 0 0 1 12.5985
0 0 0 0 1 12.753
0 0 0 0 1 12.7672
0 0 0 0 0 12.9699
0 0 0 0 1 13.1611
0 0 0 0 1 13.2214
0 0 0 0 1 13.5169
0 0 0 0 1 13.4506
0 0 0 0 1 13.6945
0 0 0 0 1 13.867
0 0 0 0 1 14.0402
0 0 0 0 0 14.2564
0 0 0 0 0 14.2114
0 0 0 0 1 14.3501
0 0 0 0 0 14.7618
0 0 0 0 1 14.8918
0 0 0 0 1 14.9661
0 0 0 0 1 15.1846
0 0 0 0 1 15.3827
0 0 0 0 1 15.7374
0 0 0 0 1 15.9539
0 0 0 0 1 16.0298
0 0 0 0 1 16.3786
0 0 0 0 1 16.3356
0 0 0 0 1 16.8563
0 0 0 0 1 16.7918
0 0 0 0 1 14.7438
0 0 0 0 1 14.7383
0 0 0 0 0 14.6628
0 0 0 0 1 14.7016
0 0 0 0 1 14.5949
0 0 0 0 1 14.6661
0 0 0 0 1 14.5456
0 0 0 0 1 14.6025
0 0 0 0 1 14.4395
0 0 0 0 0 14.6101
0 0 0 0 1 14.4215
0 0 0 0 0 14.5659
0 0 0 0 1 14.318
0 0 0 0 0 14.4891
0 0 0 0 1 14.4319
0 0 0 0 0 14.26
0 0 0 0 0 14.2589
0 0 0 0 1 14.4326
0 0 0 0 1 14.4893
0 0 0 0 1 14.4765
0 0 0 0 1 14.2206
0 0 0 0 0 14.3783
0 0 0 0 1 14.152
0 0 0 0 1 14.2671
0 0 0 0 0 14.1988
0 0 0 0 1 14.202
0 0 0 0 1 14.1627
0 0 0 0 0 14.1078
0 0 0 0 1 14.2683
0 0 0 0 0 14.1161
0 0 0 0 1 14.3178
0 0 0 0 1 14.4723
0 0 0 0 1 14.8215
0 0 0 0 1 15.3343
0 0 0 0 1 15.7465
0 0 0 0 1 16.1215
0 0 0 0 0 16.7693
0 0 0 0 0 17.3798
0 0 0 0 1 17.963
0 0 0 0 1 40.9483
0 0 0 0 1 42.1206
0 0 0 0 0 44.1321
0 0 0 0 1 45.7486
0 0 0 0 0 47.8843
0 0 0 0 1 49.123
0 0 0 0 1 42.3366
0 0 0 0 1 42.4043
0 0 0 0 1 41.9647
0 0 0 0 1 42.372
0 0 0 0 1 42.5678
0 0 0 0 0 42.3428
0 0 0 0 1 42.3713
0 0 0 0 1 42.5279
0 0 0 0 1 42.0518
0 0 0 0 1 42.1256
0 0 0 0 1 41.905
0 0 0 0 1 45.4327
0 0 0 0 0 4.96491
0 0 0 0 0 4.99497
0 0 0 0 0 4.99998
0 0 0 0 0 5.0601
0 0 0 0 0 35.2114
0 0 0 0 1 35.3842
0 0 0 0 0 35.1343
0 0 0 0 0 35.2377
0 0 0 0 1 35.095
0 0 0 0 1 34.9882
0 0 0 0 1 35.3405
0 0 0 0 1 35.5878
0 0 0 0 1 35.3066
0 0 0 0 1 35.5552
0 0 0 0 1 35.1694
0 0 0 0 0 35.2431
0 0 0 0 1 35.2114
0 0 0 0 0 5.02002
0 0 0 0 0 5.02503
0 0 0 0 0 5.0601
0 0 0 0 0 5.03004
0 0 0 0 0 5.04507
0 0 0 0 0 5.05509
0 0 0 0 0 5.02503
0 0 0 0 0 5.04006
0 0 0 0 0 5.00499
0 0 0 0 0 95.628
0 0 0 0 1 90.7778
0 0 0 0 1 85.2473
0 0 0 0 0 81.1296
0 0 0 0 1 23.3385
0 0 0 0 1 22.0745
0 0 0 0 1 20.9884
0 0 0 0 1 20.1408
0 0 0 0 0 19.9285
0 0 0 0 1 20.1193
0 0 0 0 0 20.23
0 0 0 0 1 19.9582
0 0 0 0 0 20.3307
0 0 0 0 1 20.0796
0 0 0 0 0 20.1314
0 0 0 0 1 20.3252
0 0 0 0 1 20.0141
0 0 0 0 1 20.4312
0 0 0 0 1 20.0396
0 0 0 0 0 20.1137
0 0 0 0 1 20.2289
0 0 0 0 1 20.446
0 0 0 0 1 20.3592
0 0 0 0 1 20.3743
0 0 0 0 1 20.4915
0 0 0 0 1 20.5056
0 0 0 0 0 20.2794
0 0 0 0 1 20.1941
0 0 0 0 1 20.476
0 0 0 0 1 35.2446
0 0 0 0 0 33.9117
0 0 0 0 0 33.5705
0 0 0 0 0 32.8919
0 0 0 0 1 32.3642
0 0 0 0 0 31.284
0 0 0 0 0 31.2405
0 0 0 0 0 30.6194
0 0 0 0 0 29.8112
0 0 0 0 1 29.2192
0 0 0 0 1 28.6764
0 0 0 0 0 28.3991
0 0 0 0 1 28.0507
0 0 0 0 1 27.0621
0 0 0 0 1 26.9337
0 0 0 0 0 26.3557
0 0 0 0 0 26.1233
0 0 0 0 1 25.5276
0 0 0 0 1 25.0233
0 0 0 0 1 24.5824
0 0 0 0 1 24.4411
0 0 0 0 0 23.9805
0 0 0 0 1 23.6847
0 0 0 0 1 23.2805
0 0 0 0 1 23.202
0 0 0 0 1 22.6577
0 0 0 0 1 22.4346
0 0 0 0 1 22.086
0 0 0 0 1 21.9889
0 0 0 0 1 21.7457
0 0 0 0 1 21.4152
0 0 0 0 1 20.9712
0 0 0 0 1 20.6661
0 0 0 0 0 20.4839
0 0 0 0 1 20.1694
0 0 0 0 1 19.9865
0 0 0 0 1 19.7921
0 0 0 0 1 19.6166
0 0 0 0 1 19.2948
0 0 0 0 0 19.0521
0 0 0 0 1 18.9518
0 0 0 0 1 18.7839
0 0 0 0 1 18.3565
0 0 0 0 1 18.2089
0 0 0 0 1 18.142
0 0 0 0 1 17.8399
0 0 0 0 0 17.7099
0 0 0 0 1 17.6621
0 0 0 0 1 17.4342
0 0 0 0 1 17.2077
0 0 0 0 1 17.085
0 0 0 0 1 16.7252
0 0 0 0 1 16.6216
0 0 0 0 1 16.4255
0 0 0 0 1 16.5182
0 0 0 0 0 16.1678
0 0 0 0 1 16.2561
0 0 0 0 0 15.8548
0 0 0 0 0 15.9485
0 0 0 0 1 15.7406
0 0 0 0 1 15.5496
0 0 0 0 1 15.5009
0 0 0 0 1 15.2653
0 0 0 0 0 15.0798
0 0 0 0 1 14.9766
0 0 0 0 1 14.772
0 0 0 0 1 14.6045
0 0 0 0 1 14.6779
0 0 0 0 0 14.3975
0 0 0 0 0 14.2752
0 0 0 0 1 14.3904
0 0 0 0 1 14.1002
0 0 0 0 0 13.9531
0 0 0 0 1 14.0363
0 0 0 0 1 13.9781
0 0 0 0 1 13.7769
0 0 0 0 1 13.6678
0 0 0 0 1 13.4693
0 0 0 0 1 13.4828
0 0 0 0 1 13.3262
0 0 0 0 0 13.3647
0 0 0 0 0 13.0331
0 0 0 0 1 12.9664
0 0 0 0 1 12.9905
0 0 0 0 0 12.9617
0 0 0 0 0 12.9279
0 0 0 0 1 12.8343
0 0 0 0 1 12.5979
0 0 0 0 0 12.4516
0 0 0 0 0 12.4683
0 0 0 0 1 12.3231
0 0 0 0 0 12.2364
0 0 0 0 1 12.2639
0 0 0 0 1 12.0922
0 0 0 0 1 12.139
0 0 0 0 0 11.9688
0 0 0 0 1 12.0383
0 0 0 0 1 11.7746
0 0 0 0 1 11.8784
0 0 0 0 0 11.7346
0 0 0 0 1 11.5221
0 0 0 0 1 11.6201
0 0 0 0 0 11.4176
0 0 0 0 1 11.4717
0 0 0 0 0 11.4645
0 0 0 0 1 11.1777
0 0 0 0 1 11.2801
0 0 0 0 1 11.2837
0 0 0 0 0 11.1312
0 0 0 0 0 11.0683
0 0 0 0 1 11.0606
0 0 0 0 1 10.8964
0 0 0 0 1 10.777
0 0 0 0 1 10.8592
0 0 0 0 0 10.7298
0 0 0 0 1 10.7652
0 0 0 0 1 10.7327
0 0 0 0 1 10.5411
0 0 0 0 0 10.5832
0 0 0 0 1 10.4355
0 0 0 0 1 10.3726
0 0 0 0 1 10.4036
0 0 0 0 1 10.4442
0 0 0 0 1 10.3167
0 0 0 0 1 10.2544
0 0 0 0 1 10.2026
0 0 0 0 1 10.2118
0 0 0 0 0 10.0262
0 0 0 0 1 10.1133
0 0 0 0 1 9.96209
0 0 0 0 0 9.90884
0 0 0 0 1 9.97483
0 0 0 0 1 9.83273
0 0 0 0 1 9.89809
0 0 0 0 1 9.79897
0 0 0 0 0 9.77581
0 0 0 0 1 9.63633
0 0 0 0 1 9.62336
0 0 0 0 1 9.57885
0 0 0 0 1 9.65209
0 0 0 0 1 9.45758
0 0 0 0 1 9.53988
0 0 0 0 1 9.40129
0 0 0 0 1 9.46405
0 0 0 0 0 9.31985
0 0 0 0 1 9.41946
0 0 0 0 1 9.33893
0 0 0 0 1 9.30775
0 0 0 0 1 9.32033
0 0 0 0 1 9.10285
0 0 0 0 1 9.12506
0 0 0 0 0 9.06747
0 0 0 0 1 9.10762
0 0 0 0 1 9.03873
0 0 0 0 0 9.05148
0 0 0 0 0 9.0281
0 0 0 0 1 8.96257
0 0 0 0 1 8.94847
0 0 0 0 1 8.81884
0 0 0 0 1 8.88495
0 0 0 0 0 8.774
0 0 0 0 1 8.8485
0 0 0 0 1 8.73578
0 0 0 0 0 8.82111
0 0 0 0 1 8.68306
0 0 0 0 1 8.73069
0 0 0 0 0 8.67161
0 0 0 0 1 8.54909
0 0 0 0 1 8.65416
0 0 0 0 1 8.52131
0 0 0 0 1 8.58308
0 0 0 0 1 8.49382
0 0 0 0 1 8.54936
0 0 0 0 1 8.3736
0 0 0 0 0 8.39548
0 0 0 0 1 8.46499
0 0 0 0 1 8.46129
0 0 0 0 1 8.32969
0 0 0 0 0 8.28214
0 0 0 0 1 8.27081
0 0 0 0 0 8.19888
0 0 0 0 1 8.29524
0 0 0 0 1 8.29779
0 0 0 0 1 8.12794
0 0 0 0 1 8.15832
0 0 0 0 1 8.14496
0 0 0 0 1 8.20495
0 0 0 0 0 8.08605
0 0 0 0 1 8.11356
0 0 0 0 1 8.00401
0 0 0 0 1 8.10433
0 0 0 0 0 8.02721
0 0 0 0 1 8.0468
0 0 0 0 1 7.9463
0 0 0 0 1 7.91819
0 0 0 0 1 7.98874
0 0 0 0 1 7.94989
0 0 0 0 0 7.85083
0 0 0 0 1 7.83135
0 0 0 0 1 7.93814
0 0 0 0 1 7.93437
0 0 0 0 1 7.83655
0 0 0 0 0 7.78623
0 0 0 0 1 7.86892
0 0 0 0 1 7.71449
0 0 0 0 1 7.81268
0 0 0 0 0 7.77403
0 0 0 0 1 7.7603
0 0 0 0 1 7.78072
0 0 0 0 1 7.72861
0 0 0 0 0 7.73379
0 0 0 0 0 7.63933
0 0 0 0 0 7.60327
0 0 0 0 1 7.63187
0 0 0 0 1 7.67567
0 0 0 0 1 7.68563
0 0 0 0 1 7.58505
0 0 0 0 1 7.51532
0 0 0 0 0 7.60888
0 0 0 0 1 7.57727
0 0 0 0 1 7.4932
0 0 0 0 1 7.48871
0 0 0 0 1 7.49536
0 0 0 0 0 7.47215
0 0 0 0 1 7.46796
0 0 0 0 1 7.38541
0 0 0 0 1 7.37032
0 0 0 0 0 7.48183
0 0 0 0 1 7.45193
0 0 0 0 1 7.38524
0 0 0 0 0 7.46307
0 0 0 0 1 7.3599
0 0 0 0 1 7.31973
0 0 0 0 1 7.39016
0 0 0 0 1 7.36143
0 0 0 0 0 7.30362
0 0 0 0 1 7.31881
0 0 0 0 1 7.32726
0 0 0 0 1 7.23363
0 0 0 0 0 7.23845
0 0 0 0 1 7.30158
0 0 0 0 1 7.28146
0 0 0 0 0 7.2139
0 0 0 0 1 7.31331
0 0 0 0 1 7.19958
0 0 0 0 1 7.28447
