0 0 0 0 0 5.17653
0 0 0 0 0 5.16174
0 0 0 0 1 5.22829
0 0 0 0 0 5.25022
0 0 0 0 1 5.28593
0 0 0 0 1 5.26097
0 0 0 0 1 5.29371
0 0 0 0 1 5.30366
0 0 0 0 1 5.28932
0 0 0 0 1 5.29607
0 0 0 0 1 5.30633
0 0 0 0 0 5.24797
0 0 0 0 0 5.30788
0 0 0 0 1 5.2619
0 0 0 0 1 5.32036
0 0 0 0 1 5.37016
0 0 0 0 1 5.36522
0 0 0 0 0 5.32458
0 0 0 0 1 5.30363
0 0 0 0 1 5.32182
0 0 0 0 0 5.42448
0 0 0 0 1 5.36234
0 0 0 0 1 5.42788
0 0 0 0 1 5.39116
0 0 0 0 1 5.44238
0 0 0 0 1 5.46128
0 0 0 0 1 5.41378
0 0 0 0 1 5.44779
0 0 0 0 1 5.46568
0 0 0 0 1 5.50136
0 0 0 0 0 5.42648
0 0 0 0 1 5.50501
0 0 0 0 1 5.51912
0 0 0 0 1 5.55534
0 0 0 0 1 5.4968
0 0 0 0 0 5.57082
0 0 0 0 1 5.55654
0 0 0 0 1 5.55998
0 0 0 0 0 5.57912
0 0 0 0 1 5.59285
0 0 0 0 0 5.53498
0 0 0 0 1 5.56556
0 0 0 0 0 5.65254
0 0 0 0 0 5.61045
0 0 0 0 1 5.6707
0 0 0 0 1 5.67382
0 0 0 0 1 5.71593
0 0 0 0 1 5.70301
0 0 0 0 0 5.75768
0 0 0 0 0 5.70409
0 0 0 0 1 5.74195
0 0 0 0 1 5.75775
0 0 0 0 1 5.73773
0 0 0 0 0 5.81652
0 0 0 0 0 5.7394
0 0 0 0 1 5.74385
0 0 0 0 1 5.78259
0 0 0 0 1 5.78595
0 0 0 0 0 5.87246
0 0 0 0 1 5.87675
0 0 0 0 1 5.83938
0 0 0 0 1 5.86778
0 0 0 0 1 5.88398
0 0 0 0 1 5.87606
0 0 0 0 1 5.96981
0 0 0 0 1 5.95068
0 0 0 0 1 6.00328
0 0 0 0 1 6.01982
0 0 0 0 1 6.02513
0 0 0 0 1 6.00561
0 0 0 0 1 6.10752
0 0 0 0 1 6.03986
0 0 0 0 0 6.04495
0 0 0 0 1 6.12314
0 0 0 0 0 6.17778
0 0 0 0 1 6.1954
0 0 0 0 1 6.16991
0 0 0 0 0 6.24371
0 0 0 0 0 6.26793
0 0 0 0 0 6.27984
0 0 0 0 1 6.24191
0 0 0 0 1 6.32292
0 0 0 0 0 6.27211
0 0 0 0 0 6.36636
0 0 0 0 1 6.30263
0 0 0 0 0 6.41659
0 0 0 0 0 6.3909
0 0 0 0 1 6.43541
0 0 0 0 1 6.46093
0 0 0 0 1 6.40916
0 0 0 0 1 6.51889
0 0 0 0 1 6.45386
0 0 0 0 0 6.59053
0 0 0 0 1 6.50548
0 0 0 0 1 6.51184
0 0 0 0 1 6.66325
0 0 0 0 1 6.65025
0 0 0 0 1 6.59045
0 0 0 0 1 6.69704
0 0 0 0 1 6.73738
0 0 0 0 1 6.73756
0 0 0 0 1 6.77145
0 0 0 0 1 6.79874
0 0 0 0 1 6.88065
0 0 0 0 1 6.78529
0 0 0 0 1 6.89508
0 0 0 0 1 6.95061
0 0 0 0 1 6.88857
0 0 0 0 1 6.88858
0 0 0 0 1 6.93038
0 0 0 0 0 7.07763
0 0 0 0 1 7.00059
0 0 0 0 1 7.12797
0 0 0 0 1 7.07861
0 0 0 0 1 7.20006
0 0 0 0 0 7.16462
0 0 0 0 1 7.1647
0 0 0 0 1 7.23706
0 0 0 0 1 7.3317
0 0 0 0 1 7.36134
0 0 0 0 1 7.41299
0 0 0 0 1 7.42817
0 0 0 0 1 7.44327
0 0 0 0 1 7.42105
0 0 0 0 1 7.50321
0 0 0 0 1 7.47309
0 0 0 0 1 7.63908
0 0 0 0 1 7.63927
0 0 0 0 0 7.6927
0 0 0 0 1 7.69267
0 0 0 0 1 7.66926
0 0 0 0 0 7.79265
0 0 0 0 1 7.76113
0 0 0 0 1 7.81514
0 0 0 0 0 7.93265
0 0 0 0 1 7.99552
0 0 0 0 1 8.00303
0 0 0 0 1 8.09839
0 0 0 0 1 8.08172
0 0 0 0 1 8.13734
0 0 0 0 1 8.11169
0 0 0 0 0 8.20858
0 0 0 0 1 8.30575
0 0 0 0 1 8.35432
0 0 0 0 1 8.31917
0 0 0 0 1 8.45127
0 0 0 0 0 8.42412
0 0 0 0 0 8.42976
0 0 0 0 1 8.46961
0 0 0 0 1 8.68142
0 0 0 0 1 8.60081
0 0 0 0 1 8.73677
0 0 0 0 1 8.82134
0 0 0 0 1 8.87026
0 0 0 0 0 8.93796
0 0 0 0 0 8.89836
0 0 0 0 0 9.05469
0 0 0 0 1 9.00497
0 0 0 0 1 9.02687
0 0 0 0 1 9.23182
0 0 0 0 1 9.19809
0 0 0 0 1 9.24768
0 0 0 0 1 9.39935
0 0 0 0 1 9.38366
0 0 0 0 1 9.52647
0 0 0 0 1 9.58543
0 0 0 0 1 9.6637
0 0 0 0 1 9.79079
0 0 0 0 0 9.67458
0 0 0 0 1 9.77116
0 0 0 0 0 9.8398
0 0 0 0 1 9.94721
0 0 0 0 0 10.1762
0 0 0 0 1 10.1336
0 0 0 0 1 10.2223
0 0 0 0 1 10.2391
0 0 0 0 0 10.3072
0 0 0 0 1 10.384
0 0 0 0 1 10.5049
0 0 0 0 1 10.7206
0 0 0 0 0 10.7131
0 0 0 0 0 10.9406
0 0 0 0 1 10.8776
0 0 0 0 1 11.0304
0 0 0 0 0 11.2067
0 0 0 0 1 11.2387
0 0 0 0 1 11.2132
0 0 0 0 1 11.4369
0 0 0 0 1 11.5453
0 0 0 0 1 11.6772
0 0 0 0 1 11.6364
0 0 0 0 1 11.7415
0 0 0 0 1 12.0051
0 0 0 0 1 12.0515
0 0 0 0 1 12.2309
0 0 0 0 0 12.3994
0 0 0 0 0 12.5161
0 0 0 0 0 12.4854
0 0 0 0 1 12.7276
0 0 0 0 0 12.8057
0 0 0 0 1 12.8922
0 0 0 0 1 13.0433
0 0 0 0 1 13.2478
0 0 0 0 1 13.2626
0 0 0 0 1 13.6536
0 0 0 0 1 13.7218
0 0 0 0 0 13.7563
0 0 0 0 1 13.9002
0 0 0 0 1 14.0724
0 0 0 0 1 14.2544
0 0 0 0 0 14.524
0 0 0 0 0 14.659
0 0 0 0 0 14.8324
0 0 0 0 1 14.8909
0 0 0 0 1 15.3674
0 0 0 0 0 15.5061
0 0 0 0 1 15.5655
0 0 0 0 1 15.669
0 0 0 0 1 16.1903
0 0 0 0 1 16.2322
0 0 0 0 1 16.5664
0 0 0 0 1 16.7894
0 0 0 0 0 16.8427
0 0 0 0 1 14.656
0 0 0 0 0 14.7529
0 0 0 0 0 14.6482
0 0 0 0 0 14.5412
0 0 0 0 1 14.5075
0 0 0 0 0 14.4769
0 0 0 0 1 14.6183
0 0 0 0 1 14.5445
0 0 0 0 1 14.4105
0 0 0 0 1 14.4653
0 0 0 0 1 14.3203
0 0 0 0 1 14.4647
0 0 0 0 1 14.4912
0 0 0 0 1 14.4603
0 0 0 0 1 14.4463
0 0 0 0 1 14.4327
0 0 0 0 1 14.4602
0 0 0 0 1 14.3321
0 0 0 0 1 14.4319
0 0 0 0 0 14.4192
0 0 0 0 0 14.192
0 0 0 0 0 14.4212
0 0 0 0 1 14.2234
0 0 0 0 0 14.2386
0 0 0 0 0 14.1988
0 0 0 0 0 14.202
0 0 0 0 1 14.177
0 0 0 0 0 14.3071
0 0 0 0 1 14.1545
0 0 0 0 1 14.3577
0 0 0 0 0 14.0763
0 0 0 0 1 14.501
0 0 0 0 1 14.8363
0 0 0 0 0 15.2887
0 0 0 0 1 15.543
0 0 0 0 0 16.1538
0 0 0 0 1 16.736
0 0 0 0 1 17.2594
0 0 0 0 1 17.6247
0 0 0 0 1 41.0703
0 0 0 0 1 42.2893
0 0 0 0 1 43.6505
0 0 0 0 1 45.2479
0 0 0 0 1 46.9835
0 0 0 0 0 49.3209
0 0 0 0 0 42.4212
0 0 0 0 1 42.658
0 0 0 0 1 42.3451
0 0 0 0 1 42.203
0 0 0 0 1 42.3566
0 0 0 0 1 42.0051
0 0 0 0 1 42.0337
0 0 0 0 1 41.8107
0 0 0 0 0 41.9253
0 0 0 0 0 41.9148
0 0 0 0 1 41.8207
0 0 0 0 1 45.8902
0 0 0 0 0 4.97994
0 0 0 0 0 4.96491
0 0 0 0 0 4.98996
0 0 0 0 0 5.05008
0 0 0 0 1 35.5995
0 0 0 0 1 35.3842
0 0 0 0 0 35.346
0 0 0 0 1 35.5552
0 0 0 0 0 34.9186
0 0 0 0 1 35.5878
0 0 0 0 1 35.5169
0 0 0 0 1 35.0587
0 0 0 0 1 35.0597
0 0 0 0 1 35.5199
0 0 0 0 1 34.9225
0 0 0 0 1 34.9609
0 0 0 0 1 35.5995
0 0 0 0 0 5.01501
0 0 0 0 0 5.05509
0 0 0 0 0 4.97994
0 0 0 0 0 4.9599
0 0 0 0 0 4.96491
0 0 0 0 0 4.96491
0 0 0 0 0 4.96992
0 0 0 0 0 5.03505
0 0 0 0 0 5.05509
0 0 0 0 1 95.819
0 0 0 0 1 89.2468
0 0 0 0 1 85.0767
0 0 0 0 1 81.2916
0 0 0 0 0 23.1291
0 0 0 0 1 21.9415
0 0 0 0 0 21.1365
0 0 0 0 1 20.2825
0 0 0 0 1 20.15
0 0 0 0 1 20.079
0 0 0 0 0 20.0487
0 0 0 0 1 20.0792
0 0 0 0 1 20.2097
0 0 0 0 1 20.019
0 0 0 0 1 20.0103
0 0 0 0 1 20.3858
0 0 0 0 1 20.2365
0 0 0 0 1 20.1683
0 0 0 0 0 20.2825
0 0 0 0 1 20.3366
0 0 0 0 1 20.4316
0 0 0 0 1 20.0809
0 0 0 0 1 20.4201
0 0 0 0 1 20.1509
0 0 0 0 1 20.4915
0 0 0 0 1 20.3836
0 0 0 0 1 20.198
0 0 0 0 1 20.2552
0 0 0 0 0 20.5168
0 0 0 0 0 35.2446
0 0 0 0 1 34.1168
0 0 0 0 1 33.5705
0 0 0 0 1 32.5637
0 0 0 0 1 32.139
0 0 0 0 1 31.7255
0 0 0 0 1 30.6529
0 0 0 0 1 30.6194
0 0 0 0 1 29.5432
0 0 0 0 1 29.512
0 0 0 0 1 29.0216
0 0 0 0 1 28.1165
0 0 0 0 1 27.7174
0 0 0 0 1 27.2533
0 0 0 0 1 26.6651
0 0 0 0 1 26.567
0 0 0 0 1 26.2273
0 0 0 0 0 25.7066
0 0 0 0 1 25.1494
0 0 0 0 1 24.7065
0 0 0 0 1 24.2943
0 0 0 0 1 24.342
0 0 0 0 1 23.566
0 0 0 0 0 23.5382
0 0 0 0 1 23.3174
0 0 0 0 1 22.8171
0 0 0 0 0 22.6367
0 0 0 0 1 22.1746
0 0 0 0 1 21.9889
0 0 0 0 1 21.7888
0 0 0 0 1 21.1166
0 0 0 0 0 21.1186
0 0 0 0 0 20.7493
0 0 0 0 1 20.3401
0 0 0 0 0 20.1289
0 0 0 0 1 20.1268
0 0 0 0 1 19.6732
0 0 0 0 1 19.5579
0 0 0 0 1 19.1593
0 0 0 0 1 19.2816
0 0 0 0 1 18.8194
0 0 0 0 0 18.653
0 0 0 0 1 18.3935
0 0 0 0 1 18.4102
0 0 0 0 1 18.1963
0 0 0 0 1 17.7504
0 0 0 0 0 17.8696
0 0 0 0 1 17.6621
0 0 0 0 0 17.4168
0 0 0 0 1 17.1733
0 0 0 0 1 17.0338
0 0 0 0 1 16.894
0 0 0 0 1 16.6717
0 0 0 0 1 16.6738
0 0 0 0 0 16.4854
0 0 0 0 0 16.1191
0 0 0 0 1 16.0147
0 0 0 0 1 15.807
0 0 0 0 1 15.6798
0 0 0 0 1 15.7562
0 0 0 0 1 15.6117
0 0 0 0 0 15.3161
0 0 0 0 0 15.128
0 0 0 0 1 14.989
0 0 0 0 1 14.9466
0 0 0 0 0 14.9803
0 0 0 0 0 14.6193
0 0 0 0 1 14.5025
0 0 0 0 0 14.6297
0 0 0 0 1 14.4767
0 0 0 0 1 14.2334
0 0 0 0 1 14.1286
0 0 0 0 1 14.1924
0 0 0 0 1 14.0503
0 0 0 0 1 13.7842
0 0 0 0 1 13.6531
0 0 0 0 0 13.5996
0 0 0 0 1 13.6048
0 0 0 0 1 13.4425
0 0 0 0 0 13.4731
0 0 0 0 1 13.1924
0 0 0 0 1 13.0462
0 0 0 0 1 12.9795
0 0 0 0 0 13.0165
0 0 0 0 0 12.9746
0 0 0 0 1 12.8255
0 0 0 0 1 12.6564
0 0 0 0 1 12.5979
0 0 0 0 1 12.5143
0 0 0 0 1 12.3811
0 0 0 0 1 12.4592
0 0 0 0 1 12.3593
0 0 0 0 1 12.2028
0 0 0 0 1 12.0679
0 0 0 0 1 12.1511
0 0 0 0 1 11.9688
0 0 0 0 1 11.9548
0 0 0 0 1 11.7272
0 0 0 0 1 11.8195
0 0 0 0 1 11.8048
0 0 0 0 1 11.6849
0 0 0 0 1 11.6201
0 0 0 0 1 11.6015
0 0 0 0 1 11.5403
0 0 0 0 0 11.4645
0 0 0 0 1 11.3358
0 0 0 0 1 11.2801
0 0 0 0 1 11.2613
0 0 0 0 1 11.0312
0 0 0 0 1 11.0241
0 0 0 0 0 10.9068
0 0 0 0 1 10.9073
0 0 0 0 1 10.9401
0 0 0 0 1 10.762
0 0 0 0 1 10.6438
0 0 0 0 1 10.7545
0 0 0 0 1 10.5834
0 0 0 0 0 10.5835
0 0 0 0 1 10.446
0 0 0 0 0 10.5615
0 0 0 0 0 10.498
0 0 0 0 1 10.3308
0 0 0 0 1 10.3615
0 0 0 0 1 10.2446
0 0 0 0 1 10.1417
0 0 0 0 0 10.2535
0 0 0 0 1 10.1713
0 0 0 0 0 10.0262
0 0 0 0 1 9.96255
0 0 0 0 1 10.0921
0 0 0 0 1 9.94868
0 0 0 0 1 10.0145
0 0 0 0 1 9.7735
0 0 0 0 1 9.80962
0 0 0 0 1 9.82831
0 0 0 0 1 9.63949
0 0 0 0 1 9.61694
0 0 0 0 1 9.70058
0 0 0 0 0 9.71349
0 0 0 0 1 9.58507
0 0 0 0 0 9.61966
0 0 0 0 1 9.5209
0 0 0 0 1 9.44858
0 0 0 0 1 9.51114
0 0 0 0 1 9.41361
0 0 0 0 1 9.2981
0 0 0 0 1 9.23661
0 0 0 0 1 9.20588
0 0 0 0 1 9.18191
0 0 0 0 1 9.13963
0 0 0 0 1 9.25333
0 0 0 0 1 9.13132
0 0 0 0 1 9.16216
0 0 0 0 1 8.96628
0 0 0 0 1 8.93417
0 0 0 0 1 9.05508
0 0 0 0 0 8.87304
0 0 0 0 1 9.01092
0 0 0 0 0 8.9344
0 0 0 0 1 8.82294
0 0 0 0 0 8.90641
0 0 0 0 1 8.86609
0 0 0 0 1 8.7884
0 0 0 0 0 8.69884
0 0 0 0 1 8.72661
0 0 0 0 1 8.72202
0 0 0 0 1 8.58507
0 0 0 0 1 8.65251
0 0 0 0 0 8.64557
0 0 0 0 1 8.51275
0 0 0 0 1 8.57454
0 0 0 0 0 8.4768
0 0 0 0 1 8.44758
0 0 0 0 1 8.52584
0 0 0 0 1 8.41233
0 0 0 0 0 8.37252
0 0 0 0 1 8.31887
0 0 0 0 0 8.41324
0 0 0 0 1 8.30713
0 0 0 0 1 8.37877
0 0 0 0 1 8.19888
0 0 0 0 1 8.32825
0 0 0 0 1 8.28133
0 0 0 0 1 8.13615
0 0 0 0 1 8.24015
0 0 0 0 1 8.1368
0 0 0 0 1 8.11541
0 0 0 0 1 8.07794
0 0 0 0 1 8.11356
0 0 0 0 0 8.12529
0 0 0 0 1 7.98337
0 0 0 0 0 8.10764
0 0 0 0 0 7.99064
0 0 0 0 1 7.97831
0 0 0 0 0 7.9102
0 0 0 0 1 7.98079
0 0 0 0 1 7.95784
0 0 0 0 1 7.91421
0 0 0 0 1 7.94198
0 0 0 0 1 7.90661
0 0 0 0 1 7.80069
0 0 0 0 1 7.89147
0 0 0 0 1 7.83318
0 0 0 0 1 7.8455
0 0 0 0 0 7.84696
0 0 0 0 1 7.85155
0 0 0 0 1 7.80504
0 0 0 0 1 7.76803
0 0 0 0 1 7.64178
0 0 0 0 0 7.65155
0 0 0 0 1 7.6646
0 0 0 0 1 7.68535
0 0 0 0 1 7.72578
0 0 0 0 1 7.67771
0 0 0 0 1 7.66043
0 0 0 0 1 7.55627
0 0 0 0 0 7.53949
0 0 0 0 1 7.62138
0 0 0 0 1 7.57106
0 0 0 0 1 7.56973
0 0 0 0 0 7.47813
0 0 0 0 1 7.53383
0 0 0 0 1 7.56289
0 0 0 0 1 7.55451
0 0 0 0 1 7.52776
0 0 0 0 1 7.44509
0 0 0 0 1 7.38521
0 0 0 0 1 7.49671
0 0 0 0 1 7.44451
0 0 0 0 1 7.48154
0 0 0 0 1 7.32993
0 0 0 0 1 7.40419
0 0 0 0 1 7.31973
0 0 0 0 0 7.33864
0 0 0 0 1 7.3247
0 0 0 0 1 7.38428
0 0 0 0 1 7.31148
0 0 0 0 1 7.34188
0 0 0 0 1 7.35042
0 0 0 0 1 7.28219
0 0 0 0 1 7.30886
0 0 0 0 1 7.32506
0 0 0 0 1 7.30099
0 0 0 0 1 7.30606
0 0 0 0 1 7.17787
0 0 0 0 1 7.21943
