0 0 0 0 1 5.18694
0 0 0 0 1 5.21383
0 0 0 0 1 5.17611
0 0 0 0 1 5.24499
0 0 0 0 1 5.27546
0 0 0 0 1 5.22429
0 0 0 0 1 5.236
0 0 0 0 0 5.27737
0 0 0 0 1 5.28932
0 0 0 0 1 5.21703
0 0 0 0 0 5.27465
0 0 0 0 1 5.3432
0 0 0 0 0 5.24961
0 0 0 0 1 5.32025
0 0 0 0 1 5.33099
0 0 0 0 1 5.3542
0 0 0 0 1 5.34922
0 0 0 0 1 5.3139
0 0 0 0 1 5.31433
0 0 0 0 0 5.38613
0 0 0 0 1 5.42448
0 0 0 0 1 5.42688
0 0 0 0 0 5.42788
0 0 0 0 1 5.42357
0 0 0 0 1 5.41533
0 0 0 0 0 5.46128
0 0 0 0 1 5.45722
0 0 0 0 1 5.47501
0 0 0 0 1 5.47113
0 0 0 0 1 5.4522
0 0 0 0 1 5.48672
0 0 0 0 1 5.47757
0 0 0 0 1 5.45866
0 0 0 0 0 5.5168
0 0 0 0 1 5.50784
0 0 0 0 1 5.57635
0 0 0 0 1 5.59536
0 0 0 0 1 5.54887
0 0 0 0 1 5.54015
0 0 0 0 1 5.53145
0 0 0 0 0 5.61884
0 0 0 0 1 5.59919
0 0 0 0 1 5.59073
0 0 0 0 0 5.64988
0 0 0 0 0 5.62556
0 0 0 0 1 5.71342
0 0 0 0 0 5.68755
0 0 0 0 1 5.69163
0 0 0 0 1 5.71778
0 0 0 0 0 5.68695
0 0 0 0 1 5.72476
0 0 0 0 1 5.70035
0 0 0 0 1 5.80686
0 0 0 0 1 5.78764
0 0 0 0 1 5.81469
0 0 0 0 0 5.78446
0 0 0 0 1 5.87567
0 0 0 0 1 5.86769
0 0 0 0 1 5.84322
0 0 0 0 0 5.8181
0 0 0 0 1 5.93356
0 0 0 0 1 5.93265
0 0 0 0 0 5.90763
0 0 0 0 1 5.92948
0 0 0 0 1 6.00552
0 0 0 0 1 6.0044
0 0 0 0 0 5.93146
0 0 0 0 1 6.04986
0 0 0 0 1 6.03115
0 0 0 0 1 5.99957
0 0 0 0 0 6.03481
0 0 0 0 0 6.11278
0 0 0 0 1 6.13026
0 0 0 0 0 6.15984
0 0 0 0 1 6.09811
0 0 0 0 1 6.2077
0 0 0 0 1 6.18844
0 0 0 0 1 6.22515
0 0 0 0 1 6.26793
0 0 0 0 0 6.24242
0 0 0 0 1 6.26067
0 0 0 0 1 6.24764
0 0 0 0 0 6.34768
0 0 0 0 1 6.36636
0 0 0 0 1 6.34701
0 0 0 0 1 6.3402
0 0 0 0 0 6.40367
0 0 0 0 1 6.35209
0 0 0 0 1 6.41588
0 0 0 0 1 6.44789
0 0 0 0 1 6.41521
0 0 0 0 1 6.53835
0 0 0 0 1 6.49917
0 0 0 0 1 6.49237
0 0 0 0 1 6.5644
0 0 0 0 1 6.65006
0 0 0 0 1 6.59057
0 0 0 0 1 6.61705
0 0 0 0 1 6.66366
0 0 0 0 1 6.7709
0 0 0 0 1 6.69045
0 0 0 0 1 6.78497
0 0 0 0 0 6.7241
0 0 0 0 1 6.75803
0 0 0 0 1 6.84685
0 0 0 0 1 6.8058
0 0 0 0 1 6.90919
0 0 0 0 1 6.95088
0 0 0 0 1 6.96512
0 0 0 0 1 6.95833
0 0 0 0 1 7.08464
0 0 0 0 1 7.08519
0 0 0 0 0 7.14213
0 0 0 0 1 7.09284
0 0 0 0 1 7.11434
0 0 0 0 1 7.15026
0 0 0 0 1 7.1647
0 0 0 0 1 7.28777
0 0 0 0 1 7.3317
0 0 0 0 1 7.31747
0 0 0 0 0 7.32492
0 0 0 0 0 7.33227
0 0 0 0 0 7.37655
0 0 0 0 1 7.49556
0 0 0 0 1 7.44331
0 0 0 0 0 7.5935
0 0 0 0 0 7.63908
0 0 0 0 1 7.55566
0 0 0 0 0 7.60866
0 0 0 0 1 7.63125
0 0 0 0 1 7.7387
0 0 0 0 1 7.68399
0 0 0 0 1 7.79233
0 0 0 0 1 7.78376
0 0 0 0 1 7.94053
0 0 0 0 0 7.86861
0 0 0 0 0 7.98709
0 0 0 0 1 8.02622
0 0 0 0 1 8.00115
0 0 0 0 1 8.12113
0 0 0 0 0 8.07908
0 0 0 0 1 8.20858
0 0 0 0 1 8.27276
0 0 0 0 1 8.26315
0 0 0 0 1 8.31082
0 0 0 0 1 8.38413
0 0 0 0 1 8.45788
0 0 0 0 0 8.57422
0 0 0 0 1 8.55508
0 0 0 0 0 8.63844
0 0 0 0 0 8.67869
0 0 0 0 1 8.62364
0 0 0 0 0 8.70757
0 0 0 0 1 8.82617
0 0 0 0 1 8.83156
0 0 0 0 1 8.97868
0 0 0 0 1 8.91982
0 0 0 0 0 9.04117
0 0 0 0 1 9.12707
0 0 0 0 0 9.18598
0 0 0 0 1 9.21656
0 0 0 0 1 9.27556
0 0 0 0 0 9.35254
0 0 0 0 1 9.36481
0 0 0 0 1 9.58346
0 0 0 0 1 9.47063
0 0 0 0 1 9.73114
0 0 0 0 1 9.63554
0 0 0 0 0 9.84071
0 0 0 0 1 9.82041
0 0 0 0 0 9.8398
0 0 0 0 0 10.0372
0 0 0 0 1 9.99484
0 0 0 0 0 10.225
0 0 0 0 0 10.3348
0 0 0 0 0 10.2701
0 0 0 0 1 10.4007
0 0 0 0 1 10.5831
0 0 0 0 1 10.5154
0 0 0 0 1 10.5396
0 0 0 0 1 10.6917
0 0 0 0 1 10.9406
0 0 0 0 1 10.9868
0 0 0 0 1 11.1076
0 0 0 0 1 11.0177
0 0 0 0 0 11.1153
0 0 0 0 0 11.2585
0 0 0 0 1 11.357
0 0 0 0 1 11.5337
0 0 0 0 1 11.6074
0 0 0 0 1 11.7068
0 0 0 0 1 11.86
0 0 0 0 1 11.9812
0 0 0 0 0 12.0636
0 0 0 0 1 12.1089
0 0 0 0 1 12.2639
0 0 0 0 1 12.4663
0 0 0 0 1 12.6487
0 0 0 0 1 12.6768
0 0 0 0 1 12.8954
0 0 0 0 1 12.8403
0 0 0 0 1 13.2004
0 0 0 0 1 13.1552
0 0 0 0 0 13.4098
0 0 0 0 1 13.5859
0 0 0 0 1 13.6945
0 0 0 0 1 13.701
0 0 0 0 1 13.8862
0 0 0 0 0 14.0299
0 0 0 0 1 14.412
0 0 0 0 1 14.5965
0 0 0 0 1 14.6444
0 0 0 0 1 14.7729
0 0 0 0 1 15.0714
0 0 0 0 1 15.1084
0 0 0 0 1 15.5833
0 0 0 0 1 15.4873
0 0 0 0 1 15.8431
0 0 0 0 1 15.9977
0 0 0 0 1 16.4274
0 0 0 0 1 16.6323
0 0 0 0 0 16.7058
0 0 0 0 1 17.0123
0 0 0 0 1 14.6121
0 0 0 0 1 14.709
0 0 0 0 1 14.692
0 0 0 0 1 14.6433
0 0 0 0 1 14.5512
0 0 0 0 1 14.4769
0 0 0 0 1 14.6183
0 0 0 0 1 14.4429
0 0 0 0 1 14.425
0 0 0 0 1 14.4074
0 0 0 0 1 14.3781
0 0 0 0 1 14.5225
0 0 0 0 1 14.419
0 0 0 0 1 14.3593
0 0 0 0 1 14.3167
0 0 0 0 1 14.3463
0 0 0 0 0 14.2877
0 0 0 0 1 14.2459
0 0 0 0 0 14.3315
0 0 0 0 1 14.3045
0 0 0 0 1 14.4641
0 0 0 0 0 14.178
0 0 0 0 1 14.2377
0 0 0 0 1 14.1814
0 0 0 0 1 14.4128
0 0 0 0 1 14.3018
0 0 0 0 1 14.1057
0 0 0 0 1 14.2502
0 0 0 0 1 14.2683
0 0 0 0 1 14.1872
0 0 0 0 1 14.2752
0 0 0 0 1 14.2138
0 0 0 0 1 14.8806
0 0 0 0 1 15.3343
0 0 0 0 1 15.7465
0 0 0 0 0 16.2829
0 0 0 0 1 16.736
0 0 0 0 1 17.3454
0 0 0 0 1 17.874
0 0 0 0 1 40.379
0 0 0 0 1 41.9519
0 0 0 0 0 43.8256
0 0 0 0 1 45.7031
0 0 0 0 1 47.5998
0 0 0 0 1 49.964
0 0 0 0 0 42.4212
0 0 0 0 1 42.658
0 0 0 0 1 42.3028
0 0 0 0 0 41.8228
0 0 0 0 1 41.9765
0 0 0 0 0 42.6384
0 0 0 0 1 42.4557
0 0 0 0 0 42.1482
0 0 0 0 1 42.094
0 0 0 0 1 42.3365
0 0 0 0 1 41.7785
0 0 0 0 1 45.3411
0 0 0 0 0 4.98996
0 0 0 0 0 4.96992
0 0 0 0 0 5.00499
0 0 0 0 0 5.00499
0 0 0 0 1 35.529
0 0 0 0 0 34.9962
0 0 0 0 1 35.1696
0 0 0 0 0 34.9203
0 0 0 0 1 35.4124
0 0 0 0 1 35.4467
0 0 0 0 1 35.2347
0 0 0 0 1 35.5525
0 0 0 0 1 35.4477
0 0 0 0 0 35.3788
0 0 0 0 1 35.0989
0 0 0 0 0 35.5959
0 0 0 0 1 34.9645
0 0 0 0 0 5.02503
0 0 0 0 0 4.96992
0 0 0 0 0 4.9599
0 0 0 0 0 4.97994
0 0 0 0 0 4.97493
0 0 0 0 0 5.0601
0 0 0 0 0 5.03505
0 0 0 0 0 4.97493
0 0 0 0 0 4.99497
0 0 0 0 1 94.8637
0 0 0 0 1 90.5977
0 0 0 0 1 86.1006
0 0 0 0 0 81.3725
0 0 0 0 1 23.4781
0 0 0 0 1 22.0967
0 0 0 0 1 21.3692
0 0 0 0 1 20.2016
0 0 0 0 1 20.2909
0 0 0 0 1 20.0991
0 0 0 0 1 20.0688
0 0 0 0 1 20.2606
0 0 0 0 0 19.9677
0 0 0 0 1 20.019
0 0 0 0 1 20.0507
0 0 0 0 1 20.0019
0 0 0 0 1 20.378
0 0 0 0 1 20.0267
0 0 0 0 0 20.2623
0 0 0 0 1 20.4581
0 0 0 0 1 20.2491
0 0 0 0 1 20.162
0 0 0 0 1 20.4404
0 0 0 0 1 20.1915
0 0 0 0 1 20.1459
0 0 0 0 1 20.3225
0 0 0 0 1 20.483
0 0 0 0 1 20.1941
0 0 0 0 1 20.374
0 0 0 0 0 35.0351
0 0 0 0 1 34.2535
0 0 0 0 1 33.4032
0 0 0 0 0 32.695
0 0 0 0 1 32.0103
0 0 0 0 1 31.5047
0 0 0 0 1 31.2405
0 0 0 0 1 30.2249
0 0 0 0 1 29.6623
0 0 0 0 1 29.3656
0 0 0 0 1 28.964
0 0 0 0 1 28.0318
0 0 0 0 1 27.6896
0 0 0 0 1 27.4718
0 0 0 0 0 26.9605
0 0 0 0 1 26.6198
0 0 0 0 1 26.1233
0 0 0 0 1 25.4764
0 0 0 0 1 25.326
0 0 0 0 1 24.8803
0 0 0 0 1 24.5145
0 0 0 0 0 24.0287
0 0 0 0 1 23.6847
0 0 0 0 0 23.4679
0 0 0 0 1 22.9711
0 0 0 0 1 22.5438
0 0 0 0 1 22.3447
0 0 0 0 0 22.0195
0 0 0 0 1 21.9452
0 0 0 0 1 21.6378
0 0 0 0 1 21.2659
0 0 0 0 1 21.1817
0 0 0 0 1 20.9156
0 0 0 0 1 20.4839
0 0 0 0 1 20.1694
0 0 0 0 1 20.1669
0 0 0 0 1 19.6732
0 0 0 0 1 19.7341
0 0 0 0 0 19.3141
0 0 0 0 0 19.2816
0 0 0 0 1 18.9897
0 0 0 0 1 18.8401
0 0 0 0 0 18.3565
0 0 0 0 0 18.1906
0 0 0 0 1 18.142
0 0 0 0 1 17.8041
0 0 0 0 1 17.9229
0 0 0 0 1 17.4336
0 0 0 0 1 17.4864
0 0 0 0 1 17.2766
0 0 0 0 1 16.9486
0 0 0 0 0 16.7589
0 0 0 0 0 16.8891
0 0 0 0 1 16.6904
0 0 0 0 1 16.3705
0 0 0 0 1 16.3628
0 0 0 0 1 16.0307
0 0 0 0 1 16.11
0 0 0 0 1 15.9327
0 0 0 0 1 15.7249
0 0 0 0 0 15.472
0 0 0 0 1 15.4701
0 0 0 0 1 15.2043
0 0 0 0 1 15.2461
0 0 0 0 1 14.9316
0 0 0 0 1 15.0249
0 0 0 0 1 14.6045
0 0 0 0 1 14.634
0 0 0 0 1 14.3684
0 0 0 0 1 14.5055
0 0 0 0 0 14.3904
0 0 0 0 0 14.1569
0 0 0 0 1 14.0376
0 0 0 0 1 14.0223
0 0 0 0 0 13.992
0 0 0 0 1 13.6944
0 0 0 0 1 13.6952
0 0 0 0 1 13.6048
0 0 0 0 1 13.3214
0 0 0 0 1 13.4063
0 0 0 0 1 13.1261
0 0 0 0 0 13.2174
0 0 0 0 1 13.1364
0 0 0 0 1 12.8478
0 0 0 0 1 12.9101
0 0 0 0 1 12.6975
0 0 0 0 1 12.5801
0 0 0 0 0 12.7368
0 0 0 0 1 12.4391
0 0 0 0 1 12.431
0 0 0 0 0 12.4345
0 0 0 0 1 12.1872
0 0 0 0 1 12.1906
0 0 0 0 1 12.2136
0 0 0 0 1 11.9942
0 0 0 0 1 12.1007
0 0 0 0 1 11.8237
0 0 0 0 1 11.9641
0 0 0 0 1 11.7136
0 0 0 0 1 11.7697
0 0 0 0 1 11.6384
0 0 0 0 1 11.4698
0 0 0 0 1 11.567
0 0 0 0 1 11.4146
0 0 0 0 1 11.294
0 0 0 0 0 11.2681
0 0 0 0 0 11.1902
0 0 0 0 1 11.1943
0 0 0 0 1 11.0757
0 0 0 0 1 11.1346
0 0 0 0 0 11.0716
0 0 0 0 1 10.8855
0 0 0 0 1 10.9292
0 0 0 0 1 10.9025
0 0 0 0 1 10.6545
0 0 0 0 1 10.8187
0 0 0 0 1 10.5834
0 0 0 0 1 10.6153
0 0 0 0 1 10.5832
0 0 0 0 1 10.5825
0 0 0 0 1 10.4144
0 0 0 0 1 10.4659
0 0 0 0 0 10.3719
0 0 0 0 1 10.2755
0 0 0 0 0 10.2134
0 0 0 0 1 10.2841
0 0 0 0 0 10.0496
0 0 0 0 1 10.0464
0 0 0 0 0 10.0329
0 0 0 0 1 9.90208
0 0 0 0 1 9.92876
0 0 0 0 1 9.86576
0 0 0 0 1 9.85248
0 0 0 0 1 9.83911
0 0 0 0 0 9.80875
0 0 0 0 0 9.7466
0 0 0 0 0 9.70419
0 0 0 0 1 9.67163
0 0 0 0 1 9.67502
0 0 0 0 1 9.48931
0 0 0 0 0 9.43852
0 0 0 0 1 9.45445
0 0 0 0 1 9.38237
0 0 0 0 1 9.36047
0 0 0 0 1 9.32922
0 0 0 0 1 9.25142
0 0 0 0 1 9.33893
0 0 0 0 0 9.17809
0 0 0 0 1 9.24651
0 0 0 0 0 9.25917
0 0 0 0 1 9.1159
0 0 0 0 1 9.08571
0 0 0 0 1 9.14398
0 0 0 0 1 8.97534
0 0 0 0 1 9.11466
0 0 0 0 1 9.06407
0 0 0 0 1 8.92676
0 0 0 0 0 8.86817
0 0 0 0 1 8.96996
0 0 0 0 1 8.92924
0 0 0 0 1 8.91523
0 0 0 0 1 8.80452
0 0 0 0 1 8.72701
0 0 0 0 1 8.6901
0 0 0 0 1 8.73532
0 0 0 0 1 8.65259
0 0 0 0 0 8.72353
0 0 0 0 1 8.57494
0 0 0 0 1 8.53385
0 0 0 0 1 8.55557
0 0 0 0 1 8.61724
0 0 0 0 0 8.57893
0 0 0 0 1 8.46455
0 0 0 0 1 8.44126
0 0 0 0 1 8.45448
0 0 0 0 1 8.49021
0 0 0 0 1 8.33563
0 0 0 0 1 8.36311
0 0 0 0 1 8.38212
0 0 0 0 1 8.32894
0 0 0 0 1 8.26513
0 0 0 0 1 8.27873
0 0 0 0 0 8.18255
0 0 0 0 1 8.1772
0 0 0 0 1 8.1174
0 0 0 0 1 8.21841
0 0 0 0 1 8.14797
0 0 0 0 1 8.10229
0 0 0 0 1 8.16214
0 0 0 0 1 8.1172
0 0 0 0 0 8.08013
0 0 0 0 1 8.11569
0 0 0 0 1 7.96657
0 0 0 0 1 8.03432
0 0 0 0 1 7.9102
0 0 0 0 1 8.02853
0 0 0 0 1 7.9896
0 0 0 0 0 8.00135
0 0 0 0 1 7.87876
0 0 0 0 1 7.92237
0 0 0 0 0 7.79283
0 0 0 0 1 7.76596
0 0 0 0 1 7.75493
0 0 0 0 0 7.85331
0 0 0 0 1 7.81579
0 0 0 0 1 7.78936
0 0 0 0 1 7.78178
0 0 0 0 0 7.69066
0 0 0 0 1 7.76528
0 0 0 0 1 7.74402
0 0 0 0 0 7.71842
0 0 0 0 0 7.70836
0 0 0 0 0 7.6875
0 0 0 0 1 7.60131
0 0 0 0 1 7.59945
0 0 0 0 1 7.63997
0 0 0 0 1 7.54709
0 0 0 0 1 7.54562
0 0 0 0 1 7.62401
0 0 0 0 0 7.49426
0 0 0 0 1 7.56097
0 0 0 0 1 7.54886
0 0 0 0 0 7.43534
0 0 0 0 0 7.44969
0 0 0 0 1 7.48291
0 0 0 0 0 7.41525
0 0 0 0 1 7.38521
0 0 0 0 0 7.46696
0 0 0 0 1 7.37771
0 0 0 0 1 7.37043
0 0 0 0 0 7.34472
0 0 0 0 1 7.40419
0 0 0 0 1 7.38607
0 0 0 0 1 7.33128
0 0 0 0 1 7.31735
0 0 0 0 1 7.36228
0 0 0 0 1 7.27485
0 0 0 0 0 7.3492
0 0 0 0 0 7.25553
0 0 0 0 1 7.25303
0 0 0 0 1 7.32342
0 0 0 0 1 7.31053
0 0 0 0 1 7.33002
0 0 0 0 1 7.17559
0 0 0 0 0 7.20682
0 0 0 0 1 7.27001
