0 0 0 0 1 5.17653
0 0 0 0 1 5.18778
0 0 0 0 1 5.2596
0 0 0 0 1 5.23977
0 0 0 0 1 5.19172
0 0 0 0 1 5.18761
0 0 0 0 0 5.19928
0 0 0 0 1 5.29314
0 0 0 0 1 5.27879
0 0 0 0 0 5.31715
0 0 0 0 0 5.29049
0 0 0 0 1 5.30087
0 0 0 0 1 5.2549
0 0 0 0 1 5.28842
0 0 0 0 0 5.30973
0 0 0 0 1 5.37549
0 0 0 0 1 5.37588
0 0 0 0 1 5.33526
0 0 0 0 1 5.34644
0 0 0 0 1 5.33254
0 0 0 0 1 5.40837
0 0 0 0 1 5.32469
0 0 0 0 1 5.44405
0 0 0 0 0 5.35334
0 0 0 0 0 5.36123
0 0 0 0 1 5.42335
0 0 0 0 1 5.48437
0 0 0 0 0 5.46956
0 0 0 0 1 5.4875
0 0 0 0 1 5.4522
0 0 0 0 0 5.47029
0 0 0 0 1 5.53794
0 0 0 0 1 5.44766
0 0 0 0 0 5.45073
0 0 0 0 1 5.48576
0 0 0 0 0 5.55423
0 0 0 0 1 5.51218
0 0 0 0 1 5.5933
0 0 0 0 1 5.51231
0 0 0 0 1 5.59843
0 0 0 0 1 5.62443
0 0 0 0 0 5.62721
0 0 0 0 1 5.65816
0 0 0 0 1 5.65552
0 0 0 0 0 5.60864
0 0 0 0 1 5.6512
0 0 0 0 1 5.69322
0 0 0 0 1 5.70869
0 0 0 0 1 5.66647
0 0 0 0 1 5.6698
0 0 0 0 0 5.77633
0 0 0 0 1 5.72905
0 0 0 0 1 5.77229
0 0 0 0 1 5.75298
0 0 0 0 1 5.83785
0 0 0 0 1 5.83088
0 0 0 0 1 5.84658
0 0 0 0 1 5.78011
0 0 0 0 1 5.81982
0 0 0 0 1 5.90608
0 0 0 0 1 5.92767
0 0 0 0 1 5.85598
0 0 0 0 0 5.94903
0 0 0 0 1 5.88794
0 0 0 0 1 5.94005
0 0 0 0 1 5.92084
0 0 0 0 0 5.99729
0 0 0 0 0 5.98978
0 0 0 0 1 5.97698
0 0 0 0 0 6.02374
0 0 0 0 1 6.08934
0 0 0 0 1 6.12493
0 0 0 0 1 6.05105
0 0 0 0 1 6.1782
0 0 0 0 1 6.07972
0 0 0 0 1 6.16464
0 0 0 0 1 6.12667
0 0 0 0 1 6.18183
0 0 0 0 1 6.18717
0 0 0 0 1 6.19877
0 0 0 0 0 6.24816
0 0 0 0 1 6.27901
0 0 0 0 1 6.25322
0 0 0 0 1 6.34741
0 0 0 0 1 6.30263
0 0 0 0 1 6.30201
0 0 0 0 1 6.44197
0 0 0 0 1 6.429
0 0 0 0 1 6.40301
0 0 0 0 1 6.49307
0 0 0 0 0 6.48649
0 0 0 0 1 6.55785
0 0 0 0 1 6.49917
0 0 0 0 1 6.51858
0 0 0 0 1 6.63011
0 0 0 0 0 6.66325
0 0 0 0 0 6.65025
0 0 0 0 1 6.637
0 0 0 0 1 6.61692
0 0 0 0 1 6.72397
0 0 0 0 1 6.77122
0 0 0 0 0 6.76469
0 0 0 0 1 6.75124
0 0 0 0 0 6.75803
0 0 0 0 1 6.90157
0 0 0 0 1 6.81954
0 0 0 0 1 6.88158
0 0 0 0 1 6.97857
0 0 0 0 1 6.88858
0 0 0 0 1 6.95134
0 0 0 0 1 7.07763
0 0 0 0 1 7.06404
0 0 0 0 1 7.05719
0 0 0 0 1 7.12841
0 0 0 0 0 7.18577
0 0 0 0 0 7.12872
0 0 0 0 0 7.14308
0 0 0 0 1 7.17187
0 0 0 0 0 7.30261
0 0 0 0 1 7.36865
0 0 0 0 1 7.3763
0 0 0 0 1 7.4503
0 0 0 0 0 7.48034
0 0 0 0 1 7.51046
0 0 0 0 1 7.46577
0 0 0 0 0 7.51072
0 0 0 0 0 7.5105
0 0 0 0 1 7.67728
0 0 0 0 1 7.58575
0 0 0 0 0 7.72338
0 0 0 0 1 7.70012
0 0 0 0 1 7.81594
0 0 0 0 1 7.83913
0 0 0 0 1 7.76806
0 0 0 0 1 7.89322
0 0 0 0 0 7.88448
0 0 0 0 1 7.93129
0 0 0 0 0 8.04226
0 0 0 0 1 8.02532
0 0 0 0 1 8.12923
0 0 0 0 0 8.13615
0 0 0 0 1 8.15942
0 0 0 0 1 8.30575
0 0 0 0 1 8.24658
0 0 0 0 1 8.31917
0 0 0 0 1 8.35896
0 0 0 0 1 8.39036
0 0 0 0 1 8.42126
0 0 0 0 1 8.51235
0 0 0 0 1 8.56108
0 0 0 0 1 8.7133
0 0 0 0 0 8.61494
0 0 0 0 1 8.66381
0 0 0 0 1 8.88789
0 0 0 0 1 8.91136
0 0 0 0 1 8.83588
0 0 0 0 1 9.0457
0 0 0 0 1 9.04117
0 0 0 0 0 9.14529
0 0 0 0 1 9.10347
0 0 0 0 1 9.19809
0 0 0 0 1 9.35921
0 0 0 0 0 9.38063
0 0 0 0 1 9.33655
0 0 0 0 1 9.45049
0 0 0 0 1 9.47063
0 0 0 0 0 9.6637
0 0 0 0 1 9.77139
0 0 0 0 1 9.82117
0 0 0 0 1 9.87951
0 0 0 0 1 9.90924
0 0 0 0 1 9.94721
0 0 0 0 1 10.015
0 0 0 0 1 10.0625
0 0 0 0 0 10.2223
0 0 0 0 1 10.2701
0 0 0 0 1 10.3591
0 0 0 0 0 10.4573
0 0 0 0 1 10.5471
0 0 0 0 0 10.5609
0 0 0 0 1 10.7668
0 0 0 0 1 10.8973
0 0 0 0 1 10.8667
0 0 0 0 1 10.9643
0 0 0 0 1 11.0955
0 0 0 0 0 11.2275
0 0 0 0 1 11.2924
0 0 0 0 0 11.4369
0 0 0 0 1 11.5107
0 0 0 0 1 11.7004
0 0 0 0 1 11.7537
0 0 0 0 1 11.7771
0 0 0 0 1 11.9692
0 0 0 0 1 12.124
0 0 0 0 1 12.1821
0 0 0 0 1 12.3009
0 0 0 0 1 12.541
0 0 0 0 1 12.4352
0 0 0 0 1 12.7276
0 0 0 0 0 12.7929
0 0 0 0 1 13.0476
0 0 0 0 0 13.0433
0 0 0 0 1 13.2875
0 0 0 0 1 13.3563
0 0 0 0 1 13.5453
0 0 0 0 1 13.8039
0 0 0 0 1 13.8117
0 0 0 0 1 13.9562
0 0 0 0 1 14.1431
0 0 0 0 1 14.3547
0 0 0 0 1 14.5095
0 0 0 0 1 14.6444
0 0 0 0 1 14.9958
0 0 0 0 1 15.1466
0 0 0 0 1 15.2912
0 0 0 0 1 15.4598
0 0 0 0 0 15.5186
0 0 0 0 1 15.7798
0 0 0 0 1 16.0619
0 0 0 0 1 16.2485
0 0 0 0 1 16.385
0 0 0 0 1 16.7727
0 0 0 0 0 17.0293
0 0 0 0 1 14.6706
0 0 0 0 1 14.7675
0 0 0 0 1 14.5168
0 0 0 0 1 14.5266
0 0 0 0 1 14.493
0 0 0 0 1 14.6952
0 0 0 0 1 14.5456
0 0 0 0 1 14.5009
0 0 0 0 1 14.425
0 0 0 0 1 14.6101
0 0 0 0 1 14.4071
0 0 0 0 1 14.378
0 0 0 0 1 14.4768
0 0 0 0 1 14.3017
0 0 0 0 1 14.5472
0 0 0 0 1 14.3176
0 0 0 0 1 14.4314
0 0 0 0 1 14.447
0 0 0 0 0 14.4319
0 0 0 0 0 14.3475
0 0 0 0 1 14.3781
0 0 0 0 0 14.321
0 0 0 0 1 14.3807
0 0 0 0 1 14.2529
0 0 0 0 1 14.1702
0 0 0 0 1 14.202
0 0 0 0 0 14.3052
0 0 0 0 0 14.1078
0 0 0 0 1 14.2825
0 0 0 0 1 14.1872
0 0 0 0 1 14.3178
0 0 0 0 1 14.3861
0 0 0 0 1 14.851
0 0 0 0 0 15.1215
0 0 0 0 1 15.6213
0 0 0 0 1 16.2183
0 0 0 0 0 16.4862
0 0 0 0 1 17.1733
0 0 0 0 1 17.6425
0 0 0 0 1 40.9889
0 0 0 0 1 41.7833
0 0 0 0 0 43.957
0 0 0 0 1 45.1113
0 0 0 0 1 47.1257
0 0 0 0 0 49.1725
0 0 0 0 1 42.0406
0 0 0 0 1 42.4466
0 0 0 0 1 42.0915
0 0 0 0 1 42.0763
0 0 0 0 0 42.0188
0 0 0 0 1 42.174
0 0 0 0 1 42.5402
0 0 0 0 1 42.4435
0 0 0 0 1 42.6002
0 0 0 0 1 42.0834
0 0 0 0 1 41.905
0 0 0 0 1 45.8444
0 0 0 0 0 4.96491
0 0 0 0 0 4.98495
0 0 0 0 0 5.0601
0 0 0 0 0 4.9599
0 0 0 0 1 35.1409
0 0 0 0 1 35.5606
0 0 0 0 1 35.0991
0 0 0 0 1 35.3788
0 0 0 0 0 34.9892
0 0 0 0 0 35.0587
0 0 0 0 1 35.3405
0 0 0 0 1 35.1292
0 0 0 0 1 34.9892
0 0 0 0 0 35.5552
0 0 0 0 1 34.9225
0 0 0 0 1 35.4901
0 0 0 0 1 34.9645
0 0 0 0 0 4.97493
0 0 0 0 0 5.05509
0 0 0 0 0 5.05509
0 0 0 0 0 4.97493
0 0 0 0 0 4.99497
0 0 0 0 0 4.96491
0 0 0 0 0 4.99998
0 0 0 0 0 5.0601
0 0 0 0 0 4.96992
0 0 0 0 1 96.3922
0 0 0 0 1 89.7872
0 0 0 0 1 86.0153
0 0 0 0 1 81.3725
0 0 0 0 1 23.2455
0 0 0 0 0 22.0967
0 0 0 0 1 21.1365
0 0 0 0 1 20.3028
0 0 0 0 1 20.2104
0 0 0 0 1 19.9783
0 0 0 0 0 19.9882
0 0 0 0 1 20.2606
0 0 0 0 1 20.0685
0 0 0 0 1 20.0796
0 0 0 0 1 20.3939
0 0 0 0 1 20.3252
0 0 0 0 1 20.378
0 0 0 0 0 20.3301
0 0 0 0 0 20.0396
0 0 0 0 1 20.3366
0 0 0 0 1 20.1275
0 0 0 0 1 20.4257
0 0 0 0 1 20.3592
0 0 0 0 1 20.4962
0 0 0 0 1 20.4711
0 0 0 0 0 20.2615
0 0 0 0 1 20.5645
0 0 0 0 1 20.2959
0 0 0 0 1 20.4964
0 0 0 0 1 35.0351
0 0 0 0 0 34.2877
0 0 0 0 0 33.7379
0 0 0 0 0 33.1545
0 0 0 0 1 31.946
0 0 0 0 0 31.4732
0 0 0 0 1 30.9931
0 0 0 0 1 30.1339
0 0 0 0 0 29.9899
0 0 0 0 0 29.512
0 0 0 0 1 28.7915
0 0 0 0 1 28.0318
0 0 0 0 0 27.9951
0 0 0 0 1 27.4172
0 0 0 0 0 27.0142
0 0 0 0 1 26.3029
0 0 0 0 0 26.0973
0 0 0 0 1 25.8089
0 0 0 0 1 25.4521
0 0 0 0 1 24.7562
0 0 0 0 0 24.3677
0 0 0 0 1 24.0287
0 0 0 0 1 23.8035
0 0 0 0 1 23.3508
0 0 0 0 1 23.0173
0 0 0 0 1 22.8854
0 0 0 0 1 22.3447
0 0 0 0 1 21.9309
0 0 0 0 0 21.6829
0 0 0 0 1 21.4436
0 0 0 0 1 21.1805
0 0 0 0 0 21.0344
0 0 0 0 0 20.9156
0 0 0 0 1 20.751
0 0 0 0 1 20.4738
0 0 0 0 1 20.1469
0 0 0 0 1 19.9506
0 0 0 0 1 19.7341
0 0 0 0 1 19.2754
0 0 0 0 1 19.2242
0 0 0 0 1 19.0275
0 0 0 0 1 18.5407
0 0 0 0 0 18.5971
0 0 0 0 1 18.2821
0 0 0 0 1 18.0696
0 0 0 0 0 17.822
0 0 0 0 1 17.6922
0 0 0 0 1 17.6093
0 0 0 0 1 17.2428
0 0 0 0 1 17.1905
0 0 0 0 1 17.1532
0 0 0 0 1 16.9783
0 0 0 0 1 16.7888
0 0 0 0 1 16.4917
0 0 0 0 1 16.4197
0 0 0 0 1 16.2328
0 0 0 0 0 16.0147
0 0 0 0 1 16.0622
0 0 0 0 1 15.8537
0 0 0 0 1 15.7875
0 0 0 0 0 15.441
0 0 0 0 1 15.3469
0 0 0 0 1 15.2653
0 0 0 0 1 15.0041
0 0 0 0 0 14.9466
0 0 0 0 1 14.9654
0 0 0 0 0 14.8848
0 0 0 0 1 14.6487
0 0 0 0 1 14.4845
0 0 0 0 1 14.4191
0 0 0 0 1 14.419
0 0 0 0 0 14.2703
0 0 0 0 1 14.1502
0 0 0 0 1 13.9525
0 0 0 0 1 13.8119
0 0 0 0 1 13.8181
0 0 0 0 0 13.7088
0 0 0 0 0 13.4693
0 0 0 0 1 13.4828
0 0 0 0 1 13.2327
0 0 0 0 1 13.378
0 0 0 0 1 13.2832
0 0 0 0 1 12.9664
0 0 0 0 1 12.8997
0 0 0 0 1 12.9874
0 0 0 0 0 12.8895
0 0 0 0 1 12.6691
0 0 0 0 1 12.5853
0 0 0 0 1 12.5896
0 0 0 0 1 12.568
0 0 0 0 1 12.4345
0 0 0 0 1 12.3101
0 0 0 0 1 12.1295
0 0 0 0 0 12.1893
0 0 0 0 1 12.1028
0 0 0 0 1 12.0767
0 0 0 0 1 11.9072
0 0 0 0 1 11.822
0 0 0 0 1 11.8313
0 0 0 0 1 11.8165
0 0 0 0 0 11.743
0 0 0 0 1 11.5276
0 0 0 0 1 11.4176
0 0 0 0 1 11.5403
0 0 0 0 1 11.3736
0 0 0 0 1 11.2793
0 0 0 0 1 11.1228
0 0 0 0 1 11.2725
0 0 0 0 1 11.1868
0 0 0 0 1 11.1015
0 0 0 0 1 10.9508
0 0 0 0 1 10.8527
0 0 0 0 1 10.777
0 0 0 0 1 10.87
0 0 0 0 0 10.7943
0 0 0 0 0 10.7437
0 0 0 0 1 10.5621
0 0 0 0 1 10.6471
0 0 0 0 1 10.5937
0 0 0 0 1 10.5195
0 0 0 0 1 10.5084
0 0 0 0 0 10.3724
0 0 0 0 1 10.2374
0 0 0 0 1 10.3785
0 0 0 0 1 10.2339
0 0 0 0 1 10.172
0 0 0 0 0 10.2017
0 0 0 0 1 10.0262
0 0 0 0 1 10.0932
0 0 0 0 1 9.97209
0 0 0 0 0 9.90884
0 0 0 0 1 9.92526
0 0 0 0 1 9.8821
0 0 0 0 1 9.75065
0 0 0 0 1 9.87721
0 0 0 0 1 9.6687
0 0 0 0 1 9.71389
0 0 0 0 1 9.71023
0 0 0 0 1 9.65579
0 0 0 0 1 9.65209
0 0 0 0 0 9.52432
0 0 0 0 0 9.42597
0 0 0 0 1 9.55262
0 0 0 0 1 9.38872
0 0 0 0 1 9.44174
0 0 0 0 0 9.4288
0 0 0 0 1 9.35753
0 0 0 0 1 9.16883
0 0 0 0 1 9.23728
0 0 0 0 1 9.18561
0 0 0 0 0 9.13422
0 0 0 0 1 9.15869
0 0 0 0 1 9.05309
0 0 0 0 1 8.99345
0 0 0 0 1 9.00636
0 0 0 0 1 8.91121
0 0 0 0 1 8.96257
0 0 0 0 0 8.8771
0 0 0 0 0 8.82773
0 0 0 0 0 8.84952
0 0 0 0 1 8.85345
0 0 0 0 1 8.75175
0 0 0 0 1 8.7884
0 0 0 0 1 8.75997
0 0 0 0 0 8.64823
0 0 0 0 0 8.65259
0 0 0 0 1 8.73219
0 0 0 0 1 8.66974
0 0 0 0 1 8.67135
0 0 0 0 1 8.51275
0 0 0 0 1 8.46351
0 0 0 0 1 8.54489
0 0 0 0 1 8.4391
0 0 0 0 1 8.41589
0 0 0 0 1 8.37862
0 0 0 0 1 8.43137
0 0 0 0 1 8.44454
0 0 0 0 1 8.40489
0 0 0 0 1 8.38212
0 0 0 0 1 8.29573
0 0 0 0 1 8.24029
0 0 0 0 1 8.19619
0 0 0 0 1 8.18255
0 0 0 0 1 8.18541
0 0 0 0 1 8.26469
0 0 0 0 1 8.20209
0 0 0 0 0 8.05844
0 0 0 0 1 8.17536
0 0 0 0 0 8.10546
0 0 0 0 1 8.14954
0 0 0 0 1 8.09626
0 0 0 0 1 7.96286
0 0 0 0 1 8.03075
0 0 0 0 0 8.08234
0 0 0 0 1 7.9102
0 0 0 0 0 7.8853
0 0 0 0 1 7.86253
0 0 0 0 1 7.89837
0 0 0 0 1 7.87086
0 0 0 0 1 7.90661
0 0 0 0 1 7.80855
0 0 0 0 1 7.86793
0 0 0 0 1 7.88013
0 0 0 0 1 7.78305
0 0 0 0 1 7.84696
0 0 0 0 0 7.82823
0 0 0 0 1 7.77403
0 0 0 0 1 7.77577
0 0 0 0 1 7.65722
0 0 0 0 1 7.75943
0 0 0 0 1 7.74148
0 0 0 0 1 7.74671
0 0 0 0 0 7.71813
0 0 0 0 1 7.65479
0 0 0 0 1 7.69854
0 0 0 0 1 7.60192
0 0 0 0 1 7.5319
0 0 0 0 0 7.56835
0 0 0 0 0 7.62401
0 0 0 0 1 7.59992
0 0 0 0 0 7.58357
0 0 0 0 1 7.53383
0 0 0 0 1 7.46535
0 0 0 0 1 7.50958
0 0 0 0 1 7.52776
0 0 0 0 1 7.49731
0 0 0 0 1 7.38521
0 0 0 0 1 7.42234
0 0 0 0 1 7.45935
0 0 0 0 1 7.43709
0 0 0 0 1 7.4039
0 0 0 0 0 7.42634
0 0 0 0 0 7.42293
0 0 0 0 1 7.41961
0 0 0 0 1 7.41286
0 0 0 0 1 7.35495
0 0 0 0 0 7.27485
0 0 0 0 1 7.37845
0 0 0 0 1 7.30663
0 0 0 0 1 7.36237
0 0 0 0 0 7.3307
0 0 0 0 1 7.20879
0 0 0 0 1 7.25019
0 0 0 0 0 7.18284
0 0 0 0 0 7.22129
0 0 0 0 1 7.16884
