0 0 0 0 1 5.24417
0 0 0 0 0 5.25029
0 0 0 0 1 5.18133
0 0 0 0 1 5.19275
0 0 0 0 1 5.20743
0 0 0 0 1 5.22429
0 0 0 0 1 5.26223
0 0 0 0 0 5.2143
0 0 0 0 0 5.2209
0 0 0 0 1 5.23284
0 0 0 0 1 5.29577
0 0 0 0 1 5.32203
0 0 0 0 1 5.31317
0 0 0 0 1 5.2619
0 0 0 0 1 5.35225
0 0 0 0 1 5.36484
0 0 0 0 1 5.38122
0 0 0 0 1 5.28719
0 0 0 0 1 5.39461
0 0 0 0 1 5.34862
0 0 0 0 1 5.32244
0 0 0 0 1 5.39999
0 0 0 0 1 5.44405
0 0 0 0 1 5.38035
0 0 0 0 1 5.39369
0 0 0 0 1 5.42335
0 0 0 0 1 5.47351
0 0 0 0 1 5.45324
0 0 0 0 0 5.41113
0 0 0 0 1 5.4959
0 0 0 0 1 5.45934
0 0 0 0 1 5.54343
0 0 0 0 1 5.46965
0 0 0 0 0 5.52781
0 0 0 0 1 5.55199
0 0 0 0 1 5.50997
0 0 0 0 1 5.57872
0 0 0 0 1 5.54887
0 0 0 0 1 5.61253
0 0 0 0 1 5.54261
0 0 0 0 1 5.61325
0 0 0 0 1 5.57677
0 0 0 0 1 5.60759
0 0 0 0 0 5.62172
0 0 0 0 1 5.65378
0 0 0 0 1 5.6512
0 0 0 0 1 5.6989
0 0 0 0 1 5.69732
0 0 0 0 1 5.72918
0 0 0 0 1 5.77268
0 0 0 0 0 5.77633
0 0 0 0 1 5.75775
0 0 0 0 1 5.72621
0 0 0 0 1 5.83385
0 0 0 0 0 5.82048
0 0 0 0 1 5.83088
0 0 0 0 0 5.80586
0 0 0 0 1 5.85601
0 0 0 0 1 5.85492
0 0 0 0 1 5.81224
0 0 0 0 1 5.8276
0 0 0 0 1 5.83829
0 0 0 0 0 5.94903
0 0 0 0 1 5.89387
0 0 0 0 0 5.946
0 0 0 0 1 5.98649
0 0 0 0 1 5.94343
0 0 0 0 0 5.94773
0 0 0 0 1 6.01309
0 0 0 0 1 6.08416
0 0 0 0 0 6.00451
0 0 0 0 1 6.03379
0 0 0 0 1 6.14854
0 0 0 0 0 6.15373
0 0 0 0 1 6.06746
0 0 0 0 0 6.12157
0 0 0 0 1 6.15755
0 0 0 0 1 6.22515
0 0 0 0 1 6.20581
0 0 0 0 0 6.18006
0 0 0 0 1 6.24816
0 0 0 0 0 6.29783
0 0 0 0 0 6.3099
0 0 0 0 1 6.29057
0 0 0 0 0 6.38506
0 0 0 0 1 6.39113
0 0 0 0 1 6.35897
0 0 0 0 1 6.44823
0 0 0 0 1 6.44805
0 0 0 0 1 6.48661
0 0 0 0 0 6.46057
0 0 0 0 1 6.55135
0 0 0 0 1 6.47307
0 0 0 0 1 6.53823
0 0 0 0 1 6.51841
0 0 0 0 1 6.64346
0 0 0 0 1 6.62372
0 0 0 0 1 6.6902
0 0 0 0 1 6.64363
0 0 0 0 1 6.75749
0 0 0 0 1 6.75776
0 0 0 0 0 6.70387
0 0 0 0 0 6.7241
0 0 0 0 1 6.84659
0 0 0 0 1 6.81265
0 0 0 0 1 6.88822
0 0 0 0 1 6.96441
0 0 0 0 1 6.90242
0 0 0 0 1 6.99991
0 0 0 0 0 6.93737
0 0 0 0 0 7.05659
0 0 0 0 1 7.02174
0 0 0 0 1 7.0218
0 0 0 0 1 7.1711
0 0 0 0 1 7.08577
0 0 0 0 1 7.15026
0 0 0 0 1 7.18632
0 0 0 0 1 7.18635
0 0 0 0 1 7.25897
0 0 0 0 1 7.25168
0 0 0 0 1 7.35428
0 0 0 0 1 7.41341
0 0 0 0 1 7.36913
0 0 0 0 0 7.48066
0 0 0 0 1 7.42084
0 0 0 0 0 7.55587
0 0 0 0 1 7.60126
0 0 0 0 1 7.52525
0 0 0 0 0 7.68506
0 0 0 0 1 7.65429
0 0 0 0 1 7.75413
0 0 0 0 0 7.8237
0 0 0 0 1 7.87033
0 0 0 0 0 7.77591
0 0 0 0 1 7.86956
0 0 0 0 1 7.94793
0 0 0 0 1 7.98709
0 0 0 0 1 8.09839
0 0 0 0 1 8.04949
0 0 0 0 0 8.18597
0 0 0 0 1 8.18506
0 0 0 0 1 8.13485
0 0 0 0 0 8.19028
0 0 0 0 1 8.36261
0 0 0 0 1 8.27745
0 0 0 0 1 8.45127
0 0 0 0 1 8.38191
0 0 0 0 1 8.48075
0 0 0 0 0 8.53798
0 0 0 0 1 8.55249
0 0 0 0 1 8.67869
0 0 0 0 0 8.74547
0 0 0 0 1 8.83009
0 0 0 0 0 8.87907
0 0 0 0 1 8.79609
0 0 0 0 1 8.87158
0 0 0 0 1 8.90183
0 0 0 0 0 9.06832
0 0 0 0 1 9.12707
0 0 0 0 1 9.23182
0 0 0 0 1 9.24426
0 0 0 0 1 9.2198
0 0 0 0 1 9.29637
0 0 0 0 0 9.33655
0 0 0 0 0 9.52647
0 0 0 0 1 9.64283
0 0 0 0 1 9.54808
0 0 0 0 1 9.78109
0 0 0 0 1 9.80162
0 0 0 0 1 9.92876
0 0 0 0 1 9.89932
0 0 0 0 1 10.0972
0 0 0 0 1 9.97469
0 0 0 0 0 10.0726
0 0 0 0 1 10.1916
0 0 0 0 1 10.2598
0 0 0 0 1 10.2968
0 0 0 0 1 10.5831
0 0 0 0 1 10.6104
0 0 0 0 1 10.6247
0 0 0 0 1 10.7883
0 0 0 0 1 10.8431
0 0 0 0 1 10.9104
0 0 0 0 1 11.0745
0 0 0 0 1 11.0844
0 0 0 0 1 11.3172
0 0 0 0 0 11.3377
0 0 0 0 1 11.3912
0 0 0 0 1 11.4185
0 0 0 0 1 11.526
0 0 0 0 1 11.6599
0 0 0 0 0 11.7534
0 0 0 0 1 11.8736
0 0 0 0 1 12.0274
0 0 0 0 1 12.1089
0 0 0 0 1 12.4363
0 0 0 0 0 12.4166
0 0 0 0 1 12.5985
0 0 0 0 1 12.791
0 0 0 0 1 12.8313
0 0 0 0 1 12.9958
0 0 0 0 1 13.0826
0 0 0 0 0 13.142
0 0 0 0 1 13.4098
0 0 0 0 1 13.5859
0 0 0 0 1 13.5713
0 0 0 0 1 13.9778
0 0 0 0 0 13.8862
0 0 0 0 1 14.1998
0 0 0 0 0 14.3404
0 0 0 0 0 14.466
0 0 0 0 1 14.5857
0 0 0 0 1 14.8472
0 0 0 0 0 15.1767
0 0 0 0 1 15.1694
0 0 0 0 1 15.2747
0 0 0 0 1 15.7374
0 0 0 0 1 15.7165
0 0 0 0 1 16.2063
0 0 0 0 0 16.3623
0 0 0 0 1 16.451
0 0 0 0 0 16.8396
0 0 0 0 0 16.7918
0 0 0 0 1 14.5974
0 0 0 0 1 14.6359
0 0 0 0 1 14.6628
0 0 0 0 1 14.7016
0 0 0 0 1 14.6969
0 0 0 0 1 14.4333
0 0 0 0 0 14.473
0 0 0 0 0 14.6461
0 0 0 0 1 14.396
0 0 0 0 1 14.5667
0 0 0 0 1 14.4071
0 0 0 0 0 14.3636
0 0 0 0 1 14.3757
0 0 0 0 1 14.5035
0 0 0 0 1 14.4463
0 0 0 0 0 14.3607
0 0 0 0 1 14.4745
0 0 0 0 1 14.447
0 0 0 0 1 14.4319
0 0 0 0 1 14.3905
0 0 0 0 1 14.192
0 0 0 0 0 14.321
0 0 0 0 1 14.2663
0 0 0 0 0 14.3957
0 0 0 0 1 14.2844
0 0 0 0 0 14.3161
0 0 0 0 1 14.3052
0 0 0 0 1 14.1647
0 0 0 0 1 14.1687
0 0 0 0 1 14.2867
0 0 0 0 1 14.3462
0 0 0 0 1 14.3861
0 0 0 0 1 14.7477
0 0 0 0 1 15.2583
0 0 0 0 1 15.5273
0 0 0 0 1 16.186
0 0 0 0 1 16.5528
0 0 0 0 1 17.2421
0 0 0 0 0 17.6247
0 0 0 0 1 40.9483
0 0 0 0 1 41.7833
0 0 0 0 1 44.1759
0 0 0 0 1 45.2024
0 0 0 0 1 47.6946
0 0 0 0 1 49.964
0 0 0 0 1 42.3366
0 0 0 0 1 42.4466
0 0 0 0 1 42.2183
0 0 0 0 1 42.372
0 0 0 0 1 42.4411
0 0 0 0 1 42.3006
0 0 0 0 1 42.0759
0 0 0 0 1 41.8107
0 0 0 0 0 42.558
0 0 0 0 1 42.0413
0 0 0 0 1 42.3688
0 0 0 0 1 45.5242
0 0 0 0 0 4.99998
0 0 0 0 0 5.04507
0 0 0 0 0 5.03004
0 0 0 0 0 4.96992
0 0 0 0 1 35.3878
0 0 0 0 1 35.5254
0 0 0 0 1 35.3107
0 0 0 0 1 35.3788
0 0 0 0 1 35.3772
0 0 0 0 1 35.3761
0 0 0 0 0 35.4111
0 0 0 0 1 34.9176
0 0 0 0 0 34.9539
0 0 0 0 1 35.6257
0 0 0 0 1 35.5222
0 0 0 0 1 35.5606
0 0 0 0 1 35.3878
0 0 0 0 0 5.03505
0 0 0 0 0 5.03505
0 0 0 0 0 4.9599
0 0 0 0 0 5.05509
0 0 0 0 0 4.96491
0 0 0 0 0 4.96992
0 0 0 0 0 4.9599
0 0 0 0 0 4.98996
0 0 0 0 0 5.01501
0 0 0 0 1 95.4369
0 0 0 0 1 90.3275
0 0 0 0 1 85.162
0 0 0 0 1 81.7774
0 0 0 0 1 23.1756
0 0 0 0 0 22.2961
0 0 0 0 1 21.0307
0 0 0 0 1 20.0801
0 0 0 0 1 19.9688
0 0 0 0 1 19.938
0 0 0 0 1 19.9882
0 0 0 0 0 20.059
0 0 0 0 1 20.2299
0 0 0 0 1 20.3217
0 0 0 0 0 20.0911
0 0 0 0 1 20.2847
0 0 0 0 1 20.2567
0 0 0 0 1 20.0267
0 0 0 0 1 20.2825
0 0 0 0 1 20.0732
0 0 0 0 1 20.4316
0 0 0 0 1 20.3243
0 0 0 0 1 20.1766
0 0 0 0 0 20.1306
0 0 0 0 1 20.1865
0 0 0 0 1 20.2615
0 0 0 0 1 20.5645
0 0 0 0 0 20.3367
0 0 0 0 1 20.4556
0 0 0 0 1 35.0351
0 0 0 0 1 34.3903
0 0 0 0 1 33.2693
0 0 0 0 1 32.8919
0 0 0 0 1 32.0103
0 0 0 0 1 31.2209
0 0 0 0 1 31.2096
0 0 0 0 1 30.3159
0 0 0 0 1 29.7516
0 0 0 0 1 29.0143
0 0 0 0 1 28.4751
0 0 0 0 1 28.0883
0 0 0 0 1 27.9951
0 0 0 0 0 27.1168
0 0 0 0 0 26.6383
0 0 0 0 0 26.6462
0 0 0 0 1 26.1233
0 0 0 0 1 25.3485
0 0 0 0 0 25.1242
0 0 0 0 0 24.6072
0 0 0 0 0 24.6369
0 0 0 0 1 24.3179
0 0 0 0 1 23.5422
0 0 0 0 1 23.2805
0 0 0 0 1 23.1789
0 0 0 0 1 22.8171
0 0 0 0 1 22.2774
0 0 0 0 1 22.0195
0 0 0 0 1 21.7485
0 0 0 0 1 21.4221
0 0 0 0 1 21.4578
0 0 0 0 1 21.1186
0 0 0 0 1 20.9572
0 0 0 0 0 20.4634
0 0 0 0 1 20.4129
0 0 0 0 1 19.9665
0 0 0 0 1 19.7326
0 0 0 0 1 19.6558
0 0 0 0 1 19.4109
0 0 0 0 1 18.9947
0 0 0 0 0 19.1031
0 0 0 0 1 18.8027
0 0 0 0 0 18.338
0 0 0 0 1 18.3919
0 0 0 0 1 18.0153
0 0 0 0 1 17.9474
0 0 0 0 0 17.8696
0 0 0 0 1 17.4863
0 0 0 0 1 17.2602
0 0 0 0 1 17.1388
0 0 0 0 1 16.9997
0 0 0 0 1 16.8265
0 0 0 0 1 16.8724
0 0 0 0 1 16.7235
0 0 0 0 0 16.2557
0 0 0 0 1 16.3141
0 0 0 0 1 16.1917
0 0 0 0 1 15.807
0 0 0 0 0 15.8379
0 0 0 0 1 15.6466
0 0 0 0 1 15.3789
0 0 0 0 1 15.3161
0 0 0 0 1 15.2348
0 0 0 0 0 15.2159
0 0 0 0 1 14.9466
0 0 0 0 1 14.891
0 0 0 0 1 14.7226
0 0 0 0 1 14.6487
0 0 0 0 1 14.4845
0 0 0 0 1 14.2752
0 0 0 0 1 14.3476
0 0 0 0 1 14.2845
0 0 0 0 1 14.1924
0 0 0 0 1 13.9106
0 0 0 0 1 13.9089
0 0 0 0 1 13.7769
0 0 0 0 1 13.5176
0 0 0 0 1 13.6184
0 0 0 0 0 13.429
0 0 0 0 1 13.4864
0 0 0 0 1 13.1659
0 0 0 0 1 13.2042
0 0 0 0 1 12.9403
0 0 0 0 1 12.9516
0 0 0 0 1 12.923
0 0 0 0 1 12.9023
0 0 0 0 1 12.5801
0 0 0 0 1 12.5853
0 0 0 0 1 12.552
0 0 0 0 1 12.431
0 0 0 0 1 12.3602
0 0 0 0 1 12.3593
0 0 0 0 1 12.1173
0 0 0 0 1 12.165
0 0 0 0 1 12.1028
0 0 0 0 1 11.9088
0 0 0 0 1 11.8952
0 0 0 0 1 11.8338
0 0 0 0 1 11.8313
0 0 0 0 1 11.6176
0 0 0 0 1 11.5686
0 0 0 0 1 11.5161
0 0 0 0 1 11.5326
0 0 0 0 1 11.3232
0 0 0 0 1 11.4304
0 0 0 0 1 11.3019
0 0 0 0 1 11.2913
0 0 0 0 1 11.2502
0 0 0 0 0 11.0757
0 0 0 0 1 10.98
0 0 0 0 0 10.8958
0 0 0 0 1 10.8855
0 0 0 0 1 10.777
0 0 0 0 1 10.7836
0 0 0 0 1 10.676
0 0 0 0 0 10.6259
0 0 0 0 1 10.754
0 0 0 0 0 10.6471
0 0 0 0 1 10.5199
0 0 0 0 0 10.5195
0 0 0 0 1 10.3622
0 0 0 0 1 10.4452
0 0 0 0 1 10.4339
0 0 0 0 1 10.3682
0 0 0 0 0 10.2749
0 0 0 0 0 10.172
0 0 0 0 1 10.0597
0 0 0 0 1 10.1574
0 0 0 0 0 9.98265
0 0 0 0 0 10.0221
0 0 0 0 1 9.92876
0 0 0 0 0 9.8856
0 0 0 0 1 9.96107
0 0 0 0 1 9.84894
0 0 0 0 1 9.80875
0 0 0 0 1 9.65897
0 0 0 0 0 9.70419
0 0 0 0 1 9.59441
0 0 0 0 0 9.54038
0 0 0 0 0 9.59464
0 0 0 0 1 9.50525
0 0 0 0 1 9.48293
0 0 0 0 1 9.52425
0 0 0 0 0 9.39813
0 0 0 0 1 9.30109
0 0 0 0 1 9.36345
0 0 0 0 1 9.36683
0 0 0 0 1 9.18736
0 0 0 0 1 9.30187
0 0 0 0 1 9.10285
0 0 0 0 1 9.24416
0 0 0 0 1 9.21342
0 0 0 0 1 9.18034
0 0 0 0 0 8.99345
0 0 0 0 1 9.10563
0 0 0 0 0 8.90221
0 0 0 0 0 8.87304
0 0 0 0 1 8.99308
0 0 0 0 1 8.88107
0 0 0 0 1 8.89381
0 0 0 0 0 8.85345
0 0 0 0 1 8.8485
0 0 0 0 1 8.75332
0 0 0 0 1 8.78618
0 0 0 0 1 8.7179
0 0 0 0 0 8.73937
0 0 0 0 1 8.71488
0 0 0 0 0 8.54909
0 0 0 0 1 8.51666
0 0 0 0 1 8.49562
0 0 0 0 1 8.47205
0 0 0 0 1 8.49382
0 0 0 0 1 8.56632
0 0 0 0 0 8.42435
0 0 0 0 1 8.3449
0 0 0 0 1 8.4818
0 0 0 0 1 8.41941
0 0 0 0 1 8.32969
0 0 0 0 1 8.24881
0 0 0 0 1 8.2542
0 0 0 0 1 8.36451
0 0 0 0 1 8.22921
0 0 0 0 1 8.19078
0 0 0 0 1 8.26751
0 0 0 0 0 8.10922
0 0 0 0 1 8.07967
0 0 0 0 1 8.05844
0 0 0 0 1 8.11041
0 0 0 0 0 8.08927
0 0 0 0 1 8.16571
0 0 0 0 0 8.03175
0 0 0 0 1 7.98699
0 0 0 0 1 7.97459
0 0 0 0 1 8.01832
0 0 0 0 1 7.99002
0 0 0 0 1 7.92509
0 0 0 0 1 8.00549
0 0 0 0 1 7.97759
0 0 0 0 1 7.88666
0 0 0 0 1 7.9539
0 0 0 0 1 7.85574
0 0 0 0 1 7.86793
0 0 0 0 1 7.79405
0 0 0 0 1 7.79867
0 0 0 0 0 7.76904
0 0 0 0 1 7.78158
0 0 0 0 1 7.68877
0 0 0 0 1 7.68293
0 0 0 0 1 7.78072
0 0 0 0 1 7.75172
0 0 0 0 0 7.7261
0 0 0 0 1 7.62399
0 0 0 0 0 7.6875
0 0 0 0 1 7.61659
0 0 0 0 1 7.54609
0 0 0 0 1 7.6628
0 0 0 0 1 7.52431
0 0 0 0 1 7.56835
0 0 0 0 1 7.57862
0 0 0 0 1 7.50935
0 0 0 0 1 7.46307
0 0 0 0 1 7.45112
0 0 0 0 1 7.52537
0 0 0 0 0 7.53953
0 0 0 0 0 7.49786
0 0 0 0 1 7.46747
0 0 0 0 1 7.50432
0 0 0 0 1 7.50415
0 0 0 0 1 7.39255
0 0 0 0 1 7.33339
0 0 0 0 0 7.3891
0 0 0 0 0 7.4411
0 0 0 0 1 7.39344
0 0 0 0 0 7.37544
0 0 0 0 1 7.37613
0 0 0 0 1 7.35495
0 0 0 0 1 7.2602
0 0 0 0 1 7.2907
0 0 0 0 1 7.30663
0 0 0 0 1 7.28219
0 0 0 0 1 7.22878
0 0 0 0 1 7.21606
0 0 0 0 1 7.2139
0 0 0 0 1 7.32056
0 0 0 0 0 7.24299
0 0 0 0 1 7.24111
