0 0 0 0 1 5.23376
0 0 0 0 1 5.25029
0 0 0 0 0 5.22307
0 0 0 0 0 5.17708
0 0 0 0 1 5.23883
0 0 0 0 0 5.20333
0 0 0 0 0 5.27273
0 0 0 0 1 5.23532
0 0 0 0 1 5.30511
0 0 0 0 1 5.31188
0 0 0 0 1 5.31161
0 0 0 0 0 5.25326
0 0 0 0 1 5.29199
0 0 0 0 1 5.29903
0 0 0 0 1 5.29378
0 0 0 0 1 5.27969
0 0 0 0 1 5.31722
0 0 0 0 1 5.30322
0 0 0 0 1 5.38926
0 0 0 0 1 5.37542
0 0 0 0 0 5.36003
0 0 0 0 1 5.38923
0 0 0 0 1 5.39554
0 0 0 0 0 5.38576
0 0 0 0 0 5.42615
0 0 0 0 1 5.45044
0 0 0 0 1 5.47351
0 0 0 0 1 5.44779
0 0 0 0 1 5.44386
0 0 0 0 1 5.41942
0 0 0 0 1 5.48124
0 0 0 0 0 5.45561
0 0 0 0 1 5.46965
0 0 0 0 1 5.48376
0 0 0 0 1 5.47473
0 0 0 0 1 5.5155
0 0 0 0 0 5.58981
0 0 0 0 1 5.58219
0 0 0 0 1 5.55128
0 0 0 0 1 5.61517
0 0 0 0 1 5.62443
0 0 0 0 1 5.55995
0 0 0 0 1 5.56264
0 0 0 0 0 5.60482
0 0 0 0 1 5.69892
0 0 0 0 1 5.71342
0 0 0 0 1 5.64214
0 0 0 0 1 5.72006
0 0 0 0 1 5.72348
0 0 0 0 1 5.70409
0 0 0 0 0 5.7706
0 0 0 0 0 5.73479
0 0 0 0 1 5.78958
0 0 0 0 1 5.83385
0 0 0 0 1 5.7336
0 0 0 0 1 5.76706
0 0 0 0 1 5.84076
0 0 0 0 1 5.8093
0 0 0 0 1 5.79643
0 0 0 0 1 5.87089
0 0 0 0 1 5.91001
0 0 0 0 1 5.90906
0 0 0 0 1 5.90763
0 0 0 0 1 5.9651
0 0 0 0 1 5.89243
0 0 0 0 1 5.97455
0 0 0 0 1 5.94941
0 0 0 0 1 5.96575
0 0 0 0 1 6.00105
0 0 0 0 1 6.00561
0 0 0 0 1 6.07722
0 0 0 0 1 6.13101
0 0 0 0 1 6.11198
0 0 0 0 1 6.15984
0 0 0 0 1 6.13488
0 0 0 0 1 6.2077
0 0 0 0 0 6.1205
0 0 0 0 1 6.15089
0 0 0 0 1 6.15611
0 0 0 0 1 6.24242
0 0 0 0 0 6.29194
0 0 0 0 1 6.32292
0 0 0 0 1 6.28471
0 0 0 0 1 6.3032
0 0 0 0 1 6.32799
0 0 0 0 1 6.31474
0 0 0 0 0 6.33982
0 0 0 0 1 6.45464
0 0 0 0 0 6.37083
0 0 0 0 0 6.39625
0 0 0 0 0 6.54481
0 0 0 0 1 6.44086
0 0 0 0 1 6.46655
0 0 0 0 1 6.6103
0 0 0 0 0 6.53155
0 0 0 0 1 6.65006
0 0 0 0 0 6.58394
0 0 0 0 1 6.64365
0 0 0 0 1 6.73043
0 0 0 0 1 6.73738
0 0 0 0 0 6.73756
0 0 0 0 1 6.81876
0 0 0 0 1 6.7241
0 0 0 0 1 6.77165
0 0 0 0 1 6.86737
0 0 0 0 0 6.8058
0 0 0 0 1 6.87468
0 0 0 0 1 6.94396
0 0 0 0 0 6.94424
0 0 0 0 1 6.9234
0 0 0 0 1 6.97241
0 0 0 0 1 7.12044
0 0 0 0 1 7.14213
0 0 0 0 1 7.06438
0 0 0 0 1 7.1072
0 0 0 0 1 7.1359
0 0 0 0 1 7.25119
0 0 0 0 1 7.27329
0 0 0 0 0 7.31715
0 0 0 0 0 7.3394
0 0 0 0 1 7.38364
0 0 0 0 0 7.30277
0 0 0 0 1 7.35431
0 0 0 0 1 7.51046
0 0 0 0 1 7.54814
0 0 0 0 1 7.48814
0 0 0 0 0 7.60883
0 0 0 0 1 7.52525
0 0 0 0 1 7.59339
0 0 0 0 0 7.70035
0 0 0 0 1 7.66154
0 0 0 0 1 7.69951
0 0 0 0 1 7.83133
0 0 0 0 1 7.90145
0 0 0 0 1 7.86168
0 0 0 0 1 7.9638
0 0 0 0 1 7.95521
0 0 0 0 0 8.06631
0 0 0 0 1 8.10589
0 0 0 0 1 8.11302
0 0 0 0 1 8.16876
0 0 0 0 1 8.21677
0 0 0 0 1 8.20677
0 0 0 0 1 8.35432
0 0 0 0 0 8.4193
0 0 0 0 1 8.35896
0 0 0 0 1 8.49165
0 0 0 0 1 8.54023
0 0 0 0 1 8.46107
0 0 0 0 1 8.62985
0 0 0 0 1 8.60946
0 0 0 0 1 8.68456
0 0 0 0 0 8.80383
0 0 0 0 1 8.77327
0 0 0 0 1 8.82269
0 0 0 0 1 8.86266
0 0 0 0 1 9.05469
0 0 0 0 0 9.07737
0 0 0 0 1 9.09064
0 0 0 0 1 9.21348
0 0 0 0 1 9.32738
0 0 0 0 1 9.35921
0 0 0 0 1 9.29637
0 0 0 0 0 9.32713
0 0 0 0 0 9.43149
0 0 0 0 1 9.54716
0 0 0 0 1 9.54808
0 0 0 0 1 9.61613
0 0 0 0 1 9.68436
0 0 0 0 1 9.78101
0 0 0 0 1 9.939
0 0 0 0 1 9.90722
0 0 0 0 0 10.015
0 0 0 0 1 10.1843
0 0 0 0 0 10.1813
0 0 0 0 0 10.3319
0 0 0 0 0 10.4838
0 0 0 0 1 10.5726
0 0 0 0 1 10.6632
0 0 0 0 1 10.6673
0 0 0 0 1 10.6595
0 0 0 0 0 10.8215
0 0 0 0 0 10.8448
0 0 0 0 1 10.9974
0 0 0 0 1 11.0066
0 0 0 0 0 11.1602
0 0 0 0 1 11.2359
0 0 0 0 1 11.4369
0 0 0 0 1 11.5107
0 0 0 0 1 11.747
0 0 0 0 1 11.742
0 0 0 0 0 11.7889
0 0 0 0 1 11.8377
0 0 0 0 1 12.0877
0 0 0 0 0 12.1821
0 0 0 0 1 12.3871
0 0 0 0 1 12.5534
0 0 0 0 1 12.4603
0 0 0 0 1 12.6388
0 0 0 0 1 12.857
0 0 0 0 1 13.0347
0 0 0 0 1 13.0695
0 0 0 0 1 13.3669
0 0 0 0 1 13.4901
0 0 0 0 0 13.6671
0 0 0 0 0 13.6534
0 0 0 0 1 13.9362
0 0 0 0 0 13.9702
0 0 0 0 1 14.2989
0 0 0 0 1 14.4693
0 0 0 0 1 14.553
0 0 0 0 1 14.5857
0 0 0 0 1 14.877
0 0 0 0 1 14.9962
0 0 0 0 1 15.3217
0 0 0 0 1 15.321
0 0 0 0 1 15.5655
0 0 0 0 1 15.8589
0 0 0 0 1 15.9817
0 0 0 0 0 16.1184
0 0 0 0 1 16.6488
0 0 0 0 1 16.5887
0 0 0 0 1 17.0293
0 0 0 0 1 14.656
0 0 0 0 1 14.519
0 0 0 0 1 14.5168
0 0 0 0 1 14.6141
0 0 0 0 1 14.4639
0 0 0 0 1 14.4624
0 0 0 0 0 14.473
0 0 0 0 1 14.6316
0 0 0 0 0 14.3815
0 0 0 0 1 14.5232
0 0 0 0 1 14.5806
0 0 0 0 1 14.5081
0 0 0 0 0 14.5778
0 0 0 0 1 14.2873
0 0 0 0 1 14.5328
0 0 0 0 0 14.2456
0 0 0 0 1 14.2733
0 0 0 0 1 14.4613
0 0 0 0 0 14.2884
0 0 0 0 1 14.2329
0 0 0 0 1 14.2349
0 0 0 0 1 14.321
0 0 0 0 1 14.2806
0 0 0 0 0 14.4099
0 0 0 0 1 14.3272
0 0 0 0 1 14.202
0 0 0 0 0 14.1342
0 0 0 0 1 14.2217
0 0 0 0 0 14.2968
0 0 0 0 1 14.1161
0 0 0 0 1 14.2468
0 0 0 0 1 14.3718
0 0 0 0 1 14.8806
0 0 0 0 1 15.2279
0 0 0 0 0 15.7465
0 0 0 0 1 16.0731
0 0 0 0 1 16.5861
0 0 0 0 1 17.1733
0 0 0 0 1 17.7137
0 0 0 0 1 40.257
0 0 0 0 1 42.2471
0 0 0 0 1 44.0446
0 0 0 0 1 45.1113
0 0 0 0 1 47.742
0 0 0 0 0 49.4198
0 0 0 0 1 42.3366
0 0 0 0 0 42.1084
0 0 0 0 0 42.6831
0 0 0 0 1 42.4565
0 0 0 0 1 42.3566
0 0 0 0 1 41.8362
0 0 0 0 1 42.1181
0 0 0 0 1 42.106
0 0 0 0 1 41.8409
0 0 0 0 1 42.5895
0 0 0 0 1 42.3266
0 0 0 0 1 45.7072
0 0 0 0 0 5.05008
0 0 0 0 0 5.00499
0 0 0 0 0 5.00499
0 0 0 0 0 5.02503
0 0 0 0 1 35.5643
0 0 0 0 1 35.4195
0 0 0 0 1 35.5577
0 0 0 0 1 35.1672
0 0 0 0 1 35.3772
0 0 0 0 1 35.0587
0 0 0 0 1 35.2347
0 0 0 0 1 35.623
0 0 0 0 1 35.2008
0 0 0 0 1 35.0614
0 0 0 0 1 35.4164
0 0 0 0 1 35.2078
0 0 0 0 1 35.1762
0 0 0 0 0 4.97493
0 0 0 0 0 4.97493
0 0 0 0 0 4.97493
0 0 0 0 0 5.02002
0 0 0 0 0 5.04507
0 0 0 0 0 4.97493
0 0 0 0 0 5.03505
0 0 0 0 0 5.05008
0 0 0 0 0 4.96992
0 0 0 0 0 95.628
0 0 0 0 1 89.6971
0 0 0 0 1 85.5886
0 0 0 0 1 81.4535
0 0 0 0 1 23.2222
0 0 0 0 1 21.9637
0 0 0 0 0 20.946
0 0 0 0 1 20.1206
0 0 0 0 1 20.3311
0 0 0 0 1 20.079
0 0 0 0 1 20.2502
0 0 0 0 1 20.0388
0 0 0 0 1 20.0282
0 0 0 0 1 20.1401
0 0 0 0 1 20.2526
0 0 0 0 1 20.3656
0 0 0 0 1 20.3173
0 0 0 0 1 20.0873
0 0 0 0 1 20.3837
0 0 0 0 0 20.3366
0 0 0 0 1 20.31
0 0 0 0 1 20.446
0 0 0 0 1 20.3795
0 0 0 0 0 20.2525
0 0 0 0 1 20.2882
0 0 0 0 1 20.4446
0 0 0 0 1 20.4219
0 0 0 0 1 20.4182
0 0 0 0 1 20.476
0 0 0 0 0 35.2796
0 0 0 0 1 33.8775
0 0 0 0 1 33.6375
0 0 0 0 1 32.5308
0 0 0 0 1 32.2999
0 0 0 0 1 31.284
0 0 0 0 1 31.2405
0 0 0 0 1 30.4677
0 0 0 0 1 29.5432
0 0 0 0 1 29.5413
0 0 0 0 1 28.9353
0 0 0 0 0 28.3991
0 0 0 0 1 27.5507
0 0 0 0 0 27.226
0 0 0 0 0 26.9605
0 0 0 0 1 26.567
0 0 0 0 1 25.9674
0 0 0 0 0 25.7834
0 0 0 0 1 25.2503
0 0 0 0 1 25.0293
0 0 0 0 0 24.3677
0 0 0 0 1 24.2215
0 0 0 0 1 23.7085
0 0 0 0 1 23.3039
0 0 0 0 1 23.2481
0 0 0 0 1 22.9765
0 0 0 0 1 22.5918
0 0 0 0 1 22.0638
0 0 0 0 1 21.9234
0 0 0 0 0 21.4221
0 0 0 0 1 21.5431
0 0 0 0 1 21.0975
0 0 0 0 1 20.7285
0 0 0 0 1 20.7305
0 0 0 0 1 20.4332
0 0 0 0 1 20.0867
0 0 0 0 1 19.8713
0 0 0 0 1 19.3817
0 0 0 0 1 19.469
0 0 0 0 1 19.1668
0 0 0 0 1 18.8383
0 0 0 0 1 18.7278
0 0 0 0 0 18.6711
0 0 0 0 1 18.3553
0 0 0 0 0 18.2506
0 0 0 0 1 18.0549
0 0 0 0 1 17.9051
0 0 0 0 1 17.4863
0 0 0 0 1 17.4168
0 0 0 0 1 17.2077
0 0 0 0 1 16.8803
0 0 0 0 0 16.7927
0 0 0 0 0 16.8557
0 0 0 0 1 16.591
0 0 0 0 1 16.3213
0 0 0 0 1 16.3303
0 0 0 0 1 16.24
0 0 0 0 1 16.0622
0 0 0 0 1 15.7746
0 0 0 0 1 15.5056
0 0 0 0 1 15.5962
0 0 0 0 1 15.4239
0 0 0 0 1 15.372
0 0 0 0 1 15.0949
0 0 0 0 1 15.1265
0 0 0 0 1 15.01
0 0 0 0 1 14.7963
0 0 0 0 1 14.5171
0 0 0 0 1 14.6587
0 0 0 0 1 14.5055
0 0 0 0 0 14.3333
0 0 0 0 0 14.2136
0 0 0 0 0 13.9953
0 0 0 0 1 14.0223
0 0 0 0 0 13.8673
0 0 0 0 1 13.7081
0 0 0 0 1 13.6405
0 0 0 0 1 13.5235
0 0 0 0 1 13.4828
0 0 0 0 1 13.3128
0 0 0 0 1 13.2189
0 0 0 0 1 13.0726
0 0 0 0 1 13.1625
0 0 0 0 1 12.9386
0 0 0 0 1 12.7555
0 0 0 0 1 12.9279
0 0 0 0 1 12.7326
0 0 0 0 1 12.6106
0 0 0 0 1 12.6397
0 0 0 0 0 12.5057
0 0 0 0 1 12.2489
0 0 0 0 0 12.2609
0 0 0 0 1 12.2028
0 0 0 0 1 12.2257
0 0 0 0 0 12.0304
0 0 0 0 1 11.9088
0 0 0 0 0 11.9906
0 0 0 0 1 11.9641
0 0 0 0 1 11.6547
0 0 0 0 1 11.7814
0 0 0 0 1 11.5221
0 0 0 0 0 11.4582
0 0 0 0 0 11.4866
0 0 0 0 1 11.5403
0 0 0 0 1 11.3736
0 0 0 0 0 11.3471
0 0 0 0 0 11.2913
0 0 0 0 1 11.1385
0 0 0 0 1 11.1979
0 0 0 0 1 11.1236
0 0 0 0 1 10.8739
0 0 0 0 1 10.8199
0 0 0 0 1 10.9292
0 0 0 0 1 10.7512
0 0 0 0 1 10.848
0 0 0 0 1 10.7973
0 0 0 0 1 10.7327
0 0 0 0 1 10.6365
0 0 0 0 1 10.6359
0 0 0 0 1 10.509
0 0 0 0 1 10.3622
0 0 0 0 0 10.3204
0 0 0 0 1 10.2374
0 0 0 0 1 10.2137
0 0 0 0 1 10.2749
0 0 0 0 1 10.172
0 0 0 0 1 10.1814
0 0 0 0 1 10.1473
0 0 0 0 1 10.1133
0 0 0 0 1 10.0621
0 0 0 0 1 9.88892
0 0 0 0 0 9.86576
0 0 0 0 0 9.82286
0 0 0 0 1 9.92758
0 0 0 0 1 9.75007
0 0 0 0 0 9.75634
0 0 0 0 1 9.62664
0 0 0 0 1 9.63302
0 0 0 0 1 9.62694
0 0 0 0 1 9.47973
0 0 0 0 1 9.52432
0 0 0 0 1 9.48293
0 0 0 0 1 9.43912
0 0 0 0 1 9.4358
0 0 0 0 1 9.32922
0 0 0 0 1 9.39146
0 0 0 0 1 9.37613
0 0 0 0 1 9.32628
0 0 0 0 0 9.30187
0 0 0 0 1 9.14883
0 0 0 0 1 9.19836
0 0 0 0 1 9.14044
0 0 0 0 1 9.01673
0 0 0 0 0 8.98439
0 0 0 0 0 8.97929
0 0 0 0 1 9.00113
0 0 0 0 1 9.01629
0 0 0 0 0 9.01092
0 0 0 0 1 8.80106
0 0 0 0 1 8.94696
0 0 0 0 1 8.74752
0 0 0 0 1 8.80452
0 0 0 0 1 8.70069
0 0 0 0 1 8.77744
0 0 0 0 1 8.70048
0 0 0 0 1 8.64391
0 0 0 0 1 8.64565
0 0 0 0 1 8.63527
0 0 0 0 1 8.67994
0 0 0 0 1 8.52131
0 0 0 0 0 8.48059
0 0 0 0 1 8.5534
0 0 0 0 1 8.45606
0 0 0 0 1 8.44972
0 0 0 0 1 8.37019
0 0 0 0 1 8.41455
0 0 0 0 1 8.36076
0 0 0 0 1 8.42995
0 0 0 0 1 8.35713
0 0 0 0 0 8.36216
0 0 0 0 1 8.35623
0 0 0 0 0 8.24571
0 0 0 0 0 8.16608
0 0 0 0 1 8.16078
0 0 0 0 0 8.13377
0 0 0 0 0 8.15312
0 0 0 0 1 8.18053
0 0 0 0 1 8.15912
0 0 0 0 1 8.17834
0 0 0 0 1 8.06061
0 0 0 0 1 7.99143
0 0 0 0 1 7.96286
0 0 0 0 1 8.10296
0 0 0 0 1 8.01832
0 0 0 0 1 7.95011
0 0 0 0 0 7.90122
0 0 0 0 0 7.93401
0 0 0 0 1 7.91421
0 0 0 0 1 7.87086
0 0 0 0 0 7.82778
0 0 0 0 1 7.85574
0 0 0 0 1 7.82871
0 0 0 0 1 7.88796
0 0 0 0 1 7.87673
0 0 0 0 1 7.72228
0 0 0 0 1 7.75826
0 0 0 0 1 7.67327
0 0 0 0 1 7.6984
0 0 0 0 0 7.66494
0 0 0 0 1 7.65155
0 0 0 0 1 7.64923
0 0 0 0 1 7.7237
0 0 0 0 1 7.61859
0 0 0 0 1 7.70826
0 0 0 0 1 7.64518
0 0 0 0 1 7.54866
0 0 0 0 1 7.61542
0 0 0 0 1 7.60623
0 0 0 0 1 7.53324
0 0 0 0 1 7.48671
0 0 0 0 0 7.57603
0 0 0 0 1 7.57142
0 0 0 0 1 7.48036
0 0 0 0 0 7.46466
0 0 0 0 0 7.46048
0 0 0 0 0 7.48985
0 0 0 0 1 7.47454
0 0 0 0 1 7.45208
0 0 0 0 1 7.39998
0 0 0 0 1 7.3482
0 0 0 0 0 7.44827
0 0 0 0 0 7.45587
0 0 0 0 1 7.36396
0 0 0 0 1 7.31656
0 0 0 0 1 7.31735
0 0 0 0 1 7.38428
0 0 0 0 0 7.31148
0 0 0 0 1 7.3492
0 0 0 0 0 7.25553
0 0 0 0 0 7.31864
0 0 0 0 1 7.21422
0 0 0 0 1 7.28873
0 0 0 0 1 7.29373
0 0 0 0 0 7.20459
0 0 0 0 1 7.29364
0 0 0 0 1 7.24111
