0 0 0 0 0 5.19214
0 0 0 0 1 5.24508
0 0 0 0 1 5.23351
0 0 0 0 1 5.24499
0 0 0 0 1 5.27023
0 0 0 0 1 5.20857
0 0 0 0 1 5.236
0 0 0 0 1 5.23007
0 0 0 0 1 5.27353
0 0 0 0 1 5.28026
0 0 0 0 0 5.22713
0 0 0 0 1 5.27971
0 0 0 0 1 5.32907
0 0 0 0 1 5.2566
0 0 0 0 1 5.27784
0 0 0 0 1 5.29033
0 0 0 0 1 5.34922
0 0 0 0 0 5.37798
0 0 0 0 1 5.34644
0 0 0 0 1 5.30574
0 0 0 0 0 5.40837
0 0 0 0 1 5.35158
0 0 0 0 1 5.34703
0 0 0 0 1 5.39116
0 0 0 0 1 5.35582
0 0 0 0 1 5.46669
0 0 0 0 1 5.37577
0 0 0 0 1 5.42603
0 0 0 0 1 5.46022
0 0 0 0 0 5.43581
0 0 0 0 1 5.45386
0 0 0 0 1 5.49403
0 0 0 0 1 5.46965
0 0 0 0 1 5.45073
0 0 0 0 1 5.56303
0 0 0 0 1 5.58742
0 0 0 0 1 5.48999
0 0 0 0 1 5.53776
0 0 0 0 1 5.58469
0 0 0 0 1 5.59843
0 0 0 0 1 5.55734
0 0 0 0 1 5.59358
0 0 0 0 1 5.6413
0 0 0 0 0 5.58229
0 0 0 0 1 5.65942
0 0 0 0 1 5.6116
0 0 0 0 1 5.71593
0 0 0 0 1 5.70301
0 0 0 0 1 5.72348
0 0 0 0 1 5.70409
0 0 0 0 1 5.75341
0 0 0 0 1 5.73479
0 0 0 0 0 5.78382
0 0 0 0 1 5.79919
0 0 0 0 1 5.76835
0 0 0 0 1 5.80767
0 0 0 0 0 5.85821
0 0 0 0 1 5.78595
0 0 0 0 1 5.87246
0 0 0 0 1 5.90608
0 0 0 0 1 5.83938
0 0 0 0 1 5.85008
0 0 0 0 1 5.86032
0 0 0 0 1 5.98884
0 0 0 0 1 5.99956
0 0 0 0 1 5.99246
0 0 0 0 1 5.96138
0 0 0 0 0 5.94773
0 0 0 0 1 6.05523
0 0 0 0 1 6.03582
0 0 0 0 0 6.11963
0 0 0 0 1 6.01556
0 0 0 0 0 6.10589
0 0 0 0 1 6.13538
0 0 0 0 1 6.11649
0 0 0 0 1 6.15849
0 0 0 0 1 6.18844
0 0 0 0 1 6.15089
0 0 0 0 1 6.27414
0 0 0 0 1 6.27984
0 0 0 0 1 6.20438
0 0 0 0 1 6.32919
0 0 0 0 0 6.25952
0 0 0 0 1 6.37899
0 0 0 0 1 6.32165
0 0 0 0 1 6.42296
0 0 0 0 1 6.32067
0 0 0 0 1 6.42259
0 0 0 0 1 6.3837
0 0 0 0 0 6.40916
0 0 0 0 1 6.53833
0 0 0 0 1 6.50585
0 0 0 0 0 6.59053
0 0 0 0 1 6.48582
0 0 0 0 1 6.51841
0 0 0 0 1 6.57089
0 0 0 0 1 6.63698
0 0 0 0 1 6.6237
0 0 0 0 1 6.69704
0 0 0 0 1 6.67034
0 0 0 0 1 6.7241
0 0 0 0 1 6.69036
0 0 0 0 1 6.75803
0 0 0 0 1 6.82615
0 0 0 0 0 6.78529
0 0 0 0 1 6.90882
0 0 0 0 1 6.86778
0 0 0 0 1 6.97857
0 0 0 0 1 6.97208
0 0 0 0 1 7.02819
0 0 0 0 1 6.95838
0 0 0 0 0 7.10634
0 0 0 0 1 7.05011
0 0 0 0 1 7.12841
0 0 0 0 0 7.12148
0 0 0 0 1 7.18616
0 0 0 0 1 7.23678
0 0 0 0 0 7.22982
0 0 0 0 0 7.3317
0 0 0 0 1 7.23706
0 0 0 0 1 7.31024
0 0 0 0 0 7.39128
0 0 0 0 1 7.4062
0 0 0 0 1 7.4285
0 0 0 0 1 7.48075
0 0 0 0 1 7.45051
0 0 0 0 1 7.60883
0 0 0 0 0 7.54045
0 0 0 0 1 7.57047
0 0 0 0 1 7.7157
0 0 0 0 0 7.7927
0 0 0 0 1 7.71503
0 0 0 0 1 7.78453
0 0 0 0 0 7.88576
0 0 0 0 1 7.90899
0 0 0 0 0 7.89241
0 0 0 0 1 8.04289
0 0 0 0 1 8.01019
0 0 0 0 0 8.00115
0 0 0 0 1 8.02387
0 0 0 0 1 8.08723
0 0 0 0 1 8.24134
0 0 0 0 1 8.18203
0 0 0 0 1 8.25486
0 0 0 0 1 8.27745
0 0 0 0 1 8.4261
0 0 0 0 1 8.50853
0 0 0 0 1 8.56572
0 0 0 0 1 8.58926
0 0 0 0 1 8.63844
0 0 0 0 1 8.57485
0 0 0 0 1 8.68456
0 0 0 0 1 8.80383
0 0 0 0 1 8.72918
0 0 0 0 1 8.87589
0 0 0 0 0 8.86266
0 0 0 0 1 9.00974
0 0 0 0 1 9.05927
0 0 0 0 1 9.19994
0 0 0 0 1 9.23182
0 0 0 0 1 9.17038
0 0 0 0 1 9.32203
0 0 0 0 1 9.30573
0 0 0 0 0 9.51556
0 0 0 0 1 9.59296
0 0 0 0 1 9.48976
0 0 0 0 1 9.71187
0 0 0 0 1 9.79079
0 0 0 0 1 9.76254
0 0 0 0 0 9.87951
0 0 0 0 1 9.95883
0 0 0 0 0 9.97721
0 0 0 0 1 10.0855
0 0 0 0 1 10.093
0 0 0 0 1 10.2939
0 0 0 0 1 10.3526
0 0 0 0 1 10.2968
0 0 0 0 1 10.4573
0 0 0 0 1 10.5154
0 0 0 0 1 10.7418
0 0 0 0 1 10.6917
0 0 0 0 1 10.9189
0 0 0 0 1 10.8558
0 0 0 0 1 11.0304
0 0 0 0 0 11.0621
0 0 0 0 1 11.2836
0 0 0 0 1 11.2472
0 0 0 0 0 11.4483
0 0 0 0 0 11.5337
0 0 0 0 1 11.7004
0 0 0 0 1 11.6364
0 0 0 0 1 11.8008
0 0 0 0 0 12.017
0 0 0 0 1 12.1481
0 0 0 0 0 12.2187
0 0 0 0 1 12.3255
0 0 0 0 1 12.429
0 0 0 0 1 12.5482
0 0 0 0 1 12.6007
0 0 0 0 1 12.78
0 0 0 0 1 13.0217
0 0 0 0 1 13.0302
0 0 0 0 1 13.2611
0 0 0 0 0 13.3563
0 0 0 0 1 13.6671
0 0 0 0 1 13.6945
0 0 0 0 1 13.9778
0 0 0 0 1 14.0542
0 0 0 0 1 14.2422
0 0 0 0 0 14.2544
0 0 0 0 1 14.3791
0 0 0 0 1 14.659
0 0 0 0 1 14.8918
0 0 0 0 1 14.921
0 0 0 0 1 15.1084
0 0 0 0 1 15.3056
0 0 0 0 1 15.6905
0 0 0 0 1 15.8431
0 0 0 0 1 15.9977
0 0 0 0 0 16.4274
0 0 0 0 1 16.3356
0 0 0 0 1 16.6891
0 0 0 0 0 17.1141
0 0 0 0 1 14.5388
0 0 0 0 1 14.5775
0 0 0 0 1 14.7358
0 0 0 0 1 14.4829
0 0 0 0 1 14.4493
0 0 0 0 1 14.5788
0 0 0 0 1 14.4439
0 0 0 0 1 14.6025
0 0 0 0 0 14.4395
0 0 0 0 1 14.3929
0 0 0 0 1 14.4071
0 0 0 0 1 14.4214
0 0 0 0 1 14.5489
0 0 0 0 1 14.5035
0 0 0 0 1 14.3455
0 0 0 0 1 14.4615
0 0 0 0 1 14.5033
0 0 0 0 1 14.2316
0 0 0 0 1 14.2597
0 0 0 0 1 14.4765
0 0 0 0 1 14.2349
0 0 0 0 1 14.4498
0 0 0 0 1 14.152
0 0 0 0 0 14.2386
0 0 0 0 1 14.3557
0 0 0 0 1 14.145
0 0 0 0 1 14.2055
0 0 0 0 1 14.1078
0 0 0 0 1 14.2968
0 0 0 0 1 14.3009
0 0 0 0 1 14.0621
0 0 0 0 0 14.4292
0 0 0 0 1 14.7034
0 0 0 0 1 15.1367
0 0 0 0 1 15.7308
0 0 0 0 0 16.1699
0 0 0 0 1 16.7193
0 0 0 0 1 17.2766
0 0 0 0 0 17.7671
0 0 0 0 1 40.8263
0 0 0 0 0 41.8676
0 0 0 0 1 43.4754
0 0 0 0 1 45.7486
0 0 0 0 0 47.3628
0 0 0 0 0 49.123
0 0 0 0 1 42.3789
0 0 0 0 1 42.6157
0 0 0 0 0 42.0492
0 0 0 0 1 42.372
0 0 0 0 1 41.9343
0 0 0 0 1 41.8362
0 0 0 0 1 42.3713
0 0 0 0 1 42.2326
0 0 0 0 0 42.2205
0 0 0 0 1 42.4208
0 0 0 0 1 42.0315
0 0 0 0 1 45.8902
0 0 0 0 0 5.00499
0 0 0 0 0 4.97493
0 0 0 0 0 4.9599
0 0 0 0 0 4.96992
0 0 0 0 1 34.9997
0 0 0 0 0 35.1373
0 0 0 0 1 35.3107
0 0 0 0 1 35.2025
0 0 0 0 1 35.3772
0 0 0 0 1 35.1292
0 0 0 0 1 35.4464
0 0 0 0 0 35.4819
0 0 0 0 1 35.3419
0 0 0 0 1 35.1672
0 0 0 0 0 35.3105
0 0 0 0 1 35.5606
0 0 0 0 1 35.3526
0 0 0 0 0 4.98495
0 0 0 0 0 4.99998
0 0 0 0 0 5.03505
0 0 0 0 0 4.96992
0 0 0 0 0 5.05008
0 0 0 0 0 5.05008
0 0 0 0 0 4.98996
0 0 0 0 0 4.96491
0 0 0 0 0 4.98996
0 0 0 0 1 94.5771
0 0 0 0 0 89.1568
0 0 0 0 1 84.65
0 0 0 0 0 81.4535
0 0 0 0 0 23.5014
0 0 0 0 1 22.0745
0 0 0 0 1 21.0941
0 0 0 0 1 20.3028
0 0 0 0 1 20.2909
0 0 0 0 1 20.0589
0 0 0 0 1 20.3106
0 0 0 0 0 19.9784
0 0 0 0 1 20.1895
0 0 0 0 1 20.2208
0 0 0 0 0 19.9901
0 0 0 0 0 20.1635
0 0 0 0 1 20.0343
0 0 0 0 0 20.1683
0 0 0 0 1 20.2825
0 0 0 0 1 20.2758
0 0 0 0 0 20.2086
0 0 0 0 1 20.1214
0 0 0 0 1 20.2578
0 0 0 0 1 20.354
0 0 0 0 0 20.5321
0 0 0 0 1 20.2818
0 0 0 0 1 20.2387
0 0 0 0 1 20.2348
0 0 0 0 1 20.5168
0 0 0 0 1 35.2446
0 0 0 0 1 34.2535
0 0 0 0 1 33.6709
0 0 0 0 1 32.5308
0 0 0 0 1 31.8495
0 0 0 0 1 31.694
0 0 0 0 1 31.024
0 0 0 0 1 30.2553
0 0 0 0 1 29.5432
0 0 0 0 1 29.0143
0 0 0 0 0 28.6189
0 0 0 0 1 28.3426
0 0 0 0 0 27.5785
0 0 0 0 1 27.5537
0 0 0 0 1 26.6383
0 0 0 0 1 26.2765
0 0 0 0 0 26.0454
0 0 0 0 1 25.6299
0 0 0 0 1 25.1494
0 0 0 0 1 24.6072
0 0 0 0 0 24.539
0 0 0 0 1 24.1733
0 0 0 0 1 23.9223
0 0 0 0 1 23.4445
0 0 0 0 1 23.2712
0 0 0 0 1 22.7943
0 0 0 0 1 22.2549
0 0 0 0 1 22.2854
0 0 0 0 1 21.6611
0 0 0 0 1 21.5083
0 0 0 0 0 21.2872
0 0 0 0 1 21.0975
0 0 0 0 0 20.9988
0 0 0 0 1 20.6072
0 0 0 0 1 20.3926
0 0 0 0 1 20.1068
0 0 0 0 0 19.7723
0 0 0 0 1 19.7145
0 0 0 0 1 19.1593
0 0 0 0 1 19.0903
0 0 0 0 1 19.0653
0 0 0 0 1 18.5781
0 0 0 0 1 18.375
0 0 0 0 1 18.2638
0 0 0 0 1 18.2144
0 0 0 0 1 18.0907
0 0 0 0 1 17.6034
0 0 0 0 1 17.6621
0 0 0 0 1 17.2254
0 0 0 0 1 17.3628
0 0 0 0 1 16.9997
0 0 0 0 1 16.8433
0 0 0 0 1 16.6885
0 0 0 0 0 16.5745
0 0 0 0 1 16.551
0 0 0 0 0 16.2003
0 0 0 0 1 16.1595
0 0 0 0 1 15.9027
0 0 0 0 1 15.9169
0 0 0 0 1 15.5683
0 0 0 0 1 15.3634
0 0 0 0 1 15.4239
0 0 0 0 1 15.1433
0 0 0 0 1 15.11
0 0 0 0 1 15.1415
0 0 0 0 1 14.9952
0 0 0 0 1 14.6045
0 0 0 0 1 14.561
0 0 0 0 1 14.3829
0 0 0 0 1 14.5055
0 0 0 0 1 14.319
0 0 0 0 1 14.1569
0 0 0 0 0 13.9812
0 0 0 0 1 13.9804
0 0 0 0 1 13.7842
0 0 0 0 1 13.6944
0 0 0 0 1 13.7771
0 0 0 0 1 13.5235
0 0 0 0 1 13.4021
0 0 0 0 0 13.4597
0 0 0 0 0 13.2322
0 0 0 0 1 13.0857
0 0 0 0 1 12.9664
0 0 0 0 1 12.8867
0 0 0 0 1 12.9359
0 0 0 0 1 12.6975
0 0 0 0 1 12.7453
0 0 0 0 1 12.5727
0 0 0 0 0 12.552
0 0 0 0 1 12.431
0 0 0 0 0 12.4592
0 0 0 0 0 12.3347
0 0 0 0 1 12.1906
0 0 0 0 1 12.1043
0 0 0 0 1 12.1511
0 0 0 0 0 11.9568
0 0 0 0 1 11.8714
0 0 0 0 1 11.9049
0 0 0 0 1 11.7842
0 0 0 0 1 11.7463
0 0 0 0 0 11.7314
0 0 0 0 0 11.5392
0 0 0 0 0 11.5326
0 0 0 0 1 11.5403
0 0 0 0 1 11.4076
0 0 0 0 1 11.3584
0 0 0 0 1 11.1565
0 0 0 0 1 11.1831
0 0 0 0 0 11.1645
0 0 0 0 1 11.0352
0 0 0 0 1 11.0606
0 0 0 0 0 10.8855
0 0 0 0 1 10.9074
0 0 0 0 1 10.7188
0 0 0 0 0 10.8265
0 0 0 0 0 10.7545
0 0 0 0 1 10.7433
0 0 0 0 1 10.5835
0 0 0 0 1 10.4565
0 0 0 0 0 10.4775
0 0 0 0 0 10.3413
0 0 0 0 1 10.3308
0 0 0 0 1 10.2478
0 0 0 0 1 10.3167
0 0 0 0 1 10.2544
0 0 0 0 1 10.2943
0 0 0 0 1 10.1003
0 0 0 0 1 10.1776
0 0 0 0 1 10.1334
0 0 0 0 1 10.0221
0 0 0 0 1 9.86901
0 0 0 0 1 9.94509
0 0 0 0 1 9.85248
0 0 0 0 1 9.89809
0 0 0 0 1 9.86743
0 0 0 0 1 9.70765
0 0 0 0 1 9.74297
0 0 0 0 1 9.66197
0 0 0 0 1 9.58847
0 0 0 0 1 9.65209
0 0 0 0 1 9.48619
0 0 0 0 1 9.41648
0 0 0 0 1 9.51479
0 0 0 0 0 9.33222
0 0 0 0 1 9.31985
0 0 0 0 1 9.31677
0 0 0 0 1 9.32963
0 0 0 0 1 9.33554
0 0 0 0 1 9.15423
0 0 0 0 1 9.204
0 0 0 0 1 9.18003
0 0 0 0 1 9.0401
0 0 0 0 1 9.17125
0 0 0 0 0 9.03873
0 0 0 0 1 9.10563
0 0 0 0 0 8.90221
0 0 0 0 1 8.8999
0 0 0 0 1 8.93063
0 0 0 0 1 8.86329
0 0 0 0 1 8.84952
0 0 0 0 1 8.89758
0 0 0 0 0 8.83091
0 0 0 0 1 8.68315
0 0 0 0 1 8.81238
0 0 0 0 1 8.77015
0 0 0 0 1 8.73937
0 0 0 0 1 8.59372
0 0 0 0 1 8.57494
0 0 0 0 0 8.50806
0 0 0 0 1 8.48706
0 0 0 0 1 8.61724
0 0 0 0 1 8.4768
0 0 0 0 1 8.50695
0 0 0 0 1 8.42435
0 0 0 0 1 8.38705
0 0 0 0 1 8.38093
0 0 0 0 1 8.30212
0 0 0 0 0 8.29628
0 0 0 0 1 8.38212
0 0 0 0 0 8.31233
0 0 0 0 0 8.32311
0 0 0 0 1 8.17143
0 0 0 0 0 8.26487
0 0 0 0 1 8.15257
0 0 0 0 1 8.19923
0 0 0 0 1 8.23473
0 0 0 0 1 8.08286
0 0 0 0 1 8.09417
0 0 0 0 0 8.05688
0 0 0 0 1 8.0121
0 0 0 0 1 8.00756
0 0 0 0 0 8.0996
0 0 0 0 1 8.03075
0 0 0 0 0 8.08234
0 0 0 0 1 7.93415
0 0 0 0 1 7.98079
0 0 0 0 0 7.99755
0 0 0 0 1 7.85083
0 0 0 0 1 7.84715
0 0 0 0 1 7.93814
0 0 0 0 0 7.93437
0 0 0 0 1 7.89147
0 0 0 0 1 7.86448
0 0 0 0 1 7.82208
0 0 0 0 1 7.73787
0 0 0 0 0 7.70384
0 0 0 0 1 7.67327
0 0 0 0 1 7.72161
0 0 0 0 1 7.79616
0 0 0 0 0 7.78255
0 0 0 0 1 7.71842
0 0 0 0 1 7.61632
0 0 0 0 1 7.71813
0 0 0 0 1 7.63187
0 0 0 0 1 7.57658
0 0 0 0 1 7.5867
0 0 0 0 1 7.60023
0 0 0 0 1 7.50016
0 0 0 0 1 7.57862
0 0 0 0 1 7.5169
0 0 0 0 1 7.50826
0 0 0 0 1 7.45112
0 0 0 0 1 7.57039
0 0 0 0 1 7.44969
0 0 0 0 1 7.51281
0 0 0 0 1 7.50477
0 0 0 0 1 7.4671
0 0 0 0 1 7.36284
0 0 0 0 1 7.49647
0 0 0 0 1 7.35561
0 0 0 0 1 7.38171
0 0 0 0 1 7.39681
0 0 0 0 1 7.44504
0 0 0 0 1 7.40488
0 0 0 0 0 7.33939
0 0 0 0 1 7.39895
0 0 0 0 1 7.38474
0 0 0 0 1 7.2907
0 0 0 0 0 7.29203
0 0 0 0 1 7.21658
0 0 0 0 0 7.30158
0 0 0 0 1 7.24512
0 0 0 0 0 7.20664
0 0 0 0 0 7.26257
0 0 0 0 1 7.25023
0 0 0 0 1 7.24111
