0 0 0 0 1 5.22336
0 0 0 0 1 5.17737
0 0 0 0 1 5.2596
0 0 0 0 1 5.27634
0 0 0 0 1 5.22836
0 0 0 0 1 5.24525
0 0 0 0 1 5.21502
0 0 0 0 1 5.22481
0 0 0 0 1 5.23142
0 0 0 0 1 5.26446
0 0 0 0 1 5.31161
0 0 0 0 1 5.25326
0 0 0 0 1 5.33966
0 0 0 0 1 5.35208
0 0 0 0 0 5.35225
0 0 0 0 1 5.3063
0 0 0 0 1 5.34388
0 0 0 0 1 5.29787
0 0 0 0 0 5.3625
0 0 0 0 1 5.37006
0 0 0 0 1 5.39226
0 0 0 0 1 5.41612
0 0 0 0 0 5.37937
0 0 0 0 0 5.41817
0 0 0 0 1 5.44238
0 0 0 0 1 5.4396
0 0 0 0 1 5.38663
0 0 0 0 0 5.49678
0 0 0 0 0 5.42749
0 0 0 0 1 5.48497
0 0 0 0 1 5.43743
0 0 0 0 0 5.4611
0 0 0 0 1 5.46965
0 0 0 0 0 5.46725
0 0 0 0 1 5.57407
0 0 0 0 1 5.55976
0 0 0 0 1 5.51772
0 0 0 0 1 5.52665
0 0 0 0 1 5.51788
0 0 0 0 1 5.60401
0 0 0 0 1 5.60766
0 0 0 0 0 5.6104
0 0 0 0 0 5.65254
0 0 0 0 1 5.58792
0 0 0 0 1 5.66506
0 0 0 0 0 5.67948
0 0 0 0 1 5.61943
0 0 0 0 1 5.6632
0 0 0 0 1 5.68357
0 0 0 0 1 5.73267
0 0 0 0 0 5.72476
0 0 0 0 0 5.71183
0 0 0 0 1 5.70893
0 0 0 0 1 5.8223
0 0 0 0 1 5.76256
0 0 0 0 1 5.76126
0 0 0 0 0 5.85821
0 0 0 0 1 5.8093
0 0 0 0 1 5.84322
0 0 0 0 1 5.91781
0 0 0 0 1 5.92179
0 0 0 0 1 5.93265
0 0 0 0 1 5.95494
0 0 0 0 0 5.92948
0 0 0 0 1 5.90433
0 0 0 0 1 6.0044
0 0 0 0 1 5.99131
0 0 0 0 1 6.02583
0 0 0 0 0 6.0793
0 0 0 0 1 6.06603
0 0 0 0 0 6.05298
0 0 0 0 1 6.10063
0 0 0 0 1 6.11198
0 0 0 0 0 6.15984
0 0 0 0 0 6.09811
0 0 0 0 0 6.17694
0 0 0 0 0 6.1452
0 0 0 0 1 6.18183
0 0 0 0 1 6.23066
0 0 0 0 1 6.1863
0 0 0 0 1 6.21063
0 0 0 0 1 6.28528
0 0 0 0 1 6.24063
0 0 0 0 1 6.27793
0 0 0 0 1 6.32799
0 0 0 0 0 6.3402
0 0 0 0 1 6.33982
0 0 0 0 1 6.46746
0 0 0 0 1 6.46093
0 0 0 0 1 6.41561
0 0 0 0 0 6.53833
0 0 0 0 1 6.47336
0 0 0 0 0 6.48612
0 0 0 0 1 6.49237
0 0 0 0 0 6.61697
0 0 0 0 1 6.57089
0 0 0 0 1 6.57068
0 0 0 0 1 6.64365
0 0 0 0 1 6.71707
0 0 0 0 1 6.69045
0 0 0 0 1 6.71737
0 0 0 0 1 6.76469
0 0 0 0 1 6.7716
0 0 0 0 1 6.75803
0 0 0 0 1 6.79213
0 0 0 0 1 6.84014
0 0 0 0 0 6.86778
0 0 0 0 0 6.90934
0 0 0 0 1 6.96512
0 0 0 0 1 6.9234
0 0 0 0 1 6.95137
0 0 0 0 1 7.01469
0 0 0 0 1 7.14921
0 0 0 0 1 7.12841
0 0 0 0 1 7.20006
0 0 0 0 1 7.11437
0 0 0 0 1 7.13587
0 0 0 0 1 7.29502
0 0 0 0 1 7.31715
0 0 0 0 1 7.3394
0 0 0 0 1 7.31024
0 0 0 0 0 7.31752
0 0 0 0 1 7.42103
0 0 0 0 1 7.48066
0 0 0 0 1 7.46577
0 0 0 0 1 7.5935
0 0 0 0 0 7.50294
0 0 0 0 1 7.61647
0 0 0 0 1 7.57811
0 0 0 0 1 7.63893
0 0 0 0 0 7.75413
0 0 0 0 1 7.83146
0 0 0 0 1 7.87813
0 0 0 0 0 7.9093
0 0 0 0 1 7.94053
0 0 0 0 1 8.00346
0 0 0 0 1 7.97912
0 0 0 0 1 7.94604
0 0 0 0 1 8.08978
0 0 0 0 1 8.16165
0 0 0 0 1 8.07093
0 0 0 0 1 8.11027
0 0 0 0 0 8.27276
0 0 0 0 0 8.26315
0 0 0 0 1 8.27745
0 0 0 0 1 8.38413
0 0 0 0 1 8.40724
0 0 0 0 0 8.47225
0 0 0 0 1 8.48671
0 0 0 0 1 8.55249
0 0 0 0 1 8.73926
0 0 0 0 1 8.75417
0 0 0 0 1 8.79508
0 0 0 0 1 8.86144
0 0 0 0 1 8.85816
0 0 0 0 0 8.85373
0 0 0 0 1 9.02772
0 0 0 0 1 9.12262
0 0 0 0 1 9.19083
0 0 0 0 1 9.07597
0 0 0 0 0 9.27197
0 0 0 0 0 9.2198
0 0 0 0 1 9.28701
0 0 0 0 1 9.34597
0 0 0 0 1 9.46948
0 0 0 0 0 9.58543
0 0 0 0 1 9.6637
0 0 0 0 1 9.63554
0 0 0 0 1 9.73322
0 0 0 0 1 9.90906
0 0 0 0 0 9.90924
0 0 0 0 1 10.0172
0 0 0 0 1 10.1258
0 0 0 0 1 10.1133
0 0 0 0 1 10.2018
0 0 0 0 0 10.3422
0 0 0 0 1 10.3799
0 0 0 0 1 10.4364
0 0 0 0 1 10.5893
0 0 0 0 1 10.7312
0 0 0 0 1 10.7561
0 0 0 0 1 10.7456
0 0 0 0 1 11.0196
0 0 0 0 0 10.9643
0 0 0 0 1 11.0621
0 0 0 0 0 11.1826
0 0 0 0 0 11.2359
0 0 0 0 1 11.3684
0 0 0 0 1 11.4185
0 0 0 0 1 11.6888
0 0 0 0 1 11.8475
0 0 0 0 1 11.7415
0 0 0 0 1 11.8377
0 0 0 0 1 12.0515
0 0 0 0 1 12.1577
0 0 0 0 1 12.4117
0 0 0 0 1 12.5161
0 0 0 0 1 12.5985
0 0 0 0 1 12.7403
0 0 0 0 1 12.8698
0 0 0 0 1 12.8274
0 0 0 0 1 13.1087
0 0 0 0 1 13.2081
0 0 0 0 0 13.2894
0 0 0 0 0 13.41
0 0 0 0 1 13.7355
0 0 0 0 1 13.784
0 0 0 0 1 13.8582
0 0 0 0 1 14.2139
0 0 0 0 0 14.4693
0 0 0 0 1 14.3501
0 0 0 0 1 14.659
0 0 0 0 1 14.9513
0 0 0 0 1 15.1015
0 0 0 0 0 15.1389
0 0 0 0 1 15.5833
0 0 0 0 0 15.503
0 0 0 0 1 15.9381
0 0 0 0 1 15.9977
0 0 0 0 1 16.1997
0 0 0 0 1 16.5664
0 0 0 0 1 16.6055
0 0 0 0 0 17.0802
0 0 0 0 1 14.5535
0 0 0 0 1 14.6944
0 0 0 0 1 14.692
0 0 0 0 1 14.4683
0 0 0 0 1 14.493
0 0 0 0 1 14.5206
0 0 0 0 0 14.5602
0 0 0 0 1 14.3993
0 0 0 0 0 14.483
0 0 0 0 1 14.4364
0 0 0 0 1 14.4071
0 0 0 0 1 14.3347
0 0 0 0 1 14.419
0 0 0 0 0 14.4314
0 0 0 0 1 14.504
0 0 0 0 1 14.3176
0 0 0 0 1 14.3452
0 0 0 0 1 14.447
0 0 0 0 1 14.4893
0 0 0 0 1 14.3619
0 0 0 0 0 14.2636
0 0 0 0 1 14.2495
0 0 0 0 1 14.2806
0 0 0 0 1 14.1957
0 0 0 0 1 14.1559
0 0 0 0 1 14.2733
0 0 0 0 0 14.234
0 0 0 0 1 14.364
0 0 0 0 1 14.2683
0 0 0 0 1 14.1445
0 0 0 0 1 14.3178
0 0 0 0 1 14.2713
0 0 0 0 1 14.8068
0 0 0 0 1 15.1063
0 0 0 0 1 15.7308
0 0 0 0 1 16.2183
0 0 0 0 1 16.5694
0 0 0 0 1 17.1733
0 0 0 0 1 17.8206
0 0 0 0 1 40.9076
0 0 0 0 1 42.1206
0 0 0 0 1 43.5192
0 0 0 0 1 45.4755
0 0 0 0 0 47.1257
0 0 0 0 1 49.2219
0 0 0 0 1 41.8714
0 0 0 0 0 42.2352
0 0 0 0 1 42.6409
0 0 0 0 1 42.1185
0 0 0 0 1 42.6522
0 0 0 0 1 42.4695
0 0 0 0 1 42.0759
0 0 0 0 1 41.9372
0 0 0 0 1 42.3893
0 0 0 0 1 42.3786
0 0 0 0 1 42.4531
0 0 0 0 0 45.7987
0 0 0 0 0 5.04507
0 0 0 0 0 5.02002
0 0 0 0 0 4.97994
0 0 0 0 0 4.96992
0 0 0 0 1 35.3526
0 0 0 0 1 35.0315
0 0 0 0 1 35.4871
0 0 0 0 0 35.0614
0 0 0 0 1 35.1303
0 0 0 0 0 35.3761
0 0 0 0 1 35.4111
0 0 0 0 1 35.5172
0 0 0 0 0 34.9539
0 0 0 0 0 35.1672
0 0 0 0 1 35.5575
0 0 0 0 0 35.5959
0 0 0 0 0 35.1762
0 0 0 0 0 4.96491
0 0 0 0 0 5.02503
0 0 0 0 0 5.04507
0 0 0 0 0 5.0601
0 0 0 0 0 4.9599
0 0 0 0 0 5.02503
0 0 0 0 0 5.02002
0 0 0 0 0 4.9599
0 0 0 0 0 5.02002
0 0 0 0 1 95.7235
0 0 0 0 1 90.6877
0 0 0 0 1 85.674
0 0 0 0 1 81.2916
0 0 0 0 1 23.2222
0 0 0 0 1 22.141
0 0 0 0 1 21.3692
0 0 0 0 1 20.2623
0 0 0 0 1 20.0896
0 0 0 0 1 19.9985
0 0 0 0 1 20.1897
0 0 0 0 0 20.2606
0 0 0 0 1 20.2299
0 0 0 0 1 20.019
0 0 0 0 1 20.2324
0 0 0 0 1 20.0019
0 0 0 0 0 20.3173
0 0 0 0 1 20.2694
0 0 0 0 1 20.2623
0 0 0 0 1 20.3366
0 0 0 0 1 20.1681
0 0 0 0 1 20.2634
0 0 0 0 1 20.0954
0 0 0 0 1 20.4759
0 0 0 0 1 20.3898
0 0 0 0 1 20.2005
0 0 0 0 1 20.5441
0 0 0 0 1 20.2959
0 0 0 0 1 20.2109
0 0 0 0 0 34.8255
0 0 0 0 1 33.9801
0 0 0 0 1 33.4367
0 0 0 0 1 33.1545
0 0 0 0 0 32.139
0 0 0 0 1 31.3786
0 0 0 0 1 30.6838
0 0 0 0 1 30.1946
0 0 0 0 1 29.6325
0 0 0 0 0 29.0143
0 0 0 0 1 28.4751
0 0 0 0 1 28.1448
0 0 0 0 0 27.6618
0 0 0 0 1 27.4172
0 0 0 0 0 26.692
0 0 0 0 1 26.1444
0 0 0 0 1 26.2013
0 0 0 0 1 25.6555
0 0 0 0 1 25.2503
0 0 0 0 1 24.8058
0 0 0 0 1 24.6613
0 0 0 0 1 24.1492
0 0 0 0 0 23.7323
0 0 0 0 1 23.2571
0 0 0 0 1 23.2943
0 0 0 0 0 22.6805
0 0 0 0 1 22.3223
0 0 0 0 1 22.086
0 0 0 0 1 22.0764
0 0 0 0 1 21.6378
0 0 0 0 0 21.2872
0 0 0 0 1 20.8449
0 0 0 0 1 20.7077
0 0 0 0 0 20.4017
0 0 0 0 1 20.1492
0 0 0 0 1 19.9063
0 0 0 0 0 19.9902
0 0 0 0 1 19.695
0 0 0 0 1 19.1593
0 0 0 0 1 18.9947
0 0 0 0 1 18.7438
0 0 0 0 1 18.7465
0 0 0 0 1 18.5786
0 0 0 0 1 18.4834
0 0 0 0 1 18.1239
0 0 0 0 1 17.9653
0 0 0 0 1 17.8696
0 0 0 0 0 17.539
0 0 0 0 1 17.4168
0 0 0 0 1 17.3111
0 0 0 0 1 17.1532
0 0 0 0 1 16.8096
0 0 0 0 1 16.8557
0 0 0 0 1 16.7235
0 0 0 0 1 16.551
0 0 0 0 1 16.2816
0 0 0 0 1 16.2078
0 0 0 0 1 15.9346
0 0 0 0 1 15.6956
0 0 0 0 0 15.5996
0 0 0 0 0 15.472
0 0 0 0 1 15.547
0 0 0 0 1 15.311
0 0 0 0 1 14.9739
0 0 0 0 1 14.9017
0 0 0 0 1 14.9952
0 0 0 0 1 14.7816
0 0 0 0 1 14.5025
0 0 0 0 1 14.4991
0 0 0 0 1 14.4191
0 0 0 0 1 14.419
0 0 0 0 0 14.1569
0 0 0 0 0 13.9812
0 0 0 0 1 14.0642
0 0 0 0 1 13.7842
0 0 0 0 1 13.8181
0 0 0 0 1 13.7771
0 0 0 0 0 13.4829
0 0 0 0 0 13.429
0 0 0 0 0 13.3662
0 0 0 0 1 13.1791
0 0 0 0 1 13.27
0 0 0 0 0 13.1886
0 0 0 0 1 13.0424
0 0 0 0 1 12.7684
0 0 0 0 1 12.6975
0 0 0 0 0 12.6183
0 0 0 0 0 12.7368
0 0 0 0 1 12.4516
0 0 0 0 1 12.3438
0 0 0 0 0 12.4592
0 0 0 0 1 12.2364
0 0 0 0 1 12.1784
0 0 0 0 1 12.08
0 0 0 0 1 12.0908
0 0 0 0 1 11.8848
0 0 0 0 1 11.8476
0 0 0 0 1 11.7272
0 0 0 0 0 11.7254
0 0 0 0 0 11.758
0 0 0 0 1 11.7081
0 0 0 0 1 11.5739
0 0 0 0 1 11.6015
0 0 0 0 0 11.4946
0 0 0 0 1 11.2713
0 0 0 0 0 11.3471
0 0 0 0 1 11.1565
0 0 0 0 0 11.0826
0 0 0 0 1 11.1312
0 0 0 0 0 11.1567
0 0 0 0 1 11.0716
0 0 0 0 1 10.8417
0 0 0 0 1 10.7661
0 0 0 0 1 10.8268
0 0 0 0 1 10.719
0 0 0 0 0 10.6366
0 0 0 0 1 10.7433
0 0 0 0 1 10.5941
0 0 0 0 1 10.5093
0 0 0 0 1 10.5615
0 0 0 0 1 10.498
0 0 0 0 1 10.31
0 0 0 0 0 10.3615
0 0 0 0 1 10.224
0 0 0 0 1 10.2646
0 0 0 0 0 10.2943
0 0 0 0 1 10.0597
0 0 0 0 1 10.0464
0 0 0 0 1 9.95249
0 0 0 0 0 10.0721
0 0 0 0 1 9.92876
0 0 0 0 1 9.93517
0 0 0 0 1 9.7735
0 0 0 0 1 9.78014
0 0 0 0 1 9.75985
0 0 0 0 1 9.82449
0 0 0 0 0 9.59755
0 0 0 0 1 9.70058
0 0 0 0 1 9.52114
0 0 0 0 1 9.52761
0 0 0 0 1 9.48619
0 0 0 0 0 9.44496
0 0 0 0 1 9.47695
0 0 0 0 1 9.50172
0 0 0 0 1 9.30109
0 0 0 0 1 9.31677
0 0 0 0 1 9.23661
0 0 0 0 1 9.23366
0 0 0 0 1 9.32033
0 0 0 0 1 9.28675
0 0 0 0 1 9.18003
0 0 0 0 1 9.19518
0 0 0 0 1 9.15307
0 0 0 0 1 9.14742
0 0 0 0 1 8.97026
0 0 0 0 1 9.0371
0 0 0 0 1 9.04316
0 0 0 0 0 8.89494
0 0 0 0 1 8.91662
0 0 0 0 1 8.77865
0 0 0 0 1 8.75635
0 0 0 0 1 8.83091
0 0 0 0 0 8.70946
0 0 0 0 1 8.82111
0 0 0 0 1 8.63952
0 0 0 0 1 8.76541
0 0 0 0 1 8.59372
0 0 0 0 1 8.54909
0 0 0 0 0 8.51666
0 0 0 0 1 8.55557
0 0 0 0 0 8.45497
0 0 0 0 1 8.57042
0 0 0 0 1 8.55784
0 0 0 0 1 8.3736
0 0 0 0 0 8.46291
0 0 0 0 1 8.42296
0 0 0 0 0 8.41941
0 0 0 0 1 8.42995
0 0 0 0 1 8.39879
0 0 0 0 1 8.29573
0 0 0 0 0 8.35623
0 0 0 0 1 8.29524
0 0 0 0 1 8.24017
0 0 0 0 1 8.14436
0 0 0 0 1 8.19105
0 0 0 0 1 8.12047
0 0 0 0 1 8.08286
0 0 0 0 1 8.18348
0 0 0 0 1 8.01639
0 0 0 0 1 8.02827
0 0 0 0 1 8.12852
0 0 0 0 1 8.05134
0 0 0 0 0 8.09493
0 0 0 0 1 8.08234
0 0 0 0 1 7.99801
0 0 0 0 1 8.00466
0 0 0 0 1 7.8943
0 0 0 0 1 7.95382
0 0 0 0 1 7.86296
0 0 0 0 1 7.86719
0 0 0 0 1 7.89505
0 0 0 0 1 7.87578
0 0 0 0 0 7.88796
0 0 0 0 1 7.8455
0 0 0 0 1 7.76124
0 0 0 0 1 7.78158
0 0 0 0 1 7.80504
0 0 0 0 1 7.68293
0 0 0 0 1 7.78072
0 0 0 0 0 7.69779
0 0 0 0 1 7.70304
0 0 0 0 1 7.70836
0 0 0 0 1 7.61859
0 0 0 0 1 7.56311
0 0 0 0 0 7.69092
0 0 0 0 1 7.57149
0 0 0 0 0 7.57746
0 0 0 0 0 7.51532
0 0 0 0 1 7.57862
0 0 0 0 0 7.58482
0 0 0 0 1 7.50826
0 0 0 0 1 7.47368
0 0 0 0 1 7.42784
0 0 0 0 1 7.41225
0 0 0 0 0 7.43806
0 0 0 0 0 7.42271
0 0 0 0 1 7.51921
0 0 0 0 1 7.42234
0 0 0 0 1 7.37771
0 0 0 0 1 7.39265
0 0 0 0 1 7.34472
0 0 0 0 0 7.4411
0 0 0 0 0 7.44504
0 0 0 0 1 7.346
0 0 0 0 0 7.40551
0 0 0 0 1 7.34762
0 0 0 0 1 7.27485
0 0 0 0 1 7.31995
0 0 0 0 1 7.24093
0 0 0 0 1 7.35508
0 0 0 0 1 7.25062
0 0 0 0 1 7.31053
0 0 0 0 1 7.32276
0 0 0 0 1 7.19009
0 0 0 0 1 7.21405
0 0 0 0 1 7.24111
