0 0 0 0 1 5.21816
0 0 0 0 1 5.17737
0 0 0 0 1 5.16568
0 0 0 0 1 5.26067
0 0 0 0 1 5.20219
0 0 0 0 1 5.28193
0 0 0 0 0 5.23075
0 0 0 0 1 5.2616
0 0 0 0 1 5.23669
0 0 0 0 1 5.24865
0 0 0 0 1 5.24297
0 0 0 0 1 5.32733
0 0 0 0 1 5.24961
0 0 0 0 1 5.27782
0 0 0 0 0 5.34162
0 0 0 0 1 5.31694
0 0 0 0 1 5.31722
0 0 0 0 1 5.3673
0 0 0 0 1 5.37855
0 0 0 0 1 5.34862
0 0 0 0 1 5.40837
0 0 0 0 1 5.38923
0 0 0 0 0 5.36859
0 0 0 0 1 5.36415
0 0 0 0 1 5.37746
0 0 0 0 1 5.45044
0 0 0 0 0 5.48437
0 0 0 0 1 5.44779
0 0 0 0 0 5.41659
0 0 0 0 1 5.46858
0 0 0 0 1 5.5141
0 0 0 0 0 5.52696
0 0 0 0 1 5.44216
0 0 0 0 1 5.47275
0 0 0 0 1 5.50232
0 0 0 0 1 5.55976
0 0 0 0 1 5.49554
0 0 0 0 1 5.54331
0 0 0 0 1 5.51231
0 0 0 0 1 5.56494
0 0 0 0 0 5.56293
0 0 0 0 1 5.59919
0 0 0 0 0 5.61321
0 0 0 0 1 5.63862
0 0 0 0 1 5.64813
0 0 0 0 1 5.67948
0 0 0 0 1 5.65917
0 0 0 0 0 5.70869
0 0 0 0 1 5.74628
0 0 0 0 1 5.72695
0 0 0 0 1 5.78206
0 0 0 0 1 5.69461
0 0 0 0 1 5.70316
0 0 0 0 1 5.81075
0 0 0 0 0 5.82048
0 0 0 0 1 5.78446
0 0 0 0 1 5.84658
0 0 0 0 1 5.82098
0 0 0 0 1 5.86662
0 0 0 0 0 5.82983
0 0 0 0 1 5.87469
0 0 0 0 1 5.87367
0 0 0 0 1 5.97268
0 0 0 0 1 5.9651
0 0 0 0 0 5.96981
0 0 0 0 1 6.01633
0 0 0 0 1 6.01525
0 0 0 0 0 6.03183
0 0 0 0 1 5.97698
0 0 0 0 1 6.07811
0 0 0 0 1 6.04087
0 0 0 0 1 6.12493
0 0 0 0 1 6.14245
0 0 0 0 1 6.17208
0 0 0 0 0 6.13488
0 0 0 0 1 6.13388
0 0 0 0 0 6.19461
0 0 0 0 0 6.16327
0 0 0 0 1 6.16854
0 0 0 0 1 6.22995
0 0 0 0 1 6.19812
0 0 0 0 1 6.32919
0 0 0 0 1 6.32249
0 0 0 0 1 6.37899
0 0 0 0 0 6.29629
0 0 0 0 1 6.32111
0 0 0 0 1 6.34621
0 0 0 0 1 6.46746
0 0 0 0 1 6.4738
0 0 0 0 1 6.48016
0 0 0 0 1 6.53185
0 0 0 0 1 6.55785
0 0 0 0 1 6.51875
0 0 0 0 0 6.59064
0 0 0 0 1 6.63668
0 0 0 0 1 6.64346
0 0 0 0 1 6.65688
0 0 0 0 1 6.69685
0 0 0 0 1 6.66366
0 0 0 0 0 6.67034
0 0 0 0 1 6.73756
0 0 0 0 0 6.79173
0 0 0 0 1 6.79874
0 0 0 0 1 6.79209
0 0 0 0 1 6.88789
0 0 0 0 0 6.88822
0 0 0 0 1 6.95061
0 0 0 0 1 6.93011
0 0 0 0 0 6.91641
0 0 0 0 1 6.95833
0 0 0 0 1 7.00748
0 0 0 0 1 7.00059
0 0 0 0 1 7.05011
0 0 0 0 1 7.09995
0 0 0 0 1 7.10006
0 0 0 0 1 7.1718
0 0 0 0 0 7.17191
0 0 0 0 1 7.20809
0 0 0 0 1 7.31715
0 0 0 0 1 7.24437
0 0 0 0 1 7.28822
0 0 0 0 0 7.33227
0 0 0 0 1 7.47292
0 0 0 0 1 7.46575
0 0 0 0 1 7.43582
0 0 0 0 1 7.51824
0 0 0 0 1 7.53319
0 0 0 0 1 7.54805
0 0 0 0 1 7.70033
0 0 0 0 1 7.64661
0 0 0 0 1 7.68469
0 0 0 0 1 7.77713
0 0 0 0 1 7.76113
0 0 0 0 1 7.83083
0 0 0 0 0 7.87745
0 0 0 0 1 7.88448
0 0 0 0 1 7.97912
0 0 0 0 1 8.05028
0 0 0 0 1 8.09784
0 0 0 0 1 8.03197
0 0 0 0 1 8.17691
0 0 0 0 1 8.16761
0 0 0 0 1 8.25626
0 0 0 0 1 8.21342
0 0 0 0 1 8.4193
0 0 0 0 1 8.32539
0 0 0 0 1 8.52541
0 0 0 0 1 8.43826
0 0 0 0 0 8.60636
0 0 0 0 1 8.61265
0 0 0 0 0 8.59216
0 0 0 0 1 8.66715
0 0 0 0 1 8.78633
0 0 0 0 1 8.90553
0 0 0 0 1 8.92909
0 0 0 0 1 8.89836
0 0 0 0 1 8.9378
0 0 0 0 1 9.01402
0 0 0 0 1 9.02687
0 0 0 0 1 9.22265
0 0 0 0 0 9.2535
0 0 0 0 1 9.2198
0 0 0 0 1 9.38063
0 0 0 0 1 9.43076
0 0 0 0 0 9.57396
0 0 0 0 1 9.59499
0 0 0 0 1 9.57698
0 0 0 0 1 9.74228
0 0 0 0 0 9.67458
0 0 0 0 1 9.88936
0 0 0 0 1 9.8894
0 0 0 0 0 10.0772
0 0 0 0 1 10.0251
0 0 0 0 1 10.093
0 0 0 0 1 10.2223
0 0 0 0 1 10.2288
0 0 0 0 0 10.4526
0 0 0 0 1 10.4259
0 0 0 0 1 10.5682
0 0 0 0 1 10.6247
0 0 0 0 0 10.6487
0 0 0 0 0 10.9081
0 0 0 0 1 10.8667
0 0 0 0 0 11.0525
0 0 0 0 0 11.1289
0 0 0 0 1 11.3172
0 0 0 0 1 11.2472
0 0 0 0 0 11.4026
0 0 0 0 1 11.6144
0 0 0 0 1 11.5958
0 0 0 0 0 11.7889
0 0 0 0 1 11.8956
0 0 0 0 1 11.8377
0 0 0 0 1 12.0515
0 0 0 0 1 12.1577
0 0 0 0 1 12.2147
0 0 0 0 1 12.5037
0 0 0 0 1 12.4729
0 0 0 0 1 12.7783
0 0 0 0 1 12.7288
0 0 0 0 1 12.944
0 0 0 0 1 13.1087
0 0 0 0 1 13.1684
0 0 0 0 1 13.2626
0 0 0 0 1 13.4235
0 0 0 0 1 13.6124
0 0 0 0 1 13.7286
0 0 0 0 1 14.0822
0 0 0 0 1 14.1856
0 0 0 0 1 14.4263
0 0 0 0 0 14.582
0 0 0 0 1 14.615
0 0 0 0 0 14.7283
0 0 0 0 1 15.0564
0 0 0 0 1 15.1084
0 0 0 0 1 15.3364
0 0 0 0 1 15.5811
0 0 0 0 1 15.9064
0 0 0 0 0 15.9977
0 0 0 0 0 16.1346
0 0 0 0 1 16.5169
0 0 0 0 1 16.6891
0 0 0 0 0 16.9445
0 0 0 0 0 14.5096
0 0 0 0 1 14.519
0 0 0 0 0 14.7504
0 0 0 0 0 14.6433
0 0 0 0 0 14.6678
0 0 0 0 1 14.6515
0 0 0 0 1 14.5456
0 0 0 0 1 14.3993
0 0 0 0 1 14.5845
0 0 0 0 1 14.4943
0 0 0 0 0 14.3492
0 0 0 0 1 14.3925
0 0 0 0 1 14.5778
0 0 0 0 1 14.4314
0 0 0 0 1 14.4896
0 0 0 0 0 14.2456
0 0 0 0 0 14.2589
0 0 0 0 1 14.447
0 0 0 0 0 14.2167
0 0 0 0 1 14.3045
0 0 0 0 1 14.4068
0 0 0 0 0 14.1923
0 0 0 0 1 14.152
0 0 0 0 1 14.2671
0 0 0 0 1 14.2416
0 0 0 0 1 14.3874
0 0 0 0 0 14.3195
0 0 0 0 1 14.2074
0 0 0 0 1 14.3252
0 0 0 0 1 14.1161
0 0 0 0 1 14.3178
0 0 0 0 0 14.3
0 0 0 0 1 14.9101
0 0 0 0 1 15.1519
0 0 0 0 1 15.6839
0 0 0 0 1 16.2022
0 0 0 0 0 16.7526
0 0 0 0 1 17.0357
0 0 0 0 1 17.7493
0 0 0 0 1 40.501
0 0 0 0 0 41.9941
0 0 0 0 1 43.8694
0 0 0 0 1 45.1569
0 0 0 0 1 47.1257
0 0 0 0 1 49.7661
0 0 0 0 1 42.0829
0 0 0 0 1 42.4043
0 0 0 0 1 41.9224
0 0 0 0 1 41.865
0 0 0 0 1 41.9765
0 0 0 0 1 42.5961
0 0 0 0 1 41.9071
0 0 0 0 1 42.3591
0 0 0 0 1 41.9675
0 0 0 0 0 41.9569
0 0 0 0 1 42.1158
0 0 0 0 1 45.3411
0 0 0 0 0 5.03004
0 0 0 0 0 4.99998
0 0 0 0 0 5.05509
0 0 0 0 0 4.98495
0 0 0 0 1 35.3878
0 0 0 0 1 35.5254
0 0 0 0 1 35.5929
0 0 0 0 1 35.1672
0 0 0 0 1 35.2361
0 0 0 0 1 35.0234
0 0 0 0 1 35.0231
0 0 0 0 1 35.3056
0 0 0 0 1 35.4124
0 0 0 0 1 35.0614
0 0 0 0 1 35.1342
0 0 0 0 1 35.1726
0 0 0 0 0 35.5643
0 0 0 0 0 5.02002
0 0 0 0 0 5.05008
0 0 0 0 0 5.02503
0 0 0 0 0 5.05509
0 0 0 0 0 4.97493
0 0 0 0 0 4.99497
0 0 0 0 0 4.96491
0 0 0 0 0 5.04006
0 0 0 0 0 4.97493
0 0 0 0 1 96.4878
0 0 0 0 1 90.7778
0 0 0 0 1 85.5033
0 0 0 0 1 80.8058
0 0 0 0 1 23.3851
0 0 0 0 1 22.3183
0 0 0 0 1 21.0095
0 0 0 0 1 20.3433
0 0 0 0 0 20.2305
0 0 0 0 0 20.3408
0 0 0 0 1 20.2502
0 0 0 0 1 20.0388
0 0 0 0 0 20.2904
0 0 0 0 1 20.3823
0 0 0 0 1 20.2122
0 0 0 0 0 20.2241
0 0 0 0 0 20.4184
0 0 0 0 1 20.3908
0 0 0 0 1 20.4445
0 0 0 0 1 20.4378
0 0 0 0 1 20.391
0 0 0 0 1 20.304
0 0 0 0 1 20.1563
0 0 0 0 1 20.4759
0 0 0 0 1 20.3492
0 0 0 0 0 20.4242
0 0 0 0 1 20.198
0 0 0 0 1 20.4997
0 0 0 0 0 20.3536
0 0 0 0 1 34.581
0 0 0 0 1 33.9117
0 0 0 0 1 33.2358
0 0 0 0 1 32.9576
0 0 0 0 0 32.0747
0 0 0 0 1 31.6624
0 0 0 0 1 30.7766
0 0 0 0 1 30.4677
0 0 0 0 1 29.6027
0 0 0 0 0 29.4242
0 0 0 0 1 28.9353
0 0 0 0 1 28.0318
0 0 0 0 1 28.0507
0 0 0 0 1 27.2533
0 0 0 0 1 26.7726
0 0 0 0 0 26.3557
0 0 0 0 0 25.9674
0 0 0 0 1 25.8345
0 0 0 0 1 24.9728
0 0 0 0 1 24.8803
0 0 0 0 1 24.3188
0 0 0 0 1 23.9564
0 0 0 0 1 23.8273
0 0 0 0 0 23.2805
0 0 0 0 1 22.8557
0 0 0 0 1 22.6349
0 0 0 0 1 22.4121
0 0 0 0 1 22.2189
0 0 0 0 0 21.9889
0 0 0 0 1 21.4652
0 0 0 0 1 21.4365
0 0 0 0 0 20.9501
0 0 0 0 0 20.6869
0 0 0 0 1 20.751
0 0 0 0 1 20.1492
0 0 0 0 0 19.9464
0 0 0 0 1 19.8713
0 0 0 0 1 19.6558
0 0 0 0 1 19.3141
0 0 0 0 1 19.0521
0 0 0 0 1 19.0275
0 0 0 0 1 18.7839
0 0 0 0 1 18.6526
0 0 0 0 0 18.2089
0 0 0 0 1 17.9247
0 0 0 0 1 17.9832
0 0 0 0 0 17.8164
0 0 0 0 1 17.4336
0 0 0 0 1 17.469
0 0 0 0 1 17.3283
0 0 0 0 1 16.9315
0 0 0 0 1 16.9783
0 0 0 0 1 16.5881
0 0 0 0 1 16.5414
0 0 0 0 1 16.4197
0 0 0 0 1 16.2653
0 0 0 0 1 16.0307
0 0 0 0 1 15.8708
0 0 0 0 1 15.8695
0 0 0 0 0 15.5369
0 0 0 0 1 15.4565
0 0 0 0 1 15.3469
0 0 0 0 1 15.2958
0 0 0 0 1 15.2159
0 0 0 0 1 15.0666
0 0 0 0 1 14.7869
0 0 0 0 1 14.8553
0 0 0 0 1 14.751
0 0 0 0 0 14.5861
0 0 0 0 1 14.2608
0 0 0 0 1 14.3048
0 0 0 0 1 14.2136
0 0 0 0 1 14.1784
0 0 0 0 0 13.9525
0 0 0 0 1 13.8396
0 0 0 0 1 13.7906
0 0 0 0 0 13.7225
0 0 0 0 1 13.6861
0 0 0 0 0 13.3617
0 0 0 0 1 13.3395
0 0 0 0 0 13.1526
0 0 0 0 0 13.0989
0 0 0 0 1 13.1494
0 0 0 0 0 13.0035
0 0 0 0 1 12.8328
0 0 0 0 1 12.7743
0 0 0 0 1 12.6437
0 0 0 0 0 12.497
0 0 0 0 0 12.5143
0 0 0 0 1 12.4932
0 0 0 0 1 12.3478
0 0 0 0 1 12.2486
0 0 0 0 1 12.2272
0 0 0 0 1 12.08
0 0 0 0 1 12.0546
0 0 0 0 1 12.0767
0 0 0 0 1 11.9906
0 0 0 0 1 11.8338
0 0 0 0 1 11.8431
0 0 0 0 1 11.7931
0 0 0 0 1 11.5221
0 0 0 0 1 11.6548
0 0 0 0 0 11.613
0 0 0 0 1 11.4946
0 0 0 0 1 11.4304
0 0 0 0 1 11.4035
0 0 0 0 0 11.2801
0 0 0 0 1 11.1831
0 0 0 0 1 11.0757
0 0 0 0 1 10.9579
0 0 0 0 0 10.8739
0 0 0 0 1 10.8636
0 0 0 0 1 10.9618
0 0 0 0 1 10.7296
0 0 0 0 1 10.6975
0 0 0 0 1 10.733
0 0 0 0 1 10.7327
0 0 0 0 1 10.7001
0 0 0 0 1 10.5832
0 0 0 0 1 10.509
0 0 0 0 1 10.4144
0 0 0 0 1 10.362
0 0 0 0 1 10.3822
0 0 0 0 1 10.224
0 0 0 0 1 10.1827
0 0 0 0 1 10.2128
0 0 0 0 1 10.1713
0 0 0 0 1 10.1574
0 0 0 0 1 10.0329
0 0 0 0 1 9.92208
0 0 0 0 1 9.94868
0 0 0 0 1 9.89551
0 0 0 0 1 9.80312
0 0 0 0 0 9.74082
0 0 0 0 0 9.82831
0 0 0 0 1 9.65897
0 0 0 0 1 9.79144
0 0 0 0 1 9.60406
0 0 0 0 0 9.64617
0 0 0 0 0 9.47973
0 0 0 0 1 9.48619
0 0 0 0 1 9.54937
0 0 0 0 0 9.54316
0 0 0 0 0 9.48289
0 0 0 0 1 9.3386
0 0 0 0 1 9.39146
0 0 0 0 1 9.26451
0 0 0 0 0 9.18736
0 0 0 0 1 9.20037
0 0 0 0 1 9.24997
0 0 0 0 0 9.22584
0 0 0 0 1 9.0401
0 0 0 0 1 9.05309
0 0 0 0 0 9.11119
0 0 0 0 1 8.99734
0 0 0 0 1 9.08206
0 0 0 0 1 9.0342
0 0 0 0 1 8.89494
0 0 0 0 1 8.88107
0 0 0 0 1 8.89381
0 0 0 0 0 8.83579
0 0 0 0 0 8.78693
0 0 0 0 1 8.83226
0 0 0 0 1 8.68137
0 0 0 0 1 8.77886
0 0 0 0 1 8.61787
0 0 0 0 1 8.63699
0 0 0 0 1 8.6008
0 0 0 0 1 8.51666
0 0 0 0 0 8.58983
0 0 0 0 1 8.62578
0 0 0 0 1 8.45978
0 0 0 0 1 8.4391
0 0 0 0 1 8.5343
0 0 0 0 0 8.40391
0 0 0 0 1 8.37252
0 0 0 0 1 8.34401
0 0 0 0 1 8.36311
0 0 0 0 1 8.36546
0 0 0 0 1 8.34555
0 0 0 0 1 8.27341
0 0 0 0 1 8.23746
0 0 0 0 1 8.19901
0 0 0 0 1 8.12794
0 0 0 0 0 8.19105
0 0 0 0 1 8.08783
0 0 0 0 0 8.16425
0 0 0 0 1 8.14288
0 0 0 0 1 8.08927
0 0 0 0 1 8.0121
0 0 0 0 0 8.04788
0 0 0 0 0 8.05134
0 0 0 0 1 7.96657
0 0 0 0 1 7.9543
0 0 0 0 1 7.9581
0 0 0 0 1 7.96487
0 0 0 0 1 7.95784
0 0 0 0 1 7.85876
0 0 0 0 1 7.87086
0 0 0 0 1 7.93814
0 0 0 0 1 7.85574
0 0 0 0 0 7.78164
0 0 0 0 1 7.83318
0 0 0 0 1 7.79867
0 0 0 0 1 7.75345
0 0 0 0 1 7.836
0 0 0 0 0 7.74303
0 0 0 0 0 7.80672
0 0 0 0 1 7.70353
0 0 0 0 1 7.66696
0 0 0 0 1 7.70304
0 0 0 0 1 7.61632
0 0 0 0 1 7.71047
0 0 0 0 1 7.7159
0 0 0 0 0 7.66043
0 0 0 0 0 7.55627
0 0 0 0 0 7.56986
0 0 0 0 1 7.52289
0 0 0 0 1 7.58619
0 0 0 0 1 7.56218
0 0 0 0 1 7.50826
0 0 0 0 0 7.51127
0 0 0 0 0 7.44284
0 0 0 0 1 7.43471
0 0 0 0 1 7.43806
0 0 0 0 1 7.39287
0 0 0 0 1 7.50432
0 0 0 0 1 7.45952
0 0 0 0 1 7.38513
0 0 0 0 1 7.46672
0 0 0 0 1 7.47046
0 0 0 0 1 7.30823
0 0 0 0 1 7.43767
0 0 0 0 1 7.41225
0 0 0 0 1 7.40551
0 0 0 0 0 7.37695
0 0 0 0 0 7.25287
0 0 0 0 1 7.25413
0 0 0 0 1 7.37232
0 0 0 0 0 7.28219
0 0 0 0 1 7.30158
0 0 0 0 1 7.33233
0 0 0 0 1 7.30825
0 0 0 0 1 7.23358
0 0 0 0 1 7.29364
0 0 0 0 1 7.27724
