0 0 0 0 1 5.23897
0 0 0 0 1 5.22424
0 0 0 0 1 5.21264
0 0 0 0 0 5.18753
0 0 0 0 1 5.21266
0 0 0 0 1 5.21905
0 0 0 0 1 5.29371
0 0 0 0 1 5.24058
0 0 0 0 0 5.27879
0 0 0 0 1 5.23811
0 0 0 0 1 5.23769
0 0 0 0 1 5.30087
0 0 0 0 1 5.31847
0 0 0 0 1 5.27251
0 0 0 0 0 5.3363
0 0 0 0 1 5.30098
0 0 0 0 0 5.30655
0 0 0 0 1 5.36196
0 0 0 0 0 5.39996
0 0 0 0 0 5.32718
0 0 0 0 1 5.37614
0 0 0 0 1 5.38923
0 0 0 0 1 5.37398
0 0 0 0 1 5.41817
0 0 0 0 1 5.42074
0 0 0 0 1 5.36375
0 0 0 0 1 5.44636
0 0 0 0 0 5.4097
0 0 0 0 1 5.41113
0 0 0 0 1 5.41942
0 0 0 0 1 5.42648
0 0 0 0 1 5.53794
0 0 0 0 1 5.48064
0 0 0 0 1 5.50028
0 0 0 0 1 5.53543
0 0 0 0 0 5.52103
0 0 0 0 1 5.55654
0 0 0 0 1 5.54331
0 0 0 0 0 5.59583
0 0 0 0 0 5.60959
0 0 0 0 0 5.62443
0 0 0 0 1 5.6104
0 0 0 0 1 5.57387
0 0 0 0 1 5.59919
0 0 0 0 0 5.69327
0 0 0 0 1 5.60594
0 0 0 0 0 5.70458
0 0 0 0 1 5.68026
0 0 0 0 1 5.64367
0 0 0 0 0 5.72695
0 0 0 0 1 5.70757
0 0 0 0 1 5.68887
0 0 0 0 1 5.72045
0 0 0 0 1 5.79342
0 0 0 0 1 5.79731
0 0 0 0 1 5.81347
0 0 0 0 1 5.86403
0 0 0 0 1 5.84433
0 0 0 0 1 5.90171
0 0 0 0 1 5.8181
0 0 0 0 1 5.85115
0 0 0 0 1 5.87957
0 0 0 0 1 5.85441
0 0 0 0 1 5.89387
0 0 0 0 1 5.946
0 0 0 0 0 5.98649
0 0 0 0 0 6.00927
0 0 0 0 1 6.01381
0 0 0 0 1 6.03115
0 0 0 0 1 6.02374
0 0 0 0 0 6.11963
0 0 0 0 1 6.07025
0 0 0 0 1 6.11808
0 0 0 0 1 6.10479
0 0 0 0 1 6.07972
0 0 0 0 1 6.09081
0 0 0 0 1 6.12667
0 0 0 0 0 6.13852
0 0 0 0 0 6.22444
0 0 0 0 1 6.29855
0 0 0 0 1 6.23565
0 0 0 0 1 6.24764
0 0 0 0 1 6.291
0 0 0 0 1 6.32846
0 0 0 0 1 6.33433
0 0 0 0 1 6.41659
0 0 0 0 0 6.4292
0 0 0 0 1 6.38413
0 0 0 0 1 6.46736
0 0 0 0 1 6.50597
0 0 0 0 1 6.48649
0 0 0 0 0 6.54485
0 0 0 0 0 6.56443
0 0 0 0 0 6.56444
0 0 0 0 0 6.6104
0 0 0 0 1 6.65006
0 0 0 0 1 6.64362
0 0 0 0 1 6.64365
0 0 0 0 1 6.7104
0 0 0 0 1 6.65693
0 0 0 0 1 6.67699
0 0 0 0 1 6.69711
0 0 0 0 0 6.80552
0 0 0 0 1 6.79209
0 0 0 0 1 6.85369
0 0 0 0 1 6.81267
0 0 0 0 1 6.88158
0 0 0 0 1 6.86088
0 0 0 0 0 6.89554
0 0 0 0 1 6.95134
0 0 0 0 1 7.05659
0 0 0 0 1 6.98649
0 0 0 0 1 7.05011
0 0 0 0 0 7.13553
0 0 0 0 1 7.12148
0 0 0 0 1 7.20051
0 0 0 0 1 7.22957
0 0 0 0 1 7.30951
0 0 0 0 1 7.2226
0 0 0 0 1 7.28092
0 0 0 0 1 7.28822
0 0 0 0 1 7.34702
0 0 0 0 1 7.48034
0 0 0 0 1 7.43595
0 0 0 0 0 7.41336
0 0 0 0 1 7.48814
0 0 0 0 1 7.62395
0 0 0 0 1 7.61647
0 0 0 0 1 7.66214
0 0 0 0 1 7.60822
0 0 0 0 1 7.65382
0 0 0 0 1 7.80817
0 0 0 0 1 7.87813
0 0 0 0 1 7.89361
0 0 0 0 0 7.82225
0 0 0 0 1 7.90034
0 0 0 0 1 8.02695
0 0 0 0 1 7.9701
0 0 0 0 1 8.06561
0 0 0 0 1 8.12923
0 0 0 0 1 8.10354
0 0 0 0 1 8.24954
0 0 0 0 1 8.18203
0 0 0 0 0 8.21342
0 0 0 0 1 8.36923
0 0 0 0 0 8.32539
0 0 0 0 0 8.40724
0 0 0 0 1 8.44675
0 0 0 0 1 8.51235
0 0 0 0 1 8.57827
0 0 0 0 1 8.64408
0 0 0 0 1 8.62364
0 0 0 0 1 8.67256
0 0 0 0 1 8.78208
0 0 0 0 0 8.79609
0 0 0 0 0 8.90728
0 0 0 0 0 9.08167
0 0 0 0 1 8.96877
0 0 0 0 1 9.1544
0 0 0 0 1 9.24099
0 0 0 0 1 9.29967
0 0 0 0 1 9.31274
0 0 0 0 0 9.4368
0 0 0 0 0 9.37424
0 0 0 0 1 9.57396
0 0 0 0 1 9.47063
0 0 0 0 1 9.73114
0 0 0 0 1 9.61613
0 0 0 0 1 9.68436
0 0 0 0 1 9.81056
0 0 0 0 1 9.84972
0 0 0 0 1 10.0172
0 0 0 0 1 9.98476
0 0 0 0 1 10.2046
0 0 0 0 1 10.1506
0 0 0 0 1 10.2701
0 0 0 0 0 10.4942
0 0 0 0 1 10.4888
0 0 0 0 0 10.5049
0 0 0 0 1 10.6886
0 0 0 0 1 10.842
0 0 0 0 1 10.7998
0 0 0 0 1 10.8448
0 0 0 0 0 10.9643
0 0 0 0 1 11.051
0 0 0 0 0 11.2387
0 0 0 0 1 11.4056
0 0 0 0 1 11.4369
0 0 0 0 1 11.5683
0 0 0 0 1 11.526
0 0 0 0 0 11.7654
0 0 0 0 1 11.943
0 0 0 0 0 11.9453
0 0 0 0 1 12.0394
0 0 0 0 1 12.3163
0 0 0 0 1 12.1901
0 0 0 0 1 12.4041
0 0 0 0 1 12.6864
0 0 0 0 0 12.8037
0 0 0 0 1 12.8313
0 0 0 0 1 12.9699
0 0 0 0 1 13.0302
0 0 0 0 1 13.314
0 0 0 0 1 13.4232
0 0 0 0 1 13.6671
0 0 0 0 1 13.544
0 0 0 0 1 13.7702
0 0 0 0 1 13.9282
0 0 0 0 0 14.1007
0 0 0 0 1 14.2258
0 0 0 0 0 14.4226
0 0 0 0 1 14.7911
0 0 0 0 1 14.8324
0 0 0 0 1 15.0263
0 0 0 0 1 15.2912
0 0 0 0 1 15.3673
0 0 0 0 0 15.5498
0 0 0 0 1 15.7007
0 0 0 0 1 15.9977
0 0 0 0 1 16.1997
0 0 0 0 1 16.4345
0 0 0 0 0 16.7392
0 0 0 0 1 17.0802
0 0 0 0 1 14.6853
0 0 0 0 0 14.5921
0 0 0 0 1 14.6628
0 0 0 0 1 14.5558
0 0 0 0 1 14.7115
0 0 0 0 1 14.6224
0 0 0 0 1 14.6328
0 0 0 0 1 14.5445
0 0 0 0 1 14.5845
0 0 0 0 1 14.5956
0 0 0 0 1 14.5083
0 0 0 0 0 14.4069
0 0 0 0 1 14.4479
0 0 0 0 0 14.2728
0 0 0 0 1 14.2735
0 0 0 0 1 14.2744
0 0 0 0 1 14.2302
0 0 0 0 1 14.3034
0 0 0 0 1 14.3745
0 0 0 0 1 14.2472
0 0 0 0 1 14.2492
0 0 0 0 1 14.3497
0 0 0 0 1 14.3378
0 0 0 0 1 14.1529
0 0 0 0 1 14.1274
0 0 0 0 1 14.2448
0 0 0 0 1 14.3622
0 0 0 0 0 14.2217
0 0 0 0 1 14.3394
0 0 0 0 0 14.2582
0 0 0 0 1 14.3462
0 0 0 0 1 14.2856
0 0 0 0 1 14.7034
0 0 0 0 1 15.0759
0 0 0 0 0 15.6056
0 0 0 0 1 16.0408
0 0 0 0 0 16.6694
0 0 0 0 1 17.0529
0 0 0 0 1 17.9808
0 0 0 0 1 40.7856
0 0 0 0 1 42.5844
0 0 0 0 1 44.1759
0 0 0 0 1 45.43
0 0 0 0 0 47.505
0 0 0 0 1 49.0735
0 0 0 0 1 42.5904
0 0 0 0 1 42.1929
0 0 0 0 1 41.8379
0 0 0 0 1 42.4987
0 0 0 0 1 42.3144
0 0 0 0 1 41.9629
0 0 0 0 1 42.6246
0 0 0 0 1 41.8529
0 0 0 0 1 42.3893
0 0 0 0 1 41.8304
0 0 0 0 0 42.4531
0 0 0 0 1 45.4784
0 0 0 0 0 5.00499
0 0 0 0 0 4.97493
0 0 0 0 0 5.05008
0 0 0 0 0 5.02503
0 0 0 0 1 35.4937
0 0 0 0 0 35.5959
0 0 0 0 1 35.346
0 0 0 0 1 34.9908
0 0 0 0 1 35.5183
0 0 0 0 1 35.1645
0 0 0 0 1 35.4816
0 0 0 0 1 35.3761
0 0 0 0 1 35.2361
0 0 0 0 0 35.2025
0 0 0 0 1 35.5928
0 0 0 0 1 35.5959
0 0 0 0 1 34.9292
0 0 0 0 0 4.99497
0 0 0 0 0 5.02002
0 0 0 0 0 5.04006
0 0 0 0 0 5.05509
0 0 0 0 0 5.02503
0 0 0 0 0 5.05008
0 0 0 0 0 5.05509
0 0 0 0 0 5.03004
0 0 0 0 0 5.02002
0 0 0 0 0 96.3922
0 0 0 0 0 90.5977
0 0 0 0 1 86.0153
0 0 0 0 1 80.158
0 0 0 0 0 23.3153
0 0 0 0 0 21.9637
0 0 0 0 1 20.9884
0 0 0 0 1 20.3837
0 0 0 0 1 20.0292
0 0 0 0 1 20.2603
0 0 0 0 1 20.0688
0 0 0 0 1 20.2606
0 0 0 0 1 20.2097
0 0 0 0 1 19.9989
0 0 0 0 1 20.2324
0 0 0 0 1 20.0827
0 0 0 0 1 20.2567
0 0 0 0 0 20.2694
0 0 0 0 0 20.2825
0 0 0 0 1 20.1543
0 0 0 0 0 20.3302
0 0 0 0 1 20.2634
0 0 0 0 1 20.3186
0 0 0 0 1 20.4962
0 0 0 0 0 20.2678
0 0 0 0 1 20.2615
0 0 0 0 1 20.5441
0 0 0 0 1 20.5608
0 0 0 0 1 20.3128
0 0 0 0 1 34.7556
0 0 0 0 1 33.9801
0 0 0 0 1 33.1689
0 0 0 0 1 33.1545
0 0 0 0 1 32.2677
0 0 0 0 1 31.6309
0 0 0 0 1 30.8694
0 0 0 0 1 30.1339
0 0 0 0 1 29.5134
0 0 0 0 1 29.3949
0 0 0 0 0 28.5901
0 0 0 0 0 28.3709
0 0 0 0 1 27.4952
0 0 0 0 1 27.4172
0 0 0 0 1 26.9068
0 0 0 0 1 26.6462
0 0 0 0 1 25.7334
0 0 0 0 0 25.3741
0 0 0 0 1 25.1494
0 0 0 0 1 24.9548
0 0 0 0 1 24.2454
0 0 0 0 1 24.0769
0 0 0 0 1 23.7798
0 0 0 0 1 23.4679
0 0 0 0 1 22.9018
0 0 0 0 1 22.6122
0 0 0 0 0 22.4795
0 0 0 0 1 22.0417
0 0 0 0 1 21.8141
0 0 0 0 1 21.4221
0 0 0 0 1 21.1805
0 0 0 0 1 20.9712
0 0 0 0 1 20.9572
0 0 0 0 0 20.3812
0 0 0 0 1 20.1897
0 0 0 0 0 19.8662
0 0 0 0 1 19.9902
0 0 0 0 1 19.695
0 0 0 0 1 19.2174
0 0 0 0 1 18.9373
0 0 0 0 1 19.0842
0 0 0 0 1 18.6904
0 0 0 0 0 18.6526
0 0 0 0 1 18.2821
0 0 0 0 1 17.9791
0 0 0 0 1 17.822
0 0 0 0 1 17.8341
0 0 0 0 1 17.416
0 0 0 0 1 17.3472
0 0 0 0 1 17.38
0 0 0 0 1 16.9827
0 0 0 0 0 16.7421
0 0 0 0 0 16.8891
0 0 0 0 1 16.5414
0 0 0 0 1 16.3377
0 0 0 0 1 16.2816
0 0 0 0 1 16.1917
0 0 0 0 1 15.9665
0 0 0 0 1 15.822
0 0 0 0 1 15.5369
0 0 0 0 0 15.5496
0 0 0 0 0 15.3008
0 0 0 0 0 15.3568
0 0 0 0 1 15.1856
0 0 0 0 1 15.0516
0 0 0 0 1 14.8613
0 0 0 0 1 14.8553
0 0 0 0 1 14.7364
0 0 0 0 0 14.5861
0 0 0 0 1 14.5343
0 0 0 0 1 14.2048
0 0 0 0 1 14.2986
0 0 0 0 1 14.1643
0 0 0 0 1 14.0782
0 0 0 0 1 13.798
0 0 0 0 1 13.6669
0 0 0 0 1 13.6815
0 0 0 0 1 13.4558
0 0 0 0 1 13.577
0 0 0 0 1 13.3128
0 0 0 0 1 13.1924
0 0 0 0 1 13.1779
0 0 0 0 1 12.9534
0 0 0 0 0 13.0295
0 0 0 0 1 12.8715
0 0 0 0 1 12.8383
0 0 0 0 1 12.6945
0 0 0 0 0 12.5727
0 0 0 0 1 12.5645
0 0 0 0 0 12.5306
0 0 0 0 0 12.3478
0 0 0 0 0 12.2118
0 0 0 0 1 12.2028
0 0 0 0 0 12.2378
0 0 0 0 0 11.958
0 0 0 0 1 11.8848
0 0 0 0 1 12.0383
0 0 0 0 1 11.7509
0 0 0 0 1 11.7371
0 0 0 0 0 11.7697
0 0 0 0 1 11.6035
0 0 0 0 1 11.5045
0 0 0 0 1 11.4291
0 0 0 0 1 11.3346
0 0 0 0 1 11.2486
0 0 0 0 1 11.189
0 0 0 0 1 11.179
0 0 0 0 1 11.2055
0 0 0 0 1 11.1979
0 0 0 0 1 11.0683
0 0 0 0 0 10.8958
0 0 0 0 1 10.8308
0 0 0 0 1 10.8639
0 0 0 0 1 10.9133
0 0 0 0 1 10.7405
0 0 0 0 0 10.6688
0 0 0 0 1 10.6154
0 0 0 0 1 10.6895
0 0 0 0 1 10.4777
0 0 0 0 1 10.3936
0 0 0 0 1 10.5084
0 0 0 0 1 10.4452
0 0 0 0 1 10.4236
0 0 0 0 0 10.3064
0 0 0 0 1 10.3363
0 0 0 0 0 10.2332
0 0 0 0 1 10.1206
0 0 0 0 1 10.1978
0 0 0 0 1 9.9726
0 0 0 0 1 10.0521
0 0 0 0 1 9.98851
0 0 0 0 1 9.92526
0 0 0 0 1 9.79325
0 0 0 0 1 9.76048
0 0 0 0 0 9.71096
0 0 0 0 1 9.63949
0 0 0 0 1 9.70419
0 0 0 0 1 9.71023
0 0 0 0 1 9.6077
0 0 0 0 0 9.47973
0 0 0 0 1 9.46712
0 0 0 0 1 9.40699
0 0 0 0 1 9.40129
0 0 0 0 1 9.33222
0 0 0 0 0 9.38548
0 0 0 0 1 9.30744
0 0 0 0 1 9.23661
0 0 0 0 1 9.27997
0 0 0 0 1 9.24651
0 0 0 0 1 9.13963
0 0 0 0 1 9.13422
0 0 0 0 0 9.10395
0 0 0 0 1 9.06218
0 0 0 0 1 8.97534
0 0 0 0 0 9.08758
0 0 0 0 0 9.07306
0 0 0 0 0 9.02525
0 0 0 0 0 8.86817
0 0 0 0 0 8.91662
0 0 0 0 1 8.80522
0 0 0 0 0 8.83579
0 0 0 0 0 8.77813
0 0 0 0 1 8.70946
0 0 0 0 0 8.65517
0 0 0 0 1 8.70048
0 0 0 0 0 8.71334
0 0 0 0 1 8.62834
0 0 0 0 1 8.65251
0 0 0 0 1 8.67994
0 0 0 0 1 8.51275
0 0 0 0 1 8.53183
0 0 0 0 1 8.59595
0 0 0 0 1 8.48999
0 0 0 0 1 8.50047
0 0 0 0 1 8.50506
0 0 0 0 1 8.37252
0 0 0 0 0 8.36076
0 0 0 0 1 8.42995
0 0 0 0 0 8.34046
0 0 0 0 1 8.2459
0 0 0 0 1 8.24029
0 0 0 0 1 8.32
0 0 0 0 1 8.17431
0 0 0 0 1 8.16078
0 0 0 0 1 8.13377
0 0 0 0 1 8.20209
0 0 0 0 1 8.091
0 0 0 0 1 8.10229
0 0 0 0 1 8.16214
0 0 0 0 0 8.1172
0 0 0 0 1 8.12045
0 0 0 0 1 7.97091
0 0 0 0 1 8.01471
0 0 0 0 1 8.07433
0 0 0 0 1 8.02195
0 0 0 0 1 8.00466
0 0 0 0 0 7.88636
0 0 0 0 1 7.93006
0 0 0 0 1 7.92618
0 0 0 0 1 7.84354
0 0 0 0 0 7.84787
0 0 0 0 1 7.79733
0 0 0 0 1 7.84883
0 0 0 0 1 7.88454
0 0 0 0 1 7.86254
0 0 0 0 1 7.71162
0 0 0 0 1 7.76628
0 0 0 0 1 7.81446
0 0 0 0 1 7.74985
0 0 0 0 0 7.67467
0 0 0 0 1 7.74917
0 0 0 0 0 7.59331
0 0 0 0 1 7.60327
0 0 0 0 1 7.67771
0 0 0 0 1 7.63756
0 0 0 0 0 7.56388
0 0 0 0 1 7.66097
0 0 0 0 0 7.51532
0 0 0 0 1 7.49543
0 0 0 0 1 7.59992
0 0 0 0 1 7.47813
0 0 0 0 1 7.5639
0 0 0 0 1 7.46535
0 0 0 0 1 7.46466
0 0 0 0 1 7.55019
0 0 0 0 0 7.42271
0 0 0 0 1 7.43732
0 0 0 0 0 7.45952
0 0 0 0 0 7.38513
0 0 0 0 1 7.40005
0 0 0 0 0 7.42609
0 0 0 0 1 7.33037
0 0 0 0 1 7.34922
0 0 0 0 1 7.29447
0 0 0 0 1 7.36143
0 0 0 0 0 7.31095
0 0 0 0 1 7.27485
0 0 0 0 1 7.26876
0 0 0 0 0 7.30663
0 0 0 0 1 7.34051
0 0 0 0 1 7.24334
0 0 0 0 1 7.32506
0 0 0 0 0 7.27922
0 0 0 0 0 7.29881
0 0 0 0 1 7.19234
0 0 0 0 1 7.23388
