0 0 0 0 1 5.16613
0 0 0 0 1 5.17737
0 0 0 0 0 5.24394
0 0 0 0 1 5.2032
0 0 0 0 1 5.28593
0 0 0 0 0 5.27145
0 0 0 0 1 5.27797
0 0 0 0 1 5.30891
0 0 0 0 0 5.25774
0 0 0 0 1 5.31715
0 0 0 0 1 5.29577
0 0 0 0 1 5.25326
0 0 0 0 0 5.30788
0 0 0 0 1 5.28842
0 0 0 0 1 5.30441
0 0 0 0 1 5.33823
0 0 0 0 1 5.33855
0 0 0 0 0 5.31924
0 0 0 0 1 5.3839
0 0 0 0 0 5.40757
0 0 0 0 1 5.40837
0 0 0 0 1 5.36772
0 0 0 0 1 5.44405
0 0 0 0 1 5.41277
0 0 0 0 1 5.36123
0 0 0 0 1 5.42877
0 0 0 0 1 5.45722
0 0 0 0 1 5.42058
0 0 0 0 0 5.47659
0 0 0 0 1 5.43034
0 0 0 0 1 5.42101
0 0 0 0 1 5.53245
0 0 0 0 1 5.49164
0 0 0 0 1 5.48927
0 0 0 0 1 5.46369
0 0 0 0 1 5.57635
0 0 0 0 1 5.51218
0 0 0 0 1 5.55998
0 0 0 0 1 5.55128
0 0 0 0 1 5.58727
0 0 0 0 1 5.54057
0 0 0 0 1 5.57116
0 0 0 0 1 5.59073
0 0 0 0 1 5.66115
0 0 0 0 1 5.59171
0 0 0 0 1 5.71342
0 0 0 0 1 5.71593
0 0 0 0 1 5.73144
0 0 0 0 1 5.71778
0 0 0 0 1 5.66408
0 0 0 0 0 5.68464
0 0 0 0 1 5.77497
0 0 0 0 1 5.77229
0 0 0 0 1 5.78186
0 0 0 0 1 5.78573
0 0 0 0 1 5.82508
0 0 0 0 1 5.87567
0 0 0 0 0 5.80346
0 0 0 0 1 5.81982
0 0 0 0 1 5.88848
0 0 0 0 1 5.85115
0 0 0 0 1 5.91495
0 0 0 0 1 5.92537
0 0 0 0 1 5.99477
0 0 0 0 1 5.99956
0 0 0 0 1 5.93874
0 0 0 0 1 6.00328
0 0 0 0 1 5.97176
0 0 0 0 1 5.983
0 0 0 0 0 6.07811
0 0 0 0 0 6.07116
0 0 0 0 1 6.11278
0 0 0 0 1 6.14854
0 0 0 0 1 6.08644
0 0 0 0 1 6.18391
0 0 0 0 0 6.21386
0 0 0 0 1 6.21932
0 0 0 0 1 6.13233
0 0 0 0 1 6.20581
0 0 0 0 1 6.28607
0 0 0 0 0 6.31696
0 0 0 0 1 6.26019
0 0 0 0 1 6.32249
0 0 0 0 0 6.35372
0 0 0 0 1 6.35335
0 0 0 0 0 6.37203
0 0 0 0 0 6.42282
0 0 0 0 1 6.46746
0 0 0 0 1 6.48023
0 0 0 0 1 6.4737
0 0 0 0 0 6.45409
0 0 0 0 1 6.47986
0 0 0 0 1 6.5579
0 0 0 0 1 6.52513
0 0 0 0 1 6.61697
0 0 0 0 1 6.63027
0 0 0 0 0 6.63698
0 0 0 0 0 6.71015
0 0 0 0 1 6.69704
0 0 0 0 1 6.75078
0 0 0 0 1 6.74429
0 0 0 0 1 6.81876
0 0 0 0 0 6.79874
0 0 0 0 0 6.77165
0 0 0 0 1 6.81949
0 0 0 0 0 6.84014
0 0 0 0 1 6.97131
0 0 0 0 1 6.97165
0 0 0 0 0 6.99295
0 0 0 0 1 7.03518
0 0 0 0 1 6.95137
0 0 0 0 0 6.97944
0 0 0 0 1 7.12797
0 0 0 0 1 7.09284
0 0 0 0 1 7.18577
0 0 0 0 1 7.12154
0 0 0 0 1 7.15749
0 0 0 0 1 7.21533
0 0 0 0 1 7.28806
0 0 0 0 1 7.31747
0 0 0 0 1 7.36896
0 0 0 0 0 7.40604
0 0 0 0 1 7.45068
0 0 0 0 0 7.4136
0 0 0 0 1 7.5107
0 0 0 0 1 7.51824
0 0 0 0 1 7.54832
0 0 0 0 1 7.63927
0 0 0 0 0 7.62394
0 0 0 0 1 7.68499
0 0 0 0 0 7.68469
0 0 0 0 1 7.75384
0 0 0 0 1 7.78453
0 0 0 0 1 7.91715
0 0 0 0 1 7.94053
0 0 0 0 1 7.86068
0 0 0 0 1 8.03492
0 0 0 0 1 8.0583
0 0 0 0 1 8.00115
0 0 0 0 1 8.11302
0 0 0 0 1 8.1443
0 0 0 0 1 8.11027
0 0 0 0 0 8.2975
0 0 0 0 1 8.23
0 0 0 0 1 8.33586
0 0 0 0 0 8.36735
0 0 0 0 1 8.42412
0 0 0 0 1 8.47225
0 0 0 0 0 8.52089
0 0 0 0 0 8.61265
0 0 0 0 0 8.67003
0 0 0 0 0 8.65845
0 0 0 0 1 8.79508
0 0 0 0 1 8.88789
0 0 0 0 1 8.88476
0 0 0 0 1 8.87158
0 0 0 0 1 9.05469
0 0 0 0 0 9.08642
0 0 0 0 0 9.12707
0 0 0 0 1 9.20431
0 0 0 0 1 9.21656
0 0 0 0 1 9.28485
0 0 0 0 1 9.37126
0 0 0 0 1 9.34597
0 0 0 0 1 9.43149
0 0 0 0 1 9.66196
0 0 0 0 1 9.64443
0 0 0 0 1 9.67435
0 0 0 0 1 9.86026
0 0 0 0 1 9.91891
0 0 0 0 1 9.82989
0 0 0 0 1 9.94721
0 0 0 0 1 10.0351
0 0 0 0 0 10.1843
0 0 0 0 1 10.3348
0 0 0 0 0 10.2598
0 0 0 0 1 10.4215
0 0 0 0 0 10.5307
0 0 0 0 1 10.5682
0 0 0 0 1 10.6567
0 0 0 0 1 10.7561
0 0 0 0 1 10.7456
0 0 0 0 1 10.9431
0 0 0 0 1 11.0304
0 0 0 0 1 11.14
0 0 0 0 0 11.3285
0 0 0 0 1 11.4056
0 0 0 0 1 11.4597
0 0 0 0 0 11.4877
0 0 0 0 1 11.5958
0 0 0 0 0 11.7068
0 0 0 0 0 11.9548
0 0 0 0 1 11.8855
0 0 0 0 0 12.0032
0 0 0 0 1 12.2431
0 0 0 0 0 12.3009
0 0 0 0 0 12.3917
0 0 0 0 1 12.6487
0 0 0 0 0 12.8164
0 0 0 0 0 12.8826
0 0 0 0 1 12.8662
0 0 0 0 1 12.9909
0 0 0 0 0 13.2081
0 0 0 0 1 13.4366
0 0 0 0 1 13.4506
0 0 0 0 1 13.6671
0 0 0 0 0 13.7978
0 0 0 0 1 13.9282
0 0 0 0 1 14.2989
0 0 0 0 0 14.369
0 0 0 0 0 14.64
0 0 0 0 1 14.8204
0 0 0 0 0 14.8026
0 0 0 0 1 15.1466
0 0 0 0 1 15.3369
0 0 0 0 1 15.5678
0 0 0 0 1 15.5967
0 0 0 0 1 15.669
0 0 0 0 1 16.0779
0 0 0 0 1 16.3949
0 0 0 0 1 16.4674
0 0 0 0 1 16.8897
0 0 0 0 1 17.0971
0 0 0 0 0 14.7878
0 0 0 0 1 14.7383
0 0 0 0 1 14.4584
0 0 0 0 1 14.6725
0 0 0 0 0 14.5221
0 0 0 0 1 14.4769
0 0 0 0 0 14.6038
0 0 0 0 1 14.6461
0 0 0 0 1 14.3525
0 0 0 0 1 14.335
0 0 0 0 1 14.6096
0 0 0 0 1 14.378
0 0 0 0 1 14.4623
0 0 0 0 0 14.4747
0 0 0 0 1 14.5472
0 0 0 0 1 14.5046
0 0 0 0 0 14.2445
0 0 0 0 1 14.3464
0 0 0 0 1 14.4749
0 0 0 0 1 14.2902
0 0 0 0 1 14.3781
0 0 0 0 1 14.3354
0 0 0 0 1 14.2377
0 0 0 0 0 14.4099
0 0 0 0 1 14.1274
0 0 0 0 1 14.3303
0 0 0 0 1 14.3337
0 0 0 0 0 14.3783
0 0 0 0 1 14.2114
0 0 0 0 1 14.1587
0 0 0 0 1 14.1474
0 0 0 0 1 14.4866
0 0 0 0 1 14.6739
0 0 0 0 1 15.3039
0 0 0 0 1 15.543
0 0 0 0 0 16.1053
0 0 0 0 1 16.8026
0 0 0 0 1 17.0529
0 0 0 0 0 17.6603
0 0 0 0 1 41.0296
0 0 0 0 1 41.7833
0 0 0 0 1 43.6505
0 0 0 0 1 45.1113
0 0 0 0 1 47.3153
0 0 0 0 1 49.964
0 0 0 0 1 42.0406
0 0 0 0 0 41.8547
0 0 0 0 1 42.5986
0 0 0 0 1 42.034
0 0 0 0 1 41.8921
0 0 0 0 1 42.174
0 0 0 0 1 42.2447
0 0 0 0 0 42.6123
0 0 0 0 1 42.0518
0 0 0 0 1 42.5051
0 0 0 0 1 42.4952
0 0 0 0 0 45.6157
0 0 0 0 0 5.05509
0 0 0 0 0 5.02002
0 0 0 0 0 5.03004
0 0 0 0 0 4.96992
0 0 0 0 1 35.3878
0 0 0 0 0 35.4548
0 0 0 0 1 35.6282
0 0 0 0 1 35.4141
0 0 0 0 1 35.6241
0 0 0 0 1 35.4819
0 0 0 0 1 35.5874
0 0 0 0 1 35.3761
0 0 0 0 1 35.4477
0 0 0 0 1 35.2025
0 0 0 0 1 35.0283
0 0 0 0 0 35.349
0 0 0 0 0 34.9645
0 0 0 0 0 4.97994
0 0 0 0 0 4.98996
0 0 0 0 0 5.04507
0 0 0 0 0 4.99497
0 0 0 0 0 5.01501
0 0 0 0 0 4.99998
0 0 0 0 0 4.98495
0 0 0 0 0 5.02503
0 0 0 0 0 4.98495
0 0 0 0 1 95.2458
0 0 0 0 1 89.2468
0 0 0 0 1 86.186
0 0 0 0 1 81.3725
0 0 0 0 1 23.5014
0 0 0 0 1 22.3626
0 0 0 0 0 21.2211
0 0 0 0 1 20.0396
0 0 0 0 1 20.0493
0 0 0 0 0 20.2804
0 0 0 0 0 20.1897
0 0 0 0 0 20.18
0 0 0 0 1 20.0887
0 0 0 0 1 19.9989
0 0 0 0 1 20.1112
0 0 0 0 1 20.1635
0 0 0 0 1 20.1354
0 0 0 0 1 20.411
0 0 0 0 1 20.1813
0 0 0 0 1 20.2353
0 0 0 0 1 20.4113
0 0 0 0 1 20.3648
0 0 0 0 1 20.4201
0 0 0 0 0 20.4353
0 0 0 0 1 20.2475
0 0 0 0 1 20.5056
0 0 0 0 1 20.2998
0 0 0 0 0 20.5201
0 0 0 0 1 20.476
0 0 0 0 1 35.0001
0 0 0 0 0 34.4587
0 0 0 0 1 33.3362
0 0 0 0 1 32.7606
0 0 0 0 1 32.4607
0 0 0 0 0 31.4417
0 0 0 0 1 31.055
0 0 0 0 1 30.5891
0 0 0 0 1 29.7516
0 0 0 0 0 29.3364
0 0 0 0 1 28.5901
0 0 0 0 0 28.06
0 0 0 0 0 27.8285
0 0 0 0 1 27.0895
0 0 0 0 1 26.9337
0 0 0 0 1 26.4877
0 0 0 0 1 25.8114
0 0 0 0 1 25.8345
0 0 0 0 0 25.1746
0 0 0 0 1 25.0542
0 0 0 0 1 24.3433
0 0 0 0 1 24.1974
0 0 0 0 1 23.7323
0 0 0 0 1 23.6553
0 0 0 0 1 23.2943
0 0 0 0 1 22.7943
0 0 0 0 1 22.4795
0 0 0 0 1 21.9974
0 0 0 0 0 21.7485
0 0 0 0 1 21.3573
0 0 0 0 1 21.4792
0 0 0 0 1 20.8659
0 0 0 0 1 20.5829
0 0 0 0 0 20.7305
0 0 0 0 1 20.4129
0 0 0 0 1 20.2471
0 0 0 0 0 19.7128
0 0 0 0 0 19.46
0 0 0 0 1 19.3335
0 0 0 0 1 19.0903
0 0 0 0 0 18.7249
0 0 0 0 1 18.6156
0 0 0 0 1 18.3195
0 0 0 0 1 18.1174
0 0 0 0 0 18.2869
0 0 0 0 1 17.8399
0 0 0 0 1 17.6389
0 0 0 0 0 17.6093
0 0 0 0 1 17.2254
0 0 0 0 1 17.3283
0 0 0 0 1 17.1532
0 0 0 0 1 17.0459
0 0 0 0 0 16.5881
0 0 0 0 1 16.7235
0 0 0 0 1 16.5346
0 0 0 0 0 16.0866
0 0 0 0 0 16.1756
0 0 0 0 1 15.8867
0 0 0 0 1 15.9169
0 0 0 0 1 15.5526
0 0 0 0 1 15.4099
0 0 0 0 0 15.4239
0 0 0 0 1 15.1128
0 0 0 0 1 15.1554
0 0 0 0 1 15.0966
0 0 0 0 1 14.8613
0 0 0 0 0 14.7373
0 0 0 0 0 14.6633
0 0 0 0 0 14.5716
0 0 0 0 1 14.304
0 0 0 0 1 14.1763
0 0 0 0 0 14.1853
0 0 0 0 0 14.1361
0 0 0 0 1 13.8687
0 0 0 0 1 13.7426
0 0 0 0 1 13.6119
0 0 0 0 1 13.545
0 0 0 0 1 13.4422
0 0 0 0 1 13.3214
0 0 0 0 0 13.4463
0 0 0 0 1 13.2719
0 0 0 0 0 13.2042
0 0 0 0 1 13.0449
0 0 0 0 1 12.9386
0 0 0 0 1 12.8071
0 0 0 0 0 12.8127
0 0 0 0 0 12.7707
0 0 0 0 1 12.5727
0 0 0 0 1 12.552
0 0 0 0 1 12.4932
0 0 0 0 1 12.286
0 0 0 0 1 12.2855
0 0 0 0 1 12.154
0 0 0 0 1 12.0315
0 0 0 0 1 12.127
0 0 0 0 1 11.9807
0 0 0 0 0 11.8476
0 0 0 0 0 11.8693
0 0 0 0 1 11.796
0 0 0 0 1 11.8165
0 0 0 0 1 11.6616
0 0 0 0 1 11.4814
0 0 0 0 1 11.4751
0 0 0 0 0 11.346
0 0 0 0 1 11.3167
0 0 0 0 1 11.3358
0 0 0 0 1 11.1565
0 0 0 0 1 11.1831
0 0 0 0 1 11.0757
0 0 0 0 1 11.0904
0 0 0 0 0 11.0057
0 0 0 0 1 11.0275
0 0 0 0 1 10.7661
0 0 0 0 1 10.7728
0 0 0 0 1 10.7083
0 0 0 0 1 10.808
0 0 0 0 1 10.722
0 0 0 0 1 10.6577
0 0 0 0 1 10.6359
0 0 0 0 1 10.4355
0 0 0 0 1 10.4562
0 0 0 0 1 10.414
0 0 0 0 1 10.2684
0 0 0 0 0 10.224
0 0 0 0 1 10.1929
0 0 0 0 1 10.121
0 0 0 0 1 10.0699
0 0 0 0 1 10.006
0 0 0 0 1 10.0731
0 0 0 0 1 9.90208
0 0 0 0 0 9.99847
0 0 0 0 1 9.8856
0 0 0 0 1 9.94133
0 0 0 0 1 9.8686
0 0 0 0 0 9.83809
0 0 0 0 1 9.76607
0 0 0 0 0 9.79144
0 0 0 0 1 9.68128
0 0 0 0 1 9.67502
0 0 0 0 1 9.52761
0 0 0 0 0 9.54339
0 0 0 0 1 9.5114
0 0 0 0 1 9.43912
0 0 0 0 1 9.48289
0 0 0 0 0 9.32922
0 0 0 0 1 9.37278
0 0 0 0 1 9.22731
0 0 0 0 1 9.24292
0 0 0 0 0 9.25573
0 0 0 0 1 9.11205
0 0 0 0 1 9.1159
0 0 0 0 1 9.13132
0 0 0 0 1 9.08035
0 0 0 0 1 9.07496
0 0 0 0 1 9.11466
0 0 0 0 1 8.91121
0 0 0 0 1 8.89094
0 0 0 0 1 8.93063
0 0 0 0 1 8.96996
0 0 0 0 0 8.90267
0 0 0 0 0 8.75635
0 0 0 0 1 8.76934
0 0 0 0 1 8.72701
0 0 0 0 0 8.79491
0 0 0 0 1 8.63952
0 0 0 0 1 8.64391
0 0 0 0 1 8.59372
0 0 0 0 1 8.66974
0 0 0 0 1 8.67994
0 0 0 0 1 8.64121
0 0 0 0 1 8.55746
0 0 0 0 1 8.58744
0 0 0 0 0 8.48999
0 0 0 0 1 8.5343
0 0 0 0 1 8.40391
0 0 0 0 1 8.3473
0 0 0 0 1 8.34401
0 0 0 0 1 8.32969
0 0 0 0 1 8.39879
0 0 0 0 1 8.38707
0 0 0 0 0 8.27341
0 0 0 0 0 8.22921
0 0 0 0 1 8.16608
0 0 0 0 0 8.12794
0 0 0 0 0 8.1174
0 0 0 0 0 8.21841
0 0 0 0 1 8.06658
0 0 0 0 1 8.18348
0 0 0 0 1 8.01639
0 0 0 0 0 8.15763
0 0 0 0 1 8.11239
0 0 0 0 1 8.05134
0 0 0 0 1 8.07087
0 0 0 0 1 7.9623
0 0 0 0 1 8.0459
0 0 0 0 0 8.02853
0 0 0 0 0 7.87842
0 0 0 0 1 7.97759
0 0 0 0 1 7.94198
0 0 0 0 1 7.89084
0 0 0 0 1 7.82428
0 0 0 0 1 7.92284
0 0 0 0 1 7.80971
0 0 0 0 1 7.78305
0 0 0 0 1 7.81579
0 0 0 0 1 7.8049
0 0 0 0 1 7.72753
0 0 0 0 0 7.77577
0 0 0 0 0 7.74985
0 0 0 0 1 7.75943
0 0 0 0 1 7.74148
0 0 0 0 1 7.69302
0 0 0 0 1 7.59562
0 0 0 0 1 7.62423
0 0 0 0 1 7.65281
0 0 0 0 1 7.57149
0 0 0 0 1 7.51671
0 0 0 0 1 7.5835
0 0 0 0 1 7.53324
0 0 0 0 1 7.55463
0 0 0 0 1 7.54591
0 0 0 0 1 7.54886
0 0 0 0 1 7.45785
0 0 0 0 1 7.53953
0 0 0 0 1 7.41563
0 0 0 0 1 7.53461
0 0 0 0 1 7.42987
0 0 0 0 1 7.45952
0 0 0 0 1 7.37771
0 0 0 0 1 7.40005
0 0 0 0 1 7.34472
0 0 0 0 1 7.45587
0 0 0 0 0 7.34922
0 0 0 0 1 7.33864
0 0 0 0 1 7.40551
0 0 0 0 1 7.40628
0 0 0 0 1 7.29683
0 0 0 0 1 7.2907
0 0 0 0 1 7.22634
0 0 0 0 0 7.2749
0 0 0 0 1 7.22878
0 0 0 0 0 7.28146
0 0 0 0 0 7.30099
0 0 0 0 1 7.19009
0 0 0 0 1 7.30812
0 0 0 0 1 7.26279
