0 0 0 0 1 5.22336
0 0 0 0 1 5.19299
0 0 0 0 1 5.17089
0 0 0 0 1 5.2032
0 0 0 0 1 5.27023
0 0 0 0 1 5.22953
0 0 0 0 1 5.26223
0 0 0 0 1 5.22481
0 0 0 0 1 5.24721
0 0 0 0 1 5.27499
0 0 0 0 1 5.22713
0 0 0 0 1 5.24268
0 0 0 0 1 5.2549
0 0 0 0 1 5.28842
0 0 0 0 1 5.30973
0 0 0 0 1 5.26904
0 0 0 0 1 5.28522
0 0 0 0 0 5.37798
0 0 0 0 1 5.36785
0 0 0 0 1 5.38613
0 0 0 0 1 5.41911
0 0 0 0 1 5.38385
0 0 0 0 1 5.37937
0 0 0 0 1 5.35334
0 0 0 0 1 5.3991
0 0 0 0 0 5.45044
0 0 0 0 1 5.39206
0 0 0 0 0 5.39337
0 0 0 0 1 5.40568
0 0 0 0 1 5.44673
0 0 0 0 1 5.43196
0 0 0 0 1 5.49403
0 0 0 0 1 5.48614
0 0 0 0 1 5.49478
0 0 0 0 0 5.54647
0 0 0 0 1 5.49337
0 0 0 0 1 5.56208
0 0 0 0 1 5.58219
0 0 0 0 0 5.56242
0 0 0 0 1 5.57052
0 0 0 0 1 5.53498
0 0 0 0 1 5.57116
0 0 0 0 1 5.56264
0 0 0 0 1 5.67241
0 0 0 0 1 5.64813
0 0 0 0 1 5.63988
0 0 0 0 1 5.65349
0 0 0 0 1 5.69732
0 0 0 0 1 5.71778
0 0 0 0 1 5.70981
0 0 0 0 1 5.77633
0 0 0 0 1 5.70609
0 0 0 0 0 5.70893
0 0 0 0 0 5.75298
0 0 0 0 1 5.77415
0 0 0 0 0 5.74965
0 0 0 0 1 5.79422
0 0 0 0 1 5.89104
0 0 0 0 0 5.86077
0 0 0 0 0 5.87089
0 0 0 0 0 5.89235
0 0 0 0 1 5.85008
0 0 0 0 1 5.94903
0 0 0 0 1 5.91168
0 0 0 0 0 5.99361
0 0 0 0 1 5.98052
0 0 0 0 1 5.97335
0 0 0 0 1 6.02583
0 0 0 0 1 6.00105
0 0 0 0 1 6.10228
0 0 0 0 1 6.10146
0 0 0 0 1 6.05202
0 0 0 0 1 6.06323
0 0 0 0 1 6.12926
0 0 0 0 0 6.12262
0 0 0 0 1 6.18309
0 0 0 0 1 6.13903
0 0 0 0 1 6.23752
0 0 0 0 1 6.26172
0 0 0 0 1 6.27984
0 0 0 0 1 6.28569
0 0 0 0 1 6.24137
0 0 0 0 1 6.24063
0 0 0 0 1 6.37899
0 0 0 0 1 6.33433
0 0 0 0 1 6.32747
0 0 0 0 0 6.42282
0 0 0 0 0 6.47387
0 0 0 0 1 6.40944
0 0 0 0 1 6.41561
0 0 0 0 0 6.47353
0 0 0 0 0 6.46686
0 0 0 0 0 6.5057
0 0 0 0 1 6.59064
0 0 0 0 1 6.54469
0 0 0 0 1 6.61047
0 0 0 0 1 6.61046
0 0 0 0 1 6.6902
0 0 0 0 1 6.61692
0 0 0 0 1 6.71056
0 0 0 0 0 6.78468
0 0 0 0 0 6.78497
0 0 0 0 1 6.76481
0 0 0 0 1 6.81934
0 0 0 0 0 6.77161
0 0 0 0 1 6.87448
0 0 0 0 1 6.9437
0 0 0 0 0 6.87472
0 0 0 0 1 6.89554
0 0 0 0 1 6.97929
0 0 0 0 1 7.02151
0 0 0 0 1 7.09224
0 0 0 0 1 7.14213
0 0 0 0 1 7.1711
0 0 0 0 1 7.09291
0 0 0 0 1 7.1359
0 0 0 0 0 7.13587
0 0 0 0 1 7.18635
0 0 0 0 1 7.34625
0 0 0 0 0 7.38327
0 0 0 0 0 7.31758
0 0 0 0 1 7.40604
0 0 0 0 0 7.45068
0 0 0 0 1 7.4434
0 0 0 0 0 7.55563
0 0 0 0 1 7.45051
0 0 0 0 1 7.49537
0 0 0 0 1 7.63167
0 0 0 0 1 7.57811
0 0 0 0 1 7.70035
0 0 0 0 1 7.68469
0 0 0 0 1 7.80817
0 0 0 0 1 7.84693
0 0 0 0 0 7.82299
0 0 0 0 1 7.86168
0 0 0 0 0 7.94793
0 0 0 0 0 8.00303
0 0 0 0 1 8.02622
0 0 0 0 1 8.03338
0 0 0 0 1 8.02387
0 0 0 0 1 8.22583
0 0 0 0 1 8.23315
0 0 0 0 1 8.22327
0 0 0 0 0 8.21342
0 0 0 0 1 8.32751
0 0 0 0 1 8.35896
0 0 0 0 0 8.48321
0 0 0 0 0 8.57422
0 0 0 0 1 8.5038
0 0 0 0 1 8.68142
0 0 0 0 1 8.70464
0 0 0 0 1 8.66715
0 0 0 0 1 8.74257
0 0 0 0 0 8.79972
0 0 0 0 1 8.78722
0 0 0 0 1 8.99653
0 0 0 0 1 9.01873
0 0 0 0 0 8.96877
0 0 0 0 0 9.09064
0 0 0 0 1 9.25015
0 0 0 0 0 9.18885
0 0 0 0 1 9.32203
0 0 0 0 1 9.27764
0 0 0 0 1 9.44019
0 0 0 0 1 9.403
0 0 0 0 0 9.57586
0 0 0 0 1 9.71187
0 0 0 0 1 9.8005
0 0 0 0 1 9.73322
0 0 0 0 1 9.85981
0 0 0 0 1 9.939
0 0 0 0 1 10.0472
0 0 0 0 1 10.0049
0 0 0 0 1 10.2554
0 0 0 0 1 10.2018
0 0 0 0 1 10.3732
0 0 0 0 0 10.328
0 0 0 0 1 10.3735
0 0 0 0 0 10.621
0 0 0 0 1 10.7206
0 0 0 0 1 10.8098
0 0 0 0 1 10.9298
0 0 0 0 0 11.0196
0 0 0 0 0 10.9423
0 0 0 0 1 11.0621
0 0 0 0 0 11.2387
0 0 0 0 1 11.3943
0 0 0 0 1 11.3912
0 0 0 0 1 11.43
0 0 0 0 1 11.5841
0 0 0 0 1 11.6129
0 0 0 0 1 11.7415
0 0 0 0 1 11.9931
0 0 0 0 1 12.1481
0 0 0 0 1 12.2553
0 0 0 0 0 12.3501
0 0 0 0 1 12.4663
0 0 0 0 0 12.4352
0 0 0 0 1 12.753
0 0 0 0 1 12.9211
0 0 0 0 1 12.9051
0 0 0 0 1 12.9778
0 0 0 0 1 13.142
0 0 0 0 0 13.4634
0 0 0 0 1 13.3965
0 0 0 0 1 13.585
0 0 0 0 1 13.7702
0 0 0 0 1 14.1382
0 0 0 0 1 14.2281
0 0 0 0 1 14.2544
0 0 0 0 0 14.553
0 0 0 0 1 14.7618
0 0 0 0 1 14.9215
0 0 0 0 1 15.0564
0 0 0 0 1 15.1846
0 0 0 0 1 15.3827
0 0 0 0 1 15.5655
0 0 0 0 1 15.8431
0 0 0 0 1 15.8854
0 0 0 0 0 16.1346
0 0 0 0 1 16.6158
0 0 0 0 1 16.572
0 0 0 0 1 17.0123
0 0 0 0 1 14.7731
0 0 0 0 1 14.5336
0 0 0 0 1 14.5752
0 0 0 0 0 14.4683
0 0 0 0 0 14.4784
0 0 0 0 1 14.5642
0 0 0 0 0 14.4875
0 0 0 0 1 14.5735
0 0 0 0 0 14.396
0 0 0 0 1 14.3495
0 0 0 0 1 14.3492
0 0 0 0 1 14.4936
0 0 0 0 1 14.2891
0 0 0 0 1 14.4314
0 0 0 0 0 14.3023
0 0 0 0 0 14.26
0 0 0 0 0 14.4314
0 0 0 0 0 14.3034
0 0 0 0 1 14.2454
0 0 0 0 1 14.2759
0 0 0 0 1 14.2779
0 0 0 0 1 14.2209
0 0 0 0 1 14.3521
0 0 0 0 0 14.2957
0 0 0 0 1 14.1274
0 0 0 0 1 14.2448
0 0 0 0 1 14.3765
0 0 0 0 0 14.122
0 0 0 0 1 14.0834
0 0 0 0 0 14.1872
0 0 0 0 0 14.0905
0 0 0 0 1 14.4723
0 0 0 0 1 14.8658
0 0 0 0 1 15.3343
0 0 0 0 1 15.7934
0 0 0 0 1 16.2183
0 0 0 0 0 16.5694
0 0 0 0 1 17.3626
0 0 0 0 0 17.7137
0 0 0 0 1 40.7856
0 0 0 0 1 42.0784
0 0 0 0 1 44.1759
0 0 0 0 1 45.7942
0 0 0 0 0 47.2205
0 0 0 0 1 49.0735
0 0 0 0 1 41.9983
0 0 0 0 1 41.897
0 0 0 0 1 42.0915
0 0 0 0 1 42.034
0 0 0 0 1 42.2721
0 0 0 0 0 41.9207
0 0 0 0 1 42.3713
0 0 0 0 1 41.7685
0 0 0 0 1 42.1362
0 0 0 0 1 42.3786
0 0 0 0 0 42.2844
0 0 0 0 0 46.2105
0 0 0 0 0 4.96491
0 0 0 0 0 4.99497
0 0 0 0 0 5.02503
0 0 0 0 0 4.98996
0 0 0 0 1 35.529
0 0 0 0 0 35.1726
0 0 0 0 1 35.0638
0 0 0 0 0 35.4494
0 0 0 0 1 35.3066
0 0 0 0 1 35.1292
0 0 0 0 1 35.1642
0 0 0 0 1 35.1645
0 0 0 0 0 35.095
0 0 0 0 1 35.4141
0 0 0 0 0 35.4164
0 0 0 0 1 35.2078
0 0 0 0 1 35.3878
0 0 0 0 0 4.96491
0 0 0 0 0 4.97994
0 0 0 0 0 5.05509
0 0 0 0 0 4.98996
0 0 0 0 0 5.01501
0 0 0 0 0 5.05008
0 0 0 0 0 4.9599
0 0 0 0 0 5.05008
0 0 0 0 0 5.05509
0 0 0 0 0 96.4878
0 0 0 0 1 89.6971
0 0 0 0 1 86.0153
0 0 0 0 1 81.0487
0 0 0 0 1 23.292
0 0 0 0 1 22.2297
0 0 0 0 1 21.3269
0 0 0 0 0 20.2016
0 0 0 0 1 20.1902
0 0 0 0 1 20.2804
0 0 0 0 0 20.1293
0 0 0 0 0 20.3614
0 0 0 0 1 20.1895
0 0 0 0 0 20.3016
0 0 0 0 1 20.293
0 0 0 0 0 20.0221
0 0 0 0 1 20.4184
0 0 0 0 0 20.148
0 0 0 0 0 20.3028
0 0 0 0 1 20.2758
0 0 0 0 0 20.3302
0 0 0 0 1 20.2228
0 0 0 0 1 20.4607
0 0 0 0 0 20.1306
0 0 0 0 1 20.1662
0 0 0 0 0 20.2818
0 0 0 0 1 20.1572
0 0 0 0 1 20.5405
0 0 0 0 1 20.1905
0 0 0 0 1 34.581
0 0 0 0 1 34.1168
0 0 0 0 1 33.5036
0 0 0 0 0 32.5637
0 0 0 0 1 32.139
0 0 0 0 1 31.5993
0 0 0 0 1 30.8075
0 0 0 0 1 30.5891
0 0 0 0 0 29.7516
0 0 0 0 1 29.3071
0 0 0 0 1 28.6476
0 0 0 0 1 28.1448
0 0 0 0 1 27.5785
0 0 0 0 1 27.4991
0 0 0 0 1 26.7726
0 0 0 0 1 26.4613
0 0 0 0 0 25.9414
0 0 0 0 0 25.8345
0 0 0 0 1 25.3764
0 0 0 0 1 24.7065
0 0 0 0 1 24.539
0 0 0 0 1 24.3179
0 0 0 0 1 23.9698
0 0 0 0 1 23.5382
0 0 0 0 1 22.9018
0 0 0 0 1 22.9082
0 0 0 0 0 22.2774
0 0 0 0 1 22.2632
0 0 0 0 1 21.8141
0 0 0 0 1 21.6594
0 0 0 0 0 21.4152
0 0 0 0 1 21.1186
0 0 0 0 1 20.978
0 0 0 0 0 20.751
0 0 0 0 1 20.4738
0 0 0 0 1 19.8662
0 0 0 0 1 19.8713
0 0 0 0 1 19.4992
0 0 0 0 1 19.527
0 0 0 0 0 19.1094
0 0 0 0 0 18.7438
0 0 0 0 1 18.522
0 0 0 0 1 18.375
0 0 0 0 1 18.1357
0 0 0 0 0 17.961
0 0 0 0 1 17.8399
0 0 0 0 1 17.6922
0 0 0 0 1 17.539
0 0 0 0 1 17.2428
0 0 0 0 1 17.2077
0 0 0 0 0 16.8974
0 0 0 0 1 16.9952
0 0 0 0 1 16.7721
0 0 0 0 0 16.7069
0 0 0 0 0 16.5182
0 0 0 0 0 16.1353
0 0 0 0 1 15.9986
0 0 0 0 1 15.9665
0 0 0 0 1 15.6956
0 0 0 0 1 15.5526
0 0 0 0 0 15.4099
0 0 0 0 1 15.3777
0 0 0 0 1 15.2958
0 0 0 0 0 15.1403
0 0 0 0 1 15.0816
0 0 0 0 1 14.7571
0 0 0 0 1 14.8553
0 0 0 0 0 14.7218
0 0 0 0 1 14.3684
0 0 0 0 1 14.304
0 0 0 0 1 14.2334
0 0 0 0 1 14.1286
0 0 0 0 1 14.0516
0 0 0 0 1 13.9385
0 0 0 0 0 13.9366
0 0 0 0 1 13.8456
0 0 0 0 1 13.7634
0 0 0 0 1 13.5913
0 0 0 0 1 13.5097
0 0 0 0 1 13.2461
0 0 0 0 1 13.2454
0 0 0 0 1 13.0331
0 0 0 0 1 13.1886
0 0 0 0 1 13.0814
0 0 0 0 0 12.7555
0 0 0 0 1 12.8895
0 0 0 0 1 12.6183
0 0 0 0 0 12.6737
0 0 0 0 1 12.5143
0 0 0 0 0 12.5182
0 0 0 0 1 12.4097
0 0 0 0 1 12.2732
0 0 0 0 1 12.2395
0 0 0 0 1 12.0315
0 0 0 0 1 12.1149
0 0 0 0 1 12.0167
0 0 0 0 0 11.9668
0 0 0 0 1 11.7864
0 0 0 0 1 11.7136
0 0 0 0 1 11.6644
0 0 0 0 1 11.6035
0 0 0 0 1 11.6548
0 0 0 0 0 11.5555
0 0 0 0 0 11.4603
0 0 0 0 1 11.3167
0 0 0 0 1 11.3697
0 0 0 0 1 11.1453
0 0 0 0 1 11.0714
0 0 0 0 1 11.1201
0 0 0 0 1 11.1457
0 0 0 0 1 10.9617
0 0 0 0 1 10.9182
0 0 0 0 1 10.7987
0 0 0 0 1 10.7296
0 0 0 0 0 10.7728
0 0 0 0 1 10.808
0 0 0 0 1 10.5728
0 0 0 0 1 10.5517
0 0 0 0 1 10.4882
0 0 0 0 1 10.488
0 0 0 0 1 10.3622
0 0 0 0 1 10.3828
0 0 0 0 1 10.2581
0 0 0 0 1 10.3373
0 0 0 0 1 10.1519
0 0 0 0 1 10.1516
0 0 0 0 1 10.0699
0 0 0 0 1 10.0363
0 0 0 0 1 10.1234
0 0 0 0 0 10.1021
0 0 0 0 1 9.90884
0 0 0 0 1 9.8856
0 0 0 0 1 9.84261
0 0 0 0 1 9.85877
0 0 0 0 1 9.76963
0 0 0 0 0 9.79528
0 0 0 0 1 9.70419
0 0 0 0 1 9.61371
0 0 0 0 1 9.68464
0 0 0 0 1 9.48931
0 0 0 0 0 9.45758
0 0 0 0 1 9.53039
0 0 0 0 1 9.48641
0 0 0 0 1 9.33222
0 0 0 0 1 9.36673
0 0 0 0 1 9.26076
0 0 0 0 1 9.27382
0 0 0 0 1 9.27997
0 0 0 0 1 9.3111
0 0 0 0 1 9.11205
0 0 0 0 0 9.19836
0 0 0 0 0 9.11308
0 0 0 0 1 9.1258
0 0 0 0 1 9.14742
0 0 0 0 1 9.05148
0 0 0 0 1 8.97415
0 0 0 0 1 8.9178
0 0 0 0 0 8.95739
0 0 0 0 0 8.95218
0 0 0 0 1 8.87609
0 0 0 0 1 8.73869
0 0 0 0 1 8.77813
0 0 0 0 1 8.70946
0 0 0 0 0 8.75997
0 0 0 0 1 8.77886
0 0 0 0 1 8.66994
0 0 0 0 1 8.74084
0 0 0 0 1 8.64389
0 0 0 0 1 8.65416
0 0 0 0 1 8.47849
0 0 0 0 1 8.62578
0 0 0 0 1 8.49382
0 0 0 0 1 8.4391
0 0 0 0 1 8.5343
0 0 0 0 0 8.37862
0 0 0 0 0 8.33049
0 0 0 0 1 8.39427
0 0 0 0 0 8.42995
0 0 0 0 1 8.36546
0 0 0 0 1 8.26251
0 0 0 0 0 8.35623
0 0 0 0 1 8.32825
0 0 0 0 1 8.29779
0 0 0 0 1 8.20183
0 0 0 0 1 8.24015
0 0 0 0 1 8.22657
0 0 0 0 0 8.09913
0 0 0 0 1 8.13477
0 0 0 0 1 8.07307
0 0 0 0 1 8.02018
0 0 0 0 1 8.02369
0 0 0 0 1 8.08351
0 0 0 0 0 7.99064
0 0 0 0 1 8.03432
0 0 0 0 1 8.0459
0 0 0 0 1 8.01261
0 0 0 0 1 8.01343
0 0 0 0 1 7.89837
0 0 0 0 1 7.92618
0 0 0 0 1 7.82778
0 0 0 0 1 7.82428
0 0 0 0 1 7.79733
0 0 0 0 1 7.78623
0 0 0 0 1 7.8455
0 0 0 0 1 7.73787
0 0 0 0 0 7.72717
0 0 0 0 1 7.75853
0 0 0 0 0 7.79125
0 0 0 0 1 7.72669
0 0 0 0 0 7.76714
0 0 0 0 1 7.71842
0 0 0 0 1 7.73137
0 0 0 0 1 7.66453
0 0 0 0 1 7.68535
0 0 0 0 1 7.64518
0 0 0 0 0 7.5867
0 0 0 0 1 7.62301
0 0 0 0 1 7.60623
0 0 0 0 1 7.58619
0 0 0 0 0 7.58482
0 0 0 0 1 7.46307
0 0 0 0 1 7.57142
0 0 0 0 1 7.54788
0 0 0 0 1 7.47215
0 0 0 0 1 7.41563
0 0 0 0 0 7.44509
0 0 0 0 1 7.45965
0 0 0 0 0 7.49671
0 0 0 0 0 7.45193
0 0 0 0 1 7.33339
0 0 0 0 0 7.35212
0 0 0 0 0 7.41896
0 0 0 0 1 7.34922
0 0 0 0 1 7.39016
0 0 0 0 1 7.30266
0 0 0 0 1 7.35495
0 0 0 0 1 7.34078
0 0 0 0 1 7.26144
0 0 0 0 1 7.31393
0 0 0 0 1 7.35508
0 0 0 0 1 7.21422
0 0 0 0 0 7.24512
0 0 0 0 1 7.22841
0 0 0 0 1 7.30606
0 0 0 0 1 7.19958
0 0 0 0 1 7.18329
