0 0 0 0 1 5.15572
0 0 0 0 1 5.2555
0 0 0 0 1 5.24394
0 0 0 0 1 5.23455
0 0 0 0 1 5.25976
0 0 0 0 1 5.23477
0 0 0 0 1 5.27273
0 0 0 0 0 5.29314
0 0 0 0 1 5.21037
0 0 0 0 0 5.23811
0 0 0 0 1 5.23769
0 0 0 0 0 5.25326
0 0 0 0 1 5.2549
0 0 0 0 1 5.2566
0 0 0 0 1 5.30973
0 0 0 0 1 5.31694
0 0 0 0 0 5.38122
0 0 0 0 1 5.35128
0 0 0 0 0 5.30363
0 0 0 0 1 5.32718
0 0 0 0 1 5.38689
0 0 0 0 1 5.35696
0 0 0 0 1 5.43327
0 0 0 0 1 5.42897
0 0 0 0 1 5.46402
0 0 0 0 1 5.39084
0 0 0 0 1 5.37577
0 0 0 0 1 5.46412
0 0 0 0 1 5.50932
0 0 0 0 1 5.4522
0 0 0 0 1 5.42101
0 0 0 0 1 5.49952
0 0 0 0 1 5.45316
0 0 0 0 1 5.51129
0 0 0 0 1 5.50784
0 0 0 0 1 5.47678
0 0 0 0 1 5.6009
0 0 0 0 1 5.57108
0 0 0 0 1 5.55128
0 0 0 0 0 5.59843
0 0 0 0 1 5.54616
0 0 0 0 1 5.64963
0 0 0 0 1 5.60759
0 0 0 0 1 5.66115
0 0 0 0 1 5.59735
0 0 0 0 1 5.67382
0 0 0 0 1 5.67052
0 0 0 0 1 5.6632
0 0 0 0 1 5.68357
0 0 0 0 1 5.7441
0 0 0 0 0 5.70184
0 0 0 0 1 5.78646
0 0 0 0 1 5.72045
0 0 0 0 0 5.74143
0 0 0 0 1 5.76835
0 0 0 0 1 5.79027
0 0 0 0 1 5.80004
0 0 0 0 1 5.79179
0 0 0 0 1 5.84322
0 0 0 0 1 5.84743
0 0 0 0 1 5.86881
0 0 0 0 1 5.86188
0 0 0 0 1 5.86032
0 0 0 0 0 5.9651
0 0 0 0 0 5.94005
0 0 0 0 1 5.98052
0 0 0 0 1 5.94343
0 0 0 0 0 6.04385
0 0 0 0 1 6.03115
0 0 0 0 1 6.09624
0 0 0 0 1 6.01057
0 0 0 0 0 6.12493
0 0 0 0 0 6.15464
0 0 0 0 0 6.09867
0 0 0 0 1 6.14101
0 0 0 0 1 6.12157
0 0 0 0 1 6.13903
0 0 0 0 1 6.13233
0 0 0 0 1 6.2555
0 0 0 0 0 6.2736
0 0 0 0 1 6.30445
0 0 0 0 1 6.21001
0 0 0 0 1 6.3099
0 0 0 0 0 6.36636
0 0 0 0 1 6.32165
0 0 0 0 0 6.3402
0 0 0 0 1 6.39728
0 0 0 0 1 6.40336
0 0 0 0 0 6.39657
0 0 0 0 1 6.46079
0 0 0 0 1 6.41521
0 0 0 0 1 6.52535
0 0 0 0 1 6.51222
0 0 0 0 1 6.55789
0 0 0 0 1 6.6104
0 0 0 0 1 6.5445
0 0 0 0 1 6.61046
0 0 0 0 1 6.60375
0 0 0 0 1 6.71707
0 0 0 0 1 6.69715
0 0 0 0 1 6.75776
0 0 0 0 1 6.69711
0 0 0 0 0 6.81909
0 0 0 0 1 6.8534
0 0 0 0 1 6.77161
0 0 0 0 1 6.86074
0 0 0 0 1 6.86778
0 0 0 0 1 6.89549
0 0 0 0 1 6.9512
0 0 0 0 1 6.95833
0 0 0 0 1 7.05659
0 0 0 0 0 6.98649
0 0 0 0 1 7.00764
0 0 0 0 1 7.1213
0 0 0 0 1 7.13577
0 0 0 0 0 7.18616
0 0 0 0 1 7.26561
0 0 0 0 0 7.22982
0 0 0 0 0 7.2226
0 0 0 0 0 7.36134
0 0 0 0 1 7.31758
0 0 0 0 0 7.40604
0 0 0 0 1 7.39138
0 0 0 0 1 7.43595
0 0 0 0 1 7.46577
0 0 0 0 1 7.60103
0 0 0 0 0 7.55588
0 0 0 0 1 7.67728
0 0 0 0 1 7.70033
0 0 0 0 1 7.72338
0 0 0 0 1 7.72326
0 0 0 0 1 7.7228
0 0 0 0 1 7.85473
0 0 0 0 1 7.83868
0 0 0 0 1 7.85379
0 0 0 0 1 7.98759
0 0 0 0 0 8.03492
0 0 0 0 1 8.0583
0 0 0 0 1 8.04949
0 0 0 0 1 8.04008
0 0 0 0 1 8.07908
0 0 0 0 1 8.15942
0 0 0 0 1 8.18203
0 0 0 0 1 8.27144
0 0 0 0 1 8.41096
0 0 0 0 1 8.4261
0 0 0 0 1 8.39036
0 0 0 0 1 8.55723
0 0 0 0 0 8.58072
0 0 0 0 1 8.56968
0 0 0 0 1 8.57485
0 0 0 0 1 8.78898
0 0 0 0 1 8.68132
0 0 0 0 0 8.87907
0 0 0 0 0 8.85816
0 0 0 0 1 8.91621
0 0 0 0 1 9.08167
0 0 0 0 1 9.11357
0 0 0 0 1 9.1544
0 0 0 0 0 9.24099
0 0 0 0 1 9.29044
0 0 0 0 0 9.28485
0 0 0 0 1 9.31509
0 0 0 0 0 9.34597
0 0 0 0 1 9.47898
0 0 0 0 0 9.47063
0 0 0 0 0 9.62516
0 0 0 0 1 9.60643
0 0 0 0 1 9.84071
0 0 0 0 1 9.77116
0 0 0 0 1 9.97867
0 0 0 0 1 10.0472
0 0 0 0 1 10.0452
0 0 0 0 1 10.1843
0 0 0 0 1 10.1404
0 0 0 0 1 10.4144
0 0 0 0 1 10.4526
0 0 0 0 1 10.5412
0 0 0 0 0 10.6527
0 0 0 0 1 10.5502
0 0 0 0 1 10.6702
0 0 0 0 1 10.724
0 0 0 0 1 10.8776
0 0 0 0 1 10.9423
0 0 0 0 1 11.1622
0 0 0 0 1 11.1378
0 0 0 0 1 11.4169
0 0 0 0 1 11.4026
0 0 0 0 1 11.407
0 0 0 0 1 11.526
0 0 0 0 1 11.8358
0 0 0 0 1 11.7534
0 0 0 0 0 11.9333
0 0 0 0 1 12.0636
0 0 0 0 0 12.3163
0 0 0 0 1 12.3624
0 0 0 0 0 12.4166
0 0 0 0 1 12.4729
0 0 0 0 1 12.7783
0 0 0 0 1 12.716
0 0 0 0 0 12.944
0 0 0 0 1 13.1349
0 0 0 0 1 13.1817
0 0 0 0 0 13.3295
0 0 0 0 1 13.5047
0 0 0 0 1 13.6945
0 0 0 0 0 13.7286
0 0 0 0 1 13.8582
0 0 0 0 1 14.0865
0 0 0 0 1 14.3404
0 0 0 0 0 14.4226
0 0 0 0 1 14.6444
0 0 0 0 1 14.9513
0 0 0 0 1 14.921
0 0 0 0 1 15.3521
0 0 0 0 1 15.5678
0 0 0 0 1 15.4717
0 0 0 0 0 15.669
0 0 0 0 1 15.9977
0 0 0 0 1 16.1346
0 0 0 0 1 16.451
0 0 0 0 1 16.572
0 0 0 0 1 17.131
0 0 0 0 1 14.6999
0 0 0 0 1 14.519
0 0 0 0 1 14.7358
0 0 0 0 1 14.5412
0 0 0 0 0 14.6532
0 0 0 0 1 14.5351
0 0 0 0 1 14.5602
0 0 0 0 1 14.5009
0 0 0 0 0 14.3525
0 0 0 0 0 14.3495
0 0 0 0 1 14.5228
0 0 0 0 1 14.5514
0 0 0 0 1 14.3902
0 0 0 0 1 14.4026
0 0 0 0 1 14.5472
0 0 0 0 1 14.5334
0 0 0 0 1 14.4745
0 0 0 0 1 14.4039
0 0 0 0 1 14.3601
0 0 0 0 1 14.4335
0 0 0 0 1 14.2922
0 0 0 0 1 14.2924
0 0 0 0 1 14.3521
0 0 0 0 0 14.3671
0 0 0 0 1 14.1845
0 0 0 0 0 14.2163
0 0 0 0 1 14.2055
0 0 0 0 1 14.1647
0 0 0 0 1 14.0834
0 0 0 0 0 14.1872
0 0 0 0 0 14.1332
0 0 0 0 1 14.2138
0 0 0 0 0 14.7772
0 0 0 0 1 15.1519
0 0 0 0 0 15.7465
0 0 0 0 0 16.186
0 0 0 0 1 16.7693
0 0 0 0 1 17.0701
0 0 0 0 1 17.9452
0 0 0 0 1 40.257
0 0 0 0 1 42.2049
0 0 0 0 1 43.6067
0 0 0 0 1 45.2479
0 0 0 0 0 47.8369
0 0 0 0 0 49.0735
0 0 0 0 1 41.9137
0 0 0 0 1 42.1929
0 0 0 0 1 42.4718
0 0 0 0 1 42.2875
0 0 0 0 1 42.1455
0 0 0 0 1 42.0051
0 0 0 0 1 42.2869
0 0 0 0 0 42.4013
0 0 0 0 1 42.4736
0 0 0 0 1 41.9569
0 0 0 0 1 41.9893
0 0 0 0 1 46.1189
0 0 0 0 0 5.02503
0 0 0 0 0 4.99497
0 0 0 0 0 4.98996
0 0 0 0 0 5.02002
0 0 0 0 1 35.6348
0 0 0 0 1 34.9256
0 0 0 0 1 35.3813
0 0 0 0 1 35.3435
0 0 0 0 1 34.9186
0 0 0 0 1 35.0587
0 0 0 0 1 35.1642
0 0 0 0 1 34.9176
0 0 0 0 1 35.2008
0 0 0 0 1 35.5199
0 0 0 0 1 35.1342
0 0 0 0 1 35.4901
0 0 0 0 0 34.9997
0 0 0 0 0 4.96992
0 0 0 0 0 5.05008
0 0 0 0 0 4.96491
0 0 0 0 0 5.03004
0 0 0 0 0 5.04507
0 0 0 0 0 4.96491
0 0 0 0 0 5.04006
0 0 0 0 0 4.96992
0 0 0 0 0 5.01501
0 0 0 0 1 96.2012
0 0 0 0 1 89.517
0 0 0 0 1 85.674
0 0 0 0 0 81.2916
0 0 0 0 1 23.292
0 0 0 0 1 22.2961
0 0 0 0 1 20.946
0 0 0 0 1 20.4242
0 0 0 0 0 20.0292
0 0 0 0 1 20.079
0 0 0 0 1 20.1293
0 0 0 0 1 20.2606
0 0 0 0 1 20.0887
0 0 0 0 0 20.3016
0 0 0 0 1 20.0305
0 0 0 0 1 20.3454
0 0 0 0 1 20.0747
0 0 0 0 1 20.2896
0 0 0 0 1 20.2623
0 0 0 0 1 20.3973
0 0 0 0 1 20.3302
0 0 0 0 1 20.1011
0 0 0 0 1 20.4404
0 0 0 0 1 20.2728
0 0 0 0 1 20.4305
0 0 0 0 1 20.3836
0 0 0 0 1 20.3405
0 0 0 0 1 20.3163
0 0 0 0 1 20.4556
0 0 0 0 1 35.07
0 0 0 0 0 34.3903
0 0 0 0 1 33.604
0 0 0 0 1 32.9904
0 0 0 0 1 32.3321
0 0 0 0 1 31.694
0 0 0 0 1 30.6838
0 0 0 0 1 30.3766
0 0 0 0 1 29.8112
0 0 0 0 1 29.5413
0 0 0 0 1 28.7915
0 0 0 0 0 28.0035
0 0 0 0 1 27.8562
0 0 0 0 1 27.3352
0 0 0 0 0 26.692
0 0 0 0 1 26.3293
0 0 0 0 1 26.0194
0 0 0 0 1 25.4508
0 0 0 0 1 25.1242
0 0 0 0 1 24.7314
0 0 0 0 1 24.3922
0 0 0 0 0 24.2697
0 0 0 0 1 23.8273
0 0 0 0 1 23.2805
0 0 0 0 1 23.1327
0 0 0 0 1 22.6349
0 0 0 0 1 22.4121
0 0 0 0 0 22.1303
0 0 0 0 1 21.7485
0 0 0 0 0 21.7457
0 0 0 0 0 21.3085
0 0 0 0 1 20.8449
0 0 0 0 0 20.5829
0 0 0 0 0 20.7099
0 0 0 0 1 20.4129
0 0 0 0 1 19.9665
0 0 0 0 1 19.8911
0 0 0 0 0 19.46
0 0 0 0 0 19.3335
0 0 0 0 1 19.1094
0 0 0 0 0 18.8194
0 0 0 0 1 18.7278
0 0 0 0 1 18.449
0 0 0 0 1 18.2272
0 0 0 0 1 18.1601
0 0 0 0 1 18.037
0 0 0 0 1 17.6744
0 0 0 0 1 17.7324
0 0 0 0 0 17.2254
0 0 0 0 1 17.1905
0 0 0 0 1 16.8974
0 0 0 0 0 16.8433
0 0 0 0 0 16.5714
0 0 0 0 1 16.6076
0 0 0 0 1 16.4197
0 0 0 0 1 16.2003
0 0 0 0 1 16.2239
0 0 0 0 1 16.0462
0 0 0 0 1 15.6482
0 0 0 0 1 15.7562
0 0 0 0 1 15.5651
0 0 0 0 1 15.3777
0 0 0 0 1 15.3873
0 0 0 0 1 15.2461
0 0 0 0 1 15.1115
0 0 0 0 0 14.8464
0 0 0 0 0 14.8553
0 0 0 0 1 14.5171
0 0 0 0 1 14.6297
0 0 0 0 1 14.2896
0 0 0 0 1 14.2477
0 0 0 0 1 14.1853
0 0 0 0 1 14.2206
0 0 0 0 1 13.9385
0 0 0 0 1 13.8257
0 0 0 0 1 13.7631
0 0 0 0 1 13.5723
0 0 0 0 1 13.4964
0 0 0 0 1 13.577
0 0 0 0 1 13.4597
0 0 0 0 1 13.1393
0 0 0 0 1 13.1121
0 0 0 0 0 13.0841
0 0 0 0 1 12.9905
0 0 0 0 1 12.8071
0 0 0 0 1 12.7103
0 0 0 0 1 12.7834
0 0 0 0 1 12.497
0 0 0 0 1 12.4893
0 0 0 0 1 12.4683
0 0 0 0 1 12.3107
0 0 0 0 1 12.3101
0 0 0 0 0 12.3127
0 0 0 0 1 12.2136
0 0 0 0 1 12.0063
0 0 0 0 1 12.0167
0 0 0 0 1 11.8118
0 0 0 0 0 11.8101
0 0 0 0 1 11.8431
0 0 0 0 0 11.6878
0 0 0 0 1 11.5337
0 0 0 0 1 11.4698
0 0 0 0 1 11.5326
0 0 0 0 0 11.3917
0 0 0 0 1 11.3849
0 0 0 0 1 11.2793
0 0 0 0 1 11.1902
0 0 0 0 1 11.2167
0 0 0 0 0 11.0646
0 0 0 0 1 10.9579
0 0 0 0 1 11.0826
0 0 0 0 1 10.9401
0 0 0 0 1 10.9074
0 0 0 0 1 10.816
0 0 0 0 1 10.719
0 0 0 0 1 10.6473
0 0 0 0 1 10.722
0 0 0 0 1 10.5941
0 0 0 0 0 10.6254
0 0 0 0 1 10.488
0 0 0 0 0 10.3726
0 0 0 0 0 10.3412
0 0 0 0 1 10.4132
0 0 0 0 1 10.3373
0 0 0 0 1 10.3466
0 0 0 0 1 10.2739
0 0 0 0 0 10.0901
0 0 0 0 1 10.0262
0 0 0 0 1 10.1033
0 0 0 0 1 10.0621
0 0 0 0 0 9.94868
0 0 0 0 1 9.84593
0 0 0 0 1 9.94133
0 0 0 0 1 9.74082
0 0 0 0 1 9.78919
0 0 0 0 0 9.77581
0 0 0 0 1 9.77205
0 0 0 0 1 9.71023
0 0 0 0 0 9.56923
0 0 0 0 1 9.61379
0 0 0 0 1 9.57199
0 0 0 0 1 9.53039
0 0 0 0 1 9.47695
0 0 0 0 1 9.36047
0 0 0 0 1 9.31985
0 0 0 0 1 9.39146
0 0 0 0 1 9.27382
0 0 0 0 1 9.25219
0 0 0 0 1 9.20037
0 0 0 0 1 9.23158
0 0 0 0 1 9.08841
0 0 0 0 1 9.13132
0 0 0 0 0 9.16216
0 0 0 0 1 9.00251
0 0 0 0 1 9.11466
0 0 0 0 1 9.06407
0 0 0 0 1 8.98048
0 0 0 0 1 8.99308
0 0 0 0 1 8.96107
0 0 0 0 1 8.76979
0 0 0 0 1 8.81814
0 0 0 0 1 8.71656
0 0 0 0 0 8.80594
0 0 0 0 1 8.6901
0 0 0 0 0 8.79628
0 0 0 0 1 8.6873
0 0 0 0 1 8.67161
0 0 0 0 0 8.59218
0 0 0 0 1 8.66276
0 0 0 0 1 8.55557
0 0 0 0 1 8.46351
0 0 0 0 1 8.49382
0 0 0 0 1 8.42214
0 0 0 0 1 8.42435
0 0 0 0 1 8.3449
0 0 0 0 1 8.38093
0 0 0 0 1 8.41941
0 0 0 0 1 8.37147
0 0 0 0 1 8.27381
0 0 0 0 1 8.22099
0 0 0 0 0 8.32311
0 0 0 0 1 8.20444
0 0 0 0 1 8.15785
0 0 0 0 1 8.18541
0 0 0 0 1 8.22378
0 0 0 0 1 8.1776
0 0 0 0 1 8.19681
0 0 0 0 1 8.04546
0 0 0 0 1 8.15405
0 0 0 0 0 8.07678
0 0 0 0 0 7.99949
0 0 0 0 1 8.11569
0 0 0 0 1 8.07087
0 0 0 0 1 8.08234
0 0 0 0 1 7.99801
0 0 0 0 1 7.90917
0 0 0 0 1 7.87842
0 0 0 0 1 7.84291
0 0 0 0 1 7.93408
0 0 0 0 1 7.94602
0 0 0 0 1 7.84787
0 0 0 0 1 7.78164
0 0 0 0 1 7.79405
0 0 0 0 1 7.88454
0 0 0 0 1 7.76904
0 0 0 0 0 7.836
0 0 0 0 1 7.72753
0 0 0 0 1 7.67519
0 0 0 0 0 7.73441
0 0 0 0 1 7.65155
0 0 0 0 1 7.73379
0 0 0 0 1 7.66234
0 0 0 0 1 7.66453
0 0 0 0 1 7.65479
0 0 0 0 1 7.68329
0 0 0 0 1 7.5867
0 0 0 0 0 7.52431
0 0 0 0 1 7.55319
0 0 0 0 1 7.58619
0 0 0 0 1 7.49426
0 0 0 0 1 7.57603
0 0 0 0 1 7.45112
0 0 0 0 1 7.46535
0 0 0 0 1 7.41974
0 0 0 0 0 7.49038
0 0 0 0 0 7.42271
0 0 0 0 0 7.40754
0 0 0 0 1 7.42234
0 0 0 0 0 7.39255
0 0 0 0 1 7.3482
0 0 0 0 1 7.4039
0 0 0 0 0 7.32299
0 0 0 0 0 7.3271
0 0 0 0 1 7.41225
0 0 0 0 1 7.31001
0 0 0 0 0 7.40628
0 0 0 0 1 7.33346
0 0 0 0 1 7.30532
0 0 0 0 1 7.29203
0 0 0 0 1 7.31135
0 0 0 0 1 7.30886
0 0 0 0 0 7.31779
0 0 0 0 0 7.18487
0 0 0 0 1 7.17559
0 0 0 0 0 7.17064
0 0 0 0 1 7.29892
