0 0 0 0 1 5.16093
0 0 0 0 0 5.17216
0 0 0 0 1 5.22307
0 0 0 0 1 5.27634
0 0 0 0 1 5.24406
0 0 0 0 1 5.22429
0 0 0 0 1 5.23075
0 0 0 0 1 5.28789
0 0 0 0 1 5.31037
0 0 0 0 1 5.25392
0 0 0 0 0 5.32217
0 0 0 0 0 5.32733
0 0 0 0 1 5.30788
0 0 0 0 1 5.27782
0 0 0 0 1 5.35757
0 0 0 0 0 5.31694
0 0 0 0 1 5.30655
0 0 0 0 0 5.34594
0 0 0 0 0 5.3732
0 0 0 0 1 5.40221
0 0 0 0 1 5.32781
0 0 0 0 1 5.33545
0 0 0 0 0 5.3632
0 0 0 0 1 5.38035
0 0 0 0 1 5.43697
0 0 0 0 1 5.36375
0 0 0 0 1 5.39749
0 0 0 0 0 5.38793
0 0 0 0 1 5.44931
0 0 0 0 1 5.46858
0 0 0 0 1 5.46481
0 0 0 0 0 5.54343
0 0 0 0 1 5.48064
0 0 0 0 0 5.5168
0 0 0 0 0 5.55199
0 0 0 0 1 5.58189
0 0 0 0 1 5.53436
0 0 0 0 1 5.60441
0 0 0 0 1 5.59026
0 0 0 0 1 5.58727
0 0 0 0 1 5.54057
0 0 0 0 0 5.64403
0 0 0 0 1 5.60759
0 0 0 0 0 5.67241
0 0 0 0 1 5.60864
0 0 0 0 1 5.60594
0 0 0 0 1 5.69322
0 0 0 0 1 5.64046
0 0 0 0 1 5.70638
0 0 0 0 1 5.77268
0 0 0 0 1 5.77633
0 0 0 0 0 5.69461
0 0 0 0 1 5.77805
0 0 0 0 1 5.74721
0 0 0 0 1 5.79731
0 0 0 0 1 5.85409
0 0 0 0 1 5.75932
0 0 0 0 1 5.84433
0 0 0 0 1 5.90171
0 0 0 0 1 5.84156
0 0 0 0 1 5.89235
0 0 0 0 1 5.88547
0 0 0 0 1 5.90172
0 0 0 0 1 5.92948
0 0 0 0 1 5.99361
0 0 0 0 1 6.01036
0 0 0 0 0 6.03321
0 0 0 0 1 6.03784
0 0 0 0 1 6.00105
0 0 0 0 0 6.09624
0 0 0 0 1 6.08934
0 0 0 0 1 6.01556
0 0 0 0 1 6.08761
0 0 0 0 1 6.11091
0 0 0 0 1 6.09198
0 0 0 0 1 6.12772
0 0 0 0 1 6.1205
0 0 0 0 1 6.16946
0 0 0 0 1 6.18096
0 0 0 0 1 6.25489
0 0 0 0 1 6.27943
0 0 0 0 1 6.22883
0 0 0 0 0 6.25322
0 0 0 0 1 6.29057
0 0 0 0 0 6.3914
0 0 0 0 1 6.30201
0 0 0 0 1 6.39728
0 0 0 0 0 6.44182
0 0 0 0 1 6.49954
0 0 0 0 1 6.46725
0 0 0 0 1 6.54481
0 0 0 0 1 6.52535
0 0 0 0 1 6.56443
0 0 0 0 0 6.60375
0 0 0 0 1 6.55783
0 0 0 0 1 6.63686
0 0 0 0 1 6.64362
0 0 0 0 1 6.68355
0 0 0 0 1 6.64363
0 0 0 0 0 6.65023
0 0 0 0 0 6.79814
0 0 0 0 1 6.75118
0 0 0 0 1 6.83945
0 0 0 0 1 6.77846
0 0 0 0 1 6.86053
0 0 0 0 1 6.81267
0 0 0 0 0 6.88158
0 0 0 0 1 6.8678
0 0 0 0 1 6.92337
0 0 0 0 1 6.9723
0 0 0 0 1 7.03554
0 0 0 0 1 6.99354
0 0 0 0 1 7.0855
0 0 0 0 1 7.09284
0 0 0 0 1 7.07148
0 0 0 0 1 7.18616
0 0 0 0 1 7.2584
0 0 0 0 1 7.23706
0 0 0 0 0 7.34625
0 0 0 0 0 7.24437
0 0 0 0 1 7.28822
0 0 0 0 1 7.30277
0 0 0 0 1 7.37655
0 0 0 0 0 7.39125
0 0 0 0 1 7.54814
0 0 0 0 1 7.5634
0 0 0 0 1 7.62395
0 0 0 0 1 7.66207
0 0 0 0 1 7.57047
0 0 0 0 1 7.68499
0 0 0 0 1 7.78499
0 0 0 0 1 7.7228
0 0 0 0 1 7.73773
0 0 0 0 1 7.7916
0 0 0 0 1 7.94842
0 0 0 0 1 7.95586
0 0 0 0 1 7.96318
0 0 0 0 1 8.04226
0 0 0 0 1 8.00115
0 0 0 0 0 8.04008
0 0 0 0 1 8.16061
0 0 0 0 1 8.26592
0 0 0 0 1 8.17378
0 0 0 0 1 8.2963
0 0 0 0 1 8.33586
0 0 0 0 1 8.44288
0 0 0 0 1 8.50853
0 0 0 0 1 8.54873
0 0 0 0 1 8.57217
0 0 0 0 1 8.56108
0 0 0 0 1 8.69599
0 0 0 0 1 8.77158
0 0 0 0 0 8.69882
0 0 0 0 0 8.76445
0 0 0 0 1 8.90249
0 0 0 0 1 8.86266
0 0 0 0 1 8.96478
0 0 0 0 1 9.11357
0 0 0 0 0 9.19083
0 0 0 0 1 9.12181
0 0 0 0 1 9.14268
0 0 0 0 1 9.28485
0 0 0 0 1 9.39935
0 0 0 0 1 9.35539
0 0 0 0 1 9.56446
0 0 0 0 1 9.63326
0 0 0 0 0 9.7215
0 0 0 0 0 9.74228
0 0 0 0 0 9.71367
0 0 0 0 1 9.83026
0 0 0 0 1 10.0084
0 0 0 0 0 9.97721
0 0 0 0 0 10.146
0 0 0 0 1 10.2148
0 0 0 0 1 10.3144
0 0 0 0 0 10.3732
0 0 0 0 1 10.4423
0 0 0 0 0 10.4364
0 0 0 0 1 10.4521
0 0 0 0 1 10.6993
0 0 0 0 0 10.7883
0 0 0 0 1 10.8431
0 0 0 0 1 10.9322
0 0 0 0 0 11.0855
0 0 0 0 1 11.0399
0 0 0 0 1 11.3172
0 0 0 0 1 11.2019
0 0 0 0 0 11.4825
0 0 0 0 1 11.5337
0 0 0 0 1 11.7121
0 0 0 0 1 11.742
0 0 0 0 1 11.943
0 0 0 0 1 12.029
0 0 0 0 0 12.0032
0 0 0 0 1 12.1455
0 0 0 0 1 12.2147
0 0 0 0 0 12.541
0 0 0 0 1 12.4603
0 0 0 0 1 12.7657
0 0 0 0 1 12.8954
0 0 0 0 1 13.0736
0 0 0 0 1 12.9909
0 0 0 0 1 13.2611
0 0 0 0 1 13.4098
0 0 0 0 1 13.5047
0 0 0 0 1 13.6945
0 0 0 0 1 13.8809
0 0 0 0 1 13.9002
0 0 0 0 0 14.2139
0 0 0 0 1 14.2258
0 0 0 0 1 14.4515
0 0 0 0 1 14.6444
0 0 0 0 0 14.9661
0 0 0 0 1 15.0112
0 0 0 0 1 15.1237
0 0 0 0 1 15.3981
0 0 0 0 0 15.5655
0 0 0 0 1 15.7323
0 0 0 0 1 16.2063
0 0 0 0 1 16.281
0 0 0 0 1 16.5993
0 0 0 0 1 16.8228
0 0 0 0 1 17.1141
0 0 0 0 1 14.6121
0 0 0 0 1 14.5921
0 0 0 0 0 14.5752
0 0 0 0 1 14.6141
0 0 0 0 1 14.4493
0 0 0 0 1 14.5642
0 0 0 0 1 14.6183
0 0 0 0 1 14.6316
0 0 0 0 1 14.3815
0 0 0 0 0 14.6246
0 0 0 0 1 14.4505
0 0 0 0 1 14.4069
0 0 0 0 0 14.5345
0 0 0 0 1 14.3449
0 0 0 0 1 14.2735
0 0 0 0 1 14.26
0 0 0 0 1 14.5033
0 0 0 0 1 14.3034
0 0 0 0 1 14.4893
0 0 0 0 1 14.2185
0 0 0 0 1 14.3925
0 0 0 0 1 14.3354
0 0 0 0 1 14.152
0 0 0 0 1 14.1386
0 0 0 0 0 14.3272
0 0 0 0 0 14.4016
0 0 0 0 0 14.3195
0 0 0 0 1 14.179
0 0 0 0 1 14.1545
0 0 0 0 1 14.3577
0 0 0 0 1 14.2326
0 0 0 0 1 14.2138
0 0 0 0 0 14.7477
0 0 0 0 1 15.2735
0 0 0 0 1 15.6369
0 0 0 0 1 16.1699
0 0 0 0 0 16.5195
0 0 0 0 1 17.2766
0 0 0 0 1 17.8562
0 0 0 0 1 40.2977
0 0 0 0 1 42.2049
0 0 0 0 1 44.0883
0 0 0 0 1 45.7031
0 0 0 0 1 47.6472
0 0 0 0 1 49.5682
0 0 0 0 1 41.9983
0 0 0 0 1 41.897
0 0 0 0 1 42.5986
0 0 0 0 1 42.4987
0 0 0 0 1 42.5678
0 0 0 0 1 41.9207
0 0 0 0 0 41.9071
0 0 0 0 1 42.4435
0 0 0 0 1 42.6002
0 0 0 0 1 41.7461
0 0 0 0 1 42.0315
0 0 0 0 1 45.4327
0 0 0 0 0 4.96491
0 0 0 0 0 5.04507
0 0 0 0 0 5.03004
0 0 0 0 0 4.99998
0 0 0 0 1 35.1762
0 0 0 0 1 35.4548
0 0 0 0 0 35.4518
0 0 0 0 0 34.9908
0 0 0 0 0 35.0245
0 0 0 0 1 35.623
0 0 0 0 0 35.6227
0 0 0 0 0 35.5878
0 0 0 0 1 35.4477
0 0 0 0 0 34.9203
0 0 0 0 1 35.24
0 0 0 0 1 35.3137
0 0 0 0 1 35.529
0 0 0 0 0 5.03505
0 0 0 0 0 4.96992
0 0 0 0 0 5.03004
0 0 0 0 0 5.05509
0 0 0 0 0 5.03505
0 0 0 0 0 4.97994
0 0 0 0 0 5.0601
0 0 0 0 0 4.98495
0 0 0 0 0 4.99998
0 0 0 0 1 96.1056
0 0 0 0 1 89.1568
0 0 0 0 0 84.65
0 0 0 0 1 80.8867
0 0 0 0 1 23.3851
0 0 0 0 1 22.008
0 0 0 0 0 21.0095
0 0 0 0 1 20.2825
0 0 0 0 1 20.1902
0 0 0 0 1 20.0589
0 0 0 0 1 20.2502
0 0 0 0 0 20.0993
0 0 0 0 1 20.2702
0 0 0 0 1 20.2208
0 0 0 0 1 20.3132
0 0 0 0 1 20.3656
0 0 0 0 1 20.3578
0 0 0 0 1 20.4312
0 0 0 0 1 20.2825
0 0 0 0 1 20.1137
0 0 0 0 1 20.3708
0 0 0 0 1 20.3648
0 0 0 0 0 20.3998
0 0 0 0 0 20.1103
0 0 0 0 1 20.4711
0 0 0 0 1 20.2412
0 0 0 0 1 20.3405
0 0 0 0 1 20.3367
0 0 0 0 1 20.5168
0 0 0 0 1 35.0351
0 0 0 0 1 34.4587
0 0 0 0 0 33.2358
0 0 0 0 1 32.5965
0 0 0 0 1 32.4929
0 0 0 0 1 31.5993
0 0 0 0 1 31.2405
0 0 0 0 1 30.2249
0 0 0 0 1 29.9303
0 0 0 0 0 29.2485
0 0 0 0 1 28.4751
0 0 0 0 1 28.4839
0 0 0 0 1 27.6896
0 0 0 0 1 27.1714
0 0 0 0 1 27.1216
0 0 0 0 1 26.1708
0 0 0 0 1 25.7334
0 0 0 0 1 25.6043
0 0 0 0 1 25.3764
0 0 0 0 0 25.0293
0 0 0 0 1 24.2699
0 0 0 0 1 24.0046
0 0 0 0 1 23.7085
0 0 0 0 1 23.4679
0 0 0 0 1 23.0404
0 0 0 0 1 22.8171
0 0 0 0 1 22.3223
0 0 0 0 1 22.1303
0 0 0 0 1 21.9452
0 0 0 0 1 21.5299
0 0 0 0 1 21.1592
0 0 0 0 1 21.1817
0 0 0 0 1 20.7285
0 0 0 0 1 20.7305
0 0 0 0 0 20.4535
0 0 0 0 1 20.0266
0 0 0 0 1 19.9704
0 0 0 0 1 19.6362
0 0 0 0 1 19.2174
0 0 0 0 1 19.2816
0 0 0 0 1 18.8005
0 0 0 0 0 18.8962
0 0 0 0 1 18.449
0 0 0 0 1 18.2638
0 0 0 0 1 18.2144
0 0 0 0 1 17.9832
0 0 0 0 0 17.6389
0 0 0 0 0 17.5566
0 0 0 0 1 17.3124
0 0 0 0 0 17.3628
0 0 0 0 0 17.0338
0 0 0 0 1 16.7927
0 0 0 0 0 16.5881
0 0 0 0 1 16.6738
0 0 0 0 1 16.3705
0 0 0 0 1 16.3466
0 0 0 0 1 16.0468
0 0 0 0 1 16.0622
0 0 0 0 0 15.8379
0 0 0 0 1 15.5369
0 0 0 0 0 15.4875
0 0 0 0 0 15.27
0 0 0 0 1 15.3263
0 0 0 0 1 15.0193
0 0 0 0 1 15.1415
0 0 0 0 1 14.9803
0 0 0 0 1 14.8406
0 0 0 0 0 14.7218
0 0 0 0 0 14.3975
0 0 0 0 1 14.3616
0 0 0 0 1 14.3333
0 0 0 0 1 14.1427
0 0 0 0 1 13.9953
0 0 0 0 1 13.8268
0 0 0 0 0 13.7842
0 0 0 0 0 13.6394
0 0 0 0 1 13.6815
0 0 0 0 1 13.6455
0 0 0 0 0 13.4694
0 0 0 0 1 13.2194
0 0 0 0 1 13.2985
0 0 0 0 1 13.1516
0 0 0 0 0 13.1886
0 0 0 0 1 12.9256
0 0 0 0 1 12.8328
0 0 0 0 1 12.8383
0 0 0 0 1 12.7707
0 0 0 0 1 12.6737
0 0 0 0 1 12.4642
0 0 0 0 1 12.5306
0 0 0 0 1 12.2612
0 0 0 0 1 12.1995
0 0 0 0 0 12.0929
0 0 0 0 1 12.2621
0 0 0 0 1 11.9942
0 0 0 0 1 11.9088
0 0 0 0 1 11.8714
0 0 0 0 0 11.9641
0 0 0 0 0 11.7254
0 0 0 0 0 11.641
0 0 0 0 1 11.5686
0 0 0 0 1 11.6779
0 0 0 0 1 11.4866
0 0 0 0 1 11.4717
0 0 0 0 0 11.3849
0 0 0 0 1 11.381
0 0 0 0 1 11.2239
0 0 0 0 1 11.239
0 0 0 0 1 11.1979
0 0 0 0 1 11.1346
0 0 0 0 0 11.0606
0 0 0 0 0 10.8527
0 0 0 0 0 10.9836
0 0 0 0 0 10.762
0 0 0 0 1 10.7835
0 0 0 0 1 10.6045
0 0 0 0 1 10.7646
0 0 0 0 1 10.5941
0 0 0 0 1 10.5621
0 0 0 0 1 10.488
0 0 0 0 1 10.3622
0 0 0 0 1 10.3308
0 0 0 0 1 10.2581
0 0 0 0 1 10.327
0 0 0 0 1 10.3159
0 0 0 0 1 10.172
0 0 0 0 0 10.0394
0 0 0 0 1 10.0161
0 0 0 0 1 10.0229
0 0 0 0 0 9.9821
0 0 0 0 0 10.0582
0 0 0 0 0 9.92526
0 0 0 0 0 9.80312
0 0 0 0 1 9.77031
0 0 0 0 1 9.72074
0 0 0 0 1 9.80502
0 0 0 0 1 9.61694
0 0 0 0 1 9.68128
0 0 0 0 1 9.56923
0 0 0 0 1 9.64252
0 0 0 0 1 9.51479
0 0 0 0 1 9.47343
0 0 0 0 1 9.54316
0 0 0 0 1 9.36988
0 0 0 0 0 9.42298
0 0 0 0 1 9.41946
0 0 0 0 1 9.37613
0 0 0 0 0 9.30775
0 0 0 0 1 9.28342
0 0 0 0 1 9.25917
0 0 0 0 1 9.22584
0 0 0 0 1 9.04922
0 0 0 0 1 9.05309
0 0 0 0 1 9.09308
0 0 0 0 0 9.03344
0 0 0 0 0 9.0371
0 0 0 0 1 8.98943
0 0 0 0 1 9.002
0 0 0 0 1 8.94329
0 0 0 0 0 8.86723
0 0 0 0 1 8.8711
0 0 0 0 1 8.73416
0 0 0 0 1 8.85857
0 0 0 0 1 8.79491
0 0 0 0 1 8.7179
0 0 0 0 1 8.72202
0 0 0 0 1 8.58507
0 0 0 0 0 8.68698
0 0 0 0 1 8.53385
0 0 0 0 1 8.60696
0 0 0 0 1 8.58308
0 0 0 0 1 8.49382
0 0 0 0 1 8.54936
0 0 0 0 1 8.4751
0 0 0 0 1 8.37019
0 0 0 0 1 8.38093
0 0 0 0 1 8.42778
0 0 0 0 1 8.29628
0 0 0 0 1 8.3238
0 0 0 0 1 8.27081
0 0 0 0 1 8.36451
0 0 0 0 1 8.23746
0 0 0 0 0 8.2731
0 0 0 0 1 8.20183
0 0 0 0 1 8.1174
0 0 0 0 1 8.12864
0 0 0 0 1 8.07472
0 0 0 0 1 8.07794
0 0 0 0 1 8.03258
0 0 0 0 1 8.16571
0 0 0 0 1 8.05594
0 0 0 0 1 7.97895
0 0 0 0 1 7.95855
0 0 0 0 1 7.92229
0 0 0 0 1 8.02195
0 0 0 0 1 7.941
0 0 0 0 1 7.90224
0 0 0 0 1 7.88252
0 0 0 0 1 7.95779
0 0 0 0 0 7.93814
0 0 0 0 1 7.88719
0 0 0 0 1 7.83655
0 0 0 0 1 7.81753
0 0 0 0 1 7.82208
0 0 0 0 1 7.83917
0 0 0 0 1 7.76603
0 0 0 0 1 7.67327
0 0 0 0 0 7.68293
0 0 0 0 1 7.70353
0 0 0 0 0 7.66696
0 0 0 0 1 7.67998
0 0 0 0 1 7.61632
0 0 0 0 1 7.5803
0 0 0 0 1 7.62423
0 0 0 0 1 7.64518
0 0 0 0 1 7.62475
0 0 0 0 1 7.56227
0 0 0 0 1 7.51532
0 0 0 0 0 7.63913
0 0 0 0 1 7.60746
0 0 0 0 1 7.54591
0 0 0 0 1 7.47368
0 0 0 0 1 7.57039
0 0 0 0 1 7.44969
0 0 0 0 1 7.40815
0 0 0 0 1 7.45255
0 0 0 0 1 7.48943
0 0 0 0 1 7.49671
0 0 0 0 0 7.38513
0 0 0 0 1 7.45931
0 0 0 0 0 7.45567
0 0 0 0 1 7.31561
0 0 0 0 1 7.35659
0 0 0 0 1 7.43433
0 0 0 0 1 7.36143
0 0 0 0 1 7.37695
0 0 0 0 0 7.30415
0 0 0 0 1 7.29801
0 0 0 0 1 7.28473
0 0 0 0 1 7.2749
0 0 0 0 1 7.3307
0 0 0 0 0 7.27419
0 0 0 0 0 7.3155
0 0 0 0 1 7.22633
0 0 0 0 0 7.21405
0 0 0 0 1 7.25556
