0 0 0 0 0 5.25457
0 0 0 0 0 5.23466
0 0 0 0 1 5.23351
0 0 0 0 0 5.26067
0 0 0 0 1 5.19696
0 0 0 0 1 5.19285
0 0 0 0 0 5.19403
0 0 0 0 1 5.2143
0 0 0 0 0 5.26827
0 0 0 0 1 5.22757
0 0 0 0 1 5.33273
0 0 0 0 1 5.23739
0 0 0 0 0 5.29199
0 0 0 0 1 5.33086
0 0 0 0 1 5.33099
0 0 0 0 1 5.33291
0 0 0 0 1 5.31188
0 0 0 0 1 5.30856
0 0 0 0 1 5.34644
0 0 0 0 1 5.37542
0 0 0 0 1 5.32244
0 0 0 0 1 5.33545
0 0 0 0 1 5.34703
0 0 0 0 0 5.41277
0 0 0 0 1 5.43156
0 0 0 0 1 5.39084
0 0 0 0 1 5.40292
0 0 0 0 1 5.48589
0 0 0 0 0 5.40022
0 0 0 0 0 5.44673
0 0 0 0 0 5.49767
0 0 0 0 1 5.48305
0 0 0 0 1 5.48614
0 0 0 0 1 5.53882
0 0 0 0 1 5.50784
0 0 0 0 1 5.50997
0 0 0 0 1 5.56763
0 0 0 0 1 5.52665
0 0 0 0 1 5.57912
0 0 0 0 1 5.6375
0 0 0 0 1 5.63002
0 0 0 0 0 5.616
0 0 0 0 1 5.67501
0 0 0 0 1 5.57665
0 0 0 0 1 5.68199
0 0 0 0 1 5.61726
0 0 0 0 0 5.61943
0 0 0 0 1 5.68026
0 0 0 0 1 5.64367
0 0 0 0 0 5.73838
0 0 0 0 1 5.73622
0 0 0 0 1 5.70035
0 0 0 0 1 5.81838
0 0 0 0 0 5.76454
0 0 0 0 1 5.76835
0 0 0 0 1 5.85989
0 0 0 0 1 5.78259
0 0 0 0 0 5.89688
0 0 0 0 0 5.80228
0 0 0 0 1 5.87089
0 0 0 0 0 5.8276
0 0 0 0 1 5.88547
0 0 0 0 1 5.97268
0 0 0 0 1 5.99477
0 0 0 0 1 5.92219
0 0 0 0 1 5.98649
0 0 0 0 1 5.94343
0 0 0 0 0 6.04385
0 0 0 0 1 5.98902
0 0 0 0 0 6.06603
0 0 0 0 1 6.02269
0 0 0 0 1 6.04594
0 0 0 0 1 6.13026
0 0 0 0 1 6.11091
0 0 0 0 1 6.08585
0 0 0 0 1 6.12157
0 0 0 0 1 6.23784
0 0 0 0 1 6.16946
0 0 0 0 1 6.17475
0 0 0 0 1 6.28607
0 0 0 0 1 6.21689
0 0 0 0 1 6.21001
0 0 0 0 1 6.3036
0 0 0 0 1 6.28425
0 0 0 0 1 6.30263
0 0 0 0 1 6.32111
0 0 0 0 1 6.4292
0 0 0 0 1 6.45464
0 0 0 0 1 6.41588
0 0 0 0 0 6.41561
0 0 0 0 1 6.51241
0 0 0 0 0 6.51885
0 0 0 0 1 6.54485
0 0 0 0 1 6.61685
0 0 0 0 1 6.50526
0 0 0 0 1 6.57089
0 0 0 0 0 6.59057
0 0 0 0 0 6.6237
0 0 0 0 1 6.69704
0 0 0 0 1 6.64352
0 0 0 0 0 6.68372
0 0 0 0 1 6.82552
0 0 0 0 0 6.81231
0 0 0 0 1 6.8534
0 0 0 0 1 6.79897
0 0 0 0 1 6.93629
0 0 0 0 1 6.86088
0 0 0 0 1 6.94396
0 0 0 0 1 6.91641
0 0 0 0 1 6.9234
0 0 0 0 1 6.94435
0 0 0 0 1 7.07814
0 0 0 0 1 7.10674
0 0 0 0 1 7.05727
0 0 0 0 0 7.11434
0 0 0 0 0 7.20051
0 0 0 0 1 7.2584
0 0 0 0 1 7.30226
0 0 0 0 1 7.21533
0 0 0 0 1 7.25899
0 0 0 0 1 7.36896
0 0 0 0 1 7.39128
0 0 0 0 1 7.36913
0 0 0 0 1 7.46575
0 0 0 0 0 7.43582
0 0 0 0 1 7.54082
0 0 0 0 0 7.57857
0 0 0 0 1 7.56326
0 0 0 0 1 7.6163
0 0 0 0 1 7.62358
0 0 0 0 1 7.6924
0 0 0 0 1 7.76937
0 0 0 0 1 7.76113
0 0 0 0 1 7.76806
0 0 0 0 1 7.86956
0 0 0 0 1 7.87654
0 0 0 0 1 7.98709
0 0 0 0 1 8.08235
0 0 0 0 1 8.12201
0 0 0 0 1 8.15355
0 0 0 0 1 8.16876
0 0 0 0 0 8.14304
0 0 0 0 1 8.23976
0 0 0 0 1 8.27144
0 0 0 0 1 8.40261
0 0 0 0 1 8.45967
0 0 0 0 1 8.52541
0 0 0 0 1 8.48924
0 0 0 0 0 8.632
0 0 0 0 1 8.56108
0 0 0 0 1 8.63542
0 0 0 0 1 8.77158
0 0 0 0 1 8.72507
0 0 0 0 1 8.85262
0 0 0 0 1 8.92023
0 0 0 0 1 8.90728
0 0 0 0 1 9.08167
0 0 0 0 1 9.11357
0 0 0 0 0 9.14529
0 0 0 0 1 9.08514
0 0 0 0 1 9.26273
0 0 0 0 1 9.25697
0 0 0 0 1 9.28701
0 0 0 0 1 9.47787
0 0 0 0 1 9.45999
0 0 0 0 1 9.65239
0 0 0 0 1 9.62516
0 0 0 0 1 9.75198
0 0 0 0 1 9.7039
0 0 0 0 0 9.79086
0 0 0 0 1 9.85964
0 0 0 0 1 9.97721
0 0 0 0 1 10.1762
0 0 0 0 0 10.0625
0 0 0 0 1 10.253
0 0 0 0 1 10.4041
0 0 0 0 1 10.4111
0 0 0 0 0 10.5412
0 0 0 0 1 10.5788
0 0 0 0 1 10.7418
0 0 0 0 1 10.7131
0 0 0 0 0 10.8106
0 0 0 0 1 11.0087
0 0 0 0 1 11.0414
0 0 0 0 1 11.2067
0 0 0 0 1 11.2387
0 0 0 0 1 11.2359
0 0 0 0 1 11.4483
0 0 0 0 0 11.5914
0 0 0 0 1 11.6772
0 0 0 0 1 11.7772
0 0 0 0 0 11.7534
0 0 0 0 1 11.9214
0 0 0 0 1 12.1481
0 0 0 0 1 12.1455
0 0 0 0 1 12.4363
0 0 0 0 1 12.3917
0 0 0 0 1 12.4729
0 0 0 0 1 12.6007
0 0 0 0 1 12.9339
0 0 0 0 1 12.8533
0 0 0 0 0 13.148
0 0 0 0 1 13.3272
0 0 0 0 1 13.5169
0 0 0 0 1 13.4235
0 0 0 0 1 13.7766
0 0 0 0 1 13.7702
0 0 0 0 1 13.9562
0 0 0 0 1 14.2706
0 0 0 0 1 14.369
0 0 0 0 1 14.5965
0 0 0 0 0 14.615
0 0 0 0 1 14.7878
0 0 0 0 0 15.0865
0 0 0 0 1 15.1694
0 0 0 0 1 15.3827
0 0 0 0 0 15.4717
0 0 0 0 1 15.8114
0 0 0 0 0 15.9656
0 0 0 0 0 16.2322
0 0 0 0 1 16.4345
0 0 0 0 1 16.8061
0 0 0 0 1 16.9784
0 0 0 0 1 14.656
0 0 0 0 1 14.6067
0 0 0 0 1 14.7212
0 0 0 0 1 14.4974
0 0 0 0 1 14.5949
0 0 0 0 1 14.5642
0 0 0 0 1 14.4875
0 0 0 0 1 14.4429
0 0 0 0 1 14.57
0 0 0 0 0 14.5956
0 0 0 0 1 14.5951
0 0 0 0 0 14.3202
0 0 0 0 0 14.5489
0 0 0 0 1 14.3882
0 0 0 0 1 14.4896
0 0 0 0 1 14.3607
0 0 0 0 1 14.2733
0 0 0 0 1 14.289
0 0 0 0 1 14.4032
0 0 0 0 1 14.2615
0 0 0 0 1 14.2349
0 0 0 0 1 14.178
0 0 0 0 1 14.1806
0 0 0 0 0 14.3671
0 0 0 0 0 14.2416
0 0 0 0 0 14.2876
0 0 0 0 1 14.3337
0 0 0 0 1 14.2217
0 0 0 0 0 14.3252
0 0 0 0 1 14.2298
0 0 0 0 0 14.2752
0 0 0 0 1 14.3718
0 0 0 0 1 14.6739
0 0 0 0 1 15.2127
0 0 0 0 1 15.6369
0 0 0 0 1 16.2829
0 0 0 0 1 16.7027
0 0 0 0 0 17.2421
0 0 0 0 1 17.963
0 0 0 0 1 40.379
0 0 0 0 1 41.8676
0 0 0 0 0 43.563
0 0 0 0 1 45.3845
0 0 0 0 1 46.9361
0 0 0 0 1 49.123
0 0 0 0 0 42.4212
0 0 0 0 1 42.5312
0 0 0 0 1 42.007
0 0 0 0 1 41.865
0 0 0 0 1 41.8921
0 0 0 0 1 42.174
0 0 0 0 0 41.9915
0 0 0 0 1 42.6123
0 0 0 0 0 41.9675
0 0 0 0 1 42.0413
0 0 0 0 1 41.8207
0 0 0 0 1 46.2105
0 0 0 0 0 4.97493
0 0 0 0 0 4.96992
0 0 0 0 0 5.04507
0 0 0 0 0 4.97994
0 0 0 0 1 34.9997
0 0 0 0 1 35.5254
0 0 0 0 1 34.958
0 0 0 0 1 35.4846
0 0 0 0 1 35.2008
0 0 0 0 1 35.4467
0 0 0 0 1 34.9526
0 0 0 0 0 35.235
0 0 0 0 1 34.9892
0 0 0 0 0 35.4494
0 0 0 0 1 35.5222
0 0 0 0 1 35.349
0 0 0 0 1 35.4231
0 0 0 0 0 4.97493
0 0 0 0 0 5.02002
0 0 0 0 0 4.99998
0 0 0 0 0 5.05008
0 0 0 0 0 5.04507
0 0 0 0 0 5.05509
0 0 0 0 0 4.97994
0 0 0 0 0 5.05008
0 0 0 0 0 4.96491
0 0 0 0 1 95.3414
0 0 0 0 1 89.7872
0 0 0 0 0 84.9913
0 0 0 0 1 81.3725
0 0 0 0 1 23.292
0 0 0 0 1 22.141
0 0 0 0 1 20.9884
0 0 0 0 1 20.0599
0 0 0 0 1 20.2104
0 0 0 0 0 20.3207
0 0 0 0 1 19.9681
0 0 0 0 1 19.9985
0 0 0 0 1 20.0887
0 0 0 0 1 20.0796
0 0 0 0 1 20.1718
0 0 0 0 1 20.0221
0 0 0 0 1 20.196
0 0 0 0 1 20.0469
0 0 0 0 1 20.1408
0 0 0 0 1 20.0732
0 0 0 0 1 20.0667
0 0 0 0 1 20.3648
0 0 0 0 1 20.1969
0 0 0 0 0 20.2728
0 0 0 0 0 20.4101
0 0 0 0 1 20.526
0 0 0 0 1 20.3812
0 0 0 0 1 20.4182
0 0 0 0 1 20.4352
0 0 0 0 1 34.6858
0 0 0 0 0 34.4587
0 0 0 0 1 33.2358
0 0 0 0 1 33.0232
0 0 0 0 0 32.1069
0 0 0 0 1 31.3786
0 0 0 0 1 30.9003
0 0 0 0 1 30.1035
0 0 0 0 1 29.6623
0 0 0 0 1 29.3071
0 0 0 0 1 28.7052
0 0 0 0 1 28.4274
0 0 0 0 0 27.884
0 0 0 0 1 27.0621
0 0 0 0 1 27.0948
0 0 0 0 1 26.1444
0 0 0 0 1 25.9674
0 0 0 0 1 25.681
0 0 0 0 1 25.4521
0 0 0 0 1 24.93
0 0 0 0 1 24.6369
0 0 0 0 1 24.0287
0 0 0 0 1 23.8748
0 0 0 0 1 23.5382
0 0 0 0 1 23.0404
0 0 0 0 1 22.8854
0 0 0 0 0 22.4795
0 0 0 0 1 21.9974
0 0 0 0 1 22.0108
0 0 0 0 1 21.5299
0 0 0 0 1 21.2445
0 0 0 0 0 21.2239
0 0 0 0 1 20.8948
0 0 0 0 0 20.5661
0 0 0 0 1 20.2303
0 0 0 0 1 19.9865
0 0 0 0 0 19.7128
0 0 0 0 1 19.5383
0 0 0 0 1 19.5077
0 0 0 0 1 19.1094
0 0 0 0 1 18.9707
0 0 0 0 1 18.5781
0 0 0 0 1 18.3935
0 0 0 0 1 18.1357
0 0 0 0 1 18.0877
0 0 0 0 1 18.0011
0 0 0 0 1 17.7809
0 0 0 0 1 17.3984
0 0 0 0 1 17.5212
0 0 0 0 1 17.38
0 0 0 0 1 16.9827
0 0 0 0 0 16.7927
0 0 0 0 1 16.839
0 0 0 0 1 16.591
0 0 0 0 1 16.5018
0 0 0 0 1 16.2816
0 0 0 0 1 16.0307
0 0 0 0 1 15.9027
0 0 0 0 0 15.664
0 0 0 0 1 15.7406
0 0 0 0 1 15.3634
0 0 0 0 0 15.3777
0 0 0 0 1 15.2348
0 0 0 0 1 15.1554
0 0 0 0 1 14.8417
0 0 0 0 0 14.9356
0 0 0 0 1 14.6193
0 0 0 0 1 14.751
0 0 0 0 1 14.6007
0 0 0 0 1 14.4047
0 0 0 0 1 14.2619
0 0 0 0 1 14.1853
0 0 0 0 1 14.2065
0 0 0 0 0 13.8547
0 0 0 0 0 13.8673
0 0 0 0 1 13.6394
0 0 0 0 1 13.5723
0 0 0 0 1 13.6319
0 0 0 0 1 13.3617
0 0 0 0 0 13.2461
0 0 0 0 1 13.1526
0 0 0 0 1 13.1384
0 0 0 0 1 12.9664
0 0 0 0 1 12.8737
0 0 0 0 1 12.7942
0 0 0 0 1 12.9279
0 0 0 0 1 12.5801
0 0 0 0 1 12.497
0 0 0 0 1 12.4642
0 0 0 0 1 12.5057
0 0 0 0 0 12.3231
0 0 0 0 0 12.3593
0 0 0 0 1 12.1662
0 0 0 0 1 12.2257
0 0 0 0 1 12.0908
0 0 0 0 1 11.8728
0 0 0 0 1 12.0025
0 0 0 0 1 11.739
0 0 0 0 0 11.8549
0 0 0 0 0 11.7697
0 0 0 0 1 11.5105
0 0 0 0 0 11.4929
0 0 0 0 1 11.4291
0 0 0 0 0 11.3232
0 0 0 0 0 11.4076
0 0 0 0 0 11.2681
0 0 0 0 0 11.2464
0 0 0 0 0 11.239
0 0 0 0 1 11.1979
0 0 0 0 1 11.1457
0 0 0 0 1 10.8958
0 0 0 0 1 10.9729
0 0 0 0 1 10.8531
0 0 0 0 1 10.8592
0 0 0 0 1 10.7083
0 0 0 0 1 10.7652
0 0 0 0 1 10.69
0 0 0 0 0 10.6153
0 0 0 0 1 10.5093
0 0 0 0 1 10.4041
0 0 0 0 1 10.5084
0 0 0 0 1 10.4556
0 0 0 0 1 10.2478
0 0 0 0 1 10.2858
0 0 0 0 0 10.3261
0 0 0 0 1 10.1822
0 0 0 0 0 10.1104
0 0 0 0 1 9.99589
0 0 0 0 1 9.95249
0 0 0 0 1 9.90208
0 0 0 0 1 10.0383
0 0 0 0 1 9.94509
0 0 0 0 0 9.93146
0 0 0 0 0 9.92758
0 0 0 0 0 9.6914
0 0 0 0 1 9.7466
0 0 0 0 1 9.73328
0 0 0 0 0 9.74884
0 0 0 0 1 9.55961
0 0 0 0 1 9.66167
0 0 0 0 1 9.61966
0 0 0 0 1 9.53988
0 0 0 0 1 9.39183
0 0 0 0 1 9.3793
0 0 0 0 1 9.34797
0 0 0 0 1 9.30744
0 0 0 0 1 9.37613
0 0 0 0 1 9.35406
0 0 0 0 0 9.21882
0 0 0 0 1 9.12124
0 0 0 0 0 9.22584
0 0 0 0 1 9.21342
0 0 0 0 1 9.15307
0 0 0 0 0 9.03873
0 0 0 0 1 9.00636
0 0 0 0 1 9.04609
0 0 0 0 1 8.88199
0 0 0 0 1 8.93063
0 0 0 0 1 8.84551
0 0 0 0 1 8.92038
0 0 0 0 1 8.80048
0 0 0 0 1 8.88368
0 0 0 0 1 8.84103
0 0 0 0 0 8.6901
0 0 0 0 0 8.73532
0 0 0 0 1 8.76541
0 0 0 0 1 8.58507
0 0 0 0 1 8.54047
0 0 0 0 1 8.55103
0 0 0 0 1 8.48706
0 0 0 0 1 8.54892
0 0 0 0 1 8.46829
0 0 0 0 1 8.40518
0 0 0 0 1 8.41589
0 0 0 0 1 8.37862
0 0 0 0 1 8.36412
0 0 0 0 1 8.40265
0 0 0 0 1 8.36311
0 0 0 0 1 8.36546
0 0 0 0 0 8.37046
0 0 0 0 1 8.35623
0 0 0 0 1 8.28698
0 0 0 0 0 8.21547
0 0 0 0 1 8.18541
0 0 0 0 1 8.24015
0 0 0 0 1 8.20209
0 0 0 0 1 8.16425
0 0 0 0 1 8.151
0 0 0 0 1 8.11356
0 0 0 0 1 8.02827
0 0 0 0 0 8.03175
0 0 0 0 1 8.10764
0 0 0 0 1 7.95855
0 0 0 0 1 7.97831
0 0 0 0 1 8.03792
0 0 0 0 1 8.00466
0 0 0 0 1 7.98166
0 0 0 0 0 7.86668
0 0 0 0 1 7.83925
0 0 0 0 0 7.86719
0 0 0 0 1 7.93437
0 0 0 0 1 7.82871
0 0 0 0 1 7.84101
0 0 0 0 1 7.82208
0 0 0 0 0 7.76124
0 0 0 0 0 7.82045
0 0 0 0 1 7.71978
0 0 0 0 0 7.66745
0 0 0 0 1 7.68038
0 0 0 0 1 7.74402
0 0 0 0 1 7.62616
0 0 0 0 1 7.70069
0 0 0 0 1 7.62625
0 0 0 0 1 7.69299
0 0 0 0 0 7.56134
0 0 0 0 1 7.53344
0 0 0 0 1 7.64579
0 0 0 0 1 7.64411
0 0 0 0 1 7.59375
0 0 0 0 1 7.55463
0 0 0 0 1 7.60616
0 0 0 0 1 7.47368
0 0 0 0 1 7.54788
0 0 0 0 1 7.56199
0 0 0 0 1 7.46796
0 0 0 0 1 7.51969
0 0 0 0 1 7.48943
0 0 0 0 1 7.42977
0 0 0 0 0 7.49647
0 0 0 0 1 7.38524
0 0 0 0 1 7.46307
0 0 0 0 0 7.41157
0 0 0 0 1 7.34922
0 0 0 0 1 7.3828
0 0 0 0 1 7.38347
0 0 0 0 1 7.27429
0 0 0 0 0 7.2895
0 0 0 0 1 7.27607
0 0 0 0 1 7.37232
0 0 0 0 1 7.32593
0 0 0 0 1 7.31614
0 0 0 0 1 7.20879
0 0 0 0 0 7.30825
0 0 0 0 1 7.25532
0 0 0 0 0 7.24299
0 0 0 0 0 7.24111
