0 0 0 0 0 5.22856
0 0 0 0 1 5.23466
0 0 0 0 1 5.25438
0 0 0 0 1 5.17186
0 0 0 0 1 5.19172
0 0 0 0 1 5.28717
0 0 0 0 1 5.22551
0 0 0 0 1 5.24058
0 0 0 0 1 5.24195
0 0 0 0 1 5.29607
0 0 0 0 1 5.33273
0 0 0 0 0 5.32733
0 0 0 0 1 5.35026
0 0 0 0 1 5.25129
0 0 0 0 0 5.28847
0 0 0 0 1 5.30098
0 0 0 0 1 5.33855
0 0 0 0 0 5.38866
0 0 0 0 0 5.3839
0 0 0 0 1 5.41293
0 0 0 0 1 5.33318
0 0 0 0 0 5.41075
0 0 0 0 1 5.35781
0 0 0 0 1 5.35334
0 0 0 0 1 5.3991
0 0 0 0 0 5.36375
0 0 0 0 1 5.38663
0 0 0 0 1 5.40426
0 0 0 0 1 5.49295
0 0 0 0 1 5.44673
0 0 0 0 0 5.50862
0 0 0 0 1 5.47757
0 0 0 0 1 5.53012
0 0 0 0 1 5.52231
0 0 0 0 1 5.4968
0 0 0 0 1 5.4989
0 0 0 0 1 5.6009
0 0 0 0 1 5.5933
0 0 0 0 0 5.55685
0 0 0 0 1 5.52587
0 0 0 0 1 5.56293
0 0 0 0 1 5.64403
0 0 0 0 1 5.61321
0 0 0 0 1 5.62172
0 0 0 0 1 5.59171
0 0 0 0 0 5.69645
0 0 0 0 1 5.63079
0 0 0 0 1 5.64046
0 0 0 0 1 5.68357
0 0 0 0 0 5.76696
0 0 0 0 1 5.67891
0 0 0 0 1 5.68887
0 0 0 0 1 5.73773
0 0 0 0 1 5.75876
0 0 0 0 0 5.77994
0 0 0 0 1 5.77866
0 0 0 0 1 5.77095
0 0 0 0 1 5.85601
0 0 0 0 0 5.90756
0 0 0 0 1 5.87675
0 0 0 0 0 5.86881
0 0 0 0 0 5.88547
0 0 0 0 1 5.91946
0 0 0 0 1 5.95916
0 0 0 0 1 5.99361
0 0 0 0 0 5.95068
0 0 0 0 1 5.93146
0 0 0 0 1 5.98377
0 0 0 0 1 6.06125
0 0 0 0 0 6.05395
0 0 0 0 1 6.10752
0 0 0 0 1 6.09455
0 0 0 0 0 6.14854
0 0 0 0 1 6.05586
0 0 0 0 1 6.12262
0 0 0 0 1 6.10927
0 0 0 0 0 6.23167
0 0 0 0 1 6.16946
0 0 0 0 1 6.16232
0 0 0 0 1 6.27984
0 0 0 0 1 6.19187
0 0 0 0 0 6.2351
0 0 0 0 1 6.32879
0 0 0 0 1 6.25899
0 0 0 0 1 6.36603
0 0 0 0 1 6.39749
0 0 0 0 1 6.39728
0 0 0 0 1 6.44182
0 0 0 0 1 6.3837
0 0 0 0 1 6.46079
0 0 0 0 1 6.43465
0 0 0 0 1 6.55785
0 0 0 0 1 6.57095
0 0 0 0 1 6.57099
0 0 0 0 1 6.58412
0 0 0 0 1 6.65006
0 0 0 0 1 6.58394
0 0 0 0 1 6.6104
0 0 0 0 0 6.74378
0 0 0 0 1 6.67034
0 0 0 0 1 6.67699
0 0 0 0 1 6.73766
0 0 0 0 0 6.81231
0 0 0 0 1 6.81934
0 0 0 0 1 6.81265
0 0 0 0 0 6.85388
0 0 0 0 1 6.86778
0 0 0 0 1 6.94396
0 0 0 0 0 6.9025
0 0 0 0 1 7.04915
0 0 0 0 1 6.98644
0 0 0 0 0 7.03584
0 0 0 0 1 7.09258
0 0 0 0 1 7.18532
0 0 0 0 0 7.12148
0 0 0 0 0 7.22923
0 0 0 0 1 7.25119
0 0 0 0 0 7.26604
0 0 0 0 1 7.20078
0 0 0 0 1 7.3394
0 0 0 0 1 7.33226
0 0 0 0 1 7.42079
0 0 0 0 1 7.46551
0 0 0 0 1 7.42105
0 0 0 0 0 7.42084
0 0 0 0 1 7.47309
0 0 0 0 1 7.58614
0 0 0 0 1 7.63927
0 0 0 0 1 7.57047
0 0 0 0 1 7.7157
0 0 0 0 0 7.77727
0 0 0 0 0 7.7228
0 0 0 0 0 7.81573
0 0 0 0 1 7.76806
0 0 0 0 1 7.80648
0 0 0 0 1 8.00346
0 0 0 0 0 8.011
0 0 0 0 1 7.9701
0 0 0 0 0 8.03338
0 0 0 0 1 8.04818
0 0 0 0 1 8.19322
0 0 0 0 0 8.20858
0 0 0 0 1 8.18203
0 0 0 0 0 8.36261
0 0 0 0 1 8.36089
0 0 0 0 1 8.40092
0 0 0 0 1 8.47477
0 0 0 0 1 8.46375
0 0 0 0 1 8.60636
0 0 0 0 1 8.66423
0 0 0 0 1 8.68734
0 0 0 0 1 8.64975
0 0 0 0 1 8.83009
0 0 0 0 0 8.90553
0 0 0 0 1 8.81382
0 0 0 0 1 8.90728
0 0 0 0 0 9.05469
0 0 0 0 1 9.00497
0 0 0 0 1 9.03598
0 0 0 0 1 9.24099
0 0 0 0 1 9.29967
0 0 0 0 1 9.27556
0 0 0 0 1 9.33382
0 0 0 0 1 9.37424
0 0 0 0 1 9.54547
0 0 0 0 1 9.47063
0 0 0 0 1 9.53844
0 0 0 0 1 9.61613
0 0 0 0 0 9.84071
0 0 0 0 1 9.87951
0 0 0 0 1 9.98859
0 0 0 0 1 9.93722
0 0 0 0 0 9.98476
0 0 0 0 1 10.2554
0 0 0 0 1 10.2427
0 0 0 0 1 10.3732
0 0 0 0 1 10.3384
0 0 0 0 1 10.5202
0 0 0 0 1 10.621
0 0 0 0 1 10.7312
0 0 0 0 1 10.7883
0 0 0 0 1 10.789
0 0 0 0 0 11.0196
0 0 0 0 0 10.9312
0 0 0 0 1 11.0733
0 0 0 0 1 11.2387
0 0 0 0 1 11.2585
0 0 0 0 1 11.4711
0 0 0 0 0 11.4761
0 0 0 0 1 11.7121
0 0 0 0 0 11.6833
0 0 0 0 1 11.86
0 0 0 0 1 12.0768
0 0 0 0 1 11.9911
0 0 0 0 1 12.2675
0 0 0 0 0 12.3378
0 0 0 0 1 12.5037
0 0 0 0 1 12.611
0 0 0 0 0 12.7276
0 0 0 0 1 12.8698
0 0 0 0 1 12.944
0 0 0 0 1 13.0695
0 0 0 0 1 13.2743
0 0 0 0 0 13.3697
0 0 0 0 1 13.6536
0 0 0 0 1 13.5713
0 0 0 0 1 13.7978
0 0 0 0 1 14.1242
0 0 0 0 0 14.1715
0 0 0 0 1 14.4406
0 0 0 0 1 14.611
0 0 0 0 1 14.615
0 0 0 0 0 14.8472
0 0 0 0 1 14.906
0 0 0 0 1 15.3064
0 0 0 0 1 15.3518
0 0 0 0 0 15.5967
0 0 0 0 1 15.9855
0 0 0 0 1 16.1421
0 0 0 0 1 16.1997
0 0 0 0 1 16.5169
0 0 0 0 1 16.6556
0 0 0 0 0 16.7918
0 0 0 0 1 14.6121
0 0 0 0 1 14.7383
0 0 0 0 1 14.6482
0 0 0 0 1 14.6725
0 0 0 0 1 14.5221
0 0 0 0 1 14.5788
0 0 0 0 1 14.6473
0 0 0 0 1 14.5009
0 0 0 0 0 14.512
0 0 0 0 1 14.364
0 0 0 0 1 14.3492
0 0 0 0 0 14.4792
0 0 0 0 1 14.3036
0 0 0 0 1 14.5323
0 0 0 0 1 14.3743
0 0 0 0 1 14.4039
0 0 0 0 1 14.2877
0 0 0 0 1 14.2603
0 0 0 0 0 14.2167
0 0 0 0 1 14.2185
0 0 0 0 1 14.3781
0 0 0 0 1 14.2495
0 0 0 0 1 14.2234
0 0 0 0 1 14.2957
0 0 0 0 1 14.37
0 0 0 0 1 14.3303
0 0 0 0 1 14.1057
0 0 0 0 1 14.1363
0 0 0 0 1 14.3537
0 0 0 0 1 14.0876
0 0 0 0 1 14.332
0 0 0 0 1 14.343
0 0 0 0 1 14.7329
0 0 0 0 1 15.3191
0 0 0 0 1 15.7308
0 0 0 0 1 16.2022
0 0 0 0 1 16.5195
0 0 0 0 0 17.1045
0 0 0 0 0 17.9808
0 0 0 0 1 41.0703
0 0 0 0 1 42.4579
0 0 0 0 1 44.0446
0 0 0 0 1 45.3389
0 0 0 0 1 47.5524
0 0 0 0 1 49.7661
0 0 0 0 1 42.0406
0 0 0 0 0 42.3621
0 0 0 0 1 41.8379
0 0 0 0 1 42.5832
0 0 0 0 1 42.4833
0 0 0 0 1 42.6384
0 0 0 0 1 42.0759
0 0 0 0 1 42.2326
0 0 0 0 1 41.9253
0 0 0 0 1 42.5473
0 0 0 0 0 42.4952
0 0 0 0 0 45.7072
0 0 0 0 0 4.99497
0 0 0 0 0 4.97994
0 0 0 0 0 4.9599
0 0 0 0 0 5.00499
0 0 0 0 1 35.6348
0 0 0 0 1 35.0315
0 0 0 0 1 35.5929
0 0 0 0 1 35.0966
0 0 0 0 1 35.0245
0 0 0 0 1 35.1292
0 0 0 0 1 35.5169
0 0 0 0 1 35.3056
0 0 0 0 1 35.5535
0 0 0 0 1 35.3788
0 0 0 0 1 35.1342
0 0 0 0 1 35.0315
0 0 0 0 1 35.3526
0 0 0 0 0 4.98996
0 0 0 0 0 5.04006
0 0 0 0 0 5.02002
0 0 0 0 0 4.97994
0 0 0 0 0 4.98495
0 0 0 0 0 5.02503
0 0 0 0 0 4.9599
0 0 0 0 0 4.97994
0 0 0 0 0 5.02002
0 0 0 0 1 96.4878
0 0 0 0 1 89.7872
0 0 0 0 1 84.8207
0 0 0 0 1 81.7774
0 0 0 0 0 23.1989
0 0 0 0 1 22.2961
0 0 0 0 1 21.2422
0 0 0 0 1 20.2825
0 0 0 0 1 20.15
0 0 0 0 1 20.2401
0 0 0 0 1 20.0285
0 0 0 0 1 20.1396
0 0 0 0 1 20.1088
0 0 0 0 1 20.2814
0 0 0 0 0 20.0305
0 0 0 0 1 20.3656
0 0 0 0 1 20.0343
0 0 0 0 1 20.3908
0 0 0 0 1 20.2623
0 0 0 0 1 20.4378
0 0 0 0 1 20.31
0 0 0 0 1 20.4865
0 0 0 0 1 20.5013
0 0 0 0 1 20.4962
0 0 0 0 1 20.1255
0 0 0 0 1 20.5056
0 0 0 0 1 20.4016
0 0 0 0 1 20.5812
0 0 0 0 0 20.5168
0 0 0 0 1 35.0351
0 0 0 0 1 34.0826
0 0 0 0 1 33.7044
0 0 0 0 1 32.5637
0 0 0 0 1 32.4607
0 0 0 0 0 31.3471
0 0 0 0 1 31.2405
0 0 0 0 1 30.0428
0 0 0 0 0 29.5134
0 0 0 0 0 29.5413
0 0 0 0 1 29.0503
0 0 0 0 0 28.2861
0 0 0 0 1 27.9118
0 0 0 0 1 27.4445
0 0 0 0 1 26.9068
0 0 0 0 0 26.3557
0 0 0 0 1 25.9674
0 0 0 0 0 25.7834
0 0 0 0 1 25.2755
0 0 0 0 0 25.0542
0 0 0 0 1 24.539
0 0 0 0 1 24.342
0 0 0 0 1 23.6847
0 0 0 0 1 23.3976
0 0 0 0 1 23.2481
0 0 0 0 0 22.5666
0 0 0 0 0 22.6367
0 0 0 0 1 22.0417
0 0 0 0 0 22.0108
0 0 0 0 1 21.7457
0 0 0 0 1 21.3512
0 0 0 0 1 20.887
0 0 0 0 0 20.6869
0 0 0 0 0 20.3606
0 0 0 0 1 20.1289
0 0 0 0 0 19.8462
0 0 0 0 1 19.7128
0 0 0 0 1 19.3817
0 0 0 0 0 19.2948
0 0 0 0 0 18.9947
0 0 0 0 1 18.8383
0 0 0 0 0 18.8027
0 0 0 0 1 18.5231
0 0 0 0 1 18.4285
0 0 0 0 1 17.9429
0 0 0 0 1 17.7683
0 0 0 0 1 17.6212
0 0 0 0 1 17.3984
0 0 0 0 1 17.3298
0 0 0 0 1 17.1905
0 0 0 0 1 17.085
0 0 0 0 0 17.0121
0 0 0 0 1 16.839
0 0 0 0 1 16.6407
0 0 0 0 0 16.5346
0 0 0 0 0 16.1191
0 0 0 0 1 16.24
0 0 0 0 1 15.8708
0 0 0 0 1 15.9327
0 0 0 0 1 15.5369
0 0 0 0 1 15.3789
0 0 0 0 1 15.4701
0 0 0 0 1 15.2805
0 0 0 0 1 15.2159
0 0 0 0 1 15.1415
0 0 0 0 1 14.772
0 0 0 0 0 14.6193
0 0 0 0 1 14.6779
0 0 0 0 0 14.3829
0 0 0 0 1 14.5055
0 0 0 0 1 14.1763
0 0 0 0 1 14.0294
0 0 0 0 1 14.1361
0 0 0 0 1 13.8408
0 0 0 0 1 13.8257
0 0 0 0 0 13.6806
0 0 0 0 1 13.6269
0 0 0 0 1 13.5235
0 0 0 0 1 13.429
0 0 0 0 1 13.3395
0 0 0 0 1 13.1924
0 0 0 0 1 13.1779
0 0 0 0 1 13.0187
0 0 0 0 1 13.0165
0 0 0 0 1 12.8199
0 0 0 0 1 12.6975
0 0 0 0 1 12.8216
0 0 0 0 1 12.6106
0 0 0 0 1 12.5896
0 0 0 0 0 12.4061
0 0 0 0 1 12.3355
0 0 0 0 1 12.347
0 0 0 0 1 12.2028
0 0 0 0 0 12.0557
0 0 0 0 0 11.958
0 0 0 0 0 12.0887
0 0 0 0 1 11.8237
0 0 0 0 1 11.8101
0 0 0 0 1 11.7018
0 0 0 0 1 11.7697
0 0 0 0 0 11.7314
0 0 0 0 1 11.5045
0 0 0 0 1 11.4406
0 0 0 0 1 11.4146
0 0 0 0 0 11.3395
0 0 0 0 1 11.3019
0 0 0 0 1 11.2464
0 0 0 0 1 11.2502
0 0 0 0 1 11.1645
0 0 0 0 1 10.9358
0 0 0 0 0 10.9398
0 0 0 0 1 11.0385
0 0 0 0 1 10.8857
0 0 0 0 0 10.9133
0 0 0 0 1 10.6438
0 0 0 0 1 10.6366
0 0 0 0 1 10.6687
0 0 0 0 1 10.6153
0 0 0 0 1 10.6254
0 0 0 0 1 10.4355
0 0 0 0 1 10.5398
0 0 0 0 1 10.3724
0 0 0 0 1 10.2995
0 0 0 0 1 10.2858
0 0 0 0 1 10.3159
0 0 0 0 1 10.2128
0 0 0 0 1 10.1713
0 0 0 0 1 10.1978
0 0 0 0 1 9.98265
0 0 0 0 0 10.0721
0 0 0 0 0 10.0283
0 0 0 0 1 9.83602
0 0 0 0 1 9.84261
0 0 0 0 1 9.75065
0 0 0 0 1 9.73051
0 0 0 0 1 9.68818
0 0 0 0 1 9.60725
0 0 0 0 1 9.74884
0 0 0 0 1 9.55961
0 0 0 0 1 9.50846
0 0 0 0 1 9.61013
0 0 0 0 0 9.40699
0 0 0 0 1 9.41075
0 0 0 0 1 9.44522
0 0 0 0 1 9.36673
0 0 0 0 1 9.2981
0 0 0 0 1 9.25521
0 0 0 0 1 9.35406
0 0 0 0 1 9.15423
0 0 0 0 1 9.12124
0 0 0 0 1 9.20752
0 0 0 0 1 9.11308
0 0 0 0 1 9.05309
0 0 0 0 1 9.04779
0 0 0 0 1 9.00636
0 0 0 0 1 9.0281
0 0 0 0 0 8.89094
0 0 0 0 1 9.002
0 0 0 0 1 8.81884
0 0 0 0 0 8.88495
0 0 0 0 1 8.91523
0 0 0 0 1 8.80452
0 0 0 0 1 8.8498
0 0 0 0 0 8.75124
0 0 0 0 1 8.78757
0 0 0 0 1 8.66994
0 0 0 0 1 8.58507
0 0 0 0 1 8.54909
0 0 0 0 1 8.61119
0 0 0 0 1 8.60696
0 0 0 0 1 8.58308
0 0 0 0 1 8.59595
0 0 0 0 1 8.55784
0 0 0 0 0 8.52584
0 0 0 0 1 8.50506
0 0 0 0 0 8.43977
0 0 0 0 1 8.32725
0 0 0 0 1 8.31299
0 0 0 0 1 8.39879
0 0 0 0 1 8.35385
0 0 0 0 1 8.33139
0 0 0 0 1 8.22095
0 0 0 0 1 8.20724
0 0 0 0 1 8.25109
0 0 0 0 0 8.26469
0 0 0 0 1 8.1368
0 0 0 0 1 8.09913
0 0 0 0 1 8.10229
0 0 0 0 1 8.16214
0 0 0 0 1 8.04444
0 0 0 0 1 8.05594
0 0 0 0 1 8.08351
0 0 0 0 1 8.09493
0 0 0 0 1 8.01031
0 0 0 0 1 7.93415
0 0 0 0 1 7.941
0 0 0 0 1 8.02137
0 0 0 0 1 7.85876
0 0 0 0 1 7.94988
0 0 0 0 1 7.93814
0 0 0 0 1 7.82428
0 0 0 0 1 7.78949
0 0 0 0 1 7.80971
0 0 0 0 1 7.87673
0 0 0 0 1 7.76904
0 0 0 0 1 7.73494
0 0 0 0 1 7.81279
0 0 0 0 1 7.65972
0 0 0 0 1 7.773
0 0 0 0 1 7.72861
0 0 0 0 1 7.75685
0 0 0 0 1 7.60865
0 0 0 0 1 7.67984
0 0 0 0 1 7.7159
0 0 0 0 1 7.69092
0 0 0 0 1 7.57149
0 0 0 0 1 7.66857
0 0 0 0 1 7.53804
0 0 0 0 1 7.49543
0 0 0 0 0 7.47916
0 0 0 0 0 7.57603
0 0 0 0 1 7.4812
0 0 0 0 0 7.48786
0 0 0 0 1 7.52456
0 0 0 0 1 7.41563
0 0 0 0 1 7.42271
0 0 0 0 0 7.51921
0 0 0 0 1 7.40746
0 0 0 0 0 7.39255
0 0 0 0 1 7.38524
0 0 0 0 0 7.41869
0 0 0 0 1 7.4411
0 0 0 0 1 7.34184
0 0 0 0 1 7.40488
0 0 0 0 1 7.31735
0 0 0 0 1 7.28162
0 0 0 0 1 7.37009
0 0 0 0 0 7.28338
0 0 0 0 1 7.34312
0 0 0 0 1 7.32593
0 0 0 0 1 7.34526
0 0 0 0 1 7.25966
0 0 0 0 1 7.30099
0 0 0 0 1 7.26982
0 0 0 0 1 7.21405
0 0 0 0 1 7.16884
