0 0 0 0 1 5.24417
0 0 0 0 1 5.2555
0 0 0 0 1 5.26481
0 0 0 0 1 5.20843
0 0 0 0 1 5.20743
0 0 0 0 1 5.22429
0 0 0 0 0 5.25699
0 0 0 0 1 5.23007
0 0 0 0 1 5.22616
0 0 0 0 1 5.23811
0 0 0 0 1 5.29049
0 0 0 0 1 5.26384
0 0 0 0 1 5.2655
0 0 0 0 1 5.35208
0 0 0 0 1 5.32567
0 0 0 0 1 5.30098
0 0 0 0 1 5.35988
0 0 0 0 1 5.38332
0 0 0 0 1 5.35715
0 0 0 0 0 5.41293
0 0 0 0 0 5.33855
0 0 0 0 0 5.38385
0 0 0 0 0 5.38476
0 0 0 0 0 5.37495
0 0 0 0 0 5.44779
0 0 0 0 1 5.41252
0 0 0 0 1 5.41378
0 0 0 0 1 5.38793
0 0 0 0 1 5.4384
0 0 0 0 1 5.44673
0 0 0 0 1 5.50314
0 0 0 0 0 5.53245
0 0 0 0 1 5.53012
0 0 0 0 0 5.53882
0 0 0 0 1 5.5244
0 0 0 0 0 5.57082
0 0 0 0 1 5.58981
0 0 0 0 1 5.52665
0 0 0 0 0 5.59026
0 0 0 0 1 5.60401
0 0 0 0 1 5.59648
0 0 0 0 1 5.55995
0 0 0 0 1 5.62444
0 0 0 0 1 5.59919
0 0 0 0 1 5.62556
0 0 0 0 0 5.66817
0 0 0 0 1 5.64214
0 0 0 0 1 5.62909
0 0 0 0 1 5.73488
0 0 0 0 0 5.70409
0 0 0 0 1 5.72476
0 0 0 0 1 5.70609
0 0 0 0 0 5.74349
0 0 0 0 1 5.81652
0 0 0 0 1 5.83785
0 0 0 0 1 5.80767
0 0 0 0 1 5.77095
0 0 0 0 1 5.89688
0 0 0 0 1 5.80228
0 0 0 0 1 5.91194
0 0 0 0 1 5.93356
0 0 0 0 1 5.94444
0 0 0 0 1 5.9372
0 0 0 0 1 5.94135
0 0 0 0 1 5.89838
0 0 0 0 1 5.99246
0 0 0 0 1 5.9554
0 0 0 0 1 6.06187
0 0 0 0 0 5.98902
0 0 0 0 1 6.05395
0 0 0 0 1 6.10752
0 0 0 0 1 6.05809
0 0 0 0 1 6.13636
0 0 0 0 1 6.12926
0 0 0 0 0 6.11037
0 0 0 0 1 6.16464
0 0 0 0 1 6.20079
0 0 0 0 1 6.21277
0 0 0 0 1 6.23066
0 0 0 0 1 6.2736
0 0 0 0 0 6.21063
0 0 0 0 1 6.24137
0 0 0 0 1 6.34768
0 0 0 0 1 6.2653
0 0 0 0 1 6.32165
0 0 0 0 1 6.30201
0 0 0 0 1 6.3909
0 0 0 0 1 6.429
0 0 0 0 1 6.48023
0 0 0 0 0 6.51243
0 0 0 0 1 6.53185
0 0 0 0 1 6.51885
0 0 0 0 1 6.5057
0 0 0 0 1 6.55789
0 0 0 0 1 6.58412
0 0 0 0 0 6.57749
0 0 0 0 0 6.58394
0 0 0 0 0 6.7168
0 0 0 0 1 6.68369
0 0 0 0 1 6.74408
0 0 0 0 1 6.71064
0 0 0 0 1 6.72415
0 0 0 0 0 6.81231
0 0 0 0 1 6.86021
0 0 0 0 0 6.80581
0 0 0 0 1 6.83327
0 0 0 0 1 6.85397
0 0 0 0 1 6.96472
0 0 0 0 1 6.90945
0 0 0 0 1 7.03518
0 0 0 0 1 7.07062
0 0 0 0 0 6.97944
0 0 0 0 1 7.09966
0 0 0 0 0 7.18532
0 0 0 0 1 7.1572
0 0 0 0 1 7.22923
0 0 0 0 1 7.28003
0 0 0 0 1 7.27329
0 0 0 0 1 7.30988
0 0 0 0 0 7.34671
0 0 0 0 0 7.29556
0 0 0 0 1 7.42079
0 0 0 0 1 7.47292
0 0 0 0 1 7.3987
0 0 0 0 1 7.49573
0 0 0 0 1 7.5634
0 0 0 0 1 7.55588
0 0 0 0 0 7.56326
0 0 0 0 1 7.56283
0 0 0 0 0 7.72338
0 0 0 0 1 7.65382
0 0 0 0 0 7.8237
0 0 0 0 1 7.75333
0 0 0 0 1 7.83868
0 0 0 0 1 7.86956
0 0 0 0 1 7.88448
0 0 0 0 1 7.93129
0 0 0 0 0 7.9701
0 0 0 0 0 8.0092
0 0 0 0 1 8.12923
0 0 0 0 1 8.128
0 0 0 0 1 8.16761
0 0 0 0 1 8.281
0 0 0 0 1 8.22171
0 0 0 0 1 8.39427
0 0 0 0 1 8.38413
0 0 0 0 1 8.43256
0 0 0 0 1 8.46375
0 0 0 0 0 8.58072
0 0 0 0 1 8.5181
0 0 0 0 1 8.62677
0 0 0 0 1 8.73677
0 0 0 0 1 8.71632
0 0 0 0 1 8.76445
0 0 0 0 1 8.89362
0 0 0 0 1 8.84481
0 0 0 0 1 8.92881
0 0 0 0 1 9.09547
0 0 0 0 1 9.14529
0 0 0 0 1 9.17681
0 0 0 0 1 9.20732
0 0 0 0 1 9.38709
0 0 0 0 1 9.26828
0 0 0 0 1 9.47787
0 0 0 0 1 9.45999
0 0 0 0 1 9.5376
0 0 0 0 1 9.53844
0 0 0 0 1 9.68406
0 0 0 0 0 9.76254
0 0 0 0 1 9.75146
0 0 0 0 1 10.0084
0 0 0 0 1 9.94721
0 0 0 0 1 10.1258
0 0 0 0 1 10.2148
0 0 0 0 1 10.1609
0 0 0 0 1 10.3732
0 0 0 0 1 10.2864
0 0 0 0 1 10.5307
0 0 0 0 1 10.5365
0 0 0 0 1 10.6993
0 0 0 0 1 10.6487
0 0 0 0 1 10.8215
0 0 0 0 1 10.823
0 0 0 0 1 10.9202
0 0 0 0 1 11.0844
0 0 0 0 1 11.306
0 0 0 0 1 11.4282
0 0 0 0 0 11.4939
0 0 0 0 1 11.4877
0 0 0 0 1 11.6655
0 0 0 0 1 11.7068
0 0 0 0 0 11.9311
0 0 0 0 1 12.017
0 0 0 0 1 12.0515
0 0 0 0 1 12.1211
0 0 0 0 1 12.3378
0 0 0 0 1 12.4166
0 0 0 0 1 12.6613
0 0 0 0 1 12.8037
0 0 0 0 0 12.7031
0 0 0 0 1 13.0606
0 0 0 0 1 13.1873
0 0 0 0 1 13.3669
0 0 0 0 1 13.3697
0 0 0 0 0 13.5453
0 0 0 0 1 13.7492
0 0 0 0 1 13.7286
0 0 0 0 0 14.0682
0 0 0 0 1 14.2281
0 0 0 0 0 14.369
0 0 0 0 1 14.4226
0 0 0 0 1 14.5416
0 0 0 0 1 14.9215
0 0 0 0 1 14.9812
0 0 0 0 1 15.1541
0 0 0 0 0 15.2901
0 0 0 0 1 15.7686
0 0 0 0 0 15.9855
0 0 0 0 1 16.1903
0 0 0 0 1 16.1021
0 0 0 0 1 16.3356
0 0 0 0 1 16.6055
0 0 0 0 1 17.1141
0 0 0 0 1 14.6121
0 0 0 0 1 14.519
0 0 0 0 1 14.7504
0 0 0 0 0 14.7016
0 0 0 0 1 14.4202
0 0 0 0 1 14.5933
0 0 0 0 1 14.3858
0 0 0 0 0 14.6316
0 0 0 0 1 14.5845
0 0 0 0 1 14.4943
0 0 0 0 1 14.436
0 0 0 0 1 14.5948
0 0 0 0 0 14.3036
0 0 0 0 1 14.4026
0 0 0 0 1 14.504
0 0 0 0 0 14.3751
0 0 0 0 0 14.4602
0 0 0 0 1 14.2316
0 0 0 0 1 14.4032
0 0 0 0 0 14.2329
0 0 0 0 1 14.4211
0 0 0 0 0 14.2352
0 0 0 0 0 14.2091
0 0 0 0 1 14.31
0 0 0 0 0 14.2986
0 0 0 0 1 14.2876
0 0 0 0 1 14.2055
0 0 0 0 0 14.1505
0 0 0 0 1 14.2683
0 0 0 0 1 14.3435
0 0 0 0 0 14.261
0 0 0 0 1 14.2425
0 0 0 0 1 14.8953
0 0 0 0 1 15.3343
0 0 0 0 0 15.5899
0 0 0 0 1 16.2183
0 0 0 0 1 16.7193
0 0 0 0 0 17.1733
0 0 0 0 1 17.6603
0 0 0 0 1 40.257
0 0 0 0 0 41.9519
0 0 0 0 0 44.1321
0 0 0 0 1 45.1113
0 0 0 0 0 47.0309
0 0 0 0 1 49.9145
0 0 0 0 0 41.9983
0 0 0 0 1 42.3621
0 0 0 0 1 42.3451
0 0 0 0 1 41.865
0 0 0 0 1 42.2721
0 0 0 0 1 41.8785
0 0 0 0 1 42.5824
0 0 0 0 1 42.3591
0 0 0 0 1 42.0518
0 0 0 0 0 41.9148
0 0 0 0 1 41.8207
0 0 0 0 0 45.4784
0 0 0 0 0 5.03004
0 0 0 0 0 4.99998
0 0 0 0 0 5.03004
0 0 0 0 0 5.02002
0 0 0 0 1 35.2467
0 0 0 0 1 35.3842
0 0 0 0 1 35.0638
0 0 0 0 0 35.0261
0 0 0 0 1 35.6241
0 0 0 0 1 35.623
0 0 0 0 0 35.5169
0 0 0 0 0 35.094
0 0 0 0 1 35.483
0 0 0 0 1 35.0614
0 0 0 0 1 35.0283
0 0 0 0 1 35.4901
0 0 0 0 0 35.0703
0 0 0 0 0 4.99497
0 0 0 0 0 5.05008
0 0 0 0 0 4.96992
0 0 0 0 0 5.02503
0 0 0 0 0 5.04006
0 0 0 0 0 5.03004
0 0 0 0 0 4.96491
0 0 0 0 0 4.96992
0 0 0 0 0 5.04507
0 0 0 0 1 94.9592
0 0 0 0 1 89.517
0 0 0 0 1 84.7353
0 0 0 0 0 81.4535
0 0 0 0 1 23.5014
0 0 0 0 1 21.9637
0 0 0 0 1 21.2211
0 0 0 0 1 20.1206
0 0 0 0 1 20.0493
0 0 0 0 0 19.9985
0 0 0 0 1 20.23
0 0 0 0 1 20.3614
0 0 0 0 1 20.3307
0 0 0 0 0 20.0392
0 0 0 0 1 20.0709
0 0 0 0 1 20.1029
0 0 0 0 1 20.3982
0 0 0 0 1 20.2087
0 0 0 0 1 20.1004
0 0 0 0 1 20.053
0 0 0 0 0 20.4316
0 0 0 0 1 20.1214
0 0 0 0 1 20.4607
0 0 0 0 1 20.3743
0 0 0 0 1 20.5321
0 0 0 0 1 20.526
0 0 0 0 1 20.5034
0 0 0 0 1 20.2348
0 0 0 0 0 20.3536
0 0 0 0 1 35.1049
0 0 0 0 0 33.8433
0 0 0 0 1 33.5705
0 0 0 0 1 32.7278
0 0 0 0 1 32.0103
0 0 0 0 1 31.3155
0 0 0 0 1 30.6529
0 0 0 0 1 30.3159
0 0 0 0 1 29.9899
0 0 0 0 1 29.19
0 0 0 0 1 28.6764
0 0 0 0 1 28.3991
0 0 0 0 1 27.7174
0 0 0 0 1 27.0895
0 0 0 0 1 26.6383
0 0 0 0 1 26.2236
0 0 0 0 0 25.8634
0 0 0 0 1 25.7322
0 0 0 0 1 25.4269
0 0 0 0 1 24.9548
0 0 0 0 1 24.4901
0 0 0 0 1 24.3179
0 0 0 0 1 23.7085
0 0 0 0 1 23.3508
0 0 0 0 1 23.2712
0 0 0 0 1 22.931
0 0 0 0 1 22.5693
0 0 0 0 0 21.9752
0 0 0 0 1 21.9889
0 0 0 0 1 21.7241
0 0 0 0 1 21.2872
0 0 0 0 1 20.8659
0 0 0 0 1 20.9156
0 0 0 0 1 20.6688
0 0 0 0 1 20.1897
0 0 0 0 1 20.187
0 0 0 0 1 19.9902
0 0 0 0 0 19.5579
0 0 0 0 0 19.2948
0 0 0 0 1 19.0712
0 0 0 0 1 18.8573
0 0 0 0 1 18.6156
0 0 0 0 0 18.5601
0 0 0 0 0 18.3187
0 0 0 0 1 18.2325
0 0 0 0 1 18.0549
0 0 0 0 1 17.7809
0 0 0 0 1 17.5215
0 0 0 0 1 17.2254
0 0 0 0 1 17.0872
0 0 0 0 1 16.9486
0 0 0 0 1 16.9783
0 0 0 0 1 16.8222
0 0 0 0 1 16.7235
0 0 0 0 1 16.551
0 0 0 0 1 16.0866
0 0 0 0 1 16.1756
0 0 0 0 1 16.0462
0 0 0 0 0 15.7746
0 0 0 0 0 15.6936
0 0 0 0 0 15.6582
0 0 0 0 1 15.3161
0 0 0 0 1 15.189
0 0 0 0 1 15.1403
0 0 0 0 1 15.1115
0 0 0 0 1 14.772
0 0 0 0 0 14.6045
0 0 0 0 0 14.4732
0 0 0 0 1 14.5716
0 0 0 0 1 14.5343
0 0 0 0 1 14.3619
0 0 0 0 1 14.1853
0 0 0 0 1 14.1502
0 0 0 0 1 13.9944
0 0 0 0 1 13.7703
0 0 0 0 0 13.7906
0 0 0 0 1 13.6269
0 0 0 0 0 13.6319
0 0 0 0 0 13.3617
0 0 0 0 1 13.433
0 0 0 0 1 13.2189
0 0 0 0 1 13.191
0 0 0 0 1 13.1233
0 0 0 0 1 13.1073
0 0 0 0 1 12.8199
0 0 0 0 1 12.8639
0 0 0 0 0 12.5801
0 0 0 0 1 12.5601
0 0 0 0 1 12.4642
0 0 0 0 1 12.3562
0 0 0 0 1 12.2489
0 0 0 0 1 12.3224
0 0 0 0 1 12.3372
0 0 0 0 1 12.1286
0 0 0 0 1 12.1028
0 0 0 0 1 12.0407
0 0 0 0 1 11.8595
0 0 0 0 0 11.8101
0 0 0 0 1 11.8549
0 0 0 0 0 11.7463
0 0 0 0 1 11.5919
0 0 0 0 1 11.5739
0 0 0 0 1 11.613
0 0 0 0 1 11.4831
0 0 0 0 1 11.2713
0 0 0 0 1 11.3584
0 0 0 0 1 11.3138
0 0 0 0 0 11.2725
0 0 0 0 1 11.0868
0 0 0 0 1 11.0904
0 0 0 0 1 11.0057
0 0 0 0 1 10.8417
0 0 0 0 0 10.9618
0 0 0 0 1 10.8484
0 0 0 0 1 10.8265
0 0 0 0 1 10.6795
0 0 0 0 1 10.754
0 0 0 0 1 10.7001
0 0 0 0 1 10.541
0 0 0 0 1 10.488
0 0 0 0 1 10.5293
0 0 0 0 1 10.4867
0 0 0 0 0 10.2581
0 0 0 0 1 10.3682
0 0 0 0 0 10.1622
0 0 0 0 1 10.1822
0 0 0 0 0 10.1104
0 0 0 0 1 10.0868
0 0 0 0 0 10.0731
0 0 0 0 1 10.0721
0 0 0 0 1 9.96859
0 0 0 0 1 9.955
0 0 0 0 0 9.85248
0 0 0 0 1 9.87843
0 0 0 0 1 9.71096
0 0 0 0 1 9.80502
0 0 0 0 1 9.70419
0 0 0 0 1 9.72954
0 0 0 0 1 9.55961
0 0 0 0 1 9.49889
0 0 0 0 1 9.44805
0 0 0 0 1 9.48293
0 0 0 0 1 9.47695
0 0 0 0 1 9.42639
0 0 0 0 1 9.40423
0 0 0 0 1 9.39146
0 0 0 0 1 9.32963
0 0 0 0 1 9.24292
0 0 0 0 1 9.26496
0 0 0 0 1 9.204
0 0 0 0 1 9.21668
0 0 0 0 0 9.16781
0 0 0 0 0 9.01673
0 0 0 0 0 9.03873
0 0 0 0 1 8.97026
0 0 0 0 1 9.05508
0 0 0 0 1 9.0342
0 0 0 0 1 8.94847
0 0 0 0 1 8.80106
0 0 0 0 1 8.90267
0 0 0 0 1 8.80048
0 0 0 0 1 8.74295
0 0 0 0 1 8.70069
0 0 0 0 1 8.75124
0 0 0 0 0 8.6221
0 0 0 0 1 8.69598
0 0 0 0 1 8.67161
0 0 0 0 1 8.64389
0 0 0 0 1 8.57682
0 0 0 0 0 8.60696
0 0 0 0 1 8.54892
0 0 0 0 0 8.44276
0 0 0 0 1 8.43062
0 0 0 0 0 8.54276
0 0 0 0 1 8.3449
0 0 0 0 1 8.3473
0 0 0 0 1 8.45292
0 0 0 0 1 8.40489
0 0 0 0 0 8.3238
0 0 0 0 1 8.37046
0 0 0 0 1 8.29826
0 0 0 0 1 8.30349
0 0 0 0 1 8.18255
0 0 0 0 0 8.20183
0 0 0 0 1 8.19923
0 0 0 0 1 8.24289
0 0 0 0 1 8.21309
0 0 0 0 0 8.19971
0 0 0 0 0 8.12975
0 0 0 0 0 8.06869
0 0 0 0 1 8.14465
0 0 0 0 1 8.03525
0 0 0 0 1 8.10296
0 0 0 0 1 8.08234
0 0 0 0 1 8.0459
0 0 0 0 1 7.91713
0 0 0 0 1 7.97372
0 0 0 0 1 7.85876
0 0 0 0 1 7.97359
0 0 0 0 1 7.85931
0 0 0 0 1 7.93437
0 0 0 0 1 7.88362
0 0 0 0 1 7.85666
0 0 0 0 0 7.77525
0 0 0 0 1 7.84696
0 0 0 0 1 7.75826
0 0 0 0 1 7.82054
0 0 0 0 1 7.77577
0 0 0 0 1 7.76528
0 0 0 0 1 7.78255
0 0 0 0 1 7.61079
0 0 0 0 1 7.647
0 0 0 0 1 7.61093
0 0 0 0 1 7.67007
0 0 0 0 1 7.68329
0 0 0 0 1 7.61714
0 0 0 0 1 7.61542
0 0 0 0 0 7.59865
0 0 0 0 0 7.54837
0 0 0 0 1 7.61501
0 0 0 0 1 7.52332
0 0 0 0 1 7.49623
0 0 0 0 1 7.54788
0 0 0 0 1 7.45717
0 0 0 0 1 7.43058
0 0 0 0 1 7.39287
0 0 0 0 1 7.42243
0 0 0 0 1 7.51158
0 0 0 0 1 7.34802
0 0 0 0 1 7.38524
0 0 0 0 1 7.41129
0 0 0 0 1 7.43372
0 0 0 0 0 7.34922
0 0 0 0 1 7.37544
0 0 0 0 1 7.3247
0 0 0 0 1 7.26696
0 0 0 0 1 7.26752
0 0 0 0 1 7.37113
0 0 0 0 1 7.27743
0 0 0 0 1 7.34779
0 0 0 0 0 7.23606
0 0 0 0 0 7.29599
0 0 0 0 1 7.28647
0 0 0 0 0 7.21184
0 0 0 0 1 7.17787
0 0 0 0 1 7.19775
